-15  0
-14.99  0
-14.98  0.01
-14.97  0.01
-14.96  0.01
-14.95  0.01
-14.94  0.02
-14.93  0.02
-14.92  0.04
-14.91  0.02
-14.9  0.03
-14.89  0.05
-14.88  0.04
-14.87  0.05
-14.86  0.07
-14.85  0.06
-14.84  0.07
-14.83  0.07
-14.82  0.09
-14.81  0.11
-14.8  0.12
-14.79  0.13
-14.78  0.14
-14.77  0.16
-14.76  0.21
-14.75  0.23
-14.74  0.27
-14.73  0.32
-14.72  0.39
-14.71  0.48
-14.7  0.62
-14.69  0.82
-14.68  1.13
-14.67  1.64
-14.66  2.59
-14.65  4.66
-14.64  9.95
-14.63  22.32
-14.62  24.11
-14.61  11.22
-14.6  5.13
-14.59  2.79
-14.58  1.75
-14.57  1.21
-14.56  0.87
-14.55  0.65
-14.54  0.52
-14.53  0.42
-14.52  0.36
-14.51  0.29
-14.5  0.27
-14.49  0.23
-14.48  0.21
-14.47  0.17
-14.46  0.19
-14.45  0.15
-14.44  0.13
-14.43  0.14
-14.42  0.11
-14.41  0.14
-14.4  0.14
-14.39  0.11
-14.38  0.11
-14.37  0.1
-14.36  0.1
-14.35  0.12
-14.34  0.09
-14.33  0.13
-14.32  0.1
-14.31  0.1
-14.3  0.1
-14.29  0.12
-14.28  0.11
-14.27  0.1
-14.26  0.13
-14.25  0.11
-14.24  0.11
-14.23  0.13
-14.22  0.11
-14.21  0.14
-14.2  0.14
-14.19  0.14
-14.18  0.15
-14.17  0.16
-14.16  0.18
-14.15  0.14
-14.14  0.18
-14.13  0.18
-14.12  0.22
-14.11  0.21
-14.1  0.22
-14.09  0.25
-14.08  0.26
-14.07  0.3
-14.06  0.33
-14.05  0.33
-14.04  0.37
-14.03  0.4
-14.02  0.47
-14.01  0.52
-14  0.59
-13.99  0.68
-13.98  0.77
-13.97  0.89
-13.96  1.07
-13.95  1.31
-13.94  1.59
-13.93  1.96
-13.92  2.54
-13.91  3.29
-13.9  4.39
-13.89  5.92
-13.88  7.66
-13.87  9.07
-13.86  9.44
-13.85  8.25
-13.84  6.41
-13.83  4.9
-13.82  3.61
-13.81  2.74
-13.8  2.16
-13.79  1.72
-13.78  1.38
-13.77  1.17
-13.76  0.97
-13.75  0.83
-13.74  0.71
-13.73  0.67
-13.72  0.57
-13.71  0.52
-13.7  0.47
-13.69  0.42
-13.68  0.39
-13.67  0.36
-13.66  0.35
-13.65  0.32
-13.64  0.3
-13.63  0.28
-13.62  0.28
-13.61  0.29
-13.6  0.26
-13.59  0.26
-13.58  0.24
-13.57  0.24
-13.56  0.22
-13.55  0.24
-13.54  0.25
-13.53  0.22
-13.52  0.21
-13.51  0.25
-13.5  0.24
-13.49  0.23
-13.48  0.23
-13.47  0.24
-13.46  0.26
-13.45  0.26
-13.44  0.24
-13.43  0.28
-13.42  0.26
-13.41  0.27
-13.4  0.3
-13.39  0.29
-13.38  0.33
-13.37  0.34
-13.36  0.35
-13.35  0.36
-13.34  0.41
-13.33  0.39
-13.32  0.46
-13.31  0.47
-13.3  0.53
-13.29  0.55
-13.28  0.59
-13.27  0.65
-13.26  0.73
-13.25  0.8
-13.24  0.88
-13.23  1.04
-13.22  1.16
-13.21  1.29
-13.2  1.49
-13.19  1.78
-13.18  2.03
-13.17  2.38
-13.16  2.88
-13.15  3.38
-13.14  4.04
-13.13  4.68
-13.12  5.26
-13.11  5.68
-13.1  5.76
-13.09  5.53
-13.08  4.98
-13.07  4.37
-13.06  3.7
-13.05  3.13
-13.04  2.67
-13.03  2.24
-13.02  1.91
-13.01  1.62
-13  1.38
-12.99  1.28
-12.98  1.09
-12.97  1
-12.96  0.87
-12.95  0.8
-12.94  0.72
-12.93  0.67
-12.92  0.63
-12.91  0.58
-12.9  0.55
-12.89  0.49
-12.88  0.47
-12.87  0.44
-12.86  0.46
-12.85  0.43
-12.84  0.42
-12.83  0.38
-12.82  0.38
-12.81  0.37
-12.8  0.37
-12.79  0.36
-12.78  0.33
-12.77  0.36
-12.76  0.37
-12.75  0.33
-12.74  0.37
-12.73  0.35
-12.72  0.33
-12.71  0.37
-12.7  0.35
-12.69  0.36
-12.68  0.36
-12.67  0.4
-12.66  0.39
-12.65  0.39
-12.64  0.44
-12.63  0.44
-12.62  0.42
-12.61  0.49
-12.6  0.48
-12.59  0.5
-12.58  0.54
-12.57  0.57
-12.56  0.61
-12.55  0.63
-12.54  0.65
-12.53  0.74
-12.52  0.81
-12.51  0.86
-12.5  0.92
-12.49  1
-12.48  1.15
-12.47  1.23
-12.46  1.4
-12.45  1.52
-12.44  1.65
-12.43  1.94
-12.42  2.14
-12.41  2.45
-12.4  2.73
-12.39  3.12
-12.38  3.42
-12.37  3.67
-12.36  4.04
-12.35  4.09
-12.34  4.25
-12.33  4.06
-12.32  3.97
-12.31  3.66
-12.3  3.26
-12.29  3.03
-12.28  2.63
-12.27  2.37
-12.26  2.1
-12.25  1.88
-12.24  1.68
-12.23  1.49
-12.22  1.35
-12.21  1.19
-12.2  1.11
-12.19  1.02
-12.18  0.96
-12.17  0.88
-12.16  0.81
-12.15  0.79
-12.14  0.68
-12.13  0.67
-12.12  0.64
-12.11  0.62
-12.1  0.61
-12.09  0.55
-12.08  0.51
-12.07  0.54
-12.06  0.51
-12.05  0.5
-12.04  0.47
-12.03  0.5
-12.02  0.45
-12.01  0.46
-12  0.46
-11.99  0.49
-11.98  0.46
-11.97  0.46
-11.96  0.47
-11.95  0.46
-11.94  0.47
-11.93  0.46
-11.92  0.48
-11.91  0.49
-11.9  0.49
-11.89  0.53
-11.88  0.55
-11.87  0.52
-11.86  0.57
-11.85  0.59
-11.84  0.6
-11.83  0.65
-11.82  0.66
-11.81  0.7
-11.8  0.73
-11.79  0.82
-11.78  0.78
-11.77  0.85
-11.76  0.94
-11.75  1
-11.74  1.1
-11.73  1.16
-11.72  1.27
-11.71  1.35
-11.7  1.5
-11.69  1.58
-11.68  1.82
-11.67  1.95
-11.66  2.12
-11.65  2.31
-11.64  2.49
-11.63  2.77
-11.62  2.88
-11.61  3.11
-11.6  3.21
-11.59  3.26
-11.58  3.41
-11.57  3.3
-11.56  3.19
-11.55  3.03
-11.54  2.99
-11.53  2.68
-11.52  2.49
-11.51  2.29
-11.5  2.08
-11.49  2.02
-11.48  1.81
-11.47  1.59
-11.46  1.47
-11.45  1.41
-11.44  1.25
-11.43  1.16
-11.42  1.11
-11.41  1.05
-11.4  0.97
-11.39  0.91
-11.38  0.84
-11.37  0.83
-11.36  0.79
-11.35  0.73
-11.34  0.7
-11.33  0.69
-11.32  0.66
-11.31  0.67
-11.3  0.63
-11.29  0.62
-11.28  0.58
-11.27  0.6
-11.26  0.57
-11.25  0.59
-11.24  0.56
-11.23  0.55
-11.22  0.56
-11.21  0.57
-11.2  0.53
-11.19  0.6
-11.18  0.55
-11.17  0.61
-11.16  0.59
-11.15  0.6
-11.14  0.6
-11.13  0.61
-11.12  0.63
-11.11  0.62
-11.1  0.68
-11.09  0.69
-11.08  0.75
-11.07  0.71
-11.06  0.78
-11.05  0.81
-11.04  0.84
-11.03  0.87
-11.02  0.95
-11.01  1.02
-11  1.02
-10.99  1.11
-10.98  1.17
-10.97  1.28
-10.96  1.34
-10.95  1.4
-10.94  1.57
-10.93  1.65
-10.92  1.75
-10.91  1.9
-10.9  2.01
-10.89  2.13
-10.88  2.37
-10.87  2.38
-10.86  2.57
-10.85  2.65
-10.84  2.69
-10.83  2.9
-10.82  2.75
-10.81  2.78
-10.8  2.71
-10.79  2.66
-10.78  2.54
-10.77  2.53
-10.76  2.3
-10.75  2.17
-10.74  2.03
-10.73  1.92
-10.72  1.87
-10.71  1.64
-10.7  1.51
-10.69  1.48
-10.68  1.39
-10.67  1.29
-10.66  1.21
-10.65  1.14
-10.64  1.05
-10.63  1.07
-10.62  0.99
-10.61  0.95
-10.6  0.92
-10.59  0.87
-10.58  0.79
-10.57  0.76
-10.56  0.78
-10.55  0.76
-10.54  0.72
-10.53  0.7
-10.52  0.74
-10.51  0.69
-10.5  0.7
-10.49  0.63
-10.48  0.68
-10.47  0.65
-10.46  0.65
-10.45  0.66
-10.44  0.65
-10.43  0.7
-10.42  0.65
-10.41  0.68
-10.4  0.67
-10.39  0.67
-10.38  0.69
-10.37  0.73
-10.36  0.7
-10.35  0.76
-10.34  0.74
-10.33  0.81
-10.32  0.82
-10.31  0.8
-10.3  0.86
-10.29  0.9
-10.28  0.99
-10.27  0.96
-10.26  1.01
-10.25  1.08
-10.24  1.12
-10.23  1.16
-10.22  1.23
-10.21  1.32
-10.2  1.4
-10.19  1.5
-10.18  1.48
-10.17  1.67
-10.16  1.67
-10.15  1.88
-10.14  1.95
-10.13  1.97
-10.12  2.13
-10.11  2.19
-10.1  2.22
-10.09  2.38
-10.08  2.38
-10.07  2.49
-10.06  2.42
-10.05  2.43
-10.04  2.44
-10.03  2.33
-10.02  2.34
-10.01  2.18
-10  2.15
-9.99  2.09
-9.98  1.94
-9.97  1.81
-9.96  1.81
-9.95  1.65
-9.94  1.65
-9.93  1.49
-9.92  1.39
-9.91  1.38
-9.9  1.28
-9.89  1.25
-9.88  1.14
-9.87  1.1
-9.86  1.1
-9.85  1.03
-9.84  0.99
-9.83  0.97
-9.82  0.93
-9.81  0.89
-9.8  0.86
-9.79  0.8
-9.78  0.86
-9.77  0.79
-9.76  0.82
-9.75  0.77
-9.74  0.74
-9.73  0.79
-9.72  0.73
-9.71  0.77
-9.7  0.75
-9.69  0.73
-9.68  0.76
-9.67  0.77
-9.66  0.77
-9.65  0.71
-9.64  0.78
-9.63  0.79
-9.62  0.76
-9.61  0.77
-9.6  0.83
-9.59  0.79
-9.58  0.84
-9.57  0.87
-9.56  0.9
-9.55  0.95
-9.54  0.92
-9.53  0.98
-9.52  1.02
-9.51  1.02
-9.5  1.08
-9.49  1.12
-9.48  1.21
-9.47  1.22
-9.46  1.33
-9.45  1.3
-9.44  1.38
-9.43  1.47
-9.42  1.58
-9.41  1.56
-9.4  1.71
-9.39  1.7
-9.38  1.8
-9.37  1.96
-9.36  1.94
-9.35  1.97
-9.34  2.14
-9.33  2.14
-9.32  2.04
-9.31  2.23
-9.3  2.21
-9.29  2.11
-9.28  2.27
-9.27  2.13
-9.26  2.05
-9.25  2.13
-9.24  1.96
-9.23  1.89
-9.22  1.89
-9.21  1.78
-9.2  1.69
-9.19  1.74
-9.18  1.56
-9.17  1.47
-9.16  1.49
-9.15  1.38
-9.14  1.32
-9.13  1.31
-9.12  1.21
-9.11  1.16
-9.1  1.2
-9.09  1.06
-9.08  1.1
-9.07  1.05
-9.06  0.99
-9.05  0.92
-9.04  0.99
-9.03  0.91
-9.02  0.9
-9.01  0.92
-9  0.85
-8.99  0.83
-8.98  0.88
-8.97  0.85
-8.96  0.83
-8.95  0.84
-8.94  0.77
-8.93  0.81
-8.92  0.83
-8.91  0.83
-8.9  0.84
-8.89  0.83
-8.88  0.88
-8.87  0.82
-8.86  0.88
-8.85  0.84
-8.84  0.9
-8.83  0.92
-8.82  0.88
-8.81  0.92
-8.8  0.97
-8.79  0.95
-8.78  1.03
-8.77  1.02
-8.76  1.03
-8.75  1.1
-8.74  1.18
-8.73  1.17
-8.72  1.24
-8.71  1.23
-8.7  1.32
-8.69  1.39
-8.68  1.38
-8.67  1.44
-8.66  1.5
-8.65  1.57
-8.64  1.64
-8.63  1.72
-8.62  1.66
-8.61  1.78
-8.6  1.84
-8.59  1.9
-8.58  1.88
-8.57  1.97
-8.56  1.99
-8.55  2.01
-8.54  1.93
-8.53  2.02
-8.52  2.04
-8.51  1.98
-8.5  1.98
-8.49  1.81
-8.48  1.91
-8.47  1.83
-8.46  1.81
-8.45  1.7
-8.44  1.68
-8.43  1.62
-8.42  1.56
-8.41  1.5
-8.4  1.45
-8.39  1.43
-8.38  1.39
-8.37  1.25
-8.36  1.26
-8.35  1.29
-8.34  1.21
-8.33  1.15
-8.32  1.06
-8.31  1.1
-8.3  1.07
-8.29  1.07
-8.28  1
-8.27  1.01
-8.26  1
-8.25  0.94
-8.24  0.93
-8.23  0.92
-8.22  0.95
-8.21  0.91
-8.2  0.9
-8.19  0.91
-8.18  0.89
-8.17  0.88
-8.16  0.89
-8.15  0.86
-8.14  0.87
-8.13  0.95
-8.12  0.9
-8.11  0.9
-8.1  0.91
-8.09  0.92
-8.08  0.95
-8.07  1.01
-8.06  0.97
-8.05  1.02
-8.04  1
-8.03  1.01
-8.02  1.04
-8.01  1.11
-8  1.09
-7.99  1.13
-7.98  1.2
-7.97  1.18
-7.96  1.24
-7.95  1.27
-7.94  1.32
-7.93  1.33
-7.92  1.45
-7.91  1.4
-7.9  1.52
-7.89  1.51
-7.88  1.63
-7.87  1.66
-7.86  1.6
-7.85  1.67
-7.84  1.78
-7.83  1.78
-7.82  1.76
-7.81  1.88
-7.8  1.75
-7.79  1.9
-7.78  1.86
-7.77  1.86
-7.76  1.82
-7.75  1.85
-7.74  1.76
-7.73  1.85
-7.72  1.77
-7.71  1.76
-7.7  1.65
-7.69  1.74
-7.68  1.64
-7.67  1.58
-7.66  1.56
-7.65  1.46
-7.64  1.49
-7.63  1.36
-7.62  1.38
-7.61  1.34
-7.6  1.3
-7.59  1.24
-7.58  1.24
-7.57  1.17
-7.56  1.18
-7.55  1.15
-7.54  1.17
-7.53  1.07
-7.52  1.07
-7.51  1.04
-7.5  1.03
-7.49  1.05
-7.48  0.99
-7.47  0.98
-7.46  0.97
-7.45  0.97
-7.44  0.93
-7.43  1.01
-7.42  0.97
-7.41  0.97
-7.4  0.93
-7.39  0.94
-7.38  0.94
-7.37  0.97
-7.36  0.98
-7.35  0.97
-7.34  0.97
-7.33  0.99
-7.32  0.97
-7.31  1.02
-7.3  1.03
-7.29  1.06
-7.28  1.05
-7.27  1.03
-7.26  1.12
-7.25  1.17
-7.24  1.14
-7.23  1.14
-7.22  1.21
-7.21  1.21
-7.2  1.31
-7.19  1.3
-7.18  1.3
-7.17  1.36
-7.16  1.38
-7.15  1.38
-7.14  1.51
-7.13  1.54
-7.12  1.49
-7.11  1.59
-7.1  1.56
-7.09  1.66
-7.08  1.59
-7.07  1.77
-7.06  1.65
-7.05  1.76
-7.04  1.67
-7.03  1.79
-7.02  1.71
-7.01  1.8
-7  1.71
-6.99  1.79
-6.98  1.69
-6.97  1.74
-6.96  1.63
-6.95  1.69
-6.94  1.63
-6.93  1.65
-6.92  1.62
-6.91  1.47
-6.9  1.57
-6.89  1.44
-6.88  1.47
-6.87  1.39
-6.86  1.41
-6.85  1.32
-6.84  1.32
-6.83  1.26
-6.82  1.3
-6.81  1.2
-6.8  1.2
-6.79  1.17
-6.78  1.17
-6.77  1.15
-6.76  1.16
-6.75  1.04
-6.74  1.1
-6.73  1.07
-6.72  1.03
-6.71  1.1
-6.7  0.97
-6.69  1.07
-6.68  0.98
-6.67  1.06
-6.66  0.99
-6.65  1.02
-6.64  0.99
-6.63  1
-6.62  0.96
-6.61  1.04
-6.6  1.01
-6.59  1.08
-6.58  0.96
-6.57  1.06
-6.56  1.09
-6.55  1
-6.54  1.11
-6.53  1.13
-6.52  0.99
-6.51  1.15
-6.5  1.17
-6.49  1.11
-6.48  1.23
-6.47  1.18
-6.46  1.24
-6.45  1.22
-6.44  1.26
-6.43  1.33
-6.42  1.29
-6.41  1.38
-6.4  1.36
-6.39  1.39
-6.38  1.47
-6.37  1.45
-6.36  1.57
-6.35  1.44
-6.34  1.53
-6.33  1.63
-6.32  1.55
-6.31  1.62
-6.3  1.68
-6.29  1.59
-6.28  1.69
-6.27  1.67
-6.26  1.59
-6.25  1.69
-6.24  1.7
-6.23  1.69
-6.22  1.53
-6.21  1.7
-6.2  1.62
-6.19  1.57
-6.18  1.61
-6.17  1.58
-6.16  1.51
-6.15  1.53
-6.14  1.46
-6.13  1.54
-6.12  1.36
-6.11  1.41
-6.1  1.44
-6.09  1.35
-6.08  1.33
-6.07  1.31
-6.06  1.24
-6.05  1.25
-6.04  1.26
-6.03  1.15
-6.02  1.2
-6.01  1.18
-6  1.16
-5.99  1.12
-5.98  1.13
-5.97  1.16
-5.96  1.05
-5.95  1.11
-5.94  1.09
-5.93  1.05
-5.92  1.1
-5.91  1.04
-5.9  1.03
-5.89  1.07
-5.88  1.08
-5.87  1.05
-5.86  1.03
-5.85  1.09
-5.84  1.03
-5.83  1
-5.82  1.11
-5.81  1.13
-5.8  1.06
-5.79  1.1
-5.78  1.15
-5.77  1.11
-5.76  1.12
-5.75  1.17
-5.74  1.15
-5.73  1.14
-5.72  1.17
-5.71  1.25
-5.7  1.23
-5.69  1.26
-5.68  1.25
-5.67  1.34
-5.66  1.35
-5.65  1.36
-5.64  1.4
-5.63  1.34
-5.62  1.47
-5.61  1.39
-5.6  1.46
-5.59  1.47
-5.58  1.54
-5.57  1.5
-5.56  1.56
-5.55  1.51
-5.54  1.61
-5.53  1.59
-5.52  1.62
-5.51  1.54
-5.5  1.62
-5.49  1.58
-5.48  1.62
-5.47  1.58
-5.46  1.59
-5.45  1.62
-5.44  1.51
-5.43  1.58
-5.42  1.55
-5.41  1.51
-5.4  1.49
-5.39  1.49
-5.38  1.47
-5.37  1.49
-5.36  1.41
-5.35  1.39
-5.34  1.35
-5.33  1.33
-5.32  1.35
-5.31  1.31
-5.3  1.28
-5.29  1.3
-5.28  1.21
-5.27  1.23
-5.26  1.19
-5.25  1.24
-5.24  1.21
-5.23  1.13
-5.22  1.18
-5.21  1.17
-5.2  1.14
-5.19  1.13
-5.18  1.11
-5.17  1.13
-5.16  1.07
-5.15  1.11
-5.14  1.05
-5.13  1.12
-5.12  1.13
-5.11  1.06
-5.1  1.1
-5.09  1.07
-5.08  1.09
-5.07  1.12
-5.06  1.11
-5.05  1.09
-5.04  1.16
-5.03  1.09
-5.02  1.16
-5.01  1.11
-5  1.22
-4.99  1.16
-4.98  1.13
-4.97  1.2
-4.96  1.28
-4.95  1.28
-4.94  1.26
-4.93  1.23
-4.92  1.31
-4.91  1.24
-4.9  1.37
-4.89  1.28
-4.88  1.42
-4.87  1.33
-4.86  1.39
-4.85  1.43
-4.84  1.49
-4.83  1.49
-4.82  1.4
-4.81  1.48
-4.8  1.52
-4.79  1.53
-4.78  1.53
-4.77  1.5
-4.76  1.47
-4.75  1.62
-4.74  1.51
-4.73  1.6
-4.72  1.49
-4.71  1.53
-4.7  1.58
-4.69  1.54
-4.68  1.52
-4.67  1.48
-4.66  1.5
-4.65  1.52
-4.64  1.43
-4.63  1.48
-4.62  1.46
-4.61  1.5
-4.6  1.32
-4.59  1.37
-4.58  1.4
-4.57  1.34
-4.56  1.34
-4.55  1.3
-4.54  1.26
-4.53  1.33
-4.52  1.27
-4.51  1.3
-4.5  1.19
-4.49  1.2
-4.48  1.21
-4.47  1.21
-4.46  1.21
-4.45  1.16
-4.44  1.16
-4.43  1.19
-4.42  1.14
-4.41  1.18
-4.4  1.12
-4.39  1.07
-4.38  1.15
-4.37  1.12
-4.36  1.11
-4.35  1.13
-4.34  1.14
-4.33  1.1
-4.32  1.15
-4.31  1.17
-4.3  1.11
-4.29  1.13
-4.28  1.13
-4.27  1.17
-4.26  1.19
-4.25  1.2
-4.24  1.2
-4.23  1.16
-4.22  1.22
-4.21  1.26
-4.2  1.21
-4.19  1.26
-4.18  1.22
-4.17  1.28
-4.16  1.3
-4.15  1.26
-4.14  1.37
-4.13  1.3
-4.12  1.34
-4.11  1.4
-4.1  1.39
-4.09  1.41
-4.08  1.42
-4.07  1.43
-4.06  1.51
-4.05  1.37
-4.04  1.47
-4.03  1.44
-4.02  1.51
-4.01  1.5
-4  1.48
-3.99  1.52
-3.98  1.54
-3.97  1.51
-3.96  1.53
-3.95  1.41
-3.94  1.49
-3.93  1.52
-3.92  1.51
-3.91  1.46
-3.9  1.45
-3.89  1.47
-3.88  1.44
-3.87  1.45
-3.86  1.35
-3.85  1.44
-3.84  1.4
-3.83  1.36
-3.82  1.39
-3.81  1.33
-3.8  1.38
-3.79  1.32
-3.78  1.34
-3.77  1.33
-3.76  1.2
-3.75  1.28
-3.74  1.24
-3.73  1.24
-3.72  1.25
-3.71  1.19
-3.7  1.21
-3.69  1.2
-3.68  1.24
-3.67  1.16
-3.66  1.12
-3.65  1.18
-3.64  1.22
-3.63  1.19
-3.62  1.15
-3.61  1.13
-3.6  1.14
-3.59  1.18
-3.58  1.13
-3.57  1.13
-3.56  1.2
-3.55  1.13
-3.54  1.19
-3.53  1.17
-3.52  1.18
-3.51  1.17
-3.5  1.25
-3.49  1.17
-3.48  1.24
-3.47  1.17
-3.46  1.18
-3.45  1.25
-3.44  1.23
-3.43  1.31
-3.42  1.22
-3.41  1.32
-3.4  1.29
-3.39  1.33
-3.38  1.29
-3.37  1.33
-3.36  1.3
-3.35  1.35
-3.34  1.42
-3.33  1.41
-3.32  1.43
-3.31  1.33
-3.3  1.43
-3.29  1.45
-3.28  1.43
-3.27  1.44
-3.26  1.39
-3.25  1.48
-3.24  1.46
-3.23  1.51
-3.22  1.47
-3.21  1.5
-3.2  1.46
-3.19  1.49
-3.18  1.43
-3.17  1.45
-3.16  1.5
-3.15  1.35
-3.14  1.45
-3.13  1.44
-3.12  1.45
-3.11  1.41
-3.1  1.46
-3.09  1.39
-3.08  1.38
-3.07  1.34
-3.06  1.43
-3.05  1.28
-3.04  1.29
-3.03  1.39
-3.02  1.35
-3.01  1.32
-3  1.25
-2.99  1.29
-2.98  1.21
-2.97  1.27
-2.96  1.24
-2.95  1.2
-2.94  1.25
-2.93  1.2
-2.92  1.25
-2.91  1.18
-2.9  1.19
-2.89  1.19
-2.88  1.19
-2.87  1.19
-2.86  1.21
-2.85  1.19
-2.84  1.17
-2.83  1.2
-2.82  1.17
-2.81  1.19
-2.8  1.16
-2.79  1.2
-2.78  1.14
-2.77  1.26
-2.76  1.23
-2.75  1.21
-2.74  1.14
-2.73  1.23
-2.72  1.21
-2.71  1.18
-2.7  1.25
-2.69  1.27
-2.68  1.27
-2.67  1.31
-2.66  1.25
-2.65  1.28
-2.64  1.25
-2.63  1.31
-2.62  1.31
-2.61  1.37
-2.6  1.29
-2.59  1.37
-2.58  1.37
-2.57  1.35
-2.56  1.38
-2.55  1.42
-2.54  1.39
-2.53  1.38
-2.52  1.51
-2.51  1.43
-2.5  1.41
-2.49  1.36
-2.48  1.48
-2.47  1.43
-2.46  1.4
-2.45  1.48
-2.44  1.45
-2.43  1.41
-2.42  1.44
-2.41  1.42
-2.4  1.46
-2.39  1.35
-2.38  1.41
-2.37  1.45
-2.36  1.45
-2.35  1.46
-2.34  1.37
-2.33  1.36
-2.32  1.38
-2.31  1.35
-2.3  1.31
-2.29  1.39
-2.28  1.35
-2.27  1.3
-2.26  1.32
-2.25  1.3
-2.24  1.25
-2.23  1.29
-2.22  1.26
-2.21  1.28
-2.2  1.24
-2.19  1.36
-2.18  1.19
-2.17  1.23
-2.16  1.2
-2.15  1.23
-2.14  1.23
-2.13  1.22
-2.12  1.22
-2.11  1.18
-2.1  1.22
-2.09  1.2
-2.08  1.15
-2.07  1.19
-2.06  1.25
-2.05  1.23
-2.04  1.13
-2.03  1.33
-2.02  1.21
-2.01  1.18
-2  1.23
-1.99  1.22
-1.98  1.23
-1.97  1.17
-1.96  1.26
-1.95  1.23
-1.94  1.21
-1.93  1.28
-1.92  1.23
-1.91  1.29
-1.9  1.23
-1.89  1.3
-1.88  1.36
-1.87  1.28
-1.86  1.36
-1.85  1.32
-1.84  1.37
-1.83  1.28
-1.82  1.41
-1.81  1.34
-1.8  1.33
-1.79  1.44
-1.78  1.36
-1.77  1.41
-1.76  1.38
-1.75  1.46
-1.74  1.41
-1.73  1.31
-1.72  1.4
-1.71  1.42
-1.7  1.48
-1.69  1.35
-1.68  1.48
-1.67  1.4
-1.66  1.36
-1.65  1.44
-1.64  1.44
-1.63  1.44
-1.62  1.35
-1.61  1.41
-1.6  1.4
-1.59  1.29
-1.58  1.42
-1.57  1.38
-1.56  1.42
-1.55  1.3
-1.54  1.4
-1.53  1.33
-1.52  1.33
-1.51  1.33
-1.5  1.33
-1.49  1.35
-1.48  1.19
-1.47  1.36
-1.46  1.28
-1.45  1.2
-1.44  1.3
-1.43  1.28
-1.42  1.28
-1.41  1.19
-1.4  1.28
-1.39  1.24
-1.38  1.18
-1.37  1.27
-1.36  1.22
-1.35  1.24
-1.34  1.24
-1.33  1.21
-1.32  1.19
-1.31  1.16
-1.3  1.25
-1.29  1.29
-1.28  1.18
-1.27  1.24
-1.26  1.22
-1.25  1.26
-1.24  1.18
-1.23  1.28
-1.22  1.21
-1.21  1.27
-1.2  1.23
-1.19  1.26
-1.18  1.33
-1.17  1.19
-1.16  1.23
-1.15  1.3
-1.14  1.29
-1.13  1.26
-1.12  1.3
-1.11  1.32
-1.1  1.3
-1.09  1.32
-1.08  1.39
-1.07  1.33
-1.06  1.28
-1.05  1.35
-1.04  1.37
-1.03  1.44
-1.02  1.35
-1.01  1.35
-1  1.4
-0.99  1.4
-0.98  1.41
-0.97  1.36
-0.96  1.33
-0.95  1.47
-0.94  1.36
-0.93  1.45
-0.92  1.4
-0.91  1.29
-0.9  1.45
-0.89  1.39
-0.88  1.46
-0.87  1.35
-0.86  1.42
-0.85  1.32
-0.84  1.36
-0.83  1.44
-0.82  1.33
-0.81  1.4
-0.8  1.33
-0.79  1.35
-0.78  1.39
-0.77  1.34
-0.76  1.31
-0.75  1.33
-0.74  1.26
-0.73  1.35
-0.72  1.3
-0.71  1.34
-0.7  1.23
-0.69  1.25
-0.68  1.34
-0.67  1.24
-0.66  1.28
-0.65  1.23
-0.64  1.2
-0.63  1.32
-0.62  1.2
-0.61  1.3
-0.6  1.23
-0.59  1.22
-0.58  1.24
-0.57  1.24
-0.56  1.26
-0.55  1.24
-0.54  1.18
-0.53  1.3
-0.52  1.2
-0.51  1.26
-0.5  1.21
-0.49  1.33
-0.48  1.19
-0.47  1.2
-0.46  1.26
-0.45  1.26
-0.44  1.36
-0.43  1.15
-0.42  1.27
-0.41  1.3
-0.4  1.28
-0.39  1.27
-0.38  1.25
-0.37  1.35
-0.36  1.28
-0.35  1.31
-0.34  1.32
-0.33  1.28
-0.32  1.32
-0.31  1.35
-0.3  1.32
-0.29  1.41
-0.28  1.33
-0.27  1.33
-0.26  1.37
-0.25  1.37
-0.24  1.35
-0.23  1.34
-0.22  1.36
-0.21  1.47
-0.2  1.38
-0.19  1.36
-0.18  1.37
-0.17  1.32
-0.16  1.39
-0.15  1.39
-0.14  1.54
-0.13  1.34
-0.12  1.37
-0.11  1.32
-0.1  1.37
-0.09  1.34
-0.08  1.38
-0.07  1.34
-0.06  1.4
-0.05  1.33
-0.04  1.34
-0.03  1.37
-0.02  1.36
-0.01  1.3
-2.16197e-11  1.32
0.0001  0.01
0.0101  1.36
0.0201  1.4
0.0301  1.25
0.0401  1.37
0.0501  1.32
0.0601  1.34
0.0701  1.3
0.0801  1.48
0.0901  1.49
0.1001  1.31
0.1101  1.44
0.1201  1.53
0.1301  1.56
0.1401  1.55
0.1501  1.77
0.1601  1.64
0.1701  1.66
0.1801  1.82
0.1901  1.76
0.2001  1.7
0.2101  1.75
0.2201  1.8
0.2301  1.86
0.2401  1.54
0.2501  1.94
0.2601  2.11
0.2701  2.15
0.2801  2.08
0.2901  2.06
0.3001  2.05
0.3101  1.82
0.3201  2.31
0.3301  1.91
0.3401  2.03
0.3501  2.33
0.3601  2.24
0.3701  2.06
0.3801  2.23
0.3901  2.35
0.4001  2.4
0.4101  2.33
0.4201  2.43
0.4301  2.47
0.4401  2.48
0.4501  2.45
0.4601  2.42
0.4701  2.36
0.4801  2.29
0.4901  2.27
0.5001  2.28
0.5101  2.37
0.5201  2.25
0.5301  2.3
0.5401  2.11
0.5501  2.3
0.5601  2.1
0.5701  2.05
0.5801  1.92
0.5901  2.05
0.6001  1.71
0.6101  1.94
0.6201  1.75
0.6301  1.94
0.6401  1.92
0.6501  1.56
0.6601  1.94
0.6701  1.74
0.6801  1.71
0.6901  2.03
0.7001  1.62
0.7101  1.92
0.7201  1.85
0.7301  1.73
0.7401  1.77
0.7501  1.43
0.7601  1.71
0.7701  1.53
0.7801  1.72
0.7901  1.61
0.8001  1.79
0.8101  1.64
0.8201  1.78
0.8301  1.71
0.8401  1.64
0.8501  1.69
0.8601  1.57
0.8701  2.01
0.8801  1.67
0.8901  1.66
0.9001  1.75
0.9101  1.78
0.9201  1.79
0.9301  1.75
0.9401  1.86
0.9501  1.92
0.9601  1.87
0.9701  1.9
0.9801  1.71
0.9901  1.91
1.0001  2.14
1.0101  1.91
1.0201  1.97
1.0301  1.9
1.0401  1.96
1.0501  2.02
1.0601  1.92
1.0701  1.91
1.0801  2.04
1.0901  1.82
1.1001  2.15
1.1101  2.5
1.1201  2.29
1.1301  2
1.1401  2.25
1.1501  2.22
1.1601  2.22
1.1701  2.18
1.1801  2.42
1.1901  2.42
1.2001  2.16
1.2101  2.33
1.2201  2.11
1.2301  2.18
1.2401  2.03
1.2501  2.3
1.2601  2.19
1.2701  2.19
1.2801  2.24
1.2901  2.36
1.3001  1.94
1.3101  2.34
1.3201  2.45
1.3301  2.11
1.3401  1.85
1.3501  2.07
1.3601  2.06
1.3701  1.95
1.3801  2.12
1.3901  1.94
1.4001  2.2
1.4101  1.94
1.4201  2.27
1.4301  1.75
1.4401  2.05
1.4501  1.72
1.4601  1.8
1.4701  2.24
1.4801  1.89
1.4901  1.76
1.5001  1.74
1.5101  1.74
1.5201  1.93
1.5301  1.98
1.5401  1.65
1.5501  1.86
1.5601  1.75
1.5701  1.95
1.5801  1.66
1.5901  1.73
1.6001  1.53
1.6101  1.7
1.6201  1.76
1.6301  1.97
1.6401  1.87
1.6501  1.75
1.6601  1.94
1.6701  1.65
1.6801  2.04
1.6901  1.74
1.7001  2.09
1.7101  1.88
1.7201  1.9
1.7301  1.7
1.7401  1.89
1.7501  1.91
1.7601  1.89
1.7701  2.07
1.7801  1.8
1.7901  1.96
1.8001  1.86
1.8101  2.12
1.8201  2.04
1.8301  1.9
1.8401  1.97
1.8501  2.1
1.8601  2.18
1.8701  2.06
1.8801  2.32
1.8901  2
1.9001  2.3
1.9101  2.13
1.9201  2.14
1.9301  2.16
1.9401  2.04
1.9501  2.18
1.9601  2.34
1.9701  2.62
1.9801  2.26
1.9901  2
2.0001  2.05
2.0101  2.36
2.0201  2.22
2.0301  2
2.0401  2.03
2.0501  2.02
2.0601  2.27
2.0701  2
2.0801  1.99
2.0901  2.33
2.1001  1.95
2.1101  2.13
2.1201  2.16
2.1301  1.94
2.1401  2.21
2.1501  2.2
2.1601  2.25
2.1701  1.78
2.1801  2.13
2.1901  1.94
2.2001  1.98
2.2101  1.82
2.2201  1.9
2.2301  1.79
2.2401  1.89
2.2501  2.19
2.2601  1.81
2.2701  1.85
2.2801  2.03
2.2901  1.98
2.3001  1.86
2.3101  2.03
2.3201  1.76
2.3301  1.8
2.3401  1.81
2.3501  1.91
2.3601  1.88
2.3701  1.74
2.3801  1.98
2.3901  1.66
2.4001  1.78
2.4101  1.9
2.4201  1.68
2.4301  1.81
2.4401  2.16
2.4501  1.83
2.4601  1.91
2.4701  1.76
2.4801  1.6
2.4901  1.94
2.5001  1.97
2.5101  1.85
2.5201  2.08
2.5301  2.1
2.5401  1.66
2.5501  1.9
2.5601  1.84
2.5701  2.08
2.5801  2.07
2.5901  2.26
2.6001  2.02
2.6101  2.07
2.6201  2.12
2.6301  2.11
2.6401  2.25
2.6501  2.12
2.6601  2.05
2.6701  1.96
2.6801  2.25
2.6901  2.47
2.7001  2.2
2.7101  2.15
2.7201  2.24
2.7301  1.97
2.7401  2
2.7501  2.25
2.7601  2.61
2.7701  2.11
2.7801  2.34
2.7901  2.13
2.8001  2.4
2.8101  2.07
2.8201  1.93
2.8301  1.97
2.8401  2.12
2.8501  1.97
2.8601  2.35
2.8701  2.19
2.8801  1.97
2.8901  2.14
2.9001  1.96
2.9101  1.88
2.9201  2.06
2.9301  2.1
2.9401  2.14
2.9501  1.91
2.9601  1.91
2.9701  1.99
2.9801  1.77
2.9901  1.98
3.0001  2.08
3.0101  2.02
3.0201  1.92
3.0301  1.69
3.0401  1.86
3.0501  1.78
3.0601  1.83
3.0701  2.13
3.0801  1.87
3.0901  1.68
3.1001  1.76
3.1101  2.01
3.1201  1.99
3.1301  1.85
3.1401  1.77
3.1501  1.96
3.1601  1.68
3.1701  1.95
3.1801  1.91
3.1901  1.8
3.2001  1.86
3.2101  2.16
3.2201  2.02
3.2301  2.05
3.2401  1.87
3.2501  1.89
3.2601  2.01
3.2701  1.87
3.2801  1.93
3.2901  2.05
3.3001  2.06
3.3101  1.99
3.3201  1.89
3.3301  1.92
3.3401  1.97
3.3501  2.14
3.3601  2.03
3.3701  2.07
3.3801  1.96
3.3901  2.06
3.4001  2.1
3.4101  2.09
3.4201  2.17
3.4301  2.28
3.4401  2.11
3.4501  1.95
3.4601  2.14
3.4701  2.18
3.4801  2.29
3.4901  2.04
3.5001  2.14
3.5101  2.06
3.5201  2.29
3.5301  2.2
3.5401  2.15
3.5501  2.2
3.5601  2.08
3.5701  1.99
3.5801  2.01
3.5901  2.14
3.6001  2.11
3.6101  2.06
3.6201  2.33
3.6301  1.97
3.6401  2.06
3.6501  2.29
3.6601  1.88
3.6701  2.06
3.6801  1.91
3.6901  1.95
3.7001  1.95
3.7101  2.03
3.7201  2.12
3.7301  1.93
3.7401  1.79
3.7501  2.08
3.7601  2.25
3.7701  1.97
3.7801  2.04
3.7901  1.84
3.8001  2
3.8101  1.93
3.8201  2.07
3.8301  1.89
3.8401  1.94
3.8501  2.05
3.8601  1.6
3.8701  1.88
3.8801  2.01
3.8901  1.68
3.9001  1.85
3.9101  1.92
3.9201  1.77
3.9301  2.11
3.9401  1.94
3.9501  1.81
3.9601  1.92
3.9701  1.9
3.9801  1.92
3.9901  2.01
4.0001  2.06
4.0101  1.94
4.0201  1.88
4.0301  1.8
4.0401  2.08
4.0501  1.74
4.0601  2.24
4.0701  2.01
4.0801  2.1
4.0901  2.15
4.1001  2.16
4.1101  1.97
4.1201  2.1
4.1301  2.13
4.1401  2.02
4.1501  1.89
4.1601  2.03
4.1701  2.02
4.1801  2.18
4.1901  2.16
4.2001  2.4
4.2101  2.04
4.2201  2.04
4.2301  1.84
4.2401  2.01
4.2501  2.15
4.2601  2.15
4.2701  2.16
4.2801  2.17
4.2901  2.07
4.3001  2.08
4.3101  2.43
4.3201  2.08
4.3301  1.96
4.3401  2.11
4.3501  1.89
4.3601  2.2
4.3701  2.15
4.3801  2.14
4.3901  2.03
4.4001  2.05
4.4101  2.19
4.4201  1.84
4.4301  2.09
4.4401  2.09
4.4501  2
4.4601  1.88
4.4701  1.9
4.4801  2.01
4.4901  1.84
4.5001  2.17
4.5101  1.81
4.5201  1.77
4.5301  2.09
4.5401  1.99
4.5501  2.07
4.5601  1.66
4.5701  2.23
4.5801  1.92
4.5901  1.74
4.6001  1.95
4.6101  1.87
4.6201  2.08
4.6301  2.01
4.6401  2.1
4.6501  1.78
4.6601  2
4.6701  1.82
4.6801  1.8
4.6901  1.85
4.7001  1.94
4.7101  1.99
4.7201  1.9
4.7301  2
4.7401  2.04
4.7501  2.24
4.7601  2.07
4.7701  2.13
4.7801  2.06
4.7901  2.1
4.8001  1.83
4.8101  2.04
4.8201  2.06
4.8301  2.13
4.8401  1.97
4.8501  1.8
4.8601  1.91
4.8701  2.46
4.8801  2.15
4.8901  2.18
4.9001  1.85
4.9101  1.91
4.9201  2.14
4.9301  2.06
4.9401  2.2
4.9501  2.13
4.9601  2.13
4.9701  1.86
4.9801  1.95
4.9901  2.32
5.0001  2.12
5.0101  2.23
5.0201  2.15
5.0301  2.17
5.0401  2.22
5.0501  2.08
5.0601  1.87
5.0701  1.91
5.0801  1.75
5.0901  1.74
5.1001  1.93
5.1101  1.88
5.1201  2.26
5.1301  2.02
5.1401  1.95
5.1501  2.13
5.1601  1.92
5.1701  2.22
5.1801  1.94
5.1901  2.31
5.2001  2.06
5.2101  2.04
5.2201  1.91
5.2301  1.91
5.2401  2.35
5.2501  2.02
5.2601  1.92
5.2701  1.84
5.2801  1.88
5.2901  2.1
5.3001  2.17
5.3101  2
5.3201  1.8
5.3301  2.01
5.3401  2.11
5.3501  1.82
5.3601  1.78
5.3701  1.91
5.3801  1.99
5.3901  2.15
5.4001  2.18
5.4101  2.08
5.4201  1.8
5.4301  2.23
5.4401  1.97
5.4501  2.21
5.4601  1.95
5.4701  2.06
5.4801  2.04
5.4901  1.98
5.5001  1.97
5.5101  1.95
5.5201  1.87
5.5301  1.91
5.5401  2.03
5.5501  2.13
5.5601  2.02
5.5701  2.09
5.5801  1.76
5.5901  1.88
5.6001  2.08
5.6101  1.89
5.6201  2.17
5.6301  1.92
5.6401  2.13
5.6501  2.12
5.6601  2
5.6701  1.98
5.6801  1.79
5.6901  2.24
5.7001  2.24
5.7101  2.15
5.7201  1.62
5.7301  2.28
5.7401  2.05
5.7501  1.73
5.7601  2.04
5.7701  2.1
5.7801  2.08
5.7901  1.97
5.8001  2.06
5.8101  1.94
5.8201  2.26
5.8301  1.88
5.8401  1.91
5.8501  1.9
5.8601  2.32
5.8701  2.09
5.8801  1.82
5.8901  2.07
5.9001  1.89
5.9101  2.05
5.9201  2.17
5.9301  1.92
5.9401  1.96
5.9501  1.86
5.9601  1.91
5.9701  2.15
5.9801  2.14
5.9901  1.91
6.0001  2.02
6.0101  2.13
6.0201  2.09
6.0301  2.04
6.0401  2.06
6.0501  1.94
6.0601  2.06
6.0701  1.75
6.0801  2.03
6.0901  1.97
6.1001  2.04
6.1101  1.95
6.1201  2.27
6.1301  1.94
6.1401  1.94
6.1501  1.97
6.1601  1.94
6.1701  2.05
6.1801  1.89
6.1901  1.84
6.2001  2.38
6.2101  1.86
6.2201  2.02
6.2301  1.86
6.2401  1.72
6.2501  1.96
6.2601  2.03
6.2701  1.93
6.2801  2.14
6.2901  2.05
6.3001  2.11
6.3101  2.05
6.3201  2.25
6.3301  2.06
6.3401  2.05
6.3501  2.19
6.3601  2.02
6.3701  1.98
6.3801  2.36
6.3901  2.02
6.4001  2.04
6.4101  1.86
6.4201  1.88
6.4301  1.99
6.4401  2.07
6.4501  2.13
6.4601  2.11
6.4701  1.84
6.4801  2.31
6.4901  2.08
6.5001  1.83
6.5101  1.97
6.5201  2.25
6.5301  1.93
6.5401  1.92
6.5501  1.94
6.5601  2.07
6.5701  1.91
6.5801  1.93
6.5901  2.1
6.6001  1.79
6.6101  1.9
6.6201  2.07
6.6301  2.21
6.6401  1.95
6.6501  2.08
6.6601  2.47
6.6701  1.81
6.6801  1.95
6.6901  2.13
6.7001  1.96
6.7101  1.85
6.7201  2.24
6.7301  1.82
6.7401  2.04
6.7501  1.71
6.7601  2
6.7701  1.96
6.7801  2.13
6.7901  2.02
6.8001  2.02
6.8101  2.11
6.8201  1.68
6.8301  1.96
6.8401  2.17
6.8501  2.22
6.8601  1.99
6.8701  2.3
6.8801  1.92
6.8901  1.86
6.9001  2.2
6.9101  1.93
6.9201  1.77
6.9301  2.07
6.9401  2.23
6.9501  2.04
6.9601  2
6.9701  1.96
6.9801  2.11
6.9901  2.19
7.0001  1.95
7.0101  2.03
7.0201  1.77
7.0301  2
7.0401  1.71
7.0501  2.02
7.0601  2.16
7.0701  1.98
7.0801  1.91
7.0901  2.21
7.1001  2.07
7.1101  2.03
7.1201  2.18
7.1301  2.14
7.1401  1.98
7.1501  2.13
7.1601  1.93
7.1701  2.04
7.1801  1.95
7.1901  2.2
7.2001  2.03
7.2101  1.92
7.2201  2.25
7.2301  2.06
7.2401  2.27
7.2501  2.03
7.2601  1.92
7.2701  1.94
7.2801  1.96
7.2901  2.04
7.3001  2.02
7.3101  2.17
7.3201  2.07
7.3301  2
7.3401  2.09
7.3501  1.84
7.3601  1.96
7.3701  1.97
7.3801  1.99
7.3901  1.96
7.4001  1.89
7.4101  2.08
7.4201  2
7.4301  2.12
7.4401  1.95
7.4501  1.96
7.4601  1.97
7.4701  2.12
7.4801  2.06
7.4901  1.91
7.5001  1.91
7.5101  2.14
7.5201  1.88
7.5301  2.02
7.5401  1.99
7.5501  2.14
7.5601  2.21
7.5701  1.86
7.5801  1.76
7.5901  1.86
7.6001  1.85
7.6101  1.86
7.6201  2.09
7.6301  2.03
7.6401  1.95
7.6501  1.97
7.6601  1.9
7.6701  2.02
7.6801  2.13
7.6901  2.32
7.7001  1.93
7.7101  2
7.7201  1.96
7.7301  1.84
7.7401  2.1
7.7501  2.11
7.7601  2.21
7.7701  1.85
7.7801  2.05
7.7901  2.33
7.8001  2.02
7.8101  1.75
7.8201  2.2
7.8301  2.08
7.8401  1.98
7.8501  1.94
7.8601  1.85
7.8701  1.95
7.8801  2.04
7.8901  2.3
7.9001  2.12
7.9101  2.14
7.9201  2.15
7.9301  2.13
7.9401  2.16
7.9501  2.04
7.9601  2.18
7.9701  2.05
7.9801  2.03
7.9901  2.19
8.0001  1.77
8.0101  2.08
8.0201  1.82
8.0301  1.75
8.0401  2.07
8.0501  1.88
8.0601  2.24
8.0701  2.08
8.0801  2.16
8.0901  2.01
8.1001  2.01
8.1101  1.93
8.1201  1.97
8.1301  2.09
8.1401  1.92
8.1501  1.85
8.1601  2.02
8.1701  2.11
8.1801  1.87
8.1901  1.95
8.2001  2.18
8.2101  1.92
8.2201  1.96
8.2301  1.96
8.2401  1.73
8.2501  1.98
8.2601  2.1
8.2701  1.85
8.2801  2.18
8.2901  1.82
8.3001  1.79
8.3101  1.92
8.3201  2.3
8.3301  1.96
8.3401  1.94
8.3501  2.13
8.3601  2.15
8.3701  2.03
8.3801  1.79
8.3901  2.09
8.4001  2.02
8.4101  2.09
8.4201  2.1
8.4301  2.06
8.4401  2.12
8.4501  2.02
8.4601  1.97
8.4701  1.95
8.4801  2.12
8.4901  2.04
8.5001  2.09
8.5101  1.97
8.5201  1.88
8.5301  2.27
8.5401  1.86
8.5501  2.21
8.5601  2.12
8.5701  2.11
8.5801  1.98
8.5901  1.88
8.6001  2.14
8.6101  2.06
8.6201  2.07
8.6301  1.8
8.6401  1.97
8.6501  2.02
8.6601  2.16
8.6701  1.98
8.6801  2.28
8.6901  1.78
8.7001  2
8.7101  2.17
8.7201  2.17
8.7301  2.13
8.7401  2
8.7501  2.02
8.7601  2.11
8.7701  1.93
8.7801  1.92
8.7901  1.82
8.8001  2.06
8.8101  1.91
8.8201  2.29
8.8301  2.29
8.8401  1.99
8.8501  1.88
8.8601  2.16
8.8701  2
8.8801  1.98
8.8901  1.86
8.9001  1.87
8.9101  2.02
8.9201  1.93
8.9301  2
8.9401  1.99
8.9501  1.81
8.9601  1.85
8.9701  2.02
8.9801  1.98
8.9901  1.92
9.0001  1.92
9.0101  2.09
9.0201  2.06
9.0301  2.2
9.0401  1.99
9.0501  2.03
9.0601  2.15
9.0701  1.82
9.0801  2.22
9.0901  1.97
9.1001  2.04
9.1101  1.86
9.1201  1.88
9.1301  1.8
9.1401  2.24
9.1501  2.05
9.1601  2.09
9.1701  1.99
9.1801  1.98
9.1901  2.06
9.2001  2.07
9.2101  1.91
9.2201  2.1
9.2301  2.01
9.2401  2
9.2501  1.75
9.2601  2.19
9.2701  1.82
9.2801  1.95
9.2901  2.22
9.3001  2.01
9.3101  2.03
9.3201  2.11
9.3301  2.03
9.3401  1.99
9.3501  2.06
9.3601  1.9
9.3701  2.05
9.3801  1.79
9.3901  2.21
9.4001  2.07
9.4101  1.91
9.4201  2.25
9.4301  2.27
9.4401  2.01
9.4501  2.04
9.4601  2.09
9.4701  1.91
9.4801  1.87
9.4901  2.03
9.5001  1.61
9.5101  1.73
9.5201  1.94
9.5301  2.21
9.5401  2.09
9.5501  2.16
9.5601  1.96
9.5701  2.18
9.5801  1.99
9.5901  1.81
9.6001  2.09
9.6101  1.99
9.6201  1.96
9.6301  1.81
9.6401  1.99
9.6501  1.98
9.6601  2.07
9.6701  1.9
9.6801  2.18
9.6901  2.04
9.7001  2.02
9.7101  1.88
9.7201  2.18
9.7301  2.07
9.7401  1.93
9.7501  1.84
9.7601  2.14
9.7701  2.06
9.7801  1.88
9.7901  1.98
9.8001  2
9.8101  2.04
9.8201  2.04
9.8301  1.75
9.8401  2.15
9.8501  1.93
9.8601  2.01
9.8701  2.08
9.8801  2.05
9.8901  1.94
9.9001  2.1
9.9101  2.2
9.9201  2.13
9.9301  2.24
9.9401  2.2
9.9501  1.89
9.9601  1.95
9.9701  1.97
9.9801  1.91
9.9901  2.09
10.0001  2.18
10.0101  2.05
10.0201  2.08
10.0301  2.09
10.0401  1.94
10.0501  1.74
10.0601  2.1
10.0701  2.05
10.0801  1.88
10.0901  2.29
10.1001  2.1
10.1101  2.06
10.1201  2
10.1301  1.88
10.1401  1.81
10.1501  2.17
10.1601  1.98
10.1701  2.1
10.1801  1.97
10.1901  2.11
10.2001  2.12
10.2101  1.84
10.2201  2.15
10.2301  1.94
10.2401  1.94
10.2501  1.85
10.2601  1.91
10.2701  1.9
10.2801  1.78
10.2901  2.12
10.3001  1.97
10.3101  2.03
10.3201  1.89
10.3301  2.03
10.3401  2.04
10.3501  1.86
10.3601  1.98
10.3701  2.22
10.3801  1.96
10.3901  2.3
10.4001  2.06
10.4101  2.01
10.4201  2.12
10.4301  2.03
10.4401  2.01
10.4501  1.86
10.4601  1.63
10.4701  1.89
10.4801  2.19
10.4901  2.14
10.5001  2.06
10.5101  2.27
10.5201  1.99
10.5301  2.04
10.5401  1.93
10.5501  2.05
10.5601  2
10.5701  1.87
10.5801  2.13
10.5901  1.86
10.6001  2.19
10.6101  2.19
10.6201  1.99
10.6301  2.14
10.6401  2.02
10.6501  2.14
10.6601  2.03
10.6701  2.04
10.6801  1.95
10.6901  1.85
10.7001  1.91
10.7101  1.98
10.7201  1.91
10.7301  1.9
10.7401  1.99
10.7501  2.17
10.7601  2.34
10.7701  2.4
10.7801  1.87
10.7901  1.85
10.8001  1.92
10.8101  1.98
10.8201  2.02
10.8301  2.02
10.8401  1.86
10.8501  1.77
10.8601  2.21
10.8701  2.11
10.8801  2.09
10.8901  2.09
10.9001  1.96
10.9101  2.07
10.9201  1.96
10.9301  2.16
10.9401  1.96
10.9501  2.03
10.9601  2.13
10.9701  1.97
10.9801  2.02
10.9901  2
11.0001  2.02
11.0101  2.14
11.0201  1.88
11.0301  2.24
11.0401  1.96
11.0501  1.97
11.0601  2.06
11.0701  1.78
11.0801  1.85
11.0901  1.82
11.1001  2.02
11.1101  2.07
11.1201  1.95
11.1301  2.13
11.1401  1.98
11.1501  2.26
11.1601  2.23
11.1701  1.99
11.1801  1.92
11.1901  2.03
11.2001  1.9
11.2101  1.86
11.2201  2.02
11.2301  2.02
11.2401  2.12
11.2501  2.1
11.2601  1.92
11.2701  2.07
11.2801  2.24
11.2901  2.03
11.3001  2.08
11.3101  1.87
11.3201  2.05
11.3301  1.98
11.3401  1.88
11.3501  2.28
11.3601  1.97
11.3701  2.1
11.3801  1.84
11.3901  2.03
11.4001  2.08
11.4101  2.37
11.4201  2.02
11.4301  2.2
11.4401  2.1
11.4501  1.98
11.4601  1.91
11.4701  1.85
11.4801  1.95
11.4901  2.1
11.5001  2.14
11.5101  2.13
11.5201  2.04
11.5301  1.92
11.5401  1.94
11.5501  1.92
11.5601  1.95
11.5701  1.97
11.5801  1.93
11.5901  1.92
11.6001  2.06
11.6101  2.23
11.6201  1.98
11.6301  2
11.6401  1.87
11.6501  2.03
11.6601  2.11
11.6701  1.81
11.6801  2.03
11.6901  1.75
11.7001  2.15
11.7101  2.14
11.7201  1.91
11.7301  2.16
11.7401  2.15
11.7501  2
11.7601  2.1
11.7701  1.87
11.7801  2.02
11.7901  2.03
11.8001  1.9
11.8101  2.03
11.8201  2.07
11.8301  1.94
11.8401  1.93
11.8501  1.98
11.8601  1.95
11.8701  1.87
11.8801  1.97
11.8901  2.16
11.9001  1.99
11.9101  2.11
11.9201  2.17
11.9301  1.91
11.9401  2.05
11.9501  1.91
11.9601  2.13
11.9701  2.02
11.9801  1.95
11.9901  1.95
12.0001  2.24
12.0101  1.84
12.0201  2.09
12.0301  2.02
12.0401  2.09
12.0501  1.99
12.0601  1.88
12.0701  2.1
12.0801  2.14
12.0901  2.19
12.1001  1.99
12.1101  2.03
12.1201  1.98
12.1301  1.76
12.1401  2.11
12.1501  2.03
12.1601  1.94
12.1701  2.12
12.1801  2.01
12.1901  1.96
12.2001  2.15
12.2101  2.03
12.2201  1.71
12.2301  1.96
12.2401  2.01
12.2501  2.28
12.2601  2.16
12.2701  1.93
12.2801  1.96
12.2901  1.91
12.3001  1.95
12.3101  2.17
12.3201  2.08
12.3301  1.82
12.3401  2.04
12.3501  2.11
12.3601  2.09
12.3701  2.16
12.3801  1.94
12.3901  1.99
12.4001  1.91
12.4101  2.08
12.4201  1.96
12.4301  2.14
12.4401  2.16
12.4501  1.74
12.4601  1.78
12.4701  2.01
12.4801  2.15
12.4901  2.06
12.5001  1.85
12.5101  2
12.5201  1.98
12.5301  2.09
12.5401  2.14
12.5501  1.89
12.5601  2
12.5701  2.14
12.5801  2.24
12.5901  2.04
12.6001  1.95
12.6101  2.03
12.6201  2.37
12.6301  1.77
12.6401  1.91
12.6501  2.03
12.6601  1.85
12.6701  1.94
12.6801  2.09
12.6901  2.24
12.7001  1.89
12.7101  1.89
12.7201  1.83
12.7301  2.17
12.7401  2.08
12.7501  2.15
12.7601  2.18
12.7701  1.81
12.7801  1.87
12.7901  2.06
12.8001  1.86
12.8101  2.27
12.8201  1.88
12.8301  1.95
12.8401  1.98
12.8501  2.04
12.8601  1.97
12.8701  1.84
12.8801  1.94
12.8901  1.92
12.9001  2.34
12.9101  2.04
12.9201  1.99
12.9301  2.1
12.9401  1.94
12.9501  1.92
12.9601  1.97
12.9701  2
12.9801  2.39
12.9901  1.92
13.0001  2.14
13.0101  1.83
13.0201  1.91
13.0301  1.94
13.0401  2.12
13.0501  1.85
13.0601  1.87
13.0701  1.98
13.0801  2.05
13.0901  2.3
13.1001  2.17
13.1101  2.2
13.1201  1.88
13.1301  1.81
13.1401  2.07
13.1501  2.07
13.1601  1.96
13.1701  2
13.1801  1.93
13.1901  1.89
13.2001  2
13.2101  1.97
13.2201  2.02
13.2301  2.05
13.2401  1.75
13.2501  2.2
13.2601  2.23
13.2701  2.05
13.2801  2.17
13.2901  2.04
13.3001  1.77
13.3101  2.12
13.3201  1.74
13.3301  2.15
13.3401  1.83
13.3501  2.02
13.3601  1.94
13.3701  1.89
13.3801  1.95
13.3901  2.41
13.4001  1.99
13.4101  2.11
13.4201  1.95
13.4301  2.15
13.4401  1.95
13.4501  2.13
13.4601  1.97
13.4701  2.12
13.4801  1.9
13.4901  1.85
13.5001  1.85
13.5101  1.9
13.5201  2.12
13.5301  2.06
13.5401  2.08
13.5501  2.26
13.5601  2.16
13.5701  1.9
13.5801  2.02
13.5901  1.95
13.6001  2.04
13.6101  2.04
13.6201  2.07
13.6301  1.8
13.6401  2.09
13.6501  1.88
13.6601  2.38
13.6701  2.11
13.6801  1.6
13.6901  2
13.7001  2.01
13.7101  1.95
13.7201  2.07
13.7301  2.18
13.7401  1.99
13.7501  1.89
13.7601  1.97
13.7701  2.31
13.7801  1.96
13.7901  1.75
13.8001  2.01
13.8101  2.25
13.8201  1.8
13.8301  2.01
13.8401  2.32
13.8501  1.89
13.8601  1.93
13.8701  1.88
13.8801  1.96
13.8901  2
13.9001  2.03
13.9101  2.09
13.9201  1.84
13.9301  1.98
13.9401  2.14
13.9501  1.99
13.9601  2.15
13.9701  1.88
13.9801  1.96
13.9901  1.86
14.0001  2.32
14.0101  1.86
14.0201  1.93
14.0301  1.8
14.0401  2.13
14.0501  2.17
14.0601  2.11
14.0701  1.99
14.0801  2.07
14.0901  1.89
14.1001  1.99
14.1101  2.03
14.1201  2.06
14.1301  2.08
14.1401  2.14
14.1501  2.08
14.1601  2.11
14.1701  1.87
14.1801  2.23
14.1901  2.15
14.2001  2.02
14.2101  2.04
14.2201  1.76
14.2301  1.93
14.2401  1.98
14.2501  1.84
14.2601  2.02
14.2701  2.14
14.2801  2.07
14.2901  2.16
14.3001  2.17
14.3101  1.96
14.3201  2.16
14.3301  2.33
14.3401  2.1
14.3501  2.04
14.3601  1.77
14.3701  2.13
14.3801  1.95
14.3901  1.88
14.4001  2.25
14.4101  2.1
14.4201  1.89
14.4301  1.85
14.4401  2.26
14.4501  1.71
14.4601  1.81
14.4701  2.04
14.4801  2.11
14.4901  2.2
14.5001  2.19
14.5101  1.79
14.5201  2.01
14.5301  1.81
14.5401  2.09
14.5501  2.16
14.5601  1.88
14.5701  1.97
14.5801  1.96
14.5901  2.17
14.6001  1.83
14.6101  2.32
14.6201  1.88
14.6301  2.07
14.6401  2.12
14.6501  1.89
14.6601  1.89
14.6701  1.96
14.6801  1.76
14.6901  1.89
14.7001  1.99
14.7101  2.05
14.7201  2.28
14.7301  1.71
14.7401  1.9
14.7501  1.98
14.7601  1.99
14.7701  2.14
14.7801  2.03
14.7901  2.12
14.8001  2.11
14.8101  2.13
14.8201  2.07
14.8301  1.97
14.8401  2.06
14.8501  1.99
14.8601  1.98
14.8701  2.15
14.8801  1.91
14.8901  2.04
14.9001  2.08
14.9101  1.98
14.9201  1.94
14.9301  1.97
14.9401  2.35
14.9501  2.3
14.9601  1.82
14.9701  2.12
14.9801  2.11
14.9901  2.03
15.0001  2.16
15.0101  1.79
15.0201  2.29
15.0301  1.85
15.0401  2.01
15.0501  2.12
15.0601  1.78
15.0701  2.08
15.0801  2.09
15.0901  1.73
15.1001  1.92
15.1101  2.13
15.1201  2.14
15.1301  1.86
15.1401  2.25
15.1501  2.21
15.1601  2.01
15.1701  1.94
15.1801  2.11
15.1901  1.72
15.2001  1.74
15.2101  1.99
15.2201  2.01
15.2301  1.72
15.2401  2.04
15.2501  1.83
15.2601  1.8
15.2701  1.93
15.2801  1.72
15.2901  1.98
15.3001  1.99
15.3101  1.92
15.3201  2.09
15.3301  1.92
15.3401  2.11
15.3501  2.11
15.3601  2.13
15.3701  2.14
15.3801  2.12
15.3901  2.2
15.4001  1.96
15.4101  2.09
15.4201  2.19
15.4301  1.87
15.4401  1.68
15.4501  1.82
15.4601  2.18
15.4701  2.17
15.4801  2.1
15.4901  2.01
15.5001  2.1
15.5101  2.11
15.5201  2.07
15.5301  2.12
15.5401  2.22
15.5501  1.78
15.5601  2.26
15.5701  2.01
15.5801  2.16
15.5901  2.06
15.6001  2.16
15.6101  1.99
15.6201  2.02
15.6301  2.29
15.6401  1.86
15.6501  2.1
15.6601  2.03
15.6701  1.93
15.6801  2.09
15.6901  1.88
15.7001  1.85
15.7101  2.12
15.7201  1.79
15.7301  1.88
15.7401  1.63
15.7501  1.98
15.7601  1.88
15.7701  2.09
15.7801  1.99
15.7901  2.04
15.8001  2.28
15.8101  2.02
15.8201  2.11
15.8301  1.71
15.8401  1.9
15.8501  1.99
15.8601  2.02
15.8701  1.84
15.8801  2.36
15.8901  2.04
15.9001  2.06
15.9101  2.15
15.9201  2.03
15.9301  2.03
15.9401  1.56
15.9501  1.88
15.9601  1.99
15.9701  1.99
15.9801  2.03
15.9901  2.24
16.0001  2
16.0101  2.1
16.0201  2.07
16.0301  2.09
16.0401  1.93
16.0501  1.97
16.0601  2
16.0701  2
16.0801  2.24
16.0901  2
16.1001  2.14
16.1101  2.18
16.1201  1.97
16.1301  1.91
16.1401  2.19
16.1501  2.05
16.1601  1.96
16.1701  1.96
16.1801  2.03
16.1901  2.19
16.2001  1.84
16.2101  2.55
16.2201  1.96
16.2301  1.77
16.2401  1.92
16.2501  2.11
16.2601  2.05
16.2701  2.13
16.2801  2.31
16.2901  1.74
16.3001  1.92
16.3101  1.92
16.3201  2.14
16.3301  1.87
16.3401  1.97
16.3501  2.27
16.3601  2
16.3701  2.13
16.3801  2.15
16.3901  2.35
16.4001  1.87
16.4101  1.73
16.4201  1.96
16.4301  1.96
16.4401  2.19
16.4501  2.2
16.4601  1.94
16.4701  1.91
16.4801  2.09
16.4901  1.95
16.5001  1.86
16.5101  2.01
16.5201  1.89
16.5301  2.31
16.5401  2.02
16.5501  2.11
16.5601  1.74
16.5701  2.11
16.5801  1.85
16.5901  2.26
16.6001  1.96
16.6101  2.13
16.6201  1.83
16.6301  2.16
16.6401  1.89
16.6501  2.09
16.6601  1.86
16.6701  2.01
16.6801  1.94
16.6901  2.08
16.7001  2.13
16.7101  1.85
16.7201  2.12
16.7301  2.12
16.7401  2.17
16.7501  2.23
16.7601  1.77
16.7701  1.85
16.7801  2.03
16.7901  2.16
16.8001  1.74
16.8101  2.05
16.8201  1.99
16.8301  2.07
16.8401  1.72
16.8501  1.98
16.8601  2.16
16.8701  1.87
16.8801  2
16.8901  2.05
16.9001  2.1
16.9101  2.21
16.9201  2.04
16.9301  2.13
16.9401  2.05
16.9501  2.14
16.9601  2.21
16.9701  2
16.9801  1.96
16.9901  1.93
17.0001  2.04
17.0101  1.91
17.0201  1.92
17.0301  1.92
17.0401  2.11
17.0501  1.8
17.0601  2.14
17.0701  2.25
17.0801  2.03
17.0901  2
17.1001  2.14
17.1101  1.96
17.1201  1.99
17.1301  2.12
17.1401  2.1
17.1501  2.14
17.1601  1.99
17.1701  1.85
17.1801  1.91
17.1901  2.14
17.2001  2.13
17.2101  1.84
17.2201  2.08
17.2301  2.05
17.2401  2.07
17.2501  2.08
17.2601  1.94
17.2701  2.17
17.2801  1.99
17.2901  1.94
17.3001  1.96
17.3101  1.95
17.3201  2.07
17.3301  1.99
17.3401  2.02
17.3501  1.96
17.3601  2.2
17.3701  1.97
17.3801  1.86
17.3901  1.73
17.4001  2.02
17.4101  1.98
17.4201  1.99
17.4301  2.09
17.4401  2.05
17.4501  2.1
17.4601  2.08
17.4701  1.95
17.4801  2.1
17.4901  1.85
17.5001  2.05
17.5101  1.88
17.5201  2
17.5301  1.99
17.5401  1.74
17.5501  2.18
17.5601  1.84
17.5701  2.09
17.5801  2.27
17.5901  1.91
17.6001  1.95
17.6101  2.13
17.6201  2.05
17.6301  2.2
17.6401  2.09
17.6501  1.92
17.6601  2.08
17.6701  1.83
17.6801  2.1
17.6901  2
17.7001  2.09
17.7101  2
17.7201  2
17.7301  2.09
17.7401  2.03
17.7501  1.98
17.7601  2.01
17.7701  1.97
17.7801  2.04
17.7901  1.96
17.8001  1.96
17.8101  2.17
17.8201  1.87
17.8301  1.8
17.8401  2.1
17.8501  2.15
17.8601  2.09
17.8701  1.9
17.8801  1.99
17.8901  2.17
17.9001  1.96
17.9101  1.89
17.9201  1.84
17.9301  1.91
17.9401  1.91
17.9501  2.03
17.9601  2.12
17.9701  1.97
17.9801  1.97
17.9901  2.1
18.0001  2.15
18.0101  1.97
18.0201  2.03
18.0301  1.87
18.0401  2.07
18.0501  1.91
18.0601  2.01
18.0701  2.27
18.0801  2.12
18.0901  1.98
18.1001  2.05
18.1101  2.13
18.1201  1.98
18.1301  1.88
18.1401  2.05
18.1501  1.89
18.1601  2.04
18.1701  1.98
18.1801  2.03
18.1901  1.92
18.2001  1.84
18.2101  2.2
18.2201  1.91
18.2301  2.11
18.2401  2.22
18.2501  1.96
18.2601  2.09
18.2701  1.97
18.2801  1.82
18.2901  2.08
18.3001  1.84
18.3101  2.34
18.3201  1.91
18.3301  1.88
18.3401  2.1
18.3501  2.01
18.3601  2.12
18.3701  2.02
18.3801  2.18
18.3901  1.73
18.4001  1.84
18.4101  2.08
18.4201  1.87
18.4301  2.17
18.4401  2.25
18.4501  2.04
18.4601  1.99
18.4701  1.86
18.4801  2.1
18.4901  2.17
18.5001  1.96
18.5101  2.09
18.5201  1.89
18.5301  2.2
18.5401  2.04
18.5501  1.77
18.5601  2.19
18.5701  2.07
18.5801  2.1
18.5901  2.29
18.6001  1.95
18.6101  2.03
18.6201  1.7
18.6301  2.26
18.6401  2.11
18.6501  2.09
18.6601  1.9
18.6701  1.96
18.6801  2.08
18.6901  2.19
18.7001  1.83
18.7101  1.81
18.7201  1.99
18.7301  2.09
18.7401  2.23
18.7501  1.98
18.7601  2.05
18.7701  1.78
18.7801  2.07
18.7901  1.86
18.8001  2.05
18.8101  1.97
18.8201  2.01
18.8301  2.33
18.8401  1.95
18.8501  2.05
18.8601  1.96
18.8701  1.95
18.8801  2.14
18.8901  1.72
18.9001  2.17
18.9101  2.07
18.9201  1.93
18.9301  2.06
18.9401  2.11
18.9501  1.87
18.9601  2.13
18.9701  1.93
18.9801  1.96
18.9901  2.1
19.0001  1.95
19.0101  2.21
19.0201  1.95
19.0301  2.04
19.0401  2.03
19.0501  2.12
19.0601  1.89
19.0701  2.13
19.0801  2.06
19.0901  2.05
19.1001  1.98
19.1101  1.81
19.1201  2.03
19.1301  1.99
19.1401  2.14
19.1501  2.09
19.1601  1.83
19.1701  1.85
19.1801  1.71
19.1901  2.19
19.2001  2.11
19.2101  2.07
19.2201  2.21
19.2301  1.97
19.2401  2.02
19.2501  2.27
19.2601  2.05
19.2701  1.92
19.2801  2.09
19.2901  2.05
19.3001  1.8
19.3101  2.18
19.3201  1.91
19.3301  2.14
19.3401  1.99
19.3501  2.08
19.3601  2.04
19.3701  1.82
19.3801  1.96
19.3901  2.12
19.4001  1.79
19.4101  2.18
19.4201  2.05
19.4301  2.41
19.4401  2.13
19.4501  2.08
19.4601  1.87
19.4701  2.22
19.4801  1.97
19.4901  2.01
19.5001  1.81
19.5101  2.02
19.5201  2.14
19.5301  1.98
19.5401  2.08
19.5501  1.73
19.5601  2.16
19.5701  1.81
19.5801  1.85
19.5901  2.03
19.6001  2.18
19.6101  1.86
19.6201  1.95
19.6301  1.98
19.6401  2.08
19.6501  2.09
19.6601  1.82
19.6701  2.06
19.6801  1.83
19.6901  2.2
19.7001  2.07
19.7101  2.09
19.7201  1.87
19.7301  2.1
19.7401  1.82
19.7501  1.87
19.7601  2.08
19.7701  2.09
19.7801  2.03
19.7901  2.07
19.8001  1.91
19.8101  1.91
19.8201  2.05
19.8301  1.99
19.8401  2.16
19.8501  1.9
19.8601  2.08
19.8701  1.92
19.8801  2.07
19.8901  2.02
19.9001  2.23
19.9101  1.82
19.9201  2
19.9301  2.18
19.9401  2.02
19.9501  2.4
19.9601  1.97
19.9701  1.89
19.9801  1.94
19.9901  1.77
20.0001  2.18
20.0101  2.07
20.0201  2.1
20.0301  2.1
20.0401  1.95
20.0501  2.06
20.0601  2.11
20.0701  2.02
20.0801  2.18
20.0901  1.97
20.1001  2.23
20.1101  2
20.1201  2.01
20.1301  1.99
20.1401  1.83
20.1501  2.14
20.1601  2.12
20.1701  2.26
20.1801  1.92
20.1901  1.87
20.2001  1.98
20.2101  1.66
20.2201  1.97
20.2301  1.85
20.2401  2.18
20.2501  2.04
20.2601  1.97
20.2701  2.38
20.2801  1.75
20.2901  1.94
20.3001  1.79
20.3101  1.98
20.3201  1.82
20.3301  2.14
20.3401  1.9
20.3501  1.91
20.3601  1.96
20.3701  1.94
20.3801  2.16
20.3901  1.88
20.4001  2.1
20.4101  1.97
20.4201  1.74
20.4301  2.32
20.4401  1.88
20.4501  1.86
20.4601  1.95
20.4701  1.91
20.4801  2.02
20.4901  2.12
20.5001  2.11
20.5101  1.95
20.5201  2.01
20.5301  2.19
20.5401  2.07
20.5501  2.15
20.5601  1.94
20.5701  2.09
20.5801  2.17
20.5901  2.16
20.6001  2.09
20.6101  2.31
20.6201  2.07
20.6301  2.1
20.6401  2.1
20.6501  2.11
20.6601  2.21
20.6701  2
20.6801  1.91
20.6901  2.09
20.7001  2.06
20.7101  1.82
20.7201  1.89
20.7301  2.23
20.7401  1.9
20.7501  2.06
20.7601  1.99
20.7701  2.19
20.7801  1.89
20.7901  1.92
20.8001  2.02
20.8101  2.02
20.8201  1.84
20.8301  2
20.8401  2.22
20.8501  1.98
20.8601  1.96
20.8701  1.85
20.8801  2.01
20.8901  2.17
20.9001  1.93
20.9101  1.78
20.9201  1.96
20.9301  1.96
20.9401  1.89
20.9501  2.21
20.9601  2.14
20.9701  1.9
20.9801  1.93
20.9901  1.79
21.0001  1.97
21.0101  2.06
21.0201  2.17
21.0301  1.98
21.0401  2.21
21.0501  2.13
21.0601  2.01
21.0701  1.93
21.0801  1.99
21.0901  2.23
21.1001  2.07
21.1101  1.84
21.1201  2.14
21.1301  2.11
21.1401  2.22
21.1501  2.01
21.1601  1.94
21.1701  2.06
21.1801  2.07
21.1901  2.24
21.2001  2.07
21.2101  2.04
21.2201  1.95
21.2301  2.05
21.2401  2.13
21.2501  2.04
21.2601  2.03
21.2701  2.01
21.2801  1.61
21.2901  1.95
21.3001  2.1
21.3101  2.2
21.3201  2.11
21.3301  2.07
21.3401  2.18
21.3501  1.92
21.3601  1.99
21.3701  1.91
21.3801  1.99
21.3901  2.1
21.4001  2.06
21.4101  2
21.4201  2
21.4301  1.95
21.4401  2.18
21.4501  2.02
21.4601  1.72
21.4701  2.07
21.4801  2.05
21.4901  2.21
21.5001  2.26
21.5101  1.82
21.5201  1.93
21.5301  2.18
21.5401  2.23
21.5501  1.83
21.5601  1.89
21.5701  2.28
21.5801  2.09
21.5901  1.94
21.6001  1.93
21.6101  2.13
21.6201  1.99
21.6301  2.04
21.6401  2.06
21.6501  2.01
21.6601  2.2
21.6701  2.01
21.6801  2
21.6901  1.87
21.7001  1.96
21.7101  1.92
21.7201  2.11
21.7301  2.14
21.7401  1.72
21.7501  2.04
21.7601  2.22
21.7701  2.07
21.7801  1.87
21.7901  1.98
21.8001  1.97
21.8101  1.74
21.8201  1.98
21.8301  1.97
21.8401  2.03
21.8501  2.09
21.8601  2.27
21.8701  1.81
21.8801  2.07
21.8901  1.97
21.9001  2
21.9101  2.07
21.9201  2.06
21.9301  1.9
21.9401  2.12
21.9501  2.02
21.9601  1.99
21.9701  2.13
21.9801  2.16
21.9901  1.92
22.0001  2.13
22.0101  1.9
22.0201  2.01
22.0301  2.12
22.0401  2.16
22.0501  2.27
22.0601  1.82
22.0701  2.3
22.0801  2.17
22.0901  1.89
22.1001  2.01
22.1101  2.07
22.1201  2.07
22.1301  2
22.1401  2.14
22.1501  2.04
22.1601  2.13
22.1701  1.97
22.1801  2.07
22.1901  1.77
22.2001  2.06
22.2101  2.07
22.2201  1.82
22.2301  1.99
22.2401  2.1
22.2501  2.03
22.2601  1.87
22.2701  1.96
22.2801  1.87
22.2901  2.23
22.3001  1.99
22.3101  2.09
22.3201  2.11
22.3301  2.06
22.3401  2
22.3501  1.76
22.3601  1.97
22.3701  1.78
22.3801  1.99
22.3901  1.92
22.4001  1.97
22.4101  2.29
22.4201  1.9
22.4301  2.06
22.4401  2
22.4501  2.1
22.4601  2.19
22.4701  1.98
22.4801  1.83
22.4901  1.97
22.5001  2.11
22.5101  2.08
22.5201  1.73
22.5301  2.08
22.5401  2.04
22.5501  2.21
22.5601  2.09
22.5701  1.79
22.5801  2.16
22.5901  2.1
22.6001  2.16
22.6101  1.92
22.6201  2.06
22.6301  2.16
22.6401  2.06
22.6501  1.88
22.6601  1.97
22.6701  2.27
22.6801  1.84
22.6901  1.99
22.7001  2
22.7101  2.09
22.7201  2.09
22.7301  2.2
22.7401  2.01
22.7501  2.13
22.7601  1.78
22.7701  1.95
22.7801  1.98
22.7901  2.26
22.8001  2.09
22.8101  2.02
22.8201  1.97
22.8301  1.66
22.8401  2.21
22.8501  2
22.8601  1.92
22.8701  2.1
22.8801  1.84
22.8901  2.01
22.9001  2.1
22.9101  1.93
22.9201  1.91
22.9301  2
22.9401  2.33
22.9501  2.03
22.9601  1.71
22.9701  1.91
22.9801  1.95
22.9901  2.09
23.0001  2.1
23.0101  2.09
23.0201  1.89
23.0301  2.09
23.0401  2.07
23.0501  1.86
23.0601  2
23.0701  2.19
23.0801  1.87
23.0901  2.08
23.1001  2.02
23.1101  2.01
23.1201  1.9
23.1301  1.8
23.1401  2.11
23.1501  1.94
23.1601  1.7
23.1701  1.94
23.1801  1.95
23.1901  2.06
23.2001  2.04
23.2101  2.03
23.2201  2.22
23.2301  1.96
23.2401  2
23.2501  2.12
23.2601  2.05
23.2701  2.06
23.2801  1.89
23.2901  2.03
23.3001  1.99
23.3101  2.08
23.3201  1.93
23.3301  2
23.3401  2.1
23.3501  1.94
23.3601  1.98
23.3701  2.15
23.3801  2.12
23.3901  1.97
23.4001  1.97
23.4101  2.01
23.4201  2.23
23.4301  2.21
23.4401  1.81
23.4501  2.22
23.4601  1.98
23.4701  2.14
23.4801  2.04
23.4901  2.17
23.5001  1.71
23.5101  2.15
23.5201  2.07
23.5301  2.24
23.5401  1.95
23.5501  1.91
23.5601  2
23.5701  2.07
23.5801  2.15
23.5901  2.1
23.6001  1.8
23.6101  1.84
23.6201  1.99
23.6301  2.02
23.6401  2.05
23.6501  1.85
23.6601  1.73
23.6701  2.31
23.6801  1.94
23.6901  2.34
23.7001  1.95
23.7101  2.03
23.7201  1.93
23.7301  2.08
23.7401  1.91
23.7501  2.14
23.7601  2.07
23.7701  1.92
23.7801  1.91
23.7901  2.04
23.8001  1.96
23.8101  1.92
23.8201  1.82
23.8301  2.16
23.8401  1.9
23.8501  2.21
23.8601  1.91
23.8701  1.97
23.8801  2.15
23.8901  1.89
23.9001  1.98
23.9101  2.21
23.9201  2.04
23.9301  1.76
23.9401  2.11
23.9501  2.11
23.9601  1.9
23.9701  2.09
23.9801  2.1
23.9901  2.05
24.0001  1.96
24.0101  2.18
24.0201  1.76
24.0301  2.03
24.0401  2.13
24.0501  1.94
24.0601  2.03
24.0701  2
24.0801  1.89
24.0901  2.18
24.1001  2.29
24.1101  2
24.1201  2.15
24.1301  1.98
24.1401  1.83
24.1501  1.87
24.1601  1.99
24.1701  1.99
24.1801  2.43
24.1901  2.05
24.2001  2.11
24.2101  2.04
24.2201  1.96
24.2301  2.03
24.2401  1.97
24.2501  2.04
24.2601  2.12
24.2701  1.95
24.2801  1.96
24.2901  2.17
24.3001  2.14
24.3101  2.35
24.3201  1.94
24.3301  1.99
24.3401  1.96
24.3501  2.14
24.3601  2.08
24.3701  1.93
24.3801  2.02
24.3901  1.84
24.4001  2.1
24.4101  1.77
24.4201  1.86
24.4301  1.96
24.4401  1.93
24.4501  2.11
24.4601  2.03
24.4701  2.16
24.4801  2.02
24.4901  1.74
24.5001  1.83
24.5101  2.22
24.5201  2.09
24.5301  1.8
24.5401  2.32
24.5501  2.17
24.5601  2.05
24.5701  2.13
24.5801  1.92
24.5901  1.82
24.6001  1.92
24.6101  1.98
24.6201  2.12
24.6301  2.08
24.6401  2.01
24.6501  2.07
24.6601  1.95
24.6701  1.92
24.6801  2.01
24.6901  1.84
24.7001  1.84
24.7101  2.18
24.7201  1.87
24.7301  2.09
24.7401  2.1
24.7501  2.07
24.7601  1.97
24.7701  2.19
24.7801  1.95
24.7901  1.9
24.8001  2.22
24.8101  2.05
24.8201  2.35
24.8301  1.94
24.8401  1.82
24.8501  2.22
24.8601  2.04
24.8701  2.14
24.8801  2.02
24.8901  1.88
24.9001  2.04
24.9101  1.95
24.9201  2.23
24.9301  2.01
24.9401  1.77
24.9501  2.08
24.9601  1.95
24.9701  2.17
24.9801  2.23
24.9901  2.15
25.0001  1.85
25.0101  1.77
25.0201  2.04
25.0301  1.98
25.0401  2.02
25.0501  1.92
25.0601  2.12
25.0701  2.36
25.0801  1.95
25.0901  1.9
25.1001  2.17
25.1101  1.85
25.1201  2.04
25.1301  1.88
25.1401  2.12
25.1501  2.04
25.1601  1.86
25.1701  2.05
25.1801  2.01
25.1901  1.84
25.2001  1.91
25.2101  2.08
25.2201  2.16
25.2301  1.99
25.2401  1.96
25.2501  1.9
25.2601  2.2
25.2701  2.1
25.2801  1.88
25.2901  1.89
25.3001  1.86
25.3101  2.07
25.3201  2.14
25.3301  2.05
25.3401  1.77
25.3501  1.96
25.3601  2.19
25.3701  2.2
25.3801  1.93
25.3901  2.24
25.4001  1.79
25.4101  2.1
25.4201  1.96
25.4301  1.99
25.4401  2.07
25.4501  1.8
25.4601  2
25.4701  1.98
25.4801  2.08
25.4901  2.43
25.5001  1.93
25.5101  2.06
25.5201  2.14
25.5301  2.14
25.5401  2.07
25.5501  2.08
25.5601  2.1
25.5701  1.74
25.5801  2.08
25.5901  2.08
25.6001  1.88
25.6101  2.02
25.6201  2.3
25.6301  2.13
25.6401  1.83
25.6501  1.92
25.6601  1.94
25.6701  2.08
25.6801  2.13
25.6901  1.7
25.7001  1.95
25.7101  1.87
25.7201  2.18
25.7301  1.88
25.7401  2.09
25.7501  2.01
25.7601  1.93
25.7701  2.15
25.7801  2.19
25.7901  2.02
25.8001  1.94
25.8101  2.01
25.8201  1.92
25.8301  1.95
25.8401  1.96
25.8501  1.88
25.8601  1.94
25.8701  1.92
25.8801  2.31
25.8901  2.01
25.9001  1.87
25.9101  1.89
25.9201  1.94
25.9301  2.1
25.9401  2
25.9501  1.84
25.9601  2
25.9701  2.02
25.9801  2.17
25.9901  1.81
26.0001  2.16
26.0101  2.09
26.0201  1.92
26.0301  2.12
26.0401  1.9
26.0501  2.19
26.0601  2.07
26.0701  1.97
26.0801  2.07
26.0901  2.06
26.1001  1.74
26.1101  2.17
26.1201  1.98
26.1301  2.13
26.1401  2
26.1501  2.26
26.1601  1.97
26.1701  1.85
26.1801  2
26.1901  1.88
26.2001  1.91
26.2101  2.1
26.2201  2.26
26.2301  1.79
26.2401  1.83
26.2501  2.08
26.2601  2.23
26.2701  2
26.2801  1.95
26.2901  2.24
26.3001  1.79
26.3101  2.02
26.3201  1.96
26.3301  2.17
26.3401  2.09
26.3501  1.84
26.3601  1.85
26.3701  2.02
26.3801  1.82
26.3901  2.3
26.4001  2.14
26.4101  2.11
26.4201  2.03
26.4301  2.23
26.4401  1.88
26.4501  1.81
26.4601  2.09
26.4701  2.15
26.4801  2.04
26.4901  1.97
26.5001  1.95
26.5101  1.96
26.5201  1.85
26.5301  1.92
26.5401  1.78
26.5501  2.13
26.5601  2.14
26.5701  1.99
26.5801  2.15
26.5901  1.95
26.6001  2.26
26.6101  2.23
26.6201  1.91
26.6301  1.99
26.6401  1.83
26.6501  1.9
26.6601  2.06
26.6701  2.07
26.6801  2.16
26.6901  2.14
26.7001  2.03
26.7101  2.07
26.7201  1.85
26.7301  1.99
26.7401  2.23
26.7501  1.95
26.7601  2.05
26.7701  1.95
26.7801  2.01
26.7901  1.78
26.8001  2.35
26.8101  2.1
26.8201  1.91
26.8301  1.78
26.8401  2.1
26.8501  2.28
26.8601  1.98
26.8701  1.85
26.8801  2.12
26.8901  1.97
26.9001  2.08
26.9101  2.2
26.9201  1.84
26.9301  2.16
26.9401  1.76
26.9501  1.97
26.9601  1.92
26.9701  2.1
26.9801  2.15
26.9901  2.04
27.0001  1.86
27.0101  2.35
27.0201  1.89
27.0301  1.9
27.0401  2.19
27.0501  1.99
27.0601  2.17
27.0701  1.83
27.0801  1.85
27.0901  2
27.1001  2.04
27.1101  2.06
27.1201  2.11
27.1301  1.77
27.1401  2.02
27.1501  2.09
27.1601  2.05
27.1701  1.91
27.1801  2.02
27.1901  2.05
27.2001  2.1
27.2101  2.18
27.2201  1.94
27.2301  2.07
27.2401  1.98
27.2501  2.01
27.2601  2.12
27.2701  1.93
27.2801  2.03
27.2901  2.2
27.3001  1.92
27.3101  1.9
27.3201  2.18
27.3301  1.93
27.3401  1.81
27.3501  1.97
27.3601  2.19
27.3701  1.99
27.3801  1.97
27.3901  2.17
27.4001  2.02
27.4101  1.81
27.4201  2.29
27.4301  2.1
27.4401  1.88
27.4501  2.24
27.4601  1.95
27.4701  1.91
27.4801  1.75
27.4901  2.09
27.5001  2.08
27.5101  2.09
27.5201  1.94
27.5301  1.86
27.5401  2.02
27.5501  2.04
27.5601  2
27.5701  2.01
27.5801  1.94
27.5901  2.11
27.6001  2.04
27.6101  2.19
27.6201  2.03
27.6301  1.98
27.6401  1.86
27.6501  1.74
27.6601  2.15
27.6701  1.92
27.6801  2.27
27.6901  1.81
27.7001  1.72
27.7101  2.21
27.7201  2.02
27.7301  2.17
27.7401  1.89
27.7501  2.17
27.7601  1.89
27.7701  1.88
27.7801  2.12
27.7901  2.12
27.8001  1.91
27.8101  1.93
27.8201  2.12
27.8301  2.03
27.8401  1.97
27.8501  1.89
27.8601  1.94
27.8701  2.24
27.8801  2.23
27.8901  2.14
27.9001  1.85
27.9101  2.04
27.9201  1.91
27.9301  2.19
27.9401  1.95
27.9501  2.06
27.9601  1.99
27.9701  2.07
27.9801  1.88
27.9901  2
28.0001  2
28.0101  2.26
28.0201  2.27
28.0301  2.05
28.0401  1.77
28.0501  2.05
28.0601  2.09
28.0701  1.8
28.0801  2.19
28.0901  2.08
28.1001  1.79
28.1101  2.2
28.1201  2.06
28.1301  1.93
28.1401  1.99
28.1501  1.76
28.1601  2.09
28.1701  2.2
28.1801  2.04
28.1901  1.88
28.2001  2.11
28.2101  1.99
28.2201  2.13
28.2301  2.06
28.2401  2.06
28.2501  1.97
28.2601  1.8
28.2701  1.9
28.2801  2.1
28.2901  2.12
28.3001  1.93
28.3101  1.95
28.3201  1.92
28.3301  2.31
28.3401  1.96
28.3501  1.77
28.3601  2.1
28.3701  1.96
28.3801  2.01
28.3901  2.19
28.4001  2.07
28.4101  1.96
28.4201  1.91
28.4301  2.34
28.4401  1.97
28.4501  2.17
28.4601  2.1
28.4701  1.9
28.4801  1.82
28.4901  2.13
28.5001  2.23
28.5101  1.86
28.5201  2.02
28.5301  2.07
28.5401  1.82
28.5501  2.26
28.5601  1.93
28.5701  2.48
28.5801  2.13
28.5901  1.99
28.6001  2.04
28.6101  2.01
28.6201  1.88
28.6301  2.03
28.6401  1.9
28.6501  2.41
28.6601  2.11
28.6701  2.09
28.6801  2.09
28.6901  1.82
28.7001  2.11
28.7101  1.97
28.7201  1.88
28.7301  2.02
28.7401  1.95
28.7501  1.83
28.7601  2.12
28.7701  1.97
28.7801  1.98
28.7901  1.91
28.8001  2.12
28.8101  2.03
28.8201  2.3
28.8301  2.04
28.8401  1.9
28.8501  1.96
28.8601  1.9
28.8701  2.05
28.8801  2.17
28.8901  1.79
28.9001  1.92
28.9101  1.97
28.9201  1.99
28.9301  2.14
28.9401  1.87
28.9501  1.91
28.9601  2.07
28.9701  2.06
28.9801  1.95
28.9901  1.79
29.0001  1.94
29.0101  2.03
29.0201  1.91
29.0301  1.75
29.0401  2.2
29.0501  1.94
29.0601  2.15
29.0701  2.26
29.0801  1.92
29.0901  2.15
29.1001  1.89
29.1101  2.06
29.1201  2
29.1301  2.03
29.1401  1.99
29.1501  2.19
29.1601  2.09
29.1701  1.94
29.1801  2.24
29.1901  1.81
29.2001  2.07
29.2101  1.84
29.2201  1.95
29.2301  1.96
29.2401  1.92
29.2501  2.22
29.2601  2.11
29.2701  2.28
29.2801  2.17
29.2901  1.95
29.3001  1.92
29.3101  2.14
29.3201  1.98
29.3301  2
29.3401  2.09
29.3501  1.93
29.3601  2.19
29.3701  2.02
29.3801  2.14
29.3901  2
29.4001  1.95
29.4101  2.01
29.4201  1.84
29.4301  2.02
29.4401  1.93
29.4501  1.97
29.4601  2.12
29.4701  2
29.4801  2.13
29.4901  1.87
29.5001  2.12
29.5101  1.96
29.5201  1.83
29.5301  1.82
29.5401  2.09
29.5501  2.19
29.5601  1.97
29.5701  2.08
29.5801  2.02
29.5901  1.92
29.6001  2.15
29.6101  2.05
29.6201  2.01
29.6301  2.01
29.6401  2.01
29.6501  1.9
29.6601  1.98
29.6701  1.98
29.6801  1.92
29.6901  2.2
29.7001  1.82
29.7101  1.91
29.7201  1.88
29.7301  2.11
29.7401  1.9
29.7501  2.04
29.7601  2.12
29.7701  1.96
29.7801  2.09
29.7901  1.93
29.8001  2.17
29.8101  2.12
29.8201  2.17
29.8301  1.88
29.8401  2.06
29.8501  1.77
29.8601  1.72
29.8701  2.28
29.8801  2.11
29.8901  2.05
29.9001  2.15
29.9101  1.86
29.9201  2.07
29.9301  2.05
29.9401  1.72
29.9501  1.91
29.9601  2.12
29.9701  2.26
29.9801  2.16
29.9901  2.03
30.0001  2.09
30.0101  1.86
30.0201  1.94
30.0301  2
30.0401  1.92
30.0501  2.05
30.0601  2.03
30.0701  2.06
30.0801  2.18
30.0901  1.96
30.1001  2.08
30.1101  2
30.1201  1.98
30.1301  2.28
30.1401  2.05
30.1501  2.18
30.1601  2.01
30.1701  1.74
30.1801  1.87
30.1901  2.05
30.2001  1.93
30.2101  2.16
30.2201  1.87
30.2301  2.04
30.2401  2.04
30.2501  2
30.2601  1.88
30.2701  1.94
30.2801  2.13
30.2901  1.93
30.3001  1.9
30.3101  1.99
30.3201  1.98
30.3301  2.08
30.3401  2.11
30.3501  1.78
30.3601  2.07
30.3701  1.84
30.3801  2.03
30.3901  2.1
30.4001  1.85
30.4101  1.79
30.4201  2.02
30.4301  1.92
30.4401  1.93
30.4501  2.07
30.4601  1.97
30.4701  1.98
30.4801  1.93
30.4901  1.93
30.5001  2.31
30.5101  2.22
30.5201  1.94
30.5301  2.07
30.5401  1.93
30.5501  1.98
30.5601  1.9
30.5701  2.05
30.5801  2
30.5901  1.94
30.6001  2.12
30.6101  2.19
30.6201  1.86
30.6301  2.06
30.6401  2.34
30.6501  1.86
30.6601  1.92
30.6701  2.11
30.6801  2.16
30.6901  1.92
30.7001  2.03
30.7101  1.89
30.7201  1.96
30.7301  1.91
30.7401  1.97
30.7501  2.17
30.7601  2.1
30.7701  1.91
30.7801  1.92
30.7901  2.1
30.8001  2.18
30.8101  2.13
30.8201  2
30.8301  1.85
30.8401  1.9
30.8501  1.87
30.8601  1.82
30.8701  1.93
30.8801  1.88
30.8901  1.98
30.9001  2.04
30.9101  1.77
30.9201  2.06
30.9301  2.11
30.9401  2.07
30.9501  2.04
30.9601  2.1
30.9701  2.27
30.9801  1.99
30.9901  1.92
31.0001  1.85
31.0101  2.02
31.0201  1.92
31.0301  1.86
31.0401  2.06
31.0501  1.88
31.0601  1.84
31.0701  2.21
31.0801  1.82
31.0901  1.94
31.1001  1.98
31.1101  1.99
31.1201  1.94
31.1301  2
31.1401  2.08
31.1501  1.92
31.1601  2.16
31.1701  2.01
31.1801  2.05
31.1901  1.99
31.2001  1.9
31.2101  1.89
31.2201  2.23
31.2301  2.04
31.2401  1.9
31.2501  2.18
31.2601  2.27
31.2701  2.06
31.2801  1.83
31.2901  1.87
31.3001  1.92
31.3101  2.04
31.3201  2.13
31.3301  2.03
31.3401  2.16
31.3501  1.87
31.3601  1.86
31.3701  1.88
31.3801  2.03
31.3901  1.86
31.4001  2.23
31.4101  2.31
31.4201  1.79
31.4301  1.86
31.4401  2.06
31.4501  1.94
31.4601  2.14
31.4701  1.89
31.4801  1.94
31.4901  1.96
31.5001  2.23
31.5101  1.99
31.5201  2.17
31.5301  1.98
31.5401  2.17
31.5501  2.1
31.5601  1.87
31.5701  1.91
31.5801  2.09
31.5901  1.98
31.6001  2.2
31.6101  1.88
31.6201  2.18
31.6301  1.99
31.6401  1.87
31.6501  2.03
31.6601  2.07
31.6701  2.07
31.6801  1.92
31.6901  2.06
31.7001  1.94
31.7101  2.03
31.7201  1.71
31.7301  1.83
31.7401  2.09
31.7501  2.01
31.7601  1.96
31.7701  2.04
31.7801  2.12
31.7901  1.84
31.8001  1.91
31.8101  2.12
31.8201  1.84
31.8301  1.98
31.8401  2.01
31.8501  2.18
31.8601  2.01
31.8701  1.88
31.8801  1.92
31.8901  1.95
31.9001  1.97
31.9101  2.04
31.9201  1.94
31.9301  2.16
31.9401  2.14
31.9501  1.92
31.9601  1.87
31.9701  1.99
31.9801  2.11
31.9901  2.05
32.0001  1.82
32.0101  2.02
32.0201  1.93
32.0301  2.03
32.0401  2
32.0501  2.02
32.0601  1.71
32.0701  1.97
32.0801  2.38
32.0901  2.08
32.1001  2.14
32.1101  1.92
32.1201  2.05
32.1301  1.83
32.1401  2.05
32.1501  2.11
32.1601  2.09
32.1701  2.18
32.1801  1.97
32.1901  2.13
32.2001  1.85
32.2101  2.13
32.2201  2.09
32.2301  1.96
32.2401  1.79
32.2501  2.01
32.2601  1.87
32.2701  2.07
32.2801  1.95
32.2901  2.07
32.3001  2.08
32.3101  2.02
32.3201  2.64
32.3301  1.92
32.3401  2.05
32.3501  1.86
32.3601  2.21
32.3701  1.89
32.3801  1.95
32.3901  2.01
32.4001  1.96
32.4101  2.06
32.4201  2.04
32.4301  2.22
32.4401  1.9
32.4501  1.72
32.4601  2.06
32.4701  1.88
32.4801  2
32.4901  2.23
32.5001  2.05
32.5101  2.03
32.5201  1.73
32.5301  2.07
32.5401  1.8
32.5501  2.01
32.5601  1.89
32.5701  2.05
32.5801  2.22
32.5901  2.31
32.6001  2.17
32.6101  1.8
32.6201  1.87
32.6301  1.87
32.6401  1.77
32.6501  2.27
32.6601  2.02
32.6701  2.25
32.6801  1.89
32.6901  1.75
32.7001  2.08
32.7101  1.88
32.7201  2.31
32.7301  2.14
32.7401  2.08
32.7501  2.07
32.7601  2.21
32.7701  2.05
32.7801  1.89
32.7901  1.8
32.8001  1.98
32.8101  2.21
32.8201  1.94
32.8301  2.14
32.8401  2.04
32.8501  2
32.8601  2.4
32.8701  2.1
32.8801  1.9
32.8901  2.07
32.9001  1.95
32.9101  2.03
32.9201  1.94
32.9301  1.93
32.9401  2.15
32.9501  1.96
32.9601  1.87
32.9701  2.11
32.9801  2.16
32.9901  2
33.0001  2.04
33.0101  1.87
33.0201  2.07
33.0301  2.23
33.0401  2.17
33.0501  2.13
33.0601  2
33.0701  2.02
33.0801  1.96
33.0901  1.91
33.1001  1.82
33.1101  2.06
33.1201  1.78
33.1301  1.92
33.1401  2.02
33.1501  1.91
33.1601  2.25
33.1701  2.35
33.1801  2.17
33.1901  1.9
33.2001  2.07
33.2101  1.98
33.2201  1.93
33.2301  1.82
33.2401  1.78
33.2501  2.26
33.2601  2.01
33.2701  2.04
33.2801  1.98
33.2901  1.98
33.3001  2.02
33.3101  1.95
33.3201  2.36
33.3301  1.97
33.3401  2.02
33.3501  1.98
33.3601  2.05
33.3701  1.88
33.3801  2.09
33.3901  2.3
33.4001  2.15
33.4101  1.83
33.4201  1.84
33.4301  2.32
33.4401  1.98
33.4501  1.9
33.4601  2.14
33.4701  1.91
33.4801  2.18
33.4901  2.17
33.5001  2.02
33.5101  2.17
33.5201  2.09
33.5301  2.03
33.5401  1.77
33.5501  1.83
33.5601  1.95
33.5701  2.24
33.5801  1.85
33.5901  1.96
33.6001  2.15
33.6101  1.93
33.6201  1.96
33.6301  2.02
33.6401  2.2
33.6501  2.1
33.6601  1.94
33.6701  1.92
33.6801  2.07
33.6901  2.17
33.7001  1.9
33.7101  2.16
33.7201  1.95
33.7301  1.79
33.7401  2.21
33.7501  2.08
33.7601  2.15
33.7701  1.99
33.7801  2.04
33.7901  1.98
33.8001  1.92
33.8101  2.22
33.8201  1.99
33.8301  1.8
33.8401  2.02
33.8501  1.93
33.8601  1.99
33.8701  2
33.8801  2.04
33.8901  2.14
33.9001  1.98
33.9101  2.05
33.9201  1.95
33.9301  1.97
33.9401  1.96
33.9501  2.18
33.9601  2.21
33.9701  1.93
33.9801  1.93
33.9901  1.73
34.0001  1.84
34.0101  2.28
34.0201  2.11
34.0301  2.02
34.0401  1.93
34.0501  2.15
34.0601  2
34.0701  1.88
34.0801  2.18
34.0901  2.02
34.1001  2.12
34.1101  2.05
34.1201  1.85
34.1301  1.78
34.1401  1.91
34.1501  1.95
34.1601  2.31
34.1701  2.11
34.1801  1.95
34.1901  2.04
34.2001  2.15
34.2101  1.99
34.2201  1.86
34.2301  2.08
34.2401  2.02
34.2501  2
34.2601  2.02
34.2701  2.28
34.2801  1.94
34.2901  2
34.3001  1.78
34.3101  2.18
34.3201  1.74
34.3301  2.1
34.3401  1.97
34.3501  2.25
34.3601  1.76
34.3701  2.06
34.3801  2
34.3901  2.09
34.4001  1.95
34.4101  2.09
34.4201  1.93
34.4301  1.84
34.4401  2.1
34.4501  1.92
34.4601  2.12
34.4701  2.17
34.4801  1.9
34.4901  1.94
34.5  2.08
34.51  1.9
34.52  2.12
34.53  2.06
34.54  2.34
34.55  1.83
34.56  1.98
34.57  1.93
34.58  2.12
34.59  1.93
34.6  1.94
34.61  2.1
34.62  2.02
34.63  1.85
34.64  1.93
34.65  1.92
34.66  2.11
34.67  2.01
34.68  2.16
34.69  2.15
34.7  2.21
34.71  1.87
34.72  2.05
34.73  1.89
34.74  2.19
34.75  1.97
34.76  2.02
34.77  2.08
34.78  2.12
34.79  1.96
34.8  1.97
34.81  1.88
34.82  1.95
34.83  2.03
34.84  2.24
34.85  1.88
34.86  1.87
34.87  2.08
34.88  1.97
34.89  1.92
34.9  1.88
34.91  2.12
34.92  1.96
34.93  2.08
34.94  1.91
34.95  2
34.96  2.39
34.97  1.99
34.98  2.13
34.99  1.9
