-15  0
-14.99  0
-14.98  0.01
-14.97  0
-14.96  0.01
-14.95  0.02
-14.94  0.01
-14.93  0.01
-14.92  0.03
-14.91  0.02
-14.9  0.02
-14.89  0.02
-14.88  0.03
-14.87  0.02
-14.86  0.05
-14.85  0.02
-14.84  0.03
-14.83  0.04
-14.82  0.03
-14.81  0.04
-14.8  0.05
-14.79  0.04
-14.78  0.04
-14.77  0.03
-14.76  0.06
-14.75  0.04
-14.74  0.05
-14.73  0.04
-14.72  0.07
-14.71  0.03
-14.7  0.05
-14.69  0.07
-14.68  0.05
-14.67  0.05
-14.66  0.05
-14.65  0.05
-14.64  0.07
-14.63  0.07
-14.62  0.05
-14.61  0.06
-14.6  0.06
-14.59  0.05
-14.58  0.07
-14.57  0.06
-14.56  0.08
-14.55  0.07
-14.54  0.05
-14.53  0.07
-14.52  0.07
-14.51  0.07
-14.5  0.07
-14.49  0.08
-14.48  0.06
-14.47  0.08
-14.46  0.07
-14.45  0.07
-14.44  0.08
-14.43  0.06
-14.42  0.07
-14.41  0.09
-14.4  0.07
-14.39  0.08
-14.38  0.09
-14.37  0.08
-14.36  0.07
-14.35  0.07
-14.34  0.08
-14.33  0.09
-14.32  0.08
-14.31  0.08
-14.3  0.08
-14.29  0.09
-14.28  0.08
-14.27  0.08
-14.26  0.09
-14.25  0.08
-14.24  0.09
-14.23  0.09
-14.22  0.07
-14.21  0.09
-14.2  0.07
-14.19  0.09
-14.18  0.11
-14.17  0.09
-14.16  0.1
-14.15  0.08
-14.14  0.07
-14.13  0.1
-14.12  0.08
-14.11  0.11
-14.1  0.07
-14.09  0.1
-14.08  0.09
-14.07  0.08
-14.06  0.11
-14.05  0.09
-14.04  0.1
-14.03  0.08
-14.02  0.11
-14.01  0.08
-14  0.1
-13.99  0.08
-13.98  0.09
-13.97  0.11
-13.96  0.09
-13.95  0.09
-13.94  0.12
-13.93  0.09
-13.92  0.09
-13.91  0.09
-13.9  0.09
-13.89  0.11
-13.88  0.11
-13.87  0.07
-13.86  0.1
-13.85  0.1
-13.84  0.11
-13.83  0.1
-13.82  0.09
-13.81  0.11
-13.8  0.09
-13.79  0.11
-13.78  0.08
-13.77  0.11
-13.76  0.09
-13.75  0.09
-13.74  0.11
-13.73  0.1
-13.72  0.1
-13.71  0.1
-13.7  0.09
-13.69  0.13
-13.68  0.09
-13.67  0.11
-13.66  0.09
-13.65  0.1
-13.64  0.1
-13.63  0.09
-13.62  0.1
-13.61  0.09
-13.6  0.13
-13.59  0.11
-13.58  0.08
-13.57  0.12
-13.56  0.1
-13.55  0.08
-13.54  0.13
-13.53  0.11
-13.52  0.08
-13.51  0.08
-13.5  0.13
-13.49  0.1
-13.48  0.1
-13.47  0.12
-13.46  0.08
-13.45  0.11
-13.44  0.11
-13.43  0.1
-13.42  0.12
-13.41  0.1
-13.4  0.11
-13.39  0.08
-13.38  0.1
-13.37  0.13
-13.36  0.1
-13.35  0.09
-13.34  0.11
-13.33  0.07
-13.32  0.12
-13.31  0.12
-13.3  0.11
-13.29  0.11
-13.28  0.11
-13.27  0.09
-13.26  0.11
-13.25  0.1
-13.24  0.09
-13.23  0.11
-13.22  0.1
-13.21  0.12
-13.2  0.12
-13.19  0.09
-13.18  0.09
-13.17  0.11
-13.16  0.1
-13.15  0.13
-13.14  0.12
-13.13  0.09
-13.12  0.1
-13.11  0.11
-13.1  0.08
-13.09  0.11
-13.08  0.12
-13.07  0.09
-13.06  0.11
-13.05  0.11
-13.04  0.1
-13.03  0.11
-13.02  0.1
-13.01  0.14
-13  0.09
-12.99  0.09
-12.98  0.1
-12.97  0.12
-12.96  0.11
-12.95  0.1
-12.94  0.09
-12.93  0.12
-12.92  0.09
-12.91  0.12
-12.9  0.11
-12.89  0.09
-12.88  0.11
-12.87  0.1
-12.86  0.13
-12.85  0.12
-12.84  0.09
-12.83  0.09
-12.82  0.1
-12.81  0.13
-12.8  0.1
-12.79  0.12
-12.78  0.09
-12.77  0.11
-12.76  0.09
-12.75  0.1
-12.74  0.11
-12.73  0.12
-12.72  0.09
-12.71  0.15
-12.7  0.11
-12.69  0.08
-12.68  0.11
-12.67  0.12
-12.66  0.08
-12.65  0.12
-12.64  0.09
-12.63  0.1
-12.62  0.12
-12.61  0.09
-12.6  0.12
-12.59  0.11
-12.58  0.09
-12.57  0.13
-12.56  0.11
-12.55  0.13
-12.54  0.08
-12.53  0.1
-12.52  0.08
-12.51  0.12
-12.5  0.1
-12.49  0.13
-12.48  0.09
-12.47  0.13
-12.46  0.08
-12.45  0.09
-12.44  0.13
-12.43  0.1
-12.42  0.12
-12.41  0.11
-12.4  0.11
-12.39  0.1
-12.38  0.11
-12.37  0.1
-12.36  0.11
-12.35  0.1
-12.34  0.09
-12.33  0.14
-12.32  0.1
-12.31  0.11
-12.3  0.09
-12.29  0.1
-12.28  0.12
-12.27  0.1
-12.26  0.13
-12.25  0.1
-12.24  0.09
-12.23  0.11
-12.22  0.13
-12.21  0.1
-12.2  0.08
-12.19  0.12
-12.18  0.11
-12.17  0.11
-12.16  0.11
-12.15  0.1
-12.14  0.12
-12.13  0.06
-12.12  0.13
-12.11  0.09
-12.1  0.14
-12.09  0.09
-12.08  0.09
-12.07  0.11
-12.06  0.13
-12.05  0.1
-12.04  0.11
-12.03  0.12
-12.02  0.11
-12.01  0.11
-12  0.07
-11.99  0.13
-11.98  0.07
-11.97  0.14
-11.96  0.1
-11.95  0.08
-11.94  0.12
-11.93  0.13
-11.92  0.12
-11.91  0.08
-11.9  0.11
-11.89  0.12
-11.88  0.1
-11.87  0.08
-11.86  0.13
-11.85  0.13
-11.84  0.08
-11.83  0.09
-11.82  0.13
-11.81  0.1
-11.8  0.12
-11.79  0.07
-11.78  0.12
-11.77  0.11
-11.76  0.1
-11.75  0.13
-11.74  0.11
-11.73  0.1
-11.72  0.1
-11.71  0.09
-11.7  0.14
-11.69  0.11
-11.68  0.1
-11.67  0.1
-11.66  0.09
-11.65  0.1
-11.64  0.1
-11.63  0.12
-11.62  0.14
-11.61  0.07
-11.6  0.11
-11.59  0.12
-11.58  0.1
-11.57  0.07
-11.56  0.15
-11.55  0.09
-11.54  0.13
-11.53  0.12
-11.52  0.12
-11.51  0.1
-11.5  0.08
-11.49  0.1
-11.48  0.08
-11.47  0.13
-11.46  0.1
-11.45  0.12
-11.44  0.12
-11.43  0.08
-11.42  0.13
-11.41  0.11
-11.4  0.08
-11.39  0.11
-11.38  0.1
-11.37  0.14
-11.36  0.11
-11.35  0.11
-11.34  0.09
-11.33  0.09
-11.32  0.11
-11.31  0.12
-11.3  0.1
-11.29  0.08
-11.28  0.12
-11.27  0.1
-11.26  0.15
-11.25  0.08
-11.24  0.1
-11.23  0.1
-11.22  0.13
-11.21  0.09
-11.2  0.11
-11.19  0.14
-11.18  0.1
-11.17  0.11
-11.16  0.09
-11.15  0.1
-11.14  0.1
-11.13  0.12
-11.12  0.1
-11.11  0.1
-11.1  0.1
-11.09  0.07
-11.08  0.13
-11.07  0.16
-11.06  0.11
-11.05  0.1
-11.04  0.08
-11.03  0.11
-11.02  0.12
-11.01  0.09
-11  0.12
-10.99  0.08
-10.98  0.11
-10.97  0.13
-10.96  0.11
-10.95  0.09
-10.94  0.12
-10.93  0.1
-10.92  0.1
-10.91  0.11
-10.9  0.09
-10.89  0.12
-10.88  0.1
-10.87  0.11
-10.86  0.09
-10.85  0.12
-10.84  0.09
-10.83  0.13
-10.82  0.11
-10.81  0.15
-10.8  0.1
-10.79  0.1
-10.78  0.08
-10.77  0.11
-10.76  0.09
-10.75  0.13
-10.74  0.09
-10.73  0.1
-10.72  0.1
-10.71  0.12
-10.7  0.1
-10.69  0.12
-10.68  0.09
-10.67  0.13
-10.66  0.1
-10.65  0.12
-10.64  0.11
-10.63  0.11
-10.62  0.11
-10.61  0.08
-10.6  0.1
-10.59  0.11
-10.58  0.12
-10.57  0.08
-10.56  0.12
-10.55  0.12
-10.54  0.11
-10.53  0.09
-10.52  0.09
-10.51  0.07
-10.5  0.15
-10.49  0.13
-10.48  0.12
-10.47  0.09
-10.46  0.11
-10.45  0.12
-10.44  0.13
-10.43  0.07
-10.42  0.09
-10.41  0.12
-10.4  0.08
-10.39  0.12
-10.38  0.11
-10.37  0.09
-10.36  0.12
-10.35  0.11
-10.34  0.13
-10.33  0.09
-10.32  0.11
-10.31  0.09
-10.3  0.1
-10.29  0.1
-10.28  0.12
-10.27  0.12
-10.26  0.12
-10.25  0.11
-10.24  0.09
-10.23  0.12
-10.22  0.07
-10.21  0.13
-10.2  0.11
-10.19  0.09
-10.18  0.12
-10.17  0.11
-10.16  0.11
-10.15  0.08
-10.14  0.12
-10.13  0.11
-10.12  0.1
-10.11  0.09
-10.1  0.13
-10.09  0.09
-10.08  0.12
-10.07  0.12
-10.06  0.08
-10.05  0.14
-10.04  0.1
-10.03  0.09
-10.02  0.13
-10.01  0.1
-10  0.1
-9.99  0.09
-9.98  0.14
-9.97  0.08
-9.96  0.14
-9.95  0.07
-9.94  0.13
-9.93  0.07
-9.92  0.1
-9.91  0.11
-9.9  0.12
-9.89  0.12
-9.88  0.1
-9.87  0.09
-9.86  0.15
-9.85  0.14
-9.84  0.08
-9.83  0.07
-9.82  0.1
-9.81  0.13
-9.8  0.11
-9.79  0.13
-9.78  0.09
-9.77  0.09
-9.76  0.08
-9.75  0.11
-9.74  0.1
-9.73  0.12
-9.72  0.11
-9.71  0.12
-9.7  0.12
-9.69  0.08
-9.68  0.13
-9.67  0.11
-9.66  0.1
-9.65  0.12
-9.64  0.09
-9.63  0.1
-9.62  0.1
-9.61  0.09
-9.6  0.14
-9.59  0.1
-9.58  0.12
-9.57  0.09
-9.56  0.11
-9.55  0.12
-9.54  0.09
-9.53  0.1
-9.52  0.09
-9.51  0.12
-9.5  0.11
-9.49  0.09
-9.48  0.11
-9.47  0.1
-9.46  0.13
-9.45  0.15
-9.44  0.09
-9.43  0.1
-9.42  0.09
-9.41  0.12
-9.4  0.11
-9.39  0.1
-9.38  0.13
-9.37  0.07
-9.36  0.08
-9.35  0.14
-9.34  0.1
-9.33  0.12
-9.32  0.1
-9.31  0.1
-9.3  0.13
-9.29  0.08
-9.28  0.13
-9.27  0.08
-9.26  0.1
-9.25  0.12
-9.24  0.11
-9.23  0.14
-9.22  0.09
-9.21  0.11
-9.2  0.1
-9.19  0.07
-9.18  0.16
-9.17  0.09
-9.16  0.11
-9.15  0.11
-9.14  0.08
-9.13  0.1
-9.12  0.11
-9.11  0.1
-9.1  0.09
-9.09  0.13
-9.08  0.1
-9.07  0.15
-9.06  0.11
-9.05  0.07
-9.04  0.14
-9.03  0.11
-9.02  0.07
-9.01  0.15
-9  0.09
-8.99  0.12
-8.98  0.08
-8.97  0.12
-8.96  0.07
-8.95  0.12
-8.94  0.12
-8.93  0.1
-8.92  0.08
-8.91  0.12
-8.9  0.12
-8.89  0.15
-8.88  0.05
-8.87  0.12
-8.86  0.12
-8.85  0.09
-8.84  0.1
-8.83  0.11
-8.82  0.1
-8.81  0.15
-8.8  0.08
-8.79  0.09
-8.78  0.13
-8.77  0.1
-8.76  0.13
-8.75  0.08
-8.74  0.1
-8.73  0.11
-8.72  0.09
-8.71  0.12
-8.7  0.1
-8.69  0.12
-8.68  0.09
-8.67  0.13
-8.66  0.11
-8.65  0.08
-8.64  0.13
-8.63  0.11
-8.62  0.1
-8.61  0.1
-8.6  0.1
-8.59  0.14
-8.58  0.06
-8.57  0.12
-8.56  0.13
-8.55  0.09
-8.54  0.15
-8.53  0.07
-8.52  0.13
-8.51  0.08
-8.5  0.11
-8.49  0.09
-8.48  0.11
-8.47  0.08
-8.46  0.12
-8.45  0.11
-8.44  0.12
-8.43  0.13
-8.42  0.07
-8.41  0.15
-8.4  0.08
-8.39  0.09
-8.38  0.12
-8.37  0.12
-8.36  0.12
-8.35  0.13
-8.34  0.08
-8.33  0.11
-8.32  0.1
-8.31  0.08
-8.3  0.11
-8.29  0.12
-8.28  0.08
-8.27  0.12
-8.26  0.11
-8.25  0.12
-8.24  0.1
-8.23  0.1
-8.22  0.12
-8.21  0.1
-8.2  0.09
-8.19  0.13
-8.18  0.12
-8.17  0.07
-8.16  0.12
-8.15  0.09
-8.14  0.11
-8.13  0.09
-8.12  0.17
-8.11  0.1
-8.1  0.08
-8.09  0.1
-8.08  0.14
-8.07  0.08
-8.06  0.07
-8.05  0.1
-8.04  0.11
-8.03  0.17
-8.02  0.08
-8.01  0.14
-8  0.08
-7.99  0.1
-7.98  0.11
-7.97  0.09
-7.96  0.14
-7.95  0.13
-7.94  0.1
-7.93  0.1
-7.92  0.14
-7.91  0.07
-7.9  0.1
-7.89  0.09
-7.88  0.09
-7.87  0.12
-7.86  0.08
-7.85  0.13
-7.84  0.1
-7.83  0.11
-7.82  0.11
-7.81  0.13
-7.8  0.1
-7.79  0.09
-7.78  0.13
-7.77  0.1
-7.76  0.09
-7.75  0.11
-7.74  0.11
-7.73  0.07
-7.72  0.14
-7.71  0.09
-7.7  0.13
-7.69  0.1
-7.68  0.11
-7.67  0.17
-7.66  0.1
-7.65  0.08
-7.64  0.09
-7.63  0.11
-7.62  0.09
-7.61  0.09
-7.6  0.11
-7.59  0.09
-7.58  0.08
-7.57  0.13
-7.56  0.14
-7.55  0.09
-7.54  0.13
-7.53  0.11
-7.52  0.09
-7.51  0.09
-7.5  0.13
-7.49  0.15
-7.48  0.09
-7.47  0.11
-7.46  0.1
-7.45  0.09
-7.44  0.09
-7.43  0.13
-7.42  0.08
-7.41  0.09
-7.4  0.16
-7.39  0.09
-7.38  0.13
-7.37  0.08
-7.36  0.09
-7.35  0.08
-7.34  0.11
-7.33  0.13
-7.32  0.12
-7.31  0.09
-7.3  0.14
-7.29  0.07
-7.28  0.12
-7.27  0.1
-7.26  0.15
-7.25  0.11
-7.24  0.08
-7.23  0.15
-7.22  0.1
-7.21  0.05
-7.2  0.11
-7.19  0.09
-7.18  0.12
-7.17  0.14
-7.16  0.05
-7.15  0.16
-7.14  0.07
-7.13  0.11
-7.12  0.1
-7.11  0.15
-7.1  0.09
-7.09  0.11
-7.08  0.12
-7.07  0.08
-7.06  0.09
-7.05  0.13
-7.04  0.09
-7.03  0.14
-7.02  0.11
-7.01  0.11
-7  0.09
-6.99  0.14
-6.98  0.07
-6.97  0.09
-6.96  0.13
-6.95  0.09
-6.94  0.13
-6.93  0.09
-6.92  0.12
-6.91  0.1
-6.9  0.09
-6.89  0.11
-6.88  0.1
-6.87  0.07
-6.86  0.12
-6.85  0.12
-6.84  0.12
-6.83  0.07
-6.82  0.15
-6.81  0.14
-6.8  0.1
-6.79  0.1
-6.78  0.11
-6.77  0.09
-6.76  0.12
-6.75  0.1
-6.74  0.11
-6.73  0.09
-6.72  0.09
-6.71  0.11
-6.7  0.15
-6.69  0.09
-6.68  0.07
-6.67  0.15
-6.66  0.08
-6.65  0.12
-6.64  0.12
-6.63  0.07
-6.62  0.11
-6.61  0.07
-6.6  0.13
-6.59  0.14
-6.58  0.1
-6.57  0.11
-6.56  0.13
-6.55  0.08
-6.54  0.1
-6.53  0.17
-6.52  0.08
-6.51  0.11
-6.5  0.11
-6.49  0.1
-6.48  0.11
-6.47  0.04
-6.46  0.12
-6.45  0.09
-6.44  0.17
-6.43  0.1
-6.42  0.08
-6.41  0.13
-6.4  0.08
-6.39  0.09
-6.38  0.09
-6.37  0.18
-6.36  0.08
-6.35  0.13
-6.34  0.1
-6.33  0.12
-6.32  0.11
-6.31  0.09
-6.3  0.1
-6.29  0.13
-6.28  0.08
-6.27  0.1
-6.26  0.08
-6.25  0.12
-6.24  0.08
-6.23  0.12
-6.22  0.11
-6.21  0.15
-6.2  0.07
-6.19  0.12
-6.18  0.13
-6.17  0.1
-6.16  0.09
-6.15  0.11
-6.14  0.11
-6.13  0.1
-6.12  0.09
-6.11  0.12
-6.1  0.08
-6.09  0.12
-6.08  0.13
-6.07  0.11
-6.06  0.1
-6.05  0.16
-6.04  0.07
-6.03  0.1
-6.02  0.12
-6.01  0.09
-6  0.13
-5.99  0.11
-5.98  0.09
-5.97  0.08
-5.96  0.1
-5.95  0.12
-5.94  0.09
-5.93  0.1
-5.92  0.1
-5.91  0.15
-5.9  0.08
-5.89  0.14
-5.88  0.07
-5.87  0.12
-5.86  0.15
-5.85  0.08
-5.84  0.11
-5.83  0.11
-5.82  0.1
-5.81  0.08
-5.8  0.09
-5.79  0.16
-5.78  0.08
-5.77  0.13
-5.76  0.09
-5.75  0.14
-5.74  0.1
-5.73  0.1
-5.72  0.07
-5.71  0.12
-5.7  0.11
-5.69  0.07
-5.68  0.16
-5.67  0.08
-5.66  0.1
-5.65  0.11
-5.64  0.11
-5.63  0.11
-5.62  0.1
-5.61  0.14
-5.6  0.1
-5.59  0.12
-5.58  0.11
-5.57  0.11
-5.56  0.12
-5.55  0.07
-5.54  0.13
-5.53  0.07
-5.52  0.12
-5.51  0.1
-5.5  0.11
-5.49  0.06
-5.48  0.12
-5.47  0.14
-5.46  0.09
-5.45  0.08
-5.44  0.13
-5.43  0.12
-5.42  0.1
-5.41  0.13
-5.4  0.09
-5.39  0.12
-5.38  0.1
-5.37  0.08
-5.36  0.11
-5.35  0.11
-5.34  0.14
-5.33  0.09
-5.32  0.12
-5.31  0.09
-5.3  0.14
-5.29  0.08
-5.28  0.12
-5.27  0.09
-5.26  0.11
-5.25  0.11
-5.24  0.09
-5.23  0.12
-5.22  0.08
-5.21  0.13
-5.2  0.09
-5.19  0.1
-5.18  0.13
-5.17  0.07
-5.16  0.17
-5.15  0.09
-5.14  0.1
-5.13  0.07
-5.12  0.13
-5.11  0.1
-5.1  0.13
-5.09  0.1
-5.08  0.09
-5.07  0.15
-5.06  0.08
-5.05  0.13
-5.04  0.07
-5.03  0.11
-5.02  0.16
-5.01  0.11
-5  0.06
-4.99  0.11
-4.98  0.07
-4.97  0.14
-4.96  0.08
-4.95  0.15
-4.94  0.07
-4.93  0.12
-4.92  0.12
-4.91  0.09
-4.9  0.11
-4.89  0.09
-4.88  0.08
-4.87  0.14
-4.86  0.09
-4.85  0.15
-4.84  0.08
-4.83  0.13
-4.82  0.1
-4.81  0.12
-4.8  0.14
-4.79  0.14
-4.78  0.03
-4.77  0.11
-4.76  0.13
-4.75  0.07
-4.74  0.12
-4.73  0.07
-4.72  0.1
-4.71  0.12
-4.7  0.12
-4.69  0.06
-4.68  0.13
-4.67  0.11
-4.66  0.13
-4.65  0.11
-4.64  0.1
-4.63  0.13
-4.62  0.14
-4.61  0.1
-4.6  0.07
-4.59  0.09
-4.58  0.13
-4.57  0.12
-4.56  0.08
-4.55  0.1
-4.54  0.12
-4.53  0.09
-4.52  0.15
-4.51  0.09
-4.5  0.09
-4.49  0.04
-4.48  0.15
-4.47  0.15
-4.46  0.08
-4.45  0.08
-4.44  0.15
-4.43  0.09
-4.42  0.12
-4.41  0.1
-4.4  0.11
-4.39  0.08
-4.38  0.11
-4.37  0.1
-4.36  0.12
-4.35  0.12
-4.34  0.07
-4.33  0.15
-4.32  0.09
-4.31  0.15
-4.3  0.13
-4.29  0.06
-4.28  0.11
-4.27  0.12
-4.26  0.07
-4.25  0.13
-4.24  0.12
-4.23  0.09
-4.22  0.08
-4.21  0.07
-4.2  0.12
-4.19  0.12
-4.18  0.15
-4.17  0.11
-4.16  0.08
-4.15  0.13
-4.14  0.07
-4.13  0.15
-4.12  0.11
-4.11  0.07
-4.1  0.09
-4.09  0.15
-4.08  0.07
-4.07  0.13
-4.06  0.11
-4.05  0.1
-4.04  0.14
-4.03  0.1
-4.02  0.05
-4.01  0.15
-4  0.12
-3.99  0.06
-3.98  0.15
-3.97  0.08
-3.96  0.11
-3.95  0.12
-3.94  0.1
-3.93  0.1
-3.92  0.12
-3.91  0.11
-3.9  0.09
-3.89  0.09
-3.88  0.11
-3.87  0.08
-3.86  0.12
-3.85  0.09
-3.84  0.13
-3.83  0.11
-3.82  0.16
-3.81  0.13
-3.8  0.11
-3.79  0.09
-3.78  0.09
-3.77  0.12
-3.76  0.07
-3.75  0.08
-3.74  0.16
-3.73  0.05
-3.72  0.11
-3.71  0.1
-3.7  0.09
-3.69  0.12
-3.68  0.15
-3.67  0.1
-3.66  0.11
-3.65  0.09
-3.64  0.12
-3.63  0.11
-3.62  0.08
-3.61  0.12
-3.6  0.06
-3.59  0.13
-3.58  0.12
-3.57  0.12
-3.56  0.09
-3.55  0.13
-3.54  0.14
-3.53  0.09
-3.52  0.11
-3.51  0.1
-3.5  0.11
-3.49  0.13
-3.48  0.08
-3.47  0.08
-3.46  0.07
-3.45  0.13
-3.44  0.12
-3.43  0.12
-3.42  0.05
-3.41  0.14
-3.4  0.11
-3.39  0.15
-3.38  0.09
-3.37  0.12
-3.36  0.07
-3.35  0.08
-3.34  0.1
-3.33  0.17
-3.32  0.06
-3.31  0.13
-3.3  0.14
-3.29  0.07
-3.28  0.16
-3.27  0.08
-3.26  0.1
-3.25  0.09
-3.24  0.11
-3.23  0.1
-3.22  0.11
-3.21  0.11
-3.2  0.09
-3.19  0.1
-3.18  0.13
-3.17  0.09
-3.16  0.15
-3.15  0.12
-3.14  0.09
-3.13  0.1
-3.12  0.05
-3.11  0.12
-3.1  0.09
-3.09  0.16
-3.08  0.1
-3.07  0.07
-3.06  0.14
-3.05  0.07
-3.04  0.16
-3.03  0.06
-3.02  0.13
-3.01  0.14
-3  0.1
-2.99  0.09
-2.98  0.16
-2.97  0.07
-2.96  0.13
-2.95  0.07
-2.94  0.09
-2.93  0.12
-2.92  0.11
-2.91  0.1
-2.9  0.09
-2.89  0.1
-2.88  0.12
-2.87  0.1
-2.86  0.13
-2.85  0.1
-2.84  0.1
-2.83  0.07
-2.82  0.14
-2.81  0.1
-2.8  0.13
-2.79  0.1
-2.78  0.12
-2.77  0.07
-2.76  0.08
-2.75  0.19
-2.74  0.15
-2.73  0.06
-2.72  0.11
-2.71  0.07
-2.7  0.08
-2.69  0.15
-2.68  0.1
-2.67  0.09
-2.66  0.1
-2.65  0.1
-2.64  0.15
-2.63  0.1
-2.62  0.11
-2.61  0.12
-2.6  0.09
-2.59  0.08
-2.58  0.12
-2.57  0.08
-2.56  0.14
-2.55  0.04
-2.54  0.1
-2.53  0.16
-2.52  0.1
-2.51  0.13
-2.5  0.12
-2.49  0.11
-2.48  0.11
-2.47  0.11
-2.46  0.13
-2.45  0.06
-2.44  0.1
-2.43  0.11
-2.42  0.12
-2.41  0.12
-2.4  0.08
-2.39  0.11
-2.38  0.07
-2.37  0.13
-2.36  0.06
-2.35  0.11
-2.34  0.17
-2.33  0.09
-2.32  0.12
-2.31  0.1
-2.3  0.13
-2.29  0.11
-2.28  0.1
-2.27  0.11
-2.26  0.07
-2.25  0.11
-2.24  0.08
-2.23  0.14
-2.22  0.08
-2.21  0.14
-2.2  0.12
-2.19  0.1
-2.18  0.13
-2.17  0.09
-2.16  0.09
-2.15  0.09
-2.14  0.11
-2.13  0.13
-2.12  0.1
-2.11  0.14
-2.1  0.07
-2.09  0.1
-2.08  0.12
-2.07  0.13
-2.06  0.12
-2.05  0.05
-2.04  0.14
-2.03  0.07
-2.02  0.08
-2.01  0.11
-2  0.13
-1.99  0.1
-1.98  0.11
-1.97  0.09
-1.96  0.12
-1.95  0.17
-1.94  0.09
-1.93  0.1
-1.92  0.1
-1.91  0.13
-1.9  0.09
-1.89  0.16
-1.88  0.08
-1.87  0.08
-1.86  0.08
-1.85  0.07
-1.84  0.15
-1.83  0.11
-1.82  0.12
-1.81  0.11
-1.8  0.08
-1.79  0.11
-1.78  0.08
-1.77  0.13
-1.76  0.11
-1.75  0.13
-1.74  0.08
-1.73  0.11
-1.72  0.12
-1.71  0.05
-1.7  0.15
-1.69  0.07
-1.68  0.12
-1.67  0.13
-1.66  0.14
-1.65  0.12
-1.64  0.13
-1.63  0.08
-1.62  0.08
-1.61  0.13
-1.6  0.07
-1.59  0.09
-1.58  0.13
-1.57  0.09
-1.56  0.15
-1.55  0.07
-1.54  0.12
-1.53  0.11
-1.52  0.07
-1.51  0.11
-1.5  0.1
-1.49  0.08
-1.48  0.15
-1.47  0.1
-1.46  0.12
-1.45  0.08
-1.44  0.16
-1.43  0.07
-1.42  0.15
-1.41  0.13
-1.4  0.08
-1.39  0.07
-1.38  0.1
-1.37  0.13
-1.36  0.14
-1.35  0.09
-1.34  0.09
-1.33  0.09
-1.32  0.1
-1.31  0.12
-1.3  0.12
-1.29  0.1
-1.28  0.12
-1.27  0.08
-1.26  0.1
-1.25  0.13
-1.24  0.12
-1.23  0.08
-1.22  0.12
-1.21  0.09
-1.2  0.11
-1.19  0.09
-1.18  0.15
-1.17  0.06
-1.16  0.18
-1.15  0.07
-1.14  0.09
-1.13  0.15
-1.12  0.1
-1.11  0.04
-1.1  0.16
-1.09  0.09
-1.08  0.12
-1.07  0.09
-1.06  0.14
-1.05  0.08
-1.04  0.1
-1.03  0.12
-1.02  0.09
-1.01  0.13
-1  0.09
-0.99  0.1
-0.98  0.08
-0.97  0.15
-0.96  0.12
-0.95  0.13
-0.94  0.08
-0.93  0.11
-0.92  0.06
-0.91  0.12
-0.9  0.09
-0.89  0.1
-0.88  0.13
-0.87  0.09
-0.86  0.14
-0.85  0.09
-0.84  0.12
-0.83  0.07
-0.82  0.19
-0.81  0.1
-0.8  0.08
-0.79  0.09
-0.78  0.12
-0.77  0.11
-0.76  0.09
-0.75  0.14
-0.74  0.08
-0.73  0.16
-0.72  0.08
-0.71  0.08
-0.7  0.1
-0.69  0.11
-0.68  0.11
-0.67  0.13
-0.66  0.09
-0.65  0.09
-0.64  0.07
-0.63  0.1
-0.62  0.14
-0.61  0.1
-0.6  0.07
-0.59  0.17
-0.58  0.1
-0.57  0.09
-0.56  0.13
-0.55  0.13
-0.54  0.09
-0.53  0.13
-0.52  0.1
-0.51  0.14
-0.5  0.07
-0.49  0.09
-0.48  0.09
-0.47  0.13
-0.46  0.1
-0.45  0.11
-0.44  0.08
-0.43  0.1
-0.42  0.12
-0.41  0.12
-0.4  0.08
-0.39  0.12
-0.38  0.08
-0.37  0.16
-0.36  0.09
-0.35  0.11
-0.34  0.11
-0.33  0.1
-0.32  0.12
-0.31  0.11
-0.3  0.08
-0.29  0.12
-0.28  0.1
-0.27  0.12
-0.26  0.1
-0.25  0.1
-0.24  0.08
-0.23  0.12
-0.22  0.16
-0.21  0.07
-0.2  0.08
-0.19  0.11
-0.18  0.1
-0.17  0.17
-0.16  0.11
-0.15  0.13
-0.14  0.08
-0.13  0.08
-0.12  0.11
-0.11  0.06
-0.1  0.16
-0.09  0.05
-0.08  0.1
-0.07  0.12
-0.06  0.15
-0.05  0.12
-0.04  0.11
-0.03  0.07
-0.02  0.07
-0.01  0.11
-2.16197e-11  0.11
0.0001  0
0.0101  0.13
0.0201  0.11
0.0301  0.15
0.0401  0.09
0.0501  0.12
0.0601  0.07
0.0701  0.14
0.0801  0.09
0.0901  0.13
0.1001  0.11
0.1101  0.07
0.1201  0.16
0.1301  0.1
0.1401  0.09
0.1501  0.13
0.1601  0.11
0.1701  0.06
0.1801  0.16
0.1901  0.12
0.2001  0.08
0.2101  0.17
0.2201  0.14
0.2301  0.08
0.2401  0.17
0.2501  0.14
0.2601  0.18
0.2701  0.11
0.2801  0.14
0.2901  0.2
0.3001  0.16
0.3101  0.18
0.3201  0.1
0.3301  0.21
0.3401  0.19
0.3501  0.26
0.3601  0.24
0.3701  0.19
0.3801  0.12
0.3901  0.24
0.4001  0.25
0.4101  0.21
0.4201  0.27
0.4301  0.26
0.4401  0.27
0.4501  0.22
0.4601  0.22
0.4701  0.24
0.4801  0.26
0.4901  0.23
0.5001  0.36
0.5101  0.26
0.5201  0.35
0.5301  0.32
0.5401  0.38
0.5501  0.28
0.5601  0.38
0.5701  0.39
0.5801  0.45
0.5901  0.44
0.6001  0.36
0.6101  0.42
0.6201  0.42
0.6301  0.39
0.6401  0.49
0.6501  0.44
0.6601  0.44
0.6701  0.58
0.6801  0.56
0.6901  0.57
0.7001  0.44
0.7101  0.58
0.7201  0.71
0.7301  0.61
0.7401  0.64
0.7501  0.52
0.7601  0.65
0.7701  0.66
0.7801  0.61
0.7901  0.9
0.8001  0.78
0.8101  0.79
0.8201  0.76
0.8301  0.91
0.8401  0.97
0.8501  1.09
0.8601  0.9
0.8701  1.2
0.8801  1.25
0.8901  1.3
0.9001  1.09
0.9101  1.1
0.9201  1.15
0.9301  1.47
0.9401  1.48
0.9501  1.58
0.9601  1.66
0.9701  1.6
0.9801  1.95
0.9901  1.95
1.0001  1.83
1.0101  1.77
1.0201  2.13
1.0301  1.87
1.0401  2.28
1.0501  2.6
1.0601  2.98
1.0701  2.59
1.0801  2.77
1.0901  2.94
1.1001  3.08
1.1101  3.5
1.1201  3.5
1.1301  3.8
1.1401  3.31
1.1501  3.89
1.1601  3.76
1.1701  3.92
1.1801  3.68
1.1901  3.87
1.2001  3.67
1.2101  3.62
1.2201  3.13
1.2301  2.59
1.2401  2.42
1.2501  2.54
1.2601  2.01
1.2701  1.68
1.2801  1.85
1.2901  1.85
1.3001  1.65
1.3101  1.84
1.3201  1.35
1.3301  1.59
1.3401  1.59
1.3501  1.3
1.3601  1.53
1.3701  1.46
1.3801  1.35
1.3901  1.41
1.4001  1.27
1.4101  1.38
1.4201  1.23
1.4301  1.17
1.4401  1.16
1.4501  1.11
1.4601  1.14
1.4701  1.15
1.4801  1.14
1.4901  1.23
1.5001  1.05
1.5101  1.12
1.5201  1.12
1.5301  0.99
1.5401  1.15
1.5501  1.21
1.5601  1.13
1.5701  1.13
1.5801  0.9
1.5901  1.19
1.6001  1.25
1.6101  1.37
1.6201  1.08
1.6301  1.23
1.6401  1.21
1.6501  1.32
1.6601  1.34
1.6701  1.22
1.6801  1.35
1.6901  1.19
1.7001  1.34
1.7101  1.53
1.7201  1.55
1.7301  1.49
1.7401  1.54
1.7501  1.71
1.7601  1.61
1.7701  1.75
1.7801  1.71
1.7901  1.85
1.8001  1.82
1.8101  2.15
1.8201  1.97
1.8301  2.23
1.8401  2.31
1.8501  2.46
1.8601  2.59
1.8701  2.52
1.8801  2.5
1.8901  2.64
1.9001  3.04
1.9101  2.82
1.9201  3.11
1.9301  3.05
1.9401  3.11
1.9501  3.14
1.9601  3.2
1.9701  3.19
1.9801  3.53
1.9901  3.2
2.0001  3.39
2.0101  3.08
2.0201  2.98
2.0301  2.71
2.0401  2.7
2.0501  2.78
2.0601  2.18
2.0701  2.18
2.0801  1.97
2.0901  2.16
2.1001  2.08
2.1101  2.1
2.1201  1.83
2.1301  1.77
2.1401  1.9
2.1501  1.73
2.1601  1.68
2.1701  1.74
2.1801  1.64
2.1901  1.44
2.2001  1.5
2.2101  1.33
2.2201  1.57
2.2301  1.15
2.2401  1.47
2.2501  1.35
2.2601  1.46
2.2701  1.59
2.2801  1.39
2.2901  1.38
2.3001  1.45
2.3101  1.37
2.3201  1.18
2.3301  1.25
2.3401  1.29
2.3501  1.49
2.3601  1.32
2.3701  1.21
2.3801  1.43
2.3901  1.64
2.4001  1.42
2.4101  1.26
2.4201  1.38
2.4301  1.45
2.4401  1.39
2.4501  1.64
2.4601  1.68
2.4701  1.5
2.4801  1.6
2.4901  1.86
2.5001  1.6
2.5101  1.94
2.5201  1.71
2.5301  1.95
2.5401  2.02
2.5501  1.77
2.5601  2.09
2.5701  2.03
2.5801  2.14
2.5901  2.27
2.6001  2.35
2.6101  2.41
2.6201  2.63
2.6301  2.73
2.6401  2.56
2.6501  2.71
2.6601  3.04
2.6701  2.85
2.6801  2.81
2.6901  2.93
2.7001  2.84
2.7101  2.85
2.7201  2.75
2.7301  3.18
2.7401  3.12
2.7501  2.73
2.7601  2.58
2.7701  2.68
2.7801  2.68
2.7901  2.46
2.8001  2.47
2.8101  2.46
2.8201  2.37
2.8301  2.55
2.8401  2.32
2.8501  2.28
2.8601  2.1
2.8701  2.1
2.8801  1.74
2.8901  1.74
2.9001  1.87
2.9101  1.72
2.9201  1.69
2.9301  1.83
2.9401  1.63
2.9501  1.71
2.9601  1.84
2.9701  1.38
2.9801  1.52
2.9901  1.64
3.0001  1.56
3.0101  1.5
3.0201  1.51
3.0301  1.22
3.0401  1.5
3.0501  1.43
3.0601  1.41
3.0701  1.51
3.0801  1.42
3.0901  1.36
3.1001  1.47
3.1101  1.37
3.1201  1.47
3.1301  1.55
3.1401  1.42
3.1501  1.76
3.1601  1.49
3.1701  1.85
3.1801  1.65
3.1901  1.56
3.2001  1.69
3.2101  1.99
3.2201  1.73
3.2301  1.95
3.2401  1.75
3.2501  1.77
3.2601  2.14
3.2701  2.15
3.2801  1.77
3.2901  1.9
3.3001  1.98
3.3101  2.22
3.3201  2.16
3.3301  2.43
3.3401  2.51
3.3501  2.59
3.3601  2.39
3.3701  2.7
3.3801  2.7
3.3901  2.53
3.4001  2.37
3.4101  2.44
3.4201  2.58
3.4301  2.43
3.4401  2.69
3.4501  2.97
3.4601  2.8
3.4701  2.86
3.4801  2.71
3.4901  2.66
3.5001  2.83
3.5101  2.57
3.5201  2.53
3.5301  2.32
3.5401  2.26
3.5501  2.04
3.5601  2.06
3.5701  2.31
3.5801  2.23
3.5901  1.87
3.6001  2.08
3.6101  2.06
3.6201  1.88
3.6301  1.95
3.6401  1.81
3.6501  1.8
3.6601  1.96
3.6701  1.9
3.6801  1.81
3.6901  1.61
3.7001  1.68
3.7101  1.77
3.7201  2.08
3.7301  1.69
3.7401  1.82
3.7501  1.59
3.7601  1.66
3.7701  1.54
3.7801  1.81
3.7901  1.78
3.8001  1.5
3.8101  1.57
3.8201  1.7
3.8301  1.49
3.8401  1.91
3.8501  1.71
3.8601  1.58
3.8701  1.67
3.8801  1.94
3.8901  1.72
3.9001  1.88
3.9101  1.67
3.9201  1.84
3.9301  1.87
3.9401  1.76
3.9501  1.68
3.9601  1.91
3.9701  2.18
3.9801  1.89
3.9901  2.04
4.0001  2.21
4.0101  1.96
4.0201  2.04
4.0301  1.89
4.0401  2.16
4.0501  2.37
4.0601  2.22
4.0701  2.26
4.0801  2.46
4.0901  2.32
4.1001  2.41
4.1101  2.11
4.1201  2.51
4.1301  2.57
4.1401  2.43
4.1501  2.58
4.1601  2.49
4.1701  2.59
4.1801  2.41
4.1901  2.61
4.2001  2.41
4.2101  2.63
4.2201  2.59
4.2301  2.43
4.2401  2.18
4.2501  2.63
4.2601  2.06
4.2701  2.45
4.2801  2.48
4.2901  2.25
4.3001  2.11
4.3101  1.83
4.3201  1.84
4.3301  2.38
4.3401  2.07
4.3501  2.26
4.3601  1.9
4.3701  2.1
4.3801  1.93
4.3901  1.86
4.4001  1.77
4.4101  1.99
4.4201  2.02
4.4301  1.72
4.4401  1.76
4.4501  1.44
4.4601  1.74
4.4701  1.61
4.4801  1.78
4.4901  1.68
4.5001  1.83
4.5101  1.84
4.5201  1.7
4.5301  2.1
4.5401  1.68
4.5501  1.74
4.5601  1.66
4.5701  1.8
4.5801  1.58
4.5901  1.72
4.6001  1.73
4.6101  1.77
4.6201  1.89
4.6301  1.71
4.6401  1.75
4.6501  1.87
4.6601  2
4.6701  2.04
4.6801  2.07
4.6901  2.11
4.7001  2.13
4.7101  1.97
4.7201  2.19
4.7301  2.04
4.7401  2.02
4.7501  2.08
4.7601  2.16
4.7701  2.4
4.7801  2
4.7901  2.11
4.8001  2.29
4.8101  2.43
4.8201  1.91
4.8301  2.38
4.8401  2.33
4.8501  2.46
4.8601  2.42
4.8701  2.53
4.8801  2.48
4.8901  2.3
4.9001  2.3
4.9101  2.29
4.9201  2.22
4.9301  2.28
4.9401  2.14
4.9501  2.26
4.9601  2.26
4.9701  2.6
4.9801  2.37
4.9901  2.36
5.0001  2.07
5.0101  2.44
5.0201  2.28
5.0301  2.04
5.0401  2.13
5.0501  1.9
5.0601  1.98
5.0701  1.95
5.0801  2.24
5.0901  2.11
5.1001  1.89
5.1101  1.97
5.1201  1.83
5.1301  2.08
5.1401  1.88
5.1501  2.14
5.1601  1.96
5.1701  1.97
5.1801  1.87
5.1901  1.7
5.2001  1.76
5.2101  1.72
5.2201  1.88
5.2301  1.78
5.2401  1.99
5.2501  1.97
5.2601  2.13
5.2701  1.88
5.2801  1.58
5.2901  1.78
5.3001  1.85
5.3101  1.85
5.3201  1.8
5.3301  1.76
5.3401  1.97
5.3501  1.99
5.3601  1.75
5.3701  1.96
5.3801  2.01
5.3901  1.88
5.4001  1.9
5.4101  1.95
5.4201  1.95
5.4301  2.37
5.4401  2.05
5.4501  2.2
5.4601  2.01
5.4701  2.01
5.4801  2.02
5.4901  1.99
5.5001  2.05
5.5101  2.1
5.5201  2.04
5.5301  2.37
5.5401  2.34
5.5501  2.18
5.5601  2.31
5.5701  2.27
5.5801  2.18
5.5901  2.12
5.6001  2.09
5.6101  2.4
5.6201  2.37
5.6301  2.17
5.6401  2.42
5.6501  2.03
5.6601  2.4
5.6701  2.45
5.6801  2.26
5.6901  2.44
5.7001  2.31
5.7101  2.28
5.7201  2.25
5.7301  2.5
5.7401  1.9
5.7501  2.16
5.7601  2.01
5.7701  2.25
5.7801  2.06
5.7901  2.12
5.8001  2.16
5.8101  1.87
5.8201  2.21
5.8301  1.97
5.8401  2.2
5.8501  2.1
5.8601  1.88
5.8701  1.89
5.8801  1.93
5.8901  2.04
5.9001  2.28
5.9101  1.87
5.9201  1.79
5.9301  1.79
5.9401  2.02
5.9501  2
5.9601  1.84
5.9701  1.95
5.9801  1.77
5.9901  1.86
6.0001  1.7
6.0101  1.71
6.0201  1.74
6.0301  1.96
6.0401  1.92
6.0501  1.78
6.0601  2.06
6.0701  1.83
6.0801  1.89
6.0901  1.78
6.1001  2.04
6.1101  1.89
6.1201  1.89
6.1301  2.04
6.1401  2.03
6.1501  2.13
6.1601  1.78
6.1701  1.96
6.1801  1.93
6.1901  2.02
6.2001  2.27
6.2101  2.21
6.2201  2.02
6.2301  2.15
6.2401  2.22
6.2501  2.12
6.2601  2.04
6.2701  2.26
6.2801  2.32
6.2901  2.54
6.3001  2.21
6.3101  2.05
6.3201  2.37
6.3301  2.24
6.3401  2.33
6.3501  2.18
6.3601  2.32
6.3701  2.11
6.3801  2.45
6.3901  2.23
6.4001  2.19
6.4101  2.16
6.4201  2.2
6.4301  2.14
6.4401  2.27
6.4501  2.11
6.4601  2.27
6.4701  2.01
6.4801  2.09
6.4901  2.17
6.5001  2.27
6.5101  2.09
6.5201  1.91
6.5301  1.92
6.5401  2.1
6.5501  2.29
6.5601  2.2
6.5701  2.02
6.5801  1.92
6.5901  1.89
6.6001  1.86
6.6101  1.93
6.6201  2.16
6.6301  2.26
6.6401  1.82
6.6501  2.01
6.6601  1.86
6.6701  1.79
6.6801  2.04
6.6901  1.84
6.7001  1.95
6.7101  2.05
6.7201  2.2
6.7301  1.97
6.7401  1.66
6.7501  1.79
6.7601  1.8
6.7701  2
6.7801  1.8
6.7901  2.15
6.8001  2.01
6.8101  1.57
6.8201  1.82
6.8301  1.96
6.8401  1.91
6.8501  2.11
6.8601  2.06
6.8701  2.31
6.8801  2.15
6.8901  1.81
6.9001  2.05
6.9101  1.9
6.9201  2.24
6.9301  1.84
6.9401  2.14
6.9501  2.01
6.9601  2.06
6.9701  2.18
6.9801  2.08
6.9901  2.28
7.0001  2.22
7.0101  2.27
7.0201  2.12
7.0301  2.26
7.0401  2.21
7.0501  2.11
7.0601  2.42
7.0701  2.13
7.0801  2.28
7.0901  2.1
7.1001  2.11
7.1101  2.18
7.1201  2.38
7.1301  2.16
7.1401  2.23
7.1501  1.91
7.1601  2.17
7.1701  2.27
7.1801  2.25
7.1901  2.19
7.2001  2.05
7.2101  2.25
7.2201  2.31
7.2301  2.12
7.2401  2.02
7.2501  2.05
7.2601  2.36
7.2701  2.2
7.2801  2.07
7.2901  1.84
7.3001  1.83
7.3101  1.8
7.3201  2.17
7.3301  2.11
7.3401  2.09
7.3501  2.1
7.3601  2.05
7.3701  1.81
7.3801  1.78
7.3901  1.9
7.4001  1.66
7.4101  2.08
7.4201  2.06
7.4301  2.12
7.4401  1.98
7.4501  2.19
7.4601  1.88
7.4701  2.05
7.4801  2.03
7.4901  2.08
7.5001  1.85
7.5101  2.05
7.5201  1.91
7.5301  1.97
7.5401  1.77
7.5501  2.08
7.5601  1.88
7.5701  1.95
7.5801  1.97
7.5901  2.11
7.6001  1.95
7.6101  2.14
7.6201  2.03
7.6301  2.25
7.6401  2.32
7.6501  2.26
7.6601  2.08
7.6701  2.04
7.6801  2.21
7.6901  1.88
7.7001  2.16
7.7101  2.05
7.7201  2.27
7.7301  2.1
7.7401  2.12
7.7501  2.22
7.7601  2.03
7.7701  2.1
7.7801  2.32
7.7901  2.29
7.8001  2.17
7.8101  2.1
7.8201  2.2
7.8301  2.15
7.8401  1.86
7.8501  1.96
7.8601  2.3
7.8701  2.31
7.8801  2.22
7.8901  2.26
7.9001  2.07
7.9101  2.07
7.9201  2.14
7.9301  2.03
7.9401  2.14
7.9501  2.14
7.9601  2.23
7.9701  2.29
7.9801  2.12
7.9901  1.93
8.0001  1.92
8.0101  2.05
8.0201  2.06
8.0301  1.92
8.0401  2.11
8.0501  1.99
8.0601  2.37
8.0701  2.16
8.0801  1.78
8.0901  1.87
8.1001  1.94
8.1101  2.13
8.1201  2.04
8.1301  1.96
8.1401  1.8
8.1501  2.18
8.1601  1.88
8.1701  1.81
8.1801  1.97
8.1901  2.08
8.2001  1.99
8.2101  1.97
8.2201  2.07
8.2301  2.25
8.2401  2.2
8.2501  1.98
8.2601  2.07
8.2701  2.17
8.2801  1.96
8.2901  2.01
8.3001  1.81
8.3101  2.03
8.3201  2.29
8.3301  2.01
8.3401  1.94
8.3501  1.95
8.3601  2.15
8.3701  2.09
8.3801  2.17
8.3901  2.05
8.4001  1.94
8.4101  2.11
8.4201  2.17
8.4301  2.26
8.4401  2.3
8.4501  2.39
8.4601  2.01
8.4701  1.99
8.4801  2.14
8.4901  2.05
8.5001  2.15
8.5101  2.01
8.5201  2.21
8.5301  2.1
8.5401  2.51
8.5501  2.12
8.5601  2.09
8.5701  1.91
8.5801  2.21
8.5901  2.08
8.6001  2.09
8.6101  1.84
8.6201  2.06
8.6301  2.37
8.6401  2.08
8.6501  2.08
8.6601  2.01
8.6701  2.04
8.6801  2.4
8.6901  2.11
8.7001  2.2
8.7101  2.05
8.7201  2.22
8.7301  2.12
8.7401  2.17
8.7501  1.95
8.7601  1.92
8.7701  2.03
8.7801  1.94
8.7901  1.76
8.8001  2.02
8.8101  1.89
8.8201  2.08
8.8301  2.19
8.8401  2.1
8.8501  2.2
8.8601  1.98
8.8701  2.01
8.8801  1.69
8.8901  2.14
8.9001  2.19
8.9101  1.99
8.9201  1.86
8.9301  1.87
8.9401  2.06
8.9501  2.35
8.9601  2.06
8.9701  2.05
8.9801  2.01
8.9901  2.21
9.0001  2.13
9.0101  1.97
9.0201  1.88
9.0301  1.84
9.0401  2.08
9.0501  2.31
9.0601  1.86
9.0701  1.9
9.0801  1.94
9.0901  2.04
9.1001  2.21
9.1101  1.92
9.1201  1.98
9.1301  2.18
9.1401  2.27
9.1501  2.18
9.1601  2.02
9.1701  2.12
9.1801  2.13
9.1901  2.05
9.2001  2.04
9.2101  1.98
9.2201  2.24
9.2301  2.39
9.2401  2.16
9.2501  2.26
9.2601  1.95
9.2701  2.01
9.2801  2.01
9.2901  2.35
9.3001  2.1
9.3101  1.94
9.3201  2.31
9.3301  1.9
9.3401  2.09
9.3501  1.83
9.3601  2.29
9.3701  2.16
9.3801  2.01
9.3901  2.09
9.4001  2.06
9.4101  2.09
9.4201  2.12
9.4301  2.19
9.4401  2.03
9.4501  2.36
9.4601  2.19
9.4701  2.18
9.4801  1.96
9.4901  2.06
9.5001  2.09
9.5101  2.11
9.5201  2.08
9.5301  1.94
9.5401  2.07
9.5501  2.03
9.5601  2.01
9.5701  2.27
9.5801  2.07
9.5901  2
9.6001  1.79
9.6101  2
9.6201  2.01
9.6301  2.16
9.6401  2.04
9.6501  2.11
9.6601  1.92
9.6701  1.82
9.6801  2.14
9.6901  2.05
9.7001  1.99
9.7101  2.19
9.7201  2.08
9.7301  2.01
9.7401  2.13
9.7501  2.1
9.7601  1.96
9.7701  1.92
9.7801  2.11
9.7901  1.92
9.8001  2.07
9.8101  2.38
9.8201  2.02
9.8301  1.99
9.8401  2.06
9.8501  2.25
9.8601  1.95
9.8701  1.89
9.8801  1.98
9.8901  2.07
9.9001  2.23
9.9101  1.88
9.9201  2.1
9.9301  2
9.9401  2.36
9.9501  2.14
9.9601  2.29
9.9701  2.21
9.9801  2.01
9.9901  2.21
10.0001  2.21
10.0101  2.15
10.0201  2.34
10.0301  2.02
10.0401  2.11
10.0501  2.06
10.0601  2.27
10.0701  2.08
10.0801  2.18
10.0901  2.18
10.1001  2.06
10.1101  1.86
10.1201  2.35
10.1301  2.12
10.1401  2.13
10.1501  1.98
10.1601  2.14
10.1701  2
10.1801  2.02
10.1901  1.81
10.2001  2.4
10.2101  1.83
10.2201  2.11
10.2301  2.14
10.2401  2.25
10.2501  1.92
10.2601  2.22
10.2701  2.31
10.2801  2.16
10.2901  2.01
10.3001  1.74
10.3101  1.95
10.3201  1.98
10.3301  1.97
10.3401  2.26
10.3501  1.64
10.3601  2.16
10.3701  2.03
10.3801  2.08
10.3901  1.94
10.4001  2.03
10.4101  1.9
10.4201  1.99
10.4301  2.3
10.4401  1.97
10.4501  2.2
10.4601  2.07
10.4701  1.93
10.4801  2.18
10.4901  2.05
10.5001  2.11
10.5101  2
10.5201  2.1
10.5301  1.93
10.5401  2.15
10.5501  2.37
10.5601  1.98
10.5701  2.09
10.5801  2.13
10.5901  2.08
10.6001  2.04
10.6101  2.11
10.6201  2.08
10.6301  2.27
10.6401  2.18
10.6501  1.99
10.6601  1.94
10.6701  2.23
10.6801  2.14
10.6901  2.14
10.7001  2.1
10.7101  2
10.7201  2.15
10.7301  2.21
10.7401  1.86
10.7501  2.04
10.7601  2.21
10.7701  2.1
10.7801  2.12
10.7901  2.09
10.8001  2.1
10.8101  2.12
10.8201  2.09
10.8301  2.39
10.8401  1.94
10.8501  1.95
10.8601  1.95
10.8701  2.28
10.8801  2.16
10.8901  2.12
10.9001  1.84
10.9101  2.14
10.9201  2.04
10.9301  2.05
10.9401  1.99
10.9501  2.08
10.9601  2.21
10.9701  1.89
10.9801  2.11
10.9901  2.04
11.0001  2.14
11.0101  2.04
11.0201  2.07
11.0301  2
11.0401  2.21
11.0501  2.03
11.0601  2.2
11.0701  2.12
11.0801  1.99
11.0901  2.2
11.1001  2.09
11.1101  2.11
11.1201  1.84
11.1301  1.9
11.1401  1.95
11.1501  2.12
11.1601  2.03
11.1701  2.26
11.1801  1.69
11.1901  1.88
11.2001  2.01
11.2101  1.72
11.2201  1.96
11.2301  2.11
11.2401  2
11.2501  2.15
11.2601  2.39
11.2701  2.3
11.2801  2.09
11.2901  2.08
11.3001  2.12
11.3101  1.87
11.3201  2.12
11.3301  1.98
11.3401  2.24
11.3501  1.91
11.3601  2.03
11.3701  2.24
11.3801  2.07
11.3901  2.18
11.4001  1.88
11.4101  2.04
11.4201  2.07
11.4301  2.24
11.4401  2.34
11.4501  1.8
11.4601  2.08
11.4701  2.17
11.4801  2.06
11.4901  2.5
11.5001  2.12
11.5101  2.05
11.5201  2.08
11.5301  2.23
11.5401  2.2
11.5501  1.97
11.5601  2.02
11.5701  2.08
11.5801  2.23
11.5901  1.88
11.6001  2.28
11.6101  1.94
11.6201  2.26
11.6301  2.19
11.6401  1.93
11.6501  1.93
11.6601  2.15
11.6701  2.14
11.6801  1.89
11.6901  1.8
11.7001  2.07
11.7101  2.24
11.7201  2.22
11.7301  1.98
11.7401  2.17
11.7501  2.11
11.7601  2
11.7701  1.96
11.7801  1.85
11.7901  2.09
11.8001  1.72
11.8101  2.08
11.8201  1.8
11.8301  1.86
11.8401  2.17
11.8501  1.88
11.8601  2.09
11.8701  1.94
11.8801  2.08
11.8901  2.2
11.9001  1.92
11.9101  1.99
11.9201  2.09
11.9301  2.04
11.9401  1.91
11.9501  2.24
11.9601  2.26
11.9701  2.17
11.9801  2.03
11.9901  1.87
12.0001  2.11
12.0101  2
12.0201  1.93
12.0301  2.17
12.0401  2
12.0501  2.05
12.0601  2
12.0701  2.28
12.0801  2.26
12.0901  2.13
12.1001  2.15
12.1101  2.02
12.1201  2.01
12.1301  2.1
12.1401  2.14
12.1501  2.09
12.1601  2.03
12.1701  2.18
12.1801  2.05
12.1901  2.14
12.2001  2.02
12.2101  2.13
12.2201  2.01
12.2301  2.02
12.2401  2.08
12.2501  2.18
12.2601  2.17
12.2701  2.09
12.2801  2.3
12.2901  1.97
12.3001  2.11
12.3101  2.1
12.3201  2.01
12.3301  2.11
12.3401  2.13
12.3501  2.07
12.3601  2.25
12.3701  1.93
12.3801  2.17
12.3901  1.94
12.4001  1.75
12.4101  1.92
12.4201  2.29
12.4301  2.11
12.4401  2.34
12.4501  1.95
12.4601  2.09
12.4701  1.92
12.4801  2
12.4901  2.25
12.5001  1.96
12.5101  1.94
12.5201  2.13
12.5301  1.87
12.5401  2.4
12.5501  2.04
12.5601  1.94
12.5701  1.79
12.5801  2.01
12.5901  2.06
12.6001  1.98
12.6101  1.85
12.6201  2
12.6301  2.27
12.6401  2.01
12.6501  1.89
12.6601  2.17
12.6701  2.01
12.6801  2.16
12.6901  2.01
12.7001  2.06
12.7101  1.81
12.7201  2.33
12.7301  2.13
12.7401  2.21
12.7501  2
12.7601  1.96
12.7701  1.95
12.7801  2.23
12.7901  2.26
12.8001  2.16
12.8101  2.06
12.8201  2.34
12.8301  2.33
12.8401  1.98
12.8501  2.27
12.8601  2.06
12.8701  2.21
12.8801  2.12
12.8901  2.03
12.9001  2.21
12.9101  2.24
12.9201  2.11
12.9301  2.03
12.9401  2.02
12.9501  1.86
12.9601  1.99
12.9701  2.64
12.9801  2.03
12.9901  2.16
13.0001  2.14
13.0101  1.95
13.0201  1.8
13.0301  2.25
13.0401  2.2
13.0501  1.93
13.0601  2.1
13.0701  2.08
13.0801  1.96
13.0901  1.72
13.1001  2.2
13.1101  1.94
13.1201  1.7
13.1301  2.28
13.1401  1.98
13.1501  1.95
13.1601  2.4
13.1701  2.07
13.1801  1.97
13.1901  1.98
13.2001  2.3
13.2101  1.93
13.2201  2.03
13.2301  2.05
13.2401  2.15
13.2501  1.81
13.2601  2.19
13.2701  2.05
13.2801  2.22
13.2901  2.09
13.3001  2.05
13.3101  2.08
13.3201  1.99
13.3301  2.1
13.3401  2.09
13.3501  2.27
13.3601  2.31
13.3701  2.01
13.3801  2.14
13.3901  1.82
13.4001  1.95
13.4101  2.25
13.4201  2
13.4301  1.95
13.4401  2.26
13.4501  1.94
13.4601  2.46
13.4701  1.82
13.4801  2.05
13.4901  2.32
13.5001  2.36
13.5101  1.98
13.5201  1.88
13.5301  2.18
13.5401  2.16
13.5501  2
13.5601  2.08
13.5701  2.04
13.5801  1.98
13.5901  2.04
13.6001  2.04
13.6101  2.24
13.6201  1.93
13.6301  2.21
13.6401  1.94
13.6501  2.17
13.6601  2.3
13.6701  2.07
13.6801  1.86
13.6901  2.02
13.7001  1.91
13.7101  2.25
13.7201  2.09
13.7301  2.18
13.7401  2.04
13.7501  2.05
13.7601  2.13
13.7701  2.12
13.7801  1.87
13.7901  2.05
13.8001  1.95
13.8101  2.11
13.8201  2.1
13.8301  1.97
13.8401  2.24
13.8501  2.15
13.8601  1.94
13.8701  2.06
13.8801  2.07
13.8901  2.14
13.9001  1.96
13.9101  2.1
13.9201  2.16
13.9301  2.15
13.9401  2.04
13.9501  2.14
13.9601  2.01
13.9701  1.96
13.9801  2.15
13.9901  2.1
14.0001  2.03
14.0101  2.15
14.0201  1.87
14.0301  2.29
14.0401  1.97
14.0501  2.16
14.0601  2.32
14.0701  2.02
14.0801  2.05
14.0901  2.01
14.1001  2.15
14.1101  1.88
14.1201  2.04
14.1301  2
14.1401  2.11
14.1501  2.22
14.1601  2.1
14.1701  2.23
14.1801  2.07
14.1901  1.99
14.2001  2.11
14.2101  2.09
14.2201  2.01
14.2301  1.95
14.2401  2.01
14.2501  2.06
14.2601  1.79
14.2701  2.09
14.2801  2.05
14.2901  1.82
14.3001  1.98
14.3101  2.18
14.3201  2.32
14.3301  1.96
14.3401  2.21
14.3501  1.92
14.3601  2.21
14.3701  1.85
14.3801  1.87
14.3901  1.98
14.4001  2.2
14.4101  2.14
14.4201  1.87
14.4301  2.07
14.4401  2.2
14.4501  2.02
14.4601  1.93
14.4701  1.79
14.4801  2.24
14.4901  2.14
14.5001  2.12
14.5101  2.21
14.5201  2.04
14.5301  2.11
14.5401  1.92
14.5501  1.92
14.5601  1.89
14.5701  1.91
14.5801  2.23
14.5901  2.15
14.6001  2.15
14.6101  2.04
14.6201  2.15
14.6301  1.96
14.6401  2.09
14.6501  2.25
14.6601  1.97
14.6701  2.13
14.6801  2.02
14.6901  1.75
14.7001  1.85
14.7101  1.83
14.7201  2.19
14.7301  2.12
14.7401  2.26
14.7501  2.19
14.7601  2.04
14.7701  2.04
14.7801  1.97
14.7901  2.28
14.8001  2.2
14.8101  1.98
14.8201  2.03
14.8301  1.81
14.8401  2.15
14.8501  2.09
14.8601  2.02
14.8701  2.26
14.8801  1.96
14.8901  2.14
14.9001  2.11
14.9101  2.03
14.9201  2.14
14.9301  2.02
14.9401  2.14
14.9501  1.88
14.9601  2.28
14.9701  2.21
14.9801  1.88
14.9901  1.89
15.0001  2
15.0101  2.27
15.0201  2.12
15.0301  2.09
15.0401  2.01
15.0501  2.13
15.0601  2.08
15.0701  2.08
15.0801  2.03
15.0901  2.25
15.1001  1.73
15.1101  2.07
15.1201  1.99
15.1301  2.06
15.1401  2.06
15.1501  2.05
15.1601  1.79
15.1701  2
15.1801  1.87
15.1901  2.31
15.2001  2
15.2101  2.24
15.2201  1.92
15.2301  2.2
15.2401  2.2
15.2501  2.01
15.2601  1.91
15.2701  2.07
15.2801  1.91
15.2901  2.04
15.3001  1.94
15.3101  1.92
15.3201  2
15.3301  2.09
15.3401  1.91
15.3501  2.14
15.3601  1.71
15.3701  2.02
15.3801  2.29
15.3901  2.14
15.4001  2.05
15.4101  2.17
15.4201  2.21
15.4301  2.06
15.4401  1.98
15.4501  1.99
15.4601  2.17
15.4701  2.24
15.4801  2.09
15.4901  2.12
15.5001  2.21
15.5101  2
15.5201  2.16
15.5301  2.19
15.5401  1.85
15.5501  2.2
15.5601  2.07
15.5701  2.04
15.5801  2.16
15.5901  1.98
15.6001  2.06
15.6101  2.02
15.6201  2.07
15.6301  2.18
15.6401  2.28
15.6501  1.97
15.6601  2.09
15.6701  2.05
15.6801  2.22
15.6901  2.18
15.7001  2.06
15.7101  2.21
15.7201  2.11
15.7301  2.16
15.7401  2.04
15.7501  1.81
15.7601  2.19
15.7701  1.96
15.7801  1.97
15.7901  1.84
15.8001  2.09
15.8101  2.16
15.8201  1.88
15.8301  2.05
15.8401  1.92
15.8501  2.35
15.8601  2.15
15.8701  1.77
15.8801  2.11
15.8901  2.13
15.9001  1.95
15.9101  2.07
15.9201  1.85
15.9301  1.97
15.9401  2.13
15.9501  1.77
15.9601  2.07
15.9701  2.25
15.9801  2.04
15.9901  2.12
16.0001  2.29
16.0101  2.17
16.0201  1.9
16.0301  1.83
16.0401  2.07
16.0501  2.16
16.0601  2.02
16.0701  1.96
16.0801  2.11
16.0901  2.08
16.1001  2.02
16.1101  2.11
16.1201  2.06
16.1301  2.16
16.1401  2.25
16.1501  2.07
16.1601  1.87
16.1701  2.17
16.1801  2.17
16.1901  1.82
16.2001  2.2
16.2101  1.96
16.2201  2.04
16.2301  2.28
16.2401  2.24
16.2501  2.05
16.2601  2.26
16.2701  1.96
16.2801  1.88
16.2901  1.98
16.3001  1.87
16.3101  2.09
16.3201  2.17
16.3301  2.12
16.3401  2.02
16.3501  2.27
16.3601  1.9
16.3701  2.26
16.3801  1.89
16.3901  2.11
16.4001  2.1
16.4101  2.16
16.4201  1.95
16.4301  2.08
16.4401  2.21
16.4501  1.78
16.4601  2.17
16.4701  2.3
16.4801  2
16.4901  1.94
16.5001  2.32
16.5101  2.1
16.5201  1.85
16.5301  2.12
16.5401  1.99
16.5501  2.07
16.5601  2.11
16.5701  2.06
16.5801  2.14
16.5901  1.9
16.6001  2.12
16.6101  2.14
16.6201  2.14
16.6301  2.01
16.6401  2.03
16.6501  2.18
16.6601  1.8
16.6701  1.97
16.6801  1.78
16.6901  2.27
16.7001  2.01
16.7101  2.2
16.7201  1.91
16.7301  2.2
16.7401  1.86
16.7501  2.27
16.7601  1.95
16.7701  2.04
16.7801  2.06
16.7901  2.06
16.8001  2.01
16.8101  1.94
16.8201  1.82
16.8301  1.95
16.8401  2.17
16.8501  1.94
16.8601  2.33
16.8701  2.09
16.8801  1.93
16.8901  2.03
16.9001  2.2
16.9101  2.28
16.9201  2.18
16.9301  1.85
16.9401  2.24
16.9501  2.02
16.9601  1.98
16.9701  2.1
16.9801  1.98
16.9901  1.89
17.0001  2.18
17.0101  2.12
17.0201  2.14
17.0301  1.93
17.0401  2
17.0501  2.06
17.0601  1.96
17.0701  2.25
17.0801  2.17
17.0901  2.29
17.1001  2.2
17.1101  2.11
17.1201  2.25
17.1301  1.89
17.1401  2.08
17.1501  2.05
17.1601  2.15
17.1701  2.1
17.1801  1.86
17.1901  2.1
17.2001  2.12
17.2101  2
17.2201  2.26
17.2301  2.06
17.2401  1.87
17.2501  2.22
17.2601  2.03
17.2701  1.74
17.2801  1.79
17.2901  2.13
17.3001  1.97
17.3101  2.03
17.3201  1.95
17.3301  2.24
17.3401  2.11
17.3501  1.94
17.3601  1.88
17.3701  2.08
17.3801  2.11
17.3901  2.13
17.4001  2.03
17.4101  1.97
17.4201  1.99
17.4301  1.96
17.4401  2.13
17.4501  1.81
17.4601  2
17.4701  2.21
17.4801  2.21
17.4901  2.19
17.5001  1.97
17.5101  2.19
17.5201  2
17.5301  2.03
17.5401  2.13
17.5501  2.01
17.5601  2.14
17.5701  2.44
17.5801  1.7
17.5901  1.88
17.6001  2.12
17.6101  2.17
17.6201  2.06
17.6301  2.35
17.6401  1.95
17.6501  2.08
17.6601  1.95
17.6701  2.06
17.6801  2.23
17.6901  1.79
17.7001  2.15
17.7101  2.43
17.7201  1.91
17.7301  2.25
17.7401  1.9
17.7501  2.1
17.7601  2.05
17.7701  2.05
17.7801  1.99
17.7901  1.96
17.8001  1.85
17.8101  2.04
17.8201  1.95
17.8301  2.03
17.8401  2.3
17.8501  2.13
17.8601  2.2
17.8701  1.76
17.8801  2.18
17.8901  2.12
17.9001  1.89
17.9101  1.98
17.9201  2
17.9301  2.19
17.9401  1.89
17.9501  2.06
17.9601  2.03
17.9701  2.03
17.9801  2.14
17.9901  2.01
18.0001  2.11
18.0101  2.19
18.0201  2.25
18.0301  2.12
18.0401  1.95
18.0501  2.05
18.0601  2.23
18.0701  2
18.0801  2.16
18.0901  2.08
18.1001  2
18.1101  2.06
18.1201  2.06
18.1301  2.15
18.1401  2.07
18.1501  1.93
18.1601  2.08
18.1701  2.12
18.1801  2.18
18.1901  2.12
18.2001  2.19
18.2101  1.99
18.2201  1.75
18.2301  2.12
18.2401  2.1
18.2501  2.05
18.2601  2.06
18.2701  2.2
18.2801  1.94
18.2901  1.9
18.3001  2.21
18.3101  2.13
18.3201  2.08
18.3301  1.9
18.3401  2.02
18.3501  2.02
18.3601  2.2
18.3701  2.11
18.3801  2.17
18.3901  2.16
18.4001  2.09
18.4101  2.08
18.4201  1.78
18.4301  2.03
18.4401  1.8
18.4501  2.06
18.4601  2.03
18.4701  1.84
18.4801  2.31
18.4901  2.11
18.5001  2.29
18.5101  2.02
18.5201  1.74
18.5301  2.1
18.5401  2.1
18.5501  1.95
18.5601  2.26
18.5701  1.99
18.5801  2.1
18.5901  2.07
18.6001  2
18.6101  2.21
18.6201  2.14
18.6301  1.89
18.6401  2.04
18.6501  1.83
18.6601  2.26
18.6701  2.28
18.6801  1.92
18.6901  2.23
18.7001  2.11
18.7101  2.02
18.7201  1.99
18.7301  2.2
18.7401  1.97
18.7501  1.99
18.7601  2.01
18.7701  2.09
18.7801  2.17
18.7901  2.31
18.8001  2.05
18.8101  2.34
18.8201  2.29
18.8301  1.98
18.8401  2.28
18.8501  1.93
18.8601  2.11
18.8701  2.01
18.8801  2.23
18.8901  1.96
18.9001  1.88
18.9101  2.24
18.9201  2.03
18.9301  1.73
18.9401  2.01
18.9501  2.14
18.9601  1.97
18.9701  2.05
18.9801  2.18
18.9901  2.04
19.0001  2.11
19.0101  2.1
19.0201  1.84
19.0301  2.04
19.0401  2.26
19.0501  1.95
19.0601  2.21
19.0701  2.15
19.0801  1.92
19.0901  1.91
19.1001  1.94
19.1101  2.31
19.1201  2.18
19.1301  2.02
19.1401  1.8
19.1501  2.02
19.1601  2.25
19.1701  2.21
19.1801  2.16
19.1901  2.28
19.2001  2.1
19.2101  1.98
19.2201  1.97
19.2301  1.97
19.2401  2.09
19.2501  1.94
19.2601  2.31
19.2701  2.02
19.2801  2.05
19.2901  2.23
19.3001  2.14
19.3101  2
19.3201  2.08
19.3301  2.17
19.3401  2.17
19.3501  2.27
19.3601  1.97
19.3701  1.95
19.3801  1.96
19.3901  2.25
19.4001  1.84
19.4101  2.14
19.4201  2.12
19.4301  1.93
19.4401  2.01
19.4501  2.42
19.4601  2.11
19.4701  2.01
19.4801  2.12
19.4901  2.19
19.5001  2.38
19.5101  1.91
19.5201  1.89
19.5301  2.21
19.5401  1.88
19.5501  1.94
19.5601  1.79
19.5701  2.08
19.5801  1.95
19.5901  2.22
19.6001  1.91
19.6101  2.16
19.6201  2.1
19.6301  2.06
19.6401  2.13
19.6501  2.05
19.6601  2.02
19.6701  2.35
19.6801  1.95
19.6901  2.49
19.7001  2.03
19.7101  1.86
19.7201  2.21
19.7301  1.95
19.7401  2.19
19.7501  1.97
19.7601  2.15
19.7701  2.03
19.7801  2.06
19.7901  1.8
19.8001  1.78
19.8101  2.12
19.8201  2.21
19.8301  2.21
19.8401  2.09
19.8501  2.23
19.8601  2.31
19.8701  2.06
19.8801  2.08
19.8901  1.94
19.9001  2.21
19.9101  1.93
19.9201  2.05
19.9301  2.25
19.9401  1.95
19.9501  2.26
19.9601  1.99
19.9701  2.04
19.9801  1.95
19.9901  2.15
20.0001  1.95
20.0101  1.97
20.0201  2.08
20.0301  2.08
20.0401  2.03
20.0501  2.27
20.0601  2.03
20.0701  2.32
20.0801  2.08
20.0901  2.21
20.1001  1.98
20.1101  2.09
20.1201  2.12
20.1301  2.14
20.1401  2.09
20.1501  2.01
20.1601  1.9
20.1701  1.91
20.1801  1.98
20.1901  2.08
20.2001  2.13
20.2101  2.18
20.2201  2.26
20.2301  1.98
20.2401  2.02
20.2501  2.28
20.2601  2.04
20.2701  1.93
20.2801  2.14
20.2901  2.13
20.3001  2.13
20.3101  2.07
20.3201  1.84
20.3301  1.81
20.3401  2.09
20.3501  2.28
20.3601  2.07
20.3701  1.84
20.3801  2.05
20.3901  2.02
20.4001  2.03
20.4101  2.1
20.4201  1.83
20.4301  2.4
20.4401  2.03
20.4501  2.21
20.4601  1.98
20.4701  2.02
20.4801  2.03
20.4901  2.4
20.5001  2.02
20.5101  2.23
20.5201  1.94
20.5301  2.17
20.5401  1.79
20.5501  2.02
20.5601  2.02
20.5701  1.78
20.5801  2.11
20.5901  1.99
20.6001  2.21
20.6101  2.1
20.6201  2.06
20.6301  2.16
20.6401  2.23
20.6501  2.06
20.6601  1.88
20.6701  2.23
20.6801  2.3
20.6901  1.8
20.7001  2.08
20.7101  1.92
20.7201  2.4
20.7301  2.15
20.7401  1.99
20.7501  2.34
20.7601  2.25
20.7701  1.99
20.7801  2.05
20.7901  2
20.8001  2.12
20.8101  1.78
20.8201  2
20.8301  2.09
20.8401  1.93
20.8501  2.07
20.8601  1.91
20.8701  2.25
20.8801  2.17
20.8901  2.1
20.9001  1.97
20.9101  2.12
20.9201  2.23
20.9301  2.12
20.9401  2.09
20.9501  2.1
20.9601  1.92
20.9701  2.11
20.9801  1.82
20.9901  2.1
21.0001  1.87
21.0101  2.04
21.0201  2.14
21.0301  1.96
21.0401  2.09
21.0501  2.1
21.0601  1.9
21.0701  2.24
21.0801  1.84
21.0901  2.08
21.1001  1.93
21.1101  2.26
21.1201  1.98
21.1301  2.14
21.1401  2.1
21.1501  2.05
21.1601  1.93
21.1701  2.07
21.1801  2.25
21.1901  2.15
21.2001  2.25
21.2101  1.78
21.2201  1.88
21.2301  2.05
21.2401  2.16
21.2501  2.03
21.2601  2.05
21.2701  2.3
21.2801  2
21.2901  2.15
21.3001  1.99
21.3101  1.85
21.3201  2.21
21.3301  2.17
21.3401  1.87
21.3501  2.1
21.3601  2.03
21.3701  2.29
21.3801  2.04
21.3901  2.05
21.4001  2.04
21.4101  1.88
21.4201  2.01
21.4301  2.13
21.4401  2.04
21.4501  2.09
21.4601  2.17
21.4701  2.26
21.4801  2.08
21.4901  1.99
21.5001  1.98
21.5101  2.05
21.5201  2.09
21.5301  1.97
21.5401  2.29
21.5501  2.14
21.5601  2.06
21.5701  1.86
21.5801  1.76
21.5901  2.02
21.6001  2.12
21.6101  1.91
21.6201  1.99
21.6301  2.01
21.6401  2.11
21.6501  1.99
21.6601  2.03
21.6701  2.14
21.6801  2.18
21.6901  2
21.7001  2.16
21.7101  2.31
21.7201  2.26
21.7301  1.87
21.7401  1.98
21.7501  2.14
21.7601  1.82
21.7701  2.35
21.7801  2.14
21.7901  1.8
21.8001  1.75
21.8101  2.19
21.8201  2.01
21.8301  2.1
21.8401  2.04
21.8501  2.22
21.8601  2.19
21.8701  1.94
21.8801  2.04
21.8901  1.83
21.9001  2.08
21.9101  2.03
21.9201  2.04
21.9301  2.16
21.9401  2.25
21.9501  2.19
21.9601  2.24
21.9701  2.06
21.9801  2.03
21.9901  2.21
22.0001  2.13
22.0101  2.03
22.0201  1.91
22.0301  1.86
22.0401  2.01
22.0501  2.08
22.0601  1.95
22.0701  1.93
22.0801  2.2
22.0901  2.23
22.1001  2.36
22.1101  1.84
22.1201  1.94
22.1301  1.9
22.1401  2.22
22.1501  1.9
22.1601  2.02
22.1701  1.92
22.1801  2.21
22.1901  2.08
22.2001  1.74
22.2101  2.17
22.2201  2.17
22.2301  2.01
22.2401  2.18
22.2501  2.11
22.2601  1.99
22.2701  2.1
22.2801  2.21
22.2901  2.04
22.3001  1.96
22.3101  1.97
22.3201  2.04
22.3301  1.89
22.3401  1.81
22.3501  1.93
22.3601  2.08
22.3701  2.2
22.3801  2.16
22.3901  1.91
22.4001  2.22
22.4101  1.9
22.4201  2.03
22.4301  2.11
22.4401  2.13
22.4501  2.2
22.4601  2.2
22.4701  2.08
22.4801  2.04
22.4901  2.07
22.5001  1.98
22.5101  2.15
22.5201  2
22.5301  1.9
22.5401  2.08
22.5501  2.03
22.5601  1.9
22.5701  2.06
22.5801  2.12
22.5901  2.14
22.6001  2.18
22.6101  2.34
22.6201  2.1
22.6301  1.89
22.6401  1.93
22.6501  2
22.6601  2.14
22.6701  2.11
22.6801  2
22.6901  1.9
22.7001  2.13
22.7101  2
22.7201  2.19
22.7301  2.01
22.7401  2.07
22.7501  2.29
22.7601  1.71
22.7701  2.21
22.7801  2.05
22.7901  2.01
22.8001  1.95
22.8101  2.2
22.8201  2.09
22.8301  2.33
22.8401  2.06
22.8501  1.86
22.8601  2.25
22.8701  2.09
22.8801  2.26
22.8901  2.07
22.9001  2.01
22.9101  2.08
22.9201  2.03
22.9301  2.17
22.9401  1.93
22.9501  2.05
22.9601  2.14
22.9701  2.02
22.9801  1.91
22.9901  2.11
23.0001  2
23.0101  2.06
23.0201  1.76
23.0301  2.08
23.0401  1.68
23.0501  2.17
23.0601  1.88
23.0701  1.93
23.0801  2.21
23.0901  2.09
23.1001  2.07
23.1101  1.82
23.1201  2.11
23.1301  2.03
23.1401  2.21
23.1501  1.77
23.1601  2.21
23.1701  1.71
23.1801  2.17
23.1901  1.97
23.2001  2.09
23.2101  1.99
23.2201  2.1
23.2301  2.26
23.2401  1.87
23.2501  2.19
23.2601  2.11
23.2701  2.28
23.2801  1.96
23.2901  2.01
23.3001  2.22
23.3101  2.21
23.3201  2.07
23.3301  2.23
23.3401  1.95
23.3501  2.27
23.3601  1.87
23.3701  2.02
23.3801  2.3
23.3901  2.01
23.4001  2.26
23.4101  2.21
23.4201  2.18
23.4301  1.95
23.4401  2.27
23.4501  2.12
23.4601  2.21
23.4701  2.08
23.4801  1.97
23.4901  2.01
23.5001  2.04
23.5101  2.07
23.5201  2.31
23.5301  2.01
23.5401  1.94
23.5501  2.07
23.5601  1.75
23.5701  1.87
23.5801  2.13
23.5901  1.89
23.6001  2.18
23.6101  1.82
23.6201  2.05
23.6301  1.83
23.6401  2.12
23.6501  2.27
23.6601  2.03
23.6701  2.07
23.6801  1.91
23.6901  2.12
23.7001  2.1
23.7101  2.22
23.7201  2.05
23.7301  2.12
23.7401  1.86
23.7501  2.01
23.7601  2.05
23.7701  2.11
23.7801  2.02
23.7901  1.89
23.8001  2.11
23.8101  2.18
23.8201  1.97
23.8301  2.1
23.8401  2.04
23.8501  2.24
23.8601  2.18
23.8701  2.2
23.8801  2.02
23.8901  1.94
23.9001  1.98
23.9101  2.37
23.9201  2.28
23.9301  2.18
23.9401  2.3
23.9501  1.94
23.9601  1.9
23.9701  2.03
23.9801  2.16
23.9901  1.95
24.0001  1.87
24.0101  2.24
24.0201  2.02
24.0301  2.13
24.0401  1.83
24.0501  1.93
24.0601  2.29
24.0701  2.01
24.0801  2.11
24.0901  2.22
24.1001  2.03
24.1101  2.14
24.1201  2.02
24.1301  2.21
24.1401  2.07
24.1501  2.08
24.1601  2.08
24.1701  1.9
24.1801  1.97
24.1901  2.15
24.2001  1.77
24.2101  1.91
24.2201  1.87
24.2301  1.92
24.2401  2.09
24.2501  2.15
24.2601  1.93
24.2701  2.02
24.2801  2.19
24.2901  2.26
24.3001  1.95
24.3101  2.08
24.3201  2.36
24.3301  2.23
24.3401  2.14
24.3501  2.11
24.3601  1.93
24.3701  1.95
24.3801  1.95
24.3901  1.99
24.4001  2.05
24.4101  1.93
24.4201  2.11
24.4301  2.19
24.4401  2.14
24.4501  2.13
24.4601  1.91
24.4701  2.09
24.4801  1.8
24.4901  1.96
24.5001  1.97
24.5101  2.44
24.5201  2.02
24.5301  2.28
24.5401  2.1
24.5501  2.11
24.5601  1.94
24.5701  2.24
24.5801  2.02
24.5901  2.02
24.6001  2.08
24.6101  2.02
24.6201  1.89
24.6301  2.18
24.6401  1.98
24.6501  1.81
24.6601  2.04
24.6701  2.11
24.6801  2.09
24.6901  2.16
24.7001  2.02
24.7101  2.16
24.7201  1.99
24.7301  2.08
24.7401  2.2
24.7501  1.93
24.7601  2.28
24.7701  2.17
24.7801  2.11
24.7901  1.82
24.8001  2.23
24.8101  2.05
24.8201  1.99
24.8301  2
24.8401  2.14
24.8501  2.12
24.8601  2.06
24.8701  1.82
24.8801  2.2
24.8901  2.01
24.9001  2.22
24.9101  2.21
24.9201  1.81
24.9301  2.2
24.9401  2.19
24.9501  1.91
24.9601  2.21
24.9701  2.07
24.9801  1.82
24.9901  2.04
25.0001  1.92
25.0101  1.97
25.0201  1.99
25.0301  2.16
25.0401  1.93
25.0501  2
25.0601  2.08
25.0701  2.07
25.0801  2.06
25.0901  2.02
25.1001  2.28
25.1101  2.06
25.1201  2
25.1301  2.08
25.1401  2.25
25.1501  2.11
25.1601  2.18
25.1701  2.04
25.1801  1.79
25.1901  2.04
25.2001  1.87
25.2101  2.15
25.2201  2.1
25.2301  2.19
25.2401  2.03
25.2501  2.01
25.2601  2
25.2701  2.04
25.2801  2.02
25.2901  2.25
25.3001  1.99
25.3101  2.05
25.3201  1.69
25.3301  2.29
25.3401  2.09
25.3501  1.88
25.3601  2
25.3701  1.88
25.3801  2.42
25.3901  2.42
25.4001  2.13
25.4101  2.23
25.4201  1.87
25.4301  2.03
25.4401  2.09
25.4501  2.19
25.4601  2.06
25.4701  1.93
25.4801  1.92
25.4901  1.99
25.5001  2.19
25.5101  2.03
25.5201  2.14
25.5301  1.8
25.5401  1.91
25.5501  1.93
25.5601  2.41
25.5701  2.24
25.5801  1.92
25.5901  2.29
25.6001  1.95
25.6101  2.04
25.6201  2.06
25.6301  2.31
25.6401  2.12
25.6501  1.87
25.6601  2.12
25.6701  1.73
25.6801  2.08
25.6901  1.92
25.7001  2.21
25.7101  2.15
25.7201  2.09
25.7301  1.84
25.7401  2.19
25.7501  2.07
25.7601  1.98
25.7701  2.14
25.7801  1.85
25.7901  2.29
25.8001  2.17
25.8101  1.94
25.8201  2.09
25.8301  2.07
25.8401  2.21
25.8501  1.91
25.8601  1.95
25.8701  2.15
25.8801  2.41
25.8901  2.12
25.9001  1.94
25.9101  1.95
25.9201  2.06
25.9301  1.96
25.9401  2.14
25.9501  2.11
25.9601  1.88
25.9701  2.42
25.9801  1.83
25.9901  1.92
26.0001  2.16
26.0101  2.2
26.0201  2.1
26.0301  2.03
26.0401  2.11
26.0501  2.15
26.0601  1.87
26.0701  2.18
26.0801  2.1
26.0901  1.79
26.1001  2.24
26.1101  2.05
26.1201  2.2
26.1301  2.04
26.1401  2.18
26.1501  1.96
26.1601  2.31
26.1701  1.93
26.1801  2.1
26.1901  1.82
26.2001  1.94
26.2101  1.86
26.2201  2.16
26.2301  2.11
26.2401  1.91
26.2501  1.95
26.2601  2.12
26.2701  1.96
26.2801  2.03
26.2901  2.24
26.3001  2.31
26.3101  2.03
26.3201  1.91
26.3301  2.02
26.3401  2.11
26.3501  2.03
26.3601  2.15
26.3701  2.14
26.3801  2.11
26.3901  2.12
26.4001  2.19
26.4101  2
26.4201  2.02
26.4301  1.96
26.4401  1.82
26.4501  2.29
26.4601  2.1
26.4701  2.02
26.4801  2.31
26.4901  2.32
26.5001  1.89
26.5101  1.99
26.5201  2.21
26.5301  2.08
26.5401  1.93
26.5501  1.98
26.5601  2.32
26.5701  2.05
26.5801  2.19
26.5901  1.94
26.6001  2.1
26.6101  2.16
26.6201  2.17
26.6301  2.14
26.6401  1.85
26.6501  1.98
26.6601  2.18
26.6701  2.02
26.6801  2.05
26.6901  2.01
26.7001  2.14
26.7101  1.85
26.7201  2.07
26.7301  1.82
26.7401  2.17
26.7501  1.92
26.7601  1.95
26.7701  2.11
26.7801  2.28
26.7901  2.09
26.8001  2.1
26.8101  1.96
26.8201  2.1
26.8301  1.82
26.8401  2.05
26.8501  1.99
26.8601  2.08
26.8701  1.79
26.8801  1.98
26.8901  2.38
26.9001  2.15
26.9101  2.05
26.9201  2.23
26.9301  2.04
26.9401  2.19
26.9501  1.97
26.9601  2.08
26.9701  2.21
26.9801  1.89
26.9901  2.08
27.0001  2.14
27.0101  2.12
27.0201  2.15
27.0301  2.07
27.0401  2.09
27.0501  1.99
27.0601  2.25
27.0701  1.97
27.0801  1.96
27.0901  2.31
27.1001  2.05
27.1101  2.27
27.1201  2.26
27.1301  1.97
27.1401  2.03
27.1501  2.27
27.1601  1.95
27.1701  1.95
27.1801  2.07
27.1901  1.87
27.2001  2.34
27.2101  2.17
27.2201  2.08
27.2301  2.1
27.2401  2.07
27.2501  2.07
27.2601  2.04
27.2701  2.29
27.2801  2.09
27.2901  2.04
27.3001  2.04
27.3101  1.9
27.3201  2.12
27.3301  1.77
27.3401  2
27.3501  2.22
27.3601  2.08
27.3701  2.02
27.3801  2.18
27.3901  2.03
27.4001  1.87
27.4101  2.08
27.4201  1.95
27.4301  1.86
27.4401  2.42
27.4501  2.14
27.4601  1.95
27.4701  2.13
27.4801  2.2
27.4901  1.89
27.5001  1.97
27.5101  2.21
27.5201  1.94
27.5301  1.89
27.5401  2.23
27.5501  2.18
27.5601  2.02
27.5701  2
27.5801  2.03
27.5901  2
27.6001  2.26
27.6101  2.07
27.6201  2.28
27.6301  1.98
27.6401  2.09
27.6501  1.91
27.6601  1.66
27.6701  2.2
27.6801  2
27.6901  2.17
27.7001  2.03
27.7101  2.04
27.7201  2.16
27.7301  1.9
27.7401  2.12
27.7501  2.14
27.7601  2.08
27.7701  2.19
27.7801  2.13
27.7901  2.18
27.8001  2.18
27.8101  2.03
27.8201  2.18
27.8301  2.21
27.8401  2.16
27.8501  1.82
27.8601  1.84
27.8701  2.31
27.8801  2.25
27.8901  2.09
27.9001  1.92
27.9101  2.05
27.9201  2.09
27.9301  1.97
27.9401  2
27.9501  2.05
27.9601  2.14
27.9701  2.2
27.9801  2.1
27.9901  2.01
28.0001  2.16
28.0101  2.03
28.0201  2.32
28.0301  2.17
28.0401  1.88
28.0501  1.98
28.0601  2.03
28.0701  2.09
28.0801  1.87
28.0901  2.02
28.1001  1.95
28.1101  2.32
28.1201  1.87
28.1301  2.06
28.1401  2.23
28.1501  2.14
28.1601  2.06
28.1701  2.05
28.1801  1.97
28.1901  2.04
28.2001  2.02
28.2101  2.03
28.2201  2.2
28.2301  1.99
28.2401  2.05
28.2501  2.1
28.2601  2.1
28.2701  2.22
28.2801  1.73
28.2901  2.04
28.3001  2.13
28.3101  1.96
28.3201  2.24
28.3301  2
28.3401  1.9
28.3501  1.97
28.3601  2.06
28.3701  1.84
28.3801  2.26
28.3901  2.01
28.4001  2.03
28.4101  2.04
28.4201  2.02
28.4301  2.22
28.4401  2
28.4501  2.18
28.4601  1.91
28.4701  2.15
28.4801  1.89
28.4901  2.08
28.5001  1.99
28.5101  2.01
28.5201  2.24
28.5301  1.98
28.5401  2.15
28.5501  1.96
28.5601  1.75
28.5701  2.05
28.5801  2.16
28.5901  2.24
28.6001  2.25
28.6101  1.89
28.6201  2.14
28.6301  2.05
28.6401  2.22
28.6501  2.08
28.6601  2.14
28.6701  2.17
28.6801  2.21
28.6901  2.03
28.7001  2
28.7101  2.12
28.7201  2.14
28.7301  2.31
28.7401  1.83
28.7501  2.09
28.7601  2.22
28.7701  2.29
28.7801  2.03
28.7901  2.19
28.8001  2.26
28.8101  2.02
28.8201  1.98
28.8301  2.17
28.8401  2.21
28.8501  1.9
28.8601  1.96
28.8701  2.12
28.8801  1.99
28.8901  2.28
28.9001  2.18
28.9101  2.08
28.9201  2.15
28.9301  2.01
28.9401  2.16
28.9501  1.83
28.9601  1.93
28.9701  2.16
28.9801  1.93
28.9901  2
29.0001  1.92
29.0101  2.11
29.0201  1.83
29.0301  2.09
29.0401  1.92
29.0501  2.03
29.0601  2.09
29.0701  2.29
29.0801  2.18
29.0901  2.09
29.1001  1.92
29.1101  2
29.1201  2.06
29.1301  2.12
29.1401  1.98
29.1501  2.16
29.1601  1.79
29.1701  2.34
29.1801  2.01
29.1901  2.14
29.2001  1.97
29.2101  2.23
29.2201  1.87
29.2301  1.98
29.2401  1.84
29.2501  2.21
29.2601  2.26
29.2701  1.97
29.2801  2.15
29.2901  1.88
29.3001  1.95
29.3101  1.79
29.3201  2.2
29.3301  2.1
29.3401  2.01
29.3501  2.26
29.3601  2.11
29.3701  2.34
29.3801  2.1
29.3901  1.78
29.4001  2.36
29.4101  1.96
29.4201  2.23
29.4301  2.13
29.4401  2.01
29.4501  1.98
29.4601  1.99
29.4701  2.2
29.4801  1.8
29.4901  2.29
29.5001  2.08
29.5101  2.01
29.5201  2.17
29.5301  1.97
29.5401  1.89
29.5501  2.01
29.5601  1.87
29.5701  2.06
29.5801  2.35
29.5901  2.25
29.6001  2.2
29.6101  2.13
29.6201  2.29
29.6301  2.15
29.6401  2
29.6501  2.19
29.6601  2.01
29.6701  1.97
29.6801  1.85
29.6901  1.96
29.7001  2.24
29.7101  2.11
29.7201  2.21
29.7301  2.21
29.7401  2.09
29.7501  2.3
29.7601  1.77
29.7701  2
29.7801  1.89
29.7901  1.92
29.8001  2.01
29.8101  1.79
29.8201  1.9
29.8301  2.11
29.8401  2.18
29.8501  1.81
29.8601  2.01
29.8701  2.21
29.8801  2.07
29.8901  1.88
29.9001  2.03
29.9101  1.72
29.9201  2.17
29.9301  2.12
29.9401  2.05
29.9501  1.75
29.9601  2.23
29.9701  2.12
29.9801  2.11
29.9901  2.14
30.0001  1.86
30.0101  1.98
30.0201  1.74
30.0301  1.97
30.0401  2.33
30.0501  1.99
30.0601  1.95
30.0701  1.98
30.0801  2.03
30.0901  2.14
30.1001  2.01
30.1101  2.22
30.1201  2.22
30.1301  2.07
30.1401  2.24
30.1501  2.17
30.1601  2.03
30.1701  2.12
30.1801  2.21
30.1901  2.29
30.2001  1.95
30.2101  2.21
30.2201  2.01
30.2301  2.25
30.2401  2.24
30.2501  2.02
30.2601  2.1
30.2701  2.08
30.2801  2.02
30.2901  2.15
30.3001  1.99
30.3101  2.07
30.3201  2.1
30.3301  2.17
30.3401  2.08
30.3501  1.97
30.3601  2.1
30.3701  2.06
30.3801  2.02
30.3901  1.92
30.4001  2.11
30.4101  2.34
30.4201  1.79
30.4301  1.85
30.4401  2.13
30.4501  1.92
30.4601  1.86
30.4701  2.17
30.4801  1.93
30.4901  1.93
30.5001  2.16
30.5101  2.04
30.5201  2.24
30.5301  1.94
30.5401  1.9
30.5501  2.3
30.5601  1.74
30.5701  1.88
30.5801  1.91
30.5901  2.28
30.6001  1.88
30.6101  1.95
30.6201  2.15
30.6301  1.95
30.6401  1.85
30.6501  2.02
30.6601  2.09
30.6701  2.2
30.6801  1.91
30.6901  1.96
30.7001  1.85
30.7101  1.92
30.7201  2.33
30.7301  2.44
30.7401  2.26
30.7501  2.02
30.7601  2.02
30.7701  1.86
30.7801  2.29
30.7901  2.24
30.8001  2.15
30.8101  1.96
30.8201  2.02
30.8301  2.04
30.8401  2.05
30.8501  2.02
30.8601  1.92
30.8701  2.2
30.8801  2.23
30.8901  2.32
30.9001  2.17
30.9101  1.98
30.9201  2.06
30.9301  2.05
30.9401  2.23
30.9501  1.91
30.9601  2.05
30.9701  1.94
30.9801  1.95
30.9901  2.11
31.0001  2.36
31.0101  2.13
31.0201  2.07
31.0301  2.1
31.0401  1.89
31.0501  2.03
31.0601  2.02
31.0701  2.06
31.0801  1.84
31.0901  2.04
31.1001  2.27
31.1101  2.03
31.1201  1.92
31.1301  2.02
31.1401  2.34
31.1501  1.95
31.1601  1.93
31.1701  2.08
31.1801  1.88
31.1901  1.96
31.2001  2.23
31.2101  2.11
31.2201  1.96
31.2301  2.08
31.2401  2.09
31.2501  2.03
31.2601  2.07
31.2701  1.94
31.2801  2.17
31.2901  2.37
31.3001  2.09
31.3101  2.07
31.3201  2.23
31.3301  1.88
31.3401  1.8
31.3501  2.08
31.3601  1.85
31.3701  2.13
31.3801  2.18
31.3901  2.08
31.4001  2.02
31.4101  2.25
31.4201  2.05
31.4301  2.01
31.4401  2.12
31.4501  1.8
31.4601  1.9
31.4701  2.5
31.4801  2.01
31.4901  2.03
31.5001  2.2
31.5101  1.99
31.5201  1.92
31.5301  2.07
31.5401  1.92
31.5501  2.31
31.5601  1.99
31.5701  1.99
31.5801  2.07
31.5901  2.12
31.6001  1.85
31.6101  2.1
31.6201  2.1
31.6301  2.26
31.6401  2.15
31.6501  2.01
31.6601  2.12
31.6701  2.39
31.6801  2.03
31.6901  2.17
31.7001  1.93
31.7101  2.12
31.7201  1.97
31.7301  2.1
31.7401  1.95
31.7501  1.98
31.7601  2.2
31.7701  2.19
31.7801  2.2
31.7901  1.74
31.8001  2.24
31.8101  2.25
31.8201  1.9
31.8301  1.93
31.8401  2.2
31.8501  2.12
31.8601  1.93
31.8701  1.87
31.8801  2.12
31.8901  2.17
31.9001  2.07
31.9101  2
31.9201  1.97
31.9301  2
31.9401  2.35
31.9501  1.79
31.9601  2.02
31.9701  2.06
31.9801  2.17
31.9901  2.07
32.0001  2
32.0101  1.96
32.0201  1.95
32.0301  1.98
32.0401  2.09
32.0501  1.89
32.0601  2.18
32.0701  2.06
32.0801  2.27
32.0901  1.84
32.1001  2.02
32.1101  2.1
32.1201  2.01
32.1301  2.34
32.1401  2.11
32.1501  1.93
32.1601  2.08
32.1701  1.81
32.1801  2.35
32.1901  1.81
32.2001  1.93
32.2101  2
32.2201  2.2
32.2301  2.13
32.2401  2.2
32.2501  2
32.2601  2.13
32.2701  2.15
32.2801  2.3
32.2901  2.1
32.3001  2.44
32.3101  1.81
32.3201  1.84
32.3301  2.12
32.3401  2.17
32.3501  2.09
32.3601  1.9
32.3701  2.05
32.3801  2
32.3901  2
32.4001  2.13
32.4101  2.15
32.4201  1.87
32.4301  2.08
32.4401  2.04
32.4501  2.13
32.4601  2.16
32.4701  2.14
32.4801  2.02
32.4901  2.04
32.5001  2.1
32.5101  1.9
32.5201  2.06
32.5301  2.11
32.5401  2.24
32.5501  2.05
32.5601  1.86
32.5701  2.02
32.5801  2.16
32.5901  1.91
32.6001  2.2
32.6101  1.99
32.6201  2.01
32.6301  1.83
32.6401  2.19
32.6501  1.8
32.6601  2.17
32.6701  2.14
32.6801  2.32
32.6901  2.06
32.7001  2.13
32.7101  2.02
32.7201  2.03
32.7301  1.87
32.7401  2.05
32.7501  1.92
32.7601  2.16
32.7701  2.16
32.7801  2.29
32.7901  1.83
32.8001  2.03
32.8101  2.02
32.8201  2.11
32.8301  2.03
32.8401  2.08
32.8501  2.12
32.8601  1.98
32.8701  2
32.8801  2.1
32.8901  1.7
32.9001  2.15
32.9101  2.17
32.9201  2.18
32.9301  2.09
32.9401  2.05
32.9501  2.08
32.9601  1.91
32.9701  1.67
32.9801  2.13
32.9901  2.24
33.0001  2.16
33.0101  2.09
33.0201  1.82
33.0301  1.98
33.0401  2.13
33.0501  2.17
33.0601  2.05
33.0701  2.15
33.0801  2.16
33.0901  1.98
33.1001  2.14
33.1101  2.1
33.1201  2.25
33.1301  2.34
33.1401  2.1
33.1501  2.17
33.1601  2.03
33.1701  2.15
33.1801  1.89
33.1901  2.26
33.2001  1.99
33.2101  2.01
33.2201  2.49
33.2301  2.16
33.2401  2.23
33.2501  1.97
33.2601  2.04
33.2701  2.29
33.2801  1.96
33.2901  2.23
33.3001  2.02
33.3101  2.05
33.3201  1.91
33.3301  1.77
33.3401  2.22
33.3501  2.09
33.3601  2.14
33.3701  1.98
33.3801  1.86
33.3901  2.13
33.4001  1.86
33.4101  2.24
33.4201  2.07
33.4301  2.2
33.4401  2.03
33.4501  1.84
33.4601  1.89
33.4701  1.97
33.4801  2.04
33.4901  2
33.5001  1.98
33.5101  2.05
33.5201  2.12
33.5301  1.93
33.5401  2.13
33.5501  1.95
33.5601  2
33.5701  2.02
33.5801  2.16
33.5901  1.83
33.6001  2.04
33.6101  1.98
33.6201  2.12
33.6301  2.16
33.6401  2.07
33.6501  2.02
33.6601  2.08
33.6701  2
33.6801  2.06
33.6901  2.24
33.7001  2.18
33.7101  2.08
33.7201  1.93
33.7301  2.11
33.7401  2.23
33.7501  2.22
33.7601  1.95
33.7701  2.12
33.7801  2.15
33.7901  1.89
33.8001  1.92
33.8101  2.05
33.8201  2.17
33.8301  2.41
33.8401  2.08
33.8501  2.19
33.8601  2.15
33.8701  1.94
33.8801  2.2
33.8901  2.06
33.9001  2.16
33.9101  2.49
33.9201  2.16
33.9301  2.3
33.9401  2.21
33.9501  1.96
33.9601  2.05
33.9701  1.97
33.9801  1.95
33.9901  1.85
34.0001  1.89
34.0101  2.31
34.0201  2.07
34.0301  2.1
34.0401  2.11
34.0501  1.88
34.0601  2.04
34.0701  1.84
34.0801  1.84
34.0901  2.13
34.1001  2.04
34.1101  2.25
34.1201  1.97
34.1301  1.95
34.1401  2.05
34.1501  2.13
34.1601  2.17
34.1701  1.75
34.1801  2.23
34.1901  1.91
34.2001  1.92
34.2101  1.99
34.2201  1.87
34.2301  2.06
34.2401  1.94
34.2501  1.89
34.2601  1.73
34.2701  1.94
34.2801  2.19
34.2901  1.9
34.3001  2.26
34.3101  1.83
34.3201  1.97
34.3301  2.26
34.3401  2.43
34.3501  1.97
34.3601  1.98
34.3701  2.08
34.3801  2.25
34.3901  2.15
34.4001  1.98
34.4101  2.45
34.4201  1.89
34.4301  2.5
34.4401  2.12
34.4501  1.92
34.4601  1.9
34.4701  2.45
34.4801  2.16
34.4901  2.12
34.5  1.97
34.51  1.96
34.52  2.07
34.53  2.02
34.54  2.14
34.55  2.12
34.56  1.95
34.57  1.91
34.58  2.05
34.59  2.05
34.6  2.07
34.61  2.26
34.62  2.25
34.63  2.27
34.64  1.95
34.65  1.93
34.66  2.22
34.67  2.2
34.68  1.72
34.69  1.99
34.7  1.98
34.71  2.26
34.72  2.13
34.73  1.97
34.74  1.88
34.75  1.96
34.76  2.02
34.77  1.91
34.78  1.98
34.79  1.95
34.8  2.33
34.81  2.06
34.82  2.07
34.83  2.05
34.84  2.12
34.85  1.97
34.86  2.14
34.87  2.25
34.88  2
34.89  1.92
34.9  2.06
34.91  1.87
34.92  2.2
34.93  1.97
34.94  2.21
34.95  2.02
34.96  2.13
34.97  1.95
34.98  2.25
34.99  2.01
