-15  0
-14.99  0
-14.98  0.01
-14.97  0.01
-14.96  0.01
-14.95  0.01
-14.94  0.02
-14.93  0.02
-14.92  0.03
-14.91  0.03
-14.9  0.03
-14.89  0.04
-14.88  0.04
-14.87  0.03
-14.86  0.07
-14.85  0.04
-14.84  0.07
-14.83  0.05
-14.82  0.07
-14.81  0.08
-14.8  0.09
-14.79  0.08
-14.78  0.09
-14.77  0.1
-14.76  0.11
-14.75  0.12
-14.74  0.12
-14.73  0.16
-14.72  0.14
-14.71  0.16
-14.7  0.17
-14.69  0.21
-14.68  0.2
-14.67  0.24
-14.66  0.25
-14.65  0.28
-14.64  0.3
-14.63  0.35
-14.62  0.39
-14.61  0.43
-14.6  0.48
-14.59  0.55
-14.58  0.64
-14.57  0.78
-14.56  0.87
-14.55  1.04
-14.54  1.25
-14.53  1.55
-14.52  1.94
-14.51  2.47
-14.5  3.23
-14.49  4.28
-14.48  5.7
-14.47  7.38
-14.46  8.84
-14.45  9.17
-14.44  8.16
-14.43  6.5
-14.42  4.91
-14.41  3.7
-14.4  2.83
-14.39  2.18
-14.38  1.74
-14.37  1.41
-14.36  1.15
-14.35  0.98
-14.34  0.83
-14.33  0.72
-14.32  0.62
-14.31  0.54
-14.3  0.5
-14.29  0.45
-14.28  0.4
-14.27  0.35
-14.26  0.36
-14.25  0.31
-14.24  0.28
-14.23  0.27
-14.22  0.26
-14.21  0.21
-14.2  0.25
-14.19  0.2
-14.18  0.22
-14.17  0.21
-14.16  0.18
-14.15  0.2
-14.14  0.16
-14.13  0.16
-14.12  0.18
-14.11  0.16
-14.1  0.16
-14.09  0.18
-14.08  0.15
-14.07  0.15
-14.06  0.17
-14.05  0.16
-14.04  0.15
-14.03  0.14
-14.02  0.14
-14.01  0.16
-14  0.15
-13.99  0.19
-13.98  0.14
-13.97  0.13
-13.96  0.17
-13.95  0.15
-13.94  0.18
-13.93  0.17
-13.92  0.15
-13.91  0.18
-13.9  0.15
-13.89  0.19
-13.88  0.16
-13.87  0.18
-13.86  0.19
-13.85  0.19
-13.84  0.19
-13.83  0.23
-13.82  0.19
-13.81  0.2
-13.8  0.22
-13.79  0.22
-13.78  0.21
-13.77  0.27
-13.76  0.24
-13.75  0.23
-13.74  0.26
-13.73  0.27
-13.72  0.3
-13.71  0.28
-13.7  0.33
-13.69  0.32
-13.68  0.33
-13.67  0.36
-13.66  0.37
-13.65  0.35
-13.64  0.43
-13.63  0.42
-13.62  0.44
-13.61  0.5
-13.6  0.53
-13.59  0.52
-13.58  0.61
-13.57  0.61
-13.56  0.64
-13.55  0.7
-13.54  0.77
-13.53  0.82
-13.52  0.9
-13.51  0.96
-13.5  1.03
-13.49  1.16
-13.48  1.24
-13.47  1.35
-13.46  1.51
-13.45  1.66
-13.44  1.79
-13.43  1.99
-13.42  2.15
-13.41  2.35
-13.4  2.54
-13.39  2.77
-13.38  2.85
-13.37  3.07
-13.36  3.13
-13.35  3.14
-13.34  3.15
-13.33  3.09
-13.32  2.95
-13.31  2.83
-13.3  2.6
-13.29  2.42
-13.28  2.24
-13.27  2.06
-13.26  1.89
-13.25  1.7
-13.24  1.56
-13.23  1.4
-13.22  1.34
-13.21  1.2
-13.2  1.14
-13.19  0.97
-13.18  1
-13.17  0.87
-13.16  0.81
-13.15  0.76
-13.14  0.74
-13.13  0.66
-13.12  0.67
-13.11  0.56
-13.1  0.58
-13.09  0.55
-13.08  0.54
-13.07  0.47
-13.06  0.51
-13.05  0.44
-13.04  0.47
-13.03  0.43
-13.02  0.42
-13.01  0.39
-13  0.39
-12.99  0.39
-12.98  0.38
-12.97  0.35
-12.96  0.36
-12.95  0.35
-12.94  0.34
-12.93  0.38
-12.92  0.3
-12.91  0.33
-12.9  0.36
-12.89  0.33
-12.88  0.31
-12.87  0.33
-12.86  0.32
-12.85  0.32
-12.84  0.32
-12.83  0.35
-12.82  0.33
-12.81  0.32
-12.8  0.33
-12.79  0.32
-12.78  0.33
-12.77  0.34
-12.76  0.34
-12.75  0.35
-12.74  0.36
-12.73  0.39
-12.72  0.35
-12.71  0.36
-12.7  0.4
-12.69  0.36
-12.68  0.37
-12.67  0.4
-12.66  0.42
-12.65  0.41
-12.64  0.45
-12.63  0.45
-12.62  0.43
-12.61  0.49
-12.6  0.46
-12.59  0.52
-12.58  0.53
-12.57  0.55
-12.56  0.52
-12.55  0.58
-12.54  0.61
-12.53  0.61
-12.52  0.64
-12.51  0.67
-12.5  0.71
-12.49  0.77
-12.48  0.75
-12.47  0.8
-12.46  0.83
-12.45  0.9
-12.44  0.95
-12.43  1.02
-12.42  1.03
-12.41  1.05
-12.4  1.16
-12.39  1.21
-12.38  1.26
-12.37  1.31
-12.36  1.44
-12.35  1.48
-12.34  1.56
-12.33  1.6
-12.32  1.69
-12.31  1.72
-12.3  1.83
-12.29  1.85
-12.28  1.96
-12.27  1.93
-12.26  1.97
-12.25  2.02
-12.24  1.97
-12.23  1.96
-12.22  1.97
-12.21  1.94
-12.2  1.87
-12.19  1.8
-12.18  1.79
-12.17  1.74
-12.16  1.62
-12.15  1.6
-12.14  1.5
-12.13  1.43
-12.12  1.4
-12.11  1.31
-12.1  1.23
-12.09  1.19
-12.08  1.15
-12.07  1.05
-12.06  1.07
-12.05  0.96
-12.04  0.94
-12.03  0.91
-12.02  0.86
-12.01  0.82
-12  0.79
-11.99  0.75
-11.98  0.71
-11.97  0.73
-11.96  0.71
-11.95  0.69
-11.94  0.64
-11.93  0.63
-11.92  0.59
-11.91  0.57
-11.9  0.57
-11.89  0.57
-11.88  0.55
-11.87  0.51
-11.86  0.55
-11.85  0.53
-11.84  0.51
-11.83  0.48
-11.82  0.55
-11.81  0.47
-11.8  0.5
-11.79  0.45
-11.78  0.51
-11.77  0.48
-11.76  0.46
-11.75  0.44
-11.74  0.48
-11.73  0.47
-11.72  0.48
-11.71  0.49
-11.7  0.43
-11.69  0.48
-11.68  0.5
-11.67  0.46
-11.66  0.47
-11.65  0.5
-11.64  0.46
-11.63  0.52
-11.62  0.48
-11.61  0.53
-11.6  0.49
-11.59  0.51
-11.58  0.51
-11.57  0.56
-11.56  0.55
-11.55  0.52
-11.54  0.58
-11.53  0.55
-11.52  0.58
-11.51  0.62
-11.5  0.6
-11.49  0.64
-11.48  0.65
-11.47  0.66
-11.46  0.66
-11.45  0.68
-11.44  0.75
-11.43  0.68
-11.42  0.81
-11.41  0.75
-11.4  0.82
-11.39  0.86
-11.38  0.83
-11.37  0.85
-11.36  0.91
-11.35  0.95
-11.34  0.94
-11.33  1.03
-11.32  1.06
-11.31  1.04
-11.3  1.12
-11.29  1.15
-11.28  1.16
-11.27  1.25
-11.26  1.24
-11.25  1.27
-11.24  1.32
-11.23  1.35
-11.22  1.36
-11.21  1.42
-11.2  1.4
-11.19  1.48
-11.18  1.52
-11.17  1.45
-11.16  1.53
-11.15  1.49
-11.14  1.56
-11.13  1.48
-11.12  1.49
-11.11  1.53
-11.1  1.51
-11.09  1.49
-11.08  1.43
-11.07  1.43
-11.06  1.4
-11.05  1.36
-11.04  1.32
-11.03  1.27
-11.02  1.3
-11.01  1.25
-11  1.18
-10.99  1.16
-10.98  1.12
-10.97  1.15
-10.96  1.06
-10.95  1.04
-10.94  1
-10.93  0.96
-10.92  0.94
-10.91  0.97
-10.9  0.91
-10.89  0.84
-10.88  0.84
-10.87  0.83
-10.86  0.82
-10.85  0.81
-10.84  0.74
-10.83  0.77
-10.82  0.72
-10.81  0.75
-10.8  0.69
-10.79  0.69
-10.78  0.67
-10.77  0.65
-10.76  0.65
-10.75  0.65
-10.74  0.66
-10.73  0.66
-10.72  0.63
-10.71  0.63
-10.7  0.58
-10.69  0.61
-10.68  0.59
-10.67  0.61
-10.66  0.6
-10.65  0.57
-10.64  0.55
-10.63  0.6
-10.62  0.6
-10.61  0.59
-10.6  0.59
-10.59  0.59
-10.58  0.58
-10.57  0.57
-10.56  0.59
-10.55  0.62
-10.54  0.59
-10.53  0.59
-10.52  0.63
-10.51  0.6
-10.5  0.61
-10.49  0.61
-10.48  0.61
-10.47  0.67
-10.46  0.63
-10.45  0.66
-10.44  0.63
-10.43  0.68
-10.42  0.66
-10.41  0.68
-10.4  0.7
-10.39  0.73
-10.38  0.74
-10.37  0.74
-10.36  0.74
-10.35  0.78
-10.34  0.75
-10.33  0.79
-10.32  0.82
-10.31  0.83
-10.3  0.85
-10.29  0.83
-10.28  0.91
-10.27  0.91
-10.26  0.89
-10.25  0.95
-10.24  0.97
-10.23  0.99
-10.22  1
-10.21  1.02
-10.2  1.03
-10.19  1.1
-10.18  1.07
-10.17  1.1
-10.16  1.17
-10.15  1.14
-10.14  1.16
-10.13  1.16
-10.12  1.23
-10.11  1.21
-10.1  1.22
-10.09  1.27
-10.08  1.24
-10.07  1.23
-10.06  1.25
-10.05  1.31
-10.04  1.27
-10.03  1.29
-10.02  1.3
-10.01  1.24
-10  1.24
-9.99  1.26
-9.98  1.26
-9.97  1.25
-9.96  1.23
-9.95  1.2
-9.94  1.24
-9.93  1.19
-9.92  1.16
-9.91  1.17
-9.9  1.07
-9.89  1.11
-9.88  1.05
-9.87  1.09
-9.86  1.07
-9.85  1.02
-9.84  0.99
-9.83  0.98
-9.82  1.01
-9.81  0.95
-9.8  0.96
-9.79  0.89
-9.78  0.95
-9.77  0.89
-9.76  0.84
-9.75  0.84
-9.74  0.83
-9.73  0.84
-9.72  0.86
-9.71  0.74
-9.7  0.82
-9.69  0.76
-9.68  0.76
-9.67  0.74
-9.66  0.75
-9.65  0.76
-9.64  0.75
-9.63  0.73
-9.62  0.72
-9.61  0.69
-9.6  0.69
-9.59  0.7
-9.58  0.7
-9.57  0.7
-9.56  0.67
-9.55  0.66
-9.54  0.73
-9.53  0.67
-9.52  0.69
-9.51  0.65
-9.5  0.67
-9.49  0.65
-9.48  0.71
-9.47  0.67
-9.46  0.68
-9.45  0.65
-9.44  0.69
-9.43  0.66
-9.42  0.7
-9.41  0.7
-9.4  0.71
-9.39  0.71
-9.38  0.65
-9.37  0.76
-9.36  0.69
-9.35  0.76
-9.34  0.72
-9.33  0.7
-9.32  0.73
-9.31  0.75
-9.3  0.79
-9.29  0.73
-9.28  0.79
-9.27  0.8
-9.26  0.8
-9.25  0.79
-9.24  0.83
-9.23  0.83
-9.22  0.81
-9.21  0.86
-9.2  0.88
-9.19  0.87
-9.18  0.88
-9.17  0.94
-9.16  0.91
-9.15  0.96
-9.14  0.92
-9.13  0.97
-9.12  0.95
-9.11  0.95
-9.1  1.02
-9.09  1.03
-9.08  1
-9.07  1.05
-9.06  1.03
-9.05  1.07
-9.04  1.1
-9.03  1.05
-9.02  1.07
-9.01  1.1
-9  1.14
-8.99  1.11
-8.98  1.14
-8.97  1.13
-8.96  1.16
-8.95  1.11
-8.94  1.12
-8.93  1.19
-8.92  1.11
-8.91  1.11
-8.9  1.14
-8.89  1.1
-8.88  1.14
-8.87  1.14
-8.86  1.12
-8.85  1.07
-8.84  1.12
-8.83  1.12
-8.82  1.07
-8.81  1.1
-8.8  1.02
-8.79  1.05
-8.78  1.06
-8.77  1.05
-8.76  1.06
-8.75  0.95
-8.74  0.98
-8.73  0.99
-8.72  0.97
-8.71  0.96
-8.7  0.94
-8.69  0.91
-8.68  0.96
-8.67  0.9
-8.66  0.89
-8.65  0.91
-8.64  0.87
-8.63  0.84
-8.62  0.88
-8.61  0.86
-8.6  0.85
-8.59  0.81
-8.58  0.78
-8.57  0.85
-8.56  0.81
-8.55  0.77
-8.54  0.79
-8.53  0.81
-8.52  0.81
-8.51  0.76
-8.5  0.75
-8.49  0.78
-8.48  0.75
-8.47  0.77
-8.46  0.74
-8.45  0.76
-8.44  0.74
-8.43  0.72
-8.42  0.76
-8.41  0.73
-8.4  0.71
-8.39  0.77
-8.38  0.77
-8.37  0.75
-8.36  0.72
-8.35  0.74
-8.34  0.78
-8.33  0.72
-8.32  0.72
-8.31  0.79
-8.3  0.73
-8.29  0.76
-8.28  0.78
-8.27  0.76
-8.26  0.77
-8.25  0.75
-8.24  0.77
-8.23  0.79
-8.22  0.76
-8.21  0.79
-8.2  0.82
-8.19  0.8
-8.18  0.84
-8.17  0.79
-8.16  0.84
-8.15  0.84
-8.14  0.82
-8.13  0.9
-8.12  0.87
-8.11  0.83
-8.1  0.87
-8.09  0.91
-8.08  0.87
-8.07  0.9
-8.06  0.9
-8.05  0.93
-8.04  0.93
-8.03  0.94
-8.02  0.94
-8.01  0.92
-8  0.99
-7.99  0.98
-7.98  0.96
-7.97  1.01
-7.96  1.01
-7.95  1
-7.94  0.99
-7.93  0.99
-7.92  1.06
-7.91  1.01
-7.9  1.08
-7.89  1.02
-7.88  1.02
-7.87  1.08
-7.86  1.03
-7.85  1.04
-7.84  1.06
-7.83  1.03
-7.82  1.08
-7.81  1.04
-7.8  1.05
-7.79  1.08
-7.78  1.02
-7.77  1.07
-7.76  1.02
-7.75  1.05
-7.74  1.06
-7.73  1.01
-7.72  1.01
-7.71  1.04
-7.7  1.03
-7.69  1.03
-7.68  0.97
-7.67  1.01
-7.66  0.94
-7.65  0.99
-7.64  0.99
-7.63  0.95
-7.62  0.97
-7.61  0.97
-7.6  0.93
-7.59  0.91
-7.58  1
-7.57  0.88
-7.56  0.88
-7.55  0.88
-7.54  0.9
-7.53  0.89
-7.52  0.86
-7.51  0.89
-7.5  0.86
-7.49  0.89
-7.48  0.85
-7.47  0.89
-7.46  0.85
-7.45  0.85
-7.44  0.81
-7.43  0.85
-7.42  0.77
-7.41  0.83
-7.4  0.81
-7.39  0.84
-7.38  0.78
-7.37  0.81
-7.36  0.76
-7.35  0.8
-7.34  0.8
-7.33  0.79
-7.32  0.79
-7.31  0.82
-7.3  0.8
-7.29  0.75
-7.28  0.83
-7.27  0.78
-7.26  0.78
-7.25  0.86
-7.24  0.76
-7.23  0.77
-7.22  0.8
-7.21  0.77
-7.2  0.81
-7.19  0.78
-7.18  0.8
-7.17  0.86
-7.16  0.78
-7.15  0.79
-7.14  0.8
-7.13  0.8
-7.12  0.85
-7.11  0.84
-7.1  0.81
-7.09  0.82
-7.08  0.83
-7.07  0.86
-7.06  0.85
-7.05  0.86
-7.04  0.88
-7.03  0.87
-7.02  0.85
-7.01  0.9
-7  0.87
-6.99  0.87
-6.98  0.87
-6.97  0.9
-6.96  0.91
-6.95  0.9
-6.94  0.93
-6.93  0.89
-6.92  0.98
-6.91  0.92
-6.9  0.9
-6.89  1
-6.88  0.95
-6.87  0.95
-6.86  0.95
-6.85  0.97
-6.84  0.94
-6.83  1
-6.82  1.02
-6.81  0.95
-6.8  1.01
-6.79  0.96
-6.78  0.99
-6.77  1.04
-6.76  0.94
-6.75  1
-6.74  1.03
-6.73  1.01
-6.72  1
-6.71  0.99
-6.7  0.98
-6.69  0.99
-6.68  1.01
-6.67  0.99
-6.66  1.01
-6.65  0.97
-6.64  0.99
-6.63  1
-6.62  1.03
-6.61  0.97
-6.6  0.99
-6.59  0.99
-6.58  0.96
-6.57  0.93
-6.56  0.97
-6.55  0.95
-6.54  1
-6.53  0.94
-6.52  0.91
-6.51  0.95
-6.5  0.96
-6.49  0.94
-6.48  0.9
-6.47  0.89
-6.46  0.94
-6.45  0.88
-6.44  0.92
-6.43  0.9
-6.42  0.89
-6.41  0.87
-6.4  0.89
-6.39  0.84
-6.38  0.93
-6.37  0.85
-6.36  0.88
-6.35  0.86
-6.34  0.88
-6.33  0.88
-6.32  0.84
-6.31  0.81
-6.3  0.89
-6.29  0.82
-6.28  0.84
-6.27  0.79
-6.26  0.83
-6.25  0.83
-6.24  0.85
-6.23  0.84
-6.22  0.82
-6.21  0.85
-6.2  0.78
-6.19  0.86
-6.18  0.77
-6.17  0.82
-6.16  0.88
-6.15  0.84
-6.14  0.79
-6.13  0.85
-6.12  0.82
-6.11  0.84
-6.1  0.82
-6.09  0.82
-6.08  0.82
-6.07  0.84
-6.06  0.85
-6.05  0.81
-6.04  0.85
-6.03  0.84
-6.02  0.83
-6.01  0.83
-6  0.85
-5.99  0.88
-5.98  0.89
-5.97  0.82
-5.96  0.87
-5.95  0.85
-5.94  0.88
-5.93  0.89
-5.92  0.8
-5.91  0.89
-5.9  0.92
-5.89  0.93
-5.88  0.86
-5.87  0.93
-5.86  0.89
-5.85  0.91
-5.84  0.84
-5.83  0.97
-5.82  0.89
-5.81  0.92
-5.8  0.92
-5.79  0.94
-5.78  0.93
-5.77  0.98
-5.76  0.93
-5.75  0.91
-5.74  0.95
-5.73  0.92
-5.72  0.98
-5.71  0.95
-5.7  0.94
-5.69  1.01
-5.68  0.96
-5.67  0.91
-5.66  1
-5.65  0.95
-5.64  0.97
-5.63  0.94
-5.62  1.01
-5.61  0.93
-5.6  0.97
-5.59  0.98
-5.58  1.01
-5.57  0.95
-5.56  0.97
-5.55  0.95
-5.54  0.91
-5.53  0.99
-5.52  0.95
-5.51  0.96
-5.5  0.94
-5.49  0.95
-5.48  0.97
-5.47  0.9
-5.46  0.97
-5.45  0.97
-5.44  0.95
-5.43  0.93
-5.42  0.93
-5.41  0.94
-5.4  0.92
-5.39  0.94
-5.38  0.93
-5.37  0.9
-5.36  0.91
-5.35  0.89
-5.34  0.94
-5.33  0.87
-5.32  0.91
-5.31  0.87
-5.3  0.9
-5.29  0.88
-5.28  0.89
-5.27  0.91
-5.26  0.86
-5.25  0.88
-5.24  0.82
-5.23  0.91
-5.22  0.87
-5.21  0.91
-5.2  0.82
-5.19  0.85
-5.18  0.89
-5.17  0.89
-5.16  0.91
-5.15  0.81
-5.14  0.84
-5.13  0.85
-5.12  0.83
-5.11  0.83
-5.1  0.85
-5.09  0.82
-5.08  0.88
-5.07  0.83
-5.06  0.89
-5.05  0.81
-5.04  0.85
-5.03  0.8
-5.02  0.9
-5.01  0.87
-5  0.88
-4.99  0.83
-4.98  0.87
-4.97  0.83
-4.96  0.86
-4.95  0.84
-4.94  0.81
-4.93  0.89
-4.92  0.87
-4.91  0.87
-4.9  0.84
-4.89  0.9
-4.88  0.87
-4.87  0.88
-4.86  0.8
-4.85  0.9
-4.84  0.88
-4.83  0.91
-4.82  0.88
-4.81  0.86
-4.8  0.91
-4.79  0.85
-4.78  0.93
-4.77  0.91
-4.76  0.86
-4.75  0.91
-4.74  0.9
-4.73  0.9
-4.72  0.91
-4.71  0.94
-4.7  0.91
-4.69  0.89
-4.68  0.95
-4.67  0.92
-4.66  0.93
-4.65  0.89
-4.64  0.96
-4.63  0.94
-4.62  0.94
-4.61  0.98
-4.6  0.92
-4.59  0.89
-4.58  0.94
-4.57  0.93
-4.56  0.9
-4.55  0.99
-4.54  0.94
-4.53  0.93
-4.52  0.95
-4.51  0.96
-4.5  0.92
-4.49  0.96
-4.48  0.94
-4.47  0.96
-4.46  0.9
-4.45  0.98
-4.44  0.98
-4.43  0.96
-4.42  0.94
-4.41  0.92
-4.4  0.94
-4.39  0.94
-4.38  0.91
-4.37  0.93
-4.36  0.92
-4.35  0.95
-4.34  0.91
-4.33  0.89
-4.32  0.98
-4.31  0.89
-4.3  0.94
-4.29  0.87
-4.28  0.93
-4.27  0.92
-4.26  0.93
-4.25  0.94
-4.24  0.87
-4.23  0.92
-4.22  0.9
-4.21  0.92
-4.2  0.89
-4.19  0.9
-4.18  0.87
-4.17  0.86
-4.16  0.9
-4.15  0.94
-4.14  0.84
-4.13  0.89
-4.12  0.86
-4.11  0.9
-4.1  0.89
-4.09  0.86
-4.08  0.87
-4.07  0.87
-4.06  0.86
-4.05  0.87
-4.04  0.89
-4.03  0.86
-4.02  0.87
-4.01  0.84
-4  0.85
-3.99  0.86
-3.98  0.86
-3.97  0.94
-3.96  0.82
-3.95  0.91
-3.94  0.89
-3.93  0.88
-3.92  0.81
-3.91  0.84
-3.9  0.87
-3.89  0.9
-3.88  0.8
-3.87  0.9
-3.86  0.84
-3.85  0.92
-3.84  0.87
-3.83  0.88
-3.82  0.79
-3.81  0.94
-3.8  0.87
-3.79  0.89
-3.78  0.82
-3.77  0.9
-3.76  0.92
-3.75  0.82
-3.74  0.95
-3.73  0.84
-3.72  0.86
-3.71  0.88
-3.7  0.91
-3.69  0.91
-3.68  0.91
-3.67  0.93
-3.66  0.87
-3.65  0.87
-3.64  0.92
-3.63  0.93
-3.62  0.89
-3.61  0.87
-3.6  0.92
-3.59  0.93
-3.58  0.87
-3.57  0.91
-3.56  0.92
-3.55  0.92
-3.54  0.9
-3.53  0.95
-3.52  0.9
-3.51  0.95
-3.5  0.93
-3.49  0.93
-3.48  0.93
-3.47  0.93
-3.46  0.89
-3.45  0.97
-3.44  0.91
-3.43  0.94
-3.42  0.92
-3.41  0.92
-3.4  0.93
-3.39  0.92
-3.38  0.94
-3.37  0.93
-3.36  0.92
-3.35  0.94
-3.34  0.92
-3.33  0.94
-3.32  0.96
-3.31  0.88
-3.3  0.94
-3.29  0.91
-3.28  0.93
-3.27  0.89
-3.26  0.99
-3.25  0.91
-3.24  0.91
-3.23  0.89
-3.22  0.95
-3.21  0.91
-3.2  0.92
-3.19  0.93
-3.18  0.92
-3.17  0.88
-3.16  0.94
-3.15  0.88
-3.14  0.91
-3.13  0.92
-3.12  0.89
-3.11  0.9
-3.1  0.89
-3.09  0.89
-3.08  0.91
-3.07  0.83
-3.06  0.95
-3.05  0.87
-3.04  0.9
-3.03  0.94
-3.02  0.83
-3.01  0.93
-3  0.9
-2.99  0.83
-2.98  0.88
-2.97  0.89
-2.96  0.87
-2.95  0.85
-2.94  0.92
-2.93  0.87
-2.92  0.88
-2.91  0.92
-2.9  0.89
-2.89  0.88
-2.88  0.85
-2.87  0.86
-2.86  0.86
-2.85  0.88
-2.84  0.89
-2.83  0.86
-2.82  0.86
-2.81  0.91
-2.8  0.85
-2.79  0.86
-2.78  0.89
-2.77  0.87
-2.76  0.85
-2.75  0.91
-2.74  0.85
-2.73  0.91
-2.72  0.88
-2.71  0.91
-2.7  0.87
-2.69  0.89
-2.68  0.87
-2.67  0.92
-2.66  0.83
-2.65  0.93
-2.64  0.9
-2.63  0.83
-2.62  0.89
-2.61  0.91
-2.6  0.92
-2.59  0.81
-2.58  0.9
-2.57  0.94
-2.56  0.91
-2.55  0.87
-2.54  0.95
-2.53  0.85
-2.52  0.95
-2.51  0.87
-2.5  0.9
-2.49  0.91
-2.48  0.93
-2.47  0.92
-2.46  0.86
-2.45  0.92
-2.44  0.91
-2.43  0.91
-2.42  0.95
-2.41  0.93
-2.4  0.9
-2.39  0.95
-2.38  0.91
-2.37  0.9
-2.36  0.9
-2.35  0.92
-2.34  0.91
-2.33  0.9
-2.32  0.94
-2.31  0.95
-2.3  0.9
-2.29  0.9
-2.28  0.9
-2.27  0.92
-2.26  0.88
-2.25  1.03
-2.24  0.89
-2.23  0.85
-2.22  0.9
-2.21  0.99
-2.2  0.88
-2.19  0.98
-2.18  0.92
-2.17  0.88
-2.16  0.93
-2.15  0.95
-2.14  0.91
-2.13  0.92
-2.12  0.87
-2.11  0.91
-2.1  0.88
-2.09  0.91
-2.08  0.95
-2.07  0.88
-2.06  0.91
-2.05  0.9
-2.04  0.92
-2.03  0.91
-2.02  0.88
-2.01  0.9
-2  0.88
-1.99  0.93
-1.98  0.89
-1.97  0.89
-1.96  0.91
-1.95  0.9
-1.94  0.89
-1.93  0.9
-1.92  0.89
-1.91  0.91
-1.9  0.87
-1.89  0.91
-1.88  0.85
-1.87  0.88
-1.86  0.92
-1.85  0.89
-1.84  0.85
-1.83  0.91
-1.82  0.9
-1.81  0.87
-1.8  0.87
-1.79  0.91
-1.78  0.89
-1.77  0.88
-1.76  0.88
-1.75  0.89
-1.74  0.86
-1.73  0.86
-1.72  0.9
-1.71  0.89
-1.7  0.89
-1.69  0.87
-1.68  0.89
-1.67  0.83
-1.66  0.92
-1.65  0.91
-1.64  0.86
-1.63  0.9
-1.62  0.9
-1.61  0.88
-1.6  0.93
-1.59  0.87
-1.58  0.89
-1.57  0.88
-1.56  0.88
-1.55  0.89
-1.54  0.9
-1.53  0.87
-1.52  0.91
-1.51  0.88
-1.5  0.9
-1.49  0.87
-1.48  0.9
-1.47  0.9
-1.46  0.9
-1.45  0.93
-1.44  0.88
-1.43  0.88
-1.42  0.9
-1.41  0.93
-1.4  0.88
-1.39  0.93
-1.38  0.91
-1.37  0.91
-1.36  0.89
-1.35  0.92
-1.34  0.94
-1.33  0.89
-1.32  0.93
-1.31  0.86
-1.3  0.91
-1.29  0.88
-1.28  0.91
-1.27  0.91
-1.26  0.92
-1.25  0.9
-1.24  0.9
-1.23  0.95
-1.22  0.92
-1.21  0.94
-1.2  0.87
-1.19  0.93
-1.18  0.85
-1.17  0.93
-1.16  0.93
-1.15  0.92
-1.14  0.9
-1.13  0.94
-1.12  0.92
-1.11  0.97
-1.1  0.85
-1.09  0.92
-1.08  0.88
-1.07  0.94
-1.06  0.89
-1.05  0.92
-1.04  0.89
-1.03  0.97
-1.02  0.92
-1.01  0.9
-1  0.84
-0.99  0.92
-0.98  0.89
-0.97  0.88
-0.96  0.95
-0.95  0.88
-0.94  0.95
-0.93  0.88
-0.92  0.9
-0.91  0.9
-0.9  0.9
-0.89  0.91
-0.88  0.93
-0.87  0.89
-0.86  0.89
-0.85  0.84
-0.84  0.99
-0.83  0.85
-0.82  0.96
-0.81  0.86
-0.8  0.83
-0.79  0.98
-0.78  0.83
-0.77  0.9
-0.76  0.88
-0.75  0.88
-0.74  0.91
-0.73  0.88
-0.72  0.9
-0.71  0.88
-0.7  0.9
-0.69  0.94
-0.68  0.82
-0.67  0.92
-0.66  0.88
-0.65  0.9
-0.64  0.88
-0.63  0.89
-0.62  0.9
-0.61  0.86
-0.6  0.85
-0.59  0.96
-0.58  0.88
-0.57  0.89
-0.56  0.86
-0.55  0.95
-0.54  0.86
-0.53  0.89
-0.52  0.92
-0.51  0.83
-0.5  0.88
-0.49  0.93
-0.48  0.84
-0.47  0.95
-0.46  0.88
-0.45  0.89
-0.44  0.91
-0.43  0.86
-0.42  0.93
-0.41  0.87
-0.4  0.92
-0.39  0.85
-0.38  0.91
-0.37  0.87
-0.36  0.9
-0.35  0.95
-0.34  0.85
-0.33  0.88
-0.32  0.95
-0.31  0.88
-0.3  0.96
-0.29  0.85
-0.28  0.87
-0.27  0.99
-0.26  0.92
-0.25  0.91
-0.24  0.89
-0.23  0.85
-0.22  0.95
-0.21  0.85
-0.2  0.95
-0.19  0.85
-0.18  0.93
-0.17  0.92
-0.16  0.87
-0.15  0.95
-0.14  0.84
-0.13  0.96
-0.12  0.89
-0.11  0.93
-0.1  0.88
-0.09  0.91
-0.08  0.96
-0.07  0.9
-0.06  0.89
-0.05  0.9
-0.04  0.93
-0.03  0.9
-0.02  0.92
-0.01  0.92
-2.16197e-11  0.93
0.0001  0
0.0101  0.88
0.0201  0.94
0.0301  0.85
0.0401  0.95
0.0501  0.88
0.0601  0.88
0.0701  0.98
0.0801  0.94
0.0901  0.85
0.1001  0.97
0.1101  0.8
0.1201  0.89
0.1301  0.84
0.1401  1.11
0.1501  0.87
0.1601  0.89
0.1701  0.9
0.1801  0.84
0.1901  0.83
0.2001  0.9
0.2101  0.99
0.2201  0.83
0.2301  1.12
0.2401  0.99
0.2501  0.92
0.2601  0.89
0.2701  0.89
0.2801  1.06
0.2901  0.75
0.3001  0.77
0.3101  0.72
0.3201  0.97
0.3301  0.97
0.3401  0.92
0.3501  0.85
0.3601  0.79
0.3701  0.87
0.3801  0.82
0.3901  1.07
0.4001  0.93
0.4101  0.93
0.4201  0.85
0.4301  0.75
0.4401  0.75
0.4501  0.85
0.4601  0.89
0.4701  0.69
0.4801  0.76
0.4901  0.76
0.5001  0.64
0.5101  0.92
0.5201  0.87
0.5301  0.8
0.5401  0.86
0.5501  0.72
0.5601  0.76
0.5701  0.89
0.5801  0.8
0.5901  0.81
0.6001  0.85
0.6101  0.7
0.6201  0.83
0.6301  0.82
0.6401  0.74
0.6501  0.97
0.6601  0.72
0.6701  0.82
0.6801  0.71
0.6901  0.7
0.7001  0.75
0.7101  0.61
0.7201  0.62
0.7301  0.62
0.7401  0.81
0.7501  0.71
0.7601  0.78
0.7701  0.73
0.7801  0.78
0.7901  0.68
0.8001  0.7
0.8101  0.98
0.8201  0.76
0.8301  0.82
0.8401  0.67
0.8501  0.7
0.8601  0.59
0.8701  0.65
0.8801  0.7
0.8901  0.67
0.9001  0.73
0.9101  0.72
0.9201  0.57
0.9301  0.67
0.9401  0.65
0.9501  0.72
0.9601  0.65
0.9701  0.75
0.9801  0.63
0.9901  0.69
1.0001  0.64
1.0101  0.59
1.0201  0.91
1.0301  0.59
1.0401  0.76
1.0501  0.66
1.0601  0.63
1.0701  0.77
1.0801  0.61
1.0901  0.67
1.1001  0.57
1.1101  0.68
1.1201  0.79
1.1301  0.65
1.1401  0.63
1.1501  0.73
1.1601  0.72
1.1701  0.75
1.1801  0.6
1.1901  0.78
1.2001  0.78
1.2101  0.73
1.2201  0.58
1.2301  0.8
1.2401  0.78
1.2501  0.63
1.2601  0.69
1.2701  0.72
1.2801  0.74
1.2901  0.75
1.3001  0.83
1.3101  0.59
1.3201  0.87
1.3301  0.64
1.3401  0.83
1.3501  0.84
1.3601  0.82
1.3701  0.66
1.3801  0.68
1.3901  0.73
1.4001  0.84
1.4101  0.7
1.4201  0.67
1.4301  0.68
1.4401  0.84
1.4501  0.74
1.4601  0.62
1.4701  0.72
1.4801  0.73
1.4901  0.74
1.5001  0.77
1.5101  0.74
1.5201  0.5
1.5301  0.76
1.5401  0.7
1.5501  0.85
1.5601  0.78
1.5701  0.86
1.5801  0.85
1.5901  0.76
1.6001  0.71
1.6101  0.64
1.6201  0.76
1.6301  0.83
1.6401  0.73
1.6501  0.83
1.6601  0.91
1.6701  0.61
1.6801  0.92
1.6901  1.03
1.7001  0.85
1.7101  0.83
1.7201  0.83
1.7301  0.78
1.7401  0.74
1.7501  0.86
1.7601  0.89
1.7701  0.82
1.7801  0.68
1.7901  0.81
1.8001  0.74
1.8101  0.77
1.8201  0.92
1.8301  0.74
1.8401  0.83
1.8501  0.93
1.8601  0.77
1.8701  0.73
1.8801  0.93
1.8901  0.86
1.9001  0.82
1.9101  0.74
1.9201  0.87
1.9301  0.75
1.9401  1.03
1.9501  0.86
1.9601  0.87
1.9701  0.79
1.9801  0.7
1.9901  0.94
2.0001  0.68
2.0101  0.95
2.0201  0.9
2.0301  0.92
2.0401  1.04
2.0501  0.83
2.0601  0.9
2.0701  0.85
2.0801  1
2.0901  0.93
2.1001  0.98
2.1101  0.8
2.1201  0.89
2.1301  0.76
2.1401  0.8
2.1501  0.96
2.1601  0.89
2.1701  0.91
2.1801  1.1
2.1901  1
2.2001  0.87
2.2101  1.01
2.2201  0.96
2.2301  0.88
2.2401  0.79
2.2501  0.85
2.2601  0.9
2.2701  0.88
2.2801  0.93
2.2901  0.91
2.3001  1.06
2.3101  0.8
2.3201  0.9
2.3301  1.05
2.3401  0.78
2.3501  0.84
2.3601  0.96
2.3701  0.96
2.3801  0.78
2.3901  0.91
2.4001  1.04
2.4101  0.9
2.4201  0.95
2.4301  0.84
2.4401  0.84
2.4501  0.85
2.4601  0.95
2.4701  0.9
2.4801  0.85
2.4901  1
2.5001  0.99
2.5101  0.8
2.5201  0.86
2.5301  0.91
2.5401  0.95
2.5501  0.95
2.5601  1.05
2.5701  1.13
2.5801  0.9
2.5901  0.78
2.6001  0.81
2.6101  0.88
2.6201  0.78
2.6301  0.93
2.6401  0.7
2.6501  0.79
2.6601  0.91
2.6701  0.79
2.6801  0.85
2.6901  0.84
2.7001  0.83
2.7101  0.83
2.7201  0.92
2.7301  1.03
2.7401  0.79
2.7501  0.97
2.7601  0.95
2.7701  0.92
2.7801  0.81
2.7901  0.97
2.8001  0.69
2.8101  0.92
2.8201  1.1
2.8301  0.82
2.8401  0.79
2.8501  0.75
2.8601  1.02
2.8701  0.89
2.8801  0.96
2.8901  0.91
2.9001  0.82
2.9101  0.89
2.9201  0.72
2.9301  0.82
2.9401  0.78
2.9501  0.78
2.9601  0.91
2.9701  0.8
2.9801  0.78
2.9901  0.72
3.0001  0.69
3.0101  0.78
3.0201  0.88
3.0301  0.72
3.0401  0.73
3.0501  0.7
3.0601  0.83
3.0701  0.9
3.0801  0.87
3.0901  0.87
3.1001  0.8
3.1101  0.73
3.1201  0.72
3.1301  0.77
3.1401  0.89
3.1501  0.92
3.1601  0.79
3.1701  1
3.1801  0.89
3.1901  0.8
3.2001  0.67
3.2101  0.8
3.2201  0.81
3.2301  0.82
3.2401  0.92
3.2501  0.86
3.2601  0.75
3.2701  0.85
3.2801  0.6
3.2901  1
3.3001  0.96
3.3101  0.82
3.3201  0.77
3.3301  0.82
3.3401  0.96
3.3501  0.81
3.3601  0.85
3.3701  0.53
3.3801  0.77
3.3901  0.91
3.4001  0.91
3.4101  0.95
3.4201  0.93
3.4301  0.74
3.4401  0.84
3.4501  0.85
3.4601  0.72
3.4701  0.82
3.4801  0.79
3.4901  0.84
3.5001  0.69
3.5101  0.81
3.5201  0.71
3.5301  0.62
3.5401  0.72
3.5501  0.83
3.5601  1.17
3.5701  0.75
3.5801  0.71
3.5901  0.94
3.6001  0.81
3.6101  0.77
3.6201  0.8
3.6301  0.88
3.6401  0.8
3.6501  0.78
3.6601  0.78
3.6701  0.88
3.6801  1
3.6901  0.81
3.7001  0.67
3.7101  1.02
3.7201  1.01
3.7301  0.87
3.7401  0.79
3.7501  0.84
3.7601  0.79
3.7701  1
3.7801  0.91
3.7901  0.67
3.8001  0.99
3.8101  0.84
3.8201  0.88
3.8301  0.69
3.8401  0.83
3.8501  0.92
3.8601  0.81
3.8701  0.66
3.8801  0.73
3.8901  0.82
3.9001  0.73
3.9101  0.93
3.9201  0.92
3.9301  0.85
3.9401  0.91
3.9501  0.81
3.9601  0.75
3.9701  0.95
3.9801  0.81
3.9901  0.88
4.0001  0.83
4.0101  0.9
4.0201  0.94
4.0301  0.82
4.0401  0.91
4.0501  0.88
4.0601  0.88
4.0701  0.78
4.0801  0.85
4.0901  0.9
4.1001  0.8
4.1101  0.74
4.1201  0.82
4.1301  1.15
4.1401  0.94
4.1501  0.89
4.1601  0.89
4.1701  0.92
4.1801  0.82
4.1901  0.79
4.2001  0.87
4.2101  0.83
4.2201  0.89
4.2301  0.87
4.2401  0.92
4.2501  0.73
4.2601  0.7
4.2701  0.88
4.2801  0.88
4.2901  0.93
4.3001  0.75
4.3101  0.74
4.3201  0.79
4.3301  0.87
4.3401  0.92
4.3501  1.04
4.3601  0.76
4.3701  0.68
4.3801  1.03
4.3901  0.85
4.4001  0.96
4.4101  0.95
4.4201  0.87
4.4301  0.82
4.4401  0.78
4.4501  0.88
4.4601  0.78
4.4701  0.74
4.4801  0.87
4.4901  0.96
4.5001  0.74
4.5101  0.89
4.5201  0.85
4.5301  0.82
4.5401  0.79
4.5501  0.79
4.5601  0.92
4.5701  1.01
4.5801  0.69
4.5901  0.76
4.6001  0.84
4.6101  0.89
4.6201  0.82
4.6301  0.91
4.6401  0.85
4.6501  0.96
4.6601  1.05
4.6701  0.84
4.6801  0.72
4.6901  0.84
4.7001  0.85
4.7101  0.83
4.7201  0.8
4.7301  0.98
4.7401  0.87
4.7501  0.92
4.7601  0.73
4.7701  0.83
4.7801  0.81
4.7901  0.89
4.8001  0.92
4.8101  0.96
4.8201  0.79
4.8301  0.96
4.8401  0.89
4.8501  0.78
4.8601  0.8
4.8701  0.68
4.8801  0.79
4.8901  0.75
4.9001  0.87
4.9101  0.87
4.9201  0.91
4.9301  0.8
4.9401  0.83
4.9501  0.85
4.9601  0.92
4.9701  0.87
4.9801  0.72
4.9901  0.75
5.0001  0.86
5.0101  0.85
5.0201  0.86
5.0301  0.81
5.0401  0.91
5.0501  0.81
5.0601  0.79
5.0701  0.8
5.0801  0.89
5.0901  0.76
5.1001  0.97
5.1101  0.89
5.1201  0.85
5.1301  0.87
5.1401  0.75
5.1501  0.92
5.1601  0.93
5.1701  0.82
5.1801  0.92
5.1901  0.75
5.2001  0.76
5.2101  0.75
5.2201  0.76
5.2301  0.78
5.2401  0.84
5.2501  0.75
5.2601  0.9
5.2701  0.81
5.2801  0.84
5.2901  0.87
5.3001  0.85
5.3101  0.83
5.3201  0.85
5.3301  0.79
5.3401  0.87
5.3501  0.87
5.3601  0.94
5.3701  0.66
5.3801  0.95
5.3901  0.79
5.4001  0.92
5.4101  0.7
5.4201  0.88
5.4301  0.79
5.4401  0.82
5.4501  0.89
5.4601  1.03
5.4701  0.88
5.4801  0.88
5.4901  1.02
5.5001  0.8
5.5101  0.76
5.5201  0.76
5.5301  0.76
5.5401  1.11
5.5501  0.7
5.5601  0.82
5.5701  0.84
5.5801  0.85
5.5901  0.94
5.6001  0.86
5.6101  0.92
5.6201  0.56
5.6301  0.9
5.6401  0.8
5.6501  0.87
5.6601  0.99
5.6701  0.78
5.6801  0.78
5.6901  0.81
5.7001  0.91
5.7101  0.8
5.7201  0.81
5.7301  1.02
5.7401  0.94
5.7501  0.96
5.7601  0.95
5.7701  0.78
5.7801  0.7
5.7901  0.91
5.8001  0.85
5.8101  0.83
5.8201  0.72
5.8301  0.72
5.8401  0.81
5.8501  0.99
5.8601  0.91
5.8701  0.76
5.8801  0.8
5.8901  0.87
5.9001  0.92
5.9101  0.74
5.9201  0.85
5.9301  0.87
5.9401  0.86
5.9501  0.76
5.9601  0.83
5.9701  0.97
5.9801  0.99
5.9901  0.86
6.0001  0.79
6.0101  0.84
6.0201  0.91
6.0301  0.94
6.0401  0.88
6.0501  0.76
6.0601  0.87
6.0701  0.61
6.0801  0.83
6.0901  0.93
6.1001  0.88
6.1101  0.91
6.1201  0.92
6.1301  0.71
6.1401  0.92
6.1501  0.92
6.1601  0.86
6.1701  0.87
6.1801  0.85
6.1901  0.68
6.2001  0.82
6.2101  0.85
6.2201  1.01
6.2301  0.68
6.2401  0.75
6.2501  0.99
6.2601  0.67
6.2701  0.69
6.2801  0.94
6.2901  0.77
6.3001  0.82
6.3101  0.95
6.3201  0.83
6.3301  0.93
6.3401  0.76
6.3501  0.87
6.3601  0.88
6.3701  0.94
6.3801  0.85
6.3901  0.78
6.4001  0.96
6.4101  0.79
6.4201  0.94
6.4301  0.69
6.4401  0.91
6.4501  0.86
6.4601  0.87
6.4701  0.91
6.4801  0.75
6.4901  0.84
6.5001  0.72
6.5101  0.84
6.5201  0.85
6.5301  1.04
6.5401  0.7
6.5501  0.73
6.5601  0.75
6.5701  0.84
6.5801  0.67
6.5901  0.89
6.6001  0.88
6.6101  0.79
6.6201  0.86
6.6301  0.97
6.6401  0.87
6.6501  0.76
6.6601  0.93
6.6701  0.85
6.6801  0.81
6.6901  0.92
6.7001  0.75
6.7101  0.92
6.7201  0.84
6.7301  0.73
6.7401  0.87
6.7501  1.06
6.7601  0.57
6.7701  0.81
6.7801  0.82
6.7901  0.85
6.8001  0.83
6.8101  0.89
6.8201  0.92
6.8301  0.93
6.8401  0.79
6.8501  0.92
6.8601  0.78
6.8701  0.8
6.8801  0.86
6.8901  0.74
6.9001  0.82
6.9101  0.73
6.9201  0.8
6.9301  0.86
6.9401  1.01
6.9501  0.92
6.9601  0.89
6.9701  0.93
6.9801  0.71
6.9901  0.92
7.0001  0.82
7.0101  0.8
7.0201  0.89
7.0301  0.67
7.0401  0.83
7.0501  0.89
7.0601  1.03
7.0701  0.86
7.0801  0.8
7.0901  0.78
7.1001  0.77
7.1101  0.86
7.1201  0.75
7.1301  0.93
7.1401  0.89
7.1501  1.01
7.1601  0.7
7.1701  0.68
7.1801  0.81
7.1901  0.88
7.2001  0.85
7.2101  0.89
7.2201  0.8
7.2301  0.97
7.2401  0.77
7.2501  0.88
7.2601  0.82
7.2701  0.69
7.2801  0.69
7.2901  0.77
7.3001  0.85
7.3101  0.92
7.3201  0.96
7.3301  0.94
7.3401  0.78
7.3501  0.78
7.3601  0.76
7.3701  0.77
7.3801  0.85
7.3901  0.82
7.4001  0.93
7.4101  0.68
7.4201  0.99
7.4301  0.92
7.4401  0.91
7.4501  0.89
7.4601  0.77
7.4701  0.98
7.4801  0.76
7.4901  0.81
7.5001  0.79
7.5101  0.98
7.5201  0.76
7.5301  0.84
7.5401  0.78
7.5501  0.79
7.5601  0.84
7.5701  0.77
7.5801  0.84
7.5901  0.84
7.6001  0.9
7.6101  0.89
7.6201  0.73
7.6301  0.79
7.6401  0.84
7.6501  0.87
7.6601  0.74
7.6701  0.95
7.6801  0.95
7.6901  0.9
7.7001  0.89
7.7101  0.93
7.7201  0.86
7.7301  0.8
7.7401  0.78
7.7501  0.97
7.7601  0.95
7.7701  0.89
7.7801  0.79
7.7901  0.67
7.8001  0.81
7.8101  0.84
7.8201  0.89
7.8301  0.8
7.8401  0.92
7.8501  0.79
7.8601  0.81
7.8701  0.81
7.8801  0.71
7.8901  0.91
7.9001  0.92
7.9101  0.71
7.9201  0.86
7.9301  0.78
7.9401  0.95
7.9501  0.92
7.9601  0.84
7.9701  0.84
7.9801  0.89
7.9901  0.85
8.0001  0.95
8.0101  0.79
8.0201  0.92
8.0301  0.7
8.0401  0.81
8.0501  0.74
8.0601  0.82
8.0701  0.66
8.0801  0.87
8.0901  0.7
8.1001  0.8
8.1101  0.83
8.1201  0.72
8.1301  0.86
8.1401  0.97
8.1501  0.7
8.1601  0.84
8.1701  0.64
8.1801  0.81
8.1901  0.83
8.2001  0.81
8.2101  0.94
8.2201  0.94
8.2301  0.77
8.2401  0.87
8.2501  0.96
8.2601  0.9
8.2701  0.8
8.2801  0.92
8.2901  0.86
8.3001  0.9
8.3101  0.84
8.3201  0.89
8.3301  0.79
8.3401  0.7
8.3501  0.92
8.3601  0.83
8.3701  0.88
8.3801  0.86
8.3901  0.73
8.4001  0.84
8.4101  0.81
8.4201  0.95
8.4301  0.86
8.4401  0.8
8.4501  0.92
8.4601  0.88
8.4701  0.83
8.4801  0.85
8.4901  0.62
8.5001  0.82
8.5101  0.67
8.5201  0.79
8.5301  0.97
8.5401  0.98
8.5501  0.84
8.5601  0.79
8.5701  0.85
8.5801  0.85
8.5901  0.82
8.6001  0.81
8.6101  0.83
8.6201  0.96
8.6301  0.83
8.6401  0.79
8.6501  0.77
8.6601  0.95
8.6701  0.73
8.6801  0.77
8.6901  0.94
8.7001  0.73
8.7101  0.84
8.7201  0.94
8.7301  0.95
8.7401  0.9
8.7501  0.9
8.7601  0.89
8.7701  0.83
8.7801  0.62
8.7901  0.77
8.8001  0.92
8.8101  0.74
8.8201  0.98
8.8301  0.75
8.8401  0.8
8.8501  0.79
8.8601  0.78
8.8701  0.87
8.8801  0.83
8.8901  0.86
8.9001  0.89
8.9101  0.98
8.9201  0.88
8.9301  0.89
8.9401  0.82
8.9501  0.67
8.9601  0.69
8.9701  0.83
8.9801  0.98
8.9901  0.92
9.0001  0.78
9.0101  0.87
9.0201  0.99
9.0301  0.82
9.0401  0.77
9.0501  0.87
9.0601  0.94
9.0701  0.64
9.0801  0.72
9.0901  0.89
9.1001  0.88
9.1101  0.76
9.1201  0.85
9.1301  0.72
9.1401  0.98
9.1501  0.74
9.1601  0.8
9.1701  0.78
9.1801  0.83
9.1901  0.83
9.2001  0.93
9.2101  0.83
9.2201  0.7
9.2301  0.85
9.2401  0.95
9.2501  0.91
9.2601  0.91
9.2701  0.99
9.2801  0.93
9.2901  0.96
9.3001  0.96
9.3101  0.77
9.3201  0.69
9.3301  0.78
9.3401  0.89
9.3501  0.76
9.3601  0.73
9.3701  0.71
9.3801  0.9
9.3901  0.93
9.4001  0.69
9.4101  0.77
9.4201  0.79
9.4301  0.96
9.4401  0.76
9.4501  0.78
9.4601  0.85
9.4701  0.8
9.4801  0.73
9.4901  0.91
9.5001  0.96
9.5101  0.85
9.5201  0.96
9.5301  0.73
9.5401  0.82
9.5501  0.79
9.5601  0.88
9.5701  0.78
9.5801  0.8
9.5901  0.89
9.6001  0.88
9.6101  0.79
9.6201  0.86
9.6301  0.9
9.6401  0.81
9.6501  0.81
9.6601  1.03
9.6701  0.84
9.6801  0.66
9.6901  0.88
9.7001  0.83
9.7101  0.74
9.7201  0.84
9.7301  1.09
9.7401  0.75
9.7501  0.92
9.7601  0.75
9.7701  0.97
9.7801  0.7
9.7901  0.85
9.8001  0.74
9.8101  0.92
9.8201  0.84
9.8301  0.92
9.8401  0.81
9.8501  0.87
9.8601  0.89
9.8701  0.84
9.8801  0.79
9.8901  0.91
9.9001  0.77
9.9101  0.84
9.9201  0.74
9.9301  0.89
9.9401  0.8
9.9501  0.87
9.9601  0.8
9.9701  0.82
9.9801  0.93
9.9901  0.73
10.0001  0.78
10.0101  0.77
10.0201  0.67
10.0301  0.77
10.0401  0.81
10.0501  0.72
10.0601  0.91
10.0701  0.83
10.0801  0.79
10.0901  0.79
10.1001  0.96
10.1101  0.91
10.1201  0.86
10.1301  0.77
10.1401  0.86
10.1501  0.74
10.1601  0.94
10.1701  0.83
10.1801  1.13
10.1901  0.79
10.2001  0.87
10.2101  0.77
10.2201  0.85
10.2301  0.81
10.2401  0.89
10.2501  0.79
10.2601  0.86
10.2701  0.87
10.2801  0.89
10.2901  0.85
10.3001  0.69
10.3101  0.78
10.3201  0.72
10.3301  0.88
10.3401  0.85
10.3501  0.75
10.3601  0.85
10.3701  0.98
10.3801  0.91
10.3901  0.73
10.4001  0.69
10.4101  0.98
10.4201  0.79
10.4301  0.83
10.4401  0.75
10.4501  0.95
10.4601  0.81
10.4701  0.96
10.4801  0.89
10.4901  0.91
10.5001  0.72
10.5101  0.84
10.5201  0.95
10.5301  0.83
10.5401  0.74
10.5501  0.72
10.5601  0.91
10.5701  0.79
10.5801  0.67
10.5901  1.03
10.6001  0.82
10.6101  0.85
10.6201  0.87
10.6301  0.87
10.6401  0.7
10.6501  0.88
10.6601  1
10.6701  0.8
10.6801  0.78
10.6901  0.93
10.7001  0.75
10.7101  0.98
10.7201  0.86
10.7301  0.87
10.7401  0.88
10.7501  0.92
10.7601  1.03
10.7701  0.92
10.7801  0.82
10.7901  0.83
10.8001  0.73
10.8101  0.81
10.8201  0.84
10.8301  0.9
10.8401  0.88
10.8501  0.69
10.8601  0.99
10.8701  0.82
10.8801  0.79
10.8901  0.88
10.9001  0.92
10.9101  1
10.9201  1.03
10.9301  0.65
10.9401  0.79
10.9501  0.88
10.9601  0.84
10.9701  0.96
10.9801  0.8
10.9901  0.71
11.0001  0.88
11.0101  0.76
11.0201  0.76
11.0301  0.86
11.0401  0.81
11.0501  0.93
11.0601  0.91
11.0701  0.79
11.0801  0.87
11.0901  0.94
11.1001  0.98
11.1101  1.02
11.1201  0.87
11.1301  0.91
11.1401  0.93
11.1501  0.67
11.1601  0.84
11.1701  0.76
11.1801  0.88
11.1901  0.71
11.2001  0.86
11.2101  0.78
11.2201  0.95
11.2301  0.91
11.2401  0.99
11.2501  0.91
11.2601  0.72
11.2701  0.79
11.2801  0.75
11.2901  0.93
11.3001  0.77
11.3101  0.82
11.3201  0.73
11.3301  0.68
11.3401  0.89
11.3501  0.92
11.3601  0.78
11.3701  0.74
11.3801  0.72
11.3901  0.84
11.4001  1.08
11.4101  0.68
11.4201  0.62
11.4301  0.69
11.4401  0.81
11.4501  0.88
11.4601  0.78
11.4701  0.85
11.4801  0.82
11.4901  0.87
11.5001  0.88
11.5101  0.87
11.5201  0.72
11.5301  0.9
11.5401  0.9
11.5501  0.85
11.5601  0.83
11.5701  0.78
11.5801  1.02
11.5901  0.74
11.6001  0.85
11.6101  0.73
11.6201  0.79
11.6301  0.93
11.6401  0.69
11.6501  0.7
11.6601  0.83
11.6701  0.79
11.6801  0.77
11.6901  0.77
11.7001  0.94
11.7101  0.99
11.7201  0.88
11.7301  0.89
11.7401  0.88
11.7501  0.85
11.7601  0.66
11.7701  0.86
11.7801  0.78
11.7901  0.7
11.8001  0.73
11.8101  0.88
11.8201  0.86
11.8301  0.85
11.8401  0.88
11.8501  0.83
11.8601  0.74
11.8701  0.67
11.8801  0.85
11.8901  0.83
11.9001  0.76
11.9101  0.92
11.9201  0.83
11.9301  0.78
11.9401  0.63
11.9501  0.9
11.9601  0.92
11.9701  0.75
11.9801  0.88
11.9901  0.91
12.0001  0.85
12.0101  0.75
12.0201  0.69
12.0301  1.04
12.0401  0.87
12.0501  0.82
12.0601  0.81
12.0701  0.84
12.0801  0.7
12.0901  1.01
12.1001  0.62
12.1101  0.92
12.1201  0.9
12.1301  0.86
12.1401  0.88
12.1501  0.87
12.1601  0.89
12.1701  0.87
12.1801  0.75
12.1901  0.86
12.2001  0.76
12.2101  0.85
12.2201  0.88
12.2301  0.84
12.2401  0.81
12.2501  0.98
12.2601  0.89
12.2701  0.97
12.2801  0.89
12.2901  0.82
12.3001  0.82
12.3101  0.86
12.3201  0.92
12.3301  1.01
12.3401  0.79
12.3501  0.87
12.3601  0.82
12.3701  0.84
12.3801  0.81
12.3901  0.81
12.4001  0.82
12.4101  0.79
12.4201  1
12.4301  0.81
12.4401  0.87
12.4501  0.79
12.4601  0.87
12.4701  0.84
12.4801  0.72
12.4901  0.84
12.5001  0.73
12.5101  0.97
12.5201  0.91
12.5301  0.98
12.5401  0.86
12.5501  0.9
12.5601  0.99
12.5701  0.95
12.5801  0.88
12.5901  0.91
12.6001  0.87
12.6101  0.92
12.6201  0.74
12.6301  0.94
12.6401  0.84
12.6501  0.69
12.6601  0.71
12.6701  0.78
12.6801  0.85
12.6901  0.77
12.7001  0.82
12.7101  0.85
12.7201  0.78
12.7301  1.03
12.7401  0.85
12.7501  0.8
12.7601  0.94
12.7701  0.69
12.7801  0.89
12.7901  0.79
12.8001  0.92
12.8101  0.9
12.8201  0.93
12.8301  0.72
12.8401  0.6
12.8501  0.72
12.8601  0.83
12.8701  0.73
12.8801  0.78
12.8901  0.87
12.9001  0.89
12.9101  0.83
12.9201  0.97
12.9301  0.85
12.9401  0.95
12.9501  0.93
12.9601  0.82
12.9701  0.89
12.9801  0.78
12.9901  0.75
13.0001  0.9
13.0101  0.78
13.0201  0.87
13.0301  0.82
13.0401  1.03
13.0501  0.83
13.0601  0.85
13.0701  0.98
13.0801  0.82
13.0901  0.98
13.1001  0.75
13.1101  0.68
13.1201  0.94
13.1301  0.78
13.1401  0.78
13.1501  0.76
13.1601  0.87
13.1701  0.92
13.1801  0.73
13.1901  1.09
13.2001  0.93
13.2101  0.91
13.2201  0.92
13.2301  0.84
13.2401  0.85
13.2501  0.87
13.2601  0.82
13.2701  0.77
13.2801  0.77
13.2901  0.85
13.3001  0.86
13.3101  0.77
13.3201  0.76
13.3301  0.75
13.3401  0.79
13.3501  0.71
13.3601  0.73
13.3701  0.78
13.3801  0.99
13.3901  0.84
13.4001  0.83
13.4101  0.91
13.4201  0.98
13.4301  0.82
13.4401  1.03
13.4501  1
13.4601  0.73
13.4701  0.66
13.4801  0.95
13.4901  0.86
13.5001  0.72
13.5101  1.02
13.5201  0.85
13.5301  0.8
13.5401  0.92
13.5501  0.88
13.5601  0.84
13.5701  0.81
13.5801  0.98
13.5901  0.98
13.6001  0.84
13.6101  0.83
13.6201  0.79
13.6301  0.86
13.6401  0.76
13.6501  0.86
13.6601  0.84
13.6701  0.89
13.6801  0.84
13.6901  0.83
13.7001  0.93
13.7101  0.72
13.7201  0.76
13.7301  0.83
13.7401  0.77
13.7501  0.86
13.7601  0.82
13.7701  0.74
13.7801  0.86
13.7901  0.74
13.8001  0.94
13.8101  0.96
13.8201  0.9
13.8301  0.93
13.8401  0.95
13.8501  0.81
13.8601  1.05
13.8701  0.76
13.8801  0.88
13.8901  0.69
13.9001  0.73
13.9101  0.91
13.9201  0.82
13.9301  0.84
13.9401  0.86
13.9501  0.9
13.9601  0.89
13.9701  0.82
13.9801  0.88
13.9901  0.72
14.0001  0.99
14.0101  0.9
14.0201  1
14.0301  0.87
14.0401  0.91
14.0501  0.81
14.0601  0.94
14.0701  0.83
14.0801  0.93
14.0901  0.69
14.1001  0.68
14.1101  0.75
14.1201  0.85
14.1301  0.78
14.1401  0.83
14.1501  0.95
14.1601  0.78
14.1701  0.71
14.1801  0.89
14.1901  0.85
14.2001  0.82
14.2101  0.93
14.2201  0.87
14.2301  0.72
14.2401  0.81
14.2501  0.95
14.2601  0.77
14.2701  0.71
14.2801  0.6
14.2901  0.75
14.3001  0.82
14.3101  0.95
14.3201  0.76
14.3301  0.96
14.3401  0.91
14.3501  0.89
14.3601  0.91
14.3701  0.99
14.3801  0.75
14.3901  0.71
14.4001  0.9
14.4101  0.84
14.4201  0.83
14.4301  0.87
14.4401  0.74
14.4501  0.86
14.4601  0.87
14.4701  0.78
14.4801  0.73
14.4901  0.87
14.5001  0.81
14.5101  1.02
14.5201  0.69
14.5301  0.65
14.5401  0.72
14.5501  0.64
14.5601  1.01
14.5701  1
14.5801  1.05
14.5901  0.78
14.6001  0.86
14.6101  1.02
14.6201  0.81
14.6301  0.91
14.6401  0.76
14.6501  0.81
14.6601  0.75
14.6701  1.03
14.6801  0.86
14.6901  0.83
14.7001  0.81
14.7101  0.79
14.7201  0.86
14.7301  0.73
14.7401  0.8
14.7501  0.78
14.7601  0.64
14.7701  0.76
14.7801  0.9
14.7901  0.94
14.8001  0.74
14.8101  0.99
14.8201  0.82
14.8301  0.82
14.8401  0.87
14.8501  0.84
14.8601  1.09
14.8701  0.86
14.8801  0.83
14.8901  0.71
14.9001  0.92
14.9101  0.98
14.9201  0.81
14.9301  0.91
14.9401  0.85
14.9501  0.84
14.9601  1
14.9701  0.96
14.9801  0.81
14.9901  0.82
15.0001  0.87
15.0101  0.93
15.0201  0.83
15.0301  0.82
15.0401  0.83
15.0501  0.87
15.0601  0.96
15.0701  0.75
15.0801  0.93
15.0901  0.83
15.1001  0.94
15.1101  0.67
15.1201  0.77
15.1301  0.83
15.1401  0.87
15.1501  0.9
15.1601  0.65
15.1701  0.82
15.1801  0.84
15.1901  0.84
15.2001  0.95
15.2101  0.75
15.2201  0.86
15.2301  0.64
15.2401  0.89
15.2501  0.72
15.2601  0.68
15.2701  1.04
15.2801  0.98
15.2901  0.87
15.3001  0.65
15.3101  0.89
15.3201  0.86
15.3301  0.92
15.3401  0.98
15.3501  0.97
15.3601  0.88
15.3701  0.82
15.3801  0.97
15.3901  0.83
15.4001  0.77
15.4101  0.87
15.4201  1.03
15.4301  0.76
15.4401  0.78
15.4501  0.81
15.4601  0.83
15.4701  0.8
15.4801  0.83
15.4901  0.87
15.5001  0.8
15.5101  1.1
15.5201  0.72
15.5301  0.79
15.5401  0.92
15.5501  0.72
15.5601  0.8
15.5701  0.82
15.5801  0.89
15.5901  0.88
15.6001  0.7
15.6101  0.67
15.6201  1.06
15.6301  0.84
15.6401  0.74
15.6501  0.92
15.6601  0.78
15.6701  0.91
15.6801  0.86
15.6901  0.83
15.7001  0.79
15.7101  0.76
15.7201  0.84
15.7301  0.82
15.7401  0.98
15.7501  0.69
15.7601  0.69
15.7701  0.85
15.7801  0.9
15.7901  0.98
15.8001  0.86
15.8101  0.91
15.8201  0.97
15.8301  0.74
15.8401  0.84
15.8501  0.87
15.8601  0.76
15.8701  0.76
15.8801  0.86
15.8901  0.86
15.9001  0.9
15.9101  0.98
15.9201  0.88
15.9301  0.84
15.9401  0.81
15.9501  0.88
15.9601  0.87
15.9701  1
15.9801  0.9
15.9901  0.89
16.0001  0.77
16.0101  0.79
16.0201  0.96
16.0301  0.75
16.0401  0.81
16.0501  0.83
16.0601  0.77
16.0701  0.92
16.0801  0.95
16.0901  0.71
16.1001  0.85
16.1101  0.79
16.1201  0.86
16.1301  0.9
16.1401  0.94
16.1501  0.83
16.1601  0.93
16.1701  0.86
16.1801  0.89
16.1901  0.8
16.2001  0.77
16.2101  0.78
16.2201  0.86
16.2301  0.79
16.2401  0.88
16.2501  0.75
16.2601  0.72
16.2701  0.72
16.2801  0.86
16.2901  0.82
16.3001  0.89
16.3101  0.89
16.3201  0.71
16.3301  0.81
16.3401  0.93
16.3501  0.77
16.3601  0.84
16.3701  0.71
16.3801  0.8
16.3901  0.85
16.4001  0.82
16.4101  0.84
16.4201  0.93
16.4301  0.89
16.4401  0.9
16.4501  0.84
16.4601  0.82
16.4701  0.65
16.4801  0.94
16.4901  0.98
16.5001  0.75
16.5101  0.69
16.5201  0.63
16.5301  0.7
16.5401  0.73
16.5501  0.87
16.5601  0.74
16.5701  0.95
16.5801  0.84
16.5901  0.86
16.6001  0.86
16.6101  0.72
16.6201  0.84
16.6301  0.83
16.6401  0.9
16.6501  0.73
16.6601  0.85
16.6701  0.83
16.6801  1.02
16.6901  0.94
16.7001  0.9
16.7101  0.77
16.7201  0.77
16.7301  0.96
16.7401  0.98
16.7501  0.79
16.7601  0.9
16.7701  0.83
16.7801  0.73
16.7901  0.79
16.8001  0.68
16.8101  0.9
16.8201  0.91
16.8301  0.7
16.8401  0.65
16.8501  0.75
16.8601  0.9
16.8701  0.93
16.8801  0.67
16.8901  0.77
16.9001  0.89
16.9101  0.86
16.9201  0.89
16.9301  0.66
16.9401  0.95
16.9501  0.91
16.9601  0.8
16.9701  1
16.9801  0.76
16.9901  0.76
17.0001  0.79
17.0101  0.62
17.0201  0.67
17.0301  0.74
17.0401  0.91
17.0501  0.83
17.0601  0.88
17.0701  0.83
17.0801  0.92
17.0901  0.83
17.1001  0.95
17.1101  0.79
17.1201  0.73
17.1301  0.87
17.1401  0.86
17.1501  0.83
17.1601  0.84
17.1701  0.81
17.1801  0.91
17.1901  0.74
17.2001  0.86
17.2101  0.85
17.2201  0.96
17.2301  0.76
17.2401  0.59
17.2501  0.85
17.2601  1.04
17.2701  0.77
17.2801  0.96
17.2901  0.97
17.3001  0.97
17.3101  0.8
17.3201  0.82
17.3301  0.95
17.3401  0.87
17.3501  0.76
17.3601  0.83
17.3701  0.82
17.3801  0.82
17.3901  0.88
17.4001  0.85
17.4101  0.86
17.4201  0.8
17.4301  0.8
17.4401  0.77
17.4501  0.9
17.4601  0.68
17.4701  0.91
17.4801  0.79
17.4901  0.86
17.5001  0.83
17.5101  0.79
17.5201  0.8
17.5301  0.84
17.5401  0.87
17.5501  0.8
17.5601  0.77
17.5701  0.83
17.5801  1.02
17.5901  0.85
17.6001  0.85
17.6101  0.86
17.6201  0.85
17.6301  0.86
17.6401  0.93
17.6501  0.86
17.6601  0.7
17.6701  0.91
17.6801  0.94
17.6901  0.81
17.7001  0.92
17.7101  0.9
17.7201  0.77
17.7301  0.88
17.7401  0.78
17.7501  0.84
17.7601  0.91
17.7701  1.01
17.7801  0.82
17.7901  0.75
17.8001  0.8
17.8101  0.92
17.8201  0.87
17.8301  0.95
17.8401  0.68
17.8501  0.86
17.8601  0.85
17.8701  0.85
17.8801  0.94
17.8901  0.74
17.9001  1.13
17.9101  0.75
17.9201  0.79
17.9301  0.81
17.9401  0.89
17.9501  0.73
17.9601  0.76
17.9701  0.75
17.9801  0.89
17.9901  0.89
18.0001  0.86
18.0101  0.88
18.0201  0.87
18.0301  0.82
18.0401  0.95
18.0501  0.76
18.0601  0.86
18.0701  0.73
18.0801  1.05
18.0901  0.83
18.1001  0.9
18.1101  0.75
18.1201  0.87
18.1301  0.76
18.1401  0.76
18.1501  0.84
18.1601  0.96
18.1701  1.03
18.1801  1.13
18.1901  0.73
18.2001  0.78
18.2101  0.95
18.2201  0.8
18.2301  0.84
18.2401  0.79
18.2501  0.81
18.2601  0.78
18.2701  0.93
18.2801  1.04
18.2901  0.9
18.3001  0.99
18.3101  0.59
18.3201  0.82
18.3301  0.85
18.3401  0.84
18.3501  0.81
18.3601  0.85
18.3701  0.91
18.3801  0.81
18.3901  0.95
18.4001  0.73
18.4101  0.8
18.4201  0.8
18.4301  0.82
18.4401  0.79
18.4501  0.69
18.4601  0.91
18.4701  0.88
18.4801  1.08
18.4901  0.81
18.5001  0.81
18.5101  0.97
18.5201  0.87
18.5301  0.98
18.5401  0.66
18.5501  0.92
18.5601  0.86
18.5701  0.77
18.5801  0.57
18.5901  0.76
18.6001  0.78
18.6101  0.96
18.6201  0.86
18.6301  0.74
18.6401  0.72
18.6501  0.69
18.6601  0.81
18.6701  0.82
18.6801  0.88
18.6901  0.98
18.7001  0.87
18.7101  0.86
18.7201  0.83
18.7301  0.94
18.7401  0.8
18.7501  0.91
18.7601  0.88
18.7701  0.86
18.7801  0.8
18.7901  0.73
18.8001  0.75
18.8101  0.84
18.8201  0.72
18.8301  0.89
18.8401  0.81
18.8501  0.83
18.8601  0.95
18.8701  0.86
18.8801  0.79
18.8901  0.8
18.9001  0.83
18.9101  0.78
18.9201  0.88
18.9301  0.82
18.9401  0.84
18.9501  0.87
18.9601  0.83
18.9701  0.85
18.9801  0.9
18.9901  0.82
19.0001  0.89
19.0101  0.65
19.0201  0.83
19.0301  0.77
19.0401  0.72
19.0501  0.84
19.0601  0.95
19.0701  0.73
19.0801  0.88
19.0901  0.78
19.1001  0.86
19.1101  0.89
19.1201  0.83
19.1301  0.83
19.1401  0.79
19.1501  0.81
19.1601  0.7
19.1701  0.74
19.1801  0.9
19.1901  0.82
19.2001  0.76
19.2101  0.97
19.2201  0.86
19.2301  0.8
19.2401  0.87
19.2501  0.94
19.2601  0.81
19.2701  0.81
19.2801  0.89
19.2901  0.8
19.3001  1.04
19.3101  0.89
19.3201  0.71
19.3301  0.99
19.3401  0.87
19.3501  0.84
19.3601  0.86
19.3701  0.79
19.3801  0.87
19.3901  0.92
19.4001  0.7
19.4101  0.94
19.4201  0.66
19.4301  0.83
19.4401  0.82
19.4501  0.67
19.4601  1.06
19.4701  0.84
19.4801  0.68
19.4901  0.81
19.5001  0.77
19.5101  0.91
19.5201  0.81
19.5301  1.01
19.5401  0.8
19.5501  0.75
19.5601  0.84
19.5701  0.77
19.5801  0.93
19.5901  0.74
19.6001  0.9
19.6101  0.72
19.6201  0.73
19.6301  0.97
19.6401  0.87
19.6501  0.8
19.6601  1.1
19.6701  0.8
19.6801  0.8
19.6901  0.94
19.7001  0.83
19.7101  0.85
19.7201  1.12
19.7301  0.81
19.7401  0.77
19.7501  0.76
19.7601  0.67
19.7701  0.78
19.7801  0.85
19.7901  0.89
19.8001  1.1
19.8101  0.78
19.8201  0.94
19.8301  0.8
19.8401  0.73
19.8501  0.84
19.8601  0.83
19.8701  0.82
19.8801  0.83
19.8901  0.87
19.9001  0.86
19.9101  0.68
19.9201  0.85
19.9301  0.86
19.9401  0.84
19.9501  0.97
19.9601  0.88
19.9701  0.85
19.9801  0.72
19.9901  0.91
20.0001  0.9
20.0101  0.84
20.0201  0.87
20.0301  0.73
20.0401  0.75
20.0501  0.65
20.0601  1.01
20.0701  0.83
20.0801  0.95
20.0901  0.94
20.1001  0.87
20.1101  0.71
20.1201  0.75
20.1301  0.81
20.1401  0.73
20.1501  0.88
20.1601  0.71
20.1701  0.76
20.1801  0.82
20.1901  0.95
20.2001  0.73
20.2101  0.8
20.2201  0.73
20.2301  0.86
20.2401  0.69
20.2501  0.85
20.2601  0.88
20.2701  0.89
20.2801  0.72
20.2901  1.05
20.3001  0.8
20.3101  0.94
20.3201  0.83
20.3301  0.81
20.3401  1.01
20.3501  0.79
20.3601  0.79
20.3701  0.83
20.3801  0.71
20.3901  0.77
20.4001  0.99
20.4101  0.77
20.4201  0.78
20.4301  0.81
20.4401  0.92
20.4501  0.77
20.4601  0.89
20.4701  0.79
20.4801  0.85
20.4901  0.76
20.5001  0.92
20.5101  0.94
20.5201  0.92
20.5301  0.99
20.5401  0.82
20.5501  0.68
20.5601  0.8
20.5701  0.9
20.5801  0.68
20.5901  0.8
20.6001  0.88
20.6101  0.83
20.6201  0.78
20.6301  0.84
20.6401  0.8
20.6501  1
20.6601  0.77
20.6701  0.84
20.6801  0.9
20.6901  0.8
20.7001  0.86
20.7101  0.83
20.7201  0.86
20.7301  0.71
20.7401  0.77
20.7501  0.79
20.7601  0.9
20.7701  0.81
20.7801  0.7
20.7901  0.88
20.8001  0.74
20.8101  1.04
20.8201  0.73
20.8301  0.82
20.8401  0.73
20.8501  0.9
20.8601  0.71
20.8701  0.95
20.8801  0.75
20.8901  0.83
20.9001  0.71
20.9101  0.78
20.9201  0.83
20.9301  0.81
20.9401  0.78
20.9501  0.83
20.9601  0.82
20.9701  0.77
20.9801  0.81
20.9901  0.86
21.0001  0.73
21.0101  0.9
21.0201  0.7
21.0301  0.85
21.0401  0.83
21.0501  0.89
21.0601  0.88
21.0701  0.81
21.0801  0.82
21.0901  0.88
21.1001  0.9
21.1101  0.7
21.1201  0.7
21.1301  0.81
21.1401  0.96
21.1501  0.95
21.1601  0.85
21.1701  0.78
21.1801  0.85
21.1901  0.96
21.2001  0.73
21.2101  0.88
21.2201  0.81
21.2301  0.88
21.2401  0.92
21.2501  0.79
21.2601  0.84
21.2701  0.79
21.2801  0.78
21.2901  0.86
21.3001  0.85
21.3101  0.82
21.3201  0.8
21.3301  0.73
21.3401  1.03
21.3501  0.94
21.3601  0.93
21.3701  0.85
21.3801  0.79
21.3901  0.78
21.4001  0.86
21.4101  0.98
21.4201  0.83
21.4301  0.95
21.4401  0.81
21.4501  0.86
21.4601  0.89
21.4701  0.99
21.4801  0.53
21.4901  0.76
21.5001  1.01
21.5101  0.91
21.5201  0.81
21.5301  0.69
21.5401  0.87
21.5501  0.82
21.5601  0.93
21.5701  0.73
21.5801  0.72
21.5901  0.79
21.6001  0.79
21.6101  0.95
21.6201  0.85
21.6301  0.78
21.6401  0.86
21.6501  1
21.6601  0.83
21.6701  0.89
21.6801  0.74
21.6901  0.83
21.7001  0.67
21.7101  0.82
21.7201  0.95
21.7301  0.84
21.7401  0.87
21.7501  0.97
21.7601  0.97
21.7701  1.01
21.7801  0.85
21.7901  0.97
21.8001  0.88
21.8101  0.72
21.8201  0.86
21.8301  0.85
21.8401  0.95
21.8501  1.02
21.8601  0.9
21.8701  0.88
21.8801  0.9
21.8901  0.75
21.9001  0.9
21.9101  0.76
21.9201  0.84
21.9301  0.78
21.9401  0.89
21.9501  0.82
21.9601  0.89
21.9701  0.87
21.9801  0.89
21.9901  0.82
22.0001  0.85
22.0101  0.78
22.0201  0.77
22.0301  0.95
22.0401  0.78
22.0501  0.89
22.0601  0.84
22.0701  0.9
22.0801  0.94
22.0901  0.75
22.1001  0.75
22.1101  0.87
22.1201  0.89
22.1301  0.74
22.1401  0.72
22.1501  0.82
22.1601  0.7
22.1701  0.94
22.1801  0.79
22.1901  0.9
22.2001  0.98
22.2101  0.86
22.2201  0.92
22.2301  0.92
22.2401  0.83
22.2501  0.87
22.2601  0.89
22.2701  0.81
22.2801  0.75
22.2901  0.82
22.3001  0.91
22.3101  0.86
22.3201  0.93
22.3301  0.79
22.3401  0.9
22.3501  0.86
22.3601  0.66
22.3701  0.84
22.3801  0.75
22.3901  0.86
22.4001  0.69
22.4101  0.91
22.4201  0.8
22.4301  0.85
22.4401  0.76
22.4501  0.88
22.4601  0.77
22.4701  0.85
22.4801  0.8
22.4901  0.87
22.5001  0.74
22.5101  0.97
22.5201  0.59
22.5301  0.71
22.5401  0.83
22.5501  0.85
22.5601  0.96
22.5701  0.71
22.5801  0.83
22.5901  1
22.6001  0.78
22.6101  0.78
22.6201  0.69
22.6301  0.85
22.6401  0.86
22.6501  0.77
22.6601  0.8
22.6701  0.82
22.6801  0.82
22.6901  0.81
22.7001  0.91
22.7101  1
22.7201  0.75
22.7301  0.83
22.7401  0.76
22.7501  0.75
22.7601  0.7
22.7701  0.84
22.7801  0.85
22.7901  1.09
22.8001  0.76
22.8101  0.78
22.8201  0.67
22.8301  0.99
22.8401  0.84
22.8501  0.98
22.8601  0.68
22.8701  0.69
22.8801  0.83
22.8901  0.77
22.9001  0.93
22.9101  0.97
22.9201  0.87
22.9301  0.89
22.9401  0.85
22.9501  0.89
22.9601  0.79
22.9701  0.8
22.9801  0.95
22.9901  0.93
23.0001  0.8
23.0101  0.77
23.0201  0.97
23.0301  0.7
23.0401  0.82
23.0501  0.74
23.0601  0.91
23.0701  1.06
23.0801  0.78
23.0901  0.8
23.1001  0.93
23.1101  0.77
23.1201  0.83
23.1301  0.84
23.1401  1.09
23.1501  0.83
23.1601  0.88
23.1701  0.91
23.1801  0.77
23.1901  0.83
23.2001  0.94
23.2101  0.71
23.2201  0.81
23.2301  0.79
23.2401  0.75
23.2501  0.92
23.2601  0.65
23.2701  0.94
23.2801  0.91
23.2901  1.07
23.3001  0.89
23.3101  0.83
23.3201  0.9
23.3301  0.86
23.3401  1.02
23.3501  0.85
23.3601  0.67
23.3701  0.87
23.3801  0.73
23.3901  0.87
23.4001  0.94
23.4101  0.77
23.4201  0.74
23.4301  0.77
23.4401  0.83
23.4501  0.85
23.4601  0.85
23.4701  0.93
23.4801  0.73
23.4901  1
23.5001  0.93
23.5101  1.03
23.5201  0.88
23.5301  0.69
23.5401  0.68
23.5501  0.7
23.5601  0.6
23.5701  1.09
23.5801  0.83
23.5901  0.83
23.6001  0.81
23.6101  0.92
23.6201  1.04
23.6301  0.96
23.6401  0.89
23.6501  0.84
23.6601  0.81
23.6701  0.81
23.6801  0.8
23.6901  0.81
23.7001  0.83
23.7101  0.95
23.7201  0.75
23.7301  0.93
23.7401  0.99
23.7501  0.87
23.7601  0.72
23.7701  0.84
23.7801  0.89
23.7901  0.81
23.8001  0.86
23.8101  0.9
23.8201  0.81
23.8301  0.72
23.8401  0.84
23.8501  0.78
23.8601  0.8
23.8701  0.83
23.8801  0.84
23.8901  0.9
23.9001  0.75
23.9101  0.77
23.9201  0.79
23.9301  0.85
23.9401  0.76
23.9501  0.9
23.9601  0.74
23.9701  0.67
23.9801  0.77
23.9901  0.97
24.0001  0.85
24.0101  0.78
24.0201  1
24.0301  0.89
24.0401  0.78
24.0501  0.72
24.0601  0.8
24.0701  0.81
24.0801  0.86
24.0901  0.69
24.1001  0.61
24.1101  0.9
24.1201  0.87
24.1301  0.82
24.1401  0.81
24.1501  0.78
24.1601  0.82
24.1701  0.94
24.1801  0.93
24.1901  0.92
24.2001  0.8
24.2101  0.89
24.2201  0.89
24.2301  0.86
24.2401  0.75
24.2501  0.78
24.2601  0.85
24.2701  0.78
24.2801  0.87
24.2901  0.8
24.3001  0.85
24.3101  0.85
24.3201  0.8
24.3301  0.8
24.3401  0.82
24.3501  0.99
24.3601  0.88
24.3701  0.89
24.3801  0.93
24.3901  0.95
24.4001  0.74
24.4101  0.82
24.4201  0.58
24.4301  0.96
24.4401  0.78
24.4501  0.84
24.4601  0.83
24.4701  0.73
24.4801  0.67
24.4901  0.73
24.5001  0.82
24.5101  0.95
24.5201  0.8
24.5301  0.82
24.5401  0.77
24.5501  0.91
24.5601  0.7
24.5701  0.89
24.5801  0.79
24.5901  0.83
24.6001  0.85
24.6101  0.84
24.6201  0.9
24.6301  0.92
24.6401  0.71
24.6501  0.8
24.6601  0.9
24.6701  0.85
24.6801  0.79
24.6901  0.84
24.7001  0.88
24.7101  0.81
24.7201  0.89
24.7301  0.83
24.7401  0.92
24.7501  0.91
24.7601  0.76
24.7701  0.97
24.7801  0.92
24.7901  0.83
24.8001  0.78
24.8101  0.83
24.8201  0.84
24.8301  0.95
24.8401  0.84
24.8501  0.69
24.8601  0.95
24.8701  0.84
24.8801  0.72
24.8901  0.89
24.9001  0.74
24.9101  0.95
24.9201  0.84
24.9301  0.98
24.9401  0.94
24.9501  0.96
24.9601  0.87
24.9701  0.88
24.9801  0.79
24.9901  0.78
25.0001  0.94
25.0101  0.84
25.0201  0.65
25.0301  0.8
25.0401  0.75
25.0501  0.88
25.0601  0.95
25.0701  0.78
25.0801  0.87
25.0901  0.92
25.1001  0.75
25.1101  0.75
25.1201  1.03
25.1301  0.95
25.1401  1.01
25.1501  0.94
25.1601  0.75
25.1701  0.79
25.1801  0.87
25.1901  0.84
25.2001  0.74
25.2101  0.9
25.2201  0.79
25.2301  0.78
25.2401  0.77
25.2501  0.87
25.2601  0.77
25.2701  0.91
25.2801  0.93
25.2901  0.82
25.3001  0.8
25.3101  0.9
25.3201  0.83
25.3301  0.82
25.3401  0.85
25.3501  0.94
25.3601  0.96
25.3701  0.92
25.3801  0.89
25.3901  0.9
25.4001  0.86
25.4101  0.86
25.4201  0.74
25.4301  0.75
25.4401  0.86
25.4501  0.8
25.4601  0.79
25.4701  1.1
25.4801  0.84
25.4901  0.77
25.5001  0.83
25.5101  0.88
25.5201  0.83
25.5301  0.78
25.5401  0.91
25.5501  0.77
25.5601  1.04
25.5701  0.95
25.5801  0.96
25.5901  0.92
25.6001  0.86
25.6101  0.77
25.6201  0.93
25.6301  0.86
25.6401  0.75
25.6501  0.93
25.6601  0.88
25.6701  0.84
25.6801  0.77
25.6901  0.8
25.7001  0.87
25.7101  0.89
25.7201  0.95
25.7301  0.75
25.7401  0.87
25.7501  0.81
25.7601  0.87
25.7701  0.62
25.7801  0.83
25.7901  0.89
25.8001  0.71
25.8101  0.87
25.8201  0.75
25.8301  1.03
25.8401  0.83
25.8501  0.81
25.8601  0.9
25.8701  0.91
25.8801  0.64
25.8901  0.82
25.9001  0.77
25.9101  0.78
25.9201  0.85
25.9301  0.83
25.9401  0.87
25.9501  0.9
25.9601  0.86
25.9701  0.88
25.9801  0.92
25.9901  0.8
26.0001  0.94
26.0101  1
26.0201  0.9
26.0301  0.78
26.0401  0.79
26.0501  0.77
26.0601  0.73
26.0701  0.84
26.0801  0.74
26.0901  0.75
26.1001  0.79
26.1101  0.8
26.1201  0.8
26.1301  0.98
26.1401  0.76
26.1501  0.83
26.1601  0.83
26.1701  0.88
26.1801  0.66
26.1901  0.68
26.2001  0.9
26.2101  0.65
26.2201  0.85
26.2301  0.9
26.2401  0.81
26.2501  0.98
26.2601  0.83
26.2701  0.81
26.2801  0.92
26.2901  0.95
26.3001  0.93
26.3101  0.75
26.3201  0.78
26.3301  0.99
26.3401  1.01
26.3501  0.87
26.3601  0.75
26.3701  0.81
26.3801  0.8
26.3901  0.73
26.4001  0.92
26.4101  0.78
26.4201  0.93
26.4301  0.87
26.4401  0.91
26.4501  0.9
26.4601  1.06
26.4701  0.62
26.4801  0.96
26.4901  0.65
26.5001  0.85
26.5101  0.93
26.5201  0.79
26.5301  0.92
26.5401  0.95
26.5501  1.01
26.5601  0.8
26.5701  0.85
26.5801  0.95
26.5901  0.92
26.6001  0.87
26.6101  0.61
26.6201  0.98
26.6301  0.81
26.6401  0.8
26.6501  1.02
26.6601  0.92
26.6701  0.78
26.6801  0.9
26.6901  0.82
26.7001  0.76
26.7101  0.87
26.7201  0.85
26.7301  0.86
26.7401  0.96
26.7501  0.94
26.7601  0.86
26.7701  0.97
26.7801  0.92
26.7901  0.88
26.8001  0.88
26.8101  0.82
26.8201  0.88
26.8301  0.99
26.8401  0.81
26.8501  0.76
26.8601  0.79
26.8701  0.73
26.8801  0.7
26.8901  1.01
26.9001  0.83
26.9101  0.87
26.9201  0.92
26.9301  0.71
26.9401  0.93
26.9501  0.75
26.9601  1.1
26.9701  0.73
26.9801  0.95
26.9901  0.99
27.0001  0.83
27.0101  0.87
27.0201  0.99
27.0301  0.95
27.0401  0.84
27.0501  0.85
27.0601  0.8
27.0701  1.01
27.0801  0.69
27.0901  0.95
27.1001  0.94
27.1101  0.76
27.1201  0.82
27.1301  0.8
27.1401  0.95
27.1501  0.92
27.1601  0.89
27.1701  0.89
27.1801  1.11
27.1901  0.92
27.2001  0.81
27.2101  0.79
27.2201  0.79
27.2301  0.78
27.2401  0.78
27.2501  0.84
27.2601  0.89
27.2701  0.88
27.2801  0.7
27.2901  1.03
27.3001  0.88
27.3101  0.99
27.3201  0.85
27.3301  0.74
27.3401  0.73
27.3501  1.01
27.3601  0.66
27.3701  0.8
27.3801  0.89
27.3901  0.91
27.4001  0.84
27.4101  0.9
27.4201  0.85
27.4301  0.91
27.4401  0.81
27.4501  0.88
27.4601  0.8
27.4701  0.84
27.4801  0.75
27.4901  0.82
27.5001  0.99
27.5101  0.94
27.5201  0.84
27.5301  0.83
27.5401  0.77
27.5501  0.69
27.5601  0.93
27.5701  0.8
27.5801  0.68
27.5901  0.71
27.6001  0.9
27.6101  0.85
27.6201  0.72
27.6301  0.85
27.6401  0.94
27.6501  0.88
27.6601  0.76
27.6701  0.76
27.6801  0.76
27.6901  0.86
27.7001  0.72
27.7101  0.86
27.7201  0.99
27.7301  0.78
27.7401  0.69
27.7501  0.93
27.7601  0.8
27.7701  0.96
27.7801  0.88
27.7901  1.06
27.8001  0.77
27.8101  0.71
27.8201  0.82
27.8301  0.77
27.8401  0.83
27.8501  0.87
27.8601  0.8
27.8701  0.92
27.8801  0.92
27.8901  0.97
27.9001  0.83
27.9101  0.7
27.9201  0.82
27.9301  0.72
27.9401  0.76
27.9501  1
27.9601  0.86
27.9701  0.78
27.9801  0.92
27.9901  0.88
28.0001  0.9
28.0101  0.79
28.0201  0.81
28.0301  0.97
28.0401  0.78
28.0501  0.78
28.0601  0.86
28.0701  0.76
28.0801  0.78
28.0901  0.7
28.1001  0.88
28.1101  0.99
28.1201  0.78
28.1301  0.82
28.1401  0.8
28.1501  0.92
28.1601  0.86
28.1701  0.92
28.1801  0.86
28.1901  0.94
28.2001  0.88
28.2101  0.74
28.2201  0.9
28.2301  0.76
28.2401  0.76
28.2501  0.86
28.2601  0.84
28.2701  0.94
28.2801  0.84
28.2901  0.72
28.3001  0.84
28.3101  0.8
28.3201  0.98
28.3301  0.95
28.3401  0.83
28.3501  0.81
28.3601  0.77
28.3701  1.03
28.3801  0.86
28.3901  0.81
28.4001  0.89
28.4101  0.73
28.4201  0.85
28.4301  0.88
28.4401  0.98
28.4501  0.93
28.4601  0.92
28.4701  0.89
28.4801  1.05
28.4901  0.68
28.5001  0.82
28.5101  0.75
28.5201  0.69
28.5301  0.82
28.5401  0.84
28.5501  0.79
28.5601  0.83
28.5701  0.88
28.5801  0.83
28.5901  0.97
28.6001  0.86
28.6101  0.74
28.6201  0.93
28.6301  0.86
28.6401  1.01
28.6501  0.91
28.6601  0.82
28.6701  0.88
28.6801  0.64
28.6901  0.79
28.7001  0.78
28.7101  0.81
28.7201  1
28.7301  1.04
28.7401  0.75
28.7501  0.95
28.7601  0.89
28.7701  0.82
28.7801  0.9
28.7901  0.85
28.8001  0.81
28.8101  0.67
28.8201  0.78
28.8301  0.63
28.8401  0.86
28.8501  1.04
28.8601  0.93
28.8701  0.88
28.8801  0.99
28.8901  0.85
28.9001  0.9
28.9101  1.07
28.9201  0.81
28.9301  0.88
28.9401  0.89
28.9501  0.68
28.9601  0.88
28.9701  0.86
28.9801  0.82
28.9901  0.89
29.0001  0.74
29.0101  0.81
29.0201  0.72
29.0301  1.02
29.0401  0.77
29.0501  0.63
29.0601  0.96
29.0701  0.71
29.0801  0.88
29.0901  1.02
29.1001  0.84
29.1101  0.88
29.1201  0.73
29.1301  0.91
29.1401  0.72
29.1501  0.9
29.1601  0.87
29.1701  0.77
29.1801  0.92
29.1901  0.83
29.2001  0.96
29.2101  0.7
29.2201  0.78
29.2301  0.86
29.2401  0.75
29.2501  0.86
29.2601  0.88
29.2701  0.78
29.2801  0.98
29.2901  0.97
29.3001  0.96
29.3101  0.86
29.3201  0.8
29.3301  0.9
29.3401  0.67
29.3501  0.81
29.3601  0.79
29.3701  0.73
29.3801  0.88
29.3901  0.79
29.4001  0.71
29.4101  0.66
29.4201  0.81
29.4301  0.87
29.4401  0.84
29.4501  0.74
29.4601  0.99
29.4701  0.78
29.4801  0.95
29.4901  0.98
29.5001  0.83
29.5101  0.69
29.5201  0.77
29.5301  0.85
29.5401  0.86
29.5501  0.89
29.5601  0.8
29.5701  0.85
29.5801  0.84
29.5901  0.93
29.6001  0.91
29.6101  0.74
29.6201  0.8
29.6301  0.82
29.6401  0.89
29.6501  0.81
29.6601  0.89
29.6701  0.85
29.6801  0.8
29.6901  0.75
29.7001  0.82
29.7101  0.72
29.7201  0.88
29.7301  0.87
29.7401  0.89
29.7501  0.73
29.7601  0.75
29.7701  0.84
29.7801  0.71
29.7901  0.9
29.8001  0.94
29.8101  0.83
29.8201  0.92
29.8301  0.87
29.8401  0.89
29.8501  0.97
29.8601  0.84
29.8701  0.8
29.8801  0.83
29.8901  0.89
29.9001  0.74
29.9101  0.81
29.9201  0.88
29.9301  0.86
29.9401  0.97
29.9501  0.86
29.9601  0.81
29.9701  0.77
29.9801  0.66
29.9901  0.87
30.0001  0.73
30.0101  0.96
30.0201  0.73
30.0301  1.01
30.0401  0.83
30.0501  0.92
30.0601  0.83
30.0701  0.88
30.0801  0.99
30.0901  0.93
30.1001  0.86
30.1101  0.74
30.1201  0.85
30.1301  0.91
30.1401  0.85
30.1501  0.82
30.1601  0.89
30.1701  0.78
30.1801  0.95
30.1901  0.79
30.2001  0.91
30.2101  0.9
30.2201  0.73
30.2301  0.86
30.2401  0.85
30.2501  0.79
30.2601  0.68
30.2701  0.79
30.2801  0.9
30.2901  0.9
30.3001  0.75
30.3101  0.78
30.3201  0.81
30.3301  0.89
30.3401  0.8
30.3501  0.81
30.3601  0.79
30.3701  0.81
30.3801  0.83
30.3901  0.8
30.4001  0.95
30.4101  0.9
30.4201  0.92
30.4301  0.96
30.4401  0.84
30.4501  1.13
30.4601  0.79
30.4701  0.83
30.4801  0.63
30.4901  0.84
30.5001  0.74
30.5101  0.82
30.5201  0.93
30.5301  0.87
30.5401  0.78
30.5501  0.81
30.5601  0.77
30.5701  0.87
30.5801  0.76
30.5901  0.77
30.6001  0.69
30.6101  0.76
30.6201  0.94
30.6301  0.8
30.6401  0.98
30.6501  0.8
30.6601  0.9
30.6701  0.79
30.6801  0.82
30.6901  0.78
30.7001  1
30.7101  0.87
30.7201  0.77
30.7301  0.88
30.7401  0.91
30.7501  0.91
30.7601  0.77
30.7701  0.96
30.7801  0.88
30.7901  0.77
30.8001  0.91
30.8101  0.74
30.8201  0.95
30.8301  0.77
30.8401  0.86
30.8501  0.99
30.8601  0.73
30.8701  0.92
30.8801  0.97
30.8901  0.8
30.9001  0.83
30.9101  0.64
30.9201  0.84
30.9301  0.75
30.9401  0.88
30.9501  0.73
30.9601  0.97
30.9701  0.97
30.9801  0.81
30.9901  0.81
31.0001  0.83
31.0101  0.94
31.0201  0.5
31.0301  0.97
31.0401  0.84
31.0501  0.73
31.0601  0.86
31.0701  0.8
31.0801  0.96
31.0901  1.01
31.1001  0.9
31.1101  0.98
31.1201  1
31.1301  0.85
31.1401  0.87
31.1501  0.84
31.1601  0.81
31.1701  0.85
31.1801  0.83
31.1901  0.84
31.2001  0.93
31.2101  0.8
31.2201  0.88
31.2301  0.81
31.2401  0.88
31.2501  0.79
31.2601  0.79
31.2701  0.94
31.2801  0.93
31.2901  0.87
31.3001  0.84
31.3101  0.69
31.3201  0.76
31.3301  0.98
31.3401  0.9
31.3501  0.66
31.3601  0.74
31.3701  0.74
31.3801  0.91
31.3901  1.01
31.4001  0.98
31.4101  0.74
31.4201  0.9
31.4301  0.75
31.4401  0.93
31.4501  0.66
31.4601  0.77
31.4701  0.84
31.4801  0.91
31.4901  0.7
31.5001  0.7
31.5101  0.81
31.5201  0.84
31.5301  0.87
31.5401  0.91
31.5501  0.91
31.5601  0.76
31.5701  0.8
31.5801  0.96
31.5901  0.84
31.6001  0.96
31.6101  0.83
31.6201  0.81
31.6301  0.72
31.6401  0.68
31.6501  0.82
31.6601  1
31.6701  0.86
31.6801  1.02
31.6901  0.8
31.7001  0.78
31.7101  0.97
31.7201  0.7
31.7301  0.66
31.7401  0.91
31.7501  0.8
31.7601  0.69
31.7701  0.62
31.7801  0.86
31.7901  0.75
31.8001  0.67
31.8101  0.7
31.8201  0.86
31.8301  0.7
31.8401  0.88
31.8501  0.6
31.8601  0.89
31.8701  0.74
31.8801  0.93
31.8901  0.77
31.9001  1.05
31.9101  0.73
31.9201  0.65
31.9301  0.88
31.9401  0.83
31.9501  0.85
31.9601  0.73
31.9701  0.82
31.9801  0.81
31.9901  0.89
32.0001  0.86
32.0101  0.83
32.0201  0.86
32.0301  0.8
32.0401  0.79
32.0501  0.74
32.0601  0.87
32.0701  0.81
32.0801  0.8
32.0901  0.79
32.1001  0.69
32.1101  0.93
32.1201  0.89
32.1301  0.82
32.1401  0.82
32.1501  0.73
32.1601  1.03
32.1701  0.8
32.1801  0.81
32.1901  0.8
32.2001  0.74
32.2101  0.97
32.2201  1.1
32.2301  0.83
32.2401  0.92
32.2501  0.92
32.2601  0.79
32.2701  0.95
32.2801  0.93
32.2901  0.83
32.3001  0.75
32.3101  0.78
32.3201  0.72
32.3301  0.92
32.3401  0.73
32.3501  0.94
32.3601  0.93
32.3701  0.75
32.3801  0.97
32.3901  0.88
32.4001  0.83
32.4101  0.92
32.4201  0.88
32.4301  0.84
32.4401  0.87
32.4501  0.9
32.4601  0.88
32.4701  0.94
32.4801  0.62
32.4901  0.71
32.5001  0.86
32.5101  0.95
32.5201  0.9
32.5301  0.69
32.5401  0.78
32.5501  0.88
32.5601  0.9
32.5701  0.96
32.5801  0.93
32.5901  0.86
32.6001  0.97
32.6101  0.9
32.6201  0.9
32.6301  0.89
32.6401  0.84
32.6501  0.96
32.6601  0.85
32.6701  0.86
32.6801  0.8
32.6901  1.05
32.7001  0.81
32.7101  0.74
32.7201  0.85
32.7301  0.96
32.7401  0.82
32.7501  0.8
32.7601  0.79
32.7701  0.91
32.7801  1.06
32.7901  0.73
32.8001  0.8
32.8101  1.04
32.8201  0.82
32.8301  1.04
32.8401  0.93
32.8501  0.8
32.8601  0.75
32.8701  0.9
32.8801  0.92
32.8901  0.95
32.9001  1.1
32.9101  0.93
32.9201  0.92
32.9301  0.84
32.9401  0.83
32.9501  0.78
32.9601  0.76
32.9701  0.76
32.9801  0.77
32.9901  0.89
33.0001  0.8
33.0101  0.76
33.0201  0.77
33.0301  0.85
33.0401  0.82
33.0501  0.78
33.0601  0.85
33.0701  0.88
33.0801  0.87
33.0901  0.92
33.1001  0.91
33.1101  0.75
33.1201  0.79
33.1301  0.97
33.1401  0.99
33.1501  0.72
33.1601  0.88
33.1701  0.81
33.1801  0.72
33.1901  0.88
33.2001  0.82
33.2101  1
33.2201  1.1
33.2301  0.84
33.2401  0.88
33.2501  0.92
33.2601  0.86
33.2701  0.76
33.2801  0.9
33.2901  0.7
33.3001  0.81
33.3101  0.97
33.3201  0.66
33.3301  0.95
33.3401  0.9
33.3501  0.86
33.3601  0.82
33.3701  0.99
33.3801  0.87
33.3901  0.88
33.4001  0.76
33.4101  0.87
33.4201  0.89
33.4301  0.73
33.4401  0.8
33.4501  0.95
33.4601  0.8
33.4701  0.62
33.4801  0.74
33.4901  0.88
33.5001  0.82
33.5101  0.73
33.5201  0.88
33.5301  0.86
33.5401  0.89
33.5501  0.9
33.5601  0.75
33.5701  0.74
33.5801  0.77
33.5901  0.79
33.6001  0.83
33.6101  0.66
33.6201  0.77
33.6301  0.86
33.6401  0.7
33.6501  0.93
33.6601  0.86
33.6701  0.86
33.6801  0.56
33.6901  0.92
33.7001  0.91
33.7101  0.8
33.7201  0.9
33.7301  0.95
33.7401  0.91
33.7501  0.8
33.7601  0.84
33.7701  0.84
33.7801  0.8
33.7901  0.84
33.8001  0.74
33.8101  0.78
33.8201  0.87
33.8301  0.95
33.8401  0.73
33.8501  0.8
33.8601  0.74
33.8701  0.84
33.8801  0.86
33.8901  0.82
33.9001  0.79
33.9101  0.94
33.9201  0.87
33.9301  0.78
33.9401  0.73
33.9501  0.93
33.9601  0.57
33.9701  0.86
33.9801  0.76
33.9901  0.9
34.0001  0.78
34.0101  0.77
34.0201  0.92
34.0301  0.78
34.0401  1.08
34.0501  0.86
34.0601  0.83
34.0701  0.78
34.0801  1.04
34.0901  0.84
34.1001  0.82
34.1101  0.77
34.1201  0.86
34.1301  0.92
34.1401  0.87
34.1501  0.86
34.1601  0.74
34.1701  0.89
34.1801  0.84
34.1901  0.8
34.2001  0.75
34.2101  0.9
34.2201  0.93
34.2301  0.88
34.2401  0.78
34.2501  0.85
34.2601  0.73
34.2701  0.77
34.2801  0.88
34.2901  0.9
34.3001  0.84
34.3101  0.87
34.3201  0.73
34.3301  0.88
34.3401  0.93
34.3501  0.76
34.3601  0.82
34.3701  0.74
34.3801  0.81
34.3901  0.86
34.4001  0.91
34.4101  0.83
34.4201  0.78
34.4301  0.97
34.4401  0.82
34.4501  0.86
34.4601  0.86
34.4701  0.97
34.4801  0.86
34.4901  0.85
34.5  0.97
34.51  0.94
34.52  0.86
34.53  0.84
34.54  0.91
34.55  0.83
34.56  0.72
34.57  0.91
34.58  0.77
34.59  0.83
34.6  0.77
34.61  0.77
34.62  0.73
34.63  0.89
34.64  0.78
34.65  0.9
34.66  0.75
34.67  0.88
34.68  0.81
34.69  0.97
34.7  0.92
34.71  0.94
34.72  0.77
34.73  0.83
34.74  1.01
34.75  0.92
34.76  0.85
34.77  0.81
34.78  0.86
34.79  0.8
34.8  0.71
34.81  0.74
34.82  0.9
34.83  0.91
34.84  0.91
34.85  0.83
34.86  0.76
34.87  0.85
34.88  0.79
34.89  0.8
34.9  0.81
34.91  0.9
34.92  1.01
34.93  0.78
34.94  0.98
34.95  0.77
34.96  0.72
34.97  0.92
34.98  0.83
34.99  0.9
