-15  0
-14.99  0
-14.98  0.01
-14.97  0.01
-14.96  0.01
-14.95  0.01
-14.94  0.02
-14.93  0.02
-14.92  0.03
-14.91  0.03
-14.9  0.03
-14.89  0.04
-14.88  0.04
-14.87  0.04
-14.86  0.07
-14.85  0.05
-14.84  0.06
-14.83  0.06
-14.82  0.08
-14.81  0.08
-14.8  0.1
-14.79  0.1
-14.78  0.1
-14.77  0.11
-14.76  0.14
-14.75  0.15
-14.74  0.14
-14.73  0.2
-14.72  0.19
-14.71  0.21
-14.7  0.25
-14.69  0.28
-14.68  0.3
-14.67  0.38
-14.66  0.4
-14.65  0.49
-14.64  0.59
-14.63  0.7
-14.62  0.87
-14.61  1.06
-14.6  1.38
-14.59  1.84
-14.58  2.56
-14.57  3.74
-14.56  5.71
-14.55  9.02
-14.54  13.17
-14.53  14.44
-14.52  11.06
-14.51  7.12
-14.5  4.55
-14.49  3.05
-14.48  2.16
-14.47  1.58
-14.46  1.24
-14.45  0.99
-14.44  0.77
-14.43  0.65
-14.42  0.56
-14.41  0.46
-14.4  0.44
-14.39  0.38
-14.38  0.32
-14.37  0.29
-14.36  0.26
-14.35  0.25
-14.34  0.23
-14.33  0.2
-14.32  0.21
-14.31  0.17
-14.3  0.18
-14.29  0.17
-14.28  0.18
-14.27  0.15
-14.26  0.16
-14.25  0.15
-14.24  0.13
-14.23  0.14
-14.22  0.14
-14.21  0.12
-14.2  0.14
-14.19  0.13
-14.18  0.13
-14.17  0.15
-14.16  0.12
-14.15  0.13
-14.14  0.13
-14.13  0.12
-14.12  0.15
-14.11  0.12
-14.1  0.14
-14.09  0.16
-14.08  0.13
-14.07  0.13
-14.06  0.17
-14.05  0.15
-14.04  0.14
-14.03  0.15
-14.02  0.16
-14.01  0.16
-14  0.18
-13.99  0.19
-13.98  0.17
-13.97  0.19
-13.96  0.19
-13.95  0.22
-13.94  0.21
-13.93  0.22
-13.92  0.24
-13.91  0.24
-13.9  0.24
-13.89  0.29
-13.88  0.28
-13.87  0.28
-13.86  0.3
-13.85  0.37
-13.84  0.36
-13.83  0.4
-13.82  0.39
-13.81  0.43
-13.8  0.48
-13.79  0.5
-13.78  0.56
-13.77  0.64
-13.76  0.65
-13.75  0.72
-13.74  0.81
-13.73  0.91
-13.72  1.03
-13.71  1.15
-13.7  1.3
-13.69  1.47
-13.68  1.71
-13.67  1.95
-13.66  2.27
-13.65  2.63
-13.64  3.1
-13.63  3.53
-13.62  4.06
-13.61  4.53
-13.6  4.86
-13.59  5.01
-13.58  4.97
-13.57  4.63
-13.56  4.19
-13.55  3.74
-13.54  3.27
-13.53  2.78
-13.52  2.41
-13.51  2.09
-13.5  1.78
-13.49  1.56
-13.48  1.39
-13.47  1.2
-13.46  1.1
-13.45  0.97
-13.44  0.87
-13.43  0.82
-13.42  0.7
-13.41  0.65
-13.4  0.64
-13.39  0.55
-13.38  0.54
-13.37  0.52
-13.36  0.46
-13.35  0.41
-13.34  0.43
-13.33  0.43
-13.32  0.39
-13.31  0.37
-13.3  0.35
-13.29  0.34
-13.28  0.35
-13.27  0.32
-13.26  0.3
-13.25  0.3
-13.24  0.31
-13.23  0.3
-13.22  0.29
-13.21  0.31
-13.2  0.29
-13.19  0.28
-13.18  0.29
-13.17  0.29
-13.16  0.28
-13.15  0.27
-13.14  0.28
-13.13  0.28
-13.12  0.3
-13.11  0.3
-13.1  0.27
-13.09  0.31
-13.08  0.32
-13.07  0.28
-13.06  0.35
-13.05  0.3
-13.04  0.34
-13.03  0.34
-13.02  0.34
-13.01  0.37
-13  0.36
-12.99  0.36
-12.98  0.38
-12.97  0.41
-12.96  0.43
-12.95  0.44
-12.94  0.46
-12.93  0.48
-12.92  0.49
-12.91  0.56
-12.9  0.54
-12.89  0.59
-12.88  0.63
-12.87  0.62
-12.86  0.72
-12.85  0.73
-12.84  0.81
-12.83  0.87
-12.82  0.91
-12.81  0.98
-12.8  1.05
-12.79  1.15
-12.78  1.24
-12.77  1.37
-12.76  1.47
-12.75  1.64
-12.74  1.76
-12.73  1.95
-12.72  2.08
-12.71  2.26
-12.7  2.44
-12.69  2.62
-12.68  2.79
-12.67  2.91
-12.66  3.04
-12.65  3.07
-12.64  3.12
-12.63  3.02
-12.62  2.96
-12.61  2.82
-12.6  2.67
-12.59  2.5
-12.58  2.33
-12.57  2.13
-12.56  1.99
-12.55  1.8
-12.54  1.67
-12.53  1.52
-12.52  1.37
-12.51  1.33
-12.5  1.21
-12.49  1.11
-12.48  1.02
-12.47  0.98
-12.46  0.9
-12.45  0.88
-12.44  0.81
-12.43  0.72
-12.42  0.73
-12.41  0.65
-12.4  0.64
-12.39  0.6
-12.38  0.59
-12.37  0.58
-12.36  0.54
-12.35  0.57
-12.34  0.52
-12.33  0.48
-12.32  0.48
-12.31  0.46
-12.3  0.46
-12.29  0.48
-12.28  0.46
-12.27  0.41
-12.26  0.44
-12.25  0.44
-12.24  0.4
-12.23  0.45
-12.22  0.4
-12.21  0.42
-12.2  0.43
-12.19  0.41
-12.18  0.4
-12.17  0.45
-12.16  0.43
-12.15  0.43
-12.14  0.44
-12.13  0.43
-12.12  0.43
-12.11  0.45
-12.1  0.49
-12.09  0.44
-12.08  0.48
-12.07  0.47
-12.06  0.52
-12.05  0.52
-12.04  0.53
-12.03  0.51
-12.02  0.58
-12.01  0.57
-12  0.59
-11.99  0.62
-11.98  0.63
-11.97  0.7
-11.96  0.73
-11.95  0.72
-11.94  0.77
-11.93  0.78
-11.92  0.83
-11.91  0.89
-11.9  0.91
-11.89  0.96
-11.88  1.05
-11.87  1.1
-11.86  1.15
-11.85  1.23
-11.84  1.28
-11.83  1.39
-11.82  1.48
-11.81  1.54
-11.8  1.61
-11.79  1.73
-11.78  1.8
-11.77  1.92
-11.76  1.98
-11.75  2.09
-11.74  2.14
-11.73  2.2
-11.72  2.26
-11.71  2.28
-11.7  2.27
-11.69  2.28
-11.68  2.27
-11.67  2.26
-11.66  2.12
-11.65  2.11
-11.64  1.98
-11.63  1.93
-11.62  1.84
-11.61  1.73
-11.6  1.68
-11.59  1.55
-11.58  1.51
-11.57  1.38
-11.56  1.31
-11.55  1.25
-11.54  1.21
-11.53  1.13
-11.52  1.05
-11.51  1.04
-11.5  0.96
-11.49  0.92
-11.48  0.86
-11.47  0.88
-11.46  0.83
-11.45  0.77
-11.44  0.74
-11.43  0.76
-11.42  0.71
-11.41  0.65
-11.4  0.66
-11.39  0.65
-11.38  0.64
-11.37  0.61
-11.36  0.59
-11.35  0.62
-11.34  0.55
-11.33  0.56
-11.32  0.58
-11.31  0.55
-11.3  0.55
-11.29  0.58
-11.28  0.56
-11.27  0.54
-11.26  0.52
-11.25  0.53
-11.24  0.53
-11.23  0.53
-11.22  0.56
-11.21  0.53
-11.2  0.56
-11.19  0.57
-11.18  0.54
-11.17  0.58
-11.16  0.54
-11.15  0.61
-11.14  0.55
-11.13  0.63
-11.12  0.63
-11.11  0.61
-11.1  0.66
-11.09  0.67
-11.08  0.64
-11.07  0.67
-11.06  0.72
-11.05  0.71
-11.04  0.72
-11.03  0.79
-11.02  0.82
-11.01  0.81
-11  0.88
-10.99  0.88
-10.98  0.9
-10.97  0.99
-10.96  0.96
-10.95  1.04
-10.94  1.08
-10.93  1.12
-10.92  1.18
-10.91  1.23
-10.9  1.26
-10.89  1.29
-10.88  1.42
-10.87  1.38
-10.86  1.55
-10.85  1.51
-10.84  1.63
-10.83  1.62
-10.82  1.72
-10.81  1.71
-10.8  1.75
-10.79  1.86
-10.78  1.83
-10.77  1.85
-10.76  1.85
-10.75  1.91
-10.74  1.86
-10.73  1.84
-10.72  1.83
-10.71  1.72
-10.7  1.8
-10.69  1.69
-10.68  1.66
-10.67  1.6
-10.66  1.56
-10.65  1.5
-10.64  1.43
-10.63  1.37
-10.62  1.37
-10.61  1.33
-10.6  1.23
-10.59  1.19
-10.58  1.12
-10.57  1.14
-10.56  1.08
-10.55  1.05
-10.54  0.95
-10.53  0.93
-10.52  0.97
-10.51  0.89
-10.5  0.88
-10.49  0.83
-10.48  0.84
-10.47  0.77
-10.46  0.78
-10.45  0.75
-10.44  0.77
-10.43  0.73
-10.42  0.74
-10.41  0.72
-10.4  0.67
-10.39  0.69
-10.38  0.68
-10.37  0.64
-10.36  0.68
-10.35  0.65
-10.34  0.66
-10.33  0.66
-10.32  0.61
-10.31  0.67
-10.3  0.63
-10.29  0.63
-10.28  0.65
-10.27  0.67
-10.26  0.61
-10.25  0.65
-10.24  0.67
-10.23  0.64
-10.22  0.69
-10.21  0.68
-10.2  0.69
-10.19  0.69
-10.18  0.71
-10.17  0.73
-10.16  0.72
-10.15  0.71
-10.14  0.74
-10.13  0.77
-10.12  0.81
-10.11  0.82
-10.1  0.81
-10.09  0.83
-10.08  0.85
-10.07  0.89
-10.06  0.98
-10.05  0.9
-10.04  0.95
-10.03  0.98
-10.02  1.05
-10.01  1.01
-10  1.12
-9.99  1.13
-9.98  1.14
-9.97  1.24
-9.96  1.19
-9.95  1.29
-9.94  1.28
-9.93  1.36
-9.92  1.37
-9.91  1.37
-9.9  1.43
-9.89  1.5
-9.88  1.48
-9.87  1.52
-9.86  1.58
-9.85  1.55
-9.84  1.63
-9.83  1.6
-9.82  1.6
-9.81  1.64
-9.8  1.63
-9.79  1.58
-9.78  1.61
-9.77  1.56
-9.76  1.53
-9.75  1.54
-9.74  1.5
-9.73  1.49
-9.72  1.46
-9.71  1.41
-9.7  1.42
-9.69  1.32
-9.68  1.3
-9.67  1.28
-9.66  1.2
-9.65  1.21
-9.64  1.2
-9.63  1.17
-9.62  1.12
-9.61  1.09
-9.6  1.04
-9.59  1.04
-9.58  0.97
-9.57  0.98
-9.56  0.94
-9.55  0.94
-9.54  0.88
-9.53  0.92
-9.52  0.86
-9.51  0.84
-9.5  0.84
-9.49  0.81
-9.48  0.85
-9.47  0.82
-9.46  0.76
-9.45  0.74
-9.44  0.77
-9.43  0.74
-9.42  0.8
-9.41  0.74
-9.4  0.72
-9.39  0.75
-9.38  0.7
-9.37  0.79
-9.36  0.74
-9.35  0.7
-9.34  0.73
-9.33  0.74
-9.32  0.71
-9.31  0.76
-9.3  0.72
-9.29  0.74
-9.28  0.71
-9.27  0.76
-9.26  0.79
-9.25  0.78
-9.24  0.79
-9.23  0.76
-9.22  0.81
-9.21  0.82
-9.2  0.82
-9.19  0.81
-9.18  0.84
-9.17  0.9
-9.16  0.89
-9.15  0.83
-9.14  0.94
-9.13  0.9
-9.12  0.97
-9.11  0.97
-9.1  0.99
-9.09  1.04
-9.08  1.03
-9.07  1.06
-9.06  1.04
-9.05  1.14
-9.04  1.14
-9.03  1.14
-9.02  1.18
-9.01  1.24
-9  1.25
-8.99  1.24
-8.98  1.31
-8.97  1.27
-8.96  1.38
-8.95  1.33
-8.94  1.39
-8.93  1.35
-8.92  1.42
-8.91  1.42
-8.9  1.41
-8.89  1.38
-8.88  1.49
-8.87  1.45
-8.86  1.5
-8.85  1.44
-8.84  1.42
-8.83  1.46
-8.82  1.39
-8.81  1.45
-8.8  1.36
-8.79  1.36
-8.78  1.38
-8.77  1.34
-8.76  1.3
-8.75  1.3
-8.74  1.25
-8.73  1.25
-8.72  1.2
-8.71  1.23
-8.7  1.21
-8.69  1.11
-8.68  1.15
-8.67  1.1
-8.66  1.06
-8.65  1.07
-8.64  1.05
-8.63  0.99
-8.62  1.04
-8.61  0.98
-8.6  0.95
-8.59  0.95
-8.58  0.94
-8.57  0.95
-8.56  0.87
-8.55  0.9
-8.54  0.85
-8.53  0.87
-8.52  0.87
-8.51  0.82
-8.5  0.87
-8.49  0.81
-8.48  0.84
-8.47  0.84
-8.46  0.78
-8.45  0.83
-8.44  0.81
-8.43  0.8
-8.42  0.77
-8.41  0.8
-8.4  0.78
-8.39  0.85
-8.38  0.87
-8.37  0.74
-8.36  0.81
-8.35  0.78
-8.34  0.84
-8.33  0.82
-8.32  0.82
-8.31  0.81
-8.3  0.82
-8.29  0.9
-8.28  0.82
-8.27  0.88
-8.26  0.87
-8.25  0.83
-8.24  0.89
-8.23  0.96
-8.22  0.89
-8.21  0.94
-8.2  0.94
-8.19  0.97
-8.18  1.01
-8.17  1.01
-8.16  0.99
-8.15  1.03
-8.14  1.04
-8.13  1.01
-8.12  1.08
-8.11  1.07
-8.1  1.14
-8.09  1.12
-8.08  1.17
-8.07  1.16
-8.06  1.22
-8.05  1.17
-8.04  1.21
-8.03  1.25
-8.02  1.25
-8.01  1.27
-8  1.3
-7.99  1.31
-7.98  1.31
-7.97  1.29
-7.96  1.32
-7.95  1.36
-7.94  1.31
-7.93  1.34
-7.92  1.3
-7.91  1.38
-7.9  1.35
-7.89  1.28
-7.88  1.36
-7.87  1.31
-7.86  1.24
-7.85  1.32
-7.84  1.31
-7.83  1.25
-7.82  1.29
-7.81  1.24
-7.8  1.21
-7.79  1.27
-7.78  1.16
-7.77  1.17
-7.76  1.2
-7.75  1.12
-7.74  1.13
-7.73  1.15
-7.72  1.09
-7.71  1.01
-7.7  1.09
-7.69  1.01
-7.68  1.07
-7.67  1.02
-7.66  1.02
-7.65  0.96
-7.64  1
-7.63  0.95
-7.62  0.96
-7.61  0.95
-7.6  0.92
-7.59  0.88
-7.58  0.95
-7.57  0.91
-7.56  0.84
-7.55  0.92
-7.54  0.87
-7.53  0.87
-7.52  0.9
-7.51  0.88
-7.5  0.87
-7.49  0.89
-7.48  0.85
-7.47  0.85
-7.46  0.88
-7.45  0.82
-7.44  0.83
-7.43  0.85
-7.42  0.9
-7.41  0.83
-7.4  0.89
-7.39  0.88
-7.38  0.85
-7.37  0.88
-7.36  0.89
-7.35  0.88
-7.34  0.91
-7.33  0.89
-7.32  0.92
-7.31  0.94
-7.3  0.97
-7.29  0.91
-7.28  0.93
-7.27  0.97
-7.26  0.95
-7.25  1.01
-7.24  0.98
-7.23  1.01
-7.22  1.01
-7.21  0.98
-7.2  1.06
-7.19  1.03
-7.18  1.1
-7.17  1.09
-7.16  1.07
-7.15  1.09
-7.14  1.18
-7.13  1.11
-7.12  1.17
-7.11  1.16
-7.1  1.2
-7.09  1.16
-7.08  1.21
-7.07  1.21
-7.06  1.22
-7.05  1.21
-7.04  1.24
-7.03  1.21
-7.02  1.25
-7.01  1.26
-7  1.29
-6.99  1.24
-6.98  1.24
-6.97  1.31
-6.96  1.23
-6.95  1.29
-6.94  1.2
-6.93  1.29
-6.92  1.22
-6.91  1.26
-6.9  1.23
-6.89  1.23
-6.88  1.15
-6.87  1.22
-6.86  1.2
-6.85  1.23
-6.84  1.18
-6.83  1.15
-6.82  1.11
-6.81  1.13
-6.8  1.12
-6.79  1.08
-6.78  1.13
-6.77  1.06
-6.76  1.12
-6.75  1.04
-6.74  1.05
-6.73  1.04
-6.72  1.01
-6.71  0.99
-6.7  1.03
-6.69  1
-6.68  0.99
-6.67  0.98
-6.66  0.96
-6.65  0.96
-6.64  0.97
-6.63  0.94
-6.62  0.96
-6.61  0.94
-6.6  0.86
-6.59  0.96
-6.58  0.9
-6.57  0.96
-6.56  0.88
-6.55  0.92
-6.54  0.91
-6.53  0.9
-6.52  0.87
-6.51  0.91
-6.5  0.91
-6.49  0.91
-6.48  0.9
-6.47  0.9
-6.46  0.88
-6.45  0.94
-6.44  0.93
-6.43  0.89
-6.42  0.92
-6.41  0.96
-6.4  0.94
-6.39  0.94
-6.38  0.92
-6.37  0.95
-6.36  0.97
-6.35  0.95
-6.34  0.98
-6.33  0.96
-6.32  1.01
-6.31  0.95
-6.3  1.01
-6.29  1.01
-6.28  1.07
-6.27  1.02
-6.26  1.02
-6.25  1.06
-6.24  1.04
-6.23  1.08
-6.22  1.06
-6.21  1.11
-6.2  1.1
-6.19  1.14
-6.18  1.11
-6.17  1.13
-6.16  1.17
-6.15  1.18
-6.14  1.16
-6.13  1.14
-6.12  1.18
-6.11  1.16
-6.1  1.16
-6.09  1.16
-6.08  1.19
-6.07  1.23
-6.06  1.23
-6.05  1.18
-6.04  1.19
-6.03  1.24
-6.02  1.21
-6.01  1.22
-6  1.17
-5.99  1.22
-5.98  1.17
-5.97  1.26
-5.96  1.16
-5.95  1.18
-5.94  1.17
-5.93  1.16
-5.92  1.14
-5.91  1.18
-5.9  1.15
-5.89  1.11
-5.88  1.16
-5.87  1.11
-5.86  1.13
-5.85  1.07
-5.84  1.12
-5.83  1.05
-5.82  1.09
-5.81  1.08
-5.8  1.05
-5.79  1.02
-5.78  1.06
-5.77  1.04
-5.76  0.97
-5.75  1.08
-5.74  0.99
-5.73  1.02
-5.72  1.03
-5.71  0.99
-5.7  0.98
-5.69  0.95
-5.68  0.95
-5.67  0.98
-5.66  0.96
-5.65  0.95
-5.64  0.95
-5.63  0.93
-5.62  0.97
-5.61  0.89
-5.6  0.97
-5.59  0.98
-5.58  0.93
-5.57  0.96
-5.56  0.91
-5.55  0.9
-5.54  0.97
-5.53  0.93
-5.52  0.99
-5.51  0.92
-5.5  0.9
-5.49  0.97
-5.48  0.97
-5.47  0.94
-5.46  0.97
-5.45  0.98
-5.44  0.99
-5.43  0.97
-5.42  0.93
-5.41  1
-5.4  0.97
-5.39  1.02
-5.38  0.99
-5.37  0.99
-5.36  1.01
-5.35  1.05
-5.34  1.02
-5.33  1.02
-5.32  1.02
-5.31  1.05
-5.3  1.05
-5.29  1.12
-5.28  1.08
-5.27  1.09
-5.26  1.07
-5.25  1.09
-5.24  1.14
-5.23  1.09
-5.22  1.1
-5.21  1.14
-5.2  1.12
-5.19  1.1
-5.18  1.18
-5.17  1.11
-5.16  1.16
-5.15  1.16
-5.14  1.12
-5.13  1.22
-5.12  1.14
-5.11  1.13
-5.1  1.18
-5.09  1.16
-5.08  1.13
-5.07  1.21
-5.06  1.18
-5.05  1.15
-5.04  1.15
-5.03  1.19
-5.02  1.16
-5.01  1.17
-5  1.17
-4.99  1.16
-4.98  1.08
-4.97  1.11
-4.96  1.12
-4.95  1.12
-4.94  1.16
-4.93  1.07
-4.92  1.16
-4.91  1.04
-4.9  1.08
-4.89  1.09
-4.88  1.09
-4.87  1.05
-4.86  1.07
-4.85  1.07
-4.84  1.06
-4.83  1
-4.82  1.08
-4.81  1.02
-4.8  1.06
-4.79  1.01
-4.78  1
-4.77  0.99
-4.76  1.02
-4.75  0.99
-4.74  0.99
-4.73  0.96
-4.72  1.06
-4.71  0.95
-4.7  0.99
-4.69  0.98
-4.68  0.95
-4.67  0.98
-4.66  0.95
-4.65  0.99
-4.64  0.94
-4.63  0.97
-4.62  0.95
-4.61  0.98
-4.6  0.95
-4.59  0.98
-4.58  0.99
-4.57  0.98
-4.56  0.94
-4.55  0.94
-4.54  1.02
-4.53  1.01
-4.52  1
-4.51  0.97
-4.5  0.98
-4.49  0.99
-4.48  1
-4.47  0.93
-4.46  1.04
-4.45  1.01
-4.44  0.99
-4.43  0.99
-4.42  1.02
-4.41  1.08
-4.4  1.01
-4.39  1.05
-4.38  1.06
-4.37  1.05
-4.36  1.03
-4.35  1.05
-4.34  1.09
-4.33  1.07
-4.32  1.05
-4.31  1.1
-4.3  1.08
-4.29  1.12
-4.28  1.13
-4.27  1.05
-4.26  1.12
-4.25  1.17
-4.24  1.05
-4.23  1.13
-4.22  1.08
-4.21  1.17
-4.2  1.06
-4.19  1.18
-4.18  1.14
-4.17  1.12
-4.16  1.16
-4.15  1.13
-4.14  1.13
-4.13  1.15
-4.12  1.14
-4.11  1.16
-4.1  1.09
-4.09  1.14
-4.08  1.14
-4.07  1.11
-4.06  1.14
-4.05  1.17
-4.04  1.11
-4.03  1.11
-4.02  1.08
-4.01  1.09
-4  1.14
-3.99  1.07
-3.98  1.17
-3.97  1
-3.96  1.1
-3.95  1.1
-3.94  1.05
-3.93  1.09
-3.92  1.13
-3.91  0.95
-3.9  1.05
-3.89  1.09
-3.88  1.06
-3.87  0.98
-3.86  1.03
-3.85  1.1
-3.84  0.98
-3.83  1.05
-3.82  1.05
-3.81  0.97
-3.8  1.06
-3.79  1.02
-3.78  0.96
-3.77  1.01
-3.76  0.98
-3.75  1.05
-3.74  0.92
-3.73  1
-3.72  1.01
-3.71  1.03
-3.7  0.97
-3.69  0.98
-3.68  0.98
-3.67  0.96
-3.66  0.98
-3.65  1.04
-3.64  0.97
-3.63  0.96
-3.62  1.01
-3.61  0.95
-3.6  1.02
-3.59  0.99
-3.58  0.97
-3.57  0.99
-3.56  1.07
-3.55  1.01
-3.54  1.01
-3.53  1
-3.52  1.02
-3.51  1.02
-3.5  1.03
-3.49  1.04
-3.48  0.99
-3.47  1.02
-3.46  1.03
-3.45  1.01
-3.44  1.06
-3.43  1.09
-3.42  1.02
-3.41  1.05
-3.4  1.06
-3.39  1.05
-3.38  1.06
-3.37  1.12
-3.36  1.09
-3.35  1.06
-3.34  1.11
-3.33  1.06
-3.32  1.09
-3.31  1.08
-3.3  1.16
-3.29  1.14
-3.28  1.07
-3.27  1.1
-3.26  1.14
-3.25  1.07
-3.24  1.11
-3.23  1.13
-3.22  1.03
-3.21  1.15
-3.2  1.1
-3.19  1.13
-3.18  1.13
-3.17  1.12
-3.16  1.14
-3.15  1.05
-3.14  1.11
-3.13  1.15
-3.12  1.13
-3.11  1.1
-3.1  1.08
-3.09  1.1
-3.08  1.11
-3.07  1.08
-3.06  1.16
-3.05  1.03
-3.04  1.12
-3.03  1.1
-3.02  1.06
-3.01  1.07
-3  1.06
-2.99  1.06
-2.98  1.08
-2.97  1.04
-2.96  1.08
-2.95  1.06
-2.94  1.06
-2.93  0.99
-2.92  1.05
-2.91  1.04
-2.9  1.09
-2.89  1.03
-2.88  1.04
-2.87  1.01
-2.86  1.01
-2.85  1
-2.84  1.02
-2.83  1.03
-2.82  1.02
-2.81  1
-2.8  1.03
-2.79  1.02
-2.78  1.04
-2.77  0.97
-2.76  0.98
-2.75  0.99
-2.74  1.04
-2.73  0.99
-2.72  1.02
-2.71  1
-2.7  0.97
-2.69  1.05
-2.68  1.04
-2.67  0.95
-2.66  1
-2.65  0.98
-2.64  0.98
-2.63  1.06
-2.62  1.02
-2.61  0.97
-2.6  1.05
-2.59  1.02
-2.58  1.04
-2.57  1.06
-2.56  1
-2.55  1.03
-2.54  1.04
-2.53  1.02
-2.52  1.05
-2.51  1.05
-2.5  1
-2.49  1.02
-2.48  1.14
-2.47  1
-2.46  1.06
-2.45  1.02
-2.44  1.08
-2.43  1.1
-2.42  1.07
-2.41  1.09
-2.4  1.06
-2.39  1.06
-2.38  1.1
-2.37  1.08
-2.36  1.09
-2.35  1.05
-2.34  1.08
-2.33  1.11
-2.32  1.18
-2.31  1.07
-2.3  1.07
-2.29  1.14
-2.28  1.09
-2.27  1.04
-2.26  1.17
-2.25  1.1
-2.24  1.12
-2.23  1.04
-2.22  1.12
-2.21  1.06
-2.2  1.12
-2.19  1.14
-2.18  1.09
-2.17  1.03
-2.16  1.13
-2.15  1.05
-2.14  1.13
-2.13  1.08
-2.12  1.02
-2.11  1.12
-2.1  1.09
-2.09  1.08
-2.08  1.12
-2.07  1.06
-2.06  1.06
-2.05  1.1
-2.04  1.08
-2.03  1.06
-2.02  1.05
-2.01  1.02
-2  1.07
-1.99  1.04
-1.98  1.02
-1.97  1.05
-1.96  1.03
-1.95  1.07
-1.94  1.07
-1.93  0.99
-1.92  1.04
-1.91  1.05
-1.9  0.98
-1.89  1.02
-1.88  1.01
-1.87  1.03
-1.86  1.07
-1.85  1.05
-1.84  1.01
-1.83  0.99
-1.82  1.03
-1.81  1.04
-1.8  0.98
-1.79  1.03
-1.78  1
-1.77  1.03
-1.76  1
-1.75  1.07
-1.74  1.03
-1.73  0.96
-1.72  1.01
-1.71  1.03
-1.7  1.03
-1.69  1.05
-1.68  0.96
-1.67  1.07
-1.66  1.02
-1.65  1.03
-1.64  1.02
-1.63  1.07
-1.62  1.01
-1.61  1.04
-1.6  1
-1.59  1.02
-1.58  1.05
-1.57  1.05
-1.56  1.02
-1.55  1.08
-1.54  1.01
-1.53  1.09
-1.52  1.04
-1.51  1.09
-1.5  1.09
-1.49  1.02
-1.48  1.08
-1.47  1.1
-1.46  1.03
-1.45  1.12
-1.44  1.03
-1.43  1.07
-1.42  1.08
-1.41  1.11
-1.4  1.08
-1.39  1.03
-1.38  1.08
-1.37  1.12
-1.36  1.06
-1.35  1.13
-1.34  1.04
-1.33  1.13
-1.32  1.04
-1.31  1.09
-1.3  1.08
-1.29  1.08
-1.28  1.12
-1.27  1.1
-1.26  1.1
-1.25  1.08
-1.24  1.11
-1.23  1.1
-1.22  1.08
-1.21  1.1
-1.2  1
-1.19  1.07
-1.18  1.08
-1.17  1.1
-1.16  1.09
-1.15  1.03
-1.14  1.12
-1.13  1.07
-1.12  1.06
-1.11  1.08
-1.1  1.03
-1.09  0.97
-1.08  1.16
-1.07  1.05
-1.06  1.07
-1.05  1.04
-1.04  1.03
-1.03  1.1
-1.02  1.01
-1.01  1.07
-1  1.03
-0.99  1.02
-0.98  1.11
-0.97  1.01
-0.96  1.05
-0.95  1.01
-0.94  1.04
-0.93  1
-0.92  1.06
-0.91  1.02
-0.9  1.02
-0.89  1
-0.88  1.05
-0.87  1.02
-0.86  1.02
-0.85  1.03
-0.84  1.01
-0.83  1.06
-0.82  0.99
-0.81  1.04
-0.8  1.04
-0.79  1.03
-0.78  1
-0.77  1.05
-0.76  1.04
-0.75  1
-0.74  1.08
-0.73  1
-0.72  1.04
-0.71  1.05
-0.7  1.03
-0.69  1.03
-0.68  0.99
-0.67  1.08
-0.66  1.02
-0.65  1.05
-0.64  1.06
-0.63  1.03
-0.62  1.03
-0.61  1.05
-0.6  1.06
-0.59  1.06
-0.58  1.1
-0.57  1
-0.56  1.05
-0.55  1.03
-0.54  1.1
-0.53  1.08
-0.52  1.02
-0.51  1.09
-0.5  1.09
-0.49  1.06
-0.48  1.05
-0.47  1.08
-0.46  1.07
-0.45  1.11
-0.44  1.06
-0.43  1.06
-0.42  1.1
-0.41  1.07
-0.4  1.05
-0.39  1.12
-0.38  1.07
-0.37  1.05
-0.36  1.08
-0.35  1.05
-0.34  1.16
-0.33  1.03
-0.32  1.09
-0.31  1.09
-0.3  1.07
-0.29  1.1
-0.28  1.1
-0.27  1.04
-0.26  1.05
-0.25  1.09
-0.24  1.04
-0.23  1.06
-0.22  1.03
-0.21  1.12
-0.2  1.08
-0.19  1.09
-0.18  1.13
-0.17  1.1
-0.16  1.01
-0.15  1.1
-0.14  1.01
-0.13  1.04
-0.12  1.07
-0.11  1.03
-0.1  1.07
-0.09  1.02
-0.08  1.08
-0.07  0.98
-0.06  1.02
-0.05  1.1
-0.04  1.07
-0.03  0.99
-0.02  1.08
-0.01  1.02
-2.16197e-11  1.04
0.0001  0.01
0.0101  1.1
0.0201  0.98
0.0301  1.06
0.0401  1.04
0.0501  1.01
0.0601  1.07
0.0701  1.11
0.0801  1.03
0.0901  1.23
0.1001  0.97
0.1101  1.02
0.1201  1.09
0.1301  1
0.1401  1.07
0.1501  1.18
0.1601  1.13
0.1701  1.18
0.1801  1.05
0.1901  1.19
0.2001  1.47
0.2101  1.22
0.2201  1.02
0.2301  1.26
0.2401  1.19
0.2501  1.23
0.2601  1.44
0.2701  1.37
0.2801  1.09
0.2901  1.3
0.3001  1.33
0.3101  1.41
0.3201  1.1
0.3301  1.17
0.3401  1.09
0.3501  1.47
0.3601  1.17
0.3701  1.35
0.3801  1.18
0.3901  1.13
0.4001  1.16
0.4101  1.21
0.4201  1.23
0.4301  1.22
0.4401  1.19
0.4501  1.4
0.4601  1.09
0.4701  1.31
0.4801  1.23
0.4901  1.36
0.5001  1.18
0.5101  1.33
0.5201  1.35
0.5301  1.22
0.5401  1.28
0.5501  1.06
0.5601  1.16
0.5701  1.27
0.5801  1.32
0.5901  1.06
0.6001  1.28
0.6101  1.37
0.6201  1.28
0.6301  1.25
0.6401  1.15
0.6501  1
0.6601  1.38
0.6701  1.3
0.6801  1.26
0.6901  1.36
0.7001  1.23
0.7101  1.3
0.7201  1.25
0.7301  1.34
0.7401  1.23
0.7501  1.16
0.7601  1.33
0.7701  1.32
0.7801  1.32
0.7901  1.3
0.8001  1.36
0.8101  1.23
0.8201  1.17
0.8301  1.38
0.8401  1.29
0.8501  1.21
0.8601  1.24
0.8701  1.29
0.8801  1.26
0.8901  1.36
0.9001  1.31
0.9101  1.26
0.9201  1.4
0.9301  1.39
0.9401  1.32
0.9501  1.23
0.9601  1.1
0.9701  1.58
0.9801  1.4
0.9901  1.29
1.0001  1.3
1.0101  1.41
1.0201  1.17
1.0301  1.39
1.0401  1.41
1.0501  1.19
1.0601  1.26
1.0701  1.25
1.0801  1.29
1.0901  1.49
1.1001  1.37
1.1101  1.1
1.1201  1.45
1.1301  1.31
1.1401  1.51
1.1501  1.31
1.1601  1.41
1.1701  1.21
1.1801  1.21
1.1901  1.41
1.2001  1.27
1.2101  1.07
1.2201  1.45
1.2301  1.27
1.2401  1.37
1.2501  1.43
1.2601  1.26
1.2701  1.14
1.2801  1.37
1.2901  1.53
1.3001  1.21
1.3101  1.25
1.3201  1.32
1.3301  1.44
1.3401  1.38
1.3501  1.28
1.3601  1.22
1.3701  1.38
1.3801  1.42
1.3901  1.29
1.4001  1.39
1.4101  1.3
1.4201  1.4
1.4301  1.4
1.4401  1.31
1.4501  0.99
1.4601  1.25
1.4701  1.13
1.4801  1.32
1.4901  1.31
1.5001  1.13
1.5101  1.13
1.5201  1.5
1.5301  1.22
1.5401  1.22
1.5501  1.29
1.5601  1.4
1.5701  1.29
1.5801  1.44
1.5901  1.25
1.6001  1.3
1.6101  1.11
1.6201  1.22
1.6301  1.12
1.6401  1.09
1.6501  1.3
1.6601  1.32
1.6701  1.15
1.6801  1.2
1.6901  1.26
1.7001  1.41
1.7101  1.2
1.7201  1.22
1.7301  1.37
1.7401  1.33
1.7501  1.37
1.7601  1.28
1.7701  1.23
1.7801  1.23
1.7901  1.36
1.8001  1.38
1.8101  1.15
1.8201  1.29
1.8301  1.11
1.8401  1.34
1.8501  1.33
1.8601  1.35
1.8701  1.38
1.8801  1.38
1.8901  1.28
1.9001  1.23
1.9101  1.28
1.9201  1.45
1.9301  1.23
1.9401  1.53
1.9501  1.37
1.9601  1.21
1.9701  1.2
1.9801  1.13
1.9901  1.24
2.0001  1.34
2.0101  1.1
2.0201  1.09
2.0301  1.38
2.0401  1.33
2.0501  1.3
2.0601  1.31
2.0701  1.24
2.0801  1.36
2.0901  1.4
2.1001  1.17
2.1101  1.34
2.1201  1.34
2.1301  1.58
2.1401  1.4
2.1501  1.33
2.1601  1.44
2.1701  1.39
2.1801  1.31
2.1901  1.35
2.2001  1.28
2.2101  1.17
2.2201  1.41
2.2301  1.39
2.2401  1.35
2.2501  1.51
2.2601  1.3
2.2701  1.26
2.2801  1.29
2.2901  1.42
2.3001  1.29
2.3101  1.61
2.3201  1.23
2.3301  1.25
2.3401  1.33
2.3501  1.4
2.3601  1.25
2.3701  1.34
2.3801  1.42
2.3901  1.6
2.4001  1.35
2.4101  1.3
2.4201  1.38
2.4301  1.14
2.4401  1.51
2.4501  1.46
2.4601  1.28
2.4701  1.25
2.4801  1.28
2.4901  1.35
2.5001  1.58
2.5101  1.29
2.5201  1.29
2.5301  1.31
2.5401  1.45
2.5501  1.25
2.5601  1.41
2.5701  1.24
2.5801  1.45
2.5901  1.46
2.6001  1.41
2.6101  1.36
2.6201  1.53
2.6301  1.23
2.6401  1.21
2.6501  1.21
2.6601  1.48
2.6701  1.29
2.6801  1.21
2.6901  1.3
2.7001  1.29
2.7101  1.21
2.7201  1.31
2.7301  1.35
2.7401  1.23
2.7501  1.34
2.7601  1.35
2.7701  1.2
2.7801  1.14
2.7901  1.14
2.8001  1.29
2.8101  1.43
2.8201  1.29
2.8301  1.21
2.8401  1.27
2.8501  1.52
2.8601  1.45
2.8701  1.23
2.8801  1.27
2.8901  1.34
2.9001  1.28
2.9101  1.18
2.9201  1.25
2.9301  1.18
2.9401  1.15
2.9501  1.21
2.9601  1.42
2.9701  1.36
2.9801  1.28
2.9901  1.56
3.0001  1.32
3.0101  1.28
3.0201  1.03
3.0301  1.04
3.0401  1.26
3.0501  1.38
3.0601  1.2
3.0701  1.18
3.0801  1.35
3.0901  1.39
3.1001  1.32
3.1101  1.26
3.1201  1.33
3.1301  1.39
3.1401  1.32
3.1501  1.25
3.1601  1.28
3.1701  1.24
3.1801  1.27
3.1901  1.27
3.2001  1.5
3.2101  1.29
3.2201  1.34
3.2301  1.46
3.2401  1.32
3.2501  1.3
3.2601  1.3
3.2701  1.3
3.2801  1.29
3.2901  1.33
3.3001  1.24
3.3101  1
3.3201  1.3
3.3301  1.27
3.3401  1.45
3.3501  1.23
3.3601  1.49
3.3701  1.27
3.3801  1.21
3.3901  1.33
3.4001  1.37
3.4101  1.32
3.4201  1.4
3.4301  1.27
3.4401  1.46
3.4501  1.4
3.4601  1.26
3.4701  1.09
3.4801  1.42
3.4901  1.19
3.5001  1.38
3.5101  1.25
3.5201  1.3
3.5301  1.46
3.5401  1.49
3.5501  1.31
3.5601  1.39
3.5701  1.33
3.5801  1.48
3.5901  1.48
3.6001  1.41
3.6101  1.16
3.6201  1.28
3.6301  1.25
3.6401  1.5
3.6501  1.46
3.6601  1.3
3.6701  1.33
3.6801  1.33
3.6901  1.45
3.7001  1.21
3.7101  1.23
3.7201  1.41
3.7301  1.21
3.7401  1.31
3.7501  1.39
3.7601  1.55
3.7701  1.17
3.7801  1.39
3.7901  1.29
3.8001  1.4
3.8101  1.5
3.8201  1.49
3.8301  1.33
3.8401  1.31
3.8501  1.2
3.8601  1.29
3.8701  1.04
3.8801  1.26
3.8901  1.41
3.9001  1.23
3.9101  1.23
3.9201  1.31
3.9301  1.34
3.9401  1.38
3.9501  1.19
3.9601  1.44
3.9701  1.39
3.9801  1.4
3.9901  1.33
4.0001  1.23
4.0101  1.35
4.0201  1.46
4.0301  1.25
4.0401  1.39
4.0501  1.28
4.0601  1.23
4.0701  1.27
4.0801  1.25
4.0901  1.26
4.1001  1.31
4.1101  1.29
4.1201  1.25
4.1301  1.36
4.1401  1.27
4.1501  1.29
4.1601  1.18
4.1701  1.42
4.1801  1.27
4.1901  1.1
4.2001  1.25
4.2101  1.37
4.2201  1.38
4.2301  1.23
4.2401  1.36
4.2501  1.38
4.2601  1.28
4.2701  1.26
4.2801  1.28
4.2901  1.2
4.3001  1.21
4.3101  1.16
4.3201  1.34
4.3301  1.37
4.3401  1.24
4.3501  1.35
4.3601  1.23
4.3701  1.2
4.3801  1.26
4.3901  1.27
4.4001  1.28
4.4101  1.32
4.4201  1.29
4.4301  1.32
4.4401  1.52
4.4501  1.48
4.4601  1.24
4.4701  1.1
4.4801  1.29
4.4901  1.46
4.5001  1.31
4.5101  1.34
4.5201  1.22
4.5301  1.17
4.5401  1.44
4.5501  1.09
4.5601  1.36
4.5701  1.15
4.5801  1.19
4.5901  1.33
4.6001  1.32
4.6101  1.53
4.6201  1.21
4.6301  1.43
4.6401  1.27
4.6501  1.32
4.6601  1.37
4.6701  1.44
4.6801  1.46
4.6901  1.45
4.7001  1.44
4.7101  1.25
4.7201  1.32
4.7301  1.39
4.7401  1.22
4.7501  1.09
4.7601  1.48
4.7701  1.49
4.7801  1.21
4.7901  1.18
4.8001  1.41
4.8101  1.46
4.8201  1.25
4.8301  1.53
4.8401  1.2
4.8501  1.27
4.8601  1.38
4.8701  1.13
4.8801  1.21
4.8901  1.51
4.9001  1.27
4.9101  1.22
4.9201  1.49
4.9301  1.47
4.9401  1.26
4.9501  1.14
4.9601  1.41
4.9701  1.35
4.9801  1.37
4.9901  1.36
5.0001  1.32
5.0101  1.36
5.0201  1.35
5.0301  1.4
5.0401  1.3
5.0501  1.22
5.0601  1.33
5.0701  1.41
5.0801  1.49
5.0901  1.25
5.1001  1.4
5.1101  1.42
5.1201  1.47
5.1301  1.23
5.1401  1.47
5.1501  1.26
5.1601  1.25
5.1701  1.22
5.1801  1.12
5.1901  1.41
5.2001  1.35
5.2101  1.43
5.2201  1.32
5.2301  1.47
5.2401  1.35
5.2501  1.35
5.2601  1.3
5.2701  1.26
5.2801  1.31
5.2901  1.28
5.3001  1.46
5.3101  1.37
5.3201  1.05
5.3301  1.45
5.3401  1.22
5.3501  1.45
5.3601  1.12
5.3701  1.42
5.3801  1.33
5.3901  1.13
5.4001  1.19
5.4101  1.26
5.4201  1.34
5.4301  1.41
5.4401  1.55
5.4501  1.25
5.4601  1.26
5.4701  1.25
5.4801  1.22
5.4901  1.23
5.5001  1.45
5.5101  1.31
5.5201  1.35
5.5301  1.45
5.5401  1.19
5.5501  1.28
5.5601  1.26
5.5701  1.33
5.5801  1.37
5.5901  1.5
5.6001  1.21
5.6101  1.29
5.6201  1.49
5.6301  1.24
5.6401  1.25
5.6501  1.31
5.6601  1.37
5.6701  1.32
5.6801  1.4
5.6901  1.33
5.7001  1.46
5.7101  1.56
5.7201  1.23
5.7301  1.33
5.7401  1.24
5.7501  1.17
5.7601  1.28
5.7701  1.14
5.7801  1.36
5.7901  1.43
5.8001  1.33
5.8101  1.29
5.8201  1.46
5.8301  1.25
5.8401  1.48
5.8501  1.55
5.8601  1.4
5.8701  1.52
5.8801  1.36
5.8901  1.26
5.9001  1.36
5.9101  1.3
5.9201  1.16
5.9301  1.18
5.9401  1.28
5.9501  1.38
5.9601  1.36
5.9701  1.3
5.9801  1.46
5.9901  1.34
6.0001  1.25
6.0101  1.31
6.0201  1.04
6.0301  1.4
6.0401  1.3
6.0501  1.4
6.0601  1.4
6.0701  1.26
6.0801  1.13
6.0901  1.32
6.1001  1.27
6.1101  1.42
6.1201  1.2
6.1301  1.38
6.1401  1.33
6.1501  1.32
6.1601  1.18
6.1701  1.28
6.1801  1.41
6.1901  1.17
6.2001  1.38
6.2101  1.41
6.2201  1.31
6.2301  1.18
6.2401  1.19
6.2501  1.51
6.2601  1.36
6.2701  1.24
6.2801  1.28
6.2901  1.36
6.3001  1.2
6.3101  1.27
6.3201  1.25
6.3301  1.49
6.3401  1.36
6.3501  1.38
6.3601  1.32
6.3701  1.26
6.3801  1.29
6.3901  1.39
6.4001  1.37
6.4101  1.44
6.4201  1.17
6.4301  1.21
6.4401  1.31
6.4501  1.26
6.4601  1.39
6.4701  1.29
6.4801  1.34
6.4901  1.28
6.5001  1.32
6.5101  1.41
6.5201  1.5
6.5301  1.3
6.5401  1.49
6.5501  1.28
6.5601  1.24
6.5701  1.24
6.5801  1.38
6.5901  1.36
6.6001  1.38
6.6101  1.34
6.6201  1.34
6.6301  1.37
6.6401  1.28
6.6501  1.17
6.6601  1.39
6.6701  1.32
6.6801  1.59
6.6901  1.43
6.7001  1.2
6.7101  1.24
6.7201  1.42
6.7301  1.26
6.7401  1.31
6.7501  1.42
6.7601  1.3
6.7701  1.49
6.7801  1.32
6.7901  1.27
6.8001  1.27
6.8101  1.44
6.8201  1.38
6.8301  1.15
6.8401  1.45
6.8501  1.5
6.8601  1.12
6.8701  1.31
6.8801  1.45
6.8901  1.38
6.9001  1.3
6.9101  1.37
6.9201  1.49
6.9301  1.32
6.9401  1.19
6.9501  1.35
6.9601  1.36
6.9701  1.44
6.9801  1.11
6.9901  1.56
7.0001  1.2
7.0101  1.42
7.0201  1.44
7.0301  1.4
7.0401  1.26
7.0501  1.43
7.0601  1.26
7.0701  1.35
7.0801  1.31
7.0901  1.31
7.1001  1.21
7.1101  1.18
7.1201  1.69
7.1301  1.35
7.1401  1.31
7.1501  1.35
7.1601  1.52
7.1701  1.37
7.1801  1.26
7.1901  1.4
7.2001  1.23
7.2101  1.27
7.2201  1.21
7.2301  1.27
7.2401  1.4
7.2501  1.28
7.2601  1.23
7.2701  1.29
7.2801  1.37
7.2901  1.29
7.3001  1.3
7.3101  1.34
7.3201  1.13
7.3301  1.32
7.3401  1.32
7.3501  1.4
7.3601  1.36
7.3701  1.22
7.3801  1.38
7.3901  1.44
7.4001  1.28
7.4101  1.42
7.4201  1.31
7.4301  1.41
7.4401  1.45
7.4501  1.17
7.4601  1.31
7.4701  1.3
7.4801  1.23
7.4901  1.16
7.5001  1.12
7.5101  1.46
7.5201  1.16
7.5301  1.28
7.5401  1.33
7.5501  1.4
7.5601  0.98
7.5701  1.31
7.5801  1.18
7.5901  1.41
7.6001  1.17
7.6101  1.2
7.6201  1.34
7.6301  1.18
7.6401  1.27
7.6501  1.49
7.6601  1.25
7.6701  1.23
7.6801  1.47
7.6901  1.43
7.7001  1.35
7.7101  1.34
7.7201  1.26
7.7301  1.38
7.7401  1.21
7.7501  1.26
7.7601  1.44
7.7701  1.34
7.7801  1.39
7.7901  1.15
7.8001  1.37
7.8101  1.47
7.8201  1.3
7.8301  1.43
7.8401  1.43
7.8501  1.26
7.8601  1.23
7.8701  1.3
7.8801  1.37
7.8901  1.23
7.9001  1.49
7.9101  1.11
7.9201  1.28
7.9301  1.26
7.9401  1.41
7.9501  1.35
7.9601  1.52
7.9701  1.44
7.9801  1.39
7.9901  1.23
8.0001  1.34
8.0101  1.45
8.0201  1.19
8.0301  1.22
8.0401  1.45
8.0501  1.39
8.0601  1.34
8.0701  1.33
8.0801  1.28
8.0901  1.49
8.1001  1.38
8.1101  1.26
8.1201  1.37
8.1301  1.36
8.1401  1.22
8.1501  1.25
8.1601  1.28
8.1701  1.54
8.1801  1.36
8.1901  1.3
8.2001  1.48
8.2101  1.24
8.2201  1.3
8.2301  1.42
8.2401  1.47
8.2501  1.26
8.2601  1.32
8.2701  1.45
8.2801  1.36
8.2901  1.6
8.3001  1.12
8.3101  1.29
8.3201  1.34
8.3301  1.38
8.3401  1.28
8.3501  1.34
8.3601  1.24
8.3701  1.42
8.3801  1.52
8.3901  1.23
8.4001  1.37
8.4101  1.19
8.4201  1.36
8.4301  1.4
8.4401  1.08
8.4501  1.42
8.4601  1.26
8.4701  1.4
8.4801  1.25
8.4901  1.52
8.5001  1.24
8.5101  1.24
8.5201  1.28
8.5301  1.38
8.5401  1.38
8.5501  1.29
8.5601  1.33
8.5701  1.4
8.5801  1.33
8.5901  1.2
8.6001  1.39
8.6101  1.28
8.6201  1.4
8.6301  1.34
8.6401  1.52
8.6501  1.38
8.6601  1.05
8.6701  1.32
8.6801  1.21
8.6901  1.31
8.7001  1.46
8.7101  1.29
8.7201  1.41
8.7301  1.35
8.7401  1.33
8.7501  1.15
8.7601  1.31
8.7701  1.2
8.7801  1.3
8.7901  1.27
8.8001  1.14
8.8101  1.23
8.8201  1.24
8.8301  1.42
8.8401  1.56
8.8501  1.16
8.8601  1.4
8.8701  1.19
8.8801  1.41
8.8901  1.31
8.9001  1.18
8.9101  1.32
8.9201  1.34
8.9301  1.31
8.9401  1.33
8.9501  1.33
8.9601  1.37
8.9701  1.39
8.9801  1.25
8.9901  1.39
9.0001  1.38
9.0101  1.21
9.0201  1.3
9.0301  1.14
9.0401  1.13
9.0501  1.38
9.0601  1.37
9.0701  1.42
9.0801  1.17
9.0901  1.21
9.1001  1.32
9.1101  1.12
9.1201  1.33
9.1301  1.22
9.1401  1.29
9.1501  1.41
9.1601  1.5
9.1701  1.43
9.1801  1.31
9.1901  1.26
9.2001  1.31
9.2101  1.54
9.2201  1.37
9.2301  1.38
9.2401  1.1
9.2501  1.09
9.2601  1.55
9.2701  1.35
9.2801  1.56
9.2901  1.3
9.3001  1.34
9.3101  1.33
9.3201  1.45
9.3301  1.34
9.3401  1.32
9.3501  1.37
9.3601  1.39
9.3701  1.34
9.3801  1.28
9.3901  1.38
9.4001  1.3
9.4101  1.28
9.4201  1.27
9.4301  1.44
9.4401  1.36
9.4501  1.3
9.4601  1.43
9.4701  1.12
9.4801  1.44
9.4901  1.42
9.5001  1.24
9.5101  1.43
9.5201  1.34
9.5301  1.37
9.5401  1.26
9.5501  1.36
9.5601  1.39
9.5701  1.33
9.5801  1.38
9.5901  1.49
9.6001  1.27
9.6101  1.39
9.6201  1.25
9.6301  1.35
9.6401  1.35
9.6501  1.34
9.6601  1.28
9.6701  1.22
9.6801  1.42
9.6901  1.26
9.7001  1.43
9.7101  1.33
9.7201  1.34
9.7301  1.3
9.7401  1.19
9.7501  1.41
9.7601  1.39
9.7701  1.23
9.7801  1.43
9.7901  1.23
9.8001  1.32
9.8101  1.3
9.8201  1.41
9.8301  1.25
9.8401  1.25
9.8501  1.24
9.8601  1.43
9.8701  1.29
9.8801  1.54
9.8901  1.36
9.9001  1.31
9.9101  1.43
9.9201  1.22
9.9301  1.51
9.9401  1.21
9.9501  1.23
9.9601  1.15
9.9701  1.24
9.9801  1.34
9.9901  1.35
10.0001  1.4
10.0101  1.41
10.0201  1.5
10.0301  1.22
10.0401  1.25
10.0501  1.5
10.0601  1.22
10.0701  1.21
10.0801  1.16
10.0901  1.35
10.1001  1.32
10.1101  1.38
10.1201  1.31
10.1301  1.24
10.1401  1.37
10.1501  1.3
10.1601  1.18
10.1701  1.36
10.1801  1.3
10.1901  1.35
10.2001  1.39
10.2101  1.32
10.2201  1.42
10.2301  1.37
10.2401  1.22
10.2501  1.37
10.2601  1.43
10.2701  1.07
10.2801  1.28
10.2901  1.35
10.3001  1.28
10.3101  1.13
10.3201  1.34
10.3301  1.21
10.3401  1.24
10.3501  1.44
10.3601  1.41
10.3701  1.14
10.3801  1.31
10.3901  1.37
10.4001  1.25
10.4101  1.25
10.4201  1.3
10.4301  1.2
10.4401  1.54
10.4501  1.51
10.4601  1.2
10.4701  1.3
10.4801  1.53
10.4901  1.32
10.5001  1.16
10.5101  1.24
10.5201  1.18
10.5301  1.32
10.5401  1.38
10.5501  1.31
10.5601  1.49
10.5701  1.4
10.5801  1.25
10.5901  1.41
10.6001  1.48
10.6101  1.43
10.6201  1.3
10.6301  1.24
10.6401  1.43
10.6501  1.36
10.6601  1.25
10.6701  1.15
10.6801  1.52
10.6901  1.24
10.7001  1.29
10.7101  1.38
10.7201  1.37
10.7301  1.33
10.7401  1.27
10.7501  1.34
10.7601  1.31
10.7701  1.51
10.7801  1.33
10.7901  1.42
10.8001  1.46
10.8101  1.24
10.8201  1.21
10.8301  1.26
10.8401  1.43
10.8501  1.15
10.8601  1.46
10.8701  1.43
10.8801  1.3
10.8901  1.5
10.9001  1.29
10.9101  1.3
10.9201  1.27
10.9301  1.26
10.9401  1.45
10.9501  1.35
10.9601  1.61
10.9701  1.47
10.9801  1.35
10.9901  1.26
11.0001  1.26
11.0101  1.2
11.0201  1.42
11.0301  1.39
11.0401  1.54
11.0501  1.32
11.0601  1.2
11.0701  1.28
11.0801  1.15
11.0901  1.36
11.1001  1.39
11.1101  1.13
11.1201  1.36
11.1301  1.25
11.1401  1.44
11.1501  1.27
11.1601  1.31
11.1701  1.52
11.1801  1.22
11.1901  1.32
11.2001  1.37
11.2101  1.39
11.2201  1.51
11.2301  1.32
11.2401  1.25
11.2501  1.4
11.2601  1.34
11.2701  1.19
11.2801  1.27
11.2901  1.3
11.3001  1.18
11.3101  1.44
11.3201  1.37
11.3301  1.36
11.3401  1.16
11.3501  1.21
11.3601  1.47
11.3701  1.16
11.3801  1.37
11.3901  1.27
11.4001  1.32
11.4101  1.26
11.4201  1.19
11.4301  1.46
11.4401  1.22
11.4501  1.33
11.4601  1.5
11.4701  1.23
11.4801  1.23
11.4901  1.45
11.5001  1.18
11.5101  1.24
11.5201  1.33
11.5301  1.45
11.5401  1.24
11.5501  1.29
11.5601  1.23
11.5701  1.27
11.5801  1.33
11.5901  1.52
11.6001  1.37
11.6101  1.29
11.6201  1.18
11.6301  1.21
11.6401  1.41
11.6501  1.25
11.6601  1.25
11.6701  1.36
11.6801  1.46
11.6901  1.11
11.7001  1.4
11.7101  1.17
11.7201  1.5
11.7301  1.54
11.7401  1.45
11.7501  1.32
11.7601  1.4
11.7701  1.32
11.7801  1.35
11.7901  1.28
11.8001  1.2
11.8101  1.38
11.8201  1.25
11.8301  1.14
11.8401  1.44
11.8501  1.2
11.8601  1.29
11.8701  1.47
11.8801  1.48
11.8901  1.32
11.9001  1.42
11.9101  1.15
11.9201  1.29
11.9301  1.32
11.9401  1.28
11.9501  1.29
11.9601  1.35
11.9701  1.43
11.9801  1.34
11.9901  1.22
12.0001  1.39
12.0101  1.24
12.0201  1.3
12.0301  1.44
12.0401  1.45
12.0501  1.35
12.0601  1.26
12.0701  1.36
12.0801  1.45
12.0901  1.24
12.1001  1.27
12.1101  1.46
12.1201  1.57
12.1301  1.22
12.1401  1.34
12.1501  1.05
12.1601  1.36
12.1701  1.45
12.1801  1.37
12.1901  1.19
12.2001  1.36
12.2101  1.36
12.2201  1.09
12.2301  1.24
12.2401  1.3
12.2501  1.35
12.2601  1.24
12.2701  1.31
12.2801  1.24
12.2901  1.41
12.3001  1.2
12.3101  1.33
12.3201  1.25
12.3301  1.24
12.3401  1.26
12.3501  1.33
12.3601  1.3
12.3701  1.27
12.3801  1.38
12.3901  1.33
12.4001  1.39
12.4101  1.46
12.4201  1.15
12.4301  1.63
12.4401  1.14
12.4501  1.4
12.4601  1.36
12.4701  1.17
12.4801  1.24
12.4901  1.55
12.5001  1.46
12.5101  1.16
12.5201  1.43
12.5301  1.45
12.5401  1.36
12.5501  1.25
12.5601  1.28
12.5701  1.21
12.5801  1.29
12.5901  1.56
12.6001  1.44
12.6101  1.41
12.6201  1.25
12.6301  1.28
12.6401  1.5
12.6501  1.26
12.6601  1.38
12.6701  1.18
12.6801  1.27
12.6901  1.16
12.7001  1.6
12.7101  1.22
12.7201  1.29
12.7301  1.29
12.7401  1.41
12.7501  1.48
12.7601  1.28
12.7701  1.2
12.7801  1.35
12.7901  1.21
12.8001  1.16
12.8101  1.35
12.8201  1.18
12.8301  1.34
12.8401  1.36
12.8501  1.48
12.8601  1.22
12.8701  1.45
12.8801  1.21
12.8901  1.33
12.9001  1.38
12.9101  1.41
12.9201  1.23
12.9301  1.29
12.9401  1.33
12.9501  1.25
12.9601  1.32
12.9701  1.39
12.9801  1.37
12.9901  1.43
13.0001  1.32
13.0101  1.41
13.0201  1.38
13.0301  1.38
13.0401  1.31
13.0501  1.22
13.0601  1.27
13.0701  1.22
13.0801  1.35
13.0901  1.33
13.1001  1.48
13.1101  1.15
13.1201  1.47
13.1301  1.42
13.1401  1.47
13.1501  1.39
13.1601  1.17
13.1701  1.21
13.1801  1.16
13.1901  1.38
13.2001  1.17
13.2101  1.12
13.2201  1.35
13.2301  1.53
13.2401  1.31
13.2501  1.2
13.2601  1.41
13.2701  1.48
13.2801  1.32
13.2901  1.39
13.3001  1.39
13.3101  1.25
13.3201  1.37
13.3301  1.47
13.3401  1.3
13.3501  1.19
13.3601  1.36
13.3701  1.31
13.3801  1.42
13.3901  1.27
13.4001  1.53
13.4101  1.48
13.4201  1.53
13.4301  1.17
13.4401  1.37
13.4501  1.4
13.4601  1.35
13.4701  1.3
13.4801  1.45
13.4901  1.49
13.5001  1.38
13.5101  1.19
13.5201  1.24
13.5301  1.45
13.5401  1.13
13.5501  1.36
13.5601  1.41
13.5701  1.33
13.5801  1.08
13.5901  1.4
13.6001  1.34
13.6101  1.14
13.6201  1.51
13.6301  1.21
13.6401  1.56
13.6501  1.25
13.6601  1.29
13.6701  1.4
13.6801  1.32
13.6901  1.16
13.7001  1.37
13.7101  1.37
13.7201  1.07
13.7301  1.32
13.7401  1.48
13.7501  1.43
13.7601  1.11
13.7701  1.21
13.7801  1.49
13.7901  1.19
13.8001  1.37
13.8101  1.37
13.8201  1.62
13.8301  1.19
13.8401  1.28
13.8501  1.31
13.8601  1.29
13.8701  1.19
13.8801  1.35
13.8901  1.35
13.9001  1.13
13.9101  1.4
13.9201  1.42
13.9301  1.36
13.9401  1.17
13.9501  1.4
13.9601  1.18
13.9701  1.38
13.9801  1.33
13.9901  1.38
14.0001  1.22
14.0101  1.34
14.0201  1.42
14.0301  1.29
14.0401  1.45
14.0501  1.33
14.0601  1.27
14.0701  1.18
14.0801  1.28
14.0901  1.42
14.1001  1.08
14.1101  1.32
14.1201  1.37
14.1301  1.22
14.1401  1.36
14.1501  1.33
14.1601  1.33
14.1701  1.33
14.1801  1.26
14.1901  1.48
14.2001  1.43
14.2101  1.4
14.2201  1.36
14.2301  1.4
14.2401  1.39
14.2501  1.39
14.2601  1.23
14.2701  1.14
14.2801  1.33
14.2901  1.32
14.3001  1.4
14.3101  1.32
14.3201  1.45
14.3301  1.37
14.3401  1.21
14.3501  1.6
14.3601  1.6
14.3701  1.28
14.3801  1.41
14.3901  1.24
14.4001  1.17
14.4101  1.28
14.4201  1.32
14.4301  1.38
14.4401  1.32
14.4501  1.47
14.4601  1.23
14.4701  1.32
14.4801  1.21
14.4901  1.31
14.5001  1.39
14.5101  1.34
14.5201  1.46
14.5301  1.55
14.5401  1.17
14.5501  1.34
14.5601  1.36
14.5701  1.3
14.5801  1.35
14.5901  1.06
14.6001  1.27
14.6101  1.4
14.6201  1.41
14.6301  1.33
14.6401  1.12
14.6501  1.27
14.6601  1.27
14.6701  1.28
14.6801  1.4
14.6901  1.41
14.7001  1.55
14.7101  1.26
14.7201  1.31
14.7301  1.27
14.7401  1.22
14.7501  1.34
14.7601  1.16
14.7701  1.2
14.7801  1.07
14.7901  1.42
14.8001  1.47
14.8101  1.32
14.8201  1.46
14.8301  1.3
14.8401  1.32
14.8501  1.24
14.8601  1.04
14.8701  1.32
14.8801  1.36
14.8901  1.4
14.9001  1.14
14.9101  1.17
14.9201  1.43
14.9301  1.37
14.9401  1.37
14.9501  1.35
14.9601  1.43
14.9701  1.11
14.9801  1.46
14.9901  1.35
15.0001  1.56
15.0101  1.29
15.0201  1.3
15.0301  1.39
15.0401  1.13
15.0501  1.45
15.0601  1.28
15.0701  1.23
15.0801  1.39
15.0901  1.39
15.1001  1.35
15.1101  1.31
15.1201  1.34
15.1301  1.31
15.1401  1.39
15.1501  1.16
15.1601  1.36
15.1701  1.37
15.1801  1.41
15.1901  1.39
15.2001  1.48
15.2101  1.52
15.2201  1.34
15.2301  1.4
15.2401  1.31
15.2501  1.33
15.2601  1.15
15.2701  1.22
15.2801  1.14
15.2901  1.25
15.3001  1.31
15.3101  1.58
15.3201  1.4
15.3301  1.45
15.3401  1.19
15.3501  1.28
15.3601  1.35
15.3701  1.25
15.3801  1.46
15.3901  1.29
15.4001  1.25
15.4101  1.27
15.4201  1.28
15.4301  1.37
15.4401  1.36
15.4501  1.3
15.4601  1.44
15.4701  1.44
15.4801  1.15
15.4901  1.49
15.5001  1.27
15.5101  1.07
15.5201  1.29
15.5301  1.42
15.5401  1.21
15.5501  1.17
15.5601  1.32
15.5701  1.35
15.5801  1.45
15.5901  1.3
15.6001  1.05
15.6101  1.32
15.6201  1.33
15.6301  1.31
15.6401  1.46
15.6501  1.27
15.6601  1.24
15.6701  1.16
15.6801  1.19
15.6901  1.38
15.7001  1.08
15.7101  1.48
15.7201  1.29
15.7301  1.35
15.7401  1.25
15.7501  1.42
15.7601  1.2
15.7701  1.49
15.7801  1.44
15.7901  1.24
15.8001  1.44
15.8101  1.15
15.8201  1.3
15.8301  1.14
15.8401  1.36
15.8501  1.2
15.8601  1.4
15.8701  1.43
15.8801  1.23
15.8901  1.12
15.9001  1.38
15.9101  1.29
15.9201  1.25
15.9301  1.29
15.9401  1.36
15.9501  1.56
15.9601  1.45
15.9701  1.24
15.9801  1.24
15.9901  1.33
16.0001  1.27
16.0101  1.35
16.0201  1.41
16.0301  1.28
16.0401  1.32
16.0501  1.18
16.0601  1.23
16.0701  1.22
16.0801  1.44
16.0901  1.63
16.1001  1.24
16.1101  1.12
16.1201  1.29
16.1301  1.24
16.1401  1.31
16.1501  1.49
16.1601  1.29
16.1701  1.41
16.1801  1.34
16.1901  1.16
16.2001  1.55
16.2101  1.43
16.2201  1.57
16.2301  1.35
16.2401  1.43
16.2501  1.39
16.2601  1.49
16.2701  1.2
16.2801  1.43
16.2901  1.12
16.3001  1.47
16.3101  1.3
16.3201  1.48
16.3301  1.34
16.3401  1.2
16.3501  1.45
16.3601  1.19
16.3701  1.15
16.3801  1.31
16.3901  1.51
16.4001  1.53
16.4101  1.36
16.4201  1.28
16.4301  1.37
16.4401  1.47
16.4501  1.5
16.4601  1.35
16.4701  1.21
16.4801  1.27
16.4901  1.32
16.5001  1.18
16.5101  1.26
16.5201  1.35
16.5301  1.33
16.5401  1.29
16.5501  1.3
16.5601  1.1
16.5701  1.29
16.5801  1.3
16.5901  1.17
16.6001  1.35
16.6101  1.39
16.6201  1.25
16.6301  1.35
16.6401  1.31
16.6501  1.42
16.6601  1.34
16.6701  1.32
16.6801  1.36
16.6901  1.34
16.7001  1.47
16.7101  1.28
16.7201  1.2
16.7301  1.4
16.7401  1.24
16.7501  1.31
16.7601  1.38
16.7701  1.33
16.7801  1.34
16.7901  1.24
16.8001  1.21
16.8101  1.39
16.8201  1.14
16.8301  1.1
16.8401  1.39
16.8501  1.36
16.8601  1.34
16.8701  1.22
16.8801  1.28
16.8901  1.3
16.9001  1.15
16.9101  1.25
16.9201  1.2
16.9301  1.28
16.9401  1.25
16.9501  1.28
16.9601  1.32
16.9701  1.28
16.9801  1.31
16.9901  1.22
17.0001  1.35
17.0101  1.47
17.0201  1.39
17.0301  1.24
17.0401  1.2
17.0501  1.32
17.0601  1.3
17.0701  1.37
17.0801  1.24
17.0901  1.42
17.1001  1.36
17.1101  1.55
17.1201  1.42
17.1301  1.35
17.1401  1.27
17.1501  1.36
17.1601  1.16
17.1701  1.29
17.1801  1.3
17.1901  1.38
17.2001  1.28
17.2101  1.36
17.2201  1.3
17.2301  1.33
17.2401  1.24
17.2501  1.31
17.2601  1.37
17.2701  1.37
17.2801  1.14
17.2901  1.33
17.3001  1.44
17.3101  1.24
17.3201  1.41
17.3301  1.37
17.3401  1.19
17.3501  1.4
17.3601  1.48
17.3701  1.34
17.3801  1.44
17.3901  1.34
17.4001  1.35
17.4101  1.28
17.4201  1.33
17.4301  1.37
17.4401  1.1
17.4501  1.26
17.4601  1.44
17.4701  1.38
17.4801  1.03
17.4901  1.37
17.5001  1.15
17.5101  1.23
17.5201  1.55
17.5301  1.45
17.5401  1.31
17.5501  1.22
17.5601  1.36
17.5701  1.34
17.5801  1.39
17.5901  1.24
17.6001  1.33
17.6101  1.55
17.6201  1.39
17.6301  1.29
17.6401  1.31
17.6501  1.29
17.6601  1.43
17.6701  1.3
17.6801  1.28
17.6901  1.24
17.7001  1.53
17.7101  1.39
17.7201  1.48
17.7301  1.42
17.7401  1.15
17.7501  1.12
17.7601  1.46
17.7701  1.15
17.7801  1.22
17.7901  1.34
17.8001  1.61
17.8101  1.53
17.8201  1.17
17.8301  1.46
17.8401  1.39
17.8501  1.14
17.8601  1.45
17.8701  1.31
17.8801  1.44
17.8901  1.35
17.9001  1.3
17.9101  1.32
17.9201  1.18
17.9301  1.3
17.9401  1.33
17.9501  1.3
17.9601  1.27
17.9701  1.24
17.9801  1.37
17.9901  1.19
18.0001  1.48
18.0101  1.17
18.0201  1.35
18.0301  1.41
18.0401  1.31
18.0501  1.2
18.0601  1.3
18.0701  1.25
18.0801  1.31
18.0901  1.22
18.1001  1.31
18.1101  1.35
18.1201  1.39
18.1301  1.53
18.1401  1.22
18.1501  1.54
18.1601  1.42
18.1701  1.26
18.1801  1.31
18.1901  1.4
18.2001  1.28
18.2101  1.2
18.2201  1.23
18.2301  1.45
18.2401  1.1
18.2501  1.27
18.2601  1.41
18.2701  1.25
18.2801  1.23
18.2901  1.21
18.3001  1.44
18.3101  1.21
18.3201  1.29
18.3301  1.46
18.3401  1.19
18.3501  1.54
18.3601  1.49
18.3701  1.11
18.3801  1.38
18.3901  1.11
18.4001  1.39
18.4101  1.28
18.4201  1.28
18.4301  1.38
18.4401  1.15
18.4501  1.39
18.4601  1.39
18.4701  1.56
18.4801  1.3
18.4901  1.3
18.5001  1.35
18.5101  1.17
18.5201  1.41
18.5301  1.37
18.5401  1.27
18.5501  1.39
18.5601  1.28
18.5701  1.27
18.5801  1.34
18.5901  1.45
18.6001  1.23
18.6101  1.29
18.6201  1.62
18.6301  1.22
18.6401  1.5
18.6501  1.37
18.6601  1.37
18.6701  1.38
18.6801  1.37
18.6901  1.42
18.7001  1.24
18.7101  1.33
18.7201  1.4
18.7301  1.52
18.7401  1.26
18.7501  1.36
18.7601  1.38
18.7701  1.38
18.7801  1.26
18.7901  1.24
18.8001  1.35
18.8101  1.36
18.8201  1.35
18.8301  1.11
18.8401  1.36
18.8501  1.53
18.8601  1.19
18.8701  1.21
18.8801  1.42
18.8901  1.4
18.9001  1.23
18.9101  1.49
18.9201  1.19
18.9301  1.33
18.9401  1.32
18.9501  1.47
18.9601  1.23
18.9701  1.36
18.9801  1.4
18.9901  1.36
19.0001  1.09
19.0101  1.37
19.0201  1.4
19.0301  1.29
19.0401  1.33
19.0501  1.37
19.0601  1.37
19.0701  1.47
19.0801  1.35
19.0901  1.22
19.1001  1.12
19.1101  1.24
19.1201  1.31
19.1301  1.27
19.1401  1.42
19.1501  1.39
19.1601  1.27
19.1701  1.44
19.1801  1.39
19.1901  1.17
19.2001  1.45
19.2101  1.64
19.2201  1.25
19.2301  1.29
19.2401  1.15
19.2501  1.13
19.2601  1.24
19.2701  1.38
19.2801  1.26
19.2901  1.25
19.3001  1.33
19.3101  1.21
19.3201  1.07
19.3301  1.46
19.3401  1.39
19.3501  1.31
19.3601  1.36
19.3701  1.3
19.3801  1.24
19.3901  1.23
19.4001  1.15
19.4101  1.35
19.4201  1.37
19.4301  1.29
19.4401  1.44
19.4501  1.15
19.4601  1.3
19.4701  1.41
19.4801  1.27
19.4901  1.13
19.5001  1.44
19.5101  1.37
19.5201  1.44
19.5301  1.38
19.5401  1.31
19.5501  1.24
19.5601  1.34
19.5701  1.3
19.5801  1.49
19.5901  1.31
19.6001  1.3
19.6101  1.23
19.6201  1.39
19.6301  1.27
19.6401  1.47
19.6501  1.19
19.6601  1.33
19.6701  1.39
19.6801  1.33
19.6901  1.38
19.7001  1.21
19.7101  1.45
19.7201  1.29
19.7301  1.32
19.7401  1.42
19.7501  1.47
19.7601  1.39
19.7701  1.12
19.7801  1.31
19.7901  1.37
19.8001  1.33
19.8101  1.34
19.8201  1.29
19.8301  1.5
19.8401  1.38
19.8501  1.48
19.8601  1.42
19.8701  1.37
19.8801  1.38
19.8901  1.21
19.9001  1.42
19.9101  1.17
19.9201  1.3
19.9301  1.32
19.9401  1.22
19.9501  1.28
19.9601  1.35
19.9701  1.57
19.9801  1.27
19.9901  1.17
20.0001  1.31
20.0101  1.4
20.0201  1.3
20.0301  1.31
20.0401  1.09
20.0501  1.2
20.0601  1.33
20.0701  1.21
20.0801  1.45
20.0901  1.24
20.1001  1.32
20.1101  1.32
20.1201  1.4
20.1301  1.38
20.1401  1.17
20.1501  1.4
20.1601  1.2
20.1701  1.29
20.1801  1.34
20.1901  1.28
20.2001  1.26
20.2101  1.21
20.2201  1.39
20.2301  1.39
20.2401  1.36
20.2501  1.14
20.2601  1.26
20.2701  1.25
20.2801  1.4
20.2901  1.36
20.3001  1.28
20.3101  1.39
20.3201  1.37
20.3301  1.29
20.3401  1.26
20.3501  1.45
20.3601  1.11
20.3701  1.34
20.3801  1.35
20.3901  1.49
20.4001  1.21
20.4101  1.27
20.4201  1.15
20.4301  1.34
20.4401  1.35
20.4501  1.21
20.4601  1.37
20.4701  1.3
20.4801  1.25
20.4901  1.24
20.5001  1.48
20.5101  1.16
20.5201  1.23
20.5301  1.26
20.5401  1.51
20.5501  1.24
20.5601  1.34
20.5701  1.37
20.5801  1.4
20.5901  1.16
20.6001  1.28
20.6101  1.13
20.6201  1.35
20.6301  1.27
20.6401  1.16
20.6501  1.46
20.6601  1.27
20.6701  1.37
20.6801  1.37
20.6901  1.32
20.7001  1.21
20.7101  1.39
20.7201  1.3
20.7301  1.34
20.7401  1.49
20.7501  1.26
20.7601  1.32
20.7701  1.25
20.7801  1.3
20.7901  1.36
20.8001  1.23
20.8101  1.24
20.8201  1.29
20.8301  1.24
20.8401  1.29
20.8501  1.54
20.8601  1.23
20.8701  1.23
20.8801  1.52
20.8901  1.47
20.9001  1.25
20.9101  1.31
20.9201  1.43
20.9301  1.33
20.9401  1.36
20.9501  1.26
20.9601  1.22
20.9701  1.29
20.9801  1.49
20.9901  1.22
21.0001  1.4
21.0101  1.42
21.0201  1.28
21.0301  1.54
21.0401  1.43
21.0501  1.33
21.0601  1.41
21.0701  1.31
21.0801  1.19
21.0901  1.21
21.1001  1.36
21.1101  1.34
21.1201  1.41
21.1301  1.37
21.1401  1.26
21.1501  1.41
21.1601  1.38
21.1701  1.3
21.1801  1.35
21.1901  1.63
21.2001  1.43
21.2101  1.28
21.2201  1.3
21.2301  1.23
21.2401  1.22
21.2501  1.35
21.2601  1.34
21.2701  1.28
21.2801  1.41
21.2901  1.39
21.3001  1.41
21.3101  1.35
21.3201  1.14
21.3301  1.12
21.3401  1.44
21.3501  1.24
21.3601  1.09
21.3701  1.53
21.3801  1.39
21.3901  1.36
21.4001  1.13
21.4101  1.5
21.4201  1.35
21.4301  1.49
21.4401  1.31
21.4501  1.23
21.4601  1.34
21.4701  1.2
21.4801  1.33
21.4901  1.27
21.5001  1.43
21.5101  1.24
21.5201  1.34
21.5301  1.2
21.5401  1.25
21.5501  1.26
21.5601  1.11
21.5701  1.23
21.5801  1.37
21.5901  1.44
21.6001  1.44
21.6101  1.3
21.6201  1.31
21.6301  1.42
21.6401  1.25
21.6501  1.15
21.6601  1.4
21.6701  1.4
21.6801  1.25
21.6901  1.2
21.7001  1.47
21.7101  1.18
21.7201  1.1
21.7301  1.2
21.7401  1.36
21.7501  1.3
21.7601  1.36
21.7701  1.45
21.7801  1.33
21.7901  1.35
21.8001  1.28
21.8101  1.46
21.8201  1.29
21.8301  1.38
21.8401  1.29
21.8501  1.22
21.8601  1.42
21.8701  1.25
21.8801  1.26
21.8901  1.21
21.9001  1.4
21.9101  1.57
21.9201  1.27
21.9301  1.5
21.9401  1.35
21.9501  1.46
21.9601  1.41
21.9701  1.44
21.9801  1.32
21.9901  1.31
22.0001  1.1
22.0101  1.32
22.0201  1.39
22.0301  1.22
22.0401  1.09
22.0501  1.39
22.0601  1.18
22.0701  1.35
22.0801  1.34
22.0901  1.23
22.1001  1.24
22.1101  1.48
22.1201  1.31
22.1301  1.17
22.1401  1.37
22.1501  1.31
22.1601  1.14
22.1701  1.4
22.1801  1.36
22.1901  1.16
22.2001  1.34
22.2101  1.35
22.2201  1.35
22.2301  1.1
22.2401  1.39
22.2501  1.41
22.2601  1.33
22.2701  1.3
22.2801  1.38
22.2901  1.49
22.3001  1.19
22.3101  1.39
22.3201  1.54
22.3301  1.22
22.3401  1.28
22.3501  1.52
22.3601  1.37
22.3701  1.32
22.3801  1.45
22.3901  1.23
22.4001  1.4
22.4101  1.44
22.4201  1.28
22.4301  1.35
22.4401  1.45
22.4501  1.45
22.4601  1.31
22.4701  1.31
22.4801  1.4
22.4901  1.41
22.5001  1.38
22.5101  1.35
22.5201  1.34
22.5301  1.21
22.5401  1.11
22.5501  1.4
22.5601  1.46
22.5701  1.2
22.5801  1.27
22.5901  1.23
22.6001  1.4
22.6101  1.3
22.6201  1.21
22.6301  1.28
22.6401  1.29
22.6501  1.29
22.6601  1.29
22.6701  1.33
22.6801  1.43
22.6901  1.35
22.7001  1.33
22.7101  1.36
22.7201  1.3
22.7301  1.34
22.7401  1.32
22.7501  1.09
22.7601  1.19
22.7701  1.38
22.7801  1.25
22.7901  1.26
22.8001  1.53
22.8101  1.29
22.8201  1.16
22.8301  1.37
22.8401  1.4
22.8501  1.41
22.8601  1.36
22.8701  1.57
22.8801  1.25
22.8901  1.29
22.9001  1.31
22.9101  1.24
22.9201  1.29
22.9301  1.4
22.9401  1.27
22.9501  1.51
22.9601  1.32
22.9701  1.13
22.9801  1.26
22.9901  1.26
23.0001  1.43
23.0101  1.42
23.0201  1.25
23.0301  1.36
23.0401  1.22
23.0501  1.4
23.0601  1.51
23.0701  1.34
23.0801  1.19
23.0901  1.54
23.1001  1.28
23.1101  1.41
23.1201  1.27
23.1301  1.32
23.1401  1.1
23.1501  1.36
23.1601  1.29
23.1701  1.22
23.1801  1.36
23.1901  1.32
23.2001  1.33
23.2101  1.34
23.2201  1.41
23.2301  1.09
23.2401  1.44
23.2501  1.49
23.2601  1.24
23.2701  1.36
23.2801  1.49
23.2901  1.3
23.3001  1.39
23.3101  1.08
23.3201  1.13
23.3301  1.25
23.3401  1.26
23.3501  1.16
23.3601  1.49
23.3701  1.54
23.3801  1.22
23.3901  1.39
23.4001  1.33
23.4101  1.31
23.4201  1.21
23.4301  1.34
23.4401  1.56
23.4501  1.38
23.4601  1.39
23.4701  1.36
23.4801  1.47
23.4901  1.22
23.5001  1.23
23.5101  1.42
23.5201  1.45
23.5301  1.34
23.5401  1.25
23.5501  1.24
23.5601  1.17
23.5701  1.17
23.5801  1.31
23.5901  1.19
23.6001  1.43
23.6101  1.48
23.6201  1.23
23.6301  1.51
23.6401  1.31
23.6501  1.33
23.6601  1.32
23.6701  1.22
23.6801  1.36
23.6901  1.2
23.7001  1.47
23.7101  1.28
23.7201  1.52
23.7301  1.24
23.7401  1.37
23.7501  1.21
23.7601  1.31
23.7701  1.32
23.7801  1.18
23.7901  1.32
23.8001  1.35
23.8101  1.49
23.8201  1.22
23.8301  1.16
23.8401  1.35
23.8501  1.24
23.8601  1.22
23.8701  1.33
23.8801  1.27
23.8901  1.18
23.9001  1.1
23.9101  1.26
23.9201  1.24
23.9301  1.41
23.9401  1.51
23.9501  1.33
23.9601  1.29
23.9701  1.48
23.9801  1.32
23.9901  1.15
24.0001  1.19
24.0101  1.23
24.0201  1.41
24.0301  1.32
24.0401  1.17
24.0501  1.16
24.0601  1.43
24.0701  1.49
24.0801  1.4
24.0901  1.36
24.1001  1.43
24.1101  1.5
24.1201  1.18
24.1301  1.22
24.1401  1.52
24.1501  1.21
24.1601  1.35
24.1701  1.2
24.1801  1.37
24.1901  1.4
24.2001  1.38
24.2101  1.17
24.2201  1.34
24.2301  1.27
24.2401  1.45
24.2501  1.38
24.2601  1.21
24.2701  1.26
24.2801  1.53
24.2901  1.43
24.3001  1.35
24.3101  1.41
24.3201  1.29
24.3301  1.34
24.3401  1.38
24.3501  1.24
24.3601  1.49
24.3701  1.51
24.3801  1.21
24.3901  1.19
24.4001  1.42
24.4101  1.31
24.4201  1.42
24.4301  1.3
24.4401  1.43
24.4501  1.23
24.4601  1.36
24.4701  1.31
24.4801  1.44
24.4901  1.32
24.5001  1.33
24.5101  1.22
24.5201  1.45
24.5301  1.42
24.5401  1.33
24.5501  1.41
24.5601  1.29
24.5701  1.37
24.5801  1.43
24.5901  1.32
24.6001  1.46
24.6101  1.3
24.6201  1.4
24.6301  1.29
24.6401  1.21
24.6501  1.33
24.6601  1.35
24.6701  1.43
24.6801  1.47
24.6901  1.23
24.7001  1.36
24.7101  1.33
24.7201  1.32
24.7301  1.07
24.7401  1.45
24.7501  1.06
24.7601  1.36
24.7701  1.12
24.7801  1.22
24.7901  1.32
24.8001  1.35
24.8101  1.57
24.8201  1.31
24.8301  1.44
24.8401  1.3
24.8501  1.47
24.8601  1.28
24.8701  1.24
24.8801  1.36
24.8901  1.46
24.9001  1.14
24.9101  1.33
24.9201  1.1
24.9301  1.2
24.9401  1.3
24.9501  1.13
24.9601  1.07
24.9701  1.18
24.9801  1.29
24.9901  1.29
25.0001  1.37
25.0101  1.29
25.0201  1.25
25.0301  1.26
25.0401  1.39
25.0501  1.18
25.0601  1.16
25.0701  1.27
25.0801  1.25
25.0901  1.39
25.1001  1.18
25.1101  1.25
25.1201  1.35
25.1301  1.28
25.1401  1.23
25.1501  1.38
25.1601  1.23
25.1701  1.32
25.1801  1.4
25.1901  1.23
25.2001  1.37
25.2101  1.5
25.2201  1.14
25.2301  1.36
25.2401  1.62
25.2501  1.25
25.2601  1.31
25.2701  1.41
25.2801  1.43
25.2901  1.21
25.3001  1.19
25.3101  1.23
25.3201  1.38
25.3301  1.26
25.3401  1.45
25.3501  1.39
25.3601  1.3
25.3701  1.41
25.3801  1.2
25.3901  1.51
25.4001  1.3
25.4101  1.3
25.4201  1.02
25.4301  1.41
25.4401  1.18
25.4501  1.41
25.4601  1.39
25.4701  1.42
25.4801  1.42
25.4901  1.33
25.5001  1.26
25.5101  1.33
25.5201  1.37
25.5301  1.52
25.5401  1.28
25.5501  1.35
25.5601  1.32
25.5701  1.37
25.5801  1.38
25.5901  1.25
25.6001  1.5
25.6101  1.12
25.6201  1.48
25.6301  1.36
25.6401  1.4
25.6501  1.27
25.6601  1.1
25.6701  1.18
25.6801  1.34
25.6901  1.35
25.7001  1.22
25.7101  1.47
25.7201  1.33
25.7301  1.5
25.7401  1.28
25.7501  1.1
25.7601  1.56
25.7701  1.33
25.7801  1.37
25.7901  1.33
25.8001  1.37
25.8101  1.38
25.8201  1.33
25.8301  1.17
25.8401  1.29
25.8501  1.39
25.8601  1.31
25.8701  1.21
25.8801  1.22
25.8901  1.3
25.9001  1.41
25.9101  1.4
25.9201  1.39
25.9301  1.44
25.9401  1.49
25.9501  1.42
25.9601  1.34
25.9701  1.33
25.9801  1.29
25.9901  1.26
26.0001  1.35
26.0101  1.47
26.0201  1.08
26.0301  1.5
26.0401  1.35
26.0501  1.31
26.0601  1.37
26.0701  1.19
26.0801  1.29
26.0901  1.43
26.1001  1.29
26.1101  1.04
26.1201  1.63
26.1301  1.09
26.1401  1.23
26.1501  1.41
26.1601  1.33
26.1701  1.34
26.1801  1.39
26.1901  1.13
26.2001  1.39
26.2101  1.28
26.2201  1.64
26.2301  1.1
26.2401  1.24
26.2501  1.32
26.2601  1.33
26.2701  1.46
26.2801  1.34
26.2901  1.22
26.3001  1.26
26.3101  1.41
26.3201  1.24
26.3301  1.23
26.3401  1.38
26.3501  1.37
26.3601  1.29
26.3701  1.47
26.3801  1.42
26.3901  1.16
26.4001  1.47
26.4101  1.14
26.4201  1.16
26.4301  1.41
26.4401  1.31
26.4501  1.03
26.4601  1.17
26.4701  1.37
26.4801  1.3
26.4901  1.16
26.5001  1.52
26.5101  1.25
26.5201  1.23
26.5301  1.34
26.5401  1.26
26.5501  1.41
26.5601  1.34
26.5701  1.29
26.5801  1.3
26.5901  1.37
26.6001  1.37
26.6101  1.49
26.6201  1.18
26.6301  1.3
26.6401  1.44
26.6501  1.29
26.6601  1.28
26.6701  1.29
26.6801  1.31
26.6901  1.3
26.7001  1.39
26.7101  1.35
26.7201  1.29
26.7301  1.4
26.7401  1.31
26.7501  1.28
26.7601  1.34
26.7701  1.31
26.7801  1.33
26.7901  1.22
26.8001  1.17
26.8101  1.37
26.8201  1.52
26.8301  1.22
26.8401  1.5
26.8501  1.33
26.8601  1.35
26.8701  1.24
26.8801  1.23
26.8901  1.54
26.9001  1.26
26.9101  1.4
26.9201  1.5
26.9301  1.42
26.9401  1.45
26.9501  1.24
26.9601  1.45
26.9701  1.36
26.9801  1.51
26.9901  1.43
27.0001  1.38
27.0101  1.35
27.0201  1.12
27.0301  1.34
27.0401  1.2
27.0501  1.26
27.0601  1.35
27.0701  1.41
27.0801  1.44
27.0901  1.22
27.1001  1.33
27.1101  1.31
27.1201  1.5
27.1301  1.28
27.1401  1.29
27.1501  1.24
27.1601  1.39
27.1701  1.26
27.1801  1.4
27.1901  1.35
27.2001  1.22
27.2101  1.35
27.2201  1.27
27.2301  1.36
27.2401  1.35
27.2501  1.43
27.2601  1.31
27.2701  1.2
27.2801  1.4
27.2901  1.35
27.3001  1.27
27.3101  1.21
27.3201  1.19
27.3301  1.38
27.3401  1.27
27.3501  1.44
27.3601  1.04
27.3701  1.22
27.3801  1.4
27.3901  1.32
27.4001  1.3
27.4101  1.43
27.4201  1.15
27.4301  1.46
27.4401  1.27
27.4501  1.34
27.4601  1.33
27.4701  1.3
27.4801  1.21
27.4901  1.16
27.5001  1.17
27.5101  1.51
27.5201  1.32
27.5301  1.24
27.5401  1.2
27.5501  1.09
27.5601  1.48
27.5701  1.34
27.5801  1.2
27.5901  1.45
27.6001  1.1
27.6101  1.4
27.6201  1.54
27.6301  1.34
27.6401  1.24
27.6501  1.08
27.6601  1.27
27.6701  1.26
27.6801  1.2
27.6901  1.63
27.7001  1.23
27.7101  1.39
27.7201  1.22
27.7301  1.28
27.7401  1.26
27.7501  1.49
27.7601  1.24
27.7701  1.44
27.7801  1.35
27.7901  1.16
27.8001  1.34
27.8101  1.39
27.8201  1.1
27.8301  1.31
27.8401  1.33
27.8501  1.12
27.8601  1.26
27.8701  1.27
27.8801  1.17
27.8901  1.32
27.9001  1.31
27.9101  1.37
27.9201  1.41
27.9301  1.31
27.9401  1.38
27.9501  1.27
27.9601  1.45
27.9701  1.2
27.9801  1.47
27.9901  1.3
28.0001  1.47
28.0101  1.42
28.0201  1.3
28.0301  1.35
28.0401  1.2
28.0501  1.26
28.0601  1.32
28.0701  1.55
28.0801  1.41
28.0901  1.24
28.1001  1.29
28.1101  1.19
28.1201  1.38
28.1301  1.23
28.1401  1.54
28.1501  1.23
28.1601  1.2
28.1701  1.06
28.1801  1.26
28.1901  1.36
28.2001  1.37
28.2101  1.53
28.2201  1.29
28.2301  1.45
28.2401  1.59
28.2501  1.47
28.2601  1.28
28.2701  1.51
28.2801  1.38
28.2901  1.12
28.3001  1.29
28.3101  1.33
28.3201  1.39
28.3301  1.42
28.3401  1.11
28.3501  1.36
28.3601  1.45
28.3701  1.31
28.3801  1.23
28.3901  1.26
28.4001  1.53
28.4101  1.31
28.4201  1.21
28.4301  1.39
28.4401  1.38
28.4501  1.48
28.4601  1.08
28.4701  1.21
28.4801  1.2
28.4901  1.34
28.5001  1.36
28.5101  1.37
28.5201  1.39
28.5301  1.29
28.5401  1.39
28.5501  1.12
28.5601  1.37
28.5701  1.24
28.5801  1.22
28.5901  1.43
28.6001  1.48
28.6101  1.35
28.6201  1.35
28.6301  1.48
28.6401  1.33
28.6501  1.37
28.6601  1.48
28.6701  1.39
28.6801  1.31
28.6901  1.24
28.7001  1.4
28.7101  1.34
28.7201  1.41
28.7301  1.17
28.7401  1.15
28.7501  1.05
28.7601  1.33
28.7701  1.47
28.7801  1.22
28.7901  1.23
28.8001  1.63
28.8101  1.29
28.8201  1.57
28.8301  1.18
28.8401  1.3
28.8501  1.3
28.8601  1.22
28.8701  1.32
28.8801  1.36
28.8901  1.43
28.9001  1.29
28.9101  1.37
28.9201  1.28
28.9301  1.19
28.9401  1.42
28.9501  1.44
28.9601  1.39
28.9701  1.37
28.9801  1.24
28.9901  1.04
29.0001  1.47
29.0101  1.21
29.0201  1.5
29.0301  1.2
29.0401  1.14
29.0501  1.38
29.0601  1.27
29.0701  1.22
29.0801  1.3
29.0901  1.29
29.1001  1.3
29.1101  1.4
29.1201  1.49
29.1301  1.4
29.1401  1.15
29.1501  1.2
29.1601  1.5
29.1701  1.5
29.1801  1.21
29.1901  1.4
29.2001  1.43
29.2101  1.36
29.2201  1.27
29.2301  1.23
29.2401  1.31
29.2501  1.36
29.2601  1.46
29.2701  1.27
29.2801  1.44
29.2901  1.17
29.3001  1.43
29.3101  1.22
29.3201  1.29
29.3301  1.45
29.3401  1.26
29.3501  1.31
29.3601  1.17
29.3701  1.44
29.3801  1.37
29.3901  1.38
29.4001  1.32
29.4101  1.3
29.4201  1.44
29.4301  1.4
29.4401  1.41
29.4501  1.36
29.4601  1.43
29.4701  1.3
29.4801  1.06
29.4901  1.32
29.5001  1.34
29.5101  1.28
29.5201  1.39
29.5301  1.5
29.5401  1.33
29.5501  1.59
29.5601  1.31
29.5701  1.02
29.5801  1.21
29.5901  1.39
29.6001  1.34
29.6101  1.39
29.6201  1.22
29.6301  1.44
29.6401  1.18
29.6501  1.3
29.6601  1.36
29.6701  1.39
29.6801  1.3
29.6901  1.44
29.7001  1.27
29.7101  1.36
29.7201  1.38
29.7301  1.19
29.7401  1.31
29.7501  1.46
29.7601  1.46
29.7701  1.26
29.7801  1.32
29.7901  1.26
29.8001  1.1
29.8101  1.38
29.8201  1.24
29.8301  1.44
29.8401  1.44
29.8501  1.25
29.8601  1.38
29.8701  1.07
29.8801  1.24
29.8901  1.37
29.9001  1.4
29.9101  1.23
29.9201  1.22
29.9301  1.32
29.9401  1.33
29.9501  1.3
29.9601  1.42
29.9701  1.53
29.9801  1.34
29.9901  1.23
30.0001  1.25
30.0101  1.25
30.0201  0.99
30.0301  1.05
30.0401  1.5
30.0501  1.35
30.0601  1.39
30.0701  1.32
30.0801  1.34
30.0901  1.24
30.1001  1.43
30.1101  1.41
30.1201  1.26
30.1301  1.27
30.1401  1.6
30.1501  1.72
30.1601  1.41
30.1701  1.12
30.1801  1.34
30.1901  1.3
30.2001  1.04
30.2101  1.11
30.2201  1.29
30.2301  1.4
30.2401  1.25
30.2501  1.38
30.2601  1.47
30.2701  1.33
30.2801  1.26
30.2901  1.3
30.3001  1.29
30.3101  1.45
30.3201  1.54
30.3301  1.45
30.3401  1.33
30.3501  1.27
30.3601  1.4
30.3701  1.38
30.3801  1.21
30.3901  1.3
30.4001  1.22
30.4101  1.24
30.4201  1.29
30.4301  1.24
30.4401  1.54
30.4501  1.4
30.4601  1.29
30.4701  1.41
30.4801  1.48
30.4901  1.35
30.5001  1.31
30.5101  1.32
30.5201  1.22
30.5301  1.35
30.5401  1.42
30.5501  1.34
30.5601  1.28
30.5701  1.28
30.5801  1.37
30.5901  1.36
30.6001  1.3
30.6101  1.45
30.6201  1.45
30.6301  1.04
30.6401  1.31
30.6501  1.35
30.6601  1.14
30.6701  1.5
30.6801  1.35
30.6901  1.27
30.7001  1.44
30.7101  1.32
30.7201  1.49
30.7301  1.2
30.7401  1.36
30.7501  1.39
30.7601  1.47
30.7701  1.35
30.7801  1.44
30.7901  1.21
30.8001  1.31
30.8101  1.26
30.8201  1.51
30.8301  1.23
30.8401  1.21
30.8501  1.39
30.8601  1.15
30.8701  1.23
30.8801  1.47
30.8901  1.52
30.9001  1.39
30.9101  1.4
30.9201  1.43
30.9301  1.13
30.9401  1.12
30.9501  1.22
30.9601  1.04
30.9701  1.2
30.9801  1.2
30.9901  1.46
31.0001  1.36
31.0101  1.47
31.0201  1.23
31.0301  1.29
31.0401  1.22
31.0501  1.41
31.0601  1.26
31.0701  1.24
31.0801  1.28
31.0901  1.48
31.1001  1.43
31.1101  1.25
31.1201  1.32
31.1301  1.29
31.1401  1.26
31.1501  1.23
31.1601  1.35
31.1701  1.27
31.1801  1.25
31.1901  1.43
31.2001  1.1
31.2101  1.34
31.2201  1.28
31.2301  1.35
31.2401  1.36
31.2501  1.38
31.2601  1.3
31.2701  1.28
31.2801  1.2
31.2901  1.48
31.3001  1.39
31.3101  1.36
31.3201  1.4
31.3301  1.4
31.3401  1.39
31.3501  1.26
31.3601  1.4
31.3701  1.33
31.3801  1.29
31.3901  1.12
31.4001  1.38
31.4101  1.12
31.4201  1.29
31.4301  1.56
31.4401  1.3
31.4501  1.52
31.4601  1.57
31.4701  1.26
31.4801  1.5
31.4901  1.15
31.5001  1.32
31.5101  1.38
31.5201  1.28
31.5301  1.52
31.5401  1.15
31.5501  1.46
31.5601  1.3
31.5701  1.25
31.5801  1.3
31.5901  1.38
31.6001  1.27
31.6101  1.31
31.6201  1.42
31.6301  1.12
31.6401  1.22
31.6501  1.36
31.6601  1.35
31.6701  1.41
31.6801  1.15
31.6901  1.24
31.7001  1.3
31.7101  1.54
31.7201  1.46
31.7301  1.22
31.7401  1.17
31.7501  1.49
31.7601  1.37
31.7701  1.27
31.7801  1.25
31.7901  1.32
31.8001  1.36
31.8101  1.36
31.8201  1.28
31.8301  1.47
31.8401  1.34
31.8501  1.37
31.8601  1.39
31.8701  1.55
31.8801  1.39
31.8901  1.45
31.9001  1.23
31.9101  1.35
31.9201  1.38
31.9301  1.3
31.9401  1.4
31.9501  1.31
31.9601  1.19
31.9701  1.33
31.9801  1.13
31.9901  1.55
32.0001  1.54
32.0101  1.22
32.0201  1.29
32.0301  1.52
32.0401  1.09
32.0501  1.36
32.0601  1.22
32.0701  1.16
32.0801  1.17
32.0901  1.19
32.1001  1.3
32.1101  1.7
32.1201  1.45
32.1301  1.45
32.1401  1.29
32.1501  1.34
32.1601  1.21
32.1701  1.41
32.1801  1.33
32.1901  1.37
32.2001  1.35
32.2101  1.15
32.2201  1.21
32.2301  1.18
32.2401  1.38
32.2501  1.36
32.2601  1.53
32.2701  1.28
32.2801  1.39
32.2901  1.19
32.3001  1.24
32.3101  1.09
32.3201  1.28
32.3301  1.38
32.3401  1.37
32.3501  1.34
32.3601  1.2
32.3701  1.52
32.3801  1.42
32.3901  1.44
32.4001  1.47
32.4101  1.29
32.4201  1.31
32.4301  1.44
32.4401  1.04
32.4501  1.16
32.4601  1.46
32.4701  1.09
32.4801  1.3
32.4901  1.16
32.5001  1.45
32.5101  1.38
32.5201  1.17
32.5301  1.65
32.5401  1.32
32.5501  1.34
32.5601  1.27
32.5701  1.35
32.5801  1.3
32.5901  1.5
32.6001  1.27
32.6101  1.38
32.6201  1.29
32.6301  1.26
32.6401  1.39
32.6501  1.55
32.6601  1.22
32.6701  1.21
32.6801  1.37
32.6901  1.28
32.7001  1.23
32.7101  1.32
32.7201  1.16
32.7301  1.25
32.7401  1.47
32.7501  1.2
32.7601  1.37
32.7701  1.37
32.7801  1.37
32.7901  1.21
32.8001  1.35
32.8101  1.44
32.8201  1.25
32.8301  1.39
32.8401  1.38
32.8501  1.21
32.8601  1.33
32.8701  1.39
32.8801  1.4
32.8901  1.35
32.9001  1.37
32.9101  1.46
32.9201  1.39
32.9301  1.38
32.9401  1.19
32.9501  1.42
32.9601  1.22
32.9701  1.24
32.9801  1.34
32.9901  1.23
33.0001  1.52
33.0101  1.31
33.0201  1.33
33.0301  1.38
33.0401  1.13
33.0501  1.21
33.0601  1.51
33.0701  1.05
33.0801  1.38
33.0901  1.31
33.1001  1.19
33.1101  1.29
33.1201  1.42
33.1301  1.44
33.1401  1.29
33.1501  1.22
33.1601  1.19
33.1701  1.3
33.1801  1.33
33.1901  1.52
33.2001  1.39
33.2101  1.51
33.2201  1.32
33.2301  1.14
33.2401  1.2
33.2501  1.43
33.2601  1.37
33.2701  1.29
33.2801  1.22
33.2901  1.25
33.3001  1.5
33.3101  1.56
33.3201  1.29
33.3301  1.23
33.3401  1.17
33.3501  1.34
33.3601  1.44
33.3701  1.44
33.3801  1.3
33.3901  1.46
33.4001  1.32
33.4101  1.3
33.4201  1.18
33.4301  1.31
33.4401  1.23
33.4501  1.5
33.4601  1.13
33.4701  1.39
33.4801  1.23
33.4901  1.31
33.5001  1.27
33.5101  1.3
33.5201  1.45
33.5301  1.29
33.5401  1.42
33.5501  1.32
33.5601  1.32
33.5701  1.44
33.5801  1.33
33.5901  1.26
33.6001  1.24
33.6101  1.41
33.6201  1.28
33.6301  1.37
33.6401  1.28
33.6501  1.22
33.6601  1.08
33.6701  1.2
33.6801  1.21
33.6901  1.43
33.7001  1.41
33.7101  1.28
33.7201  1.54
33.7301  1.17
33.7401  1.26
33.7501  1.28
33.7601  1.31
33.7701  1.28
33.7801  1.46
33.7901  1.52
33.8001  1.03
33.8101  1.37
33.8201  1.24
33.8301  1.26
33.8401  1.25
33.8501  1.43
33.8601  1.37
33.8701  1.41
33.8801  1.11
33.8901  1.47
33.9001  1.52
33.9101  1.4
33.9201  1.2
33.9301  1.24
33.9401  1.43
33.9501  1.19
33.9601  1.38
33.9701  1.39
33.9801  1.46
33.9901  1.42
34.0001  1.44
34.0101  1.49
34.0201  1.4
34.0301  1.25
34.0401  1.24
34.0501  1.22
34.0601  1.4
34.0701  1.34
34.0801  1.09
34.0901  1.18
34.1001  1.26
34.1101  1.23
34.1201  1.36
34.1301  1.58
34.1401  1.5
34.1501  1.28
34.1601  1.06
34.1701  1.24
34.1801  1.36
34.1901  1.35
34.2001  1.13
34.2101  1.11
34.2201  1.33
34.2301  1.41
34.2401  1.34
34.2501  1.25
34.2601  1.38
34.2701  1.15
34.2801  1.11
34.2901  1.08
34.3001  1.63
34.3101  1.26
34.3201  1.22
34.3301  1.32
34.3401  1.4
34.3501  1.33
34.3601  1.19
34.3701  1.23
34.3801  1.18
34.3901  1.42
34.4001  1.57
34.4101  1.25
34.4201  1.37
34.4301  1.32
34.4401  1.23
34.4501  1.18
34.4601  1.16
34.4701  1.19
34.4801  1.29
34.4901  1.41
34.5  1.27
34.51  1.37
34.52  1.51
34.53  1.24
34.54  1.19
34.55  1.34
34.56  1.29
34.57  1.47
34.58  1.46
34.59  1.27
34.6  1.19
34.61  1.19
34.62  1.21
34.63  1.21
34.64  1.18
34.65  1.4
34.66  1.18
34.67  1.33
34.68  1.43
34.69  1.57
34.7  1.66
34.71  1.28
34.72  1.33
34.73  1.47
34.74  1.36
34.75  1.4
34.76  1.24
34.77  1.2
34.78  1.44
34.79  1.28
34.8  1.59
34.81  1.38
34.82  1.36
34.83  1.32
34.84  1.25
34.85  1.44
34.86  1.29
34.87  1.43
34.88  1.32
34.89  1.34
34.9  1.46
34.91  1.42
34.92  1.07
34.93  1.58
34.94  1.46
34.95  1.35
34.96  1.45
34.97  1.17
34.98  1.41
34.99  1.39
