-15  0
-14.99  0
-14.98  0.01
-14.97  0.01
-14.96  0.01
-14.95  0.01
-14.94  0.02
-14.93  0.02
-14.92  0.03
-14.91  0.03
-14.9  0.03
-14.89  0.04
-14.88  0.04
-14.87  0.04
-14.86  0.07
-14.85  0.05
-14.84  0.06
-14.83  0.06
-14.82  0.08
-14.81  0.08
-14.8  0.1
-14.79  0.1
-14.78  0.1
-14.77  0.11
-14.76  0.14
-14.75  0.15
-14.74  0.14
-14.73  0.2
-14.72  0.19
-14.71  0.21
-14.7  0.25
-14.69  0.28
-14.68  0.3
-14.67  0.38
-14.66  0.4
-14.65  0.49
-14.64  0.59
-14.63  0.7
-14.62  0.87
-14.61  1.06
-14.6  1.38
-14.59  1.84
-14.58  2.56
-14.57  3.74
-14.56  5.71
-14.55  9.02
-14.54  13.17
-14.53  14.44
-14.52  11.06
-14.51  7.12
-14.5  4.55
-14.49  3.05
-14.48  2.16
-14.47  1.58
-14.46  1.24
-14.45  0.99
-14.44  0.77
-14.43  0.65
-14.42  0.56
-14.41  0.46
-14.4  0.44
-14.39  0.38
-14.38  0.32
-14.37  0.29
-14.36  0.26
-14.35  0.25
-14.34  0.23
-14.33  0.2
-14.32  0.21
-14.31  0.17
-14.3  0.18
-14.29  0.17
-14.28  0.18
-14.27  0.15
-14.26  0.16
-14.25  0.15
-14.24  0.13
-14.23  0.14
-14.22  0.14
-14.21  0.12
-14.2  0.14
-14.19  0.13
-14.18  0.13
-14.17  0.15
-14.16  0.12
-14.15  0.13
-14.14  0.13
-14.13  0.12
-14.12  0.15
-14.11  0.12
-14.1  0.14
-14.09  0.16
-14.08  0.13
-14.07  0.13
-14.06  0.17
-14.05  0.15
-14.04  0.14
-14.03  0.15
-14.02  0.16
-14.01  0.16
-14  0.18
-13.99  0.19
-13.98  0.17
-13.97  0.19
-13.96  0.19
-13.95  0.22
-13.94  0.21
-13.93  0.22
-13.92  0.24
-13.91  0.24
-13.9  0.24
-13.89  0.29
-13.88  0.28
-13.87  0.28
-13.86  0.3
-13.85  0.37
-13.84  0.36
-13.83  0.4
-13.82  0.39
-13.81  0.43
-13.8  0.48
-13.79  0.5
-13.78  0.56
-13.77  0.64
-13.76  0.65
-13.75  0.72
-13.74  0.81
-13.73  0.91
-13.72  1.03
-13.71  1.15
-13.7  1.3
-13.69  1.47
-13.68  1.71
-13.67  1.95
-13.66  2.27
-13.65  2.63
-13.64  3.1
-13.63  3.53
-13.62  4.06
-13.61  4.53
-13.6  4.86
-13.59  5.01
-13.58  4.97
-13.57  4.63
-13.56  4.19
-13.55  3.74
-13.54  3.27
-13.53  2.78
-13.52  2.41
-13.51  2.09
-13.5  1.78
-13.49  1.56
-13.48  1.39
-13.47  1.2
-13.46  1.1
-13.45  0.97
-13.44  0.87
-13.43  0.82
-13.42  0.7
-13.41  0.65
-13.4  0.64
-13.39  0.55
-13.38  0.54
-13.37  0.52
-13.36  0.46
-13.35  0.41
-13.34  0.43
-13.33  0.43
-13.32  0.39
-13.31  0.37
-13.3  0.35
-13.29  0.34
-13.28  0.35
-13.27  0.32
-13.26  0.3
-13.25  0.3
-13.24  0.31
-13.23  0.3
-13.22  0.29
-13.21  0.31
-13.2  0.29
-13.19  0.28
-13.18  0.29
-13.17  0.29
-13.16  0.28
-13.15  0.27
-13.14  0.28
-13.13  0.28
-13.12  0.3
-13.11  0.3
-13.1  0.27
-13.09  0.31
-13.08  0.32
-13.07  0.28
-13.06  0.35
-13.05  0.3
-13.04  0.34
-13.03  0.34
-13.02  0.34
-13.01  0.37
-13  0.36
-12.99  0.36
-12.98  0.38
-12.97  0.41
-12.96  0.43
-12.95  0.44
-12.94  0.46
-12.93  0.48
-12.92  0.49
-12.91  0.56
-12.9  0.54
-12.89  0.59
-12.88  0.63
-12.87  0.62
-12.86  0.72
-12.85  0.73
-12.84  0.81
-12.83  0.87
-12.82  0.91
-12.81  0.98
-12.8  1.05
-12.79  1.15
-12.78  1.24
-12.77  1.37
-12.76  1.47
-12.75  1.64
-12.74  1.76
-12.73  1.95
-12.72  2.08
-12.71  2.26
-12.7  2.44
-12.69  2.62
-12.68  2.79
-12.67  2.91
-12.66  3.04
-12.65  3.07
-12.64  3.12
-12.63  3.02
-12.62  2.96
-12.61  2.82
-12.6  2.67
-12.59  2.5
-12.58  2.33
-12.57  2.13
-12.56  1.99
-12.55  1.8
-12.54  1.67
-12.53  1.52
-12.52  1.37
-12.51  1.33
-12.5  1.21
-12.49  1.11
-12.48  1.02
-12.47  0.98
-12.46  0.9
-12.45  0.88
-12.44  0.81
-12.43  0.72
-12.42  0.73
-12.41  0.65
-12.4  0.64
-12.39  0.6
-12.38  0.59
-12.37  0.58
-12.36  0.54
-12.35  0.57
-12.34  0.52
-12.33  0.48
-12.32  0.48
-12.31  0.46
-12.3  0.46
-12.29  0.48
-12.28  0.46
-12.27  0.41
-12.26  0.44
-12.25  0.44
-12.24  0.4
-12.23  0.45
-12.22  0.4
-12.21  0.42
-12.2  0.43
-12.19  0.41
-12.18  0.4
-12.17  0.45
-12.16  0.43
-12.15  0.43
-12.14  0.44
-12.13  0.43
-12.12  0.43
-12.11  0.45
-12.1  0.49
-12.09  0.44
-12.08  0.48
-12.07  0.47
-12.06  0.52
-12.05  0.52
-12.04  0.53
-12.03  0.51
-12.02  0.58
-12.01  0.57
-12  0.59
-11.99  0.62
-11.98  0.63
-11.97  0.7
-11.96  0.73
-11.95  0.72
-11.94  0.77
-11.93  0.78
-11.92  0.83
-11.91  0.89
-11.9  0.91
-11.89  0.96
-11.88  1.05
-11.87  1.1
-11.86  1.15
-11.85  1.23
-11.84  1.28
-11.83  1.39
-11.82  1.48
-11.81  1.54
-11.8  1.61
-11.79  1.73
-11.78  1.8
-11.77  1.92
-11.76  1.98
-11.75  2.09
-11.74  2.14
-11.73  2.2
-11.72  2.26
-11.71  2.28
-11.7  2.27
-11.69  2.28
-11.68  2.27
-11.67  2.26
-11.66  2.12
-11.65  2.11
-11.64  1.98
-11.63  1.93
-11.62  1.84
-11.61  1.73
-11.6  1.68
-11.59  1.55
-11.58  1.51
-11.57  1.38
-11.56  1.31
-11.55  1.25
-11.54  1.21
-11.53  1.13
-11.52  1.05
-11.51  1.04
-11.5  0.96
-11.49  0.92
-11.48  0.86
-11.47  0.88
-11.46  0.83
-11.45  0.77
-11.44  0.74
-11.43  0.76
-11.42  0.71
-11.41  0.65
-11.4  0.66
-11.39  0.65
-11.38  0.64
-11.37  0.61
-11.36  0.59
-11.35  0.62
-11.34  0.55
-11.33  0.56
-11.32  0.58
-11.31  0.55
-11.3  0.55
-11.29  0.58
-11.28  0.56
-11.27  0.54
-11.26  0.52
-11.25  0.53
-11.24  0.53
-11.23  0.53
-11.22  0.56
-11.21  0.53
-11.2  0.56
-11.19  0.57
-11.18  0.54
-11.17  0.58
-11.16  0.54
-11.15  0.61
-11.14  0.55
-11.13  0.63
-11.12  0.63
-11.11  0.61
-11.1  0.66
-11.09  0.67
-11.08  0.64
-11.07  0.67
-11.06  0.72
-11.05  0.71
-11.04  0.72
-11.03  0.79
-11.02  0.82
-11.01  0.81
-11  0.88
-10.99  0.88
-10.98  0.9
-10.97  0.99
-10.96  0.96
-10.95  1.04
-10.94  1.08
-10.93  1.12
-10.92  1.18
-10.91  1.23
-10.9  1.26
-10.89  1.29
-10.88  1.42
-10.87  1.38
-10.86  1.55
-10.85  1.51
-10.84  1.63
-10.83  1.62
-10.82  1.72
-10.81  1.71
-10.8  1.75
-10.79  1.86
-10.78  1.83
-10.77  1.85
-10.76  1.85
-10.75  1.91
-10.74  1.86
-10.73  1.84
-10.72  1.83
-10.71  1.72
-10.7  1.8
-10.69  1.69
-10.68  1.66
-10.67  1.6
-10.66  1.56
-10.65  1.5
-10.64  1.43
-10.63  1.37
-10.62  1.37
-10.61  1.33
-10.6  1.23
-10.59  1.19
-10.58  1.12
-10.57  1.14
-10.56  1.08
-10.55  1.05
-10.54  0.95
-10.53  0.93
-10.52  0.97
-10.51  0.89
-10.5  0.88
-10.49  0.83
-10.48  0.84
-10.47  0.77
-10.46  0.78
-10.45  0.75
-10.44  0.77
-10.43  0.73
-10.42  0.74
-10.41  0.72
-10.4  0.67
-10.39  0.69
-10.38  0.68
-10.37  0.64
-10.36  0.68
-10.35  0.65
-10.34  0.66
-10.33  0.66
-10.32  0.61
-10.31  0.67
-10.3  0.63
-10.29  0.63
-10.28  0.65
-10.27  0.67
-10.26  0.61
-10.25  0.65
-10.24  0.67
-10.23  0.64
-10.22  0.69
-10.21  0.68
-10.2  0.69
-10.19  0.69
-10.18  0.71
-10.17  0.73
-10.16  0.72
-10.15  0.71
-10.14  0.74
-10.13  0.77
-10.12  0.81
-10.11  0.82
-10.1  0.81
-10.09  0.83
-10.08  0.85
-10.07  0.89
-10.06  0.98
-10.05  0.9
-10.04  0.95
-10.03  0.98
-10.02  1.05
-10.01  1.01
-10  1.12
-9.99  1.13
-9.98  1.14
-9.97  1.24
-9.96  1.19
-9.95  1.29
-9.94  1.28
-9.93  1.36
-9.92  1.37
-9.91  1.37
-9.9  1.43
-9.89  1.5
-9.88  1.48
-9.87  1.52
-9.86  1.58
-9.85  1.55
-9.84  1.63
-9.83  1.6
-9.82  1.6
-9.81  1.64
-9.8  1.63
-9.79  1.58
-9.78  1.61
-9.77  1.56
-9.76  1.53
-9.75  1.54
-9.74  1.5
-9.73  1.49
-9.72  1.46
-9.71  1.41
-9.7  1.42
-9.69  1.32
-9.68  1.3
-9.67  1.28
-9.66  1.2
-9.65  1.21
-9.64  1.2
-9.63  1.17
-9.62  1.12
-9.61  1.09
-9.6  1.04
-9.59  1.04
-9.58  0.97
-9.57  0.98
-9.56  0.94
-9.55  0.94
-9.54  0.88
-9.53  0.92
-9.52  0.86
-9.51  0.84
-9.5  0.84
-9.49  0.81
-9.48  0.85
-9.47  0.82
-9.46  0.76
-9.45  0.74
-9.44  0.77
-9.43  0.74
-9.42  0.8
-9.41  0.74
-9.4  0.72
-9.39  0.75
-9.38  0.7
-9.37  0.79
-9.36  0.74
-9.35  0.7
-9.34  0.73
-9.33  0.74
-9.32  0.71
-9.31  0.76
-9.3  0.72
-9.29  0.74
-9.28  0.71
-9.27  0.76
-9.26  0.79
-9.25  0.78
-9.24  0.79
-9.23  0.76
-9.22  0.81
-9.21  0.82
-9.2  0.82
-9.19  0.81
-9.18  0.84
-9.17  0.9
-9.16  0.89
-9.15  0.83
-9.14  0.94
-9.13  0.9
-9.12  0.97
-9.11  0.97
-9.1  0.99
-9.09  1.04
-9.08  1.03
-9.07  1.06
-9.06  1.04
-9.05  1.14
-9.04  1.14
-9.03  1.14
-9.02  1.18
-9.01  1.24
-9  1.25
-8.99  1.24
-8.98  1.31
-8.97  1.27
-8.96  1.38
-8.95  1.33
-8.94  1.39
-8.93  1.35
-8.92  1.42
-8.91  1.42
-8.9  1.41
-8.89  1.38
-8.88  1.49
-8.87  1.45
-8.86  1.5
-8.85  1.44
-8.84  1.42
-8.83  1.46
-8.82  1.39
-8.81  1.45
-8.8  1.36
-8.79  1.36
-8.78  1.38
-8.77  1.34
-8.76  1.3
-8.75  1.3
-8.74  1.25
-8.73  1.25
-8.72  1.2
-8.71  1.23
-8.7  1.21
-8.69  1.11
-8.68  1.15
-8.67  1.1
-8.66  1.06
-8.65  1.07
-8.64  1.05
-8.63  0.99
-8.62  1.04
-8.61  0.98
-8.6  0.95
-8.59  0.95
-8.58  0.94
-8.57  0.95
-8.56  0.87
-8.55  0.9
-8.54  0.85
-8.53  0.87
-8.52  0.87
-8.51  0.82
-8.5  0.87
-8.49  0.81
-8.48  0.84
-8.47  0.84
-8.46  0.78
-8.45  0.83
-8.44  0.81
-8.43  0.8
-8.42  0.77
-8.41  0.8
-8.4  0.78
-8.39  0.85
-8.38  0.87
-8.37  0.74
-8.36  0.81
-8.35  0.78
-8.34  0.84
-8.33  0.82
-8.32  0.82
-8.31  0.81
-8.3  0.82
-8.29  0.9
-8.28  0.82
-8.27  0.88
-8.26  0.87
-8.25  0.83
-8.24  0.89
-8.23  0.96
-8.22  0.89
-8.21  0.94
-8.2  0.94
-8.19  0.97
-8.18  1.01
-8.17  1.01
-8.16  0.99
-8.15  1.03
-8.14  1.04
-8.13  1.01
-8.12  1.08
-8.11  1.07
-8.1  1.14
-8.09  1.12
-8.08  1.17
-8.07  1.16
-8.06  1.22
-8.05  1.17
-8.04  1.21
-8.03  1.25
-8.02  1.25
-8.01  1.27
-8  1.3
-7.99  1.31
-7.98  1.31
-7.97  1.29
-7.96  1.32
-7.95  1.36
-7.94  1.31
-7.93  1.34
-7.92  1.3
-7.91  1.38
-7.9  1.35
-7.89  1.28
-7.88  1.36
-7.87  1.31
-7.86  1.24
-7.85  1.32
-7.84  1.31
-7.83  1.25
-7.82  1.29
-7.81  1.24
-7.8  1.21
-7.79  1.27
-7.78  1.16
-7.77  1.17
-7.76  1.2
-7.75  1.12
-7.74  1.13
-7.73  1.15
-7.72  1.09
-7.71  1.01
-7.7  1.09
-7.69  1.01
-7.68  1.07
-7.67  1.02
-7.66  1.02
-7.65  0.96
-7.64  1
-7.63  0.95
-7.62  0.96
-7.61  0.95
-7.6  0.92
-7.59  0.88
-7.58  0.95
-7.57  0.91
-7.56  0.84
-7.55  0.92
-7.54  0.87
-7.53  0.87
-7.52  0.9
-7.51  0.88
-7.5  0.87
-7.49  0.89
-7.48  0.85
-7.47  0.85
-7.46  0.88
-7.45  0.82
-7.44  0.83
-7.43  0.85
-7.42  0.9
-7.41  0.83
-7.4  0.89
-7.39  0.88
-7.38  0.85
-7.37  0.88
-7.36  0.89
-7.35  0.88
-7.34  0.91
-7.33  0.89
-7.32  0.92
-7.31  0.94
-7.3  0.97
-7.29  0.91
-7.28  0.93
-7.27  0.97
-7.26  0.95
-7.25  1.01
-7.24  0.98
-7.23  1.01
-7.22  1.01
-7.21  0.98
-7.2  1.06
-7.19  1.03
-7.18  1.1
-7.17  1.09
-7.16  1.07
-7.15  1.09
-7.14  1.18
-7.13  1.11
-7.12  1.17
-7.11  1.16
-7.1  1.2
-7.09  1.16
-7.08  1.21
-7.07  1.21
-7.06  1.22
-7.05  1.21
-7.04  1.24
-7.03  1.21
-7.02  1.25
-7.01  1.26
-7  1.29
-6.99  1.24
-6.98  1.24
-6.97  1.31
-6.96  1.23
-6.95  1.29
-6.94  1.2
-6.93  1.29
-6.92  1.22
-6.91  1.26
-6.9  1.23
-6.89  1.23
-6.88  1.15
-6.87  1.22
-6.86  1.2
-6.85  1.23
-6.84  1.18
-6.83  1.15
-6.82  1.11
-6.81  1.13
-6.8  1.12
-6.79  1.08
-6.78  1.13
-6.77  1.06
-6.76  1.12
-6.75  1.04
-6.74  1.05
-6.73  1.04
-6.72  1.01
-6.71  0.99
-6.7  1.03
-6.69  1
-6.68  0.99
-6.67  0.98
-6.66  0.96
-6.65  0.96
-6.64  0.97
-6.63  0.94
-6.62  0.96
-6.61  0.94
-6.6  0.86
-6.59  0.96
-6.58  0.9
-6.57  0.96
-6.56  0.88
-6.55  0.92
-6.54  0.91
-6.53  0.9
-6.52  0.87
-6.51  0.91
-6.5  0.91
-6.49  0.91
-6.48  0.9
-6.47  0.9
-6.46  0.88
-6.45  0.94
-6.44  0.93
-6.43  0.89
-6.42  0.92
-6.41  0.96
-6.4  0.94
-6.39  0.94
-6.38  0.92
-6.37  0.95
-6.36  0.97
-6.35  0.95
-6.34  0.98
-6.33  0.96
-6.32  1.01
-6.31  0.95
-6.3  1.01
-6.29  1.01
-6.28  1.07
-6.27  1.02
-6.26  1.02
-6.25  1.06
-6.24  1.04
-6.23  1.08
-6.22  1.06
-6.21  1.11
-6.2  1.1
-6.19  1.14
-6.18  1.11
-6.17  1.13
-6.16  1.17
-6.15  1.18
-6.14  1.16
-6.13  1.14
-6.12  1.18
-6.11  1.16
-6.1  1.16
-6.09  1.16
-6.08  1.19
-6.07  1.23
-6.06  1.23
-6.05  1.18
-6.04  1.19
-6.03  1.24
-6.02  1.21
-6.01  1.22
-6  1.17
-5.99  1.22
-5.98  1.17
-5.97  1.26
-5.96  1.16
-5.95  1.18
-5.94  1.17
-5.93  1.16
-5.92  1.14
-5.91  1.18
-5.9  1.15
-5.89  1.11
-5.88  1.16
-5.87  1.11
-5.86  1.13
-5.85  1.07
-5.84  1.12
-5.83  1.05
-5.82  1.09
-5.81  1.08
-5.8  1.05
-5.79  1.02
-5.78  1.06
-5.77  1.04
-5.76  0.97
-5.75  1.08
-5.74  0.99
-5.73  1.02
-5.72  1.03
-5.71  0.99
-5.7  0.98
-5.69  0.95
-5.68  0.95
-5.67  0.98
-5.66  0.96
-5.65  0.95
-5.64  0.95
-5.63  0.93
-5.62  0.97
-5.61  0.89
-5.6  0.97
-5.59  0.98
-5.58  0.93
-5.57  0.96
-5.56  0.91
-5.55  0.9
-5.54  0.97
-5.53  0.93
-5.52  0.99
-5.51  0.92
-5.5  0.9
-5.49  0.97
-5.48  0.97
-5.47  0.94
-5.46  0.97
-5.45  0.98
-5.44  0.99
-5.43  0.97
-5.42  0.93
-5.41  1
-5.4  0.97
-5.39  1.02
-5.38  0.99
-5.37  0.99
-5.36  1.01
-5.35  1.05
-5.34  1.02
-5.33  1.02
-5.32  1.02
-5.31  1.05
-5.3  1.05
-5.29  1.12
-5.28  1.08
-5.27  1.09
-5.26  1.07
-5.25  1.09
-5.24  1.14
-5.23  1.09
-5.22  1.1
-5.21  1.14
-5.2  1.12
-5.19  1.1
-5.18  1.18
-5.17  1.11
-5.16  1.16
-5.15  1.16
-5.14  1.12
-5.13  1.22
-5.12  1.14
-5.11  1.13
-5.1  1.18
-5.09  1.16
-5.08  1.13
-5.07  1.21
-5.06  1.18
-5.05  1.15
-5.04  1.15
-5.03  1.19
-5.02  1.16
-5.01  1.17
-5  1.17
-4.99  1.16
-4.98  1.08
-4.97  1.11
-4.96  1.12
-4.95  1.12
-4.94  1.16
-4.93  1.07
-4.92  1.16
-4.91  1.04
-4.9  1.08
-4.89  1.09
-4.88  1.09
-4.87  1.05
-4.86  1.07
-4.85  1.07
-4.84  1.06
-4.83  1
-4.82  1.08
-4.81  1.02
-4.8  1.06
-4.79  1.01
-4.78  1
-4.77  0.99
-4.76  1.02
-4.75  0.99
-4.74  0.99
-4.73  0.96
-4.72  1.06
-4.71  0.95
-4.7  0.99
-4.69  0.98
-4.68  0.95
-4.67  0.98
-4.66  0.95
-4.65  0.99
-4.64  0.94
-4.63  0.97
-4.62  0.95
-4.61  0.98
-4.6  0.95
-4.59  0.98
-4.58  0.99
-4.57  0.98
-4.56  0.94
-4.55  0.94
-4.54  1.02
-4.53  1.01
-4.52  1
-4.51  0.97
-4.5  0.98
-4.49  0.99
-4.48  1
-4.47  0.93
-4.46  1.04
-4.45  1.01
-4.44  0.99
-4.43  0.99
-4.42  1.02
-4.41  1.08
-4.4  1.01
-4.39  1.05
-4.38  1.06
-4.37  1.05
-4.36  1.03
-4.35  1.05
-4.34  1.09
-4.33  1.07
-4.32  1.05
-4.31  1.1
-4.3  1.08
-4.29  1.12
-4.28  1.13
-4.27  1.05
-4.26  1.12
-4.25  1.17
-4.24  1.05
-4.23  1.13
-4.22  1.08
-4.21  1.17
-4.2  1.06
-4.19  1.18
-4.18  1.14
-4.17  1.12
-4.16  1.16
-4.15  1.13
-4.14  1.13
-4.13  1.15
-4.12  1.14
-4.11  1.16
-4.1  1.09
-4.09  1.14
-4.08  1.14
-4.07  1.11
-4.06  1.14
-4.05  1.17
-4.04  1.11
-4.03  1.11
-4.02  1.08
-4.01  1.09
-4  1.14
-3.99  1.07
-3.98  1.17
-3.97  1
-3.96  1.1
-3.95  1.1
-3.94  1.05
-3.93  1.09
-3.92  1.13
-3.91  0.95
-3.9  1.05
-3.89  1.09
-3.88  1.06
-3.87  0.98
-3.86  1.03
-3.85  1.1
-3.84  0.98
-3.83  1.05
-3.82  1.05
-3.81  0.97
-3.8  1.06
-3.79  1.02
-3.78  0.96
-3.77  1.01
-3.76  0.98
-3.75  1.05
-3.74  0.92
-3.73  1
-3.72  1.01
-3.71  1.03
-3.7  0.97
-3.69  0.98
-3.68  0.98
-3.67  0.96
-3.66  0.98
-3.65  1.04
-3.64  0.97
-3.63  0.96
-3.62  1.01
-3.61  0.95
-3.6  1.02
-3.59  0.99
-3.58  0.97
-3.57  0.99
-3.56  1.07
-3.55  1.01
-3.54  1.01
-3.53  1
-3.52  1.02
-3.51  1.02
-3.5  1.03
-3.49  1.04
-3.48  0.99
-3.47  1.02
-3.46  1.03
-3.45  1.01
-3.44  1.06
-3.43  1.09
-3.42  1.02
-3.41  1.05
-3.4  1.06
-3.39  1.05
-3.38  1.06
-3.37  1.12
-3.36  1.09
-3.35  1.06
-3.34  1.11
-3.33  1.06
-3.32  1.09
-3.31  1.08
-3.3  1.16
-3.29  1.14
-3.28  1.07
-3.27  1.1
-3.26  1.14
-3.25  1.07
-3.24  1.11
-3.23  1.13
-3.22  1.03
-3.21  1.15
-3.2  1.1
-3.19  1.13
-3.18  1.13
-3.17  1.12
-3.16  1.14
-3.15  1.05
-3.14  1.11
-3.13  1.15
-3.12  1.13
-3.11  1.1
-3.1  1.08
-3.09  1.1
-3.08  1.11
-3.07  1.08
-3.06  1.16
-3.05  1.03
-3.04  1.12
-3.03  1.1
-3.02  1.06
-3.01  1.07
-3  1.06
-2.99  1.06
-2.98  1.08
-2.97  1.04
-2.96  1.08
-2.95  1.06
-2.94  1.06
-2.93  0.99
-2.92  1.05
-2.91  1.04
-2.9  1.09
-2.89  1.03
-2.88  1.04
-2.87  1.01
-2.86  1.01
-2.85  1
-2.84  1.02
-2.83  1.03
-2.82  1.02
-2.81  1
-2.8  1.03
-2.79  1.02
-2.78  1.04
-2.77  0.97
-2.76  0.98
-2.75  0.99
-2.74  1.04
-2.73  0.99
-2.72  1.02
-2.71  1
-2.7  0.97
-2.69  1.05
-2.68  1.04
-2.67  0.95
-2.66  1
-2.65  0.98
-2.64  0.98
-2.63  1.06
-2.62  1.02
-2.61  0.97
-2.6  1.05
-2.59  1.02
-2.58  1.04
-2.57  1.06
-2.56  1
-2.55  1.03
-2.54  1.04
-2.53  1.02
-2.52  1.05
-2.51  1.05
-2.5  1
-2.49  1.02
-2.48  1.14
-2.47  1
-2.46  1.06
-2.45  1.02
-2.44  1.08
-2.43  1.1
-2.42  1.07
-2.41  1.09
-2.4  1.06
-2.39  1.06
-2.38  1.1
-2.37  1.08
-2.36  1.09
-2.35  1.05
-2.34  1.08
-2.33  1.11
-2.32  1.18
-2.31  1.07
-2.3  1.07
-2.29  1.14
-2.28  1.09
-2.27  1.04
-2.26  1.17
-2.25  1.1
-2.24  1.12
-2.23  1.04
-2.22  1.12
-2.21  1.06
-2.2  1.12
-2.19  1.14
-2.18  1.09
-2.17  1.03
-2.16  1.13
-2.15  1.05
-2.14  1.13
-2.13  1.08
-2.12  1.02
-2.11  1.12
-2.1  1.09
-2.09  1.08
-2.08  1.12
-2.07  1.06
-2.06  1.06
-2.05  1.1
-2.04  1.08
-2.03  1.06
-2.02  1.05
-2.01  1.02
-2  1.07
-1.99  1.04
-1.98  1.02
-1.97  1.05
-1.96  1.03
-1.95  1.07
-1.94  1.07
-1.93  0.99
-1.92  1.04
-1.91  1.05
-1.9  0.98
-1.89  1.02
-1.88  1.01
-1.87  1.03
-1.86  1.07
-1.85  1.05
-1.84  1.01
-1.83  0.99
-1.82  1.03
-1.81  1.04
-1.8  0.98
-1.79  1.03
-1.78  1
-1.77  1.03
-1.76  1
-1.75  1.07
-1.74  1.03
-1.73  0.96
-1.72  1.01
-1.71  1.03
-1.7  1.03
-1.69  1.05
-1.68  0.96
-1.67  1.07
-1.66  1.02
-1.65  1.03
-1.64  1.02
-1.63  1.07
-1.62  1.01
-1.61  1.04
-1.6  1
-1.59  1.02
-1.58  1.05
-1.57  1.05
-1.56  1.02
-1.55  1.08
-1.54  1.01
-1.53  1.09
-1.52  1.04
-1.51  1.09
-1.5  1.09
-1.49  1.02
-1.48  1.08
-1.47  1.1
-1.46  1.03
-1.45  1.12
-1.44  1.03
-1.43  1.07
-1.42  1.08
-1.41  1.11
-1.4  1.08
-1.39  1.03
-1.38  1.08
-1.37  1.12
-1.36  1.06
-1.35  1.13
-1.34  1.04
-1.33  1.13
-1.32  1.04
-1.31  1.09
-1.3  1.08
-1.29  1.08
-1.28  1.12
-1.27  1.1
-1.26  1.1
-1.25  1.08
-1.24  1.11
-1.23  1.1
-1.22  1.08
-1.21  1.1
-1.2  1
-1.19  1.07
-1.18  1.08
-1.17  1.1
-1.16  1.09
-1.15  1.03
-1.14  1.12
-1.13  1.07
-1.12  1.06
-1.11  1.08
-1.1  1.03
-1.09  0.97
-1.08  1.16
-1.07  1.05
-1.06  1.07
-1.05  1.04
-1.04  1.03
-1.03  1.1
-1.02  1.01
-1.01  1.07
-1  1.03
-0.99  1.02
-0.98  1.11
-0.97  1.01
-0.96  1.05
-0.95  1.01
-0.94  1.04
-0.93  1
-0.92  1.06
-0.91  1.02
-0.9  1.02
-0.89  1
-0.88  1.05
-0.87  1.02
-0.86  1.02
-0.85  1.03
-0.84  1.01
-0.83  1.06
-0.82  0.99
-0.81  1.04
-0.8  1.04
-0.79  1.03
-0.78  1
-0.77  1.05
-0.76  1.04
-0.75  1
-0.74  1.08
-0.73  1
-0.72  1.04
-0.71  1.05
-0.7  1.03
-0.69  1.03
-0.68  0.99
-0.67  1.08
-0.66  1.02
-0.65  1.05
-0.64  1.06
-0.63  1.03
-0.62  1.03
-0.61  1.05
-0.6  1.06
-0.59  1.06
-0.58  1.1
-0.57  1
-0.56  1.05
-0.55  1.03
-0.54  1.1
-0.53  1.08
-0.52  1.02
-0.51  1.09
-0.5  1.09
-0.49  1.06
-0.48  1.05
-0.47  1.08
-0.46  1.07
-0.45  1.11
-0.44  1.06
-0.43  1.06
-0.42  1.1
-0.41  1.07
-0.4  1.05
-0.39  1.12
-0.38  1.07
-0.37  1.05
-0.36  1.08
-0.35  1.05
-0.34  1.16
-0.33  1.03
-0.32  1.09
-0.31  1.09
-0.3  1.07
-0.29  1.1
-0.28  1.1
-0.27  1.04
-0.26  1.05
-0.25  1.09
-0.24  1.04
-0.23  1.06
-0.22  1.03
-0.21  1.12
-0.2  1.08
-0.19  1.09
-0.18  1.13
-0.17  1.1
-0.16  1.01
-0.15  1.1
-0.14  1.01
-0.13  1.04
-0.12  1.07
-0.11  1.03
-0.1  1.07
-0.09  1.02
-0.08  1.08
-0.07  0.98
-0.06  1.02
-0.05  1.1
-0.04  1.07
-0.03  0.99
-0.02  1.08
-0.01  1.02
-2.16197e-11  1.04
0.0001  0.01
0.0101  1.1
0.0201  0.98
0.0301  1.05
0.0401  1.06
0.0501  0.99
0.0601  1.13
0.0701  1.05
0.0801  1.03
0.0901  1.3
0.1001  1.01
0.1101  1.08
0.1201  1.11
0.1301  1.13
0.1401  1.13
0.1501  1.28
0.1601  1.19
0.1701  1.29
0.1801  1.15
0.1901  1.36
0.2001  1.51
0.2101  1.27
0.2201  1.14
0.2301  1.39
0.2401  1.35
0.2501  1.49
0.2601  1.47
0.2701  1.31
0.2801  1.48
0.2901  1.7
0.3001  1.17
0.3101  1.42
0.3201  1.4
0.3301  1.27
0.3401  1.31
0.3501  1.25
0.3601  1.65
0.3701  1.49
0.3801  1.3
0.3901  1.46
0.4001  1.53
0.4101  1.29
0.4201  1.52
0.4301  1.37
0.4401  1.33
0.4501  1.66
0.4601  1.39
0.4701  1.39
0.4801  1.63
0.4901  1.6
0.5001  1.46
0.5101  1.38
0.5201  1.48
0.5301  1.38
0.5401  1.37
0.5501  1.59
0.5601  1.51
0.5701  1.43
0.5801  1.64
0.5901  1.65
0.6001  1.59
0.6101  1.66
0.6201  1.44
0.6301  1.58
0.6401  1.58
0.6501  1.47
0.6601  1.49
0.6701  1.65
0.6801  1.73
0.6901  1.55
0.7001  1.68
0.7101  1.87
0.7201  1.55
0.7301  1.62
0.7401  1.69
0.7501  1.79
0.7601  1.68
0.7701  1.79
0.7801  1.74
0.7901  1.78
0.8001  1.61
0.8101  1.69
0.8201  1.85
0.8301  1.67
0.8401  1.63
0.8501  1.56
0.8601  2
0.8701  1.67
0.8801  1.64
0.8901  1.66
0.9001  1.86
0.9101  1.68
0.9201  1.44
0.9301  1.72
0.9401  1.85
0.9501  1.67
0.9601  1.66
0.9701  1.82
0.9801  1.42
0.9901  1.91
1.0001  1.93
1.0101  1.48
1.0201  1.62
1.0301  1.59
1.0401  1.7
1.0501  1.75
1.0601  1.79
1.0701  1.66
1.0801  1.5
1.0901  1.46
1.1001  1.63
1.1101  1.44
1.1201  1.86
1.1301  1.46
1.1401  1.59
1.1501  1.83
1.1601  1.5
1.1701  1.44
1.1801  1.71
1.1901  1.49
1.2001  1.46
1.2101  1.45
1.2201  1.63
1.2301  1.48
1.2401  1.51
1.2501  1.54
1.2601  1.52
1.2701  1.41
1.2801  1.46
1.2901  1.4
1.3001  1.67
1.3101  1.5
1.3201  1.51
1.3301  1.46
1.3401  1.48
1.3501  1.51
1.3601  1.47
1.3701  1.36
1.3801  1.37
1.3901  1.46
1.4001  1.47
1.4101  1.35
1.4201  1.31
1.4301  1.48
1.4401  1.53
1.4501  1.36
1.4601  1.41
1.4701  1.69
1.4801  1.26
1.4901  1.33
1.5001  1.61
1.5101  1.36
1.5201  1.4
1.5301  1.51
1.5401  1.48
1.5501  1.45
1.5601  1.68
1.5701  1.47
1.5801  1.48
1.5901  1.4
1.6001  1.55
1.6101  1.58
1.6201  1.47
1.6301  1.77
1.6401  1.84
1.6501  1.79
1.6601  1.39
1.6701  1.41
1.6801  1.46
1.6901  1.58
1.7001  1.57
1.7101  1.68
1.7201  1.43
1.7301  1.72
1.7401  1.62
1.7501  1.73
1.7601  1.66
1.7701  1.65
1.7801  1.82
1.7901  1.74
1.8001  1.52
1.8101  1.58
1.8201  1.53
1.8301  1.47
1.8401  1.58
1.8501  1.77
1.8601  1.96
1.8701  1.79
1.8801  1.6
1.8901  1.67
1.9001  1.74
1.9101  1.57
1.9201  1.61
1.9301  1.75
1.9401  1.96
1.9501  1.72
1.9601  1.67
1.9701  1.54
1.9801  1.55
1.9901  1.54
2.0001  1.66
2.0101  1.79
2.0201  1.95
2.0301  1.49
2.0401  1.79
2.0501  1.73
2.0601  1.76
2.0701  1.93
2.0801  1.68
2.0901  1.64
2.1001  1.61
2.1101  1.6
2.1201  1.62
2.1301  1.66
2.1401  1.69
2.1501  1.74
2.1601  1.78
2.1701  1.69
2.1801  1.47
2.1901  1.78
2.2001  1.6
2.2101  1.51
2.2201  1.76
2.2301  1.49
2.2401  1.59
2.2501  1.73
2.2601  1.52
2.2701  1.48
2.2801  1.68
2.2901  1.34
2.3001  1.68
2.3101  1.53
2.3201  1.77
2.3301  1.69
2.3401  1.59
2.3501  1.6
2.3601  1.65
2.3701  1.66
2.3801  1.47
2.3901  1.57
2.4001  1.6
2.4101  1.63
2.4201  1.56
2.4301  1.75
2.4401  1.48
2.4501  1.41
2.4601  1.67
2.4701  1.5
2.4801  1.31
2.4901  1.47
2.5001  1.75
2.5101  1.65
2.5201  1.61
2.5301  1.47
2.5401  1.52
2.5501  1.8
2.5601  1.35
2.5701  1.45
2.5801  1.64
2.5901  1.62
2.6001  1.68
2.6101  1.75
2.6201  1.66
2.6301  1.55
2.6401  1.49
2.6501  1.7
2.6601  1.59
2.6701  1.55
2.6801  1.55
2.6901  1.67
2.7001  1.79
2.7101  1.72
2.7201  1.64
2.7301  1.41
2.7401  1.34
2.7501  1.59
2.7601  1.72
2.7701  1.84
2.7801  1.54
2.7901  1.64
2.8001  1.57
2.8101  1.52
2.8201  1.61
2.8301  1.72
2.8401  1.77
2.8501  1.69
2.8601  1.64
2.8701  1.42
2.8801  1.8
2.8901  1.45
2.9001  1.73
2.9101  1.77
2.9201  1.86
2.9301  1.82
2.9401  1.47
2.9501  1.44
2.9601  1.84
2.9701  1.75
2.9801  1.64
2.9901  1.85
3.0001  1.63
3.0101  1.65
3.0201  1.5
3.0301  1.75
3.0401  1.71
3.0501  1.84
3.0601  1.75
3.0701  1.5
3.0801  1.63
3.0901  1.68
3.1001  1.57
3.1101  1.59
3.1201  1.75
3.1301  1.79
3.1401  1.68
3.1501  1.73
3.1601  1.68
3.1701  1.57
3.1801  1.68
3.1901  1.83
3.2001  1.73
3.2101  1.77
3.2201  1.83
3.2301  1.77
3.2401  1.63
3.2501  1.73
3.2601  1.65
3.2701  1.74
3.2801  1.56
3.2901  1.56
3.3001  1.65
3.3101  1.59
3.3201  1.67
3.3301  1.7
3.3401  1.45
3.3501  1.56
3.3601  1.69
3.3701  1.8
3.3801  1.59
3.3901  1.56
3.4001  1.68
3.4101  1.5
3.4201  1.56
3.4301  1.66
3.4401  1.87
3.4501  1.64
3.4601  1.53
3.4701  1.59
3.4801  1.62
3.4901  1.49
3.5001  1.86
3.5101  1.79
3.5201  1.52
3.5301  1.55
3.5401  1.45
3.5501  1.49
3.5601  1.43
3.5701  1.58
3.5801  1.8
3.5901  1.67
3.6001  1.66
3.6101  1.53
3.6201  1.57
3.6301  1.49
3.6401  1.48
3.6501  1.38
3.6601  1.58
3.6701  1.65
3.6801  1.49
3.6901  1.82
3.7001  1.79
3.7101  1.58
3.7201  1.73
3.7301  1.5
3.7401  1.52
3.7501  1.61
3.7601  1.59
3.7701  1.58
3.7801  1.74
3.7901  1.55
3.8001  1.6
3.8101  1.43
3.8201  1.74
3.8301  1.69
3.8401  1.56
3.8501  1.54
3.8601  1.76
3.8701  1.57
3.8801  1.78
3.8901  1.56
3.9001  1.45
3.9101  1.72
3.9201  1.69
3.9301  1.76
3.9401  1.61
3.9501  1.76
3.9601  1.47
3.9701  1.53
3.9801  1.35
3.9901  1.74
4.0001  1.61
4.0101  1.82
4.0201  1.39
4.0301  1.83
4.0401  1.69
4.0501  1.9
4.0601  1.74
4.0701  1.68
4.0801  1.69
4.0901  1.67
4.1001  1.62
4.1101  1.6
4.1201  1.59
4.1301  1.99
4.1401  1.85
4.1501  1.6
4.1601  1.69
4.1701  1.61
4.1801  1.74
4.1901  1.7
4.2001  1.57
4.2101  1.63
4.2201  1.42
4.2301  1.67
4.2401  1.82
4.2501  1.61
4.2601  1.94
4.2701  1.64
4.2801  1.7
4.2901  1.7
4.3001  1.4
4.3101  1.79
4.3201  1.97
4.3301  1.66
4.3401  1.64
4.3501  1.78
4.3601  1.62
4.3701  1.64
4.3801  1.61
4.3901  1.8
4.4001  1.64
4.4101  1.52
4.4201  1.67
4.4301  1.66
4.4401  1.57
4.4501  1.6
4.4601  1.65
4.4701  1.6
4.4801  1.57
4.4901  1.71
4.5001  1.64
4.5101  1.71
4.5201  1.45
4.5301  1.57
4.5401  1.78
4.5501  1.75
4.5601  1.51
4.5701  1.52
4.5801  1.64
4.5901  1.65
4.6001  1.67
4.6101  1.46
4.6201  1.71
4.6301  1.42
4.6401  1.56
4.6501  1.39
4.6601  1.77
4.6701  1.69
4.6801  1.52
4.6901  1.76
4.7001  1.63
4.7101  1.74
4.7201  1.61
4.7301  1.67
4.7401  1.57
4.7501  1.59
4.7601  1.55
4.7701  1.5
4.7801  1.73
4.7901  1.56
4.8001  1.41
4.8101  1.63
4.8201  1.8
4.8301  1.44
4.8401  1.45
4.8501  1.62
4.8601  1.39
4.8701  1.73
4.8801  1.7
4.8901  1.67
4.9001  1.48
4.9101  1.7
4.9201  1.43
4.9301  1.46
4.9401  1.6
4.9501  1.49
4.9601  1.72
4.9701  1.47
4.9801  1.68
4.9901  1.39
5.0001  1.77
5.0101  1.38
5.0201  1.73
5.0301  1.62
5.0401  1.64
5.0501  1.7
5.0601  1.61
5.0701  1.64
5.0801  1.38
5.0901  1.84
5.1001  1.63
5.1101  1.72
5.1201  1.55
5.1301  1.64
5.1401  1.77
5.1501  1.42
5.1601  1.71
5.1701  1.73
5.1801  1.64
5.1901  1.67
5.2001  1.53
5.2101  1.62
5.2201  1.78
5.2301  1.52
5.2401  1.45
5.2501  1.79
5.2601  1.53
5.2701  1.81
5.2801  1.59
5.2901  1.74
5.3001  1.52
5.3101  1.7
5.3201  1.78
5.3301  1.73
5.3401  1.86
5.3501  1.63
5.3601  1.8
5.3701  1.69
5.3801  1.53
5.3901  1.5
5.4001  1.71
5.4101  1.56
5.4201  1.74
5.4301  1.47
5.4401  1.63
5.4501  1.85
5.4601  1.78
5.4701  1.82
5.4801  1.6
5.4901  1.65
5.5001  1.81
5.5101  1.62
5.5201  1.95
5.5301  1.91
5.5401  1.62
5.5501  1.53
5.5601  1.73
5.5701  1.64
5.5801  1.42
5.5901  1.55
5.6001  1.61
5.6101  1.54
5.6201  1.43
5.6301  1.5
5.6401  1.74
5.6501  1.71
5.6601  1.65
5.6701  1.9
5.6801  1.46
5.6901  1.61
5.7001  1.57
5.7101  1.53
5.7201  1.52
5.7301  1.7
5.7401  1.62
5.7501  1.8
5.7601  1.58
5.7701  1.73
5.7801  1.53
5.7901  1.79
5.8001  1.53
5.8101  1.48
5.8201  1.64
5.8301  1.52
5.8401  1.71
5.8501  1.58
5.8601  1.85
5.8701  1.88
5.8801  1.62
5.8901  1.66
5.9001  1.42
5.9101  1.63
5.9201  1.58
5.9301  1.68
5.9401  1.72
5.9501  1.62
5.9601  1.55
5.9701  1.53
5.9801  1.67
5.9901  1.64
6.0001  1.6
6.0101  1.46
6.0201  1.86
6.0301  1.38
6.0401  1.7
6.0501  2
6.0601  1.59
6.0701  1.6
6.0801  1.64
6.0901  1.79
6.1001  1.6
6.1101  1.33
6.1201  1.65
6.1301  1.52
6.1401  1.62
6.1501  1.7
6.1601  1.56
6.1701  1.56
6.1801  1.63
6.1901  1.5
6.2001  1.93
6.2101  1.58
6.2201  1.67
6.2301  1.57
6.2401  1.55
6.2501  1.7
6.2601  1.54
6.2701  1.48
6.2801  1.59
6.2901  1.69
6.3001  1.69
6.3101  1.76
6.3201  1.94
6.3301  1.73
6.3401  1.62
6.3501  1.55
6.3601  1.55
6.3701  1.68
6.3801  1.47
6.3901  1.55
6.4001  1.59
6.4101  1.58
6.4201  1.62
6.4301  1.68
6.4401  1.65
6.4501  1.59
6.4601  1.56
6.4701  1.61
6.4801  1.87
6.4901  1.85
6.5001  1.46
6.5101  1.78
6.5201  1.63
6.5301  1.6
6.5401  1.78
6.5501  1.64
6.5601  1.61
6.5701  1.7
6.5801  1.48
6.5901  1.78
6.6001  1.64
6.6101  1.53
6.6201  1.45
6.6301  1.59
6.6401  1.65
6.6501  1.75
6.6601  1.76
6.6701  1.74
6.6801  1.46
6.6901  1.74
6.7001  1.69
6.7101  1.79
6.7201  1.55
6.7301  1.87
6.7401  1.65
6.7501  1.56
6.7601  1.35
6.7701  1.49
6.7801  1.54
6.7901  1.74
6.8001  1.67
6.8101  1.57
6.8201  1.65
6.8301  1.72
6.8401  1.75
6.8501  1.48
6.8601  1.62
6.8701  1.63
6.8801  1.57
6.8901  1.5
6.9001  1.52
6.9101  1.56
6.9201  1.44
6.9301  1.66
6.9401  1.7
6.9501  1.56
6.9601  1.78
6.9701  1.43
6.9801  1.52
6.9901  1.47
7.0001  1.6
7.0101  1.57
7.0201  1.46
7.0301  1.72
7.0401  1.43
7.0501  1.56
7.0601  1.6
7.0701  1.85
7.0801  1.81
7.0901  1.52
7.1001  1.75
7.1101  1.59
7.1201  1.8
7.1301  1.64
7.1401  1.7
7.1501  1.67
7.1601  1.73
7.1701  1.52
7.1801  1.52
7.1901  1.47
7.2001  1.58
7.2101  1.56
7.2201  1.66
7.2301  1.59
7.2401  1.6
7.2501  1.77
7.2601  1.54
7.2701  1.66
7.2801  1.76
7.2901  1.63
7.3001  1.62
7.3101  1.74
7.3201  1.66
7.3301  1.61
7.3401  1.64
7.3501  1.6
7.3601  1.56
7.3701  1.65
7.3801  1.48
7.3901  1.58
7.4001  1.5
7.4101  1.64
7.4201  1.82
7.4301  1.79
7.4401  1.75
7.4501  1.84
7.4601  1.78
7.4701  1.43
7.4801  1.68
7.4901  1.52
7.5001  1.49
7.5101  1.62
7.5201  1.77
7.5301  1.49
7.5401  1.53
7.5501  2.02
7.5601  1.76
7.5701  1.7
7.5801  1.59
7.5901  1.67
7.6001  1.84
7.6101  1.66
7.6201  1.55
7.6301  1.42
7.6401  1.77
7.6501  1.62
7.6601  1.71
7.6701  1.72
7.6801  1.49
7.6901  1.62
7.7001  1.58
7.7101  1.61
7.7201  1.77
7.7301  1.45
7.7401  1.7
7.7501  1.64
7.7601  1.66
7.7701  1.52
7.7801  1.54
7.7901  1.64
7.8001  1.8
7.8101  1.54
7.8201  1.54
7.8301  2.08
7.8401  1.44
7.8501  1.63
7.8601  1.74
7.8701  1.56
7.8801  1.57
7.8901  1.44
7.9001  1.56
7.9101  1.67
7.9201  1.77
7.9301  1.57
7.9401  1.68
7.9501  1.44
7.9601  1.56
7.9701  1.84
7.9801  1.52
7.9901  1.65
8.0001  1.52
8.0101  1.62
8.0201  1.52
8.0301  1.65
8.0401  1.44
8.0501  1.52
8.0601  1.73
8.0701  1.55
8.0801  1.82
8.0901  1.68
8.1001  1.45
8.1101  1.68
8.1201  1.63
8.1301  1.53
8.1401  1.47
8.1501  1.6
8.1601  1.55
8.1701  1.59
8.1801  1.41
8.1901  1.55
8.2001  1.86
8.2101  1.68
8.2201  1.66
8.2301  1.99
8.2401  1.58
8.2501  1.52
8.2601  1.86
8.2701  1.53
8.2801  1.57
8.2901  1.18
8.3001  1.37
8.3101  1.53
8.3201  1.51
8.3301  1.8
8.3401  1.58
8.3501  1.86
8.3601  1.48
8.3701  1.55
8.3801  1.94
8.3901  1.47
8.4001  1.68
8.4101  1.64
8.4201  1.54
8.4301  1.74
8.4401  1.51
8.4501  1.73
8.4601  1.51
8.4701  1.59
8.4801  1.65
8.4901  1.62
8.5001  1.83
8.5101  1.79
8.5201  1.56
8.5301  1.92
8.5401  1.75
8.5501  1.58
8.5601  1.6
8.5701  1.82
8.5801  1.65
8.5901  1.78
8.6001  1.76
8.6101  1.63
8.6201  1.64
8.6301  1.85
8.6401  1.51
8.6501  1.61
8.6601  1.73
8.6701  1.55
8.6801  1.73
8.6901  1.83
8.7001  1.63
8.7101  1.61
8.7201  1.62
8.7301  1.69
8.7401  1.64
8.7501  1.69
8.7601  1.4
8.7701  1.93
8.7801  1.83
8.7901  1.87
8.8001  1.78
8.8101  1.62
8.8201  1.47
8.8301  1.63
8.8401  1.6
8.8501  1.65
8.8601  1.72
8.8701  1.63
8.8801  1.54
8.8901  1.6
8.9001  1.68
8.9101  1.56
8.9201  1.69
8.9301  1.56
8.9401  1.49
8.9501  1.57
8.9601  1.77
8.9701  1.25
8.9801  1.74
8.9901  1.72
9.0001  1.55
9.0101  1.84
9.0201  1.74
9.0301  1.44
9.0401  1.68
9.0501  1.67
9.0601  1.77
9.0701  1.53
9.0801  1.52
9.0901  1.59
9.1001  1.47
9.1101  1.55
9.1201  1.67
9.1301  1.45
9.1401  1.65
9.1501  1.76
9.1601  1.49
9.1701  1.65
9.1801  1.52
9.1901  1.46
9.2001  1.69
9.2101  1.52
9.2201  1.76
9.2301  1.69
9.2401  1.48
9.2501  1.53
9.2601  1.51
9.2701  1.57
9.2801  1.75
9.2901  1.58
9.3001  1.69
9.3101  1.59
9.3201  1.76
9.3301  1.58
9.3401  1.69
9.3501  1.67
9.3601  1.75
9.3701  1.72
9.3801  1.8
9.3901  1.65
9.4001  1.56
9.4101  1.42
9.4201  2.05
9.4301  1.55
9.4401  1.51
9.4501  1.64
9.4601  1.61
9.4701  1.63
9.4801  1.46
9.4901  1.72
9.5001  1.5
9.5101  1.67
9.5201  1.82
9.5301  1.63
9.5401  1.53
9.5501  1.68
9.5601  1.61
9.5701  1.64
9.5801  1.7
9.5901  1.7
9.6001  1.75
9.6101  1.56
9.6201  1.87
9.6301  1.85
9.6401  1.76
9.6501  1.55
9.6601  1.47
9.6701  1.77
9.6801  1.56
9.6901  1.64
9.7001  1.85
9.7101  1.52
9.7201  1.88
9.7301  1.69
9.7401  1.49
9.7501  1.7
9.7601  1.72
9.7701  1.63
9.7801  1.52
9.7901  1.66
9.8001  1.57
9.8101  1.54
9.8201  1.55
9.8301  1.57
9.8401  1.54
9.8501  1.76
9.8601  1.6
9.8701  1.75
9.8801  1.79
9.8901  1.66
9.9001  1.65
9.9101  1.7
9.9201  1.59
9.9301  1.64
9.9401  1.65
9.9501  1.43
9.9601  1.8
9.9701  1.43
9.9801  1.49
9.9901  1.55
10.0001  1.4
10.0101  1.7
10.0201  2.03
10.0301  1.69
10.0401  1.69
10.0501  1.61
10.0601  1.43
10.0701  1.6
10.0801  1.7
10.0901  1.52
10.1001  1.65
10.1101  1.54
10.1201  1.58
10.1301  1.96
10.1401  1.65
10.1501  1.55
10.1601  1.73
10.1701  1.64
10.1801  1.63
10.1901  1.65
10.2001  1.67
10.2101  1.8
10.2201  1.6
10.2301  1.64
10.2401  1.62
10.2501  1.38
10.2601  1.78
10.2701  1.5
10.2801  1.61
10.2901  1.66
10.3001  1.81
10.3101  1.53
10.3201  1.7
10.3301  1.61
10.3401  1.67
10.3501  1.5
10.3601  1.61
10.3701  1.88
10.3801  1.82
10.3901  1.52
10.4001  1.69
10.4101  1.57
10.4201  1.56
10.4301  1.35
10.4401  1.81
10.4501  1.55
10.4601  1.54
10.4701  1.76
10.4801  1.51
10.4901  1.68
10.5001  1.66
10.5101  1.64
10.5201  1.44
10.5301  1.62
10.5401  1.6
10.5501  1.7
10.5601  1.79
10.5701  1.63
10.5801  1.62
10.5901  2.03
10.6001  1.6
10.6101  1.73
10.6201  1.58
10.6301  1.36
10.6401  1.65
10.6501  1.64
10.6601  1.74
10.6701  1.54
10.6801  1.75
10.6901  1.6
10.7001  1.65
10.7101  1.73
10.7201  1.48
10.7301  1.75
10.7401  1.58
10.7501  1.68
10.7601  1.93
10.7701  1.73
10.7801  1.63
10.7901  1.49
10.8001  1.73
10.8101  1.59
10.8201  1.47
10.8301  1.63
10.8401  1.72
10.8501  1.63
10.8601  1.72
10.8701  1.65
10.8801  1.63
10.8901  1.43
10.9001  1.66
10.9101  1.73
10.9201  1.83
10.9301  1.77
10.9401  1.67
10.9501  1.75
10.9601  1.7
10.9701  1.52
10.9801  1.58
10.9901  1.44
11.0001  1.8
11.0101  1.54
11.0201  1.59
11.0301  1.75
11.0401  1.63
11.0501  1.72
11.0601  1.65
11.0701  1.55
11.0801  1.52
11.0901  1.33
11.1001  1.74
11.1101  1.9
11.1201  1.73
11.1301  1.6
11.1401  1.83
11.1501  1.54
11.1601  1.51
11.1701  1.62
11.1801  1.54
11.1901  1.5
11.2001  1.82
11.2101  1.58
11.2201  1.64
11.2301  1.61
11.2401  1.6
11.2501  1.93
11.2601  1.88
11.2701  1.71
11.2801  1.32
11.2901  1.55
11.3001  1.47
11.3101  1.67
11.3201  1.81
11.3301  1.76
11.3401  1.83
11.3501  1.73
11.3601  1.43
11.3701  1.8
11.3801  1.54
11.3901  1.69
11.4001  1.68
11.4101  1.6
11.4201  1.5
11.4301  1.7
11.4401  1.77
11.4501  1.66
11.4601  1.63
11.4701  1.6
11.4801  1.72
11.4901  1.86
11.5001  1.87
11.5101  1.74
11.5201  1.48
11.5301  1.62
11.5401  1.64
11.5501  1.72
11.5601  1.61
11.5701  1.53
11.5801  1.62
11.5901  1.62
11.6001  1.4
11.6101  1.57
11.6201  1.79
11.6301  1.7
11.6401  1.63
11.6501  1.51
11.6601  1.78
11.6701  1.57
11.6801  1.79
11.6901  1.8
11.7001  1.53
11.7101  1.74
11.7201  1.66
11.7301  1.75
11.7401  1.31
11.7501  1.43
11.7601  1.67
11.7701  1.68
11.7801  1.76
11.7901  1.61
11.8001  1.72
11.8101  1.84
11.8201  1.49
11.8301  1.65
11.8401  1.66
11.8501  1.62
11.8601  1.45
11.8701  1.96
11.8801  1.58
11.8901  1.73
11.9001  1.69
11.9101  1.41
11.9201  1.65
11.9301  1.57
11.9401  1.75
11.9501  1.55
11.9601  1.67
11.9701  1.62
11.9801  1.58
11.9901  1.55
12.0001  1.67
12.0101  1.72
12.0201  1.79
12.0301  1.36
12.0401  1.41
12.0501  1.59
12.0601  1.67
12.0701  1.6
12.0801  1.78
12.0901  1.69
12.1001  1.74
12.1101  1.43
12.1201  1.51
12.1301  1.7
12.1401  1.45
12.1501  1.59
12.1601  1.67
12.1701  1.33
12.1801  1.72
12.1901  1.66
12.2001  1.82
12.2101  1.7
12.2201  1.72
12.2301  1.65
12.2401  1.44
12.2501  1.59
12.2601  1.44
12.2701  1.54
12.2801  1.71
12.2901  1.69
12.3001  1.59
12.3101  1.38
12.3201  1.68
12.3301  1.67
12.3401  1.78
12.3501  1.75
12.3601  1.47
12.3701  1.52
12.3801  1.6
12.3901  1.59
12.4001  1.62
12.4101  1.92
12.4201  1.63
12.4301  1.68
12.4401  1.68
12.4501  1.55
12.4601  1.76
12.4701  1.8
12.4801  1.64
12.4901  1.64
12.5001  1.63
12.5101  1.58
12.5201  1.57
12.5301  1.87
12.5401  1.72
12.5501  1.58
12.5601  1.51
12.5701  1.53
12.5801  1.83
12.5901  1.6
12.6001  1.76
12.6101  1.68
12.6201  1.56
12.6301  1.86
12.6401  1.58
12.6501  1.44
12.6601  1.47
12.6701  1.44
12.6801  1.71
12.6901  1.66
12.7001  1.73
12.7101  1.52
12.7201  1.69
12.7301  1.78
12.7401  1.58
12.7501  1.69
12.7601  1.63
12.7701  1.61
12.7801  1.68
12.7901  1.69
12.8001  1.61
12.8101  1.39
12.8201  1.59
12.8301  1.62
12.8401  1.38
12.8501  1.82
12.8601  1.55
12.8701  1.61
12.8801  1.68
12.8901  1.55
12.9001  1.47
12.9101  1.75
12.9201  1.68
12.9301  1.62
12.9401  1.47
12.9501  1.68
12.9601  1.6
12.9701  1.55
12.9801  1.53
12.9901  1.51
13.0001  1.56
13.0101  1.65
13.0201  1.51
13.0301  1.74
13.0401  1.88
13.0501  1.78
13.0601  1.65
13.0701  1.81
13.0801  1.41
13.0901  1.49
13.1001  1.6
13.1101  1.68
13.1201  1.51
13.1301  1.58
13.1401  1.83
13.1501  1.51
13.1601  1.46
13.1701  1.58
13.1801  1.98
13.1901  1.7
13.2001  1.46
13.2101  1.7
13.2201  1.58
13.2301  1.65
13.2401  1.59
13.2501  1.5
13.2601  1.57
13.2701  1.65
13.2801  1.92
13.2901  1.57
13.3001  1.5
13.3101  1.61
13.3201  1.72
13.3301  1.66
13.3401  1.59
13.3501  1.55
13.3601  1.94
13.3701  1.42
13.3801  1.72
13.3901  1.53
13.4001  1.77
13.4101  1.45
13.4201  1.67
13.4301  1.75
13.4401  1.69
13.4501  1.65
13.4601  1.57
13.4701  1.46
13.4801  1.69
13.4901  1.68
13.5001  1.72
13.5101  1.54
13.5201  1.61
13.5301  1.71
13.5401  1.63
13.5501  1.6
13.5601  1.75
13.5701  1.46
13.5801  1.66
13.5901  1.25
13.6001  1.56
13.6101  1.74
13.6201  1.72
13.6301  1.79
13.6401  1.68
13.6501  1.57
13.6601  1.57
13.6701  1.72
13.6801  1.68
13.6901  1.53
13.7001  1.52
13.7101  1.79
13.7201  1.63
13.7301  1.56
13.7401  1.43
13.7501  1.63
13.7601  1.6
13.7701  1.6
13.7801  1.69
13.7901  1.48
13.8001  1.63
13.8101  1.52
13.8201  1.56
13.8301  1.55
13.8401  1.83
13.8501  1.56
13.8601  1.44
13.8701  1.57
13.8801  1.79
13.8901  1.59
13.9001  1.78
13.9101  1.71
13.9201  1.78
13.9301  1.82
13.9401  1.6
13.9501  1.65
13.9601  1.54
13.9701  1.51
13.9801  1.29
13.9901  1.8
14.0001  1.62
14.0101  1.74
14.0201  1.71
14.0301  1.52
14.0401  1.61
14.0501  1.61
14.0601  1.78
14.0701  1.57
14.0801  1.63
14.0901  1.51
14.1001  1.74
14.1101  1.67
14.1201  1.77
14.1301  1.52
14.1401  1.69
14.1501  1.69
14.1601  1.72
14.1701  1.38
14.1801  1.58
14.1901  1.72
14.2001  1.69
14.2101  1.55
14.2201  1.75
14.2301  1.43
14.2401  1.68
14.2501  1.82
14.2601  1.57
14.2701  1.49
14.2801  1.77
14.2901  1.55
14.3001  1.72
14.3101  1.89
14.3201  1.51
14.3301  1.63
14.3401  1.35
14.3501  1.63
14.3601  1.52
14.3701  1.48
14.3801  1.79
14.3901  1.78
14.4001  1.63
14.4101  1.61
14.4201  1.84
14.4301  1.63
14.4401  1.58
14.4501  1.53
14.4601  1.84
14.4701  1.7
14.4801  1.48
14.4901  1.47
14.5001  1.27
14.5101  1.71
14.5201  1.72
14.5301  1.47
14.5401  1.66
14.5501  1.73
14.5601  1.61
14.5701  1.76
14.5801  1.78
14.5901  1.6
14.6001  1.76
14.6101  1.76
14.6201  1.52
14.6301  1.53
14.6401  1.41
14.6501  1.85
14.6601  1.68
14.6701  1.42
14.6801  1.61
14.6901  1.67
14.7001  1.6
14.7101  1.65
14.7201  1.65
14.7301  1.53
14.7401  1.47
14.7501  1.64
14.7601  1.99
14.7701  1.66
14.7801  1.61
14.7901  1.51
14.8001  1.59
14.8101  1.42
14.8201  1.46
14.8301  1.54
14.8401  1.57
14.8501  1.66
14.8601  1.59
14.8701  1.75
14.8801  1.57
14.8901  1.54
14.9001  1.65
14.9101  1.66
14.9201  1.54
14.9301  1.91
14.9401  1.54
14.9501  1.72
14.9601  1.66
14.9701  1.76
14.9801  1.6
14.9901  1.69
15.0001  1.48
15.0101  1.54
15.0201  1.64
15.0301  1.3
15.0401  1.66
15.0501  1.47
15.0601  1.72
15.0701  1.76
15.0801  1.47
15.0901  1.71
15.1001  1.62
15.1101  1.73
15.1201  1.73
15.1301  1.52
15.1401  1.43
15.1501  1.61
15.1601  1.79
15.1701  1.46
15.1801  1.48
15.1901  2
15.2001  1.72
15.2101  1.58
15.2201  1.49
15.2301  1.8
15.2401  1.54
15.2501  1.68
15.2601  1.74
15.2701  1.53
15.2801  1.47
15.2901  1.69
15.3001  1.71
15.3101  1.62
15.3201  1.55
15.3301  1.66
15.3401  1.68
15.3501  1.63
15.3601  1.56
15.3701  1.66
15.3801  2.08
15.3901  1.58
15.4001  1.66
15.4101  1.52
15.4201  1.48
15.4301  1.35
15.4401  1.73
15.4501  1.5
15.4601  1.7
15.4701  1.59
15.4801  1.65
15.4901  1.96
15.5001  1.75
15.5101  1.68
15.5201  1.69
15.5301  1.49
15.5401  1.52
15.5501  1.62
15.5601  1.6
15.5701  1.58
15.5801  1.53
15.5901  1.82
15.6001  1.83
15.6101  1.71
15.6201  1.59
15.6301  1.63
15.6401  1.6
15.6501  1.53
15.6601  1.75
15.6701  1.69
15.6801  1.47
15.6901  1.78
15.7001  1.59
15.7101  1.8
15.7201  1.65
15.7301  1.47
15.7401  1.82
15.7501  1.52
15.7601  1.51
15.7701  1.71
15.7801  1.51
15.7901  1.6
15.8001  1.49
15.8101  1.69
15.8201  1.69
15.8301  1.69
15.8401  1.65
15.8501  1.5
15.8601  1.61
15.8701  1.54
15.8801  1.68
15.8901  1.59
15.9001  1.53
15.9101  1.68
15.9201  1.79
15.9301  1.82
15.9401  1.84
15.9501  1.66
15.9601  1.69
15.9701  1.57
15.9801  1.43
15.9901  1.66
16.0001  1.58
16.0101  1.8
16.0201  1.59
16.0301  1.62
16.0401  1.79
16.0501  1.79
16.0601  1.57
16.0701  1.51
16.0801  1.65
16.0901  1.52
16.1001  1.81
16.1101  1.63
16.1201  1.81
16.1301  1.5
16.1401  1.62
16.1501  1.84
16.1601  1.54
16.1701  1.63
16.1801  1.5
16.1901  1.73
16.2001  1.52
16.2101  1.73
16.2201  1.74
16.2301  1.57
16.2401  1.66
16.2501  1.7
16.2601  1.54
16.2701  1.91
16.2801  1.62
16.2901  1.71
16.3001  1.76
16.3101  1.54
16.3201  1.54
16.3301  1.75
16.3401  1.57
16.3501  1.79
16.3601  1.72
16.3701  1.71
16.3801  1.63
16.3901  1.61
16.4001  1.72
16.4101  1.64
16.4201  1.56
16.4301  1.72
16.4401  1.67
16.4501  1.56
16.4601  1.63
16.4701  1.62
16.4801  1.92
16.4901  1.49
16.5001  1.65
16.5101  1.43
16.5201  1.61
16.5301  1.58
16.5401  1.71
16.5501  1.93
16.5601  1.81
16.5701  1.45
16.5801  1.6
16.5901  1.56
16.6001  1.76
16.6101  1.73
16.6201  1.62
16.6301  1.59
16.6401  1.5
16.6501  1.74
16.6601  1.58
16.6701  1.59
16.6801  1.55
16.6901  1.72
16.7001  1.69
16.7101  1.52
16.7201  1.61
16.7301  1.62
16.7401  1.47
16.7501  1.52
16.7601  1.77
16.7701  1.71
16.7801  1.57
16.7901  1.61
16.8001  1.61
16.8101  1.54
16.8201  1.62
16.8301  1.76
16.8401  1.51
16.8501  1.81
16.8601  1.52
16.8701  1.53
16.8801  1.7
16.8901  1.55
16.9001  1.71
16.9101  1.84
16.9201  1.57
16.9301  1.76
16.9401  1.55
16.9501  1.72
16.9601  1.84
16.9701  1.51
16.9801  1.43
16.9901  1.66
17.0001  1.45
17.0101  1.67
17.0201  1.63
17.0301  1.78
17.0401  1.48
17.0501  1.69
17.0601  1.6
17.0701  1.7
17.0801  1.75
17.0901  1.79
17.1001  1.66
17.1101  1.54
17.1201  1.44
17.1301  1.46
17.1401  1.58
17.1501  1.6
17.1601  1.58
17.1701  1.67
17.1801  1.78
17.1901  1.62
17.2001  1.57
17.2101  1.52
17.2201  1.51
17.2301  1.71
17.2401  1.87
17.2501  1.54
17.2601  1.69
17.2701  1.62
17.2801  1.5
17.2901  1.57
17.3001  1.45
17.3101  1.51
17.3201  1.72
17.3301  1.71
17.3401  1.65
17.3501  1.7
17.3601  1.77
17.3701  1.51
17.3801  1.47
17.3901  1.73
17.4001  1.69
17.4101  1.65
17.4201  1.69
17.4301  1.43
17.4401  1.6
17.4501  1.56
17.4601  1.61
17.4701  1.81
17.4801  1.57
17.4901  1.59
17.5001  1.82
17.5101  1.67
17.5201  1.49
17.5301  1.53
17.5401  1.56
17.5501  1.4
17.5601  1.85
17.5701  1.9
17.5801  1.55
17.5901  1.55
17.6001  1.65
17.6101  1.78
17.6201  1.64
17.6301  1.86
17.6401  1.49
17.6501  1.63
17.6601  1.74
17.6701  1.71
17.6801  1.63
17.6901  1.54
17.7001  1.59
17.7101  1.77
17.7201  1.75
17.7301  1.62
17.7401  1.53
17.7501  1.89
17.7601  1.7
17.7701  1.66
17.7801  1.61
17.7901  1.46
17.8001  1.64
17.8101  1.6
17.8201  1.79
17.8301  1.64
17.8401  1.71
17.8501  1.56
17.8601  1.52
17.8701  1.73
17.8801  1.71
17.8901  1.73
17.9001  1.66
17.9101  1.81
17.9201  1.85
17.9301  1.61
17.9401  1.59
17.9501  1.67
17.9601  1.63
17.9701  1.62
17.9801  1.63
17.9901  1.41
18.0001  1.67
18.0101  1.35
18.0201  1.53
18.0301  1.61
18.0401  1.81
18.0501  1.58
18.0601  1.68
18.0701  1.65
18.0801  1.53
18.0901  1.7
18.1001  1.53
18.1101  1.54
18.1201  1.52
18.1301  1.85
18.1401  1.39
18.1501  1.54
18.1601  1.53
18.1701  1.7
18.1801  1.58
18.1901  1.5
18.2001  1.45
18.2101  1.55
18.2201  1.56
18.2301  1.77
18.2401  1.55
18.2501  1.65
18.2601  1.65
18.2701  1.67
18.2801  1.67
18.2901  1.47
18.3001  1.63
18.3101  1.67
18.3201  1.41
18.3301  1.52
18.3401  1.58
18.3501  1.62
18.3601  1.78
18.3701  1.49
18.3801  1.53
18.3901  1.6
18.4001  1.61
18.4101  1.61
18.4201  1.56
18.4301  1.38
18.4401  1.74
18.4501  2.03
18.4601  1.73
18.4701  1.35
18.4801  1.56
18.4901  1.59
18.5001  1.42
18.5101  1.59
18.5201  1.84
18.5301  1.59
18.5401  1.87
18.5501  1.72
18.5601  1.69
18.5701  1.55
18.5801  1.61
18.5901  1.62
18.6001  1.53
18.6101  1.52
18.6201  1.68
18.6301  1.56
18.6401  1.76
18.6501  1.63
18.6601  1.73
18.6701  1.55
18.6801  1.62
18.6901  1.6
18.7001  1.83
18.7101  1.43
18.7201  1.77
18.7301  1.48
18.7401  1.76
18.7501  1.69
18.7601  1.56
18.7701  1.69
18.7801  1.81
18.7901  1.52
18.8001  1.84
18.8101  1.63
18.8201  1.8
18.8301  1.67
18.8401  1.65
18.8501  1.74
18.8601  1.52
18.8701  1.7
18.8801  1.76
18.8901  1.58
18.9001  1.52
18.9101  1.66
18.9201  1.39
18.9301  1.78
18.9401  1.69
18.9501  1.74
18.9601  1.8
18.9701  1.48
18.9801  1.79
18.9901  1.57
19.0001  1.65
19.0101  1.59
19.0201  1.75
19.0301  1.69
19.0401  1.56
19.0501  1.44
19.0601  1.6
19.0701  1.46
19.0801  1.63
19.0901  1.66
19.1001  1.77
19.1101  1.74
19.1201  1.65
19.1301  1.68
19.1401  1.67
19.1501  1.61
19.1601  1.58
19.1701  1.47
19.1801  1.59
19.1901  1.55
19.2001  1.6
19.2101  1.63
19.2201  1.34
19.2301  1.45
19.2401  1.77
19.2501  1.56
19.2601  1.62
19.2701  1.9
19.2801  1.54
19.2901  1.44
19.3001  1.59
19.3101  1.74
19.3201  1.63
19.3301  1.67
19.3401  1.37
19.3501  1.56
19.3601  1.57
19.3701  1.81
19.3801  1.52
19.3901  1.49
19.4001  1.4
19.4101  1.67
19.4201  1.65
19.4301  1.57
19.4401  1.57
19.4501  1.42
19.4601  1.64
19.4701  1.62
19.4801  1.48
19.4901  1.59
19.5001  1.79
19.5101  1.52
19.5201  1.78
19.5301  1.62
19.5401  1.39
19.5501  1.56
19.5601  1.92
19.5701  1.71
19.5801  1.5
19.5901  1.79
19.6001  1.73
19.6101  1.45
19.6201  1.52
19.6301  1.47
19.6401  1.77
19.6501  1.76
19.6601  1.41
19.6701  1.62
19.6801  1.49
19.6901  1.55
19.7001  1.7
19.7101  1.78
19.7201  1.57
19.7301  1.82
19.7401  1.65
19.7501  1.59
19.7601  1.7
19.7701  1.77
19.7801  1.56
19.7901  1.86
19.8001  1.75
19.8101  1.6
19.8201  1.87
19.8301  1.73
19.8401  1.43
19.8501  1.95
19.8601  1.56
19.8701  1.69
19.8801  1.48
19.8901  1.81
19.9001  1.53
19.9101  1.68
19.9201  1.53
19.9301  1.61
19.9401  1.74
19.9501  1.8
19.9601  1.61
19.9701  1.61
19.9801  1.63
19.9901  1.63
20.0001  1.74
20.0101  1.74
20.0201  1.68
20.0301  1.5
20.0401  1.81
20.0501  1.66
20.0601  1.89
20.0701  1.65
20.0801  1.4
20.0901  1.71
20.1001  1.58
20.1101  1.86
20.1201  1.51
20.1301  1.66
20.1401  1.64
20.1501  1.66
20.1601  1.56
20.1701  1.34
20.1801  1.52
20.1901  1.45
20.2001  1.75
20.2101  1.47
20.2201  1.54
20.2301  1.53
20.2401  1.53
20.2501  1.61
20.2601  1.86
20.2701  1.6
20.2801  1.67
20.2901  1.91
20.3001  1.48
20.3101  1.6
20.3201  1.65
20.3301  1.57
20.3401  1.78
20.3501  1.47
20.3601  1.56
20.3701  1.67
20.3801  1.35
20.3901  1.77
20.4001  1.75
20.4101  1.69
20.4201  1.62
20.4301  1.55
20.4401  1.67
20.4501  1.65
20.4601  1.63
20.4701  1.6
20.4801  1.5
20.4901  1.65
20.5001  1.84
20.5101  1.78
20.5201  1.59
20.5301  1.66
20.5401  1.45
20.5501  1.26
20.5601  1.5
20.5701  1.6
20.5801  1.69
20.5901  1.61
20.6001  2.02
20.6101  1.43
20.6201  1.69
20.6301  1.74
20.6401  1.62
20.6501  1.52
20.6601  1.7
20.6701  1.45
20.6801  1.66
20.6901  1.6
20.7001  1.52
20.7101  1.61
20.7201  1.57
20.7301  1.45
20.7401  1.6
20.7501  1.67
20.7601  1.55
20.7701  1.7
20.7801  1.75
20.7901  1.41
20.8001  1.69
20.8101  1.73
20.8201  1.52
20.8301  1.63
20.8401  1.83
20.8501  1.44
20.8601  1.72
20.8701  1.71
20.8801  1.7
20.8901  1.54
20.9001  1.58
20.9101  1.71
20.9201  1.68
20.9301  1.34
20.9401  1.68
20.9501  1.77
20.9601  1.75
20.9701  1.73
20.9801  1.51
20.9901  1.52
21.0001  1.72
21.0101  1.64
21.0201  1.49
21.0301  1.6
21.0401  1.84
21.0501  1.7
21.0601  1.55
21.0701  1.54
21.0801  1.66
21.0901  1.62
21.1001  1.75
21.1101  1.71
21.1201  1.62
21.1301  1.34
21.1401  1.65
21.1501  1.96
21.1601  1.61
21.1701  1.65
21.1801  1.6
21.1901  1.57
21.2001  1.53
21.2101  1.51
21.2201  1.79
21.2301  1.82
21.2401  1.64
21.2501  1.72
21.2601  1.62
21.2701  1.45
21.2801  1.48
21.2901  1.8
21.3001  1.77
21.3101  1.82
21.3201  1.74
21.3301  1.83
21.3401  1.43
21.3501  1.53
21.3601  1.87
21.3701  1.47
21.3801  1.46
21.3901  1.55
21.4001  1.54
21.4101  1.7
21.4201  1.54
21.4301  1.64
21.4401  1.68
21.4501  1.86
21.4601  1.47
21.4701  1.87
21.4801  1.56
21.4901  1.75
21.5001  1.69
21.5101  1.7
21.5201  1.66
21.5301  1.55
21.5401  1.69
21.5501  1.63
21.5601  1.36
21.5701  1.62
21.5801  1.6
21.5901  1.47
21.6001  1.68
21.6101  1.78
21.6201  1.65
21.6301  1.52
21.6401  1.52
21.6501  1.52
21.6601  1.67
21.6701  1.99
21.6801  1.64
21.6901  1.56
21.7001  1.44
21.7101  1.59
21.7201  1.65
21.7301  1.82
21.7401  1.72
21.7501  1.58
21.7601  1.39
21.7701  1.52
21.7801  1.55
21.7901  1.59
21.8001  1.64
21.8101  1.67
21.8201  1.51
21.8301  1.48
21.8401  1.67
21.8501  1.77
21.8601  1.6
21.8701  1.73
21.8801  1.78
21.8901  1.51
21.9001  1.79
21.9101  1.4
21.9201  1.61
21.9301  1.67
21.9401  1.76
21.9501  1.54
21.9601  1.26
21.9701  1.9
21.9801  1.54
21.9901  1.64
22.0001  1.45
22.0101  1.65
22.0201  1.77
22.0301  1.55
22.0401  1.74
22.0501  1.62
22.0601  1.62
22.0701  1.7
22.0801  1.74
22.0901  1.75
22.1001  1.66
22.1101  1.5
22.1201  1.65
22.1301  1.73
22.1401  1.63
22.1501  1.68
22.1601  1.17
22.1701  1.63
22.1801  1.61
22.1901  1.82
22.2001  1.84
22.2101  1.82
22.2201  1.49
22.2301  1.58
22.2401  1.67
22.2501  1.52
22.2601  1.73
22.2701  1.39
22.2801  1.44
22.2901  1.78
22.3001  1.75
22.3101  1.7
22.3201  1.42
22.3301  1.73
22.3401  1.63
22.3501  1.58
22.3601  1.9
22.3701  1.51
22.3801  1.33
22.3901  1.82
22.4001  1.5
22.4101  1.67
22.4201  1.47
22.4301  1.43
22.4401  1.71
22.4501  1.73
22.4601  1.65
22.4701  1.73
22.4801  1.69
22.4901  1.42
22.5001  1.57
22.5101  1.63
22.5201  1.69
22.5301  1.59
22.5401  1.71
22.5501  1.75
22.5601  1.63
22.5701  1.57
22.5801  1.6
22.5901  1.67
22.6001  1.68
22.6101  1.4
22.6201  1.66
22.6301  1.59
22.6401  1.63
22.6501  1.55
22.6601  1.57
22.6701  1.72
22.6801  1.59
22.6901  1.65
22.7001  1.85
22.7101  1.62
22.7201  1.56
22.7301  1.35
22.7401  1.72
22.7501  1.71
22.7601  1.67
22.7701  1.55
22.7801  1.6
22.7901  1.61
22.8001  1.71
22.8101  1.78
22.8201  1.52
22.8301  1.61
22.8401  1.91
22.8501  1.68
22.8601  1.43
22.8701  1.8
22.8801  1.58
22.8901  1.57
22.9001  1.66
22.9101  1.56
22.9201  1.66
22.9301  1.45
22.9401  1.66
22.9501  1.73
22.9601  1.46
22.9701  1.55
22.9801  1.68
22.9901  1.74
23.0001  1.58
23.0101  1.59
23.0201  1.75
23.0301  1.65
23.0401  1.45
23.0501  1.78
23.0601  1.45
23.0701  1.82
23.0801  1.61
23.0901  1.68
23.1001  1.45
23.1101  1.63
23.1201  1.6
23.1301  1.7
23.1401  1.63
23.1501  1.65
23.1601  1.53
23.1701  1.5
23.1801  1.63
23.1901  1.65
23.2001  1.96
23.2101  1.73
23.2201  1.71
23.2301  1.72
23.2401  1.41
23.2501  1.72
23.2601  1.68
23.2701  1.64
23.2801  1.9
23.2901  1.52
23.3001  1.59
23.3101  1.65
23.3201  1.43
23.3301  1.55
23.3401  1.65
23.3501  1.5
23.3601  1.62
23.3701  1.66
23.3801  1.63
23.3901  1.55
23.4001  1.64
23.4101  1.84
23.4201  1.74
23.4301  1.62
23.4401  1.63
23.4501  1.59
23.4601  1.36
23.4701  1.4
23.4801  1.62
23.4901  1.63
23.5001  1.66
23.5101  1.71
23.5201  1.7
23.5301  1.96
23.5401  1.65
23.5501  1.59
23.5601  1.67
23.5701  1.61
23.5801  1.53
23.5901  1.62
23.6001  1.77
23.6101  1.51
23.6201  1.62
23.6301  1.63
23.6401  1.83
23.6501  1.64
23.6601  1.54
23.6701  1.71
23.6801  1.69
23.6901  1.68
23.7001  1.48
23.7101  1.65
23.7201  1.74
23.7301  1.58
23.7401  1.9
23.7501  1.59
23.7601  1.74
23.7701  1.66
23.7801  1.8
23.7901  1.7
23.8001  1.66
23.8101  1.64
23.8201  1.59
23.8301  1.58
23.8401  1.78
23.8501  1.72
23.8601  1.35
23.8701  1.58
23.8801  1.94
23.8901  1.6
23.9001  1.66
23.9101  1.54
23.9201  1.82
23.9301  1.63
23.9401  1.61
23.9501  1.63
23.9601  1.88
23.9701  1.62
23.9801  1.59
23.9901  1.68
24.0001  1.62
24.0101  1.58
24.0201  1.6
24.0301  1.64
24.0401  1.74
24.0501  1.51
24.0601  1.39
24.0701  1.67
24.0801  1.57
24.0901  1.61
24.1001  1.59
24.1101  1.77
24.1201  1.7
24.1301  1.52
24.1401  1.72
24.1501  1.57
24.1601  1.58
24.1701  1.43
24.1801  1.65
24.1901  1.76
24.2001  1.71
24.2101  1.58
24.2201  1.48
24.2301  1.58
24.2401  1.64
24.2501  1.5
24.2601  1.52
24.2701  1.72
24.2801  1.51
24.2901  1.72
24.3001  1.81
24.3101  1.76
24.3201  1.56
24.3301  1.67
24.3401  1.53
24.3501  1.86
24.3601  1.72
24.3701  1.68
24.3801  1.51
24.3901  1.55
24.4001  1.62
24.4101  1.77
24.4201  1.58
24.4301  1.46
24.4401  1.67
24.4501  1.71
24.4601  1.64
24.4701  1.67
24.4801  1.47
24.4901  1.41
24.5001  1.87
24.5101  1.78
24.5201  1.54
24.5301  1.89
24.5401  1.71
24.5501  1.78
24.5601  1.6
24.5701  1.68
24.5801  1.53
24.5901  1.48
24.6001  1.63
24.6101  1.54
24.6201  1.82
24.6301  1.58
24.6401  1.54
24.6501  1.71
24.6601  1.75
24.6701  1.58
24.6801  1.45
24.6901  1.8
24.7001  1.45
24.7101  1.47
24.7201  1.53
24.7301  1.73
24.7401  1.78
24.7501  1.78
24.7601  1.76
24.7701  1.56
24.7801  1.68
24.7901  1.66
24.8001  1.43
24.8101  1.58
24.8201  1.64
24.8301  1.48
24.8401  1.77
24.8501  1.47
24.8601  1.71
24.8701  1.67
24.8801  1.61
24.8901  1.65
24.9001  1.6
24.9101  1.55
24.9201  1.72
24.9301  1.56
24.9401  1.58
24.9501  1.77
24.9601  1.83
24.9701  1.67
24.9801  1.54
24.9901  1.77
25.0001  1.47
25.0101  1.5
25.0201  1.65
25.0301  1.8
25.0401  1.82
25.0501  1.73
25.0601  1.62
25.0701  1.64
25.0801  1.5
25.0901  1.67
25.1001  1.71
25.1101  1.54
25.1201  1.74
25.1301  1.57
25.1401  1.56
25.1501  1.61
25.1601  1.64
25.1701  1.53
25.1801  1.49
25.1901  1.5
25.2001  1.65
25.2101  1.86
25.2201  1.5
25.2301  1.75
25.2401  1.89
25.2501  1.51
25.2601  1.81
25.2701  1.65
25.2801  1.71
25.2901  1.7
25.3001  1.61
25.3101  1.79
25.3201  1.64
25.3301  1.53
25.3401  1.47
25.3501  1.6
25.3601  1.73
25.3701  1.56
25.3801  1.71
25.3901  1.57
25.4001  1.7
25.4101  1.64
25.4201  1.69
25.4301  1.76
25.4401  1.7
25.4501  1.74
25.4601  1.6
25.4701  1.87
25.4801  1.44
25.4901  1.62
25.5001  1.48
25.5101  1.63
25.5201  1.55
25.5301  1.43
25.5401  1.64
25.5501  1.94
25.5601  1.52
25.5701  1.63
25.5801  1.58
25.5901  1.88
25.6001  1.62
25.6101  1.42
25.6201  1.59
25.6301  1.52
25.6401  1.8
25.6501  1.69
25.6601  1.52
25.6701  1.72
25.6801  1.5
25.6901  1.61
25.7001  1.77
25.7101  1.63
25.7201  1.68
25.7301  1.53
25.7401  1.73
25.7501  1.55
25.7601  1.57
25.7701  1.78
25.7801  1.77
25.7901  1.71
25.8001  1.56
25.8101  1.67
25.8201  1.45
25.8301  1.65
25.8401  1.34
25.8501  1.74
25.8601  1.53
25.8701  1.63
25.8801  1.63
25.8901  1.54
25.9001  1.79
25.9101  1.75
25.9201  1.56
25.9301  1.64
25.9401  1.6
25.9501  1.69
25.9601  1.62
25.9701  1.55
25.9801  1.67
25.9901  1.71
26.0001  1.65
26.0101  1.69
26.0201  1.62
26.0301  1.61
26.0401  1.55
26.0501  1.47
26.0601  1.64
26.0701  1.5
26.0801  1.76
26.0901  1.61
26.1001  1.66
26.1101  1.72
26.1201  1.53
26.1301  1.57
26.1401  1.59
26.1501  1.66
26.1601  1.79
26.1701  1.34
26.1801  1.55
26.1901  1.53
26.2001  1.89
26.2101  1.37
26.2201  1.54
26.2301  1.68
26.2401  1.56
26.2501  1.91
26.2601  1.43
26.2701  1.77
26.2801  1.66
26.2901  1.69
26.3001  1.89
26.3101  1.67
26.3201  1.72
26.3301  1.6
26.3401  1.63
26.3501  1.35
26.3601  1.37
26.3701  1.65
26.3801  1.57
26.3901  1.58
26.4001  1.7
26.4101  1.56
26.4201  1.52
26.4301  1.75
26.4401  1.67
26.4501  1.54
26.4601  1.8
26.4701  1.82
26.4801  1.46
26.4901  1.47
26.5001  1.84
26.5101  1.46
26.5201  1.9
26.5301  1.62
26.5401  1.62
26.5501  1.59
26.5601  1.63
26.5701  1.44
26.5801  1.79
26.5901  1.6
26.6001  1.7
26.6101  1.49
26.6201  1.41
26.6301  1.58
26.6401  1.65
26.6501  1.67
26.6601  1.55
26.6701  1.6
26.6801  1.41
26.6901  1.78
26.7001  1.63
26.7101  1.58
26.7201  1.72
26.7301  1.72
26.7401  1.71
26.7501  1.6
26.7601  1.61
26.7701  1.43
26.7801  1.73
26.7901  1.72
26.8001  1.64
26.8101  1.59
26.8201  1.56
26.8301  1.77
26.8401  1.63
26.8501  1.8
26.8601  1.42
26.8701  1.6
26.8801  1.57
26.8901  1.62
26.9001  1.65
26.9101  1.68
26.9201  1.45
26.9301  1.83
26.9401  1.7
26.9501  1.69
26.9601  1.84
26.9701  1.59
26.9801  1.69
26.9901  1.72
27.0001  1.8
27.0101  1.67
27.0201  1.79
27.0301  1.54
27.0401  1.42
27.0501  1.48
27.0601  1.37
27.0701  1.44
27.0801  1.51
27.0901  1.57
27.1001  1.55
27.1101  1.54
27.1201  1.56
27.1301  1.7
27.1401  1.74
27.1501  1.51
27.1601  1.51
27.1701  1.76
27.1801  1.74
27.1901  1.68
27.2001  1.42
27.2101  1.78
27.2201  1.66
27.2301  1.61
27.2401  1.64
27.2501  1.7
27.2601  1.66
27.2701  1.97
27.2801  1.68
27.2901  1.43
27.3001  1.42
27.3101  1.63
27.3201  1.57
27.3301  1.64
27.3401  1.43
27.3501  1.83
27.3601  1.67
27.3701  1.39
27.3801  1.82
27.3901  1.56
27.4001  1.6
27.4101  1.71
27.4201  1.48
27.4301  1.65
27.4401  1.73
27.4501  1.8
27.4601  1.51
27.4701  1.83
27.4801  1.69
27.4901  1.78
27.5001  1.61
27.5101  1.88
27.5201  1.71
27.5301  1.69
27.5401  1.52
27.5501  1.59
27.5601  1.71
27.5701  1.59
27.5801  1.61
27.5901  1.56
27.6001  1.49
27.6101  1.71
27.6201  1.57
27.6301  1.59
27.6401  1.56
27.6501  1.64
27.6601  1.34
27.6701  1.65
27.6801  1.61
27.6901  1.65
27.7001  1.61
27.7101  1.73
27.7201  1.62
27.7301  1.85
27.7401  1.5
27.7501  1.56
27.7601  1.73
27.7701  1.43
27.7801  1.58
27.7901  1.62
27.8001  1.6
27.8101  1.61
27.8201  1.72
27.8301  1.68
27.8401  1.41
27.8501  1.57
27.8601  1.61
27.8701  1.74
27.8801  1.65
27.8901  1.85
27.9001  1.48
27.9101  1.51
27.9201  1.54
27.9301  1.57
27.9401  1.7
27.9501  1.55
27.9601  1.65
27.9701  1.7
27.9801  1.72
27.9901  1.67
28.0001  1.56
28.0101  1.64
28.0201  1.57
28.0301  1.58
28.0401  1.71
28.0501  1.53
28.0601  1.36
28.0701  1.39
28.0801  1.64
28.0901  1.69
28.1001  1.7
28.1101  1.67
28.1201  1.9
28.1301  1.42
28.1401  1.84
28.1501  1.65
28.1601  1.61
28.1701  1.52
28.1801  1.5
28.1901  1.67
28.2001  1.59
28.2101  1.66
28.2201  1.73
28.2301  1.62
28.2401  1.78
28.2501  1.46
28.2601  1.56
28.2701  1.64
28.2801  1.51
28.2901  1.42
28.3001  1.66
28.3101  1.67
28.3201  1.84
28.3301  1.41
28.3401  1.94
28.3501  1.53
28.3601  1.55
28.3701  1.48
28.3801  1.6
28.3901  1.87
28.4001  1.43
28.4101  1.58
28.4201  1.54
28.4301  1.76
28.4401  1.83
28.4501  1.7
28.4601  1.62
28.4701  1.68
28.4801  1.73
28.4901  1.7
28.5001  1.53
28.5101  1.68
28.5201  1.39
28.5301  1.55
28.5401  1.67
28.5501  1.7
28.5601  1.48
28.5701  1.71
28.5801  1.87
28.5901  1.79
28.6001  1.57
28.6101  1.51
28.6201  1.58
28.6301  1.67
28.6401  1.43
28.6501  1.67
28.6601  1.86
28.6701  1.78
28.6801  1.72
28.6901  1.78
28.7001  1.43
28.7101  1.57
28.7201  1.71
28.7301  1.2
28.7401  1.56
28.7501  1.77
28.7601  1.55
28.7701  1.6
28.7801  1.5
28.7901  1.66
28.8001  1.52
28.8101  1.63
28.8201  1.44
28.8301  1.53
28.8401  1.8
28.8501  1.71
28.8601  1.63
28.8701  1.77
28.8801  1.36
28.8901  1.49
28.9001  1.66
28.9101  1.57
28.9201  1.82
28.9301  1.48
28.9401  1.56
28.9501  1.74
28.9601  1.73
28.9701  1.81
28.9801  1.52
28.9901  1.49
29.0001  1.7
29.0101  1.4
29.0201  1.65
29.0301  1.52
29.0401  1.68
29.0501  1.68
29.0601  1.67
29.0701  1.76
29.0801  1.51
29.0901  1.44
29.1001  1.65
29.1101  1.61
29.1201  1.63
29.1301  1.78
29.1401  1.59
29.1501  1.78
29.1601  1.57
29.1701  1.84
29.1801  1.68
29.1901  1.8
29.2001  1.66
29.2101  1.51
29.2201  1.55
29.2301  1.56
29.2401  1.72
29.2501  1.72
29.2601  1.64
29.2701  1.47
29.2801  1.65
29.2901  1.46
29.3001  1.54
29.3101  1.76
29.3201  1.65
29.3301  1.74
29.3401  1.52
29.3501  1.73
29.3601  1.67
29.3701  1.73
29.3801  1.58
29.3901  1.48
29.4001  1.53
29.4101  1.76
29.4201  1.61
29.4301  1.96
29.4401  1.56
29.4501  1.75
29.4601  1.76
29.4701  1.59
29.4801  1.48
29.4901  1.83
29.5001  1.68
29.5101  1.56
29.5201  1.73
29.5301  1.87
29.5401  1.62
29.5501  1.6
29.5601  1.4
29.5701  1.68
29.5801  1.48
29.5901  1.89
29.6001  1.6
29.6101  1.73
29.6201  1.71
29.6301  1.69
29.6401  1.42
29.6501  1.76
29.6601  1.65
29.6701  1.86
29.6801  1.71
29.6901  1.59
29.7001  1.71
29.7101  1.37
29.7201  1.49
29.7301  1.56
29.7401  1.78
29.7501  1.88
29.7601  1.67
29.7701  1.77
29.7801  1.79
29.7901  1.59
29.8001  1.44
29.8101  1.68
29.8201  1.74
29.8301  1.38
29.8401  1.8
29.8501  1.64
29.8601  1.59
29.8701  1.75
29.8801  1.52
29.8901  1.72
29.9001  1.42
29.9101  1.56
29.9201  1.72
29.9301  1.7
29.9401  1.59
29.9501  1.52
29.9601  1.41
29.9701  1.66
29.9801  1.59
29.9901  1.73
30.0001  1.77
30.0101  1.44
30.0201  1.49
30.0301  1.68
30.0401  1.69
30.0501  1.48
30.0601  1.52
30.0701  1.45
30.0801  1.68
30.0901  1.56
30.1001  1.8
30.1101  1.96
30.1201  1.48
30.1301  1.57
30.1401  1.75
30.1501  1.46
30.1601  1.63
30.1701  1.53
30.1801  1.46
30.1901  1.41
30.2001  1.76
30.2101  1.61
30.2201  1.56
30.2301  1.43
30.2401  1.73
30.2501  1.59
30.2601  1.75
30.2701  1.58
30.2801  1.71
30.2901  1.59
30.3001  1.69
30.3101  1.38
30.3201  1.6
30.3301  1.75
30.3401  1.55
30.3501  1.6
30.3601  1.42
30.3701  1.6
30.3801  1.54
30.3901  1.6
30.4001  1.66
30.4101  1.77
30.4201  1.48
30.4301  1.86
30.4401  1.65
30.4501  1.66
30.4601  1.47
30.4701  1.68
30.4801  1.56
30.4901  1.67
30.5001  1.79
30.5101  1.65
30.5201  1.7
30.5301  1.86
30.5401  1.74
30.5501  1.51
30.5601  1.63
30.5701  1.53
30.5801  1.64
30.5901  1.37
30.6001  1.67
30.6101  1.68
30.6201  1.7
30.6301  1.85
30.6401  1.42
30.6501  1.77
30.6601  1.47
30.6701  1.75
30.6801  1.72
30.6901  1.8
30.7001  1.62
30.7101  1.66
30.7201  1.66
30.7301  1.61
30.7401  1.6
30.7501  1.88
30.7601  1.47
30.7701  1.35
30.7801  1.65
30.7901  1.91
30.8001  1.43
30.8101  1.95
30.8201  1.7
30.8301  1.77
30.8401  1.72
30.8501  1.76
30.8601  1.71
30.8701  1.54
30.8801  1.83
30.8901  1.63
30.9001  1.58
30.9101  1.61
30.9201  1.55
30.9301  1.45
30.9401  1.65
30.9501  1.65
30.9601  1.76
30.9701  1.58
30.9801  1.75
30.9901  1.83
31.0001  1.6
31.0101  1.58
31.0201  1.71
31.0301  1.51
31.0401  1.52
31.0501  1.75
31.0601  1.58
31.0701  1.58
31.0801  1.65
31.0901  1.82
31.1001  1.73
31.1101  1.87
31.1201  1.67
31.1301  1.74
31.1401  1.69
31.1501  1.63
31.1601  1.41
31.1701  1.58
31.1801  1.44
31.1901  1.55
31.2001  1.54
31.2101  1.64
31.2201  1.58
31.2301  1.82
31.2401  1.67
31.2501  1.55
31.2601  1.42
31.2701  1.65
31.2801  1.62
31.2901  1.77
31.3001  1.54
31.3101  1.6
31.3201  1.62
31.3301  1.41
31.3401  1.74
31.3501  1.68
31.3601  1.79
31.3701  1.56
31.3801  1.53
31.3901  1.53
31.4001  1.35
31.4101  1.72
31.4201  1.56
31.4301  1.43
31.4401  1.63
31.4501  1.68
31.4601  1.8
31.4701  1.69
31.4801  1.66
31.4901  1.68
31.5001  1.36
31.5101  1.56
31.5201  1.73
31.5301  1.56
31.5401  1.78
31.5501  1.36
31.5601  1.68
31.5701  1.69
31.5801  1.56
31.5901  1.6
31.6001  1.75
31.6101  1.73
31.6201  1.52
31.6301  1.6
31.6401  1.56
31.6501  1.68
31.6601  1.63
31.6701  1.72
31.6801  1.56
31.6901  1.63
31.7001  1.55
31.7101  1.73
31.7201  1.79
31.7301  1.81
31.7401  1.63
31.7501  1.57
31.7601  1.75
31.7701  1.48
31.7801  1.87
31.7901  1.5
31.8001  1.91
31.8101  1.67
31.8201  1.67
31.8301  1.66
31.8401  1.71
31.8501  1.58
31.8601  1.65
31.8701  1.69
31.8801  1.79
31.8901  1.52
31.9001  1.69
31.9101  1.62
31.9201  1.96
31.9301  1.73
31.9401  1.74
31.9501  1.77
31.9601  1.67
31.9701  1.69
31.9801  1.8
31.9901  1.29
32.0001  1.57
32.0101  1.76
32.0201  1.76
32.0301  1.64
32.0401  1.63
32.0501  1.75
32.0601  1.72
32.0701  1.63
32.0801  1.56
32.0901  1.76
32.1001  1.64
32.1101  1.57
32.1201  1.77
32.1301  1.52
32.1401  1.69
32.1501  1.37
32.1601  1.47
32.1701  1.75
32.1801  1.51
32.1901  1.79
32.2001  1.52
32.2101  1.54
32.2201  1.72
32.2301  1.64
32.2401  1.43
32.2501  1.62
32.2601  1.72
32.2701  1.66
32.2801  1.56
32.2901  1.63
32.3001  1.46
32.3101  1.64
32.3201  1.41
32.3301  1.34
32.3401  1.42
32.3501  1.62
32.3601  1.7
32.3701  1.45
32.3801  1.44
32.3901  1.69
32.4001  1.4
32.4101  1.76
32.4201  1.56
32.4301  1.44
32.4401  1.71
32.4501  1.6
32.4601  1.53
32.4701  1.72
32.4801  1.39
32.4901  1.79
32.5001  1.37
32.5101  1.42
32.5201  1.51
32.5301  1.24
32.5401  1.44
32.5501  1.76
32.5601  1.65
32.5701  1.74
32.5801  1.59
32.5901  1.45
32.6001  1.46
32.6101  1.7
32.6201  1.61
32.6301  1.65
32.6401  1.69
32.6501  1.87
32.6601  1.52
32.6701  1.77
32.6801  1.74
32.6901  1.51
32.7001  1.77
32.7101  1.53
32.7201  1.77
32.7301  1.63
32.7401  1.5
32.7501  1.54
32.7601  1.81
32.7701  1.87
32.7801  1.53
32.7901  1.72
32.8001  1.76
32.8101  1.69
32.8201  1.46
32.8301  1.77
32.8401  1.68
32.8501  1.6
32.8601  1.43
32.8701  1.69
32.8801  1.77
32.8901  1.88
32.9001  1.63
32.9101  1.82
32.9201  1.73
32.9301  1.95
32.9401  1.77
32.9501  1.6
32.9601  1.72
32.9701  1.69
32.9801  1.64
32.9901  1.66
33.0001  1.51
33.0101  1.73
33.0201  1.64
33.0301  1.84
33.0401  1.69
33.0501  1.48
33.0601  1.57
33.0701  1.87
33.0801  1.5
33.0901  1.55
33.1001  1.57
33.1101  1.86
33.1201  1.48
33.1301  1.59
33.1401  1.6
33.1501  1.71
33.1601  1.66
33.1701  1.63
33.1801  1.72
33.1901  1.54
33.2001  1.84
33.2101  1.68
33.2201  1.76
33.2301  1.47
33.2401  1.84
33.2501  1.6
33.2601  1.75
33.2701  1.58
33.2801  1.66
33.2901  1.57
33.3001  1.74
33.3101  1.49
33.3201  1.7
33.3301  1.63
33.3401  1.55
33.3501  1.67
33.3601  1.63
33.3701  1.38
33.3801  1.54
33.3901  1.72
33.4001  1.59
33.4101  1.67
33.4201  1.48
33.4301  1.39
33.4401  1.55
33.4501  1.67
33.4601  1.65
33.4701  1.49
33.4801  1.53
33.4901  1.52
33.5001  1.68
33.5101  1.75
33.5201  1.58
33.5301  1.42
33.5401  1.59
33.5501  1.83
33.5601  1.77
33.5701  1.57
33.5801  1.34
33.5901  1.51
33.6001  1.72
33.6101  1.57
33.6201  1.76
33.6301  1.65
33.6401  1.5
33.6501  1.43
33.6601  1.63
33.6701  1.57
33.6801  1.87
33.6901  1.59
33.7001  1.6
33.7101  1.55
33.7201  1.58
33.7301  1.66
33.7401  1.67
33.7501  1.74
33.7601  1.47
33.7701  1.52
33.7801  1.92
33.7901  1.67
33.8001  1.37
33.8101  1.48
33.8201  1.69
33.8301  1.67
33.8401  1.51
33.8501  1.62
33.8601  1.69
33.8701  1.61
33.8801  1.66
33.8901  1.67
33.9001  1.84
33.9101  1.67
33.9201  1.52
33.9301  1.54
33.9401  1.57
33.9501  1.58
33.9601  1.58
33.9701  1.58
33.9801  1.67
33.9901  1.66
34.0001  1.76
34.0101  1.57
34.0201  1.7
34.0301  1.7
34.0401  1.57
34.0501  1.65
34.0601  1.73
34.0701  1.95
34.0801  1.67
34.0901  1.56
34.1001  1.57
34.1101  1.64
34.1201  1.55
34.1301  1.81
34.1401  1.55
34.1501  1.55
34.1601  1.8
34.1701  1.61
34.1801  1.72
34.1901  1.66
34.2001  1.8
34.2101  1.69
34.2201  1.93
34.2301  1.66
34.2401  1.67
34.2501  1.86
34.2601  1.79
34.2701  1.6
34.2801  1.8
34.2901  1.52
34.3001  2.05
34.3101  1.66
34.3201  1.56
34.3301  1.64
34.3401  1.58
34.3501  1.82
34.3601  1.69
34.3701  1.62
34.3801  1.67
34.3901  1.52
34.4001  1.72
34.4101  1.47
34.4201  1.49
34.4301  1.69
34.4401  1.7
34.4501  1.64
34.4601  1.61
34.4701  1.74
34.4801  1.62
34.4901  1.75
34.5  1.46
34.51  1.67
34.52  1.47
34.53  1.48
34.54  1.67
34.55  1.75
34.56  1.6
34.57  1.5
34.58  1.64
34.59  2.09
34.6  1.36
34.61  1.55
34.62  1.58
34.63  1.45
34.64  1.4
34.65  1.89
34.66  1.53
34.67  1.66
34.68  1.47
34.69  1.53
34.7  1.54
34.71  1.53
34.72  1.54
34.73  1.43
34.74  1.72
34.75  1.57
34.76  1.47
34.77  1.6
34.78  1.68
34.79  1.6
34.8  1.31
34.81  1.54
34.82  1.65
34.83  1.76
34.84  1.62
34.85  1.49
34.86  1.67
34.87  1.37
34.88  1.55
34.89  1.54
34.9  1.72
34.91  1.6
34.92  1.39
34.93  1.59
34.94  1.73
34.95  1.47
34.96  1.45
34.97  1.49
34.98  1.46
34.99  1.55
