-15  0
-14.99  0
-14.98  0.01
-14.97  0
-14.96  0.01
-14.95  0.02
-14.94  0.01
-14.93  0.01
-14.92  0.03
-14.91  0.02
-14.9  0.02
-14.89  0.02
-14.88  0.03
-14.87  0.03
-14.86  0.04
-14.85  0.03
-14.84  0.03
-14.83  0.03
-14.82  0.03
-14.81  0.04
-14.8  0.06
-14.79  0.04
-14.78  0.04
-14.77  0.04
-14.76  0.05
-14.75  0.06
-14.74  0.04
-14.73  0.05
-14.72  0.06
-14.71  0.04
-14.7  0.06
-14.69  0.07
-14.68  0.05
-14.67  0.05
-14.66  0.08
-14.65  0.04
-14.64  0.07
-14.63  0.07
-14.62  0.06
-14.61  0.07
-14.6  0.07
-14.59  0.06
-14.58  0.07
-14.57  0.09
-14.56  0.08
-14.55  0.07
-14.54  0.06
-14.53  0.08
-14.52  0.08
-14.51  0.08
-14.5  0.07
-14.49  0.1
-14.48  0.07
-14.47  0.09
-14.46  0.09
-14.45  0.09
-14.44  0.08
-14.43  0.09
-14.42  0.07
-14.41  0.1
-14.4  0.1
-14.39  0.09
-14.38  0.11
-14.37  0.08
-14.36  0.1
-14.35  0.09
-14.34  0.1
-14.33  0.11
-14.32  0.1
-14.31  0.09
-14.3  0.1
-14.29  0.13
-14.28  0.08
-14.27  0.12
-14.26  0.11
-14.25  0.1
-14.24  0.12
-14.23  0.12
-14.22  0.09
-14.21  0.1
-14.2  0.12
-14.19  0.13
-14.18  0.11
-14.17  0.13
-14.16  0.12
-14.15  0.11
-14.14  0.12
-14.13  0.12
-14.12  0.11
-14.11  0.14
-14.1  0.11
-14.09  0.14
-14.08  0.13
-14.07  0.11
-14.06  0.13
-14.05  0.15
-14.04  0.12
-14.03  0.13
-14.02  0.14
-14.01  0.13
-14  0.13
-13.99  0.14
-13.98  0.13
-13.97  0.14
-13.96  0.14
-13.95  0.13
-13.94  0.15
-13.93  0.15
-13.92  0.14
-13.91  0.14
-13.9  0.12
-13.89  0.19
-13.88  0.12
-13.87  0.15
-13.86  0.14
-13.85  0.15
-13.84  0.17
-13.83  0.14
-13.82  0.16
-13.81  0.15
-13.8  0.15
-13.79  0.16
-13.78  0.15
-13.77  0.16
-13.76  0.16
-13.75  0.14
-13.74  0.17
-13.73  0.15
-13.72  0.17
-13.71  0.15
-13.7  0.16
-13.69  0.2
-13.68  0.16
-13.67  0.15
-13.66  0.18
-13.65  0.16
-13.64  0.17
-13.63  0.15
-13.62  0.15
-13.61  0.19
-13.6  0.19
-13.59  0.17
-13.58  0.17
-13.57  0.17
-13.56  0.17
-13.55  0.18
-13.54  0.19
-13.53  0.17
-13.52  0.15
-13.51  0.18
-13.5  0.21
-13.49  0.18
-13.48  0.18
-13.47  0.18
-13.46  0.15
-13.45  0.2
-13.44  0.18
-13.43  0.21
-13.42  0.18
-13.41  0.19
-13.4  0.18
-13.39  0.17
-13.38  0.19
-13.37  0.19
-13.36  0.2
-13.35  0.18
-13.34  0.18
-13.33  0.18
-13.32  0.2
-13.31  0.2
-13.3  0.2
-13.29  0.22
-13.28  0.18
-13.27  0.2
-13.26  0.17
-13.25  0.21
-13.24  0.2
-13.23  0.2
-13.22  0.18
-13.21  0.22
-13.2  0.18
-13.19  0.21
-13.18  0.18
-13.17  0.21
-13.16  0.21
-13.15  0.21
-13.14  0.21
-13.13  0.19
-13.12  0.21
-13.11  0.2
-13.1  0.2
-13.09  0.19
-13.08  0.21
-13.07  0.21
-13.06  0.21
-13.05  0.19
-13.04  0.21
-13.03  0.23
-13.02  0.21
-13.01  0.23
-13  0.17
-12.99  0.21
-12.98  0.23
-12.97  0.21
-12.96  0.21
-12.95  0.19
-12.94  0.23
-12.93  0.21
-12.92  0.21
-12.91  0.23
-12.9  0.18
-12.89  0.22
-12.88  0.22
-12.87  0.23
-12.86  0.22
-12.85  0.22
-12.84  0.19
-12.83  0.2
-12.82  0.24
-12.81  0.23
-12.8  0.21
-12.79  0.21
-12.78  0.19
-12.77  0.24
-12.76  0.2
-12.75  0.21
-12.74  0.25
-12.73  0.22
-12.72  0.2
-12.71  0.25
-12.7  0.19
-12.69  0.22
-12.68  0.26
-12.67  0.18
-12.66  0.22
-12.65  0.23
-12.64  0.22
-12.63  0.19
-12.62  0.27
-12.61  0.22
-12.6  0.2
-12.59  0.22
-12.58  0.23
-12.57  0.22
-12.56  0.24
-12.55  0.22
-12.54  0.23
-12.53  0.19
-12.52  0.23
-12.51  0.23
-12.5  0.24
-12.49  0.21
-12.48  0.23
-12.47  0.23
-12.46  0.2
-12.45  0.22
-12.44  0.24
-12.43  0.24
-12.42  0.21
-12.41  0.21
-12.4  0.24
-12.39  0.24
-12.38  0.21
-12.37  0.23
-12.36  0.22
-12.35  0.21
-12.34  0.23
-12.33  0.23
-12.32  0.23
-12.31  0.23
-12.3  0.2
-12.29  0.23
-12.28  0.23
-12.27  0.24
-12.26  0.24
-12.25  0.21
-12.24  0.23
-12.23  0.24
-12.22  0.2
-12.21  0.23
-12.2  0.23
-12.19  0.23
-12.18  0.24
-12.17  0.22
-12.16  0.21
-12.15  0.21
-12.14  0.21
-12.13  0.24
-12.12  0.26
-12.11  0.21
-12.1  0.23
-12.09  0.22
-12.08  0.24
-12.07  0.24
-12.06  0.21
-12.05  0.24
-12.04  0.24
-12.03  0.22
-12.02  0.2
-12.01  0.23
-12  0.22
-11.99  0.22
-11.98  0.23
-11.97  0.24
-11.96  0.2
-11.95  0.23
-11.94  0.27
-11.93  0.2
-11.92  0.23
-11.91  0.24
-11.9  0.21
-11.89  0.26
-11.88  0.2
-11.87  0.22
-11.86  0.23
-11.85  0.23
-11.84  0.21
-11.83  0.24
-11.82  0.21
-11.81  0.23
-11.8  0.24
-11.79  0.23
-11.78  0.21
-11.77  0.22
-11.76  0.26
-11.75  0.2
-11.74  0.24
-11.73  0.21
-11.72  0.24
-11.71  0.22
-11.7  0.24
-11.69  0.21
-11.68  0.24
-11.67  0.21
-11.66  0.23
-11.65  0.26
-11.64  0.2
-11.63  0.2
-11.62  0.24
-11.61  0.25
-11.6  0.19
-11.59  0.23
-11.58  0.24
-11.57  0.22
-11.56  0.24
-11.55  0.22
-11.54  0.23
-11.53  0.23
-11.52  0.21
-11.51  0.22
-11.5  0.23
-11.49  0.19
-11.48  0.23
-11.47  0.25
-11.46  0.23
-11.45  0.24
-11.44  0.19
-11.43  0.23
-11.42  0.23
-11.41  0.23
-11.4  0.22
-11.39  0.2
-11.38  0.27
-11.37  0.24
-11.36  0.23
-11.35  0.23
-11.34  0.19
-11.33  0.22
-11.32  0.24
-11.31  0.19
-11.3  0.28
-11.29  0.21
-11.28  0.21
-11.27  0.22
-11.26  0.21
-11.25  0.21
-11.24  0.24
-11.23  0.21
-11.22  0.28
-11.21  0.21
-11.2  0.21
-11.19  0.24
-11.18  0.22
-11.17  0.21
-11.16  0.22
-11.15  0.21
-11.14  0.23
-11.13  0.27
-11.12  0.18
-11.11  0.2
-11.1  0.25
-11.09  0.23
-11.08  0.21
-11.07  0.25
-11.06  0.24
-11.05  0.18
-11.04  0.23
-11.03  0.24
-11.02  0.23
-11.01  0.22
-11  0.22
-10.99  0.2
-10.98  0.24
-10.97  0.24
-10.96  0.21
-10.95  0.22
-10.94  0.23
-10.93  0.2
-10.92  0.25
-10.91  0.2
-10.9  0.26
-10.89  0.19
-10.88  0.21
-10.87  0.25
-10.86  0.22
-10.85  0.23
-10.84  0.22
-10.83  0.23
-10.82  0.24
-10.81  0.21
-10.8  0.21
-10.79  0.2
-10.78  0.27
-10.77  0.21
-10.76  0.21
-10.75  0.21
-10.74  0.23
-10.73  0.22
-10.72  0.24
-10.71  0.2
-10.7  0.23
-10.69  0.21
-10.68  0.23
-10.67  0.24
-10.66  0.23
-10.65  0.26
-10.64  0.19
-10.63  0.21
-10.62  0.24
-10.61  0.2
-10.6  0.2
-10.59  0.23
-10.58  0.23
-10.57  0.26
-10.56  0.22
-10.55  0.2
-10.54  0.21
-10.53  0.21
-10.52  0.22
-10.51  0.23
-10.5  0.26
-10.49  0.22
-10.48  0.22
-10.47  0.22
-10.46  0.22
-10.45  0.22
-10.44  0.22
-10.43  0.2
-10.42  0.23
-10.41  0.25
-10.4  0.2
-10.39  0.22
-10.38  0.25
-10.37  0.2
-10.36  0.21
-10.35  0.24
-10.34  0.23
-10.33  0.24
-10.32  0.2
-10.31  0.22
-10.3  0.21
-10.29  0.22
-10.28  0.22
-10.27  0.26
-10.26  0.22
-10.25  0.23
-10.24  0.2
-10.23  0.23
-10.22  0.18
-10.21  0.24
-10.2  0.25
-10.19  0.22
-10.18  0.19
-10.17  0.21
-10.16  0.22
-10.15  0.23
-10.14  0.26
-10.13  0.2
-10.12  0.21
-10.11  0.23
-10.1  0.24
-10.09  0.23
-10.08  0.22
-10.07  0.22
-10.06  0.21
-10.05  0.22
-10.04  0.23
-10.03  0.24
-10.02  0.21
-10.01  0.23
-10  0.21
-9.99  0.22
-9.98  0.22
-9.97  0.24
-9.96  0.17
-9.95  0.22
-9.94  0.26
-9.93  0.19
-9.92  0.23
-9.91  0.27
-9.9  0.19
-9.89  0.23
-9.88  0.23
-9.87  0.26
-9.86  0.22
-9.85  0.19
-9.84  0.21
-9.83  0.21
-9.82  0.26
-9.81  0.2
-9.8  0.22
-9.79  0.23
-9.78  0.22
-9.77  0.21
-9.76  0.21
-9.75  0.25
-9.74  0.21
-9.73  0.23
-9.72  0.21
-9.71  0.24
-9.7  0.23
-9.69  0.22
-9.68  0.21
-9.67  0.24
-9.66  0.22
-9.65  0.2
-9.64  0.23
-9.63  0.23
-9.62  0.22
-9.61  0.24
-9.6  0.2
-9.59  0.21
-9.58  0.21
-9.57  0.23
-9.56  0.22
-9.55  0.24
-9.54  0.23
-9.53  0.21
-9.52  0.22
-9.51  0.24
-9.5  0.2
-9.49  0.22
-9.48  0.2
-9.47  0.29
-9.46  0.2
-9.45  0.21
-9.44  0.24
-9.43  0.22
-9.42  0.22
-9.41  0.23
-9.4  0.17
-9.39  0.23
-9.38  0.26
-9.37  0.23
-9.36  0.2
-9.35  0.23
-9.34  0.2
-9.33  0.22
-9.32  0.25
-9.31  0.23
-9.3  0.19
-9.29  0.24
-9.28  0.22
-9.27  0.23
-9.26  0.19
-9.25  0.22
-9.24  0.27
-9.23  0.25
-9.22  0.2
-9.21  0.2
-9.2  0.22
-9.19  0.21
-9.18  0.22
-9.17  0.22
-9.16  0.23
-9.15  0.21
-9.14  0.21
-9.13  0.26
-9.12  0.23
-9.11  0.21
-9.1  0.2
-9.09  0.21
-9.08  0.26
-9.07  0.22
-9.06  0.25
-9.05  0.19
-9.04  0.23
-9.03  0.25
-9.02  0.21
-9.01  0.22
-9  0.19
-8.99  0.23
-8.98  0.24
-8.97  0.19
-8.96  0.24
-8.95  0.2
-8.94  0.22
-8.93  0.22
-8.92  0.25
-8.91  0.23
-8.9  0.19
-8.89  0.25
-8.88  0.24
-8.87  0.19
-8.86  0.24
-8.85  0.21
-8.84  0.25
-8.83  0.24
-8.82  0.2
-8.81  0.21
-8.8  0.23
-8.79  0.22
-8.78  0.22
-8.77  0.22
-8.76  0.18
-8.75  0.26
-8.74  0.21
-8.73  0.25
-8.72  0.23
-8.71  0.23
-8.7  0.21
-8.69  0.21
-8.68  0.19
-8.67  0.23
-8.66  0.22
-8.65  0.24
-8.64  0.21
-8.63  0.25
-8.62  0.23
-8.61  0.21
-8.6  0.21
-8.59  0.23
-8.58  0.24
-8.57  0.21
-8.56  0.22
-8.55  0.26
-8.54  0.19
-8.53  0.22
-8.52  0.2
-8.51  0.23
-8.5  0.23
-8.49  0.21
-8.48  0.21
-8.47  0.21
-8.46  0.22
-8.45  0.24
-8.44  0.25
-8.43  0.25
-8.42  0.23
-8.41  0.22
-8.4  0.19
-8.39  0.22
-8.38  0.23
-8.37  0.23
-8.36  0.17
-8.35  0.26
-8.34  0.22
-8.33  0.21
-8.32  0.23
-8.31  0.23
-8.3  0.22
-8.29  0.23
-8.28  0.21
-8.27  0.23
-8.26  0.21
-8.25  0.24
-8.24  0.18
-8.23  0.21
-8.22  0.25
-8.21  0.25
-8.2  0.24
-8.19  0.22
-8.18  0.21
-8.17  0.22
-8.16  0.22
-8.15  0.19
-8.14  0.28
-8.13  0.22
-8.12  0.19
-8.11  0.21
-8.1  0.25
-8.09  0.2
-8.08  0.19
-8.07  0.23
-8.06  0.26
-8.05  0.2
-8.04  0.22
-8.03  0.25
-8.02  0.21
-8.01  0.23
-8  0.2
-7.99  0.26
-7.98  0.21
-7.97  0.24
-7.96  0.23
-7.95  0.22
-7.94  0.18
-7.93  0.24
-7.92  0.22
-7.91  0.2
-7.9  0.23
-7.89  0.26
-7.88  0.21
-7.87  0.21
-7.86  0.23
-7.85  0.22
-7.84  0.21
-7.83  0.24
-7.82  0.24
-7.81  0.18
-7.8  0.24
-7.79  0.22
-7.78  0.22
-7.77  0.24
-7.76  0.23
-7.75  0.24
-7.74  0.21
-7.73  0.18
-7.72  0.22
-7.71  0.24
-7.7  0.21
-7.69  0.23
-7.68  0.25
-7.67  0.23
-7.66  0.21
-7.65  0.2
-7.64  0.23
-7.63  0.2
-7.62  0.24
-7.61  0.18
-7.6  0.23
-7.59  0.24
-7.58  0.21
-7.57  0.25
-7.56  0.25
-7.55  0.21
-7.54  0.22
-7.53  0.23
-7.52  0.22
-7.51  0.26
-7.5  0.18
-7.49  0.2
-7.48  0.26
-7.47  0.21
-7.46  0.27
-7.45  0.19
-7.44  0.22
-7.43  0.21
-7.42  0.18
-7.41  0.21
-7.4  0.26
-7.39  0.21
-7.38  0.25
-7.37  0.2
-7.36  0.21
-7.35  0.22
-7.34  0.24
-7.33  0.24
-7.32  0.22
-7.31  0.26
-7.3  0.21
-7.29  0.2
-7.28  0.25
-7.27  0.18
-7.26  0.24
-7.25  0.21
-7.24  0.22
-7.23  0.22
-7.22  0.21
-7.21  0.23
-7.2  0.23
-7.19  0.22
-7.18  0.24
-7.17  0.23
-7.16  0.19
-7.15  0.22
-7.14  0.26
-7.13  0.2
-7.12  0.23
-7.11  0.23
-7.1  0.21
-7.09  0.24
-7.08  0.2
-7.07  0.23
-7.06  0.2
-7.05  0.25
-7.04  0.21
-7.03  0.23
-7.02  0.24
-7.01  0.21
-7  0.21
-6.99  0.22
-6.98  0.23
-6.97  0.22
-6.96  0.22
-6.95  0.24
-6.94  0.2
-6.93  0.24
-6.92  0.21
-6.91  0.17
-6.9  0.27
-6.89  0.22
-6.88  0.25
-6.87  0.2
-6.86  0.22
-6.85  0.22
-6.84  0.25
-6.83  0.22
-6.82  0.21
-6.81  0.21
-6.8  0.25
-6.79  0.21
-6.78  0.19
-6.77  0.25
-6.76  0.25
-6.75  0.18
-6.74  0.24
-6.73  0.22
-6.72  0.23
-6.71  0.19
-6.7  0.24
-6.69  0.2
-6.68  0.24
-6.67  0.24
-6.66  0.21
-6.65  0.24
-6.64  0.21
-6.63  0.21
-6.62  0.17
-6.61  0.26
-6.6  0.26
-6.59  0.23
-6.58  0.22
-6.57  0.22
-6.56  0.27
-6.55  0.2
-6.54  0.21
-6.53  0.18
-6.52  0.21
-6.51  0.24
-6.5  0.21
-6.49  0.24
-6.48  0.21
-6.47  0.21
-6.46  0.22
-6.45  0.24
-6.44  0.26
-6.43  0.17
-6.42  0.23
-6.41  0.25
-6.4  0.24
-6.39  0.21
-6.38  0.23
-6.37  0.22
-6.36  0.23
-6.35  0.18
-6.34  0.24
-6.33  0.21
-6.32  0.28
-6.31  0.21
-6.3  0.21
-6.29  0.2
-6.28  0.2
-6.27  0.21
-6.26  0.23
-6.25  0.23
-6.24  0.23
-6.23  0.22
-6.22  0.24
-6.21  0.23
-6.2  0.22
-6.19  0.24
-6.18  0.21
-6.17  0.18
-6.16  0.24
-6.15  0.21
-6.14  0.23
-6.13  0.26
-6.12  0.23
-6.11  0.22
-6.1  0.2
-6.09  0.24
-6.08  0.22
-6.07  0.21
-6.06  0.22
-6.05  0.21
-6.04  0.22
-6.03  0.23
-6.02  0.24
-6.01  0.23
-6  0.19
-5.99  0.24
-5.98  0.22
-5.97  0.22
-5.96  0.22
-5.95  0.2
-5.94  0.22
-5.93  0.22
-5.92  0.27
-5.91  0.2
-5.9  0.22
-5.89  0.24
-5.88  0.22
-5.87  0.23
-5.86  0.22
-5.85  0.21
-5.84  0.22
-5.83  0.25
-5.82  0.23
-5.81  0.2
-5.8  0.21
-5.79  0.21
-5.78  0.23
-5.77  0.25
-5.76  0.19
-5.75  0.21
-5.74  0.21
-5.73  0.26
-5.72  0.2
-5.71  0.24
-5.7  0.2
-5.69  0.22
-5.68  0.23
-5.67  0.22
-5.66  0.23
-5.65  0.26
-5.64  0.24
-5.63  0.21
-5.62  0.2
-5.61  0.25
-5.6  0.23
-5.59  0.17
-5.58  0.22
-5.57  0.24
-5.56  0.2
-5.55  0.23
-5.54  0.23
-5.53  0.23
-5.52  0.24
-5.51  0.2
-5.5  0.21
-5.49  0.21
-5.48  0.23
-5.47  0.21
-5.46  0.22
-5.45  0.25
-5.44  0.27
-5.43  0.17
-5.42  0.19
-5.41  0.27
-5.4  0.24
-5.39  0.23
-5.38  0.21
-5.37  0.22
-5.36  0.23
-5.35  0.2
-5.34  0.17
-5.33  0.28
-5.32  0.24
-5.31  0.17
-5.3  0.25
-5.29  0.23
-5.28  0.22
-5.27  0.2
-5.26  0.19
-5.25  0.27
-5.24  0.19
-5.23  0.24
-5.22  0.25
-5.21  0.25
-5.2  0.18
-5.19  0.24
-5.18  0.22
-5.17  0.21
-5.16  0.24
-5.15  0.25
-5.14  0.19
-5.13  0.17
-5.12  0.25
-5.11  0.22
-5.1  0.24
-5.09  0.21
-5.08  0.21
-5.07  0.25
-5.06  0.21
-5.05  0.26
-5.04  0.24
-5.03  0.2
-5.02  0.2
-5.01  0.21
-5  0.21
-4.99  0.26
-4.98  0.22
-4.97  0.2
-4.96  0.2
-4.95  0.22
-4.94  0.19
-4.93  0.29
-4.92  0.24
-4.91  0.21
-4.9  0.23
-4.89  0.2
-4.88  0.24
-4.87  0.2
-4.86  0.22
-4.85  0.26
-4.84  0.22
-4.83  0.2
-4.82  0.28
-4.81  0.18
-4.8  0.2
-4.79  0.22
-4.78  0.22
-4.77  0.23
-4.76  0.21
-4.75  0.22
-4.74  0.26
-4.73  0.17
-4.72  0.24
-4.71  0.25
-4.7  0.19
-4.69  0.25
-4.68  0.19
-4.67  0.28
-4.66  0.18
-4.65  0.26
-4.64  0.22
-4.63  0.21
-4.62  0.23
-4.61  0.21
-4.6  0.21
-4.59  0.23
-4.58  0.22
-4.57  0.21
-4.56  0.23
-4.55  0.25
-4.54  0.19
-4.53  0.25
-4.52  0.2
-4.51  0.25
-4.5  0.18
-4.49  0.21
-4.48  0.2
-4.47  0.24
-4.46  0.24
-4.45  0.28
-4.44  0.2
-4.43  0.23
-4.42  0.2
-4.41  0.27
-4.4  0.22
-4.39  0.2
-4.38  0.21
-4.37  0.21
-4.36  0.22
-4.35  0.21
-4.34  0.24
-4.33  0.19
-4.32  0.26
-4.31  0.21
-4.3  0.25
-4.29  0.19
-4.28  0.23
-4.27  0.23
-4.26  0.23
-4.25  0.18
-4.24  0.25
-4.23  0.22
-4.22  0.22
-4.21  0.25
-4.2  0.2
-4.19  0.21
-4.18  0.23
-4.17  0.21
-4.16  0.26
-4.15  0.2
-4.14  0.23
-4.13  0.24
-4.12  0.2
-4.11  0.22
-4.1  0.22
-4.09  0.24
-4.08  0.23
-4.07  0.22
-4.06  0.21
-4.05  0.22
-4.04  0.24
-4.03  0.18
-4.02  0.25
-4.01  0.22
-4  0.22
-3.99  0.21
-3.98  0.22
-3.97  0.2
-3.96  0.26
-3.95  0.22
-3.94  0.24
-3.93  0.22
-3.92  0.19
-3.91  0.24
-3.9  0.22
-3.89  0.19
-3.88  0.26
-3.87  0.22
-3.86  0.26
-3.85  0.18
-3.84  0.26
-3.83  0.21
-3.82  0.21
-3.81  0.25
-3.8  0.19
-3.79  0.21
-3.78  0.24
-3.77  0.22
-3.76  0.2
-3.75  0.23
-3.74  0.21
-3.73  0.21
-3.72  0.23
-3.71  0.21
-3.7  0.29
-3.69  0.21
-3.68  0.2
-3.67  0.21
-3.66  0.22
-3.65  0.25
-3.64  0.18
-3.63  0.26
-3.62  0.26
-3.61  0.24
-3.6  0.2
-3.59  0.23
-3.58  0.17
-3.57  0.27
-3.56  0.19
-3.55  0.21
-3.54  0.22
-3.53  0.22
-3.52  0.26
-3.51  0.21
-3.5  0.21
-3.49  0.2
-3.48  0.2
-3.47  0.21
-3.46  0.23
-3.45  0.25
-3.44  0.27
-3.43  0.23
-3.42  0.18
-3.41  0.23
-3.4  0.25
-3.39  0.21
-3.38  0.24
-3.37  0.2
-3.36  0.22
-3.35  0.2
-3.34  0.19
-3.33  0.26
-3.32  0.24
-3.31  0.25
-3.3  0.21
-3.29  0.21
-3.28  0.22
-3.27  0.24
-3.26  0.2
-3.25  0.18
-3.24  0.28
-3.23  0.2
-3.22  0.2
-3.21  0.27
-3.2  0.22
-3.19  0.23
-3.18  0.2
-3.17  0.18
-3.16  0.25
-3.15  0.24
-3.14  0.19
-3.13  0.23
-3.12  0.21
-3.11  0.23
-3.1  0.28
-3.09  0.21
-3.08  0.21
-3.07  0.23
-3.06  0.23
-3.05  0.22
-3.04  0.26
-3.03  0.17
-3.02  0.22
-3.01  0.25
-3  0.15
-2.99  0.22
-2.98  0.26
-2.97  0.2
-2.96  0.25
-2.95  0.24
-2.94  0.21
-2.93  0.24
-2.92  0.2
-2.91  0.23
-2.9  0.17
-2.89  0.26
-2.88  0.19
-2.87  0.28
-2.86  0.22
-2.85  0.19
-2.84  0.22
-2.83  0.25
-2.82  0.25
-2.81  0.24
-2.8  0.17
-2.79  0.23
-2.78  0.24
-2.77  0.22
-2.76  0.24
-2.75  0.18
-2.74  0.19
-2.73  0.25
-2.72  0.22
-2.71  0.23
-2.7  0.24
-2.69  0.22
-2.68  0.18
-2.67  0.22
-2.66  0.25
-2.65  0.22
-2.64  0.19
-2.63  0.24
-2.62  0.24
-2.61  0.21
-2.6  0.23
-2.59  0.23
-2.58  0.24
-2.57  0.24
-2.56  0.24
-2.55  0.19
-2.54  0.22
-2.53  0.23
-2.52  0.23
-2.51  0.23
-2.5  0.19
-2.49  0.2
-2.48  0.22
-2.47  0.2
-2.46  0.25
-2.45  0.21
-2.44  0.21
-2.43  0.27
-2.42  0.22
-2.41  0.23
-2.4  0.2
-2.39  0.23
-2.38  0.21
-2.37  0.21
-2.36  0.2
-2.35  0.28
-2.34  0.21
-2.33  0.23
-2.32  0.24
-2.31  0.22
-2.3  0.27
-2.29  0.21
-2.28  0.18
-2.27  0.2
-2.26  0.21
-2.25  0.21
-2.24  0.25
-2.23  0.23
-2.22  0.25
-2.21  0.19
-2.2  0.23
-2.19  0.22
-2.18  0.2
-2.17  0.23
-2.16  0.21
-2.15  0.27
-2.14  0.2
-2.13  0.25
-2.12  0.18
-2.11  0.25
-2.1  0.2
-2.09  0.18
-2.08  0.32
-2.07  0.18
-2.06  0.21
-2.05  0.2
-2.04  0.27
-2.03  0.23
-2.02  0.19
-2.01  0.24
-2  0.23
-1.99  0.21
-1.98  0.21
-1.97  0.21
-1.96  0.23
-1.95  0.27
-1.94  0.19
-1.93  0.26
-1.92  0.18
-1.91  0.23
-1.9  0.25
-1.89  0.2
-1.88  0.19
-1.87  0.22
-1.86  0.19
-1.85  0.23
-1.84  0.24
-1.83  0.25
-1.82  0.2
-1.81  0.23
-1.8  0.22
-1.79  0.19
-1.78  0.26
-1.77  0.27
-1.76  0.24
-1.75  0.19
-1.74  0.25
-1.73  0.19
-1.72  0.21
-1.71  0.21
-1.7  0.25
-1.69  0.2
-1.68  0.22
-1.67  0.22
-1.66  0.25
-1.65  0.21
-1.64  0.21
-1.63  0.23
-1.62  0.22
-1.61  0.2
-1.6  0.22
-1.59  0.22
-1.58  0.28
-1.57  0.21
-1.56  0.22
-1.55  0.18
-1.54  0.21
-1.53  0.25
-1.52  0.19
-1.51  0.28
-1.5  0.21
-1.49  0.26
-1.48  0.24
-1.47  0.21
-1.46  0.19
-1.45  0.21
-1.44  0.21
-1.43  0.24
-1.42  0.17
-1.41  0.3
-1.4  0.22
-1.39  0.18
-1.38  0.27
-1.37  0.2
-1.36  0.21
-1.35  0.22
-1.34  0.23
-1.33  0.22
-1.32  0.19
-1.31  0.24
-1.3  0.23
-1.29  0.23
-1.28  0.18
-1.27  0.27
-1.26  0.22
-1.25  0.21
-1.24  0.22
-1.23  0.27
-1.22  0.19
-1.21  0.2
-1.2  0.27
-1.19  0.22
-1.18  0.22
-1.17  0.22
-1.16  0.23
-1.15  0.21
-1.14  0.2
-1.13  0.22
-1.12  0.23
-1.11  0.19
-1.1  0.23
-1.09  0.23
-1.08  0.25
-1.07  0.23
-1.06  0.21
-1.05  0.2
-1.04  0.21
-1.03  0.28
-1.02  0.2
-1.01  0.2
-1  0.25
-0.99  0.2
-0.98  0.22
-0.97  0.23
-0.96  0.22
-0.95  0.21
-0.94  0.22
-0.93  0.26
-0.92  0.22
-0.91  0.25
-0.9  0.19
-0.89  0.2
-0.88  0.21
-0.87  0.28
-0.86  0.21
-0.85  0.22
-0.84  0.24
-0.83  0.2
-0.82  0.22
-0.81  0.23
-0.8  0.24
-0.79  0.2
-0.78  0.22
-0.77  0.19
-0.76  0.2
-0.75  0.21
-0.74  0.25
-0.73  0.22
-0.72  0.26
-0.71  0.21
-0.7  0.27
-0.69  0.21
-0.68  0.2
-0.67  0.2
-0.66  0.22
-0.65  0.24
-0.64  0.23
-0.63  0.27
-0.62  0.2
-0.61  0.23
-0.6  0.22
-0.59  0.2
-0.58  0.2
-0.57  0.29
-0.56  0.19
-0.55  0.18
-0.54  0.23
-0.53  0.24
-0.52  0.19
-0.51  0.26
-0.5  0.18
-0.49  0.25
-0.48  0.2
-0.47  0.22
-0.46  0.21
-0.45  0.24
-0.44  0.21
-0.43  0.27
-0.42  0.21
-0.41  0.22
-0.4  0.23
-0.39  0.27
-0.38  0.21
-0.37  0.2
-0.36  0.25
-0.35  0.15
-0.34  0.23
-0.33  0.26
-0.32  0.21
-0.31  0.21
-0.3  0.31
-0.29  0.16
-0.28  0.19
-0.27  0.24
-0.26  0.2
-0.25  0.2
-0.24  0.23
-0.23  0.24
-0.22  0.24
-0.21  0.19
-0.2  0.27
-0.19  0.2
-0.18  0.21
-0.17  0.23
-0.16  0.27
-0.15  0.21
-0.14  0.17
-0.13  0.24
-0.12  0.21
-0.11  0.24
-0.1  0.23
-0.09  0.2
-0.08  0.26
-0.07  0.21
-0.06  0.25
-0.05  0.2
-0.04  0.19
-0.03  0.25
-0.02  0.25
-0.01  0.21
-2.16197e-11  0.23
0.0001  0.01
0.0101  0.21
0.0201  0.19
0.0301  0.22
0.0401  0.23
0.0501  0.23
0.0601  0.25
0.0701  0.19
0.0801  0.22
0.0901  0.25
0.1001  0.25
0.1101  0.14
0.1201  0.31
0.1301  0.23
0.1401  0.18
0.1501  0.23
0.1601  0.28
0.1701  0.25
0.1801  0.22
0.1901  0.19
0.2001  0.31
0.2101  0.31
0.2201  0.24
0.2301  0.28
0.2401  0.21
0.2501  0.3
0.2601  0.27
0.2701  0.2
0.2801  0.28
0.2901  0.33
0.3001  0.28
0.3101  0.19
0.3201  0.37
0.3301  0.32
0.3401  0.28
0.3501  0.35
0.3601  0.3
0.3701  0.35
0.3801  0.45
0.3901  0.36
0.4001  0.33
0.4101  0.31
0.4201  0.43
0.4301  0.4
0.4401  0.29
0.4501  0.39
0.4601  0.37
0.4701  0.43
0.4801  0.52
0.4901  0.49
0.5001  0.34
0.5101  0.51
0.5201  0.62
0.5301  0.52
0.5401  0.61
0.5501  0.55
0.5601  0.59
0.5701  0.47
0.5801  0.44
0.5901  0.64
0.6001  0.61
0.6101  0.51
0.6201  0.64
0.6301  0.65
0.6401  0.57
0.6501  0.56
0.6601  0.77
0.6701  0.88
0.6801  0.69
0.6901  0.72
0.7001  0.84
0.7101  0.83
0.7201  0.94
0.7301  0.69
0.7401  0.66
0.7501  0.68
0.7601  0.98
0.7701  1.02
0.7801  0.93
0.7901  0.88
0.8001  0.87
0.8101  0.94
0.8201  1.23
0.8301  1.01
0.8401  0.95
0.8501  1.01
0.8601  1.06
0.8701  1.04
0.8801  1.2
0.8901  1.13
0.9001  1.09
0.9101  1.19
0.9201  1.2
0.9301  1.16
0.9401  1.46
0.9501  1.39
0.9601  1.35
0.9701  1.35
0.9801  1.54
0.9901  1.44
1.0001  1.59
1.0101  1.57
1.0201  1.35
1.0301  1.7
1.0401  1.71
1.0501  1.76
1.0601  1.5
1.0701  1.44
1.0801  1.75
1.0901  1.59
1.1001  1.59
1.1101  1.76
1.1201  1.65
1.1301  1.58
1.1401  1.88
1.1501  1.84
1.1601  1.87
1.1701  1.51
1.1801  1.54
1.1901  1.69
1.2001  1.72
1.2101  1.48
1.2201  1.77
1.2301  1.57
1.2401  1.59
1.2501  1.76
1.2601  1.55
1.2701  1.44
1.2801  1.17
1.2901  1.26
1.3001  1.39
1.3101  1.21
1.3201  1.25
1.3301  1.22
1.3401  1.43
1.3501  1.34
1.3601  1.2
1.3701  1.06
1.3801  1.21
1.3901  0.83
1.4001  1.22
1.4101  0.85
1.4201  0.86
1.4301  1.01
1.4401  0.86
1.4501  0.94
1.4601  0.7
1.4701  0.82
1.4801  0.95
1.4901  0.8
1.5001  0.84
1.5101  0.91
1.5201  0.68
1.5301  0.9
1.5401  0.78
1.5501  0.83
1.5601  0.81
1.5701  0.82
1.5801  0.8
1.5901  0.72
1.6001  0.8
1.6101  0.81
1.6201  0.66
1.6301  0.88
1.6401  0.87
1.6501  0.73
1.6601  0.8
1.6701  0.65
1.6801  0.74
1.6901  0.67
1.7001  0.8
1.7101  0.84
1.7201  0.79
1.7301  0.77
1.7401  0.76
1.7501  0.77
1.7601  0.6
1.7701  0.78
1.7801  0.72
1.7901  0.59
1.8001  0.58
1.8101  0.61
1.8201  0.75
1.8301  0.82
1.8401  0.7
1.8501  0.72
1.8601  0.77
1.8701  0.86
1.8801  0.94
1.8901  0.7
1.9001  0.71
1.9101  0.53
1.9201  0.82
1.9301  0.7
1.9401  0.75
1.9501  0.72
1.9601  0.88
1.9701  0.79
1.9801  0.76
1.9901  0.77
2.0001  0.73
2.0101  0.67
2.0201  0.86
2.0301  0.81
2.0401  0.86
2.0501  0.78
2.0601  0.84
2.0701  1.1
2.0801  0.89
2.0901  0.8
2.1001  0.86
2.1101  1.04
2.1201  0.9
2.1301  0.68
2.1401  0.87
2.1501  1.12
2.1601  0.9
2.1701  0.94
2.1801  0.94
2.1901  0.97
2.2001  0.91
2.2101  1.17
2.2201  0.98
2.2301  1.17
2.2401  1.17
2.2501  0.94
2.2601  1.13
2.2701  1.05
2.2801  0.98
2.2901  1.08
2.3001  1.03
2.3101  1.15
2.3201  1.21
2.3301  1.15
2.3401  1.17
2.3501  0.88
2.3601  1.11
2.3701  1.35
2.3801  1.2
2.3901  1.39
2.4001  1.34
2.4101  1.25
2.4201  1.16
2.4301  1.39
2.4401  1.46
2.4501  1.42
2.4601  1.05
2.4701  1.29
2.4801  1.24
2.4901  1.39
2.5001  1.46
2.5101  1.46
2.5201  1.18
2.5301  1.45
2.5401  1.23
2.5501  1.37
2.5601  1.41
2.5701  1.35
2.5801  1.26
2.5901  1.53
2.6001  1.39
2.6101  1.45
2.6201  1.39
2.6301  1.2
2.6401  1.33
2.6501  1.15
2.6601  1.16
2.6701  1.29
2.6801  1.27
2.6901  1.36
2.7001  1.14
2.7101  1.21
2.7201  1.17
2.7301  1.46
2.7401  1.41
2.7501  1.25
2.7601  1.28
2.7701  1.19
2.7801  0.99
2.7901  1.21
2.8001  1.12
2.8101  1.25
2.8201  1.3
2.8301  1.11
2.8401  1.07
2.8501  1.05
2.8601  1.07
2.8701  1.14
2.8801  1
2.8901  1.17
2.9001  0.91
2.9101  0.87
2.9201  1.11
2.9301  1.08
2.9401  1.01
2.9501  1.02
2.9601  0.74
2.9701  1.04
2.9801  0.87
2.9901  0.96
3.0001  0.72
3.0101  0.88
3.0201  1.05
3.0301  0.87
3.0401  0.81
3.0501  0.81
3.0601  1.02
3.0701  1.1
3.0801  1.05
3.0901  0.79
3.1001  0.79
3.1101  0.82
3.1201  0.92
3.1301  1.14
3.1401  0.66
3.1501  0.86
3.1601  0.7
3.1701  1.02
3.1801  1.09
3.1901  0.79
3.2001  0.82
3.2101  0.84
3.2201  0.74
3.2301  0.84
3.2401  0.8
3.2501  0.94
3.2601  1.02
3.2701  1.02
3.2801  1.02
3.2901  1.17
3.3001  1.12
3.3101  0.86
3.3201  0.96
3.3301  0.79
3.3401  0.91
3.3501  0.92
3.3601  0.95
3.3701  0.86
3.3801  0.8
3.3901  0.85
3.4001  0.87
3.4101  1
3.4201  1.02
3.4301  0.91
3.4401  1.03
3.4501  1.04
3.4601  0.85
3.4701  0.95
3.4801  0.8
3.4901  0.95
3.5001  1.07
3.5101  1.08
3.5201  0.87
3.5301  0.98
3.5401  0.99
3.5501  0.96
3.5601  1.04
3.5701  0.99
3.5801  0.95
3.5901  1.05
3.6001  1.05
3.6101  1.3
3.6201  0.9
3.6301  1.13
3.6401  0.97
3.6501  0.95
3.6601  1.03
3.6701  1.08
3.6801  1.2
3.6901  0.98
3.7001  0.97
3.7101  1.14
3.7201  1.08
3.7301  1.22
3.7401  1.07
3.7501  1.46
3.7601  1.27
3.7701  1.18
3.7801  1.06
3.7901  1.24
3.8001  1.09
3.8101  1.11
3.8201  1.25
3.8301  1.24
3.8401  1.1
3.8501  1.29
3.8601  1.3
3.8701  1.14
3.8801  1.3
3.8901  1.3
3.9001  1.21
3.9101  1.34
3.9201  1.32
3.9301  1.37
3.9401  1.02
3.9501  1.19
3.9601  1.29
3.9701  1
3.9801  1.21
3.9901  1.21
4.0001  1.08
4.0101  1.29
4.0201  1.24
4.0301  1.17
4.0401  0.94
4.0501  1.1
4.0601  1.36
4.0701  1.36
4.0801  1.24
4.0901  0.92
4.1001  1.23
4.1101  1.06
4.1201  1.2
4.1301  1.22
4.1401  1.21
4.1501  1.08
4.1601  1.11
4.1701  1.09
4.1801  1.25
4.1901  1.34
4.2001  1.16
4.2101  1.18
4.2201  1.23
4.2301  1.14
4.2401  1.15
4.2501  1.08
4.2601  1.13
4.2701  1.14
4.2801  0.97
4.2901  1.01
4.3001  0.96
4.3101  1.16
4.3201  1.06
4.3301  1.13
4.3401  1.05
4.3501  0.97
4.3601  1.12
4.3701  0.9
4.3801  1.11
4.3901  1
4.4001  1.03
4.4101  0.82
4.4201  1.05
4.4301  0.93
4.4401  1.13
4.4501  0.97
4.4601  1
4.4701  0.99
4.4801  1.04
4.4901  0.88
4.5001  0.93
4.5101  0.92
4.5201  0.99
4.5301  1.06
4.5401  1.16
4.5501  0.8
4.5601  0.99
4.5701  0.93
4.5801  1
4.5901  0.95
4.6001  0.93
4.6101  1.08
4.6201  1.05
4.6301  0.77
4.6401  0.85
4.6501  0.98
4.6601  1.05
4.6701  0.87
4.6801  1.08
4.6901  1.05
4.7001  1
4.7101  1.13
4.7201  0.95
4.7301  0.97
4.7401  0.91
4.7501  0.97
4.7601  1.06
4.7701  1.01
4.7801  1.05
4.7901  0.9
4.8001  1.06
4.8101  0.96
4.8201  0.95
4.8301  0.89
4.8401  0.94
4.8501  1.03
4.8601  1.03
4.8701  0.91
4.8801  0.93
4.8901  0.88
4.9001  1.05
4.9101  1.2
4.9201  1.13
4.9301  1
4.9401  1.33
4.9501  1.07
4.9601  1.01
4.9701  1
4.9801  1.05
4.9901  1.14
5.0001  1.16
5.0101  0.92
5.0201  1.08
5.0301  1.28
5.0401  1
5.0501  1.14
5.0601  1.04
5.0701  1
5.0801  1.04
5.0901  1.09
5.1001  1.15
5.1101  1.2
5.1201  1.01
5.1301  1.08
5.1401  1.24
5.1501  1.15
5.1601  1.07
5.1701  0.99
5.1801  1.03
5.1901  1.17
5.2001  1.33
5.2101  1.2
5.2201  1.15
5.2301  1.08
5.2401  1.16
5.2501  1.2
5.2601  1.01
5.2701  1.22
5.2801  1.08
5.2901  1.18
5.3001  1.02
5.3101  1.1
5.3201  1.13
5.3301  1.07
5.3401  1.11
5.3501  1.19
5.3601  1.19
5.3701  1.13
5.3801  1.09
5.3901  1.18
5.4001  1.19
5.4101  1.29
5.4201  1.3
5.4301  1.22
5.4401  0.98
5.4501  1.24
5.4601  1.21
5.4701  1.03
5.4801  1.01
5.4901  0.87
5.5001  1.14
5.5101  1.02
5.5201  1.17
5.5301  1.06
5.5401  1.05
5.5501  1.33
5.5601  1.31
5.5701  1.25
5.5801  1.18
5.5901  1.34
5.6001  1.23
5.6101  1.06
5.6201  1.17
5.6301  0.84
5.6401  0.97
5.6501  1.02
5.6601  0.92
5.6701  1.24
5.6801  1.06
5.6901  0.96
5.7001  1.08
5.7101  1.13
5.7201  1.04
5.7301  1.05
5.7401  0.84
5.7501  0.96
5.7601  0.99
5.7701  1.08
5.7801  1.06
5.7901  1.37
5.8001  1.33
5.8101  1.11
5.8201  0.88
5.8301  1.06
5.8401  0.97
5.8501  1.04
5.8601  0.91
5.8701  1.09
5.8801  1.03
5.8901  1.08
5.9001  1.01
5.9101  0.94
5.9201  0.93
5.9301  1.08
5.9401  1.01
5.9501  1
5.9601  0.93
5.9701  1.04
5.9801  0.96
5.9901  1.07
6.0001  1.1
6.0101  1.07
6.0201  0.89
6.0301  0.95
6.0401  0.97
6.0501  1.15
6.0601  1.17
6.0701  1.08
6.0801  1.13
6.0901  1.03
6.1001  1.07
6.1101  0.95
6.1201  0.94
6.1301  0.99
6.1401  1.09
6.1501  1.04
6.1601  1.04
6.1701  1.05
6.1801  1.03
6.1901  1.05
6.2001  0.92
6.2101  0.87
6.2201  1.11
6.2301  1.07
6.2401  1.1
6.2501  1.07
6.2601  0.99
6.2701  0.94
6.2801  0.91
6.2901  1.24
6.3001  1.17
6.3101  1.02
6.3201  1.17
6.3301  0.94
6.3401  1.02
6.3501  1.05
6.3601  1.14
6.3701  1.23
6.3801  0.98
6.3901  1.14
6.4001  1.11
6.4101  1
6.4201  1.07
6.4301  1.04
6.4401  1.05
6.4501  1.15
6.4601  1.22
6.4701  1.08
6.4801  1.09
6.4901  0.87
6.5001  1.2
6.5101  1.12
6.5201  1.13
6.5301  1.14
6.5401  1.26
6.5501  0.88
6.5601  1.04
6.5701  1.01
6.5801  1.02
6.5901  1.02
6.6001  1.04
6.6101  1.12
6.6201  1.09
6.6301  1.09
6.6401  1.22
6.6501  1.05
6.6601  1.12
6.6701  1.14
6.6801  1.1
6.6901  1.26
6.7001  0.97
6.7101  0.97
6.7201  1.19
6.7301  1.1
6.7401  0.96
6.7501  0.89
6.7601  1.19
6.7701  1.1
6.7801  1.31
6.7901  1.08
6.8001  1.29
6.8101  1.15
6.8201  1.16
6.8301  1.07
6.8401  1.19
6.8501  1.14
6.8601  0.98
6.8701  1
6.8801  1.23
6.8901  1
6.9001  1.02
6.9101  1.04
6.9201  1.04
6.9301  1.23
6.9401  1.06
6.9501  1.16
6.9601  1
6.9701  1.14
6.9801  1.09
6.9901  1.04
7.0001  0.95
7.0101  1.11
7.0201  1.17
7.0301  1.16
7.0401  1.04
7.0501  0.93
7.0601  1.28
7.0701  1.12
7.0801  0.87
7.0901  1.2
7.1001  1.07
7.1101  1.02
7.1201  1
7.1301  1.24
7.1401  1.05
7.1501  1.11
7.1601  1.06
7.1701  1.04
7.1801  0.97
7.1901  1.22
7.2001  1.07
7.2101  1.18
7.2201  1.12
7.2301  1.13
7.2401  1.07
7.2501  0.98
7.2601  0.98
7.2701  1.03
7.2801  0.91
7.2901  0.99
7.3001  1.1
7.3101  1.03
7.3201  1.1
7.3301  1.1
7.3401  1.07
7.3501  1.11
7.3601  0.94
7.3701  1.15
7.3801  1.15
7.3901  1
7.4001  0.9
7.4101  0.89
7.4201  1.31
7.4301  1.12
7.4401  1.08
7.4501  0.97
7.4601  1.01
7.4701  0.98
7.4801  1.24
7.4901  0.94
7.5001  1.16
7.5101  1.21
7.5201  1.13
7.5301  0.98
7.5401  1.09
7.5501  0.89
7.5601  0.95
7.5701  0.92
7.5801  1.03
7.5901  1.14
7.6001  0.91
7.6101  1.06
7.6201  1.06
7.6301  1.17
7.6401  0.99
7.6501  0.97
7.6601  1.04
7.6701  1.08
7.6801  1.19
7.6901  0.92
7.7001  1.14
7.7101  0.83
7.7201  1.23
7.7301  1
7.7401  1.08
7.7501  1.15
7.7601  1.03
7.7701  1.1
7.7801  1.02
7.7901  1.04
7.8001  1.1
7.8101  1.09
7.8201  1.14
7.8301  1.04
7.8401  1.04
7.8501  1.03
7.8601  1
7.8701  0.95
7.8801  1.07
7.8901  1.07
7.9001  1.2
7.9101  0.9
7.9201  0.94
7.9301  1.25
7.9401  1.01
7.9501  1.02
7.9601  1.17
7.9701  1.13
7.9801  1.03
7.9901  1.21
8.0001  1.09
8.0101  1.28
8.0201  1.21
8.0301  0.89
8.0401  1.02
8.0501  1.16
8.0601  1.16
8.0701  1.16
8.0801  1.14
8.0901  0.96
8.1001  1.1
8.1101  1.06
8.1201  1.01
8.1301  1.07
8.1401  0.99
8.1501  1.13
8.1601  1.27
8.1701  1.2
8.1801  1.03
8.1901  0.88
8.2001  1.09
8.2101  1.17
8.2201  1.12
8.2301  1.26
8.2401  1.12
8.2501  0.88
8.2601  1.16
8.2701  0.99
8.2801  1.08
8.2901  1.06
8.3001  1.19
8.3101  1.16
8.3201  1.13
8.3301  1.12
8.3401  1.12
8.3501  1.14
8.3601  1.18
8.3701  1.13
8.3801  1.16
8.3901  0.97
8.4001  1
8.4101  1.08
8.4201  1.07
8.4301  0.99
8.4401  1.01
8.4501  1.09
8.4601  1.1
8.4701  1.24
8.4801  0.95
8.4901  0.97
8.5001  1.11
8.5101  1.09
8.5201  1.19
8.5301  1.16
8.5401  1.04
8.5501  1.15
8.5601  1.04
8.5701  0.95
8.5801  1.08
8.5901  1.29
8.6001  1.35
8.6101  1.07
8.6201  0.94
8.6301  1.02
8.6401  1.13
8.6501  1.27
8.6601  1.07
8.6701  1.09
8.6801  0.94
8.6901  1.13
8.7001  0.99
8.7101  0.9
8.7201  1.03
8.7301  0.91
8.7401  0.94
8.7501  0.97
8.7601  1.13
8.7701  1.26
8.7801  1.06
8.7901  1.08
8.8001  1.09
8.8101  1.33
8.8201  0.98
8.8301  1.12
8.8401  0.93
8.8501  1.02
8.8601  1.08
8.8701  1.18
8.8801  1.21
8.8901  0.97
8.9001  1.18
8.9101  0.96
8.9201  1.05
8.9301  1.05
8.9401  0.94
8.9501  1.03
8.9601  1.12
8.9701  0.95
8.9801  1.03
8.9901  1.17
9.0001  1.12
9.0101  1.09
9.0201  0.95
9.0301  1.09
9.0401  0.94
9.0501  1.11
9.0601  1.04
9.0701  1.02
9.0801  1.06
9.0901  1.07
9.1001  1.15
9.1101  1.17
9.1201  1.16
9.1301  1.03
9.1401  1.19
9.1501  0.95
9.1601  0.94
9.1701  1.01
9.1801  1.15
9.1901  1.15
9.2001  1.11
9.2101  1.25
9.2201  1.07
9.2301  0.89
9.2401  1.11
9.2501  1.11
9.2601  1.15
9.2701  1.01
9.2801  0.96
9.2901  1.22
9.3001  1.1
9.3101  0.95
9.3201  0.95
9.3301  1.02
9.3401  0.97
9.3501  0.98
9.3601  1.13
9.3701  1.07
9.3801  1.06
9.3901  1.15
9.4001  0.98
9.4101  1.05
9.4201  1.23
9.4301  1.08
9.4401  1.21
9.4501  1.07
9.4601  1.14
9.4701  1.01
9.4801  1.04
9.4901  1.1
9.5001  0.92
9.5101  1.15
9.5201  0.91
9.5301  1.19
9.5401  1.04
9.5501  1.17
9.5601  1.15
9.5701  1.22
9.5801  1.14
9.5901  1.19
9.6001  1.17
9.6101  1.06
9.6201  1.04
9.6301  1.2
9.6401  1.11
9.6501  0.94
9.6601  1.09
9.6701  1.08
9.6801  1.01
9.6901  1.19
9.7001  1.19
9.7101  1.09
9.7201  1.04
9.7301  1.07
9.7401  1.02
9.7501  1.19
9.7601  1.06
9.7701  0.81
9.7801  1.1
9.7901  1.29
9.8001  1.1
9.8101  1.2
9.8201  1.05
9.8301  1.05
9.8401  1.18
9.8501  0.96
9.8601  1.04
9.8701  0.99
9.8801  1.09
9.8901  1
9.9001  1.16
9.9101  1.07
9.9201  1.06
9.9301  1.02
9.9401  1.22
9.9501  1.17
9.9601  0.96
9.9701  1.23
9.9801  1.04
9.9901  1.16
10.0001  1.03
10.0101  1.09
10.0201  1.1
10.0301  1.12
10.0401  1.16
10.0501  1.16
10.0601  1.01
10.0701  0.99
10.0801  1.1
10.0901  1.01
10.1001  1.06
10.1101  1.02
10.1201  1.22
10.1301  1.04
10.1401  1.13
10.1501  0.95
10.1601  1.07
10.1701  1.13
10.1801  1.19
10.1901  1.2
10.2001  1.07
10.2101  1.09
10.2201  1.3
10.2301  1.01
10.2401  0.87
10.2501  1.04
10.2601  1.15
10.2701  1.09
10.2801  1.11
10.2901  0.81
10.3001  1.08
10.3101  1.37
10.3201  0.89
10.3301  1.17
10.3401  1.09
10.3501  0.91
10.3601  1.26
10.3701  0.84
10.3801  1.12
10.3901  1.06
10.4001  1.19
10.4101  1.08
10.4201  1.02
10.4301  0.98
10.4401  0.9
10.4501  1.02
10.4601  1.2
10.4701  0.92
10.4801  1.02
10.4901  0.82
10.5001  0.91
10.5101  1.08
10.5201  1.2
10.5301  0.91
10.5401  0.93
10.5501  1.04
10.5601  1.05
10.5701  1.13
10.5801  1.15
10.5901  1.32
10.6001  0.93
10.6101  0.92
10.6201  1.11
10.6301  1.34
10.6401  0.99
10.6501  1.05
10.6601  1.33
10.6701  1.11
10.6801  1.1
10.6901  0.9
10.7001  0.97
10.7101  1.12
10.7201  1.19
10.7301  1.08
10.7401  1.17
10.7501  1.03
10.7601  0.97
10.7701  1.06
10.7801  1.05
10.7901  0.94
10.8001  1.01
10.8101  1.1
10.8201  1.03
10.8301  1.05
10.8401  1.22
10.8501  1.12
10.8601  1.2
10.8701  1.24
10.8801  0.9
10.8901  0.93
10.9001  0.95
10.9101  1.06
10.9201  0.98
10.9301  1.03
10.9401  1.19
10.9501  1.12
10.9601  1.14
10.9701  1.15
10.9801  0.99
10.9901  0.88
11.0001  1.2
11.0101  0.87
11.0201  1.24
11.0301  1.06
11.0401  1.18
11.0501  1.16
11.0601  1.1
11.0701  1.04
11.0801  0.97
11.0901  1.09
11.1001  0.96
11.1101  1.11
11.1201  1.19
11.1301  1.12
11.1401  0.96
11.1501  1.08
11.1601  1.1
11.1701  1.14
11.1801  1.24
11.1901  1.07
11.2001  1.14
11.2101  1.15
11.2201  1.09
11.2301  1.17
11.2401  1.08
11.2501  1.05
11.2601  1.05
11.2701  1.09
11.2801  1.18
11.2901  0.87
11.3001  1.19
11.3101  1.09
11.3201  1.04
11.3301  1.18
11.3401  1.05
11.3501  1.25
11.3601  0.93
11.3701  0.9
11.3801  1.06
11.3901  1.09
11.4001  1.17
11.4101  0.94
11.4201  1.06
11.4301  1.15
11.4401  1
11.4501  0.99
11.4601  1.25
11.4701  1.05
11.4801  1.2
11.4901  1.2
11.5001  1.15
11.5101  1.11
11.5201  1.16
11.5301  1.29
11.5401  1
11.5501  1.1
11.5601  0.98
11.5701  1.23
11.5801  1.08
11.5901  0.93
11.6001  1.32
11.6101  1.13
11.6201  1.02
11.6301  1.03
11.6401  1.15
11.6501  1.13
11.6601  1.08
11.6701  1.14
11.6801  1.08
11.6901  1.08
11.7001  1.12
11.7101  1.08
11.7201  1.04
11.7301  1.02
11.7401  0.91
11.7501  1.07
11.7601  1.09
11.7701  1.01
11.7801  1
11.7901  1.06
11.8001  1.19
11.8101  1.01
11.8201  1.13
11.8301  1
11.8401  1.05
11.8501  1.21
11.8601  1.12
11.8701  1.12
11.8801  1.05
11.8901  0.9
11.9001  0.89
11.9101  1.03
11.9201  0.97
11.9301  0.93
11.9401  1.35
11.9501  1.02
11.9601  1.14
11.9701  0.9
11.9801  1.02
11.9901  1.05
12.0001  1.15
12.0101  1.09
12.0201  0.89
12.0301  1.06
12.0401  1.09
12.0501  0.92
12.0601  1.1
12.0701  1
12.0801  1.14
12.0901  1.15
12.1001  0.98
12.1101  0.88
12.1201  1.08
12.1301  1.17
12.1401  1.11
12.1501  1.1
12.1601  1.31
12.1701  0.94
12.1801  1.1
12.1901  1.01
12.2001  1.18
12.2101  0.95
12.2201  0.94
12.2301  1.01
12.2401  1.09
12.2501  0.93
12.2601  1.32
12.2701  0.87
12.2801  0.96
12.2901  0.98
12.3001  0.99
12.3101  1.21
12.3201  1.34
12.3301  1.02
12.3401  0.98
12.3501  1.03
12.3601  1.16
12.3701  1.16
12.3801  1.07
12.3901  0.95
12.4001  1.2
12.4101  1.23
12.4201  1.15
12.4301  1.07
12.4401  1.08
12.4501  1.21
12.4601  1.03
12.4701  1
12.4801  1.1
12.4901  1.06
12.5001  1.17
12.5101  0.84
12.5201  1.25
12.5301  1
12.5401  1.32
12.5501  0.85
12.5601  1.08
12.5701  0.94
12.5801  1.08
12.5901  1.1
12.6001  1.12
12.6101  1.07
12.6201  1.33
12.6301  1.03
12.6401  1.11
12.6501  1.1
12.6601  0.95
12.6701  1.03
12.6801  0.87
12.6901  1.11
12.7001  1.06
12.7101  1.23
12.7201  1
12.7301  1.04
12.7401  1.02
12.7501  0.94
12.7601  0.94
12.7701  1.08
12.7801  0.95
12.7901  1.25
12.8001  0.92
12.8101  1.05
12.8201  1.18
12.8301  1.3
12.8401  1.18
12.8501  0.96
12.8601  1.24
12.8701  1.29
12.8801  1.02
12.8901  1.05
12.9001  0.9
12.9101  1.11
12.9201  1.17
12.9301  0.91
12.9401  0.99
12.9501  1.06
12.9601  1.16
12.9701  0.92
12.9801  1.03
12.9901  0.85
13.0001  1.16
13.0101  1.13
13.0201  1.18
13.0301  1.01
13.0401  1.15
13.0501  1
13.0601  1.02
13.0701  1.19
13.0801  0.93
13.0901  1.07
13.1001  1.07
13.1101  0.82
13.1201  1.06
13.1301  1.14
13.1401  1.18
13.1501  1
13.1601  1.08
13.1701  1.1
13.1801  1.28
13.1901  1.01
13.2001  1.13
13.2101  1.05
13.2201  1.14
13.2301  1.21
13.2401  1.3
13.2501  1.03
13.2601  0.96
13.2701  1.03
13.2801  1.14
13.2901  1.01
13.3001  1.13
13.3101  0.9
13.3201  1.08
13.3301  0.93
13.3401  1.18
13.3501  1.12
13.3601  1.31
13.3701  1.17
13.3801  0.9
13.3901  0.93
13.4001  1.03
13.4101  1.03
13.4201  1.07
13.4301  1.19
13.4401  0.91
13.4501  0.93
13.4601  1.05
13.4701  1.17
13.4801  1.15
13.4901  1.09
13.5001  0.96
13.5101  1.05
13.5201  1.11
13.5301  1.2
13.5401  1.12
13.5501  1.21
13.5601  1.12
13.5701  1.09
13.5801  1.19
13.5901  0.94
13.6001  0.9
13.6101  1.1
13.6201  1.01
13.6301  1.25
13.6401  0.8
13.6501  0.93
13.6601  1.13
13.6701  1.06
13.6801  1.08
13.6901  1.08
13.7001  1.04
13.7101  1.13
13.7201  0.97
13.7301  1.08
13.7401  1.11
13.7501  1.19
13.7601  1.03
13.7701  0.82
13.7801  1.17
13.7901  1.05
13.8001  1.13
13.8101  1.16
13.8201  1.1
13.8301  1.03
13.8401  1.06
13.8501  1.28
13.8601  1.01
13.8701  1.03
13.8801  1.02
13.8901  1.33
13.9001  1.15
13.9101  1.16
13.9201  1.12
13.9301  1
13.9401  1.16
13.9501  1.05
13.9601  0.95
13.9701  0.99
13.9801  1.08
13.9901  1.08
14.0001  1.1
14.0101  0.92
14.0201  1.08
14.0301  1.14
14.0401  0.84
14.0501  1.08
14.0601  1.12
14.0701  1.05
14.0801  1.04
14.0901  0.89
14.1001  1.15
14.1101  1.06
14.1201  1.13
14.1301  1.18
14.1401  1.02
14.1501  1.06
14.1601  1.09
14.1701  0.95
14.1801  1.13
14.1901  1.08
14.2001  1.05
14.2101  1.19
14.2201  1
14.2301  1.04
14.2401  0.95
14.2501  1.11
14.2601  1.2
14.2701  1.07
14.2801  1.04
14.2901  1.11
14.3001  1.22
14.3101  1.15
14.3201  1.06
14.3301  0.99
14.3401  0.96
14.3501  1.07
14.3601  1.08
14.3701  1.2
14.3801  1.05
14.3901  1.18
14.4001  0.98
14.4101  1.05
14.4201  0.95
14.4301  1.01
14.4401  1.06
14.4501  0.96
14.4601  1
14.4701  0.98
14.4801  0.99
14.4901  1.22
14.5001  1
14.5101  1.01
14.5201  1.04
14.5301  1
14.5401  0.9
14.5501  1.24
14.5601  1.19
14.5701  1.12
14.5801  1.16
14.5901  1.09
14.6001  0.97
14.6101  1.16
14.6201  1.27
14.6301  0.97
14.6401  0.95
14.6501  1.13
14.6601  1.03
14.6701  1.11
14.6801  1.24
14.6901  0.99
14.7001  1.08
14.7101  1.12
14.7201  0.94
14.7301  1.01
14.7401  1.22
14.7501  1
14.7601  0.86
14.7701  1.14
14.7801  0.92
14.7901  0.94
14.8001  1.25
14.8101  1.03
14.8201  1.12
14.8301  1
14.8401  1.05
14.8501  1.22
14.8601  1.14
14.8701  1.15
14.8801  1.34
14.8901  1.11
14.9001  1.16
14.9101  1.18
14.9201  1
14.9301  0.97
14.9401  1.14
14.9501  1.16
14.9601  1.02
14.9701  1.01
14.9801  1.13
14.9901  1.06
15.0001  1.14
15.0101  0.95
15.0201  0.83
15.0301  1.02
15.0401  1.21
15.0501  1.12
15.0601  1.17
15.0701  0.9
15.0801  1.23
15.0901  1.14
15.1001  1.14
15.1101  0.96
15.1201  1.07
15.1301  0.95
15.1401  1
15.1501  1.06
15.1601  1.12
15.1701  1
15.1801  1.06
15.1901  1.02
15.2001  1.01
15.2101  1.13
15.2201  1.12
15.2301  1.13
15.2401  1.15
15.2501  0.98
15.2601  1.05
15.2701  0.98
15.2801  1.27
15.2901  1.1
15.3001  1.07
15.3101  1.08
15.3201  1
15.3301  1.13
15.3401  1.2
15.3501  0.9
15.3601  1.11
15.3701  1.02
15.3801  1
15.3901  1.12
15.4001  0.96
15.4101  1.03
15.4201  1.19
15.4301  1.09
15.4401  0.93
15.4501  1.25
15.4601  1.26
15.4701  1.02
15.4801  1.07
15.4901  1.18
15.5001  1.14
15.5101  0.99
15.5201  1.1
15.5301  0.98
15.5401  0.94
15.5501  1.12
15.5601  1.16
15.5701  0.96
15.5801  1.12
15.5901  1.08
15.6001  0.9
15.6101  1.09
15.6201  1.07
15.6301  1.06
15.6401  1.14
15.6501  1.08
15.6601  0.95
15.6701  1.18
15.6801  1.16
15.6901  1.11
15.7001  1.03
15.7101  0.96
15.7201  1.07
15.7301  1.02
15.7401  1.07
15.7501  1.2
15.7601  1.06
15.7701  1.12
15.7801  1.04
15.7901  1.09
15.8001  0.9
15.8101  1.08
15.8201  1.16
15.8301  0.99
15.8401  1.09
15.8501  0.93
15.8601  1
15.8701  1.24
15.8801  1.05
15.8901  1.01
15.9001  1.02
15.9101  1.05
15.9201  0.93
15.9301  1.25
15.9401  1.12
15.9501  1.2
15.9601  1.08
15.9701  1.13
15.9801  1.23
15.9901  0.94
16.0001  0.99
16.0101  0.97
16.0201  1.14
16.0301  0.96
16.0401  1.04
16.0501  1.24
16.0601  1.02
16.0701  1.29
16.0801  0.94
16.0901  1.07
16.1001  1.01
16.1101  1.18
16.1201  1.09
16.1301  1.05
16.1401  0.9
16.1501  1.4
16.1601  1.01
16.1701  1.08
16.1801  1.1
16.1901  1.09
16.2001  1.05
16.2101  1.18
16.2201  0.94
16.2301  0.97
16.2401  1.17
16.2501  1.1
16.2601  1.16
16.2701  1.02
16.2801  1.05
16.2901  1.05
16.3001  1
16.3101  1.09
16.3201  1.18
16.3301  1.03
16.3401  1.12
16.3501  1.09
16.3601  0.99
16.3701  1.25
16.3801  0.95
16.3901  1.18
16.4001  1.07
16.4101  1.22
16.4201  0.87
16.4301  1.12
16.4401  1.12
16.4501  1.16
16.4601  0.99
16.4701  0.98
16.4801  1.19
16.4901  1.14
16.5001  0.98
16.5101  1.14
16.5201  1.15
16.5301  0.92
16.5401  0.8
16.5501  1.03
16.5601  0.98
16.5701  1.13
16.5801  1.16
16.5901  0.93
16.6001  1.05
16.6101  1.09
16.6201  1.07
16.6301  1.12
16.6401  1.15
16.6501  1.06
16.6601  1.02
16.6701  1.24
16.6801  1.1
16.6901  1.04
16.7001  1.08
16.7101  1.02
16.7201  1.05
16.7301  1.04
16.7401  1.16
16.7501  1.11
16.7601  0.99
16.7701  1.16
16.7801  0.98
16.7901  1.02
16.8001  1.02
16.8101  1.11
16.8201  1.2
16.8301  1.13
16.8401  0.97
16.8501  1.14
16.8601  1.01
16.8701  1.03
16.8801  1.11
16.8901  0.91
16.9001  1.07
16.9101  1.18
16.9201  1.07
16.9301  0.98
16.9401  1.03
16.9501  1.07
16.9601  1.09
16.9701  0.95
16.9801  0.99
16.9901  1.12
17.0001  1.24
17.0101  1.11
17.0201  0.99
17.0301  1.09
17.0401  1.1
17.0501  1.13
17.0601  1.18
17.0701  1.03
17.0801  0.96
17.0901  1.13
17.1001  1.23
17.1101  1.08
17.1201  0.99
17.1301  1.1
17.1401  1.02
17.1501  1.24
17.1601  1.11
17.1701  0.99
17.1801  1.04
17.1901  1.06
17.2001  1.04
17.2101  1.11
17.2201  1
17.2301  1.14
17.2401  1.19
17.2501  1.09
17.2601  1.01
17.2701  1.19
17.2801  1.06
17.2901  0.98
17.3001  1.11
17.3101  1.22
17.3201  1.14
17.3301  1.08
17.3401  1.01
17.3501  1.09
17.3601  1.02
17.3701  1.08
17.3801  1.06
17.3901  1.05
17.4001  0.9
17.4101  1.06
17.4201  1.21
17.4301  0.9
17.4401  1.33
17.4501  1.09
17.4601  0.92
17.4701  1.05
17.4801  1.17
17.4901  0.86
17.5001  1.07
17.5101  1.24
17.5201  1.07
17.5301  1.02
17.5401  1.3
17.5501  1.14
17.5601  1.19
17.5701  0.99
17.5801  0.91
17.5901  1.18
17.6001  0.88
17.6101  0.9
17.6201  0.96
17.6301  0.99
17.6401  0.94
17.6501  1.04
17.6601  1.17
17.6701  0.92
17.6801  1.02
17.6901  1.07
17.7001  1.12
17.7101  1.06
17.7201  1.14
17.7301  1.05
17.7401  1.02
17.7501  1.1
17.7601  1.22
17.7701  1.03
17.7801  1.11
17.7901  0.99
17.8001  1.12
17.8101  1.1
17.8201  1.23
17.8301  1.12
17.8401  1.04
17.8501  1.18
17.8601  1.09
17.8701  1.01
17.8801  0.99
17.8901  1.02
17.9001  0.99
17.9101  1.02
17.9201  1.11
17.9301  0.99
17.9401  0.86
17.9501  1.28
17.9601  1.04
17.9701  1.03
17.9801  1.04
17.9901  1.19
18.0001  1.06
18.0101  1.17
18.0201  0.95
18.0301  1.08
18.0401  1.06
18.0501  0.93
18.0601  1.1
18.0701  1.11
18.0801  1.12
18.0901  1.33
18.1001  1.18
18.1101  0.86
18.1201  1.14
18.1301  1
18.1401  1.22
18.1501  1.01
18.1601  1.12
18.1701  1.08
18.1801  0.97
18.1901  1.09
18.2001  1.17
18.2101  1.36
18.2201  1.16
18.2301  1.18
18.2401  0.92
18.2501  1.03
18.2601  0.84
18.2701  1.19
18.2801  0.99
18.2901  0.95
18.3001  1.09
18.3101  0.95
18.3201  0.96
18.3301  1.08
18.3401  1.1
18.3501  1.13
18.3601  1.09
18.3701  1.02
18.3801  1.26
18.3901  0.92
18.4001  1.05
18.4101  0.99
18.4201  1.01
18.4301  1.34
18.4401  0.94
18.4501  1.05
18.4601  0.88
18.4701  1.03
18.4801  1.13
18.4901  1.28
18.5001  1.14
18.5101  1.09
18.5201  0.82
18.5301  1.05
18.5401  0.96
18.5501  1.21
18.5601  1.19
18.5701  1.06
18.5801  1.12
18.5901  1.07
18.6001  1.03
18.6101  1.01
18.6201  1.04
18.6301  0.99
18.6401  1.11
18.6501  0.97
18.6601  1.09
18.6701  0.96
18.6801  1.07
18.6901  1.05
18.7001  1.07
18.7101  1.05
18.7201  0.89
18.7301  1.26
18.7401  0.95
18.7501  1.11
18.7601  1.15
18.7701  0.98
18.7801  1.08
18.7901  1.27
18.8001  0.99
18.8101  1.13
18.8201  1.09
18.8301  1.2
18.8401  1.17
18.8501  1.01
18.8601  1.27
18.8701  1.01
18.8801  0.89
18.8901  0.97
18.9001  1.15
18.9101  1.11
18.9201  1.01
18.9301  0.72
18.9401  1.15
18.9501  0.89
18.9601  1.08
18.9701  0.81
18.9801  1.13
18.9901  1.18
19.0001  1.03
19.0101  1.21
19.0201  1.12
19.0301  1.35
19.0401  1.1
19.0501  1.23
19.0601  1.02
19.0701  1.05
19.0801  1.03
19.0901  0.96
19.1001  1.04
19.1101  1.07
19.1201  1.1
19.1301  1.07
19.1401  0.89
19.1501  0.92
19.1601  1.13
19.1701  1.17
19.1801  1.05
19.1901  0.85
19.2001  1.05
19.2101  1.02
19.2201  1.02
19.2301  1.02
19.2401  0.93
19.2501  1.24
19.2601  0.9
19.2701  1.07
19.2801  1.11
19.2901  1.22
19.3001  1.06
19.3101  1.09
19.3201  1.18
19.3301  1.13
19.3401  1.08
19.3501  1.14
19.3601  1.15
19.3701  1.29
19.3801  1.08
19.3901  1.02
19.4001  1.06
19.4101  1.13
19.4201  0.93
19.4301  0.89
19.4401  1.15
19.4501  1.13
19.4601  1.05
19.4701  1.13
19.4801  1.1
19.4901  1.13
19.5001  0.89
19.5101  1.26
19.5201  1.06
19.5301  1.09
19.5401  0.81
19.5501  1.21
19.5601  1.11
19.5701  0.98
19.5801  0.83
19.5901  1.05
19.6001  1.14
19.6101  1.1
19.6201  1.03
19.6301  1.1
19.6401  1.28
19.6501  1.21
19.6601  1.26
19.6701  0.89
19.6801  1.1
19.6901  1.12
19.7001  1.17
19.7101  1.03
19.7201  1.08
19.7301  0.89
19.7401  0.97
19.7501  0.95
19.7601  1.03
19.7701  1.07
19.7801  1.1
19.7901  1.23
19.8001  0.99
19.8101  0.98
19.8201  1.24
19.8301  1.01
19.8401  1.1
19.8501  1.09
19.8601  1.13
19.8701  1.06
19.8801  1.13
19.8901  1.12
19.9001  0.94
19.9101  1.18
19.9201  1.03
19.9301  1.22
19.9401  0.88
19.9501  1.08
19.9601  1.13
19.9701  1.01
19.9801  1.03
19.9901  1.12
20.0001  1.19
20.0101  1.18
20.0201  1.02
20.0301  1.03
20.0401  1.09
20.0501  0.93
20.0601  1.05
20.0701  1.16
20.0801  0.97
20.0901  1
20.1001  1.02
20.1101  1.06
20.1201  1.08
20.1301  1.09
20.1401  0.99
20.1501  0.9
20.1601  1.12
20.1701  1.2
20.1801  0.88
20.1901  1.14
20.2001  1.08
20.2101  1
20.2201  1.03
20.2301  1.2
20.2401  1.08
20.2501  1.08
20.2601  1.05
20.2701  1.01
20.2801  1.02
20.2901  1.16
20.3001  0.96
20.3101  1.02
20.3201  1.13
20.3301  1.14
20.3401  1.3
20.3501  1
20.3601  1.12
20.3701  1.02
20.3801  0.9
20.3901  1.15
20.4001  1.04
20.4101  1.04
20.4201  0.97
20.4301  0.94
20.4401  1.04
20.4501  1.16
20.4601  1.13
20.4701  1.16
20.4801  1.1
20.4901  1.15
20.5001  1.17
20.5101  1.18
20.5201  1.24
20.5301  0.93
20.5401  1.01
20.5501  1.08
20.5601  1.11
20.5701  1.13
20.5801  1.05
20.5901  1.03
20.6001  1.06
20.6101  0.98
20.6201  1.05
20.6301  1.01
20.6401  0.96
20.6501  0.82
20.6601  1.07
20.6701  0.97
20.6801  1.03
20.6901  1.07
20.7001  0.97
20.7101  1.23
20.7201  1.02
20.7301  1.16
20.7401  1.04
20.7501  0.97
20.7601  1.15
20.7701  1.1
20.7801  1.21
20.7901  1.12
20.8001  1.1
20.8101  0.82
20.8201  1.05
20.8301  0.96
20.8401  1.1
20.8501  1.17
20.8601  1.09
20.8701  1.01
20.8801  1.21
20.8901  0.92
20.9001  1.13
20.9101  1.1
20.9201  1.15
20.9301  1.11
20.9401  0.99
20.9501  1.05
20.9601  1.12
20.9701  0.79
20.9801  1.15
20.9901  1.2
21.0001  1.09
21.0101  1
21.0201  1.26
21.0301  0.94
21.0401  1.11
21.0501  1.2
21.0601  1.17
21.0701  0.92
21.0801  1.04
21.0901  0.93
21.1001  0.92
21.1101  1.05
21.1201  1.1
21.1301  1.12
21.1401  0.99
21.1501  1.2
21.1601  1.09
21.1701  0.94
21.1801  1.24
21.1901  1.26
21.2001  1.08
21.2101  1.1
21.2201  1.04
21.2301  1.12
21.2401  1.12
21.2501  1.05
21.2601  1.18
21.2701  0.85
21.2801  0.89
21.2901  1.06
21.3001  1.04
21.3101  1.02
21.3201  1.08
21.3301  1.15
21.3401  1.14
21.3501  1.14
21.3601  1.13
21.3701  0.97
21.3801  1.04
21.3901  1.13
21.4001  1.11
21.4101  1.02
21.4201  1.04
21.4301  1.02
21.4401  1.15
21.4501  1.11
21.4601  0.98
21.4701  1
21.4801  1.03
21.4901  1.13
21.5001  1.11
21.5101  1.03
21.5201  0.92
21.5301  1.17
21.5401  1.19
21.5501  1.1
21.5601  1.07
21.5701  1.27
21.5801  1.12
21.5901  1.2
21.6001  1.04
21.6101  1.12
21.6201  0.94
21.6301  1.13
21.6401  1.05
21.6501  0.96
21.6601  1.19
21.6701  0.99
21.6801  1.27
21.6901  1.08
21.7001  1.07
21.7101  1.16
21.7201  0.96
21.7301  1.03
21.7401  1.16
21.7501  1.01
21.7601  0.93
21.7701  1.16
21.7801  1.13
21.7901  1.14
21.8001  0.96
21.8101  1.23
21.8201  1.05
21.8301  0.99
21.8401  1.04
21.8501  1.12
21.8601  1.06
21.8701  1.05
21.8801  1.12
21.8901  1.02
21.9001  0.97
21.9101  0.86
21.9201  1.1
21.9301  1
21.9401  1.25
21.9501  1.14
21.9601  1.21
21.9701  1.1
21.9801  1.19
21.9901  0.99
22.0001  1.08
22.0101  1.12
22.0201  1.06
22.0301  1
22.0401  1.09
22.0501  1.11
22.0601  1.09
22.0701  1.13
22.0801  0.98
22.0901  1.04
22.1001  1.09
22.1101  0.97
22.1201  1.06
22.1301  1.2
22.1401  1.07
22.1501  0.99
22.1601  1.05
22.1701  1.11
22.1801  1.1
22.1901  1.21
22.2001  1.2
22.2101  1.04
22.2201  1.12
22.2301  0.93
22.2401  1.11
22.2501  1.1
22.2601  1.1
22.2701  0.96
22.2801  0.95
22.2901  1.08
22.3001  1.09
22.3101  1
22.3201  1.09
22.3301  0.98
22.3401  0.93
22.3501  1.18
22.3601  0.99
22.3701  1.09
22.3801  1.21
22.3901  0.97
22.4001  1.11
22.4101  1.13
22.4201  1.07
22.4301  0.91
22.4401  0.97
22.4501  1.14
22.4601  1.03
22.4701  1.17
22.4801  1.11
22.4901  1.06
22.5001  1.03
22.5101  1.25
22.5201  1.03
22.5301  1.2
22.5401  0.93
22.5501  1.13
22.5601  0.99
22.5701  1.01
22.5801  1.24
22.5901  1.1
22.6001  1.19
22.6101  1.14
22.6201  1.03
22.6301  1.1
22.6401  0.98
22.6501  1.11
22.6601  1.06
22.6701  1.03
22.6801  1.1
22.6901  0.89
22.7001  1.16
22.7101  1.03
22.7201  1.18
22.7301  1
22.7401  0.98
22.7501  0.98
22.7601  1.04
22.7701  1.04
22.7801  1.28
22.7901  1
22.8001  1.23
22.8101  0.9
22.8201  1.2
22.8301  1.01
22.8401  0.92
22.8501  1.27
22.8601  0.91
22.8701  0.98
22.8801  1.16
22.8901  1.07
22.9001  1.14
22.9101  1.18
22.9201  1.01
22.9301  1.07
22.9401  1.1
22.9501  1.18
22.9601  1.06
22.9701  1.24
22.9801  1.15
22.9901  0.98
23.0001  1.15
23.0101  1.25
23.0201  1.26
23.0301  1.02
23.0401  1.04
23.0501  1.05
23.0601  1.07
23.0701  0.97
23.0801  1.05
23.0901  0.99
23.1001  0.95
23.1101  0.88
23.1201  1.11
23.1301  1.03
23.1401  1.3
23.1501  0.99
23.1601  1.21
23.1701  1.06
23.1801  0.95
23.1901  1.05
23.2001  1.13
23.2101  1.12
23.2201  0.97
23.2301  1.01
23.2401  1.15
23.2501  1.23
23.2601  0.95
23.2701  1.03
23.2801  1.1
23.2901  0.96
23.3001  1.06
23.3101  1.1
23.3201  1.26
23.3301  1.16
23.3401  1.14
23.3501  0.94
23.3601  1.29
23.3701  1.08
23.3801  0.99
23.3901  1.25
23.4001  0.89
23.4101  1.02
23.4201  1.27
23.4301  0.92
23.4401  1.23
23.4501  0.93
23.4601  1.06
23.4701  1.02
23.4801  1.13
23.4901  0.99
23.5001  1.25
23.5101  1.18
23.5201  1.11
23.5301  0.96
23.5401  0.89
23.5501  1.05
23.5601  0.97
23.5701  0.98
23.5801  1.13
23.5901  1.03
23.6001  1.17
23.6101  0.92
23.6201  0.99
23.6301  1.19
23.6401  1.18
23.6501  1.03
23.6601  1.14
23.6701  1.01
23.6801  1.18
23.6901  0.88
23.7001  1.11
23.7101  0.98
23.7201  0.88
23.7301  1.08
23.7401  1.12
23.7501  1.18
23.7601  1.1
23.7701  1.2
23.7801  1.15
23.7901  1.06
23.8001  1.06
23.8101  1.19
23.8201  1.12
23.8301  0.86
23.8401  1.04
23.8501  1.1
23.8601  1.05
23.8701  1.04
23.8801  1.22
23.8901  1.1
23.9001  1.18
23.9101  0.89
23.9201  1.13
23.9301  1.16
23.9401  1.2
23.9501  0.94
23.9601  0.87
23.9701  1
23.9801  1.09
23.9901  1.13
24.0001  0.98
24.0101  0.98
24.0201  1.1
24.0301  1.03
24.0401  1.01
24.0501  1.08
24.0601  1.15
24.0701  1.07
24.0801  0.88
24.0901  0.87
24.1001  1.26
24.1101  0.96
24.1201  1.04
24.1301  1.1
24.1401  1.14
24.1501  1.01
24.1601  1.16
24.1701  1.08
24.1801  1.18
24.1901  1.24
24.2001  1.21
24.2101  1.16
24.2201  1.28
24.2301  1.2
24.2401  0.97
24.2501  0.99
24.2601  1.16
24.2701  1.17
24.2801  1.14
24.2901  1.09
24.3001  0.98
24.3101  1.24
24.3201  1.15
24.3301  1.15
24.3401  1.1
24.3501  0.94
24.3601  1.01
24.3701  0.98
24.3801  1.1
24.3901  1.1
24.4001  1.04
24.4101  1.14
24.4201  1.08
24.4301  1.13
24.4401  1.06
24.4501  0.93
24.4601  1.06
24.4701  1.06
24.4801  1
24.4901  1.25
24.5001  1.02
24.5101  1.19
24.5201  1.11
24.5301  1.22
24.5401  1.09
24.5501  1.22
24.5601  1.18
24.5701  1.13
24.5801  1.09
24.5901  0.93
24.6001  0.87
24.6101  1.25
24.6201  1.03
24.6301  1.12
24.6401  0.89
24.6501  0.84
24.6601  1.03
24.6701  0.96
24.6801  1.27
24.6901  1
24.7001  1.04
24.7101  1.1
24.7201  1.02
24.7301  1.09
24.7401  1
24.7501  1.24
24.7601  0.98
24.7701  1.03
24.7801  1.1
24.7901  1.27
24.8001  0.93
24.8101  1.15
24.8201  0.98
24.8301  1.12
24.8401  1
24.8501  1.07
24.8601  1.13
24.8701  1.02
24.8801  0.98
24.8901  1.12
24.9001  1
24.9101  1.15
24.9201  0.93
24.9301  1.15
24.9401  1.07
24.9501  1.03
24.9601  1.32
24.9701  1.2
24.9801  1.01
24.9901  1.1
25.0001  0.95
25.0101  1.12
25.0201  1.09
25.0301  1.01
25.0401  1.14
25.0501  0.95
25.0601  1.14
25.0701  0.97
25.0801  1.06
25.0901  1.24
25.1001  0.92
25.1101  1.05
25.1201  1.17
25.1301  1.01
25.1401  1.02
25.1501  1.09
25.1601  1.04
25.1701  1.1
25.1801  1.06
25.1901  1.08
25.2001  1.09
25.2101  1.11
25.2201  0.94
25.2301  1.2
25.2401  0.9
25.2501  0.86
25.2601  1.17
25.2701  1.09
25.2801  1.08
25.2901  1.19
25.3001  1.14
25.3101  0.89
25.3201  1.22
25.3301  1.03
25.3401  1.2
25.3501  1.08
25.3601  0.99
25.3701  0.82
25.3801  1
25.3901  1.09
25.4001  1.06
25.4101  0.91
25.4201  1.08
25.4301  1.13
25.4401  1.05
25.4501  1.08
25.4601  1.3
25.4701  1.14
25.4801  1.02
25.4901  1.12
25.5001  0.97
25.5101  1.14
25.5201  1.17
25.5301  1.03
25.5401  1.1
25.5501  1.08
25.5601  0.95
25.5701  0.98
25.5801  1.06
25.5901  1.26
25.6001  0.95
25.6101  1.19
25.6201  1.16
25.6301  1.05
25.6401  1.17
25.6501  1.02
25.6601  1.16
25.6701  1.11
25.6801  0.83
25.6901  1.19
25.7001  1.06
25.7101  1.08
25.7201  1.13
25.7301  1.03
25.7401  1.18
25.7501  1.07
25.7601  1.19
25.7701  1.07
25.7801  0.88
25.7901  1.03
25.8001  0.99
25.8101  0.98
25.8201  1.12
25.8301  0.96
25.8401  1.22
25.8501  1.07
25.8601  1.01
25.8701  1.18
25.8801  0.98
25.8901  1.2
25.9001  1.08
25.9101  1.09
25.9201  1.07
25.9301  1.07
25.9401  1.1
25.9501  1.29
25.9601  1
25.9701  1.08
25.9801  1.11
25.9901  1.23
26.0001  1.07
26.0101  0.99
26.0201  1.11
26.0301  1.19
26.0401  1
26.0501  1.14
26.0601  0.98
26.0701  1.05
26.0801  0.86
26.0901  0.95
26.1001  1.03
26.1101  1.02
26.1201  1.19
26.1301  1.33
26.1401  1.03
26.1501  1.16
26.1601  1.2
26.1701  1.09
26.1801  1.05
26.1901  0.96
26.2001  1.04
26.2101  1.03
26.2201  1.01
26.2301  0.79
26.2401  1.33
26.2501  0.93
26.2601  1.12
26.2701  1.1
26.2801  1.14
26.2901  1.1
26.3001  0.89
26.3101  1.12
26.3201  0.97
26.3301  1.01
26.3401  1.06
26.3501  0.89
26.3601  1.03
26.3701  1.05
26.3801  1.08
26.3901  1.24
26.4001  0.88
26.4101  1.16
26.4201  1.06
26.4301  1.1
26.4401  1.17
26.4501  1.14
26.4601  0.94
26.4701  0.93
26.4801  1.03
26.4901  0.89
26.5001  1.24
26.5101  1.15
26.5201  1.19
26.5301  1.2
26.5401  1.07
26.5501  0.91
26.5601  1.1
26.5701  1.18
26.5801  1.03
26.5901  0.93
26.6001  0.83
26.6101  0.93
26.6201  1.13
26.6301  0.95
26.6401  1.07
26.6501  0.94
26.6601  0.95
26.6701  1.13
26.6801  1.02
26.6901  1.09
26.7001  1.04
26.7101  1.08
26.7201  0.87
26.7301  1.05
26.7401  0.92
26.7501  1.09
26.7601  1.15
26.7701  0.99
26.7801  1.19
26.7901  1.3
26.8001  1.11
26.8101  1.33
26.8201  1.21
26.8301  1.13
26.8401  1.07
26.8501  1.15
26.8601  1.04
26.8701  1.23
26.8801  1.01
26.8901  0.98
26.9001  1.06
26.9101  1.16
26.9201  0.97
26.9301  1.11
26.9401  1.06
26.9501  1.02
26.9601  1.35
26.9701  0.97
26.9801  1.07
26.9901  0.99
27.0001  1.17
27.0101  1.1
27.0201  1.08
27.0301  1.01
27.0401  0.92
27.0501  1.29
27.0601  1.33
27.0701  1.01
27.0801  1.09
27.0901  1.07
27.1001  1.13
27.1101  1.11
27.1201  1.01
27.1301  0.91
27.1401  1.2
27.1501  1.05
27.1601  1.08
27.1701  1.14
27.1801  1.24
27.1901  0.99
27.2001  1.02
27.2101  1.13
27.2201  1.1
27.2301  1.18
27.2401  0.97
27.2501  1
27.2601  1.4
27.2701  0.95
27.2801  1.2
27.2901  1.22
27.3001  0.93
27.3101  0.94
27.3201  1
27.3301  0.98
27.3401  0.99
27.3501  1.06
27.3601  1.09
27.3701  1.07
27.3801  1.23
27.3901  1.1
27.4001  1.1
27.4101  0.94
27.4201  1.19
27.4301  1.08
27.4401  1.03
27.4501  1.13
27.4601  0.96
27.4701  1.01
27.4801  1.04
27.4901  0.92
27.5001  0.98
27.5101  1.1
27.5201  1.17
27.5301  1.18
27.5401  1.14
27.5501  1.05
27.5601  0.87
27.5701  1.04
27.5801  0.99
27.5901  1.12
27.6001  1.13
27.6101  1.08
27.6201  1.04
27.6301  0.97
27.6401  0.97
27.6501  1.14
27.6601  1.2
27.6701  1.09
27.6801  1.09
27.6901  0.95
27.7001  1.05
27.7101  1.2
27.7201  1.13
27.7301  0.89
27.7401  1.02
27.7501  0.79
27.7601  0.97
27.7701  1.05
27.7801  1.28
27.7901  1.13
27.8001  1.06
27.8101  1.05
27.8201  1.24
27.8301  0.88
27.8401  0.92
27.8501  1.16
27.8601  1.21
27.8701  1.06
27.8801  1.1
27.8901  1.09
27.9001  0.97
27.9101  1.05
27.9201  1.16
27.9301  0.93
27.9401  1.07
27.9501  1.21
27.9601  1.05
27.9701  1.06
27.9801  0.93
27.9901  1.12
28.0001  1.03
28.0101  1.12
28.0201  1.08
28.0301  1.01
28.0401  1.09
28.0501  1.1
28.0601  1.04
28.0701  1.07
28.0801  0.98
28.0901  1.15
28.1001  1.31
28.1101  1.12
28.1201  1.06
28.1301  1.2
28.1401  1.11
28.1501  1.13
28.1601  1.13
28.1701  1.03
28.1801  1.12
28.1901  0.95
28.2001  1.04
28.2101  1.16
28.2201  1.14
28.2301  1.14
28.2401  1.17
28.2501  1.11
28.2601  0.89
28.2701  1.1
28.2801  0.96
28.2901  1.04
28.3001  1.07
28.3101  1.04
28.3201  1.13
28.3301  0.93
28.3401  1.22
28.3501  1.04
28.3601  1
28.3701  1.17
28.3801  0.86
28.3901  1.1
28.4001  1.13
28.4101  1.03
28.4201  1.23
28.4301  1.2
28.4401  1.09
28.4501  0.94
28.4601  1.12
28.4701  1.03
28.4801  1.2
28.4901  1.1
28.5001  1.1
28.5101  1.19
28.5201  1.06
28.5301  1.08
28.5401  1.08
28.5501  1.01
28.5601  1.07
28.5701  1.02
28.5801  1.26
28.5901  1.18
28.6001  0.83
28.6101  1.17
28.6201  1
28.6301  1.08
28.6401  1.09
28.6501  1
28.6601  0.97
28.6701  1.02
28.6801  1.05
28.6901  1.2
28.7001  1.16
28.7101  1.03
28.7201  1.13
28.7301  0.96
28.7401  1.11
28.7501  1.19
28.7601  1.12
28.7701  1.2
28.7801  1.24
28.7901  0.95
28.8001  1.22
28.8101  0.88
28.8201  1
28.8301  0.91
28.8401  0.87
28.8501  1.15
28.8601  1.12
28.8701  1.13
28.8801  0.91
28.8901  1.13
28.9001  1.14
28.9101  1.17
28.9201  0.85
28.9301  0.89
28.9401  1.04
28.9501  0.93
28.9601  1.1
28.9701  1.03
28.9801  1.17
28.9901  1.05
29.0001  0.98
29.0101  1.26
29.0201  1.03
29.0301  1.08
29.0401  1.21
29.0501  1.14
29.0601  0.96
29.0701  1.15
29.0801  1.13
29.0901  1.04
29.1001  1.02
29.1101  1.04
29.1201  0.91
29.1301  0.95
29.1401  1.21
29.1501  1.19
29.1601  1.16
29.1701  1.12
29.1801  0.94
29.1901  1.08
29.2001  1.02
29.2101  1.08
29.2201  0.95
29.2301  0.97
29.2401  1.16
29.2501  1.05
29.2601  1.03
29.2701  1.22
29.2801  0.95
29.2901  0.99
29.3001  1
29.3101  1.23
29.3201  0.9
29.3301  1.15
29.3401  1.24
29.3501  1.07
29.3601  1.14
29.3701  0.94
29.3801  0.89
29.3901  1.14
29.4001  1.02
29.4101  1
29.4201  1.2
29.4301  1.07
29.4401  1.13
29.4501  0.89
29.4601  1.04
29.4701  1.06
29.4801  0.86
29.4901  1.22
29.5001  1.01
29.5101  1
29.5201  1.33
29.5301  1.02
29.5401  0.91
29.5501  1.06
29.5601  1.12
29.5701  1.22
29.5801  0.94
29.5901  1.09
29.6001  0.98
29.6101  0.9
29.6201  1.27
29.6301  1.06
29.6401  1.35
29.6501  1.1
29.6601  0.96
29.6701  1.17
29.6801  1.13
29.6901  0.89
29.7001  1.29
29.7101  1.12
29.7201  1.11
29.7301  1.07
29.7401  1.21
29.7501  1.09
29.7601  1.18
29.7701  1.15
29.7801  1.19
29.7901  1.13
29.8001  0.98
29.8101  0.99
29.8201  1.12
29.8301  1.17
29.8401  0.99
29.8501  1.06
29.8601  1.03
29.8701  1.05
29.8801  1.14
29.8901  0.93
29.9001  0.9
29.9101  0.98
29.9201  1.17
29.9301  1.15
29.9401  1.02
29.9501  1.11
29.9601  1.19
29.9701  1.05
29.9801  1.08
29.9901  1.04
30.0001  1.31
30.0101  1.15
30.0201  1.13
30.0301  1.07
30.0401  0.95
30.0501  1.32
30.0601  0.95
30.0701  1.18
30.0801  1.19
30.0901  1.03
30.1001  0.96
30.1101  1.1
30.1201  0.98
30.1301  1.02
30.1401  1.11
30.1501  1.2
30.1601  1.05
30.1701  0.87
30.1801  1.01
30.1901  1.08
30.2001  0.89
30.2101  0.99
30.2201  1.14
30.2301  1.21
30.2401  0.89
30.2501  1.07
30.2601  0.96
30.2701  1.1
30.2801  1.16
30.2901  0.96
30.3001  1.09
30.3101  1.19
30.3201  1.04
30.3301  0.88
30.3401  1.09
30.3501  1.25
30.3601  1.15
30.3701  0.98
30.3801  1.07
30.3901  1.28
30.4001  0.78
30.4101  0.93
30.4201  0.83
30.4301  1.24
30.4401  1.01
30.4501  1.07
30.4601  1.14
30.4701  1.1
30.4801  1.06
30.4901  1.03
30.5001  1.18
30.5101  1.02
30.5201  1.16
30.5301  0.92
30.5401  1.12
30.5501  1
30.5601  1.12
30.5701  1.14
30.5801  0.95
30.5901  1.05
30.6001  1.04
30.6101  1.01
30.6201  1.02
30.6301  1.14
30.6401  0.8
30.6501  1.15
30.6601  1.17
30.6701  0.96
30.6801  0.91
30.6901  1.04
30.7001  1.21
30.7101  1.18
30.7201  0.95
30.7301  1.12
30.7401  1.19
30.7501  0.88
30.7601  1.01
30.7701  1.05
30.7801  1.15
30.7901  1.19
30.8001  1
30.8101  1.09
30.8201  1.16
30.8301  1.08
30.8401  1.06
30.8501  0.93
30.8601  1.23
30.8701  1.08
30.8801  1.09
30.8901  1.28
30.9001  0.95
30.9101  1.15
30.9201  1.07
30.9301  1.22
30.9401  1.09
30.9501  0.99
30.9601  1.03
30.9701  1.07
30.9801  1.18
30.9901  1.09
31.0001  1.17
31.0101  1.01
31.0201  1.11
31.0301  1.05
31.0401  0.93
31.0501  1.2
31.0601  1.16
31.0701  1.06
31.0801  0.95
31.0901  1.18
31.1001  1.04
31.1101  1.03
31.1201  1.11
31.1301  1.16
31.1401  1.13
31.1501  1.17
31.1601  1.16
31.1701  1.13
31.1801  1.09
31.1901  1.12
31.2001  1.18
31.2101  0.93
31.2201  1.02
31.2301  0.95
31.2401  1.16
31.2501  1.14
31.2601  1.2
31.2701  1.22
31.2801  0.97
31.2901  1.12
31.3001  1.15
31.3101  0.89
31.3201  1.2
31.3301  1.07
31.3401  1.04
31.3501  1.2
31.3601  1.09
31.3701  1.1
31.3801  1.03
31.3901  1.33
31.4001  1.02
31.4101  1.11
31.4201  1.19
31.4301  1.07
31.4401  0.98
31.4501  1.09
31.4601  0.97
31.4701  1.18
31.4801  1.09
31.4901  1.2
31.5001  1.05
31.5101  1.04
31.5201  1.14
31.5301  1.08
31.5401  0.98
31.5501  0.92
31.5601  0.94
31.5701  1.12
31.5801  0.94
31.5901  1.08
31.6001  0.99
31.6101  1.09
31.6201  0.93
31.6301  1.07
31.6401  1.13
31.6501  0.96
31.6601  1.06
31.6701  1.01
31.6801  1.02
31.6901  0.88
31.7001  1.14
31.7101  1
31.7201  0.89
31.7301  1.25
31.7401  1.17
31.7501  0.92
31.7601  1.01
31.7701  0.99
31.7801  0.99
31.7901  1.05
31.8001  1.13
31.8101  1.12
31.8201  1.16
31.8301  1.17
31.8401  1.23
31.8501  1.08
31.8601  1.11
31.8701  1.11
31.8801  0.97
31.8901  1.02
31.9001  0.92
31.9101  1.15
31.9201  1.07
31.9301  0.88
31.9401  0.96
31.9501  1.1
31.9601  1.03
31.9701  1.21
31.9801  1.05
31.9901  1.22
32.0001  1.04
32.0101  1.04
32.0201  0.94
32.0301  0.93
32.0401  1.08
32.0501  1.14
32.0601  0.94
32.0701  1
32.0801  1.18
32.0901  0.97
32.1001  1.11
32.1101  1.14
32.1201  0.89
32.1301  1.12
32.1401  1.1
32.1501  0.83
32.1601  1.12
32.1701  0.97
32.1801  1.21
32.1901  1.14
32.2001  1.04
32.2101  1.03
32.2201  1.12
32.2301  1.08
32.2401  1.09
32.2501  1.02
32.2601  1.05
32.2701  1.09
32.2801  1.17
32.2901  0.94
32.3001  0.95
32.3101  1.34
32.3201  1.12
32.3301  1.17
32.3401  1.07
32.3501  1.18
32.3601  1.07
32.3701  1.22
32.3801  1.05
32.3901  1.15
32.4001  1.16
32.4101  1.26
32.4201  0.96
32.4301  1.02
32.4401  1.01
32.4501  1.06
32.4601  1.14
32.4701  0.92
32.4801  1.19
32.4901  1.17
32.5001  1.11
32.5101  0.92
32.5201  1.13
32.5301  1.14
32.5401  1.22
32.5501  0.88
32.5601  0.87
32.5701  1.03
32.5801  1.24
32.5901  1.06
32.6001  1.08
32.6101  1.07
32.6201  1.14
32.6301  1.15
32.6401  1.04
32.6501  1.04
32.6601  1.12
32.6701  1.07
32.6801  1.19
32.6901  1.05
32.7001  1.08
32.7101  1.19
32.7201  1.2
32.7301  0.97
32.7401  1.24
32.7501  0.98
32.7601  1.04
32.7701  1.12
32.7801  1.02
32.7901  0.96
32.8001  1.03
32.8101  1.06
32.8201  1.18
32.8301  1.04
32.8401  1.22
32.8501  1.05
32.8601  0.95
32.8701  0.8
32.8801  1.11
32.8901  1.28
32.9001  0.85
32.9101  1.08
32.9201  1.04
32.9301  1.09
32.9401  1.03
32.9501  1.07
32.9601  1.05
32.9701  1.09
32.9801  0.87
32.9901  1.03
33.0001  0.98
33.0101  1.23
33.0201  0.94
33.0301  1.05
33.0401  1.13
33.0501  1.1
33.0601  0.96
33.0701  1.06
33.0801  1.07
33.0901  1
33.1001  1.14
33.1101  1.02
33.1201  1.02
33.1301  1.08
33.1401  0.9
33.1501  1.11
33.1601  1.02
33.1701  1.1
33.1801  1.08
33.1901  1.08
33.2001  1.09
33.2101  1.01
33.2201  1.19
33.2301  1.27
33.2401  1
33.2501  1.11
33.2601  0.98
33.2701  0.85
33.2801  1.14
33.2901  1.08
33.3001  1.12
33.3101  1.12
33.3201  1.07
33.3301  1.11
33.3401  1.01
33.3501  1.04
33.3601  0.91
33.3701  1.14
33.3801  1.16
33.3901  0.99
33.4001  0.9
33.4101  1.45
33.4201  1.1
33.4301  0.92
33.4401  1.06
33.4501  1.09
33.4601  1.13
33.4701  1.08
33.4801  1.09
33.4901  1.08
33.5001  1.19
33.5101  1.06
33.5201  0.98
33.5301  1.18
33.5401  1.14
33.5501  1.05
33.5601  0.88
33.5701  1.19
33.5801  1.06
33.5901  1.11
33.6001  1.14
33.6101  0.95
33.6201  1.09
33.6301  1.03
33.6401  1.17
33.6501  1.17
33.6601  1.03
33.6701  1.23
33.6801  1.01
33.6901  1.02
33.7001  0.99
33.7101  0.96
33.7201  1.16
33.7301  1.16
33.7401  1
33.7501  0.96
33.7601  1.09
33.7701  1.07
33.7801  0.99
33.7901  1.07
33.8001  0.93
33.8101  1.01
33.8201  1.07
33.8301  0.98
33.8401  0.95
33.8501  1.24
33.8601  0.98
33.8701  1.27
33.8801  1
33.8901  1.05
33.9001  1
33.9101  0.94
33.9201  1.13
33.9301  1.09
33.9401  1.01
33.9501  0.87
33.9601  1.25
33.9701  1.13
33.9801  1.15
33.9901  0.87
34.0001  1.02
34.0101  1.09
34.0201  1.02
34.0301  1.02
34.0401  1.02
34.0501  1.27
34.0601  1.17
34.0701  1.05
34.0801  1.26
34.0901  1.07
34.1001  1.16
34.1101  1
34.1201  1
34.1301  1.14
34.1401  1.06
34.1501  1.01
34.1601  1.13
34.1701  0.93
34.1801  1.07
34.1901  1.11
34.2001  0.96
34.2101  1.15
34.2201  1.05
34.2301  1.11
34.2401  0.89
34.2501  1.07
34.2601  0.99
34.2701  1.11
34.2801  1.03
34.2901  1.19
34.3001  1.02
34.3101  1.11
34.3201  1.1
34.3301  1.2
34.3401  1.07
34.3501  1.09
34.3601  0.97
34.3701  1.25
34.3801  1.25
34.3901  1.11
34.4001  1.03
34.4101  1.1
34.4201  1.06
34.4301  1.17
34.4401  1.15
34.4501  1.28
34.4601  1.02
34.4701  1.13
34.4801  0.93
34.4901  1.06
34.5  0.79
34.51  0.94
34.52  0.99
34.53  1.16
34.54  1.35
34.55  1.04
34.56  0.95
34.57  1.19
34.58  1.04
34.59  0.95
34.6  1.07
34.61  1.11
34.62  1.24
34.63  1.35
34.64  1.07
34.65  0.98
34.66  1.1
34.67  1.14
34.68  1.12
34.69  1.07
34.7  1.21
34.71  1.05
34.72  1.08
34.73  0.94
34.74  1.11
34.75  1.29
34.76  1.01
34.77  0.95
34.78  0.99
34.79  1.12
34.8  1.02
34.81  1.11
34.82  1.31
34.83  0.89
34.84  1.2
34.85  0.97
34.86  1.12
34.87  1.15
34.88  1.08
34.89  0.95
34.9  1.03
34.91  1.17
34.92  0.9
34.93  0.89
34.94  0.87
34.95  1.23
34.96  1.04
34.97  1.13
34.98  1.09
34.99  1.05
