-15  0
-14.99  0
-14.98  0.01
-14.97  0.01
-14.96  0.01
-14.95  0.01
-14.94  0.02
-14.93  0.02
-14.92  0.03
-14.91  0.03
-14.9  0.03
-14.89  0.04
-14.88  0.04
-14.87  0.04
-14.86  0.06
-14.85  0.05
-14.84  0.07
-14.83  0.06
-14.82  0.07
-14.81  0.08
-14.8  0.1
-14.79  0.09
-14.78  0.09
-14.77  0.11
-14.76  0.13
-14.75  0.13
-14.74  0.15
-14.73  0.17
-14.72  0.18
-14.71  0.19
-14.7  0.22
-14.69  0.24
-14.68  0.27
-14.67  0.32
-14.66  0.34
-14.65  0.39
-14.64  0.46
-14.63  0.54
-14.62  0.64
-14.61  0.74
-14.6  0.92
-14.59  1.13
-14.58  1.43
-14.57  1.93
-14.56  2.53
-14.55  3.59
-14.54  5.23
-14.53  7.8
-14.52  11
-14.51  12.75
-14.5  11.08
-14.49  7.9
-14.48  5.3
-14.47  3.62
-14.46  2.6
-14.45  1.91
-14.44  1.45
-14.43  1.16
-14.42  0.94
-14.41  0.77
-14.4  0.68
-14.39  0.56
-14.38  0.49
-14.37  0.42
-14.36  0.38
-14.35  0.35
-14.34  0.3
-14.33  0.29
-14.32  0.26
-14.31  0.24
-14.3  0.22
-14.29  0.22
-14.28  0.21
-14.27  0.18
-14.26  0.18
-14.25  0.17
-14.24  0.16
-14.23  0.17
-14.22  0.15
-14.21  0.14
-14.2  0.16
-14.19  0.15
-14.18  0.13
-14.17  0.18
-14.16  0.13
-14.15  0.13
-14.14  0.13
-14.13  0.12
-14.12  0.16
-14.11  0.13
-14.1  0.13
-14.09  0.15
-14.08  0.14
-14.07  0.14
-14.06  0.16
-14.05  0.14
-14.04  0.14
-14.03  0.14
-14.02  0.14
-14.01  0.16
-14  0.17
-13.99  0.16
-13.98  0.17
-13.97  0.16
-13.96  0.17
-13.95  0.18
-13.94  0.2
-13.93  0.19
-13.92  0.2
-13.91  0.21
-13.9  0.19
-13.89  0.23
-13.88  0.24
-13.87  0.22
-13.86  0.25
-13.85  0.27
-13.84  0.28
-13.83  0.29
-13.82  0.32
-13.81  0.31
-13.8  0.33
-13.79  0.35
-13.78  0.37
-13.77  0.44
-13.76  0.42
-13.75  0.46
-13.74  0.47
-13.73  0.56
-13.72  0.57
-13.71  0.64
-13.7  0.69
-13.69  0.75
-13.68  0.83
-13.67  0.9
-13.66  1
-13.65  1.12
-13.64  1.25
-13.63  1.4
-13.62  1.62
-13.61  1.8
-13.6  2.07
-13.59  2.33
-13.58  2.7
-13.57  3.01
-13.56  3.38
-13.55  3.78
-13.54  4.1
-13.53  4.29
-13.52  4.36
-13.51  4.3
-13.5  4.04
-13.49  3.79
-13.48  3.4
-13.47  3.01
-13.46  2.69
-13.45  2.39
-13.44  2.02
-13.43  1.85
-13.42  1.6
-13.41  1.41
-13.4  1.27
-13.39  1.17
-13.38  1.01
-13.37  0.95
-13.36  0.86
-13.35  0.76
-13.34  0.72
-13.33  0.69
-13.32  0.61
-13.31  0.59
-13.3  0.55
-13.29  0.51
-13.28  0.5
-13.27  0.44
-13.26  0.45
-13.25  0.4
-13.24  0.41
-13.23  0.36
-13.22  0.38
-13.21  0.38
-13.2  0.37
-13.19  0.33
-13.18  0.35
-13.17  0.31
-13.16  0.32
-13.15  0.3
-13.14  0.33
-13.13  0.29
-13.12  0.31
-13.11  0.3
-13.1  0.3
-13.09  0.28
-13.08  0.3
-13.07  0.29
-13.06  0.3
-13.05  0.31
-13.04  0.28
-13.03  0.33
-13.02  0.29
-13.01  0.3
-13  0.32
-12.99  0.31
-12.98  0.29
-12.97  0.33
-12.96  0.35
-12.95  0.33
-12.94  0.36
-12.93  0.33
-12.92  0.39
-12.91  0.38
-12.9  0.39
-12.89  0.4
-12.88  0.39
-12.87  0.4
-12.86  0.45
-12.85  0.45
-12.84  0.49
-12.83  0.5
-12.82  0.51
-12.81  0.54
-12.8  0.55
-12.79  0.6
-12.78  0.61
-12.77  0.66
-12.76  0.67
-12.75  0.76
-12.74  0.8
-12.73  0.85
-12.72  0.89
-12.71  0.94
-12.7  0.97
-12.69  1.09
-12.68  1.15
-12.67  1.24
-12.66  1.37
-12.65  1.44
-12.64  1.58
-12.63  1.67
-12.62  1.81
-12.61  1.93
-12.6  2.08
-12.59  2.22
-12.58  2.35
-12.57  2.47
-12.56  2.54
-12.55  2.64
-12.54  2.7
-12.53  2.7
-12.52  2.67
-12.51  2.65
-12.5  2.57
-12.49  2.46
-12.48  2.32
-12.47  2.21
-12.46  2.09
-12.45  2.01
-12.44  1.78
-12.43  1.69
-12.42  1.58
-12.41  1.47
-12.4  1.36
-12.39  1.24
-12.38  1.2
-12.37  1.11
-12.36  1.05
-12.35  1.01
-12.34  0.9
-12.33  0.86
-12.32  0.8
-12.31  0.78
-12.3  0.74
-12.29  0.69
-12.28  0.74
-12.27  0.62
-12.26  0.62
-12.25  0.61
-12.24  0.58
-12.23  0.57
-12.22  0.53
-12.21  0.52
-12.2  0.48
-12.19  0.54
-12.18  0.45
-12.17  0.49
-12.16  0.47
-12.15  0.49
-12.14  0.45
-12.13  0.44
-12.12  0.45
-12.11  0.44
-12.1  0.45
-12.09  0.45
-12.08  0.41
-12.07  0.44
-12.06  0.45
-12.05  0.42
-12.04  0.44
-12.03  0.44
-12.02  0.42
-12.01  0.45
-12  0.45
-11.99  0.43
-11.98  0.49
-11.97  0.47
-11.96  0.49
-11.95  0.51
-11.94  0.47
-11.93  0.48
-11.92  0.53
-11.91  0.49
-11.9  0.55
-11.89  0.53
-11.88  0.57
-11.87  0.58
-11.86  0.61
-11.85  0.62
-11.84  0.66
-11.83  0.61
-11.82  0.74
-11.81  0.72
-11.8  0.72
-11.79  0.8
-11.78  0.79
-11.77  0.84
-11.76  0.89
-11.75  0.9
-11.74  0.97
-11.73  0.99
-11.72  1.08
-11.71  1.12
-11.7  1.14
-11.69  1.23
-11.68  1.28
-11.67  1.39
-11.66  1.38
-11.65  1.5
-11.64  1.56
-11.63  1.62
-11.62  1.71
-11.61  1.74
-11.6  1.85
-11.59  1.88
-11.58  1.91
-11.57  1.95
-11.56  2
-11.55  2
-11.54  2.04
-11.53  2.03
-11.52  1.97
-11.51  1.97
-11.5  1.92
-11.49  1.87
-11.48  1.8
-11.47  1.78
-11.46  1.75
-11.45  1.59
-11.44  1.59
-11.43  1.46
-11.42  1.49
-11.41  1.33
-11.4  1.31
-11.39  1.26
-11.38  1.16
-11.37  1.15
-11.36  1.06
-11.35  1.06
-11.34  0.97
-11.33  0.95
-11.32  0.95
-11.31  0.87
-11.3  0.86
-11.29  0.79
-11.28  0.84
-11.27  0.75
-11.26  0.74
-11.25  0.75
-11.24  0.67
-11.23  0.68
-11.22  0.67
-11.21  0.61
-11.2  0.62
-11.19  0.68
-11.18  0.6
-11.17  0.59
-11.16  0.58
-11.15  0.6
-11.14  0.58
-11.13  0.58
-11.12  0.57
-11.11  0.54
-11.1  0.6
-11.09  0.56
-11.08  0.53
-11.07  0.56
-11.06  0.57
-11.05  0.53
-11.04  0.55
-11.03  0.55
-11.02  0.57
-11.01  0.55
-11  0.6
-10.99  0.56
-10.98  0.59
-10.97  0.6
-10.96  0.6
-10.95  0.61
-10.94  0.59
-10.93  0.66
-10.92  0.6
-10.91  0.69
-10.9  0.66
-10.89  0.67
-10.88  0.7
-10.87  0.68
-10.86  0.75
-10.85  0.74
-10.84  0.82
-10.83  0.76
-10.82  0.82
-10.81  0.81
-10.8  0.85
-10.79  0.89
-10.78  0.91
-10.77  0.98
-10.76  0.97
-10.75  1.05
-10.74  1.06
-10.73  1.11
-10.72  1.1
-10.71  1.18
-10.7  1.2
-10.69  1.24
-10.68  1.35
-10.67  1.29
-10.66  1.37
-10.65  1.42
-10.64  1.45
-10.63  1.49
-10.62  1.52
-10.61  1.59
-10.6  1.58
-10.59  1.61
-10.58  1.6
-10.57  1.7
-10.56  1.62
-10.55  1.72
-10.54  1.61
-10.53  1.61
-10.52  1.7
-10.51  1.59
-10.5  1.59
-10.49  1.55
-10.48  1.54
-10.47  1.53
-10.46  1.43
-10.45  1.41
-10.44  1.36
-10.43  1.41
-10.42  1.29
-10.41  1.28
-10.4  1.22
-10.39  1.24
-10.38  1.13
-10.37  1.1
-10.36  1.08
-10.35  1.04
-10.34  1.03
-10.33  1.01
-10.32  0.92
-10.31  0.94
-10.3  0.91
-10.29  0.88
-10.28  0.88
-10.27  0.82
-10.26  0.81
-10.25  0.81
-10.24  0.76
-10.23  0.77
-10.22  0.76
-10.21  0.74
-10.2  0.72
-10.19  0.74
-10.18  0.69
-10.17  0.71
-10.16  0.69
-10.15  0.67
-10.14  0.7
-10.13  0.66
-10.12  0.65
-10.11  0.7
-10.1  0.64
-10.09  0.64
-10.08  0.63
-10.07  0.67
-10.06  0.67
-10.05  0.66
-10.04  0.69
-10.03  0.62
-10.02  0.67
-10.01  0.67
-10  0.64
-9.99  0.67
-9.98  0.73
-9.97  0.68
-9.96  0.71
-9.95  0.7
-9.94  0.74
-9.93  0.72
-9.92  0.73
-9.91  0.75
-9.9  0.75
-9.89  0.79
-9.88  0.78
-9.87  0.78
-9.86  0.85
-9.85  0.82
-9.84  0.88
-9.83  0.88
-9.82  0.9
-9.81  0.93
-9.8  0.94
-9.79  0.97
-9.78  1.02
-9.77  0.98
-9.76  1.02
-9.75  1.09
-9.74  1.1
-9.73  1.11
-9.72  1.11
-9.71  1.14
-9.7  1.26
-9.69  1.22
-9.68  1.26
-9.67  1.25
-9.66  1.3
-9.65  1.34
-9.64  1.39
-9.63  1.37
-9.62  1.35
-9.61  1.43
-9.6  1.4
-9.59  1.51
-9.58  1.41
-9.57  1.42
-9.56  1.43
-9.55  1.45
-9.54  1.37
-9.53  1.53
-9.52  1.41
-9.51  1.39
-9.5  1.38
-9.49  1.35
-9.48  1.44
-9.47  1.31
-9.46  1.31
-9.45  1.29
-9.44  1.23
-9.43  1.24
-9.42  1.25
-9.41  1.18
-9.4  1.14
-9.39  1.15
-9.38  1.12
-9.37  1.13
-9.36  1.06
-9.35  1.02
-9.34  1
-9.33  1
-9.32  0.97
-9.31  0.99
-9.3  0.92
-9.29  0.9
-9.28  0.89
-9.27  0.88
-9.26  0.87
-9.25  0.87
-9.24  0.86
-9.23  0.84
-9.22  0.78
-9.21  0.82
-9.2  0.82
-9.19  0.8
-9.18  0.74
-9.17  0.77
-9.16  0.74
-9.15  0.79
-9.14  0.76
-9.13  0.75
-9.12  0.75
-9.11  0.7
-9.1  0.74
-9.09  0.76
-9.08  0.7
-9.07  0.79
-9.06  0.72
-9.05  0.72
-9.04  0.73
-9.03  0.77
-9.02  0.73
-9.01  0.76
-9  0.78
-8.99  0.78
-8.98  0.76
-8.97  0.75
-8.96  0.79
-8.95  0.79
-8.94  0.79
-8.93  0.81
-8.92  0.81
-8.91  0.83
-8.9  0.83
-8.89  0.82
-8.88  0.83
-8.87  0.88
-8.86  0.9
-8.85  0.95
-8.84  0.93
-8.83  0.94
-8.82  0.97
-8.81  0.95
-8.8  0.98
-8.79  1.01
-8.78  1.01
-8.77  1.04
-8.76  1.04
-8.75  1.1
-8.74  1.09
-8.73  1.13
-8.72  1.08
-8.71  1.19
-8.7  1.17
-8.69  1.19
-8.68  1.24
-8.67  1.18
-8.66  1.23
-8.65  1.3
-8.64  1.22
-8.63  1.26
-8.62  1.29
-8.61  1.29
-8.6  1.33
-8.59  1.3
-8.58  1.29
-8.57  1.32
-8.56  1.29
-8.55  1.36
-8.54  1.28
-8.53  1.26
-8.52  1.32
-8.51  1.26
-8.5  1.27
-8.49  1.26
-8.48  1.23
-8.47  1.27
-8.46  1.16
-8.45  1.22
-8.44  1.21
-8.43  1.17
-8.42  1.15
-8.41  1.11
-8.4  1.06
-8.39  1.19
-8.38  1.05
-8.37  1.09
-8.36  1.04
-8.35  1.04
-8.34  1.02
-8.33  0.97
-8.32  0.99
-8.31  0.95
-8.3  0.98
-8.29  0.93
-8.28  0.96
-8.27  0.87
-8.26  0.9
-8.25  0.9
-8.24  0.86
-8.23  0.88
-8.22  0.84
-8.21  0.9
-8.2  0.84
-8.19  0.83
-8.18  0.81
-8.17  0.88
-8.16  0.83
-8.15  0.84
-8.14  0.81
-8.13  0.79
-8.12  0.82
-8.11  0.75
-8.1  0.83
-8.09  0.78
-8.08  0.79
-8.07  0.81
-8.06  0.81
-8.05  0.82
-8.04  0.8
-8.03  0.84
-8.02  0.76
-8.01  0.82
-8  0.82
-7.99  0.85
-7.98  0.8
-7.97  0.85
-7.96  0.85
-7.95  0.87
-7.94  0.84
-7.93  0.87
-7.92  0.87
-7.91  0.88
-7.9  0.92
-7.89  0.87
-7.88  0.93
-7.87  0.94
-7.86  0.88
-7.85  0.95
-7.84  0.96
-7.83  0.94
-7.82  1.01
-7.81  1.02
-7.8  1
-7.79  1.02
-7.78  1.03
-7.77  1.03
-7.76  1.11
-7.75  1.08
-7.74  1.07
-7.73  1.12
-7.72  1.1
-7.71  1.12
-7.7  1.17
-7.69  1.14
-7.68  1.13
-7.67  1.18
-7.66  1.15
-7.65  1.19
-7.64  1.21
-7.63  1.25
-7.62  1.22
-7.61  1.21
-7.6  1.16
-7.59  1.19
-7.58  1.27
-7.57  1.19
-7.56  1.21
-7.55  1.24
-7.54  1.18
-7.53  1.19
-7.52  1.22
-7.51  1.21
-7.5  1.21
-7.49  1.22
-7.48  1.16
-7.47  1.11
-7.46  1.18
-7.45  1.13
-7.44  1.11
-7.43  1.11
-7.42  1.11
-7.41  1.08
-7.4  1.11
-7.39  1.06
-7.38  1.02
-7.37  1.05
-7.36  1.02
-7.35  1.02
-7.34  1.09
-7.33  0.97
-7.32  0.93
-7.31  1.03
-7.3  0.93
-7.29  0.97
-7.28  1.01
-7.27  0.88
-7.26  0.9
-7.25  0.97
-7.24  0.89
-7.23  0.91
-7.22  0.91
-7.21  0.86
-7.2  0.87
-7.19  0.87
-7.18  0.88
-7.17  0.85
-7.16  0.87
-7.15  0.86
-7.14  0.91
-7.13  0.88
-7.12  0.84
-7.11  0.85
-7.1  0.89
-7.09  0.8
-7.08  0.85
-7.07  0.87
-7.06  0.86
-7.05  0.87
-7.04  0.84
-7.03  0.87
-7.02  0.84
-7.01  0.88
-7  0.86
-6.99  0.85
-6.98  0.88
-6.97  0.88
-6.96  0.85
-6.95  0.99
-6.94  0.89
-6.93  0.92
-6.92  0.89
-6.91  0.93
-6.9  0.9
-6.89  0.96
-6.88  0.9
-6.87  1.02
-6.86  0.89
-6.85  0.98
-6.84  1.05
-6.83  1.03
-6.82  0.93
-6.81  1.03
-6.8  1
-6.79  1.03
-6.78  1.08
-6.77  0.99
-6.76  1.08
-6.75  1.05
-6.74  1.11
-6.73  1.06
-6.72  1.12
-6.71  1.09
-6.7  1.1
-6.69  1.08
-6.68  1.14
-6.67  1.2
-6.66  1.09
-6.65  1.1
-6.64  1.17
-6.63  1.18
-6.62  1.17
-6.61  1.18
-6.6  1.12
-6.59  1.15
-6.58  1.13
-6.57  1.17
-6.56  1.13
-6.55  1.2
-6.54  1.15
-6.53  1.16
-6.52  1.09
-6.51  1.15
-6.5  1.17
-6.49  1.11
-6.48  1.06
-6.47  1.13
-6.46  1.09
-6.45  1.13
-6.44  1.11
-6.43  1.03
-6.42  1.07
-6.41  1.09
-6.4  1.07
-6.39  1.05
-6.38  1.07
-6.37  1
-6.36  1.09
-6.35  0.97
-6.34  0.97
-6.33  1.01
-6.32  0.99
-6.31  0.94
-6.3  0.98
-6.29  0.96
-6.28  0.97
-6.27  1
-6.26  0.89
-6.25  0.97
-6.24  0.93
-6.23  0.95
-6.22  0.85
-6.21  0.95
-6.2  0.88
-6.19  0.98
-6.18  0.85
-6.17  0.92
-6.16  0.93
-6.15  0.93
-6.14  0.84
-6.13  0.91
-6.12  0.86
-6.11  0.95
-6.1  0.9
-6.09  0.85
-6.08  0.88
-6.07  0.89
-6.06  0.88
-6.05  0.89
-6.04  0.93
-6.03  0.87
-6.02  0.94
-6.01  0.86
-6  0.9
-5.99  0.94
-5.98  0.92
-5.97  0.94
-5.96  0.93
-5.95  0.9
-5.94  0.94
-5.93  0.92
-5.92  0.98
-5.91  0.94
-5.9  0.97
-5.89  0.92
-5.88  1
-5.87  0.97
-5.86  0.97
-5.85  1
-5.84  0.96
-5.83  1.05
-5.82  1.03
-5.81  0.97
-5.8  1.02
-5.79  1.01
-5.78  1.08
-5.77  1.04
-5.76  1
-5.75  1.12
-5.74  1.04
-5.73  1.08
-5.72  1.09
-5.71  1.07
-5.7  1.05
-5.69  1.11
-5.68  1.13
-5.67  1.09
-5.66  1.09
-5.65  1.12
-5.64  1.11
-5.63  1.08
-5.62  1.12
-5.61  1.07
-5.6  1.09
-5.59  1.22
-5.58  1.11
-5.57  1.09
-5.56  1.12
-5.55  1.06
-5.54  1.12
-5.53  1.08
-5.52  1.18
-5.51  1.06
-5.5  1.09
-5.49  1.04
-5.48  1.16
-5.47  1
-5.46  1.14
-5.45  1.04
-5.44  1.1
-5.43  1.02
-5.42  1.09
-5.41  0.99
-5.4  1.04
-5.39  1.13
-5.38  0.98
-5.37  1
-5.36  1
-5.35  1.05
-5.34  0.94
-5.33  1.02
-5.32  0.95
-5.31  1.01
-5.3  0.97
-5.29  0.98
-5.28  1.01
-5.27  0.92
-5.26  0.95
-5.25  0.96
-5.24  0.98
-5.23  0.96
-5.22  0.93
-5.21  0.98
-5.2  0.95
-5.19  0.93
-5.18  0.91
-5.17  0.86
-5.16  0.95
-5.15  0.9
-5.14  0.94
-5.13  0.9
-5.12  0.95
-5.11  0.93
-5.1  0.94
-5.09  0.91
-5.08  0.89
-5.07  0.87
-5.06  0.96
-5.05  0.95
-5.04  0.91
-5.03  0.98
-5.02  0.91
-5.01  0.95
-5  0.92
-4.99  0.95
-4.98  0.95
-4.97  0.92
-4.96  0.94
-4.95  0.99
-4.94  0.93
-4.93  0.95
-4.92  0.97
-4.91  0.95
-4.9  1.03
-4.89  0.93
-4.88  0.96
-4.87  0.99
-4.86  1.02
-4.85  1
-4.84  1
-4.83  0.96
-4.82  1.06
-4.81  1.02
-4.8  1.03
-4.79  1.03
-4.78  1.02
-4.77  1.07
-4.76  1.02
-4.75  1.07
-4.74  1.03
-4.73  1.05
-4.72  1.07
-4.71  1.05
-4.7  1.08
-4.69  1.05
-4.68  1.08
-4.67  1.13
-4.66  1.03
-4.65  1.11
-4.64  1.08
-4.63  1.07
-4.62  1.03
-4.61  1.12
-4.6  1.12
-4.59  1.05
-4.58  1.06
-4.57  1.07
-4.56  1.11
-4.55  1.08
-4.54  1.08
-4.53  1.04
-4.52  1.1
-4.51  1.12
-4.5  1.07
-4.49  1.07
-4.48  1.09
-4.47  0.98
-4.46  1.08
-4.45  0.99
-4.44  1.09
-4.43  1
-4.42  1.03
-4.41  1.05
-4.4  1.03
-4.39  1.02
-4.38  1.04
-4.37  1.03
-4.36  0.99
-4.35  1
-4.34  0.99
-4.33  1.02
-4.32  0.97
-4.31  0.99
-4.3  0.96
-4.29  1.03
-4.28  0.93
-4.27  0.97
-4.26  0.94
-4.25  1.01
-4.24  0.99
-4.23  0.95
-4.22  0.95
-4.21  0.95
-4.2  0.95
-4.19  0.96
-4.18  0.96
-4.17  0.9
-4.16  0.98
-4.15  0.93
-4.14  0.98
-4.13  0.91
-4.12  0.94
-4.11  0.94
-4.1  0.93
-4.09  0.97
-4.08  0.96
-4.07  0.9
-4.06  0.95
-4.05  0.9
-4.04  1.03
-4.03  0.96
-4.02  0.94
-4.01  0.92
-4  1
-3.99  0.92
-3.98  0.98
-3.97  0.96
-3.96  0.95
-3.95  0.99
-3.94  0.97
-3.93  1
-3.92  0.98
-3.91  0.92
-3.9  0.99
-3.89  1.02
-3.88  1
-3.87  1.01
-3.86  0.96
-3.85  1
-3.84  1
-3.83  1.06
-3.82  1.01
-3.81  1
-3.8  1.01
-3.79  1.01
-3.78  1
-3.77  1.06
-3.76  1.05
-3.75  1.1
-3.74  1
-3.73  1.08
-3.72  1.02
-3.71  1.02
-3.7  1.07
-3.69  1.05
-3.68  1.04
-3.67  1.09
-3.66  1.04
-3.65  1.08
-3.64  1.04
-3.63  1.07
-3.62  1.08
-3.61  1.02
-3.6  1.06
-3.59  1.07
-3.58  1
-3.57  1.12
-3.56  1.09
-3.55  1.01
-3.54  1.08
-3.53  1.09
-3.52  1.04
-3.51  1.04
-3.5  1.05
-3.49  1.07
-3.48  1.04
-3.47  1.03
-3.46  1.04
-3.45  1
-3.44  1.02
-3.43  1.06
-3.42  1.06
-3.41  0.96
-3.4  1.04
-3.39  1.02
-3.38  1.03
-3.37  0.98
-3.36  0.98
-3.35  0.97
-3.34  1.06
-3.33  0.96
-3.32  0.95
-3.31  1.01
-3.3  1.02
-3.29  1.01
-3.28  0.99
-3.27  1.04
-3.26  0.98
-3.25  0.94
-3.24  0.97
-3.23  0.95
-3.22  0.91
-3.21  0.99
-3.2  1.02
-3.19  0.94
-3.18  0.91
-3.17  1
-3.16  1.02
-3.15  0.88
-3.14  0.96
-3.13  1
-3.12  0.91
-3.11  0.97
-3.1  0.99
-3.09  0.97
-3.08  0.94
-3.07  0.96
-3.06  0.99
-3.05  0.96
-3.04  0.91
-3.03  1
-3.02  0.93
-3.01  1.03
-3  0.95
-2.99  0.91
-2.98  1.04
-2.97  0.99
-2.96  0.96
-2.95  0.93
-2.94  1.06
-2.93  0.96
-2.92  0.98
-2.91  1.01
-2.9  0.99
-2.89  0.97
-2.88  1
-2.87  0.96
-2.86  1.05
-2.85  0.96
-2.84  1.07
-2.83  1
-2.82  0.97
-2.81  1.07
-2.8  1.01
-2.79  1
-2.78  1.04
-2.77  1.04
-2.76  0.97
-2.75  1.09
-2.74  1.02
-2.73  1.05
-2.72  1.05
-2.71  1.04
-2.7  1.08
-2.69  1.01
-2.68  1.03
-2.67  1.07
-2.66  1.01
-2.65  1.02
-2.64  1.07
-2.63  1.01
-2.62  1.08
-2.61  1.03
-2.6  1.05
-2.59  1.04
-2.58  1.05
-2.57  1.05
-2.56  1.03
-2.55  1.03
-2.54  1.06
-2.53  1.02
-2.52  1.08
-2.51  1.02
-2.5  1.08
-2.49  1.01
-2.48  1.04
-2.47  1.03
-2.46  1.02
-2.45  1.02
-2.44  0.99
-2.43  1.05
-2.42  1.01
-2.41  0.99
-2.4  1.03
-2.39  1.02
-2.38  1
-2.37  1.02
-2.36  0.98
-2.35  1.03
-2.34  0.98
-2.33  1.01
-2.32  1
-2.31  0.99
-2.3  0.98
-2.29  1.01
-2.28  0.95
-2.27  1
-2.26  0.95
-2.25  1.02
-2.24  1.01
-2.23  1
-2.22  0.95
-2.21  0.99
-2.2  0.95
-2.19  0.99
-2.18  0.98
-2.17  0.93
-2.16  0.97
-2.15  0.98
-2.14  0.99
-2.13  0.96
-2.12  0.96
-2.11  0.97
-2.1  0.96
-2.09  0.94
-2.08  1.01
-2.07  0.97
-2.06  0.97
-2.05  0.97
-2.04  1.01
-2.03  1
-2.02  1
-2.01  0.95
-2  0.98
-1.99  1
-1.98  0.94
-1.97  1
-1.96  0.93
-1.95  0.99
-1.94  1.08
-1.93  0.96
-1.92  0.97
-1.91  0.98
-1.9  1.01
-1.89  1.03
-1.88  0.97
-1.87  0.99
-1.86  1.03
-1.85  1.02
-1.84  1.06
-1.83  0.99
-1.82  0.98
-1.81  1.01
-1.8  1
-1.79  1.08
-1.78  0.98
-1.77  1.03
-1.76  1.02
-1.75  1.07
-1.74  0.99
-1.73  1.01
-1.72  1.05
-1.71  1.05
-1.7  1.03
-1.69  1.03
-1.68  1.03
-1.67  1.02
-1.66  1
-1.65  1.12
-1.64  1.01
-1.63  1.02
-1.62  1.07
-1.61  0.97
-1.6  1.08
-1.59  0.98
-1.58  1.01
-1.57  1.05
-1.56  1.02
-1.55  1.09
-1.54  1.02
-1.53  1.04
-1.52  1.05
-1.51  0.99
-1.5  1.03
-1.49  1.01
-1.48  1.04
-1.47  1.03
-1.46  1.01
-1.45  1.05
-1.44  0.98
-1.43  1.04
-1.42  1
-1.41  1
-1.4  1.06
-1.39  0.97
-1.38  1.05
-1.37  0.96
-1.36  1.01
-1.35  1
-1.34  0.98
-1.33  1.02
-1.32  0.95
-1.31  1.01
-1.3  1
-1.29  0.98
-1.28  1.02
-1.27  0.99
-1.26  0.95
-1.25  0.99
-1.24  0.99
-1.23  1.02
-1.22  1.01
-1.21  1.01
-1.2  0.98
-1.19  0.98
-1.18  0.98
-1.17  0.93
-1.16  1.05
-1.15  0.95
-1.14  0.94
-1.13  1.02
-1.12  0.96
-1.11  0.99
-1.1  0.94
-1.09  0.94
-1.08  0.98
-1.07  1
-1.06  1.07
-1.05  0.95
-1.04  1
-1.03  0.99
-1.02  0.97
-1.01  0.95
-1  0.96
-0.99  0.99
-0.98  1.03
-0.97  0.99
-0.96  0.98
-0.95  1.01
-0.94  1
-0.93  1.03
-0.92  0.99
-0.91  1.02
-0.9  1.01
-0.89  0.99
-0.88  0.96
-0.87  1.03
-0.86  1.01
-0.85  0.98
-0.84  1.03
-0.83  1.02
-0.82  1.02
-0.81  0.96
-0.8  0.99
-0.79  1.06
-0.78  1.02
-0.77  1.02
-0.76  1.01
-0.75  1.01
-0.74  1.05
-0.73  1.06
-0.72  0.94
-0.71  1.07
-0.7  1.04
-0.69  1
-0.68  1.01
-0.67  1.08
-0.66  1.02
-0.65  1.02
-0.64  1.03
-0.63  1.06
-0.62  0.97
-0.61  1
-0.6  1.04
-0.59  1.03
-0.58  1.01
-0.57  1.08
-0.56  1.08
-0.55  0.97
-0.54  1.06
-0.53  1.03
-0.52  0.94
-0.51  1.05
-0.5  1.01
-0.49  0.98
-0.48  1.02
-0.47  1.01
-0.46  1.01
-0.45  1.04
-0.44  1.05
-0.43  0.94
-0.42  1.03
-0.41  1.07
-0.4  0.99
-0.39  1
-0.38  1.02
-0.37  0.99
-0.36  1.03
-0.35  1.01
-0.34  0.98
-0.33  0.93
-0.32  1.06
-0.31  0.98
-0.3  1.01
-0.29  0.98
-0.28  1.01
-0.27  1
-0.26  0.95
-0.25  1.04
-0.24  0.99
-0.23  0.91
-0.22  0.98
-0.21  1.01
-0.2  0.99
-0.19  1.04
-0.18  0.99
-0.17  1.03
-0.16  0.92
-0.15  0.97
-0.14  1
-0.13  1
-0.12  1.02
-0.11  0.96
-0.1  1.03
-0.09  0.92
-0.08  1.04
-0.07  0.97
-0.06  0.98
-0.05  1.04
-0.04  0.93
-0.03  0.99
-0.02  0.96
-0.01  1.02
-2.16197e-11  0.99
0.0001  0
0.0101  0.98
0.0201  1.01
0.0301  0.98
0.0401  0.99
0.0501  1.05
0.0601  1.06
0.0701  1.08
0.0801  0.87
0.0901  1.12
0.1001  1.1
0.1101  0.97
0.1201  1.19
0.1301  1.19
0.1401  1.05
0.1501  1.16
0.1601  1.15
0.1701  1.3
0.1801  1.11
0.1901  1.22
0.2001  1.26
0.2101  1.51
0.2201  1.26
0.2301  1.13
0.2401  1.23
0.2501  1.26
0.2601  1.21
0.2701  1.19
0.2801  1.23
0.2901  1.53
0.3001  1.25
0.3101  1.36
0.3201  1.47
0.3301  1.21
0.3401  1.26
0.3501  1.28
0.3601  1.17
0.3701  1.15
0.3801  1.39
0.3901  1.33
0.4001  1.41
0.4101  1.13
0.4201  1.04
0.4301  1.26
0.4401  1.19
0.4501  1.26
0.4601  1.39
0.4701  1.1
0.4801  1.28
0.4901  1.32
0.5001  1.38
0.5101  1.2
0.5201  1.19
0.5301  1.3
0.5401  1.32
0.5501  1.46
0.5601  1.28
0.5701  1.18
0.5801  1.39
0.5901  1.2
0.6001  1.27
0.6101  1.36
0.6201  1.3
0.6301  1.51
0.6401  1.52
0.6501  1.39
0.6601  1.38
0.6701  1.32
0.6801  1.38
0.6901  1.63
0.7001  1.32
0.7101  1.35
0.7201  1.34
0.7301  1.46
0.7401  1.47
0.7501  1.44
0.7601  1.38
0.7701  1.45
0.7801  1.29
0.7901  1.45
0.8001  1.39
0.8101  1.48
0.8201  1.44
0.8301  1.74
0.8401  1.61
0.8501  1.5
0.8601  1.58
0.8701  1.43
0.8801  1.58
0.8901  1.34
0.9001  1.54
0.9101  1.8
0.9201  1.65
0.9301  1.45
0.9401  1.63
0.9501  1.53
0.9601  1.44
0.9701  1.43
0.9801  1.57
0.9901  1.59
1.0001  1.6
1.0101  1.52
1.0201  1.77
1.0301  1.48
1.0401  1.52
1.0501  1.54
1.0601  1.5
1.0701  1.74
1.0801  1.77
1.0901  1.51
1.1001  1.43
1.1101  1.79
1.1201  1.52
1.1301  1.43
1.1401  1.76
1.1501  1.59
1.1601  1.54
1.1701  1.86
1.1801  1.66
1.1901  1.44
1.2001  1.44
1.2101  1.51
1.2201  1.7
1.2301  1.63
1.2401  1.75
1.2501  1.69
1.2601  1.56
1.2701  1.81
1.2801  1.86
1.2901  1.44
1.3001  1.38
1.3101  1.74
1.3201  1.71
1.3301  1.42
1.3401  1.74
1.3501  1.55
1.3601  1.58
1.3701  1.68
1.3801  1.49
1.3901  1.59
1.4001  1.4
1.4101  1.47
1.4201  1.58
1.4301  1.45
1.4401  1.66
1.4501  1.61
1.4601  1.46
1.4701  1.54
1.4801  1.2
1.4901  1.33
1.5001  1.44
1.5101  1.5
1.5201  1.59
1.5301  1.53
1.5401  1.61
1.5501  1.55
1.5601  1.59
1.5701  1.29
1.5801  1.58
1.5901  1.7
1.6001  1.4
1.6101  1.31
1.6201  1.36
1.6301  1.56
1.6401  1.51
1.6501  1.56
1.6601  1.44
1.6701  1.38
1.6801  1.28
1.6901  1.55
1.7001  1.62
1.7101  1.5
1.7201  1.36
1.7301  1.48
1.7401  1.39
1.7501  1.42
1.7601  1.33
1.7701  1.33
1.7801  1.5
1.7901  1.38
1.8001  1.6
1.8101  1.35
1.8201  1.58
1.8301  1.19
1.8401  1.63
1.8501  1.33
1.8601  1.39
1.8701  1.21
1.8801  1.45
1.8901  1.43
1.9001  1.52
1.9101  1.51
1.9201  1.44
1.9301  1.57
1.9401  1.62
1.9501  1.53
1.9601  1.34
1.9701  1.46
1.9801  1.44
1.9901  1.44
2.0001  1.46
2.0101  1.34
2.0201  1.24
2.0301  1.54
2.0401  1.48
2.0501  1.56
2.0601  1.43
2.0701  1.55
2.0801  1.58
2.0901  1.56
2.1001  1.56
2.1101  1.42
2.1201  1.33
2.1301  1.54
2.1401  1.41
2.1501  1.31
2.1601  1.34
2.1701  1.44
2.1801  1.43
2.1901  1.55
2.2001  1.46
2.2101  1.76
2.2201  1.46
2.2301  1.45
2.2401  1.58
2.2501  1.61
2.2601  1.61
2.2701  1.44
2.2801  1.52
2.2901  1.76
2.3001  1.5
2.3101  1.69
2.3201  1.64
2.3301  1.53
2.3401  1.47
2.3501  1.5
2.3601  1.41
2.3701  1.73
2.3801  1.41
2.3901  1.61
2.4001  1.68
2.4101  1.68
2.4201  1.56
2.4301  1.69
2.4401  1.69
2.4501  1.7
2.4601  1.39
2.4701  1.48
2.4801  1.72
2.4901  1.38
2.5001  1.51
2.5101  1.67
2.5201  1.82
2.5301  1.68
2.5401  1.59
2.5501  1.41
2.5601  1.6
2.5701  1.5
2.5801  1.59
2.5901  1.61
2.6001  1.41
2.6101  1.67
2.6201  1.56
2.6301  1.57
2.6401  1.6
2.6501  1.76
2.6601  1.77
2.6701  1.39
2.6801  1.57
2.6901  1.64
2.7001  1.71
2.7101  1.59
2.7201  1.55
2.7301  1.48
2.7401  1.65
2.7501  1.46
2.7601  1.42
2.7701  1.65
2.7801  1.49
2.7901  1.72
2.8001  1.48
2.8101  1.62
2.8201  1.47
2.8301  1.64
2.8401  1.71
2.8501  1.54
2.8601  1.51
2.8701  1.42
2.8801  1.31
2.8901  1.57
2.9001  1.67
2.9101  1.35
2.9201  1.44
2.9301  1.71
2.9401  1.39
2.9501  1.57
2.9601  1.47
2.9701  1.41
2.9801  1.53
2.9901  1.46
3.0001  1.72
3.0101  1.37
3.0201  1.43
3.0301  1.69
3.0401  1.51
3.0501  1.56
3.0601  1.38
3.0701  1.51
3.0801  1.68
3.0901  1.46
3.1001  1.44
3.1101  1.46
3.1201  1.63
3.1301  1.43
3.1401  1.61
3.1501  1.68
3.1601  1.26
3.1701  1.36
3.1801  1.27
3.1901  1.52
3.2001  1.23
3.2101  1.64
3.2201  1.47
3.2301  1.38
3.2401  1.62
3.2501  1.39
3.2601  1.37
3.2701  1.49
3.2801  1.7
3.2901  1.41
3.3001  1.41
3.3101  1.53
3.3201  1.47
3.3301  1.36
3.3401  1.46
3.3501  1.43
3.3601  1.52
3.3701  1.49
3.3801  1.7
3.3901  1.49
3.4001  1.31
3.4101  1.61
3.4201  1.41
3.4301  1.43
3.4401  1.62
3.4501  1.35
3.4601  1.61
3.4701  1.52
3.4801  1.44
3.4901  1.38
3.5001  1.58
3.5101  1.43
3.5201  1.44
3.5301  1.4
3.5401  1.62
3.5501  1.65
3.5601  1.59
3.5701  1.75
3.5801  1.4
3.5901  1.57
3.6001  1.52
3.6101  1.44
3.6201  1.53
3.6301  1.52
3.6401  1.44
3.6501  1.6
3.6601  1.54
3.6701  1.34
3.6801  1.65
3.6901  1.53
3.7001  1.58
3.7101  1.5
3.7201  1.68
3.7301  1.57
3.7401  1.54
3.7501  1.44
3.7601  1.41
3.7701  1.55
3.7801  1.69
3.7901  1.67
3.8001  1.56
3.8101  1.53
3.8201  1.64
3.8301  1.53
3.8401  1.45
3.8501  1.45
3.8601  1.64
3.8701  1.52
3.8801  1.53
3.8901  1.47
3.9001  1.64
3.9101  1.65
3.9201  1.67
3.9301  1.52
3.9401  1.57
3.9501  1.56
3.9601  1.61
3.9701  1.41
3.9801  1.36
3.9901  1.54
4.0001  1.71
4.0101  1.45
4.0201  1.5
4.0301  1.69
4.0401  1.43
4.0501  1.56
4.0601  1.34
4.0701  1.5
4.0801  1.45
4.0901  1.51
4.1001  1.53
4.1101  1.61
4.1201  1.52
4.1301  1.38
4.1401  1.42
4.1501  1.82
4.1601  1.61
4.1701  1.43
4.1801  1.4
4.1901  1.58
4.2001  1.61
4.2101  1.45
4.2201  1.47
4.2301  1.5
4.2401  1.7
4.2501  1.46
4.2601  1.31
4.2701  1.61
4.2801  1.38
4.2901  1.29
4.3001  1.65
4.3101  1.52
4.3201  1.52
4.3301  1.54
4.3401  1.45
4.3501  1.63
4.3601  1.5
4.3701  1.54
4.3801  1.5
4.3901  1.64
4.4001  1.38
4.4101  1.44
4.4201  1.53
4.4301  1.71
4.4401  1.37
4.4501  1.56
4.4601  1.5
4.4701  1.45
4.4801  1.49
4.4901  1.52
4.5001  1.46
4.5101  1.32
4.5201  1.44
4.5301  1.62
4.5401  1.57
4.5501  1.51
4.5601  1.82
4.5701  1.25
4.5801  1.7
4.5901  1.63
4.6001  1.46
4.6101  1.56
4.6201  1.67
4.6301  1.72
4.6401  1.29
4.6501  1.59
4.6601  1.52
4.6701  1.46
4.6801  1.66
4.6901  1.48
4.7001  1.27
4.7101  1.46
4.7201  1.52
4.7301  1.52
4.7401  1.48
4.7501  1.55
4.7601  1.59
4.7701  1.61
4.7801  1.55
4.7901  1.46
4.8001  1.5
4.8101  1.47
4.8201  1.7
4.8301  1.4
4.8401  1.37
4.8501  1.6
4.8601  1.78
4.8701  1.42
4.8801  1.64
4.8901  1.51
4.9001  1.33
4.9101  1.62
4.9201  1.58
4.9301  1.49
4.9401  1.69
4.9501  1.49
4.9601  1.65
4.9701  1.42
4.9801  1.54
4.9901  1.35
5.0001  1.46
5.0101  1.87
5.0201  1.51
5.0301  1.5
5.0401  1.41
5.0501  1.38
5.0601  1.62
5.0701  1.66
5.0801  1.58
5.0901  1.54
5.1001  1.69
5.1101  1.34
5.1201  1.65
5.1301  1.62
5.1401  1.65
5.1501  1.57
5.1601  1.44
5.1701  1.58
5.1801  1.51
5.1901  1.3
5.2001  1.56
5.2101  1.59
5.2201  1.31
5.2301  1.6
5.2401  1.57
5.2501  1.57
5.2601  1.6
5.2701  1.49
5.2801  1.65
5.2901  1.51
5.3001  1.76
5.3101  1.54
5.3201  1.51
5.3301  1.41
5.3401  1.41
5.3501  1.47
5.3601  1.52
5.3701  1.64
5.3801  1.39
5.3901  1.61
5.4001  1.67
5.4101  1.54
5.4201  1.47
5.4301  1.64
5.4401  1.69
5.4501  1.43
5.4601  1.54
5.4701  1.56
5.4801  1.55
5.4901  1.54
5.5001  1.56
5.5101  1.52
5.5201  1.58
5.5301  1.58
5.5401  1.47
5.5501  1.77
5.5601  1.61
5.5701  1.46
5.5801  1.45
5.5901  1.28
5.6001  1.47
5.6101  1.74
5.6201  1.56
5.6301  1.39
5.6401  1.42
5.6501  1.41
5.6601  1.7
5.6701  1.3
5.6801  1.66
5.6901  1.38
5.7001  1.49
5.7101  1.6
5.7201  1.57
5.7301  1.51
5.7401  1.5
5.7501  1.66
5.7601  1.69
5.7701  1.36
5.7801  1.41
5.7901  1.62
5.8001  1.61
5.8101  1.5
5.8201  1.43
5.8301  1.5
5.8401  1.54
5.8501  1.78
5.8601  1.51
5.8701  1.5
5.8801  1.64
5.8901  1.55
5.9001  1.57
5.9101  1.23
5.9201  1.7
5.9301  1.6
5.9401  1.46
5.9501  1.5
5.9601  1.75
5.9701  1.42
5.9801  1.5
5.9901  1.34
6.0001  1.76
6.0101  1.61
6.0201  1.36
6.0301  1.6
6.0401  1.59
6.0501  1.51
6.0601  1.75
6.0701  1.61
6.0801  1.47
6.0901  1.45
6.1001  1.62
6.1101  1.53
6.1201  1.54
6.1301  1.58
6.1401  1.54
6.1501  1.43
6.1601  1.38
6.1701  1.52
6.1801  1.75
6.1901  1.61
6.2001  1.57
6.2101  1.59
6.2201  1.48
6.2301  1.75
6.2401  1.23
6.2501  1.55
6.2601  1.26
6.2701  1.41
6.2801  1.48
6.2901  1.56
6.3001  1.68
6.3101  1.39
6.3201  1.67
6.3301  1.47
6.3401  1.64
6.3501  1.54
6.3601  1.38
6.3701  1.57
6.3801  1.87
6.3901  1.73
6.4001  1.56
6.4101  1.39
6.4201  1.68
6.4301  1.35
6.4401  1.46
6.4501  1.6
6.4601  1.67
6.4701  1.79
6.4801  1.38
6.4901  1.57
6.5001  1.43
6.5101  1.57
6.5201  1.55
6.5301  1.58
6.5401  1.69
6.5501  1.35
6.5601  1.7
6.5701  1.46
6.5801  1.55
6.5901  1.66
6.6001  1.64
6.6101  1.73
6.6201  1.43
6.6301  1.5
6.6401  1.52
6.6501  1.59
6.6601  1.68
6.6701  1.39
6.6801  1.64
6.6901  1.57
6.7001  1.62
6.7101  1.54
6.7201  1.55
6.7301  1.42
6.7401  1.67
6.7501  1.65
6.7601  1.59
6.7701  1.64
6.7801  1.55
6.7901  1.67
6.8001  1.5
6.8101  1.5
6.8201  1.56
6.8301  1.59
6.8401  1.33
6.8501  1.34
6.8601  1.54
6.8701  1.74
6.8801  1.54
6.8901  1.5
6.9001  1.54
6.9101  1.41
6.9201  1.68
6.9301  1.63
6.9401  1.39
6.9501  1.33
6.9601  1.7
6.9701  1.41
6.9801  1.53
6.9901  1.39
7.0001  1.47
7.0101  1.8
7.0201  1.37
7.0301  1.49
7.0401  1.45
7.0501  1.4
7.0601  1.62
7.0701  1.51
7.0801  1.41
7.0901  1.45
7.1001  1.34
7.1101  1.44
7.1201  1.5
7.1301  1.5
7.1401  1.39
7.1501  1.73
7.1601  1.52
7.1701  1.52
7.1801  1.82
7.1901  1.62
7.2001  1.26
7.2101  1.36
7.2201  1.61
7.2301  1.31
7.2401  1.33
7.2501  1.45
7.2601  1.74
7.2701  1.38
7.2801  1.61
7.2901  1.54
7.3001  1.54
7.3101  1.46
7.3201  1.32
7.3301  1.58
7.3401  1.54
7.3501  1.49
7.3601  1.48
7.3701  1.5
7.3801  1.51
7.3901  1.61
7.4001  1.42
7.4101  1.42
7.4201  1.36
7.4301  1.5
7.4401  1.53
7.4501  1.41
7.4601  1.44
7.4701  1.54
7.4801  1.49
7.4901  1.38
7.5001  1.53
7.5101  1.68
7.5201  1.33
7.5301  1.46
7.5401  1.6
7.5501  1.83
7.5601  1.58
7.5701  1.42
7.5801  1.66
7.5901  1.61
7.6001  1.46
7.6101  1.45
7.6201  1.65
7.6301  1.67
7.6401  1.52
7.6501  1.54
7.6601  1.6
7.6701  1.54
7.6801  1.68
7.6901  1.55
7.7001  1.54
7.7101  1.68
7.7201  1.51
7.7301  1.56
7.7401  1.44
7.7501  1.39
7.7601  1.65
7.7701  1.78
7.7801  1.72
7.7901  1.78
7.8001  1.79
7.8101  1.43
7.8201  1.51
7.8301  1.47
7.8401  1.57
7.8501  1.75
7.8601  1.71
7.8701  1.63
7.8801  1.41
7.8901  1.44
7.9001  1.7
7.9101  1.63
7.9201  1.54
7.9301  1.6
7.9401  1.44
7.9501  1.44
7.9601  1.64
7.9701  1.7
7.9801  1.53
7.9901  1.48
8.0001  1.53
8.0101  1.73
8.0201  1.58
8.0301  1.5
8.0401  1.69
8.0501  1.39
8.0601  1.73
8.0701  1.42
8.0801  1.58
8.0901  1.55
8.1001  1.66
8.1101  1.65
8.1201  1.4
8.1301  1.43
8.1401  1.84
8.1501  1.58
8.1601  1.42
8.1701  1.58
8.1801  1.48
8.1901  1.3
8.2001  1.5
8.2101  1.77
8.2201  1.56
8.2301  1.49
8.2401  1.77
8.2501  1.46
8.2601  1.53
8.2701  1.6
8.2801  1.48
8.2901  1.27
8.3001  1.64
8.3101  1.32
8.3201  1.54
8.3301  1.5
8.3401  1.58
8.3501  1.43
8.3601  1.52
8.3701  1.55
8.3801  1.56
8.3901  1.45
8.4001  1.58
8.4101  1.61
8.4201  1.44
8.4301  1.41
8.4401  1.39
8.4501  1.33
8.4601  1.53
8.4701  1.59
8.4801  1.73
8.4901  1.54
8.5001  1.39
8.5101  1.55
8.5201  1.47
8.5301  1.39
8.5401  1.45
8.5501  1.39
8.5601  1.43
8.5701  1.53
8.5801  1.57
8.5901  1.64
8.6001  1.54
8.6101  1.27
8.6201  1.45
8.6301  1.61
8.6401  1.56
8.6501  1.64
8.6601  1.4
8.6701  1.41
8.6801  1.46
8.6901  1.62
8.7001  1.66
8.7101  1.37
8.7201  1.43
8.7301  1.5
8.7401  1.57
8.7501  1.57
8.7601  1.54
8.7701  1.43
8.7801  1.48
8.7901  1.81
8.8001  1.79
8.8101  1.49
8.8201  1.49
8.8301  1.44
8.8401  1.66
8.8501  1.67
8.8601  1.65
8.8701  1.34
8.8801  1.27
8.8901  1.66
8.9001  1.57
8.9101  1.58
8.9201  1.46
8.9301  1.52
8.9401  1.64
8.9501  1.28
8.9601  1.54
8.9701  1.7
8.9801  1.76
8.9901  1.7
9.0001  1.59
9.0101  1.72
9.0201  1.56
9.0301  1.57
9.0401  1.5
9.0501  1.54
9.0601  1.65
9.0701  1.66
9.0801  1.64
9.0901  1.43
9.1001  1.31
9.1101  1.62
9.1201  1.82
9.1301  1.4
9.1401  1.68
9.1501  1.49
9.1601  1.77
9.1701  1.45
9.1801  1.56
9.1901  1.79
9.2001  1.7
9.2101  1.52
9.2201  1.57
9.2301  1.7
9.2401  1.38
9.2501  1.64
9.2601  1.79
9.2701  1.44
9.2801  1.83
9.2901  1.61
9.3001  1.45
9.3101  1.54
9.3201  1.33
9.3301  1.63
9.3401  1.73
9.3501  1.58
9.3601  1.45
9.3701  1.39
9.3801  1.53
9.3901  1.61
9.4001  1.43
9.4101  1.36
9.4201  1.48
9.4301  1.66
9.4401  1.41
9.4501  1.61
9.4601  1.61
9.4701  1.54
9.4801  1.58
9.4901  1.44
9.5001  1.58
9.5101  1.59
9.5201  1.41
9.5301  1.72
9.5401  1.44
9.5501  1.53
9.5601  1.57
9.5701  1.73
9.5801  1.43
9.5901  1.5
9.6001  1.46
9.6101  1.67
9.6201  1.56
9.6301  1.23
9.6401  1.51
9.6501  1.58
9.6601  1.29
9.6701  1.27
9.6801  1.57
9.6901  1.68
9.7001  1.47
9.7101  1.46
9.7201  1.69
9.7301  1.52
9.7401  1.34
9.7501  1.42
9.7601  1.39
9.7701  1.28
9.7801  1.73
9.7901  1.53
9.8001  1.52
9.8101  1.28
9.8201  1.44
9.8301  1.3
9.8401  1.52
9.8501  1.82
9.8601  1.39
9.8701  1.47
9.8801  1.29
9.8901  1.47
9.9001  1.54
9.9101  1.53
9.9201  1.55
9.9301  1.36
9.9401  1.59
9.9501  1.52
9.9601  1.39
9.9701  1.44
9.9801  1.66
9.9901  1.44
10.0001  1.77
10.0101  1.57
10.0201  1.53
10.0301  1.8
10.0401  1.55
10.0501  1.38
10.0601  1.41
10.0701  1.68
10.0801  1.64
10.0901  1.31
10.1001  1.47
10.1101  1.18
10.1201  1.49
10.1301  1.47
10.1401  1.66
10.1501  1.66
10.1601  1.43
10.1701  1.51
10.1801  1.49
10.1901  1.64
10.2001  1.64
10.2101  1.55
10.2201  1.61
10.2301  1.45
10.2401  1.64
10.2501  1.72
10.2601  1.39
10.2701  1.46
10.2801  1.35
10.2901  1.74
10.3001  1.46
10.3101  1.48
10.3201  1.58
10.3301  1.86
10.3401  1.39
10.3501  1.53
10.3601  1.65
10.3701  1.63
10.3801  1.68
10.3901  1.46
10.4001  1.4
10.4101  1.5
10.4201  1.69
10.4301  1.77
10.4401  1.54
10.4501  1.46
10.4601  1.45
10.4701  1.77
10.4801  1.53
10.4901  1.51
10.5001  1.47
10.5101  1.38
10.5201  1.52
10.5301  1.59
10.5401  1.63
10.5501  1.46
10.5601  1.47
10.5701  1.46
10.5801  1.61
10.5901  1.7
10.6001  1.41
10.6101  1.46
10.6201  1.28
10.6301  1.38
10.6401  1.49
10.6501  1.85
10.6601  1.63
10.6701  1.27
10.6801  1.5
10.6901  1.81
10.7001  1.59
10.7101  1.45
10.7201  1.74
10.7301  1.76
10.7401  1.64
10.7501  1.28
10.7601  1.47
10.7701  1.54
10.7801  1.22
10.7901  1.56
10.8001  1.29
10.8101  1.7
10.8201  1.39
10.8301  1.51
10.8401  1.6
10.8501  1.53
10.8601  1.42
10.8701  1.5
10.8801  1.39
10.8901  1.44
10.9001  1.73
10.9101  1.54
10.9201  1.51
10.9301  1.53
10.9401  1.47
10.9501  1.18
10.9601  1.6
10.9701  1.49
10.9801  1.6
10.9901  1.46
11.0001  1.68
11.0101  1.49
11.0201  1.51
11.0301  1.46
11.0401  1.32
11.0501  1.39
11.0601  1.4
11.0701  1.74
11.0801  1.53
11.0901  1.39
11.1001  1.46
11.1101  1.56
11.1201  1.72
11.1301  1.58
11.1401  1.47
11.1501  1.41
11.1601  1.48
11.1701  1.39
11.1801  1.5
11.1901  1.56
11.2001  1.54
11.2101  1.53
11.2201  1.61
11.2301  1.54
11.2401  1.6
11.2501  1.6
11.2601  1.44
11.2701  1.54
11.2801  1.52
11.2901  1.61
11.3001  1.45
11.3101  1.39
11.3201  1.4
11.3301  1.5
11.3401  1.83
11.3501  1.65
11.3601  1.36
11.3701  1.78
11.3801  1.5
11.3901  1.54
11.4001  1.48
11.4101  1.67
11.4201  1.66
11.4301  1.55
11.4401  1.58
11.4501  1.58
11.4601  1.38
11.4701  1.55
11.4801  1.44
11.4901  1.33
11.5001  1.39
11.5101  1.55
11.5201  1.46
11.5301  1.56
11.5401  1.43
11.5501  1.69
11.5601  1.61
11.5701  1.65
11.5801  1.49
11.5901  1.47
11.6001  1.6
11.6101  1.68
11.6201  1.33
11.6301  1.41
11.6401  1.44
11.6501  1.76
11.6601  1.66
11.6701  1.52
11.6801  1.33
11.6901  1.65
11.7001  1.72
11.7101  1.51
11.7201  1.59
11.7301  1.51
11.7401  1.39
11.7501  1.64
11.7601  1.34
11.7701  1.46
11.7801  1.52
11.7901  1.53
11.8001  1.65
11.8101  1.36
11.8201  1.43
11.8301  1.63
11.8401  1.65
11.8501  1.62
11.8601  1.52
11.8701  1.34
11.8801  1.48
11.8901  1.43
11.9001  1.33
11.9101  1.54
11.9201  1.63
11.9301  1.7
11.9401  1.48
11.9501  1.38
11.9601  1.66
11.9701  1.7
11.9801  1.64
11.9901  1.54
12.0001  1.49
12.0101  1.5
12.0201  1.17
12.0301  1.37
12.0401  1.54
12.0501  1.57
12.0601  1.57
12.0701  1.43
12.0801  1.81
12.0901  1.53
12.1001  1.42
12.1101  1.48
12.1201  1.56
12.1301  1.42
12.1401  1.61
12.1501  1.49
12.1601  1.64
12.1701  1.69
12.1801  1.67
12.1901  1.31
12.2001  1.56
12.2101  1.53
12.2201  1.47
12.2301  1.47
12.2401  1.51
12.2501  1.55
12.2601  1.58
12.2701  1.37
12.2801  1.51
12.2901  1.56
12.3001  1.7
12.3101  1.53
12.3201  1.45
12.3301  1.76
12.3401  1.39
12.3501  1.54
12.3601  1.62
12.3701  1.52
12.3801  1.7
12.3901  1.3
12.4001  1.51
12.4101  1.59
12.4201  1.75
12.4301  1.44
12.4401  1.43
12.4501  1.7
12.4601  1.41
12.4701  1.48
12.4801  1.3
12.4901  1.64
12.5001  1.24
12.5101  1.65
12.5201  1.39
12.5301  1.22
12.5401  1.45
12.5501  1.56
12.5601  1.44
12.5701  1.55
12.5801  1.31
12.5901  1.6
12.6001  1.68
12.6101  1.61
12.6201  1.52
12.6301  1.57
12.6401  1.59
12.6501  1.45
12.6601  1.55
12.6701  1.71
12.6801  1.43
12.6901  1.57
12.7001  1.45
12.7101  1.29
12.7201  1.76
12.7301  1.42
12.7401  1.38
12.7501  1.76
12.7601  1.33
12.7701  1.68
12.7801  1.52
12.7901  1.49
12.8001  1.54
12.8101  1.62
12.8201  1.66
12.8301  1.47
12.8401  1.66
12.8501  1.47
12.8601  1.52
12.8701  1.63
12.8801  1.61
12.8901  1.58
12.9001  1.54
12.9101  1.49
12.9201  1.61
12.9301  1.45
12.9401  1.61
12.9501  1.67
12.9601  1.36
12.9701  1.69
12.9801  1.65
12.9901  1.9
13.0001  1.69
13.0101  1.33
13.0201  1.36
13.0301  1.7
13.0401  1.62
13.0501  1.58
13.0601  1.41
13.0701  1.59
13.0801  1.47
13.0901  1.54
13.1001  1.65
13.1101  1.61
13.1201  1.5
13.1301  1.51
13.1401  1.7
13.1501  1.56
13.1601  1.42
13.1701  1.61
13.1801  1.44
13.1901  1.79
13.2001  1.44
13.2101  1.48
13.2201  1.58
13.2301  1.67
13.2401  1.5
13.2501  1.67
13.2601  1.52
13.2701  1.68
13.2801  1.6
13.2901  1.44
13.3001  1.41
13.3101  1.51
13.3201  1.61
13.3301  1.41
13.3401  1.63
13.3501  1.5
13.3601  1.68
13.3701  1.46
13.3801  1.47
13.3901  1.53
13.4001  1.54
13.4101  1.7
13.4201  1.88
13.4301  1.44
13.4401  1.49
13.4501  1.63
13.4601  1.56
13.4701  1.61
13.4801  1.38
13.4901  1.6
13.5001  1.51
13.5101  1.51
13.5201  1.5
13.5301  1.49
13.5401  1.77
13.5501  1.39
13.5601  1.47
13.5701  1.58
13.5801  1.47
13.5901  1.57
13.6001  1.64
13.6101  1.52
13.6201  1.62
13.6301  1.54
13.6401  1.49
13.6501  1.45
13.6601  1.48
13.6701  1.51
13.6801  1.36
13.6901  1.62
13.7001  1.37
13.7101  1.69
13.7201  1.51
13.7301  1.44
13.7401  1.45
13.7501  1.69
13.7601  1.77
13.7701  1.56
13.7801  1.46
13.7901  1.65
13.8001  1.52
13.8101  1.55
13.8201  1.48
13.8301  1.57
13.8401  1.6
13.8501  1.73
13.8601  1.65
13.8701  1.57
13.8801  1.55
13.8901  1.41
13.9001  1.45
13.9101  1.49
13.9201  1.65
13.9301  1.48
13.9401  1.42
13.9501  1.63
13.9601  1.58
13.9701  2.07
13.9801  1.6
13.9901  1.55
14.0001  1.47
14.0101  1.68
14.0201  1.52
14.0301  1.39
14.0401  1.5
14.0501  1.68
14.0601  1.48
14.0701  1.57
14.0801  1.46
14.0901  1.71
14.1001  1.53
14.1101  1.71
14.1201  1.53
14.1301  1.61
14.1401  1.69
14.1501  1.58
14.1601  1.31
14.1701  1.75
14.1801  1.5
14.1901  1.61
14.2001  1.54
14.2101  1.65
14.2201  1.38
14.2301  1.47
14.2401  1.4
14.2501  1.76
14.2601  1.66
14.2701  1.38
14.2801  1.75
14.2901  1.68
14.3001  1.42
14.3101  1.24
14.3201  1.62
14.3301  1.37
14.3401  1.45
14.3501  1.34
14.3601  1.53
14.3701  1.52
14.3801  1.82
14.3901  1.55
14.4001  1.57
14.4101  1.49
14.4201  1.5
14.4301  1.34
14.4401  1.7
14.4501  1.48
14.4601  1.54
14.4701  1.48
14.4801  1.64
14.4901  1.64
14.5001  1.48
14.5101  1.56
14.5201  1.59
14.5301  1.48
14.5401  1.57
14.5501  1.7
14.5601  1.46
14.5701  1.53
14.5801  1.49
14.5901  1.58
14.6001  1.33
14.6101  1.57
14.6201  1.54
14.6301  1.54
14.6401  1.61
14.6501  1.67
14.6601  1.32
14.6701  1.48
14.6801  1.57
14.6901  1.54
14.7001  1.44
14.7101  1.68
14.7201  1.63
14.7301  1.75
14.7401  1.53
14.7501  1.44
14.7601  1.56
14.7701  1.53
14.7801  1.43
14.7901  1.46
14.8001  1.68
14.8101  1.67
14.8201  1.54
14.8301  1.58
14.8401  1.65
14.8501  1.6
14.8601  1.5
14.8701  1.65
14.8801  1.67
14.8901  1.91
14.9001  1.3
14.9101  1.54
14.9201  1.37
14.9301  1.57
14.9401  1.54
14.9501  1.6
14.9601  1.59
14.9701  1.63
14.9801  1.71
14.9901  1.52
15.0001  1.69
15.0101  1.37
15.0201  1.57
15.0301  1.43
15.0401  1.62
15.0501  1.69
15.0601  1.61
15.0701  1.47
15.0801  1.51
15.0901  1.78
15.1001  1.62
15.1101  1.66
15.1201  1.61
15.1301  1.55
15.1401  1.4
15.1501  1.71
15.1601  1.72
15.1701  1.41
15.1801  1.63
15.1901  1.39
15.2001  1.29
15.2101  1.55
15.2201  1.61
15.2301  1.64
15.2401  1.54
15.2501  1.3
15.2601  1.37
15.2701  1.54
15.2801  1.83
15.2901  1.5
15.3001  1.51
15.3101  1.29
15.3201  1.58
15.3301  1.83
15.3401  1.44
15.3501  1.58
15.3601  1.46
15.3701  1.28
15.3801  1.61
15.3901  1.32
15.4001  1.42
15.4101  1.62
15.4201  1.59
15.4301  1.49
15.4401  1.36
15.4501  1.58
15.4601  1.18
15.4701  1.42
15.4801  1.3
15.4901  1.85
15.5001  1.48
15.5101  1.41
15.5201  1.93
15.5301  1.45
15.5401  1.51
15.5501  1.47
15.5601  1.52
15.5701  1.52
15.5801  1.51
15.5901  1.44
15.6001  1.47
15.6101  1.51
15.6201  1.33
15.6301  1.59
15.6401  1.62
15.6501  1.55
15.6601  1.69
15.6701  1.52
15.6801  1.59
15.6901  1.32
15.7001  1.53
15.7101  1.47
15.7201  1.46
15.7301  1.63
15.7401  1.51
15.7501  1.47
15.7601  1.61
15.7701  1.53
15.7801  1.74
15.7901  1.53
15.8001  1.44
15.8101  1.63
15.8201  1.57
15.8301  1.54
15.8401  1.34
15.8501  1.55
15.8601  1.58
15.8701  1.61
15.8801  1.71
15.8901  1.62
15.9001  1.58
15.9101  1.46
15.9201  1.56
15.9301  1.36
15.9401  1.3
15.9501  1.58
15.9601  1.59
15.9701  1.26
15.9801  1.76
15.9901  1.53
16.0001  1.77
16.0101  1.24
16.0201  1.73
16.0301  1.34
16.0401  1.62
16.0501  1.54
16.0601  1.7
16.0701  1.44
16.0801  1.72
16.0901  1.59
16.1001  1.52
16.1101  1.63
16.1201  1.6
16.1301  1.61
16.1401  1.58
16.1501  1.62
16.1601  1.32
16.1701  1.42
16.1801  1.68
16.1901  1.5
16.2001  1.69
16.2101  1.65
16.2201  1.38
16.2301  1.45
16.2401  1.53
16.2501  1.59
16.2601  1.58
16.2701  1.55
16.2801  1.6
16.2901  1.56
16.3001  1.51
16.3101  1.59
16.3201  1.56
16.3301  1.45
16.3401  1.73
16.3501  1.6
16.3601  1.61
16.3701  1.47
16.3801  1.33
16.3901  1.55
16.4001  1.45
16.4101  1.56
16.4201  1.65
16.4301  1.52
16.4401  1.4
16.4501  1.55
16.4601  1.43
16.4701  1.72
16.4801  1.59
16.4901  1.65
16.5001  1.47
16.5101  1.52
16.5201  1.64
16.5301  1.36
16.5401  1.29
16.5501  1.7
16.5601  1.72
16.5701  1.49
16.5801  1.16
16.5901  1.52
16.6001  1.51
16.6101  1.68
16.6201  1.7
16.6301  1.43
16.6401  1.39
16.6501  1.6
16.6601  1.27
16.6701  1.48
16.6801  1.59
16.6901  1.39
16.7001  1.68
16.7101  1.7
16.7201  1.53
16.7301  1.61
16.7401  1.43
16.7501  1.42
16.7601  1.45
16.7701  1.65
16.7801  1.61
16.7901  1.27
16.8001  1.66
16.8101  1.45
16.8201  1.42
16.8301  1.42
16.8401  1.53
16.8501  1.59
16.8601  1.67
16.8701  1.42
16.8801  1.66
16.8901  1.59
16.9001  1.8
16.9101  1.32
16.9201  1.42
16.9301  1.42
16.9401  1.61
16.9501  1.51
16.9601  1.48
16.9701  1.49
16.9801  1.48
16.9901  1.65
17.0001  1.46
17.0101  1.71
17.0201  1.88
17.0301  1.41
17.0401  1.39
17.0501  1.59
17.0601  1.42
17.0701  1.69
17.0801  1.69
17.0901  1.32
17.1001  1.42
17.1101  1.53
17.1201  1.59
17.1301  1.43
17.1401  1.31
17.1501  1.64
17.1601  1.45
17.1701  1.55
17.1801  1.48
17.1901  1.75
17.2001  1.4
17.2101  1.44
17.2201  1.47
17.2301  1.79
17.2401  1.38
17.2501  1.42
17.2601  1.81
17.2701  1.51
17.2801  1.35
17.2901  1.77
17.3001  1.5
17.3101  1.66
17.3201  1.51
17.3301  1.35
17.3401  1.41
17.3501  1.47
17.3601  1.74
17.3701  1.62
17.3801  1.61
17.3901  1.62
17.4001  1.47
17.4101  1.56
17.4201  1.35
17.4301  1.52
17.4401  1.74
17.4501  1.52
17.4601  1.41
17.4701  1.25
17.4801  1.65
17.4901  1.63
17.5001  1.66
17.5101  1.66
17.5201  1.42
17.5301  1.54
17.5401  1.54
17.5501  1.82
17.5601  1.65
17.5701  1.68
17.5801  1.44
17.5901  1.37
17.6001  1.68
17.6101  1.59
17.6201  1.49
17.6301  1.64
17.6401  1.3
17.6501  1.44
17.6601  1.6
17.6701  1.6
17.6801  1.5
17.6901  1.37
17.7001  1.69
17.7101  1.39
17.7201  1.66
17.7301  1.58
17.7401  1.52
17.7501  1.62
17.7601  1.47
17.7701  1.56
17.7801  1.48
17.7901  1.51
17.8001  1.72
17.8101  1.33
17.8201  1.64
17.8301  1.45
17.8401  1.6
17.8501  1.65
17.8601  1.54
17.8701  1.48
17.8801  1.36
17.8901  1.57
17.9001  1.33
17.9101  1.55
17.9201  1.58
17.9301  1.61
17.9401  1.83
17.9501  1.36
17.9601  1.55
17.9701  1.41
17.9801  1.53
17.9901  1.47
18.0001  1.51
18.0101  1.51
18.0201  1.39
18.0301  1.56
18.0401  1.45
18.0501  1.3
18.0601  1.58
18.0701  1.65
18.0801  1.29
18.0901  1.53
18.1001  1.63
18.1101  1.58
18.1201  1.55
18.1301  1.69
18.1401  1.29
18.1501  1.62
18.1601  1.45
18.1701  1.3
18.1801  1.59
18.1901  1.67
18.2001  1.57
18.2101  1.6
18.2201  1.44
18.2301  1.38
18.2401  1.6
18.2501  1.54
18.2601  1.58
18.2701  1.58
18.2801  1.41
18.2901  1.76
18.3001  1.49
18.3101  1.71
18.3201  1.61
18.3301  1.6
18.3401  1.54
18.3501  1.46
18.3601  1.52
18.3701  1.37
18.3801  1.66
18.3901  1.56
18.4001  1.45
18.4101  1.74
18.4201  1.56
18.4301  1.61
18.4401  1.61
18.4501  1.52
18.4601  1.6
18.4701  1.46
18.4801  1.62
18.4901  1.66
18.5001  1.65
18.5101  1.55
18.5201  1.62
18.5301  1.52
18.5401  1.57
18.5501  1.5
18.5601  1.59
18.5701  1.72
18.5801  1.55
18.5901  1.6
18.6001  1.6
18.6101  1.4
18.6201  1.46
18.6301  1.63
18.6401  1.55
18.6501  1.63
18.6601  1.47
18.6701  1.49
18.6801  1.67
18.6901  1.66
18.7001  1.34
18.7101  1.59
18.7201  1.62
18.7301  1.43
18.7401  1.6
18.7501  1.59
18.7601  1.71
18.7701  1.49
18.7801  1.54
18.7901  1.52
18.8001  1.63
18.8101  1.53
18.8201  1.73
18.8301  1.47
18.8401  1.69
18.8501  1.56
18.8601  1.39
18.8701  1.44
18.8801  1.35
18.8901  1.64
18.9001  1.64
18.9101  1.42
18.9201  1.52
18.9301  1.51
18.9401  1.46
18.9501  1.56
18.9601  1.56
18.9701  1.51
18.9801  1.71
18.9901  1.71
19.0001  1.48
19.0101  1.51
19.0201  1.75
19.0301  1.4
19.0401  1.62
19.0501  1.51
19.0601  1.78
19.0701  1.37
19.0801  1.25
19.0901  1.5
19.1001  1.4
19.1101  1.59
19.1201  1.52
19.1301  1.58
19.1401  1.6
19.1501  1.7
19.1601  1.59
19.1701  1.38
19.1801  1.59
19.1901  1.41
19.2001  1.53
19.2101  1.52
19.2201  1.69
19.2301  1.4
19.2401  1.6
19.2501  1.6
19.2601  1.72
19.2701  1.55
19.2801  1.47
19.2901  1.46
19.3001  1.59
19.3101  1.54
19.3201  1.63
19.3301  1.43
19.3401  1.57
19.3501  1.57
19.3601  1.51
19.3701  1.59
19.3801  1.41
19.3901  1.6
19.4001  1.62
19.4101  1.37
19.4201  1.44
19.4301  1.55
19.4401  1.47
19.4501  1.57
19.4601  1.51
19.4701  1.65
19.4801  1.51
19.4901  1.56
19.5001  1.4
19.5101  1.6
19.5201  1.45
19.5301  1.55
19.5401  1.45
19.5501  1.55
19.5601  1.54
19.5701  1.63
19.5801  1.51
19.5901  1.46
19.6001  1.61
19.6101  1.51
19.6201  1.49
19.6301  1.36
19.6401  1.67
19.6501  1.53
19.6601  1.68
19.6701  1.61
19.6801  1.3
19.6901  1.53
19.7001  1.35
19.7101  1.54
19.7201  1.54
19.7301  1.53
19.7401  1.48
19.7501  1.64
19.7601  1.5
19.7701  1.62
19.7801  1.57
19.7901  1.56
19.8001  1.32
19.8101  1.51
19.8201  1.56
19.8301  1.44
19.8401  1.41
19.8501  1.22
19.8601  1.54
19.8701  1.33
19.8801  1.54
19.8901  1.6
19.9001  1.56
19.9101  1.57
19.9201  1.78
19.9301  1.44
19.9401  1.67
19.9501  1.55
19.9601  1.6
19.9701  1.57
19.9801  1.56
19.9901  1.41
20.0001  1.77
20.0101  1.53
20.0201  1.36
20.0301  1.6
20.0401  1.63
20.0501  1.54
20.0601  1.75
20.0701  1.42
20.0801  1.57
20.0901  1.54
20.1001  1.33
20.1101  1.55
20.1201  1.67
20.1301  1.41
20.1401  1.65
20.1501  1.53
20.1601  1.45
20.1701  1.7
20.1801  1.62
20.1901  1.54
20.2001  1.42
20.2101  1.51
20.2201  1.67
20.2301  1.47
20.2401  1.72
20.2501  1.51
20.2601  1.56
20.2701  1.61
20.2801  1.46
20.2901  1.5
20.3001  1.48
20.3101  1.54
20.3201  1.64
20.3301  1.52
20.3401  1.42
20.3501  1.73
20.3601  1.51
20.3701  1.49
20.3801  1.71
20.3901  1.43
20.4001  1.61
20.4101  1.62
20.4201  1.35
20.4301  1.69
20.4401  1.51
20.4501  1.47
20.4601  1.6
20.4701  1.62
20.4801  1.74
20.4901  1.43
20.5001  1.54
20.5101  1.6
20.5201  1.51
20.5301  1.67
20.5401  1.79
20.5501  1.53
20.5601  1.5
20.5701  1.36
20.5801  1.34
20.5901  1.66
20.6001  1.45
20.6101  1.35
20.6201  1.63
20.6301  1.44
20.6401  1.45
20.6501  1.54
20.6601  1.24
20.6701  1.81
20.6801  1.8
20.6901  1.77
20.7001  1.29
20.7101  1.42
20.7201  1.65
20.7301  1.62
20.7401  1.22
20.7501  1.51
20.7601  1.48
20.7701  1.53
20.7801  1.77
20.7901  1.43
20.8001  1.73
20.8101  1.84
20.8201  1.52
20.8301  1.58
20.8401  1.4
20.8501  1.31
20.8601  1.54
20.8701  1.49
20.8801  1.58
20.8901  1.66
20.9001  1.65
20.9101  1.59
20.9201  1.46
20.9301  1.57
20.9401  1.54
20.9501  1.49
20.9601  1.35
20.9701  1.73
20.9801  1.53
20.9901  1.33
21.0001  1.61
21.0101  1.61
21.0201  1.5
21.0301  1.4
21.0401  1.48
21.0501  1.71
21.0601  1.52
21.0701  1.56
21.0801  1.7
21.0901  1.42
21.1001  1.72
21.1101  1.42
21.1201  1.5
21.1301  1.35
21.1401  1.56
21.1501  1.58
21.1601  1.35
21.1701  1.44
21.1801  1.55
21.1901  1.68
21.2001  1.52
21.2101  1.52
21.2201  1.58
21.2301  1.54
21.2401  1.58
21.2501  1.75
21.2601  1.46
21.2701  1.31
21.2801  1.74
21.2901  1.64
21.3001  1.43
21.3101  1.82
21.3201  1.52
21.3301  1.53
21.3401  1.55
21.3501  1.46
21.3601  1.34
21.3701  1.24
21.3801  1.38
21.3901  1.22
21.4001  1.82
21.4101  1.5
21.4201  1.49
21.4301  1.86
21.4401  1.53
21.4501  1.53
21.4601  1.53
21.4701  1.63
21.4801  1.63
21.4901  1.53
21.5001  1.56
21.5101  1.68
21.5201  1.63
21.5301  1.68
21.5401  1.54
21.5501  1.49
21.5601  1.72
21.5701  1.28
21.5801  1.44
21.5901  1.48
21.6001  1.76
21.6101  1.75
21.6201  1.41
21.6301  1.69
21.6401  1.39
21.6501  1.45
21.6601  1.52
21.6701  1.57
21.6801  1.57
21.6901  1.6
21.7001  1.67
21.7101  1.65
21.7201  1.76
21.7301  1.37
21.7401  1.64
21.7501  1.63
21.7601  1.57
21.7701  1.59
21.7801  1.66
21.7901  1.61
21.8001  1.64
21.8101  1.42
21.8201  1.44
21.8301  1.37
21.8401  1.46
21.8501  1.74
21.8601  1.56
21.8701  1.66
21.8801  1.51
21.8901  1.78
21.9001  1.37
21.9101  1.59
21.9201  1.61
21.9301  1.49
21.9401  1.56
21.9501  1.4
21.9601  1.6
21.9701  1.32
21.9801  1.38
21.9901  1.42
22.0001  1.81
22.0101  1.47
22.0201  1.49
22.0301  1.39
22.0401  1.54
22.0501  1.46
22.0601  1.4
22.0701  1.54
22.0801  1.27
22.0901  1.56
22.1001  1.49
22.1101  1.68
22.1201  1.53
22.1301  1.33
22.1401  1.43
22.1501  1.4
22.1601  1.4
22.1701  1.41
22.1801  1.55
22.1901  1.44
22.2001  1.47
22.2101  1.44
22.2201  1.59
22.2301  1.37
22.2401  1.7
22.2501  1.35
22.2601  1.44
22.2701  1.76
22.2801  1.63
22.2901  1.51
22.3001  1.47
22.3101  1.31
22.3201  1.47
22.3301  1.49
22.3401  1.62
22.3501  1.68
22.3601  1.64
22.3701  1.48
22.3801  1.48
22.3901  1.5
22.4001  1.3
22.4101  1.65
22.4201  1.35
22.4301  1.29
22.4401  1.67
22.4501  1.8
22.4601  1.55
22.4701  1.42
22.4801  1.6
22.4901  1.38
22.5001  1.62
22.5101  1.47
22.5201  1.66
22.5301  1.58
22.5401  1.53
22.5501  1.55
22.5601  1.61
22.5701  1.74
22.5801  1.5
22.5901  1.75
22.6001  1.53
22.6101  1.63
22.6201  1.58
22.6301  1.65
22.6401  1.52
22.6501  1.52
22.6601  1.64
22.6701  1.64
22.6801  1.53
22.6901  1.34
22.7001  1.62
22.7101  1.55
22.7201  1.53
22.7301  1.66
22.7401  1.38
22.7501  1.59
22.7601  1.31
22.7701  1.65
22.7801  1.66
22.7901  1.72
22.8001  1.56
22.8101  1.54
22.8201  1.73
22.8301  1.4
22.8401  1.63
22.8501  1.53
22.8601  1.79
22.8701  1.54
22.8801  1.77
22.8901  1.6
22.9001  1.63
22.9101  1.39
22.9201  1.6
22.9301  1.61
22.9401  1.46
22.9501  1.55
22.9601  1.73
22.9701  1.61
22.9801  1.47
22.9901  1.61
23.0001  1.43
23.0101  1.69
23.0201  1.54
23.0301  1.49
23.0401  1.66
23.0501  1.58
23.0601  1.48
23.0701  1.48
23.0801  1.62
23.0901  1.57
23.1001  1.59
23.1101  1.43
23.1201  1.53
23.1301  1.49
23.1401  1.72
23.1501  1.59
23.1601  1.48
23.1701  1.69
23.1801  1.66
23.1901  1.56
23.2001  1.75
23.2101  1.59
23.2201  1.52
23.2301  1.62
23.2401  1.39
23.2501  1.5
23.2601  1.61
23.2701  1.67
23.2801  1.4
23.2901  1.56
23.3001  1.41
23.3101  1.5
23.3201  1.58
23.3301  1.63
23.3401  1.52
23.3501  1.58
23.3601  1.51
23.3701  1.66
23.3801  1.6
23.3901  1.5
23.4001  1.46
23.4101  1.48
23.4201  1.52
23.4301  1.39
23.4401  1.73
23.4501  1.47
23.4601  1.39
23.4701  1.46
23.4801  1.6
23.4901  1.5
23.5001  1.62
23.5101  1.55
23.5201  1.64
23.5301  1.43
23.5401  1.33
23.5501  1.37
23.5601  1.65
23.5701  1.61
23.5801  1.63
23.5901  1.43
23.6001  1.6
23.6101  1.46
23.6201  1.67
23.6301  1.46
23.6401  1.29
23.6501  1.73
23.6601  1.5
23.6701  1.43
23.6801  1.5
23.6901  1.42
23.7001  1.32
23.7101  1.44
23.7201  1.61
23.7301  1.64
23.7401  1.54
23.7501  1.34
23.7601  1.34
23.7701  1.62
23.7801  1.5
23.7901  1.53
23.8001  1.51
23.8101  1.52
23.8201  1.65
23.8301  1.59
23.8401  1.76
23.8501  1.4
23.8601  1.57
23.8701  1.67
23.8801  1.56
23.8901  1.58
23.9001  1.5
23.9101  1.35
23.9201  1.51
23.9301  1.7
23.9401  1.66
23.9501  1.56
23.9601  1.68
23.9701  1.42
23.9801  1.58
23.9901  1.54
24.0001  1.41
24.0101  1.7
24.0201  1.65
24.0301  1.55
24.0401  1.72
24.0501  1.6
24.0601  1.45
24.0701  1.48
24.0801  1.88
24.0901  1.44
24.1001  1.52
24.1101  1.7
24.1201  1.44
24.1301  1.59
24.1401  1.62
24.1501  1.55
24.1601  1.34
24.1701  1.51
24.1801  1.59
24.1901  1.6
24.2001  1.52
24.2101  1.42
24.2201  1.6
24.2301  1.5
24.2401  1.59
24.2501  1.76
24.2601  1.69
24.2701  1.87
24.2801  1.77
24.2901  1.58
24.3001  1.53
24.3101  1.5
24.3201  1.74
24.3301  1.56
24.3401  1.52
24.3501  1.46
24.3601  1.4
24.3701  1.51
24.3801  1.46
24.3901  1.43
24.4001  1.43
24.4101  1.66
24.4201  1.39
24.4301  1.47
24.4401  1.64
24.4501  1.53
24.4601  1.44
24.4701  1.53
24.4801  1.67
24.4901  1.67
24.5001  1.38
24.5101  1.61
24.5201  1.26
24.5301  1.42
24.5401  1.56
24.5501  1.56
24.5601  1.49
24.5701  1.51
24.5801  1.48
24.5901  1.46
24.6001  1.55
24.6101  1.36
24.6201  1.48
24.6301  1.55
24.6401  1.63
24.6501  1.3
24.6601  1.45
24.6701  1.5
24.6801  1.44
24.6901  1.59
24.7001  1.21
24.7101  1.47
24.7201  1.39
24.7301  1.45
24.7401  1.65
24.7501  1.45
24.7601  1.5
24.7701  1.68
24.7801  1.48
24.7901  1.22
24.8001  1.31
24.8101  1.22
24.8201  1.62
24.8301  1.58
24.8401  1.36
24.8501  1.34
24.8601  1.71
24.8701  1.36
24.8801  1.22
24.8901  1.36
24.9001  1.37
24.9101  1.39
24.9201  1.23
24.9301  1.55
24.9401  1.46
24.9501  1.51
24.9601  1.48
24.9701  1.44
24.9801  1.48
24.9901  1.47
25.0001  1.55
25.0101  1.51
25.0201  1.62
25.0301  1.63
25.0401  1.6
25.0501  1.43
25.0601  1.51
25.0701  1.63
25.0801  1.64
25.0901  1.49
25.1001  1.55
25.1101  1.4
25.1201  1.6
25.1301  1.38
25.1401  1.33
25.1501  1.61
25.1601  1.63
25.1701  1.58
25.1801  1.4
25.1901  1.55
25.2001  1.47
25.2101  1.57
25.2201  1.66
25.2301  1.65
25.2401  1.36
25.2501  1.69
25.2601  1.38
25.2701  1.62
25.2801  1.61
25.2901  1.56
25.3001  1.54
25.3101  1.49
25.3201  1.61
25.3301  1.79
25.3401  1.78
25.3501  1.48
25.3601  1.68
25.3701  1.38
25.3801  1.66
25.3901  1.61
25.4001  1.6
25.4101  1.69
25.4201  1.7
25.4301  1.62
25.4401  1.49
25.4501  1.69
25.4601  1.55
25.4701  1.71
25.4801  1.26
25.4901  1.67
25.5001  1.46
25.5101  1.61
25.5201  1.5
25.5301  1.57
25.5401  1.64
25.5501  1.47
25.5601  1.52
25.5701  1.61
25.5801  1.73
25.5901  1.72
25.6001  1.38
25.6101  1.97
25.6201  1.56
25.6301  1.62
25.6401  1.54
25.6501  1.65
25.6601  1.53
25.6701  1.59
25.6801  1.57
25.6901  1.66
25.7001  1.6
25.7101  1.65
25.7201  1.47
25.7301  1.54
25.7401  1.52
25.7501  1.75
25.7601  1.48
25.7701  1.7
25.7801  1.53
25.7901  1.47
25.8001  1.31
25.8101  1.69
25.8201  1.46
25.8301  1.5
25.8401  1.5
25.8501  1.62
25.8601  1.83
25.8701  1.47
25.8801  1.82
25.8901  1.37
25.9001  1.82
25.9101  1.56
25.9201  1.48
25.9301  1.49
25.9401  1.3
25.9501  1.24
25.9601  1.59
25.9701  1.56
25.9801  1.58
25.9901  1.47
26.0001  1.52
26.0101  1.5
26.0201  1.64
26.0301  1.43
26.0401  1.54
26.0501  1.41
26.0601  1.62
26.0701  1.3
26.0801  1.57
26.0901  1.85
26.1001  1.37
26.1101  1.46
26.1201  1.49
26.1301  1.33
26.1401  1.26
26.1501  1.33
26.1601  1.47
26.1701  1.6
26.1801  1.33
26.1901  1.47
26.2001  1.43
26.2101  1.71
26.2201  1.61
26.2301  1.47
26.2401  1.55
26.2501  1.5
26.2601  1.51
26.2701  1.73
26.2801  1.51
26.2901  1.4
26.3001  1.64
26.3101  1.53
26.3201  1.29
26.3301  1.58
26.3401  1.59
26.3501  1.42
26.3601  1.43
26.3701  1.6
26.3801  1.48
26.3901  1.51
26.4001  1.45
26.4101  1.7
26.4201  1.64
26.4301  1.37
26.4401  1.39
26.4501  1.4
26.4601  1.53
26.4701  1.64
26.4801  1.51
26.4901  1.45
26.5001  1.56
26.5101  1.45
26.5201  1.46
26.5301  1.6
26.5401  1.64
26.5501  1.44
26.5601  1.61
26.5701  1.71
26.5801  1.64
26.5901  1.48
26.6001  1.44
26.6101  1.49
26.6201  1.54
26.6301  1.69
26.6401  1.32
26.6501  1.67
26.6601  1.66
26.6701  1.43
26.6801  1.69
26.6901  1.42
26.7001  1.65
26.7101  1.48
26.7201  1.8
26.7301  1.55
26.7401  1.59
26.7501  1.42
26.7601  1.5
26.7701  1.48
26.7801  1.44
26.7901  1.45
26.8001  1.46
26.8101  1.63
26.8201  1.5
26.8301  1.59
26.8401  1.39
26.8501  1.69
26.8601  1.55
26.8701  1.55
26.8801  1.46
26.8901  1.6
26.9001  1.64
26.9101  1.4
26.9201  1.56
26.9301  1.69
26.9401  1.58
26.9501  1.58
26.9601  1.45
26.9701  1.62
26.9801  1.53
26.9901  1.2
27.0001  1.53
27.0101  1.55
27.0201  1.61
27.0301  1.48
27.0401  1.4
27.0501  1.38
27.0601  1.38
27.0701  1.65
27.0801  1.53
27.0901  1.55
27.1001  1.43
27.1101  1.66
27.1201  1.65
27.1301  1.65
27.1401  1.59
27.1501  1.33
27.1601  1.7
27.1701  1.41
27.1801  1.65
27.1901  1.59
27.2001  1.46
27.2101  1.43
27.2201  1.44
27.2301  1.53
27.2401  1.5
27.2501  1.45
27.2601  1.62
27.2701  1.49
27.2801  1.41
27.2901  1.43
27.3001  1.43
27.3101  1.4
27.3201  1.57
27.3301  1.54
27.3401  1.44
27.3501  1.48
27.3601  1.65
27.3701  1.73
27.3801  1.61
27.3901  1.31
27.4001  1.55
27.4101  1.58
27.4201  1.5
27.4301  1.43
27.4401  1.75
27.4501  1.48
27.4601  1.58
27.4701  1.4
27.4801  1.61
27.4901  1.32
27.5001  1.77
27.5101  1.77
27.5201  1.48
27.5301  1.54
27.5401  1.43
27.5501  1.58
27.5601  1.19
27.5701  1.7
27.5801  1.53
27.5901  1.29
27.6001  1.62
27.6101  1.47
27.6201  1.5
27.6301  1.59
27.6401  1.64
27.6501  1.6
27.6601  1.57
27.6701  1.33
27.6801  1.45
27.6901  1.73
27.7001  1.73
27.7101  1.5
27.7201  1.57
27.7301  1.36
27.7401  1.44
27.7501  1.72
27.7601  1.43
27.7701  1.49
27.7801  1.45
27.7901  1.58
27.8001  1.72
27.8101  1.47
27.8201  1.66
27.8301  1.46
27.8401  1.35
27.8501  1.27
27.8601  1.4
27.8701  1.47
27.8801  1.61
27.8901  1.64
27.9001  1.37
27.9101  1.6
27.9201  1.6
27.9301  1.42
27.9401  1.71
27.9501  1.26
27.9601  1.46
27.9701  1.75
27.9801  1.53
27.9901  1.49
28.0001  1.63
28.0101  1.51
28.0201  1.39
28.0301  1.67
28.0401  1.47
28.0501  1.62
28.0601  1.42
28.0701  1.61
28.0801  1.56
28.0901  1.63
28.1001  1.52
28.1101  1.66
28.1201  1.42
28.1301  1.56
28.1401  1.48
28.1501  1.12
28.1601  1.72
28.1701  1.62
28.1801  1.47
28.1901  1.55
28.2001  1.45
28.2101  1.58
28.2201  1.82
28.2301  1.61
28.2401  1.68
28.2501  1.44
28.2601  1.53
28.2701  1.45
28.2801  1.58
28.2901  1.36
28.3001  1.65
28.3101  1.68
28.3201  1.42
28.3301  1.26
28.3401  1.3
28.3501  1.54
28.3601  1.79
28.3701  1.48
28.3801  1.44
28.3901  1.37
28.4001  1.53
28.4101  1.69
28.4201  1.35
28.4301  1.5
28.4401  1.53
28.4501  1.32
28.4601  1.51
28.4701  1.73
28.4801  1.34
28.4901  1.48
28.5001  1.4
28.5101  1.45
28.5201  1.64
28.5301  1.73
28.5401  1.69
28.5501  1.38
28.5601  1.5
28.5701  1.43
28.5801  1.67
28.5901  1.52
28.6001  1.58
28.6101  1.37
28.6201  1.42
28.6301  1.3
28.6401  1.53
28.6501  1.39
28.6601  1.49
28.6701  1.72
28.6801  1.55
28.6901  1.48
28.7001  1.59
28.7101  1.49
28.7201  1.38
28.7301  1.4
28.7401  1.72
28.7501  1.54
28.7601  1.51
28.7701  1.59
28.7801  1.52
28.7901  1.44
28.8001  1.37
28.8101  1.81
28.8201  1.43
28.8301  1.5
28.8401  1.73
28.8501  1.36
28.8601  1.64
28.8701  1.36
28.8801  1.36
28.8901  1.55
28.9001  1.64
28.9101  1.39
28.9201  1.23
28.9301  1.62
28.9401  1.56
28.9501  1.63
28.9601  1.42
28.9701  1.35
28.9801  1.56
28.9901  1.38
29.0001  1.45
29.0101  1.59
29.0201  1.47
29.0301  1.52
29.0401  1.46
29.0501  1.77
29.0601  1.44
29.0701  1.5
29.0801  1.7
29.0901  1.57
29.1001  1.65
29.1101  1.42
29.1201  1.47
29.1301  1.46
29.1401  1.47
29.1501  1.48
29.1601  1.44
29.1701  1.55
29.1801  1.52
29.1901  1.66
29.2001  1.23
29.2101  1.57
29.2201  1.57
29.2301  1.51
29.2401  1.51
29.2501  1.4
29.2601  1.75
29.2701  1.57
29.2801  1.6
29.2901  1.59
29.3001  1.73
29.3101  1.68
29.3201  1.5
29.3301  1.54
29.3401  1.51
29.3501  1.66
29.3601  1.43
29.3701  1.49
29.3801  1.55
29.3901  1.59
29.4001  1.68
29.4101  1.45
29.4201  1.43
29.4301  1.7
29.4401  1.56
29.4501  1.61
29.4601  1.66
29.4701  1.54
29.4801  1.39
29.4901  1.82
29.5001  1.68
29.5101  1.74
29.5201  1.34
29.5301  1.42
29.5401  1.49
29.5501  1.7
29.5601  1.58
29.5701  1.52
29.5801  1.64
29.5901  1.64
29.6001  1.59
29.6101  1.76
29.6201  1.48
29.6301  1.38
29.6401  1.56
29.6501  1.62
29.6601  1.49
29.6701  1.46
29.6801  1.49
29.6901  1.7
29.7001  1.65
29.7101  1.56
29.7201  1.75
29.7301  1.51
29.7401  1.55
29.7501  1.48
29.7601  1.73
29.7701  1.4
29.7801  1.31
29.7901  1.47
29.8001  1.63
29.8101  1.58
29.8201  1.63
29.8301  1.37
29.8401  1.69
29.8501  1.57
29.8601  1.85
29.8701  1.48
29.8801  1.58
29.8901  1.48
29.9001  1.43
29.9101  1.34
29.9201  1.37
29.9301  1.65
29.9401  1.95
29.9501  1.5
29.9601  1.4
29.9701  1.64
29.9801  1.42
29.9901  1.56
30.0001  1.56
30.0101  1.56
30.0201  1.58
30.0301  1.32
30.0401  1.34
30.0501  1.62
30.0601  1.73
30.0701  1.43
30.0801  1.51
30.0901  1.64
30.1001  1.56
30.1101  1.45
30.1201  1.39
30.1301  1.62
30.1401  1.49
30.1501  1.67
30.1601  1.22
30.1701  1.4
30.1801  1.5
30.1901  1.69
30.2001  1.71
30.2101  1.41
30.2201  1.4
30.2301  1.42
30.2401  1.56
30.2501  1.69
30.2601  1.7
30.2701  1.64
30.2801  1.52
30.2901  1.62
30.3001  1.43
30.3101  1.55
30.3201  1.38
30.3301  1.42
30.3401  1.38
30.3501  1.41
30.3601  1.52
30.3701  1.87
30.3801  1.6
30.3901  1.32
30.4001  1.51
30.4101  1.3
30.4201  1.6
30.4301  1.57
30.4401  1.51
30.4501  1.71
30.4601  1.37
30.4701  1.31
30.4801  1.59
30.4901  1.51
30.5001  1.55
30.5101  1.46
30.5201  1.76
30.5301  1.66
30.5401  1.39
30.5501  1.67
30.5601  1.6
30.5701  1.45
30.5801  1.63
30.5901  1.36
30.6001  1.41
30.6101  1.67
30.6201  1.46
30.6301  1.41
30.6401  1.54
30.6501  1.61
30.6601  1.48
30.6701  1.43
30.6801  1.7
30.6901  1.69
30.7001  1.47
30.7101  1.44
30.7201  1.59
30.7301  1.56
30.7401  1.59
30.7501  1.5
30.7601  1.45
30.7701  1.46
30.7801  1.76
30.7901  1.46
30.8001  1.54
30.8101  1.74
30.8201  1.45
30.8301  1.7
30.8401  1.35
30.8501  1.45
30.8601  1.65
30.8701  1.6
30.8801  1.45
30.8901  1.58
30.9001  1.6
30.9101  1.57
30.9201  1.49
30.9301  1.68
30.9401  1.57
30.9501  1.65
30.9601  1.9
30.9701  1.44
30.9801  1.43
30.9901  1.45
31.0001  1.55
31.0101  1.61
31.0201  1.63
31.0301  1.6
31.0401  1.63
31.0501  1.58
31.0601  1.36
31.0701  1.45
31.0801  1.7
31.0901  1.63
31.1001  1.65
31.1101  1.46
31.1201  1.62
31.1301  1.36
31.1401  1.42
31.1501  1.5
31.1601  1.72
31.1701  1.55
31.1801  1.45
31.1901  1.46
31.2001  1.52
31.2101  1.51
31.2201  1.32
31.2301  1.45
31.2401  1.62
31.2501  1.58
31.2601  1.71
31.2701  1.65
31.2801  1.58
31.2901  1.46
31.3001  1.66
31.3101  1.54
31.3201  1.63
31.3301  1.54
31.3401  1.52
31.3501  1.58
31.3601  1.37
31.3701  1.31
31.3801  1.62
31.3901  1.71
31.4001  1.59
31.4101  1.42
31.4201  1.61
31.4301  1.36
31.4401  1.63
31.4501  1.46
31.4601  1.63
31.4701  1.66
31.4801  1.42
31.4901  1.6
31.5001  1.31
31.5101  1.56
31.5201  1.38
31.5301  1.49
31.5401  1.62
31.5501  1.55
31.5601  1.48
31.5701  1.63
31.5801  1.41
31.5901  1.63
31.6001  1.58
31.6101  1.58
31.6201  1.46
31.6301  1.44
31.6401  1.5
31.6501  1.57
31.6601  1.74
31.6701  1.35
31.6801  1.71
31.6901  1.24
31.7001  1.7
31.7101  1.72
31.7201  1.57
31.7301  1.35
31.7401  1.59
31.7501  1.43
31.7601  1.46
31.7701  1.61
31.7801  1.2
31.7901  1.44
31.8001  1.42
31.8101  1.5
31.8201  1.52
31.8301  1.79
31.8401  1.51
31.8501  1.68
31.8601  1.65
31.8701  1.73
31.8801  1.6
31.8901  1.63
31.9001  1.58
31.9101  1.66
31.9201  1.51
31.9301  1.48
31.9401  1.57
31.9501  1.51
31.9601  1.3
31.9701  1.82
31.9801  1.57
31.9901  1.79
32.0001  1.57
32.0101  1.47
32.0201  1.4
32.0301  1.47
32.0401  1.63
32.0501  1.47
32.0601  1.36
32.0701  1.37
32.0801  1.57
32.0901  1.71
32.1001  1.76
32.1101  1.66
32.1201  1.57
32.1301  1.78
32.1401  1.7
32.1501  1.39
32.1601  1.64
32.1701  1.6
32.1801  1.53
32.1901  1.57
32.2001  1.71
32.2101  1.35
32.2201  1.59
32.2301  1.55
32.2401  1.58
32.2501  1.73
32.2601  1.42
32.2701  1.48
32.2801  1.41
32.2901  1.33
32.3001  1.53
32.3101  1.26
32.3201  1.62
32.3301  1.6
32.3401  1.63
32.3501  1.74
32.3601  1.36
32.3701  1.57
32.3801  1.26
32.3901  1.34
32.4001  1.66
32.4101  1.55
32.4201  1.5
32.4301  1.74
32.4401  1.52
32.4501  1.38
32.4601  1.54
32.4701  1.52
32.4801  1.45
32.4901  1.59
32.5001  1.46
32.5101  1.48
32.5201  1.82
32.5301  1.45
32.5401  1.46
32.5501  1.46
32.5601  1.51
32.5701  1.65
32.5801  1.57
32.5901  1.41
32.6001  1.55
32.6101  1.39
32.6201  1.38
32.6301  1.55
32.6401  1.56
32.6501  1.37
32.6601  1.37
32.6701  1.66
32.6801  1.4
32.6901  1.55
32.7001  1.58
32.7101  1.65
32.7201  1.41
32.7301  1.43
32.7401  1.69
32.7501  1.52
32.7601  1.62
32.7701  1.57
32.7801  1.45
32.7901  1.87
32.8001  1.42
32.8101  1.55
32.8201  1.74
32.8301  1.42
32.8401  1.45
32.8501  1.45
32.8601  1.57
32.8701  1.48
32.8801  1.33
32.8901  1.76
32.9001  1.53
32.9101  1.46
32.9201  1.65
32.9301  1.5
32.9401  1.76
32.9501  1.61
32.9601  1.56
32.9701  1.74
32.9801  1.42
32.9901  1.59
33.0001  1.49
33.0101  1.26
33.0201  1.52
33.0301  1.54
33.0401  1.54
33.0501  1.71
33.0601  1.63
33.0701  1.51
33.0801  1.55
33.0901  1.61
33.1001  1.77
33.1101  1.53
33.1201  1.61
33.1301  1.55
33.1401  1.54
33.1501  1.66
33.1601  1.63
33.1701  1.46
33.1801  1.44
33.1901  1.33
33.2001  1.63
33.2101  1.79
33.2201  1.45
33.2301  1.64
33.2401  1.6
33.2501  1.68
33.2601  1.61
33.2701  1.73
33.2801  1.61
33.2901  1.57
33.3001  1.52
33.3101  1.58
33.3201  1.51
33.3301  1.66
33.3401  1.35
33.3501  1.34
33.3601  1.61
33.3701  1.75
33.3801  1.48
33.3901  1.72
33.4001  1.55
33.4101  1.58
33.4201  1.71
33.4301  1.56
33.4401  1.53
33.4501  1.45
33.4601  1.49
33.4701  1.61
33.4801  1.6
33.4901  1.63
33.5001  1.39
33.5101  1.61
33.5201  1.42
33.5301  1.36
33.5401  1.59
33.5501  1.83
33.5601  1.49
33.5701  1.67
33.5801  1.71
33.5901  1.79
33.6001  1.38
33.6101  1.32
33.6201  1.36
33.6301  1.39
33.6401  1.64
33.6501  1.59
33.6601  1.53
33.6701  1.7
33.6801  1.54
33.6901  1.6
33.7001  1.46
33.7101  1.66
33.7201  1.62
33.7301  1.41
33.7401  1.6
33.7501  1.64
33.7601  1.42
33.7701  1.59
33.7801  1.5
33.7901  1.64
33.8001  1.43
33.8101  1.13
33.8201  1.67
33.8301  1.49
33.8401  1.36
33.8501  1.45
33.8601  1.61
33.8701  1.47
33.8801  1.58
33.8901  1.71
33.9001  1.46
33.9101  1.52
33.9201  1.23
33.9301  1.37
33.9401  1.5
33.9501  1.45
33.9601  1.76
33.9701  1.54
33.9801  1.52
33.9901  1.67
34.0001  1.52
34.0101  1.44
34.0201  1.57
34.0301  1.63
34.0401  1.4
34.0501  1.58
34.0601  1.5
34.0701  1.47
34.0801  1.56
34.0901  1.53
34.1001  1.57
34.1101  1.42
34.1201  1.45
34.1301  1.41
34.1401  1.38
34.1501  1.52
34.1601  1.86
34.1701  1.45
34.1801  1.38
34.1901  1.56
34.2001  1.47
34.2101  1.33
34.2201  1.52
34.2301  1.57
34.2401  1.52
34.2501  1.68
34.2601  1.73
34.2701  1.55
34.2801  1.42
34.2901  1.75
34.3001  1.66
34.3101  1.28
34.3201  1.57
34.3301  1.53
34.3401  1.57
34.3501  1.4
34.3601  1.67
34.3701  1.57
34.3801  1.36
34.3901  1.64
34.4001  1.69
34.4101  1.43
34.4201  1.58
34.4301  1.28
34.4401  1.55
34.4501  1.44
34.4601  1.58
34.4701  1.62
34.4801  1.39
34.4901  1.6
34.5  1.75
34.51  1.85
34.52  1.34
34.53  1.7
34.54  1.45
34.55  1.58
34.56  1.61
34.57  1.47
34.58  1.48
34.59  1.45
34.6  1.5
34.61  1.53
34.62  1.69
34.63  1.47
34.64  1.5
34.65  1.74
34.66  1.59
34.67  1.59
34.68  1.42
34.69  1.51
34.7  1.71
34.71  1.62
34.72  1.63
34.73  1.28
34.74  1.73
34.75  1.63
34.76  1.7
34.77  1.46
34.78  1.71
34.79  1.84
34.8  1.45
34.81  1.42
34.82  1.49
34.83  1.59
34.84  1.45
34.85  1.55
34.86  1.61
34.87  1.41
34.88  1.55
34.89  1.51
34.9  1.68
34.91  1.5
34.92  1.53
34.93  1.53
34.94  1.42
34.95  1.44
34.96  1.47
34.97  1.35
34.98  1.55
34.99  1.49
