-15  0
-14.99  0
-14.98  0.01
-14.97  0.01
-14.96  0.01
-14.95  0.01
-14.94  0.02
-14.93  0.02
-14.92  0.03
-14.91  0.03
-14.9  0.02
-14.89  0.05
-14.88  0.03
-14.87  0.04
-14.86  0.06
-14.85  0.04
-14.84  0.06
-14.83  0.05
-14.82  0.07
-14.81  0.07
-14.8  0.08
-14.79  0.07
-14.78  0.08
-14.77  0.08
-14.76  0.11
-14.75  0.09
-14.74  0.11
-14.73  0.12
-14.72  0.12
-14.71  0.12
-14.7  0.13
-14.69  0.16
-14.68  0.13
-14.67  0.17
-14.66  0.18
-14.65  0.19
-14.64  0.19
-14.63  0.21
-14.62  0.21
-14.61  0.25
-14.6  0.25
-14.59  0.27
-14.58  0.28
-14.57  0.35
-14.56  0.33
-14.55  0.36
-14.54  0.39
-14.53  0.43
-14.52  0.48
-14.51  0.5
-14.5  0.56
-14.49  0.64
-14.48  0.66
-14.47  0.77
-14.46  0.85
-14.45  0.95
-14.44  1.06
-14.43  1.18
-14.42  1.37
-14.41  1.57
-14.4  1.78
-14.39  2.09
-14.38  2.39
-14.37  2.73
-14.36  3.17
-14.35  3.61
-14.34  4.03
-14.33  4.37
-14.32  4.62
-14.31  4.66
-14.3  4.53
-14.29  4.22
-14.28  3.84
-14.27  3.38
-14.26  2.99
-14.25  2.58
-14.24  2.22
-14.23  1.94
-14.22  1.69
-14.21  1.48
-14.2  1.31
-14.19  1.15
-14.18  1.03
-14.17  0.95
-14.16  0.81
-14.15  0.76
-14.14  0.68
-14.13  0.63
-14.12  0.58
-14.11  0.53
-14.1  0.48
-14.09  0.48
-14.08  0.43
-14.07  0.41
-14.06  0.4
-14.05  0.36
-14.04  0.33
-14.03  0.32
-14.02  0.3
-14.01  0.31
-14  0.29
-13.99  0.29
-13.98  0.26
-13.97  0.24
-13.96  0.24
-13.95  0.26
-13.94  0.23
-13.93  0.25
-13.92  0.2
-13.91  0.21
-13.9  0.22
-13.89  0.21
-13.88  0.2
-13.87  0.21
-13.86  0.19
-13.85  0.2
-13.84  0.19
-13.83  0.21
-13.82  0.21
-13.81  0.19
-13.8  0.18
-13.79  0.19
-13.78  0.18
-13.77  0.19
-13.76  0.22
-13.75  0.17
-13.74  0.18
-13.73  0.19
-13.72  0.2
-13.71  0.19
-13.7  0.2
-13.69  0.22
-13.68  0.18
-13.67  0.2
-13.66  0.21
-13.65  0.19
-13.64  0.19
-13.63  0.2
-13.62  0.22
-13.61  0.22
-13.6  0.23
-13.59  0.2
-13.58  0.22
-13.57  0.23
-13.56  0.23
-13.55  0.21
-13.54  0.24
-13.53  0.25
-13.52  0.25
-13.51  0.24
-13.5  0.28
-13.49  0.27
-13.48  0.23
-13.47  0.28
-13.46  0.27
-13.45  0.33
-13.44  0.27
-13.43  0.32
-13.42  0.29
-13.41  0.33
-13.4  0.31
-13.39  0.33
-13.38  0.35
-13.37  0.36
-13.36  0.37
-13.35  0.36
-13.34  0.39
-13.33  0.4
-13.32  0.4
-13.31  0.46
-13.3  0.46
-13.29  0.43
-13.28  0.47
-13.27  0.49
-13.26  0.53
-13.25  0.54
-13.24  0.53
-13.23  0.56
-13.22  0.6
-13.21  0.63
-13.2  0.65
-13.19  0.69
-13.18  0.69
-13.17  0.77
-13.16  0.75
-13.15  0.8
-13.14  0.84
-13.13  0.87
-13.12  0.94
-13.11  0.93
-13.1  1
-13.09  1.03
-13.08  1.13
-13.07  1.13
-13.06  1.17
-13.05  1.27
-13.04  1.28
-13.03  1.34
-13.02  1.41
-13.01  1.4
-13  1.49
-12.99  1.52
-12.98  1.56
-12.97  1.57
-12.96  1.62
-12.95  1.62
-12.94  1.66
-12.93  1.64
-12.92  1.68
-12.91  1.61
-12.9  1.66
-12.89  1.6
-12.88  1.58
-12.87  1.53
-12.86  1.5
-12.85  1.47
-12.84  1.42
-12.83  1.38
-12.82  1.34
-12.81  1.3
-12.8  1.21
-12.79  1.17
-12.78  1.14
-12.77  1.11
-12.76  1.05
-12.75  1
-12.74  0.98
-12.73  0.97
-12.72  0.9
-12.71  0.84
-12.7  0.83
-12.69  0.79
-12.68  0.77
-12.67  0.74
-12.66  0.7
-12.65  0.67
-12.64  0.66
-12.63  0.67
-12.62  0.62
-12.61  0.6
-12.6  0.61
-12.59  0.57
-12.58  0.54
-12.57  0.55
-12.56  0.53
-12.55  0.51
-12.54  0.49
-12.53  0.49
-12.52  0.47
-12.51  0.48
-12.5  0.47
-12.49  0.46
-12.48  0.41
-12.47  0.47
-12.46  0.4
-12.45  0.44
-12.44  0.42
-12.43  0.44
-12.42  0.42
-12.41  0.41
-12.4  0.38
-12.39  0.41
-12.38  0.39
-12.37  0.39
-12.36  0.36
-12.35  0.41
-12.34  0.41
-12.33  0.38
-12.32  0.38
-12.31  0.38
-12.3  0.38
-12.29  0.37
-12.28  0.38
-12.27  0.41
-12.26  0.38
-12.25  0.39
-12.24  0.4
-12.23  0.37
-12.22  0.41
-12.21  0.4
-12.2  0.35
-12.19  0.41
-12.18  0.39
-12.17  0.42
-12.16  0.41
-12.15  0.4
-12.14  0.42
-12.13  0.42
-12.12  0.42
-12.11  0.44
-12.1  0.43
-12.09  0.45
-12.08  0.45
-12.07  0.43
-12.06  0.45
-12.05  0.48
-12.04  0.45
-12.03  0.49
-12.02  0.47
-12.01  0.5
-12  0.5
-11.99  0.5
-11.98  0.52
-11.97  0.52
-11.96  0.56
-11.95  0.55
-11.94  0.61
-11.93  0.56
-11.92  0.59
-11.91  0.58
-11.9  0.59
-11.89  0.59
-11.88  0.64
-11.87  0.66
-11.86  0.67
-11.85  0.66
-11.84  0.71
-11.83  0.71
-11.82  0.72
-11.81  0.74
-11.8  0.76
-11.79  0.79
-11.78  0.8
-11.77  0.79
-11.76  0.82
-11.75  0.85
-11.74  0.84
-11.73  0.86
-11.72  0.92
-11.71  0.93
-11.7  0.91
-11.69  0.96
-11.68  0.97
-11.67  0.99
-11.66  0.99
-11.65  1.01
-11.64  1.02
-11.63  1.06
-11.62  1.02
-11.61  1.08
-11.6  1.08
-11.59  1.07
-11.58  1.12
-11.57  1.08
-11.56  1.08
-11.55  1.09
-11.54  1.14
-11.53  1.11
-11.52  1.08
-11.51  1.07
-11.5  1.09
-11.49  1.08
-11.48  1.06
-11.47  1.09
-11.46  1.1
-11.45  1.04
-11.44  1
-11.43  1.02
-11.42  1.04
-11.41  0.97
-11.4  0.99
-11.39  0.95
-11.38  0.96
-11.37  0.95
-11.36  0.89
-11.35  0.88
-11.34  0.9
-11.33  0.86
-11.32  0.85
-11.31  0.82
-11.3  0.81
-11.29  0.79
-11.28  0.82
-11.27  0.81
-11.26  0.75
-11.25  0.77
-11.24  0.71
-11.23  0.71
-11.22  0.7
-11.21  0.7
-11.2  0.69
-11.19  0.66
-11.18  0.67
-11.17  0.65
-11.16  0.64
-11.15  0.64
-11.14  0.61
-11.13  0.62
-11.12  0.61
-11.11  0.62
-11.1  0.58
-11.09  0.58
-11.08  0.57
-11.07  0.6
-11.06  0.58
-11.05  0.55
-11.04  0.56
-11.03  0.53
-11.02  0.56
-11.01  0.53
-11  0.5
-10.99  0.58
-10.98  0.51
-10.97  0.55
-10.96  0.52
-10.95  0.51
-10.94  0.54
-10.93  0.54
-10.92  0.5
-10.91  0.51
-10.9  0.54
-10.89  0.52
-10.88  0.52
-10.87  0.48
-10.86  0.51
-10.85  0.55
-10.84  0.52
-10.83  0.5
-10.82  0.54
-10.81  0.52
-10.8  0.5
-10.79  0.53
-10.78  0.54
-10.77  0.52
-10.76  0.51
-10.75  0.54
-10.74  0.53
-10.73  0.54
-10.72  0.55
-10.71  0.56
-10.7  0.56
-10.69  0.55
-10.68  0.63
-10.67  0.56
-10.66  0.53
-10.65  0.56
-10.64  0.57
-10.63  0.55
-10.62  0.59
-10.61  0.62
-10.6  0.62
-10.59  0.62
-10.58  0.61
-10.57  0.61
-10.56  0.63
-10.55  0.66
-10.54  0.65
-10.53  0.63
-10.52  0.66
-10.51  0.64
-10.5  0.71
-10.49  0.69
-10.48  0.69
-10.47  0.68
-10.46  0.69
-10.45  0.76
-10.44  0.7
-10.43  0.71
-10.42  0.73
-10.41  0.78
-10.4  0.76
-10.39  0.76
-10.38  0.8
-10.37  0.78
-10.36  0.77
-10.35  0.8
-10.34  0.83
-10.33  0.85
-10.32  0.8
-10.31  0.85
-10.3  0.82
-10.29  0.83
-10.28  0.82
-10.27  0.91
-10.26  0.85
-10.25  0.85
-10.24  0.88
-10.23  0.9
-10.22  0.93
-10.21  0.84
-10.2  0.9
-10.19  0.89
-10.18  0.89
-10.17  0.91
-10.16  0.88
-10.15  0.92
-10.14  0.84
-10.13  0.94
-10.12  0.91
-10.11  0.88
-10.1  0.92
-10.09  0.91
-10.08  0.86
-10.07  0.87
-10.06  0.86
-10.05  0.92
-10.04  0.85
-10.03  0.85
-10.02  0.87
-10.01  0.83
-10  0.84
-9.99  0.87
-9.98  0.83
-9.97  0.82
-9.96  0.83
-9.95  0.81
-9.94  0.82
-9.93  0.82
-9.92  0.79
-9.91  0.77
-9.9  0.77
-9.89  0.81
-9.88  0.74
-9.87  0.73
-9.86  0.78
-9.85  0.74
-9.84  0.74
-9.83  0.74
-9.82  0.69
-9.81  0.7
-9.8  0.7
-9.79  0.71
-9.78  0.69
-9.77  0.7
-9.76  0.72
-9.75  0.71
-9.74  0.63
-9.73  0.7
-9.72  0.63
-9.71  0.69
-9.7  0.65
-9.69  0.62
-9.68  0.63
-9.67  0.65
-9.66  0.6
-9.65  0.63
-9.64  0.66
-9.63  0.65
-9.62  0.6
-9.61  0.64
-9.6  0.62
-9.59  0.63
-9.58  0.6
-9.57  0.61
-9.56  0.62
-9.55  0.61
-9.54  0.58
-9.53  0.61
-9.52  0.59
-9.51  0.6
-9.5  0.62
-9.49  0.59
-9.48  0.62
-9.47  0.61
-9.46  0.6
-9.45  0.58
-9.44  0.63
-9.43  0.56
-9.42  0.58
-9.41  0.64
-9.4  0.6
-9.39  0.6
-9.38  0.58
-9.37  0.61
-9.36  0.63
-9.35  0.64
-9.34  0.63
-9.33  0.58
-9.32  0.65
-9.31  0.6
-9.3  0.64
-9.29  0.62
-9.28  0.62
-9.27  0.63
-9.26  0.61
-9.25  0.6
-9.24  0.71
-9.23  0.65
-9.22  0.64
-9.21  0.66
-9.2  0.62
-9.19  0.66
-9.18  0.66
-9.17  0.66
-9.16  0.68
-9.15  0.7
-9.14  0.68
-9.13  0.72
-9.12  0.65
-9.11  0.68
-9.1  0.74
-9.09  0.7
-9.08  0.68
-9.07  0.73
-9.06  0.72
-9.05  0.71
-9.04  0.74
-9.03  0.71
-9.02  0.73
-9.01  0.72
-9  0.76
-8.99  0.75
-8.98  0.76
-8.97  0.78
-8.96  0.75
-8.95  0.77
-8.94  0.77
-8.93  0.75
-8.92  0.83
-8.91  0.76
-8.9  0.78
-8.89  0.78
-8.88  0.77
-8.87  0.79
-8.86  0.77
-8.85  0.81
-8.84  0.8
-8.83  0.81
-8.82  0.81
-8.81  0.8
-8.8  0.8
-8.79  0.8
-8.78  0.8
-8.77  0.79
-8.76  0.84
-8.75  0.78
-8.74  0.84
-8.73  0.78
-8.72  0.81
-8.71  0.82
-8.7  0.84
-8.69  0.77
-8.68  0.82
-8.67  0.79
-8.66  0.8
-8.65  0.77
-8.64  0.76
-8.63  0.79
-8.62  0.8
-8.61  0.82
-8.6  0.82
-8.59  0.77
-8.58  0.76
-8.57  0.75
-8.56  0.78
-8.55  0.76
-8.54  0.77
-8.53  0.74
-8.52  0.76
-8.51  0.77
-8.5  0.78
-8.49  0.72
-8.48  0.72
-8.47  0.77
-8.46  0.73
-8.45  0.73
-8.44  0.71
-8.43  0.74
-8.42  0.71
-8.41  0.73
-8.4  0.69
-8.39  0.69
-8.38  0.72
-8.37  0.7
-8.36  0.68
-8.35  0.72
-8.34  0.7
-8.33  0.72
-8.32  0.66
-8.31  0.71
-8.3  0.66
-8.29  0.71
-8.28  0.66
-8.27  0.68
-8.26  0.7
-8.25  0.67
-8.24  0.65
-8.23  0.64
-8.22  0.64
-8.21  0.67
-8.2  0.68
-8.19  0.69
-8.18  0.67
-8.17  0.62
-8.16  0.65
-8.15  0.66
-8.14  0.63
-8.13  0.66
-8.12  0.64
-8.11  0.68
-8.1  0.67
-8.09  0.66
-8.08  0.65
-8.07  0.62
-8.06  0.65
-8.05  0.67
-8.04  0.66
-8.03  0.64
-8.02  0.66
-8.01  0.64
-8  0.67
-7.99  0.65
-7.98  0.64
-7.97  0.62
-7.96  0.67
-7.95  0.66
-7.94  0.67
-7.93  0.66
-7.92  0.64
-7.91  0.66
-7.9  0.67
-7.89  0.73
-7.88  0.62
-7.87  0.67
-7.86  0.67
-7.85  0.68
-7.84  0.7
-7.83  0.64
-7.82  0.69
-7.81  0.67
-7.8  0.67
-7.79  0.71
-7.78  0.66
-7.77  0.72
-7.76  0.66
-7.75  0.72
-7.74  0.69
-7.73  0.73
-7.72  0.68
-7.71  0.69
-7.7  0.7
-7.69  0.74
-7.68  0.74
-7.67  0.68
-7.66  0.72
-7.65  0.71
-7.64  0.72
-7.63  0.76
-7.62  0.69
-7.61  0.71
-7.6  0.77
-7.59  0.75
-7.58  0.73
-7.57  0.76
-7.56  0.72
-7.55  0.73
-7.54  0.71
-7.53  0.75
-7.52  0.77
-7.51  0.69
-7.5  0.78
-7.49  0.75
-7.48  0.77
-7.47  0.77
-7.46  0.76
-7.45  0.76
-7.44  0.74
-7.43  0.76
-7.42  0.74
-7.41  0.8
-7.4  0.79
-7.39  0.73
-7.38  0.75
-7.37  0.79
-7.36  0.74
-7.35  0.79
-7.34  0.74
-7.33  0.74
-7.32  0.78
-7.31  0.75
-7.3  0.73
-7.29  0.76
-7.28  0.76
-7.27  0.77
-7.26  0.76
-7.25  0.77
-7.24  0.72
-7.23  0.77
-7.22  0.82
-7.21  0.74
-7.2  0.7
-7.19  0.77
-7.18  0.71
-7.17  0.8
-7.16  0.71
-7.15  0.76
-7.14  0.73
-7.13  0.73
-7.12  0.74
-7.11  0.71
-7.1  0.71
-7.09  0.78
-7.08  0.71
-7.07  0.77
-7.06  0.67
-7.05  0.77
-7.04  0.7
-7.03  0.71
-7.02  0.75
-7.01  0.69
-7  0.73
-6.99  0.66
-6.98  0.73
-6.97  0.75
-6.96  0.66
-6.95  0.74
-6.94  0.71
-6.93  0.71
-6.92  0.72
-6.91  0.68
-6.9  0.65
-6.89  0.69
-6.88  0.72
-6.87  0.68
-6.86  0.72
-6.85  0.66
-6.84  0.7
-6.83  0.71
-6.82  0.64
-6.81  0.73
-6.8  0.63
-6.79  0.73
-6.78  0.68
-6.77  0.69
-6.76  0.64
-6.75  0.68
-6.74  0.71
-6.73  0.7
-6.72  0.69
-6.71  0.66
-6.7  0.7
-6.69  0.66
-6.68  0.68
-6.67  0.66
-6.66  0.68
-6.65  0.68
-6.64  0.67
-6.63  0.69
-6.62  0.67
-6.61  0.73
-6.6  0.64
-6.59  0.66
-6.58  0.68
-6.57  0.69
-6.56  0.67
-6.55  0.71
-6.54  0.66
-6.53  0.68
-6.52  0.7
-6.51  0.67
-6.5  0.73
-6.49  0.68
-6.48  0.72
-6.47  0.65
-6.46  0.7
-6.45  0.7
-6.44  0.68
-6.43  0.7
-6.42  0.7
-6.41  0.65
-6.4  0.71
-6.39  0.66
-6.38  0.72
-6.37  0.72
-6.36  0.69
-6.35  0.76
-6.34  0.68
-6.33  0.67
-6.32  0.71
-6.31  0.73
-6.3  0.73
-6.29  0.68
-6.28  0.71
-6.27  0.76
-6.26  0.68
-6.25  0.74
-6.24  0.75
-6.23  0.68
-6.22  0.75
-6.21  0.72
-6.2  0.66
-6.19  0.73
-6.18  0.74
-6.17  0.73
-6.16  0.73
-6.15  0.73
-6.14  0.75
-6.13  0.7
-6.12  0.74
-6.11  0.74
-6.1  0.72
-6.09  0.75
-6.08  0.71
-6.07  0.73
-6.06  0.79
-6.05  0.72
-6.04  0.74
-6.03  0.75
-6.02  0.7
-6.01  0.75
-6  0.73
-5.99  0.73
-5.98  0.76
-5.97  0.71
-5.96  0.73
-5.95  0.77
-5.94  0.77
-5.93  0.73
-5.92  0.72
-5.91  0.74
-5.9  0.73
-5.89  0.72
-5.88  0.72
-5.87  0.76
-5.86  0.71
-5.85  0.75
-5.84  0.72
-5.83  0.79
-5.82  0.7
-5.81  0.73
-5.8  0.8
-5.79  0.7
-5.78  0.73
-5.77  0.73
-5.76  0.72
-5.75  0.74
-5.74  0.73
-5.73  0.73
-5.72  0.72
-5.71  0.69
-5.7  0.72
-5.69  0.7
-5.68  0.77
-5.67  0.69
-5.66  0.73
-5.65  0.7
-5.64  0.73
-5.63  0.7
-5.62  0.78
-5.61  0.7
-5.6  0.71
-5.59  0.7
-5.58  0.69
-5.57  0.73
-5.56  0.71
-5.55  0.71
-5.54  0.75
-5.53  0.64
-5.52  0.76
-5.51  0.66
-5.5  0.74
-5.49  0.73
-5.48  0.64
-5.47  0.73
-5.46  0.72
-5.45  0.66
-5.44  0.71
-5.43  0.7
-5.42  0.71
-5.41  0.67
-5.4  0.68
-5.39  0.71
-5.38  0.7
-5.37  0.71
-5.36  0.72
-5.35  0.68
-5.34  0.73
-5.33  0.64
-5.32  0.77
-5.31  0.66
-5.3  0.67
-5.29  0.71
-5.28  0.71
-5.27  0.68
-5.26  0.67
-5.25  0.69
-5.24  0.69
-5.23  0.68
-5.22  0.71
-5.21  0.69
-5.2  0.71
-5.19  0.65
-5.18  0.74
-5.17  0.71
-5.16  0.69
-5.15  0.69
-5.14  0.74
-5.13  0.65
-5.12  0.7
-5.11  0.7
-5.1  0.72
-5.09  0.67
-5.08  0.74
-5.07  0.66
-5.06  0.7
-5.05  0.71
-5.04  0.7
-5.03  0.71
-5.02  0.73
-5.01  0.66
-5  0.7
-4.99  0.73
-4.98  0.71
-4.97  0.67
-4.96  0.76
-4.95  0.72
-4.94  0.67
-4.93  0.72
-4.92  0.66
-4.91  0.73
-4.9  0.73
-4.89  0.68
-4.88  0.73
-4.87  0.79
-4.86  0.68
-4.85  0.7
-4.84  0.73
-4.83  0.68
-4.82  0.76
-4.81  0.68
-4.8  0.74
-4.79  0.7
-4.78  0.72
-4.77  0.74
-4.76  0.7
-4.75  0.75
-4.74  0.71
-4.73  0.72
-4.72  0.73
-4.71  0.72
-4.7  0.68
-4.69  0.77
-4.68  0.73
-4.67  0.68
-4.66  0.74
-4.65  0.7
-4.64  0.75
-4.63  0.7
-4.62  0.76
-4.61  0.7
-4.6  0.72
-4.59  0.76
-4.58  0.78
-4.57  0.75
-4.56  0.69
-4.55  0.72
-4.54  0.72
-4.53  0.72
-4.52  0.66
-4.51  0.75
-4.5  0.74
-4.49  0.73
-4.48  0.72
-4.47  0.74
-4.46  0.74
-4.45  0.7
-4.44  0.74
-4.43  0.7
-4.42  0.71
-4.41  0.72
-4.4  0.75
-4.39  0.7
-4.38  0.75
-4.37  0.73
-4.36  0.75
-4.35  0.71
-4.34  0.67
-4.33  0.75
-4.32  0.71
-4.31  0.73
-4.3  0.71
-4.29  0.74
-4.28  0.67
-4.27  0.73
-4.26  0.7
-4.25  0.72
-4.24  0.77
-4.23  0.7
-4.22  0.69
-4.21  0.75
-4.2  0.69
-4.19  0.71
-4.18  0.69
-4.17  0.75
-4.16  0.68
-4.15  0.7
-4.14  0.67
-4.13  0.73
-4.12  0.76
-4.11  0.69
-4.1  0.76
-4.09  0.73
-4.08  0.7
-4.07  0.72
-4.06  0.67
-4.05  0.66
-4.04  0.72
-4.03  0.68
-4.02  0.72
-4.01  0.73
-4  0.72
-3.99  0.67
-3.98  0.69
-3.97  0.72
-3.96  0.7
-3.95  0.68
-3.94  0.71
-3.93  0.69
-3.92  0.72
-3.91  0.71
-3.9  0.73
-3.89  0.71
-3.88  0.67
-3.87  0.71
-3.86  0.69
-3.85  0.7
-3.84  0.68
-3.83  0.75
-3.82  0.72
-3.81  0.68
-3.8  0.7
-3.79  0.73
-3.78  0.69
-3.77  0.72
-3.76  0.7
-3.75  0.71
-3.74  0.69
-3.73  0.71
-3.72  0.69
-3.71  0.7
-3.7  0.69
-3.69  0.7
-3.68  0.66
-3.67  0.77
-3.66  0.68
-3.65  0.68
-3.64  0.74
-3.63  0.7
-3.62  0.75
-3.61  0.69
-3.6  0.72
-3.59  0.71
-3.58  0.73
-3.57  0.66
-3.56  0.77
-3.55  0.67
-3.54  0.71
-3.53  0.73
-3.52  0.69
-3.51  0.7
-3.5  0.76
-3.49  0.7
-3.48  0.67
-3.47  0.72
-3.46  0.71
-3.45  0.71
-3.44  0.75
-3.43  0.71
-3.42  0.68
-3.41  0.74
-3.4  0.7
-3.39  0.69
-3.38  0.73
-3.37  0.71
-3.36  0.78
-3.35  0.69
-3.34  0.71
-3.33  0.79
-3.32  0.73
-3.31  0.66
-3.3  0.78
-3.29  0.68
-3.28  0.7
-3.27  0.69
-3.26  0.7
-3.25  0.76
-3.24  0.72
-3.23  0.71
-3.22  0.71
-3.21  0.72
-3.2  0.71
-3.19  0.74
-3.18  0.65
-3.17  0.77
-3.16  0.76
-3.15  0.69
-3.14  0.74
-3.13  0.73
-3.12  0.69
-3.11  0.75
-3.1  0.72
-3.09  0.68
-3.08  0.73
-3.07  0.7
-3.06  0.71
-3.05  0.76
-3.04  0.72
-3.03  0.73
-3.02  0.73
-3.01  0.72
-3  0.7
-2.99  0.71
-2.98  0.73
-2.97  0.7
-2.96  0.75
-2.95  0.7
-2.94  0.69
-2.93  0.69
-2.92  0.74
-2.91  0.74
-2.9  0.7
-2.89  0.69
-2.88  0.73
-2.87  0.7
-2.86  0.71
-2.85  0.74
-2.84  0.71
-2.83  0.72
-2.82  0.74
-2.81  0.72
-2.8  0.71
-2.79  0.7
-2.78  0.71
-2.77  0.74
-2.76  0.65
-2.75  0.75
-2.74  0.73
-2.73  0.7
-2.72  0.68
-2.71  0.7
-2.7  0.71
-2.69  0.72
-2.68  0.75
-2.67  0.68
-2.66  0.75
-2.65  0.68
-2.64  0.71
-2.63  0.71
-2.62  0.73
-2.61  0.62
-2.6  0.75
-2.59  0.64
-2.58  0.73
-2.57  0.74
-2.56  0.73
-2.55  0.67
-2.54  0.79
-2.53  0.7
-2.52  0.68
-2.51  0.71
-2.5  0.7
-2.49  0.71
-2.48  0.72
-2.47  0.67
-2.46  0.74
-2.45  0.71
-2.44  0.66
-2.43  0.74
-2.42  0.69
-2.41  0.73
-2.4  0.64
-2.39  0.76
-2.38  0.7
-2.37  0.72
-2.36  0.66
-2.35  0.72
-2.34  0.72
-2.33  0.71
-2.32  0.76
-2.31  0.71
-2.3  0.7
-2.29  0.72
-2.28  0.73
-2.27  0.69
-2.26  0.68
-2.25  0.71
-2.24  0.74
-2.23  0.66
-2.22  0.75
-2.21  0.67
-2.2  0.71
-2.19  0.72
-2.18  0.69
-2.17  0.74
-2.16  0.69
-2.15  0.74
-2.14  0.7
-2.13  0.73
-2.12  0.71
-2.11  0.69
-2.1  0.7
-2.09  0.74
-2.08  0.67
-2.07  0.75
-2.06  0.7
-2.05  0.72
-2.04  0.72
-2.03  0.73
-2.02  0.72
-2.01  0.76
-2  0.65
-1.99  0.72
-1.98  0.72
-1.97  0.7
-1.96  0.74
-1.95  0.71
-1.94  0.7
-1.93  0.71
-1.92  0.72
-1.91  0.69
-1.9  0.76
-1.89  0.69
-1.88  0.75
-1.87  0.69
-1.86  0.68
-1.85  0.71
-1.84  0.78
-1.83  0.69
-1.82  0.71
-1.81  0.71
-1.8  0.72
-1.79  0.71
-1.78  0.76
-1.77  0.69
-1.76  0.71
-1.75  0.73
-1.74  0.75
-1.73  0.67
-1.72  0.73
-1.71  0.7
-1.7  0.72
-1.69  0.74
-1.68  0.72
-1.67  0.74
-1.66  0.69
-1.65  0.7
-1.64  0.69
-1.63  0.77
-1.62  0.66
-1.61  0.77
-1.6  0.7
-1.59  0.68
-1.58  0.74
-1.57  0.69
-1.56  0.69
-1.55  0.74
-1.54  0.75
-1.53  0.7
-1.52  0.73
-1.51  0.69
-1.5  0.73
-1.49  0.72
-1.48  0.7
-1.47  0.74
-1.46  0.72
-1.45  0.72
-1.44  0.71
-1.43  0.71
-1.42  0.7
-1.41  0.67
-1.4  0.77
-1.39  0.69
-1.38  0.69
-1.37  0.68
-1.36  0.71
-1.35  0.75
-1.34  0.7
-1.33  0.73
-1.32  0.69
-1.31  0.72
-1.3  0.73
-1.29  0.69
-1.28  0.74
-1.27  0.68
-1.26  0.72
-1.25  0.76
-1.24  0.65
-1.23  0.78
-1.22  0.64
-1.21  0.77
-1.2  0.69
-1.19  0.76
-1.18  0.67
-1.17  0.73
-1.16  0.68
-1.15  0.72
-1.14  0.71
-1.13  0.72
-1.12  0.68
-1.11  0.73
-1.1  0.68
-1.09  0.76
-1.08  0.69
-1.07  0.7
-1.06  0.67
-1.05  0.74
-1.04  0.7
-1.03  0.68
-1.02  0.72
-1.01  0.75
-1  0.72
-0.99  0.69
-0.98  0.75
-0.97  0.69
-0.96  0.7
-0.95  0.66
-0.94  0.79
-0.93  0.69
-0.92  0.72
-0.91  0.72
-0.9  0.7
-0.89  0.7
-0.88  0.71
-0.87  0.67
-0.86  0.71
-0.85  0.69
-0.84  0.71
-0.83  0.71
-0.82  0.76
-0.81  0.72
-0.8  0.68
-0.79  0.76
-0.78  0.7
-0.77  0.73
-0.76  0.71
-0.75  0.68
-0.74  0.69
-0.73  0.74
-0.72  0.69
-0.71  0.73
-0.7  0.69
-0.69  0.72
-0.68  0.72
-0.67  0.73
-0.66  0.74
-0.65  0.71
-0.64  0.72
-0.63  0.72
-0.62  0.68
-0.61  0.7
-0.6  0.74
-0.59  0.72
-0.58  0.7
-0.57  0.71
-0.56  0.69
-0.55  0.72
-0.54  0.74
-0.53  0.7
-0.52  0.74
-0.51  0.65
-0.5  0.74
-0.49  0.72
-0.48  0.72
-0.47  0.69
-0.46  0.7
-0.45  0.73
-0.44  0.72
-0.43  0.69
-0.42  0.73
-0.41  0.73
-0.4  0.72
-0.39  0.77
-0.38  0.74
-0.37  0.69
-0.36  0.66
-0.35  0.75
-0.34  0.73
-0.33  0.68
-0.32  0.71
-0.31  0.69
-0.3  0.74
-0.29  0.71
-0.28  0.7
-0.27  0.66
-0.26  0.75
-0.25  0.76
-0.24  0.67
-0.23  0.73
-0.22  0.7
-0.21  0.71
-0.2  0.72
-0.19  0.72
-0.18  0.75
-0.17  0.72
-0.16  0.71
-0.15  0.75
-0.14  0.7
-0.13  0.7
-0.12  0.74
-0.11  0.69
-0.1  0.71
-0.09  0.7
-0.08  0.68
-0.07  0.72
-0.06  0.74
-0.05  0.71
-0.04  0.71
-0.03  0.7
-0.02  0.73
-0.01  0.68
-2.16197e-11  0.76
0.0001  0.01
0.0101  0.68
0.0201  0.71
0.0301  0.75
0.0401  0.67
0.0501  0.69
0.0601  0.72
0.0701  0.75
0.0801  0.7
0.0901  0.62
0.1001  0.72
0.1101  0.71
0.1201  0.68
0.1301  0.77
0.1401  0.59
0.1501  0.7
0.1601  0.88
0.1701  0.68
0.1801  0.71
0.1901  0.67
0.2001  0.74
0.2101  0.63
0.2201  0.54
0.2301  0.79
0.2401  0.64
0.2501  0.81
0.2601  0.6
0.2701  0.54
0.2801  0.7
0.2901  0.69
0.3001  0.58
0.3101  0.64
0.3201  0.68
0.3301  0.7
0.3401  0.61
0.3501  0.67
0.3601  0.61
0.3701  0.64
0.3801  0.61
0.3901  0.72
0.4001  0.7
0.4101  0.57
0.4201  0.55
0.4301  0.66
0.4401  0.49
0.4501  0.7
0.4601  0.62
0.4701  0.68
0.4801  0.49
0.4901  0.54
0.5001  0.51
0.5101  0.71
0.5201  0.52
0.5301  0.56
0.5401  0.58
0.5501  0.48
0.5601  0.61
0.5701  0.67
0.5801  0.43
0.5901  0.57
0.6001  0.63
0.6101  0.72
0.6201  0.45
0.6301  0.51
0.6401  0.55
0.6501  0.51
0.6601  0.58
0.6701  0.47
0.6801  0.41
0.6901  0.57
0.7001  0.47
0.7101  0.4
0.7201  0.56
0.7301  0.61
0.7401  0.54
0.7501  0.57
0.7601  0.41
0.7701  0.53
0.7801  0.38
0.7901  0.56
0.8001  0.54
0.8101  0.34
0.8201  0.51
0.8301  0.45
0.8401  0.46
0.8501  0.45
0.8601  0.48
0.8701  0.56
0.8801  0.43
0.8901  0.56
0.9001  0.36
0.9101  0.53
0.9201  0.42
0.9301  0.48
0.9401  0.38
0.9501  0.44
0.9601  0.38
0.9701  0.57
0.9801  0.48
0.9901  0.4
1.0001  0.46
1.0101  0.33
1.0201  0.57
1.0301  0.48
1.0401  0.39
1.0501  0.5
1.0601  0.42
1.0701  0.45
1.0801  0.4
1.0901  0.55
1.1001  0.47
1.1101  0.58
1.1201  0.45
1.1301  0.47
1.1401  0.5
1.1501  0.43
1.1601  0.45
1.1701  0.41
1.1801  0.48
1.1901  0.47
1.2001  0.41
1.2101  0.47
1.2201  0.46
1.2301  0.39
1.2401  0.41
1.2501  0.47
1.2601  0.49
1.2701  0.57
1.2801  0.47
1.2901  0.38
1.3001  0.47
1.3101  0.45
1.3201  0.56
1.3301  0.42
1.3401  0.52
1.3501  0.46
1.3601  0.48
1.3701  0.4
1.3801  0.38
1.3901  0.5
1.4001  0.48
1.4101  0.61
1.4201  0.5
1.4301  0.45
1.4401  0.53
1.4501  0.42
1.4601  0.48
1.4701  0.4
1.4801  0.52
1.4901  0.41
1.5001  0.45
1.5101  0.33
1.5201  0.54
1.5301  0.58
1.5401  0.38
1.5501  0.55
1.5601  0.52
1.5701  0.6
1.5801  0.42
1.5901  0.44
1.6001  0.52
1.6101  0.46
1.6201  0.42
1.6301  0.43
1.6401  0.48
1.6501  0.34
1.6601  0.54
1.6701  0.42
1.6801  0.46
1.6901  0.41
1.7001  0.57
1.7101  0.53
1.7201  0.64
1.7301  0.5
1.7401  0.47
1.7501  0.6
1.7601  0.41
1.7701  0.53
1.7801  0.46
1.7901  0.52
1.8001  0.43
1.8101  0.56
1.8201  0.46
1.8301  0.53
1.8401  0.47
1.8501  0.48
1.8601  0.46
1.8701  0.67
1.8801  0.51
1.8901  0.49
1.9001  0.43
1.9101  0.53
1.9201  0.51
1.9301  0.76
1.9401  0.52
1.9501  0.46
1.9601  0.44
1.9701  0.56
1.9801  0.65
1.9901  0.49
2.0001  0.54
2.0101  0.51
2.0201  0.49
2.0301  0.52
2.0401  0.37
2.0501  0.57
2.0601  0.58
2.0701  0.63
2.0801  0.46
2.0901  0.47
2.1001  0.5
2.1101  0.47
2.1201  0.58
2.1301  0.43
2.1401  0.51
2.1501  0.56
2.1601  0.53
2.1701  0.52
2.1801  0.72
2.1901  0.5
2.2001  0.55
2.2101  0.55
2.2201  0.43
2.2301  0.6
2.2401  0.52
2.2501  0.55
2.2601  0.46
2.2701  0.53
2.2801  0.59
2.2901  0.52
2.3001  0.57
2.3101  0.4
2.3201  0.61
2.3301  0.69
2.3401  0.54
2.3501  0.6
2.3601  0.61
2.3701  0.5
2.3801  0.46
2.3901  0.56
2.4001  0.58
2.4101  0.56
2.4201  0.59
2.4301  0.63
2.4401  0.63
2.4501  0.63
2.4601  0.43
2.4701  0.6
2.4801  0.57
2.4901  0.58
2.5001  0.49
2.5101  0.49
2.5201  0.56
2.5301  0.55
2.5401  0.47
2.5501  0.53
2.5601  0.53
2.5701  0.54
2.5801  0.58
2.5901  0.66
2.6001  0.61
2.6101  0.56
2.6201  0.58
2.6301  0.63
2.6401  0.64
2.6501  0.44
2.6601  0.73
2.6701  0.64
2.6801  0.64
2.6901  0.39
2.7001  0.51
2.7101  0.56
2.7201  0.57
2.7301  0.52
2.7401  0.53
2.7501  0.61
2.7601  0.51
2.7701  0.51
2.7801  0.57
2.7901  0.52
2.8001  0.57
2.8101  0.58
2.8201  0.55
2.8301  0.76
2.8401  0.59
2.8501  0.59
2.8601  0.61
2.8701  0.45
2.8801  0.51
2.8901  0.61
2.9001  0.62
2.9101  0.47
2.9201  0.5
2.9301  0.55
2.9401  0.58
2.9501  0.51
2.9601  0.6
2.9701  0.55
2.9801  0.53
2.9901  0.53
3.0001  0.55
3.0101  0.47
3.0201  0.72
3.0301  0.59
3.0401  0.67
3.0501  0.61
3.0601  0.62
3.0701  0.52
3.0801  0.63
3.0901  0.5
3.1001  0.56
3.1101  0.61
3.1201  0.59
3.1301  0.47
3.1401  0.49
3.1501  0.41
3.1601  0.5
3.1701  0.5
3.1801  0.55
3.1901  0.49
3.2001  0.68
3.2101  0.67
3.2201  0.54
3.2301  0.55
3.2401  0.46
3.2501  0.56
3.2601  0.49
3.2701  0.62
3.2801  0.53
3.2901  0.5
3.3001  0.47
3.3101  0.59
3.3201  0.68
3.3301  0.55
3.3401  0.56
3.3501  0.45
3.3601  0.66
3.3701  0.61
3.3801  0.52
3.3901  0.55
3.4001  0.58
3.4101  0.56
3.4201  0.64
3.4301  0.44
3.4401  0.62
3.4501  0.56
3.4601  0.55
3.4701  0.47
3.4801  0.38
3.4901  0.54
3.5001  0.64
3.5101  0.55
3.5201  0.5
3.5301  0.48
3.5401  0.54
3.5501  0.6
3.5601  0.52
3.5701  0.57
3.5801  0.66
3.5901  0.55
3.6001  0.59
3.6101  0.51
3.6201  0.51
3.6301  0.52
3.6401  0.56
3.6501  0.44
3.6601  0.38
3.6701  0.65
3.6801  0.53
3.6901  0.49
3.7001  0.56
3.7101  0.62
3.7201  0.73
3.7301  0.51
3.7401  0.48
3.7501  0.36
3.7601  0.33
3.7701  0.46
3.7801  0.65
3.7901  0.45
3.8001  0.64
3.8101  0.6
3.8201  0.55
3.8301  0.59
3.8401  0.62
3.8501  0.53
3.8601  0.54
3.8701  0.45
3.8801  0.39
3.8901  0.55
3.9001  0.71
3.9101  0.51
3.9201  0.45
3.9301  0.61
3.9401  0.4
3.9501  0.49
3.9601  0.54
3.9701  0.56
3.9801  0.55
3.9901  0.49
4.0001  0.5
4.0101  0.54
4.0201  0.63
4.0301  0.57
4.0401  0.56
4.0501  0.43
4.0601  0.47
4.0701  0.54
4.0801  0.5
4.0901  0.57
4.1001  0.46
4.1101  0.49
4.1201  0.61
4.1301  0.71
4.1401  0.43
4.1501  0.47
4.1601  0.61
4.1701  0.5
4.1801  0.57
4.1901  0.47
4.2001  0.5
4.2101  0.39
4.2201  0.5
4.2301  0.51
4.2401  0.55
4.2501  0.51
4.2601  0.6
4.2701  0.58
4.2801  0.51
4.2901  0.51
4.3001  0.42
4.3101  0.59
4.3201  0.47
4.3301  0.59
4.3401  0.65
4.3501  0.71
4.3601  0.56
4.3701  0.46
4.3801  0.36
4.3901  0.6
4.4001  0.56
4.4101  0.63
4.4201  0.55
4.4301  0.67
4.4401  0.64
4.4501  0.52
4.4601  0.44
4.4701  0.58
4.4801  0.43
4.4901  0.58
4.5001  0.64
4.5101  0.45
4.5201  0.63
4.5301  0.42
4.5401  0.56
4.5501  0.52
4.5601  0.44
4.5701  0.43
4.5801  0.57
4.5901  0.43
4.6001  0.53
4.6101  0.42
4.6201  0.56
4.6301  0.48
4.6401  0.63
4.6501  0.52
4.6601  0.53
4.6701  0.55
4.6801  0.63
4.6901  0.54
4.7001  0.38
4.7101  0.54
4.7201  0.6
4.7301  0.37
4.7401  0.54
4.7501  0.59
4.7601  0.55
4.7701  0.59
4.7801  0.62
4.7901  0.49
4.8001  0.56
4.8101  0.58
4.8201  0.54
4.8301  0.6
4.8401  0.69
4.8501  0.68
4.8601  0.56
4.8701  0.49
4.8801  0.58
4.8901  0.49
4.9001  0.49
4.9101  0.5
4.9201  0.52
4.9301  0.58
4.9401  0.59
4.9501  0.49
4.9601  0.56
4.9701  0.66
4.9801  0.59
4.9901  0.61
5.0001  0.49
5.0101  0.44
5.0201  0.65
5.0301  0.5
5.0401  0.46
5.0501  0.43
5.0601  0.51
5.0701  0.52
5.0801  0.54
5.0901  0.57
5.1001  0.5
5.1101  0.55
5.1201  0.59
5.1301  0.6
5.1401  0.66
5.1501  0.47
5.1601  0.47
5.1701  0.64
5.1801  0.47
5.1901  0.42
5.2001  0.46
5.2101  0.65
5.2201  0.5
5.2301  0.61
5.2401  0.45
5.2501  0.63
5.2601  0.47
5.2701  0.43
5.2801  0.6
5.2901  0.44
5.3001  0.48
5.3101  0.46
5.3201  0.48
5.3301  0.44
5.3401  0.61
5.3501  0.61
5.3601  0.62
5.3701  0.61
5.3801  0.65
5.3901  0.55
5.4001  0.71
5.4101  0.49
5.4201  0.5
5.4301  0.52
5.4401  0.56
5.4501  0.63
5.4601  0.54
5.4701  0.62
5.4801  0.54
5.4901  0.58
5.5001  0.6
5.5101  0.56
5.5201  0.45
5.5301  0.39
5.5401  0.53
5.5501  0.53
5.5601  0.54
5.5701  0.5
5.5801  0.52
5.5901  0.57
5.6001  0.42
5.6101  0.57
5.6201  0.54
5.6301  0.37
5.6401  0.55
5.6501  0.61
5.6601  0.73
5.6701  0.59
5.6801  0.55
5.6901  0.51
5.7001  0.57
5.7101  0.64
5.7201  0.58
5.7301  0.53
5.7401  0.64
5.7501  0.64
5.7601  0.45
5.7701  0.55
5.7801  0.53
5.7901  0.44
5.8001  0.49
5.8101  0.5
5.8201  0.52
5.8301  0.55
5.8401  0.47
5.8501  0.63
5.8601  0.43
5.8701  0.54
5.8801  0.63
5.8901  0.57
5.9001  0.42
5.9101  0.38
5.9201  0.53
5.9301  0.6
5.9401  0.51
5.9501  0.56
5.9601  0.5
5.9701  0.49
5.9801  0.49
5.9901  0.62
6.0001  0.49
6.0101  0.47
6.0201  0.48
6.0301  0.56
6.0401  0.62
6.0501  0.49
6.0601  0.63
6.0701  0.67
6.0801  0.52
6.0901  0.63
6.1001  0.39
6.1101  0.54
6.1201  0.62
6.1301  0.52
6.1401  0.68
6.1501  0.58
6.1601  0.49
6.1701  0.56
6.1801  0.5
6.1901  0.48
6.2001  0.62
6.2101  0.39
6.2201  0.48
6.2301  0.57
6.2401  0.49
6.2501  0.7
6.2601  0.62
6.2701  0.47
6.2801  0.62
6.2901  0.59
6.3001  0.63
6.3101  0.54
6.3201  0.63
6.3301  0.65
6.3401  0.57
6.3501  0.55
6.3601  0.54
6.3701  0.54
6.3801  0.42
6.3901  0.43
6.4001  0.53
6.4101  0.49
6.4201  0.48
6.4301  0.6
6.4401  0.71
6.4501  0.59
6.4601  0.41
6.4701  0.53
6.4801  0.59
6.4901  0.54
6.5001  0.55
6.5101  0.53
6.5201  0.65
6.5301  0.57
6.5401  0.49
6.5501  0.5
6.5601  0.43
6.5701  0.54
6.5801  0.47
6.5901  0.59
6.6001  0.53
6.6101  0.53
6.6201  0.42
6.6301  0.59
6.6401  0.47
6.6501  0.62
6.6601  0.45
6.6701  0.65
6.6801  0.54
6.6901  0.54
6.7001  0.48
6.7101  0.52
6.7201  0.53
6.7301  0.58
6.7401  0.4
6.7501  0.62
6.7601  0.53
6.7701  0.59
6.7801  0.5
6.7901  0.59
6.8001  0.58
6.8101  0.48
6.8201  0.51
6.8301  0.43
6.8401  0.62
6.8501  0.52
6.8601  0.62
6.8701  0.61
6.8801  0.74
6.8901  0.56
6.9001  0.62
6.9101  0.66
6.9201  0.39
6.9301  0.51
6.9401  0.4
6.9501  0.44
6.9601  0.47
6.9701  0.57
6.9801  0.66
6.9901  0.51
7.0001  0.65
7.0101  0.49
7.0201  0.65
7.0301  0.56
7.0401  0.6
7.0501  0.52
7.0601  0.52
7.0701  0.47
7.0801  0.52
7.0901  0.49
7.1001  0.55
7.1101  0.6
7.1201  0.4
7.1301  0.4
7.1401  0.48
7.1501  0.47
7.1601  0.62
7.1701  0.55
7.1801  0.46
7.1901  0.55
7.2001  0.62
7.2101  0.55
7.2201  0.42
7.2301  0.65
7.2401  0.53
7.2501  0.37
7.2601  0.47
7.2701  0.69
7.2801  0.5
7.2901  0.49
7.3001  0.66
7.3101  0.51
7.3201  0.53
7.3301  0.52
7.3401  0.6
7.3501  0.63
7.3601  0.5
7.3701  0.5
7.3801  0.56
7.3901  0.48
7.4001  0.47
7.4101  0.47
7.4201  0.61
7.4301  0.5
7.4401  0.56
7.4501  0.68
7.4601  0.63
7.4701  0.59
7.4801  0.5
7.4901  0.51
7.5001  0.58
7.5101  0.73
7.5201  0.51
7.5301  0.52
7.5401  0.47
7.5501  0.46
7.5601  0.52
7.5701  0.57
7.5801  0.49
7.5901  0.41
7.6001  0.52
7.6101  0.6
7.6201  0.68
7.6301  0.42
7.6401  0.48
7.6501  0.43
7.6601  0.65
7.6701  0.59
7.6801  0.46
7.6901  0.6
7.7001  0.59
7.7101  0.61
7.7201  0.59
7.7301  0.6
7.7401  0.53
7.7501  0.48
7.7601  0.49
7.7701  0.47
7.7801  0.66
7.7901  0.48
7.8001  0.5
7.8101  0.6
7.8201  0.45
7.8301  0.52
7.8401  0.44
7.8501  0.59
7.8601  0.5
7.8701  0.58
7.8801  0.56
7.8901  0.53
7.9001  0.51
7.9101  0.42
7.9201  0.7
7.9301  0.54
7.9401  0.62
7.9501  0.49
7.9601  0.51
7.9701  0.62
7.9801  0.56
7.9901  0.62
8.0001  0.51
8.0101  0.59
8.0201  0.52
8.0301  0.53
8.0401  0.53
8.0501  0.56
8.0601  0.55
8.0701  0.37
8.0801  0.58
8.0901  0.68
8.1001  0.52
8.1101  0.55
8.1201  0.47
8.1301  0.49
8.1401  0.58
8.1501  0.54
8.1601  0.47
8.1701  0.55
8.1801  0.46
8.1901  0.46
8.2001  0.43
8.2101  0.52
8.2201  0.51
8.2301  0.59
8.2401  0.57
8.2501  0.7
8.2601  0.57
8.2701  0.49
8.2801  0.61
8.2901  0.47
8.3001  0.57
8.3101  0.61
8.3201  0.52
8.3301  0.54
8.3401  0.78
8.3501  0.51
8.3601  0.55
8.3701  0.71
8.3801  0.56
8.3901  0.52
8.4001  0.46
8.4101  0.55
8.4201  0.52
8.4301  0.51
8.4401  0.57
8.4501  0.43
8.4601  0.53
8.4701  0.57
8.4801  0.59
8.4901  0.59
8.5001  0.45
8.5101  0.6
8.5201  0.54
8.5301  0.55
8.5401  0.42
8.5501  0.62
8.5601  0.47
8.5701  0.55
8.5801  0.54
8.5901  0.45
8.6001  0.63
8.6101  0.72
8.6201  0.48
8.6301  0.55
8.6401  0.48
8.6501  0.54
8.6601  0.6
8.6701  0.61
8.6801  0.55
8.6901  0.44
8.7001  0.44
8.7101  0.51
8.7201  0.59
8.7301  0.49
8.7401  0.53
8.7501  0.56
8.7601  0.55
8.7701  0.46
8.7801  0.58
8.7901  0.44
8.8001  0.69
8.8101  0.59
8.8201  0.61
8.8301  0.44
8.8401  0.55
8.8501  0.49
8.8601  0.51
8.8701  0.47
8.8801  0.59
8.8901  0.56
8.9001  0.41
8.9101  0.54
8.9201  0.52
8.9301  0.45
8.9401  0.57
8.9501  0.52
8.9601  0.54
8.9701  0.65
8.9801  0.48
8.9901  0.58
9.0001  0.54
9.0101  0.5
9.0201  0.54
9.0301  0.43
9.0401  0.42
9.0501  0.45
9.0601  0.43
9.0701  0.59
9.0801  0.59
9.0901  0.58
9.1001  0.48
9.1101  0.5
9.1201  0.64
9.1301  0.67
9.1401  0.55
9.1501  0.51
9.1601  0.68
9.1701  0.62
9.1801  0.54
9.1901  0.45
9.2001  0.45
9.2101  0.5
9.2201  0.48
9.2301  0.51
9.2401  0.52
9.2501  0.5
9.2601  0.52
9.2701  0.44
9.2801  0.36
9.2901  0.59
9.3001  0.37
9.3101  0.54
9.3201  0.46
9.3301  0.5
9.3401  0.72
9.3501  0.57
9.3601  0.58
9.3701  0.64
9.3801  0.62
9.3901  0.46
9.4001  0.57
9.4101  0.63
9.4201  0.5
9.4301  0.6
9.4401  0.5
9.4501  0.47
9.4601  0.63
9.4701  0.46
9.4801  0.61
9.4901  0.56
9.5001  0.54
9.5101  0.5
9.5201  0.62
9.5301  0.62
9.5401  0.73
9.5501  0.45
9.5601  0.44
9.5701  0.61
9.5801  0.52
9.5901  0.56
9.6001  0.49
9.6101  0.57
9.6201  0.47
9.6301  0.61
9.6401  0.48
9.6501  0.5
9.6601  0.53
9.6701  0.4
9.6801  0.57
9.6901  0.51
9.7001  0.48
9.7101  0.51
9.7201  0.57
9.7301  0.67
9.7401  0.44
9.7501  0.56
9.7601  0.63
9.7701  0.71
9.7801  0.59
9.7901  0.5
9.8001  0.51
9.8101  0.67
9.8201  0.58
9.8301  0.61
9.8401  0.44
9.8501  0.57
9.8601  0.64
9.8701  0.46
9.8801  0.64
9.8901  0.45
9.9001  0.63
9.9101  0.52
9.9201  0.58
9.9301  0.65
9.9401  0.66
9.9501  0.55
9.9601  0.52
9.9701  0.6
9.9801  0.47
9.9901  0.54
10.0001  0.56
10.0101  0.57
10.0201  0.58
10.0301  0.46
10.0401  0.52
10.0501  0.54
10.0601  0.38
10.0701  0.49
10.0801  0.61
10.0901  0.53
10.1001  0.44
10.1101  0.53
10.1201  0.59
10.1301  0.53
10.1401  0.43
10.1501  0.54
10.1601  0.62
10.1701  0.53
10.1801  0.63
10.1901  0.42
10.2001  0.47
10.2101  0.52
10.2201  0.53
10.2301  0.63
10.2401  0.49
10.2501  0.47
10.2601  0.6
10.2701  0.56
10.2801  0.7
10.2901  0.53
10.3001  0.51
10.3101  0.46
10.3201  0.57
10.3301  0.55
10.3401  0.56
10.3501  0.44
10.3601  0.57
10.3701  0.41
10.3801  0.7
10.3901  0.58
10.4001  0.51
10.4101  0.54
10.4201  0.59
10.4301  0.64
10.4401  0.63
10.4501  0.59
10.4601  0.42
10.4701  0.55
10.4801  0.46
10.4901  0.53
10.5001  0.44
10.5101  0.63
10.5201  0.53
10.5301  0.59
10.5401  0.47
10.5501  0.61
10.5601  0.59
10.5701  0.54
10.5801  0.54
10.5901  0.67
10.6001  0.49
10.6101  0.51
10.6201  0.47
10.6301  0.49
10.6401  0.59
10.6501  0.63
10.6601  0.48
10.6701  0.51
10.6801  0.43
10.6901  0.49
10.7001  0.43
10.7101  0.53
10.7201  0.55
10.7301  0.7
10.7401  0.42
10.7501  0.6
10.7601  0.51
10.7701  0.44
10.7801  0.55
10.7901  0.62
10.8001  0.68
10.8101  0.51
10.8201  0.47
10.8301  0.63
10.8401  0.57
10.8501  0.45
10.8601  0.42
10.8701  0.57
10.8801  0.52
10.8901  0.58
10.9001  0.63
10.9101  0.49
10.9201  0.56
10.9301  0.51
10.9401  0.59
10.9501  0.61
10.9601  0.56
10.9701  0.62
10.9801  0.51
10.9901  0.46
11.0001  0.43
11.0101  0.42
11.0201  0.55
11.0301  0.48
11.0401  0.58
11.0501  0.38
11.0601  0.58
11.0701  0.49
11.0801  0.57
11.0901  0.44
11.1001  0.56
11.1101  0.61
11.1201  0.5
11.1301  0.63
11.1401  0.6
11.1501  0.63
11.1601  0.54
11.1701  0.57
11.1801  0.71
11.1901  0.54
11.2001  0.5
11.2101  0.45
11.2201  0.52
11.2301  0.42
11.2401  0.47
11.2501  0.47
11.2601  0.6
11.2701  0.47
11.2801  0.53
11.2901  0.49
11.3001  0.55
11.3101  0.49
11.3201  0.51
11.3301  0.48
11.3401  0.56
11.3501  0.55
11.3601  0.46
11.3701  0.56
11.3801  0.45
11.3901  0.63
11.4001  0.56
11.4101  0.5
11.4201  0.63
11.4301  0.55
11.4401  0.5
11.4501  0.53
11.4601  0.43
11.4701  0.69
11.4801  0.59
11.4901  0.36
11.5001  0.68
11.5101  0.51
11.5201  0.47
11.5301  0.39
11.5401  0.55
11.5501  0.54
11.5601  0.58
11.5701  0.59
11.5801  0.68
11.5901  0.59
11.6001  0.56
11.6101  0.51
11.6201  0.4
11.6301  0.48
11.6401  0.48
11.6501  0.57
11.6601  0.59
11.6701  0.57
11.6801  0.62
11.6901  0.58
11.7001  0.61
11.7101  0.48
11.7201  0.47
11.7301  0.49
11.7401  0.64
11.7501  0.58
11.7601  0.62
11.7701  0.5
11.7801  0.62
11.7901  0.69
11.8001  0.42
11.8101  0.5
11.8201  0.45
11.8301  0.55
11.8401  0.55
11.8501  0.51
11.8601  0.53
11.8701  0.64
11.8801  0.48
11.8901  0.61
11.9001  0.59
11.9101  0.59
11.9201  0.46
11.9301  0.55
11.9401  0.58
11.9501  0.5
11.9601  0.53
11.9701  0.63
11.9801  0.63
11.9901  0.49
12.0001  0.58
12.0101  0.46
12.0201  0.67
12.0301  0.43
12.0401  0.69
12.0501  0.5
12.0601  0.53
12.0701  0.52
12.0801  0.5
12.0901  0.47
12.1001  0.49
12.1101  0.64
12.1201  0.6
12.1301  0.47
12.1401  0.47
12.1501  0.64
12.1601  0.55
12.1701  0.49
12.1801  0.42
12.1901  0.62
12.2001  0.46
12.2101  0.62
12.2201  0.62
12.2301  0.53
12.2401  0.5
12.2501  0.53
12.2601  0.6
12.2701  0.63
12.2801  0.5
12.2901  0.52
12.3001  0.52
12.3101  0.57
12.3201  0.54
12.3301  0.56
12.3401  0.57
12.3501  0.49
12.3601  0.56
12.3701  0.48
12.3801  0.46
12.3901  0.48
12.4001  0.63
12.4101  0.52
12.4201  0.57
12.4301  0.59
12.4401  0.48
12.4501  0.59
12.4601  0.53
12.4701  0.47
12.4801  0.45
12.4901  0.53
12.5001  0.48
12.5101  0.65
12.5201  0.6
12.5301  0.49
12.5401  0.63
12.5501  0.5
12.5601  0.67
12.5701  0.54
12.5801  0.35
12.5901  0.64
12.6001  0.53
12.6101  0.55
12.6201  0.56
12.6301  0.53
12.6401  0.52
12.6501  0.47
12.6601  0.51
12.6701  0.56
12.6801  0.56
12.6901  0.41
12.7001  0.53
12.7101  0.6
12.7201  0.45
12.7301  0.46
12.7401  0.45
12.7501  0.47
12.7601  0.5
12.7701  0.57
12.7801  0.69
12.7901  0.6
12.8001  0.6
12.8101  0.54
12.8201  0.55
12.8301  0.52
12.8401  0.49
12.8501  0.67
12.8601  0.61
12.8701  0.51
12.8801  0.45
12.8901  0.51
12.9001  0.52
12.9101  0.5
12.9201  0.5
12.9301  0.43
12.9401  0.55
12.9501  0.46
12.9601  0.75
12.9701  0.51
12.9801  0.54
12.9901  0.62
13.0001  0.51
13.0101  0.59
13.0201  0.55
13.0301  0.43
13.0401  0.54
13.0501  0.46
13.0601  0.36
13.0701  0.48
13.0801  0.54
13.0901  0.69
13.1001  0.63
13.1101  0.62
13.1201  0.48
13.1301  0.7
13.1401  0.64
13.1501  0.49
13.1601  0.57
13.1701  0.62
13.1801  0.55
13.1901  0.55
13.2001  0.63
13.2101  0.49
13.2201  0.64
13.2301  0.37
13.2401  0.57
13.2501  0.53
13.2601  0.48
13.2701  0.58
13.2801  0.49
13.2901  0.41
13.3001  0.58
13.3101  0.62
13.3201  0.52
13.3301  0.65
13.3401  0.55
13.3501  0.63
13.3601  0.49
13.3701  0.48
13.3801  0.37
13.3901  0.57
13.4001  0.52
13.4101  0.58
13.4201  0.47
13.4301  0.59
13.4401  0.67
13.4501  0.43
13.4601  0.53
13.4701  0.46
13.4801  0.54
13.4901  0.5
13.5001  0.54
13.5101  0.53
13.5201  0.58
13.5301  0.57
13.5401  0.44
13.5501  0.62
13.5601  0.48
13.5701  0.49
13.5801  0.5
13.5901  0.47
13.6001  0.4
13.6101  0.44
13.6201  0.44
13.6301  0.44
13.6401  0.58
13.6501  0.54
13.6601  0.48
13.6701  0.47
13.6801  0.57
13.6901  0.53
13.7001  0.53
13.7101  0.58
13.7201  0.63
13.7301  0.45
13.7401  0.48
13.7501  0.41
13.7601  0.53
13.7701  0.51
13.7801  0.66
13.7901  0.58
13.8001  0.46
13.8101  0.79
13.8201  0.56
13.8301  0.61
13.8401  0.49
13.8501  0.6
13.8601  0.52
13.8701  0.55
13.8801  0.63
13.8901  0.49
13.9001  0.57
13.9101  0.6
13.9201  0.53
13.9301  0.52
13.9401  0.42
13.9501  0.66
13.9601  0.49
13.9701  0.55
13.9801  0.61
13.9901  0.67
14.0001  0.54
14.0101  0.46
14.0201  0.48
14.0301  0.48
14.0401  0.52
14.0501  0.57
14.0601  0.58
14.0701  0.51
14.0801  0.45
14.0901  0.58
14.1001  0.53
14.1101  0.37
14.1201  0.4
14.1301  0.49
14.1401  0.6
14.1501  0.58
14.1601  0.46
14.1701  0.66
14.1801  0.47
14.1901  0.7
14.2001  0.55
14.2101  0.53
14.2201  0.49
14.2301  0.62
14.2401  0.53
14.2501  0.55
14.2601  0.57
14.2701  0.46
14.2801  0.67
14.2901  0.61
14.3001  0.5
14.3101  0.53
14.3201  0.67
14.3301  0.52
14.3401  0.46
14.3501  0.61
14.3601  0.56
14.3701  0.5
14.3801  0.42
14.3901  0.58
14.4001  0.55
14.4101  0.6
14.4201  0.58
14.4301  0.54
14.4401  0.57
14.4501  0.62
14.4601  0.67
14.4701  0.44
14.4801  0.57
14.4901  0.46
14.5001  0.52
14.5101  0.49
14.5201  0.38
14.5301  0.41
14.5401  0.57
14.5501  0.62
14.5601  0.55
14.5701  0.52
14.5801  0.64
14.5901  0.42
14.6001  0.63
14.6101  0.43
14.6201  0.54
14.6301  0.53
14.6401  0.63
14.6501  0.52
14.6601  0.61
14.6701  0.51
14.6801  0.51
14.6901  0.4
14.7001  0.74
14.7101  0.62
14.7201  0.53
14.7301  0.44
14.7401  0.58
14.7501  0.61
14.7601  0.62
14.7701  0.62
14.7801  0.49
14.7901  0.51
14.8001  0.49
14.8101  0.6
14.8201  0.48
14.8301  0.45
14.8401  0.57
14.8501  0.64
14.8601  0.56
14.8701  0.57
14.8801  0.6
14.8901  0.55
14.9001  0.49
14.9101  0.56
14.9201  0.51
14.9301  0.52
14.9401  0.58
14.9501  0.61
14.9601  0.56
14.9701  0.53
14.9801  0.62
14.9901  0.55
15.0001  0.45
15.0101  0.53
15.0201  0.57
15.0301  0.58
15.0401  0.54
15.0501  0.64
15.0601  0.54
15.0701  0.48
15.0801  0.64
15.0901  0.63
15.1001  0.49
15.1101  0.53
15.1201  0.56
15.1301  0.59
15.1401  0.58
15.1501  0.47
15.1601  0.6
15.1701  0.47
15.1801  0.59
15.1901  0.45
15.2001  0.42
15.2101  0.54
15.2201  0.38
15.2301  0.41
15.2401  0.55
15.2501  0.56
15.2601  0.57
15.2701  0.62
15.2801  0.46
15.2901  0.58
15.3001  0.69
15.3101  0.59
15.3201  0.53
15.3301  0.61
15.3401  0.52
15.3501  0.54
15.3601  0.48
15.3701  0.7
15.3801  0.61
15.3901  0.53
15.4001  0.56
15.4101  0.61
15.4201  0.47
15.4301  0.57
15.4401  0.47
15.4501  0.48
15.4601  0.52
15.4701  0.58
15.4801  0.55
15.4901  0.69
15.5001  0.53
15.5101  0.41
15.5201  0.57
15.5301  0.5
15.5401  0.48
15.5501  0.56
15.5601  0.57
15.5701  0.52
15.5801  0.51
15.5901  0.46
15.6001  0.48
15.6101  0.52
15.6201  0.61
15.6301  0.72
15.6401  0.61
15.6501  0.59
15.6601  0.49
15.6701  0.57
15.6801  0.62
15.6901  0.63
15.7001  0.52
15.7101  0.42
15.7201  0.55
15.7301  0.54
15.7401  0.56
15.7501  0.47
15.7601  0.51
15.7701  0.63
15.7801  0.53
15.7901  0.45
15.8001  0.63
15.8101  0.63
15.8201  0.51
15.8301  0.52
15.8401  0.58
15.8501  0.46
15.8601  0.54
15.8701  0.46
15.8801  0.55
15.8901  0.57
15.9001  0.54
15.9101  0.5
15.9201  0.67
15.9301  0.52
15.9401  0.66
15.9501  0.47
15.9601  0.55
15.9701  0.55
15.9801  0.51
15.9901  0.47
16.0001  0.82
16.0101  0.54
16.0201  0.51
16.0301  0.67
16.0401  0.57
16.0501  0.47
16.0601  0.42
16.0701  0.52
16.0801  0.46
16.0901  0.62
16.1001  0.57
16.1101  0.5
16.1201  0.6
16.1301  0.44
16.1401  0.5
16.1501  0.61
16.1601  0.45
16.1701  0.6
16.1801  0.5
16.1901  0.6
16.2001  0.44
16.2101  0.43
16.2201  0.5
16.2301  0.52
16.2401  0.55
16.2501  0.47
16.2601  0.44
16.2701  0.69
16.2801  0.49
16.2901  0.5
16.3001  0.5
16.3101  0.56
16.3201  0.58
16.3301  0.5
16.3401  0.52
16.3501  0.42
16.3601  0.5
16.3701  0.63
16.3801  0.48
16.3901  0.5
16.4001  0.68
16.4101  0.53
16.4201  0.57
16.4301  0.46
16.4401  0.6
16.4501  0.44
16.4601  0.57
16.4701  0.51
16.4801  0.47
16.4901  0.43
16.5001  0.6
16.5101  0.6
16.5201  0.61
16.5301  0.58
16.5401  0.51
16.5501  0.51
16.5601  0.74
16.5701  0.44
16.5801  0.71
16.5901  0.59
16.6001  0.63
16.6101  0.67
16.6201  0.47
16.6301  0.5
16.6401  0.42
16.6501  0.56
16.6601  0.42
16.6701  0.57
16.6801  0.52
16.6901  0.59
16.7001  0.65
16.7101  0.54
16.7201  0.53
16.7301  0.49
16.7401  0.59
16.7501  0.57
16.7601  0.35
16.7701  0.51
16.7801  0.54
16.7901  0.57
16.8001  0.53
16.8101  0.6
16.8201  0.69
16.8301  0.66
16.8401  0.53
16.8501  0.51
16.8601  0.45
16.8701  0.51
16.8801  0.55
16.8901  0.47
16.9001  0.47
16.9101  0.47
16.9201  0.4
16.9301  0.54
16.9401  0.49
16.9501  0.56
16.9601  0.54
16.9701  0.48
16.9801  0.55
16.9901  0.44
17.0001  0.61
17.0101  0.49
17.0201  0.52
17.0301  0.48
17.0401  0.46
17.0501  0.54
17.0601  0.73
17.0701  0.53
17.0801  0.56
17.0901  0.54
17.1001  0.39
17.1101  0.51
17.1201  0.55
17.1301  0.49
17.1401  0.58
17.1501  0.55
17.1601  0.53
17.1701  0.58
17.1801  0.52
17.1901  0.54
17.2001  0.64
17.2101  0.63
17.2201  0.44
17.2301  0.49
17.2401  0.44
17.2501  0.51
17.2601  0.43
17.2701  0.55
17.2801  0.39
17.2901  0.55
17.3001  0.48
17.3101  0.62
17.3201  0.63
17.3301  0.57
17.3401  0.5
17.3501  0.43
17.3601  0.51
17.3701  0.56
17.3801  0.58
17.3901  0.46
17.4001  0.56
17.4101  0.44
17.4201  0.52
17.4301  0.57
17.4401  0.62
17.4501  0.59
17.4601  0.51
17.4701  0.54
17.4801  0.54
17.4901  0.55
17.5001  0.51
17.5101  0.65
17.5201  0.6
17.5301  0.57
17.5401  0.44
17.5501  0.58
17.5601  0.54
17.5701  0.49
17.5801  0.63
17.5901  0.6
17.6001  0.48
17.6101  0.58
17.6201  0.46
17.6301  0.41
17.6401  0.5
17.6501  0.47
17.6601  0.51
17.6701  0.5
17.6801  0.47
17.6901  0.54
17.7001  0.53
17.7101  0.53
17.7201  0.65
17.7301  0.55
17.7401  0.45
17.7501  0.48
17.7601  0.53
17.7701  0.54
17.7801  0.58
17.7901  0.56
17.8001  0.74
17.8101  0.47
17.8201  0.52
17.8301  0.53
17.8401  0.63
17.8501  0.48
17.8601  0.52
17.8701  0.46
17.8801  0.49
17.8901  0.43
17.9001  0.65
17.9101  0.59
17.9201  0.53
17.9301  0.66
17.9401  0.6
17.9501  0.43
17.9601  0.54
17.9701  0.48
17.9801  0.63
17.9901  0.55
18.0001  0.46
18.0101  0.46
18.0201  0.53
18.0301  0.48
18.0401  0.54
18.0501  0.54
18.0601  0.64
18.0701  0.59
18.0801  0.46
18.0901  0.64
18.1001  0.52
18.1101  0.57
18.1201  0.43
18.1301  0.49
18.1401  0.58
18.1501  0.51
18.1601  0.54
18.1701  0.64
18.1801  0.62
18.1901  0.49
18.2001  0.64
18.2101  0.62
18.2201  0.57
18.2301  0.5
18.2401  0.52
18.2501  0.55
18.2601  0.52
18.2701  0.54
18.2801  0.64
18.2901  0.45
18.3001  0.56
18.3101  0.49
18.3201  0.52
18.3301  0.57
18.3401  0.61
18.3501  0.74
18.3601  0.61
18.3701  0.51
18.3801  0.55
18.3901  0.39
18.4001  0.66
18.4101  0.65
18.4201  0.5
18.4301  0.72
18.4401  0.58
18.4501  0.52
18.4601  0.54
18.4701  0.46
18.4801  0.46
18.4901  0.43
18.5001  0.5
18.5101  0.5
18.5201  0.58
18.5301  0.5
18.5401  0.48
18.5501  0.6
18.5601  0.58
18.5701  0.51
18.5801  0.52
18.5901  0.55
18.6001  0.49
18.6101  0.59
18.6201  0.53
18.6301  0.51
18.6401  0.58
18.6501  0.54
18.6601  0.46
18.6701  0.42
18.6801  0.5
18.6901  0.49
18.7001  0.53
18.7101  0.49
18.7201  0.5
18.7301  0.56
18.7401  0.69
18.7501  0.57
18.7601  0.58
18.7701  0.66
18.7801  0.62
18.7901  0.53
18.8001  0.79
18.8101  0.64
18.8201  0.55
18.8301  0.61
18.8401  0.51
18.8501  0.65
18.8601  0.6
18.8701  0.52
18.8801  0.58
18.8901  0.45
18.9001  0.43
18.9101  0.56
18.9201  0.68
18.9301  0.55
18.9401  0.45
18.9501  0.51
18.9601  0.59
18.9701  0.54
18.9801  0.57
18.9901  0.51
19.0001  0.56
19.0101  0.53
19.0201  0.56
19.0301  0.51
19.0401  0.45
19.0501  0.58
19.0601  0.59
19.0701  0.61
19.0801  0.51
19.0901  0.51
19.1001  0.45
19.1101  0.58
19.1201  0.5
19.1301  0.56
19.1401  0.48
19.1501  0.59
19.1601  0.54
19.1701  0.6
19.1801  0.57
19.1901  0.45
19.2001  0.6
19.2101  0.68
19.2201  0.51
19.2301  0.58
19.2401  0.53
19.2501  0.65
19.2601  0.45
19.2701  0.56
19.2801  0.42
19.2901  0.37
19.3001  0.58
19.3101  0.51
19.3201  0.58
19.3301  0.5
19.3401  0.51
19.3501  0.6
19.3601  0.54
19.3701  0.57
19.3801  0.59
19.3901  0.62
19.4001  0.52
19.4101  0.36
19.4201  0.67
19.4301  0.51
19.4401  0.57
19.4501  0.58
19.4601  0.5
19.4701  0.42
19.4801  0.51
19.4901  0.55
19.5001  0.56
19.5101  0.6
19.5201  0.62
19.5301  0.57
19.5401  0.58
19.5501  0.67
19.5601  0.54
19.5701  0.44
19.5801  0.65
19.5901  0.52
19.6001  0.44
19.6101  0.61
19.6201  0.6
19.6301  0.53
19.6401  0.56
19.6501  0.61
19.6601  0.46
19.6701  0.64
19.6801  0.49
19.6901  0.61
19.7001  0.62
19.7101  0.62
19.7201  0.55
19.7301  0.56
19.7401  0.49
19.7501  0.58
19.7601  0.47
19.7701  0.48
19.7801  0.56
19.7901  0.59
19.8001  0.39
19.8101  0.41
19.8201  0.61
19.8301  0.58
19.8401  0.52
19.8501  0.48
19.8601  0.35
19.8701  0.68
19.8801  0.41
19.8901  0.59
19.9001  0.55
19.9101  0.72
19.9201  0.54
19.9301  0.49
19.9401  0.5
19.9501  0.64
19.9601  0.51
19.9701  0.45
19.9801  0.56
19.9901  0.56
20.0001  0.58
20.0101  0.57
20.0201  0.62
20.0301  0.61
20.0401  0.48
20.0501  0.41
20.0601  0.62
20.0701  0.53
20.0801  0.51
20.0901  0.59
20.1001  0.61
20.1101  0.53
20.1201  0.47
20.1301  0.39
20.1401  0.52
20.1501  0.47
20.1601  0.5
20.1701  0.53
20.1801  0.59
20.1901  0.6
20.2001  0.57
20.2101  0.45
20.2201  0.45
20.2301  0.5
20.2401  0.43
20.2501  0.47
20.2601  0.44
20.2701  0.57
20.2801  0.62
20.2901  0.63
20.3001  0.46
20.3101  0.52
20.3201  0.46
20.3301  0.64
20.3401  0.53
20.3501  0.64
20.3601  0.69
20.3701  0.44
20.3801  0.45
20.3901  0.68
20.4001  0.59
20.4101  0.58
20.4201  0.56
20.4301  0.51
20.4401  0.61
20.4501  0.5
20.4601  0.48
20.4701  0.43
20.4801  0.36
20.4901  0.52
20.5001  0.62
20.5101  0.54
20.5201  0.55
20.5301  0.5
20.5401  0.44
20.5501  0.49
20.5601  0.58
20.5701  0.7
20.5801  0.61
20.5901  0.25
20.6001  0.54
20.6101  0.5
20.6201  0.43
20.6301  0.58
20.6401  0.61
20.6501  0.5
20.6601  0.48
20.6701  0.56
20.6801  0.52
20.6901  0.55
20.7001  0.57
20.7101  0.51
20.7201  0.5
20.7301  0.5
20.7401  0.48
20.7501  0.41
20.7601  0.52
20.7701  0.65
20.7801  0.58
20.7901  0.53
20.8001  0.55
20.8101  0.49
20.8201  0.5
20.8301  0.5
20.8401  0.5
20.8501  0.47
20.8601  0.53
20.8701  0.83
20.8801  0.64
20.8901  0.51
20.9001  0.65
20.9101  0.56
20.9201  0.51
20.9301  0.53
20.9401  0.57
20.9501  0.49
20.9601  0.57
20.9701  0.5
20.9801  0.53
20.9901  0.41
21.0001  0.53
21.0101  0.59
21.0201  0.59
21.0301  0.49
21.0401  0.55
21.0501  0.54
21.0601  0.71
21.0701  0.44
21.0801  0.6
21.0901  0.41
21.1001  0.58
21.1101  0.55
21.1201  0.59
21.1301  0.39
21.1401  0.6
21.1501  0.64
21.1601  0.65
21.1701  0.53
21.1801  0.4
21.1901  0.64
21.2001  0.5
21.2101  0.58
21.2201  0.56
21.2301  0.46
21.2401  0.57
21.2501  0.59
21.2601  0.64
21.2701  0.5
21.2801  0.55
21.2901  0.5
21.3001  0.51
21.3101  0.45
21.3201  0.45
21.3301  0.66
21.3401  0.52
21.3501  0.51
21.3601  0.58
21.3701  0.36
21.3801  0.63
21.3901  0.64
21.4001  0.51
21.4101  0.6
21.4201  0.5
21.4301  0.6
21.4401  0.42
21.4501  0.61
21.4601  0.55
21.4701  0.66
21.4801  0.39
21.4901  0.6
21.5001  0.65
21.5101  0.54
21.5201  0.65
21.5301  0.41
21.5401  0.56
21.5501  0.59
21.5601  0.56
21.5701  0.61
21.5801  0.59
21.5901  0.57
21.6001  0.58
21.6101  0.61
21.6201  0.55
21.6301  0.45
21.6401  0.57
21.6501  0.52
21.6601  0.53
21.6701  0.53
21.6801  0.46
21.6901  0.61
21.7001  0.48
21.7101  0.58
21.7201  0.47
21.7301  0.47
21.7401  0.49
21.7501  0.54
21.7601  0.56
21.7701  0.62
21.7801  0.45
21.7901  0.53
21.8001  0.57
21.8101  0.63
21.8201  0.63
21.8301  0.63
21.8401  0.58
21.8501  0.47
21.8601  0.43
21.8701  0.54
21.8801  0.47
21.8901  0.61
21.9001  0.51
21.9101  0.63
21.9201  0.57
21.9301  0.45
21.9401  0.7
21.9501  0.56
21.9601  0.58
21.9701  0.39
21.9801  0.49
21.9901  0.55
22.0001  0.55
22.0101  0.57
22.0201  0.58
22.0301  0.52
22.0401  0.67
22.0501  0.55
22.0601  0.46
22.0701  0.44
22.0801  0.6
22.0901  0.73
22.1001  0.44
22.1101  0.66
22.1201  0.39
22.1301  0.63
22.1401  0.51
22.1501  0.52
22.1601  0.54
22.1701  0.57
22.1801  0.5
22.1901  0.52
22.2001  0.51
22.2101  0.6
22.2201  0.51
22.2301  0.46
22.2401  0.54
22.2501  0.54
22.2601  0.48
22.2701  0.43
22.2801  0.62
22.2901  0.58
22.3001  0.56
22.3101  0.6
22.3201  0.65
22.3301  0.71
22.3401  0.49
22.3501  0.61
22.3601  0.46
22.3701  0.51
22.3801  0.54
22.3901  0.62
22.4001  0.48
22.4101  0.54
22.4201  0.61
22.4301  0.48
22.4401  0.42
22.4501  0.4
22.4601  0.54
22.4701  0.51
22.4801  0.67
22.4901  0.58
22.5001  0.56
22.5101  0.51
22.5201  0.53
22.5301  0.65
22.5401  0.41
22.5501  0.69
22.5601  0.64
22.5701  0.59
22.5801  0.58
22.5901  0.52
22.6001  0.52
22.6101  0.41
22.6201  0.5
22.6301  0.47
22.6401  0.62
22.6501  0.49
22.6601  0.5
22.6701  0.62
22.6801  0.45
22.6901  0.63
22.7001  0.55
22.7101  0.49
22.7201  0.46
22.7301  0.53
22.7401  0.41
22.7501  0.59
22.7601  0.64
22.7701  0.54
22.7801  0.43
22.7901  0.46
22.8001  0.61
22.8101  0.49
22.8201  0.47
22.8301  0.62
22.8401  0.51
22.8501  0.59
22.8601  0.5
22.8701  0.48
22.8801  0.57
22.8901  0.51
22.9001  0.55
22.9101  0.57
22.9201  0.52
22.9301  0.46
22.9401  0.58
22.9501  0.52
22.9601  0.42
22.9701  0.47
22.9801  0.51
22.9901  0.53
23.0001  0.56
23.0101  0.44
23.0201  0.55
23.0301  0.52
23.0401  0.61
23.0501  0.53
23.0601  0.35
23.0701  0.56
23.0801  0.54
23.0901  0.6
23.1001  0.62
23.1101  0.56
23.1201  0.56
23.1301  0.46
23.1401  0.7
23.1501  0.55
23.1601  0.44
23.1701  0.54
23.1801  0.5
23.1901  0.5
23.2001  0.44
23.2101  0.5
23.2201  0.44
23.2301  0.51
23.2401  0.54
23.2501  0.56
23.2601  0.64
23.2701  0.54
23.2801  0.53
23.2901  0.58
23.3001  0.51
23.3101  0.6
23.3201  0.6
23.3301  0.51
23.3401  0.48
23.3501  0.46
23.3601  0.45
23.3701  0.66
23.3801  0.63
23.3901  0.46
23.4001  0.55
23.4101  0.49
23.4201  0.52
23.4301  0.53
23.4401  0.49
23.4501  0.56
23.4601  0.74
23.4701  0.57
23.4801  0.64
23.4901  0.68
23.5001  0.52
23.5101  0.65
23.5201  0.52
23.5301  0.63
23.5401  0.41
23.5501  0.43
23.5601  0.53
23.5701  0.7
23.5801  0.55
23.5901  0.55
23.6001  0.42
23.6101  0.52
23.6201  0.48
23.6301  0.51
23.6401  0.47
23.6501  0.5
23.6601  0.56
23.6701  0.47
23.6801  0.45
23.6901  0.51
23.7001  0.61
23.7101  0.57
23.7201  0.65
23.7301  0.56
23.7401  0.54
23.7501  0.51
23.7601  0.49
23.7701  0.56
23.7801  0.58
23.7901  0.67
23.8001  0.48
23.8101  0.54
23.8201  0.61
23.8301  0.63
23.8401  0.44
23.8501  0.68
23.8601  0.65
23.8701  0.64
23.8801  0.59
23.8901  0.58
23.9001  0.47
23.9101  0.59
23.9201  0.5
23.9301  0.52
23.9401  0.56
23.9501  0.49
23.9601  0.56
23.9701  0.45
23.9801  0.52
23.9901  0.54
24.0001  0.54
24.0101  0.61
24.0201  0.42
24.0301  0.43
24.0401  0.53
24.0501  0.61
24.0601  0.44
24.0701  0.58
24.0801  0.45
24.0901  0.48
24.1001  0.56
24.1101  0.46
24.1201  0.53
24.1301  0.58
24.1401  0.58
24.1501  0.51
24.1601  0.47
24.1701  0.55
24.1801  0.46
24.1901  0.49
24.2001  0.53
24.2101  0.42
24.2201  0.57
24.2301  0.52
24.2401  0.62
24.2501  0.63
24.2601  0.44
24.2701  0.49
24.2801  0.6
24.2901  0.58
24.3001  0.45
24.3101  0.66
24.3201  0.68
24.3301  0.51
24.3401  0.61
24.3501  0.48
24.3601  0.55
24.3701  0.61
24.3801  0.52
24.3901  0.45
24.4001  0.6
24.4101  0.62
24.4201  0.4
24.4301  0.57
24.4401  0.51
24.4501  0.56
24.4601  0.52
24.4701  0.63
24.4801  0.55
24.4901  0.46
24.5001  0.49
24.5101  0.46
24.5201  0.61
24.5301  0.69
24.5401  0.58
24.5501  0.52
24.5601  0.6
24.5701  0.37
24.5801  0.56
24.5901  0.51
24.6001  0.55
24.6101  0.58
24.6201  0.55
24.6301  0.58
24.6401  0.59
24.6501  0.5
24.6601  0.53
24.6701  0.5
24.6801  0.5
24.6901  0.49
24.7001  0.49
24.7101  0.68
24.7201  0.58
24.7301  0.4
24.7401  0.57
24.7501  0.54
24.7601  0.48
24.7701  0.72
24.7801  0.53
24.7901  0.52
24.8001  0.54
24.8101  0.59
24.8201  0.59
24.8301  0.56
24.8401  0.48
24.8501  0.73
24.8601  0.5
24.8701  0.41
24.8801  0.55
24.8901  0.46
24.9001  0.43
24.9101  0.44
24.9201  0.58
24.9301  0.46
24.9401  0.6
24.9501  0.49
24.9601  0.64
24.9701  0.63
24.9801  0.66
24.9901  0.48
25.0001  0.44
25.0101  0.47
25.0201  0.56
25.0301  0.63
25.0401  0.53
25.0501  0.59
25.0601  0.61
25.0701  0.52
25.0801  0.56
25.0901  0.54
25.1001  0.44
25.1101  0.64
25.1201  0.75
25.1301  0.43
25.1401  0.56
25.1501  0.63
25.1601  0.53
25.1701  0.54
25.1801  0.47
25.1901  0.54
25.2001  0.4
25.2101  0.52
25.2201  0.49
25.2301  0.49
25.2401  0.52
25.2501  0.65
25.2601  0.57
25.2701  0.62
25.2801  0.52
25.2901  0.55
25.3001  0.53
25.3101  0.47
25.3201  0.45
25.3301  0.51
25.3401  0.62
25.3501  0.52
25.3601  0.6
25.3701  0.47
25.3801  0.47
25.3901  0.6
25.4001  0.47
25.4101  0.55
25.4201  0.53
25.4301  0.69
25.4401  0.54
25.4501  0.6
25.4601  0.44
25.4701  0.66
25.4801  0.49
25.4901  0.5
25.5001  0.49
25.5101  0.6
25.5201  0.54
25.5301  0.53
25.5401  0.55
25.5501  0.46
25.5601  0.55
25.5701  0.41
25.5801  0.68
25.5901  0.46
25.6001  0.5
25.6101  0.57
25.6201  0.49
25.6301  0.62
25.6401  0.57
25.6501  0.64
25.6601  0.52
25.6701  0.49
25.6801  0.65
25.6901  0.62
25.7001  0.61
25.7101  0.59
25.7201  0.47
25.7301  0.45
25.7401  0.49
25.7501  0.48
25.7601  0.56
25.7701  0.47
25.7801  0.63
25.7901  0.53
25.8001  0.54
25.8101  0.58
25.8201  0.54
25.8301  0.51
25.8401  0.6
25.8501  0.55
25.8601  0.46
25.8701  0.54
25.8801  0.42
25.8901  0.62
25.9001  0.51
25.9101  0.47
25.9201  0.54
25.9301  0.55
25.9401  0.61
25.9501  0.61
25.9601  0.49
25.9701  0.39
25.9801  0.55
25.9901  0.61
26.0001  0.57
26.0101  0.66
26.0201  0.53
26.0301  0.56
26.0401  0.5
26.0501  0.57
26.0601  0.54
26.0701  0.55
26.0801  0.67
26.0901  0.55
26.1001  0.55
26.1101  0.71
26.1201  0.49
26.1301  0.42
26.1401  0.56
26.1501  0.57
26.1601  0.59
26.1701  0.47
26.1801  0.57
26.1901  0.37
26.2001  0.46
26.2101  0.59
26.2201  0.57
26.2301  0.52
26.2401  0.51
26.2501  0.61
26.2601  0.49
26.2701  0.68
26.2801  0.59
26.2901  0.45
26.3001  0.43
26.3101  0.59
26.3201  0.65
26.3301  0.63
26.3401  0.53
26.3501  0.67
26.3601  0.71
26.3701  0.59
26.3801  0.54
26.3901  0.52
26.4001  0.47
26.4101  0.5
26.4201  0.42
26.4301  0.45
26.4401  0.63
26.4501  0.59
26.4601  0.46
26.4701  0.39
26.4801  0.51
26.4901  0.64
26.5001  0.52
26.5101  0.52
26.5201  0.54
26.5301  0.63
26.5401  0.58
26.5501  0.52
26.5601  0.54
26.5701  0.37
26.5801  0.52
26.5901  0.52
26.6001  0.59
26.6101  0.56
26.6201  0.52
26.6301  0.56
26.6401  0.73
26.6501  0.56
26.6601  0.54
26.6701  0.47
26.6801  0.51
26.6901  0.51
26.7001  0.56
26.7101  0.54
26.7201  0.56
26.7301  0.47
26.7401  0.64
26.7501  0.56
26.7601  0.59
26.7701  0.54
26.7801  0.51
26.7901  0.49
26.8001  0.52
26.8101  0.62
26.8201  0.65
26.8301  0.62
26.8401  0.41
26.8501  0.51
26.8601  0.63
26.8701  0.5
26.8801  0.53
26.8901  0.6
26.9001  0.56
26.9101  0.51
26.9201  0.46
26.9301  0.55
26.9401  0.58
26.9501  0.51
26.9601  0.63
26.9701  0.48
26.9801  0.63
26.9901  0.51
27.0001  0.54
27.0101  0.41
27.0201  0.45
27.0301  0.55
27.0401  0.51
27.0501  0.47
27.0601  0.46
27.0701  0.66
27.0801  0.45
27.0901  0.59
27.1001  0.6
27.1101  0.49
27.1201  0.48
27.1301  0.64
27.1401  0.62
27.1501  0.41
27.1601  0.56
27.1701  0.54
27.1801  0.51
27.1901  0.64
27.2001  0.49
27.2101  0.62
27.2201  0.57
27.2301  0.47
27.2401  0.57
27.2501  0.52
27.2601  0.54
27.2701  0.53
27.2801  0.64
27.2901  0.47
27.3001  0.52
27.3101  0.5
27.3201  0.61
27.3301  0.34
27.3401  0.51
27.3501  0.55
27.3601  0.55
27.3701  0.53
27.3801  0.42
27.3901  0.54
27.4001  0.45
27.4101  0.6
27.4201  0.57
27.4301  0.66
27.4401  0.47
27.4501  0.55
27.4601  0.57
27.4701  0.55
27.4801  0.57
27.4901  0.6
27.5001  0.54
27.5101  0.39
27.5201  0.59
27.5301  0.51
27.5401  0.5
27.5501  0.47
27.5601  0.59
27.5701  0.55
27.5801  0.59
27.5901  0.43
27.6001  0.5
27.6101  0.42
27.6201  0.46
27.6301  0.47
27.6401  0.52
27.6501  0.54
27.6601  0.38
27.6701  0.47
27.6801  0.49
27.6901  0.7
27.7001  0.51
27.7101  0.56
27.7201  0.58
27.7301  0.48
27.7401  0.53
27.7501  0.47
27.7601  0.47
27.7701  0.5
27.7801  0.49
27.7901  0.53
27.8001  0.54
27.8101  0.58
27.8201  0.77
27.8301  0.49
27.8401  0.5
27.8501  0.57
27.8601  0.54
27.8701  0.51
27.8801  0.43
27.8901  0.41
27.9001  0.59
27.9101  0.55
27.9201  0.69
27.9301  0.6
27.9401  0.56
27.9501  0.63
27.9601  0.56
27.9701  0.59
27.9801  0.57
27.9901  0.49
28.0001  0.6
28.0101  0.51
28.0201  0.5
28.0301  0.45
28.0401  0.57
28.0501  0.64
28.0601  0.51
28.0701  0.5
28.0801  0.49
28.0901  0.59
28.1001  0.51
28.1101  0.64
28.1201  0.48
28.1301  0.63
28.1401  0.54
28.1501  0.58
28.1601  0.58
28.1701  0.44
28.1801  0.54
28.1901  0.56
28.2001  0.53
28.2101  0.68
28.2201  0.5
28.2301  0.6
28.2401  0.57
28.2501  0.59
28.2601  0.55
28.2701  0.55
28.2801  0.59
28.2901  0.49
28.3001  0.59
28.3101  0.5
28.3201  0.48
28.3301  0.51
28.3401  0.73
28.3501  0.51
28.3601  0.57
28.3701  0.56
28.3801  0.59
28.3901  0.54
28.4001  0.56
28.4101  0.52
28.4201  0.62
28.4301  0.81
28.4401  0.52
28.4501  0.51
28.4601  0.61
28.4701  0.45
28.4801  0.48
28.4901  0.57
28.5001  0.66
28.5101  0.56
28.5201  0.49
28.5301  0.48
28.5401  0.53
28.5501  0.45
28.5601  0.53
28.5701  0.44
28.5801  0.6
28.5901  0.48
28.6001  0.49
28.6101  0.57
28.6201  0.51
28.6301  0.63
28.6401  0.61
28.6501  0.59
28.6601  0.61
28.6701  0.62
28.6801  0.58
28.6901  0.47
28.7001  0.54
28.7101  0.48
28.7201  0.75
28.7301  0.48
28.7401  0.53
28.7501  0.62
28.7601  0.43
28.7701  0.48
28.7801  0.58
28.7901  0.5
28.8001  0.46
28.8101  0.54
28.8201  0.61
28.8301  0.5
28.8401  0.45
28.8501  0.54
28.8601  0.44
28.8701  0.54
28.8801  0.56
28.8901  0.55
28.9001  0.65
28.9101  0.51
28.9201  0.59
28.9301  0.46
28.9401  0.61
28.9501  0.65
28.9601  0.44
28.9701  0.57
28.9801  0.46
28.9901  0.49
29.0001  0.54
29.0101  0.54
29.0201  0.46
29.0301  0.53
29.0401  0.58
29.0501  0.66
29.0601  0.53
29.0701  0.6
29.0801  0.52
29.0901  0.6
29.1001  0.57
29.1101  0.64
29.1201  0.55
29.1301  0.53
29.1401  0.45
29.1501  0.5
29.1601  0.58
29.1701  0.58
29.1801  0.55
29.1901  0.46
29.2001  0.53
29.2101  0.47
29.2201  0.55
29.2301  0.49
29.2401  0.42
29.2501  0.54
29.2601  0.48
29.2701  0.52
29.2801  0.5
29.2901  0.58
29.3001  0.51
29.3101  0.52
29.3201  0.6
29.3301  0.43
29.3401  0.63
29.3501  0.58
29.3601  0.48
29.3701  0.57
29.3801  0.51
29.3901  0.47
29.4001  0.49
29.4101  0.46
29.4201  0.65
29.4301  0.56
29.4401  0.51
29.4501  0.42
29.4601  0.58
29.4701  0.57
29.4801  0.52
29.4901  0.6
29.5001  0.45
29.5101  0.39
29.5201  0.67
29.5301  0.63
29.5401  0.51
29.5501  0.54
29.5601  0.5
29.5701  0.6
29.5801  0.49
29.5901  0.48
29.6001  0.62
29.6101  0.56
29.6201  0.49
29.6301  0.58
29.6401  0.47
29.6501  0.72
29.6601  0.62
29.6701  0.56
29.6801  0.44
29.6901  0.6
29.7001  0.48
29.7101  0.65
29.7201  0.53
29.7301  0.5
29.7401  0.48
29.7501  0.43
29.7601  0.62
29.7701  0.72
29.7801  0.51
29.7901  0.38
29.8001  0.54
29.8101  0.43
29.8201  0.49
29.8301  0.53
29.8401  0.55
29.8501  0.55
29.8601  0.5
29.8701  0.53
29.8801  0.4
29.8901  0.44
29.9001  0.49
29.9101  0.5
29.9201  0.53
29.9301  0.57
29.9401  0.55
29.9501  0.54
29.9601  0.49
29.9701  0.61
29.9801  0.53
29.9901  0.6
30.0001  0.47
30.0101  0.53
30.0201  0.63
30.0301  0.54
30.0401  0.52
30.0501  0.49
30.0601  0.52
30.0701  0.52
30.0801  0.54
30.0901  0.58
30.1001  0.64
30.1101  0.57
30.1201  0.48
30.1301  0.5
30.1401  0.52
30.1501  0.59
30.1601  0.62
30.1701  0.64
30.1801  0.52
30.1901  0.54
30.2001  0.6
30.2101  0.57
30.2201  0.59
30.2301  0.45
30.2401  0.57
30.2501  0.56
30.2601  0.48
30.2701  0.57
30.2801  0.61
30.2901  0.6
30.3001  0.54
30.3101  0.46
30.3201  0.65
30.3301  0.51
30.3401  0.44
30.3501  0.49
30.3601  0.58
30.3701  0.59
30.3801  0.57
30.3901  0.62
30.4001  0.66
30.4101  0.47
30.4201  0.54
30.4301  0.53
30.4401  0.55
30.4501  0.43
30.4601  0.58
30.4701  0.63
30.4801  0.53
30.4901  0.51
30.5001  0.58
30.5101  0.45
30.5201  0.62
30.5301  0.5
30.5401  0.57
30.5501  0.36
30.5601  0.47
30.5701  0.53
30.5801  0.71
30.5901  0.52
30.6001  0.53
30.6101  0.46
30.6201  0.47
30.6301  0.59
30.6401  0.49
30.6501  0.55
30.6601  0.72
30.6701  0.51
30.6801  0.68
30.6901  0.65
30.7001  0.41
30.7101  0.56
30.7201  0.61
30.7301  0.54
30.7401  0.59
30.7501  0.62
30.7601  0.62
30.7701  0.52
30.7801  0.34
30.7901  0.49
30.8001  0.44
30.8101  0.5
30.8201  0.52
30.8301  0.57
30.8401  0.46
30.8501  0.58
30.8601  0.54
30.8701  0.64
30.8801  0.51
30.8901  0.51
30.9001  0.6
30.9101  0.44
30.9201  0.57
30.9301  0.53
30.9401  0.57
30.9501  0.66
30.9601  0.5
30.9701  0.44
30.9801  0.5
30.9901  0.51
31.0001  0.61
31.0101  0.44
31.0201  0.59
31.0301  0.58
31.0401  0.51
31.0501  0.62
31.0601  0.48
31.0701  0.56
31.0801  0.46
31.0901  0.43
31.1001  0.6
31.1101  0.53
31.1201  0.57
31.1301  0.51
31.1401  0.65
31.1501  0.46
31.1601  0.52
31.1701  0.49
31.1801  0.49
31.1901  0.48
31.2001  0.46
31.2101  0.58
31.2201  0.43
31.2301  0.69
31.2401  0.59
31.2501  0.49
31.2601  0.42
31.2701  0.55
31.2801  0.47
31.2901  0.48
31.3001  0.55
31.3101  0.65
31.3201  0.44
31.3301  0.67
31.3401  0.47
31.3501  0.61
31.3601  0.64
31.3701  0.63
31.3801  0.47
31.3901  0.54
31.4001  0.55
31.4101  0.45
31.4201  0.67
31.4301  0.59
31.4401  0.6
31.4501  0.48
31.4601  0.59
31.4701  0.55
31.4801  0.69
31.4901  0.54
31.5001  0.53
31.5101  0.54
31.5201  0.58
31.5301  0.53
31.5401  0.44
31.5501  0.54
31.5601  0.61
31.5701  0.47
31.5801  0.38
31.5901  0.58
31.6001  0.44
31.6101  0.46
31.6201  0.69
31.6301  0.49
31.6401  0.58
31.6501  0.63
31.6601  0.46
31.6701  0.63
31.6801  0.4
31.6901  0.52
31.7001  0.5
31.7101  0.52
31.7201  0.65
31.7301  0.43
31.7401  0.58
31.7501  0.55
31.7601  0.51
31.7701  0.47
31.7801  0.53
31.7901  0.49
31.8001  0.45
31.8101  0.5
31.8201  0.51
31.8301  0.56
31.8401  0.57
31.8501  0.58
31.8601  0.48
31.8701  0.63
31.8801  0.65
31.8901  0.58
31.9001  0.54
31.9101  0.55
31.9201  0.5
31.9301  0.56
31.9401  0.59
31.9501  0.55
31.9601  0.5
31.9701  0.59
31.9801  0.53
31.9901  0.7
32.0001  0.72
32.0101  0.54
32.0201  0.46
32.0301  0.72
32.0401  0.55
32.0501  0.44
32.0601  0.49
32.0701  0.62
32.0801  0.53
32.0901  0.44
32.1001  0.62
32.1101  0.6
32.1201  0.52
32.1301  0.61
32.1401  0.61
32.1501  0.54
32.1601  0.62
32.1701  0.62
32.1801  0.53
32.1901  0.6
32.2001  0.48
32.2101  0.51
32.2201  0.55
32.2301  0.55
32.2401  0.38
32.2501  0.46
32.2601  0.57
32.2701  0.57
32.2801  0.5
32.2901  0.5
32.3001  0.67
32.3101  0.51
32.3201  0.54
32.3301  0.58
32.3401  0.5
32.3501  0.62
32.3601  0.52
32.3701  0.52
32.3801  0.39
32.3901  0.44
32.4001  0.48
32.4101  0.47
32.4201  0.42
32.4301  0.61
32.4401  0.47
32.4501  0.51
32.4601  0.53
32.4701  0.44
32.4801  0.56
32.4901  0.64
32.5001  0.5
32.5101  0.51
32.5201  0.56
32.5301  0.34
32.5401  0.61
32.5501  0.54
32.5601  0.49
32.5701  0.65
32.5801  0.55
32.5901  0.57
32.6001  0.56
32.6101  0.65
32.6201  0.52
32.6301  0.52
32.6401  0.57
32.6501  0.45
32.6601  0.43
32.6701  0.62
32.6801  0.57
32.6901  0.49
32.7001  0.58
32.7101  0.52
32.7201  0.57
32.7301  0.53
32.7401  0.67
32.7501  0.56
32.7601  0.55
32.7701  0.65
32.7801  0.41
32.7901  0.39
32.8001  0.55
32.8101  0.53
32.8201  0.49
32.8301  0.61
32.8401  0.53
32.8501  0.52
32.8601  0.48
32.8701  0.39
32.8801  0.66
32.8901  0.57
32.9001  0.44
32.9101  0.61
32.9201  0.5
32.9301  0.56
32.9401  0.51
32.9501  0.63
32.9601  0.63
32.9701  0.53
32.9801  0.51
32.9901  0.54
33.0001  0.49
33.0101  0.57
33.0201  0.56
33.0301  0.59
33.0401  0.64
33.0501  0.49
33.0601  0.45
33.0701  0.61
33.0801  0.53
33.0901  0.5
33.1001  0.54
33.1101  0.54
33.1201  0.66
33.1301  0.6
33.1401  0.53
33.1501  0.61
33.1601  0.57
33.1701  0.53
33.1801  0.55
33.1901  0.46
33.2001  0.6
33.2101  0.47
33.2201  0.5
33.2301  0.43
33.2401  0.58
33.2501  0.57
33.2601  0.54
33.2701  0.41
33.2801  0.47
33.2901  0.58
33.3001  0.41
33.3101  0.5
33.3201  0.48
33.3301  0.59
33.3401  0.48
33.3501  0.39
33.3601  0.49
33.3701  0.62
33.3801  0.72
33.3901  0.51
33.4001  0.61
33.4101  0.61
33.4201  0.52
33.4301  0.51
33.4401  0.53
33.4501  0.42
33.4601  0.69
33.4701  0.53
33.4801  0.48
33.4901  0.46
33.5001  0.48
33.5101  0.53
33.5201  0.54
33.5301  0.62
33.5401  0.49
33.5501  0.53
33.5601  0.62
33.5701  0.59
33.5801  0.63
33.5901  0.61
33.6001  0.51
33.6101  0.54
33.6201  0.52
33.6301  0.53
33.6401  0.56
33.6501  0.65
33.6601  0.58
33.6701  0.57
33.6801  0.51
33.6901  0.53
33.7001  0.49
33.7101  0.47
33.7201  0.53
33.7301  0.64
33.7401  0.63
33.7501  0.6
33.7601  0.51
33.7701  0.45
33.7801  0.48
33.7901  0.61
33.8001  0.54
33.8101  0.58
33.8201  0.55
33.8301  0.59
33.8401  0.51
33.8501  0.65
33.8601  0.62
33.8701  0.42
33.8801  0.38
33.8901  0.56
33.9001  0.62
33.9101  0.67
33.9201  0.54
33.9301  0.6
33.9401  0.6
33.9501  0.56
33.9601  0.51
33.9701  0.48
33.9801  0.6
33.9901  0.48
34.0001  0.64
34.0101  0.51
34.0201  0.51
34.0301  0.52
34.0401  0.5
34.0501  0.57
34.0601  0.63
34.0701  0.53
34.0801  0.69
34.0901  0.58
34.1001  0.57
34.1101  0.52
34.1201  0.54
34.1301  0.44
34.1401  0.55
34.1501  0.55
34.1601  0.49
34.1701  0.51
34.1801  0.45
34.1901  0.54
34.2001  0.59
34.2101  0.38
34.2201  0.57
34.2301  0.46
34.2401  0.52
34.2501  0.61
34.2601  0.6
34.2701  0.54
34.2801  0.57
34.2901  0.51
34.3001  0.47
34.3101  0.54
34.3201  0.58
34.3301  0.56
34.3401  0.48
34.3501  0.46
34.3601  0.63
34.3701  0.58
34.3801  0.5
34.3901  0.44
34.4001  0.49
34.4101  0.58
34.4201  0.51
34.4301  0.54
34.4401  0.41
34.4501  0.53
34.4601  0.7
34.4701  0.66
34.4801  0.53
34.4901  0.49
34.5  0.58
34.51  0.59
34.52  0.34
34.53  0.5
34.54  0.5
34.55  0.53
34.56  0.52
34.57  0.52
34.58  0.59
34.59  0.45
34.6  0.57
34.61  0.59
34.62  0.53
34.63  0.49
34.64  0.63
34.65  0.58
34.66  0.62
34.67  0.71
34.68  0.45
34.69  0.47
34.7  0.55
34.71  0.56
34.72  0.53
34.73  0.43
34.74  0.57
34.75  0.54
34.76  0.46
34.77  0.4
34.78  0.56
34.79  0.48
34.8  0.63
34.81  0.54
34.82  0.4
34.83  0.47
34.84  0.69
34.85  0.47
34.86  0.57
34.87  0.6
34.88  0.56
34.89  0.59
34.9  0.61
34.91  0.54
34.92  0.46
34.93  0.62
34.94  0.54
34.95  0.39
34.96  0.51
34.97  0.42
34.98  0.66
34.99  0.51
