-15  0
-14.99  0
-14.98  0.01
-14.97  0.01
-14.96  0.01
-14.95  0.01
-14.94  0.02
-14.93  0.02
-14.92  0.03
-14.91  0.03
-14.9  0.03
-14.89  0.04
-14.88  0.04
-14.87  0.04
-14.86  0.06
-14.85  0.05
-14.84  0.06
-14.83  0.06
-14.82  0.07
-14.81  0.08
-14.8  0.09
-14.79  0.09
-14.78  0.09
-14.77  0.1
-14.76  0.13
-14.75  0.12
-14.74  0.13
-14.73  0.17
-14.72  0.16
-14.71  0.17
-14.7  0.19
-14.69  0.23
-14.68  0.23
-14.67  0.27
-14.66  0.29
-14.65  0.33
-14.64  0.37
-14.63  0.42
-14.62  0.5
-14.61  0.55
-14.6  0.64
-14.59  0.78
-14.58  0.9
-14.57  1.17
-14.56  1.38
-14.55  1.78
-14.54  2.3
-14.53  3.12
-14.52  4.29
-14.51  6.04
-14.5  8.34
-14.49  10.46
-14.48  10.79
-14.47  9.03
-14.46  6.69
-14.45  4.74
-14.44  3.41
-14.43  2.52
-14.42  1.92
-14.41  1.51
-14.4  1.23
-14.39  1
-14.38  0.83
-14.37  0.71
-14.36  0.6
-14.35  0.53
-14.34  0.47
-14.33  0.42
-14.32  0.38
-14.31  0.34
-14.3  0.31
-14.29  0.3
-14.28  0.27
-14.27  0.24
-14.26  0.25
-14.25  0.21
-14.24  0.2
-14.23  0.2
-14.22  0.19
-14.21  0.17
-14.2  0.19
-14.19  0.17
-14.18  0.16
-14.17  0.18
-14.16  0.15
-14.15  0.16
-14.14  0.14
-14.13  0.14
-14.12  0.16
-14.11  0.14
-14.1  0.14
-14.09  0.15
-14.08  0.15
-14.07  0.14
-14.06  0.16
-14.05  0.15
-14.04  0.13
-14.03  0.13
-14.02  0.14
-14.01  0.16
-14  0.16
-13.99  0.18
-13.98  0.14
-13.97  0.15
-13.96  0.15
-13.95  0.18
-13.94  0.17
-13.93  0.17
-13.92  0.19
-13.91  0.16
-13.9  0.19
-13.89  0.2
-13.88  0.2
-13.87  0.18
-13.86  0.21
-13.85  0.22
-13.84  0.25
-13.83  0.23
-13.82  0.25
-13.81  0.24
-13.8  0.26
-13.79  0.27
-13.78  0.25
-13.77  0.35
-13.76  0.3
-13.75  0.31
-13.74  0.34
-13.73  0.37
-13.72  0.38
-13.71  0.4
-13.7  0.46
-13.69  0.45
-13.68  0.49
-13.67  0.53
-13.66  0.55
-13.65  0.6
-13.64  0.65
-13.63  0.7
-13.62  0.76
-13.61  0.84
-13.6  0.92
-13.59  0.99
-13.58  1.12
-13.57  1.2
-13.56  1.32
-13.55  1.51
-13.54  1.68
-13.53  1.84
-13.52  2.12
-13.51  2.32
-13.5  2.59
-13.49  2.86
-13.48  3.13
-13.47  3.37
-13.46  3.6
-13.45  3.74
-13.44  3.73
-13.43  3.69
-13.42  3.57
-13.41  3.3
-13.4  3.07
-13.39  2.85
-13.38  2.51
-13.37  2.31
-13.36  2.03
-13.35  1.84
-13.34  1.61
-13.33  1.51
-13.32  1.34
-13.31  1.22
-13.3  1.1
-13.29  1
-13.28  0.95
-13.27  0.84
-13.26  0.79
-13.25  0.71
-13.24  0.67
-13.23  0.64
-13.22  0.6
-13.21  0.6
-13.2  0.52
-13.19  0.52
-13.18  0.48
-13.17  0.46
-13.16  0.43
-13.15  0.43
-13.14  0.42
-13.13  0.39
-13.12  0.38
-13.11  0.36
-13.1  0.37
-13.09  0.35
-13.08  0.34
-13.07  0.35
-13.06  0.34
-13.05  0.31
-13.04  0.33
-13.03  0.33
-13.02  0.32
-13.01  0.32
-13  0.3
-12.99  0.32
-12.98  0.3
-12.97  0.3
-12.96  0.3
-12.95  0.32
-12.94  0.32
-12.93  0.33
-12.92  0.28
-12.91  0.34
-12.9  0.34
-12.89  0.31
-12.88  0.34
-12.87  0.31
-12.86  0.35
-12.85  0.33
-12.84  0.37
-12.83  0.37
-12.82  0.37
-12.81  0.38
-12.8  0.37
-12.79  0.39
-12.78  0.42
-12.77  0.4
-12.76  0.43
-12.75  0.42
-12.74  0.52
-12.73  0.48
-12.72  0.51
-12.71  0.51
-12.7  0.52
-12.69  0.53
-12.68  0.61
-12.67  0.58
-12.66  0.64
-12.65  0.7
-12.64  0.69
-12.63  0.76
-12.62  0.77
-12.61  0.82
-12.6  0.87
-12.59  0.95
-12.58  0.97
-12.57  1.04
-12.56  1.1
-12.55  1.18
-12.54  1.24
-12.53  1.33
-12.52  1.41
-12.51  1.5
-12.5  1.63
-12.49  1.69
-12.48  1.8
-12.47  1.89
-12.46  1.99
-12.45  2.13
-12.44  2.16
-12.43  2.24
-12.42  2.29
-12.41  2.3
-12.4  2.36
-12.39  2.33
-12.38  2.28
-12.37  2.26
-12.36  2.19
-12.35  2.13
-12.34  2.06
-12.33  1.92
-12.32  1.82
-12.31  1.77
-12.3  1.63
-12.29  1.56
-12.28  1.48
-12.27  1.4
-12.26  1.27
-12.25  1.22
-12.24  1.15
-12.23  1.08
-12.22  1.05
-12.21  0.97
-12.2  0.91
-12.19  0.89
-12.18  0.83
-12.17  0.81
-12.16  0.75
-12.15  0.74
-12.14  0.71
-12.13  0.66
-12.12  0.64
-12.11  0.65
-12.1  0.62
-12.09  0.58
-12.08  0.56
-12.07  0.53
-12.06  0.58
-12.05  0.52
-12.04  0.52
-12.03  0.51
-12.02  0.47
-12.01  0.5
-12  0.45
-11.99  0.49
-11.98  0.47
-11.97  0.48
-11.96  0.48
-11.95  0.48
-11.94  0.46
-11.93  0.45
-11.92  0.41
-11.91  0.47
-11.9  0.42
-11.89  0.45
-11.88  0.43
-11.87  0.48
-11.86  0.44
-11.85  0.47
-11.84  0.48
-11.83  0.46
-11.82  0.51
-11.81  0.47
-11.8  0.49
-11.79  0.5
-11.78  0.48
-11.77  0.53
-11.76  0.51
-11.75  0.53
-11.74  0.56
-11.73  0.54
-11.72  0.57
-11.71  0.58
-11.7  0.61
-11.69  0.61
-11.68  0.62
-11.67  0.64
-11.66  0.68
-11.65  0.7
-11.64  0.72
-11.63  0.76
-11.62  0.76
-11.61  0.79
-11.6  0.81
-11.59  0.86
-11.58  0.92
-11.57  0.91
-11.56  0.95
-11.55  1
-11.54  1.05
-11.53  1.09
-11.52  1.12
-11.51  1.16
-11.5  1.23
-11.49  1.3
-11.48  1.29
-11.47  1.41
-11.46  1.43
-11.45  1.46
-11.44  1.56
-11.43  1.55
-11.42  1.63
-11.41  1.64
-11.4  1.69
-11.39  1.74
-11.38  1.71
-11.37  1.76
-11.36  1.7
-11.35  1.81
-11.34  1.72
-11.33  1.76
-11.32  1.71
-11.31  1.68
-11.3  1.69
-11.29  1.59
-11.28  1.58
-11.27  1.54
-11.26  1.46
-11.25  1.47
-11.24  1.35
-11.23  1.33
-11.22  1.29
-11.21  1.22
-11.2  1.2
-11.19  1.15
-11.18  1.15
-11.17  1.05
-11.16  1.03
-11.15  0.95
-11.14  0.97
-11.13  0.93
-11.12  0.86
-11.11  0.88
-11.1  0.86
-11.09  0.83
-11.08  0.8
-11.07  0.74
-11.06  0.75
-11.05  0.7
-11.04  0.71
-11.03  0.7
-11.02  0.65
-11.01  0.66
-11  0.67
-10.99  0.64
-10.98  0.61
-10.97  0.64
-10.96  0.64
-10.95  0.57
-10.94  0.58
-10.93  0.6
-10.92  0.59
-10.91  0.6
-10.9  0.57
-10.89  0.56
-10.88  0.59
-10.87  0.6
-10.86  0.52
-10.85  0.56
-10.84  0.61
-10.83  0.56
-10.82  0.59
-10.81  0.56
-10.8  0.56
-10.79  0.6
-10.78  0.56
-10.77  0.58
-10.76  0.64
-10.75  0.6
-10.74  0.63
-10.73  0.65
-10.72  0.61
-10.71  0.62
-10.7  0.65
-10.69  0.65
-10.68  0.67
-10.67  0.7
-10.66  0.68
-10.65  0.72
-10.64  0.7
-10.63  0.75
-10.62  0.75
-10.61  0.81
-10.6  0.83
-10.59  0.79
-10.58  0.79
-10.57  0.89
-10.56  0.92
-10.55  0.92
-10.54  0.93
-10.53  0.89
-10.52  1.05
-10.51  1.01
-10.5  1.06
-10.49  1.01
-10.48  1.18
-10.47  1.11
-10.46  1.15
-10.45  1.2
-10.44  1.19
-10.43  1.29
-10.42  1.26
-10.41  1.28
-10.4  1.37
-10.39  1.43
-10.38  1.36
-10.37  1.37
-10.36  1.4
-10.35  1.45
-10.34  1.45
-10.33  1.48
-10.32  1.45
-10.31  1.43
-10.3  1.5
-10.29  1.43
-10.28  1.48
-10.27  1.37
-10.26  1.42
-10.25  1.45
-10.24  1.33
-10.23  1.35
-10.22  1.33
-10.21  1.32
-10.2  1.31
-10.19  1.21
-10.18  1.22
-10.17  1.19
-10.16  1.22
-10.15  1.11
-10.14  1.09
-10.13  1.07
-10.12  1.08
-10.11  1.03
-10.1  0.98
-10.09  1
-10.08  0.91
-10.07  0.93
-10.06  0.93
-10.05  0.89
-10.04  0.88
-10.03  0.88
-10.02  0.8
-10.01  0.81
-10  0.8
-9.99  0.77
-9.98  0.78
-9.97  0.78
-9.96  0.75
-9.95  0.76
-9.94  0.73
-9.93  0.68
-9.92  0.73
-9.91  0.71
-9.9  0.67
-9.89  0.7
-9.88  0.72
-9.87  0.62
-9.86  0.71
-9.85  0.67
-9.84  0.63
-9.83  0.69
-9.82  0.69
-9.81  0.67
-9.8  0.69
-9.79  0.64
-9.78  0.72
-9.77  0.64
-9.76  0.67
-9.75  0.66
-9.74  0.66
-9.73  0.69
-9.72  0.68
-9.71  0.7
-9.7  0.72
-9.69  0.68
-9.68  0.71
-9.67  0.72
-9.66  0.71
-9.65  0.77
-9.64  0.77
-9.63  0.74
-9.62  0.76
-9.61  0.78
-9.6  0.78
-9.59  0.85
-9.58  0.82
-9.57  0.81
-9.56  0.87
-9.55  0.86
-9.54  0.86
-9.53  0.9
-9.52  0.91
-9.51  0.92
-9.5  0.97
-9.49  0.96
-9.48  1
-9.47  1.01
-9.46  1
-9.45  1.05
-9.44  1.08
-9.43  1.07
-9.42  1.13
-9.41  1.11
-9.4  1.13
-9.39  1.16
-9.38  1.2
-9.37  1.23
-9.36  1.2
-9.35  1.22
-9.34  1.23
-9.33  1.23
-9.32  1.22
-9.31  1.34
-9.3  1.27
-9.29  1.29
-9.28  1.25
-9.27  1.27
-9.26  1.34
-9.25  1.26
-9.24  1.27
-9.23  1.26
-9.22  1.27
-9.21  1.24
-9.2  1.27
-9.19  1.25
-9.18  1.24
-9.17  1.16
-9.16  1.23
-9.15  1.16
-9.14  1.15
-9.13  1.13
-9.12  1.11
-9.11  1.1
-9.1  1.08
-9.09  1.12
-9.08  1
-9.07  1.01
-9.06  1.05
-9.05  0.99
-9.04  0.98
-9.03  0.98
-9.02  0.9
-9.01  0.95
-9  0.94
-8.99  0.87
-8.98  0.93
-8.97  0.86
-8.96  0.89
-8.95  0.82
-8.94  0.84
-8.93  0.83
-8.92  0.8
-8.91  0.84
-8.9  0.81
-8.89  0.76
-8.88  0.76
-8.87  0.83
-8.86  0.73
-8.85  0.73
-8.84  0.82
-8.83  0.76
-8.82  0.75
-8.81  0.76
-8.8  0.75
-8.79  0.75
-8.78  0.75
-8.77  0.75
-8.76  0.71
-8.75  0.71
-8.74  0.75
-8.73  0.79
-8.72  0.74
-8.71  0.72
-8.7  0.73
-8.69  0.76
-8.68  0.75
-8.67  0.78
-8.66  0.74
-8.65  0.84
-8.64  0.73
-8.63  0.76
-8.62  0.8
-8.61  0.86
-8.6  0.75
-8.59  0.77
-8.58  0.84
-8.57  0.84
-8.56  0.88
-8.55  0.82
-8.54  0.87
-8.53  0.85
-8.52  0.91
-8.51  0.84
-8.5  0.93
-8.49  0.94
-8.48  0.92
-8.47  0.94
-8.46  0.94
-8.45  0.95
-8.44  0.98
-8.43  1.01
-8.42  1.03
-8.41  0.98
-8.4  1.01
-8.39  1.1
-8.38  1.04
-8.37  1.07
-8.36  1.11
-8.35  1.08
-8.34  1.16
-8.33  1.1
-8.32  1.1
-8.31  1.14
-8.3  1.14
-8.29  1.19
-8.28  1.15
-8.27  1.14
-8.26  1.19
-8.25  1.15
-8.24  1.16
-8.23  1.18
-8.22  1.17
-8.21  1.23
-8.2  1.15
-8.19  1.13
-8.18  1.2
-8.17  1.14
-8.16  1.22
-8.15  1.1
-8.14  1.19
-8.13  1.16
-8.12  1.08
-8.11  1.09
-8.1  1.11
-8.09  1.08
-8.08  1.09
-8.07  1.07
-8.06  1.04
-8.05  1.07
-8.04  0.98
-8.03  1.06
-8.02  1.01
-8.01  1
-8  1.02
-7.99  0.93
-7.98  0.97
-7.97  0.95
-7.96  0.91
-7.95  0.95
-7.94  0.91
-7.93  0.95
-7.92  0.89
-7.91  0.87
-7.9  0.9
-7.89  0.88
-7.88  0.86
-7.87  0.88
-7.86  0.83
-7.85  0.8
-7.84  0.85
-7.83  0.83
-7.82  0.86
-7.81  0.8
-7.8  0.8
-7.79  0.84
-7.78  0.81
-7.77  0.78
-7.76  0.82
-7.75  0.8
-7.74  0.85
-7.73  0.76
-7.72  0.82
-7.71  0.8
-7.7  0.8
-7.69  0.82
-7.68  0.75
-7.67  0.8
-7.66  0.81
-7.65  0.81
-7.64  0.78
-7.63  0.85
-7.62  0.79
-7.61  0.87
-7.6  0.82
-7.59  0.79
-7.58  0.87
-7.57  0.82
-7.56  0.83
-7.55  0.83
-7.54  0.85
-7.53  0.84
-7.52  0.88
-7.51  0.93
-7.5  0.87
-7.49  0.93
-7.48  0.89
-7.47  0.92
-7.46  0.91
-7.45  0.89
-7.44  0.96
-7.43  0.95
-7.42  0.95
-7.41  0.96
-7.4  0.99
-7.39  0.95
-7.38  0.99
-7.37  1
-7.36  1
-7.35  0.98
-7.34  1.08
-7.33  1.06
-7.32  1.04
-7.31  1.07
-7.3  1.03
-7.29  1.04
-7.28  1.1
-7.27  1.11
-7.26  1.04
-7.25  1.12
-7.24  1.09
-7.23  1.05
-7.22  1.13
-7.21  1.12
-7.2  1.08
-7.19  1.13
-7.18  1.1
-7.17  1.08
-7.16  1.13
-7.15  1.08
-7.14  1.05
-7.13  1.2
-7.12  1.05
-7.11  1.07
-7.1  1.13
-7.09  1.04
-7.08  1.11
-7.07  1.11
-7.06  1.01
-7.05  1.07
-7.04  1.07
-7.03  1.01
-7.02  1
-7.01  1.1
-7  1.01
-6.99  0.98
-6.98  1
-6.97  0.94
-6.96  0.97
-6.95  1.03
-6.94  0.99
-6.93  0.93
-6.92  1
-6.91  0.93
-6.9  0.93
-6.89  0.95
-6.88  0.91
-6.87  0.87
-6.86  0.95
-6.85  0.88
-6.84  0.85
-6.83  0.96
-6.82  0.92
-6.81  0.86
-6.8  0.87
-6.79  0.88
-6.78  0.85
-6.77  0.86
-6.76  0.83
-6.75  0.86
-6.74  0.88
-6.73  0.81
-6.72  0.86
-6.71  0.87
-6.7  0.84
-6.69  0.8
-6.68  0.86
-6.67  0.81
-6.66  0.89
-6.65  0.84
-6.64  0.85
-6.63  0.84
-6.62  0.86
-6.61  0.84
-6.6  0.83
-6.59  0.9
-6.58  0.81
-6.57  0.88
-6.56  0.84
-6.55  0.88
-6.54  0.84
-6.53  0.88
-6.52  0.84
-6.51  0.88
-6.5  0.94
-6.49  0.88
-6.48  0.84
-6.47  0.92
-6.46  0.91
-6.45  0.89
-6.44  0.94
-6.43  0.88
-6.42  0.94
-6.41  0.92
-6.4  1.01
-6.39  0.89
-6.38  0.95
-6.37  0.99
-6.36  1.02
-6.35  0.94
-6.34  0.95
-6.33  0.99
-6.32  1.04
-6.31  0.93
-6.3  1.01
-6.29  0.99
-6.28  1.05
-6.27  1.03
-6.26  0.99
-6.25  1.05
-6.24  1
-6.23  1.12
-6.22  0.98
-6.21  1.04
-6.2  1.06
-6.19  1.08
-6.18  1
-6.17  1.07
-6.16  1.09
-6.15  1.09
-6.14  1.04
-6.13  1.09
-6.12  1.04
-6.11  1.05
-6.1  1.06
-6.09  1
-6.08  1.06
-6.07  1.07
-6.06  1.04
-6.05  1.04
-6.04  1.05
-6.03  1.05
-6.02  1.06
-6.01  0.98
-6  0.98
-5.99  1.04
-5.98  1.07
-5.97  0.97
-5.96  1.01
-5.95  0.98
-5.94  1.01
-5.93  0.98
-5.92  0.99
-5.91  0.99
-5.9  0.99
-5.89  0.97
-5.88  0.9
-5.87  0.98
-5.86  0.95
-5.85  0.94
-5.84  0.91
-5.83  0.95
-5.82  0.92
-5.81  0.92
-5.8  0.93
-5.79  0.89
-5.78  0.91
-5.77  0.93
-5.76  0.86
-5.75  0.9
-5.74  0.9
-5.73  0.88
-5.72  0.92
-5.71  0.87
-5.7  0.87
-5.69  0.9
-5.68  0.88
-5.67  0.89
-5.66  0.87
-5.65  0.85
-5.64  0.9
-5.63  0.88
-5.62  0.84
-5.61  0.89
-5.6  0.88
-5.59  0.89
-5.58  0.87
-5.57  0.87
-5.56  0.88
-5.55  0.84
-5.54  0.88
-5.53  0.9
-5.52  0.86
-5.51  0.89
-5.5  0.93
-5.49  0.89
-5.48  0.89
-5.47  0.87
-5.46  0.9
-5.45  0.91
-5.44  0.94
-5.43  0.89
-5.42  0.96
-5.41  0.91
-5.4  0.89
-5.39  0.96
-5.38  0.94
-5.37  0.94
-5.36  0.93
-5.35  0.97
-5.34  0.95
-5.33  0.93
-5.32  0.92
-5.31  0.99
-5.3  0.94
-5.29  1.02
-5.28  0.97
-5.27  1
-5.26  0.95
-5.25  1.01
-5.24  1
-5.23  1.01
-5.22  0.94
-5.21  1.07
-5.2  1.01
-5.19  1
-5.18  1.08
-5.17  1
-5.16  1.02
-5.15  0.99
-5.14  1.02
-5.13  1.02
-5.12  1.03
-5.11  0.96
-5.1  1.07
-5.09  1.02
-5.08  1.03
-5.07  0.96
-5.06  1.07
-5.05  1.06
-5.04  1.06
-5.03  0.94
-5.02  1.07
-5.01  1.02
-5  1.04
-4.99  1.01
-4.98  0.99
-4.97  1.01
-4.96  1.01
-4.95  1.03
-4.94  0.98
-4.93  1
-4.92  0.93
-4.91  1.03
-4.9  0.96
-4.89  1.02
-4.88  0.97
-4.87  0.94
-4.86  0.94
-4.85  0.98
-4.84  0.95
-4.83  0.98
-4.82  1.01
-4.81  0.93
-4.8  0.92
-4.79  0.92
-4.78  0.95
-4.77  0.96
-4.76  0.93
-4.75  0.87
-4.74  0.94
-4.73  0.92
-4.72  0.94
-4.71  0.91
-4.7  0.91
-4.69  0.91
-4.68  0.91
-4.67  0.87
-4.66  0.92
-4.65  0.92
-4.64  0.88
-4.63  0.96
-4.62  0.86
-4.61  0.91
-4.6  0.92
-4.59  0.86
-4.58  0.92
-4.57  0.86
-4.56  0.88
-4.55  0.92
-4.54  0.89
-4.53  0.87
-4.52  0.92
-4.51  0.91
-4.5  0.89
-4.49  0.93
-4.48  0.94
-4.47  0.87
-4.46  0.89
-4.45  0.92
-4.44  0.95
-4.43  0.87
-4.42  0.92
-4.41  0.94
-4.4  0.9
-4.39  0.93
-4.38  0.92
-4.37  0.9
-4.36  0.95
-4.35  0.95
-4.34  0.9
-4.33  1
-4.32  0.92
-4.31  0.94
-4.3  0.95
-4.29  0.94
-4.28  0.96
-4.27  1
-4.26  0.96
-4.25  0.97
-4.24  0.92
-4.23  1.02
-4.22  0.97
-4.21  0.99
-4.2  0.95
-4.19  1.02
-4.18  0.97
-4.17  0.99
-4.16  1
-4.15  0.96
-4.14  1.05
-4.13  0.98
-4.12  1.01
-4.11  0.99
-4.1  1
-4.09  0.96
-4.08  1.03
-4.07  1.01
-4.06  0.99
-4.05  0.96
-4.04  1.05
-4.03  0.98
-4.02  1.06
-4.01  0.94
-4  1.03
-3.99  1.03
-3.98  0.97
-3.97  1.05
-3.96  0.99
-3.95  1.02
-3.94  0.96
-3.93  0.99
-3.92  0.99
-3.91  1.01
-3.9  0.97
-3.89  0.99
-3.88  0.92
-3.87  0.98
-3.86  1.01
-3.85  1.01
-3.84  0.93
-3.83  1
-3.82  0.93
-3.81  0.97
-3.8  0.95
-3.79  0.96
-3.78  0.95
-3.77  0.98
-3.76  0.93
-3.75  0.94
-3.74  0.92
-3.73  0.98
-3.72  0.92
-3.71  0.95
-3.7  0.93
-3.69  0.97
-3.68  0.93
-3.67  0.92
-3.66  0.96
-3.65  0.91
-3.64  0.89
-3.63  0.92
-3.62  0.92
-3.61  0.87
-3.6  0.94
-3.59  0.91
-3.58  0.89
-3.57  0.95
-3.56  0.91
-3.55  0.91
-3.54  0.9
-3.53  1
-3.52  0.91
-3.51  0.88
-3.5  0.92
-3.49  0.92
-3.48  0.89
-3.47  0.91
-3.46  0.93
-3.45  0.94
-3.44  0.9
-3.43  0.91
-3.42  0.89
-3.41  0.92
-3.4  0.95
-3.39  0.95
-3.38  0.9
-3.37  0.91
-3.36  0.97
-3.35  0.91
-3.34  0.92
-3.33  0.93
-3.32  0.94
-3.31  0.88
-3.3  0.98
-3.29  0.97
-3.28  0.92
-3.27  0.99
-3.26  0.96
-3.25  0.91
-3.24  0.97
-3.23  1.06
-3.22  0.92
-3.21  0.96
-3.2  0.96
-3.19  0.97
-3.18  0.89
-3.17  0.97
-3.16  1
-3.15  0.94
-3.14  1.02
-3.13  0.99
-3.12  0.91
-3.11  1.01
-3.1  1.03
-3.09  0.93
-3.08  1.01
-3.07  1.01
-3.06  1.04
-3.05  0.9
-3.04  0.99
-3.03  1.04
-3.02  0.96
-3.01  0.99
-3  0.99
-2.99  0.97
-2.98  1.01
-2.97  1
-2.96  0.99
-2.95  0.96
-2.94  0.99
-2.93  0.98
-2.92  1
-2.91  1.01
-2.9  0.97
-2.89  0.97
-2.88  0.98
-2.87  1
-2.86  0.91
-2.85  1.03
-2.84  0.96
-2.83  1
-2.82  0.94
-2.81  0.98
-2.8  0.94
-2.79  0.95
-2.78  0.93
-2.77  1.03
-2.76  0.94
-2.75  1.02
-2.74  0.92
-2.73  0.97
-2.72  0.97
-2.71  0.92
-2.7  0.98
-2.69  0.9
-2.68  0.93
-2.67  0.98
-2.66  0.93
-2.65  0.95
-2.64  0.96
-2.63  0.89
-2.62  0.93
-2.61  0.92
-2.6  0.97
-2.59  0.93
-2.58  0.92
-2.57  0.93
-2.56  0.91
-2.55  0.93
-2.54  0.94
-2.53  0.87
-2.52  0.98
-2.51  0.92
-2.5  0.93
-2.49  0.94
-2.48  0.91
-2.47  0.9
-2.46  0.94
-2.45  0.95
-2.44  0.93
-2.43  0.92
-2.42  0.98
-2.41  0.88
-2.4  0.9
-2.39  0.96
-2.38  0.92
-2.37  0.93
-2.36  0.9
-2.35  0.94
-2.34  0.95
-2.33  0.94
-2.32  0.89
-2.31  0.94
-2.3  0.94
-2.29  0.96
-2.28  0.95
-2.27  0.96
-2.26  0.93
-2.25  0.95
-2.24  0.95
-2.23  0.92
-2.22  0.95
-2.21  0.98
-2.2  0.98
-2.19  0.9
-2.18  1.02
-2.17  0.93
-2.16  0.98
-2.15  0.92
-2.14  0.98
-2.13  0.95
-2.12  0.97
-2.11  0.97
-2.1  0.97
-2.09  0.95
-2.08  1
-2.07  0.93
-2.06  0.99
-2.05  0.96
-2.04  1
-2.03  0.96
-2.02  1
-2.01  0.97
-2  0.99
-1.99  0.99
-1.98  0.98
-1.97  0.98
-1.96  0.94
-1.95  0.98
-1.94  1
-1.93  1.02
-1.92  0.98
-1.91  0.98
-1.9  0.92
-1.89  0.97
-1.88  1
-1.87  0.98
-1.86  0.99
-1.85  0.92
-1.84  0.99
-1.83  0.93
-1.82  1.02
-1.81  0.99
-1.8  1
-1.79  0.95
-1.78  1.01
-1.77  0.91
-1.76  0.94
-1.75  0.95
-1.74  0.99
-1.73  0.94
-1.72  0.95
-1.71  0.96
-1.7  0.97
-1.69  0.93
-1.68  0.97
-1.67  0.99
-1.66  0.94
-1.65  0.98
-1.64  0.93
-1.63  0.95
-1.62  0.94
-1.61  0.91
-1.6  0.98
-1.59  0.95
-1.58  0.92
-1.57  0.89
-1.56  0.94
-1.55  0.99
-1.54  0.92
-1.53  0.89
-1.52  0.98
-1.51  0.93
-1.5  0.91
-1.49  0.98
-1.48  0.96
-1.47  0.9
-1.46  0.9
-1.45  0.98
-1.44  0.9
-1.43  1
-1.42  0.93
-1.41  0.92
-1.4  0.91
-1.39  0.94
-1.38  0.98
-1.37  0.9
-1.36  0.94
-1.35  0.91
-1.34  0.95
-1.33  0.98
-1.32  0.86
-1.31  0.96
-1.3  0.94
-1.29  0.94
-1.28  0.96
-1.27  0.91
-1.26  0.93
-1.25  0.95
-1.24  0.93
-1.23  0.96
-1.22  0.94
-1.21  0.99
-1.2  0.94
-1.19  0.94
-1.18  0.96
-1.17  0.97
-1.16  1
-1.15  0.95
-1.14  0.92
-1.13  0.96
-1.12  0.94
-1.11  0.94
-1.1  0.94
-1.09  0.94
-1.08  0.98
-1.07  0.95
-1.06  1
-1.05  1
-1.04  0.96
-1.03  0.97
-1.02  0.93
-1.01  1
-1  0.93
-0.99  0.97
-0.98  1.02
-0.97  0.94
-0.96  0.97
-0.95  0.99
-0.94  0.97
-0.93  0.97
-0.92  0.94
-0.91  0.97
-0.9  0.99
-0.89  1
-0.88  0.98
-0.87  0.92
-0.86  0.99
-0.85  0.97
-0.84  1.01
-0.83  0.99
-0.82  0.96
-0.81  0.96
-0.8  0.91
-0.79  0.97
-0.78  0.95
-0.77  0.93
-0.76  0.98
-0.75  1
-0.74  1.02
-0.73  0.92
-0.72  0.91
-0.71  1.03
-0.7  0.92
-0.69  0.96
-0.68  0.98
-0.67  0.98
-0.66  0.96
-0.65  0.94
-0.64  0.96
-0.63  0.92
-0.62  0.96
-0.61  0.9
-0.6  0.97
-0.59  1.01
-0.58  0.95
-0.57  0.94
-0.56  0.93
-0.55  0.96
-0.54  0.94
-0.53  0.93
-0.52  0.93
-0.51  0.91
-0.5  0.97
-0.49  0.95
-0.48  0.97
-0.47  0.95
-0.46  0.94
-0.45  0.97
-0.44  0.9
-0.43  0.9
-0.42  0.97
-0.41  0.94
-0.4  0.93
-0.39  0.91
-0.38  0.95
-0.37  0.94
-0.36  0.94
-0.35  1.01
-0.34  0.91
-0.33  0.91
-0.32  0.97
-0.31  0.97
-0.3  0.93
-0.29  0.93
-0.28  0.91
-0.27  0.98
-0.26  0.94
-0.25  0.96
-0.24  0.91
-0.23  0.88
-0.22  0.96
-0.21  0.96
-0.2  0.95
-0.19  0.95
-0.18  0.91
-0.17  1.01
-0.16  0.98
-0.15  0.99
-0.14  0.87
-0.13  0.93
-0.12  0.94
-0.11  0.98
-0.1  0.97
-0.09  0.94
-0.08  1
-0.07  0.99
-0.06  0.94
-0.05  0.97
-0.04  0.88
-0.03  0.98
-0.02  0.98
-0.01  0.94
-2.16197e-11  0.95
0.0001  0
0.0101  0.95
0.0201  1
0.0301  0.94
0.0401  1.04
0.0501  1.03
0.0601  0.88
0.0701  0.93
0.0801  0.98
0.0901  0.87
0.1001  1.02
0.1101  1.06
0.1201  1.16
0.1301  1
0.1401  1.13
0.1501  1.14
0.1601  1.08
0.1701  1.05
0.1801  1.06
0.1901  1.23
0.2001  1.27
0.2101  1.09
0.2201  1.15
0.2301  1.39
0.2401  1.01
0.2501  1.39
0.2601  1.32
0.2701  1.08
0.2801  1.28
0.2901  1.15
0.3001  1.23
0.3101  1.05
0.3201  1.12
0.3301  1.14
0.3401  1.15
0.3501  1.06
0.3601  1.15
0.3701  1.06
0.3801  1.16
0.3901  1.05
0.4001  1.03
0.4101  1.34
0.4201  1.01
0.4301  1.04
0.4401  1.27
0.4501  0.85
0.4601  1.04
0.4701  1.11
0.4801  1.11
0.4901  1.1
0.5001  1.08
0.5101  1.14
0.5201  1.19
0.5301  0.92
0.5401  0.95
0.5501  0.94
0.5601  1.03
0.5701  1.07
0.5801  0.95
0.5901  1.09
0.6001  1.16
0.6101  1.05
0.6201  0.99
0.6301  0.97
0.6401  1.21
0.6501  0.99
0.6601  1.07
0.6701  1.09
0.6801  1.11
0.6901  1.17
0.7001  0.93
0.7101  0.92
0.7201  1.06
0.7301  1.08
0.7401  1.02
0.7501  1.13
0.7601  0.98
0.7701  0.98
0.7801  1.06
0.7901  1.17
0.8001  1.11
0.8101  1.12
0.8201  0.89
0.8301  1.11
0.8401  1.25
0.8501  1.02
0.8601  1.08
0.8701  1.01
0.8801  1.04
0.8901  1.12
0.9001  0.89
0.9101  1.1
0.9201  0.99
0.9301  1.19
0.9401  1.17
0.9501  1.1
0.9601  1.11
0.9701  1.37
0.9801  1.1
0.9901  1.16
1.0001  1.15
1.0101  1.13
1.0201  0.98
1.0301  1.11
1.0401  1.09
1.0501  1.08
1.0601  1.15
1.0701  1.17
1.0801  1.04
1.0901  1.15
1.1001  1.33
1.1101  0.89
1.1201  1.12
1.1301  1.24
1.1401  1.13
1.1501  1.09
1.1601  1.08
1.1701  1.37
1.1801  1.15
1.1901  0.98
1.2001  1.14
1.2101  1.14
1.2201  1
1.2301  1.01
1.2401  1.07
1.2501  1.18
1.2601  1.42
1.2701  1.1
1.2801  0.99
1.2901  1.18
1.3001  1.04
1.3101  1.15
1.3201  1.27
1.3301  1.46
1.3401  1.19
1.3501  1.01
1.3601  1.35
1.3701  1.09
1.3801  0.95
1.3901  1.32
1.4001  1.31
1.4101  1.18
1.4201  1.13
1.4301  1.44
1.4401  1.46
1.4501  1.27
1.4601  1.32
1.4701  1.21
1.4801  1.21
1.4901  1.29
1.5001  1.35
1.5101  1.36
1.5201  1.18
1.5301  1.32
1.5401  1.59
1.5501  1.4
1.5601  1.39
1.5701  1.37
1.5801  1.4
1.5901  1.32
1.6001  1.48
1.6101  1.39
1.6201  1.21
1.6301  1.49
1.6401  1.4
1.6501  1.66
1.6601  1.56
1.6701  1.49
1.6801  1.35
1.6901  1.59
1.7001  1.39
1.7101  1.64
1.7201  1.49
1.7301  1.7
1.7401  1.53
1.7501  1.74
1.7601  1.52
1.7701  1.65
1.7801  1.47
1.7901  1.57
1.8001  1.53
1.8101  1.61
1.8201  1.53
1.8301  1.62
1.8401  1.59
1.8501  1.39
1.8601  1.61
1.8701  1.6
1.8801  1.71
1.8901  1.7
1.9001  1.63
1.9101  1.66
1.9201  1.83
1.9301  1.58
1.9401  1.51
1.9501  1.7
1.9601  1.53
1.9701  1.6
1.9801  1.65
1.9901  1.78
2.0001  1.78
2.0101  1.71
2.0201  1.61
2.0301  1.37
2.0401  1.71
2.0501  1.63
2.0601  1.49
2.0701  1.57
2.0801  1.39
2.0901  1.64
2.1001  1.85
2.1101  1.57
2.1201  1.5
2.1301  1.7
2.1401  1.58
2.1501  1.48
2.1601  1.72
2.1701  1.46
2.1801  1.52
2.1901  1.68
2.2001  1.49
2.2101  1.53
2.2201  1.52
2.2301  1.62
2.2401  1.55
2.2501  1.4
2.2601  1.47
2.2701  1.45
2.2801  1.28
2.2901  1.51
2.3001  1.48
2.3101  1.2
2.3201  1.67
2.3301  1.6
2.3401  1.54
2.3501  1.3
2.3601  1.17
2.3701  1.56
2.3801  1.41
2.3901  1.43
2.4001  1.19
2.4101  1.26
2.4201  1.35
2.4301  1.47
2.4401  1.3
2.4501  1.23
2.4601  1.35
2.4701  1.34
2.4801  1.2
2.4901  1.4
2.5001  1.43
2.5101  1.41
2.5201  1.23
2.5301  1.27
2.5401  1.53
2.5501  1.29
2.5601  1.28
2.5701  1.02
2.5801  1.4
2.5901  1.28
2.6001  1.44
2.6101  1.21
2.6201  1.28
2.6301  1.04
2.6401  1.27
2.6501  1.46
2.6601  1.26
2.6701  1.17
2.6801  1.49
2.6901  1.37
2.7001  1.21
2.7101  1.09
2.7201  1.11
2.7301  1.14
2.7401  1.5
2.7501  1.24
2.7601  1.31
2.7701  1.32
2.7801  1.56
2.7901  1.53
2.8001  1.18
2.8101  1.37
2.8201  1.09
2.8301  1.19
2.8401  1.47
2.8501  1.16
2.8601  1.45
2.8701  1.21
2.8801  1.29
2.8901  1.29
2.9001  1.31
2.9101  1.33
2.9201  1.14
2.9301  1.36
2.9401  1.21
2.9501  1.31
2.9601  1.14
2.9701  1.4
2.9801  1.23
2.9901  1.28
3.0001  1.49
3.0101  1.33
3.0201  1.26
3.0301  1.36
3.0401  1.17
3.0501  1.46
3.0601  1.26
3.0701  1.19
3.0801  1.3
3.0901  1.18
3.1001  1.45
3.1101  1.31
3.1201  1.31
3.1301  1.5
3.1401  1.29
3.1501  1.2
3.1601  1.37
3.1701  1.25
3.1801  1.27
3.1901  1.37
3.2001  1.38
3.2101  1.45
3.2201  1.4
3.2301  1.51
3.2401  1.3
3.2501  1.47
3.2601  1.46
3.2701  1.24
3.2801  1.34
3.2901  1.24
3.3001  1.23
3.3101  1.52
3.3201  1.31
3.3301  1.4
3.3401  1.63
3.3501  1.4
3.3601  1.55
3.3701  1.32
3.3801  1.43
3.3901  1.52
3.4001  1.49
3.4101  1.29
3.4201  1.69
3.4301  1.37
3.4401  1.46
3.4501  1.19
3.4601  1.52
3.4701  1.64
3.4801  1.38
3.4901  1.54
3.5001  1.55
3.5101  1.27
3.5201  1.71
3.5301  1.23
3.5401  1.66
3.5501  1.62
3.5601  1.43
3.5701  1.56
3.5801  1.66
3.5901  1.31
3.6001  1.5
3.6101  1.57
3.6201  1.41
3.6301  1.47
3.6401  1.64
3.6501  1.35
3.6601  1.65
3.6701  1.6
3.6801  1.31
3.6901  1.53
3.7001  1.58
3.7101  1.38
3.7201  1.59
3.7301  1.7
3.7401  1.55
3.7501  1.35
3.7601  1.45
3.7701  1.22
3.7801  1.64
3.7901  1.36
3.8001  1.5
3.8101  1.59
3.8201  1.4
3.8301  1.44
3.8401  1.58
3.8501  1.58
3.8601  1.29
3.8701  1.63
3.8801  1.24
3.8901  1.47
3.9001  1.32
3.9101  1.46
3.9201  1.47
3.9301  1.45
3.9401  1.37
3.9501  1.32
3.9601  1.78
3.9701  1.54
3.9801  1.41
3.9901  1.5
4.0001  1.26
4.0101  1.48
4.0201  1.35
4.0301  1.27
4.0401  1.54
4.0501  1.48
4.0601  1.29
4.0701  1.48
4.0801  1.5
4.0901  1.49
4.1001  1.18
4.1101  1.66
4.1201  1.7
4.1301  1.35
4.1401  1.49
4.1501  1.51
4.1601  1.39
4.1701  1.41
4.1801  1.36
4.1901  1.48
4.2001  1.46
4.2101  1.4
4.2201  1.56
4.2301  1.47
4.2401  1.18
4.2501  1.26
4.2601  1.33
4.2701  1.36
4.2801  1.44
4.2901  1.41
4.3001  1.37
4.3101  1.22
4.3201  1.22
4.3301  1.44
4.3401  1.43
4.3501  1.38
4.3601  1.5
4.3701  1.41
4.3801  1.39
4.3901  1.15
4.4001  1.44
4.4101  1.41
4.4201  1.28
4.4301  1.41
4.4401  1.49
4.4501  1.25
4.4601  1.25
4.4701  1.22
4.4801  1.44
4.4901  1.36
4.5001  1.36
4.5101  1.23
4.5201  1.23
4.5301  1.14
4.5401  1.28
4.5501  1.41
4.5601  1.19
4.5701  1.29
4.5801  1.33
4.5901  1.45
4.6001  1.25
4.6101  1.35
4.6201  1.21
4.6301  1.34
4.6401  1.37
4.6501  1.31
4.6601  1.28
4.6701  1.37
4.6801  1.32
4.6901  1.26
4.7001  1.33
4.7101  1.22
4.7201  1.26
4.7301  1.35
4.7401  1.43
4.7501  1.31
4.7601  1.42
4.7701  1.41
4.7801  1.44
4.7901  1.21
4.8001  1.49
4.8101  1.36
4.8201  1.09
4.8301  1.33
4.8401  1.48
4.8501  1.39
4.8601  1.28
4.8701  1.26
4.8801  1.51
4.8901  1.2
4.9001  1.27
4.9101  1.4
4.9201  1.28
4.9301  1.37
4.9401  1.41
4.9501  1.32
4.9601  1.36
4.9701  1.31
4.9801  1.27
4.9901  1.37
5.0001  1.25
5.0101  1.21
5.0201  1.52
5.0301  1.54
5.0401  1.61
5.0501  1.41
5.0601  1.66
5.0701  1.61
5.0801  1.32
5.0901  1.33
5.1001  1.42
5.1101  1.48
5.1201  1.52
5.1301  1.36
5.1401  1.46
5.1501  1.55
5.1601  1.34
5.1701  1.44
5.1801  1.26
5.1901  1.66
5.2001  1.35
5.2101  1.47
5.2201  1.39
5.2301  1.56
5.2401  1.43
5.2501  1.52
5.2601  1.34
5.2701  1.5
5.2801  1.57
5.2901  1.39
5.3001  1.45
5.3101  1.37
5.3201  1.54
5.3301  1.5
5.3401  1.53
5.3501  1.5
5.3601  1.45
5.3701  1.52
5.3801  1.6
5.3901  1.56
5.4001  1.44
5.4101  1.65
5.4201  1.36
5.4301  1.48
5.4401  1.53
5.4501  1.32
5.4601  1.54
5.4701  1.42
5.4801  1.64
5.4901  1.63
5.5001  1.47
5.5101  1.21
5.5201  1.6
5.5301  1.52
5.5401  1.52
5.5501  1.51
5.5601  1.6
5.5701  1.52
5.5801  1.55
5.5901  1.48
5.6001  1.55
5.6101  1.55
5.6201  1.57
5.6301  1.57
5.6401  1.49
5.6501  1.44
5.6601  1.56
5.6701  1.63
5.6801  1.68
5.6901  1.49
5.7001  1.47
5.7101  1.35
5.7201  1.49
5.7301  1.53
5.7401  1.35
5.7501  1.65
5.7601  1.49
5.7701  1.37
5.7801  1.58
5.7901  1.58
5.8001  1.54
5.8101  1.54
5.8201  1.55
5.8301  1.55
5.8401  1.4
5.8501  1.54
5.8601  1.44
5.8701  1.62
5.8801  1.37
5.8901  1.5
5.9001  1.38
5.9101  1.51
5.9201  1.7
5.9301  1.36
5.9401  1.46
5.9501  1.24
5.9601  1.68
5.9701  1.54
5.9801  1.36
5.9901  1.4
6.0001  1.23
6.0101  1.33
6.0201  1.6
6.0301  1.47
6.0401  1.52
6.0501  1.21
6.0601  1.35
6.0701  1.37
6.0801  1.4
6.0901  1.33
6.1001  1.53
6.1101  1.45
6.1201  1.36
6.1301  1.43
6.1401  1.29
6.1501  1.45
6.1601  1.25
6.1701  1.31
6.1801  1.2
6.1901  1.35
6.2001  1.72
6.2101  1.3
6.2201  1.55
6.2301  1.31
6.2401  1.25
6.2501  1.42
6.2601  1.37
6.2701  1.37
6.2801  1.09
6.2901  1.47
6.3001  1.42
6.3101  1.27
6.3201  1.31
6.3301  1.17
6.3401  1.52
6.3501  1.48
6.3601  1.26
6.3701  1.6
6.3801  1.51
6.3901  1.23
6.4001  1.24
6.4101  1.23
6.4201  1.54
6.4301  1.51
6.4401  1.51
6.4501  1.22
6.4601  1.28
6.4701  1.39
6.4801  1.28
6.4901  1.31
6.5001  1.32
6.5101  1.27
6.5201  1.5
6.5301  1.38
6.5401  1.32
6.5501  1.42
6.5601  1.4
6.5701  1.39
6.5801  1.38
6.5901  1.45
6.6001  1.25
6.6101  1.46
6.6201  1.34
6.6301  1.33
6.6401  1.34
6.6501  1.61
6.6601  1.45
6.6701  1.66
6.6801  1.36
6.6901  1.28
6.7001  1.36
6.7101  1.28
6.7201  1.62
6.7301  1.41
6.7401  1.43
6.7501  1.27
6.7601  1.25
6.7701  1.47
6.7801  1.39
6.7901  1.63
6.8001  1.55
6.8101  1.36
6.8201  1.28
6.8301  1.42
6.8401  1.14
6.8501  1.33
6.8601  1.14
6.8701  1.62
6.8801  1.55
6.8901  1.4
6.9001  1.46
6.9101  1.44
6.9201  1.51
6.9301  1.44
6.9401  1.35
6.9501  1.21
6.9601  1.59
6.9701  1.58
6.9801  1.24
6.9901  1.43
7.0001  1.58
7.0101  1.35
7.0201  1.46
7.0301  1.39
7.0401  1.41
7.0501  1.31
7.0601  1.24
7.0701  1.31
7.0801  1.39
7.0901  1.56
7.1001  1.38
7.1101  1.75
7.1201  1.53
7.1301  1.44
7.1401  1.55
7.1501  1.36
7.1601  1.5
7.1701  1.4
7.1801  1.24
7.1901  1.34
7.2001  1.44
7.2101  1.43
7.2201  1.39
7.2301  1.27
7.2401  1.44
7.2501  1.54
7.2601  1.72
7.2701  1.69
7.2801  1.25
7.2901  1.42
7.3001  1.54
7.3101  1.55
7.3201  1.36
7.3301  1.6
7.3401  1.48
7.3501  1.44
7.3601  1.49
7.3701  1.6
7.3801  1.29
7.3901  1.37
7.4001  1.64
7.4101  1.51
7.4201  1.44
7.4301  1.35
7.4401  1.42
7.4501  1.38
7.4601  1.28
7.4701  1.61
7.4801  1.34
7.4901  1.43
7.5001  1.34
7.5101  1.26
7.5201  1.4
7.5301  1.53
7.5401  1.36
7.5501  1.3
7.5601  1.53
7.5701  1.42
7.5801  1.31
7.5901  1.42
7.6001  1.41
7.6101  1.29
7.6201  1.33
7.6301  1.5
7.6401  1.57
7.6501  1.3
7.6601  1.19
7.6701  1.31
7.6801  1.51
7.6901  1.57
7.7001  1.46
7.7101  1.33
7.7201  1.29
7.7301  1.3
7.7401  1.6
7.7501  1.46
7.7601  1.42
7.7701  1.45
7.7801  1.41
7.7901  1.08
7.8001  1.31
7.8101  1.17
7.8201  1.39
7.8301  1.52
7.8401  1.5
7.8501  1.32
7.8601  1.44
7.8701  1.49
7.8801  1.35
7.8901  1.48
7.9001  1.32
7.9101  1.25
7.9201  1.18
7.9301  1.61
7.9401  1.41
7.9501  1.4
7.9601  1.37
7.9701  1.35
7.9801  1.42
7.9901  1.36
8.0001  1.27
8.0101  1.62
8.0201  1.23
8.0301  1.42
8.0401  1.2
8.0501  1.47
8.0601  1.35
8.0701  1.38
8.0801  1.31
8.0901  1.32
8.1001  1.3
8.1101  1.3
8.1201  1.45
8.1301  1.36
8.1401  1.38
8.1501  1.32
8.1601  1.32
8.1701  1.39
8.1801  1.57
8.1901  1.39
8.2001  1.57
8.2101  1.29
8.2201  1.34
8.2301  1.49
8.2401  1.3
8.2501  1.21
8.2601  1.53
8.2701  1.49
8.2801  1.51
8.2901  1.26
8.3001  1.37
8.3101  1.26
8.3201  1.49
8.3301  1.18
8.3401  1.43
8.3501  1.36
8.3601  1.19
8.3701  1.34
8.3801  1.56
8.3901  1.47
8.4001  1.24
8.4101  1.29
8.4201  1.47
8.4301  1.44
8.4401  1.5
8.4501  1.52
8.4601  1.33
8.4701  1.47
8.4801  1.51
8.4901  1.23
8.5001  1.54
8.5101  1.4
8.5201  1.43
8.5301  1.43
8.5401  1.3
8.5501  1.46
8.5601  1.47
8.5701  1.36
8.5801  1.38
8.5901  1.41
8.6001  1.33
8.6101  1.46
8.6201  1.34
8.6301  1.39
8.6401  1.3
8.6501  1.34
8.6601  1.49
8.6701  1.55
8.6801  1.7
8.6901  1.4
8.7001  1.47
8.7101  1.34
8.7201  1.31
8.7301  1.15
8.7401  1.5
8.7501  1.6
8.7601  1.46
8.7701  1.49
8.7801  1.37
8.7901  1.45
8.8001  1.5
8.8101  1.43
8.8201  1.57
8.8301  1.4
8.8401  1.42
8.8501  1.36
8.8601  1.37
8.8701  1.44
8.8801  1.34
8.8901  1.31
8.9001  1.41
8.9101  1.33
8.9201  1.36
8.9301  1.49
8.9401  1.41
8.9501  1.53
8.9601  1.63
8.9701  1.52
8.9801  1.28
8.9901  1.45
9.0001  1.4
9.0101  1.28
9.0201  1.38
9.0301  1.55
9.0401  1.62
9.0501  1.56
9.0601  1.24
9.0701  1.54
9.0801  1.42
9.0901  1.25
9.1001  1.35
9.1101  1.31
9.1201  1.55
9.1301  1.47
9.1401  1.41
9.1501  1.52
9.1601  1.59
9.1701  1.43
9.1801  1.39
9.1901  1.3
9.2001  1.4
9.2101  1.52
9.2201  1.39
9.2301  1.24
9.2401  1.47
9.2501  1.31
9.2601  1.39
9.2701  1.34
9.2801  1.38
9.2901  1.34
9.3001  1.2
9.3101  1.39
9.3201  1.32
9.3301  1.49
9.3401  1.58
9.3501  1.24
9.3601  1.12
9.3701  1.56
9.3801  1.58
9.3901  1.45
9.4001  1.4
9.4101  1.33
9.4201  1.49
9.4301  1.46
9.4401  1.34
9.4501  1.36
9.4601  1.28
9.4701  1.47
9.4801  1.26
9.4901  1.62
9.5001  1.62
9.5101  1.44
9.5201  1.44
9.5301  1.33
9.5401  1.22
9.5501  1.48
9.5601  1.27
9.5701  1.51
9.5801  1.29
9.5901  1.37
9.6001  1.37
9.6101  1.29
9.6201  1.32
9.6301  1.4
9.6401  1.4
9.6501  1.43
9.6601  1.44
9.6701  1.43
9.6801  1.35
9.6901  1.64
9.7001  1.51
9.7101  1.4
9.7201  1.32
9.7301  1.2
9.7401  1.2
9.7501  1.58
9.7601  1.33
9.7701  1.46
9.7801  1.39
9.7901  1.14
9.8001  1.43
9.8101  1.42
9.8201  1.49
9.8301  1.61
9.8401  1.5
9.8501  1.55
9.8601  1.44
9.8701  1.32
9.8801  1.42
9.8901  1.4
9.9001  1.46
9.9101  1.59
9.9201  1.46
9.9301  1.35
9.9401  1.43
9.9501  1.61
9.9601  1.47
9.9701  1.43
9.9801  1.55
9.9901  1.32
10.0001  1.35
10.0101  1.36
10.0201  1.47
10.0301  1.65
10.0401  1.58
10.0501  1.35
10.0601  1.48
10.0701  1.7
10.0801  1.59
10.0901  1.34
10.1001  1.26
10.1101  1.41
10.1201  1.54
10.1301  1.39
10.1401  1.6
10.1501  1.23
10.1601  1.64
10.1701  1.29
10.1801  1.38
10.1901  1.61
10.2001  1.67
10.2101  1.6
10.2201  1.31
10.2301  1.38
10.2401  1.43
10.2501  1.52
10.2601  1.44
10.2701  1.32
10.2801  1.48
10.2901  1.36
10.3001  1.44
10.3101  1.43
10.3201  1.39
10.3301  1.34
10.3401  1.57
10.3501  1.64
10.3601  1.4
10.3701  1.62
10.3801  1.39
10.3901  1.52
10.4001  1.44
10.4101  1.26
10.4201  1.57
10.4301  1.33
10.4401  1.26
10.4501  1.41
10.4601  1.56
10.4701  1.32
10.4801  1.44
10.4901  1.53
10.5001  1.46
10.5101  1.29
10.5201  1.5
10.5301  1.66
10.5401  1.35
10.5501  1.25
10.5601  1.48
10.5701  1.38
10.5801  1.63
10.5901  1.68
10.6001  1.38
10.6101  1.59
10.6201  1.29
10.6301  1.44
10.6401  1.33
10.6501  1.54
10.6601  1.44
10.6701  1.41
10.6801  1.29
10.6901  1.34
10.7001  1.43
10.7101  1.41
10.7201  1.52
10.7301  1.41
10.7401  1.31
10.7501  1.32
10.7601  1.26
10.7701  1.48
10.7801  1.32
10.7901  1.36
10.8001  1.52
10.8101  1.31
10.8201  1.53
10.8301  1.43
10.8401  1.25
10.8501  1.28
10.8601  1.34
10.8701  1.34
10.8801  1.29
10.8901  1.36
10.9001  1.56
10.9101  1.38
10.9201  1.21
10.9301  1.39
10.9401  1.32
10.9501  1.43
10.9601  1.4
10.9701  1.23
10.9801  1.3
10.9901  1.52
11.0001  1.55
11.0101  1.37
11.0201  1.26
11.0301  1.58
11.0401  1.31
11.0501  1.29
11.0601  1.39
11.0701  1.64
11.0801  1.4
11.0901  1.24
11.1001  1.45
11.1101  1.35
11.1201  1.36
11.1301  1.41
11.1401  1.16
11.1501  1.41
11.1601  1.3
11.1701  1.36
11.1801  1.38
11.1901  1.38
11.2001  1.35
11.2101  1.41
11.2201  1.32
11.2301  1.42
11.2401  1.47
11.2501  1.74
11.2601  1.35
11.2701  1.29
11.2801  1.43
11.2901  1.38
11.3001  1.31
11.3101  1.32
11.3201  1.23
11.3301  1.09
11.3401  1.24
11.3501  1.48
11.3601  1.38
11.3701  1.26
11.3801  1.48
11.3901  1.25
11.4001  1.36
11.4101  1.29
11.4201  1.38
11.4301  1.52
11.4401  1.65
11.4501  1.43
11.4601  1.33
11.4701  1.49
11.4801  1.4
11.4901  1.41
11.5001  1.34
11.5101  1.44
11.5201  1.34
11.5301  1.43
11.5401  1.55
11.5501  1.22
11.5601  1.47
11.5701  1.4
11.5801  1.13
11.5901  1.51
11.6001  1.29
11.6101  1.3
11.6201  1.58
11.6301  1.38
11.6401  1.52
11.6501  1.48
11.6601  1.39
11.6701  1.53
11.6801  1.47
11.6901  1.3
11.7001  1.38
11.7101  1.55
11.7201  1.41
11.7301  1.47
11.7401  1.48
11.7501  1.31
11.7601  1.25
11.7701  1.39
11.7801  1.64
11.7901  1.45
11.8001  1.44
11.8101  1.56
11.8201  1.42
11.8301  1.26
11.8401  1.56
11.8501  1.35
11.8601  1.36
11.8701  1.49
11.8801  1.58
11.8901  1.52
11.9001  1.44
11.9101  1.41
11.9201  1.54
11.9301  1.5
11.9401  1.44
11.9501  1.67
11.9601  1.29
11.9701  1.4
11.9801  1.25
11.9901  1.5
12.0001  1.55
12.0101  1.48
12.0201  1.45
12.0301  1.4
12.0401  1.4
12.0501  1.46
12.0601  1.47
12.0701  1.4
12.0801  1.42
12.0901  1.52
12.1001  1.36
12.1101  1.4
12.1201  1.61
12.1301  1.31
12.1401  1.57
12.1501  1.43
12.1601  1.48
12.1701  1.49
12.1801  1.5
12.1901  1.39
12.2001  1.28
12.2101  1.34
12.2201  1.55
12.2301  1.44
12.2401  1.38
12.2501  1.46
12.2601  1.2
12.2701  1.31
12.2801  1.34
12.2901  1.63
12.3001  1.47
12.3101  1.29
12.3201  1.22
12.3301  1.7
12.3401  1.33
12.3501  1.39
12.3601  1.35
12.3701  1.41
12.3801  1.6
12.3901  1.34
12.4001  1.41
12.4101  1.33
12.4201  1.4
12.4301  1.37
12.4401  1.41
12.4501  1.28
12.4601  1.52
12.4701  1.51
12.4801  1.47
12.4901  1.35
12.5001  1.38
12.5101  1.52
12.5201  1.38
12.5301  1.51
12.5401  1.42
12.5501  1.3
12.5601  1.41
12.5701  1.35
12.5801  1.36
12.5901  1.5
12.6001  1.62
12.6101  1.52
12.6201  1.29
12.6301  1.25
12.6401  1.48
12.6501  1.36
12.6601  1.27
12.6701  1.51
12.6801  1.6
12.6901  1.39
12.7001  1.27
12.7101  1.36
12.7201  1.67
12.7301  1.43
12.7401  1.35
12.7501  1.57
12.7601  1.43
12.7701  1.25
12.7801  1.31
12.7901  1.43
12.8001  1.43
12.8101  1.47
12.8201  1.51
12.8301  1.34
12.8401  1.43
12.8501  1.28
12.8601  1.47
12.8701  1.39
12.8801  1.59
12.8901  1.26
12.9001  1.3
12.9101  1.15
12.9201  1.42
12.9301  1.66
12.9401  1.46
12.9501  1.45
12.9601  1.34
12.9701  1.44
12.9801  1.32
12.9901  1.32
13.0001  1.4
13.0101  1.46
13.0201  1.34
13.0301  1.16
13.0401  1.33
13.0501  1.29
13.0601  1.61
13.0701  1.44
13.0801  1.44
13.0901  1.22
13.1001  1.19
13.1101  1.37
13.1201  1.61
13.1301  1.58
13.1401  1.47
13.1501  1.53
13.1601  1.39
13.1701  1.33
13.1801  1.44
13.1901  1.26
13.2001  1.19
13.2101  1.43
13.2201  1.41
13.2301  1.64
13.2401  1.34
13.2501  1.54
13.2601  1.27
13.2701  1.4
13.2801  1.44
13.2901  1.41
13.3001  1.62
13.3101  1.26
13.3201  1.19
13.3301  1.58
13.3401  1.55
13.3501  1.34
13.3601  1.41
13.3701  1.52
13.3801  1.45
13.3901  1.17
13.4001  1.5
13.4101  1.51
13.4201  1.42
13.4301  1.59
13.4401  1.49
13.4501  1.55
13.4601  1.33
13.4701  1.34
13.4801  1.45
13.4901  1.41
13.5001  1.43
13.5101  1.53
13.5201  1.32
13.5301  1.5
13.5401  1.48
13.5501  1.34
13.5601  1.51
13.5701  1.26
13.5801  1.36
13.5901  1.43
13.6001  1.34
13.6101  1.32
13.6201  1.55
13.6301  1.52
13.6401  1.53
13.6501  1.37
13.6601  1.37
13.6701  1.36
13.6801  1.57
13.6901  1.43
13.7001  1.3
13.7101  1.52
13.7201  1.58
13.7301  1.42
13.7401  1.34
13.7501  1.66
13.7601  1.27
13.7701  1.58
13.7801  1.84
13.7901  1.51
13.8001  1.35
13.8101  1.67
13.8201  1.48
13.8301  1.5
13.8401  1.42
13.8501  1.48
13.8601  1.61
13.8701  1.44
13.8801  1.42
13.8901  1.53
13.9001  1.32
13.9101  1.3
13.9201  1.62
13.9301  1.39
13.9401  1.67
13.9501  1.47
13.9601  1.52
13.9701  1.64
13.9801  1.35
13.9901  1.65
14.0001  1.32
14.0101  1.43
14.0201  1.52
14.0301  1.62
14.0401  1.37
14.0501  1.55
14.0601  1.48
14.0701  1.6
14.0801  1.41
14.0901  1.19
14.1001  1.3
14.1101  1.41
14.1201  1.46
14.1301  1.3
14.1401  1.73
14.1501  1.35
14.1601  1.64
14.1701  1.43
14.1801  1.52
14.1901  1.32
14.2001  1.45
14.2101  1.55
14.2201  1.44
14.2301  1.39
14.2401  1.55
14.2501  1.49
14.2601  1.39
14.2701  1.43
14.2801  1.44
14.2901  1.38
14.3001  1.37
14.3101  1.23
14.3201  1.59
14.3301  1.34
14.3401  1.21
14.3501  1.31
14.3601  1.49
14.3701  1.43
14.3801  1.34
14.3901  1.34
14.4001  1.27
14.4101  1.42
14.4201  1.27
14.4301  1.25
14.4401  1.25
14.4501  1.64
14.4601  1.56
14.4701  1.41
14.4801  1.47
14.4901  1.28
14.5001  1.2
14.5101  1.4
14.5201  1.27
14.5301  1.5
14.5401  1.48
14.5501  1.62
14.5601  1.31
14.5701  1.52
14.5801  1.28
14.5901  1.25
14.6001  1.38
14.6101  1.48
14.6201  1.35
14.6301  1.32
14.6401  1.29
14.6501  1.29
14.6601  1.48
14.6701  1.49
14.6801  1.59
14.6901  1.23
14.7001  1.37
14.7101  1.44
14.7201  1.24
14.7301  1.47
14.7401  1.41
14.7501  1.34
14.7601  1.18
14.7701  1.38
14.7801  1.55
14.7901  1.35
14.8001  1.55
14.8101  1.32
14.8201  1.4
14.8301  1.54
14.8401  1.11
14.8501  1.32
14.8601  1.21
14.8701  1.31
14.8801  1.44
14.8901  1.37
14.9001  1.31
14.9101  1.62
14.9201  1.33
14.9301  1.6
14.9401  1.38
14.9501  1.45
14.9601  1.32
14.9701  1.5
14.9801  1.36
14.9901  1.52
15.0001  1.54
15.0101  1.28
15.0201  1.15
15.0301  1.42
15.0401  1.36
15.0501  1.64
15.0601  1.54
15.0701  1.42
15.0801  1.35
15.0901  1.32
15.1001  1.33
15.1101  1.46
15.1201  1.45
15.1301  1.63
15.1401  1.61
15.1501  1.41
15.1601  1.51
15.1701  1.39
15.1801  1.37
15.1901  1.59
15.2001  1.63
15.2101  1.35
15.2201  1.56
15.2301  1.21
15.2401  1.43
15.2501  1.55
15.2601  1.35
15.2701  1.47
15.2801  1.5
15.2901  1.5
15.3001  1.58
15.3101  1.79
15.3201  1.58
15.3301  1.4
15.3401  1.55
15.3501  1.39
15.3601  1.49
15.3701  1.43
15.3801  1.36
15.3901  1.41
15.4001  1.36
15.4101  1.59
15.4201  1.45
15.4301  1.32
15.4401  1.39
15.4501  1.46
15.4601  1.35
15.4701  1.39
15.4801  1.47
15.4901  1.59
15.5001  1.7
15.5101  1.52
15.5201  1.44
15.5301  1.33
15.5401  1.49
15.5501  1.58
15.5601  1.29
15.5701  1.63
15.5801  1.22
15.5901  1.44
15.6001  1.61
15.6101  1.35
15.6201  1.29
15.6301  1.28
15.6401  1.31
15.6501  1.32
15.6601  1.7
15.6701  1.49
15.6801  1.27
15.6901  1.49
15.7001  1.32
15.7101  1.47
15.7201  1.35
15.7301  1.47
15.7401  1.46
15.7501  1.48
15.7601  1.57
15.7701  1.42
15.7801  1.48
15.7901  1.64
15.8001  1.23
15.8101  1.35
15.8201  1.36
15.8301  1.6
15.8401  1.45
15.8501  1.33
15.8601  1.53
15.8701  1.53
15.8801  1.44
15.8901  1.51
15.9001  1.44
15.9101  1.4
15.9201  1.37
15.9301  1.26
15.9401  1.45
15.9501  1.57
15.9601  1.25
15.9701  1.25
15.9801  1.42
15.9901  1.34
16.0001  1.52
16.0101  1.35
16.0201  1.49
16.0301  1.3
16.0401  1.29
16.0501  1.4
16.0601  1.28
16.0701  1.36
16.0801  1.39
16.0901  1.46
16.1001  1.35
16.1101  1.42
16.1201  1.36
16.1301  1.52
16.1401  1.44
16.1501  1.52
16.1601  1.49
16.1701  1.39
16.1801  1.37
16.1901  1.46
16.2001  1.34
16.2101  1.45
16.2201  1.38
16.2301  1.44
16.2401  1.34
16.2501  1.31
16.2601  1.34
16.2701  1.44
16.2801  1.48
16.2901  1.35
16.3001  1.24
16.3101  1.49
16.3201  1.66
16.3301  1.37
16.3401  1.39
16.3501  1.39
16.3601  1.37
16.3701  1.31
16.3801  1.45
16.3901  1.25
16.4001  1.36
16.4101  1.48
16.4201  1.63
16.4301  1.24
16.4401  1.31
16.4501  1.47
16.4601  1.35
16.4701  1.21
16.4801  1.5
16.4901  1.39
16.5001  1.63
16.5101  1.58
16.5201  1.47
16.5301  1.4
16.5401  1.36
16.5501  1.72
16.5601  1.23
16.5701  1.49
16.5801  1.48
16.5901  1.49
16.6001  1.46
16.6101  1.41
16.6201  1.44
16.6301  1.45
16.6401  1.43
16.6501  1.25
16.6601  1.38
16.6701  1.36
16.6801  1.42
16.6901  1.58
16.7001  1.44
16.7101  1.46
16.7201  1.51
16.7301  1.58
16.7401  1.36
16.7501  1.29
16.7601  1.51
16.7701  1.46
16.7801  1.36
16.7901  1.48
16.8001  1.55
16.8101  1.5
16.8201  1.47
16.8301  1.5
16.8401  1.43
16.8501  1.42
16.8601  1.34
16.8701  1.26
16.8801  1.57
16.8901  1.4
16.9001  1.54
16.9101  1.45
16.9201  1.43
16.9301  1.34
16.9401  1.57
16.9501  1.31
16.9601  1.28
16.9701  1.75
16.9801  1.53
16.9901  1.5
17.0001  1.62
17.0101  1.47
17.0201  1.41
17.0301  1.42
17.0401  1.45
17.0501  1.44
17.0601  1.46
17.0701  1.39
17.0801  1.5
17.0901  1.45
17.1001  1.51
17.1101  1.25
17.1201  1.47
17.1301  1.37
17.1401  1.39
17.1501  1.49
17.1601  1.44
17.1701  1.34
17.1801  1.56
17.1901  1.48
17.2001  1.39
17.2101  1.22
17.2201  1.41
17.2301  1.33
17.2401  1.6
17.2501  1.45
17.2601  1.49
17.2701  1.51
17.2801  1.57
17.2901  1.43
17.3001  1.24
17.3101  1.39
17.3201  1.21
17.3301  1.61
17.3401  1.74
17.3501  1.52
17.3601  1.3
17.3701  1.56
17.3801  1.43
17.3901  1.5
17.4001  1.47
17.4101  1.6
17.4201  1.48
17.4301  1.36
17.4401  1.39
17.4501  1.41
17.4601  1.38
17.4701  1.38
17.4801  1.52
17.4901  1.32
17.5001  1.53
17.5101  1.36
17.5201  1.61
17.5301  1.54
17.5401  1.32
17.5501  1.71
17.5601  1.35
17.5701  1.34
17.5801  1.29
17.5901  1.51
17.6001  1.3
17.6101  1.46
17.6201  1.3
17.6301  1.35
17.6401  1.22
17.6501  1.56
17.6601  1.49
17.6701  1.35
17.6801  1.64
17.6901  1.59
17.7001  1.33
17.7101  1.24
17.7201  1.69
17.7301  1.5
17.7401  1.44
17.7501  1.16
17.7601  1.36
17.7701  1.47
17.7801  1.49
17.7901  1.31
17.8001  1.34
17.8101  1.38
17.8201  1.36
17.8301  1.43
17.8401  1.39
17.8501  1.3
17.8601  1.49
17.8701  1.47
17.8801  1.38
17.8901  1.29
17.9001  1.3
17.9101  1.43
17.9201  1.53
17.9301  1.32
17.9401  1.54
17.9501  1.5
17.9601  1.27
17.9701  1.48
17.9801  1.58
17.9901  1.34
18.0001  1.52
18.0101  1.3
18.0201  1.38
18.0301  1.47
18.0401  1.45
18.0501  1.3
18.0601  1.48
18.0701  1.51
18.0801  1.37
18.0901  1.44
18.1001  1.48
18.1101  1.45
18.1201  1.37
18.1301  1.29
18.1401  1.2
18.1501  1.49
18.1601  1.24
18.1701  1.45
18.1801  1.36
18.1901  1.24
18.2001  1.5
18.2101  1.45
18.2201  1.36
18.2301  1.41
18.2401  1.32
18.2501  1.51
18.2601  1.6
18.2701  1.13
18.2801  1.41
18.2901  1.38
18.3001  1.52
18.3101  1.43
18.3201  1.33
18.3301  1.37
18.3401  1.42
18.3501  1.49
18.3601  1.6
18.3701  1.26
18.3801  1.07
18.3901  1.44
18.4001  1.44
18.4101  1.65
18.4201  1.4
18.4301  1.23
18.4401  1.4
18.4501  1.58
18.4601  1.45
18.4701  1.32
18.4801  1.32
18.4901  1.39
18.5001  1.32
18.5101  1.3
18.5201  1.32
18.5301  1.55
18.5401  1.52
18.5501  1.55
18.5601  1.21
18.5701  1.6
18.5801  1.27
18.5901  1.46
18.6001  1.42
18.6101  1.51
18.6201  1.57
18.6301  1.48
18.6401  1.28
18.6501  1.6
18.6601  1.43
18.6701  1.48
18.6801  1.37
18.6901  1.21
18.7001  1.56
18.7101  1.53
18.7201  1.33
18.7301  1.46
18.7401  1.33
18.7501  1.54
18.7601  1.54
18.7701  1.35
18.7801  1.31
18.7901  1.44
18.8001  1.63
18.8101  1.54
18.8201  1.35
18.8301  1.6
18.8401  1.28
18.8501  1.56
18.8601  1.55
18.8701  1.66
18.8801  1.28
18.8901  1.54
18.9001  1.32
18.9101  1.32
18.9201  1.54
18.9301  1.65
18.9401  1.33
18.9501  1.53
18.9601  1.25
18.9701  1.57
18.9801  1.52
18.9901  1.33
19.0001  1.53
19.0101  1.56
19.0201  1.41
19.0301  1.55
19.0401  1.56
19.0501  1.4
19.0601  1.39
19.0701  1.39
19.0801  1.41
19.0901  1.67
19.1001  1.37
19.1101  1.38
19.1201  1.39
19.1301  1.26
19.1401  1.53
19.1501  1.47
19.1601  1.59
19.1701  1.57
19.1801  1.27
19.1901  1.43
19.2001  1.33
19.2101  1.26
19.2201  1.54
19.2301  1.43
19.2401  1.51
19.2501  1.54
19.2601  1.46
19.2701  1.38
19.2801  1.63
19.2901  1.4
19.3001  1.26
19.3101  1.55
19.3201  1.38
19.3301  1.4
19.3401  1.53
19.3501  1.38
19.3601  1.27
19.3701  1.51
19.3801  1.42
19.3901  1.43
19.4001  1.34
19.4101  1.4
19.4201  1.81
19.4301  1.28
19.4401  1.23
19.4501  1.42
19.4601  1.28
19.4701  1.35
19.4801  1.4
19.4901  1.43
19.5001  1.48
19.5101  1.25
19.5201  1.34
19.5301  1.39
19.5401  1.55
19.5501  1.61
19.5601  1.58
19.5701  1.33
19.5801  1.3
19.5901  1.42
19.6001  1.48
19.6101  1.39
19.6201  1.29
19.6301  1.1
19.6401  1.39
19.6501  1.43
19.6601  1.39
19.6701  1.42
19.6801  1.32
19.6901  1.45
19.7001  1.43
19.7101  1.63
19.7201  1.37
19.7301  1.27
19.7401  1.47
19.7501  1.49
19.7601  1.23
19.7701  1.32
19.7801  1.42
19.7901  1.17
19.8001  1.35
19.8101  1.37
19.8201  1.09
19.8301  1.34
19.8401  1.46
19.8501  1.46
19.8601  1.38
19.8701  1.29
19.8801  1.2
19.8901  1.29
19.9001  1.43
19.9101  1.2
19.9201  1.52
19.9301  1.54
19.9401  1.26
19.9501  1.42
19.9601  1.34
19.9701  1.38
19.9801  1.37
19.9901  1.21
20.0001  1.37
20.0101  1.51
20.0201  1.48
20.0301  1.51
20.0401  1.27
20.0501  1.34
20.0601  1.27
20.0701  1.51
20.0801  1.2
20.0901  1.58
20.1001  1.4
20.1101  1.38
20.1201  1.57
20.1301  1.37
20.1401  1.44
20.1501  1.47
20.1601  1.39
20.1701  1.24
20.1801  1.44
20.1901  1.53
20.2001  1.24
20.2101  1.28
20.2201  1.47
20.2301  1.34
20.2401  1.19
20.2501  1.48
20.2601  1.43
20.2701  1.39
20.2801  1.36
20.2901  1.33
20.3001  1.41
20.3101  1.37
20.3201  1.54
20.3301  1.38
20.3401  1.53
20.3501  1.44
20.3601  1.47
20.3701  1.42
20.3801  1.58
20.3901  1.31
20.4001  1.43
20.4101  1.31
20.4201  1.5
20.4301  1.4
20.4401  1.46
20.4501  1.34
20.4601  1.29
20.4701  1.39
20.4801  1.39
20.4901  1.52
20.5001  1.54
20.5101  1.4
20.5201  1.37
20.5301  1.44
20.5401  1.42
20.5501  1.39
20.5601  1.4
20.5701  1.28
20.5801  1.36
20.5901  1.21
20.6001  1.6
20.6101  1.41
20.6201  1.4
20.6301  1.58
20.6401  1.51
20.6501  1.23
20.6601  1.33
20.6701  1.47
20.6801  1.46
20.6901  1.5
20.7001  1.44
20.7101  1.35
20.7201  1.4
20.7301  1.57
20.7401  1.45
20.7501  1.45
20.7601  1.49
20.7701  1.5
20.7801  1.45
20.7901  1.37
20.8001  1.23
20.8101  1.49
20.8201  1.41
20.8301  1.14
20.8401  1.48
20.8501  1.42
20.8601  1.32
20.8701  1.45
20.8801  1.15
20.8901  1.36
20.9001  1.52
20.9101  1.41
20.9201  1.39
20.9301  1.37
20.9401  1.37
20.9501  1.58
20.9601  1.6
20.9701  1.47
20.9801  1.24
20.9901  1.26
21.0001  1.53
21.0101  1.58
21.0201  1.47
21.0301  1.48
21.0401  1.36
21.0501  1.29
21.0601  1.4
21.0701  1.53
21.0801  1.53
21.0901  1.32
21.1001  1.46
21.1101  1.29
21.1201  1.21
21.1301  1.32
21.1401  1.43
21.1501  1.25
21.1601  1.33
21.1701  1.17
21.1801  1.58
21.1901  1.32
21.2001  1.53
21.2101  1.53
21.2201  1.42
21.2301  1.41
21.2401  1.36
21.2501  1.39
21.2601  1.36
21.2701  1.48
21.2801  1.34
21.2901  1.43
21.3001  1.36
21.3101  1.49
21.3201  1.27
21.3301  1.24
21.3401  1.42
21.3501  1.49
21.3601  1.46
21.3701  1.32
21.3801  1.38
21.3901  1.63
21.4001  1.46
21.4101  1.47
21.4201  1.5
21.4301  1.39
21.4401  1.34
21.4501  1.08
21.4601  1.59
21.4701  1.44
21.4801  1.42
21.4901  1.44
21.5001  1.4
21.5101  1.33
21.5201  1.46
21.5301  1.14
21.5401  1.25
21.5501  1.38
21.5601  1.27
21.5701  1.41
21.5801  1.38
21.5901  1.28
21.6001  1.45
21.6101  1.43
21.6201  1.42
21.6301  1.52
21.6401  1.38
21.6501  1.33
21.6601  1.47
21.6701  1.48
21.6801  1.45
21.6901  1.61
21.7001  1.55
21.7101  1.36
21.7201  1.4
21.7301  1.45
21.7401  1.22
21.7501  1.3
21.7601  1.46
21.7701  1.52
21.7801  1.32
21.7901  1.46
21.8001  1.61
21.8101  1.43
21.8201  1.15
21.8301  1.52
21.8401  1.52
21.8501  1.47
21.8601  1.62
21.8701  1.49
21.8801  1.37
21.8901  1.35
21.9001  1.28
21.9101  1.65
21.9201  1.48
21.9301  1.49
21.9401  1.42
21.9501  1.56
21.9601  1.51
21.9701  1.27
21.9801  1.33
21.9901  1.53
22.0001  1.63
22.0101  1.71
22.0201  1.25
22.0301  1.53
22.0401  1.34
22.0501  1.52
22.0601  1.44
22.0701  1.35
22.0801  1.48
22.0901  1.26
22.1001  1.46
22.1101  1.61
22.1201  1.55
22.1301  1.69
22.1401  1.44
22.1501  1.31
22.1601  1.51
22.1701  1.58
22.1801  1.53
22.1901  1.44
22.2001  1.36
22.2101  1.37
22.2201  1.61
22.2301  1.47
22.2401  1.44
22.2501  1.43
22.2601  1.68
22.2701  1.44
22.2801  1.43
22.2901  1.47
22.3001  1.41
22.3101  1.47
22.3201  1.41
22.3301  1.32
22.3401  1.58
22.3501  1.3
22.3601  1.43
22.3701  1.5
22.3801  1.59
22.3901  1.45
22.4001  1.75
22.4101  1.53
22.4201  1.21
22.4301  1.4
22.4401  1.41
22.4501  1.51
22.4601  1.51
22.4701  1.46
22.4801  1.42
22.4901  1.21
22.5001  1.33
22.5101  1.4
22.5201  1.52
22.5301  1.55
22.5401  1.5
22.5501  1.66
22.5601  1.46
22.5701  1.4
22.5801  1.27
22.5901  1.31
22.6001  1.45
22.6101  1.36
22.6201  1.31
22.6301  1.19
22.6401  1.46
22.6501  1.61
22.6601  1.47
22.6701  1.47
22.6801  1.48
22.6901  1.43
22.7001  1.36
22.7101  1.52
22.7201  1.39
22.7301  1.39
22.7401  1.56
22.7501  1.31
22.7601  1.42
22.7701  1.36
22.7801  1.47
22.7901  1.53
22.8001  1.47
22.8101  1.58
22.8201  1.55
22.8301  1.26
22.8401  1.23
22.8501  1.34
22.8601  1.54
22.8701  1.35
22.8801  1.55
22.8901  1.4
22.9001  1.33
22.9101  1.45
22.9201  1.34
22.9301  1.43
22.9401  1.62
22.9501  1.58
22.9601  1.53
22.9701  1.45
22.9801  1.5
22.9901  1.27
23.0001  1.47
23.0101  1.35
23.0201  1.22
23.0301  1.4
23.0401  1.32
23.0501  1.54
23.0601  1.49
23.0701  1.49
23.0801  1.39
23.0901  1.31
23.1001  1.53
23.1101  1.26
23.1201  1.25
23.1301  1.46
23.1401  1.52
23.1501  1.46
23.1601  1.43
23.1701  1.42
23.1801  1.6
23.1901  1.45
23.2001  1.51
23.2101  1.32
23.2201  1.36
23.2301  1.39
23.2401  1.43
23.2501  1.46
23.2601  1.46
23.2701  1.35
23.2801  1.59
23.2901  1.38
23.3001  1.17
23.3101  1.51
23.3201  1.42
23.3301  1.48
23.3401  1.31
23.3501  1.32
23.3601  1.44
23.3701  1.47
23.3801  1.39
23.3901  1.33
23.4001  1.28
23.4101  1.6
23.4201  1.47
23.4301  1.42
23.4401  1.49
23.4501  1.48
23.4601  1.29
23.4701  1.23
23.4801  1.42
23.4901  1.3
23.5001  1.36
23.5101  1.19
23.5201  1.35
23.5301  1.61
23.5401  1.45
23.5501  1.34
23.5601  1.32
23.5701  1.56
23.5801  1.38
23.5901  1.39
23.6001  1.49
23.6101  1.57
23.6201  1.41
23.6301  1.27
23.6401  1.31
23.6501  1.29
23.6601  1.46
23.6701  1.44
23.6801  1.49
23.6901  1.42
23.7001  1.54
23.7101  1.48
23.7201  1.4
23.7301  1.51
23.7401  1.39
23.7501  1.5
23.7601  1.5
23.7701  1.26
23.7801  1.53
23.7901  1.33
23.8001  1.45
23.8101  1.27
23.8201  1.43
23.8301  1.67
23.8401  1.28
23.8501  1.36
23.8601  1.55
23.8701  1.38
23.8801  1.38
23.8901  1.45
23.9001  1.41
23.9101  1.23
23.9201  1.5
23.9301  1.48
23.9401  1.47
23.9501  1.23
23.9601  1.25
23.9701  1.37
23.9801  1.36
23.9901  1.46
24.0001  1.36
24.0101  1.48
24.0201  1.44
24.0301  1.31
24.0401  1.44
24.0501  1.49
24.0601  1.42
24.0701  1.39
24.0801  1.24
24.0901  1.37
24.1001  1.36
24.1101  1.37
24.1201  1.35
24.1301  1.44
24.1401  1.4
24.1501  1.4
24.1601  1.51
24.1701  1.41
24.1801  1.54
24.1901  1.33
24.2001  1.37
24.2101  1.53
24.2201  1.4
24.2301  1.62
24.2401  1.59
24.2501  1.43
24.2601  1.38
24.2701  1.33
24.2801  1.56
24.2901  1.53
24.3001  1.4
24.3101  1.15
24.3201  1.17
24.3301  1.42
24.3401  1.36
24.3501  1.44
24.3601  1.64
24.3701  1.35
24.3801  1.48
24.3901  1.64
24.4001  1.54
24.4101  1.47
24.4201  1.49
24.4301  1.12
24.4401  1.53
24.4501  1.34
24.4601  1.45
24.4701  1.36
24.4801  1.38
24.4901  1.52
24.5001  1.23
24.5101  1.56
24.5201  1.43
24.5301  1.72
24.5401  1.23
24.5501  1.38
24.5601  1.51
24.5701  1.4
24.5801  1.41
24.5901  1.33
24.6001  1.52
24.6101  1.38
24.6201  1.31
24.6301  1.52
24.6401  1.58
24.6501  1.39
24.6601  1.29
24.6701  1.25
24.6801  1.37
24.6901  1.28
24.7001  1.26
24.7101  1.29
24.7201  1.6
24.7301  1.38
24.7401  1.35
24.7501  1.48
24.7601  1.52
24.7701  1.34
24.7801  1.44
24.7901  1.3
24.8001  1.55
24.8101  1.43
24.8201  1.21
24.8301  1.36
24.8401  1.59
24.8501  1.44
24.8601  1.37
24.8701  1.2
24.8801  1.4
24.8901  1.45
24.9001  1.45
24.9101  1.43
24.9201  1.35
24.9301  1.5
24.9401  1.34
24.9501  1.38
24.9601  1.28
24.9701  1.29
24.9801  1.58
24.9901  1.33
25.0001  1.47
25.0101  1.57
25.0201  1.44
25.0301  1.5
25.0401  1.42
25.0501  1.2
25.0601  1.47
25.0701  1.35
25.0801  1.5
25.0901  1.3
25.1001  1.28
25.1101  1.47
25.1201  1.38
25.1301  1.37
25.1401  1.31
25.1501  1.3
25.1601  1.46
25.1701  1.31
25.1801  1.53
25.1901  1.5
25.2001  1.15
25.2101  1.27
25.2201  1.24
25.2301  1.41
25.2401  1.61
25.2501  1.16
25.2601  1.33
25.2701  1.36
25.2801  1.36
25.2901  1.24
25.3001  1.53
25.3101  1.37
25.3201  1.37
25.3301  1.4
25.3401  1.47
25.3501  1.58
25.3601  1.35
25.3701  1.37
25.3801  1.16
25.3901  1.35
25.4001  1.24
25.4101  1.4
25.4201  1.31
25.4301  1.44
25.4401  1.49
25.4501  1.34
25.4601  1.43
25.4701  1.32
25.4801  1.4
25.4901  1.56
25.5001  1.43
25.5101  1.33
25.5201  1.47
25.5301  1.28
25.5401  1.23
25.5501  1.49
25.5601  1.47
25.5701  1.39
25.5801  1.4
25.5901  1.29
25.6001  1.29
25.6101  1.55
25.6201  1.5
25.6301  1.36
25.6401  1.32
25.6501  1.25
25.6601  1.58
25.6701  1.28
25.6801  1.47
25.6901  1.31
25.7001  1.42
25.7101  1.5
25.7201  1.52
25.7301  1.27
25.7401  1.33
25.7501  1.39
25.7601  1.22
25.7701  1.48
25.7801  1.52
25.7901  1.34
25.8001  1.42
25.8101  1.32
25.8201  1.63
25.8301  1.43
25.8401  1.49
25.8501  1.6
25.8601  1.47
25.8701  1.39
25.8801  1.53
25.8901  1.28
25.9001  1.44
25.9101  1.48
25.9201  1.25
25.9301  1.48
25.9401  1.42
25.9501  1.42
25.9601  1.23
25.9701  1.58
25.9801  1.6
25.9901  1.43
26.0001  1.37
26.0101  1.46
26.0201  1.44
26.0301  1.49
26.0401  1.5
26.0501  1.24
26.0601  1.42
26.0701  1.24
26.0801  1.51
26.0901  1.52
26.1001  1.23
26.1101  1.54
26.1201  1.52
26.1301  1.56
26.1401  1.4
26.1501  1.61
26.1601  1.55
26.1701  1.46
26.1801  1.53
26.1901  1.49
26.2001  1.49
26.2101  1.67
26.2201  1.56
26.2301  1.54
26.2401  1.45
26.2501  1.54
26.2601  1.31
26.2701  1.3
26.2801  1.58
26.2901  1.63
26.3001  1.34
26.3101  1.57
26.3201  1.45
26.3301  1.74
26.3401  1.56
26.3501  1.51
26.3601  1.36
26.3701  1.37
26.3801  1.54
26.3901  1.52
26.4001  1.64
26.4101  1.37
26.4201  1.34
26.4301  1.74
26.4401  1.44
26.4501  1.53
26.4601  1.47
26.4701  1.3
26.4801  1.55
26.4901  1.47
26.5001  1.28
26.5101  1.45
26.5201  1.62
26.5301  1.47
26.5401  1.4
26.5501  1.33
26.5601  1.59
26.5701  1.56
26.5801  1.54
26.5901  1.36
26.6001  1.47
26.6101  1.37
26.6201  1.42
26.6301  1.56
26.6401  1.3
26.6501  1.44
26.6601  1.49
26.6701  1.15
26.6801  1.49
26.6901  1.27
26.7001  1.36
26.7101  1.43
26.7201  1.27
26.7301  1.69
26.7401  1.37
26.7501  1.37
26.7601  1.63
26.7701  1.45
26.7801  1.65
26.7901  1.27
26.8001  1.28
26.8101  1.42
26.8201  1.4
26.8301  1.25
26.8401  1.28
26.8501  1.36
26.8601  1.52
26.8701  1.39
26.8801  1.39
26.8901  1.21
26.9001  1.44
26.9101  1.57
26.9201  1.29
26.9301  1.32
26.9401  1.45
26.9501  1.37
26.9601  1.26
26.9701  1.49
26.9801  1.53
26.9901  1.5
27.0001  1.48
27.0101  1.26
27.0201  1.31
27.0301  1.45
27.0401  1.33
27.0501  1.59
27.0601  1.37
27.0701  1.35
27.0801  1.45
27.0901  1.48
27.1001  1.33
27.1101  1.41
27.1201  1.42
27.1301  1.46
27.1401  1.45
27.1501  1.31
27.1601  1.19
27.1701  1.37
27.1801  1.44
27.1901  1.39
27.2001  1.5
27.2101  1.29
27.2201  1.17
27.2301  1.44
27.2401  1.28
27.2501  1.56
27.2601  1.38
27.2701  1.57
27.2801  1.59
27.2901  1.35
27.3001  1.35
27.3101  1.33
27.3201  1.26
27.3301  1.32
27.3401  1.6
27.3501  1.44
27.3601  1.45
27.3701  1.36
27.3801  1.28
27.3901  1.45
27.4001  1.46
27.4101  1.27
27.4201  1.39
27.4301  1.37
27.4401  1.5
27.4501  1.27
27.4601  1.59
27.4701  1.53
27.4801  1.39
27.4901  1.28
27.5001  1.42
27.5101  1.25
27.5201  1.41
27.5301  1.5
27.5401  1.47
27.5501  1.37
27.5601  1.35
27.5701  1.6
27.5801  1.3
27.5901  1.32
27.6001  1.45
27.6101  1.43
27.6201  1.44
27.6301  1.08
27.6401  1.14
27.6501  1.52
27.6601  1.38
27.6701  1.15
27.6801  1.5
27.6901  1.33
27.7001  1.39
27.7101  1.5
27.7201  1.52
27.7301  1.36
27.7401  1.23
27.7501  1.32
27.7601  1.39
27.7701  1.4
27.7801  1.41
27.7901  1.26
27.8001  1.44
27.8101  1.39
27.8201  1.54
27.8301  1.49
27.8401  1.36
27.8501  1.28
27.8601  1.46
27.8701  1.38
27.8801  1.47
27.8901  1.65
27.9001  1.38
27.9101  1.44
27.9201  1.37
27.9301  1.45
27.9401  1.4
27.9501  1.32
27.9601  1.57
27.9701  1.58
27.9801  1.32
27.9901  1.49
28.0001  1.3
28.0101  1.58
28.0201  1.32
28.0301  1.61
28.0401  1.64
28.0501  1.5
28.0601  1.51
28.0701  1.21
28.0801  1.52
28.0901  1.43
28.1001  1.6
28.1101  1.24
28.1201  1.5
28.1301  1.41
28.1401  1.18
28.1501  1.62
28.1601  1.33
28.1701  1.5
28.1801  1.48
28.1901  1.46
28.2001  1.51
28.2101  1.36
28.2201  1.45
28.2301  1.47
28.2401  1.64
28.2501  1.52
28.2601  1.49
28.2701  1.53
28.2801  1.48
28.2901  1.21
28.3001  1.4
28.3101  1.35
28.3201  1.31
28.3301  1.1
28.3401  1.48
28.3501  1.28
28.3601  1.51
28.3701  1.5
28.3801  1.59
28.3901  1.34
28.4001  1.49
28.4101  1.15
28.4201  1.34
28.4301  1.45
28.4401  1.55
28.4501  1.4
28.4601  1.34
28.4701  1.48
28.4801  1.72
28.4901  1.49
28.5001  1.34
28.5101  1.39
28.5201  1.32
28.5301  1.23
28.5401  1.1
28.5501  1.51
28.5601  1.48
28.5701  1.27
28.5801  1.48
28.5901  1.46
28.6001  1.53
28.6101  1.51
28.6201  1.26
28.6301  1.24
28.6401  1.37
28.6501  1.25
28.6601  1.56
28.6701  1.41
28.6801  1.47
28.6901  1.38
28.7001  1.42
28.7101  1.35
28.7201  1.42
28.7301  1.31
28.7401  1.43
28.7501  1.37
28.7601  1.29
28.7701  1.28
28.7801  1.5
28.7901  1.44
28.8001  1.41
28.8101  1.5
28.8201  1.25
28.8301  1.48
28.8401  1.36
28.8501  1.32
28.8601  1.59
28.8701  1.41
28.8801  1.39
28.8901  1.29
28.9001  1.44
28.9101  1.31
28.9201  1.49
28.9301  1.48
28.9401  1.57
28.9501  1.4
28.9601  1.25
28.9701  1.42
28.9801  1.58
28.9901  1.34
29.0001  1.26
29.0101  1.27
29.0201  1.59
29.0301  1.34
29.0401  1.5
29.0501  1.36
29.0601  1.16
29.0701  1.55
29.0801  1.48
29.0901  1.37
29.1001  1.64
29.1101  1.27
29.1201  1.21
29.1301  1.51
29.1401  1.38
29.1501  1.47
29.1601  1.51
29.1701  1.18
29.1801  1.42
29.1901  1.29
29.2001  1.26
29.2101  1.11
29.2201  1.36
29.2301  1.26
29.2401  1.56
29.2501  1.44
29.2601  1.27
29.2701  1.39
29.2801  1.33
29.2901  1.49
29.3001  1.46
29.3101  1.58
29.3201  1.47
29.3301  1.37
29.3401  1.47
29.3501  1.5
29.3601  1.33
29.3701  1.41
29.3801  1.39
29.3901  1.39
29.4001  1.36
29.4101  1.37
29.4201  1.4
29.4301  1.28
29.4401  1.35
29.4501  1.29
29.4601  1.45
29.4701  1.33
29.4801  1.48
29.4901  1.46
29.5001  1.51
29.5101  1.33
29.5201  1.53
29.5301  1.41
29.5401  1.42
29.5501  1.48
29.5601  1.26
29.5701  1.38
29.5801  1.44
29.5901  1.48
29.6001  1.54
29.6101  1.51
29.6201  1.55
29.6301  1.4
29.6401  1.43
29.6501  1.45
29.6601  1.5
29.6701  1.32
29.6801  1.47
29.6901  1.38
29.7001  1.26
29.7101  1.26
29.7201  1.44
29.7301  1.43
29.7401  1.39
29.7501  1.28
29.7601  1.45
29.7701  1.39
29.7801  1.54
29.7901  1.48
29.8001  1.29
29.8101  1.32
29.8201  1.49
29.8301  1.27
29.8401  1.45
29.8501  1.59
29.8601  1.73
29.8701  1.25
29.8801  1.23
29.8901  1.55
29.9001  1.22
29.9101  1.59
29.9201  1.57
29.9301  1.3
29.9401  1.38
29.9501  1.25
29.9601  1.38
29.9701  1.52
29.9801  1.49
29.9901  1.12
30.0001  1.54
30.0101  1.69
30.0201  1.42
30.0301  1.28
30.0401  1.34
30.0501  1.4
30.0601  1.41
30.0701  1.44
30.0801  1.31
30.0901  1.18
30.1001  1.54
30.1101  1.4
30.1201  1.48
30.1301  1.36
30.1401  1.3
30.1501  1.36
30.1601  1.44
30.1701  1.37
30.1801  1.62
30.1901  1.22
30.2001  1.47
30.2101  1.46
30.2201  1.49
30.2301  1.51
30.2401  1.6
30.2501  1.26
30.2601  1.28
30.2701  1.41
30.2801  1.57
30.2901  1.44
30.3001  1.61
30.3101  1.5
30.3201  1.3
30.3301  1.38
30.3401  1.62
30.3501  1.43
30.3601  1.6
30.3701  1.41
30.3801  1.37
30.3901  1.37
30.4001  1.59
30.4101  1.48
30.4201  1.5
30.4301  1.52
30.4401  1.26
30.4501  1.28
30.4601  1.46
30.4701  1.53
30.4801  1.23
30.4901  1.43
30.5001  1.44
30.5101  1.58
30.5201  1.47
30.5301  1.66
30.5401  1.49
30.5501  1.46
30.5601  1.2
30.5701  1.57
30.5801  1.47
30.5901  1.45
30.6001  1.32
30.6101  1.41
30.6201  1.49
30.6301  1.35
30.6401  1.35
30.6501  1.57
30.6601  1.19
30.6701  1.41
30.6801  1.25
30.6901  1.39
30.7001  1.38
30.7101  1.38
30.7201  1.44
30.7301  1.25
30.7401  1.4
30.7501  1.56
30.7601  1.57
30.7701  1.39
30.7801  1.41
30.7901  1.49
30.8001  1.36
30.8101  1.37
30.8201  1.26
30.8301  1.56
30.8401  1.39
30.8501  1.29
30.8601  1.48
30.8701  1.41
30.8801  1.44
30.8901  1.49
30.9001  1.27
30.9101  1.43
30.9201  1.37
30.9301  1.52
30.9401  1.36
30.9501  1.34
30.9601  1.35
30.9701  1.54
30.9801  1.46
30.9901  1.42
31.0001  1.42
31.0101  1.4
31.0201  1.35
31.0301  1.47
31.0401  1.51
31.0501  1.61
31.0601  1.39
31.0701  1.44
31.0801  1.48
31.0901  1.55
31.1001  1.2
31.1101  1.4
31.1201  1.53
31.1301  1.35
31.1401  1.34
31.1501  1.45
31.1601  1.52
31.1701  1.55
31.1801  1.36
31.1901  1.35
31.2001  1.54
31.2101  1.28
31.2201  1.49
31.2301  1.37
31.2401  1.34
31.2501  1.47
31.2601  1.28
31.2701  1.3
31.2801  1.17
31.2901  1.43
31.3001  1.4
31.3101  1.39
31.3201  1.45
31.3301  1.44
31.3401  1.48
31.3501  1.52
31.3601  1.35
31.3701  1.38
31.3801  1.26
31.3901  1.33
31.4001  1.33
31.4101  1.39
31.4201  1.35
31.4301  1.43
31.4401  1.37
31.4501  1.33
31.4601  1.26
31.4701  1.17
31.4801  1.47
31.4901  1.33
31.5001  1.49
31.5101  1.63
31.5201  1.18
31.5301  1.62
31.5401  1.43
31.5501  1.41
31.5601  1.2
31.5701  1.69
31.5801  1.39
31.5901  1.47
31.6001  1.4
31.6101  1.34
31.6201  1.23
31.6301  1.24
31.6401  1.43
31.6501  1.3
31.6601  1.22
31.6701  1.26
31.6801  1.47
31.6901  1.44
31.7001  1.5
31.7101  1.55
31.7201  1.37
31.7301  1.55
31.7401  1.51
31.7501  1.49
31.7601  1.2
31.7701  1.49
31.7801  1.31
31.7901  1.5
31.8001  1.27
31.8101  1.53
31.8201  1.31
31.8301  1.21
31.8401  1.35
31.8501  1.31
31.8601  1.44
31.8701  1.46
31.8801  1.4
31.8901  1.25
31.9001  1.36
31.9101  1.51
31.9201  1.48
31.9301  1.31
31.9401  1.39
31.9501  1.4
31.9601  1.46
31.9701  1.53
31.9801  1.5
31.9901  1.37
32.0001  1.27
32.0101  1.68
32.0201  1.29
32.0301  1.44
32.0401  1.49
32.0501  1.23
32.0601  1.68
32.0701  1.45
32.0801  1.41
32.0901  1.28
32.1001  1.36
32.1101  1.4
32.1201  1.47
32.1301  1.53
32.1401  1.36
32.1501  1.25
32.1601  1.44
32.1701  1.5
32.1801  1.44
32.1901  1.3
32.2001  1.51
32.2101  1.24
32.2201  1.37
32.2301  1.5
32.2401  1.39
32.2501  1.4
32.2601  1.31
32.2701  1.46
32.2801  1.4
32.2901  1.52
32.3001  1.36
32.3101  1.58
32.3201  1.33
32.3301  1.39
32.3401  1.55
32.3501  1.53
32.3601  1.58
32.3701  1.46
32.3801  1.25
32.3901  1.53
32.4001  1.41
32.4101  1.38
32.4201  1.38
32.4301  1.59
32.4401  1.54
32.4501  1.44
32.4601  1.35
32.4701  1.54
32.4801  1.4
32.4901  1.32
32.5001  1.28
32.5101  1.25
32.5201  1.26
32.5301  1.33
32.5401  1.46
32.5501  1.47
32.5601  1.39
32.5701  1.72
32.5801  1.55
32.5901  1.36
32.6001  1.41
32.6101  1.41
32.6201  1.33
32.6301  1.21
32.6401  1.55
32.6501  1.39
32.6601  1.32
32.6701  1.4
32.6801  1.44
32.6901  1.41
32.7001  1.61
32.7101  1.26
32.7201  1.37
32.7301  1.59
32.7401  1.67
32.7501  1.31
32.7601  1.4
32.7701  1.6
32.7801  1.34
32.7901  1.48
32.8001  1.52
32.8101  1.15
32.8201  1.35
32.8301  1.26
32.8401  1.39
32.8501  1.42
32.8601  1.36
32.8701  1.18
32.8801  1.37
32.8901  1.43
32.9001  1.39
32.9101  1.64
32.9201  1.32
32.9301  1.4
32.9401  1.43
32.9501  1.33
32.9601  1.42
32.9701  1.32
32.9801  1.2
32.9901  1.47
33.0001  1.52
33.0101  1.34
33.0201  1.36
33.0301  1.31
33.0401  1.39
33.0501  1.43
33.0601  1.25
33.0701  1.32
33.0801  1.4
33.0901  1.31
33.1001  1.61
33.1101  1.39
33.1201  1.28
33.1301  1.49
33.1401  1.48
33.1501  1.31
33.1601  1.29
33.1701  1.35
33.1801  1.41
33.1901  1.34
33.2001  1.21
33.2101  1.37
33.2201  1.53
33.2301  1.39
33.2401  1.52
33.2501  1.55
33.2601  1.37
33.2701  1.31
33.2801  1.44
33.2901  1.35
33.3001  1.36
33.3101  1.54
33.3201  1.32
33.3301  1.4
33.3401  1.52
33.3501  1.47
33.3601  1.49
33.3701  1.58
33.3801  1.26
33.3901  1.23
33.4001  1.28
33.4101  1.31
33.4201  1.51
33.4301  1.55
33.4401  1.33
33.4501  1.44
33.4601  1.28
33.4701  1.43
33.4801  1.46
33.4901  1.43
33.5001  1.26
33.5101  1.48
33.5201  1.31
33.5301  1.47
33.5401  1.56
33.5501  1.61
33.5601  1.55
33.5701  1.4
33.5801  1.38
33.5901  1.29
33.6001  1.44
33.6101  1.37
33.6201  1.32
33.6301  1.29
33.6401  1.41
33.6501  1.55
33.6601  1.55
33.6701  1.27
33.6801  1.41
33.6901  1.35
33.7001  1.18
33.7101  1.48
33.7201  1.52
33.7301  1.51
33.7401  1.5
33.7501  1.36
33.7601  1.64
33.7701  1.47
33.7801  1.59
33.7901  1.21
33.8001  1.41
33.8101  1.43
33.8201  1.44
33.8301  1.35
33.8401  1.46
33.8501  1.35
33.8601  1.28
33.8701  1.38
33.8801  1.35
33.8901  1.46
33.9001  1.58
33.9101  1.43
33.9201  1.43
33.9301  1.67
33.9401  1.54
33.9501  1.46
33.9601  1.5
33.9701  1.51
33.9801  1.14
33.9901  1.46
34.0001  1.47
34.0101  1.6
34.0201  1.33
34.0301  1.3
34.0401  1.35
34.0501  1.53
34.0601  1.22
34.0701  1.29
34.0801  1.37
34.0901  1.45
34.1001  1.41
34.1101  1.54
34.1201  1.63
34.1301  1.58
34.1401  1.26
34.1501  1.31
34.1601  1.7
34.1701  1.39
34.1801  1.34
34.1901  1.43
34.2001  1.34
34.2101  1.51
34.2201  1.33
34.2301  1.35
34.2401  1.37
34.2501  1.27
34.2601  1.36
34.2701  1.64
34.2801  1.5
34.2901  1.38
34.3001  1.58
34.3101  1.37
34.3201  1.38
34.3301  1.51
34.3401  1.36
34.3501  1.27
34.3601  1.55
34.3701  1.36
34.3801  1.43
34.3901  1.34
34.4001  1.57
34.4101  1.33
34.4201  1.25
34.4301  1.31
34.4401  1.53
34.4501  1.45
34.4601  1.37
34.4701  1.48
34.4801  1.33
34.4901  1.19
34.5  1.47
34.51  1.13
34.52  1.58
34.53  1.36
34.54  1.5
34.55  1.39
34.56  1.19
34.57  1.32
34.58  1.48
34.59  1.16
34.6  1.42
34.61  1.37
34.62  1.32
34.63  1.42
34.64  1.22
34.65  1.24
34.66  1.54
34.67  1.57
34.68  1.48
34.69  1.21
34.7  1.29
34.71  1.47
34.72  1.53
34.73  1.23
34.74  1.56
34.75  1.3
34.76  1.48
34.77  1.3
34.78  1.39
34.79  1.38
34.8  1.3
34.81  1.51
34.82  1.24
34.83  1.33
34.84  1.29
34.85  1.64
34.86  1.47
34.87  1.3
34.88  1.27
34.89  1.55
34.9  1.54
34.91  1.24
34.92  1.55
34.93  1.26
34.94  1.45
34.95  1.41
34.96  1.4
34.97  1.39
34.98  1.67
34.99  1.35
