-15  0
-14.99  0
-14.98  0.01
-14.97  0.01
-14.96  0.01
-14.95  0.01
-14.94  0.02
-14.93  0.02
-14.92  0.03
-14.91  0.03
-14.9  0.03
-14.89  0.05
-14.88  0.04
-14.87  0.04
-14.86  0.07
-14.85  0.06
-14.84  0.07
-14.83  0.06
-14.82  0.09
-14.81  0.1
-14.8  0.11
-14.79  0.12
-14.78  0.12
-14.77  0.15
-14.76  0.17
-14.75  0.2
-14.74  0.21
-14.73  0.27
-14.72  0.3
-14.71  0.35
-14.7  0.43
-14.69  0.53
-14.68  0.65
-14.67  0.87
-14.66  1.15
-14.65  1.62
-14.64  2.44
-14.63  4.02
-14.62  7.53
-14.61  15.25
-14.6  22.63
-14.59  15.53
-14.58  7.66
-14.57  4.12
-14.56  2.46
-14.55  1.65
-14.54  1.17
-14.53  0.88
-14.52  0.69
-14.51  0.55
-14.5  0.45
-14.49  0.38
-14.48  0.32
-14.47  0.3
-14.46  0.25
-14.45  0.23
-14.44  0.2
-14.43  0.18
-14.42  0.17
-14.41  0.16
-14.4  0.19
-14.39  0.12
-14.38  0.13
-14.37  0.14
-14.36  0.11
-14.35  0.15
-14.34  0.1
-14.33  0.12
-14.32  0.11
-14.31  0.11
-14.3  0.11
-14.29  0.12
-14.28  0.12
-14.27  0.11
-14.26  0.1
-14.25  0.13
-14.24  0.1
-14.23  0.12
-14.22  0.11
-14.21  0.14
-14.2  0.11
-14.19  0.14
-14.18  0.11
-14.17  0.15
-14.16  0.14
-14.15  0.15
-14.14  0.13
-14.13  0.18
-14.12  0.15
-14.11  0.16
-14.1  0.18
-14.09  0.19
-14.08  0.2
-14.07  0.2
-14.06  0.24
-14.05  0.23
-14.04  0.24
-14.03  0.24
-14.02  0.27
-14.01  0.33
-14  0.32
-13.99  0.37
-13.98  0.39
-13.97  0.41
-13.96  0.48
-13.95  0.52
-13.94  0.59
-13.93  0.66
-13.92  0.76
-13.91  0.84
-13.9  0.98
-13.89  1.21
-13.88  1.34
-13.87  1.64
-13.86  2.07
-13.85  2.52
-13.84  3.17
-13.83  4.09
-13.82  5.18
-13.81  6.31
-13.8  7.5
-13.79  7.92
-13.78  7.4
-13.77  6.39
-13.76  5.16
-13.75  4
-13.74  3.19
-13.73  2.54
-13.72  2.04
-13.71  1.67
-13.7  1.42
-13.69  1.18
-13.68  1
-13.67  0.88
-13.66  0.76
-13.65  0.7
-13.64  0.59
-13.63  0.56
-13.62  0.5
-13.61  0.5
-13.6  0.45
-13.59  0.39
-13.58  0.38
-13.57  0.34
-13.56  0.32
-13.55  0.32
-13.54  0.32
-13.53  0.3
-13.52  0.27
-13.51  0.29
-13.5  0.24
-13.49  0.28
-13.48  0.26
-13.47  0.24
-13.46  0.28
-13.45  0.24
-13.44  0.24
-13.43  0.24
-13.42  0.25
-13.41  0.24
-13.4  0.24
-13.39  0.26
-13.38  0.26
-13.37  0.27
-13.36  0.24
-13.35  0.28
-13.34  0.27
-13.33  0.27
-13.32  0.3
-13.31  0.28
-13.3  0.3
-13.29  0.36
-13.28  0.31
-13.27  0.32
-13.26  0.38
-13.25  0.36
-13.24  0.37
-13.23  0.43
-13.22  0.48
-13.21  0.46
-13.2  0.5
-13.19  0.55
-13.18  0.6
-13.17  0.61
-13.16  0.66
-13.15  0.73
-13.14  0.82
-13.13  0.89
-13.12  0.99
-13.11  1.09
-13.1  1.24
-13.09  1.41
-13.08  1.57
-13.07  1.82
-13.06  2.06
-13.05  2.37
-13.04  2.75
-13.03  3.19
-13.02  3.61
-13.01  4.05
-13  4.43
-12.99  4.71
-12.98  4.8
-12.97  4.74
-12.96  4.44
-12.95  4.03
-12.94  3.57
-12.93  3.16
-12.92  2.74
-12.91  2.37
-12.9  2.09
-12.89  1.78
-12.88  1.59
-12.87  1.39
-12.86  1.25
-12.85  1.13
-12.84  1.03
-12.83  0.9
-12.82  0.85
-12.81  0.76
-12.8  0.73
-12.79  0.64
-12.78  0.62
-12.77  0.58
-12.76  0.54
-12.75  0.55
-12.74  0.54
-12.73  0.47
-12.72  0.45
-12.71  0.41
-12.7  0.41
-12.69  0.42
-12.68  0.41
-12.67  0.39
-12.66  0.39
-12.65  0.39
-12.64  0.36
-12.63  0.38
-12.62  0.37
-12.61  0.4
-12.6  0.36
-12.59  0.36
-12.58  0.37
-12.57  0.38
-12.56  0.38
-12.55  0.37
-12.54  0.38
-12.53  0.39
-12.52  0.36
-12.51  0.48
-12.5  0.42
-12.49  0.4
-12.48  0.44
-12.47  0.48
-12.46  0.5
-12.45  0.53
-12.44  0.51
-12.43  0.52
-12.42  0.55
-12.41  0.61
-12.4  0.63
-12.39  0.7
-12.38  0.7
-12.37  0.76
-12.36  0.81
-12.35  0.88
-12.34  0.95
-12.33  1
-12.32  1.13
-12.31  1.19
-12.3  1.3
-12.29  1.47
-12.28  1.54
-12.27  1.77
-12.26  1.87
-12.25  2.14
-12.24  2.37
-12.23  2.52
-12.22  2.81
-12.21  2.95
-12.2  3.25
-12.19  3.34
-12.18  3.52
-12.17  3.58
-12.16  3.42
-12.15  3.4
-12.14  3.16
-12.13  3.02
-12.12  2.7
-12.11  2.58
-12.1  2.37
-12.09  2.08
-12.08  1.93
-12.07  1.72
-12.06  1.6
-12.05  1.42
-12.04  1.33
-12.03  1.24
-12.02  1.11
-12.01  1.04
-12  0.96
-11.99  0.92
-11.98  0.84
-11.97  0.82
-11.96  0.79
-11.95  0.69
-11.94  0.69
-11.93  0.63
-11.92  0.62
-11.91  0.58
-11.9  0.6
-11.89  0.54
-11.88  0.56
-11.87  0.55
-11.86  0.52
-11.85  0.5
-11.84  0.53
-11.83  0.48
-11.82  0.5
-11.81  0.48
-11.8  0.47
-11.79  0.5
-11.78  0.49
-11.77  0.49
-11.76  0.45
-11.75  0.49
-11.74  0.5
-11.73  0.47
-11.72  0.54
-11.71  0.53
-11.7  0.53
-11.69  0.51
-11.68  0.54
-11.67  0.61
-11.66  0.56
-11.65  0.65
-11.64  0.59
-11.63  0.67
-11.62  0.64
-11.61  0.72
-11.6  0.72
-11.59  0.78
-11.58  0.82
-11.57  0.84
-11.56  0.9
-11.55  0.94
-11.54  1.04
-11.53  1.06
-11.52  1.15
-11.51  1.23
-11.5  1.27
-11.49  1.47
-11.48  1.53
-11.47  1.64
-11.46  1.71
-11.45  1.96
-11.44  2
-11.43  2.16
-11.42  2.24
-11.41  2.43
-11.4  2.66
-11.39  2.64
-11.38  2.71
-11.37  2.77
-11.36  2.89
-11.35  2.77
-11.34  2.7
-11.33  2.64
-11.32  2.54
-11.31  2.49
-11.3  2.28
-11.29  2.16
-11.28  1.96
-11.27  1.95
-11.26  1.73
-11.25  1.63
-11.24  1.53
-11.23  1.41
-11.22  1.32
-11.21  1.25
-11.2  1.18
-11.19  1.1
-11.18  1.04
-11.17  0.99
-11.16  0.94
-11.15  0.87
-11.14  0.89
-11.13  0.83
-11.12  0.76
-11.11  0.72
-11.1  0.73
-11.09  0.71
-11.08  0.67
-11.07  0.68
-11.06  0.63
-11.05  0.63
-11.04  0.63
-11.03  0.64
-11.02  0.56
-11.01  0.63
-11  0.58
-10.99  0.64
-10.98  0.55
-10.97  0.6
-10.96  0.58
-10.95  0.59
-10.94  0.58
-10.93  0.6
-10.92  0.62
-10.91  0.61
-10.9  0.63
-10.89  0.59
-10.88  0.68
-10.87  0.66
-10.86  0.67
-10.85  0.68
-10.84  0.7
-10.83  0.77
-10.82  0.73
-10.81  0.79
-10.8  0.81
-10.79  0.83
-10.78  0.88
-10.77  0.92
-10.76  0.94
-10.75  1.02
-10.74  1.08
-10.73  1.05
-10.72  1.23
-10.71  1.21
-10.7  1.28
-10.69  1.38
-10.68  1.42
-10.67  1.51
-10.66  1.66
-10.65  1.71
-10.64  1.78
-10.63  1.89
-10.62  1.98
-10.61  2.16
-10.6  2.16
-10.59  2.21
-10.58  2.32
-10.57  2.31
-10.56  2.32
-10.55  2.45
-10.54  2.33
-10.53  2.28
-10.52  2.32
-10.51  2.22
-10.5  2.22
-10.49  2.03
-10.48  1.97
-10.47  1.9
-10.46  1.76
-10.45  1.71
-10.44  1.7
-10.43  1.51
-10.42  1.43
-10.41  1.41
-10.4  1.31
-10.39  1.27
-10.38  1.17
-10.37  1.13
-10.36  1.07
-10.35  1.02
-10.34  0.99
-10.33  0.97
-10.32  0.9
-10.31  0.89
-10.3  0.84
-10.29  0.84
-10.28  0.82
-10.27  0.78
-10.26  0.76
-10.25  0.74
-10.24  0.74
-10.23  0.73
-10.22  0.74
-10.21  0.71
-10.2  0.67
-10.19  0.68
-10.18  0.67
-10.17  0.7
-10.16  0.69
-10.15  0.67
-10.14  0.69
-10.13  0.71
-10.12  0.68
-10.11  0.69
-10.1  0.71
-10.09  0.68
-10.08  0.73
-10.07  0.75
-10.06  0.74
-10.05  0.77
-10.04  0.81
-10.03  0.81
-10.02  0.8
-10.01  0.84
-10  0.9
-9.99  0.86
-9.98  0.92
-9.97  0.97
-9.96  1
-9.95  1.05
-9.94  1.08
-9.93  1.12
-9.92  1.11
-9.91  1.25
-9.9  1.26
-9.89  1.37
-9.88  1.33
-9.87  1.46
-9.86  1.57
-9.85  1.56
-9.84  1.62
-9.83  1.72
-9.82  1.78
-9.81  1.88
-9.8  1.87
-9.79  1.91
-9.78  2.03
-9.77  2.02
-9.76  2.11
-9.75  2.04
-9.74  2.05
-9.73  2.16
-9.72  1.99
-9.71  1.99
-9.7  2.05
-9.69  1.94
-9.68  1.92
-9.67  1.8
-9.66  1.76
-9.65  1.8
-9.64  1.63
-9.63  1.61
-9.62  1.45
-9.61  1.44
-9.6  1.43
-9.59  1.33
-9.58  1.25
-9.57  1.25
-9.56  1.2
-9.55  1.16
-9.54  1.11
-9.53  1.01
-9.52  1.07
-9.51  1.03
-9.5  0.95
-9.49  0.93
-9.48  0.88
-9.47  0.9
-9.46  0.88
-9.45  0.84
-9.44  0.84
-9.43  0.82
-9.42  0.79
-9.41  0.89
-9.4  0.75
-9.39  0.76
-9.38  0.77
-9.37  0.78
-9.36  0.76
-9.35  0.77
-9.34  0.79
-9.33  0.76
-9.32  0.72
-9.31  0.81
-9.3  0.8
-9.29  0.77
-9.28  0.82
-9.27  0.79
-9.26  0.83
-9.25  0.86
-9.24  0.83
-9.23  0.84
-9.22  0.89
-9.21  0.87
-9.2  0.9
-9.19  0.97
-9.18  0.96
-9.17  0.99
-9.16  1.03
-9.15  1.08
-9.14  1.07
-9.13  1.15
-9.12  1.15
-9.11  1.15
-9.1  1.28
-9.09  1.27
-9.08  1.34
-9.07  1.41
-9.06  1.42
-9.05  1.48
-9.04  1.57
-9.03  1.55
-9.02  1.6
-9.01  1.75
-9  1.64
-8.99  1.74
-8.98  1.87
-8.97  1.81
-8.96  1.8
-8.95  1.9
-8.94  1.84
-8.93  1.87
-8.92  1.89
-8.91  1.88
-8.9  1.79
-8.89  1.91
-8.88  1.77
-8.87  1.72
-8.86  1.78
-8.85  1.69
-8.84  1.57
-8.83  1.63
-8.82  1.5
-8.81  1.45
-8.8  1.48
-8.79  1.38
-8.78  1.32
-8.77  1.38
-8.76  1.2
-8.75  1.2
-8.74  1.24
-8.73  1.1
-8.72  1.12
-8.71  1.1
-8.7  1.05
-8.69  1.01
-8.68  1.04
-8.67  1.02
-8.66  0.94
-8.65  0.94
-8.64  0.93
-8.63  0.9
-8.62  0.87
-8.61  0.91
-8.6  0.87
-8.59  0.84
-8.58  0.83
-8.57  0.85
-8.56  0.86
-8.55  0.85
-8.54  0.83
-8.53  0.85
-8.52  0.87
-8.51  0.85
-8.5  0.84
-8.49  0.84
-8.48  0.84
-8.47  0.87
-8.46  0.9
-8.45  0.86
-8.44  0.91
-8.43  0.92
-8.42  0.91
-8.41  0.94
-8.4  0.98
-8.39  0.99
-8.38  1.02
-8.37  0.98
-8.36  1.04
-8.35  1.06
-8.34  1.11
-8.33  1.15
-8.32  1.08
-8.31  1.23
-8.3  1.28
-8.29  1.25
-8.28  1.25
-8.27  1.36
-8.26  1.35
-8.25  1.46
-8.24  1.38
-8.23  1.5
-8.22  1.56
-8.21  1.58
-8.2  1.53
-8.19  1.62
-8.18  1.63
-8.17  1.72
-8.16  1.69
-8.15  1.64
-8.14  1.76
-8.13  1.74
-8.12  1.75
-8.11  1.68
-8.1  1.75
-8.09  1.73
-8.08  1.69
-8.07  1.59
-8.06  1.67
-8.05  1.67
-8.04  1.61
-8.03  1.51
-8.02  1.56
-8.01  1.5
-8  1.43
-7.99  1.46
-7.98  1.29
-7.97  1.38
-7.96  1.34
-7.95  1.24
-7.94  1.2
-7.93  1.21
-7.92  1.21
-7.91  1.17
-7.9  1.1
-7.89  1.11
-7.88  1.11
-7.87  1.03
-7.86  1.02
-7.85  1.01
-7.84  0.98
-7.83  0.99
-7.82  1.04
-7.81  0.95
-7.8  0.89
-7.79  0.97
-7.78  0.94
-7.77  0.91
-7.76  0.87
-7.75  0.92
-7.74  0.95
-7.73  0.89
-7.72  0.87
-7.71  0.93
-7.7  0.9
-7.69  0.9
-7.68  0.93
-7.67  0.91
-7.66  0.96
-7.65  0.91
-7.64  0.98
-7.63  0.95
-7.62  0.99
-7.61  0.93
-7.6  0.98
-7.59  1.02
-7.58  1.05
-7.57  1.05
-7.56  1.06
-7.55  1.01
-7.54  1.13
-7.53  1.16
-7.52  1.18
-7.51  1.19
-7.5  1.23
-7.49  1.25
-7.48  1.24
-7.47  1.28
-7.46  1.29
-7.45  1.39
-7.44  1.35
-7.43  1.43
-7.42  1.39
-7.41  1.52
-7.4  1.43
-7.39  1.6
-7.38  1.52
-7.37  1.59
-7.36  1.48
-7.35  1.69
-7.34  1.56
-7.33  1.66
-7.32  1.56
-7.31  1.64
-7.3  1.7
-7.29  1.56
-7.28  1.6
-7.27  1.55
-7.26  1.63
-7.25  1.54
-7.24  1.58
-7.23  1.45
-7.22  1.55
-7.21  1.43
-7.2  1.46
-7.19  1.39
-7.18  1.42
-7.17  1.36
-7.16  1.35
-7.15  1.32
-7.14  1.27
-7.13  1.2
-7.12  1.27
-7.11  1.24
-7.1  1.14
-7.09  1.17
-7.08  1.15
-7.07  1.1
-7.06  1.04
-7.05  1.09
-7.04  1.05
-7.03  1.13
-7.02  0.98
-7.01  1
-7  1.01
-6.99  0.99
-6.98  0.99
-6.97  0.99
-6.96  1
-6.95  0.96
-6.94  0.96
-6.93  0.97
-6.92  1
-6.91  0.93
-6.9  0.98
-6.89  0.9
-6.88  0.99
-6.87  0.91
-6.86  1.01
-6.85  1.03
-6.84  0.95
-6.83  0.98
-6.82  1.05
-6.81  0.97
-6.8  1.03
-6.79  1.04
-6.78  1.04
-6.77  1.05
-6.76  1.1
-6.75  1.1
-6.74  1.09
-6.73  1.11
-6.72  1.28
-6.71  1.2
-6.7  1.12
-6.69  1.25
-6.68  1.22
-6.67  1.3
-6.66  1.25
-6.65  1.32
-6.64  1.29
-6.63  1.41
-6.62  1.31
-6.61  1.47
-6.6  1.37
-6.59  1.46
-6.58  1.41
-6.57  1.54
-6.56  1.46
-6.55  1.57
-6.54  1.46
-6.53  1.55
-6.52  1.46
-6.51  1.66
-6.5  1.57
-6.49  1.46
-6.48  1.58
-6.47  1.47
-6.46  1.58
-6.45  1.45
-6.44  1.54
-6.43  1.46
-6.42  1.51
-6.41  1.41
-6.4  1.46
-6.39  1.32
-6.38  1.43
-6.37  1.32
-6.36  1.39
-6.35  1.24
-6.34  1.37
-6.33  1.23
-6.32  1.26
-6.31  1.23
-6.3  1.26
-6.29  1.22
-6.28  1.15
-6.27  1.22
-6.26  1.11
-6.25  1.12
-6.24  1.09
-6.23  1.12
-6.22  1.04
-6.21  1.12
-6.2  1
-6.19  1.06
-6.18  1.06
-6.17  1.05
-6.16  0.99
-6.15  1.03
-6.14  1.01
-6.13  1.01
-6.12  1
-6.11  1.02
-6.1  1
-6.09  1.01
-6.08  1.07
-6.07  0.96
-6.06  1.01
-6.05  1.07
-6.04  1.01
-6.03  0.98
-6.02  1.06
-6.01  1.01
-6  1.11
-5.99  1.03
-5.98  1.07
-5.97  1.07
-5.96  1.09
-5.95  1.1
-5.94  1.15
-5.93  1.11
-5.92  1.22
-5.91  1.16
-5.9  1.23
-5.89  1.14
-5.88  1.25
-5.87  1.29
-5.86  1.21
-5.85  1.31
-5.84  1.28
-5.83  1.26
-5.82  1.4
-5.81  1.37
-5.8  1.3
-5.79  1.41
-5.78  1.42
-5.77  1.45
-5.76  1.39
-5.75  1.47
-5.74  1.46
-5.73  1.4
-5.72  1.48
-5.71  1.5
-5.7  1.42
-5.69  1.49
-5.68  1.53
-5.67  1.48
-5.66  1.41
-5.65  1.48
-5.64  1.47
-5.63  1.39
-5.62  1.46
-5.61  1.44
-5.6  1.35
-5.59  1.46
-5.58  1.43
-5.57  1.25
-5.56  1.38
-5.55  1.33
-5.54  1.34
-5.53  1.22
-5.52  1.29
-5.51  1.3
-5.5  1.21
-5.49  1.23
-5.48  1.2
-5.47  1.17
-5.46  1.18
-5.45  1.18
-5.44  1.18
-5.43  1.05
-5.42  1.18
-5.41  1.15
-5.4  1.05
-5.39  1.08
-5.38  1.11
-5.37  1.05
-5.36  1.11
-5.35  1.07
-5.34  1.02
-5.33  1.1
-5.32  1.05
-5.31  1.06
-5.3  1.03
-5.29  1.04
-5.28  1.03
-5.27  1.04
-5.26  1.04
-5.25  1.05
-5.24  1.03
-5.23  1.09
-5.22  1.04
-5.21  1.11
-5.2  1.05
-5.19  1.07
-5.18  1.12
-5.17  1.13
-5.16  1.12
-5.15  1.11
-5.14  1.1
-5.13  1.19
-5.12  1.16
-5.11  1.16
-5.1  1.19
-5.09  1.21
-5.08  1.22
-5.07  1.19
-5.06  1.23
-5.05  1.3
-5.04  1.28
-5.03  1.28
-5.02  1.27
-5.01  1.33
-5  1.33
-4.99  1.37
-4.98  1.33
-4.97  1.34
-4.96  1.43
-4.95  1.41
-4.94  1.37
-4.93  1.43
-4.92  1.34
-4.91  1.47
-4.9  1.47
-4.89  1.42
-4.88  1.4
-4.87  1.43
-4.86  1.4
-4.85  1.45
-4.84  1.41
-4.83  1.37
-4.82  1.45
-4.81  1.4
-4.8  1.36
-4.79  1.35
-4.78  1.37
-4.77  1.34
-4.76  1.33
-4.75  1.33
-4.74  1.33
-4.73  1.33
-4.72  1.25
-4.71  1.26
-4.7  1.24
-4.69  1.23
-4.68  1.25
-4.67  1.21
-4.66  1.21
-4.65  1.21
-4.64  1.18
-4.63  1.15
-4.62  1.14
-4.61  1.17
-4.6  1.13
-4.59  1.11
-4.58  1.17
-4.57  1.06
-4.56  1.18
-4.55  1.05
-4.54  1.05
-4.53  1.1
-4.52  1.1
-4.51  1.1
-4.5  1.07
-4.49  1.03
-4.48  1.09
-4.47  1.09
-4.46  1.09
-4.45  1.07
-4.44  1.11
-4.43  1.04
-4.42  1.14
-4.41  1.12
-4.4  1.1
-4.39  1.09
-4.38  1.12
-4.37  1.09
-4.36  1.15
-4.35  1.08
-4.34  1.19
-4.33  1.17
-4.32  1.13
-4.31  1.19
-4.3  1.15
-4.29  1.24
-4.28  1.2
-4.27  1.19
-4.26  1.24
-4.25  1.23
-4.24  1.29
-4.23  1.22
-4.22  1.23
-4.21  1.36
-4.2  1.28
-4.19  1.33
-4.18  1.35
-4.17  1.31
-4.16  1.37
-4.15  1.32
-4.14  1.42
-4.13  1.31
-4.12  1.33
-4.11  1.41
-4.1  1.32
-4.09  1.45
-4.08  1.37
-4.07  1.47
-4.06  1.36
-4.05  1.29
-4.04  1.42
-4.03  1.37
-4.02  1.42
-4.01  1.35
-4  1.34
-3.99  1.38
-3.98  1.33
-3.97  1.4
-3.96  1.29
-3.95  1.27
-3.94  1.38
-3.93  1.29
-3.92  1.3
-3.91  1.23
-3.9  1.22
-3.89  1.3
-3.88  1.22
-3.87  1.29
-3.86  1.16
-3.85  1.22
-3.84  1.24
-3.83  1.15
-3.82  1.2
-3.81  1.14
-3.8  1.2
-3.79  1.11
-3.78  1.17
-3.77  1.15
-3.76  1.09
-3.75  1.17
-3.74  1.13
-3.73  1.11
-3.72  1.16
-3.71  1.07
-3.7  1.16
-3.69  1.09
-3.68  1.09
-3.67  1.12
-3.66  1.06
-3.65  1.12
-3.64  1.1
-3.63  1.1
-3.62  1.14
-3.61  1.14
-3.6  1.13
-3.59  1.14
-3.58  1.09
-3.57  1.07
-3.56  1.18
-3.55  1.17
-3.54  1.16
-3.53  1.18
-3.52  1.11
-3.51  1.18
-3.5  1.22
-3.49  1.19
-3.48  1.19
-3.47  1.15
-3.46  1.29
-3.45  1.19
-3.44  1.23
-3.43  1.29
-3.42  1.26
-3.41  1.3
-3.4  1.31
-3.39  1.3
-3.38  1.3
-3.37  1.22
-3.36  1.28
-3.35  1.31
-3.34  1.34
-3.33  1.36
-3.32  1.37
-3.31  1.31
-3.3  1.41
-3.29  1.35
-3.28  1.28
-3.27  1.32
-3.26  1.38
-3.25  1.35
-3.24  1.39
-3.23  1.36
-3.22  1.36
-3.21  1.38
-3.2  1.34
-3.19  1.39
-3.18  1.24
-3.17  1.34
-3.16  1.3
-3.15  1.31
-3.14  1.33
-3.13  1.29
-3.12  1.28
-3.11  1.26
-3.1  1.28
-3.09  1.29
-3.08  1.22
-3.07  1.22
-3.06  1.27
-3.05  1.17
-3.04  1.19
-3.03  1.24
-3.02  1.21
-3.01  1.24
-3  1.16
-2.99  1.13
-2.98  1.15
-2.97  1.21
-2.96  1.18
-2.95  1.21
-2.94  1.12
-2.93  1.11
-2.92  1.14
-2.91  1.12
-2.9  1.12
-2.89  1.11
-2.88  1.18
-2.87  1.13
-2.86  1.13
-2.85  1.13
-2.84  1.11
-2.83  1.16
-2.82  1.1
-2.81  1.21
-2.8  1.07
-2.79  1.14
-2.78  1.15
-2.77  1.14
-2.76  1.16
-2.75  1.19
-2.74  1.14
-2.73  1.14
-2.72  1.21
-2.71  1.14
-2.7  1.21
-2.69  1.19
-2.68  1.24
-2.67  1.17
-2.66  1.27
-2.65  1.15
-2.64  1.27
-2.63  1.23
-2.62  1.23
-2.61  1.28
-2.6  1.21
-2.59  1.37
-2.58  1.18
-2.57  1.3
-2.56  1.28
-2.55  1.34
-2.54  1.28
-2.53  1.27
-2.52  1.41
-2.51  1.26
-2.5  1.39
-2.49  1.26
-2.48  1.4
-2.47  1.28
-2.46  1.36
-2.45  1.28
-2.44  1.42
-2.43  1.27
-2.42  1.29
-2.41  1.35
-2.4  1.31
-2.39  1.37
-2.38  1.26
-2.37  1.35
-2.36  1.27
-2.35  1.35
-2.34  1.23
-2.33  1.29
-2.32  1.36
-2.31  1.24
-2.3  1.29
-2.29  1.23
-2.28  1.29
-2.27  1.22
-2.26  1.23
-2.25  1.23
-2.24  1.25
-2.23  1.19
-2.22  1.16
-2.21  1.26
-2.2  1.19
-2.19  1.3
-2.18  1.16
-2.17  1.17
-2.16  1.15
-2.15  1.23
-2.14  1.12
-2.13  1.21
-2.12  1.13
-2.11  1.1
-2.1  1.18
-2.09  1.12
-2.08  1.18
-2.07  1.1
-2.06  1.17
-2.05  1.15
-2.04  1.18
-2.03  1.14
-2.02  1.1
-2.01  1.19
-2  1.16
-1.99  1.14
-1.98  1.18
-1.97  1.17
-1.96  1.13
-1.95  1.2
-1.94  1.18
-1.93  1.2
-1.92  1.18
-1.91  1.11
-1.9  1.16
-1.89  1.17
-1.88  1.22
-1.87  1.18
-1.86  1.34
-1.85  1.21
-1.84  1.21
-1.83  1.23
-1.82  1.22
-1.81  1.21
-1.8  1.25
-1.79  1.24
-1.78  1.26
-1.77  1.34
-1.76  1.22
-1.75  1.31
-1.74  1.27
-1.73  1.31
-1.72  1.32
-1.71  1.26
-1.7  1.4
-1.69  1.28
-1.68  1.27
-1.67  1.3
-1.66  1.34
-1.65  1.29
-1.64  1.31
-1.63  1.31
-1.62  1.28
-1.61  1.3
-1.6  1.33
-1.59  1.29
-1.58  1.3
-1.57  1.3
-1.56  1.34
-1.55  1.25
-1.54  1.3
-1.53  1.35
-1.52  1.23
-1.51  1.29
-1.5  1.22
-1.49  1.27
-1.48  1.25
-1.47  1.27
-1.46  1.29
-1.45  1.21
-1.44  1.21
-1.43  1.22
-1.42  1.25
-1.41  1.21
-1.4  1.23
-1.39  1.18
-1.38  1.16
-1.37  1.29
-1.36  1.18
-1.35  1.21
-1.34  1.15
-1.33  1.17
-1.32  1.18
-1.31  1.16
-1.3  1.18
-1.29  1.15
-1.28  1.2
-1.27  1.09
-1.26  1.18
-1.25  1.21
-1.24  1.1
-1.23  1.17
-1.22  1.18
-1.21  1.17
-1.2  1.17
-1.19  1.2
-1.18  1.18
-1.17  1.15
-1.16  1.16
-1.15  1.21
-1.14  1.22
-1.13  1.09
-1.12  1.23
-1.11  1.21
-1.1  1.14
-1.09  1.2
-1.08  1.19
-1.07  1.2
-1.06  1.18
-1.05  1.24
-1.04  1.27
-1.03  1.17
-1.02  1.23
-1.01  1.27
-1  1.27
-0.99  1.19
-0.98  1.28
-0.97  1.3
-0.96  1.18
-0.95  1.3
-0.94  1.29
-0.93  1.3
-0.92  1.25
-0.91  1.29
-0.9  1.32
-0.89  1.2
-0.88  1.31
-0.87  1.31
-0.86  1.32
-0.85  1.25
-0.84  1.34
-0.83  1.29
-0.82  1.23
-0.81  1.34
-0.8  1.26
-0.79  1.37
-0.78  1.26
-0.77  1.3
-0.76  1.3
-0.75  1.22
-0.74  1.27
-0.73  1.28
-0.72  1.33
-0.71  1.22
-0.7  1.25
-0.69  1.31
-0.68  1.22
-0.67  1.33
-0.66  1.26
-0.65  1.22
-0.64  1.19
-0.63  1.3
-0.62  1.23
-0.61  1.16
-0.6  1.22
-0.59  1.24
-0.58  1.23
-0.57  1.13
-0.56  1.22
-0.55  1.23
-0.54  1.13
-0.53  1.23
-0.52  1.18
-0.51  1.27
-0.5  1.15
-0.49  1.21
-0.48  1.15
-0.47  1.15
-0.46  1.2
-0.45  1.23
-0.44  1.2
-0.43  1.1
-0.42  1.15
-0.41  1.22
-0.4  1.12
-0.39  1.19
-0.38  1.21
-0.37  1.2
-0.36  1.18
-0.35  1.13
-0.34  1.23
-0.33  1.16
-0.32  1.14
-0.31  1.27
-0.3  1.15
-0.29  1.27
-0.28  1.17
-0.27  1.2
-0.26  1.2
-0.25  1.24
-0.24  1.22
-0.23  1.21
-0.22  1.16
-0.21  1.35
-0.2  1.17
-0.19  1.27
-0.18  1.25
-0.17  1.17
-0.16  1.31
-0.15  1.23
-0.14  1.32
-0.13  1.25
-0.12  1.29
-0.11  1.23
-0.1  1.29
-0.09  1.3
-0.08  1.27
-0.07  1.31
-0.06  1.25
-0.05  1.24
-0.04  1.31
-0.03  1.26
-0.02  1.32
-0.01  1.26
-2.16197e-11  1.19
0.0001  0.02
0.0101  1.33
0.0201  1.34
0.0301  1.21
0.0401  1.34
0.0501  1.38
0.0601  1.32
0.0701  1.27
0.0801  1.49
0.0901  1.25
0.1001  1.53
0.1101  1.46
0.1201  1.53
0.1301  1.76
0.1401  1.45
0.1501  1.58
0.1601  1.61
0.1701  1.69
0.1801  1.58
0.1901  1.44
0.2001  1.51
0.2101  1.81
0.2201  1.78
0.2301  1.7
0.2401  1.74
0.2501  2.02
0.2601  1.8
0.2701  1.65
0.2801  1.8
0.2901  2.06
0.3001  1.77
0.3101  2.08
0.3201  1.66
0.3301  1.93
0.3401  1.9
0.3501  1.78
0.3601  1.91
0.3701  1.98
0.3801  1.95
0.3901  2.22
0.4001  2.09
0.4101  1.98
0.4201  2.29
0.4301  2.2
0.4401  1.96
0.4501  2.11
0.4601  2.07
0.4701  2.15
0.4801  2.27
0.4901  1.95
0.5001  2.14
0.5101  2.17
0.5201  2.17
0.5301  2.45
0.5401  2.32
0.5501  2.05
0.5601  2.05
0.5701  2.09
0.5801  2.06
0.5901  1.73
0.6001  1.99
0.6101  1.93
0.6201  1.78
0.6301  1.79
0.6401  1.83
0.6501  1.96
0.6601  1.93
0.6701  1.79
0.6801  1.93
0.6901  1.78
0.7001  1.75
0.7101  1.91
0.7201  1.72
0.7301  1.89
0.7401  1.52
0.7501  1.52
0.7601  1.91
0.7701  1.86
0.7801  1.8
0.7901  1.66
0.8001  1.45
0.8101  1.57
0.8201  1.83
0.8301  1.51
0.8401  1.61
0.8501  1.67
0.8601  1.65
0.8701  1.8
0.8801  1.67
0.8901  1.72
0.9001  1.62
0.9101  1.52
0.9201  1.58
0.9301  1.81
0.9401  1.51
0.9501  1.44
0.9601  1.65
0.9701  1.57
0.9801  1.54
0.9901  1.79
1.0001  1.68
1.0101  1.77
1.0201  1.92
1.0301  2.01
1.0401  1.75
1.0501  1.61
1.0601  1.8
1.0701  1.64
1.0801  1.49
1.0901  1.89
1.1001  1.77
1.1101  1.74
1.1201  1.86
1.1301  1.98
1.1401  2.16
1.1501  1.8
1.1601  1.9
1.1701  1.75
1.1801  2.11
1.1901  1.99
1.2001  2.08
1.2101  2.07
1.2201  1.98
1.2301  1.98
1.2401  1.88
1.2501  1.88
1.2601  2.02
1.2701  2.25
1.2801  1.84
1.2901  1.85
1.3001  2.15
1.3101  2.18
1.3201  2.21
1.3301  2.11
1.3401  2.21
1.3501  1.99
1.3601  2.01
1.3701  2.01
1.3801  2.15
1.3901  2.15
1.4001  2.13
1.4101  2.25
1.4201  1.94
1.4301  1.73
1.4401  2.2
1.4501  1.95
1.4601  2.06
1.4701  1.96
1.4801  1.91
1.4901  1.84
1.5001  2.06
1.5101  2.09
1.5201  1.93
1.5301  1.83
1.5401  1.63
1.5501  1.97
1.5601  1.68
1.5701  2.18
1.5801  1.95
1.5901  1.81
1.6001  1.79
1.6101  1.87
1.6201  1.58
1.6301  1.36
1.6401  1.69
1.6501  1.81
1.6601  1.69
1.6701  1.86
1.6801  1.9
1.6901  1.85
1.7001  1.6
1.7101  1.8
1.7201  1.73
1.7301  1.59
1.7401  1.56
1.7501  1.78
1.7601  1.52
1.7701  1.82
1.7801  1.68
1.7901  1.58
1.8001  1.77
1.8101  1.72
1.8201  1.67
1.8301  1.73
1.8401  1.88
1.8501  1.62
1.8601  1.7
1.8701  1.81
1.8801  1.78
1.8901  1.93
1.9001  1.78
1.9101  1.9
1.9201  1.66
1.9301  1.59
1.9401  1.71
1.9501  1.64
1.9601  2.03
1.9701  1.91
1.9801  2.09
1.9901  1.88
2.0001  2.06
2.0101  2.08
2.0201  1.95
2.0301  1.72
2.0401  2.11
2.0501  2.01
2.0601  2.17
2.0701  1.91
2.0801  1.93
2.0901  1.96
2.1001  1.87
2.1101  2.36
2.1201  2.05
2.1301  2.26
2.1401  1.97
2.1501  2.04
2.1601  1.96
2.1701  2.07
2.1801  2.14
2.1901  2.13
2.2001  2.28
2.2101  2.17
2.2201  2.07
2.2301  2.12
2.2401  2.02
2.2501  1.62
2.2601  1.74
2.2701  2.06
2.2801  2.06
2.2901  2.01
2.3001  1.85
2.3101  1.91
2.3201  1.94
2.3301  1.91
2.3401  2
2.3501  2.21
2.3601  2.11
2.3701  1.86
2.3801  1.76
2.3901  1.99
2.4001  2.17
2.4101  1.8
2.4201  1.57
2.4301  1.76
2.4401  1.77
2.4501  1.74
2.4601  1.68
2.4701  1.68
2.4801  1.79
2.4901  1.77
2.5001  1.91
2.5101  1.93
2.5201  1.81
2.5301  1.81
2.5401  1.85
2.5501  1.78
2.5601  1.77
2.5701  1.67
2.5801  1.66
2.5901  1.85
2.6001  1.79
2.6101  1.62
2.6201  1.87
2.6301  1.7
2.6401  1.94
2.6501  1.76
2.6601  1.93
2.6701  1.71
2.6801  1.75
2.6901  1.58
2.7001  1.93
2.7101  1.57
2.7201  2
2.7301  1.88
2.7401  1.96
2.7501  1.8
2.7601  2.03
2.7701  1.78
2.7801  1.92
2.7901  1.94
2.8001  2.04
2.8101  1.94
2.8201  2.14
2.8301  1.98
2.8401  1.95
2.8501  1.76
2.8601  1.84
2.8701  1.98
2.8801  1.96
2.8901  2.06
2.9001  2.23
2.9101  1.82
2.9201  1.82
2.9301  2.02
2.9401  2.15
2.9501  2.05
2.9601  1.92
2.9701  2.12
2.9801  2
2.9901  1.88
3.0001  2.03
3.0101  1.99
3.0201  2.19
3.0301  2.13
3.0401  2.12
3.0501  1.93
3.0601  1.92
3.0701  1.76
3.0801  2.09
3.0901  1.92
3.1001  1.96
3.1101  2.04
3.1201  1.72
3.1301  2.16
3.1401  1.87
3.1501  1.86
3.1601  1.79
3.1701  1.86
3.1801  1.97
3.1901  1.9
3.2001  1.99
3.2101  1.89
3.2201  1.86
3.2301  2.01
3.2401  1.94
3.2501  1.97
3.2601  1.73
3.2701  1.9
3.2801  1.76
3.2901  1.89
3.3001  1.63
3.3101  1.61
3.3201  1.93
3.3301  2.03
3.3401  1.79
3.3501  1.78
3.3601  1.75
3.3701  1.84
3.3801  1.88
3.3901  1.61
3.4001  1.86
3.4101  1.75
3.4201  1.82
3.4301  2.13
3.4401  1.86
3.4501  1.7
3.4601  1.86
3.4701  1.99
3.4801  1.88
3.4901  1.79
3.5001  1.81
3.5101  1.9
3.5201  2.02
3.5301  2.01
3.5401  1.72
3.5501  1.57
3.5601  2.18
3.5701  1.66
3.5801  2
3.5901  1.81
3.6001  1.79
3.6101  1.96
3.6201  1.84
3.6301  2.01
3.6401  1.97
3.6501  2.26
3.6601  1.92
3.6701  2.04
3.6801  1.83
3.6901  1.91
3.7001  1.98
3.7101  2.08
3.7201  1.98
3.7301  1.96
3.7401  2
3.7501  2.04
3.7601  2.03
3.7701  1.99
3.7801  2.01
3.7901  1.75
3.8001  1.93
3.8101  1.82
3.8201  2.03
3.8301  2.12
3.8401  1.97
3.8501  1.86
3.8601  2.03
3.8701  2.04
3.8801  1.89
3.8901  1.79
3.9001  2.03
3.9101  1.97
3.9201  1.84
3.9301  2.07
3.9401  1.97
3.9501  1.98
3.9601  1.81
3.9701  1.97
3.9801  1.75
3.9901  2.06
4.0001  2.01
4.0101  1.91
4.0201  1.7
4.0301  1.83
4.0401  2
4.0501  1.88
4.0601  1.75
4.0701  1.92
4.0801  1.54
4.0901  2
4.1001  1.93
4.1101  1.73
4.1201  2.1
4.1301  1.93
4.1401  1.95
4.1501  1.91
4.1601  1.72
4.1701  1.95
4.1801  1.98
4.1901  1.7
4.2001  1.77
4.2101  1.96
4.2201  1.77
4.2301  1.68
4.2401  1.83
4.2501  1.95
4.2601  2.04
4.2701  1.87
4.2801  1.75
4.2901  1.85
4.3001  2.04
4.3101  1.76
4.3201  1.88
4.3301  2.42
4.3401  1.93
4.3501  1.99
4.3601  1.75
4.3701  2
4.3801  1.69
4.3901  2.22
4.4001  1.81
4.4101  1.81
4.4201  1.96
4.4301  1.85
4.4401  1.87
4.4501  2.05
4.4601  1.97
4.4701  1.86
4.4801  1.84
4.4901  2.05
4.5001  2.18
4.5101  1.84
4.5201  1.89
4.5301  2.28
4.5401  1.94
4.5501  1.91
4.5601  2.1
4.5701  1.95
4.5801  1.78
4.5901  1.83
4.6001  1.87
4.6101  2.02
4.6201  2.11
4.6301  2.12
4.6401  1.9
4.6501  1.69
4.6601  1.9
4.6701  2.06
4.6801  1.83
4.6901  1.99
4.7001  1.9
4.7101  2.01
4.7201  2.08
4.7301  1.87
4.7401  1.96
4.7501  1.91
4.7601  1.85
4.7701  1.92
4.7801  1.87
4.7901  1.96
4.8001  1.9
4.8101  1.86
4.8201  1.89
4.8301  2.05
4.8401  2.27
4.8501  1.8
4.8601  1.92
4.8701  1.91
4.8801  1.8
4.8901  1.75
4.9001  1.84
4.9101  1.97
4.9201  1.75
4.9301  2.1
4.9401  1.94
4.9501  1.9
4.9601  1.87
4.9701  1.86
4.9801  1.7
4.9901  1.85
5.0001  1.63
5.0101  2.23
5.0201  1.86
5.0301  1.67
5.0401  2.05
5.0501  1.94
5.0601  2.17
5.0701  1.92
5.0801  1.86
5.0901  1.71
5.1001  1.83
5.1101  1.97
5.1201  2.23
5.1301  2.1
5.1401  1.76
5.1501  1.99
5.1601  1.79
5.1701  1.83
5.1801  1.75
5.1901  2.06
5.2001  2.07
5.2101  1.83
5.2201  1.99
5.2301  1.83
5.2401  1.9
5.2501  1.88
5.2601  1.83
5.2701  1.77
5.2801  1.85
5.2901  1.8
5.3001  2.13
5.3101  1.99
5.3201  2.04
5.3301  2.09
5.3401  1.72
5.3501  1.85
5.3601  1.92
5.3701  1.94
5.3801  2.04
5.3901  1.78
5.4001  2.01
5.4101  2.09
5.4201  1.81
5.4301  2.06
5.4401  1.96
5.4501  1.82
5.4601  1.81
5.4701  1.99
5.4801  1.97
5.4901  1.96
5.5001  2.11
5.5101  1.9
5.5201  1.9
5.5301  1.95
5.5401  2.1
5.5501  1.96
5.5601  2.11
5.5701  2
5.5801  1.69
5.5901  1.85
5.6001  1.92
5.6101  1.63
5.6201  1.98
5.6301  1.76
5.6401  2.03
5.6501  2.2
5.6601  1.97
5.6701  1.92
5.6801  1.88
5.6901  1.82
5.7001  1.94
5.7101  1.98
5.7201  1.78
5.7301  2.11
5.7401  1.98
5.7501  1.94
5.7601  2.05
5.7701  1.82
5.7801  1.91
5.7901  1.93
5.8001  1.72
5.8101  1.95
5.8201  1.78
5.8301  2.08
5.8401  1.83
5.8501  1.83
5.8601  1.93
5.8701  1.82
5.8801  1.85
5.8901  1.73
5.9001  1.82
5.9101  1.88
5.9201  1.87
5.9301  1.78
5.9401  1.86
5.9501  1.86
5.9601  1.83
5.9701  1.97
5.9801  1.97
5.9901  1.89
6.0001  1.59
6.0101  1.65
6.0201  2.16
6.0301  1.81
6.0401  1.98
6.0501  1.99
6.0601  2.09
6.0701  1.85
6.0801  1.98
6.0901  1.87
6.1001  1.89
6.1101  2.2
6.1201  1.91
6.1301  1.81
6.1401  1.89
6.1501  1.64
6.1601  2.07
6.1701  1.93
6.1801  1.89
6.1901  1.83
6.2001  1.85
6.2101  2.04
6.2201  2
6.2301  1.97
6.2401  1.7
6.2501  1.78
6.2601  2.06
6.2701  2.26
6.2801  2.07
6.2901  1.9
6.3001  1.85
6.3101  1.9
6.3201  2.09
6.3301  1.82
6.3401  1.99
6.3501  2.25
6.3601  1.96
6.3701  1.94
6.3801  1.88
6.3901  1.89
6.4001  2.09
6.4101  1.63
6.4201  2.01
6.4301  1.94
6.4401  1.91
6.4501  1.68
6.4601  2.02
6.4701  2.06
6.4801  1.94
6.4901  1.61
6.5001  1.77
6.5101  1.94
6.5201  2.01
6.5301  1.85
6.5401  1.94
6.5501  1.92
6.5601  2.14
6.5701  1.99
6.5801  2
6.5901  1.88
6.6001  1.77
6.6101  2.04
6.6201  1.86
6.6301  2.01
6.6401  1.83
6.6501  2.17
6.6601  1.87
6.6701  1.92
6.6801  1.65
6.6901  1.94
6.7001  1.74
6.7101  1.79
6.7201  1.82
6.7301  1.91
6.7401  1.67
6.7501  2.07
6.7601  2.08
6.7701  1.96
6.7801  2
6.7901  1.8
6.8001  1.81
6.8101  1.62
6.8201  1.89
6.8301  1.81
6.8401  2.07
6.8501  2.02
6.8601  1.98
6.8701  1.98
6.8801  1.8
6.8901  1.88
6.9001  1.68
6.9101  1.92
6.9201  1.73
6.9301  2.02
6.9401  1.89
6.9501  2.01
6.9601  1.99
6.9701  1.97
6.9801  1.8
6.9901  1.82
7.0001  1.87
7.0101  2.02
7.0201  1.6
7.0301  2.02
7.0401  1.82
7.0501  2
7.0601  1.68
7.0701  1.86
7.0801  1.99
7.0901  1.98
7.1001  1.71
7.1101  2.01
7.1201  1.89
7.1301  1.98
7.1401  1.86
7.1501  2.06
7.1601  1.93
7.1701  1.92
7.1801  1.74
7.1901  2.04
7.2001  1.77
7.2101  1.77
7.2201  2.11
7.2301  1.84
7.2401  1.88
7.2501  1.86
7.2601  1.83
7.2701  2.07
7.2801  2.16
7.2901  1.82
7.3001  1.92
7.3101  1.92
7.3201  1.76
7.3301  1.68
7.3401  2.04
7.3501  1.97
7.3601  1.96
7.3701  2.13
7.3801  1.95
7.3901  1.81
7.4001  1.84
7.4101  1.81
7.4201  1.86
7.4301  1.64
7.4401  1.98
7.4501  1.75
7.4601  1.87
7.4701  2.19
7.4801  1.87
7.4901  1.87
7.5001  2.08
7.5101  1.93
7.5201  1.93
7.5301  1.92
7.5401  1.84
7.5501  1.83
7.5601  1.8
7.5701  1.8
7.5801  1.83
7.5901  2.05
7.6001  1.85
7.6101  2.11
7.6201  2.12
7.6301  1.97
7.6401  1.67
7.6501  1.88
7.6601  1.89
7.6701  1.88
7.6801  1.85
7.6901  1.83
7.7001  1.86
7.7101  2.17
7.7201  1.78
7.7301  1.67
7.7401  2.02
7.7501  1.7
7.7601  1.92
7.7701  1.87
7.7801  1.84
7.7901  2.04
7.8001  1.99
7.8101  1.79
7.8201  1.74
7.8301  1.88
7.8401  1.77
7.8501  1.99
7.8601  2.02
7.8701  1.88
7.8801  1.85
7.8901  1.91
7.9001  1.73
7.9101  1.86
7.9201  1.83
7.9301  1.93
7.9401  1.84
7.9501  1.85
7.9601  1.87
7.9701  2.17
7.9801  1.95
7.9901  1.74
8.0001  1.96
8.0101  1.96
8.0201  1.89
8.0301  1.96
8.0401  1.82
8.0501  1.72
8.0601  2
8.0701  2.03
8.0801  1.85
8.0901  1.99
8.1001  1.8
8.1101  1.85
8.1201  1.93
8.1301  1.71
8.1401  2.13
8.1501  2
8.1601  1.67
8.1701  1.95
8.1801  1.96
8.1901  2.11
8.2001  1.72
8.2101  1.8
8.2201  1.91
8.2301  1.93
8.2401  2.04
8.2501  2.03
8.2601  1.96
8.2701  2.08
8.2801  1.82
8.2901  2
8.3001  1.68
8.3101  1.95
8.3201  2.05
8.3301  1.67
8.3401  2.04
8.3501  1.82
8.3601  2.02
8.3701  1.91
8.3801  1.74
8.3901  1.72
8.4001  2.11
8.4101  1.88
8.4201  2.02
8.4301  1.92
8.4401  1.86
8.4501  1.89
8.4601  1.94
8.4701  2.06
8.4801  1.78
8.4901  1.88
8.5001  1.84
8.5101  1.84
8.5201  1.93
8.5301  2.01
8.5401  2.01
8.5501  1.79
8.5601  2
8.5701  1.94
8.5801  2.07
8.5901  1.83
8.6001  1.65
8.6101  1.95
8.6201  1.85
8.6301  2.05
8.6401  1.82
8.6501  1.71
8.6601  1.86
8.6701  1.91
8.6801  1.86
8.6901  1.99
8.7001  1.59
8.7101  1.95
8.7201  2.19
8.7301  1.91
8.7401  1.97
8.7501  1.68
8.7601  1.83
8.7701  1.82
8.7801  1.98
8.7901  1.97
8.8001  1.8
8.8101  1.86
8.8201  1.83
8.8301  1.88
8.8401  2
8.8501  1.76
8.8601  1.98
8.8701  2.11
8.8801  1.73
8.8901  1.87
8.9001  1.67
8.9101  1.75
8.9201  1.98
8.9301  1.85
8.9401  1.94
8.9501  2
8.9601  2.08
8.9701  1.99
8.9801  1.95
8.9901  1.89
9.0001  2.03
9.0101  2.19
9.0201  1.69
9.0301  1.87
9.0401  1.83
9.0501  1.69
9.0601  1.99
9.0701  1.76
9.0801  1.94
9.0901  2.02
9.1001  2.11
9.1101  1.94
9.1201  2
9.1301  2.02
9.1401  2
9.1501  1.99
9.1601  1.76
9.1701  1.97
9.1801  1.84
9.1901  2.09
9.2001  1.9
9.2101  2.14
9.2201  1.96
9.2301  2.13
9.2401  1.55
9.2501  1.82
9.2601  1.95
9.2701  1.56
9.2801  1.84
9.2901  1.96
9.3001  1.86
9.3101  2.09
9.3201  2.19
9.3301  1.85
9.3401  2.15
9.3501  1.99
9.3601  1.79
9.3701  1.84
9.3801  1.85
9.3901  1.7
9.4001  1.85
9.4101  1.82
9.4201  1.89
9.4301  1.79
9.4401  1.9
9.4501  2
9.4601  1.76
9.4701  2.03
9.4801  2.07
9.4901  1.68
9.5001  1.66
9.5101  2.06
9.5201  2.01
9.5301  1.9
9.5401  1.95
9.5501  1.75
9.5601  1.55
9.5701  1.82
9.5801  1.98
9.5901  2.05
9.6001  1.75
9.6101  1.99
9.6201  1.74
9.6301  1.78
9.6401  2.05
9.6501  1.89
9.6601  2.13
9.6701  1.88
9.6801  1.9
9.6901  1.92
9.7001  1.95
9.7101  2.08
9.7201  1.75
9.7301  1.8
9.7401  2.04
9.7501  1.93
9.7601  1.91
9.7701  2.07
9.7801  2.11
9.7901  1.72
9.8001  1.77
9.8101  1.83
9.8201  1.97
9.8301  1.85
9.8401  1.83
9.8501  1.88
9.8601  1.86
9.8701  1.9
9.8801  2.12
9.8901  1.92
9.9001  2
9.9101  1.78
9.9201  2.05
9.9301  1.95
9.9401  1.75
9.9501  1.59
9.9601  1.96
9.9701  1.9
9.9801  2.01
9.9901  2.08
10.0001  2.07
10.0101  1.88
10.0201  1.99
10.0301  2.11
10.0401  2.08
10.0501  2
10.0601  1.78
10.0701  1.75
10.0801  1.89
10.0901  2
10.1001  1.81
10.1101  2.04
10.1201  2.1
10.1301  1.81
10.1401  2.07
10.1501  1.96
10.1601  1.89
10.1701  2.11
10.1801  1.98
10.1901  1.79
10.2001  1.94
10.2101  2.06
10.2201  1.74
10.2301  2
10.2401  2.16
10.2501  2.05
10.2601  1.74
10.2701  2.13
10.2801  1.81
10.2901  1.89
10.3001  1.73
10.3101  1.78
10.3201  1.86
10.3301  1.94
10.3401  1.81
10.3501  1.91
10.3601  1.98
10.3701  1.91
10.3801  1.97
10.3901  1.57
10.4001  1.52
10.4101  2.16
10.4201  1.88
10.4301  2.06
10.4401  2.11
10.4501  1.87
10.4601  1.9
10.4701  1.86
10.4801  1.87
10.4901  1.89
10.5001  1.97
10.5101  1.78
10.5201  1.63
10.5301  1.8
10.5401  1.91
10.5501  1.79
10.5601  1.87
10.5701  1.9
10.5801  2.13
10.5901  1.95
10.6001  1.72
10.6101  2.08
10.6201  2.13
10.6301  1.88
10.6401  1.88
10.6501  1.78
10.6601  1.94
10.6701  1.98
10.6801  2.07
10.6901  1.66
10.7001  2.01
10.7101  1.98
10.7201  2.14
10.7301  2.16
10.7401  2.15
10.7501  2
10.7601  1.98
10.7701  1.99
10.7801  1.65
10.7901  1.95
10.8001  1.96
10.8101  1.81
10.8201  1.94
10.8301  1.7
10.8401  1.98
10.8501  1.89
10.8601  1.94
10.8701  1.97
10.8801  2.05
10.8901  1.86
10.9001  1.84
10.9101  1.92
10.9201  1.79
10.9301  2.11
10.9401  1.96
10.9501  1.96
10.9601  1.88
10.9701  1.93
10.9801  2.01
10.9901  1.91
11.0001  2.05
11.0101  2.11
11.0201  1.96
11.0301  1.8
11.0401  1.85
11.0501  2.05
11.0601  1.98
11.0701  1.84
11.0801  1.96
11.0901  1.76
11.1001  1.9
11.1101  1.86
11.1201  1.75
11.1301  2.03
11.1401  2.03
11.1501  2.05
11.1601  1.72
11.1701  1.63
11.1801  2.01
11.1901  1.99
11.2001  1.6
11.2101  1.96
11.2201  1.82
11.2301  2.13
11.2401  2.1
11.2501  1.65
11.2601  1.94
11.2701  1.76
11.2801  2.04
11.2901  1.74
11.3001  1.78
11.3101  1.75
11.3201  1.98
11.3301  1.82
11.3401  2
11.3501  1.81
11.3601  2.11
11.3701  2.09
11.3801  1.84
11.3901  1.88
11.4001  1.82
11.4101  1.75
11.4201  2.08
11.4301  2.06
11.4401  1.78
11.4501  2.11
11.4601  2.04
11.4701  1.71
11.4801  2.06
11.4901  1.86
11.5001  1.71
11.5101  1.89
11.5201  1.94
11.5301  2.26
11.5401  2.02
11.5501  2.02
11.5601  1.75
11.5701  2.19
11.5801  1.92
11.5901  1.97
11.6001  2.02
11.6101  1.89
11.6201  1.75
11.6301  1.84
11.6401  2.11
11.6501  2.11
11.6601  1.96
11.6701  1.91
11.6801  1.78
11.6901  1.99
11.7001  1.97
11.7101  1.85
11.7201  2.02
11.7301  1.79
11.7401  1.85
11.7501  1.79
11.7601  1.99
11.7701  1.83
11.7801  1.72
11.7901  1.73
11.8001  1.75
11.8101  2.03
11.8201  1.91
11.8301  2.04
11.8401  1.93
11.8501  1.94
11.8601  1.89
11.8701  1.89
11.8801  2.04
11.8901  1.83
11.9001  1.74
11.9101  1.71
11.9201  1.99
11.9301  2.19
11.9401  1.97
11.9501  1.69
11.9601  1.89
11.9701  1.95
11.9801  1.73
11.9901  1.8
12.0001  1.99
12.0101  1.96
12.0201  1.82
12.0301  1.77
12.0401  1.9
12.0501  1.99
12.0601  1.69
12.0701  2.01
12.0801  1.82
12.0901  1.82
12.1001  1.93
12.1101  1.99
12.1201  2.04
12.1301  2
12.1401  1.86
12.1501  1.97
12.1601  1.95
12.1701  1.88
12.1801  1.94
12.1901  1.88
12.2001  1.96
12.2101  1.87
12.2201  1.78
12.2301  1.98
12.2401  1.93
12.2501  1.75
12.2601  1.88
12.2701  1.89
12.2801  1.74
12.2901  1.81
12.3001  1.83
12.3101  1.94
12.3201  1.88
12.3301  2.19
12.3401  1.98
12.3501  1.79
12.3601  1.85
12.3701  1.83
12.3801  2.09
12.3901  2.01
12.4001  2.05
12.4101  1.93
12.4201  1.79
12.4301  1.81
12.4401  1.77
12.4501  1.9
12.4601  1.67
12.4701  2.03
12.4801  2.09
12.4901  1.69
12.5001  1.88
12.5101  1.9
12.5201  2.13
12.5301  2.01
12.5401  2.2
12.5501  2.13
12.5601  1.76
12.5701  1.76
12.5801  1.62
12.5901  2.13
12.6001  1.76
12.6101  1.99
12.6201  1.54
12.6301  1.82
12.6401  2.09
12.6501  1.94
12.6601  2.1
12.6701  1.93
12.6801  2.07
12.6901  2.09
12.7001  1.85
12.7101  2.1
12.7201  1.79
12.7301  1.59
12.7401  1.97
12.7501  1.81
12.7601  1.63
12.7701  1.78
12.7801  1.97
12.7901  2
12.8001  1.68
12.8101  2.21
12.8201  2
12.8301  1.95
12.8401  1.96
12.8501  1.84
12.8601  1.8
12.8701  1.9
12.8801  2.08
12.8901  1.84
12.9001  1.7
12.9101  1.93
12.9201  1.86
12.9301  1.93
12.9401  2.1
12.9501  1.95
12.9601  2.16
12.9701  2.11
12.9801  1.99
12.9901  1.8
13.0001  1.87
13.0101  1.81
13.0201  1.79
13.0301  1.95
13.0401  1.72
13.0501  2.03
13.0601  2.1
13.0701  1.98
13.0801  1.99
13.0901  1.99
13.1001  1.92
13.1101  1.96
13.1201  1.64
13.1301  1.83
13.1401  1.8
13.1501  1.96
13.1601  1.89
13.1701  2.04
13.1801  2.02
13.1901  1.82
13.2001  1.82
13.2101  1.78
13.2201  2.03
13.2301  2.05
13.2401  1.9
13.2501  2.02
13.2601  1.91
13.2701  1.89
13.2801  1.73
13.2901  1.97
13.3001  1.84
13.3101  1.86
13.3201  1.85
13.3301  1.94
13.3401  1.91
13.3501  1.81
13.3601  2.16
13.3701  1.66
13.3801  2.15
13.3901  1.78
13.4001  1.77
13.4101  1.93
13.4201  1.87
13.4301  2.01
13.4401  2.07
13.4501  1.82
13.4601  1.81
13.4701  2.03
13.4801  1.7
13.4901  2.05
13.5001  1.98
13.5101  1.68
13.5201  1.84
13.5301  2.22
13.5401  1.91
13.5501  1.84
13.5601  1.88
13.5701  1.8
13.5801  2.12
13.5901  1.86
13.6001  1.97
13.6101  2.03
13.6201  1.99
13.6301  1.92
13.6401  2.14
13.6501  1.9
13.6601  2.09
13.6701  1.84
13.6801  1.8
13.6901  2.08
13.7001  1.92
13.7101  1.7
13.7201  1.9
13.7301  1.81
13.7401  1.95
13.7501  1.74
13.7601  1.89
13.7701  1.91
13.7801  2.02
13.7901  1.82
13.8001  2.07
13.8101  2.03
13.8201  2.15
13.8301  1.94
13.8401  2.15
13.8501  1.66
13.8601  1.82
13.8701  1.9
13.8801  1.9
13.8901  1.72
13.9001  1.77
13.9101  1.8
13.9201  1.67
13.9301  2.03
13.9401  2.2
13.9501  2.02
13.9601  1.95
13.9701  1.92
13.9801  1.86
13.9901  1.86
14.0001  2.03
14.0101  1.78
14.0201  1.87
14.0301  1.65
14.0401  1.82
14.0501  1.84
14.0601  1.94
14.0701  2.06
14.0801  1.76
14.0901  1.89
14.1001  1.76
14.1101  2
14.1201  1.85
14.1301  1.91
14.1401  1.85
14.1501  1.77
14.1601  2.08
14.1701  1.82
14.1801  1.98
14.1901  1.89
14.2001  2.03
14.2101  2
14.2201  1.95
14.2301  2.01
14.2401  1.75
14.2501  2.09
14.2601  1.88
14.2701  1.73
14.2801  1.77
14.2901  1.74
14.3001  2.19
14.3101  2
14.3201  1.85
14.3301  2.01
14.3401  1.85
14.3501  2.19
14.3601  2
14.3701  1.74
14.3801  1.83
14.3901  2.12
14.4001  1.84
14.4101  1.92
14.4201  2.05
14.4301  2.15
14.4401  1.69
14.4501  1.8
14.4601  1.83
14.4701  1.93
14.4801  2.11
14.4901  2.15
14.5001  1.9
14.5101  1.71
14.5201  2.01
14.5301  2
14.5401  1.79
14.5501  2.03
14.5601  1.88
14.5701  1.95
14.5801  2
14.5901  2.14
14.6001  2.05
14.6101  1.55
14.6201  1.82
14.6301  1.95
14.6401  2.16
14.6501  1.87
14.6601  1.9
14.6701  1.91
14.6801  2.01
14.6901  1.94
14.7001  1.8
14.7101  1.81
14.7201  1.9
14.7301  1.72
14.7401  1.83
14.7501  1.86
14.7601  1.94
14.7701  1.88
14.7801  1.83
14.7901  1.91
14.8001  2
14.8101  1.95
14.8201  2.04
14.8301  2.03
14.8401  1.61
14.8501  1.76
14.8601  1.75
14.8701  1.96
14.8801  1.72
14.8901  1.86
14.9001  1.79
14.9101  1.72
14.9201  1.73
14.9301  1.94
14.9401  1.81
14.9501  1.99
14.9601  1.76
14.9701  1.79
14.9801  2.08
14.9901  1.55
15.0001  1.95
15.0101  1.88
15.0201  1.9
15.0301  1.89
15.0401  1.87
15.0501  2.09
15.0601  1.76
15.0701  1.88
15.0801  1.98
15.0901  2.01
15.1001  1.95
15.1101  1.97
15.1201  2.11
15.1301  2.05
15.1401  1.72
15.1501  1.99
15.1601  2.06
15.1701  1.99
15.1801  2.2
15.1901  1.75
15.2001  1.97
15.2101  2.13
15.2201  1.68
15.2301  1.96
15.2401  2.1
15.2501  2.02
15.2601  1.97
15.2701  1.8
15.2801  1.99
15.2901  1.98
15.3001  1.92
15.3101  2.03
15.3201  1.91
15.3301  2.04
15.3401  1.82
15.3501  2.13
15.3601  1.9
15.3701  1.98
15.3801  1.77
15.3901  1.93
15.4001  1.66
15.4101  2.16
15.4201  1.92
15.4301  1.9
15.4401  2.04
15.4501  2.15
15.4601  1.76
15.4701  1.83
15.4801  1.81
15.4901  1.97
15.5001  1.75
15.5101  1.79
15.5201  2.01
15.5301  1.93
15.5401  1.95
15.5501  1.82
15.5601  1.65
15.5701  1.88
15.5801  2
15.5901  1.99
15.6001  1.91
15.6101  1.94
15.6201  1.98
15.6301  1.89
15.6401  1.76
15.6501  1.74
15.6601  1.76
15.6701  1.75
15.6801  2.02
15.6901  2.01
15.7001  1.87
15.7101  2.14
15.7201  1.69
15.7301  1.7
15.7401  1.96
15.7501  2.03
15.7601  1.96
15.7701  1.9
15.7801  1.66
15.7901  1.96
15.8001  1.9
15.8101  1.79
15.8201  2.09
15.8301  1.94
15.8401  1.9
15.8501  2
15.8601  1.77
15.8701  1.85
15.8801  1.94
15.8901  2.17
15.9001  1.93
15.9101  1.95
15.9201  1.79
15.9301  1.99
15.9401  1.74
15.9501  1.74
15.9601  2.07
15.9701  1.98
15.9801  1.77
15.9901  1.95
16.0001  2.08
16.0101  1.7
16.0201  1.87
16.0301  1.81
16.0401  2.21
16.0501  1.95
16.0601  1.97
16.0701  1.96
16.0801  2.14
16.0901  1.99
16.1001  1.91
16.1101  1.83
16.1201  1.98
16.1301  1.99
16.1401  1.67
16.1501  2
16.1601  1.93
16.1701  1.83
16.1801  2.03
16.1901  1.87
16.2001  1.69
16.2101  1.75
16.2201  1.76
16.2301  1.93
16.2401  2.04
16.2501  1.77
16.2601  1.83
16.2701  1.94
16.2801  2.03
16.2901  2.1
16.3001  1.9
16.3101  2.23
16.3201  2.22
16.3301  1.94
16.3401  1.84
16.3501  1.94
16.3601  1.82
16.3701  1.82
16.3801  2.13
16.3901  1.86
16.4001  2.03
16.4101  1.6
16.4201  2.1
16.4301  1.88
16.4401  1.82
16.4501  1.72
16.4601  2.03
16.4701  1.95
16.4801  1.89
16.4901  1.82
16.5001  1.82
16.5101  2.12
16.5201  2.06
16.5301  1.9
16.5401  1.95
16.5501  1.68
16.5601  1.88
16.5701  1.88
16.5801  1.79
16.5901  1.84
16.6001  2.04
16.6101  1.74
16.6201  2.08
16.6301  1.85
16.6401  1.71
16.6501  1.75
16.6601  1.54
16.6701  1.84
16.6801  1.67
16.6901  2.04
16.7001  1.99
16.7101  2.08
16.7201  1.91
16.7301  1.72
16.7401  2.03
16.7501  1.78
16.7601  1.92
16.7701  1.91
16.7801  1.9
16.7901  1.84
16.8001  1.75
16.8101  1.87
16.8201  1.98
16.8301  1.89
16.8401  1.78
16.8501  1.92
16.8601  1.88
16.8701  1.98
16.8801  1.97
16.8901  2
16.9001  1.93
16.9101  2.12
16.9201  1.97
16.9301  1.92
16.9401  1.99
16.9501  1.79
16.9601  1.86
16.9701  2.23
16.9801  1.75
16.9901  1.95
17.0001  2.11
17.0101  1.95
17.0201  2.09
17.0301  1.63
17.0401  1.91
17.0501  2.16
17.0601  1.89
17.0701  1.83
17.0801  2.01
17.0901  1.92
17.1001  2.03
17.1101  2.01
17.1201  1.96
17.1301  2.02
17.1401  1.95
17.1501  1.86
17.1601  1.87
17.1701  1.83
17.1801  1.95
17.1901  1.8
17.2001  1.82
17.2101  2.01
17.2201  1.81
17.2301  2.03
17.2401  2.17
17.2501  1.74
17.2601  1.79
17.2701  2.09
17.2801  1.88
17.2901  1.96
17.3001  1.76
17.3101  1.85
17.3201  2.14
17.3301  1.71
17.3401  1.79
17.3501  1.71
17.3601  1.76
17.3701  1.88
17.3801  1.81
17.3901  1.9
17.4001  1.77
17.4101  1.67
17.4201  2.17
17.4301  2
17.4401  1.93
17.4501  1.83
17.4601  1.75
17.4701  1.97
17.4801  1.88
17.4901  1.74
17.5001  1.97
17.5101  1.67
17.5201  1.88
17.5301  2.04
17.5401  2.06
17.5501  2.05
17.5601  1.83
17.5701  1.85
17.5801  1.77
17.5901  1.85
17.6001  2.2
17.6101  2.22
17.6201  1.88
17.6301  1.88
17.6401  2.18
17.6501  1.82
17.6601  1.72
17.6701  2.08
17.6801  1.86
17.6901  2.13
17.7001  1.94
17.7101  1.76
17.7201  1.87
17.7301  2.07
17.7401  2.06
17.7501  2.03
17.7601  2.06
17.7701  1.76
17.7801  1.85
17.7901  1.77
17.8001  1.88
17.8101  2.08
17.8201  2.06
17.8301  1.76
17.8401  1.91
17.8501  2
17.8601  1.98
17.8701  2.02
17.8801  2.08
17.8901  1.97
17.9001  1.99
17.9101  1.74
17.9201  1.97
17.9301  1.96
17.9401  1.91
17.9501  2
17.9601  1.82
17.9701  1.84
17.9801  1.86
17.9901  1.9
18.0001  1.91
18.0101  1.91
18.0201  2.01
18.0301  1.61
18.0401  1.99
18.0501  1.89
18.0601  2.04
18.0701  1.78
18.0801  1.9
18.0901  1.88
18.1001  2.16
18.1101  1.9
18.1201  1.71
18.1301  1.91
18.1401  1.9
18.1501  1.75
18.1601  1.92
18.1701  1.81
18.1801  2.09
18.1901  1.9
18.2001  1.71
18.2101  2.08
18.2201  2.05
18.2301  1.65
18.2401  1.92
18.2501  1.93
18.2601  2.03
18.2701  1.87
18.2801  2.12
18.2901  1.84
18.3001  2.02
18.3101  1.68
18.3201  1.91
18.3301  2.01
18.3401  1.99
18.3501  1.81
18.3601  1.8
18.3701  1.91
18.3801  1.78
18.3901  2.06
18.4001  1.94
18.4101  1.85
18.4201  1.96
18.4301  1.89
18.4401  1.94
18.4501  1.78
18.4601  2
18.4701  1.62
18.4801  1.94
18.4901  1.79
18.5001  1.97
18.5101  1.9
18.5201  2
18.5301  2
18.5401  2
18.5501  2
18.5601  2.09
18.5701  2
18.5801  1.94
18.5901  1.56
18.6001  1.86
18.6101  1.97
18.6201  1.91
18.6301  1.91
18.6401  1.97
18.6501  1.9
18.6601  2.13
18.6701  1.72
18.6801  1.82
18.6901  1.86
18.7001  1.84
18.7101  2.05
18.7201  1.95
18.7301  1.97
18.7401  2.1
18.7501  2.08
18.7601  2.32
18.7701  1.86
18.7801  1.8
18.7901  1.96
18.8001  1.82
18.8101  1.89
18.8201  1.89
18.8301  2.12
18.8401  1.84
18.8501  1.71
18.8601  1.7
18.8701  2
18.8801  1.93
18.8901  1.75
18.9001  2.03
18.9101  1.8
18.9201  1.96
18.9301  1.91
18.9401  1.81
18.9501  1.88
18.9601  2.08
18.9701  1.83
18.9801  1.94
18.9901  1.6
19.0001  1.86
19.0101  1.88
19.0201  2.15
19.0301  1.97
19.0401  1.62
19.0501  2.08
19.0601  1.87
19.0701  2.04
19.0801  1.93
19.0901  1.63
19.1001  1.84
19.1101  2.06
19.1201  1.79
19.1301  2.07
19.1401  1.78
19.1501  2.01
19.1601  1.71
19.1701  1.79
19.1801  1.86
19.1901  2.25
19.2001  1.7
19.2101  1.73
19.2201  1.73
19.2301  1.98
19.2401  1.85
19.2501  1.74
19.2601  2.19
19.2701  2.13
19.2801  1.98
19.2901  1.8
19.3001  1.94
19.3101  1.89
19.3201  2.04
19.3301  1.79
19.3401  1.86
19.3501  1.68
19.3601  2.04
19.3701  1.97
19.3801  1.99
19.3901  2.19
19.4001  1.79
19.4101  2.06
19.4201  1.9
19.4301  1.89
19.4401  2.02
19.4501  1.91
19.4601  1.87
19.4701  1.84
19.4801  2.22
19.4901  1.98
19.5001  1.96
19.5101  1.95
19.5201  1.72
19.5301  2.17
19.5401  1.78
19.5501  1.66
19.5601  1.83
19.5701  2.01
19.5801  1.89
19.5901  1.9
19.6001  1.78
19.6101  1.98
19.6201  2.17
19.6301  1.79
19.6401  1.87
19.6501  1.95
19.6601  2.06
19.6701  1.82
19.6801  1.93
19.6901  1.95
19.7001  1.61
19.7101  2.09
19.7201  1.93
19.7301  2.04
19.7401  2
19.7501  2.09
19.7601  1.95
19.7701  1.93
19.7801  1.78
19.7901  1.67
19.8001  1.72
19.8101  2.07
19.8201  1.81
19.8301  1.72
19.8401  1.91
19.8501  1.92
19.8601  1.9
19.8701  1.94
19.8801  1.95
19.8901  1.87
19.9001  1.91
19.9101  2.05
19.9201  1.86
19.9301  1.93
19.9401  2.03
19.9501  1.93
19.9601  1.99
19.9701  2.03
19.9801  1.96
19.9901  2.03
20.0001  1.74
20.0101  1.98
20.0201  1.87
20.0301  1.88
20.0401  1.91
20.0501  2.02
20.0601  1.61
20.0701  1.81
20.0801  1.94
20.0901  1.94
20.1001  1.75
20.1101  1.94
20.1201  1.99
20.1301  1.94
20.1401  1.97
20.1501  2.12
20.1601  2.06
20.1701  1.87
20.1801  1.97
20.1901  1.98
20.2001  1.98
20.2101  1.69
20.2201  1.97
20.2301  1.85
20.2401  1.83
20.2501  2.27
20.2601  1.84
20.2701  1.88
20.2801  1.9
20.2901  1.82
20.3001  1.83
20.3101  1.87
20.3201  1.99
20.3301  1.95
20.3401  1.79
20.3501  2.13
20.3601  2.05
20.3701  1.94
20.3801  1.55
20.3901  1.86
20.4001  1.87
20.4101  1.97
20.4201  1.9
20.4301  1.54
20.4401  2
20.4501  2.01
20.4601  1.97
20.4701  1.81
20.4801  1.81
20.4901  1.94
20.5001  1.78
20.5101  1.73
20.5201  1.95
20.5301  1.69
20.5401  2.04
20.5501  1.91
20.5601  1.97
20.5701  2.14
20.5801  1.72
20.5901  1.82
20.6001  1.98
20.6101  1.87
20.6201  1.85
20.6301  2.03
20.6401  2.07
20.6501  1.7
20.6601  2.12
20.6701  2.07
20.6801  1.88
20.6901  1.83
20.7001  1.87
20.7101  1.86
20.7201  1.8
20.7301  1.92
20.7401  1.79
20.7501  1.93
20.7601  1.98
20.7701  1.83
20.7801  1.88
20.7901  2
20.8001  1.65
20.8101  2.14
20.8201  1.99
20.8301  1.99
20.8401  2.22
20.8501  1.97
20.8601  1.92
20.8701  1.91
20.8801  1.87
20.8901  2.05
20.9001  1.75
20.9101  1.99
20.9201  1.9
20.9301  1.99
20.9401  1.66
20.9501  2.33
20.9601  2.08
20.9701  1.92
20.9801  1.71
20.9901  2.07
21.0001  2.04
21.0101  1.77
21.0201  1.8
21.0301  2.01
21.0401  2.04
21.0501  1.85
21.0601  1.82
21.0701  1.82
21.0801  2.01
21.0901  1.78
21.1001  1.88
21.1101  1.88
21.1201  1.96
21.1301  1.8
21.1401  1.96
21.1501  1.72
21.1601  1.76
21.1701  2.05
21.1801  2.16
21.1901  2.03
21.2001  1.9
21.2101  1.88
21.2201  1.96
21.2301  1.92
21.2401  1.83
21.2501  1.96
21.2601  1.85
21.2701  1.99
21.2801  1.85
21.2901  1.82
21.3001  1.86
21.3101  1.67
21.3201  2.09
21.3301  1.93
21.3401  2.07
21.3501  1.88
21.3601  1.88
21.3701  1.86
21.3801  2.14
21.3901  1.78
21.4001  1.81
21.4101  1.89
21.4201  2
21.4301  1.78
21.4401  2.14
21.4501  1.9
21.4601  1.72
21.4701  1.73
21.4801  1.96
21.4901  2.01
21.5001  1.88
21.5101  2.02
21.5201  1.86
21.5301  2.01
21.5401  1.84
21.5501  2.12
21.5601  1.9
21.5701  1.76
21.5801  1.94
21.5901  2.08
21.6001  1.87
21.6101  1.94
21.6201  2.16
21.6301  1.94
21.6401  1.85
21.6501  1.73
21.6601  1.99
21.6701  1.77
21.6801  2.02
21.6901  2
21.7001  1.96
21.7101  2.14
21.7201  2.05
21.7301  1.47
21.7401  1.84
21.7501  1.8
21.7601  1.98
21.7701  1.84
21.7801  1.84
21.7901  2.05
21.8001  1.98
21.8101  1.98
21.8201  1.99
21.8301  1.91
21.8401  1.89
21.8501  2.03
21.8601  1.85
21.8701  2.1
21.8801  1.89
21.8901  1.91
21.9001  1.95
21.9101  1.9
21.9201  1.93
21.9301  1.89
21.9401  1.74
21.9501  1.96
21.9601  1.81
21.9701  1.8
21.9801  1.86
21.9901  1.95
22.0001  1.96
22.0101  1.58
22.0201  2.22
22.0301  1.97
22.0401  1.88
22.0501  2.08
22.0601  1.9
22.0701  1.75
22.0801  1.75
22.0901  1.96
22.1001  1.86
22.1101  1.84
22.1201  2.14
22.1301  1.93
22.1401  1.92
22.1501  1.92
22.1601  1.68
22.1701  1.93
22.1801  2.05
22.1901  1.89
22.2001  1.81
22.2101  1.96
22.2201  1.75
22.2301  1.92
22.2401  1.97
22.2501  1.88
22.2601  1.76
22.2701  1.87
22.2801  2.02
22.2901  1.84
22.3001  2
22.3101  1.93
22.3201  2.03
22.3301  1.93
22.3401  1.71
22.3501  1.79
22.3601  1.94
22.3701  1.88
22.3801  1.67
22.3901  2.03
22.4001  1.99
22.4101  1.67
22.4201  2.03
22.4301  1.83
22.4401  1.82
22.4501  1.84
22.4601  2.04
22.4701  1.99
22.4801  1.94
22.4901  2.06
22.5001  1.89
22.5101  1.98
22.5201  1.69
22.5301  2.25
22.5401  1.99
22.5501  1.84
22.5601  1.96
22.5701  1.73
22.5801  1.91
22.5901  1.92
22.6001  2.05
22.6101  1.76
22.6201  1.68
22.6301  1.95
22.6401  2.2
22.6501  2.01
22.6601  2.01
22.6701  1.96
22.6801  1.82
22.6901  1.92
22.7001  1.87
22.7101  2.17
22.7201  2.06
22.7301  1.76
22.7401  1.79
22.7501  2.06
22.7601  1.77
22.7701  1.91
22.7801  2.03
22.7901  1.76
22.8001  1.84
22.8101  1.86
22.8201  1.96
22.8301  2.04
22.8401  2.02
22.8501  1.83
22.8601  1.95
22.8701  1.86
22.8801  1.81
22.8901  1.91
22.9001  1.92
22.9101  1.87
22.9201  2.05
22.9301  1.67
22.9401  1.68
22.9501  1.96
22.9601  2.02
22.9701  1.95
22.9801  2.01
22.9901  1.78
23.0001  1.88
23.0101  2.07
23.0201  2
23.0301  1.94
23.0401  1.58
23.0501  1.99
23.0601  2.07
23.0701  1.86
23.0801  1.78
23.0901  1.98
23.1001  1.86
23.1101  1.88
23.1201  2.06
23.1301  1.86
23.1401  1.79
23.1501  1.76
23.1601  1.84
23.1701  1.88
23.1801  1.87
23.1901  1.95
23.2001  1.92
23.2101  1.96
23.2201  1.89
23.2301  1.95
23.2401  1.84
23.2501  1.7
23.2601  2.06
23.2701  2.15
23.2801  1.99
23.2901  1.68
23.3001  2.02
23.3101  1.98
23.3201  1.97
23.3301  1.98
23.3401  1.87
23.3501  1.76
23.3601  1.85
23.3701  1.94
23.3801  1.89
23.3901  2.13
23.4001  1.99
23.4101  1.97
23.4201  1.86
23.4301  1.82
23.4401  1.88
23.4501  1.77
23.4601  1.75
23.4701  1.78
23.4801  1.96
23.4901  2.02
23.5001  1.96
23.5101  2.09
23.5201  1.82
23.5301  1.83
23.5401  2.09
23.5501  1.83
23.5601  2.01
23.5701  2.02
23.5801  1.96
23.5901  1.92
23.6001  2.04
23.6101  2
23.6201  2.13
23.6301  1.83
23.6401  1.92
23.6501  2.05
23.6601  1.75
23.6701  2.05
23.6801  2.02
23.6901  1.75
23.7001  1.79
23.7101  1.76
23.7201  1.86
23.7301  1.89
23.7401  2.16
23.7501  1.74
23.7601  1.78
23.7701  1.78
23.7801  2.08
23.7901  1.96
23.8001  1.8
23.8101  2.01
23.8201  1.82
23.8301  2.02
23.8401  1.96
23.8501  1.77
23.8601  1.88
23.8701  1.91
23.8801  1.99
23.8901  1.85
23.9001  1.62
23.9101  1.9
23.9201  1.93
23.9301  1.86
23.9401  1.91
23.9501  1.71
23.9601  1.83
23.9701  2.02
23.9801  1.86
23.9901  1.86
24.0001  1.95
24.0101  1.96
24.0201  2.04
24.0301  1.73
24.0401  1.75
24.0501  1.72
24.0601  2.15
24.0701  2
24.0801  1.7
24.0901  1.84
24.1001  2
24.1101  1.76
24.1201  2.01
24.1301  2.28
24.1401  1.89
24.1501  1.94
24.1601  1.92
24.1701  1.97
24.1801  1.85
24.1901  1.86
24.2001  1.96
24.2101  2.17
24.2201  2.05
24.2301  2.18
24.2401  1.75
24.2501  1.96
24.2601  1.96
24.2701  1.85
24.2801  1.99
24.2901  1.72
24.3001  1.8
24.3101  2.13
24.3201  1.99
24.3301  2.1
24.3401  1.72
24.3501  2.14
24.3601  1.86
24.3701  1.88
24.3801  1.92
24.3901  2.09
24.4001  1.86
24.4101  1.86
24.4201  1.93
24.4301  1.92
24.4401  1.98
24.4501  1.97
24.4601  1.79
24.4701  1.72
24.4801  2.05
24.4901  1.8
24.5001  1.8
24.5101  1.93
24.5201  1.92
24.5301  1.78
24.5401  1.77
24.5501  2.09
24.5601  1.79
24.5701  2.01
24.5801  1.95
24.5901  1.91
24.6001  1.81
24.6101  2
24.6201  2
24.6301  1.93
24.6401  1.65
24.6501  1.68
24.6601  1.8
24.6701  1.66
24.6801  1.84
24.6901  2.07
24.7001  2.06
24.7101  1.83
24.7201  1.87
24.7301  1.94
24.7401  2
24.7501  1.85
24.7601  1.97
24.7701  1.87
24.7801  1.88
24.7901  1.97
24.8001  1.91
24.8101  1.85
24.8201  2.03
24.8301  2.12
24.8401  1.7
24.8501  1.86
24.8601  2.16
24.8701  1.81
24.8801  1.95
24.8901  1.88
24.9001  1.94
24.9101  2.02
24.9201  1.98
24.9301  1.78
24.9401  2
24.9501  1.77
24.9601  2.06
24.9701  1.87
24.9801  1.73
24.9901  1.86
25.0001  1.58
25.0101  2.03
25.0201  1.97
25.0301  2
25.0401  1.91
25.0501  2.15
25.0601  1.98
25.0701  1.97
25.0801  2.15
25.0901  1.77
25.1001  1.96
25.1101  2.02
25.1201  1.89
25.1301  2.03
25.1401  2.22
25.1501  1.87
25.1601  1.98
25.1701  2.02
25.1801  1.76
25.1901  2.13
25.2001  2.01
25.2101  1.77
25.2201  1.7
25.2301  1.78
25.2401  1.91
25.2501  1.98
25.2601  2.06
25.2701  1.97
25.2801  1.81
25.2901  1.97
25.3001  1.62
25.3101  2.04
25.3201  1.75
25.3301  1.92
25.3401  1.9
25.3501  1.84
25.3601  2.05
25.3701  1.86
25.3801  1.77
25.3901  1.87
25.4001  1.9
25.4101  2.1
25.4201  1.69
25.4301  1.92
25.4401  1.92
25.4501  1.86
25.4601  1.85
25.4701  1.85
25.4801  2.08
25.4901  1.7
25.5001  1.99
25.5101  1.87
25.5201  1.95
25.5301  1.83
25.5401  1.77
25.5501  1.86
25.5601  1.96
25.5701  1.75
25.5801  1.99
25.5901  2.18
25.6001  1.79
25.6101  1.78
25.6201  1.79
25.6301  1.79
25.6401  1.79
25.6501  1.96
25.6601  1.64
25.6701  1.96
25.6801  1.66
25.6901  1.9
25.7001  1.9
25.7101  2.04
25.7201  1.75
25.7301  2.01
25.7401  1.85
25.7501  2.13
25.7601  1.85
25.7701  1.89
25.7801  1.88
25.7901  2.24
25.8001  1.85
25.8101  1.91
25.8201  1.98
25.8301  1.97
25.8401  1.68
25.8501  1.98
25.8601  1.91
25.8701  1.8
25.8801  1.75
25.8901  1.71
25.9001  1.88
25.9101  1.82
25.9201  1.91
25.9301  1.83
25.9401  2.04
25.9501  2.39
25.9601  1.88
25.9701  1.78
25.9801  1.91
25.9901  2.01
26.0001  2.03
26.0101  2.08
26.0201  1.81
26.0301  1.87
26.0401  1.78
26.0501  1.8
26.0601  1.91
26.0701  1.72
26.0801  2.08
26.0901  1.74
26.1001  2.13
26.1101  1.76
26.1201  1.86
26.1301  2.14
26.1401  1.96
26.1501  1.9
26.1601  1.89
26.1701  1.92
26.1801  1.88
26.1901  1.79
26.2001  1.99
26.2101  1.77
26.2201  1.74
26.2301  1.92
26.2401  1.83
26.2501  2
26.2601  1.7
26.2701  1.81
26.2801  1.87
26.2901  1.88
26.3001  1.94
26.3101  1.94
26.3201  1.72
26.3301  1.84
26.3401  1.84
26.3501  1.96
26.3601  2.01
26.3701  1.64
26.3801  1.95
26.3901  1.96
26.4001  1.67
26.4101  1.79
26.4201  2.11
26.4301  2.02
26.4401  1.86
26.4501  1.83
26.4601  1.63
26.4701  1.73
26.4801  2.14
26.4901  1.94
26.5001  1.92
26.5101  1.7
26.5201  1.78
26.5301  2.12
26.5401  1.77
26.5501  1.91
26.5601  1.9
26.5701  2.06
26.5801  1.95
26.5901  1.94
26.6001  1.91
26.6101  1.87
26.6201  2.05
26.6301  2.03
26.6401  1.75
26.6501  1.73
26.6601  1.57
26.6701  1.92
26.6801  2.07
26.6901  1.85
26.7001  1.74
26.7101  1.99
26.7201  2.14
26.7301  2.09
26.7401  1.87
26.7501  2.17
26.7601  1.48
26.7701  1.78
26.7801  1.72
26.7901  2.15
26.8001  2.11
26.8101  1.71
26.8201  1.89
26.8301  1.85
26.8401  2.06
26.8501  1.65
26.8601  1.91
26.8701  1.99
26.8801  2.12
26.8901  1.81
26.9001  1.92
26.9101  2.01
26.9201  1.93
26.9301  1.75
26.9401  2.04
26.9501  1.9
26.9601  1.85
26.9701  1.77
26.9801  1.63
26.9901  1.87
27.0001  2.28
27.0101  1.84
27.0201  1.68
27.0301  2.01
27.0401  1.67
27.0501  2.01
27.0601  1.91
27.0701  1.93
27.0801  2
27.0901  2.15
27.1001  1.84
27.1101  1.61
27.1201  1.91
27.1301  1.87
27.1401  1.82
27.1501  1.92
27.1601  1.86
27.1701  1.81
27.1801  1.9
27.1901  1.9
27.2001  1.81
27.2101  1.95
27.2201  1.94
27.2301  2.13
27.2401  1.8
27.2501  1.73
27.2601  1.84
27.2701  1.95
27.2801  2
27.2901  1.93
27.3001  1.93
27.3101  1.89
27.3201  1.77
27.3301  1.75
27.3401  1.94
27.3501  1.86
27.3601  1.94
27.3701  2.06
27.3801  2.08
27.3901  1.83
27.4001  1.87
27.4101  1.87
27.4201  1.77
27.4301  1.99
27.4401  1.84
27.4501  1.92
27.4601  2.05
27.4701  1.89
27.4801  1.98
27.4901  1.65
27.5001  2.04
27.5101  2.07
27.5201  2.1
27.5301  2.11
27.5401  1.74
27.5501  2.09
27.5601  1.71
27.5701  1.99
27.5801  1.69
27.5901  1.95
27.6001  1.83
27.6101  2.14
27.6201  1.87
27.6301  1.85
27.6401  1.92
27.6501  2
27.6601  1.9
27.6701  1.78
27.6801  1.67
27.6901  1.8
27.7001  1.77
27.7101  1.96
27.7201  1.98
27.7301  1.99
27.7401  2.11
27.7501  1.88
27.7601  1.86
27.7701  1.95
27.7801  1.89
27.7901  1.99
27.8001  1.56
27.8101  1.85
27.8201  2.03
27.8301  1.98
27.8401  2.07
27.8501  1.89
27.8601  1.91
27.8701  1.77
27.8801  1.97
27.8901  1.81
27.9001  1.96
27.9101  2.03
27.9201  1.96
27.9301  2.1
27.9401  1.92
27.9501  1.84
27.9601  1.98
27.9701  1.78
27.9801  1.93
27.9901  1.96
28.0001  1.83
28.0101  2.01
28.0201  1.87
28.0301  1.55
28.0401  2.11
28.0501  2
28.0601  1.81
28.0701  1.96
28.0801  1.95
28.0901  1.86
28.1001  1.95
28.1101  1.98
28.1201  1.93
28.1301  1.71
28.1401  2.23
28.1501  2.01
28.1601  1.89
28.1701  1.68
28.1801  1.62
28.1901  1.68
28.2001  1.75
28.2101  2.12
28.2201  1.97
28.2301  1.92
28.2401  1.67
28.2501  1.88
28.2601  1.95
28.2701  1.92
28.2801  1.96
28.2901  1.88
28.3001  1.76
28.3101  2.05
28.3201  1.94
28.3301  1.93
28.3401  1.72
28.3501  2.27
28.3601  1.98
28.3701  1.9
28.3801  1.98
28.3901  2.03
28.4001  1.87
28.4101  1.87
28.4201  1.72
28.4301  1.76
28.4401  1.8
28.4501  1.88
28.4601  1.85
28.4701  1.94
28.4801  1.8
28.4901  2.04
28.5001  1.83
28.5101  2.06
28.5201  1.95
28.5301  1.92
28.5401  2.05
28.5501  1.88
28.5601  2.09
28.5701  1.96
28.5801  1.93
28.5901  1.92
28.6001  1.83
28.6101  1.81
28.6201  2.17
28.6301  1.93
28.6401  2.02
28.6501  1.76
28.6601  1.74
28.6701  1.92
28.6801  1.97
28.6901  2.1
28.7001  1.76
28.7101  1.93
28.7201  1.93
28.7301  1.97
28.7401  2.01
28.7501  2.07
28.7601  2.03
28.7701  1.84
28.7801  1.93
28.7901  1.89
28.8001  2.03
28.8101  1.89
28.8201  1.74
28.8301  1.81
28.8401  1.86
28.8501  1.95
28.8601  1.73
28.8701  2
28.8801  1.79
28.8901  1.83
28.9001  2.08
28.9101  1.87
28.9201  1.74
28.9301  1.84
28.9401  1.97
28.9501  2.03
28.9601  1.88
28.9701  2.02
28.9801  2.09
28.9901  1.69
29.0001  1.85
29.0101  1.9
29.0201  2.03
29.0301  1.8
29.0401  1.74
29.0501  1.97
29.0601  1.82
29.0701  1.89
29.0801  2.13
29.0901  2.11
29.1001  1.6
29.1101  1.54
29.1201  1.94
29.1301  2.07
29.1401  1.95
29.1501  1.88
29.1601  1.76
29.1701  1.99
29.1801  1.88
29.1901  1.94
29.2001  1.81
29.2101  2.09
29.2201  1.88
29.2301  1.81
29.2401  1.9
29.2501  2.03
29.2601  1.99
29.2701  1.55
29.2801  1.83
29.2901  2.01
29.3001  2.15
29.3101  1.79
29.3201  1.92
29.3301  1.84
29.3401  1.88
29.3501  2.03
29.3601  1.72
29.3701  2.01
29.3801  1.98
29.3901  1.96
29.4001  2.07
29.4101  2.05
29.4201  1.89
29.4301  1.91
29.4401  1.91
29.4501  2.07
29.4601  1.9
29.4701  1.96
29.4801  2.1
29.4901  1.89
29.5001  1.97
29.5101  1.92
29.5201  1.99
29.5301  1.9
29.5401  1.83
29.5501  2.14
29.5601  1.98
29.5701  1.68
29.5801  1.84
29.5901  1.92
29.6001  1.73
29.6101  1.95
29.6201  2.2
29.6301  1.67
29.6401  1.91
29.6501  2.2
29.6601  1.97
29.6701  1.68
29.6801  2.18
29.6901  1.92
29.7001  2.01
29.7101  1.82
29.7201  1.84
29.7301  1.65
29.7401  1.95
29.7501  1.83
29.7601  2.02
29.7701  1.77
29.7801  2.04
29.7901  1.88
29.8001  1.91
29.8101  2.04
29.8201  1.99
29.8301  1.89
29.8401  1.85
29.8501  1.89
29.8601  1.76
29.8701  1.86
29.8801  2.02
29.8901  1.83
29.9001  1.86
29.9101  1.78
29.9201  1.83
29.9301  2.12
29.9401  1.89
29.9501  2.01
29.9601  1.86
29.9701  1.68
29.9801  1.93
29.9901  2
30.0001  2.14
30.0101  1.85
30.0201  1.85
30.0301  2
30.0401  1.92
30.0501  1.65
30.0601  2.14
30.0701  1.8
30.0801  1.79
30.0901  1.94
30.1001  1.95
30.1101  1.89
30.1201  1.81
30.1301  1.95
30.1401  2.08
30.1501  1.74
30.1601  1.92
30.1701  1.71
30.1801  1.8
30.1901  1.85
30.2001  2.07
30.2101  1.82
30.2201  1.85
30.2301  1.82
30.2401  1.98
30.2501  1.82
30.2601  1.81
30.2701  1.89
30.2801  2.09
30.2901  2.27
30.3001  2.14
30.3101  2.07
30.3201  1.82
30.3301  1.63
30.3401  1.85
30.3501  1.92
30.3601  1.73
30.3701  1.86
30.3801  2.03
30.3901  1.84
30.4001  2
30.4101  1.79
30.4201  1.85
30.4301  1.56
30.4401  2.08
30.4501  2.16
30.4601  2.01
30.4701  1.94
30.4801  1.78
30.4901  2.01
30.5001  2
30.5101  1.8
30.5201  1.91
30.5301  1.76
30.5401  2.02
30.5501  1.84
30.5601  2.13
30.5701  1.9
30.5801  2.18
30.5901  1.8
30.6001  2.01
30.6101  2.08
30.6201  1.72
30.6301  2.1
30.6401  1.69
30.6501  1.89
30.6601  1.83
30.6701  1.62
30.6801  1.87
30.6901  1.88
30.7001  1.88
30.7101  2.14
30.7201  1.89
30.7301  1.94
30.7401  1.91
30.7501  1.89
30.7601  1.82
30.7701  2.1
30.7801  2.17
30.7901  1.83
30.8001  1.82
30.8101  1.85
30.8201  1.8
30.8301  1.98
30.8401  1.75
30.8501  1.87
30.8601  1.69
30.8701  2.17
30.8801  1.71
30.8901  1.77
30.9001  1.95
30.9101  1.97
30.9201  1.91
30.9301  1.94
30.9401  1.73
30.9501  1.88
30.9601  2.1
30.9701  1.91
30.9801  1.89
30.9901  1.91
31.0001  1.9
31.0101  1.78
31.0201  1.85
31.0301  1.73
31.0401  1.92
31.0501  2.04
31.0601  1.92
31.0701  1.83
31.0801  1.8
31.0901  1.91
31.1001  1.73
31.1101  1.91
31.1201  1.92
31.1301  2.18
31.1401  2.11
31.1501  1.96
31.1601  1.55
31.1701  1.74
31.1801  1.92
31.1901  1.98
31.2001  1.78
31.2101  2
31.2201  1.84
31.2301  2.07
31.2401  2.03
31.2501  1.8
31.2601  1.83
31.2701  2.11
31.2801  1.91
31.2901  1.86
31.3001  2.05
31.3101  1.87
31.3201  1.76
31.3301  1.85
31.3401  2.01
31.3501  1.9
31.3601  1.99
31.3701  1.91
31.3801  1.93
31.3901  1.76
31.4001  1.94
31.4101  1.98
31.4201  2.05
31.4301  1.77
31.4401  1.76
31.4501  1.79
31.4601  1.86
31.4701  1.98
31.4801  1.9
31.4901  1.86
31.5001  1.65
31.5101  1.9
31.5201  2.18
31.5301  1.88
31.5401  2.05
31.5501  2.13
31.5601  1.94
31.5701  1.87
31.5801  1.87
31.5901  1.81
31.6001  1.75
31.6101  1.93
31.6201  2.07
31.6301  2.06
31.6401  1.73
31.6501  1.87
31.6601  1.88
31.6701  1.93
31.6801  1.76
31.6901  1.91
31.7001  1.69
31.7101  1.82
31.7201  2.01
31.7301  1.63
31.7401  2.14
31.7501  1.87
31.7601  1.93
31.7701  2.05
31.7801  1.75
31.7901  1.93
31.8001  1.94
31.8101  1.6
31.8201  1.87
31.8301  1.95
31.8401  1.78
31.8501  2.03
31.8601  1.93
31.8701  1.88
31.8801  1.92
31.8901  1.98
31.9001  1.87
31.9101  1.86
31.9201  1.85
31.9301  2.03
31.9401  1.94
31.9501  1.69
31.9601  2.04
31.9701  1.73
31.9801  1.96
31.9901  1.83
32.0001  1.73
32.0101  2.01
32.0201  1.81
32.0301  2.01
32.0401  1.91
32.0501  1.98
32.0601  1.84
32.0701  1.8
32.0801  1.72
32.0901  1.81
32.1001  1.93
32.1101  2.23
32.1201  2.11
32.1301  2.01
32.1401  1.66
32.1501  2.04
32.1601  1.84
32.1701  1.97
32.1801  1.96
32.1901  1.9
32.2001  1.97
32.2101  1.96
32.2201  1.89
32.2301  1.87
32.2401  1.92
32.2501  1.91
32.2601  2.31
32.2701  1.88
32.2801  1.77
32.2901  1.88
32.3001  1.89
32.3101  2.03
32.3201  1.79
32.3301  1.9
32.3401  1.85
32.3501  1.86
32.3601  2.01
32.3701  1.97
32.3801  2.17
32.3901  1.89
32.4001  1.73
32.4101  1.94
32.4201  1.87
32.4301  2
32.4401  1.8
32.4501  1.92
32.4601  1.76
32.4701  1.82
32.4801  2.02
32.4901  1.85
32.5001  2.05
32.5101  1.79
32.5201  2.04
32.5301  2.03
32.5401  2.06
32.5501  1.81
32.5601  2.08
32.5701  1.77
32.5801  1.6
32.5901  1.83
32.6001  1.93
32.6101  2.09
32.6201  1.95
32.6301  2.09
32.6401  1.82
32.6501  2
32.6601  1.8
32.6701  2.04
32.6801  1.99
32.6901  1.85
32.7001  1.98
32.7101  1.89
32.7201  1.69
32.7301  1.53
32.7401  1.9
32.7501  2.06
32.7601  1.8
32.7701  1.87
32.7801  1.92
32.7901  1.8
32.8001  1.98
32.8101  1.97
32.8201  1.97
32.8301  1.98
32.8401  2
32.8501  1.83
32.8601  1.76
32.8701  1.66
32.8801  1.74
32.8901  2.18
32.9001  2.06
32.9101  1.96
32.9201  1.92
32.9301  1.62
32.9401  1.95
32.9501  1.82
32.9601  1.9
32.9701  1.95
32.9801  1.91
32.9901  1.85
33.0001  1.76
33.0101  1.93
33.0201  2.11
33.0301  1.89
33.0401  1.71
33.0501  1.92
33.0601  2.23
33.0701  1.92
33.0801  1.82
33.0901  2.08
33.1001  1.96
33.1101  2.06
33.1201  1.85
33.1301  2.02
33.1401  2.04
33.1501  2.13
33.1601  2.12
33.1701  1.83
33.1801  2.05
33.1901  1.98
33.2001  1.95
33.2101  1.82
33.2201  1.97
33.2301  1.82
33.2401  1.91
33.2501  1.7
33.2601  2.05
33.2701  1.88
33.2801  2.12
33.2901  1.89
33.3001  1.96
33.3101  2.25
33.3201  1.81
33.3301  1.82
33.3401  2.09
33.3501  2.03
33.3601  2.03
33.3701  1.54
33.3801  1.9
33.3901  1.93
33.4001  1.86
33.4101  1.99
33.4201  1.9
33.4301  1.94
33.4401  1.94
33.4501  1.87
33.4601  1.74
33.4701  1.81
33.4801  1.73
33.4901  2.02
33.5001  1.86
33.5101  1.78
33.5201  1.98
33.5301  1.87
33.5401  1.83
33.5501  1.81
33.5601  1.97
33.5701  1.95
33.5801  1.61
33.5901  1.77
33.6001  1.72
33.6101  1.92
33.6201  1.87
33.6301  1.87
33.6401  1.95
33.6501  1.72
33.6601  1.74
33.6701  2.11
33.6801  1.98
33.6901  1.89
33.7001  1.74
33.7101  2.16
33.7201  1.81
33.7301  1.85
33.7401  1.74
33.7501  1.87
33.7601  2.09
33.7701  2.14
33.7801  1.82
33.7901  1.9
33.8001  2.14
33.8101  1.79
33.8201  2.15
33.8301  1.78
33.8401  1.92
33.8501  1.84
33.8601  1.71
33.8701  2.01
33.8801  1.59
33.8901  2.22
33.9001  2.09
33.9101  1.74
33.9201  1.86
33.9301  1.89
33.9401  1.93
33.9501  1.84
33.9601  1.98
33.9701  2.28
33.9801  1.87
33.9901  1.68
34.0001  2.17
34.0101  2
34.0201  1.77
34.0301  1.92
34.0401  2.1
34.0501  2.09
34.0601  1.87
34.0701  1.81
34.0801  1.82
34.0901  1.67
34.1001  1.94
34.1101  1.6
34.1201  2
34.1301  2.09
34.1401  1.9
34.1501  2.1
34.1601  1.99
34.1701  2.16
34.1801  1.91
34.1901  2
34.2001  1.71
34.2101  1.97
34.2201  1.79
34.2301  1.96
34.2401  2.11
34.2501  2.01
34.2601  1.82
34.2701  1.66
34.2801  2.02
34.2901  1.61
34.3001  1.8
34.3101  1.73
34.3201  1.92
34.3301  1.82
34.3401  1.96
34.3501  1.95
34.3601  1.7
34.3701  1.81
34.3801  2.07
34.3901  1.99
34.4001  1.63
34.4101  1.88
34.4201  1.82
34.4301  1.78
34.4401  1.9
34.4501  1.87
34.4601  2.07
34.4701  2.04
34.4801  1.93
34.4901  1.88
34.5  1.77
34.51  1.88
34.52  1.79
34.53  1.74
34.54  1.86
34.55  1.95
34.56  2.15
34.57  1.73
34.58  2
34.59  2.01
34.6  1.75
34.61  1.82
34.62  1.92
34.63  1.96
34.64  2.12
34.65  2.06
34.66  1.8
34.67  1.94
34.68  1.84
34.69  1.96
34.7  1.93
34.71  1.92
34.72  2.1
34.73  2.09
34.74  1.82
34.75  2.02
34.76  1.99
34.77  1.99
34.78  1.99
34.79  1.61
34.8  1.96
34.81  1.89
34.82  1.9
34.83  2.01
34.84  1.91
34.85  1.86
34.86  1.81
34.87  2.08
34.88  1.91
34.89  1.8
34.9  1.67
34.91  1.86
34.92  1.87
34.93  1.78
34.94  1.97
34.95  1.86
34.96  1.92
34.97  1.99
34.98  1.74
34.99  2.03
