-15  0
-14.99  0
-14.98  0.01
-14.97  0.01
-14.96  0.01
-14.95  0.01
-14.94  0.02
-14.93  0.02
-14.92  0.04
-14.91  0.02
-14.9  0.04
-14.89  0.04
-14.88  0.05
-14.87  0.04
-14.86  0.08
-14.85  0.06
-14.84  0.08
-14.83  0.08
-14.82  0.1
-14.81  0.12
-14.8  0.14
-14.79  0.15
-14.78  0.17
-14.77  0.2
-14.76  0.26
-14.75  0.32
-14.74  0.37
-14.73  0.5
-14.72  0.64
-14.71  0.87
-14.7  1.29
-14.69  2.07
-14.68  3.79
-14.67  8.74
-14.66  24.69
-14.65  29.29
-14.64  10.98
-14.63  4.48
-14.62  2.36
-14.61  1.41
-14.6  0.97
-14.59  0.69
-14.58  0.54
-14.57  0.44
-14.56  0.34
-14.55  0.27
-14.54  0.25
-14.53  0.2
-14.52  0.19
-14.51  0.18
-14.5  0.14
-14.49  0.15
-14.48  0.12
-14.47  0.13
-14.46  0.12
-14.45  0.11
-14.44  0.1
-14.43  0.11
-14.42  0.08
-14.41  0.12
-14.4  0.11
-14.39  0.08
-14.38  0.11
-14.37  0.08
-14.36  0.1
-14.35  0.11
-14.34  0.08
-14.33  0.13
-14.32  0.09
-14.31  0.11
-14.3  0.1
-14.29  0.12
-14.28  0.12
-14.27  0.12
-14.26  0.13
-14.25  0.12
-14.24  0.15
-14.23  0.14
-14.22  0.14
-14.21  0.18
-14.2  0.17
-14.19  0.18
-14.18  0.2
-14.17  0.24
-14.16  0.22
-14.15  0.25
-14.14  0.26
-14.13  0.29
-14.12  0.32
-14.11  0.39
-14.1  0.41
-14.09  0.46
-14.08  0.54
-14.07  0.63
-14.06  0.72
-14.05  0.86
-14.04  1.03
-14.03  1.27
-14.02  1.65
-14.01  2.13
-14  2.89
-13.99  3.98
-13.98  5.81
-13.97  8.29
-13.96  11.06
-13.95  12.02
-13.94  9.98
-13.93  7.17
-13.92  4.96
-13.91  3.47
-13.9  2.53
-13.89  1.93
-13.88  1.47
-13.87  1.18
-13.86  1
-13.85  0.83
-13.84  0.71
-13.83  0.6
-13.82  0.52
-13.81  0.47
-13.8  0.43
-13.79  0.38
-13.78  0.39
-13.77  0.33
-13.76  0.3
-13.75  0.27
-13.74  0.27
-13.73  0.28
-13.72  0.24
-13.71  0.26
-13.7  0.24
-13.69  0.22
-13.68  0.21
-13.67  0.21
-13.66  0.23
-13.65  0.2
-13.64  0.19
-13.63  0.22
-13.62  0.25
-13.61  0.22
-13.6  0.21
-13.59  0.24
-13.58  0.21
-13.57  0.22
-13.56  0.24
-13.55  0.26
-13.54  0.25
-13.53  0.26
-13.52  0.26
-13.51  0.32
-13.5  0.29
-13.49  0.34
-13.48  0.34
-13.47  0.35
-13.46  0.41
-13.45  0.42
-13.44  0.44
-13.43  0.46
-13.42  0.55
-13.41  0.59
-13.4  0.67
-13.39  0.72
-13.38  0.85
-13.37  0.93
-13.36  1.09
-13.35  1.26
-13.34  1.49
-13.33  1.77
-13.32  2.16
-13.31  2.65
-13.3  3.25
-13.29  4.11
-13.28  5.07
-13.27  6.13
-13.26  6.98
-13.25  7.31
-13.24  6.96
-13.23  6.04
-13.22  5.02
-13.21  4.04
-13.2  3.24
-13.19  2.6
-13.18  2.15
-13.17  1.76
-13.16  1.48
-13.15  1.27
-13.14  1.11
-13.13  0.98
-13.12  0.82
-13.11  0.75
-13.1  0.7
-13.09  0.62
-13.08  0.55
-13.07  0.54
-13.06  0.51
-13.05  0.47
-13.04  0.44
-13.03  0.41
-13.02  0.39
-13.01  0.37
-13  0.35
-12.99  0.36
-12.98  0.36
-12.97  0.36
-12.96  0.32
-12.95  0.32
-12.94  0.33
-12.93  0.31
-12.92  0.34
-12.91  0.34
-12.9  0.31
-12.89  0.3
-12.88  0.36
-12.87  0.33
-12.86  0.34
-12.85  0.36
-12.84  0.39
-12.83  0.36
-12.82  0.39
-12.81  0.4
-12.8  0.43
-12.79  0.45
-12.78  0.45
-12.77  0.56
-12.76  0.5
-12.75  0.58
-12.74  0.63
-12.73  0.65
-12.72  0.71
-12.71  0.76
-12.7  0.86
-12.69  0.93
-12.68  1.06
-12.67  1.19
-12.66  1.32
-12.65  1.52
-12.64  1.69
-12.63  2.05
-12.62  2.32
-12.61  2.69
-12.6  3.22
-12.59  3.68
-12.58  4.22
-12.57  4.7
-12.56  5.12
-12.55  5.3
-12.54  5.17
-12.53  4.96
-12.52  4.39
-12.51  3.84
-12.5  3.32
-12.49  2.85
-12.48  2.45
-12.47  2.12
-12.46  1.86
-12.45  1.57
-12.44  1.38
-12.43  1.27
-12.42  1.08
-12.41  1.04
-12.4  0.9
-12.39  0.83
-12.38  0.77
-12.37  0.7
-12.36  0.68
-12.35  0.64
-12.34  0.57
-12.33  0.56
-12.32  0.54
-12.31  0.52
-12.3  0.51
-12.29  0.46
-12.28  0.47
-12.27  0.45
-12.26  0.43
-12.25  0.44
-12.24  0.45
-12.23  0.43
-12.22  0.42
-12.21  0.39
-12.2  0.44
-12.19  0.47
-12.18  0.43
-12.17  0.44
-12.16  0.44
-12.15  0.48
-12.14  0.47
-12.13  0.48
-12.12  0.49
-12.11  0.56
-12.1  0.53
-12.09  0.55
-12.08  0.58
-12.07  0.62
-12.06  0.68
-12.05  0.67
-12.04  0.76
-12.03  0.8
-12.02  0.83
-12.01  0.96
-12  1.02
-11.99  1.09
-11.98  1.24
-11.97  1.34
-11.96  1.47
-11.95  1.61
-11.94  1.84
-11.93  2.06
-11.92  2.36
-11.91  2.6
-11.9  2.94
-11.89  3.21
-11.88  3.68
-11.87  3.82
-11.86  4.04
-11.85  4.23
-11.84  4.15
-11.83  4.09
-11.82  3.74
-11.81  3.51
-11.8  3.12
-11.79  2.86
-11.78  2.49
-11.77  2.25
-11.76  2.03
-11.75  1.79
-11.74  1.6
-11.73  1.43
-11.72  1.32
-11.71  1.2
-11.7  1.15
-11.69  1
-11.68  0.9
-11.67  0.91
-11.66  0.82
-11.65  0.75
-11.64  0.72
-11.63  0.71
-11.62  0.67
-11.61  0.65
-11.6  0.63
-11.59  0.56
-11.58  0.57
-11.57  0.58
-11.56  0.56
-11.55  0.5
-11.54  0.55
-11.53  0.55
-11.52  0.52
-11.51  0.56
-11.5  0.53
-11.49  0.53
-11.48  0.51
-11.47  0.54
-11.46  0.54
-11.45  0.59
-11.44  0.54
-11.43  0.59
-11.42  0.6
-11.41  0.62
-11.4  0.65
-11.39  0.69
-11.38  0.68
-11.37  0.76
-11.36  0.73
-11.35  0.82
-11.34  0.84
-11.33  0.92
-11.32  1
-11.31  1.05
-11.3  1.17
-11.29  1.2
-11.28  1.3
-11.27  1.43
-11.26  1.53
-11.25  1.68
-11.24  1.91
-11.23  2.06
-11.22  2.21
-11.21  2.49
-11.2  2.65
-11.19  3
-11.18  3.1
-11.17  3.25
-11.16  3.48
-11.15  3.45
-11.14  3.44
-11.13  3.5
-11.12  3.24
-11.11  3.1
-11.1  2.95
-11.09  2.65
-11.08  2.56
-11.07  2.23
-11.06  2.04
-11.05  1.95
-11.04  1.7
-11.03  1.6
-11.02  1.45
-11.01  1.36
-11  1.21
-10.99  1.21
-10.98  1.07
-10.97  1.04
-10.96  0.92
-10.95  0.89
-10.94  0.86
-10.93  0.81
-10.92  0.77
-10.91  0.78
-10.9  0.7
-10.89  0.73
-10.88  0.67
-10.87  0.66
-10.86  0.7
-10.85  0.64
-10.84  0.62
-10.83  0.6
-10.82  0.64
-10.81  0.63
-10.8  0.61
-10.79  0.61
-10.78  0.63
-10.77  0.64
-10.76  0.66
-10.75  0.64
-10.74  0.66
-10.73  0.69
-10.72  0.7
-10.71  0.69
-10.7  0.71
-10.69  0.76
-10.68  0.81
-10.67  0.83
-10.66  0.84
-10.65  0.95
-10.64  0.97
-10.63  1.05
-10.62  1.04
-10.61  1.12
-10.6  1.21
-10.59  1.29
-10.58  1.39
-10.57  1.46
-10.56  1.57
-10.55  1.75
-10.54  1.83
-10.53  2.01
-10.52  2.18
-10.51  2.31
-10.5  2.5
-10.49  2.54
-10.48  2.76
-10.47  2.96
-10.46  2.95
-10.45  3.06
-10.44  3
-10.43  2.98
-10.42  2.93
-10.41  2.81
-10.4  2.62
-10.39  2.58
-10.38  2.39
-10.37  2.25
-10.36  2
-10.35  1.93
-10.34  1.8
-10.33  1.69
-10.32  1.53
-10.31  1.46
-10.3  1.38
-10.29  1.26
-10.28  1.2
-10.27  1.09
-10.26  1.09
-10.25  1
-10.24  0.98
-10.23  0.91
-10.22  0.9
-10.21  0.83
-10.2  0.86
-10.19  0.79
-10.18  0.77
-10.17  0.8
-10.16  0.73
-10.15  0.74
-10.14  0.73
-10.13  0.7
-10.12  0.72
-10.11  0.72
-10.1  0.68
-10.09  0.73
-10.08  0.72
-10.07  0.71
-10.06  0.73
-10.05  0.76
-10.04  0.72
-10.03  0.77
-10.02  0.79
-10.01  0.76
-10  0.82
-9.99  0.85
-9.98  0.89
-9.97  0.92
-9.96  0.97
-9.95  0.97
-9.94  1.03
-9.93  1.08
-9.92  1.09
-9.91  1.22
-9.9  1.3
-9.89  1.32
-9.88  1.44
-9.87  1.54
-9.86  1.6
-9.85  1.72
-9.84  1.87
-9.83  1.85
-9.82  2.07
-9.81  2.22
-9.8  2.2
-9.79  2.44
-9.78  2.49
-9.77  2.53
-9.76  2.69
-9.75  2.7
-9.74  2.64
-9.73  2.69
-9.72  2.67
-9.71  2.53
-9.7  2.52
-9.69  2.38
-9.68  2.19
-9.67  2.2
-9.66  2.04
-9.65  1.88
-9.64  1.83
-9.63  1.71
-9.62  1.56
-9.61  1.56
-9.6  1.44
-9.59  1.31
-9.58  1.28
-9.57  1.22
-9.56  1.12
-9.55  1.16
-9.54  1.07
-9.53  0.96
-9.52  1.06
-9.51  0.92
-9.5  0.92
-9.49  0.9
-9.48  0.86
-9.47  0.87
-9.46  0.81
-9.45  0.81
-9.44  0.81
-9.43  0.83
-9.42  0.79
-9.41  0.77
-9.4  0.78
-9.39  0.81
-9.38  0.8
-9.37  0.81
-9.36  0.76
-9.35  0.84
-9.34  0.82
-9.33  0.85
-9.32  0.82
-9.31  0.89
-9.3  0.91
-9.29  0.92
-9.28  0.92
-9.27  1
-9.26  1.01
-9.25  1.09
-9.24  1.04
-9.23  1.17
-9.22  1.17
-9.21  1.27
-9.2  1.31
-9.19  1.37
-9.18  1.44
-9.17  1.53
-9.16  1.63
-9.15  1.63
-9.14  1.83
-9.13  1.85
-9.12  1.97
-9.11  2.01
-9.1  2.17
-9.09  2.19
-9.08  2.35
-9.07  2.29
-9.06  2.43
-9.05  2.35
-9.04  2.51
-9.03  2.47
-9.02  2.37
-9.01  2.4
-9  2.27
-8.99  2.27
-8.98  2.11
-8.97  2.08
-8.96  1.96
-8.95  1.92
-8.94  1.75
-8.93  1.76
-8.92  1.63
-8.91  1.55
-8.9  1.5
-8.89  1.43
-8.88  1.29
-8.87  1.32
-8.86  1.25
-8.85  1.14
-8.84  1.16
-8.83  1.06
-8.82  1.08
-8.81  1.01
-8.8  1.02
-8.79  0.96
-8.78  0.93
-8.77  0.96
-8.76  0.91
-8.75  0.9
-8.74  0.89
-8.73  0.88
-8.72  0.85
-8.71  0.88
-8.7  0.86
-8.69  0.87
-8.68  0.86
-8.67  0.85
-8.66  0.86
-8.65  0.89
-8.64  0.91
-8.63  0.92
-8.62  0.95
-8.61  0.93
-8.6  0.95
-8.59  0.96
-8.58  1.02
-8.57  1.05
-8.56  1.06
-8.55  1.13
-8.54  1.13
-8.53  1.19
-8.52  1.25
-8.51  1.31
-8.5  1.33
-8.49  1.36
-8.48  1.45
-8.47  1.48
-8.46  1.63
-8.45  1.7
-8.44  1.72
-8.43  1.8
-8.42  1.87
-8.41  1.99
-8.4  1.99
-8.39  2.11
-8.38  2.07
-8.37  2.19
-8.36  2.22
-8.35  2.22
-8.34  2.24
-8.33  2.26
-8.32  2.18
-8.31  2.24
-8.3  2.18
-8.29  2.11
-8.28  2.05
-8.27  1.95
-8.26  1.97
-8.25  1.91
-8.24  1.73
-8.23  1.72
-8.22  1.67
-8.21  1.53
-8.2  1.49
-8.19  1.46
-8.18  1.35
-8.17  1.36
-8.16  1.3
-8.15  1.25
-8.14  1.2
-8.13  1.14
-8.12  1.13
-8.11  1.1
-8.1  1.06
-8.09  1.09
-8.08  1.02
-8.07  1
-8.06  1
-8.05  0.95
-8.04  0.93
-8.03  0.95
-8.02  0.94
-8.01  0.93
-8  0.94
-7.99  0.94
-7.98  0.91
-7.97  0.92
-7.96  0.96
-7.95  0.94
-7.94  0.95
-7.93  0.98
-7.92  0.99
-7.91  1.03
-7.9  0.98
-7.89  1.05
-7.88  1.08
-7.87  1.09
-7.86  1.12
-7.85  1.13
-7.84  1.23
-7.83  1.21
-7.82  1.23
-7.81  1.31
-7.8  1.36
-7.79  1.37
-7.78  1.48
-7.77  1.59
-7.76  1.59
-7.75  1.65
-7.74  1.63
-7.73  1.76
-7.72  1.75
-7.71  1.91
-7.7  1.89
-7.69  1.98
-7.68  2.01
-7.67  2.04
-7.66  2.05
-7.65  2.12
-7.64  2.08
-7.63  2.1
-7.62  2.04
-7.61  2.08
-7.6  2.02
-7.59  2.02
-7.58  1.94
-7.57  1.93
-7.56  1.94
-7.55  1.79
-7.54  1.78
-7.53  1.68
-7.52  1.61
-7.51  1.57
-7.5  1.54
-7.49  1.47
-7.48  1.41
-7.47  1.37
-7.46  1.37
-7.45  1.26
-7.44  1.27
-7.43  1.19
-7.42  1.19
-7.41  1.13
-7.4  1.16
-7.39  1.12
-7.38  1.07
-7.37  1.09
-7.36  1.02
-7.35  1.02
-7.34  1.02
-7.33  1.01
-7.32  0.98
-7.31  0.99
-7.3  1
-7.29  0.97
-7.28  1.1
-7.27  0.94
-7.26  0.96
-7.25  1.07
-7.24  0.99
-7.23  1.02
-7.22  1.05
-7.21  1.05
-7.2  1.08
-7.19  1.07
-7.18  1.1
-7.17  1.16
-7.16  1.12
-7.15  1.19
-7.14  1.26
-7.13  1.18
-7.12  1.34
-7.11  1.36
-7.1  1.39
-7.09  1.39
-7.08  1.43
-7.07  1.56
-7.06  1.51
-7.05  1.69
-7.04  1.62
-7.03  1.63
-7.02  1.81
-7.01  1.74
-7  1.88
-6.99  1.85
-6.98  1.86
-6.97  2.01
-6.96  1.92
-6.95  1.91
-6.94  2
-6.93  1.96
-6.92  2.03
-6.91  1.95
-6.9  1.88
-6.89  1.99
-6.88  1.85
-6.87  1.91
-6.86  1.76
-6.85  1.76
-6.84  1.76
-6.83  1.65
-6.82  1.67
-6.81  1.55
-6.8  1.52
-6.79  1.52
-6.78  1.43
-6.77  1.41
-6.76  1.3
-6.75  1.32
-6.74  1.33
-6.73  1.25
-6.72  1.21
-6.71  1.28
-6.7  1.15
-6.69  1.16
-6.68  1.11
-6.67  1.11
-6.66  1.11
-6.65  1.06
-6.64  1.1
-6.63  1.06
-6.62  1.07
-6.61  1.04
-6.6  1.03
-6.59  1.09
-6.58  1.04
-6.57  1.07
-6.56  1.05
-6.55  1.01
-6.54  1.08
-6.53  1.09
-6.52  1.04
-6.51  1.1
-6.5  1.13
-6.49  1.1
-6.48  1.17
-6.47  1.17
-6.46  1.22
-6.45  1.21
-6.44  1.26
-6.43  1.3
-6.42  1.27
-6.41  1.36
-6.4  1.42
-6.39  1.39
-6.38  1.48
-6.37  1.5
-6.36  1.5
-6.35  1.56
-6.34  1.67
-6.33  1.63
-6.32  1.67
-6.31  1.81
-6.3  1.75
-6.29  1.77
-6.28  1.79
-6.27  1.86
-6.26  1.84
-6.25  1.88
-6.24  1.86
-6.23  1.9
-6.22  1.87
-6.21  1.92
-6.2  1.85
-6.19  1.83
-6.18  1.83
-6.17  1.78
-6.16  1.8
-6.15  1.69
-6.14  1.68
-6.13  1.63
-6.12  1.65
-6.11  1.6
-6.1  1.5
-6.09  1.53
-6.08  1.43
-6.07  1.44
-6.06  1.35
-6.05  1.36
-6.04  1.31
-6.03  1.29
-6.02  1.29
-6.01  1.23
-6  1.25
-5.99  1.18
-5.98  1.23
-5.97  1.18
-5.96  1.1
-5.95  1.12
-5.94  1.18
-5.93  1.11
-5.92  1.09
-5.91  1.12
-5.9  1.07
-5.89  1.09
-5.88  1.07
-5.87  1.11
-5.86  1.11
-5.85  1.1
-5.84  1.06
-5.83  1.11
-5.82  1.18
-5.81  1.13
-5.8  1.21
-5.79  1.13
-5.78  1.16
-5.77  1.29
-5.76  1.16
-5.75  1.3
-5.74  1.19
-5.73  1.31
-5.72  1.36
-5.71  1.36
-5.7  1.43
-5.69  1.45
-5.68  1.4
-5.67  1.47
-5.66  1.52
-5.65  1.57
-5.64  1.56
-5.63  1.6
-5.62  1.66
-5.61  1.67
-5.6  1.75
-5.59  1.73
-5.58  1.76
-5.57  1.7
-5.56  1.8
-5.55  1.8
-5.54  1.86
-5.53  1.83
-5.52  1.75
-5.51  1.81
-5.5  1.82
-5.49  1.8
-5.48  1.76
-5.47  1.7
-5.46  1.69
-5.45  1.69
-5.44  1.69
-5.43  1.64
-5.42  1.59
-5.41  1.51
-5.4  1.54
-5.39  1.54
-5.38  1.44
-5.37  1.47
-5.36  1.35
-5.35  1.39
-5.34  1.36
-5.33  1.35
-5.32  1.28
-5.31  1.32
-5.3  1.2
-5.29  1.25
-5.28  1.25
-5.27  1.17
-5.26  1.19
-5.25  1.17
-5.24  1.17
-5.23  1.18
-5.22  1.18
-5.21  1.15
-5.2  1.09
-5.19  1.16
-5.18  1.13
-5.17  1.14
-5.16  1.06
-5.15  1.19
-5.14  1.11
-5.13  1.2
-5.12  1.17
-5.11  1.15
-5.1  1.21
-5.09  1.21
-5.08  1.26
-5.07  1.24
-5.06  1.2
-5.05  1.29
-5.04  1.29
-5.03  1.3
-5.02  1.33
-5.01  1.43
-5  1.39
-4.99  1.41
-4.98  1.43
-4.97  1.42
-4.96  1.54
-4.95  1.55
-4.94  1.54
-4.93  1.58
-4.92  1.59
-4.91  1.66
-4.9  1.68
-4.89  1.69
-4.88  1.71
-4.87  1.62
-4.86  1.8
-4.85  1.73
-4.84  1.79
-4.83  1.76
-4.82  1.7
-4.81  1.74
-4.8  1.73
-4.79  1.79
-4.78  1.74
-4.77  1.62
-4.76  1.64
-4.75  1.66
-4.74  1.64
-4.73  1.55
-4.72  1.59
-4.71  1.57
-4.7  1.52
-4.69  1.53
-4.68  1.41
-4.67  1.5
-4.66  1.44
-4.65  1.39
-4.64  1.39
-4.63  1.26
-4.62  1.35
-4.61  1.32
-4.6  1.28
-4.59  1.32
-4.58  1.17
-4.57  1.28
-4.56  1.24
-4.55  1.23
-4.54  1.2
-4.53  1.14
-4.52  1.22
-4.51  1.22
-4.5  1.13
-4.49  1.15
-4.48  1.23
-4.47  1.17
-4.46  1.19
-4.45  1.18
-4.44  1.14
-4.43  1.19
-4.42  1.22
-4.41  1.19
-4.4  1.21
-4.39  1.17
-4.38  1.28
-4.37  1.29
-4.36  1.26
-4.35  1.33
-4.34  1.33
-4.33  1.34
-4.32  1.33
-4.31  1.41
-4.3  1.37
-4.29  1.35
-4.28  1.5
-4.27  1.44
-4.26  1.51
-4.25  1.49
-4.24  1.58
-4.23  1.53
-4.22  1.61
-4.21  1.57
-4.2  1.65
-4.19  1.58
-4.18  1.6
-4.17  1.72
-4.16  1.65
-4.15  1.72
-4.14  1.68
-4.13  1.72
-4.12  1.69
-4.11  1.74
-4.1  1.71
-4.09  1.72
-4.08  1.57
-4.07  1.67
-4.06  1.64
-4.05  1.6
-4.04  1.58
-4.03  1.6
-4.02  1.57
-4.01  1.53
-4  1.52
-3.99  1.53
-3.98  1.41
-3.97  1.47
-3.96  1.39
-3.95  1.4
-3.94  1.41
-3.93  1.43
-3.92  1.33
-3.91  1.32
-3.9  1.32
-3.89  1.3
-3.88  1.22
-3.87  1.3
-3.86  1.25
-3.85  1.26
-3.84  1.21
-3.83  1.28
-3.82  1.22
-3.81  1.18
-3.8  1.25
-3.79  1.2
-3.78  1.22
-3.77  1.12
-3.76  1.25
-3.75  1.21
-3.74  1.25
-3.73  1.2
-3.72  1.24
-3.71  1.25
-3.7  1.2
-3.69  1.28
-3.68  1.31
-3.67  1.25
-3.66  1.3
-3.65  1.3
-3.64  1.31
-3.63  1.36
-3.62  1.35
-3.61  1.4
-3.6  1.41
-3.59  1.45
-3.58  1.37
-3.57  1.44
-3.56  1.49
-3.55  1.49
-3.54  1.5
-3.53  1.53
-3.52  1.55
-3.51  1.68
-3.5  1.59
-3.49  1.55
-3.48  1.63
-3.47  1.6
-3.46  1.61
-3.45  1.62
-3.44  1.62
-3.43  1.78
-3.42  1.6
-3.41  1.64
-3.4  1.64
-3.39  1.66
-3.38  1.63
-3.37  1.66
-3.36  1.59
-3.35  1.62
-3.34  1.56
-3.33  1.57
-3.32  1.53
-3.31  1.51
-3.3  1.5
-3.29  1.51
-3.28  1.46
-3.27  1.47
-3.26  1.45
-3.25  1.34
-3.24  1.42
-3.23  1.39
-3.22  1.41
-3.21  1.32
-3.2  1.26
-3.19  1.36
-3.18  1.33
-3.17  1.27
-3.16  1.3
-3.15  1.27
-3.14  1.25
-3.13  1.28
-3.12  1.27
-3.11  1.21
-3.1  1.3
-3.09  1.22
-3.08  1.26
-3.07  1.21
-3.06  1.25
-3.05  1.21
-3.04  1.21
-3.03  1.23
-3.02  1.29
-3.01  1.3
-3  1.25
-2.99  1.27
-2.98  1.27
-2.97  1.28
-2.96  1.32
-2.95  1.33
-2.94  1.39
-2.93  1.29
-2.92  1.41
-2.91  1.39
-2.9  1.34
-2.89  1.51
-2.88  1.4
-2.87  1.48
-2.86  1.39
-2.85  1.48
-2.84  1.56
-2.83  1.46
-2.82  1.59
-2.81  1.49
-2.8  1.61
-2.79  1.51
-2.78  1.56
-2.77  1.7
-2.76  1.54
-2.75  1.64
-2.74  1.57
-2.73  1.67
-2.72  1.58
-2.71  1.59
-2.7  1.65
-2.69  1.56
-2.68  1.66
-2.67  1.57
-2.66  1.64
-2.65  1.5
-2.64  1.59
-2.63  1.57
-2.62  1.51
-2.61  1.59
-2.6  1.42
-2.59  1.51
-2.58  1.41
-2.57  1.45
-2.56  1.53
-2.55  1.4
-2.54  1.39
-2.53  1.36
-2.52  1.44
-2.51  1.32
-2.5  1.36
-2.49  1.31
-2.48  1.3
-2.47  1.32
-2.46  1.31
-2.45  1.38
-2.44  1.26
-2.43  1.2
-2.42  1.33
-2.41  1.22
-2.4  1.37
-2.39  1.17
-2.38  1.26
-2.37  1.33
-2.36  1.23
-2.35  1.29
-2.34  1.23
-2.33  1.27
-2.32  1.29
-2.31  1.3
-2.3  1.27
-2.29  1.26
-2.28  1.33
-2.27  1.31
-2.26  1.33
-2.25  1.34
-2.24  1.33
-2.23  1.28
-2.22  1.39
-2.21  1.42
-2.2  1.46
-2.19  1.43
-2.18  1.43
-2.17  1.41
-2.16  1.45
-2.15  1.51
-2.14  1.46
-2.13  1.59
-2.12  1.4
-2.11  1.49
-2.1  1.64
-2.09  1.55
-2.08  1.58
-2.07  1.48
-2.06  1.55
-2.05  1.67
-2.04  1.57
-2.03  1.64
-2.02  1.49
-2.01  1.57
-2  1.64
-1.99  1.56
-1.98  1.58
-1.97  1.62
-1.96  1.41
-1.95  1.59
-1.94  1.53
-1.93  1.64
-1.92  1.52
-1.91  1.48
-1.9  1.51
-1.89  1.49
-1.88  1.48
-1.87  1.48
-1.86  1.38
-1.85  1.42
-1.84  1.44
-1.83  1.33
-1.82  1.42
-1.81  1.42
-1.8  1.31
-1.79  1.35
-1.78  1.34
-1.77  1.31
-1.76  1.37
-1.75  1.27
-1.74  1.38
-1.73  1.28
-1.72  1.28
-1.71  1.26
-1.7  1.28
-1.69  1.33
-1.68  1.28
-1.67  1.29
-1.66  1.32
-1.65  1.29
-1.64  1.27
-1.63  1.26
-1.62  1.3
-1.61  1.3
-1.6  1.23
-1.59  1.34
-1.58  1.41
-1.57  1.34
-1.56  1.28
-1.55  1.33
-1.54  1.34
-1.53  1.38
-1.52  1.39
-1.51  1.35
-1.5  1.5
-1.49  1.39
-1.48  1.38
-1.47  1.42
-1.46  1.48
-1.45  1.46
-1.44  1.43
-1.43  1.5
-1.42  1.62
-1.41  1.51
-1.4  1.43
-1.39  1.56
-1.38  1.55
-1.37  1.51
-1.36  1.54
-1.35  1.66
-1.34  1.54
-1.33  1.49
-1.32  1.54
-1.31  1.6
-1.3  1.55
-1.29  1.55
-1.28  1.52
-1.27  1.64
-1.26  1.5
-1.25  1.55
-1.24  1.43
-1.23  1.63
-1.22  1.46
-1.21  1.45
-1.2  1.51
-1.19  1.5
-1.18  1.46
-1.17  1.46
-1.16  1.37
-1.15  1.49
-1.14  1.45
-1.13  1.38
-1.12  1.4
-1.11  1.44
-1.1  1.31
-1.09  1.39
-1.08  1.38
-1.07  1.27
-1.06  1.35
-1.05  1.33
-1.04  1.32
-1.03  1.35
-1.02  1.28
-1.01  1.32
-1  1.31
-0.99  1.3
-0.98  1.27
-0.97  1.33
-0.96  1.34
-0.95  1.28
-0.94  1.3
-0.93  1.33
-0.92  1.38
-0.91  1.22
-0.9  1.36
-0.89  1.34
-0.88  1.37
-0.87  1.3
-0.86  1.36
-0.85  1.35
-0.84  1.36
-0.83  1.32
-0.82  1.37
-0.81  1.41
-0.8  1.43
-0.79  1.39
-0.78  1.43
-0.77  1.48
-0.76  1.48
-0.75  1.37
-0.74  1.45
-0.73  1.48
-0.72  1.5
-0.71  1.49
-0.7  1.5
-0.69  1.51
-0.68  1.6
-0.67  1.53
-0.66  1.5
-0.65  1.51
-0.64  1.56
-0.63  1.58
-0.62  1.46
-0.61  1.57
-0.6  1.56
-0.59  1.56
-0.58  1.47
-0.57  1.52
-0.56  1.52
-0.55  1.58
-0.54  1.47
-0.53  1.49
-0.52  1.54
-0.51  1.51
-0.5  1.34
-0.49  1.56
-0.48  1.48
-0.47  1.4
-0.46  1.42
-0.45  1.44
-0.44  1.48
-0.43  1.44
-0.42  1.33
-0.41  1.4
-0.4  1.45
-0.39  1.38
-0.38  1.34
-0.37  1.37
-0.36  1.36
-0.35  1.31
-0.34  1.32
-0.33  1.34
-0.32  1.32
-0.31  1.4
-0.3  1.26
-0.29  1.35
-0.28  1.3
-0.27  1.3
-0.26  1.36
-0.25  1.3
-0.24  1.31
-0.23  1.37
-0.22  1.27
-0.21  1.35
-0.2  1.38
-0.19  1.3
-0.18  1.42
-0.17  1.26
-0.16  1.34
-0.15  1.43
-0.14  1.37
-0.13  1.34
-0.12  1.39
-0.11  1.48
-0.1  1.32
-0.09  1.35
-0.08  1.52
-0.07  1.37
-0.06  1.45
-0.05  1.52
-0.04  1.48
-0.03  1.42
-0.02  1.46
-0.01  1.47
-2.16197e-11  1.54
0.0001  0
0.0101  1.44
0.0201  1.55
0.0301  1.48
0.0401  1.58
0.0501  1.59
0.0601  1.66
0.0701  1.54
0.0801  1.8
0.0901  1.65
0.1001  1.9
0.1101  1.83
0.1201  2.02
0.1301  1.96
0.1401  2.06
0.1501  2.01
0.1601  2.06
0.1701  2.05
0.1801  2.33
0.1901  2.51
0.2001  2.78
0.2101  2.43
0.2201  2.39
0.2301  2.23
0.2401  2.27
0.2501  2.27
0.2601  2.29
0.2701  2.4
0.2801  2.58
0.2901  2.45
0.3001  2.43
0.3101  2.4
0.3201  2.73
0.3301  2.61
0.3401  2.18
0.3501  2.89
0.3601  2.41
0.3701  2.41
0.3801  2.36
0.3901  2.35
0.4001  2.36
0.4101  2.26
0.4201  2.38
0.4301  2.38
0.4401  2.15
0.4501  2.23
0.4601  2.22
0.4701  2.02
0.4801  2.14
0.4901  1.68
0.5001  2.02
0.5101  1.75
0.5201  1.82
0.5301  1.81
0.5401  1.82
0.5501  1.92
0.5601  1.66
0.5701  1.79
0.5801  1.81
0.5901  1.81
0.6001  1.89
0.6101  2
0.6201  1.69
0.6301  1.72
0.6401  1.7
0.6501  1.74
0.6601  1.85
0.6701  2.1
0.6801  1.86
0.6901  1.65
0.7001  1.86
0.7101  1.69
0.7201  1.57
0.7301  1.84
0.7401  1.62
0.7501  2.24
0.7601  1.91
0.7701  1.98
0.7801  1.92
0.7901  2.13
0.8001  2.12
0.8101  2.06
0.8201  2.1
0.8301  2.04
0.8401  2.08
0.8501  2.05
0.8601  2.01
0.8701  2.21
0.8801  2.29
0.8901  2.33
0.9001  2.4
0.9101  2.63
0.9201  2.1
0.9301  2.36
0.9401  2.28
0.9501  2.62
0.9601  2.38
0.9701  2.32
0.9801  2.55
0.9901  2.56
1.0001  2.49
1.0101  2.29
1.0201  2.54
1.0301  2.34
1.0401  2.26
1.0501  2.45
1.0601  2.59
1.0701  2.2
1.0801  2.49
1.0901  2.55
1.1001  2.31
1.1101  2.22
1.1201  2.16
1.1301  1.9
1.1401  2.37
1.1501  2.16
1.1601  1.87
1.1701  2.09
1.1801  2.13
1.1901  2.03
1.2001  2.22
1.2101  2.15
1.2201  2.08
1.2301  2.06
1.2401  1.99
1.2501  2.06
1.2601  1.61
1.2701  2.08
1.2801  1.73
1.2901  1.84
1.3001  1.93
1.3101  1.75
1.3201  1.96
1.3301  1.85
1.3401  1.78
1.3501  1.95
1.3601  2.03
1.3701  1.71
1.3801  1.99
1.3901  2.03
1.4001  2.03
1.4101  1.86
1.4201  2.03
1.4301  2.07
1.4401  2.17
1.4501  2.14
1.4601  2.05
1.4701  1.83
1.4801  2.05
1.4901  1.81
1.5001  2.18
1.5101  2.13
1.5201  2.42
1.5301  2.1
1.5401  1.98
1.5501  2.33
1.5601  2.16
1.5701  2.17
1.5801  2.32
1.5901  2.26
1.6001  2.21
1.6101  2.35
1.6201  2.49
1.6301  2.35
1.6401  2.42
1.6501  2.25
1.6601  2.5
1.6701  2.45
1.6801  2.39
1.6901  2.44
1.7001  2.65
1.7101  2.34
1.7201  2.31
1.7301  2.67
1.7401  2.03
1.7501  2.22
1.7601  2.11
1.7701  2.55
1.7801  2.47
1.7901  2.26
1.8001  2.39
1.8101  2.28
1.8201  2.12
1.8301  2.27
1.8401  2.2
1.8501  2.17
1.8601  2.25
1.8701  2.13
1.8801  1.95
1.8901  2.09
1.9001  2.08
1.9101  2.11
1.9201  1.93
1.9301  2.07
1.9401  1.59
1.9501  2.02
1.9601  1.96
1.9701  2.04
1.9801  1.94
1.9901  1.79
2.0001  1.94
2.0101  1.96
2.0201  2.01
2.0301  2.05
2.0401  2.07
2.0501  2.04
2.0601  1.91
2.0701  1.96
2.0801  2.12
2.0901  1.89
2.1001  2.07
2.1101  2.03
2.1201  2.16
2.1301  2.12
2.1401  2.05
2.1501  2.04
2.1601  1.8
2.1701  2.08
2.1801  2.21
2.1901  1.97
2.2001  1.98
2.2101  2.24
2.2201  2.28
2.2301  1.79
2.2401  2.31
2.2501  2.21
2.2601  2.03
2.2701  2.5
2.2801  2.4
2.2901  2.36
2.3001  2.25
2.3101  2.13
2.3201  2.72
2.3301  2.4
2.3401  2.37
2.3501  2.31
2.3601  2.37
2.3701  2.27
2.3801  2.27
2.3901  2.18
2.4001  2.52
2.4101  2.38
2.4201  2.24
2.4301  2.33
2.4401  2.32
2.4501  2.17
2.4601  2.13
2.4701  2.26
2.4801  2.28
2.4901  1.93
2.5001  2.38
2.5101  2.19
2.5201  2.41
2.5301  2.09
2.5401  2.26
2.5501  2.13
2.5601  2.03
2.5701  2.06
2.5801  1.94
2.5901  2.2
2.6001  2.24
2.6101  1.91
2.6201  2.07
2.6301  2.03
2.6401  1.75
2.6501  1.9
2.6601  1.98
2.6701  2.3
2.6801  1.87
2.6901  1.76
2.7001  2.28
2.7101  2.07
2.7201  1.88
2.7301  2.02
2.7401  1.9
2.7501  1.78
2.7601  1.91
2.7701  2.24
2.7801  2.1
2.7901  1.8
2.8001  2.25
2.8101  1.91
2.8201  2.25
2.8301  1.98
2.8401  2.24
2.8501  2.19
2.8601  2
2.8701  2.09
2.8801  1.95
2.8901  2.23
2.9001  2.26
2.9101  2.24
2.9201  2.24
2.9301  2.13
2.9401  2.21
2.9501  2.4
2.9601  2.77
2.9701  2.13
2.9801  1.94
2.9901  2.18
3.0001  2.3
3.0101  2.08
3.0201  2.27
3.0301  2.62
3.0401  2.3
3.0501  2.36
3.0601  2.19
3.0701  2.42
3.0801  2.28
3.0901  2.12
3.1001  2.71
3.1101  2.32
3.1201  2.61
3.1301  2.08
3.1401  2.02
3.1501  2.15
3.1601  2.36
3.1701  2.12
3.1801  2.13
3.1901  2.13
3.2001  2.24
3.2101  2.14
3.2201  2.18
3.2301  2.16
3.2401  1.91
3.2501  1.96
3.2601  2.07
3.2701  1.95
3.2801  2.05
3.2901  2.04
3.3001  2.28
3.3101  2.16
3.3201  1.9
3.3301  2.01
3.3401  2.13
3.3501  2.21
3.3601  2.13
3.3701  1.91
3.3801  2.08
3.3901  1.99
3.4001  1.97
3.4101  2.35
3.4201  2.24
3.4301  2.11
3.4401  2.08
3.4501  2.09
3.4601  2.16
3.4701  1.87
3.4801  1.84
3.4901  2.04
3.5001  1.89
3.5101  2.31
3.5201  2.3
3.5301  2.3
3.5401  2.17
3.5501  2.15
3.5601  2.36
3.5701  2.16
3.5801  2.25
3.5901  2.08
3.6001  2.29
3.6101  2.21
3.6201  2.33
3.6301  2.13
3.6401  2.19
3.6501  2.19
3.6601  2.12
3.6701  2.22
3.6801  2.1
3.6901  2
3.7001  2.39
3.7101  2.14
3.7201  2.67
3.7301  2.24
3.7401  2.36
3.7501  2.24
3.7601  2.1
3.7701  2.19
3.7801  2.3
3.7901  2.3
3.8001  2.44
3.8101  1.93
3.8201  2.17
3.8301  2.16
3.8401  2.21
3.8501  2.24
3.8601  2.37
3.8701  2.02
3.8801  2.19
3.8901  2.13
3.9001  1.95
3.9101  2.32
3.9201  2.31
3.9301  2.07
3.9401  1.88
3.9501  2.12
3.9601  2.42
3.9701  2.35
3.9801  2.13
3.9901  1.94
4.0001  1.99
4.0101  1.86
4.0201  2.05
4.0301  2.08
4.0401  2.07
4.0501  2.09
4.0601  2.07
4.0701  2.12
4.0801  2.31
4.0901  2.13
4.1001  2.11
4.1101  2.02
4.1201  2.07
4.1301  1.88
4.1401  1.87
4.1501  2.25
4.1601  2.22
4.1701  2.01
4.1801  2.31
4.1901  2.25
4.2001  2.04
4.2101  2.03
4.2201  2
4.2301  2.13
4.2401  2.24
4.2501  2.04
4.2601  2.18
4.2701  1.81
4.2801  2.16
4.2901  2.28
4.3001  2.54
4.3101  2.39
4.3201  2.25
4.3301  2.25
4.3401  2.37
4.3501  2.17
4.3601  2.46
4.3701  2.36
4.3801  2.16
4.3901  2.03
4.4001  2.12
4.4101  2.37
4.4201  2.04
4.4301  2.28
4.4401  2.32
4.4501  2.29
4.4601  1.86
4.4701  2.3
4.4801  2.29
4.4901  2.12
4.5001  2.29
4.5101  2.35
4.5201  2.15
4.5301  2.04
4.5401  2.3
4.5501  2.45
4.5601  2.27
4.5701  2.21
4.5801  2
4.5901  2.16
4.6001  2.28
4.6101  2.26
4.6201  2.1
4.6301  2.29
4.6401  1.98
4.6501  1.96
4.6601  1.86
4.6701  2.25
4.6801  2.07
4.6901  2.03
4.7001  2.16
4.7101  2.04
4.7201  1.95
4.7301  1.88
4.7401  2.22
4.7501  2.24
4.7601  2.12
4.7701  2.13
4.7801  1.98
4.7901  2.27
4.8001  1.93
4.8101  2.15
4.8201  2.15
4.8301  2.11
4.8401  2.04
4.8501  2.12
4.8601  2.19
4.8701  2.31
4.8801  2.22
4.8901  1.95
4.9001  2.01
4.9101  2.16
4.9201  2.07
4.9301  2.05
4.9401  2.12
4.9501  2.16
4.9601  2.26
4.9701  2.25
4.9801  2.16
4.9901  2.14
5.0001  2.05
5.0101  2.25
5.0201  2.2
5.0301  2.25
5.0401  2.14
5.0501  2.09
5.0601  2.18
5.0701  2.08
5.0801  2.51
5.0901  2.21
5.1001  2.1
5.1101  2.48
5.1201  2.34
5.1301  2.18
5.1401  2.17
5.1501  2.15
5.1601  2.41
5.1701  2.45
5.1801  1.92
5.1901  2.05
5.2001  2.03
5.2101  2.4
5.2201  2.4
5.2301  2.23
5.2401  2.1
5.2501  2.04
5.2601  2.25
5.2701  2.29
5.2801  2.17
5.2901  2.35
5.3001  2.12
5.3101  2.08
5.3201  2.12
5.3301  2.06
5.3401  2.14
5.3501  2.14
5.3601  2.13
5.3701  1.93
5.3801  2.3
5.3901  2.07
5.4001  2.2
5.4101  2.17
5.4201  2.04
5.4301  2.18
5.4401  2.2
5.4501  2.08
5.4601  2.2
5.4701  2
5.4801  2.11
5.4901  2.04
5.5001  2.02
5.5101  2.21
5.5201  2.05
5.5301  2.26
5.5401  2.01
5.5501  1.97
5.5601  2.27
5.5701  2.26
5.5801  2.17
5.5901  2.09
5.6001  2.14
5.6101  2.09
5.6201  2.24
5.6301  2.1
5.6401  2.23
5.6501  2.09
5.6601  2.47
5.6701  2.2
5.6801  2.04
5.6901  1.93
5.7001  2.26
5.7101  2.23
5.7201  2.15
5.7301  2.25
5.7401  2.14
5.7501  2.14
5.7601  2.22
5.7701  2.38
5.7801  2.31
5.7901  2.33
5.8001  2.29
5.8101  2.08
5.8201  2.22
5.8301  2.19
5.8401  2.09
5.8501  2.35
5.8601  2.23
5.8701  2.22
5.8801  2.31
5.8901  2.05
5.9001  2.47
5.9101  2.01
5.9201  2.09
5.9301  2.08
5.9401  2.26
5.9501  2.4
5.9601  2.18
5.9701  1.96
5.9801  2
5.9901  2.08
6.0001  2.18
6.0101  2.22
6.0201  2.14
6.0301  2
6.0401  2.24
6.0501  2
6.0601  2.26
6.0701  2.2
6.0801  1.93
6.0901  2.06
6.1001  2.21
6.1101  2.15
6.1201  2.09
6.1301  2.39
6.1401  2.19
6.1501  2.09
6.1601  2.22
6.1701  2.21
6.1801  2.01
6.1901  2.24
6.2001  2.24
6.2101  2.09
6.2201  1.84
6.2301  2.25
6.2401  2.03
6.2501  2.11
6.2601  1.97
6.2701  2.08
6.2801  2.27
6.2901  2.04
6.3001  2.22
6.3101  2.23
6.3201  1.96
6.3301  2.3
6.3401  2.23
6.3501  2.2
6.3601  2.12
6.3701  2.34
6.3801  2.03
6.3901  2.36
6.4001  2.17
6.4101  2.21
6.4201  1.84
6.4301  2.19
6.4401  2.13
6.4501  2.12
6.4601  2.25
6.4701  2.26
6.4801  2.22
6.4901  2.44
6.5001  2.41
6.5101  2.3
6.5201  2.23
6.5301  2.18
6.5401  2.18
6.5501  2.01
6.5601  2.17
6.5701  2.32
6.5801  2.04
6.5901  2.37
6.6001  2.28
6.6101  1.89
6.6201  2.05
6.6301  1.87
6.6401  2.47
6.6501  2.34
6.6601  2.06
6.6701  2.17
6.6801  2.17
6.6901  2.04
6.7001  1.93
6.7101  2.17
6.7201  2.18
6.7301  2.12
6.7401  2.24
6.7501  2.26
6.7601  2.08
6.7701  2.22
6.7801  2.25
6.7901  2.15
6.8001  2.01
6.8101  1.99
6.8201  1.76
6.8301  2.32
6.8401  1.97
6.8501  2.01
6.8601  2.05
6.8701  2.13
6.8801  2.16
6.8901  2.29
6.9001  2.03
6.9101  2.4
6.9201  2.06
6.9301  2.13
6.9401  2.34
6.9501  2.08
6.9601  2.42
6.9701  2.16
6.9801  2.14
6.9901  2.16
7.0001  2.22
7.0101  2
7.0201  2.16
7.0301  2.22
7.0401  2.53
7.0501  2.06
7.0601  2.16
7.0701  2.24
7.0801  2.24
7.0901  2.06
7.1001  1.75
7.1101  2.32
7.1201  2.28
7.1301  2.09
7.1401  2.39
7.1501  2.05
7.1601  1.95
7.1701  2.35
7.1801  2.39
7.1901  1.95
7.2001  2.39
7.2101  2.22
7.2201  2.03
7.2301  2.01
7.2401  2.23
7.2501  1.72
7.2601  2.1
7.2701  2.37
7.2801  2.42
7.2901  2.4
7.3001  2.02
7.3101  1.89
7.3201  2.05
7.3301  2.12
7.3401  2.3
7.3501  2.12
7.3601  2.3
7.3701  2.21
7.3801  2.03
7.3901  2.14
7.4001  2.13
7.4101  2.26
7.4201  2.3
7.4301  2.28
7.4401  1.89
7.4501  1.95
7.4601  2.09
7.4701  2.41
7.4801  2.18
7.4901  2.07
7.5001  2.01
7.5101  2.31
7.5201  2.43
7.5301  2.32
7.5401  1.99
7.5501  1.86
7.5601  2.2
7.5701  2.11
7.5801  2.15
7.5901  2.22
7.6001  2.02
7.6101  2.35
7.6201  2.17
7.6301  1.96
7.6401  2.13
7.6501  2.12
7.6601  2.15
7.6701  1.95
7.6801  2.09
7.6901  2.14
7.7001  2.18
7.7101  2.02
7.7201  2.27
7.7301  2.21
7.7401  2.22
7.7501  2.29
7.7601  2.4
7.7701  2.14
7.7801  2.03
7.7901  2.21
7.8001  2.21
7.8101  2.19
7.8201  2.16
7.8301  2.13
7.8401  2.35
7.8501  2.07
7.8601  2.02
7.8701  2.24
7.8801  2.14
7.8901  1.93
7.9001  2.38
7.9101  2.38
7.9201  2.11
7.9301  2.33
7.9401  2.17
7.9501  2.26
7.9601  2.38
7.9701  2.16
7.9801  2.16
7.9901  2.01
8.0001  2.16
8.0101  2.35
8.0201  2.12
8.0301  2.02
8.0401  2.05
8.0501  1.97
8.0601  2.41
8.0701  2.24
8.0801  2.28
8.0901  1.84
8.1001  2.01
8.1101  2.16
8.1201  2.05
8.1301  1.98
8.1401  2.37
8.1501  1.96
8.1601  2.1
8.1701  2.24
8.1801  2.04
8.1901  2.29
8.2001  2.45
8.2101  2.24
8.2201  1.98
8.2301  2.03
8.2401  2.12
8.2501  2.03
8.2601  1.98
8.2701  2.15
8.2801  1.94
8.2901  2.12
8.3001  2.28
8.3101  2.22
8.3201  2.35
8.3301  2.2
8.3401  2.28
8.3501  2.32
8.3601  2.2
8.3701  2.28
8.3801  2.07
8.3901  2.1
8.4001  2.23
8.4101  2.02
8.4201  1.91
8.4301  2.24
8.4401  2.45
8.4501  2.1
8.4601  2.07
8.4701  2.18
8.4801  2.03
8.4901  2.16
8.5001  2.43
8.5101  2.12
8.5201  2.32
8.5301  2.17
8.5401  2.25
8.5501  1.95
8.5601  2.23
8.5701  1.96
8.5801  2.13
8.5901  2.22
8.6001  2.13
8.6101  2.33
8.6201  2.26
8.6301  2.27
8.6401  2.09
8.6501  1.96
8.6601  2.52
8.6701  2.08
8.6801  1.99
8.6901  1.97
8.7001  1.96
8.7101  2.07
8.7201  2.23
8.7301  2.35
8.7401  2.25
8.7501  2.08
8.7601  2.26
8.7701  2.16
8.7801  2.07
8.7901  2.11
8.8001  2.19
8.8101  2.43
8.8201  2.03
8.8301  2.02
8.8401  2.16
8.8501  2.09
8.8601  2.34
8.8701  2.03
8.8801  2.37
8.8901  1.97
8.9001  1.98
8.9101  1.64
8.9201  2.47
8.9301  2.14
8.9401  2.5
8.9501  2.11
8.9601  1.97
8.9701  2.01
8.9801  2.22
8.9901  2.42
9.0001  2.12
9.0101  2.02
9.0201  2.11
9.0301  2.29
9.0401  2.19
9.0501  2.09
9.0601  2.09
9.0701  2.3
9.0801  2.28
9.0901  2.41
9.1001  2.14
9.1101  2.12
9.1201  2.05
9.1301  2.29
9.1401  2.17
9.1501  2.14
9.1601  2.42
9.1701  2.51
9.1801  2.06
9.1901  2
9.2001  2.13
9.2101  2.09
9.2201  2.06
9.2301  2.19
9.2401  2.11
9.2501  2.07
9.2601  2.08
9.2701  2.08
9.2801  2.27
9.2901  2.04
9.3001  2.2
9.3101  2.11
9.3201  2.12
9.3301  2.25
9.3401  2.24
9.3501  2.25
9.3601  1.85
9.3701  2.18
9.3801  2.01
9.3901  2.57
9.4001  2.21
9.4101  2.21
9.4201  2.2
9.4301  2.01
9.4401  2.09
9.4501  2.13
9.4601  2.16
9.4701  2.1
9.4801  2.21
9.4901  2.1
9.5001  2.16
9.5101  1.92
9.5201  2.34
9.5301  2.5
9.5401  2.41
9.5501  2.02
9.5601  2.02
9.5701  1.96
9.5801  2.3
9.5901  2.11
9.6001  2.13
9.6101  2.21
9.6201  2.17
9.6301  2.2
9.6401  2.21
9.6501  2.2
9.6601  2.38
9.6701  2.17
9.6801  2.19
9.6901  2.14
9.7001  1.9
9.7101  1.95
9.7201  1.93
9.7301  2.05
9.7401  1.88
9.7501  2.35
9.7601  2.25
9.7701  2.19
9.7801  2.17
9.7901  2.26
9.8001  2.21
9.8101  2.1
9.8201  2.11
9.8301  2.04
9.8401  2
9.8501  2.25
9.8601  2.1
9.8701  2.27
9.8801  2.18
9.8901  2.22
9.9001  2.23
9.9101  2.25
9.9201  2.34
9.9301  2.39
9.9401  2.05
9.9501  2.1
9.9601  2.25
9.9701  2.3
9.9801  2.24
9.9901  2.11
10.0001  2.15
10.0101  2.39
10.0201  1.92
10.0301  1.93
10.0401  2.32
10.0501  2.07
10.0601  2.2
10.0701  1.96
10.0801  2.16
10.0901  2.24
10.1001  1.96
10.1101  1.92
10.1201  2.57
10.1301  1.92
10.1401  2.33
10.1501  1.98
10.1601  2.08
10.1701  2.03
10.1801  2.26
10.1901  2.09
10.2001  2.14
10.2101  1.99
10.2201  1.93
10.2301  2.17
10.2401  2.27
10.2501  2.03
10.2601  2.2
10.2701  2.14
10.2801  1.92
10.2901  2.19
10.3001  2.07
10.3101  2.24
10.3201  2.31
10.3301  2.31
10.3401  2.04
10.3501  2.21
10.3601  2.27
10.3701  2.19
10.3801  2.22
10.3901  2.07
10.4001  2.39
10.4101  2.09
10.4201  2.28
10.4301  1.95
10.4401  2.28
10.4501  2.19
10.4601  2.22
10.4701  2.06
10.4801  2.14
10.4901  2.26
10.5001  2.03
10.5101  2.34
10.5201  1.93
10.5301  2.16
10.5401  2.35
10.5501  2.06
10.5601  2.16
10.5701  2.2
10.5801  2.52
10.5901  2.06
10.6001  2.3
10.6101  2
10.6201  2.16
10.6301  2.31
10.6401  2.08
10.6501  2.25
10.6601  1.95
10.6701  2.03
10.6801  2.14
10.6901  2.02
10.7001  2.07
10.7101  1.86
10.7201  2.08
10.7301  2.09
10.7401  2.32
10.7501  2.23
10.7601  2.13
10.7701  2.27
10.7801  2
10.7901  2.09
10.8001  1.98
10.8101  2.19
10.8201  2.17
10.8301  2.22
10.8401  2.32
10.8501  2.15
10.8601  2.29
10.8701  2.19
10.8801  2.24
10.8901  2.04
10.9001  2.11
10.9101  1.96
10.9201  2.14
10.9301  2.25
10.9401  2.25
10.9501  2.13
10.9601  2.07
10.9701  2.05
10.9801  2.09
10.9901  2.11
11.0001  2.23
11.0101  2.44
11.0201  2.08
11.0301  2.08
11.0401  2.29
11.0501  2.01
11.0601  2.03
11.0701  2.15
11.0801  2.2
11.0901  2.31
11.1001  2.09
11.1101  2.04
11.1201  2.4
11.1301  2.06
11.1401  2.21
11.1501  2.05
11.1601  2.25
11.1701  2.26
11.1801  2.23
11.1901  2.32
11.2001  1.95
11.2101  1.91
11.2201  2.27
11.2301  2.05
11.2401  2.32
11.2501  2.39
11.2601  2.16
11.2701  2.19
11.2801  2.21
11.2901  2.13
11.3001  2.15
11.3101  1.96
11.3201  2.11
11.3301  2.41
11.3401  2.09
11.3501  2.06
11.3601  1.88
11.3701  2.15
11.3801  2.39
11.3901  2.08
11.4001  2.1
11.4101  2.38
11.4201  2.45
11.4301  2.3
11.4401  2.09
11.4501  2.01
11.4601  2.21
11.4701  2.24
11.4801  1.95
11.4901  1.97
11.5001  2.12
11.5101  2.04
11.5201  2.05
11.5301  2.18
11.5401  1.98
11.5501  2.08
11.5601  2.31
11.5701  2.22
11.5801  2.27
11.5901  2.03
11.6001  1.9
11.6101  1.96
11.6201  2.15
11.6301  2.51
11.6401  2.1
11.6501  2.01
11.6601  2.16
11.6701  2.07
11.6801  2.21
11.6901  2.03
11.7001  2.07
11.7101  2.48
11.7201  1.99
11.7301  2.13
11.7401  2.44
11.7501  2.15
11.7601  2.32
11.7701  2.35
11.7801  2.3
11.7901  2.26
11.8001  2.15
11.8101  2.2
11.8201  1.93
11.8301  1.96
11.8401  2.13
11.8501  2.31
11.8601  2.29
11.8701  2.14
11.8801  2.16
11.8901  2.05
11.9001  2.38
11.9101  2.1
11.9201  2.01
11.9301  2.13
11.9401  2.14
11.9501  2.21
11.9601  2.07
11.9701  2.24
11.9801  2.11
11.9901  2.18
12.0001  2.23
12.0101  2.18
12.0201  2.18
12.0301  1.98
12.0401  2.44
12.0501  1.9
12.0601  2.16
12.0701  1.96
12.0801  1.94
12.0901  1.98
12.1001  2.19
12.1101  2.54
12.1201  2.13
12.1301  2.3
12.1401  2.1
12.1501  2.16
12.1601  2.25
12.1701  2.16
12.1801  2.03
12.1901  1.98
12.2001  2.2
12.2101  2.24
12.2201  2.29
12.2301  2.27
12.2401  2.13
12.2501  1.99
12.2601  2
12.2701  2.18
12.2801  2.29
12.2901  1.91
12.3001  2.32
12.3101  2.17
12.3201  2.24
12.3301  2.08
12.3401  2.17
12.3501  2.22
12.3601  2.08
12.3701  2.11
12.3801  2.21
12.3901  1.98
12.4001  2.39
12.4101  2.12
12.4201  1.94
12.4301  2.15
12.4401  2.46
12.4501  1.96
12.4601  2.32
12.4701  2.21
12.4801  2.08
12.4901  1.99
12.5001  2.16
12.5101  2.12
12.5201  1.75
12.5301  2.08
12.5401  2.25
12.5501  2.22
12.5601  2.3
12.5701  2.23
12.5801  2.39
12.5901  2.34
12.6001  1.96
12.6101  2.53
12.6201  2.27
12.6301  2.12
12.6401  2.29
12.6501  2.14
12.6601  2.16
12.6701  2.1
12.6801  2.19
12.6901  2.18
12.7001  2.1
12.7101  1.88
12.7201  2.37
12.7301  2.1
12.7401  2.37
12.7501  2.2
12.7601  2.19
12.7701  2.3
12.7801  2.33
12.7901  1.96
12.8001  1.99
12.8101  2.28
12.8201  2.09
12.8301  2.36
12.8401  2.17
12.8501  2.3
12.8601  2.19
12.8701  2.29
12.8801  2.12
12.8901  1.97
12.9001  2.03
12.9101  1.97
12.9201  1.95
12.9301  2.28
12.9401  2.11
12.9501  2.01
12.9601  2.11
12.9701  2.16
12.9801  1.98
12.9901  2.07
13.0001  2.45
13.0101  1.88
13.0201  1.95
13.0301  2.1
13.0401  2.18
13.0501  2.23
13.0601  2.03
13.0701  2.02
13.0801  2.27
13.0901  2.18
13.1001  2.16
13.1101  2.19
13.1201  2.23
13.1301  2.01
13.1401  2.08
13.1501  2.17
13.1601  2.16
13.1701  2.35
13.1801  2.44
13.1901  2.12
13.2001  2.17
13.2101  2
13.2201  2.41
13.2301  2.24
13.2401  2.4
13.2501  2.09
13.2601  2.21
13.2701  2.21
13.2801  2.2
13.2901  2.03
13.3001  2.07
13.3101  2.3
13.3201  2.23
13.3301  2.25
13.3401  2.41
13.3501  2.1
13.3601  2.04
13.3701  2.22
13.3801  2.15
13.3901  2.35
13.4001  2.2
13.4101  2.03
13.4201  2
13.4301  2.28
13.4401  2.21
13.4501  2.03
13.4601  2.01
13.4701  2.26
13.4801  2.1
13.4901  2.29
13.5001  2.09
13.5101  1.97
13.5201  1.99
13.5301  1.98
13.5401  2.09
13.5501  2.09
13.5601  2.03
13.5701  2.16
13.5801  2.29
13.5901  1.88
13.6001  2.15
13.6101  2.25
13.6201  2.18
13.6301  2.17
13.6401  1.98
13.6501  2.02
13.6601  1.94
13.6701  2.25
13.6801  1.9
13.6901  2.17
13.7001  2.17
13.7101  2.18
13.7201  2.18
13.7301  2.11
13.7401  1.87
13.7501  2.18
13.7601  2.05
13.7701  2.23
13.7801  2.32
13.7901  2.36
13.8001  2.17
13.8101  2.19
13.8201  2.16
13.8301  2.17
13.8401  2.29
13.8501  2.16
13.8601  2.25
13.8701  2.09
13.8801  2.1
13.8901  2.24
13.9001  1.95
13.9101  2.26
13.9201  2.34
13.9301  2.28
13.9401  2.12
13.9501  2.24
13.9601  2.24
13.9701  2.32
13.9801  2.24
13.9901  2.15
14.0001  2.12
14.0101  2.16
14.0201  2.32
14.0301  2.22
14.0401  2.33
14.0501  2.31
14.0601  2.21
14.0701  1.96
14.0801  2.05
14.0901  2.11
14.1001  2.1
14.1101  2.3
14.1201  2.04
14.1301  2.06
14.1401  1.96
14.1501  2.12
14.1601  2.25
14.1701  2.01
14.1801  2.33
14.1901  1.93
14.2001  2.01
14.2101  2.11
14.2201  1.89
14.2301  2.33
14.2401  2.16
14.2501  2.22
14.2601  2.12
14.2701  1.9
14.2801  2.04
14.2901  1.93
14.3001  2.1
14.3101  2.15
14.3201  2.21
14.3301  2.1
14.3401  2.3
14.3501  2.13
14.3601  2.34
14.3701  2.13
14.3801  2.03
14.3901  2.14
14.4001  2.21
14.4101  2.14
14.4201  1.9
14.4301  2.34
14.4401  2.27
14.4501  2.24
14.4601  2.02
14.4701  2.37
14.4801  2.17
14.4901  2.14
14.5001  2.41
14.5101  2.17
14.5201  2.26
14.5301  2.24
14.5401  2.3
14.5501  2.15
14.5601  2.11
14.5701  2.2
14.5801  2.23
14.5901  2.08
14.6001  2.21
14.6101  2.26
14.6201  2.21
14.6301  2.17
14.6401  2.08
14.6501  2.3
14.6601  1.87
14.6701  2.07
14.6801  2.32
14.6901  2.06
14.7001  2.38
14.7101  2.05
14.7201  1.95
14.7301  2.17
14.7401  2.29
14.7501  2.36
14.7601  2.15
14.7701  1.88
14.7801  1.9
14.7901  2.33
14.8001  2.06
14.8101  2.1
14.8201  2.07
14.8301  2.36
14.8401  2.15
14.8501  2.04
14.8601  2.04
14.8701  2.01
14.8801  2.2
14.8901  2.22
14.9001  2.36
14.9101  2.13
14.9201  2.03
14.9301  2.29
14.9401  2.02
14.9501  1.98
14.9601  2.19
14.9701  2.15
14.9801  2.27
14.9901  2.23
15.0001  2.06
15.0101  2.24
15.0201  2.21
15.0301  2.06
15.0401  2.08
15.0501  2.15
15.0601  1.97
15.0701  2.13
15.0801  2.39
15.0901  2.38
15.1001  2.05
15.1101  2.13
15.1201  2.1
15.1301  1.95
15.1401  2.11
15.1501  2.5
15.1601  2.18
15.1701  2.15
15.1801  2.16
15.1901  2.36
15.2001  2.16
15.2101  1.98
15.2201  2.13
15.2301  2.1
15.2401  2.41
15.2501  2.39
15.2601  2.14
15.2701  2.12
15.2801  2.35
15.2901  2.27
15.3001  2.12
15.3101  2.31
15.3201  2.03
15.3301  2.01
15.3401  2.24
15.3501  2.14
15.3601  2.03
15.3701  2.32
15.3801  2.33
15.3901  2.08
15.4001  1.98
15.4101  2.34
15.4201  2.05
15.4301  2.05
15.4401  2.19
15.4501  2
15.4601  2.23
15.4701  2.36
15.4801  2.34
15.4901  2.06
15.5001  2.18
15.5101  1.8
15.5201  2.13
15.5301  2.11
15.5401  2.07
15.5501  2.36
15.5601  2.07
15.5701  1.79
15.5801  2.25
15.5901  2.33
15.6001  2.08
15.6101  2.24
15.6201  2.08
15.6301  2.36
15.6401  2.14
15.6501  2.18
15.6601  1.86
15.6701  1.97
15.6801  1.86
15.6901  2.45
15.7001  2.3
15.7101  2.19
15.7201  2.36
15.7301  2.25
15.7401  2.27
15.7501  2.35
15.7601  2.13
15.7701  2.31
15.7801  2.08
15.7901  1.7
15.8001  2.19
15.8101  2.29
15.8201  2.27
15.8301  1.93
15.8401  2.1
15.8501  2.08
15.8601  2.19
15.8701  2.37
15.8801  2.09
15.8901  2.31
15.9001  2.21
15.9101  2.32
15.9201  1.95
15.9301  2.23
15.9401  2.48
15.9501  2.05
15.9601  2.27
15.9701  2.37
15.9801  2.1
15.9901  2.05
16.0001  2.04
16.0101  2.31
16.0201  2.36
16.0301  2.09
16.0401  2.1
16.0501  2.27
16.0601  1.9
16.0701  2.22
16.0801  2.4
16.0901  1.91
16.1001  1.95
16.1101  2.26
16.1201  1.98
16.1301  2.18
16.1401  2.21
16.1501  2.1
16.1601  2.29
16.1701  2.25
16.1801  2.14
16.1901  1.91
16.2001  2.2
16.2101  2.35
16.2201  2.03
16.2301  2.04
16.2401  2.28
16.2501  2.08
16.2601  2.03
16.2701  2.08
16.2801  2.07
16.2901  2
16.3001  2.37
16.3101  2.38
16.3201  2.04
16.3301  2.11
16.3401  1.89
16.3501  2.35
16.3601  2.05
16.3701  2.39
16.3801  2.01
16.3901  2.32
16.4001  2.46
16.4101  2.14
16.4201  1.96
16.4301  1.99
16.4401  2.19
16.4501  2.23
16.4601  2.1
16.4701  2.15
16.4801  2.18
16.4901  2.15
16.5001  2.31
16.5101  2.2
16.5201  2.16
16.5301  2.13
16.5401  2.21
16.5501  2.34
16.5601  2.04
16.5701  2.16
16.5801  2.3
16.5901  2.01
16.6001  2
16.6101  2.23
16.6201  2.35
16.6301  2.42
16.6401  1.95
16.6501  1.96
16.6601  2.12
16.6701  2.27
16.6801  2.09
16.6901  2.01
16.7001  2.26
16.7101  1.96
16.7201  2.25
16.7301  2.28
16.7401  2.11
16.7501  2.15
16.7601  2.18
16.7701  2.16
16.7801  2.28
16.7901  2.42
16.8001  1.89
16.8101  2.4
16.8201  2.2
16.8301  2.25
16.8401  2.26
16.8501  1.98
16.8601  2.03
16.8701  2.15
16.8801  2.39
16.8901  2.25
16.9001  2.1
16.9101  2.18
16.9201  2.05
16.9301  2.01
16.9401  2.3
16.9501  1.81
16.9601  2.37
16.9701  2.03
16.9801  2.27
16.9901  2.15
17.0001  2.5
17.0101  2
17.0201  2.06
17.0301  2.32
17.0401  2.09
17.0501  2.27
17.0601  2.14
17.0701  2.05
17.0801  1.94
17.0901  2.12
17.1001  2.19
17.1101  1.95
17.1201  2.3
17.1301  2.1
17.1401  2.09
17.1501  2.26
17.1601  2.11
17.1701  2.36
17.1801  2.22
17.1901  2.19
17.2001  2.19
17.2101  2.2
17.2201  2.12
17.2301  2.17
17.2401  2.15
17.2501  2.14
17.2601  2.11
17.2701  2.15
17.2801  2.13
17.2901  1.97
17.3001  2.43
17.3101  2.33
17.3201  2.25
17.3301  2.38
17.3401  1.94
17.3501  2.31
17.3601  2.09
17.3701  2.14
17.3801  2.03
17.3901  2
17.4001  2.25
17.4101  2.27
17.4201  2.13
17.4301  2.12
17.4401  2.15
17.4501  2.15
17.4601  2.33
17.4701  1.97
17.4801  2.06
17.4901  2.45
17.5001  2.04
17.5101  2.12
17.5201  2.23
17.5301  2.1
17.5401  2.07
17.5501  2.14
17.5601  2.46
17.5701  2
17.5801  2.08
17.5901  1.83
17.6001  2.02
17.6101  2.26
17.6201  2.02
17.6301  2.11
17.6401  2.38
17.6501  2.03
17.6601  2.07
17.6701  2.22
17.6801  2.28
17.6901  2.13
17.7001  2.16
17.7101  2.26
17.7201  2.09
17.7301  2.03
17.7401  2.21
17.7501  2.02
17.7601  2.24
17.7701  2.22
17.7801  2.15
17.7901  2.22
17.8001  2.24
17.8101  2.17
17.8201  1.98
17.8301  2.11
17.8401  2.32
17.8501  2.18
17.8601  2.24
17.8701  2.22
17.8801  2.1
17.8901  2.18
17.9001  2.51
17.9101  2.13
17.9201  2.11
17.9301  2.15
17.9401  2.09
17.9501  2.14
17.9601  2.28
17.9701  2.15
17.9801  2.28
17.9901  2.22
18.0001  2.42
18.0101  2.01
18.0201  2.08
18.0301  1.93
18.0401  2.36
18.0501  2.18
18.0601  2.22
18.0701  2.06
18.0801  2.01
18.0901  2.41
18.1001  2.15
18.1101  1.85
18.1201  2.36
18.1301  2.05
18.1401  1.95
18.1501  2.17
18.1601  2.21
18.1701  1.89
18.1801  2.28
18.1901  2.13
18.2001  2.11
18.2101  2.29
18.2201  1.88
18.2301  2.3
18.2401  1.9
18.2501  1.92
18.2601  2.08
18.2701  2.07
18.2801  1.85
18.2901  2.18
18.3001  2.22
18.3101  2.44
18.3201  2.25
18.3301  2
18.3401  2.3
18.3501  2.02
18.3601  2.26
18.3701  2.45
18.3801  2.32
18.3901  2.2
18.4001  2.24
18.4101  2.03
18.4201  2.09
18.4301  2.26
18.4401  2.2
18.4501  2.05
18.4601  2.33
18.4701  2.07
18.4801  2
18.4901  2.16
18.5001  2.14
18.5101  2.24
18.5201  2.14
18.5301  2.35
18.5401  2.12
18.5501  1.92
18.5601  2.47
18.5701  2.23
18.5801  2.41
18.5901  2.1
18.6001  2.15
18.6101  2.04
18.6201  2.19
18.6301  2.01
18.6401  2.29
18.6501  2.06
18.6601  2.03
18.6701  1.97
18.6801  1.81
18.6901  2.21
18.7001  2.18
18.7101  2.05
18.7201  2.2
18.7301  2.17
18.7401  1.96
18.7501  2.18
18.7601  2.23
18.7701  2.17
18.7801  2.07
18.7901  2.16
18.8001  2.33
18.8101  2.06
18.8201  2.34
18.8301  2.12
18.8401  2.27
18.8501  2.09
18.8601  2.1
18.8701  2.17
18.8801  2.23
18.8901  2.1
18.9001  2.07
18.9101  2.14
18.9201  2.09
18.9301  2.17
18.9401  2.22
18.9501  2.21
18.9601  2.2
18.9701  2.32
18.9801  2.19
18.9901  2.1
19.0001  2.21
19.0101  2.11
19.0201  2.11
19.0301  2.25
19.0401  2.01
19.0501  2.01
19.0601  2
19.0701  2.17
19.0801  2.12
19.0901  2.14
19.1001  2.18
19.1101  2.14
19.1201  2.2
19.1301  2.06
19.1401  2.1
19.1501  2.28
19.1601  2.22
19.1701  2.39
19.1801  1.97
19.1901  2.2
19.2001  2.11
19.2101  2.28
19.2201  1.99
19.2301  2.14
19.2401  2.06
19.2501  2.22
19.2601  2.36
19.2701  1.94
19.2801  2.13
19.2901  2.07
19.3001  2.21
19.3101  2.14
19.3201  2.16
19.3301  2
19.3401  2.23
19.3501  2.11
19.3601  2.14
19.3701  2.2
19.3801  2.34
19.3901  2.22
19.4001  2.27
19.4101  2.06
19.4201  2.22
19.4301  1.97
19.4401  2.24
19.4501  2.21
19.4601  1.99
19.4701  2.15
19.4801  2.28
19.4901  2.25
19.5001  2.24
19.5101  2.19
19.5201  2.25
19.5301  2
19.5401  2.3
19.5501  1.88
19.5601  2.55
19.5701  2.24
19.5801  2.14
19.5901  2.07
19.6001  2.19
19.6101  2.17
19.6201  2.26
19.6301  2.12
19.6401  1.84
19.6501  1.97
19.6601  2.09
19.6701  2.17
19.6801  2.31
19.6901  2.11
19.7001  2.1
19.7101  2.13
19.7201  2.31
19.7301  2.14
19.7401  2.05
19.7501  2.19
19.7601  2.39
19.7701  2.24
19.7801  1.88
19.7901  2.04
19.8001  1.9
19.8101  2.27
19.8201  2.15
19.8301  2.22
19.8401  2.01
19.8501  2.08
19.8601  1.97
19.8701  2.33
19.8801  1.98
19.8901  2.35
19.9001  2
19.9101  2.18
19.9201  2.01
19.9301  2.13
19.9401  2.07
19.9501  2.28
19.9601  2.23
19.9701  2.15
19.9801  2.31
19.9901  2.06
20.0001  2.27
20.0101  2.28
20.0201  2.11
20.0301  2
20.0401  2.31
20.0501  2.24
20.0601  2.07
20.0701  1.98
20.0801  2.18
20.0901  2.25
20.1001  2.36
20.1101  2.18
20.1201  2.17
20.1301  2.23
20.1401  2.14
20.1501  2.41
20.1601  2.19
20.1701  2.2
20.1801  2.27
20.1901  2.18
20.2001  2.18
20.2101  2.35
20.2201  2.05
20.2301  1.99
20.2401  2.02
20.2501  2.18
20.2601  2.25
20.2701  2.26
20.2801  2.09
20.2901  2.21
20.3001  2.51
20.3101  2.23
20.3201  2.15
20.3301  2.14
20.3401  1.94
20.3501  2.29
20.3601  2.06
20.3701  2.13
20.3801  2.13
20.3901  1.97
20.4001  2.4
20.4101  2.38
20.4201  2.21
20.4301  1.82
20.4401  2.02
20.4501  2.08
20.4601  1.99
20.4701  2.16
20.4801  2.16
20.4901  2.07
20.5001  1.9
20.5101  2.21
20.5201  2.2
20.5301  2.08
20.5401  1.9
20.5501  2.15
20.5601  2
20.5701  2.35
20.5801  2.24
20.5901  2.21
20.6001  2.39
20.6101  2.18
20.6201  2.09
20.6301  2.32
20.6401  1.94
20.6501  1.95
20.6601  2.31
20.6701  2.08
20.6801  2.38
20.6901  2.25
20.7001  1.99
20.7101  2.28
20.7201  2.4
20.7301  2.1
20.7401  2.31
20.7501  2.32
20.7601  2.22
20.7701  2.23
20.7801  2.25
20.7901  2.13
20.8001  2.34
20.8101  2.07
20.8201  2.16
20.8301  2.18
20.8401  2.26
20.8501  2.46
20.8601  2.07
20.8701  2.04
20.8801  2.39
20.8901  1.95
20.9001  2.17
20.9101  2.04
20.9201  2.34
20.9301  2.27
20.9401  1.94
20.9501  2.04
20.9601  2.01
20.9701  2.01
20.9801  2.1
20.9901  2.23
21.0001  2.2
21.0101  2.02
21.0201  1.85
21.0301  2.19
21.0401  2.07
21.0501  2.2
21.0601  2.31
21.0701  2.21
21.0801  2.24
21.0901  1.96
21.1001  2.05
21.1101  1.93
21.1201  1.98
21.1301  2.16
21.1401  1.92
21.1501  2.28
21.1601  2.16
21.1701  2.27
21.1801  2.22
21.1901  2.2
21.2001  2.21
21.2101  2.2
21.2201  2.27
21.2301  2.09
21.2401  2.13
21.2501  2.22
21.2601  2.09
21.2701  2.35
21.2801  2.15
21.2901  2.3
21.3001  2.08
21.3101  2.23
21.3201  2.09
21.3301  2.29
21.3401  2.16
21.3501  2.44
21.3601  2.31
21.3701  1.89
21.3801  2.06
21.3901  2.14
21.4001  2.26
21.4101  2.27
21.4201  2.39
21.4301  2.24
21.4401  1.9
21.4501  2.23
21.4601  2.02
21.4701  2.17
21.4801  2.27
21.4901  2.11
21.5001  2.05
21.5101  1.97
21.5201  2.39
21.5301  2.22
21.5401  2.04
21.5501  2.13
21.5601  2.13
21.5701  2.17
21.5801  2.17
21.5901  2.29
21.6001  2.06
21.6101  2.08
21.6201  2.18
21.6301  2.08
21.6401  1.99
21.6501  2.2
21.6601  2.12
21.6701  2.31
21.6801  2.16
21.6901  2.19
21.7001  2.06
21.7101  2.27
21.7201  2.16
21.7301  2.28
21.7401  2.06
21.7501  2.01
21.7601  2.14
21.7701  1.93
21.7801  2.01
21.7901  2.31
21.8001  2.29
21.8101  2.17
21.8201  2.16
21.8301  1.98
21.8401  2.33
21.8501  2.3
21.8601  2.21
21.8701  2.13
21.8801  2.23
21.8901  2.13
21.9001  1.95
21.9101  2.14
21.9201  2.05
21.9301  2.19
21.9401  2.19
21.9501  2.13
21.9601  2.33
21.9701  2.11
21.9801  2.41
21.9901  2.2
22.0001  1.94
22.0101  2.48
22.0201  2.05
22.0301  1.97
22.0401  2.35
22.0501  2.2
22.0601  2.16
22.0701  2
22.0801  2.26
22.0901  2.17
22.1001  2.3
22.1101  1.76
22.1201  2.18
22.1301  2.11
22.1401  2.37
22.1501  2.07
22.1601  2.16
22.1701  2.21
22.1801  2.35
22.1901  2.01
22.2001  2.33
22.2101  2.32
22.2201  2.06
22.2301  2.04
22.2401  1.99
22.2501  2.37
22.2601  2.09
22.2701  2.08
22.2801  2.04
22.2901  1.87
22.3001  2.43
22.3101  1.94
22.3201  2.25
22.3301  2.21
22.3401  2.05
22.3501  2.05
22.3601  2.19
22.3701  2.24
22.3801  2.16
22.3901  2.12
22.4001  2.08
22.4101  2.12
22.4201  2.18
22.4301  2.45
22.4401  2.02
22.4501  2.28
22.4601  2.15
22.4701  2.1
22.4801  2.49
22.4901  2.11
22.5001  2.05
22.5101  2.23
22.5201  1.98
22.5301  2.21
22.5401  2.05
22.5501  2.27
22.5601  2.25
22.5701  2.42
22.5801  1.9
22.5901  1.93
22.6001  2.32
22.6101  2.36
22.6201  2.1
22.6301  2.19
22.6401  2.28
22.6501  1.97
22.6601  1.93
22.6701  2.15
22.6801  2.41
22.6901  2.15
22.7001  2.4
22.7101  2.11
22.7201  2.46
22.7301  2.14
22.7401  2.19
22.7501  2.23
22.7601  2.01
22.7701  2.12
22.7801  2.05
22.7901  2.15
22.8001  2.38
22.8101  2.11
22.8201  2.04
22.8301  2.09
22.8401  2.35
22.8501  2.15
22.8601  1.9
22.8701  2.14
22.8801  2.25
22.8901  2.11
22.9001  1.91
22.9101  2.22
22.9201  2.19
22.9301  1.95
22.9401  2.22
22.9501  2.21
22.9601  2.16
22.9701  2.12
22.9801  2.25
22.9901  2.28
23.0001  2.06
23.0101  2.09
23.0201  2.41
23.0301  2.24
23.0401  2.07
23.0501  2.13
23.0601  1.83
23.0701  2.07
23.0801  2.33
23.0901  2.35
23.1001  2.19
23.1101  2.13
23.1201  2.05
23.1301  2.17
23.1401  2.16
23.1501  2.34
23.1601  2.07
23.1701  2.02
23.1801  2.23
23.1901  2.12
23.2001  2.21
23.2101  2.32
23.2201  2.23
23.2301  2
23.2401  2.36
23.2501  2.15
23.2601  2.28
23.2701  2.25
23.2801  2.11
23.2901  1.9
23.3001  2.17
23.3101  2.27
23.3201  2.14
23.3301  2.35
23.3401  1.95
23.3501  2.16
23.3601  2.14
23.3701  2.05
23.3801  2.26
23.3901  2.27
23.4001  2.01
23.4101  2.21
23.4201  2.28
23.4301  2.07
23.4401  2.18
23.4501  2.17
23.4601  2.21
23.4701  2.32
23.4801  1.89
23.4901  2.01
23.5001  2.14
23.5101  2.21
23.5201  2.09
23.5301  1.98
23.5401  2.11
23.5501  2.29
23.5601  2.12
23.5701  2.1
23.5801  2.36
23.5901  1.91
23.6001  1.94
23.6101  2.13
23.6201  2.1
23.6301  2.27
23.6401  2.1
23.6501  2.36
23.6601  2.15
23.6701  2.05
23.6801  2.22
23.6901  1.89
23.7001  2.15
23.7101  1.97
23.7201  2.11
23.7301  2.33
23.7401  2.17
23.7501  2.24
23.7601  2.32
23.7701  2.04
23.7801  2.36
23.7901  2.11
23.8001  2.01
23.8101  2.05
23.8201  2.12
23.8301  2.31
23.8401  2.07
23.8501  2.33
23.8601  2.02
23.8701  2.23
23.8801  2.14
23.8901  2.38
23.9001  2.08
23.9101  2.27
23.9201  2.34
23.9301  2.2
23.9401  2.23
23.9501  2.09
23.9601  1.83
23.9701  2.21
23.9801  2.31
23.9901  2.3
24.0001  2.19
24.0101  2.23
24.0201  2.08
24.0301  2.27
24.0401  2.13
24.0501  2.17
24.0601  2.29
24.0701  1.95
24.0801  2.27
24.0901  2.02
24.1001  2.11
24.1101  2.25
24.1201  2.05
24.1301  2.13
24.1401  2.35
24.1501  2.16
24.1601  1.97
24.1701  2.23
24.1801  2.13
24.1901  1.97
24.2001  1.75
24.2101  2.4
24.2201  2.27
24.2301  1.95
24.2401  2.21
24.2501  2.02
24.2601  1.99
24.2701  2.15
24.2801  2.15
24.2901  2.4
24.3001  2.17
24.3101  1.8
24.3201  2.22
24.3301  2.14
24.3401  2.26
24.3501  2.21
24.3601  2.05
24.3701  2.13
24.3801  2.07
24.3901  2.37
24.4001  1.93
24.4101  2.18
24.4201  2.05
24.4301  2.12
24.4401  2.11
24.4501  1.87
24.4601  2.27
24.4701  2.27
24.4801  2.38
24.4901  2.24
24.5001  1.97
24.5101  2.05
24.5201  2.26
24.5301  2.11
24.5401  2.03
24.5501  2.36
24.5601  2.18
24.5701  2.2
24.5801  2.22
24.5901  2.19
24.6001  2.07
24.6101  2.17
24.6201  2.08
24.6301  2.11
24.6401  2.24
24.6501  2.36
24.6601  2.27
24.6701  2.25
24.6801  2.19
24.6901  2.27
24.7001  2.23
24.7101  2.3
24.7201  2.18
24.7301  2.27
24.7401  2.18
24.7501  1.99
24.7601  2.01
24.7701  2.05
24.7801  2.35
24.7901  2.09
24.8001  2.11
24.8101  2.05
24.8201  2.11
24.8301  1.93
24.8401  1.95
24.8501  2.25
24.8601  1.99
24.8701  2.35
24.8801  2.1
24.8901  2.16
24.9001  1.99
24.9101  2.18
24.9201  2.1
24.9301  2.23
24.9401  2.23
24.9501  2
24.9601  2.19
24.9701  2.16
24.9801  2.13
24.9901  1.83
25.0001  2.15
25.0101  2.26
25.0201  2.16
25.0301  2.14
25.0401  1.99
25.0501  2.18
25.0601  2.14
25.0701  2.07
25.0801  1.8
25.0901  2.11
25.1001  2.41
25.1101  2.25
25.1201  2.23
25.1301  2.15
25.1401  1.95
25.1501  2.36
25.1601  2.19
25.1701  2.06
25.1801  2.26
25.1901  2.32
25.2001  2.32
25.2101  1.98
25.2201  2.03
25.2301  2.05
25.2401  2.52
25.2501  2.5
25.2601  2.24
25.2701  1.93
25.2801  2.28
25.2901  2.11
25.3001  2.09
25.3101  2.25
25.3201  2.13
25.3301  2.15
25.3401  2.29
25.3501  2.33
25.3601  1.98
25.3701  2.14
25.3801  1.87
25.3901  2.26
25.4001  2.26
25.4101  2.23
25.4201  2.24
25.4301  2.04
25.4401  2.2
25.4501  2.18
25.4601  2.24
25.4701  2.14
25.4801  2.03
25.4901  2.27
25.5001  2.22
25.5101  2.04
25.5201  2.08
25.5301  2.38
25.5401  2.13
25.5501  2.18
25.5601  2.09
25.5701  2.16
25.5801  2.27
25.5901  2.18
25.6001  2.18
25.6101  1.98
25.6201  2.23
25.6301  2.44
25.6401  2.12
25.6501  2.04
25.6601  2.07
25.6701  1.99
25.6801  2
25.6901  1.99
25.7001  2.14
25.7101  2.27
25.7201  2.14
25.7301  2.49
25.7401  2.15
25.7501  1.97
25.7601  2.08
25.7701  2.21
25.7801  2.31
25.7901  2.14
25.8001  2.05
25.8101  2.39
25.8201  2.04
25.8301  2.07
25.8401  2.23
25.8501  1.94
25.8601  2.1
25.8701  2.17
25.8801  2.21
25.8901  2.13
25.9001  1.84
25.9101  2.21
25.9201  1.99
25.9301  2.24
25.9401  2
25.9501  2.54
25.9601  2.23
25.9701  2.13
25.9801  2.17
25.9901  2.15
26.0001  2.19
26.0101  2.39
26.0201  2.27
26.0301  2.21
26.0401  2.43
26.0501  2.19
26.0601  2.07
26.0701  2.08
26.0801  2
26.0901  2.23
26.1001  2.29
26.1101  2.18
26.1201  2.19
26.1301  2.11
26.1401  1.97
26.1501  2.2
26.1601  2.43
26.1701  2.28
26.1801  2.23
26.1901  2.47
26.2001  1.65
26.2101  2.06
26.2201  2.23
26.2301  1.94
26.2401  2.2
26.2501  2.16
26.2601  2.28
26.2701  2.3
26.2801  2.2
26.2901  2.09
26.3001  2.18
26.3101  2.29
26.3201  2.26
26.3301  2
26.3401  1.96
26.3501  1.82
26.3601  2.05
26.3701  2.53
26.3801  2.03
26.3901  2.2
26.4001  2.24
26.4101  1.95
26.4201  2.25
26.4301  2.17
26.4401  1.89
26.4501  2.08
26.4601  1.98
26.4701  1.99
26.4801  1.86
26.4901  2.31
26.5001  2.17
26.5101  2.24
26.5201  2.34
26.5301  2.22
26.5401  2.39
26.5501  2.43
26.5601  2.13
26.5701  2.17
26.5801  2.1
26.5901  2.51
26.6001  1.89
26.6101  2.1
26.6201  2.15
26.6301  2.29
26.6401  2.08
26.6501  2.28
26.6601  2.05
26.6701  1.99
26.6801  2.21
26.6901  2.17
26.7001  2.17
26.7101  1.88
26.7201  2.35
26.7301  2.24
26.7401  2.04
26.7501  2.17
26.7601  2.09
26.7701  2.24
26.7801  2.21
26.7901  2.33
26.8001  2.13
26.8101  2.42
26.8201  2.02
26.8301  2.08
26.8401  2.18
26.8501  2.21
26.8601  2.18
26.8701  1.97
26.8801  2.15
26.8901  2.36
26.9001  2.16
26.9101  1.95
26.9201  2.13
26.9301  2.25
26.9401  1.86
26.9501  2.11
26.9601  2.43
26.9701  2.11
26.9801  2.04
26.9901  2.16
27.0001  2.36
27.0101  2.25
27.0201  1.88
27.0301  2.08
27.0401  2.21
27.0501  2.47
27.0601  1.95
27.0701  1.97
27.0801  2.1
27.0901  2.24
27.1001  2.21
27.1101  2.11
27.1201  2.11
27.1301  1.9
27.1401  2.25
27.1501  2.1
27.1601  2.42
27.1701  2.06
27.1801  2.07
27.1901  2.08
27.2001  2.17
27.2101  2.03
27.2201  2.09
27.2301  1.99
27.2401  2.46
27.2501  2.07
27.2601  2.12
27.2701  2.23
27.2801  2.21
27.2901  2
27.3001  2.32
27.3101  2.12
27.3201  2
27.3301  2.18
27.3401  2.11
27.3501  2.38
27.3601  1.96
27.3701  2.11
27.3801  2.22
27.3901  1.93
27.4001  2.19
27.4101  2.29
27.4201  2.13
27.4301  2.26
27.4401  2.15
27.4501  2.06
27.4601  2.1
27.4701  2.25
27.4801  2.43
27.4901  2.14
27.5001  2.13
27.5101  2.15
27.5201  2.33
27.5301  2.34
27.5401  2.14
27.5501  2.03
27.5601  1.92
27.5701  2.28
27.5801  2.09
27.5901  2.15
27.6001  2.24
27.6101  1.99
27.6201  2.14
27.6301  2.22
27.6401  2.36
27.6501  1.91
27.6601  2.24
27.6701  2.21
27.6801  2.1
27.6901  2.26
27.7001  2.09
27.7101  2.22
27.7201  2.31
27.7301  2.25
27.7401  1.82
27.7501  2.02
27.7601  2.31
27.7701  2.04
27.7801  2.16
27.7901  2.29
27.8001  1.97
27.8101  2.1
27.8201  1.93
27.8301  2.31
27.8401  2
27.8501  1.99
27.8601  2.05
27.8701  2.22
27.8801  2.01
27.8901  2.28
27.9001  1.99
27.9101  2.28
27.9201  1.92
27.9301  2.1
27.9401  2.04
27.9501  2.24
27.9601  2.1
27.9701  2.15
27.9801  2.33
27.9901  2.06
28.0001  2.14
28.0101  2.11
28.0201  2.39
28.0301  2.2
28.0401  2.28
28.0501  2.12
28.0601  2.17
28.0701  2.18
28.0801  2.01
28.0901  2.09
28.1001  2.24
28.1101  2.01
28.1201  2.38
28.1301  2.18
28.1401  2.25
28.1501  1.87
28.1601  2.46
28.1701  2.25
28.1801  2.18
28.1901  2.14
28.2001  2.1
28.2101  2.22
28.2201  2.17
28.2301  2.15
28.2401  2.23
28.2501  2.2
28.2601  2.13
28.2701  2.32
28.2801  2.23
28.2901  1.96
28.3001  2.44
28.3101  2.22
28.3201  2.1
28.3301  2.28
28.3401  2.17
28.3501  1.89
28.3601  1.85
28.3701  2.1
28.3801  2.26
28.3901  1.99
28.4001  2.28
28.4101  2.15
28.4201  2.23
28.4301  2.08
28.4401  2.04
28.4501  2.21
28.4601  2
28.4701  2.03
28.4801  1.88
28.4901  2.1
28.5001  2.32
28.5101  2.04
28.5201  2.46
28.5301  2.16
28.5401  1.98
28.5501  2.15
28.5601  2.19
28.5701  1.87
28.5801  2.11
28.5901  2.26
28.6001  2.22
28.6101  1.9
28.6201  1.9
28.6301  2.32
28.6401  1.93
28.6501  2.16
28.6601  2.09
28.6701  2.29
28.6801  2.23
28.6901  2.32
28.7001  2.02
28.7101  2.47
28.7201  2.02
28.7301  2.38
28.7401  2.13
28.7501  2.17
28.7601  2.21
28.7701  2.32
28.7801  2.42
28.7901  2.16
28.8001  2.11
28.8101  2.26
28.8201  2.11
28.8301  2.03
28.8401  2.38
28.8501  2.1
28.8601  2.3
28.8701  2.05
28.8801  2.14
28.8901  2.32
28.9001  2.12
28.9101  2.09
28.9201  2.29
28.9301  2.24
28.9401  2.32
28.9501  2.18
28.9601  2.07
28.9701  2.3
28.9801  2
28.9901  2.24
29.0001  1.99
29.0101  2.13
29.0201  2.2
29.0301  2.3
29.0401  2.22
29.0501  1.97
29.0601  2.35
29.0701  2.23
29.0801  2.05
29.0901  2.05
29.1001  2.22
29.1101  2.14
29.1201  2.08
29.1301  2.11
29.1401  2.26
29.1501  2.26
29.1601  2.03
29.1701  1.8
29.1801  2.27
29.1901  2.15
29.2001  2.42
29.2101  2.06
29.2201  1.97
29.2301  1.89
29.2401  2.35
29.2501  2.01
29.2601  2.07
29.2701  2.17
29.2801  2.39
29.2901  2.36
29.3001  2.2
29.3101  2.04
29.3201  2.02
29.3301  2.2
29.3401  2.16
29.3501  2.23
29.3601  2.21
29.3701  2.04
29.3801  2.07
29.3901  2.26
29.4001  2.31
29.4101  2.13
29.4201  1.89
29.4301  2.35
29.4401  2.21
29.4501  2.28
29.4601  2.12
29.4701  2.16
29.4801  2.06
29.4901  2.13
29.5001  2.22
29.5101  2.38
29.5201  2.13
29.5301  2.04
29.5401  2.39
29.5501  2.33
29.5601  2.33
29.5701  2.22
29.5801  2.28
29.5901  2.07
29.6001  2.1
29.6101  2.25
29.6201  2.13
29.6301  2.43
29.6401  2.25
29.6501  1.95
29.6601  1.82
29.6701  2.18
29.6801  2.12
29.6901  2.29
29.7001  2.15
29.7101  2.1
29.7201  2
29.7301  2.17
29.7401  2.2
29.7501  2.26
29.7601  2.16
29.7701  2.21
29.7801  2.02
29.7901  2.13
29.8001  2.33
29.8101  2.15
29.8201  2.25
29.8301  1.92
29.8401  2.06
29.8501  2.24
29.8601  2.29
29.8701  2.27
29.8801  2
29.8901  2.21
29.9001  2.06
29.9101  2.26
29.9201  2.04
29.9301  2.06
29.9401  2.25
29.9501  2.03
29.9601  1.86
29.9701  2.34
29.9801  2.22
29.9901  1.99
30.0001  2.45
30.0101  2.1
30.0201  2.23
30.0301  2.22
30.0401  2.07
30.0501  1.93
30.0601  2.11
30.0701  2.09
30.0801  2.15
30.0901  2.29
30.1001  2.15
30.1101  2.23
30.1201  2.21
30.1301  2.48
30.1401  2.16
30.1501  2.28
30.1601  2.08
30.1701  2.06
30.1801  2.05
30.1901  2.35
30.2001  2.23
30.2101  2.2
30.2201  2.11
30.2301  2.3
30.2401  2.13
30.2501  2.28
30.2601  2.08
30.2701  2.03
30.2801  2.17
30.2901  2.26
30.3001  2.14
30.3101  2.12
30.3201  2.17
30.3301  2.1
30.3401  2.15
30.3501  2.12
30.3601  2.31
30.3701  2.02
30.3801  2.53
30.3901  2.17
30.4001  2.32
30.4101  2.39
30.4201  2.22
30.4301  1.81
30.4401  2.13
30.4501  2.41
30.4601  2.05
30.4701  2.21
30.4801  2.07
30.4901  2.14
30.5001  2.21
30.5101  2.18
30.5201  2.16
30.5301  2.03
30.5401  2.27
30.5501  2.15
30.5601  2.15
30.5701  2.12
30.5801  2.09
30.5901  2
30.6001  1.9
30.6101  2.27
30.6201  1.75
30.6301  1.93
30.6401  2.06
30.6501  2.18
30.6601  2.07
30.6701  2.4
30.6801  2.21
30.6901  2.38
30.7001  2.08
30.7101  2.01
30.7201  1.96
30.7301  2.23
30.7401  2.16
30.7501  2.09
30.7601  2.25
30.7701  2.33
30.7801  2.28
30.7901  2.09
30.8001  1.98
30.8101  2.02
30.8201  2.34
30.8301  2.02
30.8401  2.13
30.8501  2.02
30.8601  2.42
30.8701  2.14
30.8801  2.35
30.8901  2.02
30.9001  2.14
30.9101  2.16
30.9201  2.27
30.9301  2.31
30.9401  2.32
30.9501  2.36
30.9601  2.26
30.9701  2.37
30.9801  2.31
30.9901  2.2
31.0001  2.11
31.0101  2.09
31.0201  2.21
31.0301  2.08
31.0401  2.2
31.0501  2.09
31.0601  2.21
31.0701  2.06
31.0801  2.02
31.0901  2.16
31.1001  2.16
31.1101  2.08
31.1201  2.29
31.1301  2.02
31.1401  2.1
31.1501  2.26
31.1601  2.2
31.1701  2.17
31.1801  2.25
31.1901  2.02
31.2001  2.13
31.2101  1.97
31.2201  2.19
31.2301  2.12
31.2401  2.25
31.2501  1.86
31.2601  2.09
31.2701  2.02
31.2801  2.44
31.2901  1.98
31.3001  2.09
31.3101  1.87
31.3201  2.01
31.3301  2.04
31.3401  2.02
31.3501  2.12
31.3601  2.38
31.3701  2.16
31.3801  2.09
31.3901  2.35
31.4001  2.11
31.4101  1.92
31.4201  2.06
31.4301  2.07
31.4401  2.18
31.4501  2.37
31.4601  2.29
31.4701  2.13
31.4801  2.37
31.4901  2.1
31.5001  2.23
31.5101  2.27
31.5201  2.23
31.5301  2.22
31.5401  2.13
31.5501  2.1
31.5601  2.46
31.5701  1.96
31.5801  2.46
31.5901  2.12
31.6001  2.01
31.6101  2.24
31.6201  2.24
31.6301  2.26
31.6401  2.09
31.6501  1.99
31.6601  2.32
31.6701  2.37
31.6801  2.35
31.6901  2.23
31.7001  2.27
31.7101  2.23
31.7201  2.09
31.7301  2.18
31.7401  2.29
31.7501  2.09
31.7601  2.2
31.7701  2.04
31.7801  2.17
31.7901  1.83
31.8001  2.06
31.8101  2.16
31.8201  2.18
31.8301  2.08
31.8401  2.32
31.8501  1.86
31.8601  2.02
31.8701  2.29
31.8801  2.13
31.8901  2.22
31.9001  2.17
31.9101  2
31.9201  1.96
31.9301  2.26
31.9401  2.28
31.9501  2.39
31.9601  2.11
31.9701  1.99
31.9801  2.2
31.9901  2.23
32.0001  1.88
32.0101  2.11
32.0201  2.09
32.0301  2.1
32.0401  2.21
32.0501  2.27
32.0601  2
32.0701  2.1
32.0801  2.24
32.0901  2.02
32.1001  2.31
32.1101  2.35
32.1201  2.19
32.1301  2.21
32.1401  2.34
32.1501  2.25
32.1601  1.84
32.1701  2.15
32.1801  2.04
32.1901  2.21
32.2001  2.23
32.2101  2.08
32.2201  2.24
32.2301  1.9
32.2401  2.34
32.2501  2.15
32.2601  2.37
32.2701  2.35
32.2801  2.29
32.2901  2.47
32.3001  2.15
32.3101  2.18
32.3201  2.06
32.3301  2.3
32.3401  2.38
32.3501  2.24
32.3601  1.95
32.3701  1.97
32.3801  2.54
32.3901  1.97
32.4001  2.16
32.4101  2.14
32.4201  2.33
32.4301  2.24
32.4401  2.45
32.4501  1.85
32.4601  2.11
32.4701  2.17
32.4801  2.3
32.4901  2.19
32.5001  2.1
32.5101  2.08
32.5201  2.22
32.5301  2.05
32.5401  2.23
32.5501  2.13
32.5601  2.22
32.5701  2.2
32.5801  2.12
32.5901  2.25
32.6001  2.28
32.6101  2.1
32.6201  1.78
32.6301  1.75
32.6401  2.07
32.6501  2.23
32.6601  2.21
32.6701  2.3
32.6801  2.28
32.6901  1.87
32.7001  1.9
32.7101  2.34
32.7201  2.25
32.7301  2.27
32.7401  1.9
32.7501  2.33
32.7601  1.99
32.7701  1.95
32.7801  2.2
32.7901  2.13
32.8001  2.18
32.8101  2.43
32.8201  2.08
32.8301  2.18
32.8401  2.24
32.8501  2
32.8601  2.23
32.8701  2.14
32.8801  2.11
32.8901  2.42
32.9001  2.08
32.9101  2.54
32.9201  2.23
32.9301  2
32.9401  2.21
32.9501  2.32
32.9601  2.14
32.9701  2.14
32.9801  2.14
32.9901  2.42
33.0001  2.14
33.0101  2.2
33.0201  2.33
33.0301  2.21
33.0401  2.28
33.0501  2.39
33.0601  2.4
33.0701  2.16
33.0801  2.31
33.0901  2
33.1001  2.19
33.1101  1.9
33.1201  2.07
33.1301  2.2
33.1401  1.98
33.1501  2.2
33.1601  2.44
33.1701  1.94
33.1801  2.34
33.1901  2.05
33.2001  2.06
33.2101  2.04
33.2201  2.48
33.2301  2.21
33.2401  2.01
33.2501  2.16
33.2601  2.2
33.2701  2.16
33.2801  2.13
33.2901  1.9
33.3001  2.02
33.3101  2.06
33.3201  2.2
33.3301  2.19
33.3401  2.1
33.3501  1.89
33.3601  2.21
33.3701  2.04
33.3801  2.25
33.3901  2.19
33.4001  1.95
33.4101  2.03
33.4201  2.46
33.4301  2.18
33.4401  2
33.4501  2.38
33.4601  2.45
33.4701  1.93
33.4801  2.21
33.4901  2.3
33.5001  2.13
33.5101  2.24
33.5201  2.17
33.5301  2.14
33.5401  2.31
33.5501  2.03
33.5601  2.29
33.5701  2.15
33.5801  1.92
33.5901  2.32
33.6001  2.32
33.6101  2.32
33.6201  2.08
33.6301  2.02
33.6401  2.25
33.6501  2.08
33.6601  1.98
33.6701  2.24
33.6801  2.15
33.6901  2.35
33.7001  2.34
33.7101  2.04
33.7201  2.23
33.7301  2.5
33.7401  2.1
33.7501  2.07
33.7601  2.38
33.7701  2.24
33.7801  2.08
33.7901  1.99
33.8001  2.28
33.8101  1.99
33.8201  2.12
33.8301  2.01
33.8401  2.15
33.8501  2.18
33.8601  2.06
33.8701  2.27
33.8801  2.33
33.8901  2.15
33.9001  1.95
33.9101  2.31
33.9201  2.15
33.9301  2.41
33.9401  2.34
33.9501  2.2
33.9601  2.11
33.9701  1.98
33.9801  2.16
33.9901  2.18
34.0001  2.07
34.0101  2.17
34.0201  2.05
34.0301  2.12
34.0401  1.98
34.0501  2.17
34.0601  2.03
34.0701  2.13
34.0801  1.99
34.0901  2.1
34.1001  2.45
34.1101  2.25
34.1201  2.16
34.1301  2.01
34.1401  1.79
34.1501  2.12
34.1601  2.27
34.1701  2.21
34.1801  2.24
34.1901  2.25
34.2001  2.31
34.2101  2.03
34.2201  2.24
34.2301  2.19
34.2401  2.27
34.2501  2.41
34.2601  2
34.2701  2.25
34.2801  2.36
34.2901  2.18
34.3001  2.25
34.3101  2.23
34.3201  2.29
34.3301  1.78
34.3401  2.2
34.3501  2.23
34.3601  2.06
34.3701  2.43
34.3801  2.09
34.3901  2.22
34.4001  2.35
34.4101  2.38
34.4201  2.13
34.4301  2.2
34.4401  2.08
34.4501  2.18
34.4601  2.06
34.4701  2.16
34.4801  2.22
34.4901  2.11
34.5  2.46
34.51  2.19
34.52  2.23
34.53  1.96
34.54  1.74
34.55  2.23
34.56  2.03
34.57  1.94
34.58  2.33
34.59  2.17
34.6  1.99
34.61  2.12
34.62  2.18
34.63  1.99
34.64  2.08
34.65  2.2
34.66  2.28
34.67  2.18
34.68  2.45
34.69  2.11
34.7  2.01
34.71  2.35
34.72  1.95
34.73  2.12
34.74  1.94
34.75  2.47
34.76  2.17
34.77  2.21
34.78  2.04
34.79  2.3
34.8  2.05
34.81  1.95
34.82  2.27
34.83  2.4
34.84  2.18
34.85  2.28
34.86  2.12
34.87  2.07
34.88  2.37
34.89  2.39
34.9  2.18
34.91  2.14
34.92  2.07
34.93  2.37
34.94  1.89
34.95  2.3
34.96  2.34
34.97  2.25
34.98  2.45
34.99  2.08
