-15  0
-14.99  0
-14.98  0.01
-14.97  0
-14.96  0.01
-14.95  0.02
-14.94  0.01
-14.93  0.01
-14.92  0.03
-14.91  0.02
-14.9  0.02
-14.89  0.02
-14.88  0.03
-14.87  0.02
-14.86  0.05
-14.85  0.02
-14.84  0.03
-14.83  0.03
-14.82  0.03
-14.81  0.04
-14.8  0.05
-14.79  0.04
-14.78  0.04
-14.77  0.03
-14.76  0.05
-14.75  0.04
-14.74  0.04
-14.73  0.05
-14.72  0.06
-14.71  0.03
-14.7  0.05
-14.69  0.06
-14.68  0.05
-14.67  0.03
-14.66  0.07
-14.65  0.04
-14.64  0.06
-14.63  0.07
-14.62  0.04
-14.61  0.06
-14.6  0.06
-14.59  0.04
-14.58  0.06
-14.57  0.06
-14.56  0.07
-14.55  0.06
-14.54  0.05
-14.53  0.06
-14.52  0.06
-14.51  0.06
-14.5  0.06
-14.49  0.06
-14.48  0.07
-14.47  0.07
-14.46  0.06
-14.45  0.06
-14.44  0.07
-14.43  0.05
-14.42  0.06
-14.41  0.07
-14.4  0.07
-14.39  0.05
-14.38  0.08
-14.37  0.08
-14.36  0.06
-14.35  0.05
-14.34  0.08
-14.33  0.07
-14.32  0.06
-14.31  0.08
-14.3  0.06
-14.29  0.06
-14.28  0.07
-14.27  0.09
-14.26  0.06
-14.25  0.07
-14.24  0.07
-14.23  0.09
-14.22  0.04
-14.21  0.07
-14.2  0.07
-14.19  0.07
-14.18  0.08
-14.17  0.09
-14.16  0.07
-14.15  0.07
-14.14  0.05
-14.13  0.09
-14.12  0.06
-14.11  0.07
-14.1  0.07
-14.09  0.07
-14.08  0.09
-14.07  0.06
-14.06  0.09
-14.05  0.07
-14.04  0.07
-14.03  0.07
-14.02  0.06
-14.01  0.09
-14  0.07
-13.99  0.06
-13.98  0.08
-13.97  0.08
-13.96  0.06
-13.95  0.07
-13.94  0.09
-13.93  0.08
-13.92  0.07
-13.91  0.06
-13.9  0.07
-13.89  0.08
-13.88  0.1
-13.87  0.06
-13.86  0.06
-13.85  0.09
-13.84  0.05
-13.83  0.1
-13.82  0.07
-13.81  0.08
-13.8  0.06
-13.79  0.09
-13.78  0.07
-13.77  0.08
-13.76  0.07
-13.75  0.07
-13.74  0.1
-13.73  0.05
-13.72  0.07
-13.71  0.09
-13.7  0.07
-13.69  0.08
-13.68  0.09
-13.67  0.08
-13.66  0.05
-13.65  0.08
-13.64  0.07
-13.63  0.07
-13.62  0.07
-13.61  0.06
-13.6  0.11
-13.59  0.08
-13.58  0.06
-13.57  0.08
-13.56  0.08
-13.55  0.08
-13.54  0.06
-13.53  0.1
-13.52  0.06
-13.51  0.06
-13.5  0.08
-13.49  0.1
-13.48  0.08
-13.47  0.07
-13.46  0.06
-13.45  0.07
-13.44  0.08
-13.43  0.08
-13.42  0.08
-13.41  0.09
-13.4  0.07
-13.39  0.08
-13.38  0.07
-13.37  0.07
-13.36  0.09
-13.35  0.06
-13.34  0.06
-13.33  0.08
-13.32  0.07
-13.31  0.07
-13.3  0.12
-13.29  0.08
-13.28  0.05
-13.27  0.08
-13.26  0.08
-13.25  0.08
-13.24  0.06
-13.23  0.09
-13.22  0.06
-13.21  0.07
-13.2  0.1
-13.19  0.07
-13.18  0.07
-13.17  0.08
-13.16  0.06
-13.15  0.09
-13.14  0.1
-13.13  0.08
-13.12  0.06
-13.11  0.07
-13.1  0.06
-13.09  0.09
-13.08  0.07
-13.07  0.08
-13.06  0.07
-13.05  0.09
-13.04  0.06
-13.03  0.08
-13.02  0.08
-13.01  0.11
-13  0.05
-12.99  0.09
-12.98  0.06
-12.97  0.08
-12.96  0.07
-12.95  0.08
-12.94  0.06
-12.93  0.1
-12.92  0.06
-12.91  0.08
-12.9  0.07
-12.89  0.09
-12.88  0.05
-12.87  0.08
-12.86  0.08
-12.85  0.12
-12.84  0.06
-12.83  0.05
-12.82  0.1
-12.81  0.08
-12.8  0.06
-12.79  0.07
-12.78  0.1
-12.77  0.07
-12.76  0.06
-12.75  0.06
-12.74  0.08
-12.73  0.09
-12.72  0.08
-12.71  0.07
-12.7  0.09
-12.69  0.07
-12.68  0.09
-12.67  0.08
-12.66  0.05
-12.65  0.09
-12.64  0.05
-12.63  0.09
-12.62  0.09
-12.61  0.05
-12.6  0.08
-12.59  0.08
-12.58  0.06
-12.57  0.08
-12.56  0.12
-12.55  0.09
-12.54  0.05
-12.53  0.09
-12.52  0.07
-12.51  0.06
-12.5  0.05
-12.49  0.08
-12.48  0.13
-12.47  0.04
-12.46  0.09
-12.45  0.06
-12.44  0.05
-12.43  0.11
-12.42  0.05
-12.41  0.11
-12.4  0.08
-12.39  0.07
-12.38  0.08
-12.37  0.09
-12.36  0.06
-12.35  0.06
-12.34  0.07
-12.33  0.1
-12.32  0.08
-12.31  0.07
-12.3  0.06
-12.29  0.09
-12.28  0.08
-12.27  0.04
-12.26  0.1
-12.25  0.09
-12.24  0.08
-12.23  0.09
-12.22  0.08
-12.21  0.04
-12.2  0.08
-12.19  0.07
-12.18  0.09
-12.17  0.07
-12.16  0.09
-12.15  0.08
-12.14  0.07
-12.13  0.06
-12.12  0.06
-12.11  0.1
-12.1  0.07
-12.09  0.06
-12.08  0.09
-12.07  0.09
-12.06  0.09
-12.05  0.08
-12.04  0.08
-12.03  0.06
-12.02  0.07
-12.01  0.08
-12  0.08
-11.99  0.07
-11.98  0.07
-11.97  0.06
-11.96  0.06
-11.95  0.08
-11.94  0.11
-11.93  0.08
-11.92  0.08
-11.91  0.1
-11.9  0.04
-11.89  0.09
-11.88  0.06
-11.87  0.09
-11.86  0.05
-11.85  0.09
-11.84  0.06
-11.83  0.1
-11.82  0.06
-11.81  0.11
-11.8  0.07
-11.79  0.06
-11.78  0.06
-11.77  0.1
-11.76  0.06
-11.75  0.09
-11.74  0.07
-11.73  0.09
-11.72  0.07
-11.71  0.07
-11.7  0.06
-11.69  0.1
-11.68  0.06
-11.67  0.08
-11.66  0.08
-11.65  0.09
-11.64  0.08
-11.63  0.06
-11.62  0.05
-11.61  0.1
-11.6  0.07
-11.59  0.09
-11.58  0.09
-11.57  0.05
-11.56  0.06
-11.55  0.09
-11.54  0.09
-11.53  0.08
-11.52  0.09
-11.51  0.06
-11.5  0.07
-11.49  0.1
-11.48  0.05
-11.47  0.06
-11.46  0.1
-11.45  0.06
-11.44  0.08
-11.43  0.08
-11.42  0.1
-11.41  0.04
-11.4  0.11
-11.39  0.06
-11.38  0.07
-11.37  0.1
-11.36  0.1
-11.35  0.06
-11.34  0.08
-11.33  0.06
-11.32  0.06
-11.31  0.09
-11.3  0.07
-11.29  0.06
-11.28  0.11
-11.27  0.05
-11.26  0.07
-11.25  0.08
-11.24  0.09
-11.23  0.07
-11.22  0.1
-11.21  0.08
-11.2  0.04
-11.19  0.07
-11.18  0.11
-11.17  0.06
-11.16  0.11
-11.15  0.05
-11.14  0.07
-11.13  0.1
-11.12  0.04
-11.11  0.07
-11.1  0.07
-11.09  0.09
-11.08  0.07
-11.07  0.09
-11.06  0.09
-11.05  0.07
-11.04  0.09
-11.03  0.06
-11.02  0.07
-11.01  0.1
-11  0.06
-10.99  0.06
-10.98  0.08
-10.97  0.09
-10.96  0.09
-10.95  0.08
-10.94  0.04
-10.93  0.1
-10.92  0.09
-10.91  0.06
-10.9  0.06
-10.89  0.09
-10.88  0.08
-10.87  0.07
-10.86  0.06
-10.85  0.08
-10.84  0.05
-10.83  0.1
-10.82  0.09
-10.81  0.1
-10.8  0.07
-10.79  0.07
-10.78  0.09
-10.77  0.07
-10.76  0.09
-10.75  0.03
-10.74  0.1
-10.73  0.08
-10.72  0.03
-10.71  0.1
-10.7  0.06
-10.69  0.11
-10.68  0.09
-10.67  0.07
-10.66  0.06
-10.65  0.07
-10.64  0.08
-10.63  0.11
-10.62  0.05
-10.61  0.07
-10.6  0.09
-10.59  0.06
-10.58  0.06
-10.57  0.1
-10.56  0.08
-10.55  0.08
-10.54  0.08
-10.53  0.08
-10.52  0.04
-10.51  0.07
-10.5  0.09
-10.49  0.09
-10.48  0.05
-10.47  0.09
-10.46  0.09
-10.45  0.07
-10.44  0.08
-10.43  0.08
-10.42  0.1
-10.41  0.07
-10.4  0.05
-10.39  0.07
-10.38  0.11
-10.37  0.06
-10.36  0.05
-10.35  0.06
-10.34  0.09
-10.33  0.11
-10.32  0.07
-10.31  0.07
-10.3  0.09
-10.29  0.06
-10.28  0.08
-10.27  0.07
-10.26  0.07
-10.25  0.07
-10.24  0.09
-10.23  0.1
-10.22  0.07
-10.21  0.06
-10.2  0.08
-10.19  0.07
-10.18  0.1
-10.17  0.05
-10.16  0.08
-10.15  0.11
-10.14  0.02
-10.13  0.1
-10.12  0.09
-10.11  0.04
-10.1  0.09
-10.09  0.09
-10.08  0.09
-10.07  0.06
-10.06  0.06
-10.05  0.08
-10.04  0.1
-10.03  0.08
-10.02  0.08
-10.01  0.07
-10  0.09
-9.99  0.07
-9.98  0.06
-9.97  0.09
-9.96  0.05
-9.95  0.06
-9.94  0.1
-9.93  0.1
-9.92  0.05
-9.91  0.05
-9.9  0.12
-9.89  0.05
-9.88  0.06
-9.87  0.11
-9.86  0.07
-9.85  0.07
-9.84  0.1
-9.83  0.08
-9.82  0.09
-9.81  0.06
-9.8  0.07
-9.79  0.09
-9.78  0.05
-9.77  0.07
-9.76  0.09
-9.75  0.07
-9.74  0.05
-9.73  0.11
-9.72  0.06
-9.71  0.04
-9.7  0.12
-9.69  0.1
-9.68  0.08
-9.67  0.07
-9.66  0.07
-9.65  0.08
-9.64  0.07
-9.63  0.08
-9.62  0.06
-9.61  0.08
-9.6  0.05
-9.59  0.11
-9.58  0.07
-9.57  0.07
-9.56  0.06
-9.55  0.1
-9.54  0.07
-9.53  0.09
-9.52  0.1
-9.51  0.05
-9.5  0.07
-9.49  0.08
-9.48  0.04
-9.47  0.05
-9.46  0.11
-9.45  0.08
-9.44  0.1
-9.43  0.09
-9.42  0.07
-9.41  0.11
-9.4  0.05
-9.39  0.05
-9.38  0.07
-9.37  0.12
-9.36  0.03
-9.35  0.09
-9.34  0.07
-9.33  0.06
-9.32  0.12
-9.31  0.04
-9.3  0.11
-9.29  0.1
-9.28  0.05
-9.27  0.04
-9.26  0.06
-9.25  0.11
-9.24  0.06
-9.23  0.09
-9.22  0.12
-9.21  0.06
-9.2  0.06
-9.19  0.08
-9.18  0.06
-9.17  0.12
-9.16  0.04
-9.15  0.07
-9.14  0.1
-9.13  0.06
-9.12  0.12
-9.11  0.04
-9.1  0.06
-9.09  0.05
-9.08  0.09
-9.07  0.04
-9.06  0.13
-9.05  0.09
-9.04  0.03
-9.03  0.13
-9.02  0.08
-9.01  0.04
-9  0.15
-8.99  0.05
-8.98  0.08
-8.97  0.05
-8.96  0.03
-8.95  0.11
-8.94  0.06
-8.93  0.1
-8.92  0.07
-8.91  0.06
-8.9  0.08
-8.89  0.13
-8.88  0.06
-8.87  0.06
-8.86  0.07
-8.85  0.05
-8.84  0.1
-8.83  0.08
-8.82  0.06
-8.81  0.1
-8.8  0.06
-8.79  0.1
-8.78  0.08
-8.77  0.05
-8.76  0.1
-8.75  0.06
-8.74  0.08
-8.73  0.07
-8.72  0.09
-8.71  0.05
-8.7  0.08
-8.69  0.11
-8.68  0.03
-8.67  0.1
-8.66  0.06
-8.65  0.09
-8.64  0.09
-8.63  0.03
-8.62  0.11
-8.61  0.06
-8.6  0.1
-8.59  0.06
-8.58  0.08
-8.57  0.07
-8.56  0.07
-8.55  0.13
-8.54  0.06
-8.53  0.06
-8.52  0.09
-8.51  0.05
-8.5  0.1
-8.49  0.06
-8.48  0.07
-8.47  0.11
-8.46  0.06
-8.45  0.06
-8.44  0.05
-8.43  0.08
-8.42  0.08
-8.41  0.09
-8.4  0.07
-8.39  0.09
-8.38  0.07
-8.37  0.08
-8.36  0.08
-8.35  0.08
-8.34  0.09
-8.33  0.09
-8.32  0.08
-8.31  0.05
-8.3  0.1
-8.29  0.06
-8.28  0.07
-8.27  0.06
-8.26  0.07
-8.25  0.1
-8.24  0.04
-8.23  0.07
-8.22  0.11
-8.21  0.05
-8.2  0.12
-8.19  0.05
-8.18  0.11
-8.17  0.07
-8.16  0.06
-8.15  0.08
-8.14  0.07
-8.13  0.08
-8.12  0.05
-8.11  0.1
-8.1  0.07
-8.09  0.13
-8.08  0.02
-8.07  0.09
-8.06  0.08
-8.05  0.08
-8.04  0.06
-8.03  0.08
-8.02  0.08
-8.01  0.08
-8  0.04
-7.99  0.11
-7.98  0.06
-7.97  0.08
-7.96  0.06
-7.95  0.1
-7.94  0.07
-7.93  0.08
-7.92  0.09
-7.91  0.11
-7.9  0.06
-7.89  0.06
-7.88  0.03
-7.87  0.11
-7.86  0.1
-7.85  0.06
-7.84  0.06
-7.83  0.08
-7.82  0.06
-7.81  0.09
-7.8  0.1
-7.79  0.09
-7.78  0.03
-7.77  0.08
-7.76  0.1
-7.75  0.07
-7.74  0.11
-7.73  0.06
-7.72  0.06
-7.71  0.04
-7.7  0.09
-7.69  0.07
-7.68  0.13
-7.67  0.03
-7.66  0.13
-7.65  0.02
-7.64  0.11
-7.63  0.08
-7.62  0.11
-7.61  0.05
-7.6  0.07
-7.59  0.07
-7.58  0.05
-7.57  0.06
-7.56  0.06
-7.55  0.1
-7.54  0.09
-7.53  0.07
-7.52  0.04
-7.51  0.15
-7.5  0.03
-7.49  0.08
-7.48  0.09
-7.47  0.09
-7.46  0.12
-7.45  0.06
-7.44  0.05
-7.43  0.08
-7.42  0.07
-7.41  0.09
-7.4  0.04
-7.39  0.07
-7.38  0.11
-7.37  0.05
-7.36  0.07
-7.35  0.08
-7.34  0.09
-7.33  0.07
-7.32  0.06
-7.31  0.1
-7.3  0.07
-7.29  0.09
-7.28  0.07
-7.27  0.1
-7.26  0.06
-7.25  0.09
-7.24  0.05
-7.23  0.08
-7.22  0.07
-7.21  0.07
-7.2  0.11
-7.19  0.08
-7.18  0.06
-7.17  0.1
-7.16  0.08
-7.15  0.06
-7.14  0.09
-7.13  0.01
-7.12  0.07
-7.11  0.1
-7.1  0.11
-7.09  0.05
-7.08  0.11
-7.07  0.06
-7.06  0.03
-7.05  0.12
-7.04  0.07
-7.03  0.08
-7.02  0.08
-7.01  0.05
-7  0.09
-6.99  0.11
-6.98  0.06
-6.97  0.08
-6.96  0.08
-6.95  0.07
-6.94  0.06
-6.93  0.08
-6.92  0.06
-6.91  0.07
-6.9  0.1
-6.89  0.1
-6.88  0.06
-6.87  0.1
-6.86  0.03
-6.85  0.05
-6.84  0.12
-6.83  0.05
-6.82  0.11
-6.81  0.05
-6.8  0.09
-6.79  0.06
-6.78  0.1
-6.77  0.08
-6.76  0.04
-6.75  0.11
-6.74  0.07
-6.73  0.11
-6.72  0.06
-6.71  0.06
-6.7  0.08
-6.69  0.07
-6.68  0.1
-6.67  0.1
-6.66  0.02
-6.65  0.09
-6.64  0.04
-6.63  0.12
-6.62  0.07
-6.61  0.05
-6.6  0.06
-6.59  0.13
-6.58  0.07
-6.57  0.09
-6.56  0.03
-6.55  0.08
-6.54  0.08
-6.53  0.1
-6.52  0.08
-6.51  0.08
-6.5  0.1
-6.49  0.05
-6.48  0.09
-6.47  0.06
-6.46  0.04
-6.45  0.12
-6.44  0.05
-6.43  0.09
-6.42  0.09
-6.41  0.02
-6.4  0.12
-6.39  0.07
-6.38  0.06
-6.37  0.05
-6.36  0.1
-6.35  0.1
-6.34  0.05
-6.33  0.09
-6.32  0.08
-6.31  0.08
-6.3  0.06
-6.29  0.07
-6.28  0.1
-6.27  0.11
-6.26  0.1
-6.25  0.06
-6.24  0.05
-6.23  0.04
-6.22  0.07
-6.21  0.08
-6.2  0.12
-6.19  0.03
-6.18  0.11
-6.17  0.09
-6.16  0.05
-6.15  0.06
-6.14  0.07
-6.13  0.11
-6.12  0.07
-6.11  0.1
-6.1  0.07
-6.09  0.03
-6.08  0.09
-6.07  0.06
-6.06  0.07
-6.05  0.08
-6.04  0.08
-6.03  0.11
-6.02  0.09
-6.01  0.05
-6  0.11
-5.99  0.09
-5.98  0.05
-5.97  0.07
-5.96  0.09
-5.95  0.08
-5.94  0.05
-5.93  0.05
-5.92  0.09
-5.91  0.08
-5.9  0.08
-5.89  0.05
-5.88  0.09
-5.87  0.11
-5.86  0.04
-5.85  0.07
-5.84  0.1
-5.83  0.06
-5.82  0.08
-5.81  0.09
-5.8  0.08
-5.79  0.09
-5.78  0.09
-5.77  0.1
-5.76  0.03
-5.75  0.07
-5.74  0.09
-5.73  0.08
-5.72  0.08
-5.71  0.09
-5.7  0.05
-5.69  0.05
-5.68  0.08
-5.67  0.08
-5.66  0.09
-5.65  0.06
-5.64  0.07
-5.63  0.12
-5.62  0.04
-5.61  0.06
-5.6  0.09
-5.59  0.11
-5.58  0.06
-5.57  0.06
-5.56  0.1
-5.55  0.06
-5.54  0.08
-5.53  0.1
-5.52  0.06
-5.51  0.11
-5.5  0.09
-5.49  0.06
-5.48  0.08
-5.47  0.05
-5.46  0.08
-5.45  0.03
-5.44  0.03
-5.43  0.15
-5.42  0.09
-5.41  0.09
-5.4  0.05
-5.39  0.09
-5.38  0.06
-5.37  0.07
-5.36  0.04
-5.35  0.11
-5.34  0.05
-5.33  0.13
-5.32  0.05
-5.31  0.07
-5.3  0.12
-5.29  0.08
-5.28  0.06
-5.27  0.12
-5.26  0.04
-5.25  0.05
-5.24  0.07
-5.23  0.09
-5.22  0.06
-5.21  0.09
-5.2  0.07
-5.19  0.08
-5.18  0.08
-5.17  0.08
-5.16  0.08
-5.15  0.08
-5.14  0.09
-5.13  0.07
-5.12  0.05
-5.11  0.06
-5.1  0.09
-5.09  0.06
-5.08  0.09
-5.07  0.08
-5.06  0.02
-5.05  0.09
-5.04  0.12
-5.03  0.09
-5.02  0.1
-5.01  0.06
-5  0.05
-4.99  0.11
-4.98  0.12
-4.97  0.06
-4.96  0.03
-4.95  0.06
-4.94  0.09
-4.93  0.1
-4.92  0.05
-4.91  0.06
-4.9  0.1
-4.89  0.06
-4.88  0.04
-4.87  0.13
-4.86  0.05
-4.85  0.08
-4.84  0.08
-4.83  0.09
-4.82  0.05
-4.81  0.08
-4.8  0.06
-4.79  0.12
-4.78  0.09
-4.77  0.08
-4.76  0.1
-4.75  0.06
-4.74  0.07
-4.73  0.08
-4.72  0.04
-4.71  0.05
-4.7  0.13
-4.69  0.02
-4.68  0.08
-4.67  0.14
-4.66  0.03
-4.65  0.1
-4.64  0.06
-4.63  0.09
-4.62  0.08
-4.61  0.07
-4.6  0.05
-4.59  0.11
-4.58  0.07
-4.57  0.06
-4.56  0.04
-4.55  0.1
-4.54  0.09
-4.53  0.1
-4.52  0.12
-4.51  0.05
-4.5  0.07
-4.49  0.04
-4.48  0.08
-4.47  0.12
-4.46  0.06
-4.45  0.04
-4.44  0.08
-4.43  0.08
-4.42  0.06
-4.41  0.08
-4.4  0.12
-4.39  0.05
-4.38  0.04
-4.37  0.11
-4.36  0.13
-4.35  0.05
-4.34  0.04
-4.33  0.08
-4.32  0.07
-4.31  0.06
-4.3  0.11
-4.29  0.1
-4.28  0.06
-4.27  0.06
-4.26  0.1
-4.25  0.07
-4.24  0.11
-4.23  0.06
-4.22  0.06
-4.21  0.04
-4.2  0.13
-4.19  0.06
-4.18  0.06
-4.17  0.08
-4.16  0.1
-4.15  0.06
-4.14  0.07
-4.13  0.09
-4.12  0.08
-4.11  0.07
-4.1  0.05
-4.09  0.09
-4.08  0.03
-4.07  0.11
-4.06  0.08
-4.05  0.06
-4.04  0.09
-4.03  0.1
-4.02  0.06
-4.01  0.1
-4  0.08
-3.99  0.06
-3.98  0.04
-3.97  0.07
-3.96  0.15
-3.95  0.08
-3.94  0.06
-3.93  0.07
-3.92  0.07
-3.91  0.06
-3.9  0.07
-3.89  0.1
-3.88  0.04
-3.87  0.1
-3.86  0.09
-3.85  0.06
-3.84  0.08
-3.83  0.08
-3.82  0.04
-3.81  0.11
-3.8  0.09
-3.79  0.05
-3.78  0.07
-3.77  0.09
-3.76  0.08
-3.75  0.05
-3.74  0.1
-3.73  0.13
-3.72  0.07
-3.71  0.07
-3.7  0.07
-3.69  0.07
-3.68  0.04
-3.67  0.07
-3.66  0.1
-3.65  0.07
-3.64  0.09
-3.63  0.08
-3.62  0.08
-3.61  0.07
-3.6  0.05
-3.59  0.05
-3.58  0.07
-3.57  0.03
-3.56  0.16
-3.55  0.08
-3.54  0.05
-3.53  0.08
-3.52  0.11
-3.51  0.09
-3.5  0.06
-3.49  0.1
-3.48  0.09
-3.47  0.06
-3.46  0.06
-3.45  0.08
-3.44  0.04
-3.43  0.06
-3.42  0.08
-3.41  0.12
-3.4  0.07
-3.39  0.06
-3.38  0.09
-3.37  0.08
-3.36  0.09
-3.35  0.1
-3.34  0.04
-3.33  0.04
-3.32  0.13
-3.31  0.04
-3.3  0.06
-3.29  0.12
-3.28  0.04
-3.27  0.09
-3.26  0.11
-3.25  0.02
-3.24  0.07
-3.23  0.1
-3.22  0.09
-3.21  0.05
-3.2  0.09
-3.19  0.1
-3.18  0.09
-3.17  0.07
-3.16  0.09
-3.15  0.07
-3.14  0.06
-3.13  0.09
-3.12  0.07
-3.11  0.06
-3.1  0.06
-3.09  0.09
-3.08  0.06
-3.07  0.1
-3.06  0.05
-3.05  0.08
-3.04  0.06
-3.03  0.08
-3.02  0.06
-3.01  0.11
-3  0.1
-2.99  0.07
-2.98  0.07
-2.97  0.06
-2.96  0.08
-2.95  0.1
-2.94  0.08
-2.93  0.05
-2.92  0.11
-2.91  0.07
-2.9  0.09
-2.89  0.06
-2.88  0.05
-2.87  0.06
-2.86  0.11
-2.85  0.06
-2.84  0.1
-2.83  0.1
-2.82  0.09
-2.81  0.01
-2.8  0.12
-2.79  0.04
-2.78  0.07
-2.77  0.07
-2.76  0.1
-2.75  0.06
-2.74  0.04
-2.73  0.08
-2.72  0.09
-2.71  0.05
-2.7  0.16
-2.69  0.05
-2.68  0.09
-2.67  0.11
-2.66  0.07
-2.65  0.03
-2.64  0.07
-2.63  0.11
-2.62  0.07
-2.61  0.07
-2.6  0.09
-2.59  0.06
-2.58  0.07
-2.57  0.08
-2.56  0.08
-2.55  0.04
-2.54  0.09
-2.53  0.07
-2.52  0.1
-2.51  0.02
-2.5  0.15
-2.49  0.06
-2.48  0.07
-2.47  0.08
-2.46  0.09
-2.45  0.05
-2.44  0.06
-2.43  0.1
-2.42  0.08
-2.41  0.07
-2.4  0.09
-2.39  0.12
-2.38  0.07
-2.37  0.05
-2.36  0.07
-2.35  0.04
-2.34  0.07
-2.33  0.13
-2.32  0.05
-2.31  0.1
-2.3  0.09
-2.29  0.04
-2.28  0.08
-2.27  0.12
-2.26  0.04
-2.25  0.07
-2.24  0.07
-2.23  0.11
-2.22  0.05
-2.21  0.04
-2.2  0.11
-2.19  0.04
-2.18  0.06
-2.17  0.12
-2.16  0.1
-2.15  0.06
-2.14  0.08
-2.13  0.11
-2.12  0.05
-2.11  0.07
-2.1  0.08
-2.09  0.08
-2.08  0.05
-2.07  0.07
-2.06  0.12
-2.05  0.05
-2.04  0.1
-2.03  0.1
-2.02  0.05
-2.01  0.06
-2  0.07
-1.99  0.11
-1.98  0.03
-1.97  0.05
-1.96  0.09
-1.95  0.1
-1.94  0.07
-1.93  0.08
-1.92  0.06
-1.91  0.09
-1.9  0.07
-1.89  0.07
-1.88  0.09
-1.87  0.07
-1.86  0.08
-1.85  0.07
-1.84  0.09
-1.83  0.07
-1.82  0.13
-1.81  0.08
-1.8  0.03
-1.79  0.07
-1.78  0.11
-1.77  0.07
-1.76  0.04
-1.75  0.04
-1.74  0.11
-1.73  0.12
-1.72  0.09
-1.71  0.05
-1.7  0.09
-1.69  0.05
-1.68  0.03
-1.67  0.05
-1.66  0.11
-1.65  0.09
-1.64  0.07
-1.63  0.11
-1.62  0.05
-1.61  0.08
-1.6  0.13
-1.59  0.12
-1.58  0.06
-1.57  0.05
-1.56  0.02
-1.55  0.1
-1.54  0.09
-1.53  0.06
-1.52  0.08
-1.51  0.07
-1.5  0.06
-1.49  0.08
-1.48  0.12
-1.47  0.06
-1.46  0.06
-1.45  0.07
-1.44  0.09
-1.43  0.11
-1.42  0.04
-1.41  0.11
-1.4  0.06
-1.39  0.03
-1.38  0.09
-1.37  0.08
-1.36  0.06
-1.35  0.09
-1.34  0.06
-1.33  0.08
-1.32  0.09
-1.31  0.11
-1.3  0.05
-1.29  0.08
-1.28  0.04
-1.27  0.12
-1.26  0.1
-1.25  0.11
-1.24  0.05
-1.23  0.07
-1.22  0.05
-1.21  0.11
-1.2  0.06
-1.19  0.04
-1.18  0.07
-1.17  0.04
-1.16  0.11
-1.15  0.09
-1.14  0.1
-1.13  0.05
-1.12  0.09
-1.11  0.05
-1.1  0.07
-1.09  0.09
-1.08  0.11
-1.07  0.08
-1.06  0.04
-1.05  0.08
-1.04  0.07
-1.03  0.08
-1.02  0.06
-1.01  0.11
-1  0.07
-0.99  0.09
-0.98  0.1
-0.97  0.06
-0.96  0.05
-0.95  0.05
-0.94  0.11
-0.93  0.07
-0.92  0.08
-0.91  0.07
-0.9  0.16
-0.89  0.07
-0.88  0.04
-0.87  0.06
-0.86  0.09
-0.85  0.06
-0.84  0.03
-0.83  0.08
-0.82  0.12
-0.81  0.05
-0.8  0.05
-0.79  0.07
-0.78  0.12
-0.77  0.09
-0.76  0.08
-0.75  0.04
-0.74  0.08
-0.73  0.05
-0.72  0.1
-0.71  0.11
-0.7  0.11
-0.69  0.07
-0.68  0.05
-0.67  0.08
-0.66  0.1
-0.65  0.07
-0.64  0.05
-0.63  0.07
-0.62  0.07
-0.61  0.08
-0.6  0.06
-0.59  0.08
-0.58  0.08
-0.57  0.09
-0.56  0.02
-0.55  0.07
-0.54  0.09
-0.53  0.1
-0.52  0.07
-0.51  0.11
-0.5  0.04
-0.49  0.13
-0.48  0.09
-0.47  0.06
-0.46  0.02
-0.45  0.07
-0.44  0.12
-0.43  0.11
-0.42  0.02
-0.41  0.09
-0.4  0.07
-0.39  0.08
-0.38  0.06
-0.37  0.13
-0.36  0.08
-0.35  0.03
-0.34  0.09
-0.33  0.08
-0.32  0.09
-0.31  0.07
-0.3  0.03
-0.29  0.07
-0.28  0.14
-0.27  0.07
-0.26  0.03
-0.25  0.09
-0.24  0.08
-0.23  0.08
-0.22  0.03
-0.21  0.09
-0.2  0.1
-0.19  0.08
-0.18  0.08
-0.17  0.06
-0.16  0.11
-0.15  0.09
-0.14  0.06
-0.13  0.05
-0.12  0.06
-0.11  0.17
-0.1  0.07
-0.09  0.04
-0.08  0.08
-0.07  0.06
-0.06  0.1
-0.05  0.06
-0.04  0.05
-0.03  0.08
-0.02  0.13
-0.01  0.04
-2.16197e-11  0.03
0.0001  0
0.0101  0.07
0.0201  0.13
0.0301  0.06
0.0401  0.08
0.0501  0.13
0.0601  0.06
0.0701  0.03
0.0801  0.07
0.0901  0.08
0.1001  0.1
0.1101  0.07
0.1201  0.11
0.1301  0.07
0.1401  0.09
0.1501  0.07
0.1601  0.07
0.1701  0.1
0.1801  0.07
0.1901  0.13
0.2001  0.06
0.2101  0.08
0.2201  0.11
0.2301  0.06
0.2401  0.07
0.2501  0.07
0.2601  0.07
0.2701  0.06
0.2801  0.1
0.2901  0.11
0.3001  0.11
0.3101  0.1
0.3201  0.05
0.3301  0.09
0.3401  0.12
0.3501  0.13
0.3601  0.12
0.3701  0.09
0.3801  0.1
0.3901  0.18
0.4001  0.12
0.4101  0.13
0.4201  0.1
0.4301  0.14
0.4401  0.16
0.4501  0.21
0.4601  0.16
0.4701  0.11
0.4801  0.13
0.4901  0.1
0.5001  0.1
0.5101  0.13
0.5201  0.15
0.5301  0.13
0.5401  0.13
0.5501  0.14
0.5601  0.13
0.5701  0.15
0.5801  0.16
0.5901  0.12
0.6001  0.14
0.6101  0.22
0.6201  0.16
0.6301  0.18
0.6401  0.23
0.6501  0.11
0.6601  0.17
0.6701  0.24
0.6801  0.16
0.6901  0.19
0.7001  0.27
0.7101  0.21
0.7201  0.22
0.7301  0.3
0.7401  0.19
0.7501  0.29
0.7601  0.18
0.7701  0.26
0.7801  0.15
0.7901  0.21
0.8001  0.1
0.8101  0.21
0.8201  0.18
0.8301  0.19
0.8401  0.24
0.8501  0.17
0.8601  0.29
0.8701  0.23
0.8801  0.3
0.8901  0.23
0.9001  0.31
0.9101  0.19
0.9201  0.22
0.9301  0.32
0.9401  0.27
0.9501  0.34
0.9601  0.29
0.9701  0.22
0.9801  0.29
0.9901  0.35
1.0001  0.17
1.0101  0.31
1.0201  0.29
1.0301  0.27
1.0401  0.25
1.0501  0.32
1.0601  0.3
1.0701  0.37
1.0801  0.3
1.0901  0.34
1.1001  0.29
1.1101  0.26
1.1201  0.43
1.1301  0.45
1.1401  0.3
1.1501  0.38
1.1601  0.33
1.1701  0.42
1.1801  0.4
1.1901  0.45
1.2001  0.48
1.2101  0.33
1.2201  0.35
1.2301  0.35
1.2401  0.41
1.2501  0.44
1.2601  0.44
1.2701  0.34
1.2801  0.43
1.2901  0.53
1.3001  0.43
1.3101  0.51
1.3201  0.56
1.3301  0.43
1.3401  0.51
1.3501  0.6
1.3601  0.52
1.3701  0.51
1.3801  0.37
1.3901  0.55
1.4001  0.5
1.4101  0.58
1.4201  0.56
1.4301  0.67
1.4401  0.59
1.4501  0.6
1.4601  0.65
1.4701  0.67
1.4801  0.63
1.4901  0.57
1.5001  0.67
1.5101  0.65
1.5201  0.85
1.5301  0.73
1.5401  0.62
1.5501  0.95
1.5601  0.77
1.5701  0.82
1.5801  0.8
1.5901  0.87
1.6001  0.89
1.6101  1.11
1.6201  1.06
1.6301  0.83
1.6401  1.08
1.6501  0.91
1.6601  1.07
1.6701  1.17
1.6801  1.22
1.6901  1.45
1.7001  0.99
1.7101  1.27
1.7201  1.24
1.7301  1.3
1.7401  1.5
1.7501  1.55
1.7601  1.62
1.7701  1.44
1.7801  1.74
1.7901  1.76
1.8001  1.7
1.8101  1.86
1.8201  1.92
1.8301  2.03
1.8401  2.19
1.8501  2.02
1.8601  2.2
1.8701  2.65
1.8801  2.71
1.8901  2.23
1.9001  2.43
1.9101  2.52
1.9201  2.79
1.9301  3.01
1.9401  2.96
1.9501  2.8
1.9601  3.16
1.9701  3.45
1.9801  3.26
1.9901  3.56
2.0001  3.29
2.0101  3.46
2.0201  3.29
2.0301  3.32
2.0401  2.88
2.0501  2.88
2.0601  2.93
2.0701  2.1
2.0801  2.37
2.0901  2.11
2.1001  1.88
2.1101  2.01
2.1201  2.05
2.1301  1.64
2.1401  1.76
2.1501  1.81
2.1601  1.76
2.1701  1.48
2.1801  1.34
2.1901  1.28
2.2001  1.52
2.2101  1.51
2.2201  1.44
2.2301  1.36
2.2401  1.52
2.2501  1.35
2.2601  1.38
2.2701  1.4
2.2801  1.3
2.2901  1.3
2.3001  1.22
2.3101  1.2
2.3201  1.17
2.3301  1.21
2.3401  1.2
2.3501  1.25
2.3601  1.39
2.3701  1.28
2.3801  1.18
2.3901  1.27
2.4001  1.31
2.4101  1.14
2.4201  1.19
2.4301  1.28
2.4401  1.02
2.4501  1.2
2.4601  1.33
2.4701  1.19
2.4801  1.21
2.4901  1.21
2.5001  1.49
2.5101  1.21
2.5201  1.26
2.5301  1.47
2.5401  1.28
2.5501  1.45
2.5601  1.42
2.5701  1.59
2.5801  1.52
2.5901  1.71
2.6001  1.46
2.6101  1.72
2.6201  1.6
2.6301  1.93
2.6401  1.55
2.6501  1.66
2.6601  1.89
2.6701  2.02
2.6801  1.92
2.6901  1.8
2.7001  2.24
2.7101  2
2.7201  2.21
2.7301  2.13
2.7401  2.74
2.7501  2.15
2.7601  2.68
2.7701  2.64
2.7801  2.62
2.7901  2.69
2.8001  2.65
2.8101  2.83
2.8201  2.33
2.8301  2.89
2.8401  2.7
2.8501  2.61
2.8601  3.18
2.8701  2.87
2.8801  2.92
2.8901  2.91
2.9001  2.69
2.9101  2.71
2.9201  2.45
2.9301  2.41
2.9401  2.39
2.9501  2.1
2.9601  2.15
2.9701  2.34
2.9801  2
2.9901  2.02
3.0001  1.98
3.0101  2.08
3.0201  1.69
3.0301  1.7
3.0401  1.52
3.0501  1.61
3.0601  1.55
3.0701  1.92
3.0801  1.45
3.0901  1.84
3.1001  1.68
3.1101  1.55
3.1201  1.63
3.1301  1.23
3.1401  1.47
3.1501  1.79
3.1601  1.17
3.1701  1.54
3.1801  1.27
3.1901  1.29
3.2001  1.48
3.2101  1.27
3.2201  1.54
3.2301  1.55
3.2401  1.42
3.2501  1.34
3.2601  1.4
3.2701  1.32
3.2801  1.39
3.2901  1.44
3.3001  1.31
3.3101  1.41
3.3201  1.68
3.3301  1.46
3.3401  1.61
3.3501  1.36
3.3601  1.69
3.3701  1.57
3.3801  1.68
3.3901  1.63
3.4001  1.72
3.4101  1.66
3.4201  1.45
3.4301  1.81
3.4401  1.94
3.4501  1.67
3.4601  2.1
3.4701  1.99
3.4801  1.61
3.4901  2.11
3.5001  2.11
3.5101  2.24
3.5201  2.31
3.5301  2.25
3.5401  2.19
3.5501  2.4
3.5601  2.19
3.5701  2.57
3.5801  2.4
3.5901  2.49
3.6001  2.35
3.6101  2.43
3.6201  2.42
3.6301  2.45
3.6401  2.54
3.6501  2.66
3.6601  2.5
3.6701  2.42
3.6801  2.48
3.6901  2.41
3.7001  2.54
3.7101  2.55
3.7201  2.42
3.7301  2.33
3.7401  2.27
3.7501  2.33
3.7601  2.08
3.7701  2.19
3.7801  2.06
3.7901  2.15
3.8001  2.22
3.8101  1.88
3.8201  1.88
3.8301  2.02
3.8401  1.52
3.8501  1.71
3.8601  1.66
3.8701  1.87
3.8801  1.85
3.8901  1.9
3.9001  1.69
3.9101  1.59
3.9201  1.8
3.9301  1.72
3.9401  1.47
3.9501  1.81
3.9601  1.61
3.9701  1.46
3.9801  1.58
3.9901  1.46
4.0001  1.57
4.0101  1.63
4.0201  1.55
4.0301  1.63
4.0401  1.51
4.0501  1.68
4.0601  1.73
4.0701  1.57
4.0801  1.46
4.0901  1.49
4.1001  1.54
4.1101  1.72
4.1201  1.69
4.1301  1.72
4.1401  1.59
4.1501  1.57
4.1601  1.76
4.1701  1.56
4.1801  1.65
4.1901  1.93
4.2001  1.61
4.2101  1.6
4.2201  1.53
4.2301  2.07
4.2401  2
4.2501  1.96
4.2601  1.95
4.2701  1.91
4.2801  1.89
4.2901  2.25
4.3001  1.75
4.3101  2
4.3201  2.13
4.3301  2.28
4.3401  2.09
4.3501  2.44
4.3601  2.12
4.3701  2.06
4.3801  2.4
4.3901  2.3
4.4001  2.41
4.4101  2.59
4.4201  2.31
4.4301  2.36
4.4401  2.33
4.4501  2.36
4.4601  2.14
4.4701  2.29
4.4801  2.16
4.4901  2.43
4.5001  2.34
4.5101  2.28
4.5201  2.11
4.5301  2.36
4.5401  2.14
4.5501  2.37
4.5601  2.2
4.5701  2.23
4.5801  2
4.5901  2.21
4.6001  1.99
4.6101  1.96
4.6201  2.14
4.6301  2.11
4.6401  1.97
4.6501  1.88
4.6601  1.83
4.6701  1.68
4.6801  1.81
4.6901  1.52
4.7001  1.87
4.7101  1.96
4.7201  2.07
4.7301  2.01
4.7401  1.61
4.7501  1.52
4.7601  1.79
4.7701  1.55
4.7801  1.6
4.7901  1.66
4.8001  1.66
4.8101  1.74
4.8201  1.55
4.8301  1.74
4.8401  1.86
4.8501  1.7
4.8601  1.54
4.8701  1.67
4.8801  1.5
4.8901  1.55
4.9001  1.56
4.9101  1.8
4.9201  1.66
4.9301  1.69
4.9401  1.7
4.9501  1.79
4.9601  1.76
4.9701  2.03
4.9801  1.74
4.9901  1.92
5.0001  1.76
5.0101  1.75
5.0201  1.7
5.0301  2.03
5.0401  1.88
5.0501  1.81
5.0601  1.8
5.0701  2.05
5.0801  1.87
5.0901  2.09
5.1001  2.07
5.1101  1.89
5.1201  2.15
5.1301  1.93
5.1401  2.25
5.1501  2.25
5.1601  1.95
5.1701  2.15
5.1801  2.1
5.1901  2.13
5.2001  2.19
5.2101  1.99
5.2201  2.16
5.2301  2.26
5.2401  2.35
5.2501  2.46
5.2601  2.3
5.2701  2.33
5.2801  2.28
5.2901  2.52
5.3001  2.27
5.3101  2.31
5.3201  2.01
5.3301  2.17
5.3401  2.34
5.3501  2.11
5.3601  2.31
5.3701  2.06
5.3801  2.04
5.3901  1.86
5.4001  2.07
5.4101  1.94
5.4201  2.08
5.4301  2.13
5.4401  1.93
5.4501  2.04
5.4601  1.66
5.4701  1.91
5.4801  1.67
5.4901  1.73
5.5001  1.74
5.5101  1.93
5.5201  1.81
5.5301  1.71
5.5401  1.97
5.5501  1.92
5.5601  1.79
5.5701  1.79
5.5801  1.81
5.5901  1.59
5.6001  1.73
5.6101  1.74
5.6201  1.7
5.6301  1.94
5.6401  1.82
5.6501  1.53
5.6601  1.55
5.6701  1.56
5.6801  1.69
5.6901  1.8
5.7001  1.69
5.7101  1.87
5.7201  1.77
5.7301  1.74
5.7401  1.66
5.7501  2.03
5.7601  1.76
5.7701  1.56
5.7801  1.73
5.7901  1.89
5.8001  1.76
5.8101  1.96
5.8201  1.96
5.8301  1.49
5.8401  2.03
5.8501  1.85
5.8601  2.15
5.8701  2.12
5.8801  2.08
5.8901  1.99
5.9001  1.98
5.9101  1.91
5.9201  2.11
5.9301  2.18
5.9401  2.11
5.9501  1.9
5.9601  2.23
5.9701  2.26
5.9801  2.37
5.9901  2.42
6.0001  2.02
6.0101  2.48
6.0201  2.09
6.0301  1.98
6.0401  2.08
6.0501  2.04
6.0601  2.08
6.0701  2.07
6.0801  2.05
6.0901  2.15
6.1001  2.21
6.1101  2.14
6.1201  2.18
6.1301  2.26
6.1401  2.33
6.1501  1.92
6.1601  2.08
6.1701  2.31
6.1801  1.83
6.1901  2.07
6.2001  2.07
6.2101  1.84
6.2201  2.13
6.2301  1.65
6.2401  1.87
6.2501  1.77
6.2601  1.66
6.2701  2.05
6.2801  1.91
6.2901  1.95
6.3001  1.77
6.3101  1.97
6.3201  1.81
6.3301  1.87
6.3401  1.79
6.3501  1.72
6.3601  1.72
6.3701  1.73
6.3801  1.75
6.3901  1.82
6.4001  1.96
6.4101  1.85
6.4201  1.79
6.4301  1.68
6.4401  1.72
6.4501  1.69
6.4601  1.92
6.4701  1.7
6.4801  2
6.4901  1.88
6.5001  1.78
6.5101  1.6
6.5201  2.08
6.5301  1.93
6.5401  1.69
6.5501  1.87
6.5601  1.91
6.5701  2.01
6.5801  1.76
6.5901  1.84
6.6001  2.07
6.6101  1.83
6.6201  1.86
6.6301  1.75
6.6401  2.02
6.6501  2.03
6.6601  1.85
6.6701  2.1
6.6801  2.01
6.6901  1.87
6.7001  2.07
6.7101  1.89
6.7201  2.02
6.7301  2.17
6.7401  2.21
6.7501  2.22
6.7601  1.94
6.7701  1.92
6.7801  2.15
6.7901  2.16
6.8001  2.02
6.8101  1.99
6.8201  2.14
6.8301  2.33
6.8401  2.07
6.8501  2.47
6.8601  2.11
6.8701  1.94
6.8801  1.95
6.8901  2.2
6.9001  2.12
6.9101  2.15
6.9201  2.26
6.9301  2.19
6.9401  2.16
6.9501  2.03
6.9601  2.13
6.9701  1.95
6.9801  2.05
6.9901  2.09
7.0001  1.95
7.0101  2.02
7.0201  1.97
7.0301  1.87
7.0401  1.76
7.0501  1.74
7.0601  2.12
7.0701  1.92
7.0801  2.18
7.0901  1.95
7.1001  1.77
7.1101  1.64
7.1201  1.72
7.1301  1.81
7.1401  1.67
7.1501  1.91
7.1601  1.65
7.1701  1.98
7.1801  1.86
7.1901  1.83
7.2001  2
7.2101  1.84
7.2201  1.86
7.2301  1.94
7.2401  1.94
7.2501  1.71
7.2601  1.73
7.2701  1.91
7.2801  1.92
7.2901  1.8
7.3001  1.77
7.3101  1.87
7.3201  1.62
7.3301  1.77
7.3401  2
7.3501  1.76
7.3601  2.08
7.3701  2.03
7.3801  1.98
7.3901  1.92
7.4001  1.78
7.4101  1.93
7.4201  2.35
7.4301  1.92
7.4401  2.09
7.4501  1.99
7.4601  2.06
7.4701  1.93
7.4801  1.81
7.4901  1.74
7.5001  2.14
7.5101  2.14
7.5201  1.78
7.5301  2.03
7.5401  2.27
7.5501  2.05
7.5601  2.14
7.5701  2.2
7.5801  1.84
7.5901  2.24
7.6001  1.96
7.6101  1.93
7.6201  2.01
7.6301  2.17
7.6401  2.1
7.6501  2
7.6601  2.16
7.6701  2.36
7.6801  1.88
7.6901  2.15
7.7001  2.07
7.7101  2.01
7.7201  2.11
7.7301  2.21
7.7401  1.79
7.7501  1.8
7.7601  1.98
7.7701  1.96
7.7801  1.9
7.7901  2.16
7.8001  1.94
7.8101  2.02
7.8201  1.9
7.8301  1.77
7.8401  2.1
7.8501  2.17
7.8601  1.96
7.8701  1.77
7.8801  1.87
7.8901  2.07
7.9001  1.73
7.9101  1.89
7.9201  1.72
7.9301  1.71
7.9401  1.93
7.9501  1.81
7.9601  2.02
7.9701  1.82
7.9801  1.9
7.9901  1.54
8.0001  1.76
8.0101  1.94
8.0201  1.96
8.0301  1.99
8.0401  1.78
8.0501  1.93
8.0601  1.71
8.0701  1.73
8.0801  1.87
8.0901  1.72
8.1001  1.73
8.1101  1.86
8.1201  1.98
8.1301  1.71
8.1401  2.1
8.1501  1.93
8.1601  1.86
8.1701  2.09
8.1801  1.73
8.1901  2
8.2001  1.93
8.2101  1.76
8.2201  1.8
8.2301  2.05
8.2401  1.96
8.2501  1.52
8.2601  2.18
8.2701  2.09
8.2801  2.16
8.2901  2.06
8.3001  2.11
8.3101  2.04
8.3201  2.07
8.3301  1.92
8.3401  2.14
8.3501  1.87
8.3601  1.91
8.3701  1.98
8.3801  2.19
8.3901  2.04
8.4001  2.11
8.4101  2.26
8.4201  2.24
8.4301  2.17
8.4401  2.11
8.4501  2.13
8.4601  2.18
8.4701  1.85
8.4801  2.05
8.4901  2.11
8.5001  2.22
8.5101  1.65
8.5201  1.72
8.5301  1.96
8.5401  1.82
8.5501  2.14
8.5601  1.91
8.5701  2.08
8.5801  1.69
8.5901  2.11
8.6001  1.99
8.6101  2.04
8.6201  1.95
8.6301  1.87
8.6401  1.97
8.6501  1.9
8.6601  1.88
8.6701  1.84
8.6801  2.28
8.6901  1.88
8.7001  2.06
8.7101  1.7
8.7201  1.84
8.7301  1.71
8.7401  1.76
8.7501  2.02
8.7601  1.74
8.7701  1.85
8.7801  1.74
8.7901  1.76
8.8001  1.94
8.8101  1.86
8.8201  1.89
8.8301  1.94
8.8401  1.85
8.8501  1.94
8.8601  1.73
8.8701  1.92
8.8801  1.82
8.8901  1.89
8.9001  2
8.9101  1.85
8.9201  2.13
8.9301  1.99
8.9401  2.06
8.9501  1.76
8.9601  1.72
8.9701  1.93
8.9801  1.79
8.9901  2.02
9.0001  2
9.0101  2.04
9.0201  2
9.0301  1.87
9.0401  1.86
9.0501  1.83
9.0601  2.01
9.0701  1.98
9.0801  2.02
9.0901  1.77
9.1001  2.34
9.1101  2.18
9.1201  2.14
9.1301  2.1
9.1401  1.93
9.1501  2.07
9.1601  2.08
9.1701  1.94
9.1801  2.03
9.1901  2.07
9.2001  2.12
9.2101  2.2
9.2201  2.09
9.2301  2.13
9.2401  1.99
9.2501  1.96
9.2601  2.02
9.2701  1.93
9.2801  2.14
9.2901  1.76
9.3001  1.94
9.3101  2.08
9.3201  2.24
9.3301  2.13
9.3401  1.78
9.3501  1.79
9.3601  1.92
9.3701  1.9
9.3801  1.96
9.3901  1.93
9.4001  1.89
9.4101  2.06
9.4201  1.92
9.4301  2.12
9.4401  1.93
9.4501  1.64
9.4601  1.79
9.4701  1.94
9.4801  1.89
9.4901  2.18
9.5001  2.15
9.5101  1.9
9.5201  1.75
9.5301  1.63
9.5401  2.12
9.5501  2.09
9.5601  1.79
9.5701  1.84
9.5801  1.89
9.5901  1.81
9.6001  1.65
9.6101  1.79
9.6201  2.02
9.6301  1.92
9.6401  1.97
9.6501  1.9
9.6601  1.85
9.6701  1.82
9.6801  1.91
9.6901  1.94
9.7001  1.92
9.7101  2.05
9.7201  1.96
9.7301  1.86
9.7401  1.9
9.7501  2.21
9.7601  1.85
9.7701  2.02
9.7801  2.05
9.7901  2.01
9.8001  2.06
9.8101  1.9
9.8201  2.02
9.8301  2.05
9.8401  1.91
9.8501  1.98
9.8601  2.04
9.8701  1.78
9.8801  2.11
9.8901  2.04
9.9001  2.09
9.9101  1.93
9.9201  1.89
9.9301  1.98
9.9401  2.06
9.9501  2.04
9.9601  1.9
9.9701  1.74
9.9801  2.07
9.9901  2.24
10.0001  1.94
10.0101  2.05
10.0201  2.13
10.0301  2.17
10.0401  2.18
10.0501  1.92
10.0601  1.99
10.0701  2.08
10.0801  2.05
10.0901  1.97
10.1001  2.06
10.1101  1.94
10.1201  1.83
10.1301  2.08
10.1401  2.01
10.1501  1.92
10.1601  1.95
10.1701  1.83
10.1801  1.79
10.1901  1.9
10.2001  1.98
10.2101  1.72
10.2201  2.13
10.2301  2
10.2401  1.9
10.2501  1.89
10.2601  2.04
10.2701  1.86
10.2801  1.86
10.2901  1.7
10.3001  2.24
10.3101  1.71
10.3201  1.98
10.3301  1.94
10.3401  1.89
10.3501  1.88
10.3601  1.65
10.3701  2.06
10.3801  1.83
10.3901  1.95
10.4001  1.8
10.4101  1.85
10.4201  2.05
10.4301  1.82
10.4401  1.92
10.4501  1.96
10.4601  1.64
10.4701  2.18
10.4801  1.79
10.4901  2.14
10.5001  1.87
10.5101  1.85
10.5201  2.2
10.5301  2.17
10.5401  1.82
10.5501  2.02
10.5601  1.91
10.5701  2.11
10.5801  2.08
10.5901  1.93
10.6001  1.97
10.6101  2.15
10.6201  1.92
10.6301  2.08
10.6401  1.83
10.6501  1.97
10.6601  2.15
10.6701  1.86
10.6801  1.96
10.6901  2.03
10.7001  2.01
10.7101  2.08
10.7201  1.94
10.7301  2.07
10.7401  2.07
10.7501  2
10.7601  1.86
10.7701  1.89
10.7801  1.97
10.7901  1.91
10.8001  1.88
10.8101  2.15
10.8201  1.89
10.8301  1.94
10.8401  1.9
10.8501  2.1
10.8601  1.87
10.8701  1.97
10.8801  1.94
10.8901  2.07
10.9001  1.8
10.9101  1.96
10.9201  2.01
10.9301  1.96
10.9401  2.06
10.9501  1.56
10.9601  2.17
10.9701  2.16
10.9801  1.92
10.9901  1.96
11.0001  2.11
11.0101  2.02
11.0201  1.85
11.0301  1.96
11.0401  1.82
11.0501  1.85
11.0601  2.02
11.0701  2
11.0801  1.82
11.0901  1.87
11.1001  2.14
11.1101  1.95
11.1201  1.88
11.1301  2.11
11.1401  1.96
11.1501  1.9
11.1601  2.21
11.1701  1.9
11.1801  1.77
11.1901  2.06
11.2001  1.96
11.2101  1.87
11.2201  1.88
11.2301  1.8
11.2401  2
11.2501  1.81
11.2601  1.88
11.2701  2.12
11.2801  1.86
11.2901  2.06
11.3001  1.95
11.3101  1.89
11.3201  1.84
11.3301  1.99
11.3401  2.15
11.3501  1.98
11.3601  2.17
11.3701  1.94
11.3801  1.95
11.3901  1.88
11.4001  1.75
11.4101  1.88
11.4201  2.09
11.4301  2.22
11.4401  1.97
11.4501  1.86
11.4601  1.8
11.4701  2.13
11.4801  1.95
11.4901  2.04
11.5001  2.03
11.5101  2.05
11.5201  1.64
11.5301  2.05
11.5401  1.91
11.5501  2.1
11.5601  2
11.5701  1.88
11.5801  2.16
11.5901  2.2
11.6001  1.98
11.6101  1.9
11.6201  1.69
11.6301  2.16
11.6401  2.05
11.6501  2.09
11.6601  2.03
11.6701  1.8
11.6801  2.03
11.6901  1.6
11.7001  2.09
11.7101  2.07
11.7201  1.84
11.7301  1.81
11.7401  1.95
11.7501  2.17
11.7601  1.82
11.7701  1.9
11.7801  2.04
11.7901  1.92
11.8001  1.81
11.8101  1.89
11.8201  1.98
11.8301  1.91
11.8401  1.81
11.8501  1.97
11.8601  2.4
11.8701  1.9
11.8801  2.01
11.8901  1.81
11.9001  1.95
11.9101  2.19
11.9201  1.83
11.9301  1.98
11.9401  1.81
11.9501  1.67
11.9601  2.01
11.9701  2.02
11.9801  1.89
11.9901  2.03
12.0001  2.03
12.0101  1.89
12.0201  1.9
12.0301  2
12.0401  2.23
12.0501  2.13
12.0601  1.86
12.0701  1.85
12.0801  1.98
12.0901  1.87
12.1001  1.92
12.1101  1.95
12.1201  1.76
12.1301  1.97
12.1401  2.05
12.1501  2.08
12.1601  2.13
12.1701  2.08
12.1801  2.05
12.1901  1.97
12.2001  1.87
12.2101  1.89
12.2201  2
12.2301  2.03
12.2401  2.12
12.2501  1.98
12.2601  2.07
12.2701  2.01
12.2801  1.83
12.2901  1.76
12.3001  2
12.3101  2.04
12.3201  2.12
12.3301  2.03
12.3401  2
12.3501  1.85
12.3601  1.82
12.3701  2.09
12.3801  2.07
12.3901  2.03
12.4001  1.85
12.4101  1.96
12.4201  2
12.4301  2
12.4401  1.95
12.4501  1.72
12.4601  2.19
12.4701  1.89
12.4801  1.88
12.4901  2.09
12.5001  1.92
12.5101  1.94
12.5201  1.79
12.5301  2.13
12.5401  2
12.5501  2.04
12.5601  1.84
12.5701  1.92
12.5801  1.81
12.5901  1.87
12.6001  2
12.6101  1.84
12.6201  1.81
12.6301  2.07
12.6401  1.85
12.6501  2.09
12.6601  2.01
12.6701  1.91
12.6801  2.03
12.6901  1.93
12.7001  2
12.7101  1.85
12.7201  1.96
12.7301  1.85
12.7401  2.14
12.7501  1.95
12.7601  1.98
12.7701  2.05
12.7801  1.84
12.7901  1.8
12.8001  2.13
12.8101  1.66
12.8201  2.2
12.8301  2.07
12.8401  1.84
12.8501  2.07
12.8601  1.94
12.8701  2.17
12.8801  1.95
12.8901  1.68
12.9001  1.95
12.9101  1.78
12.9201  2.02
12.9301  2.02
12.9401  1.9
12.9501  2.02
12.9601  1.83
12.9701  1.82
12.9801  2.33
12.9901  2.22
13.0001  2.02
13.0101  1.86
13.0201  2.05
13.0301  2.09
13.0401  2.12
13.0501  1.85
13.0601  2.17
13.0701  1.83
13.0801  1.75
13.0901  1.82
13.1001  1.89
13.1101  1.99
13.1201  1.98
13.1301  1.85
13.1401  2.1
13.1501  2.18
13.1601  1.89
13.1701  2.11
13.1801  1.94
13.1901  1.76
13.2001  1.98
13.2101  1.89
13.2201  1.8
13.2301  1.98
13.2401  2.24
13.2501  1.98
13.2601  1.83
13.2701  2.11
13.2801  1.98
13.2901  1.9
13.3001  2.01
13.3101  2
13.3201  1.72
13.3301  1.86
13.3401  1.84
13.3501  1.94
13.3601  1.78
13.3701  2.15
13.3801  1.91
13.3901  2.05
13.4001  1.88
13.4101  1.73
13.4201  1.94
13.4301  2.05
13.4401  2.11
13.4501  2.04
13.4601  1.97
13.4701  1.58
13.4801  1.81
13.4901  1.85
13.5001  1.99
13.5101  2.03
13.5201  2.13
13.5301  1.83
13.5401  1.8
13.5501  2.13
13.5601  1.71
13.5701  1.89
13.5801  1.93
13.5901  2.16
13.6001  1.72
13.6101  1.94
13.6201  1.75
13.6301  2.04
13.6401  1.92
13.6501  2.25
13.6601  2.06
13.6701  1.83
13.6801  1.86
13.6901  1.77
13.7001  1.92
13.7101  1.94
13.7201  1.92
13.7301  2.32
13.7401  2.05
13.7501  2.07
13.7601  2.13
13.7701  1.79
13.7801  1.92
13.7901  2.15
13.8001  1.66
13.8101  2.01
13.8201  2.11
13.8301  2.02
13.8401  1.98
13.8501  1.82
13.8601  1.94
13.8701  1.88
13.8801  1.89
13.8901  2.05
13.9001  2.03
13.9101  2.18
13.9201  2.11
13.9301  2.05
13.9401  1.91
13.9501  1.81
13.9601  2
13.9701  2.02
13.9801  1.89
13.9901  1.97
14.0001  1.69
14.0101  2
14.0201  2.18
14.0301  1.91
14.0401  1.95
14.0501  1.97
14.0601  2.2
14.0701  2.03
14.0801  1.99
14.0901  1.97
14.1001  1.82
14.1101  1.98
14.1201  1.92
14.1301  1.99
14.1401  1.92
14.1501  1.9
14.1601  1.71
14.1701  1.83
14.1801  2.11
14.1901  1.75
14.2001  1.9
14.2101  1.78
14.2201  1.96
14.2301  1.91
14.2401  1.91
14.2501  2.26
14.2601  2.14
14.2701  1.98
14.2801  2.19
14.2901  1.73
14.3001  1.82
14.3101  1.93
14.3201  1.92
14.3301  2.05
14.3401  1.79
14.3501  1.85
14.3601  1.74
14.3701  1.94
14.3801  2.13
14.3901  2.1
14.4001  1.99
14.4101  1.86
14.4201  1.97
14.4301  2.05
14.4401  2
14.4501  1.82
14.4601  2.29
14.4701  1.97
14.4801  1.92
14.4901  1.84
14.5001  1.87
14.5101  1.79
14.5201  1.98
14.5301  2
14.5401  1.8
14.5501  2.15
14.5601  2.19
14.5701  1.84
14.5801  1.96
14.5901  2.03
14.6001  1.88
14.6101  2
14.6201  2.04
14.6301  1.89
14.6401  1.94
14.6501  1.97
14.6601  1.89
14.6701  2.06
14.6801  1.85
14.6901  2.27
14.7001  1.96
14.7101  2.08
14.7201  2.03
14.7301  2.03
14.7401  1.96
14.7501  2.09
14.7601  1.89
14.7701  1.91
14.7801  1.78
14.7901  2.01
14.8001  1.94
14.8101  2.44
14.8201  2.06
14.8301  1.96
14.8401  1.71
14.8501  1.92
14.8601  1.98
14.8701  2.16
14.8801  1.92
14.8901  2
14.9001  1.93
14.9101  1.99
14.9201  1.94
14.9301  2.2
14.9401  1.94
14.9501  2.03
14.9601  2.1
14.9701  1.86
14.9801  1.8
14.9901  1.78
15.0001  1.9
15.0101  1.76
15.0201  1.84
15.0301  2.09
15.0401  1.7
15.0501  1.96
15.0601  1.94
15.0701  1.97
15.0801  2
15.0901  1.84
15.1001  1.85
15.1101  2.13
15.1201  1.98
15.1301  1.87
15.1401  1.95
15.1501  1.78
15.1601  1.89
15.1701  2.04
15.1801  2.06
15.1901  1.8
15.2001  1.76
15.2101  1.74
15.2201  1.87
15.2301  1.99
15.2401  1.86
15.2501  1.88
15.2601  2.09
15.2701  2.03
15.2801  2.22
15.2901  1.8
15.3001  1.94
15.3101  2.11
15.3201  2.11
15.3301  1.74
15.3401  1.98
15.3501  2.06
15.3601  2.07
15.3701  2.13
15.3801  2.29
15.3901  1.92
15.4001  1.99
15.4101  2.1
15.4201  1.88
15.4301  2.11
15.4401  2.23
15.4501  1.86
15.4601  1.86
15.4701  1.91
15.4801  2.19
15.4901  1.83
15.5001  2.07
15.5101  2.22
15.5201  1.97
15.5301  1.96
15.5401  2.28
15.5501  1.92
15.5601  1.91
15.5701  1.9
15.5801  2.2
15.5901  1.8
15.6001  2.14
15.6101  1.96
15.6201  1.77
15.6301  1.88
15.6401  1.9
15.6501  2.08
15.6601  2.02
15.6701  1.86
15.6801  1.83
15.6901  1.88
15.7001  1.57
15.7101  1.94
15.7201  1.86
15.7301  1.98
15.7401  1.7
15.7501  1.79
15.7601  2
15.7701  2.01
15.7801  1.96
15.7901  2.1
15.8001  1.91
15.8101  1.99
15.8201  2.01
15.8301  1.98
15.8401  2.02
15.8501  1.94
15.8601  1.87
15.8701  1.91
15.8801  1.95
15.8901  1.71
15.9001  1.8
15.9101  1.64
15.9201  1.8
15.9301  1.93
15.9401  2.09
15.9501  2.03
15.9601  2.05
15.9701  1.91
15.9801  2.04
15.9901  1.97
16.0001  1.91
16.0101  1.98
16.0201  2.06
16.0301  1.97
16.0401  1.97
16.0501  1.95
16.0601  2.26
16.0701  1.99
16.0801  1.85
16.0901  1.89
16.1001  2.1
16.1101  2
16.1201  1.98
16.1301  2.07
16.1401  1.88
16.1501  1.99
16.1601  1.93
16.1701  1.93
16.1801  2.08
16.1901  1.82
16.2001  2.06
16.2101  1.78
16.2201  1.91
16.2301  1.84
16.2401  2.15
16.2501  2.28
16.2601  1.94
16.2701  1.79
16.2801  1.63
16.2901  2.2
16.3001  2.02
16.3101  2.06
16.3201  2.3
16.3301  1.97
16.3401  1.77
16.3501  2.1
16.3601  1.91
16.3701  1.95
16.3801  2.08
16.3901  1.78
16.4001  1.69
16.4101  1.96
16.4201  1.97
16.4301  1.95
16.4401  2.03
16.4501  1.85
16.4601  2.03
16.4701  2.12
16.4801  1.78
16.4901  1.76
16.5001  2.25
16.5101  1.63
16.5201  1.72
16.5301  2.16
16.5401  2.01
16.5501  1.89
16.5601  1.95
16.5701  1.74
16.5801  2.14
16.5901  1.9
16.6001  2.04
16.6101  1.75
16.6201  2.03
16.6301  1.92
16.6401  2.12
16.6501  2.02
16.6601  1.76
16.6701  1.73
16.6801  1.82
16.6901  1.92
16.7001  1.95
16.7101  1.94
16.7201  2.03
16.7301  2.12
16.7401  1.66
16.7501  1.98
16.7601  2.14
16.7701  1.8
16.7801  1.91
16.7901  2.02
16.8001  2.22
16.8101  1.91
16.8201  1.93
16.8301  2.07
16.8401  1.89
16.8501  2.19
16.8601  1.87
16.8701  1.75
16.8801  1.71
16.8901  1.98
16.9001  1.9
16.9101  2.12
16.9201  2.06
16.9301  2.03
16.9401  2.04
16.9501  1.67
16.9601  2.12
16.9701  2.16
16.9801  1.82
16.9901  2.28
17.0001  2.01
17.0101  1.93
17.0201  1.9
17.0301  1.83
17.0401  2.06
17.0501  1.97
17.0601  2.12
17.0701  1.91
17.0801  1.99
17.0901  1.87
17.1001  1.97
17.1101  1.79
17.1201  2.05
17.1301  1.95
17.1401  1.88
17.1501  2.17
17.1601  1.84
17.1701  1.86
17.1801  1.77
17.1901  1.94
17.2001  2.06
17.2101  1.91
17.2201  2.05
17.2301  2.09
17.2401  2.07
17.2501  2.01
17.2601  1.98
17.2701  1.82
17.2801  2.06
17.2901  2.06
17.3001  1.78
17.3101  1.83
17.3201  2.08
17.3301  1.85
17.3401  1.92
17.3501  1.98
17.3601  1.95
17.3701  1.64
17.3801  1.9
17.3901  2.03
17.4001  2.1
17.4101  2.04
17.4201  1.97
17.4301  1.71
17.4401  2.04
17.4501  1.95
17.4601  2.17
17.4701  1.75
17.4801  1.97
17.4901  1.86
17.5001  1.94
17.5101  1.68
17.5201  2.05
17.5301  1.87
17.5401  2.01
17.5501  1.98
17.5601  1.85
17.5701  1.87
17.5801  1.93
17.5901  1.93
17.6001  1.98
17.6101  2
17.6201  1.93
17.6301  2.03
17.6401  1.77
17.6501  1.93
17.6601  1.84
17.6701  2.12
17.6801  1.9
17.6901  2.24
17.7001  1.68
17.7101  2.03
17.7201  1.93
17.7301  1.94
17.7401  1.96
17.7501  2.08
17.7601  1.87
17.7701  1.94
17.7801  1.76
17.7901  1.89
17.8001  2.06
17.8101  1.94
17.8201  2.01
17.8301  1.98
17.8401  2.03
17.8501  2.16
17.8601  1.99
17.8701  2.14
17.8801  2.34
17.8901  1.96
17.9001  1.86
17.9101  1.83
17.9201  1.77
17.9301  2.36
17.9401  2.18
17.9501  1.71
17.9601  2.08
17.9701  1.99
17.9801  2.12
17.9901  1.78
18.0001  1.95
18.0101  2.01
18.0201  1.79
18.0301  1.87
18.0401  1.95
18.0501  1.93
18.0601  1.79
18.0701  1.73
18.0801  2.03
18.0901  1.86
18.1001  2
18.1101  1.9
18.1201  2.02
18.1301  1.82
18.1401  2.14
18.1501  1.99
18.1601  1.89
18.1701  1.8
18.1801  1.94
18.1901  1.94
18.2001  2.02
18.2101  1.96
18.2201  1.92
18.2301  2.01
18.2401  1.77
18.2501  1.93
18.2601  1.77
18.2701  1.93
18.2801  1.98
18.2901  1.73
18.3001  2.42
18.3101  1.77
18.3201  1.92
18.3301  1.8
18.3401  1.82
18.3501  1.86
18.3601  2.25
18.3701  1.86
18.3801  2.34
18.3901  1.99
18.4001  2.24
18.4101  1.8
18.4201  1.91
18.4301  2.14
18.4401  1.81
18.4501  2.11
18.4601  1.91
18.4701  1.97
18.4801  1.84
18.4901  2.14
18.5001  2.16
18.5101  1.92
18.5201  1.93
18.5301  1.93
18.5401  1.95
18.5501  2.01
18.5601  1.98
18.5701  1.97
18.5801  2.01
18.5901  1.89
18.6001  1.66
18.6101  1.93
18.6201  1.97
18.6301  1.95
18.6401  1.81
18.6501  2.01
18.6601  2.08
18.6701  1.7
18.6801  2.09
18.6901  1.92
18.7001  1.89
18.7101  1.92
18.7201  1.89
18.7301  1.99
18.7401  1.99
18.7501  2.09
18.7601  2.01
18.7701  2.02
18.7801  1.99
18.7901  1.75
18.8001  1.99
18.8101  1.89
18.8201  2.15
18.8301  1.85
18.8401  1.99
18.8501  2.07
18.8601  2.07
18.8701  1.9
18.8801  1.94
18.8901  1.78
18.9001  1.96
18.9101  2.3
18.9201  2.21
18.9301  2
18.9401  1.99
18.9501  1.93
18.9601  1.83
18.9701  1.94
18.9801  1.98
18.9901  1.97
19.0001  1.93
19.0101  1.94
19.0201  1.97
19.0301  1.96
19.0401  2.22
19.0501  1.95
19.0601  2.08
19.0701  1.85
19.0801  1.88
19.0901  2
19.1001  2.15
19.1101  2
19.1201  1.82
19.1301  1.95
19.1401  1.93
19.1501  2.01
19.1601  1.85
19.1701  2.05
19.1801  1.8
19.1901  1.91
19.2001  1.88
19.2101  2.02
19.2201  1.89
19.2301  1.68
19.2401  1.84
19.2501  1.9
19.2601  2.06
19.2701  2.33
19.2801  2.14
19.2901  1.67
19.3001  1.96
19.3101  2.07
19.3201  1.84
19.3301  1.86
19.3401  1.78
19.3501  2.04
19.3601  1.78
19.3701  2.04
19.3801  2.04
19.3901  1.89
19.4001  2.12
19.4101  1.79
19.4201  1.83
19.4301  2.17
19.4401  1.88
19.4501  1.99
19.4601  1.99
19.4701  1.97
19.4801  1.99
19.4901  1.94
19.5001  1.88
19.5101  1.98
19.5201  1.89
19.5301  1.88
19.5401  2.12
19.5501  1.97
19.5601  2.04
19.5701  2.09
19.5801  1.81
19.5901  1.76
19.6001  1.87
19.6101  1.92
19.6201  1.85
19.6301  1.98
19.6401  2.19
19.6501  2.14
19.6601  2.01
19.6701  2.1
19.6801  1.82
19.6901  1.89
19.7001  2.16
19.7101  1.98
19.7201  1.91
19.7301  2.16
19.7401  2
19.7501  2.01
19.7601  1.95
19.7701  1.76
19.7801  1.96
19.7901  1.94
19.8001  1.67
19.8101  2.01
19.8201  1.8
19.8301  2.3
19.8401  2.05
19.8501  1.8
19.8601  1.71
19.8701  2.26
19.8801  2.06
19.8901  2.11
19.9001  2.08
19.9101  1.84
19.9201  1.78
19.9301  2.22
19.9401  1.84
19.9501  1.96
19.9601  1.8
19.9701  1.87
19.9801  1.8
19.9901  2.04
20.0001  1.87
20.0101  1.93
20.0201  2.04
20.0301  2.04
20.0401  1.81
20.0501  2.14
20.0601  1.83
20.0701  2.04
20.0801  2.29
20.0901  1.95
20.1001  1.9
20.1101  1.8
20.1201  1.96
20.1301  1.88
20.1401  2.12
20.1501  1.78
20.1601  1.81
20.1701  1.83
20.1801  1.98
20.1901  2.04
20.2001  1.81
20.2101  2
20.2201  1.9
20.2301  2.08
20.2401  1.75
20.2501  1.78
20.2601  1.98
20.2701  2.18
20.2801  1.79
20.2901  2.06
20.3001  1.8
20.3101  2.2
20.3201  1.94
20.3301  1.78
20.3401  2.22
20.3501  2.13
20.3601  2.02
20.3701  1.97
20.3801  1.96
20.3901  2.16
20.4001  1.92
20.4101  2.02
20.4201  1.8
20.4301  1.83
20.4401  1.88
20.4501  1.9
20.4601  1.94
20.4701  2.03
20.4801  1.91
20.4901  1.77
20.5001  2.32
20.5101  1.88
20.5201  1.99
20.5301  1.97
20.5401  1.85
20.5501  1.81
20.5601  1.96
20.5701  1.97
20.5801  1.96
20.5901  2.12
20.6001  1.89
20.6101  1.79
20.6201  2
20.6301  2.01
20.6401  1.97
20.6501  2.07
20.6601  1.83
20.6701  2.2
20.6801  1.75
20.6901  1.78
20.7001  1.91
20.7101  1.79
20.7201  1.95
20.7301  1.92
20.7401  1.99
20.7501  1.83
20.7601  1.96
20.7701  2.02
20.7801  2.03
20.7901  2
20.8001  1.95
20.8101  2
20.8201  1.96
20.8301  1.9
20.8401  1.66
20.8501  2.41
20.8601  1.99
20.8701  1.85
20.8801  1.94
20.8901  2.03
20.9001  1.97
20.9101  1.86
20.9201  1.84
20.9301  2.03
20.9401  2.04
20.9501  1.97
20.9601  2.44
20.9701  1.87
20.9801  2.22
20.9901  1.72
21.0001  1.85
21.0101  1.86
21.0201  2.18
21.0301  1.93
21.0401  1.98
21.0501  1.92
21.0601  2.03
21.0701  1.78
21.0801  1.99
21.0901  2
21.1001  1.78
21.1101  2.05
21.1201  1.85
21.1301  1.81
21.1401  1.89
21.1501  2.05
21.1601  1.98
21.1701  2.02
21.1801  2
21.1901  1.96
21.2001  2
21.2101  1.93
21.2201  1.89
21.2301  1.96
21.2401  2.02
21.2501  2.14
21.2601  1.7
21.2701  1.98
21.2801  1.84
21.2901  1.97
21.3001  2.01
21.3101  1.89
21.3201  1.98
21.3301  2.15
21.3401  1.74
21.3501  1.89
21.3601  2.02
21.3701  1.87
21.3801  2.27
21.3901  1.59
21.4001  2.09
21.4101  2.11
21.4201  1.84
21.4301  2.04
21.4401  2.08
21.4501  2.11
21.4601  2.08
21.4701  1.76
21.4801  1.99
21.4901  1.73
21.5001  1.99
21.5101  1.93
21.5201  1.91
21.5301  1.93
21.5401  2.08
21.5501  2.01
21.5601  1.91
21.5701  2.16
21.5801  2.15
21.5901  1.99
21.6001  1.87
21.6101  1.7
21.6201  1.95
21.6301  2.06
21.6401  2.12
21.6501  2.1
21.6601  1.95
21.6701  1.91
21.6801  1.98
21.6901  1.99
21.7001  1.98
21.7101  2.12
21.7201  1.94
21.7301  1.87
21.7401  2.06
21.7501  2.08
21.7601  1.93
21.7701  1.9
21.7801  1.93
21.7901  1.86
21.8001  2
21.8101  1.86
21.8201  1.9
21.8301  2.13
21.8401  2.01
21.8501  1.92
21.8601  2.21
21.8701  1.73
21.8801  1.82
21.8901  2.11
21.9001  1.72
21.9101  1.94
21.9201  2.07
21.9301  1.94
21.9401  1.81
21.9501  2.2
21.9601  1.78
21.9701  2.23
21.9801  2.05
21.9901  1.81
22.0001  1.92
22.0101  1.89
22.0201  2.07
22.0301  1.98
22.0401  2.16
22.0501  1.85
22.0601  1.87
22.0701  1.99
22.0801  1.89
22.0901  1.88
22.1001  1.77
22.1101  2.14
22.1201  2.07
22.1301  2.16
22.1401  1.83
22.1501  1.91
22.1601  2.05
22.1701  2.15
22.1801  1.97
22.1901  2.06
22.2001  1.92
22.2101  2.42
22.2201  1.79
22.2301  1.99
22.2401  2.04
22.2501  1.74
22.2601  2.05
22.2701  2.12
22.2801  1.83
22.2901  2.18
22.3001  1.88
22.3101  1.96
22.3201  2
22.3301  2.11
22.3401  1.97
22.3501  1.99
22.3601  2.04
22.3701  1.87
22.3801  1.81
22.3901  1.89
22.4001  2
22.4101  2.18
22.4201  1.93
22.4301  2.16
22.4401  1.75
22.4501  1.89
22.4601  2.1
22.4701  1.9
22.4801  1.93
22.4901  2.1
22.5001  1.99
22.5101  1.88
22.5201  1.87
22.5301  1.98
22.5401  1.82
22.5501  1.97
22.5601  2.01
22.5701  2.3
22.5801  1.89
22.5901  1.98
22.6001  2.09
22.6101  1.98
22.6201  1.83
22.6301  1.78
22.6401  1.71
22.6501  2.06
22.6601  1.9
22.6701  1.91
22.6801  2.13
22.6901  1.75
22.7001  1.84
22.7101  2.1
22.7201  1.97
22.7301  1.99
22.7401  1.73
22.7501  1.97
22.7601  1.93
22.7701  1.96
22.7801  2.05
22.7901  1.99
22.8001  2.05
22.8101  1.82
22.8201  2.02
22.8301  1.9
22.8401  2.1
22.8501  2.12
22.8601  1.93
22.8701  1.66
22.8801  2.16
22.8901  2
22.9001  1.91
22.9101  2.06
22.9201  1.96
22.9301  2.01
22.9401  1.96
22.9501  2.29
22.9601  1.86
22.9701  1.87
22.9801  2.17
22.9901  1.92
23.0001  1.77
23.0101  1.94
23.0201  1.86
23.0301  2.08
23.0401  2.13
23.0501  2.28
23.0601  2.12
23.0701  2.07
23.0801  1.98
23.0901  2.02
23.1001  2.01
23.1101  2.08
23.1201  1.88
23.1301  1.94
23.1401  1.81
23.1501  1.92
23.1601  1.97
23.1701  1.91
23.1801  1.89
23.1901  1.97
23.2001  2.06
23.2101  1.84
23.2201  1.99
23.2301  1.89
23.2401  2.11
23.2501  1.99
23.2601  1.95
23.2701  2.07
23.2801  2.03
23.2901  1.89
23.3001  1.95
23.3101  1.92
23.3201  1.91
23.3301  2.09
23.3401  1.94
23.3501  2.05
23.3601  1.99
23.3701  2.1
23.3801  1.96
23.3901  1.86
23.4001  1.87
23.4101  1.91
23.4201  1.64
23.4301  2.05
23.4401  2.06
23.4501  2.2
23.4601  1.98
23.4701  2.15
23.4801  2.07
23.4901  1.9
23.5001  1.89
23.5101  1.91
23.5201  1.64
23.5301  1.97
23.5401  1.81
23.5501  2.02
23.5601  2.09
23.5701  1.93
23.5801  1.95
23.5901  2
23.6001  2.08
23.6101  2
23.6201  2
23.6301  1.92
23.6401  1.95
23.6501  1.87
23.6601  1.96
23.6701  1.89
23.6801  2.02
23.6901  1.68
23.7001  1.95
23.7101  2.07
23.7201  1.88
23.7301  2.2
23.7401  1.89
23.7501  1.97
23.7601  2.13
23.7701  1.91
23.7801  1.96
23.7901  1.97
23.8001  1.84
23.8101  1.9
23.8201  1.81
23.8301  2.17
23.8401  1.94
23.8501  1.95
23.8601  2.02
23.8701  2.06
23.8801  1.91
23.8901  2.02
23.9001  2.02
23.9101  1.9
23.9201  1.76
23.9301  1.98
23.9401  2.01
23.9501  2.02
23.9601  2.01
23.9701  1.84
23.9801  2.15
23.9901  1.99
24.0001  2.08
24.0101  1.87
24.0201  1.91
24.0301  1.97
24.0401  1.86
24.0501  1.71
24.0601  2.17
24.0701  1.97
24.0801  2.14
24.0901  2.01
24.1001  2
24.1101  1.75
24.1201  2.08
24.1301  2.11
24.1401  1.97
24.1501  1.86
24.1601  2
24.1701  1.88
24.1801  1.79
24.1901  1.87
24.2001  1.88
24.2101  1.93
24.2201  2.2
24.2301  1.99
24.2401  2.05
24.2501  2.05
24.2601  2.15
24.2701  1.83
24.2801  1.97
24.2901  1.85
24.3001  2.04
24.3101  1.63
24.3201  1.96
24.3301  1.87
24.3401  1.8
24.3501  2.21
24.3601  1.9
24.3701  2.03
24.3801  1.94
24.3901  1.91
24.4001  1.92
24.4101  1.64
24.4201  1.97
24.4301  1.87
24.4401  1.9
24.4501  1.96
24.4601  2.15
24.4701  1.85
24.4801  2.03
24.4901  2.06
24.5001  1.92
24.5101  1.94
24.5201  1.89
24.5301  1.92
24.5401  1.84
24.5501  1.66
24.5601  2.02
24.5701  2.11
24.5801  1.75
24.5901  1.89
24.6001  2.07
24.6101  1.9
24.6201  2.12
24.6301  2.04
24.6401  1.87
24.6501  1.99
24.6601  1.78
24.6701  2.25
24.6801  2.09
24.6901  1.95
24.7001  1.94
24.7101  2.15
24.7201  2.07
24.7301  1.77
24.7401  2
24.7501  2.08
24.7601  2
24.7701  1.94
24.7801  1.76
24.7901  1.99
24.8001  2.49
24.8101  1.78
24.8201  1.94
24.8301  1.79
24.8401  1.99
24.8501  2.06
24.8601  2.01
24.8701  2.19
24.8801  1.65
24.8901  2.02
24.9001  1.98
24.9101  1.93
24.9201  2.01
24.9301  2
24.9401  1.91
24.9501  1.8
24.9601  1.98
24.9701  1.78
24.9801  2.07
24.9901  2.08
25.0001  1.89
25.0101  2.14
25.0201  1.89
25.0301  2.05
25.0401  2.14
25.0501  2
25.0601  2.01
25.0701  1.85
25.0801  1.7
25.0901  1.88
25.1001  1.95
25.1101  1.83
25.1201  1.84
25.1301  1.97
25.1401  2.1
25.1501  1.87
25.1601  1.8
25.1701  1.98
25.1801  2.08
25.1901  2.07
25.2001  1.87
25.2101  1.79
25.2201  2.03
25.2301  1.8
25.2401  1.81
25.2501  2.16
25.2601  2.12
25.2701  1.96
25.2801  2.13
25.2901  1.8
25.3001  1.93
25.3101  2.2
25.3201  1.81
25.3301  1.94
25.3401  1.86
25.3501  1.87
25.3601  1.95
25.3701  2.09
25.3801  1.98
25.3901  1.99
25.4001  1.83
25.4101  2.07
25.4201  2.09
25.4301  1.85
25.4401  1.89
25.4501  2.13
25.4601  1.99
25.4701  1.69
25.4801  1.7
25.4901  1.85
25.5001  2.06
25.5101  2.09
25.5201  2.02
25.5301  2.19
25.5401  2.04
25.5501  1.98
25.5601  1.8
25.5701  2.19
25.5801  1.8
25.5901  2.03
25.6001  1.98
25.6101  1.89
25.6201  1.85
25.6301  2.26
25.6401  1.87
25.6501  2.06
25.6601  2.2
25.6701  1.79
25.6801  1.9
25.6901  2.02
25.7001  1.99
25.7101  1.82
25.7201  1.86
25.7301  2.05
25.7401  2.13
25.7501  1.79
25.7601  2.2
25.7701  1.91
25.7801  2.11
25.7901  1.92
25.8001  1.81
25.8101  2.06
25.8201  2.05
25.8301  2.14
25.8401  1.93
25.8501  1.99
25.8601  1.84
25.8701  1.98
25.8801  2
25.8901  1.96
25.9001  1.96
25.9101  1.88
25.9201  1.98
25.9301  2.18
25.9401  1.88
25.9501  1.9
25.9601  2.02
25.9701  1.84
25.9801  1.78
25.9901  2.06
26.0001  2.07
26.0101  1.74
26.0201  1.7
26.0301  1.98
26.0401  1.94
26.0501  2.09
26.0601  1.77
26.0701  1.89
26.0801  2.16
26.0901  1.89
26.1001  1.82
26.1101  2.09
26.1201  1.93
26.1301  1.92
26.1401  2.06
26.1501  1.94
26.1601  2.23
26.1701  1.84
26.1801  1.84
26.1901  1.85
26.2001  2.04
26.2101  1.87
26.2201  1.76
26.2301  1.98
26.2401  2.05
26.2501  2.17
26.2601  1.71
26.2701  2.13
26.2801  1.91
26.2901  1.95
26.3001  1.79
26.3101  2.06
26.3201  2.19
26.3301  2.11
26.3401  1.96
26.3501  1.96
26.3601  1.76
26.3701  1.93
26.3801  1.99
26.3901  2.04
26.4001  2.01
26.4101  2.11
26.4201  1.95
26.4301  2
26.4401  2.05
26.4501  2.09
26.4601  2.09
26.4701  1.88
26.4801  2.11
26.4901  2.03
26.5001  1.97
26.5101  1.87
26.5201  1.93
26.5301  2.05
26.5401  1.93
26.5501  1.81
26.5601  2.03
26.5701  2.04
26.5801  1.75
26.5901  2.06
26.6001  2.02
26.6101  1.77
26.6201  2.08
26.6301  2.03
26.6401  1.9
26.6501  1.96
26.6601  1.65
26.6701  2.09
26.6801  1.96
26.6901  2.04
26.7001  1.74
26.7101  1.76
26.7201  2.18
26.7301  1.82
26.7401  1.9
26.7501  1.94
26.7601  1.7
26.7701  1.92
26.7801  2.06
26.7901  2.01
26.8001  1.91
26.8101  1.93
26.8201  1.91
26.8301  1.66
26.8401  2.09
26.8501  2.08
26.8601  1.95
26.8701  1.95
26.8801  2.16
26.8901  1.81
26.9001  1.97
26.9101  1.94
26.9201  2.13
26.9301  1.76
26.9401  1.84
26.9501  1.66
26.9601  1.93
26.9701  2
26.9801  2.02
26.9901  1.89
27.0001  1.95
27.0101  1.98
27.0201  2.1
27.0301  1.88
27.0401  1.97
27.0501  1.9
27.0601  1.87
27.0701  2.13
27.0801  1.89
27.0901  1.91
27.1001  2.27
27.1101  1.97
27.1201  1.83
27.1301  1.95
27.1401  2.03
27.1501  2.03
27.1601  2.05
27.1701  2.01
27.1801  1.85
27.1901  2.08
27.2001  2.06
27.2101  2.05
27.2201  1.98
27.2301  2.17
27.2401  1.83
27.2501  1.83
27.2601  1.94
27.2701  1.77
27.2801  1.96
27.2901  2.1
27.3001  2.03
27.3101  2.06
27.3201  2.03
27.3301  1.79
27.3401  1.79
27.3501  1.94
27.3601  2.02
27.3701  2.02
27.3801  1.82
27.3901  1.97
27.4001  2.15
27.4101  1.85
27.4201  1.92
27.4301  2.13
27.4401  1.84
27.4501  1.85
27.4601  1.92
27.4701  1.93
27.4801  2.01
27.4901  2.23
27.5001  1.8
27.5101  2.11
27.5201  1.66
27.5301  1.94
27.5401  2.08
27.5501  1.89
27.5601  1.93
27.5701  1.77
27.5801  2.05
27.5901  1.94
27.6001  1.77
27.6101  2.12
27.6201  1.92
27.6301  2
27.6401  1.9
27.6501  2.13
27.6601  2.02
27.6701  1.99
27.6801  1.92
27.6901  1.95
27.7001  1.96
27.7101  2.04
27.7201  1.71
27.7301  1.84
27.7401  1.91
27.7501  1.94
27.7601  1.92
27.7701  1.83
27.7801  2.04
27.7901  2.02
27.8001  1.75
27.8101  2.12
27.8201  2.01
27.8301  2.14
27.8401  1.83
27.8501  2.15
27.8601  2
27.8701  2.03
27.8801  1.9
27.8901  2.03
27.9001  1.76
27.9101  2.12
27.9201  1.95
27.9301  1.82
27.9401  2.13
27.9501  1.87
27.9601  1.87
27.9701  1.88
27.9801  2.07
27.9901  2.04
28.0001  1.97
28.0101  1.88
28.0201  2.07
28.0301  2.04
28.0401  1.93
28.0501  1.92
28.0601  1.92
28.0701  1.98
28.0801  2.04
28.0901  2.14
28.1001  2.07
28.1101  2.08
28.1201  1.9
28.1301  1.78
28.1401  2.12
28.1501  2.02
28.1601  1.56
28.1701  2.19
28.1801  1.86
28.1901  1.94
28.2001  2.01
28.2101  2.02
28.2201  2.2
28.2301  1.75
28.2401  2.18
28.2501  1.81
28.2601  1.91
28.2701  2.12
28.2801  1.64
28.2901  2.07
28.3001  1.96
28.3101  2.05
28.3201  1.95
28.3301  2.06
28.3401  1.83
28.3501  1.97
28.3601  1.9
28.3701  1.93
28.3801  1.91
28.3901  2.09
28.4001  1.71
28.4101  2.3
28.4201  2.12
28.4301  1.83
28.4401  1.84
28.4501  2.04
28.4601  2.11
28.4701  2
28.4801  1.92
28.4901  1.7
28.5001  1.95
28.5101  1.89
28.5201  2.1
28.5301  1.87
28.5401  2
28.5501  2.33
28.5601  1.93
28.5701  1.95
28.5801  1.63
28.5901  2.37
28.6001  2.04
28.6101  2
28.6201  2.08
28.6301  1.93
28.6401  1.94
28.6501  2.15
28.6601  1.79
28.6701  1.96
28.6801  1.84
28.6901  2.24
28.7001  1.72
28.7101  1.98
28.7201  2.22
28.7301  1.96
28.7401  2.19
28.7501  1.8
28.7601  1.76
28.7701  2.01
28.7801  1.97
28.7901  1.94
28.8001  2.23
28.8101  1.76
28.8201  1.71
28.8301  2.24
28.8401  1.99
28.8501  1.88
28.8601  1.86
28.8701  1.87
28.8801  1.9
28.8901  1.96
28.9001  1.85
28.9101  2.1
28.9201  1.95
28.9301  1.91
28.9401  2.26
28.9501  1.87
28.9601  2.04
28.9701  2.02
28.9801  1.81
28.9901  1.87
29.0001  2.01
29.0101  1.71
29.0201  1.96
29.0301  1.98
29.0401  1.97
29.0501  1.98
29.0601  2.03
29.0701  1.93
29.0801  1.91
29.0901  2.26
29.1001  1.99
29.1101  2.17
29.1201  1.85
29.1301  1.67
29.1401  2.02
29.1501  2.21
29.1601  1.88
29.1701  2.04
29.1801  1.86
29.1901  1.97
29.2001  2.14
29.2101  1.82
29.2201  2.07
29.2301  1.93
29.2401  1.85
29.2501  2.16
29.2601  1.97
29.2701  1.99
29.2801  2.01
29.2901  1.69
29.3001  1.81
29.3101  1.95
29.3201  1.96
29.3301  2.16
29.3401  2.01
29.3501  2.13
29.3601  1.95
29.3701  2.01
29.3801  2.09
29.3901  1.63
29.4001  2.19
29.4101  1.82
29.4201  1.84
29.4301  1.99
29.4401  1.88
29.4501  1.98
29.4601  1.86
29.4701  1.98
29.4801  1.88
29.4901  1.84
29.5001  2.08
29.5101  2.15
29.5201  1.89
29.5301  2.05
29.5401  1.94
29.5501  1.95
29.5601  2.02
29.5701  1.87
29.5801  1.75
29.5901  1.85
29.6001  1.83
29.6101  1.82
29.6201  1.98
29.6301  1.98
29.6401  2.21
29.6501  1.93
29.6601  2.01
29.6701  1.96
29.6801  2.07
29.6901  2.09
29.7001  2.15
29.7101  2.06
29.7201  2.04
29.7301  1.98
29.7401  2.04
29.7501  2.01
29.7601  1.72
29.7701  1.79
29.7801  1.87
29.7901  2
29.8001  1.93
29.8101  2.11
29.8201  1.97
29.8301  1.77
29.8401  1.95
29.8501  2.04
29.8601  1.84
29.8701  2.06
29.8801  2.11
29.8901  2.01
29.9001  2
29.9101  2.01
29.9201  2.05
29.9301  1.98
29.9401  1.79
29.9501  2.13
29.9601  1.96
29.9701  2.05
29.9801  1.9
29.9901  2.1
30.0001  1.96
30.0101  1.94
30.0201  2.07
30.0301  2.01
30.0401  1.86
30.0501  2.07
30.0601  1.76
30.0701  1.71
30.0801  2.17
30.0901  2.12
30.1001  1.69
30.1101  2.14
30.1201  1.77
30.1301  1.98
30.1401  2.27
30.1501  1.8
30.1601  1.96
30.1701  1.93
30.1801  1.98
30.1901  1.93
30.2001  2.09
30.2101  1.99
30.2201  1.99
30.2301  1.94
30.2401  1.9
30.2501  1.81
30.2601  2.15
30.2701  2.04
30.2801  2.03
30.2901  2.19
30.3001  1.82
30.3101  2.06
30.3201  1.9
30.3301  1.81
30.3401  1.58
30.3501  1.88
30.3601  2.02
30.3701  1.8
30.3801  1.99
30.3901  2.01
30.4001  1.98
30.4101  2.13
30.4201  1.89
30.4301  2.04
30.4401  2.07
30.4501  2.08
30.4601  1.86
30.4701  1.99
30.4801  1.79
30.4901  1.93
30.5001  2.08
30.5101  1.87
30.5201  2.08
30.5301  1.86
30.5401  2.11
30.5501  2.09
30.5601  1.87
30.5701  2.06
30.5801  2.21
30.5901  1.8
30.6001  1.85
30.6101  1.95
30.6201  2.07
30.6301  1.94
30.6401  2.01
30.6501  1.71
30.6601  2.09
30.6701  1.71
30.6801  1.91
30.6901  2.08
30.7001  1.79
30.7101  2.16
30.7201  1.99
30.7301  1.79
30.7401  2.25
30.7501  1.99
30.7601  2.09
30.7701  2.19
30.7801  1.55
30.7901  2.1
30.8001  1.89
30.8101  1.77
30.8201  1.89
30.8301  1.79
30.8401  2.25
30.8501  1.82
30.8601  1.83
30.8701  1.83
30.8801  2.04
30.8901  1.98
30.9001  2.04
30.9101  1.99
30.9201  1.96
30.9301  1.89
30.9401  2.09
30.9501  2.15
30.9601  2
30.9701  1.86
30.9801  1.86
30.9901  2.19
31.0001  2.19
31.0101  1.83
31.0201  2.05
31.0301  2.01
31.0401  1.98
31.0501  1.98
31.0601  1.85
31.0701  2.13
31.0801  1.84
31.0901  1.83
31.1001  1.85
31.1101  1.94
31.1201  1.97
31.1301  2.25
31.1401  1.98
31.1501  2.11
31.1601  1.9
31.1701  2.19
31.1801  2.01
31.1901  2.11
31.2001  1.69
31.2101  1.8
31.2201  1.98
31.2301  2.08
31.2401  1.8
31.2501  1.98
31.2601  2.02
31.2701  1.88
31.2801  1.87
31.2901  1.99
31.3001  1.86
31.3101  1.93
31.3201  1.92
31.3301  1.75
31.3401  2.05
31.3501  1.96
31.3601  1.9
31.3701  2.12
31.3801  2.03
31.3901  2.13
31.4001  1.98
31.4101  1.71
31.4201  2.12
31.4301  1.85
31.4401  1.99
31.4501  1.98
31.4601  2.02
31.4701  1.84
31.4801  1.92
31.4901  1.71
31.5001  1.89
31.5101  1.93
31.5201  1.89
31.5301  1.76
31.5401  1.89
31.5501  1.96
31.5601  2.04
31.5701  2.34
31.5801  2.07
31.5901  1.91
31.6001  2.01
31.6101  1.68
31.6201  2.05
31.6301  1.89
31.6401  1.9
31.6501  1.78
31.6601  2.07
31.6701  1.98
31.6801  1.94
31.6901  1.82
31.7001  2.02
31.7101  2.09
31.7201  2.25
31.7301  1.99
31.7401  1.78
31.7501  1.9
31.7601  1.87
31.7701  2.02
31.7801  1.93
31.7901  1.93
31.8001  2.01
31.8101  1.91
31.8201  2.01
31.8301  2.14
31.8401  1.99
31.8501  1.96
31.8601  2
31.8701  2.08
31.8801  1.97
31.8901  2.04
31.9001  1.85
31.9101  2.01
31.9201  2.27
31.9301  2.21
31.9401  1.78
31.9501  1.94
31.9601  1.91
31.9701  1.84
31.9801  2.15
31.9901  2.01
32.0001  1.91
32.0101  1.89
32.0201  1.96
32.0301  2.15
32.0401  1.86
32.0501  1.97
32.0601  1.81
32.0701  1.79
32.0801  1.92
32.0901  1.95
32.1001  2.03
32.1101  2
32.1201  1.84
32.1301  1.97
32.1401  2.03
32.1501  2.05
32.1601  2.05
32.1701  1.88
32.1801  1.9
32.1901  2.08
32.2001  1.94
32.2101  2.01
32.2201  1.97
32.2301  1.82
32.2401  1.83
32.2501  1.91
32.2601  1.83
32.2701  1.8
32.2801  2.07
32.2901  2.13
32.3001  1.71
32.3101  1.95
32.3201  1.82
32.3301  2.03
32.3401  1.75
32.3501  2.21
32.3601  2.25
32.3701  1.93
32.3801  2.07
32.3901  1.8
32.4001  1.87
32.4101  1.97
32.4201  2.14
32.4301  1.94
32.4401  1.95
32.4501  1.88
32.4601  2.05
32.4701  1.87
32.4801  1.99
32.4901  2.21
32.5001  1.78
32.5101  1.71
32.5201  2.19
32.5301  2.08
32.5401  2
32.5501  2.07
32.5601  1.92
32.5701  1.91
32.5801  2.01
32.5901  2.08
32.6001  2.13
32.6101  2.06
32.6201  2.05
32.6301  1.94
32.6401  2.04
32.6501  1.9
32.6601  2.02
32.6701  2.12
32.6801  1.81
32.6901  1.88
32.7001  2.15
32.7101  1.88
32.7201  2.11
32.7301  2.11
32.7401  2.16
32.7501  1.87
32.7601  1.89
32.7701  2.09
32.7801  2.02
32.7901  1.78
32.8001  2.11
32.8101  1.99
32.8201  2.09
32.8301  2.01
32.8401  1.91
32.8501  1.92
32.8601  1.9
32.8701  1.84
32.8801  1.96
32.8901  1.72
32.9001  2.01
32.9101  1.77
32.9201  2.08
32.9301  1.72
32.9401  2.16
32.9501  1.99
32.9601  1.99
32.9701  2.08
32.9801  1.85
32.9901  1.89
33.0001  1.95
33.0101  2.02
33.0201  1.91
33.0301  2.02
33.0401  1.92
33.0501  1.98
33.0601  2.01
33.0701  1.96
33.0801  1.83
33.0901  1.87
33.1001  2.18
33.1101  1.87
33.1201  1.69
33.1301  1.97
33.1401  1.91
33.1501  2.1
33.1601  1.94
33.1701  1.84
33.1801  1.94
33.1901  2
33.2001  2.11
33.2101  1.95
33.2201  2.03
33.2301  1.77
33.2401  2.21
33.2501  2.16
33.2601  2
33.2701  2.26
33.2801  1.93
33.2901  1.84
33.3001  1.84
33.3101  1.91
33.3201  1.85
33.3301  2.08
33.3401  2.26
33.3501  2.03
33.3601  2.13
33.3701  1.83
33.3801  1.94
33.3901  1.93
33.4001  1.93
33.4101  2.08
33.4201  1.89
33.4301  2.25
33.4401  1.88
33.4501  2.12
33.4601  1.87
33.4701  2.22
33.4801  2.04
33.4901  1.89
33.5001  1.86
33.5101  1.78
33.5201  1.96
33.5301  1.94
33.5401  1.82
33.5501  2.13
33.5601  2.03
33.5701  1.79
33.5801  2.07
33.5901  1.91
33.6001  2.03
33.6101  2.04
33.6201  2.09
33.6301  2.1
33.6401  1.83
33.6501  2.14
33.6601  2.02
33.6701  1.89
33.6801  2
33.6901  1.96
33.7001  1.94
33.7101  1.99
33.7201  2.1
33.7301  1.85
33.7401  1.8
33.7501  2
33.7601  1.71
33.7701  1.89
33.7801  1.99
33.7901  1.99
33.8001  1.8
33.8101  1.95
33.8201  2.34
33.8301  1.86
33.8401  2.01
33.8501  1.69
33.8601  1.87
33.8701  1.65
33.8801  1.87
33.8901  2.25
33.9001  1.96
33.9101  1.89
33.9201  2.14
33.9301  1.96
33.9401  2.14
33.9501  1.99
33.9601  2.05
33.9701  1.78
33.9801  1.85
33.9901  1.9
34.0001  2.06
34.0101  1.92
34.0201  1.84
34.0301  1.83
34.0401  2.18
34.0501  2.08
34.0601  2.05
34.0701  2.16
34.0801  1.96
34.0901  1.94
34.1001  2.14
34.1101  1.73
34.1201  1.89
34.1301  1.92
34.1401  1.95
34.1501  2.23
34.1601  1.84
34.1701  1.9
34.1801  2.25
34.1901  2
34.2001  2.03
34.2101  2.13
34.2201  2.09
34.2301  1.92
34.2401  2.18
34.2501  2.26
34.2601  2
34.2701  1.86
34.2801  1.92
34.2901  2.04
34.3001  1.78
34.3101  1.88
34.3201  1.74
34.3301  2.07
34.3401  1.91
34.3501  1.85
34.3601  2.01
34.3701  2.23
34.3801  1.91
34.3901  1.98
34.4001  1.96
34.4101  2.02
34.4201  1.8
34.4301  1.76
34.4401  2.03
34.4501  1.97
34.4601  2.04
34.4701  2.15
34.4801  1.88
34.4901  2.07
34.5  2.06
34.51  1.9
34.52  1.83
34.53  2.13
34.54  1.96
34.55  1.91
34.56  1.78
34.57  2.05
34.58  1.96
34.59  1.87
34.6  1.68
34.61  2.1
34.62  1.85
34.63  2.16
34.64  2.11
34.65  2.14
34.66  2.08
34.67  1.89
34.68  1.83
34.69  1.8
34.7  1.84
34.71  1.87
34.72  2.04
34.73  2.07
34.74  1.86
34.75  1.69
34.76  2.02
34.77  1.9
34.78  1.98
34.79  1.91
34.8  2.01
34.81  1.99
34.82  2.06
34.83  1.86
34.84  2.19
34.85  1.79
34.86  1.83
34.87  2.18
34.88  2.09
34.89  2.1
34.9  1.95
34.91  2.09
34.92  2.05
34.93  2.17
34.94  1.87
34.95  1.93
34.96  1.86
34.97  2.04
34.98  2.05
34.99  2.01
