-15  0
-14.99  0
-14.98  0.01
-14.97  0.01
-14.96  0.01
-14.95  0.01
-14.94  0.02
-14.93  0.02
-14.92  0.03
-14.91  0.03
-14.9  0.03
-14.89  0.05
-14.88  0.04
-14.87  0.04
-14.86  0.07
-14.85  0.06
-14.84  0.07
-14.83  0.07
-14.82  0.09
-14.81  0.1
-14.8  0.12
-14.79  0.12
-14.78  0.13
-14.77  0.16
-14.76  0.19
-14.75  0.21
-14.74  0.23
-14.73  0.3
-14.72  0.34
-14.71  0.41
-14.7  0.51
-14.69  0.65
-14.68  0.84
-14.67  1.17
-14.66  1.65
-14.65  2.57
-14.64  4.45
-14.63  8.94
-14.62  19.12
-14.61  23.82
-14.6  12.94
-14.59  6.05
-14.58  3.29
-14.57  2.05
-14.56  1.36
-14.55  0.97
-14.54  0.75
-14.53  0.59
-14.52  0.48
-14.51  0.39
-14.5  0.34
-14.49  0.29
-14.48  0.26
-14.47  0.21
-14.46  0.21
-14.45  0.2
-14.44  0.15
-14.43  0.15
-14.42  0.15
-14.41  0.14
-14.4  0.16
-14.39  0.12
-14.38  0.12
-14.37  0.11
-14.36  0.1
-14.35  0.13
-14.34  0.11
-14.33  0.12
-14.32  0.1
-14.31  0.1
-14.3  0.11
-14.29  0.11
-14.28  0.11
-14.27  0.11
-14.26  0.11
-14.25  0.13
-14.24  0.1
-14.23  0.14
-14.22  0.1
-14.21  0.12
-14.2  0.14
-14.19  0.14
-14.18  0.12
-14.17  0.16
-14.16  0.15
-14.15  0.16
-14.14  0.15
-14.13  0.17
-14.12  0.18
-14.11  0.17
-14.1  0.21
-14.09  0.22
-14.08  0.22
-14.07  0.24
-14.06  0.27
-14.05  0.27
-14.04  0.31
-14.03  0.29
-14.02  0.36
-14.01  0.4
-14  0.42
-13.99  0.48
-13.98  0.53
-13.97  0.59
-13.96  0.67
-13.95  0.78
-13.94  0.9
-13.93  1.07
-13.92  1.25
-13.91  1.5
-13.9  1.86
-13.89  2.36
-13.88  2.98
-13.87  3.84
-13.86  5.09
-13.85  6.52
-13.84  7.86
-13.83  8.7
-13.82  8.29
-13.81  6.89
-13.8  5.51
-13.79  4.24
-13.78  3.22
-13.77  2.54
-13.76  2.02
-13.75  1.6
-13.74  1.35
-13.73  1.17
-13.72  0.96
-13.71  0.84
-13.7  0.75
-13.69  0.65
-13.68  0.55
-13.67  0.54
-13.66  0.47
-13.65  0.44
-13.64  0.39
-13.63  0.37
-13.62  0.37
-13.61  0.36
-13.6  0.31
-13.59  0.31
-13.58  0.28
-13.57  0.28
-13.56  0.25
-13.55  0.26
-13.54  0.29
-13.53  0.24
-13.52  0.21
-13.51  0.27
-13.5  0.22
-13.49  0.26
-13.48  0.23
-13.47  0.21
-13.46  0.28
-13.45  0.24
-13.44  0.24
-13.43  0.24
-13.42  0.25
-13.41  0.24
-13.4  0.27
-13.39  0.25
-13.38  0.29
-13.37  0.28
-13.36  0.29
-13.35  0.31
-13.34  0.3
-13.33  0.33
-13.32  0.33
-13.31  0.37
-13.3  0.38
-13.29  0.41
-13.28  0.41
-13.27  0.45
-13.26  0.48
-13.25  0.49
-13.24  0.58
-13.23  0.59
-13.22  0.69
-13.21  0.7
-13.2  0.79
-13.19  0.86
-13.18  1
-13.17  1.08
-13.16  1.22
-13.15  1.4
-13.14  1.61
-13.13  1.85
-13.12  2.16
-13.11  2.49
-13.1  2.94
-13.09  3.44
-13.08  3.97
-13.07  4.52
-13.06  4.96
-13.05  5.26
-13.04  5.27
-13.03  5.05
-13.02  4.58
-13.01  4.06
-13  3.51
-12.99  3.01
-12.98  2.58
-12.97  2.24
-12.96  1.91
-12.95  1.66
-12.94  1.45
-12.93  1.27
-12.92  1.16
-12.91  1.01
-12.9  0.93
-12.89  0.83
-12.88  0.74
-12.87  0.7
-12.86  0.66
-12.85  0.62
-12.84  0.57
-12.83  0.51
-12.82  0.5
-12.81  0.49
-12.8  0.46
-12.79  0.43
-12.78  0.42
-12.77  0.43
-12.76  0.4
-12.75  0.4
-12.74  0.41
-12.73  0.36
-12.72  0.36
-12.71  0.33
-12.7  0.38
-12.69  0.36
-12.68  0.35
-12.67  0.36
-12.66  0.34
-12.65  0.38
-12.64  0.35
-12.63  0.38
-12.62  0.38
-12.61  0.4
-12.6  0.38
-12.59  0.39
-12.58  0.42
-12.57  0.44
-12.56  0.42
-12.55  0.46
-12.54  0.45
-12.53  0.47
-12.52  0.51
-12.51  0.58
-12.5  0.56
-12.49  0.58
-12.48  0.61
-12.47  0.72
-12.46  0.71
-12.45  0.79
-12.44  0.78
-12.43  0.91
-12.42  0.93
-12.41  1.05
-12.4  1.17
-12.39  1.29
-12.38  1.39
-12.37  1.5
-12.36  1.72
-12.35  1.89
-12.34  2.15
-12.33  2.32
-12.32  2.67
-12.31  2.94
-12.3  3.18
-12.29  3.45
-12.28  3.61
-12.27  3.85
-12.26  3.79
-12.25  3.87
-12.24  3.68
-12.23  3.39
-12.22  3.24
-12.21  2.87
-12.2  2.67
-12.19  2.34
-12.18  2.19
-12.17  1.94
-12.16  1.69
-12.15  1.58
-12.14  1.4
-12.13  1.28
-12.12  1.16
-12.11  1.13
-12.1  1.02
-12.09  0.89
-12.08  0.88
-12.07  0.77
-12.06  0.78
-12.05  0.71
-12.04  0.68
-12.03  0.66
-12.02  0.6
-12.01  0.6
-12  0.54
-11.99  0.6
-11.98  0.55
-11.97  0.53
-11.96  0.49
-11.95  0.5
-11.94  0.5
-11.93  0.46
-11.92  0.49
-11.91  0.45
-11.9  0.47
-11.89  0.47
-11.88  0.49
-11.87  0.46
-11.86  0.48
-11.85  0.5
-11.84  0.45
-11.83  0.52
-11.82  0.5
-11.81  0.5
-11.8  0.52
-11.79  0.53
-11.78  0.56
-11.77  0.58
-11.76  0.54
-11.75  0.57
-11.74  0.66
-11.73  0.64
-11.72  0.73
-11.71  0.69
-11.7  0.75
-11.69  0.78
-11.68  0.85
-11.67  0.9
-11.66  0.96
-11.65  0.98
-11.64  1.08
-11.63  1.19
-11.62  1.21
-11.61  1.35
-11.6  1.47
-11.59  1.54
-11.58  1.74
-11.57  1.8
-11.56  2.05
-11.55  2.12
-11.54  2.38
-11.53  2.5
-11.52  2.64
-11.51  2.79
-11.5  2.92
-11.49  3.12
-11.48  3.05
-11.47  3.03
-11.46  3
-11.45  2.99
-11.44  2.78
-11.43  2.62
-11.42  2.43
-11.41  2.32
-11.4  2.24
-11.39  1.96
-11.38  1.81
-11.37  1.73
-11.36  1.58
-11.35  1.48
-11.34  1.33
-11.33  1.23
-11.32  1.2
-11.31  1.13
-11.3  1.05
-11.29  0.94
-11.28  0.94
-11.27  0.87
-11.26  0.82
-11.25  0.8
-11.24  0.76
-11.23  0.71
-11.22  0.72
-11.21  0.67
-11.2  0.69
-11.19  0.62
-11.18  0.61
-11.17  0.63
-11.16  0.66
-11.15  0.57
-11.14  0.61
-11.13  0.58
-11.12  0.56
-11.11  0.58
-11.1  0.54
-11.09  0.59
-11.08  0.58
-11.07  0.57
-11.06  0.6
-11.05  0.56
-11.04  0.6
-11.03  0.61
-11.02  0.64
-11.01  0.63
-11  0.66
-10.99  0.67
-10.98  0.64
-10.97  0.71
-10.96  0.73
-10.95  0.76
-10.94  0.8
-10.93  0.79
-10.92  0.83
-10.91  0.94
-10.9  0.89
-10.89  0.98
-10.88  1.02
-10.87  1.09
-10.86  1.13
-10.85  1.23
-10.84  1.26
-10.83  1.42
-10.82  1.47
-10.81  1.53
-10.8  1.66
-10.79  1.75
-10.78  1.84
-10.77  2.02
-10.76  2.09
-10.75  2.23
-10.74  2.3
-10.73  2.39
-10.72  2.53
-10.71  2.57
-10.7  2.5
-10.69  2.57
-10.68  2.54
-10.67  2.53
-10.66  2.54
-10.65  2.35
-10.64  2.26
-10.63  2.18
-10.62  2.07
-10.61  2.03
-10.6  1.9
-10.59  1.71
-10.58  1.63
-10.57  1.55
-10.56  1.39
-10.55  1.43
-10.54  1.26
-10.53  1.2
-10.52  1.18
-10.51  1.1
-10.5  1.07
-10.49  1.03
-10.48  0.92
-10.47  0.92
-10.46  0.86
-10.45  0.88
-10.44  0.86
-10.43  0.77
-10.42  0.77
-10.41  0.78
-10.4  0.74
-10.39  0.69
-10.38  0.72
-10.37  0.73
-10.36  0.66
-10.35  0.67
-10.34  0.68
-10.33  0.7
-10.32  0.64
-10.31  0.66
-10.3  0.68
-10.29  0.67
-10.28  0.7
-10.27  0.68
-10.26  0.67
-10.25  0.73
-10.24  0.72
-10.23  0.68
-10.22  0.76
-10.21  0.73
-10.2  0.76
-10.19  0.78
-10.18  0.83
-10.17  0.85
-10.16  0.83
-10.15  0.87
-10.14  0.93
-10.13  1
-10.12  0.98
-10.11  1.04
-10.1  1.07
-10.09  1.12
-10.08  1.2
-10.07  1.28
-10.06  1.3
-10.05  1.33
-10.04  1.49
-10.03  1.5
-10.02  1.63
-10.01  1.63
-10  1.73
-9.99  1.87
-9.98  1.88
-9.97  1.98
-9.96  2.1
-9.95  2.09
-9.94  2.22
-9.93  2.22
-9.92  2.18
-9.91  2.33
-9.9  2.2
-9.89  2.33
-9.88  2.15
-9.87  2.15
-9.86  2.14
-9.85  2.01
-9.84  1.93
-9.83  1.91
-9.82  1.87
-9.81  1.75
-9.8  1.62
-9.79  1.51
-9.78  1.55
-9.77  1.4
-9.76  1.41
-9.75  1.31
-9.74  1.2
-9.73  1.24
-9.72  1.1
-9.71  1.09
-9.7  1.1
-9.69  1.01
-9.68  1.02
-9.67  0.94
-9.66  0.93
-9.65  0.92
-9.64  0.87
-9.63  0.86
-9.62  0.8
-9.61  0.81
-9.6  0.81
-9.59  0.79
-9.58  0.76
-9.57  0.8
-9.56  0.72
-9.55  0.79
-9.54  0.78
-9.53  0.74
-9.52  0.79
-9.51  0.76
-9.5  0.72
-9.49  0.78
-9.48  0.76
-9.47  0.72
-9.46  0.84
-9.45  0.8
-9.44  0.81
-9.43  0.81
-9.42  0.88
-9.41  0.83
-9.4  0.88
-9.39  0.9
-9.38  0.92
-9.37  0.96
-9.36  0.98
-9.35  1.02
-9.34  1.06
-9.33  1.06
-9.32  1.1
-9.31  1.18
-9.3  1.23
-9.29  1.24
-9.28  1.33
-9.27  1.35
-9.26  1.44
-9.25  1.5
-9.24  1.51
-9.23  1.55
-9.22  1.69
-9.21  1.7
-9.2  1.74
-9.19  1.88
-9.18  1.87
-9.17  1.86
-9.16  2.07
-9.15  1.96
-9.14  1.96
-9.13  2.1
-9.12  1.98
-9.11  1.98
-9.1  2.09
-9.09  1.93
-9.08  1.94
-9.07  1.98
-9.06  1.86
-9.05  1.78
-9.04  1.76
-9.03  1.67
-9.02  1.61
-9.01  1.64
-9  1.5
-8.99  1.42
-8.98  1.45
-8.97  1.31
-8.96  1.28
-8.95  1.31
-8.94  1.18
-8.93  1.19
-8.92  1.12
-8.91  1.07
-8.9  1.05
-8.89  1.11
-8.88  0.97
-8.87  0.99
-8.86  0.99
-8.85  0.95
-8.84  0.88
-8.83  0.93
-8.82  0.87
-8.81  0.85
-8.8  0.91
-8.79  0.83
-8.78  0.83
-8.77  0.83
-8.76  0.81
-8.75  0.82
-8.74  0.86
-8.73  0.85
-8.72  0.84
-8.71  0.83
-8.7  0.88
-8.69  0.85
-8.68  0.85
-8.67  0.88
-8.66  0.84
-8.65  0.9
-8.64  0.9
-8.63  0.9
-8.62  0.97
-8.61  0.96
-8.6  0.97
-8.59  1
-8.58  0.96
-8.57  1.08
-8.56  1.11
-8.55  1.15
-8.54  1.12
-8.53  1.2
-8.52  1.22
-8.51  1.27
-8.5  1.3
-8.49  1.31
-8.48  1.4
-8.47  1.45
-8.46  1.51
-8.45  1.47
-8.44  1.59
-8.43  1.67
-8.42  1.69
-8.41  1.62
-8.4  1.76
-8.39  1.8
-8.38  1.83
-8.37  1.75
-8.36  1.84
-8.35  1.89
-8.34  1.88
-8.33  1.88
-8.32  1.8
-8.31  1.88
-8.3  1.8
-8.29  1.85
-8.28  1.66
-8.27  1.74
-8.26  1.72
-8.25  1.7
-8.24  1.54
-8.23  1.55
-8.22  1.55
-8.21  1.49
-8.2  1.35
-8.19  1.39
-8.18  1.36
-8.17  1.3
-8.16  1.29
-8.15  1.17
-8.14  1.2
-8.13  1.16
-8.12  1.12
-8.11  1.06
-8.1  1.11
-8.09  1.09
-8.08  1
-8.07  1.01
-8.06  0.97
-8.05  0.98
-8.04  1.02
-8.03  0.93
-8.02  0.93
-8.01  0.9
-8  0.91
-7.99  0.92
-7.98  0.87
-7.97  0.93
-7.96  0.89
-7.95  0.88
-7.94  0.89
-7.93  0.93
-7.92  0.91
-7.91  0.92
-7.9  0.89
-7.89  0.91
-7.88  0.95
-7.87  0.97
-7.86  0.92
-7.85  1.01
-7.84  0.97
-7.83  1.05
-7.82  1
-7.81  1.05
-7.8  1.04
-7.79  1.11
-7.78  1.09
-7.77  1.13
-7.76  1.17
-7.75  1.23
-7.74  1.19
-7.73  1.28
-7.72  1.26
-7.71  1.32
-7.7  1.39
-7.69  1.43
-7.68  1.48
-7.67  1.43
-7.66  1.56
-7.65  1.51
-7.64  1.62
-7.63  1.58
-7.62  1.66
-7.61  1.64
-7.6  1.68
-7.59  1.67
-7.58  1.76
-7.57  1.65
-7.56  1.81
-7.55  1.7
-7.54  1.78
-7.53  1.71
-7.52  1.76
-7.51  1.65
-7.5  1.69
-7.49  1.68
-7.48  1.58
-7.47  1.61
-7.46  1.52
-7.45  1.57
-7.44  1.47
-7.43  1.47
-7.42  1.4
-7.41  1.42
-7.4  1.34
-7.39  1.39
-7.38  1.23
-7.37  1.27
-7.36  1.22
-7.35  1.27
-7.34  1.12
-7.33  1.15
-7.32  1.11
-7.31  1.1
-7.3  1.13
-7.29  1.03
-7.28  1.06
-7.27  0.99
-7.26  1.05
-7.25  1.02
-7.24  0.97
-7.23  0.98
-7.22  0.97
-7.21  0.95
-7.2  1.02
-7.19  0.94
-7.18  1
-7.17  0.91
-7.16  0.96
-7.15  0.99
-7.14  0.97
-7.13  0.94
-7.12  0.99
-7.11  0.98
-7.1  0.98
-7.09  0.97
-7.08  0.99
-7.07  1.06
-7.06  0.98
-7.05  1.06
-7.04  1.06
-7.03  1.08
-7.02  1.07
-7.01  1.14
-7  1.11
-6.99  1.19
-6.98  1.15
-6.97  1.25
-6.96  1.25
-6.95  1.27
-6.94  1.22
-6.93  1.4
-6.92  1.35
-6.91  1.31
-6.9  1.44
-6.89  1.41
-6.88  1.5
-6.87  1.43
-6.86  1.59
-6.85  1.45
-6.84  1.61
-6.83  1.54
-6.82  1.63
-6.81  1.56
-6.8  1.67
-6.79  1.62
-6.78  1.65
-6.77  1.61
-6.76  1.66
-6.75  1.59
-6.74  1.71
-6.73  1.61
-6.72  1.63
-6.71  1.63
-6.7  1.48
-6.69  1.59
-6.68  1.45
-6.67  1.55
-6.66  1.46
-6.65  1.48
-6.64  1.38
-6.63  1.43
-6.62  1.29
-6.61  1.38
-6.6  1.24
-6.59  1.34
-6.58  1.22
-6.57  1.26
-6.56  1.2
-6.55  1.21
-6.54  1.18
-6.53  1.16
-6.52  1.12
-6.51  1.1
-6.5  1.11
-6.49  1.05
-6.48  1.13
-6.47  1.01
-6.46  1.08
-6.45  0.99
-6.44  1.09
-6.43  0.98
-6.42  1.04
-6.41  0.95
-6.4  1.03
-6.39  0.98
-6.38  1.04
-6.37  1
-6.36  1.02
-6.35  0.96
-6.34  1.05
-6.33  1.03
-6.32  1.05
-6.31  1.05
-6.3  1.05
-6.29  1.04
-6.28  1.08
-6.27  1.09
-6.26  1.05
-6.25  1.11
-6.24  1.13
-6.23  1.17
-6.22  1.08
-6.21  1.21
-6.2  1.18
-6.19  1.18
-6.18  1.31
-6.17  1.25
-6.16  1.23
-6.15  1.35
-6.14  1.32
-6.13  1.36
-6.12  1.3
-6.11  1.44
-6.1  1.44
-6.09  1.4
-6.08  1.52
-6.07  1.51
-6.06  1.42
-6.05  1.53
-6.04  1.58
-6.03  1.47
-6.02  1.57
-6.01  1.57
-6  1.57
-5.99  1.51
-5.98  1.62
-5.97  1.58
-5.96  1.51
-5.95  1.59
-5.94  1.57
-5.93  1.44
-5.92  1.6
-5.91  1.54
-5.9  1.5
-5.89  1.43
-5.88  1.43
-5.87  1.46
-5.86  1.33
-5.85  1.47
-5.84  1.35
-5.83  1.28
-5.82  1.32
-5.81  1.34
-5.8  1.23
-5.79  1.29
-5.78  1.25
-5.77  1.22
-5.76  1.19
-5.75  1.21
-5.74  1.17
-5.73  1.14
-5.72  1.11
-5.71  1.14
-5.7  1.04
-5.69  1.15
-5.68  1.09
-5.67  1.08
-5.66  1.05
-5.65  1.08
-5.64  1.09
-5.63  1.07
-5.62  1.06
-5.61  1.07
-5.6  1.01
-5.59  1.07
-5.58  1.01
-5.57  1.05
-5.56  1.06
-5.55  1.07
-5.54  1.1
-5.53  1.05
-5.52  1.08
-5.51  1.08
-5.5  1.08
-5.49  1.1
-5.48  1.15
-5.47  1.08
-5.46  1.18
-5.45  1.16
-5.44  1.17
-5.43  1.2
-5.42  1.21
-5.41  1.21
-5.4  1.23
-5.39  1.25
-5.38  1.29
-5.37  1.31
-5.36  1.28
-5.35  1.33
-5.34  1.35
-5.33  1.38
-5.32  1.42
-5.31  1.36
-5.3  1.45
-5.29  1.45
-5.28  1.39
-5.27  1.48
-5.26  1.43
-5.25  1.5
-5.24  1.52
-5.23  1.49
-5.22  1.48
-5.21  1.58
-5.2  1.5
-5.19  1.5
-5.18  1.56
-5.17  1.48
-5.16  1.5
-5.15  1.44
-5.14  1.51
-5.13  1.48
-5.12  1.46
-5.11  1.4
-5.1  1.47
-5.09  1.35
-5.08  1.45
-5.07  1.36
-5.06  1.33
-5.05  1.35
-5.04  1.3
-5.03  1.33
-5.02  1.29
-5.01  1.25
-5  1.24
-4.99  1.26
-4.98  1.24
-4.97  1.16
-4.96  1.22
-4.95  1.19
-4.94  1.17
-4.93  1.15
-4.92  1.17
-4.91  1.11
-4.9  1.15
-4.89  1.13
-4.88  1.11
-4.87  1.06
-4.86  1.07
-4.85  1.11
-4.84  1.09
-4.83  1.08
-4.82  1.1
-4.81  1.1
-4.8  1.06
-4.79  1.09
-4.78  1.15
-4.77  1.07
-4.76  1.07
-4.75  1.11
-4.74  1.13
-4.73  1.1
-4.72  1.11
-4.71  1.14
-4.7  1.17
-4.69  1.09
-4.68  1.24
-4.67  1.13
-4.66  1.19
-4.65  1.2
-4.64  1.17
-4.63  1.27
-4.62  1.25
-4.61  1.3
-4.6  1.2
-4.59  1.29
-4.58  1.32
-4.57  1.3
-4.56  1.36
-4.55  1.31
-4.54  1.32
-4.53  1.41
-4.52  1.33
-4.51  1.49
-4.5  1.36
-4.49  1.4
-4.48  1.49
-4.47  1.39
-4.46  1.51
-4.45  1.44
-4.44  1.43
-4.43  1.54
-4.42  1.4
-4.41  1.56
-4.4  1.4
-4.39  1.41
-4.38  1.52
-4.37  1.41
-4.36  1.49
-4.35  1.39
-4.34  1.49
-4.33  1.37
-4.32  1.35
-4.31  1.46
-4.3  1.35
-4.29  1.38
-4.28  1.31
-4.27  1.33
-4.26  1.41
-4.25  1.26
-4.24  1.3
-4.23  1.23
-4.22  1.32
-4.21  1.29
-4.2  1.21
-4.19  1.26
-4.18  1.19
-4.17  1.18
-4.16  1.22
-4.15  1.12
-4.14  1.21
-4.13  1.13
-4.12  1.1
-4.11  1.2
-4.1  1.14
-4.09  1.19
-4.08  1.11
-4.07  1.13
-4.06  1.1
-4.05  1.06
-4.04  1.19
-4.03  1.13
-4.02  1.13
-4.01  1.12
-4  1.07
-3.99  1.19
-3.98  1.07
-3.97  1.17
-3.96  1.13
-3.95  1.06
-3.94  1.19
-3.93  1.12
-3.92  1.24
-3.91  1.18
-3.9  1.15
-3.89  1.19
-3.88  1.18
-3.87  1.23
-3.86  1.15
-3.85  1.23
-3.84  1.27
-3.83  1.27
-3.82  1.26
-3.81  1.26
-3.8  1.29
-3.79  1.31
-3.78  1.33
-3.77  1.35
-3.76  1.26
-3.75  1.41
-3.74  1.38
-3.73  1.37
-3.72  1.4
-3.71  1.37
-3.7  1.41
-3.69  1.41
-3.68  1.41
-3.67  1.38
-3.66  1.39
-3.65  1.45
-3.64  1.4
-3.63  1.45
-3.62  1.5
-3.61  1.4
-3.6  1.47
-3.59  1.4
-3.58  1.44
-3.57  1.33
-3.56  1.42
-3.55  1.35
-3.54  1.4
-3.53  1.36
-3.52  1.36
-3.51  1.34
-3.5  1.39
-3.49  1.34
-3.48  1.41
-3.47  1.22
-3.46  1.32
-3.45  1.28
-3.44  1.26
-3.43  1.29
-3.42  1.23
-3.41  1.25
-3.4  1.27
-3.39  1.22
-3.38  1.22
-3.37  1.12
-3.36  1.14
-3.35  1.23
-3.34  1.16
-3.33  1.23
-3.32  1.13
-3.31  1.21
-3.3  1.19
-3.29  1.13
-3.28  1.14
-3.27  1.09
-3.26  1.13
-3.25  1.19
-3.24  1.13
-3.23  1.15
-3.22  1.14
-3.21  1.19
-3.2  1.14
-3.19  1.16
-3.18  1.1
-3.17  1.24
-3.16  1.13
-3.15  1.12
-3.14  1.22
-3.13  1.14
-3.12  1.26
-3.11  1.19
-3.1  1.19
-3.09  1.22
-3.08  1.21
-3.07  1.19
-3.06  1.27
-3.05  1.23
-3.04  1.27
-3.03  1.3
-3.02  1.32
-3.01  1.3
-3  1.29
-2.99  1.34
-2.98  1.3
-2.97  1.36
-2.96  1.29
-2.95  1.31
-2.94  1.39
-2.93  1.3
-2.92  1.44
-2.91  1.36
-2.9  1.38
-2.89  1.36
-2.88  1.47
-2.87  1.34
-2.86  1.45
-2.85  1.41
-2.84  1.31
-2.83  1.45
-2.82  1.41
-2.81  1.45
-2.8  1.32
-2.79  1.43
-2.78  1.3
-2.77  1.44
-2.76  1.32
-2.75  1.43
-2.74  1.33
-2.73  1.31
-2.72  1.41
-2.71  1.31
-2.7  1.31
-2.69  1.28
-2.68  1.32
-2.67  1.24
-2.66  1.38
-2.65  1.21
-2.64  1.25
-2.63  1.24
-2.62  1.2
-2.61  1.28
-2.6  1.17
-2.59  1.32
-2.58  1.18
-2.57  1.2
-2.56  1.16
-2.55  1.25
-2.54  1.17
-2.53  1.16
-2.52  1.21
-2.51  1.18
-2.5  1.17
-2.49  1.17
-2.48  1.18
-2.47  1.13
-2.46  1.23
-2.45  1.1
-2.44  1.2
-2.43  1.14
-2.42  1.13
-2.41  1.24
-2.4  1.17
-2.39  1.15
-2.38  1.16
-2.37  1.17
-2.36  1.23
-2.35  1.22
-2.34  1.19
-2.33  1.2
-2.32  1.23
-2.31  1.21
-2.3  1.19
-2.29  1.22
-2.28  1.29
-2.27  1.24
-2.26  1.28
-2.25  1.26
-2.24  1.3
-2.23  1.27
-2.22  1.26
-2.21  1.31
-2.2  1.26
-2.19  1.45
-2.18  1.33
-2.17  1.32
-2.16  1.3
-2.15  1.34
-2.14  1.35
-2.13  1.38
-2.12  1.38
-2.11  1.34
-2.1  1.4
-2.09  1.34
-2.08  1.31
-2.07  1.36
-2.06  1.37
-2.05  1.41
-2.04  1.33
-2.03  1.46
-2.02  1.38
-2.01  1.38
-2  1.4
-1.99  1.33
-1.98  1.36
-1.97  1.36
-1.96  1.31
-1.95  1.34
-1.94  1.3
-1.93  1.34
-1.92  1.3
-1.91  1.25
-1.9  1.33
-1.89  1.27
-1.88  1.31
-1.87  1.23
-1.86  1.37
-1.85  1.25
-1.84  1.26
-1.83  1.2
-1.82  1.26
-1.81  1.17
-1.8  1.26
-1.79  1.27
-1.78  1.22
-1.77  1.21
-1.76  1.17
-1.75  1.18
-1.74  1.21
-1.73  1.18
-1.72  1.18
-1.71  1.16
-1.7  1.27
-1.69  1.14
-1.68  1.21
-1.67  1.19
-1.66  1.15
-1.65  1.19
-1.64  1.19
-1.63  1.26
-1.62  1.09
-1.61  1.2
-1.6  1.22
-1.59  1.16
-1.58  1.23
-1.57  1.2
-1.56  1.26
-1.55  1.13
-1.54  1.22
-1.53  1.27
-1.52  1.24
-1.51  1.22
-1.5  1.26
-1.49  1.3
-1.48  1.17
-1.47  1.37
-1.46  1.29
-1.45  1.21
-1.44  1.31
-1.43  1.27
-1.42  1.36
-1.41  1.23
-1.4  1.35
-1.39  1.31
-1.38  1.29
-1.37  1.37
-1.36  1.33
-1.35  1.38
-1.34  1.3
-1.33  1.4
-1.32  1.31
-1.31  1.3
-1.3  1.41
-1.29  1.39
-1.28  1.37
-1.27  1.24
-1.26  1.39
-1.25  1.37
-1.24  1.31
-1.23  1.42
-1.22  1.34
-1.21  1.38
-1.2  1.31
-1.19  1.33
-1.18  1.42
-1.17  1.25
-1.16  1.32
-1.15  1.31
-1.14  1.35
-1.13  1.23
-1.12  1.31
-1.11  1.31
-1.1  1.29
-1.09  1.3
-1.08  1.24
-1.07  1.24
-1.06  1.25
-1.05  1.24
-1.04  1.29
-1.03  1.19
-1.02  1.23
-1.01  1.3
-1  1.27
-0.99  1.17
-0.98  1.27
-0.97  1.2
-0.96  1.17
-0.95  1.19
-0.94  1.21
-0.93  1.26
-0.92  1.18
-0.91  1.15
-0.9  1.23
-0.89  1.11
-0.88  1.28
-0.87  1.19
-0.86  1.29
-0.85  1.11
-0.84  1.21
-0.83  1.27
-0.82  1.12
-0.81  1.24
-0.8  1.2
-0.79  1.22
-0.78  1.23
-0.77  1.19
-0.76  1.28
-0.75  1.16
-0.74  1.27
-0.73  1.26
-0.72  1.25
-0.71  1.29
-0.7  1.29
-0.69  1.21
-0.68  1.31
-0.67  1.24
-0.66  1.28
-0.65  1.31
-0.64  1.27
-0.63  1.33
-0.62  1.26
-0.61  1.32
-0.6  1.3
-0.59  1.26
-0.58  1.36
-0.57  1.25
-0.56  1.43
-0.55  1.32
-0.54  1.27
-0.53  1.46
-0.52  1.3
-0.51  1.4
-0.5  1.26
-0.49  1.42
-0.48  1.27
-0.47  1.29
-0.46  1.4
-0.45  1.31
-0.44  1.43
-0.43  1.27
-0.42  1.27
-0.41  1.41
-0.4  1.28
-0.39  1.39
-0.38  1.29
-0.37  1.31
-0.36  1.31
-0.35  1.25
-0.34  1.39
-0.33  1.23
-0.32  1.25
-0.31  1.3
-0.3  1.25
-0.29  1.34
-0.28  1.23
-0.27  1.26
-0.26  1.25
-0.25  1.22
-0.24  1.31
-0.23  1.2
-0.22  1.19
-0.21  1.32
-0.2  1.21
-0.19  1.2
-0.18  1.23
-0.17  1.19
-0.16  1.26
-0.15  1.18
-0.14  1.32
-0.13  1.16
-0.12  1.24
-0.11  1.16
-0.1  1.2
-0.09  1.25
-0.08  1.19
-0.07  1.21
-0.06  1.22
-0.05  1.23
-0.04  1.22
-0.03  1.19
-0.02  1.24
-0.01  1.18
-2.16197e-11  1.18
0.0001  0.01
0.0101  1.28
0.0201  1.31
0.0301  1.21
0.0401  1.22
0.0501  1.31
0.0601  1.24
0.0701  1.44
0.0801  1.34
0.0901  1.42
0.1001  1.46
0.1101  1.71
0.1201  1.3
0.1301  1.45
0.1401  1.46
0.1501  1.63
0.1601  1.8
0.1701  1.74
0.1801  2.03
0.1901  1.82
0.2001  1.81
0.2101  1.91
0.2201  1.88
0.2301  1.89
0.2401  1.97
0.2501  1.94
0.2601  2.35
0.2701  1.72
0.2801  2.01
0.2901  1.98
0.3001  1.92
0.3101  2.06
0.3201  2.14
0.3301  2.41
0.3401  2.3
0.3501  2.08
0.3601  2.17
0.3701  2.2
0.3801  2.4
0.3901  2.1
0.4001  2.45
0.4101  2.29
0.4201  2.18
0.4301  2.12
0.4401  2.35
0.4501  2.07
0.4601  1.95
0.4701  2.4
0.4801  2.21
0.4901  2.37
0.5001  2.25
0.5101  1.98
0.5201  2.22
0.5301  2.24
0.5401  2.09
0.5501  2.12
0.5601  2.01
0.5701  2.01
0.5801  1.77
0.5901  1.87
0.6001  1.74
0.6101  1.71
0.6201  1.79
0.6301  1.68
0.6401  1.76
0.6501  1.59
0.6601  1.77
0.6701  1.72
0.6801  1.62
0.6901  1.68
0.7001  1.62
0.7101  1.78
0.7201  1.76
0.7301  1.58
0.7401  1.7
0.7501  1.61
0.7601  1.56
0.7701  1.88
0.7801  1.58
0.7901  1.74
0.8001  1.88
0.8101  1.97
0.8201  1.61
0.8301  1.77
0.8401  1.39
0.8501  1.5
0.8601  1.7
0.8701  1.49
0.8801  1.75
0.8901  1.68
0.9001  1.63
0.9101  1.64
0.9201  1.78
0.9301  1.59
0.9401  1.69
0.9501  1.65
0.9601  1.82
0.9701  1.83
0.9801  2.02
0.9901  1.72
1.0001  1.81
1.0101  1.97
1.0201  1.86
1.0301  1.78
1.0401  1.87
1.0501  1.81
1.0601  1.76
1.0701  2.16
1.0801  2.04
1.0901  1.93
1.1001  2.05
1.1101  2.18
1.1201  1.93
1.1301  2.05
1.1401  2.28
1.1501  2.04
1.1601  2.24
1.1701  2.37
1.1801  2.15
1.1901  2.24
1.2001  2.08
1.2101  2.27
1.2201  2.13
1.2301  2.18
1.2401  2.29
1.2501  2.31
1.2601  1.79
1.2701  2.19
1.2801  2.1
1.2901  2.26
1.3001  2.03
1.3101  2.23
1.3201  2.33
1.3301  2.24
1.3401  1.94
1.3501  2.18
1.3601  2.08
1.3701  2.01
1.3801  1.9
1.3901  2.16
1.4001  1.82
1.4101  1.91
1.4201  1.68
1.4301  1.99
1.4401  2.12
1.4501  2.22
1.4601  1.82
1.4701  1.86
1.4801  1.56
1.4901  1.82
1.5001  1.9
1.5101  1.57
1.5201  1.68
1.5301  1.73
1.5401  1.84
1.5501  1.74
1.5601  1.63
1.5701  1.56
1.5801  1.6
1.5901  1.74
1.6001  2.05
1.6101  1.57
1.6201  1.79
1.6301  1.56
1.6401  1.93
1.6501  1.51
1.6601  1.65
1.6701  1.72
1.6801  1.68
1.6901  1.87
1.7001  1.92
1.7101  1.67
1.7201  1.9
1.7301  1.81
1.7401  1.62
1.7501  1.68
1.7601  1.89
1.7701  1.88
1.7801  1.86
1.7901  2.03
1.8001  2
1.8101  1.96
1.8201  1.81
1.8301  1.87
1.8401  1.98
1.8501  1.91
1.8601  2.17
1.8701  2.18
1.8801  2.07
1.8901  1.92
1.9001  2.18
1.9101  2.02
1.9201  1.99
1.9301  2.01
1.9401  1.94
1.9501  1.72
1.9601  2
1.9701  2.21
1.9801  2.09
1.9901  2.41
2.0001  2.14
2.0101  2.19
2.0201  2.1
2.0301  2.15
2.0401  2.31
2.0501  2
2.0601  2.16
2.0701  2.42
2.0801  2.16
2.0901  1.87
2.1001  2.05
2.1101  1.97
2.1201  2.4
2.1301  2.08
2.1401  2.11
2.1501  1.98
2.1601  2.14
2.1701  1.96
2.1801  1.86
2.1901  1.87
2.2001  1.93
2.2101  2.12
2.2201  1.76
2.2301  1.96
2.2401  1.99
2.2501  1.92
2.2601  1.91
2.2701  1.74
2.2801  1.82
2.2901  2.07
2.3001  1.68
2.3101  1.83
2.3201  1.84
2.3301  1.7
2.3401  1.76
2.3501  1.85
2.3601  1.68
2.3701  1.92
2.3801  1.66
2.3901  1.84
2.4001  1.87
2.4101  1.93
2.4201  1.75
2.4301  1.79
2.4401  1.74
2.4501  1.87
2.4601  1.92
2.4701  1.66
2.4801  1.74
2.4901  1.85
2.5001  1.8
2.5101  1.83
2.5201  1.69
2.5301  1.78
2.5401  1.84
2.5501  1.87
2.5601  1.84
2.5701  1.89
2.5801  1.94
2.5901  1.8
2.6001  1.93
2.6101  1.87
2.6201  2.03
2.6301  1.95
2.6401  1.78
2.6501  1.77
2.6601  2.03
2.6701  2.19
2.6801  2.14
2.6901  2.2
2.7001  1.97
2.7101  1.85
2.7201  2.11
2.7301  2.09
2.7401  2.02
2.7501  2.38
2.7601  1.98
2.7701  2.13
2.7801  2.29
2.7901  1.98
2.8001  2.24
2.8101  2.06
2.8201  2.34
2.8301  2.01
2.8401  2.08
2.8501  2.06
2.8601  2.09
2.8701  2.02
2.8801  1.93
2.8901  1.97
2.9001  1.83
2.9101  2.05
2.9201  2.11
2.9301  2.16
2.9401  2.09
2.9501  1.95
2.9601  1.83
2.9701  2.09
2.9801  1.82
2.9901  1.97
3.0001  2.11
3.0101  2.02
3.0201  1.91
3.0301  1.92
3.0401  2.02
3.0501  1.96
3.0601  2.04
3.0701  1.85
3.0801  1.96
3.0901  1.82
3.1001  1.84
3.1101  1.76
3.1201  1.89
3.1301  2.09
3.1401  2.03
3.1501  1.71
3.1601  1.52
3.1701  1.95
3.1801  1.69
3.1901  1.87
3.2001  1.78
3.2101  2.01
3.2201  1.96
3.2301  2.03
3.2401  1.64
3.2501  1.95
3.2601  1.77
3.2701  1.87
3.2801  1.84
3.2901  1.84
3.3001  1.82
3.3101  1.85
3.3201  1.84
3.3301  1.84
3.3401  1.91
3.3501  1.96
3.3601  1.73
3.3701  1.87
3.3801  1.99
3.3901  1.84
3.4001  1.55
3.4101  1.82
3.4201  2.06
3.4301  2.13
3.4401  2
3.4501  2.18
3.4601  2.09
3.4701  2.05
3.4801  1.91
3.4901  2.22
3.5001  2.12
3.5101  1.96
3.5201  1.99
3.5301  1.83
3.5401  1.89
3.5501  2.15
3.5601  1.76
3.5701  2.15
3.5801  2.29
3.5901  1.99
3.6001  1.86
3.6101  1.81
3.6201  2.13
3.6301  2.11
3.6401  2.08
3.6501  2.09
3.6601  2.1
3.6701  2
3.6801  2.02
3.6901  1.94
3.7001  2.09
3.7101  1.96
3.7201  1.97
3.7301  2.05
3.7401  2.09
3.7501  1.66
3.7601  1.93
3.7701  2.18
3.7801  2.01
3.7901  2.03
3.8001  1.87
3.8101  2.09
3.8201  1.66
3.8301  1.72
3.8401  1.84
3.8501  2.3
3.8601  2.01
3.8701  1.83
3.8801  2.26
3.8901  1.84
3.9001  1.9
3.9101  1.97
3.9201  1.87
3.9301  1.77
3.9401  1.89
3.9501  2
3.9601  1.7
3.9701  1.96
3.9801  1.8
3.9901  1.98
4.0001  2.03
4.0101  1.82
4.0201  1.71
4.0301  1.99
4.0401  2
4.0501  1.87
4.0601  1.83
4.0701  1.82
4.0801  1.94
4.0901  1.98
4.1001  2.11
4.1101  2.08
4.1201  1.8
4.1301  1.88
4.1401  1.68
4.1501  1.99
4.1601  1.74
4.1701  1.92
4.1801  1.96
4.1901  1.86
4.2001  1.97
4.2101  1.87
4.2201  2.03
4.2301  1.79
4.2401  1.84
4.2501  2.2
4.2601  2.15
4.2701  2.02
4.2801  1.99
4.2901  1.91
4.3001  2.06
4.3101  1.9
4.3201  1.99
4.3301  2.23
4.3401  2.05
4.3501  2.09
4.3601  2.03
4.3701  2.03
4.3801  1.97
4.3901  2
4.4001  1.71
4.4101  1.95
4.4201  2.02
4.4301  1.96
4.4401  2
4.4501  2.04
4.4601  2.13
4.4701  2.16
4.4801  1.93
4.4901  1.94
4.5001  1.92
4.5101  1.96
4.5201  1.88
4.5301  1.99
4.5401  1.78
4.5501  2.12
4.5601  2.01
4.5701  1.83
4.5801  1.88
4.5901  1.97
4.6001  1.8
4.6101  1.95
4.6201  1.91
4.6301  1.93
4.6401  1.94
4.6501  1.94
4.6601  1.85
4.6701  1.98
4.6801  1.89
4.6901  1.82
4.7001  2.18
4.7101  1.71
4.7201  2.06
4.7301  1.73
4.7401  1.92
4.7501  1.82
4.7601  1.93
4.7701  1.91
4.7801  2.12
4.7901  2.09
4.8001  1.99
4.8101  1.72
4.8201  2.01
4.8301  2.08
4.8401  1.83
4.8501  2.06
4.8601  1.68
4.8701  1.85
4.8801  1.87
4.8901  2.21
4.9001  1.67
4.9101  1.75
4.9201  1.96
4.9301  2.01
4.9401  1.97
4.9501  1.91
4.9601  1.99
4.9701  2.03
4.9801  2.07
4.9901  1.97
5.0001  1.94
5.0101  2.37
5.0201  1.94
5.0301  1.79
5.0401  2.23
5.0501  1.98
5.0601  1.82
5.0701  1.67
5.0801  2.08
5.0901  2.01
5.1001  1.77
5.1101  1.97
5.1201  1.91
5.1301  2.06
5.1401  2.08
5.1501  2.06
5.1601  2.09
5.1701  1.91
5.1801  1.97
5.1901  1.93
5.2001  2.03
5.2101  2.12
5.2201  2.07
5.2301  1.91
5.2401  1.75
5.2501  2.1
5.2601  1.98
5.2701  1.86
5.2801  1.98
5.2901  1.94
5.3001  1.96
5.3101  1.84
5.3201  1.79
5.3301  2.35
5.3401  1.81
5.3501  2
5.3601  1.92
5.3701  2.24
5.3801  1.82
5.3901  2.05
5.4001  1.98
5.4101  2.2
5.4201  1.87
5.4301  2.02
5.4401  1.99
5.4501  2.21
5.4601  1.7
5.4701  2.06
5.4801  1.94
5.4901  1.89
5.5001  1.86
5.5101  1.5
5.5201  1.85
5.5301  1.82
5.5401  1.85
5.5501  2.02
5.5601  1.83
5.5701  1.86
5.5801  2.09
5.5901  2.02
5.6001  2
5.6101  2.02
5.6201  2
5.6301  1.85
5.6401  2.14
5.6501  2.05
5.6601  1.71
5.6701  2.02
5.6801  1.93
5.6901  1.98
5.7001  1.91
5.7101  2.02
5.7201  1.88
5.7301  1.71
5.7401  2.33
5.7501  1.94
5.7601  1.99
5.7701  1.95
5.7801  1.81
5.7901  1.94
5.8001  1.9
5.8101  1.96
5.8201  1.71
5.8301  1.97
5.8401  2.23
5.8501  2.09
5.8601  2.05
5.8701  1.99
5.8801  2.08
5.8901  1.92
5.9001  1.91
5.9101  2.01
5.9201  2.07
5.9301  2
5.9401  2.28
5.9501  2.2
5.9601  2.1
5.9701  2.06
5.9801  2.02
5.9901  2.1
6.0001  1.84
6.0101  1.97
6.0201  2.1
6.0301  2
6.0401  2.04
6.0501  2.11
6.0601  2.07
6.0701  1.85
6.0801  2.29
6.0901  1.81
6.1001  1.79
6.1101  2.11
6.1201  1.91
6.1301  1.79
6.1401  1.76
6.1501  2.22
6.1601  1.84
6.1701  1.95
6.1801  2.04
6.1901  1.97
6.2001  1.84
6.2101  1.79
6.2201  1.94
6.2301  1.81
6.2401  1.89
6.2501  1.98
6.2601  1.97
6.2701  2.23
6.2801  1.77
6.2901  2.06
6.3001  1.85
6.3101  1.92
6.3201  2.06
6.3301  1.89
6.3401  1.73
6.3501  1.76
6.3601  1.86
6.3701  1.79
6.3801  1.98
6.3901  2
6.4001  1.96
6.4101  1.92
6.4201  2.14
6.4301  2.03
6.4401  1.99
6.4501  1.89
6.4601  1.91
6.4701  1.96
6.4801  1.93
6.4901  1.87
6.5001  2.1
6.5101  2.06
6.5201  1.86
6.5301  2.08
6.5401  2
6.5501  1.95
6.5601  2.09
6.5701  1.9
6.5801  2.21
6.5901  2.1
6.6001  2.03
6.6101  2.01
6.6201  1.87
6.6301  2.1
6.6401  2.1
6.6501  1.85
6.6601  1.94
6.6701  1.96
6.6801  1.95
6.6901  2.03
6.7001  2.11
6.7101  1.97
6.7201  1.9
6.7301  2.02
6.7401  2.05
6.7501  1.92
6.7601  1.88
6.7701  1.98
6.7801  2.17
6.7901  2.03
6.8001  2.17
6.8101  1.83
6.8201  2.22
6.8301  2.02
6.8401  1.92
6.8501  1.76
6.8601  1.99
6.8701  1.97
6.8801  2
6.8901  1.84
6.9001  1.9
6.9101  1.77
6.9201  1.89
6.9301  1.8
6.9401  1.91
6.9501  1.92
6.9601  1.97
6.9701  1.99
6.9801  2.06
6.9901  2.06
7.0001  2.14
7.0101  2.01
7.0201  1.99
7.0301  1.83
7.0401  1.81
7.0501  1.82
7.0601  2.05
7.0701  1.93
7.0801  1.73
7.0901  2.16
7.1001  1.89
7.1101  2.08
7.1201  1.87
7.1301  2.04
7.1401  1.69
7.1501  1.98
7.1601  2.1
7.1701  1.86
7.1801  1.82
7.1901  1.91
7.2001  2.06
7.2101  1.95
7.2201  2.19
7.2301  2.02
7.2401  2.05
7.2501  2.15
7.2601  2.01
7.2701  1.95
7.2801  1.8
7.2901  2.15
7.3001  2
7.3101  1.97
7.3201  2
7.3301  2.15
7.3401  1.93
7.3501  2
7.3601  1.94
7.3701  2.01
7.3801  1.76
7.3901  2.17
7.4001  1.86
7.4101  2.34
7.4201  1.81
7.4301  1.94
7.4401  2.05
7.4501  1.98
7.4601  1.96
7.4701  2.02
7.4801  1.8
7.4901  1.98
7.5001  1.95
7.5101  1.95
7.5201  1.86
7.5301  2.03
7.5401  2.12
7.5501  2.08
7.5601  1.97
7.5701  1.64
7.5801  2.03
7.5901  1.99
7.6001  1.86
7.6101  1.92
7.6201  2.09
7.6301  1.79
7.6401  1.95
7.6501  2.2
7.6601  1.94
7.6701  2
7.6801  1.9
7.6901  2.04
7.7001  1.84
7.7101  1.95
7.7201  2.26
7.7301  1.85
7.7401  1.94
7.7501  1.86
7.7601  2.08
7.7701  2.22
7.7801  1.87
7.7901  1.83
7.8001  1.88
7.8101  1.97
7.8201  1.93
7.8301  2.09
7.8401  1.84
7.8501  2.03
7.8601  1.77
7.8701  1.93
7.8801  2.08
7.8901  1.79
7.9001  1.88
7.9101  2.09
7.9201  1.96
7.9301  2.24
7.9401  1.74
7.9501  2.12
7.9601  1.99
7.9701  1.91
7.9801  1.84
7.9901  1.94
8.0001  1.9
8.0101  1.91
8.0201  1.97
8.0301  1.96
8.0401  1.71
8.0501  2.21
8.0601  2.28
8.0701  1.99
8.0801  2.01
8.0901  2.12
8.1001  1.98
8.1101  2.01
8.1201  1.88
8.1301  1.91
8.1401  1.97
8.1501  2.13
8.1601  2
8.1701  1.87
8.1801  2.11
8.1901  2.14
8.2001  1.98
8.2101  1.88
8.2201  2.14
8.2301  1.96
8.2401  1.76
8.2501  2
8.2601  2.05
8.2701  2.12
8.2801  1.93
8.2901  1.81
8.3001  2
8.3101  2.18
8.3201  1.93
8.3301  2.02
8.3401  1.81
8.3501  1.78
8.3601  2.31
8.3701  1.7
8.3801  1.7
8.3901  1.97
8.4001  2.08
8.4101  1.96
8.4201  1.92
8.4301  1.82
8.4401  1.72
8.4501  1.85
8.4601  1.77
8.4701  1.89
8.4801  2.23
8.4901  2.1
8.5001  1.71
8.5101  1.94
8.5201  2.13
8.5301  1.87
8.5401  1.99
8.5501  1.94
8.5601  2.02
8.5701  1.96
8.5801  1.97
8.5901  2.07
8.6001  1.88
8.6101  1.88
8.6201  1.93
8.6301  2.01
8.6401  1.89
8.6501  2.05
8.6601  2.15
8.6701  1.98
8.6801  2.03
8.6901  1.87
8.7001  1.85
8.7101  1.85
8.7201  2.1
8.7301  1.94
8.7401  2.02
8.7501  1.96
8.7601  1.95
8.7701  2.16
8.7801  2
8.7901  1.95
8.8001  1.65
8.8101  2.09
8.8201  1.93
8.8301  2.13
8.8401  2.04
8.8501  1.85
8.8601  2.18
8.8701  2.04
8.8801  1.9
8.8901  1.77
8.9001  1.95
8.9101  1.95
8.9201  2.05
8.9301  2.07
8.9401  2.01
8.9501  2.2
8.9601  1.73
8.9701  2.1
8.9801  1.84
8.9901  2.09
9.0001  1.91
9.0101  1.9
9.0201  1.64
9.0301  2.01
9.0401  2.04
9.0501  1.91
9.0601  2.04
9.0701  1.9
9.0801  2.21
9.0901  2.04
9.1001  1.89
9.1101  1.93
9.1201  1.87
9.1301  1.95
9.1401  2.03
9.1501  1.84
9.1601  1.87
9.1701  1.95
9.1801  2.22
9.1901  2.09
9.2001  2.04
9.2101  1.93
9.2201  2.08
9.2301  1.93
9.2401  1.99
9.2501  1.9
9.2601  1.72
9.2701  1.87
9.2801  1.99
9.2901  2.11
9.3001  1.87
9.3101  1.87
9.3201  1.85
9.3301  1.82
9.3401  1.88
9.3501  2.11
9.3601  1.94
9.3701  1.85
9.3801  2.13
9.3901  1.86
9.4001  1.99
9.4101  1.96
9.4201  1.86
9.4301  1.83
9.4401  1.96
9.4501  1.93
9.4601  1.79
9.4701  1.83
9.4801  1.93
9.4901  1.89
9.5001  2.08
9.5101  2.01
9.5201  1.89
9.5301  2.11
9.5401  2.15
9.5501  1.92
9.5601  2.13
9.5701  1.99
9.5801  1.93
9.5901  1.81
9.6001  1.67
9.6101  2.05
9.6201  2.14
9.6301  1.89
9.6401  1.78
9.6501  2.07
9.6601  2.2
9.6701  2.18
9.6801  1.83
9.6901  2.13
9.7001  1.86
9.7101  1.83
9.7201  1.92
9.7301  2.01
9.7401  1.74
9.7501  2.01
9.7601  2.03
9.7701  2.05
9.7801  2.26
9.7901  2.13
9.8001  2.02
9.8101  2.14
9.8201  1.8
9.8301  1.82
9.8401  2.02
9.8501  1.86
9.8601  1.83
9.8701  1.88
9.8801  2.14
9.8901  2.21
9.9001  1.99
9.9101  2
9.9201  1.87
9.9301  2.07
9.9401  2.11
9.9501  2
9.9601  1.92
9.9701  1.69
9.9801  1.92
9.9901  1.91
10.0001  1.95
10.0101  1.88
10.0201  1.97
10.0301  1.84
10.0401  2
10.0501  2
10.0601  2.14
10.0701  1.9
10.0801  2
10.0901  2
10.1001  1.93
10.1101  1.96
10.1201  2.01
10.1301  2.04
10.1401  1.91
10.1501  2.03
10.1601  2
10.1701  2.07
10.1801  1.76
10.1901  1.69
10.2001  1.93
10.2101  1.81
10.2201  2.21
10.2301  1.7
10.2401  2.1
10.2501  2
10.2601  1.96
10.2701  1.76
10.2801  1.96
10.2901  2.1
10.3001  2
10.3101  1.96
10.3201  1.72
10.3301  1.91
10.3401  2.14
10.3501  1.9
10.3601  2.11
10.3701  1.79
10.3801  1.93
10.3901  1.9
10.4001  1.95
10.4101  1.85
10.4201  1.76
10.4301  1.76
10.4401  2.11
10.4501  2.4
10.4601  1.88
10.4701  1.79
10.4801  2.01
10.4901  1.89
10.5001  2.01
10.5101  1.77
10.5201  2.14
10.5301  2.06
10.5401  1.84
10.5501  2.14
10.5601  2.06
10.5701  1.87
10.5801  2.14
10.5901  2.03
10.6001  1.99
10.6101  2.1
10.6201  2.09
10.6301  1.93
10.6401  1.87
10.6501  1.92
10.6601  2.03
10.6701  2.05
10.6801  2.1
10.6901  1.92
10.7001  2.12
10.7101  1.91
10.7201  1.98
10.7301  2.23
10.7401  1.81
10.7501  1.86
10.7601  1.89
10.7701  2.04
10.7801  1.87
10.7901  1.73
10.8001  1.99
10.8101  2.05
10.8201  1.99
10.8301  2.12
10.8401  1.95
10.8501  2.08
10.8601  2.07
10.8701  2.03
10.8801  2.06
10.8901  1.91
10.9001  1.77
10.9101  1.95
10.9201  1.83
10.9301  1.99
10.9401  1.75
10.9501  2
10.9601  1.85
10.9701  1.79
10.9801  2.18
10.9901  1.77
11.0001  1.97
11.0101  1.82
11.0201  1.97
11.0301  1.98
11.0401  2.04
11.0501  1.89
11.0601  2.08
11.0701  1.82
11.0801  1.83
11.0901  1.94
11.1001  2.03
11.1101  2
11.1201  1.83
11.1301  1.84
11.1401  2.21
11.1501  1.91
11.1601  1.86
11.1701  2
11.1801  2.17
11.1901  1.73
11.2001  1.79
11.2101  1.89
11.2201  2.2
11.2301  2.23
11.2401  1.96
11.2501  1.99
11.2601  1.99
11.2701  1.84
11.2801  1.8
11.2901  2.21
11.3001  2.01
11.3101  2.19
11.3201  1.88
11.3301  1.86
11.3401  1.87
11.3501  2.12
11.3601  1.97
11.3701  2.15
11.3801  2.1
11.3901  2.01
11.4001  1.94
11.4101  2.08
11.4201  1.93
11.4301  1.95
11.4401  1.99
11.4501  1.84
11.4601  2.03
11.4701  1.88
11.4801  2.09
11.4901  1.97
11.5001  1.86
11.5101  2.05
11.5201  1.91
11.5301  1.93
11.5401  1.97
11.5501  2.11
11.5601  2.03
11.5701  2.02
11.5801  1.92
11.5901  1.87
11.6001  2.01
11.6101  1.87
11.6201  1.72
11.6301  2.14
11.6401  2.2
11.6501  2.01
11.6601  1.96
11.6701  1.97
11.6801  1.66
11.6901  2.1
11.7001  1.84
11.7101  2.03
11.7201  1.79
11.7301  1.97
11.7401  1.93
11.7501  2.29
11.7601  1.92
11.7701  1.88
11.7801  1.87
11.7901  2.04
11.8001  2.06
11.8101  1.81
11.8201  2.04
11.8301  1.91
11.8401  2.01
11.8501  1.88
11.8601  1.95
11.8701  1.86
11.8801  2.12
11.8901  1.94
11.9001  2.11
11.9101  1.93
11.9201  2.13
11.9301  1.76
11.9401  1.94
11.9501  1.69
11.9601  2.14
11.9701  1.67
11.9801  1.63
11.9901  1.97
12.0001  1.89
12.0101  2.34
12.0201  1.83
12.0301  2.03
12.0401  1.96
12.0501  2.16
12.0601  2.27
12.0701  2.03
12.0801  1.96
12.0901  2.02
12.1001  1.91
12.1101  2.01
12.1201  1.99
12.1301  1.92
12.1401  2.06
12.1501  1.96
12.1601  1.86
12.1701  2.01
12.1801  1.86
12.1901  2.15
12.2001  2.14
12.2101  2.03
12.2201  1.85
12.2301  2.21
12.2401  1.95
12.2501  2.08
12.2601  1.98
12.2701  1.72
12.2801  2.05
12.2901  1.78
12.3001  2.17
12.3101  2.11
12.3201  1.91
12.3301  1.91
12.3401  1.79
12.3501  1.95
12.3601  1.8
12.3701  2.04
12.3801  2.26
12.3901  2.02
12.4001  1.9
12.4101  1.94
12.4201  1.93
12.4301  2.01
12.4401  2.17
12.4501  1.9
12.4601  2.27
12.4701  1.68
12.4801  1.95
12.4901  1.93
12.5001  1.94
12.5101  2.03
12.5201  1.91
12.5301  1.87
12.5401  1.85
12.5501  2.1
12.5601  1.96
12.5701  1.84
12.5801  1.79
12.5901  2.05
12.6001  1.91
12.6101  2.15
12.6201  1.88
12.6301  1.83
12.6401  2.11
12.6501  1.81
12.6601  2
12.6701  2.11
12.6801  1.85
12.6901  2.05
12.7001  1.8
12.7101  1.81
12.7201  2.22
12.7301  1.71
12.7401  2.04
12.7501  2.14
12.7601  1.97
12.7701  2.02
12.7801  2.09
12.7901  1.88
12.8001  1.74
12.8101  1.84
12.8201  2.03
12.8301  2.11
12.8401  2.11
12.8501  1.98
12.8601  1.97
12.8701  1.77
12.8801  1.98
12.8901  2.24
12.9001  1.87
12.9101  2.07
12.9201  1.9
12.9301  1.66
12.9401  2.19
12.9501  1.94
12.9601  2
12.9701  2.07
12.9801  1.8
12.9901  1.91
13.0001  2.16
13.0101  2.18
13.0201  1.97
13.0301  2.04
13.0401  1.95
13.0501  2.19
13.0601  1.94
13.0701  2.05
13.0801  1.65
13.0901  1.92
13.1001  2.16
13.1101  1.89
13.1201  1.7
13.1301  1.95
13.1401  2
13.1501  1.93
13.1601  2.02
13.1701  1.82
13.1801  1.89
13.1901  2.1
13.2001  2.07
13.2101  1.97
13.2201  1.97
13.2301  1.96
13.2401  1.84
13.2501  1.93
13.2601  1.75
13.2701  1.73
13.2801  2.21
13.2901  2.01
13.3001  2.01
13.3101  2.03
13.3201  1.93
13.3301  1.93
13.3401  1.88
13.3501  1.94
13.3601  2.08
13.3701  1.97
13.3801  1.83
13.3901  2.1
13.4001  2.1
13.4101  1.89
13.4201  1.91
13.4301  2.03
13.4401  2.01
13.4501  1.94
13.4601  1.94
13.4701  2.13
13.4801  1.99
13.4901  1.96
13.5001  1.97
13.5101  2.15
13.5201  1.95
13.5301  2.02
13.5401  1.95
13.5501  1.91
13.5601  1.94
13.5701  2.01
13.5801  1.85
13.5901  1.99
13.6001  2.2
13.6101  1.96
13.6201  1.76
13.6301  1.98
13.6401  1.98
13.6501  1.94
13.6601  1.94
13.6701  1.89
13.6801  2.03
13.6901  2.05
13.7001  1.87
13.7101  2.18
13.7201  1.97
13.7301  1.99
13.7401  1.78
13.7501  2.08
13.7601  1.76
13.7701  2.02
13.7801  2.1
13.7901  2.01
13.8001  1.99
13.8101  1.72
13.8201  2.03
13.8301  1.98
13.8401  1.93
13.8501  1.76
13.8601  2
13.8701  1.94
13.8801  2.39
13.8901  1.87
13.9001  1.82
13.9101  1.96
13.9201  1.9
13.9301  2
13.9401  1.86
13.9501  2.09
13.9601  1.95
13.9701  2.1
13.9801  1.87
13.9901  1.83
14.0001  2.01
14.0101  1.9
14.0201  2.15
14.0301  1.87
14.0401  1.89
14.0501  2.07
14.0601  2.04
14.0701  1.78
14.0801  1.86
14.0901  1.99
14.1001  2.16
14.1101  2.02
14.1201  1.88
14.1301  1.94
14.1401  1.98
14.1501  2.07
14.1601  1.86
14.1701  2.06
14.1801  2.1
14.1901  2
14.2001  1.98
14.2101  1.93
14.2201  2.21
14.2301  1.88
14.2401  2.1
14.2501  2.1
14.2601  1.88
14.2701  1.89
14.2801  1.77
14.2901  1.99
14.3001  1.87
14.3101  2.06
14.3201  1.94
14.3301  1.9
14.3401  2.08
14.3501  2.18
14.3601  1.89
14.3701  1.72
14.3801  2.15
14.3901  1.83
14.4001  1.99
14.4101  1.91
14.4201  1.86
14.4301  1.79
14.4401  1.89
14.4501  1.93
14.4601  2.06
14.4701  1.94
14.4801  1.98
14.4901  2.06
14.5001  1.74
14.5101  1.96
14.5201  1.81
14.5301  1.92
14.5401  2.08
14.5501  2.1
14.5601  1.74
14.5701  2.01
14.5801  1.76
14.5901  2.14
14.6001  1.73
14.6101  1.81
14.6201  1.7
14.6301  1.88
14.6401  2.01
14.6501  1.95
14.6601  2.05
14.6701  2.03
14.6801  2.1
14.6901  2.25
14.7001  1.9
14.7101  1.99
14.7201  1.96
14.7301  1.98
14.7401  2.1
14.7501  1.78
14.7601  1.83
14.7701  1.87
14.7801  1.8
14.7901  2.04
14.8001  2.11
14.8101  1.99
14.8201  2.02
14.8301  1.93
14.8401  2.23
14.8501  2.2
14.8601  1.71
14.8701  2.14
14.8801  1.78
14.8901  1.95
14.9001  1.99
14.9101  1.86
14.9201  2.27
14.9301  1.86
14.9401  1.87
14.9501  1.97
14.9601  1.69
14.9701  2.03
14.9801  2.03
14.9901  2.02
15.0001  1.8
15.0101  1.95
15.0201  2.06
15.0301  1.9
15.0401  1.99
15.0501  2.03
15.0601  1.9
15.0701  2.06
15.0801  1.7
15.0901  2.06
15.1001  1.79
15.1101  2.05
15.1201  1.8
15.1301  2.08
15.1401  2.04
15.1501  1.64
15.1601  2.16
15.1701  1.93
15.1801  2.23
15.1901  2.05
15.2001  1.94
15.2101  1.83
15.2201  2.13
15.2301  1.81
15.2401  1.89
15.2501  1.87
15.2601  2.08
15.2701  1.87
15.2801  1.81
15.2901  2.05
15.3001  2.04
15.3101  1.85
15.3201  1.87
15.3301  2.23
15.3401  1.86
15.3501  2.23
15.3601  2.05
15.3701  1.95
15.3801  1.93
15.3901  2.03
15.4001  2.02
15.4101  2.17
15.4201  1.82
15.4301  1.86
15.4401  1.81
15.4501  2.07
15.4601  1.76
15.4701  1.9
15.4801  1.96
15.4901  2.01
15.5001  1.88
15.5101  1.87
15.5201  2.01
15.5301  1.95
15.5401  2
15.5501  2.2
15.5601  2
15.5701  2.13
15.5801  1.8
15.5901  1.79
15.6001  1.85
15.6101  2.05
15.6201  1.67
15.6301  1.98
15.6401  2.03
15.6501  1.82
15.6601  2.23
15.6701  2.07
15.6801  2.14
15.6901  1.82
15.7001  1.8
15.7101  1.87
15.7201  2.04
15.7301  2.12
15.7401  1.94
15.7501  1.9
15.7601  2.16
15.7701  1.95
15.7801  1.76
15.7901  2.2
15.8001  1.97
15.8101  1.87
15.8201  1.97
15.8301  2.06
15.8401  1.84
15.8501  1.97
15.8601  1.92
15.8701  1.96
15.8801  1.97
15.8901  2.23
15.9001  1.97
15.9101  1.93
15.9201  1.94
15.9301  1.98
15.9401  1.95
15.9501  1.87
15.9601  1.81
15.9701  2.07
15.9801  1.93
15.9901  1.85
16.0001  2.05
16.0101  1.99
16.0201  2.07
16.0301  1.98
16.0401  1.94
16.0501  1.92
16.0601  1.59
16.0701  1.97
16.0801  1.87
16.0901  1.99
16.1001  1.93
16.1101  1.93
16.1201  2.05
16.1301  1.87
16.1401  2.08
16.1501  2.19
16.1601  1.79
16.1701  2.12
16.1801  2.04
16.1901  2.1
16.2001  1.95
16.2101  1.78
16.2201  2.12
16.2301  1.95
16.2401  1.94
16.2501  1.9
16.2601  1.92
16.2701  1.76
16.2801  1.98
16.2901  1.75
16.3001  1.89
16.3101  1.71
16.3201  1.96
16.3301  1.95
16.3401  1.88
16.3501  2.23
16.3601  1.88
16.3701  1.87
16.3801  1.76
16.3901  2.11
16.4001  1.92
16.4101  2.04
16.4201  2.18
16.4301  1.97
16.4401  1.72
16.4501  1.8
16.4601  1.96
16.4701  2.05
16.4801  2.02
16.4901  2.15
16.5001  2.24
16.5101  2.08
16.5201  1.87
16.5301  1.9
16.5401  2.2
16.5501  1.89
16.5601  1.95
16.5701  1.94
16.5801  2.04
16.5901  1.81
16.6001  2.17
16.6101  1.96
16.6201  1.79
16.6301  1.64
16.6401  1.81
16.6501  2.07
16.6601  2.3
16.6701  1.98
16.6801  1.93
16.6901  1.99
16.7001  2.03
16.7101  1.98
16.7201  1.9
16.7301  1.83
16.7401  1.86
16.7501  1.77
16.7601  2.13
16.7701  2.19
16.7801  1.78
16.7901  1.93
16.8001  1.89
16.8101  1.73
16.8201  2.3
16.8301  1.88
16.8401  1.85
16.8501  2.11
16.8601  1.69
16.8701  2.18
16.8801  1.82
16.8901  1.86
16.9001  2.1
16.9101  1.81
16.9201  1.84
16.9301  1.8
16.9401  1.53
16.9501  2.01
16.9601  1.93
16.9701  1.77
16.9801  2.01
16.9901  2.17
17.0001  1.86
17.0101  1.74
17.0201  2.06
17.0301  2.02
17.0401  2.06
17.0501  2.41
17.0601  1.9
17.0701  1.88
17.0801  2.43
17.0901  1.85
17.1001  2.17
17.1101  1.85
17.1201  1.94
17.1301  1.86
17.1401  2.06
17.1501  2.01
17.1601  1.65
17.1701  1.97
17.1801  2.1
17.1901  2.13
17.2001  1.71
17.2101  1.76
17.2201  2
17.2301  1.94
17.2401  2.08
17.2501  1.93
17.2601  1.94
17.2701  1.86
17.2801  1.98
17.2901  2.07
17.3001  1.82
17.3101  2.26
17.3201  1.94
17.3301  2.05
17.3401  1.95
17.3501  1.82
17.3601  1.9
17.3701  2
17.3801  2.08
17.3901  1.85
17.4001  1.85
17.4101  2.09
17.4201  1.99
17.4301  1.96
17.4401  1.91
17.4501  2
17.4601  1.8
17.4701  2.05
17.4801  1.91
17.4901  2.13
17.5001  1.86
17.5101  1.94
17.5201  1.93
17.5301  2.44
17.5401  2.13
17.5501  1.87
17.5601  1.95
17.5701  1.79
17.5801  2.07
17.5901  2.01
17.6001  1.78
17.6101  1.87
17.6201  1.99
17.6301  1.94
17.6401  2.19
17.6501  1.88
17.6601  1.86
17.6701  2.1
17.6801  1.92
17.6901  2
17.7001  2.07
17.7101  1.87
17.7201  1.9
17.7301  1.97
17.7401  1.88
17.7501  1.96
17.7601  2.02
17.7701  1.74
17.7801  1.92
17.7901  1.53
17.8001  2
17.8101  2.3
17.8201  1.95
17.8301  1.85
17.8401  1.88
17.8501  1.83
17.8601  1.9
17.8701  2.05
17.8801  1.75
17.8901  1.78
17.9001  1.95
17.9101  1.83
17.9201  2.1
17.9301  2.14
17.9401  1.89
17.9501  1.98
17.9601  1.97
17.9701  2.04
17.9801  1.82
17.9901  2.16
18.0001  2.02
18.0101  1.99
18.0201  2.12
18.0301  1.96
18.0401  1.78
18.0501  1.71
18.0601  1.95
18.0701  2.05
18.0801  2.15
18.0901  1.97
18.1001  1.8
18.1101  2.08
18.1201  1.94
18.1301  2.11
18.1401  2.15
18.1501  2.05
18.1601  2.26
18.1701  1.84
18.1801  2.04
18.1901  1.68
18.2001  1.93
18.2101  2.19
18.2201  2.04
18.2301  1.71
18.2401  1.92
18.2501  1.88
18.2601  1.91
18.2701  2.3
18.2801  1.92
18.2901  2.06
18.3001  2.09
18.3101  1.97
18.3201  2.11
18.3301  1.9
18.3401  1.85
18.3501  1.9
18.3601  2.02
18.3701  1.83
18.3801  1.74
18.3901  1.92
18.4001  2
18.4101  1.9
18.4201  1.86
18.4301  2.05
18.4401  2.15
18.4501  2.13
18.4601  2.08
18.4701  1.9
18.4801  1.76
18.4901  1.69
18.5001  2.04
18.5101  1.8
18.5201  1.84
18.5301  1.76
18.5401  1.99
18.5501  2.08
18.5601  2.01
18.5701  2.19
18.5801  1.75
18.5901  2.2
18.6001  1.97
18.6101  2.11
18.6201  1.9
18.6301  1.82
18.6401  1.97
18.6501  2.1
18.6601  2.02
18.6701  2.04
18.6801  1.81
18.6901  1.92
18.7001  2.06
18.7101  2
18.7201  1.89
18.7301  2.12
18.7401  1.89
18.7501  2.05
18.7601  2.02
18.7701  1.97
18.7801  1.83
18.7901  1.94
18.8001  1.93
18.8101  2.05
18.8201  2.03
18.8301  1.96
18.8401  2.03
18.8501  2.1
18.8601  1.94
18.8701  2.05
18.8801  2.14
18.8901  2.24
18.9001  1.92
18.9101  1.98
18.9201  1.91
18.9301  1.91
18.9401  2
18.9501  1.95
18.9601  2.19
18.9701  2.1
18.9801  2.02
18.9901  2.01
19.0001  2
19.0101  1.87
19.0201  1.94
19.0301  1.7
19.0401  2.05
19.0501  1.97
19.0601  2.22
19.0701  1.94
19.0801  2.09
19.0901  1.74
19.1001  2.1
19.1101  1.98
19.1201  1.87
19.1301  2.07
19.1401  1.8
19.1501  1.84
19.1601  1.8
19.1701  2.02
19.1801  2.1
19.1901  1.92
19.2001  2.02
19.2101  1.78
19.2201  2
19.2301  1.96
19.2401  1.88
19.2501  2.02
19.2601  2.04
19.2701  1.91
19.2801  2.28
19.2901  2.02
19.3001  1.77
19.3101  1.89
19.3201  1.91
19.3301  1.71
19.3401  2.01
19.3501  1.78
19.3601  2.06
19.3701  1.86
19.3801  1.97
19.3901  1.88
19.4001  1.88
19.4101  1.95
19.4201  2.03
19.4301  2.26
19.4401  1.95
19.4501  1.95
19.4601  1.98
19.4701  1.87
19.4801  1.64
19.4901  2.17
19.5001  1.85
19.5101  2.04
19.5201  2.3
19.5301  2.11
19.5401  1.66
19.5501  2.05
19.5601  1.86
19.5701  2.08
19.5801  1.97
19.5901  2.24
19.6001  2.08
19.6101  1.88
19.6201  1.96
19.6301  1.94
19.6401  2.05
19.6501  1.92
19.6601  2.12
19.6701  2.08
19.6801  2.02
19.6901  2.24
19.7001  2.16
19.7101  1.91
19.7201  1.82
19.7301  2.07
19.7401  1.57
19.7501  2.03
19.7601  1.95
19.7701  1.98
19.7801  2.27
19.7901  1.87
19.8001  2.12
19.8101  2.02
19.8201  1.95
19.8301  2.1
19.8401  1.82
19.8501  1.9
19.8601  1.87
19.8701  2.02
19.8801  2.02
19.8901  1.88
19.9001  1.86
19.9101  1.96
19.9201  2.06
19.9301  1.91
19.9401  1.76
19.9501  1.83
19.9601  1.87
19.9701  1.97
19.9801  1.91
19.9901  2.04
20.0001  1.84
20.0101  1.67
20.0201  1.91
20.0301  1.93
20.0401  1.91
20.0501  2.06
20.0601  2.07
20.0701  1.96
20.0801  1.86
20.0901  1.95
20.1001  1.76
20.1101  1.95
20.1201  1.82
20.1301  1.85
20.1401  1.86
20.1501  1.82
20.1601  2.17
20.1701  1.9
20.1801  1.93
20.1901  1.92
20.2001  1.83
20.2101  2.21
20.2201  1.91
20.2301  1.8
20.2401  1.71
20.2501  1.99
20.2601  2.21
20.2701  2.01
20.2801  2
20.2901  1.92
20.3001  2
20.3101  1.83
20.3201  2.21
20.3301  1.85
20.3401  2.32
20.3501  2.08
20.3601  2.11
20.3701  1.96
20.3801  1.96
20.3901  2.04
20.4001  2.17
20.4101  2.25
20.4201  1.88
20.4301  1.96
20.4401  1.94
20.4501  1.92
20.4601  2.04
20.4701  1.93
20.4801  1.94
20.4901  1.95
20.5001  2.01
20.5101  2.04
20.5201  2.05
20.5301  2
20.5401  1.9
20.5501  2.38
20.5601  1.96
20.5701  1.87
20.5801  2.11
20.5901  1.66
20.6001  1.91
20.6101  2.09
20.6201  1.82
20.6301  1.98
20.6401  1.9
20.6501  1.96
20.6601  2.06
20.6701  2.1
20.6801  1.9
20.6901  1.7
20.7001  1.87
20.7101  1.9
20.7201  1.97
20.7301  1.84
20.7401  1.91
20.7501  1.95
20.7601  2.13
20.7701  1.94
20.7801  1.78
20.7901  1.96
20.8001  1.96
20.8101  1.82
20.8201  2
20.8301  1.93
20.8401  1.85
20.8501  1.97
20.8601  1.75
20.8701  2.03
20.8801  1.85
20.8901  2.07
20.9001  1.87
20.9101  1.77
20.9201  1.88
20.9301  1.85
20.9401  1.95
20.9501  1.86
20.9601  1.97
20.9701  2.03
20.9801  1.98
20.9901  1.95
21.0001  2.01
21.0101  2.14
21.0201  1.82
21.0301  2.01
21.0401  2.2
21.0501  2.02
21.0601  1.83
21.0701  1.95
21.0801  1.95
21.0901  2.08
21.1001  2.14
21.1101  1.93
21.1201  1.99
21.1301  1.88
21.1401  2.18
21.1501  1.88
21.1601  1.95
21.1701  2.09
21.1801  1.89
21.1901  2.1
21.2001  2.09
21.2101  2.2
21.2201  1.97
21.2301  2.1
21.2401  1.9
21.2501  1.99
21.2601  2.13
21.2701  2
21.2801  1.86
21.2901  2.22
21.3001  2.03
21.3101  1.92
21.3201  1.89
21.3301  1.7
21.3401  1.98
21.3501  1.92
21.3601  1.92
21.3701  2.02
21.3801  2.08
21.3901  1.95
21.4001  1.82
21.4101  1.97
21.4201  1.97
21.4301  1.97
21.4401  1.96
21.4501  1.73
21.4601  1.82
21.4701  1.78
21.4801  1.87
21.4901  1.57
21.5001  2.02
21.5101  2.12
21.5201  1.93
21.5301  1.87
21.5401  2.15
21.5501  1.82
21.5601  1.81
21.5701  1.82
21.5801  1.82
21.5901  1.85
21.6001  1.94
21.6101  2.09
21.6201  1.96
21.6301  1.95
21.6401  1.73
21.6501  1.69
21.6601  1.74
21.6701  1.87
21.6801  2.19
21.6901  2.06
21.7001  2.03
21.7101  2.09
21.7201  2.09
21.7301  1.85
21.7401  1.96
21.7501  1.63
21.7601  1.88
21.7701  1.84
21.7801  1.86
21.7901  2.18
21.8001  1.92
21.8101  1.87
21.8201  2.07
21.8301  1.96
21.8401  1.95
21.8501  1.96
21.8601  1.72
21.8701  2.02
21.8801  2.34
21.8901  2.24
21.9001  2.29
21.9101  2.05
21.9201  1.89
21.9301  2.29
21.9401  1.91
21.9501  1.98
21.9601  1.87
21.9701  2.02
21.9801  2.04
21.9901  2.11
22.0001  1.63
22.0101  2.11
22.0201  2.04
22.0301  1.8
22.0401  2.1
22.0501  2.09
22.0601  2.05
22.0701  1.74
22.0801  2
22.0901  2.01
22.1001  2.1
22.1101  1.86
22.1201  2.22
22.1301  1.9
22.1401  1.82
22.1501  2.16
22.1601  2.01
22.1701  2.03
22.1801  1.88
22.1901  1.83
22.2001  2.05
22.2101  1.98
22.2201  1.8
22.2301  1.91
22.2401  1.94
22.2501  2.05
22.2601  1.86
22.2701  2.01
22.2801  1.82
22.2901  2.17
22.3001  1.91
22.3101  2.04
22.3201  1.85
22.3301  1.8
22.3401  1.92
22.3501  1.62
22.3601  1.97
22.3701  1.84
22.3801  1.84
22.3901  2.05
22.4001  1.72
22.4101  1.79
22.4201  1.91
22.4301  1.67
22.4401  1.76
22.4501  1.83
22.4601  1.99
22.4701  2.04
22.4801  1.97
22.4901  1.8
22.5001  2.01
22.5101  1.89
22.5201  1.75
22.5301  2.12
22.5401  1.85
22.5501  1.95
22.5601  2
22.5701  1.95
22.5801  1.9
22.5901  2.18
22.6001  1.55
22.6101  2.12
22.6201  1.9
22.6301  1.72
22.6401  1.9
22.6501  2.09
22.6601  2.1
22.6701  1.72
22.6801  2.12
22.6901  2.1
22.7001  1.91
22.7101  1.97
22.7201  1.93
22.7301  2.02
22.7401  2.22
22.7501  2.22
22.7601  1.84
22.7701  2.01
22.7801  2.19
22.7901  1.9
22.8001  2.12
22.8101  2.18
22.8201  2.24
22.8301  2.3
22.8401  1.91
22.8501  2.06
22.8601  2.15
22.8701  2.18
22.8801  2.13
22.8901  1.73
22.9001  2.04
22.9101  1.89
22.9201  2.1
22.9301  1.69
22.9401  2.08
22.9501  1.72
22.9601  2.05
22.9701  2.28
22.9801  2.07
22.9901  1.97
23.0001  2.29
23.0101  1.87
23.0201  1.79
23.0301  2.37
23.0401  2
23.0501  1.68
23.0601  1.83
23.0701  1.97
23.0801  1.9
23.0901  2.08
23.1001  2.17
23.1101  1.9
23.1201  1.64
23.1301  1.65
23.1401  1.8
23.1501  1.88
23.1601  1.79
23.1701  1.86
23.1801  1.84
23.1901  2.01
23.2001  1.94
23.2101  1.68
23.2201  2.04
23.2301  2.02
23.2401  1.97
23.2501  1.88
23.2601  1.89
23.2701  1.63
23.2801  1.97
23.2901  1.84
23.3001  1.79
23.3101  1.95
23.3201  2.1
23.3301  1.8
23.3401  2.04
23.3501  1.98
23.3601  1.86
23.3701  2.14
23.3801  1.82
23.3901  1.77
23.4001  1.86
23.4101  1.89
23.4201  2.02
23.4301  1.97
23.4401  2.13
23.4501  2.2
23.4601  1.95
23.4701  2.09
23.4801  2.01
23.4901  1.98
23.5001  2.44
23.5101  1.87
23.5201  2.14
23.5301  1.96
23.5401  1.92
23.5501  1.98
23.5601  2.16
23.5701  2.16
23.5801  1.99
23.5901  2.06
23.6001  2.12
23.6101  2.04
23.6201  2.02
23.6301  1.69
23.6401  1.93
23.6501  2.11
23.6601  2.01
23.6701  2.14
23.6801  1.95
23.6901  2.15
23.7001  1.77
23.7101  2.05
23.7201  2.3
23.7301  1.8
23.7401  1.92
23.7501  2.1
23.7601  2.04
23.7701  1.86
23.7801  2.08
23.7901  2
23.8001  1.97
23.8101  1.96
23.8201  2.02
23.8301  2.01
23.8401  1.97
23.8501  2.01
23.8601  1.96
23.8701  1.58
23.8801  2.01
23.8901  2.12
23.9001  1.89
23.9101  1.76
23.9201  1.86
23.9301  1.94
23.9401  1.95
23.9501  2.01
23.9601  1.89
23.9701  2.02
23.9801  1.82
23.9901  1.73
24.0001  2.2
24.0101  1.85
24.0201  1.94
24.0301  1.77
24.0401  1.88
24.0501  1.75
24.0601  1.88
24.0701  1.92
24.0801  2.19
24.0901  1.99
24.1001  2.04
24.1101  2.08
24.1201  1.87
24.1301  1.73
24.1401  1.76
24.1501  1.93
24.1601  1.76
24.1701  1.9
24.1801  1.97
24.1901  2.22
24.2001  2.1
24.2101  2.03
24.2201  1.82
24.2301  2.04
24.2401  2.1
24.2501  2
24.2601  2.02
24.2701  1.7
24.2801  1.91
24.2901  2.09
24.3001  1.95
24.3101  2.03
24.3201  2.04
24.3301  2.08
24.3401  2.16
24.3501  2.07
24.3601  2.26
24.3701  2
24.3801  2.05
24.3901  2.11
24.4001  2.06
24.4101  2.04
24.4201  1.74
24.4301  2.04
24.4401  2.06
24.4501  2.04
24.4601  2.11
24.4701  2.12
24.4801  2.21
24.4901  2
24.5001  2.11
24.5101  2.17
24.5201  2.14
24.5301  1.93
24.5401  1.84
24.5501  1.93
24.5601  1.95
24.5701  2
24.5801  2.02
24.5901  1.88
24.6001  1.91
24.6101  1.92
24.6201  2.01
24.6301  1.9
24.6401  1.96
24.6501  2.04
24.6601  2.11
24.6701  1.83
24.6801  2.1
24.6901  1.88
24.7001  1.89
24.7101  1.95
24.7201  1.93
24.7301  1.85
24.7401  1.83
24.7501  1.94
24.7601  2.03
24.7701  2.12
24.7801  1.63
24.7901  1.94
24.8001  1.84
24.8101  1.79
24.8201  1.87
24.8301  1.86
24.8401  1.8
24.8501  1.76
24.8601  1.86
24.8701  1.95
24.8801  2.06
24.8901  1.95
24.9001  1.95
24.9101  1.98
24.9201  1.99
24.9301  1.91
24.9401  1.71
24.9501  1.81
24.9601  2.09
24.9701  2
24.9801  2.02
24.9901  1.94
25.0001  1.96
25.0101  1.99
25.0201  1.9
25.0301  2.2
25.0401  1.95
25.0501  1.89
25.0601  2.28
25.0701  2.15
25.0801  1.95
25.0901  1.86
25.1001  2.14
25.1101  1.91
25.1201  1.99
25.1301  1.98
25.1401  2.02
25.1501  2.15
25.1601  1.84
25.1701  2.1
25.1801  2.29
25.1901  2.11
25.2001  1.89
25.2101  1.63
25.2201  1.94
25.2301  1.94
25.2401  2.18
25.2501  2.32
25.2601  1.72
25.2701  1.93
25.2801  2.11
25.2901  1.93
25.3001  2.02
25.3101  1.89
25.3201  2.06
25.3301  2.08
25.3401  2.03
25.3501  1.94
25.3601  2.06
25.3701  2.25
25.3801  1.86
25.3901  2.13
25.4001  1.75
25.4101  1.86
25.4201  2.05
25.4301  2.11
25.4401  1.97
25.4501  1.77
25.4601  1.7
25.4701  1.88
25.4801  2.07
25.4901  1.88
25.5001  1.9
25.5101  2.01
25.5201  2.05
25.5301  1.86
25.5401  1.93
25.5501  1.91
25.5601  1.93
25.5701  2.07
25.5801  2.05
25.5901  1.55
25.6001  2.02
25.6101  1.83
25.6201  1.93
25.6301  1.96
25.6401  1.98
25.6501  2.13
25.6601  1.78
25.6701  1.73
25.6801  1.8
25.6901  1.85
25.7001  1.66
25.7101  1.88
25.7201  2.04
25.7301  1.95
25.7401  2.03
25.7501  1.92
25.7601  2.14
25.7701  1.92
25.7801  2.05
25.7901  1.83
25.8001  1.77
25.8101  1.99
25.8201  1.93
25.8301  1.82
25.8401  2.07
25.8501  1.81
25.8601  2.11
25.8701  1.8
25.8801  1.94
25.8901  2.16
25.9001  2.05
25.9101  2.21
25.9201  2.03
25.9301  2.03
25.9401  1.84
25.9501  2.12
25.9601  1.99
25.9701  1.96
25.9801  1.92
25.9901  2.16
26.0001  1.88
26.0101  1.79
26.0201  2.08
26.0301  2.11
26.0401  2.04
26.0501  2.07
26.0601  1.93
26.0701  1.91
26.0801  2.39
26.0901  1.91
26.1001  1.64
26.1101  2.03
26.1201  2.11
26.1301  2.16
26.1401  2
26.1501  2.01
26.1601  1.89
26.1701  1.9
26.1801  1.94
26.1901  2.14
26.2001  2.03
26.2101  2.06
26.2201  1.88
26.2301  1.76
26.2401  1.99
26.2501  1.83
26.2601  1.87
26.2701  1.94
26.2801  1.98
26.2901  1.96
26.3001  1.83
26.3101  2.34
26.3201  1.82
26.3301  2.05
26.3401  1.81
26.3501  1.8
26.3601  1.82
26.3701  2.05
26.3801  1.9
26.3901  1.81
26.4001  1.9
26.4101  1.84
26.4201  1.89
26.4301  1.94
26.4401  2.03
26.4501  2.07
26.4601  1.87
26.4701  1.92
26.4801  1.85
26.4901  1.9
26.5001  1.95
26.5101  1.95
26.5201  2.11
26.5301  2.04
26.5401  1.73
26.5501  1.98
26.5601  1.86
26.5701  2.07
26.5801  2.17
26.5901  1.81
26.6001  2.06
26.6101  2.05
26.6201  1.8
26.6301  1.8
26.6401  1.81
26.6501  1.86
26.6601  2.05
26.6701  1.96
26.6801  2.14
26.6901  2.02
26.7001  2.05
26.7101  2.14
26.7201  1.76
26.7301  1.97
26.7401  2.02
26.7501  1.94
26.7601  1.93
26.7701  2.17
26.7801  1.99
26.7901  1.94
26.8001  2.03
26.8101  1.84
26.8201  1.98
26.8301  1.8
26.8401  1.98
26.8501  2
26.8601  1.97
26.8701  1.98
26.8801  2.19
26.8901  2.44
26.9001  1.86
26.9101  2.07
26.9201  1.99
26.9301  1.78
26.9401  1.88
26.9501  1.94
26.9601  1.96
26.9701  1.86
26.9801  2.26
26.9901  1.94
27.0001  2.1
27.0101  1.87
27.0201  2.12
27.0301  1.76
27.0401  1.8
27.0501  1.94
27.0601  2.1
27.0701  1.89
27.0801  2.27
27.0901  1.87
27.1001  1.86
27.1101  1.89
27.1201  2.03
27.1301  1.88
27.1401  2.13
27.1501  1.75
27.1601  2.1
27.1701  2.24
27.1801  1.78
27.1901  2.11
27.2001  1.59
27.2101  2.01
27.2201  1.93
27.2301  1.89
27.2401  1.89
27.2501  1.93
27.2601  1.95
27.2701  2.11
27.2801  1.92
27.2901  1.92
27.3001  1.7
27.3101  2.15
27.3201  1.92
27.3301  1.84
27.3401  1.98
27.3501  2.01
27.3601  1.86
27.3701  1.84
27.3801  1.78
27.3901  2
27.4001  2.02
27.4101  1.84
27.4201  1.86
27.4301  1.74
27.4401  1.79
27.4501  1.87
27.4601  2.03
27.4701  2.04
27.4801  2.06
27.4901  2.16
27.5001  1.87
27.5101  2.02
27.5201  1.98
27.5301  1.96
27.5401  2.12
27.5501  1.86
27.5601  2.02
27.5701  1.9
27.5801  2.08
27.5901  2.08
27.6001  2.02
27.6101  1.77
27.6201  1.8
27.6301  2.05
27.6401  1.76
27.6501  2.08
27.6601  2.02
27.6701  2.1
27.6801  1.92
27.6901  2.06
27.7001  2.15
27.7101  2.08
27.7201  1.88
27.7301  2.17
27.7401  2.12
27.7501  1.9
27.7601  1.71
27.7701  1.97
27.7801  1.97
27.7901  1.84
27.8001  1.93
27.8101  2.13
27.8201  1.95
27.8301  1.75
27.8401  2.18
27.8501  1.94
27.8601  2.06
27.8701  2.09
27.8801  1.93
27.8901  1.73
27.9001  1.73
27.9101  1.94
27.9201  1.79
27.9301  1.83
27.9401  1.88
27.9501  1.81
27.9601  2.01
27.9701  1.79
27.9801  2
27.9901  2.13
28.0001  1.96
28.0101  1.95
28.0201  2.02
28.0301  1.71
28.0401  1.91
28.0501  1.86
28.0601  1.8
28.0701  2.13
28.0801  1.83
28.0901  2.01
28.1001  1.94
28.1101  1.98
28.1201  1.86
28.1301  1.86
28.1401  2.11
28.1501  1.7
28.1601  2.08
28.1701  2.06
28.1801  1.65
28.1901  2.07
28.2001  2.04
28.2101  1.99
28.2201  2.21
28.2301  1.86
28.2401  1.93
28.2501  2.02
28.2601  2.05
28.2701  1.72
28.2801  1.98
28.2901  2.08
28.3001  2.07
28.3101  1.83
28.3201  2
28.3301  1.87
28.3401  1.86
28.3501  2.07
28.3601  1.95
28.3701  2.02
28.3801  1.62
28.3901  2.16
28.4001  1.95
28.4101  2.05
28.4201  2.02
28.4301  2.17
28.4401  2.08
28.4501  2.13
28.4601  2.04
28.4701  1.95
28.4801  2.22
28.4901  1.83
28.5001  1.91
28.5101  1.67
28.5201  2.14
28.5301  1.83
28.5401  1.96
28.5501  1.71
28.5601  2.03
28.5701  1.97
28.5801  2.06
28.5901  2.06
28.6001  1.89
28.6101  2.06
28.6201  1.83
28.6301  1.89
28.6401  1.94
28.6501  1.99
28.6601  1.89
28.6701  2.07
28.6801  2.13
28.6901  2.08
28.7001  1.84
28.7101  2.03
28.7201  2.09
28.7301  2.04
28.7401  1.83
28.7501  1.78
28.7601  2
28.7701  1.7
28.7801  2.07
28.7901  2.21
28.8001  1.85
28.8101  1.65
28.8201  1.67
28.8301  2.04
28.8401  1.82
28.8501  2.07
28.8601  1.95
28.8701  2.06
28.8801  1.74
28.8901  2.08
28.9001  2.16
28.9101  2.04
28.9201  1.73
28.9301  1.86
28.9401  1.79
28.9501  2.08
28.9601  1.91
28.9701  1.8
28.9801  1.98
28.9901  2
29.0001  1.78
29.0101  1.83
29.0201  2.17
29.0301  1.81
29.0401  1.81
29.0501  2.06
29.0601  2.06
29.0701  1.94
29.0801  1.82
29.0901  2.01
29.1001  2.2
29.1101  1.99
29.1201  1.89
29.1301  2.12
29.1401  2.09
29.1501  2.23
29.1601  1.65
29.1701  2.1
29.1801  2.09
29.1901  2
29.2001  2.13
29.2101  1.98
29.2201  2.04
29.2301  1.89
29.2401  1.96
29.2501  2.04
29.2601  1.9
29.2701  2.1
29.2801  1.79
29.2901  2.35
29.3001  1.95
29.3101  2.01
29.3201  1.95
29.3301  1.87
29.3401  2.02
29.3501  2
29.3601  2.12
29.3701  1.84
29.3801  1.99
29.3901  2.08
29.4001  1.83
29.4101  1.8
29.4201  2.06
29.4301  1.87
29.4401  1.68
29.4501  1.87
29.4601  2.05
29.4701  2.14
29.4801  1.72
29.4901  1.84
29.5001  1.77
29.5101  1.8
29.5201  2.03
29.5301  1.85
29.5401  2.05
29.5501  2.21
29.5601  1.87
29.5701  1.81
29.5801  1.92
29.5901  1.78
29.6001  2.26
29.6101  1.97
29.6201  1.98
29.6301  2
29.6401  1.63
29.6501  1.78
29.6601  1.97
29.6701  2.17
29.6801  2.08
29.6901  1.81
29.7001  2.04
29.7101  2.06
29.7201  2.01
29.7301  2.04
29.7401  1.69
29.7501  2.09
29.7601  1.82
29.7701  2.21
29.7801  2.06
29.7901  2.05
29.8001  2.13
29.8101  1.95
29.8201  2.34
29.8301  1.94
29.8401  1.76
29.8501  1.73
29.8601  1.86
29.8701  2.14
29.8801  2.18
29.8901  2.08
29.9001  2.08
29.9101  2.02
29.9201  1.93
29.9301  1.92
29.9401  2.06
29.9501  1.76
29.9601  2.16
29.9701  1.89
29.9801  1.93
29.9901  2.1
30.0001  1.78
30.0101  1.8
30.0201  1.84
30.0301  1.88
30.0401  2.01
30.0501  2.04
30.0601  1.97
30.0701  1.9
30.0801  1.8
30.0901  1.93
30.1001  1.82
30.1101  2.11
30.1201  2.2
30.1301  2.05
30.1401  1.88
30.1501  1.99
30.1601  1.9
30.1701  1.98
30.1801  1.92
30.1901  1.99
30.2001  1.87
30.2101  2.2
30.2201  2.14
30.2301  1.85
30.2401  2.12
30.2501  1.94
30.2601  2.3
30.2701  1.77
30.2801  1.93
30.2901  2.04
30.3001  1.91
30.3101  1.83
30.3201  1.87
30.3301  1.88
30.3401  1.95
30.3501  2.18
30.3601  2.08
30.3701  1.8
30.3801  1.73
30.3901  2.06
30.4001  1.96
30.4101  1.98
30.4201  2.09
30.4301  1.96
30.4401  1.82
30.4501  2.07
30.4601  2.09
30.4701  1.86
30.4801  1.99
30.4901  2.17
30.5001  1.97
30.5101  1.95
30.5201  1.74
30.5301  1.73
30.5401  1.79
30.5501  1.95
30.5601  2
30.5701  1.95
30.5801  1.92
30.5901  2.12
30.6001  1.83
30.6101  1.93
30.6201  1.91
30.6301  1.99
30.6401  2.06
30.6501  2.15
30.6601  2.27
30.6701  2
30.6801  2.21
30.6901  2.03
30.7001  1.68
30.7101  2.02
30.7201  1.85
30.7301  2.12
30.7401  1.8
30.7501  1.85
30.7601  1.83
30.7701  1.86
30.7801  1.79
30.7901  1.89
30.8001  1.82
30.8101  2.06
30.8201  1.98
30.8301  2
30.8401  2.21
30.8501  2.23
30.8601  2.2
30.8701  1.85
30.8801  2.08
30.8901  2.09
30.9001  1.96
30.9101  2.01
30.9201  1.8
30.9301  1.95
30.9401  2.26
30.9501  1.79
30.9601  1.71
30.9701  2.03
30.9801  1.95
30.9901  1.86
31.0001  1.84
31.0101  1.85
31.0201  2.03
31.0301  2.16
31.0401  1.97
31.0501  1.95
31.0601  2.04
31.0701  1.93
31.0801  1.82
31.0901  1.9
31.1001  2.12
31.1101  1.99
31.1201  2.3
31.1301  1.91
31.1401  2.04
31.1501  1.82
31.1601  1.78
31.1701  1.85
31.1801  1.94
31.1901  1.92
31.2001  2.03
31.2101  1.77
31.2201  2.11
31.2301  1.89
31.2401  1.91
31.2501  1.99
31.2601  2.09
31.2701  1.9
31.2801  1.93
31.2901  2
31.3001  2.02
31.3101  2
31.3201  2.04
31.3301  1.9
31.3401  2.04
31.3501  1.9
31.3601  1.87
31.3701  1.87
31.3801  2.1
31.3901  1.84
31.4001  2.01
31.4101  1.97
31.4201  1.95
31.4301  1.99
31.4401  1.86
31.4501  2.01
31.4601  2.06
31.4701  1.87
31.4801  2.22
31.4901  1.87
31.5001  2.14
31.5101  1.91
31.5201  1.75
31.5301  1.85
31.5401  2.11
31.5501  2.05
31.5601  2.07
31.5701  1.9
31.5801  2.08
31.5901  1.91
31.6001  2.08
31.6101  1.85
31.6201  1.99
31.6301  2.11
31.6401  1.81
31.6501  1.9
31.6601  2.05
31.6701  1.88
31.6801  2.07
31.6901  1.8
31.7001  2.02
31.7101  2.05
31.7201  1.86
31.7301  2.07
31.7401  2.24
31.7501  1.99
31.7601  2.03
31.7701  1.81
31.7801  1.86
31.7901  1.78
31.8001  2.06
31.8101  1.86
31.8201  1.82
31.8301  1.99
31.8401  2.08
31.8501  2.1
31.8601  1.96
31.8701  1.89
31.8801  1.98
31.8901  1.9
31.9001  1.87
31.9101  2.08
31.9201  1.96
31.9301  2.13
31.9401  1.63
31.9501  1.91
31.9601  2.13
31.9701  2.07
31.9801  1.98
31.9901  2.04
32.0001  1.98
32.0101  2.13
32.0201  2
32.0301  1.91
32.0401  1.83
32.0501  2.01
32.0601  1.93
32.0701  1.78
32.0801  1.96
32.0901  1.78
32.1001  2
32.1101  1.99
32.1201  2.07
32.1301  2.07
32.1401  1.9
32.1501  2.08
32.1601  1.9
32.1701  1.86
32.1801  1.82
32.1901  2.19
32.2001  2.09
32.2101  1.84
32.2201  1.71
32.2301  2.05
32.2401  1.92
32.2501  1.93
32.2601  1.87
32.2701  1.99
32.2801  1.89
32.2901  1.99
32.3001  1.93
32.3101  2
32.3201  2.14
32.3301  1.71
32.3401  1.99
32.3501  1.93
32.3601  1.97
32.3701  1.88
32.3801  1.99
32.3901  1.8
32.4001  1.96
32.4101  2.17
32.4201  1.92
32.4301  2.04
32.4401  1.91
32.4501  2.01
32.4601  2.07
32.4701  1.84
32.4801  1.92
32.4901  2.14
32.5001  2.06
32.5101  2.02
32.5201  2.16
32.5301  1.91
32.5401  1.89
32.5501  1.92
32.5601  2.13
32.5701  2.02
32.5801  1.85
32.5901  2.09
32.6001  2.23
32.6101  1.94
32.6201  2.05
32.6301  1.83
32.6401  1.83
32.6501  1.99
32.6601  2
32.6701  1.7
32.6801  2.19
32.6901  1.76
32.7001  1.8
32.7101  2.07
32.7201  2.21
32.7301  2.01
32.7401  1.94
32.7501  2.14
32.7601  1.85
32.7701  1.76
32.7801  1.91
32.7901  1.82
32.8001  2
32.8101  2.04
32.8201  1.9
32.8301  2
32.8401  1.93
32.8501  1.86
32.8601  2.14
32.8701  1.87
32.8801  2.08
32.8901  1.93
32.9001  2.07
32.9101  1.9
32.9201  1.73
32.9301  2.01
32.9401  1.92
32.9501  1.9
32.9601  1.86
32.9701  2.1
32.9801  2.02
32.9901  1.8
33.0001  1.77
33.0101  2.07
33.0201  1.97
33.0301  1.75
33.0401  2.08
33.0501  2.12
33.0601  2.09
33.0701  1.86
33.0801  1.94
33.0901  1.93
33.1001  2.16
33.1101  2.05
33.1201  1.89
33.1301  2.18
33.1401  1.86
33.1501  2.03
33.1601  2.18
33.1701  1.68
33.1801  2.18
33.1901  1.93
33.2001  1.97
33.2101  2.05
33.2201  2.01
33.2301  2.25
33.2401  2.19
33.2501  2.13
33.2601  1.95
33.2701  1.9
33.2801  2.02
33.2901  1.93
33.3001  1.93
33.3101  1.94
33.3201  2.08
33.3301  1.96
33.3401  1.75
33.3501  2.14
33.3601  2.07
33.3701  2.22
33.3801  1.88
33.3901  2.03
33.4001  1.83
33.4101  2.12
33.4201  1.89
33.4301  1.98
33.4401  1.97
33.4501  2.23
33.4601  1.93
33.4701  1.9
33.4801  1.9
33.4901  1.9
33.5001  1.71
33.5101  1.9
33.5201  1.62
33.5301  1.85
33.5401  1.84
33.5501  1.9
33.5601  1.82
33.5701  1.93
33.5801  2.09
33.5901  1.77
33.6001  1.98
33.6101  2.22
33.6201  1.99
33.6301  1.79
33.6401  1.86
33.6501  1.81
33.6601  1.88
33.6701  1.97
33.6801  1.94
33.6901  2.11
33.7001  2.25
33.7101  1.93
33.7201  1.85
33.7301  1.83
33.7401  2.31
33.7501  1.95
33.7601  2.02
33.7701  1.83
33.7801  1.8
33.7901  2.03
33.8001  2.1
33.8101  2.06
33.8201  2.11
33.8301  1.81
33.8401  2.22
33.8501  1.91
33.8601  1.82
33.8701  2.14
33.8801  1.96
33.8901  1.94
33.9001  2.12
33.9101  1.97
33.9201  2.12
33.9301  1.85
33.9401  1.61
33.9501  1.95
33.9601  1.92
33.9701  2.19
33.9801  1.85
33.9901  2.18
34.0001  1.81
34.0101  1.92
34.0201  1.81
34.0301  1.89
34.0401  2.11
34.0501  1.88
34.0601  2.1
34.0701  1.9
34.0801  1.87
34.0901  2.03
34.1001  1.9
34.1101  1.95
34.1201  1.85
34.1301  1.86
34.1401  1.66
34.1501  2.08
34.1601  1.84
34.1701  2.1
34.1801  1.98
34.1901  2.19
34.2001  1.94
34.2101  2.15
34.2201  1.98
34.2301  2.09
34.2401  1.82
34.2501  1.96
34.2601  1.81
34.2701  2.04
34.2801  2.05
34.2901  2
34.3001  1.86
34.3101  1.94
34.3201  1.86
34.3301  1.84
34.3401  1.83
34.3501  2.15
34.3601  1.96
34.3701  2.09
34.3801  2.21
34.3901  1.72
34.4001  1.92
34.4101  1.99
34.4201  2.06
34.4301  2.17
34.4401  1.75
34.4501  1.83
34.4601  1.8
34.4701  2.22
34.4801  2.2
34.4901  1.78
34.5  1.76
34.51  1.88
34.52  1.98
34.53  1.93
34.54  2.06
34.55  1.89
34.56  2.04
34.57  1.84
34.58  2.07
34.59  2.06
34.6  1.94
34.61  1.84
34.62  1.98
34.63  2.06
34.64  2.07
34.65  1.86
34.66  1.87
34.67  1.8
34.68  2.07
34.69  1.94
34.7  2.03
34.71  2.03
34.72  1.88
34.73  2.03
34.74  2.2
34.75  2.17
34.76  1.95
34.77  2.16
34.78  1.95
34.79  2.11
34.8  1.92
34.81  1.83
34.82  1.8
34.83  2.01
34.84  2
34.85  2
34.86  2.12
34.87  1.73
34.88  1.77
34.89  1.91
34.9  2
34.91  1.93
34.92  1.86
34.93  1.95
34.94  2.14
34.95  1.88
34.96  2.1
34.97  2.09
34.98  2.25
34.99  1.89
