-15  0
-14.99  0
-14.98  0.01
-14.97  0.01
-14.96  0.01
-14.95  0.01
-14.94  0.02
-14.93  0.02
-14.92  0.04
-14.91  0.02
-14.9  0.04
-14.89  0.04
-14.88  0.04
-14.87  0.05
-14.86  0.07
-14.85  0.06
-14.84  0.08
-14.83  0.07
-14.82  0.1
-14.81  0.1
-14.8  0.13
-14.79  0.14
-14.78  0.14
-14.77  0.18
-14.76  0.22
-14.75  0.26
-14.74  0.3
-14.73  0.37
-14.72  0.45
-14.71  0.57
-14.7  0.77
-14.69  1.07
-14.68  1.56
-14.67  2.51
-14.66  4.6
-14.65  10.3
-14.64  24.56
-14.63  24.65
-14.62  10.38
-14.61  4.62
-14.6  2.52
-14.59  1.57
-14.58  1.09
-14.57  0.79
-14.56  0.6
-14.55  0.46
-14.54  0.39
-14.53  0.32
-14.52  0.28
-14.51  0.23
-14.5  0.23
-14.49  0.19
-14.48  0.17
-14.47  0.16
-14.46  0.15
-14.45  0.13
-14.44  0.12
-14.43  0.13
-14.42  0.09
-14.41  0.11
-14.4  0.15
-14.39  0.09
-14.38  0.12
-14.37  0.08
-14.36  0.1
-14.35  0.12
-14.34  0.09
-14.33  0.12
-14.32  0.1
-14.31  0.09
-14.3  0.11
-14.29  0.11
-14.28  0.12
-14.27  0.11
-14.26  0.12
-14.25  0.11
-14.24  0.12
-14.23  0.14
-14.22  0.12
-14.21  0.14
-14.2  0.15
-14.19  0.16
-14.18  0.16
-14.17  0.16
-14.16  0.21
-14.15  0.16
-14.14  0.2
-14.13  0.23
-14.12  0.22
-14.11  0.25
-14.1  0.27
-14.09  0.3
-14.08  0.32
-14.07  0.36
-14.06  0.41
-14.05  0.43
-14.04  0.48
-14.03  0.54
-14.02  0.66
-14.01  0.73
-14  0.88
-13.99  1.06
-13.98  1.27
-13.97  1.53
-13.96  1.97
-13.95  2.57
-13.94  3.42
-13.93  4.61
-13.92  6.41
-13.91  8.45
-13.9  10.06
-13.89  10.07
-13.88  8.3
-13.87  6.19
-13.86  4.57
-13.85  3.35
-13.84  2.5
-13.83  1.98
-13.82  1.53
-13.81  1.24
-13.8  1.05
-13.79  0.89
-13.78  0.75
-13.77  0.69
-13.76  0.57
-13.75  0.5
-13.74  0.48
-13.73  0.44
-13.72  0.39
-13.71  0.37
-13.7  0.36
-13.69  0.29
-13.68  0.31
-13.67  0.27
-13.66  0.27
-13.65  0.28
-13.64  0.22
-13.63  0.23
-13.62  0.29
-13.61  0.22
-13.6  0.25
-13.59  0.23
-13.58  0.21
-13.57  0.21
-13.56  0.22
-13.55  0.26
-13.54  0.21
-13.53  0.23
-13.52  0.22
-13.51  0.24
-13.5  0.25
-13.49  0.25
-13.48  0.25
-13.47  0.26
-13.46  0.26
-13.45  0.29
-13.44  0.29
-13.43  0.3
-13.42  0.32
-13.41  0.31
-13.4  0.37
-13.39  0.37
-13.38  0.39
-13.37  0.45
-13.36  0.45
-13.35  0.48
-13.34  0.55
-13.33  0.57
-13.32  0.65
-13.31  0.71
-13.3  0.79
-13.29  0.89
-13.28  0.96
-13.27  1.15
-13.26  1.3
-13.25  1.49
-13.24  1.77
-13.23  2.11
-13.22  2.54
-13.21  2.99
-13.2  3.7
-13.19  4.39
-13.18  5.15
-13.17  5.84
-13.16  6.23
-13.15  6.2
-13.14  5.76
-13.13  5.04
-13.12  4.28
-13.11  3.54
-13.1  2.95
-13.09  2.45
-13.08  2.07
-13.07  1.72
-13.06  1.51
-13.05  1.3
-13.04  1.14
-13.03  1.01
-13.02  0.89
-13.01  0.78
-13  0.73
-12.99  0.65
-12.98  0.62
-12.97  0.59
-12.96  0.52
-12.95  0.5
-12.94  0.48
-12.93  0.42
-12.92  0.46
-12.91  0.42
-12.9  0.38
-12.89  0.38
-12.88  0.35
-12.87  0.37
-12.86  0.38
-12.85  0.34
-12.84  0.34
-12.83  0.35
-12.82  0.32
-12.81  0.34
-12.8  0.33
-12.79  0.35
-12.78  0.33
-12.77  0.34
-12.76  0.38
-12.75  0.38
-12.74  0.37
-12.73  0.37
-12.72  0.37
-12.71  0.39
-12.7  0.42
-12.69  0.43
-12.68  0.44
-12.67  0.49
-12.66  0.48
-12.65  0.51
-12.64  0.56
-12.63  0.59
-12.62  0.63
-12.61  0.68
-12.6  0.73
-12.59  0.76
-12.58  0.83
-12.57  0.95
-12.56  0.99
-12.55  1.13
-12.54  1.22
-12.53  1.42
-12.52  1.57
-12.51  1.76
-12.5  2.01
-12.49  2.24
-12.48  2.67
-12.47  2.93
-12.46  3.41
-12.45  3.76
-12.44  4.09
-12.43  4.4
-12.42  4.54
-12.41  4.51
-12.4  4.34
-12.39  4.08
-12.38  3.69
-12.37  3.23
-12.36  2.9
-12.35  2.53
-12.34  2.26
-12.33  1.92
-12.32  1.77
-12.31  1.54
-12.3  1.39
-12.29  1.25
-12.28  1.1
-12.27  1.03
-12.26  0.92
-12.25  0.89
-12.24  0.79
-12.23  0.74
-12.22  0.73
-12.21  0.63
-12.2  0.61
-12.19  0.6
-12.18  0.58
-12.17  0.59
-12.16  0.48
-12.15  0.54
-12.14  0.46
-12.13  0.47
-12.12  0.48
-12.11  0.5
-12.1  0.45
-12.09  0.43
-12.08  0.45
-12.07  0.44
-12.06  0.45
-12.05  0.46
-12.04  0.45
-12.03  0.45
-12.02  0.44
-12.01  0.47
-12  0.51
-11.99  0.49
-11.98  0.5
-11.97  0.52
-11.96  0.54
-11.95  0.53
-11.94  0.56
-11.93  0.57
-11.92  0.65
-11.91  0.64
-11.9  0.66
-11.89  0.74
-11.88  0.79
-11.87  0.8
-11.86  0.88
-11.85  0.93
-11.84  1.02
-11.83  1.08
-11.82  1.2
-11.81  1.3
-11.8  1.4
-11.79  1.54
-11.78  1.68
-11.77  1.84
-11.76  2.11
-11.75  2.25
-11.74  2.56
-11.73  2.72
-11.72  3.02
-11.71  3.19
-11.7  3.43
-11.69  3.54
-11.68  3.58
-11.67  3.66
-11.66  3.48
-11.65  3.35
-11.64  3.12
-11.63  2.97
-11.62  2.65
-11.61  2.46
-11.6  2.23
-11.59  2.01
-11.58  1.88
-11.57  1.64
-11.56  1.5
-11.55  1.39
-11.54  1.32
-11.53  1.14
-11.52  1.1
-11.51  1.01
-11.5  0.96
-11.49  0.92
-11.48  0.86
-11.47  0.78
-11.46  0.76
-11.45  0.71
-11.44  0.67
-11.43  0.7
-11.42  0.63
-11.41  0.63
-11.4  0.61
-11.39  0.57
-11.38  0.61
-11.37  0.55
-11.36  0.58
-11.35  0.55
-11.34  0.55
-11.33  0.55
-11.32  0.55
-11.31  0.57
-11.3  0.56
-11.29  0.56
-11.28  0.55
-11.27  0.58
-11.26  0.57
-11.25  0.57
-11.24  0.63
-11.23  0.59
-11.22  0.65
-11.21  0.61
-11.2  0.71
-11.19  0.74
-11.18  0.7
-11.17  0.8
-11.16  0.81
-11.15  0.85
-11.14  0.88
-11.13  0.93
-11.12  0.98
-11.11  1.05
-11.1  1.15
-11.09  1.18
-11.08  1.34
-11.07  1.39
-11.06  1.46
-11.05  1.62
-11.04  1.74
-11.03  1.9
-11.02  2.03
-11.01  2.21
-11  2.33
-10.99  2.55
-10.98  2.65
-10.97  2.87
-10.96  2.85
-10.95  2.99
-10.94  3.09
-10.93  2.98
-10.92  2.94
-10.91  2.91
-10.9  2.71
-10.89  2.61
-10.88  2.52
-10.87  2.24
-10.86  2.2
-10.85  1.97
-10.84  1.86
-10.83  1.74
-10.82  1.57
-10.81  1.43
-10.8  1.43
-10.79  1.27
-10.78  1.19
-10.77  1.14
-10.76  1.13
-10.75  0.99
-10.74  0.95
-10.73  0.89
-10.72  0.92
-10.71  0.8
-10.7  0.8
-10.69  0.8
-10.68  0.72
-10.67  0.72
-10.66  0.72
-10.65  0.68
-10.64  0.68
-10.63  0.74
-10.62  0.66
-10.61  0.66
-10.6  0.63
-10.59  0.65
-10.58  0.63
-10.57  0.64
-10.56  0.63
-10.55  0.64
-10.54  0.66
-10.53  0.67
-10.52  0.68
-10.51  0.7
-10.5  0.71
-10.49  0.72
-10.48  0.69
-10.47  0.76
-10.46  0.77
-10.45  0.86
-10.44  0.8
-10.43  0.87
-10.42  0.93
-10.41  0.93
-10.4  0.97
-10.39  1.06
-10.38  1.08
-10.37  1.14
-10.36  1.2
-10.35  1.3
-10.34  1.39
-10.33  1.42
-10.32  1.54
-10.31  1.58
-10.3  1.79
-10.29  1.9
-10.28  1.99
-10.27  2.03
-10.26  2.21
-10.25  2.32
-10.24  2.42
-10.23  2.45
-10.22  2.57
-10.21  2.61
-10.2  2.69
-10.19  2.6
-10.18  2.53
-10.17  2.6
-10.16  2.45
-10.15  2.4
-10.14  2.24
-10.13  2.14
-10.12  2.06
-10.11  1.92
-10.1  1.82
-10.09  1.71
-10.08  1.62
-10.07  1.54
-10.06  1.42
-10.05  1.36
-10.04  1.31
-10.03  1.18
-10.02  1.19
-10.01  1.07
-10  1.04
-9.99  1.04
-9.98  0.93
-9.97  0.93
-9.96  0.88
-9.95  0.88
-9.94  0.87
-9.93  0.84
-9.92  0.78
-9.91  0.78
-9.9  0.75
-9.89  0.78
-9.88  0.73
-9.87  0.79
-9.86  0.73
-9.85  0.75
-9.84  0.74
-9.83  0.71
-9.82  0.72
-9.81  0.76
-9.8  0.71
-9.79  0.75
-9.78  0.77
-9.77  0.77
-9.76  0.8
-9.75  0.81
-9.74  0.8
-9.73  0.83
-9.72  0.87
-9.71  0.87
-9.7  0.97
-9.69  0.95
-9.68  0.96
-9.67  1.05
-9.66  1.06
-9.65  1.12
-9.64  1.15
-9.63  1.24
-9.62  1.22
-9.61  1.33
-9.6  1.42
-9.59  1.46
-9.58  1.6
-9.57  1.64
-9.56  1.67
-9.55  1.84
-9.54  1.89
-9.53  1.94
-9.52  2.07
-9.51  2.15
-9.5  2.23
-9.49  2.28
-9.48  2.3
-9.47  2.3
-9.46  2.38
-9.45  2.33
-9.44  2.29
-9.43  2.34
-9.42  2.25
-9.41  2.13
-9.4  2.14
-9.39  1.99
-9.38  1.91
-9.37  1.95
-9.36  1.73
-9.35  1.67
-9.34  1.64
-9.33  1.52
-9.32  1.41
-9.31  1.47
-9.3  1.3
-9.29  1.27
-9.28  1.26
-9.27  1.13
-9.26  1.14
-9.25  1.08
-9.24  1.02
-9.23  0.98
-9.22  1.02
-9.21  0.94
-9.2  0.91
-9.19  0.92
-9.18  0.89
-9.17  0.85
-9.16  0.86
-9.15  0.82
-9.14  0.85
-9.13  0.8
-9.12  0.88
-9.11  0.75
-9.1  0.84
-9.09  0.84
-9.08  0.8
-9.07  0.8
-9.06  0.82
-9.05  0.83
-9.04  0.84
-9.03  0.85
-9.02  0.87
-9.01  0.86
-9  0.91
-8.99  0.94
-8.98  0.91
-8.97  0.99
-8.96  0.95
-8.95  1.04
-8.94  1.05
-8.93  1.06
-8.92  1.13
-8.91  1.19
-8.9  1.17
-8.89  1.35
-8.88  1.27
-8.87  1.39
-8.86  1.46
-8.85  1.45
-8.84  1.57
-8.83  1.6
-8.82  1.69
-8.81  1.7
-8.8  1.85
-8.79  1.83
-8.78  1.97
-8.77  1.97
-8.76  2.08
-8.75  2.06
-8.74  2.14
-8.73  2.1
-8.72  2.16
-8.71  2.1
-8.7  2.16
-8.69  2.14
-8.68  2.07
-8.67  2.01
-8.66  1.95
-8.65  1.94
-8.64  1.82
-8.63  1.78
-8.62  1.71
-8.61  1.67
-8.6  1.61
-8.59  1.54
-8.58  1.38
-8.57  1.47
-8.56  1.38
-8.55  1.32
-8.54  1.21
-8.53  1.24
-8.52  1.18
-8.51  1.16
-8.5  1.11
-8.49  1.05
-8.48  1.07
-8.47  1.04
-8.46  0.98
-8.45  0.96
-8.44  0.95
-8.43  0.93
-8.42  0.94
-8.41  0.9
-8.4  0.91
-8.39  0.9
-8.38  0.87
-8.37  0.88
-8.36  0.89
-8.35  0.88
-8.34  0.87
-8.33  0.9
-8.32  0.88
-8.31  0.92
-8.3  0.87
-8.29  0.94
-8.28  0.98
-8.27  0.92
-8.26  0.96
-8.25  0.96
-8.24  1.01
-8.23  1.07
-8.22  1.05
-8.21  1.07
-8.2  1.1
-8.19  1.13
-8.18  1.16
-8.17  1.22
-8.16  1.24
-8.15  1.28
-8.14  1.33
-8.13  1.43
-8.12  1.39
-8.11  1.46
-8.1  1.56
-8.09  1.61
-8.08  1.63
-8.07  1.78
-8.06  1.74
-8.05  1.75
-8.04  1.87
-8.03  1.85
-8.02  1.96
-8.01  1.87
-8  1.98
-7.99  1.99
-7.98  2
-7.97  1.96
-7.96  1.97
-7.95  1.9
-7.94  1.95
-7.93  1.9
-7.92  1.89
-7.91  1.8
-7.9  1.79
-7.89  1.65
-7.88  1.78
-7.87  1.63
-7.86  1.55
-7.85  1.5
-7.84  1.48
-7.83  1.45
-7.82  1.38
-7.81  1.34
-7.8  1.27
-7.79  1.23
-7.78  1.2
-7.77  1.2
-7.76  1.16
-7.75  1.12
-7.74  1.11
-7.73  1.07
-7.72  1.01
-7.71  1.1
-7.7  0.98
-7.69  1.02
-7.68  1.03
-7.67  0.93
-7.66  0.94
-7.65  0.99
-7.64  1
-7.63  0.92
-7.62  0.91
-7.61  0.93
-7.6  0.95
-7.59  0.92
-7.58  0.97
-7.57  0.95
-7.56  1.02
-7.55  0.97
-7.54  0.98
-7.53  1.02
-7.52  1.05
-7.51  1
-7.5  1.06
-7.49  1.08
-7.48  1.09
-7.47  1.11
-7.46  1.15
-7.45  1.18
-7.44  1.23
-7.43  1.28
-7.42  1.31
-7.41  1.29
-7.4  1.34
-7.39  1.36
-7.38  1.44
-7.37  1.46
-7.36  1.53
-7.35  1.62
-7.34  1.58
-7.33  1.63
-7.32  1.72
-7.31  1.72
-7.3  1.76
-7.29  1.73
-7.28  1.87
-7.27  1.79
-7.26  1.86
-7.25  1.83
-7.24  1.93
-7.23  1.82
-7.22  1.85
-7.21  1.81
-7.2  1.9
-7.19  1.74
-7.18  1.8
-7.17  1.68
-7.16  1.72
-7.15  1.61
-7.14  1.71
-7.13  1.6
-7.12  1.56
-7.11  1.5
-7.1  1.41
-7.09  1.48
-7.08  1.35
-7.07  1.37
-7.06  1.28
-7.05  1.34
-7.04  1.21
-7.03  1.24
-7.02  1.2
-7.01  1.15
-7  1.13
-6.99  1.12
-6.98  1.09
-6.97  1.12
-6.96  1.04
-6.95  1.05
-6.94  1.03
-6.93  1.06
-6.92  1.02
-6.91  1.02
-6.9  0.99
-6.89  1
-6.88  1.02
-6.87  0.99
-6.86  0.99
-6.85  0.98
-6.84  1.07
-6.83  1.02
-6.82  1.02
-6.81  1.03
-6.8  1.04
-6.79  1.05
-6.78  1.08
-6.77  1.07
-6.76  1.11
-6.75  1.12
-6.74  1.16
-6.73  1.16
-6.72  1.17
-6.71  1.22
-6.7  1.2
-6.69  1.3
-6.68  1.32
-6.67  1.34
-6.66  1.36
-6.65  1.4
-6.64  1.45
-6.63  1.43
-6.62  1.49
-6.61  1.54
-6.6  1.55
-6.59  1.63
-6.58  1.59
-6.57  1.72
-6.56  1.72
-6.55  1.64
-6.54  1.76
-6.53  1.79
-6.52  1.66
-6.51  1.83
-6.5  1.77
-6.49  1.71
-6.48  1.79
-6.47  1.75
-6.46  1.74
-6.45  1.65
-6.44  1.74
-6.43  1.74
-6.42  1.57
-6.41  1.67
-6.4  1.57
-6.39  1.5
-6.38  1.55
-6.37  1.47
-6.36  1.52
-6.35  1.37
-6.34  1.42
-6.33  1.39
-6.32  1.32
-6.31  1.3
-6.3  1.25
-6.29  1.25
-6.28  1.23
-6.27  1.21
-6.26  1.15
-6.25  1.19
-6.24  1.13
-6.23  1.17
-6.22  1.02
-6.21  1.11
-6.2  1.11
-6.19  1.06
-6.18  1.07
-6.17  1.08
-6.16  1.05
-6.15  1.06
-6.14  1.03
-6.13  1.09
-6.12  1.04
-6.11  1.08
-6.1  1.05
-6.09  1.1
-6.08  1.06
-6.07  1.07
-6.06  1.05
-6.05  1.11
-6.04  1.08
-6.03  1.12
-6.02  1.12
-6.01  1.19
-6  1.21
-5.99  1.2
-5.98  1.19
-5.97  1.26
-5.96  1.24
-5.95  1.28
-5.94  1.37
-5.93  1.32
-5.92  1.39
-5.91  1.4
-5.9  1.41
-5.89  1.44
-5.88  1.46
-5.87  1.52
-5.86  1.54
-5.85  1.56
-5.84  1.57
-5.83  1.64
-5.82  1.65
-5.81  1.62
-5.8  1.65
-5.79  1.7
-5.78  1.65
-5.77  1.69
-5.76  1.72
-5.75  1.73
-5.74  1.66
-5.73  1.64
-5.72  1.66
-5.71  1.7
-5.7  1.64
-5.69  1.61
-5.68  1.57
-5.67  1.62
-5.66  1.56
-5.65  1.52
-5.64  1.5
-5.63  1.44
-5.62  1.44
-5.61  1.38
-5.6  1.43
-5.59  1.37
-5.58  1.38
-5.57  1.26
-5.56  1.29
-5.55  1.29
-5.54  1.22
-5.53  1.24
-5.52  1.22
-5.51  1.17
-5.5  1.23
-5.49  1.11
-5.48  1.13
-5.47  1.15
-5.46  1.16
-5.45  1.04
-5.44  1.22
-5.43  1.1
-5.42  1.09
-5.41  1.06
-5.4  1.13
-5.39  1.07
-5.38  1.13
-5.37  1.08
-5.36  1.08
-5.35  1.06
-5.34  1.11
-5.33  1.18
-5.32  1.13
-5.31  1.1
-5.3  1.15
-5.29  1.18
-5.28  1.15
-5.27  1.2
-5.26  1.21
-5.25  1.2
-5.24  1.26
-5.23  1.29
-5.22  1.28
-5.21  1.35
-5.2  1.28
-5.19  1.36
-5.18  1.34
-5.17  1.44
-5.16  1.39
-5.15  1.48
-5.14  1.41
-5.13  1.49
-5.12  1.51
-5.11  1.52
-5.1  1.54
-5.09  1.52
-5.08  1.63
-5.07  1.61
-5.06  1.62
-5.05  1.64
-5.04  1.62
-5.03  1.53
-5.02  1.67
-5.01  1.64
-5  1.69
-4.99  1.65
-4.98  1.51
-4.97  1.65
-4.96  1.57
-4.95  1.65
-4.94  1.49
-4.93  1.49
-4.92  1.53
-4.91  1.49
-4.9  1.52
-4.89  1.44
-4.88  1.47
-4.87  1.37
-4.86  1.38
-4.85  1.4
-4.84  1.31
-4.83  1.39
-4.82  1.25
-4.81  1.25
-4.8  1.32
-4.79  1.26
-4.78  1.29
-4.77  1.12
-4.76  1.16
-4.75  1.29
-4.74  1.18
-4.73  1.15
-4.72  1.18
-4.71  1.12
-4.7  1.15
-4.69  1.14
-4.68  1.1
-4.67  1.13
-4.66  1.18
-4.65  1.15
-4.64  1.13
-4.63  1.15
-4.62  1.1
-4.61  1.17
-4.6  1.09
-4.59  1.2
-4.58  1.13
-4.57  1.18
-4.56  1.2
-4.55  1.2
-4.54  1.16
-4.53  1.2
-4.52  1.21
-4.51  1.33
-4.5  1.26
-4.49  1.26
-4.48  1.24
-4.47  1.31
-4.46  1.4
-4.45  1.38
-4.44  1.33
-4.43  1.4
-4.42  1.41
-4.41  1.41
-4.4  1.44
-4.39  1.4
-4.38  1.55
-4.37  1.47
-4.36  1.55
-4.35  1.56
-4.34  1.45
-4.33  1.58
-4.32  1.61
-4.31  1.58
-4.3  1.54
-4.29  1.54
-4.28  1.63
-4.27  1.64
-4.26  1.6
-4.25  1.57
-4.24  1.5
-4.23  1.56
-4.22  1.57
-4.21  1.54
-4.2  1.54
-4.19  1.46
-4.18  1.49
-4.17  1.47
-4.16  1.47
-4.15  1.41
-4.14  1.46
-4.13  1.39
-4.12  1.38
-4.11  1.4
-4.1  1.3
-4.09  1.32
-4.08  1.36
-4.07  1.33
-4.06  1.26
-4.05  1.22
-4.04  1.28
-4.03  1.26
-4.02  1.23
-4.01  1.2
-4  1.26
-3.99  1.19
-3.98  1.18
-3.97  1.19
-3.96  1.17
-3.95  1.09
-3.94  1.21
-3.93  1.19
-3.92  1.18
-3.91  1.15
-3.9  1.13
-3.89  1.21
-3.88  1.13
-3.87  1.2
-3.86  1.17
-3.85  1.16
-3.84  1.19
-3.83  1.2
-3.82  1.24
-3.81  1.21
-3.8  1.28
-3.79  1.22
-3.78  1.27
-3.77  1.22
-3.76  1.25
-3.75  1.26
-3.74  1.33
-3.73  1.3
-3.72  1.34
-3.71  1.42
-3.7  1.37
-3.69  1.36
-3.68  1.43
-3.67  1.34
-3.66  1.4
-3.65  1.46
-3.64  1.52
-3.63  1.47
-3.62  1.49
-3.61  1.48
-3.6  1.55
-3.59  1.52
-3.58  1.54
-3.57  1.45
-3.56  1.56
-3.55  1.55
-3.54  1.56
-3.53  1.53
-3.52  1.52
-3.51  1.53
-3.5  1.62
-3.49  1.52
-3.48  1.53
-3.47  1.49
-3.46  1.38
-3.45  1.54
-3.44  1.46
-3.43  1.49
-3.42  1.38
-3.41  1.48
-3.4  1.44
-3.39  1.34
-3.38  1.39
-3.37  1.4
-3.36  1.35
-3.35  1.29
-3.34  1.34
-3.33  1.31
-3.32  1.28
-3.31  1.27
-3.3  1.34
-3.29  1.22
-3.28  1.28
-3.27  1.26
-3.26  1.21
-3.25  1.2
-3.24  1.21
-3.23  1.21
-3.22  1.21
-3.21  1.19
-3.2  1.18
-3.19  1.21
-3.18  1.21
-3.17  1.21
-3.16  1.16
-3.15  1.13
-3.14  1.25
-3.13  1.13
-3.12  1.27
-3.11  1.19
-3.1  1.23
-3.09  1.26
-3.08  1.23
-3.07  1.23
-3.06  1.27
-3.05  1.23
-3.04  1.24
-3.03  1.31
-3.02  1.26
-3.01  1.4
-3  1.25
-2.99  1.27
-2.98  1.35
-2.97  1.38
-2.96  1.35
-2.95  1.33
-2.94  1.47
-2.93  1.35
-2.92  1.46
-2.91  1.44
-2.9  1.41
-2.89  1.49
-2.88  1.45
-2.87  1.43
-2.86  1.44
-2.85  1.61
-2.84  1.56
-2.83  1.48
-2.82  1.52
-2.81  1.48
-2.8  1.5
-2.79  1.45
-2.78  1.54
-2.77  1.55
-2.76  1.46
-2.75  1.5
-2.74  1.5
-2.73  1.46
-2.72  1.44
-2.71  1.45
-2.7  1.44
-2.69  1.52
-2.68  1.41
-2.67  1.39
-2.66  1.45
-2.65  1.35
-2.64  1.35
-2.63  1.37
-2.62  1.35
-2.61  1.42
-2.6  1.27
-2.59  1.31
-2.58  1.29
-2.57  1.31
-2.56  1.3
-2.55  1.23
-2.54  1.28
-2.53  1.25
-2.52  1.35
-2.51  1.22
-2.5  1.24
-2.49  1.19
-2.48  1.2
-2.47  1.23
-2.46  1.21
-2.45  1.23
-2.44  1.26
-2.43  1.17
-2.42  1.21
-2.41  1.16
-2.4  1.28
-2.39  1.21
-2.38  1.24
-2.37  1.24
-2.36  1.25
-2.35  1.26
-2.34  1.23
-2.33  1.26
-2.32  1.27
-2.31  1.24
-2.3  1.26
-2.29  1.27
-2.28  1.35
-2.27  1.31
-2.26  1.38
-2.25  1.25
-2.24  1.35
-2.23  1.31
-2.22  1.37
-2.21  1.41
-2.2  1.37
-2.19  1.48
-2.18  1.31
-2.17  1.48
-2.16  1.38
-2.15  1.42
-2.14  1.51
-2.13  1.42
-2.12  1.52
-2.11  1.37
-2.1  1.54
-2.09  1.45
-2.08  1.45
-2.07  1.55
-2.06  1.48
-2.05  1.54
-2.04  1.43
-2.03  1.54
-2.02  1.41
-2.01  1.43
-2  1.5
-1.99  1.44
-1.98  1.51
-1.97  1.39
-1.96  1.43
-1.95  1.41
-1.94  1.37
-1.93  1.49
-1.92  1.35
-1.91  1.4
-1.9  1.34
-1.89  1.4
-1.88  1.35
-1.87  1.34
-1.86  1.36
-1.85  1.29
-1.84  1.38
-1.83  1.25
-1.82  1.38
-1.81  1.29
-1.8  1.2
-1.79  1.25
-1.78  1.23
-1.77  1.34
-1.76  1.22
-1.75  1.26
-1.74  1.24
-1.73  1.22
-1.72  1.28
-1.71  1.24
-1.7  1.21
-1.69  1.22
-1.68  1.22
-1.67  1.23
-1.66  1.29
-1.65  1.21
-1.64  1.26
-1.63  1.29
-1.62  1.21
-1.61  1.35
-1.6  1.22
-1.59  1.19
-1.58  1.31
-1.57  1.29
-1.56  1.3
-1.55  1.3
-1.54  1.28
-1.53  1.3
-1.52  1.37
-1.51  1.32
-1.5  1.36
-1.49  1.31
-1.48  1.34
-1.47  1.44
-1.46  1.37
-1.45  1.41
-1.44  1.4
-1.43  1.34
-1.42  1.44
-1.41  1.42
-1.4  1.48
-1.39  1.47
-1.38  1.36
-1.37  1.46
-1.36  1.46
-1.35  1.53
-1.34  1.4
-1.33  1.48
-1.32  1.43
-1.31  1.45
-1.3  1.48
-1.29  1.47
-1.28  1.4
-1.27  1.46
-1.26  1.49
-1.25  1.46
-1.24  1.36
-1.23  1.49
-1.22  1.4
-1.21  1.38
-1.2  1.42
-1.19  1.42
-1.18  1.44
-1.17  1.31
-1.16  1.34
-1.15  1.44
-1.14  1.3
-1.13  1.37
-1.12  1.3
-1.11  1.32
-1.1  1.3
-1.09  1.36
-1.08  1.31
-1.07  1.3
-1.06  1.29
-1.05  1.28
-1.04  1.29
-1.03  1.34
-1.02  1.24
-1.01  1.21
-1  1.29
-0.99  1.26
-0.98  1.26
-0.97  1.21
-0.96  1.27
-0.95  1.24
-0.94  1.27
-0.93  1.26
-0.92  1.29
-0.91  1.15
-0.9  1.37
-0.89  1.21
-0.88  1.31
-0.87  1.23
-0.86  1.3
-0.85  1.25
-0.84  1.35
-0.83  1.29
-0.82  1.27
-0.81  1.39
-0.8  1.26
-0.79  1.29
-0.78  1.34
-0.77  1.29
-0.76  1.44
-0.75  1.29
-0.74  1.34
-0.73  1.34
-0.72  1.42
-0.71  1.45
-0.7  1.32
-0.69  1.41
-0.68  1.46
-0.67  1.37
-0.66  1.44
-0.65  1.38
-0.64  1.42
-0.63  1.46
-0.62  1.35
-0.61  1.47
-0.6  1.5
-0.59  1.42
-0.58  1.43
-0.57  1.5
-0.56  1.45
-0.55  1.39
-0.54  1.47
-0.53  1.49
-0.52  1.38
-0.51  1.45
-0.5  1.37
-0.49  1.42
-0.48  1.42
-0.47  1.38
-0.46  1.34
-0.45  1.47
-0.44  1.4
-0.43  1.29
-0.42  1.32
-0.41  1.43
-0.4  1.34
-0.39  1.38
-0.38  1.3
-0.37  1.42
-0.36  1.3
-0.35  1.3
-0.34  1.29
-0.33  1.3
-0.32  1.28
-0.31  1.32
-0.3  1.22
-0.29  1.39
-0.28  1.28
-0.27  1.28
-0.26  1.27
-0.25  1.26
-0.24  1.25
-0.23  1.28
-0.22  1.26
-0.21  1.29
-0.2  1.27
-0.19  1.24
-0.18  1.3
-0.17  1.23
-0.16  1.24
-0.15  1.32
-0.14  1.38
-0.13  1.19
-0.12  1.29
-0.11  1.3
-0.1  1.36
-0.09  1.22
-0.08  1.32
-0.07  1.27
-0.06  1.4
-0.05  1.3
-0.04  1.33
-0.03  1.36
-0.02  1.36
-0.01  1.29
-2.16197e-11  1.42
0.0001  0
0.0101  1.35
0.0201  1.46
0.0301  1.31
0.0401  1.45
0.0501  1.44
0.0601  1.46
0.0701  1.37
0.0801  1.61
0.0901  1.78
0.1001  1.66
0.1101  1.58
0.1201  1.76
0.1301  1.97
0.1401  1.77
0.1501  1.93
0.1601  1.96
0.1701  2.23
0.1801  2.11
0.1901  2.03
0.2001  2.27
0.2101  2.23
0.2201  1.91
0.2301  2.17
0.2401  2.27
0.2501  2.13
0.2601  2.07
0.2701  2.42
0.2801  2.43
0.2901  2.32
0.3001  2.08
0.3101  2.37
0.3201  2.08
0.3301  2.59
0.3401  2.49
0.3501  2.22
0.3601  2.32
0.3701  2.67
0.3801  2.61
0.3901  2.11
0.4001  2.42
0.4101  2.3
0.4201  2.16
0.4301  2.6
0.4401  2.26
0.4501  2.18
0.4601  2.01
0.4701  2.19
0.4801  2.32
0.4901  1.97
0.5001  1.92
0.5101  1.84
0.5201  2.1
0.5301  1.88
0.5401  1.74
0.5501  1.58
0.5601  1.93
0.5701  1.8
0.5801  1.74
0.5901  1.68
0.6001  1.72
0.6101  1.88
0.6201  1.68
0.6301  1.95
0.6401  1.87
0.6501  1.77
0.6601  1.86
0.6701  1.73
0.6801  1.69
0.6901  1.58
0.7001  1.78
0.7101  1.79
0.7201  1.74
0.7301  1.71
0.7401  1.92
0.7501  1.83
0.7601  1.69
0.7701  1.8
0.7801  1.72
0.7901  1.69
0.8001  1.79
0.8101  1.87
0.8201  1.91
0.8301  1.85
0.8401  1.95
0.8501  1.87
0.8601  1.62
0.8701  1.68
0.8801  1.88
0.8901  1.92
0.9001  2.31
0.9101  2.01
0.9201  1.93
0.9301  1.94
0.9401  1.94
0.9501  2.13
0.9601  2.19
0.9701  1.88
0.9801  2.29
0.9901  2.13
1.0001  2.45
1.0101  2.21
1.0201  2.26
1.0301  2.28
1.0401  2.22
1.0501  2.45
1.0601  2.27
1.0701  2.26
1.0801  2.63
1.0901  2.42
1.1001  2.38
1.1101  1.99
1.1201  2.26
1.1301  2.43
1.1401  2.12
1.1501  2.13
1.1601  2.28
1.1701  1.97
1.1801  2.1
1.1901  2.18
1.2001  2.18
1.2101  2.49
1.2201  2.3
1.2301  2.22
1.2401  2.07
1.2501  2.16
1.2601  2.04
1.2701  2.03
1.2801  2.11
1.2901  1.99
1.3001  1.97
1.3101  2
1.3201  1.74
1.3301  1.93
1.3401  1.88
1.3501  1.99
1.3601  2
1.3701  1.96
1.3801  1.88
1.3901  1.79
1.4001  1.85
1.4101  1.94
1.4201  2.06
1.4301  1.86
1.4401  1.69
1.4501  1.82
1.4601  1.7
1.4701  1.88
1.4801  1.79
1.4901  1.85
1.5001  1.96
1.5101  1.84
1.5201  1.91
1.5301  1.82
1.5401  1.95
1.5501  1.68
1.5601  1.67
1.5701  1.89
1.5801  2.08
1.5901  1.93
1.6001  1.98
1.6101  1.97
1.6201  1.94
1.6301  2.12
1.6401  2.25
1.6501  1.91
1.6601  2.33
1.6701  2.15
1.6801  1.75
1.6901  2.13
1.7001  2
1.7101  2.2
1.7201  2.07
1.7301  2.28
1.7401  2.16
1.7501  2.4
1.7601  2.1
1.7701  2.33
1.7801  2.11
1.7901  2.05
1.8001  2.3
1.8101  2.23
1.8201  2.13
1.8301  2.33
1.8401  2.16
1.8501  2.41
1.8601  2.46
1.8701  2.38
1.8801  2.02
1.8901  2.23
1.9001  2.21
1.9101  2.28
1.9201  2.39
1.9301  2.12
1.9401  2.14
1.9501  2.08
1.9601  2.05
1.9701  2.11
1.9801  2.06
1.9901  2.01
2.0001  2.15
2.0101  2.04
2.0201  2.27
2.0301  2.11
2.0401  1.96
2.0501  1.97
2.0601  1.96
2.0701  1.92
2.0801  1.64
2.0901  1.86
2.1001  1.83
2.1101  1.84
2.1201  2.02
2.1301  1.93
2.1401  1.7
2.1501  1.94
2.1601  1.92
2.1701  1.99
2.1801  2.22
2.1901  1.87
2.2001  1.81
2.2101  2.01
2.2201  2.01
2.2301  2.04
2.2401  1.7
2.2501  1.84
2.2601  1.9
2.2701  1.92
2.2801  1.97
2.2901  1.6
2.3001  1.92
2.3101  1.88
2.3201  1.84
2.3301  2.26
2.3401  1.98
2.3501  2.53
2.3601  2.03
2.3701  1.85
2.3801  2.26
2.3901  2.13
2.4001  2.18
2.4101  2.05
2.4201  2.19
2.4301  2.15
2.4401  2.35
2.4501  2.06
2.4601  1.96
2.4701  2.25
2.4801  1.96
2.4901  2.15
2.5001  2.19
2.5101  2.13
2.5201  2.24
2.5301  2.39
2.5401  2.1
2.5501  2.07
2.5601  2.15
2.5701  2.22
2.5801  2.06
2.5901  2.11
2.6001  2.2
2.6101  2.04
2.6201  2.35
2.6301  2.16
2.6401  2.08
2.6501  2.25
2.6601  2.25
2.6701  2.14
2.6801  2.12
2.6901  2.17
2.7001  2.17
2.7101  1.82
2.7201  2.18
2.7301  1.86
2.7401  2.05
2.7501  2
2.7601  2.06
2.7701  1.87
2.7801  1.83
2.7901  1.85
2.8001  2.27
2.8101  1.84
2.8201  2.05
2.8301  2.12
2.8401  2.1
2.8501  1.91
2.8601  1.95
2.8701  2.25
2.8801  2.03
2.8901  1.91
2.9001  1.91
2.9101  2.14
2.9201  1.9
2.9301  2.01
2.9401  1.85
2.9501  2.09
2.9601  1.81
2.9701  2.14
2.9801  2.12
2.9901  1.91
3.0001  2
3.0101  1.95
3.0201  2
3.0301  2.05
3.0401  1.7
3.0501  2.22
3.0601  2.14
3.0701  1.83
3.0801  2.12
3.0901  2.27
3.1001  2.08
3.1101  1.81
3.1201  1.9
3.1301  2.09
3.1401  2.34
3.1501  2.13
3.1601  2.19
3.1701  2.05
3.1801  2.18
3.1901  2.18
3.2001  2.07
3.2101  2.11
3.2201  2.02
3.2301  2.2
3.2401  2.12
3.2501  1.97
3.2601  2.26
3.2701  1.85
3.2801  2.06
3.2901  2.21
3.3001  2.03
3.3101  2.35
3.3201  2.22
3.3301  2.23
3.3401  2.04
3.3501  1.87
3.3601  2.46
3.3701  2.21
3.3801  2.37
3.3901  2.09
3.4001  1.94
3.4101  2.25
3.4201  2.29
3.4301  2.1
3.4401  1.97
3.4501  2.33
3.4601  1.94
3.4701  2.07
3.4801  1.89
3.4901  2
3.5001  1.93
3.5101  2.06
3.5201  1.86
3.5301  1.98
3.5401  2.02
3.5501  2.01
3.5601  2.1
3.5701  2
3.5801  2.07
3.5901  1.84
3.6001  2.03
3.6101  1.98
3.6201  1.96
3.6301  1.86
3.6401  2.07
3.6501  1.96
3.6601  2.36
3.6701  1.93
3.6801  1.94
3.6901  2.16
3.7001  1.96
3.7101  1.78
3.7201  1.84
3.7301  2.29
3.7401  2.09
3.7501  2.02
3.7601  2.15
3.7701  1.82
3.7801  2.05
3.7901  2.17
3.8001  1.86
3.8101  2.05
3.8201  2.05
3.8301  2.09
3.8401  2.21
3.8501  2.19
3.8601  2.11
3.8701  2.08
3.8801  2.07
3.8901  2.01
3.9001  2.22
3.9101  1.94
3.9201  2.41
3.9301  2.14
3.9401  2.29
3.9501  2.24
3.9601  2.18
3.9701  2.14
3.9801  2.14
3.9901  1.96
4.0001  2.23
4.0101  2.02
4.0201  2.22
4.0301  2.02
4.0401  2.12
4.0501  1.86
4.0601  2.25
4.0701  2.17
4.0801  2.16
4.0901  1.95
4.1001  2.04
4.1101  1.98
4.1201  2.54
4.1301  1.78
4.1401  2.28
4.1501  2.11
4.1601  2.24
4.1701  2.05
4.1801  2.04
4.1901  1.96
4.2001  1.91
4.2101  2.14
4.2201  1.9
4.2301  2.07
4.2401  1.92
4.2501  2
4.2601  2.3
4.2701  1.84
4.2801  2.04
4.2901  1.91
4.3001  1.8
4.3101  2.06
4.3201  2.01
4.3301  2.09
4.3401  2.02
4.3501  2.1
4.3601  1.98
4.3701  1.68
4.3801  2.02
4.3901  2.16
4.4001  1.68
4.4101  2.27
4.4201  2.08
4.4301  1.85
4.4401  2.2
4.4501  2.05
4.4601  2.13
4.4701  1.9
4.4801  2.12
4.4901  1.96
4.5001  2.19
4.5101  2.12
4.5201  2.21
4.5301  2.03
4.5401  2.06
4.5501  2.08
4.5601  1.92
4.5701  2.18
4.5801  2.17
4.5901  2.22
4.6001  2.24
4.6101  1.97
4.6201  2.18
4.6301  2.24
4.6401  1.91
4.6501  1.91
4.6601  2.27
4.6701  2.11
4.6801  2.22
4.6901  2.06
4.7001  2.09
4.7101  2.33
4.7201  2.03
4.7301  2.18
4.7401  1.94
4.7501  2
4.7601  2.36
4.7701  2.06
4.7801  2.22
4.7901  2.13
4.8001  2.22
4.8101  2.05
4.8201  1.97
4.8301  1.99
4.8401  2.25
4.8501  2.07
4.8601  2
4.8701  1.97
4.8801  2.21
4.8901  1.92
4.9001  1.92
4.9101  2.25
4.9201  1.89
4.9301  1.96
4.9401  1.96
4.9501  2.12
4.9601  2.05
4.9701  1.82
4.9801  2.15
4.9901  1.99
5.0001  1.87
5.0101  2.15
5.0201  2
5.0301  1.99
5.0401  1.66
5.0501  2.11
5.0601  1.9
5.0701  2.17
5.0801  2.06
5.0901  2.26
5.1001  2.12
5.1101  1.8
5.1201  1.94
5.1301  1.94
5.1401  1.99
5.1501  2.04
5.1601  2.03
5.1701  2.05
5.1801  1.94
5.1901  1.86
5.2001  2.01
5.2101  2.13
5.2201  2.26
5.2301  2.09
5.2401  2.02
5.2501  1.95
5.2601  2.48
5.2701  1.98
5.2801  2.22
5.2901  1.91
5.3001  1.97
5.3101  2.06
5.3201  1.89
5.3301  2.28
5.3401  2.22
5.3501  2.29
5.3601  2.38
5.3701  1.88
5.3801  1.95
5.3901  2.07
5.4001  2.23
5.4101  2.34
5.4201  2.18
5.4301  2.02
5.4401  2.06
5.4501  1.91
5.4601  2.09
5.4701  2.05
5.4801  2.01
5.4901  2.16
5.5001  1.93
5.5101  2.1
5.5201  2.03
5.5301  2
5.5401  2.17
5.5501  1.84
5.5601  2.32
5.5701  1.91
5.5801  1.87
5.5901  2.11
5.6001  1.83
5.6101  2
5.6201  2.15
5.6301  2.01
5.6401  2.11
5.6501  2.25
5.6601  2.14
5.6701  1.96
5.6801  1.79
5.6901  1.99
5.7001  2.25
5.7101  2.05
5.7201  2.03
5.7301  2.19
5.7401  1.92
5.7501  2.17
5.7601  2.07
5.7701  1.99
5.7801  2.14
5.7901  1.98
5.8001  2.22
5.8101  1.83
5.8201  2.16
5.8301  2.13
5.8401  2.2
5.8501  2.01
5.8601  1.9
5.8701  2.19
5.8801  2.29
5.8901  2.15
5.9001  1.83
5.9101  1.95
5.9201  2.23
5.9301  2.21
5.9401  1.99
5.9501  1.98
5.9601  2.05
5.9701  2.17
5.9801  1.78
5.9901  1.9
6.0001  1.97
6.0101  1.98
6.0201  2.1
6.0301  2.15
6.0401  1.9
6.0501  2.13
6.0601  2.06
6.0701  2.1
6.0801  2.19
6.0901  1.78
6.1001  2.07
6.1101  1.98
6.1201  2.04
6.1301  2.23
6.1401  2.38
6.1501  1.87
6.1601  2.07
6.1701  1.92
6.1801  1.95
6.1901  2.19
6.2001  2.07
6.2101  2.18
6.2201  2.08
6.2301  2.07
6.2401  1.91
6.2501  2.21
6.2601  2.07
6.2701  2.19
6.2801  2.26
6.2901  2
6.3001  2.05
6.3101  2.06
6.3201  2.03
6.3301  2.08
6.3401  2.21
6.3501  2.25
6.3601  2.03
6.3701  1.83
6.3801  2.22
6.3901  2.01
6.4001  2.05
6.4101  1.97
6.4201  2.11
6.4301  2.27
6.4401  2.25
6.4501  2.18
6.4601  1.82
6.4701  1.79
6.4801  2.42
6.4901  2.02
6.5001  2.13
6.5101  1.81
6.5201  2.05
6.5301  2.09
6.5401  1.95
6.5501  1.9
6.5601  1.9
6.5701  1.87
6.5801  2.1
6.5901  2.15
6.6001  2.12
6.6101  2.18
6.6201  2.2
6.6301  2
6.6401  2.13
6.6501  1.78
6.6601  2
6.6701  2.21
6.6801  1.78
6.6901  1.95
6.7001  1.95
6.7101  1.92
6.7201  2.31
6.7301  1.97
6.7401  2.09
6.7501  2.1
6.7601  2.31
6.7701  1.98
6.7801  2.17
6.7901  2.11
6.8001  2.13
6.8101  1.94
6.8201  2.22
6.8301  1.91
6.8401  2.06
6.8501  2.16
6.8601  2.14
6.8701  2.09
6.8801  2.11
6.8901  2.18
6.9001  1.96
6.9101  2.38
6.9201  1.99
6.9301  2.19
6.9401  2.1
6.9501  1.94
6.9601  2.1
6.9701  2.2
6.9801  2.09
6.9901  2.2
7.0001  1.99
7.0101  2.08
7.0201  2.07
7.0301  1.83
7.0401  1.99
7.0501  2.16
7.0601  1.95
7.0701  2.05
7.0801  2.06
7.0901  2.02
7.1001  1.92
7.1101  2.06
7.1201  2.22
7.1301  1.83
7.1401  2.15
7.1501  2.36
7.1601  1.96
7.1701  2.18
7.1801  2.09
7.1901  2.01
7.2001  2.12
7.2101  2.16
7.2201  2.2
7.2301  1.93
7.2401  2.18
7.2501  2.04
7.2601  1.8
7.2701  1.97
7.2801  1.99
7.2901  2.15
7.3001  2.05
7.3101  2.05
7.3201  2.35
7.3301  2.22
7.3401  1.94
7.3501  2.16
7.3601  2.04
7.3701  2.2
7.3801  2.03
7.3901  1.95
7.4001  2.11
7.4101  2.14
7.4201  2.16
7.4301  2.07
7.4401  2.06
7.4501  2.2
7.4601  1.99
7.4701  2.04
7.4801  2.09
7.4901  2.29
7.5001  1.84
7.5101  1.79
7.5201  1.98
7.5301  2.02
7.5401  2.24
7.5501  1.91
7.5601  1.89
7.5701  2.06
7.5801  2.3
7.5901  2.35
7.6001  2.01
7.6101  1.94
7.6201  2.05
7.6301  2.17
7.6401  1.92
7.6501  2.26
7.6601  2.01
7.6701  1.92
7.6801  2
7.6901  1.73
7.7001  2.03
7.7101  1.83
7.7201  2.28
7.7301  1.9
7.7401  2.17
7.7501  2.18
7.7601  2.1
7.7701  2.03
7.7801  2.01
7.7901  2.13
7.8001  2.08
7.8101  2.03
7.8201  2.09
7.8301  2.25
7.8401  2.4
7.8501  2.19
7.8601  1.86
7.8701  2.11
7.8801  2.09
7.8901  2.04
7.9001  2.18
7.9101  1.79
7.9201  2.14
7.9301  2.1
7.9401  1.96
7.9501  2.02
7.9601  2.3
7.9701  2.24
7.9801  2.22
7.9901  2.02
8.0001  1.99
8.0101  2.19
8.0201  1.84
8.0301  2.05
8.0401  2.11
8.0501  2.01
8.0601  2.13
8.0701  2.15
8.0801  1.84
8.0901  1.98
8.1001  2.15
8.1101  1.76
8.1201  2.28
8.1301  2.07
8.1401  2.07
8.1501  1.82
8.1601  1.96
8.1701  2.13
8.1801  2.18
8.1901  2.12
8.2001  1.77
8.2101  1.81
8.2201  2.41
8.2301  2.21
8.2401  2.06
8.2501  2.17
8.2601  1.93
8.2701  2.03
8.2801  2.22
8.2901  1.97
8.3001  1.89
8.3101  2.1
8.3201  2.12
8.3301  1.93
8.3401  2.05
8.3501  2.38
8.3601  1.94
8.3701  2.06
8.3801  2.23
8.3901  2.01
8.4001  2.1
8.4101  1.95
8.4201  2.01
8.4301  1.83
8.4401  2.11
8.4501  1.99
8.4601  2.29
8.4701  2
8.4801  2.04
8.4901  2.37
8.5001  2.18
8.5101  2.13
8.5201  2.05
8.5301  2.07
8.5401  2.1
8.5501  2.09
8.5601  2.12
8.5701  1.79
8.5801  1.92
8.5901  1.91
8.6001  1.94
8.6101  2.17
8.6201  1.97
8.6301  2.07
8.6401  2.31
8.6501  2.11
8.6601  2.05
8.6701  1.99
8.6801  2.08
8.6901  2.01
8.7001  2.1
8.7101  2.12
8.7201  1.81
8.7301  1.94
8.7401  2.15
8.7501  2.03
8.7601  2.04
8.7701  2.29
8.7801  2
8.7901  2.05
8.8001  2.04
8.8101  1.95
8.8201  2.19
8.8301  2.12
8.8401  1.8
8.8501  2.2
8.8601  1.87
8.8701  2.12
8.8801  2.25
8.8901  2.1
8.9001  1.93
8.9101  1.98
8.9201  2.19
8.9301  1.98
8.9401  2.13
8.9501  2.11
8.9601  2.15
8.9701  2.32
8.9801  2.31
8.9901  1.88
9.0001  2
9.0101  1.88
9.0201  1.99
9.0301  2.02
9.0401  1.94
9.0501  2.27
9.0601  2.03
9.0701  2.06
9.0801  2.12
9.0901  2.04
9.1001  1.99
9.1101  1.97
9.1201  2.02
9.1301  2.14
9.1401  2.11
9.1501  2.16
9.1601  2.04
9.1701  1.86
9.1801  1.96
9.1901  1.9
9.2001  1.95
9.2101  2.26
9.2201  1.94
9.2301  2.14
9.2401  2.16
9.2501  2.01
9.2601  2.01
9.2701  2.08
9.2801  2.26
9.2901  2.03
9.3001  1.59
9.3101  1.99
9.3201  2.06
9.3301  2.07
9.3401  2.13
9.3501  1.83
9.3601  1.91
9.3701  2.2
9.3801  2.07
9.3901  2.11
9.4001  2.02
9.4101  1.89
9.4201  2.22
9.4301  2.18
9.4401  2.26
9.4501  1.98
9.4601  1.8
9.4701  1.93
9.4801  2.2
9.4901  2.35
9.5001  1.98
9.5101  2.1
9.5201  2.09
9.5301  2.21
9.5401  2.29
9.5501  2.18
9.5601  2.01
9.5701  2.23
9.5801  1.89
9.5901  2.19
9.6001  2.21
9.6101  1.95
9.6201  2.15
9.6301  1.96
9.6401  2.02
9.6501  2.03
9.6601  2.27
9.6701  2.19
9.6801  2.03
9.6901  1.92
9.7001  2.13
9.7101  2.09
9.7201  1.95
9.7301  1.98
9.7401  2.05
9.7501  2.1
9.7601  2.19
9.7701  2.19
9.7801  1.93
9.7901  1.97
9.8001  1.91
9.8101  2.16
9.8201  2.03
9.8301  2.08
9.8401  2.12
9.8501  1.98
9.8601  2.26
9.8701  1.94
9.8801  1.92
9.8901  2.11
9.9001  2.05
9.9101  2.05
9.9201  2.1
9.9301  2.16
9.9401  1.92
9.9501  2.01
9.9601  1.74
9.9701  1.97
9.9801  2.13
9.9901  2.25
10.0001  1.88
10.0101  2.12
10.0201  2.17
10.0301  2.1
10.0401  1.97
10.0501  2.19
10.0601  1.89
10.0701  2.31
10.0801  2.15
10.0901  2.14
10.1001  1.9
10.1101  2.07
10.1201  2.06
10.1301  1.9
10.1401  2.21
10.1501  2.14
10.1601  1.95
10.1701  2.07
10.1801  2.04
10.1901  2
10.2001  2.24
10.2101  2.25
10.2201  2.13
10.2301  2.17
10.2401  1.9
10.2501  2.11
10.2601  2.04
10.2701  2.17
10.2801  1.95
10.2901  2.09
10.3001  2.01
10.3101  2.02
10.3201  2.32
10.3301  2.17
10.3401  1.86
10.3501  1.97
10.3601  1.79
10.3701  2.13
10.3801  2.33
10.3901  2.06
10.4001  1.87
10.4101  2.26
10.4201  2.06
10.4301  2.05
10.4401  2.15
10.4501  1.98
10.4601  2
10.4701  2.28
10.4801  2
10.4901  2.01
10.5001  2.15
10.5101  2.11
10.5201  2.09
10.5301  1.97
10.5401  1.87
10.5501  2.1
10.5601  2.23
10.5701  2.05
10.5801  2.16
10.5901  1.94
10.6001  1.99
10.6101  2.22
10.6201  2.03
10.6301  2.1
10.6401  2.1
10.6501  1.77
10.6601  2.04
10.6701  2.07
10.6801  2.04
10.6901  2.03
10.7001  1.84
10.7101  2.05
10.7201  2.02
10.7301  2.13
10.7401  2.05
10.7501  2.2
10.7601  2.07
10.7701  2.33
10.7801  1.97
10.7901  1.98
10.8001  2.16
10.8101  1.95
10.8201  2.08
10.8301  2.06
10.8401  2.13
10.8501  2.14
10.8601  2.02
10.8701  1.81
10.8801  2.06
10.8901  1.95
10.9001  2.31
10.9101  1.91
10.9201  2.36
10.9301  2.19
10.9401  2.15
10.9501  2.13
10.9601  2.05
10.9701  1.91
10.9801  2.27
10.9901  1.97
11.0001  2.02
11.0101  2.22
11.0201  1.89
11.0301  2
11.0401  2.22
11.0501  2.12
11.0601  2.2
11.0701  2.25
11.0801  2.07
11.0901  2.06
11.1001  2.14
11.1101  2.06
11.1201  1.89
11.1301  2.04
11.1401  2
11.1501  2.23
11.1601  2.22
11.1701  2.21
11.1801  1.94
11.1901  1.95
11.2001  1.88
11.2101  1.98
11.2201  2.15
11.2301  2.16
11.2401  2.13
11.2501  2.02
11.2601  2.26
11.2701  2.04
11.2801  1.95
11.2901  1.75
11.3001  2.13
11.3101  2.05
11.3201  2.04
11.3301  2.14
11.3401  1.86
11.3501  1.99
11.3601  1.97
11.3701  2.02
11.3801  2.04
11.3901  2.38
11.4001  2.16
11.4101  2.23
11.4201  1.95
11.4301  1.84
11.4401  2.2
11.4501  1.94
11.4601  1.98
11.4701  1.84
11.4801  2.22
11.4901  2.04
11.5001  2.17
11.5101  2.06
11.5201  2.2
11.5301  1.82
11.5401  1.95
11.5501  2.29
11.5601  2.2
11.5701  2.03
11.5801  2.11
11.5901  1.94
11.6001  2.11
11.6101  2.05
11.6201  1.98
11.6301  1.96
11.6401  2.18
11.6501  2.25
11.6601  2.1
11.6701  2.05
11.6801  2.02
11.6901  2.27
11.7001  2.09
11.7101  2.07
11.7201  2.31
11.7301  1.93
11.7401  1.86
11.7501  1.94
11.7601  2.06
11.7701  2.16
11.7801  2.19
11.7901  2.16
11.8001  2.13
11.8101  2.25
11.8201  2.2
11.8301  2.2
11.8401  2.03
11.8501  1.96
11.8601  1.86
11.8701  2.33
11.8801  2.19
11.8901  2.14
11.9001  2.18
11.9101  2.05
11.9201  2.19
11.9301  1.83
11.9401  2.09
11.9501  1.81
11.9601  2.22
11.9701  2.09
11.9801  1.99
11.9901  2.09
12.0001  2.28
12.0101  2.06
12.0201  2.21
12.0301  2.05
12.0401  2.02
12.0501  1.83
12.0601  2.02
12.0701  2.07
12.0801  2.18
12.0901  2.21
12.1001  1.98
12.1101  2.21
12.1201  1.89
12.1301  1.87
12.1401  2.03
12.1501  1.87
12.1601  2.09
12.1701  2.22
12.1801  1.92
12.1901  2.15
12.2001  2.09
12.2101  1.98
12.2201  2.2
12.2301  2.11
12.2401  2
12.2501  2.12
12.2601  2.15
12.2701  2.07
12.2801  1.89
12.2901  1.93
12.3001  2.11
12.3101  2.1
12.3201  2.04
12.3301  1.86
12.3401  1.87
12.3501  2.1
12.3601  2.17
12.3701  2.06
12.3801  2.23
12.3901  1.97
12.4001  2.17
12.4101  2.01
12.4201  2
12.4301  2.19
12.4401  1.91
12.4501  2.14
12.4601  2.01
12.4701  2.23
12.4801  2.01
12.4901  2.17
12.5001  2.14
12.5101  2.09
12.5201  2.11
12.5301  2
12.5401  2.05
12.5501  2.06
12.5601  2.08
12.5701  2.25
12.5801  1.99
12.5901  2.22
12.6001  2.09
12.6101  2.23
12.6201  2.03
12.6301  1.91
12.6401  2.31
12.6501  2.12
12.6601  2.03
12.6701  2.13
12.6801  1.9
12.6901  1.93
12.7001  2.07
12.7101  2.18
12.7201  2.08
12.7301  1.94
12.7401  2.23
12.7501  2.25
12.7601  2.05
12.7701  2.1
12.7801  1.79
12.7901  1.91
12.8001  1.84
12.8101  1.99
12.8201  1.88
12.8301  2
12.8401  2.04
12.8501  2.02
12.8601  2.19
12.8701  2.14
12.8801  2.28
12.8901  2.09
12.9001  2.09
12.9101  1.83
12.9201  1.93
12.9301  2.03
12.9401  1.89
12.9501  1.85
12.9601  1.89
12.9701  2.05
12.9801  2.06
12.9901  2.11
13.0001  2.16
13.0101  1.87
13.0201  2.19
13.0301  2.04
13.0401  2.11
13.0501  2.26
13.0601  1.99
13.0701  1.95
13.0801  2.23
13.0901  2.25
13.1001  1.93
13.1101  2.2
13.1201  2.05
13.1301  1.91
13.1401  1.92
13.1501  2.19
13.1601  1.92
13.1701  1.96
13.1801  2.05
13.1901  2.14
13.2001  2.17
13.2101  1.94
13.2201  2.05
13.2301  2.28
13.2401  2.18
13.2501  2.17
13.2601  2
13.2701  2.39
13.2801  2
13.2901  1.94
13.3001  2.03
13.3101  2.3
13.3201  1.86
13.3301  2.21
13.3401  1.92
13.3501  2.01
13.3601  1.93
13.3701  1.9
13.3801  2.16
13.3901  2.22
13.4001  2.36
13.4101  2.04
13.4201  2.2
13.4301  2.1
13.4401  1.91
13.4501  1.97
13.4601  2.09
13.4701  1.9
13.4801  2.08
13.4901  1.96
13.5001  1.93
13.5101  2.02
13.5201  2.08
13.5301  2.15
13.5401  2.02
13.5501  1.99
13.5601  1.94
13.5701  2.18
13.5801  2.17
13.5901  1.87
13.6001  2.19
13.6101  2.02
13.6201  2
13.6301  1.8
13.6401  1.98
13.6501  2.18
13.6601  2.03
13.6701  1.71
13.6801  1.92
13.6901  1.95
13.7001  2.11
13.7101  2.31
13.7201  1.98
13.7301  1.95
13.7401  2.22
13.7501  1.97
13.7601  1.76
13.7701  2.06
13.7801  1.94
13.7901  1.98
13.8001  2.02
13.8101  2.04
13.8201  2.07
13.8301  2.07
13.8401  2.16
13.8501  2.34
13.8601  2.17
13.8701  1.84
13.8801  1.89
13.8901  2.03
13.9001  2.09
13.9101  2.13
13.9201  2.25
13.9301  2.03
13.9401  2.07
13.9501  1.95
13.9601  1.9
13.9701  2.06
13.9801  2.01
13.9901  2.29
14.0001  2.14
14.0101  2.22
14.0201  2.18
14.0301  1.81
14.0401  2.14
14.0501  2.34
14.0601  2.29
14.0701  1.84
14.0801  2
14.0901  1.81
14.1001  1.93
14.1101  2.1
14.1201  2.1
14.1301  1.99
14.1401  2.25
14.1501  2.1
14.1601  2.31
14.1701  2.1
14.1801  2.1
14.1901  1.96
14.2001  2.02
14.2101  2.17
14.2201  1.81
14.2301  1.99
14.2401  2.12
14.2501  1.84
14.2601  2.23
14.2701  2.09
14.2801  2.02
14.2901  1.93
14.3001  1.89
14.3101  1.87
14.3201  2.02
14.3301  2.3
14.3401  1.89
14.3501  1.92
14.3601  2.11
14.3701  2.11
14.3801  2.27
14.3901  1.99
14.4001  2.08
14.4101  1.88
14.4201  1.78
14.4301  2.12
14.4401  2.12
14.4501  2.27
14.4601  2.19
14.4701  1.86
14.4801  1.93
14.4901  2.25
14.5001  1.83
14.5101  2
14.5201  2.18
14.5301  2.01
14.5401  1.96
14.5501  2.17
14.5601  1.97
14.5701  2.06
14.5801  1.98
14.5901  2.01
14.6001  1.89
14.6101  2.23
14.6201  1.95
14.6301  2.27
14.6401  2.09
14.6501  1.67
14.6601  2.16
14.6701  2.14
14.6801  2.19
14.6901  2.08
14.7001  2.22
14.7101  2.16
14.7201  2.1
14.7301  2.07
14.7401  2.2
14.7501  1.86
14.7601  1.99
14.7701  1.96
14.7801  2.08
14.7901  2.17
14.8001  2.04
14.8101  1.98
14.8201  2.03
14.8301  2.07
14.8401  2.22
14.8501  2.3
14.8601  1.94
14.8701  1.98
14.8801  2.1
14.8901  2.07
14.9001  2.09
14.9101  2.01
14.9201  2.05
14.9301  1.99
14.9401  2.14
14.9501  1.94
14.9601  1.95
14.9701  2.18
14.9801  2.16
14.9901  2.04
15.0001  2.07
15.0101  2.12
15.0201  2.18
15.0301  1.98
15.0401  1.98
15.0501  2.03
15.0601  2.02
15.0701  2.17
15.0801  2
15.0901  2.11
15.1001  2.07
15.1101  1.88
15.1201  1.97
15.1301  2.22
15.1401  1.92
15.1501  1.94
15.1601  1.92
15.1701  2.14
15.1801  1.9
15.1901  1.97
15.2001  2.16
15.2101  2.16
15.2201  2.11
15.2301  1.93
15.2401  2.12
15.2501  2.09
15.2601  1.89
15.2701  1.87
15.2801  2.08
15.2901  2.23
15.3001  2.07
15.3101  2.03
15.3201  2.13
15.3301  2.1
15.3401  2.06
15.3501  1.98
15.3601  2.51
15.3701  2.02
15.3801  1.9
15.3901  2
15.4001  1.98
15.4101  2.16
15.4201  2.03
15.4301  2.15
15.4401  2.29
15.4501  1.94
15.4601  2.23
15.4701  2.02
15.4801  2
15.4901  2.19
15.5001  2.07
15.5101  1.96
15.5201  2.13
15.5301  1.94
15.5401  2.09
15.5501  2.14
15.5601  2.02
15.5701  1.92
15.5801  2.32
15.5901  2.2
15.6001  2.25
15.6101  1.94
15.6201  2.04
15.6301  1.87
15.6401  2.18
15.6501  2.03
15.6601  1.97
15.6701  2.37
15.6801  2.05
15.6901  2.23
15.7001  1.96
15.7101  2.02
15.7201  1.84
15.7301  2.46
15.7401  2
15.7501  2.08
15.7601  2.09
15.7701  1.77
15.7801  1.98
15.7901  2.05
15.8001  1.99
15.8101  2.04
15.8201  2.19
15.8301  1.84
15.8401  2.19
15.8501  1.97
15.8601  2.11
15.8701  1.98
15.8801  2.11
15.8901  2.02
15.9001  2.03
15.9101  2.3
15.9201  1.78
15.9301  2.02
15.9401  2.09
15.9501  1.92
15.9601  2.08
15.9701  2.13
15.9801  1.96
15.9901  2.11
16.0001  2.1
16.0101  1.96
16.0201  2.1
16.0301  2.17
16.0401  2.19
16.0501  1.94
16.0601  2.14
16.0701  2.11
16.0801  1.94
16.0901  1.97
16.1001  1.99
16.1101  2.11
16.1201  2.05
16.1301  2.05
16.1401  2.26
16.1501  1.93
16.1601  2.15
16.1701  2.27
16.1801  2.06
16.1901  2.17
16.2001  1.97
16.2101  2.19
16.2201  2.37
16.2301  1.98
16.2401  2.15
16.2501  1.92
16.2601  2.11
16.2701  2.2
16.2801  2.1
16.2901  2.11
16.3001  2.06
16.3101  2.2
16.3201  1.97
16.3301  2.13
16.3401  1.91
16.3501  2.01
16.3601  2.18
16.3701  2.04
16.3801  2.02
16.3901  1.92
16.4001  2.06
16.4101  2.08
16.4201  2.17
16.4301  2.2
16.4401  2.24
16.4501  2.08
16.4601  2
16.4701  2.1
16.4801  1.86
16.4901  2.1
16.5001  2.16
16.5101  1.94
16.5201  1.85
16.5301  2.08
16.5401  2.14
16.5501  1.84
16.5601  1.86
16.5701  2.03
16.5801  2.1
16.5901  2.07
16.6001  1.93
16.6101  2.07
16.6201  2.18
16.6301  2.05
16.6401  2.17
16.6501  2.17
16.6601  1.96
16.6701  2.24
16.6801  1.97
16.6901  1.9
16.7001  2.04
16.7101  2.14
16.7201  1.84
16.7301  2.02
16.7401  1.95
16.7501  2.24
16.7601  1.94
16.7701  2.04
16.7801  2.23
16.7901  2.03
16.8001  1.97
16.8101  1.94
16.8201  2.1
16.8301  2.16
16.8401  2.25
16.8501  2.09
16.8601  2
16.8701  2.2
16.8801  1.87
16.8901  2.09
16.9001  2.12
16.9101  2.1
16.9201  2.11
16.9301  1.81
16.9401  2.11
16.9501  2.37
16.9601  2
16.9701  2.19
16.9801  2.06
16.9901  2.25
17.0001  1.77
17.0101  1.86
17.0201  2.01
17.0301  2.11
17.0401  2.06
17.0501  2.21
17.0601  2.06
17.0701  2.14
17.0801  2.12
17.0901  2.22
17.1001  2.04
17.1101  2.05
17.1201  2.16
17.1301  2.27
17.1401  2.2
17.1501  2.03
17.1601  2.01
17.1701  1.95
17.1801  2.09
17.1901  1.92
17.2001  2.03
17.2101  1.87
17.2201  2.08
17.2301  2.15
17.2401  2.1
17.2501  2.11
17.2601  2.14
17.2701  2.4
17.2801  2.15
17.2901  1.92
17.3001  2.12
17.3101  1.77
17.3201  1.72
17.3301  2.08
17.3401  2.28
17.3501  2.19
17.3601  1.97
17.3701  2.08
17.3801  1.72
17.3901  2.08
17.4001  2.07
17.4101  2.24
17.4201  1.93
17.4301  2.1
17.4401  1.87
17.4501  2
17.4601  1.96
17.4701  2.03
17.4801  2.09
17.4901  2.06
17.5001  2.1
17.5101  2.17
17.5201  2.13
17.5301  2.02
17.5401  2.03
17.5501  1.91
17.5601  1.7
17.5701  1.98
17.5801  2.14
17.5901  1.91
17.6001  2.12
17.6101  2.08
17.6201  2.09
17.6301  2.1
17.6401  2.25
17.6501  2.18
17.6601  2.21
17.6701  2.11
17.6801  2.06
17.6901  1.93
17.7001  2.06
17.7101  1.81
17.7201  2.19
17.7301  2.32
17.7401  2.01
17.7501  2.12
17.7601  2.11
17.7701  2.28
17.7801  1.96
17.7901  1.92
17.8001  1.93
17.8101  2.05
17.8201  2.02
17.8301  2.29
17.8401  2.09
17.8501  2.14
17.8601  2.12
17.8701  2.08
17.8801  2.03
17.8901  2.01
17.9001  2.06
17.9101  2.02
17.9201  1.94
17.9301  2.04
17.9401  2.16
17.9501  2.26
17.9601  2.3
17.9701  2.09
17.9801  2.07
17.9901  1.88
18.0001  1.73
18.0101  2.02
18.0201  2.06
18.0301  2.12
18.0401  1.85
18.0501  2.01
18.0601  2.02
18.0701  1.84
18.0801  2.11
18.0901  2.11
18.1001  2.43
18.1101  1.93
18.1201  2.21
18.1301  1.82
18.1401  2.04
18.1501  2.17
18.1601  2.04
18.1701  2.06
18.1801  2.2
18.1901  2.08
18.2001  2.04
18.2101  2.24
18.2201  1.94
18.2301  1.77
18.2401  2.41
18.2501  2.14
18.2601  1.99
18.2701  2.14
18.2801  2.09
18.2901  1.71
18.3001  1.83
18.3101  1.82
18.3201  2.12
18.3301  2.08
18.3401  2.06
18.3501  1.84
18.3601  2.05
18.3701  2.18
18.3801  2.29
18.3901  2.05
18.4001  2.16
18.4101  1.92
18.4201  1.89
18.4301  2.15
18.4401  2.27
18.4501  2.17
18.4601  1.92
18.4701  1.97
18.4801  2.02
18.4901  2.08
18.5001  2
18.5101  2.23
18.5201  2.3
18.5301  2.12
18.5401  2.08
18.5501  2.16
18.5601  2.31
18.5701  2.07
18.5801  2.27
18.5901  2.12
18.6001  1.82
18.6101  1.94
18.6201  1.94
18.6301  1.92
18.6401  2.26
18.6501  2.12
18.6601  1.92
18.6701  2.1
18.6801  2.15
18.6901  2.02
18.7001  2.02
18.7101  1.95
18.7201  2.44
18.7301  2.09
18.7401  2.16
18.7501  2.14
18.7601  2.19
18.7701  2.18
18.7801  2.07
18.7901  1.87
18.8001  2.13
18.8101  2.02
18.8201  1.76
18.8301  2.28
18.8401  1.91
18.8501  2.02
18.8601  1.87
18.8701  2.11
18.8801  1.99
18.8901  2.03
18.9001  2.16
18.9101  2.03
18.9201  2.09
18.9301  1.94
18.9401  2.21
18.9501  2.14
18.9601  1.81
18.9701  2.21
18.9801  2.11
18.9901  2.21
19.0001  2.07
19.0101  2.36
19.0201  2.04
19.0301  2.04
19.0401  2.24
19.0501  2.08
19.0601  1.95
19.0701  1.87
19.0801  2.07
19.0901  1.94
19.1001  1.92
19.1101  2.29
19.1201  1.96
19.1301  2.2
19.1401  2.22
19.1501  1.96
19.1601  2.06
19.1701  2.15
19.1801  1.8
19.1901  2.24
19.2001  2
19.2101  2.08
19.2201  2.04
19.2301  1.95
19.2401  2.13
19.2501  1.91
19.2601  2.08
19.2701  1.94
19.2801  2.32
19.2901  2.12
19.3001  2.3
19.3101  1.97
19.3201  2.05
19.3301  2.07
19.3401  1.97
19.3501  1.88
19.3601  2.05
19.3701  2.53
19.3801  2.09
19.3901  2.07
19.4001  2.11
19.4101  2.05
19.4201  2.08
19.4301  2.17
19.4401  1.95
19.4501  2.13
19.4601  2.17
19.4701  2.01
19.4801  1.86
19.4901  2.12
19.5001  1.9
19.5101  2.17
19.5201  2.58
19.5301  1.9
19.5401  2.04
19.5501  2.11
19.5601  1.93
19.5701  1.93
19.5801  2.22
19.5901  2.22
19.6001  2.1
19.6101  2.13
19.6201  1.93
19.6301  2.12
19.6401  1.88
19.6501  2.34
19.6601  1.92
19.6701  2.23
19.6801  1.96
19.6901  2.14
19.7001  2.15
19.7101  2.12
19.7201  1.93
19.7301  2.26
19.7401  2.15
19.7501  2.3
19.7601  1.79
19.7701  2.08
19.7801  2.01
19.7901  1.97
19.8001  1.89
19.8101  1.94
19.8201  2.12
19.8301  1.9
19.8401  2.27
19.8501  2.39
19.8601  2.11
19.8701  1.84
19.8801  2
19.8901  2.24
19.9001  2.05
19.9101  2.13
19.9201  2.09
19.9301  2.11
19.9401  1.9
19.9501  2.25
19.9601  2.07
19.9701  1.89
19.9801  1.95
19.9901  2.12
20.0001  1.92
20.0101  2.25
20.0201  2.11
20.0301  1.99
20.0401  1.96
20.0501  2.11
20.0601  2.14
20.0701  1.95
20.0801  2.07
20.0901  2.12
20.1001  2.03
20.1101  2
20.1201  1.96
20.1301  1.93
20.1401  2.18
20.1501  2.05
20.1601  1.91
20.1701  2.32
20.1801  2.09
20.1901  2.03
20.2001  2.23
20.2101  2.17
20.2201  2.11
20.2301  2.21
20.2401  2.09
20.2501  1.94
20.2601  2.24
20.2701  1.84
20.2801  2.16
20.2901  2.04
20.3001  1.87
20.3101  1.92
20.3201  2.18
20.3301  1.94
20.3401  2.13
20.3501  2.11
20.3601  2.18
20.3701  1.8
20.3801  2.42
20.3901  1.98
20.4001  2.33
20.4101  2.22
20.4201  2.24
20.4301  2.1
20.4401  1.96
20.4501  2.02
20.4601  2.04
20.4701  2.11
20.4801  2.09
20.4901  2.17
20.5001  1.99
20.5101  1.95
20.5201  2.07
20.5301  2
20.5401  2
20.5501  1.91
20.5601  2.12
20.5701  2.12
20.5801  2.1
20.5901  1.97
20.6001  2.16
20.6101  2.28
20.6201  2.01
20.6301  2.15
20.6401  2.22
20.6501  1.99
20.6601  1.9
20.6701  1.89
20.6801  2.07
20.6901  1.85
20.7001  2.14
20.7101  2.18
20.7201  1.71
20.7301  2.09
20.7401  1.98
20.7501  1.92
20.7601  2.19
20.7701  2.2
20.7801  1.97
20.7901  2.21
20.8001  2.19
20.8101  2.29
20.8201  2.19
20.8301  2.03
20.8401  2.06
20.8501  2.2
20.8601  2.2
20.8701  2.31
20.8801  2.13
20.8901  2.06
20.9001  2.06
20.9101  1.92
20.9201  1.81
20.9301  2.09
20.9401  2.09
20.9501  2.15
20.9601  1.95
20.9701  2.06
20.9801  2.05
20.9901  2.28
21.0001  1.98
21.0101  2.27
21.0201  2.04
21.0301  2.02
21.0401  2.06
21.0501  2.1
21.0601  2.25
21.0701  2.19
21.0801  2.2
21.0901  2.01
21.1001  2.01
21.1101  2.21
21.1201  1.8
21.1301  2.27
21.1401  2.22
21.1501  1.97
21.1601  2.21
21.1701  1.88
21.1801  2.17
21.1901  1.98
21.2001  2.05
21.2101  2.03
21.2201  1.97
21.2301  1.96
21.2401  2.16
21.2501  1.96
21.2601  2.31
21.2701  1.99
21.2801  2.21
21.2901  2.09
21.3001  2.16
21.3101  2.07
21.3201  2.33
21.3301  1.92
21.3401  1.94
21.3501  2.26
21.3601  1.9
21.3701  2.3
21.3801  1.93
21.3901  1.93
21.4001  1.96
21.4101  2.11
21.4201  2.04
21.4301  2.07
21.4401  2.15
21.4501  2.05
21.4601  2.19
21.4701  2.12
21.4801  1.96
21.4901  2.04
21.5001  1.95
21.5101  2.08
21.5201  2.27
21.5301  1.96
21.5401  2.15
21.5501  2.24
21.5601  2.2
21.5701  2.04
21.5801  1.9
21.5901  2.03
21.6001  1.97
21.6101  2.28
21.6201  2.05
21.6301  2.25
21.6401  2.27
21.6501  2.01
21.6601  1.91
21.6701  2.23
21.6801  2.25
21.6901  2.05
21.7001  1.77
21.7101  2.16
21.7201  2.19
21.7301  2.06
21.7401  1.95
21.7501  2.31
21.7601  1.95
21.7701  2.14
21.7801  2.17
21.7901  2.19
21.8001  1.99
21.8101  1.98
21.8201  1.91
21.8301  2.14
21.8401  2.27
21.8501  1.89
21.8601  2.03
21.8701  1.96
21.8801  1.98
21.8901  2.24
21.9001  1.89
21.9101  2.12
21.9201  2.23
21.9301  1.95
21.9401  1.95
21.9501  1.88
21.9601  1.71
21.9701  1.92
21.9801  1.99
21.9901  2.1
22.0001  1.97
22.0101  2.29
22.0201  2.02
22.0301  2.26
22.0401  2.07
22.0501  1.9
22.0601  2.12
22.0701  2.07
22.0801  2
22.0901  2.01
22.1001  2.12
22.1101  2.04
22.1201  2.18
22.1301  1.9
22.1401  2.22
22.1501  1.99
22.1601  2.01
22.1701  2.28
22.1801  2.2
22.1901  2.27
22.2001  2.01
22.2101  1.99
22.2201  2.04
22.2301  2.2
22.2401  2.15
22.2501  2.2
22.2601  2.08
22.2701  2.34
22.2801  1.94
22.2901  2.09
22.3001  2.21
22.3101  1.98
22.3201  2.25
22.3301  2.12
22.3401  2.08
22.3501  2.01
22.3601  2.16
22.3701  2.02
22.3801  2.16
22.3901  1.99
22.4001  2.1
22.4101  2.04
22.4201  1.92
22.4301  2.04
22.4401  2.03
22.4501  2.03
22.4601  2.04
22.4701  2
22.4801  1.95
22.4901  2.13
22.5001  1.95
22.5101  2.07
22.5201  2.08
22.5301  1.94
22.5401  2.14
22.5501  2.08
22.5601  2.05
22.5701  2.08
22.5801  1.94
22.5901  2.12
22.6001  1.93
22.6101  2.08
22.6201  2.07
22.6301  2.02
22.6401  2.03
22.6501  1.95
22.6601  2.04
22.6701  1.84
22.6801  2.08
22.6901  2.05
22.7001  2.16
22.7101  2.11
22.7201  2.11
22.7301  2.24
22.7401  2.3
22.7501  2.11
22.7601  2.15
22.7701  2.15
22.7801  2.31
22.7901  1.98
22.8001  2.16
22.8101  2.06
22.8201  1.95
22.8301  1.84
22.8401  2.56
22.8501  2.1
22.8601  1.85
22.8701  1.99
22.8801  1.85
22.8901  1.92
22.9001  2.01
22.9101  2.38
22.9201  1.92
22.9301  1.96
22.9401  1.84
22.9501  2.14
22.9601  2.15
22.9701  2.24
22.9801  1.98
22.9901  2.03
23.0001  2.28
23.0101  1.91
23.0201  1.9
23.0301  1.9
23.0401  2.05
23.0501  2.13
23.0601  1.97
23.0701  2.32
23.0801  2.04
23.0901  2.05
23.1001  2
23.1101  1.99
23.1201  2.23
23.1301  2.01
23.1401  1.95
23.1501  2.11
23.1601  2.17
23.1701  2.04
23.1801  2.25
23.1901  2.11
23.2001  2.13
23.2101  1.87
23.2201  1.98
23.2301  2.12
23.2401  2.19
23.2501  2.08
23.2601  2.04
23.2701  2.17
23.2801  2.1
23.2901  1.83
23.3001  1.98
23.3101  1.99
23.3201  2.2
23.3301  1.93
23.3401  2.35
23.3501  2.56
23.3601  2.25
23.3701  1.71
23.3801  2.02
23.3901  2.24
23.4001  1.95
23.4101  2.09
23.4201  2.16
23.4301  1.96
23.4401  2.13
23.4501  2.35
23.4601  1.95
23.4701  2.08
23.4801  2.07
23.4901  1.93
23.5001  2
23.5101  2.08
23.5201  2.22
23.5301  1.94
23.5401  1.79
23.5501  2.13
23.5601  1.87
23.5701  2.26
23.5801  2.14
23.5901  1.99
23.6001  2.03
23.6101  2.11
23.6201  1.91
23.6301  2.16
23.6401  2.15
23.6501  2.18
23.6601  1.97
23.6701  1.94
23.6801  1.98
23.6901  2.3
23.7001  2.28
23.7101  2.05
23.7201  1.8
23.7301  1.8
23.7401  1.89
23.7501  1.97
23.7601  1.77
23.7701  2.3
23.7801  2.06
23.7901  2.29
23.8001  1.8
23.8101  2.08
23.8201  2.1
23.8301  2.12
23.8401  2.19
23.8501  2.1
23.8601  2.1
23.8701  2.13
23.8801  2.06
23.8901  1.99
23.9001  2.32
23.9101  2.12
23.9201  2.07
23.9301  2.16
23.9401  1.91
23.9501  1.89
23.9601  2.23
23.9701  1.93
23.9801  1.99
23.9901  2.21
24.0001  1.83
24.0101  1.73
24.0201  2.11
24.0301  2.36
24.0401  2.04
24.0501  2.03
24.0601  1.96
24.0701  2
24.0801  2.28
24.0901  2.04
24.1001  2
24.1101  2.19
24.1201  2.2
24.1301  2.38
24.1401  1.92
24.1501  2.09
24.1601  2.07
24.1701  1.96
24.1801  1.89
24.1901  2.33
24.2001  1.95
24.2101  2.04
24.2201  2.12
24.2301  2.12
24.2401  2.12
24.2501  2.01
24.2601  1.78
24.2701  2.08
24.2801  1.78
24.2901  1.68
24.3001  2.16
24.3101  2.12
24.3201  1.89
24.3301  2.17
24.3401  1.99
24.3501  2.11
24.3601  2.22
24.3701  2.09
24.3801  2.02
24.3901  1.99
24.4001  2.11
24.4101  2
24.4201  2.09
24.4301  1.9
24.4401  2.01
24.4501  2.04
24.4601  2.18
24.4701  1.98
24.4801  1.98
24.4901  2.11
24.5001  2.02
24.5101  1.93
24.5201  1.98
24.5301  1.94
24.5401  1.98
24.5501  1.94
24.5601  2.28
24.5701  2.11
24.5801  2.38
24.5901  1.95
24.6001  1.83
24.6101  1.99
24.6201  1.88
24.6301  2.16
24.6401  2.07
24.6501  2.08
24.6601  2.17
24.6701  2.16
24.6801  2.1
24.6901  2.05
24.7001  2.15
24.7101  2.16
24.7201  2.01
24.7301  2.2
24.7401  1.95
24.7501  2.3
24.7601  2.02
24.7701  2.32
24.7801  1.84
24.7901  2.07
24.8001  1.72
24.8101  1.99
24.8201  2.34
24.8301  2.15
24.8401  2
24.8501  2.01
24.8601  2.25
24.8701  1.98
24.8801  2.05
24.8901  1.83
24.9001  1.92
24.9101  2.02
24.9201  2.1
24.9301  1.99
24.9401  1.85
24.9501  2.15
24.9601  2.08
24.9701  2.18
24.9801  2.08
24.9901  2.19
25.0001  2.24
25.0101  2.11
25.0201  2.04
25.0301  1.88
25.0401  1.75
25.0501  2.16
25.0601  2.08
25.0701  2.1
25.0801  2.01
25.0901  2.08
25.1001  2
25.1101  2.18
25.1201  2.07
25.1301  1.85
25.1401  1.98
25.1501  2.24
25.1601  1.98
25.1701  2.02
25.1801  2.03
25.1901  2.02
25.2001  1.97
25.2101  1.84
25.2201  2.07
25.2301  2.29
25.2401  2.12
25.2501  1.93
25.2601  2.11
25.2701  1.96
25.2801  2.06
25.2901  2.1
25.3001  2.16
25.3101  2.05
25.3201  2.11
25.3301  2.49
25.3401  1.88
25.3501  2.12
25.3601  2.03
25.3701  1.98
25.3801  2.11
25.3901  1.95
25.4001  2.07
25.4101  1.96
25.4201  1.97
25.4301  2.08
25.4401  1.91
25.4501  2.09
25.4601  2.34
25.4701  2.06
25.4801  1.86
25.4901  2.12
25.5001  2.16
25.5101  2.07
25.5201  1.94
25.5301  1.97
25.5401  1.99
25.5501  2.03
25.5601  1.94
25.5701  2.26
25.5801  1.9
25.5901  2.02
25.6001  2.29
25.6101  2
25.6201  2.22
25.6301  1.91
25.6401  2.06
25.6501  2.14
25.6601  1.91
25.6701  1.86
25.6801  2.12
25.6901  1.86
25.7001  2.14
25.7101  2.06
25.7201  1.98
25.7301  2.01
25.7401  2.09
25.7501  1.98
25.7601  1.99
25.7701  2.16
25.7801  2.1
25.7901  1.89
25.8001  2.11
25.8101  2.23
25.8201  1.99
25.8301  2.12
25.8401  1.89
25.8501  1.88
25.8601  2.11
25.8701  2.34
25.8801  2.05
25.8901  2.3
25.9001  2.33
25.9101  2.33
25.9201  2.1
25.9301  1.75
25.9401  1.86
25.9501  2.08
25.9601  2.07
25.9701  2.12
25.9801  1.91
25.9901  2.25
26.0001  2.1
26.0101  2.14
26.0201  1.9
26.0301  2.15
26.0401  1.85
26.0501  2.39
26.0601  1.74
26.0701  2
26.0801  2.14
26.0901  1.99
26.1001  2.28
26.1101  1.93
26.1201  2.21
26.1301  1.95
26.1401  2.17
26.1501  1.93
26.1601  2.16
26.1701  2.03
26.1801  2
26.1901  1.96
26.2001  2.03
26.2101  1.94
26.2201  1.88
26.2301  2.02
26.2401  2.07
26.2501  2.16
26.2601  2.08
26.2701  2.06
26.2801  1.9
26.2901  1.86
26.3001  2.22
26.3101  2.17
26.3201  2.05
26.3301  2.15
26.3401  2.06
26.3501  2.11
26.3601  2.01
26.3701  1.79
26.3801  2.08
26.3901  2.12
26.4001  1.96
26.4101  2.15
26.4201  2.16
26.4301  1.97
26.4401  2.09
26.4501  2.21
26.4601  1.94
26.4701  1.83
26.4801  2.15
26.4901  2.09
26.5001  2.02
26.5101  2.18
26.5201  2.07
26.5301  2.03
26.5401  1.98
26.5501  1.91
26.5601  1.99
26.5701  2.25
26.5801  2.03
26.5901  2.26
26.6001  2.18
26.6101  2.23
26.6201  2.2
26.6301  2.09
26.6401  2.14
26.6501  1.96
26.6601  2.04
26.6701  2.11
26.6801  1.91
26.6901  2.08
26.7001  1.99
26.7101  1.99
26.7201  2.12
26.7301  2.29
26.7401  2.01
26.7501  2.2
26.7601  2.2
26.7701  1.98
26.7801  2.2
26.7901  1.99
26.8001  1.86
26.8101  2.09
26.8201  2.08
26.8301  2.3
26.8401  1.96
26.8501  2.16
26.8601  1.89
26.8701  1.89
26.8801  2.19
26.8901  2.1
26.9001  2.16
26.9101  2.06
26.9201  1.96
26.9301  2.21
26.9401  1.99
26.9501  2.36
26.9601  1.74
26.9701  1.94
26.9801  1.9
26.9901  2.46
27.0001  1.88
27.0101  2.01
27.0201  1.99
27.0301  2.08
27.0401  1.96
27.0501  2.24
27.0601  1.96
27.0701  2.1
27.0801  2
27.0901  2.05
27.1001  2.19
27.1101  1.92
27.1201  2.02
27.1301  2.04
27.1401  2.07
27.1501  2.01
27.1601  1.91
27.1701  2.1
27.1801  1.88
27.1901  1.91
27.2001  2.28
27.2101  2.38
27.2201  2.16
27.2301  2.07
27.2401  2.13
27.2501  2.05
27.2601  2.33
27.2701  1.97
27.2801  2.19
27.2901  2.23
27.3001  1.76
27.3101  2.35
27.3201  1.88
27.3301  1.92
27.3401  2.28
27.3501  2.09
27.3601  2.15
27.3701  1.98
27.3801  2.22
27.3901  2.15
27.4001  2.31
27.4101  2.09
27.4201  2.04
27.4301  2.22
27.4401  2.1
27.4501  1.96
27.4601  2.11
27.4701  2.04
27.4801  2.26
27.4901  1.94
27.5001  2.13
27.5101  1.95
27.5201  2.11
27.5301  2.17
27.5401  2.01
27.5501  2.17
27.5601  2.01
27.5701  2.14
27.5801  2.05
27.5901  1.71
27.6001  2.29
27.6101  2.08
27.6201  2.06
27.6301  1.98
27.6401  2.01
27.6501  2.05
27.6601  2.05
27.6701  2.11
27.6801  2.22
27.6901  2.12
27.7001  1.91
27.7101  1.87
27.7201  2.25
27.7301  1.98
27.7401  1.97
27.7501  2.3
27.7601  2.01
27.7701  1.94
27.7801  1.93
27.7901  1.98
27.8001  1.94
27.8101  2.04
27.8201  2.02
27.8301  2.42
27.8401  2.06
27.8501  2.02
27.8601  1.99
27.8701  2.08
27.8801  2.1
27.8901  1.87
27.9001  2.02
27.9101  2.26
27.9201  2.02
27.9301  2.14
27.9401  2.05
27.9501  2.02
27.9601  2.18
27.9701  2.08
27.9801  2.27
27.9901  2.2
28.0001  2.11
28.0101  2.1
28.0201  2.03
28.0301  2.09
28.0401  2.19
28.0501  2.07
28.0601  2.04
28.0701  1.95
28.0801  2.1
28.0901  2.23
28.1001  2.29
28.1101  2.04
28.1201  2.12
28.1301  2.16
28.1401  1.98
28.1501  2.13
28.1601  1.96
28.1701  2.08
28.1801  2.15
28.1901  2
28.2001  2.17
28.2101  2.4
28.2201  1.85
28.2301  2.09
28.2401  2.26
28.2501  2.05
28.2601  1.88
28.2701  2.04
28.2801  2.25
28.2901  1.95
28.3001  1.85
28.3101  1.96
28.3201  2.11
28.3301  1.94
28.3401  2.3
28.3501  2.15
28.3601  1.84
28.3701  1.84
28.3801  2.04
28.3901  2.04
28.4001  2.42
28.4101  1.8
28.4201  2.2
28.4301  2.35
28.4401  2.06
28.4501  2.2
28.4601  1.96
28.4701  1.95
28.4801  1.91
28.4901  2.18
28.5001  1.93
28.5101  2.22
28.5201  1.83
28.5301  2
28.5401  2.08
28.5501  2.08
28.5601  1.96
28.5701  2.06
28.5801  2.22
28.5901  2.2
28.6001  2.1
28.6101  2.1
28.6201  2.21
28.6301  1.98
28.6401  2.14
28.6501  2.31
28.6601  1.95
28.6701  1.89
28.6801  2.05
28.6901  2.25
28.7001  1.79
28.7101  1.96
28.7201  1.8
28.7301  2.09
28.7401  1.88
28.7501  2.39
28.7601  2.23
28.7701  2.19
28.7801  2.13
28.7901  2.19
28.8001  1.93
28.8101  1.94
28.8201  2.26
28.8301  2.36
28.8401  2.29
28.8501  2.21
28.8601  2.03
28.8701  2.13
28.8801  2.06
28.8901  1.91
28.9001  2.29
28.9101  1.98
28.9201  1.89
28.9301  2.06
28.9401  1.88
28.9501  2.08
28.9601  2.41
28.9701  2.03
28.9801  2.04
28.9901  2.12
29.0001  2.28
29.0101  2.21
29.0201  2
29.0301  2.05
29.0401  2.36
29.0501  1.92
29.0601  2.22
29.0701  1.87
29.0801  1.72
29.0901  2.21
29.1001  1.98
29.1101  1.92
29.1201  1.91
29.1301  1.85
29.1401  2.06
29.1501  2.07
29.1601  2.28
29.1701  2.18
29.1801  2.19
29.1901  1.73
29.2001  1.87
29.2101  2
29.2201  2.19
29.2301  2.13
29.2401  2.01
29.2501  1.98
29.2601  2.04
29.2701  2.27
29.2801  1.98
29.2901  1.94
29.3001  2.32
29.3101  1.63
29.3201  2.1
29.3301  2.18
29.3401  2.32
29.3501  1.8
29.3601  1.97
29.3701  2.04
29.3801  2.1
29.3901  2.05
29.4001  2.18
29.4101  1.96
29.4201  2.17
29.4301  2.18
29.4401  2.01
29.4501  2.3
29.4601  2.17
29.4701  2.13
29.4801  1.98
29.4901  2.32
29.5001  2.15
29.5101  2.07
29.5201  1.86
29.5301  2.32
29.5401  1.76
29.5501  1.93
29.5601  2.24
29.5701  2.2
29.5801  2.04
29.5901  2.15
29.6001  1.95
29.6101  2.13
29.6201  2.29
29.6301  2.13
29.6401  1.97
29.6501  1.96
29.6601  2.24
29.6701  2.21
29.6801  2.17
29.6901  2.15
29.7001  1.87
29.7101  2.1
29.7201  2.41
29.7301  1.93
29.7401  2.16
29.7501  2.04
29.7601  1.84
29.7701  2.23
29.7801  1.99
29.7901  1.91
29.8001  1.82
29.8101  2.12
29.8201  1.97
29.8301  2.26
29.8401  2.25
29.8501  2.08
29.8601  1.91
29.8701  2.25
29.8801  1.82
29.8901  2.05
29.9001  2.11
29.9101  2.12
29.9201  2.09
29.9301  2.16
29.9401  1.9
29.9501  2.24
29.9601  2.1
29.9701  1.88
29.9801  2
29.9901  1.9
30.0001  1.92
30.0101  2.16
30.0201  1.97
30.0301  2.19
30.0401  1.96
30.0501  2.14
30.0601  1.96
30.0701  2.03
30.0801  2.04
30.0901  2.07
30.1001  2.2
30.1101  2.28
30.1201  2.2
30.1301  2.09
30.1401  2.31
30.1501  2.09
30.1601  2.01
30.1701  1.99
30.1801  2.22
30.1901  2.17
30.2001  2.06
30.2101  2.11
30.2201  2.21
30.2301  1.89
30.2401  1.92
30.2501  2.19
30.2601  1.92
30.2701  2.25
30.2801  2.09
30.2901  2.17
30.3001  2.21
30.3101  2.27
30.3201  2.01
30.3301  2.14
30.3401  2.07
30.3501  2.17
30.3601  2.18
30.3701  2.04
30.3801  1.96
30.3901  2
30.4001  1.99
30.4101  1.84
30.4201  2.15
30.4301  2.03
30.4401  2.02
30.4501  1.9
30.4601  2.13
30.4701  2.08
30.4801  2.12
30.4901  1.74
30.5001  1.86
30.5101  2.05
30.5201  1.7
30.5301  2.43
30.5401  2.21
30.5501  1.96
30.5601  2.22
30.5701  1.85
30.5801  2
30.5901  2.19
30.6001  2.12
30.6101  2.03
30.6201  2.12
30.6301  2.05
30.6401  2.13
30.6501  2.37
30.6601  2.08
30.6701  1.84
30.6801  2.01
30.6901  2.07
30.7001  2.15
30.7101  1.86
30.7201  2.44
30.7301  2.01
30.7401  2.05
30.7501  1.78
30.7601  2.22
30.7701  2.3
30.7801  2.18
30.7901  2.06
30.8001  2
30.8101  2.23
30.8201  2.1
30.8301  1.91
30.8401  1.98
30.8501  2.06
30.8601  2.23
30.8701  2.15
30.8801  2.06
30.8901  1.87
30.9001  1.88
30.9101  2.13
30.9201  2.2
30.9301  2.14
30.9401  2.03
30.9501  1.96
30.9601  2.09
30.9701  2.05
30.9801  1.82
30.9901  2.1
31.0001  2.03
31.0101  2.14
31.0201  2.07
31.0301  1.99
31.0401  2.07
31.0501  2.32
31.0601  2.39
31.0701  1.7
31.0801  1.96
31.0901  2.21
31.1001  2.14
31.1101  1.99
31.1201  1.97
31.1301  2.02
31.1401  2.27
31.1501  1.94
31.1601  2.12
31.1701  2.21
31.1801  2.04
31.1901  1.88
31.2001  2.11
31.2101  1.97
31.2201  2.07
31.2301  2.26
31.2401  1.98
31.2501  2.1
31.2601  2.08
31.2701  1.64
31.2801  2.36
31.2901  1.92
31.3001  1.99
31.3101  1.88
31.3201  2.32
31.3301  1.9
31.3401  1.95
31.3501  2.12
31.3601  2.07
31.3701  2.42
31.3801  2.08
31.3901  2.26
31.4001  2
31.4101  1.98
31.4201  2.22
31.4301  1.92
31.4401  2.03
31.4501  1.9
31.4601  2.27
31.4701  1.95
31.4801  1.91
31.4901  2.25
31.5001  1.97
31.5101  2.16
31.5201  2.09
31.5301  2.26
31.5401  2.24
31.5501  1.98
31.5601  2.33
31.5701  1.96
31.5801  1.92
31.5901  2.16
31.6001  2.1
31.6101  2.21
31.6201  1.82
31.6301  1.84
31.6401  2.17
31.6501  2.04
31.6601  2.07
31.6701  2
31.6801  1.86
31.6901  2.16
31.7001  2.33
31.7101  2.14
31.7201  2.3
31.7301  2.07
31.7401  2.07
31.7501  2.19
31.7601  2.14
31.7701  2.07
31.7801  1.9
31.7901  1.99
31.8001  2.05
31.8101  2.07
31.8201  1.8
31.8301  2
31.8401  1.99
31.8501  2.1
31.8601  1.86
31.8701  2.09
31.8801  1.91
31.8901  2.06
31.9001  2.06
31.9101  1.97
31.9201  2.17
31.9301  2.24
31.9401  1.98
31.9501  2.01
31.9601  2.27
31.9701  2.03
31.9801  1.79
31.9901  2.1
32.0001  2.16
32.0101  1.96
32.0201  2.33
32.0301  2.13
32.0401  2.07
32.0501  2.1
32.0601  1.79
32.0701  1.92
32.0801  2.07
32.0901  1.9
32.1001  1.87
32.1101  2.3
32.1201  2.2
32.1301  1.98
32.1401  2.46
32.1501  2.24
32.1601  2.01
32.1701  1.91
32.1801  2.12
32.1901  2.25
32.2001  2.14
32.2101  2.08
32.2201  1.96
32.2301  2.27
32.2401  2.25
32.2501  1.97
32.2601  2.04
32.2701  1.94
32.2801  2.18
32.2901  1.97
32.3001  2.32
32.3101  2.11
32.3201  1.68
32.3301  2.34
32.3401  1.87
32.3501  2.28
32.3601  1.94
32.3701  2.11
32.3801  2.12
32.3901  2.08
32.4001  1.96
32.4101  2.18
32.4201  2.24
32.4301  2.13
32.4401  1.93
32.4501  2.15
32.4601  2.17
32.4701  2.01
32.4801  1.77
32.4901  2.29
32.5001  2.05
32.5101  2.15
32.5201  1.92
32.5301  2.11
32.5401  2.01
32.5501  2.01
32.5601  2.02
32.5701  1.74
32.5801  1.88
32.5901  2.31
32.6001  2.28
32.6101  2.27
32.6201  2.07
32.6301  1.92
32.6401  2.2
32.6501  1.94
32.6601  1.96
32.6701  2.05
32.6801  2.14
32.6901  1.77
32.7001  1.97
32.7101  1.98
32.7201  2.28
32.7301  2.07
32.7401  2.02
32.7501  2.15
32.7601  1.92
32.7701  2.12
32.7801  2.1
32.7901  2.06
32.8001  1.93
32.8101  2
32.8201  1.94
32.8301  2.08
32.8401  2.23
32.8501  2.15
32.8601  1.84
32.8701  2.17
32.8801  2.18
32.8901  2.3
32.9001  2.09
32.9101  2.2
32.9201  1.88
32.9301  2.04
32.9401  2.19
32.9501  2.04
32.9601  2.07
32.9701  2.28
32.9801  2.13
32.9901  2.17
33.0001  2.05
33.0101  2.23
33.0201  2.13
33.0301  2.16
33.0401  2.25
33.0501  2.22
33.0601  1.94
33.0701  2.32
33.0801  2.06
33.0901  2
33.1001  1.89
33.1101  1.97
33.1201  1.94
33.1301  2.13
33.1401  1.98
33.1501  2.39
33.1601  2.05
33.1701  2.1
33.1801  1.89
33.1901  2.2
33.2001  2.01
33.2101  1.94
33.2201  2.04
33.2301  2.09
33.2401  2.05
33.2501  2.19
33.2601  1.85
33.2701  2.04
33.2801  2.14
33.2901  1.91
33.3001  2.08
33.3101  2.03
33.3201  2.17
33.3301  2.22
33.3401  2.34
33.3501  2.16
33.3601  1.92
33.3701  2.03
33.3801  2.11
33.3901  1.89
33.4001  2.16
33.4101  2.08
33.4201  2.02
33.4301  1.95
33.4401  2.06
33.4501  2.15
33.4601  2.01
33.4701  2.22
33.4801  2.14
33.4901  2.31
33.5001  1.8
33.5101  2.06
33.5201  1.87
33.5301  1.95
33.5401  2
33.5501  2.35
33.5601  2.25
33.5701  2.23
33.5801  2.04
33.5901  2.18
33.6001  1.93
33.6101  2.13
33.6201  2.16
33.6301  1.84
33.6401  1.88
33.6501  2.11
33.6601  1.84
33.6701  2.14
33.6801  2.07
33.6901  2.18
33.7001  2.05
33.7101  2.08
33.7201  1.82
33.7301  2.1
33.7401  2.22
33.7501  1.85
33.7601  2.01
33.7701  1.98
33.7801  2.15
33.7901  2.35
33.8001  2.27
33.8101  2.31
33.8201  2.21
33.8301  2.2
33.8401  2.22
33.8501  2.1
33.8601  2.05
33.8701  2.1
33.8801  2.18
33.8901  1.82
33.9001  2.05
33.9101  2.12
33.9201  1.91
33.9301  2.03
33.9401  2.14
33.9501  2.13
33.9601  2.26
33.9701  2.14
33.9801  1.91
33.9901  2.05
34.0001  2.2
34.0101  2.13
34.0201  2.13
34.0301  1.96
34.0401  2.22
34.0501  2.13
34.0601  2.21
34.0701  1.95
34.0801  2.25
34.0901  1.83
34.1001  2.08
34.1101  2.2
34.1201  1.94
34.1301  2.02
34.1401  1.77
34.1501  1.89
34.1601  2.22
34.1701  2.1
34.1801  2.15
34.1901  1.8
34.2001  2.12
34.2101  1.96
34.2201  2.02
34.2301  2.06
34.2401  2
34.2501  1.9
34.2601  2.16
34.2701  1.94
34.2801  2.34
34.2901  2.05
34.3001  1.97
34.3101  1.87
34.3201  1.92
34.3301  2.16
34.3401  2.03
34.3501  2.08
34.3601  2.34
34.3701  2.09
34.3801  1.81
34.3901  2.26
34.4001  2.31
34.4101  2.14
34.4201  2
34.4301  2.14
34.4401  2.06
34.4501  2.01
34.4601  2.13
34.4701  2.23
34.4801  1.93
34.4901  1.99
34.5  2.07
34.51  1.95
34.52  2.2
34.53  2.05
34.54  2.06
34.55  2.41
34.56  1.9
34.57  1.83
34.58  2.48
34.59  2
34.6  2.02
34.61  2.01
34.62  2.2
34.63  2.26
34.64  2.04
34.65  2.01
34.66  2.34
34.67  2.05
34.68  2.01
34.69  2.02
34.7  1.94
34.71  1.94
34.72  2.01
34.73  1.98
34.74  2
34.75  2.13
34.76  2.04
34.77  2.15
34.78  1.97
34.79  2.06
34.8  2.12
34.81  2.16
34.82  2.33
34.83  2.25
34.84  2.29
34.85  1.88
34.86  1.88
34.87  1.96
34.88  2.13
34.89  1.93
34.9  1.95
34.91  1.93
34.92  1.88
34.93  2.08
34.94  2.08
34.95  2.16
34.96  2.03
34.97  2.19
34.98  2.03
34.99  2.09
