-10  0
-9.99  0
-9.98  0
-9.97  0
-9.96  0.01
-9.95  0
-9.94  0.01
-9.93  0
-9.92  0.01
-9.91  0
-9.9  0.01
-9.89  0.02
-9.88  0.01
-9.87  0.01
-9.86  0.01
-9.85  0.02
-9.84  0.01
-9.83  0.01
-9.82  0.02
-9.81  0.02
-9.8  0.02
-9.79  0.01
-9.78  0.03
-9.77  0.01
-9.76  0.04
-9.75  0.02
-9.74  0.02
-9.73  0.03
-9.72  0.01
-9.71  0.03
-9.7  0.03
-9.69  0.04
-9.68  0.02
-9.67  0.04
-9.66  0.03
-9.65  0.03
-9.64  0.02
-9.63  0.04
-9.62  0.04
-9.61  0.02
-9.6  0.05
-9.59  0.02
-9.58  0.05
-9.57  0.04
-9.56  0.03
-9.55  0.05
-9.54  0.04
-9.53  0.04
-9.52  0.04
-9.51  0.04
-9.5  0.03
-9.49  0.07
-9.48  0.04
-9.47  0.04
-9.46  0.04
-9.45  0.03
-9.44  0.07
-9.43  0.04
-9.42  0.03
-9.41  0.05
-9.4  0.07
-9.39  0.05
-9.38  0.05
-9.37  0.03
-9.36  0.05
-9.35  0.08
-9.34  0.04
-9.33  0.05
-9.32  0.05
-9.31  0.07
-9.3  0.05
-9.29  0.06
-9.28  0.05
-9.27  0.06
-9.26  0.07
-9.25  0.03
-9.24  0.06
-9.23  0.08
-9.22  0.07
-9.21  0.06
-9.2  0.02
-9.19  0.03
-9.18  0.08
-9.17  0.08
-9.16  0.05
-9.15  0.06
-9.14  0.06
-9.13  0.1
-9.12  0.05
-9.11  0.08
-9.1  0.03
-9.09  0.05
-9.08  0.09
-9.07  0.04
-9.06  0.11
-9.05  0.07
-9.04  0.08
-9.03  0.05
-9.02  0.03
-9.01  0.05
-9  0.05
-8.99  0.04
-8.98  0.08
-8.97  0.08
-8.96  0.05
-8.95  0.1
-8.94  0.04
-8.93  0.05
-8.92  0.08
-8.91  0.05
-8.9  0.05
-8.89  0.07
-8.88  0.1
-8.87  0.04
-8.86  0.06
-8.85  0.14
-8.84  0.07
-8.83  0.04
-8.82  0.06
-8.81  0.05
-8.8  0.11
-8.79  0.1
-8.78  0.06
-8.77  0.08
-8.76  0.06
-8.75  0.08
-8.74  0.07
-8.73  0.08
-8.72  0.05
-8.71  0.09
-8.7  0.05
-8.69  0.04
-8.68  0.11
-8.67  0.06
-8.66  0.07
-8.65  0.14
-8.64  0.06
-8.63  0.05
-8.62  0.04
-8.61  0.09
-8.6  0.08
-8.59  0.04
-8.58  0.09
-8.57  0.07
-8.56  0.1
-8.55  0.11
-8.54  0.07
-8.53  0.07
-8.52  0.04
-8.51  0.09
-8.5  0.08
-8.49  0.09
-8.48  0.07
-8.47  0.04
-8.46  0.07
-8.45  0.06
-8.44  0.13
-8.43  0.07
-8.42  0.06
-8.41  0.09
-8.4  0.04
-8.39  0.09
-8.38  0.06
-8.37  0.08
-8.36  0.03
-8.35  0.04
-8.34  0.1
-8.33  0.06
-8.32  0.09
-8.31  0.07
-8.3  0.04
-8.29  0.08
-8.28  0.03
-8.27  0.09
-8.26  0.08
-8.25  0.08
-8.24  0.09
-8.23  0.1
-8.22  0.04
-8.21  0.07
-8.2  0.1
-8.19  0.09
-8.18  0.09
-8.17  0.09
-8.16  0.07
-8.15  0.07
-8.14  0.08
-8.13  0.05
-8.12  0.06
-8.11  0.07
-8.1  0.14
-8.09  0.07
-8.08  0.04
-8.07  0.08
-8.06  0.09
-8.05  0.09
-8.04  0.08
-8.03  0.05
-8.02  0.04
-8.01  0.07
-8  0.06
-7.99  0.04
-7.98  0.07
-7.97  0.17
-7.96  0.04
-7.95  0.06
-7.94  0.07
-7.93  0.07
-7.92  0.04
-7.91  0.09
-7.9  0.04
-7.89  0.07
-7.88  0.1
-7.87  0.06
-7.86  0.09
-7.85  0.11
-7.84  0.08
-7.83  0.06
-7.82  0.12
-7.81  0.08
-7.8  0.08
-7.79  0.08
-7.78  0.09
-7.77  0.07
-7.76  0.06
-7.75  0.08
-7.74  0.11
-7.73  0.05
-7.72  0.06
-7.71  0.12
-7.7  0.07
-7.69  0.05
-7.68  0.1
-7.67  0.15
-7.66  0.07
-7.65  0.06
-7.64  0.07
-7.63  0.11
-7.62  0.04
-7.61  0.05
-7.6  0.08
-7.59  0.13
-7.58  0.06
-7.57  0.06
-7.56  0.12
-7.55  0.08
-7.54  0.06
-7.53  0.08
-7.52  0.06
-7.51  0.12
-7.5  0.1
-7.49  0.05
-7.48  0.08
-7.47  0.09
-7.46  0.12
-7.45  0.07
-7.44  0.11
-7.43  0.09
-7.42  0.04
-7.41  0.05
-7.4  0.07
-7.39  0.04
-7.38  0.11
-7.37  0.06
-7.36  0.07
-7.35  0.13
-7.34  0.08
-7.33  0.09
-7.32  0.1
-7.31  0.09
-7.3  0.1
-7.29  0.09
-7.28  0.05
-7.27  0.05
-7.26  0.06
-7.25  0.11
-7.24  0.09
-7.23  0.04
-7.22  0.07
-7.21  0.07
-7.2  0.07
-7.19  0.09
-7.18  0.06
-7.17  0.11
-7.16  0.11
-7.15  0.07
-7.14  0.08
-7.13  0.09
-7.12  0.05
-7.11  0.05
-7.1  0.09
-7.09  0.1
-7.08  0.06
-7.07  0.1
-7.06  0.05
-7.05  0.09
-7.04  0.02
-7.03  0.06
-7.02  0.04
-7.01  0.07
-7  0.11
-6.99  0.07
-6.98  0.07
-6.97  0.09
-6.96  0.07
-6.95  0.08
-6.94  0.1
-6.93  0.04
-6.92  0.09
-6.91  0.05
-6.9  0.07
-6.89  0.09
-6.88  0.07
-6.87  0.1
-6.86  0.07
-6.85  0.09
-6.84  0.06
-6.83  0.09
-6.82  0.05
-6.81  0.11
-6.8  0.05
-6.79  0.12
-6.78  0.11
-6.77  0.01
-6.76  0.07
-6.75  0.03
-6.74  0.05
-6.73  0.05
-6.72  0.12
-6.71  0.08
-6.7  0.08
-6.69  0.03
-6.68  0.05
-6.67  0.08
-6.66  0.08
-6.65  0.07
-6.64  0.06
-6.63  0.06
-6.62  0.06
-6.61  0.13
-6.6  0.1
-6.59  0.1
-6.58  0.04
-6.57  0.06
-6.56  0.08
-6.55  0.05
-6.54  0.07
-6.53  0.08
-6.52  0.06
-6.51  0.07
-6.5  0.09
-6.49  0.14
-6.48  0.09
-6.47  0.09
-6.46  0.13
-6.45  0.07
-6.44  0.08
-6.43  0.08
-6.42  0.04
-6.41  0.06
-6.4  0.06
-6.39  0.1
-6.38  0.08
-6.37  0.08
-6.36  0.11
-6.35  0.07
-6.34  0.07
-6.33  0.12
-6.32  0.1
-6.31  0.05
-6.3  0.09
-6.29  0.05
-6.28  0.07
-6.27  0.03
-6.26  0.08
-6.25  0.04
-6.24  0.09
-6.23  0.07
-6.22  0.06
-6.21  0.1
-6.2  0.08
-6.19  0.09
-6.18  0.06
-6.17  0.11
-6.16  0.1
-6.15  0.05
-6.14  0.06
-6.13  0.08
-6.12  0.07
-6.11  0.06
-6.1  0.11
-6.09  0.03
-6.08  0.1
-6.07  0.05
-6.06  0.11
-6.05  0.08
-6.04  0.08
-6.03  0.06
-6.02  0.08
-6.01  0.02
-6  0.11
-5.99  0.09
-5.98  0.08
-5.97  0.04
-5.96  0.05
-5.95  0.05
-5.94  0.09
-5.93  0.15
-5.92  0.08
-5.91  0.09
-5.9  0.06
-5.89  0.07
-5.88  0.04
-5.87  0.08
-5.86  0.06
-5.85  0.08
-5.84  0.07
-5.83  0.08
-5.82  0.04
-5.81  0.11
-5.8  0.06
-5.79  0.14
-5.78  0.1
-5.77  0.07
-5.76  0.09
-5.75  0.12
-5.74  0.08
-5.73  0.1
-5.72  0.08
-5.71  0.12
-5.7  0.08
-5.69  0.06
-5.68  0.08
-5.67  0.05
-5.66  0.05
-5.65  0.09
-5.64  0.04
-5.63  0.14
-5.62  0.09
-5.61  0.12
-5.6  0.07
-5.59  0.05
-5.58  0.04
-5.57  0.1
-5.56  0.06
-5.55  0.09
-5.54  0.11
-5.53  0.08
-5.52  0.04
-5.51  0.09
-5.5  0.04
-5.49  0.07
-5.48  0.09
-5.47  0.1
-5.46  0.04
-5.45  0.14
-5.44  0.06
-5.43  0.1
-5.42  0.09
-5.41  0.07
-5.4  0.12
-5.39  0.09
-5.38  0.1
-5.37  0.05
-5.36  0.08
-5.35  0.06
-5.34  0.06
-5.33  0.06
-5.32  0.11
-5.31  0.13
-5.3  0.08
-5.29  0.11
-5.28  0.11
-5.27  0.06
-5.26  0.08
-5.25  0.07
-5.24  0.04
-5.23  0.05
-5.22  0.05
-5.21  0.09
-5.2  0.08
-5.19  0.09
-5.18  0.07
-5.17  0.09
-5.16  0.1
-5.15  0.05
-5.14  0.09
-5.13  0.07
-5.12  0.07
-5.11  0.08
-5.1  0.08
-5.09  0.07
-5.08  0.14
-5.07  0.08
-5.06  0.06
-5.05  0.07
-5.04  0.09
-5.03  0.07
-5.02  0.09
-5.01  0.06
-5  0.1
-4.99  0.09
-4.98  0.05
-4.97  0.07
-4.96  0.09
-4.95  0.09
-4.94  0.06
-4.93  0.07
-4.92  0.07
-4.91  0.09
-4.9  0.07
-4.89  0.06
-4.88  0.11
-4.87  0.07
-4.86  0.05
-4.85  0.02
-4.84  0.06
-4.83  0.09
-4.82  0.06
-4.81  0.08
-4.8  0.06
-4.79  0.06
-4.78  0.11
-4.77  0.09
-4.76  0.1
-4.75  0.09
-4.74  0.04
-4.73  0.09
-4.72  0.09
-4.71  0.08
-4.7  0.08
-4.69  0.1
-4.68  0.11
-4.67  0.12
-4.66  0.11
-4.65  0.09
-4.64  0.14
-4.63  0.04
-4.62  0.05
-4.61  0.07
-4.6  0.05
-4.59  0.04
-4.58  0.05
-4.57  0.1
-4.56  0.1
-4.55  0.03
-4.54  0.04
-4.53  0.09
-4.52  0.05
-4.51  0.1
-4.5  0.13
-4.49  0.06
-4.48  0.1
-4.47  0.07
-4.46  0.06
-4.45  0.06
-4.44  0.04
-4.43  0.06
-4.42  0.05
-4.41  0.08
-4.4  0.03
-4.39  0.15
-4.38  0.07
-4.37  0.09
-4.36  0.09
-4.35  0.05
-4.34  0.08
-4.33  0.06
-4.32  0.09
-4.31  0.11
-4.3  0.1
-4.29  0.07
-4.28  0.08
-4.27  0.06
-4.26  0.1
-4.25  0.11
-4.24  0.09
-4.23  0.07
-4.22  0.07
-4.21  0.03
-4.2  0.09
-4.19  0.04
-4.18  0.06
-4.17  0.08
-4.16  0.06
-4.15  0.06
-4.14  0.13
-4.13  0.07
-4.12  0.08
-4.11  0.08
-4.1  0.1
-4.09  0.07
-4.08  0.06
-4.07  0.09
-4.06  0.04
-4.05  0.04
-4.04  0.04
-4.03  0.09
-4.02  0.11
-4.01  0.07
-4  0.07
-3.99  0.04
-3.98  0.1
-3.97  0.07
-3.96  0.1
-3.95  0.05
-3.94  0.06
-3.93  0.08
-3.92  0.05
-3.91  0.08
-3.9  0.08
-3.89  0.08
-3.88  0.09
-3.87  0.06
-3.86  0.1
-3.85  0.07
-3.84  0.07
-3.83  0.08
-3.82  0.07
-3.81  0.09
-3.8  0.12
-3.79  0.06
-3.78  0.01
-3.77  0.09
-3.76  0.06
-3.75  0.13
-3.74  0.11
-3.73  0.05
-3.72  0.08
-3.71  0.05
-3.7  0.14
-3.69  0.08
-3.68  0.08
-3.67  0.08
-3.66  0.07
-3.65  0.08
-3.64  0.06
-3.63  0.06
-3.62  0.06
-3.61  0.1
-3.6  0.04
-3.59  0.11
-3.58  0.05
-3.57  0.06
-3.56  0.05
-3.55  0.11
-3.54  0.08
-3.53  0.08
-3.52  0.02
-3.51  0.1
-3.5  0.05
-3.49  0.1
-3.48  0.1
-3.47  0.02
-3.46  0.04
-3.45  0.05
-3.44  0.11
-3.43  0.11
-3.42  0.08
-3.41  0.09
-3.4  0.08
-3.39  0.08
-3.38  0.07
-3.37  0.06
-3.36  0.09
-3.35  0.06
-3.34  0.06
-3.33  0.05
-3.32  0.08
-3.31  0.11
-3.3  0.05
-3.29  0.11
-3.28  0.1
-3.27  0.08
-3.26  0.06
-3.25  0.05
-3.24  0.09
-3.23  0.08
-3.22  0.08
-3.21  0.13
-3.2  0.05
-3.19  0.16
-3.18  0.01
-3.17  0.07
-3.16  0.07
-3.15  0.01
-3.14  0.12
-3.13  0.06
-3.12  0.1
-3.11  0.07
-3.1  0.07
-3.09  0.1
-3.08  0.01
-3.07  0.15
-3.06  0.04
-3.05  0.07
-3.04  0.04
-3.03  0.12
-3.02  0.07
-3.01  0.11
-3  0.09
-2.99  0.06
-2.98  0.1
-2.97  0.08
-2.96  0.07
-2.95  0.11
-2.94  0.1
-2.93  0.06
-2.92  0.06
-2.91  0.12
-2.9  0.06
-2.89  0.14
-2.88  0.08
-2.87  0.08
-2.86  0.05
-2.85  0.08
-2.84  0.08
-2.83  0.04
-2.82  0.09
-2.81  0.03
-2.8  0.05
-2.79  0.1
-2.78  0.08
-2.77  0.07
-2.76  0.06
-2.75  0.11
-2.74  0.07
-2.73  0.09
-2.72  0.1
-2.71  0.04
-2.7  0.08
-2.69  0.1
-2.68  0.1
-2.67  0.09
-2.66  0.08
-2.65  0.07
-2.64  0.05
-2.63  0.06
-2.62  0.08
-2.61  0.06
-2.6  0.09
-2.59  0.06
-2.58  0.07
-2.57  0.1
-2.56  0.08
-2.55  0.04
-2.54  0.12
-2.53  0.12
-2.52  0.06
-2.51  0.07
-2.5  0.09
-2.49  0.09
-2.48  0.1
-2.47  0.09
-2.46  0.09
-2.45  0.04
-2.44  0.07
-2.43  0.08
-2.42  0.08
-2.41  0.08
-2.4  0.06
-2.39  0.06
-2.38  0.07
-2.37  0.06
-2.36  0.06
-2.35  0.09
-2.34  0.09
-2.33  0.05
-2.32  0.13
-2.31  0.09
-2.3  0.1
-2.29  0.01
-2.28  0.13
-2.27  0.13
-2.26  0.09
-2.25  0.02
-2.24  0.07
-2.23  0.07
-2.22  0.03
-2.21  0.07
-2.2  0.07
-2.19  0.05
-2.18  0.09
-2.17  0.09
-2.16  0.08
-2.15  0.04
-2.14  0.09
-2.13  0.06
-2.12  0.09
-2.11  0.04
-2.1  0.09
-2.09  0.06
-2.08  0.07
-2.07  0.08
-2.06  0.11
-2.05  0.07
-2.04  0.07
-2.03  0.06
-2.02  0.11
-2.01  0.07
-2  0.14
-1.99  0.09
-1.98  0.12
-1.97  0.12
-1.96  0.07
-1.95  0.05
-1.94  0.08
-1.93  0.03
-1.92  0.04
-1.91  0.07
-1.9  0.03
-1.89  0.08
-1.88  0.05
-1.87  0.08
-1.86  0.09
-1.85  0.08
-1.84  0.11
-1.83  0.1
-1.82  0.03
-1.81  0.11
-1.8  0.04
-1.79  0.12
-1.78  0.11
-1.77  0.1
-1.76  0.08
-1.75  0.03
-1.74  0.08
-1.73  0.09
-1.72  0.05
-1.71  0.06
-1.7  0.05
-1.69  0.09
-1.68  0.07
-1.67  0.07
-1.66  0.09
-1.65  0.09
-1.64  0.07
-1.63  0.06
-1.62  0.09
-1.61  0.11
-1.6  0.1
-1.59  0.11
-1.58  0.13
-1.57  0.08
-1.56  0.06
-1.55  0.09
-1.54  0.07
-1.53  0.08
-1.52  0.03
-1.51  0.09
-1.5  0.07
-1.49  0.11
-1.48  0.07
-1.47  0.11
-1.46  0.1
-1.45  0.11
-1.44  0.09
-1.43  0.05
-1.42  0.05
-1.41  0.03
-1.4  0.06
-1.39  0.08
-1.38  0.08
-1.37  0.08
-1.36  0.11
-1.35  0.04
-1.34  0.07
-1.33  0.09
-1.32  0.13
-1.31  0.03
-1.3  0.04
-1.29  0.07
-1.28  0.03
-1.27  0.09
-1.26  0.03
-1.25  0.12
-1.24  0.14
-1.23  0.05
-1.22  0.08
-1.21  0.09
-1.2  0.07
-1.19  0.07
-1.18  0.12
-1.17  0.06
-1.16  0.07
-1.15  0.05
-1.14  0.08
-1.13  0.12
-1.12  0.09
-1.11  0.08
-1.1  0.09
-1.09  0.05
-1.08  0.06
-1.07  0.05
-1.06  0.07
-1.05  0.06
-1.04  0.11
-1.03  0.07
-1.02  0.08
-1.01  0.05
-1  0.06
-0.99  0.06
-0.98  0.1
-0.97  0.11
-0.96  0.07
-0.95  0.07
-0.94  0.07
-0.93  0.14
-0.92  0.06
-0.91  0.09
-0.9  0.09
-0.89  0
-0.88  0.1
-0.87  0.08
-0.86  0.11
-0.85  0.08
-0.84  0.1
-0.83  0.11
-0.82  0.12
-0.81  0.07
-0.8  0.09
-0.79  0.07
-0.78  0.08
-0.77  0.06
-0.76  0.03
-0.75  0.09
-0.74  0.06
-0.73  0.07
-0.72  0.12
-0.71  0.07
-0.7  0.09
-0.69  0.05
-0.68  0.08
-0.67  0.06
-0.66  0.06
-0.65  0.1
-0.64  0.08
-0.63  0.04
-0.62  0.08
-0.61  0.1
-0.6  0.11
-0.59  0.09
-0.58  0.07
-0.57  0.1
-0.56  0.07
-0.55  0.07
-0.54  0.06
-0.53  0.1
-0.52  0.05
-0.51  0.05
-0.5  0.09
-0.49  0.07
-0.48  0.1
-0.47  0.06
-0.46  0.12
-0.45  0.06
-0.44  0.04
-0.43  0.05
-0.42  0.09
-0.41  0.08
-0.4  0.06
-0.39  0.11
-0.38  0.09
-0.37  0.09
-0.36  0.04
-0.35  0.06
-0.34  0.1
-0.33  0.1
-0.32  0.13
-0.31  0.07
-0.3  0.07
-0.29  0.06
-0.28  0.04
-0.27  0.06
-0.26  0.14
-0.25  0.09
-0.24  0.06
-0.23  0.06
-0.22  0.06
-0.21  0.09
-0.2  0.06
-0.19  0.06
-0.18  0.06
-0.17  0.07
-0.16  0.08
-0.15  0.12
-0.14  0.08
-0.13  0.08
-0.12  0.08
-0.11  0.06
-0.1  0.08
-0.09  0.09
-0.08  0.04
-0.07  0.09
-0.06  0.12
-0.05  0.04
-0.04  0.05
-0.03  0.06
-0.02  0.1
-0.01  0.06
-9.96681e-12  0.03
0.0001  0
0.0101  0.08
0.0201  0.16
0.0301  0.06
0.0401  0.06
0.0501  0.07
0.0601  0.06
0.0701  0.04
0.0801  0.05
0.0901  0.09
0.1001  0.07
0.1101  0.12
0.1201  0.07
0.1301  0.08
0.1401  0.11
0.1501  0.09
0.1601  0.05
0.1701  0.07
0.1801  0.11
0.1901  0.08
0.2001  0.07
0.2101  0.11
0.2201  0.07
0.2301  0.06
0.2401  0.06
0.2501  0.08
0.2601  0.07
0.2701  0.1
0.2801  0.09
0.2901  0.09
0.3001  0.09
0.3101  0.13
0.3201  0.12
0.3301  0.06
0.3401  0.07
0.3501  0.09
0.3601  0.09
0.3701  0.16
0.3801  0.13
0.3901  0.08
0.4001  0.12
0.4101  0.08
0.4201  0.07
0.4301  0.11
0.4401  0.07
0.4501  0.1
0.4601  0.1
0.4701  0.17
0.4801  0.11
0.4901  0.08
0.5001  0.11
0.5101  0.11
0.5201  0.1
0.5301  0.08
0.5401  0.06
0.5501  0.14
0.5601  0.16
0.5701  0.13
0.5801  0.12
0.5901  0.13
0.6001  0.12
0.6101  0.11
0.6201  0.1
0.6301  0.11
0.6401  0.09
0.6501  0.18
0.6601  0.06
0.6701  0.1
0.6801  0.14
0.6901  0.11
0.7001  0.09
0.7101  0.12
0.7201  0.11
0.7301  0.12
0.7401  0.08
0.7501  0.12
0.7601  0.06
0.7701  0.06
0.7801  0.13
0.7901  0.1
0.8001  0.15
0.8101  0.13
0.8201  0.17
0.8301  0.09
0.8401  0.14
0.8501  0.09
0.8601  0.13
0.8701  0.08
0.8801  0.21
0.8901  0.11
0.9001  0.07
0.9101  0.22
0.9201  0.14
0.9301  0.15
0.9401  0.11
0.9501  0.13
0.9601  0.18
0.9701  0.14
0.9801  0.18
0.9901  0.12
1.0001  0.22
1.0101  0.14
1.0201  0.21
1.0301  0.12
1.0401  0.1
1.0501  0.21
1.0601  0.17
1.0701  0.16
1.0801  0.1
1.0901  0.19
1.1001  0.08
1.1101  0.16
1.1201  0.15
1.1301  0.06
1.1401  0.13
1.1501  0.15
1.1601  0.16
1.1701  0.13
1.1801  0.2
1.1901  0.21
1.2001  0.24
1.2101  0.17
1.2201  0.25
1.2301  0.17
1.2401  0.24
1.2501  0.21
1.2601  0.23
1.2701  0.17
1.2801  0.19
1.2901  0.22
1.3001  0.16
1.3101  0.11
1.3201  0.18
1.3301  0.21
1.3401  0.22
1.3501  0.12
1.3601  0.23
1.3701  0.2
1.3801  0.2
1.3901  0.26
1.4001  0.17
1.4101  0.24
1.4201  0.17
1.4301  0.19
1.4401  0.18
1.4501  0.24
1.4601  0.21
1.4701  0.29
1.4801  0.16
1.4901  0.26
1.5001  0.27
1.5101  0.18
1.5201  0.19
1.5301  0.15
1.5401  0.29
1.5501  0.21
1.5601  0.28
1.5701  0.2
1.5801  0.19
1.5901  0.21
1.6001  0.21
1.6101  0.31
1.6201  0.23
1.6301  0.23
1.6401  0.3
1.6501  0.25
1.6601  0.35
1.6701  0.19
1.6801  0.12
1.6901  0.19
1.7001  0.31
1.7101  0.31
1.7201  0.29
1.7301  0.29
1.7401  0.27
1.7501  0.26
1.7601  0.31
1.7701  0.31
1.7801  0.15
1.7901  0.25
1.8001  0.23
1.8101  0.31
1.8201  0.27
1.8301  0.35
1.8401  0.34
1.8501  0.4
1.8601  0.32
1.8701  0.26
1.8801  0.42
1.8901  0.35
1.9001  0.34
1.9101  0.33
1.9201  0.35
1.9301  0.26
1.9401  0.47
1.9501  0.33
1.9601  0.29
1.9701  0.42
1.9801  0.37
1.9901  0.44
2.0001  0.4
2.0101  0.44
2.0201  0.4
2.0301  0.58
2.0401  0.33
2.0501  0.46
2.0601  0.55
2.0701  0.33
2.0801  0.52
2.0901  0.37
2.1001  0.45
2.1101  0.58
2.1201  0.47
2.1301  0.39
2.1401  0.47
2.1501  0.46
2.1601  0.56
2.1701  0.47
2.1801  0.43
2.1901  0.67
2.2001  0.54
2.2101  0.72
2.2201  0.47
2.2301  0.6
2.2401  0.64
2.2501  0.61
2.2601  0.84
2.2701  0.68
2.2801  0.71
2.2901  0.71
2.3001  0.96
2.3101  0.78
2.3201  0.74
2.3301  0.86
2.3401  0.83
2.3501  0.78
2.3601  1.13
2.3701  0.97
2.3801  0.89
2.3901  1.03
2.4001  1.29
2.4101  1.07
2.4201  1.13
2.4301  1.35
2.4401  1.34
2.4501  1.19
2.4601  1.31
2.4701  1.46
2.4801  1.76
2.4901  1.71
2.5001  1.71
2.5101  1.71
2.5201  1.71
2.5301  2.16
2.5401  1.93
2.5501  1.87
2.5601  1.99
2.5701  2.37
2.5801  2.79
2.5901  2.46
2.6001  2.42
2.6101  2.8
2.6201  2.95
2.6301  2.81
2.6401  2.89
2.6501  2.94
2.6601  2.76
2.6701  2.99
2.6801  2.56
2.6901  2.52
2.7001  2.58
2.7101  1.84
2.7201  2.11
2.7301  2.01
2.7401  1.88
2.7501  1.92
2.7601  1.8
2.7701  1.56
2.7801  1.52
2.7901  1.46
2.8001  1.47
2.8101  1.24
2.8201  1.41
2.8301  1.31
2.8401  1.32
2.8501  1.29
2.8601  1.22
2.8701  1.08
2.8801  1.11
2.8901  1.09
2.9001  0.95
2.9101  0.99
2.9201  0.93
2.9301  0.96
2.9401  0.71
2.9501  0.8
2.9601  0.93
2.9701  0.75
2.9801  0.86
2.9901  0.76
3.0001  0.71
3.0101  0.77
3.0201  0.67
3.0301  0.67
3.0401  0.74
3.0501  0.72
3.0601  0.6
3.0701  0.67
3.0801  0.6
3.0901  0.68
3.1001  0.64
3.1101  0.5
3.1201  0.65
3.1301  0.56
3.1401  0.71
3.1501  0.47
3.1601  0.5
3.1701  0.7
3.1801  0.69
3.1901  0.45
3.2001  0.61
3.2101  0.59
3.2201  0.4
3.2301  0.6
3.2401  0.49
3.2501  0.46
3.2601  0.6
3.2701  0.54
3.2801  0.52
3.2901  0.55
3.3001  0.63
3.3101  0.44
3.3201  0.61
3.3301  0.52
3.3401  0.54
3.3501  0.55
3.3601  0.57
3.3701  0.59
3.3801  0.46
3.3901  0.69
3.4001  0.55
3.4101  0.45
3.4201  0.55
3.4301  0.7
3.4401  0.61
3.4501  0.54
3.4601  0.65
3.4701  0.71
3.4801  0.59
3.4901  0.73
3.5001  0.68
3.5101  0.58
3.5201  0.71
3.5301  0.85
3.5401  0.59
3.5501  0.71
3.5601  0.6
3.5701  0.8
3.5801  0.66
3.5901  0.62
3.6001  0.72
3.6101  0.76
3.6201  0.88
3.6301  0.95
3.6401  0.95
3.6501  0.97
3.6601  0.92
3.6701  0.86
3.6801  0.85
3.6901  1.09
3.7001  0.89
3.7101  1.11
3.7201  1.13
3.7301  1.13
3.7401  1.22
3.7501  1.27
3.7601  1.28
3.7701  1.22
3.7801  1.45
3.7901  1.2
3.8001  1.26
3.8101  1.35
3.8201  1.56
3.8301  1.61
3.8401  1.64
3.8501  1.63
3.8601  1.94
3.8701  1.98
3.8801  1.92
3.8901  1.79
3.9001  2.03
3.9101  2.27
3.9201  2.24
3.9301  2.37
3.9401  2.11
3.9501  2.46
3.9601  2.53
3.9701  2.44
3.9801  2.64
3.9901  2.47
4.0001  2.31
4.0101  2.39
4.0201  2.25
4.0301  2.15
4.0401  2.28
4.0501  2
4.0601  1.96
4.0701  1.94
4.0801  1.79
4.0901  1.96
4.1001  1.68
4.1101  1.63
4.1201  1.87
4.1301  1.49
4.1401  1.75
4.1501  1.72
4.1601  1.44
4.1701  1.46
4.1801  1.56
4.1901  1.4
4.2001  1.1
4.2101  1.11
4.2201  1.36
4.2301  1.34
4.2401  1.05
4.2501  1.14
4.2601  1.07
4.2701  1.05
4.2801  0.87
4.2901  0.98
4.3001  0.99
4.3101  0.91
4.3201  0.89
4.3301  0.82
4.3401  0.91
4.3501  0.98
4.3601  0.73
4.3701  0.87
4.3801  0.89
4.3901  0.78
4.4001  0.72
4.4101  0.66
4.4201  0.79
4.4301  0.64
4.4401  0.73
4.4501  0.76
4.4601  0.67
4.4701  0.69
4.4801  0.75
4.4901  0.7
4.5001  0.62
4.5101  0.76
4.5201  0.87
4.5301  0.59
4.5401  0.66
4.5501  0.69
4.5601  0.67
4.5701  0.73
4.5801  0.62
4.5901  0.65
4.6001  0.66
4.6101  0.77
4.6201  0.56
4.6301  0.66
4.6401  0.72
4.6501  0.63
4.6601  0.74
4.6701  0.8
4.6801  0.85
4.6901  0.72
4.7001  0.66
4.7101  0.6
4.7201  0.81
4.7301  0.76
4.7401  0.71
4.7501  0.75
4.7601  0.78
4.7701  0.81
4.7801  0.83
4.7901  0.78
4.8001  0.83
4.8101  0.86
4.8201  0.82
4.8301  0.9
4.8401  0.79
4.8501  0.96
4.8601  1.05
4.8701  0.92
4.8801  1.14
4.8901  1.16
4.9001  1.07
4.9101  1.03
4.9201  1.18
4.9301  1.16
4.9401  1.01
4.9501  1.22
4.9601  1.04
4.9701  1.28
4.9801  1.16
4.9901  1.27
5.0001  1.22
5.0101  1.24
5.0201  1.3
5.0301  1.45
5.0401  1.56
5.0501  1.56
5.0601  1.66
5.0701  1.51
5.0801  1.48
5.0901  1.63
5.1001  1.77
5.1101  1.5
5.1201  1.9
5.1301  1.81
5.1401  2.38
5.1501  1.96
5.1601  2.13
5.1701  2.25
5.1801  1.97
5.1901  2.08
5.2001  2.37
5.2101  2.29
5.2201  1.98
5.2301  2.25
5.2401  1.98
5.2501  2.07
5.2601  2.2
5.2701  1.93
5.2801  2.18
5.2901  1.9
5.3001  1.72
5.3101  1.89
5.3201  1.79
5.3301  1.83
5.3401  1.63
5.3501  1.69
5.3601  1.81
5.3701  1.62
5.3801  1.44
5.3901  1.63
5.4001  1.31
5.4101  1.57
5.4201  1.39
5.4301  1.35
5.4401  1.3
5.4501  1.34
5.4601  1.19
5.4701  1.2
5.4801  1.27
5.4901  1.17
5.5001  1.25
5.5101  1.02
5.5201  1.35
5.5301  0.87
5.5401  1.14
5.5501  1.03
5.5601  0.92
5.5701  1.18
5.5801  0.94
5.5901  1.06
5.6001  0.97
5.6101  0.77
5.6201  0.91
5.6301  0.71
5.6401  0.94
5.6501  0.82
5.6601  0.92
5.6701  0.83
5.6801  0.73
5.6901  0.79
5.7001  0.77
5.7101  0.77
5.7201  0.76
5.7301  0.73
5.7401  0.84
5.7501  0.67
5.7601  0.93
5.7701  0.84
5.7801  0.96
5.7901  0.82
5.8001  0.66
5.8101  0.75
5.8201  0.98
5.8301  0.7
5.8401  0.89
5.8501  0.82
5.8601  0.92
5.8701  0.62
5.8801  0.71
5.8901  1.01
5.9001  0.91
5.9101  0.72
5.9201  0.83
5.9301  0.93
5.9401  0.99
5.9501  0.96
5.9601  0.59
5.9701  0.81
5.9801  1
5.9901  0.92
6.0001  1.17
6.0101  1.11
6.0201  0.95
6.0301  0.81
6.0401  0.94
6.0501  1.12
6.0601  1.02
6.0701  1.01
6.0801  0.92
6.0901  1.2
6.1001  1.09
6.1101  1.08
6.1201  0.97
6.1301  1.2
6.1401  1.27
6.1501  1.32
6.1601  1.1
6.1701  1.28
6.1801  1.35
6.1901  1.32
6.2001  1.41
6.2101  1.25
6.2201  1.71
6.2301  1.63
6.2401  1.4
6.2501  1.59
6.2601  1.49
6.2701  1.68
6.2801  1.63
6.2901  1.6
6.3001  1.63
6.3101  1.72
6.3201  1.88
6.3301  1.95
6.3401  1.9
6.3501  2
6.3601  1.92
6.3701  1.73
6.3801  2.05
6.3901  2.01
6.4001  2.22
6.4101  1.84
6.4201  1.89
6.4301  2.06
6.4401  1.74
6.4501  1.9
6.4601  2.03
6.4701  1.86
6.4801  1.7
6.4901  1.79
6.5001  1.98
6.5101  1.83
6.5201  1.79
6.5301  1.77
6.5401  1.7
6.5501  1.64
6.5601  1.58
6.5701  1.56
6.5801  1.41
6.5901  1.35
6.6001  1.3
6.6101  1.57
6.6201  1.54
6.6301  1.21
6.6401  1.61
6.6501  1.27
6.6601  1.23
6.6701  1.22
6.6801  1.34
6.6901  1.28
6.7001  1.19
6.7101  1.16
6.7201  0.91
6.7301  1.12
6.7401  1.3
6.7501  0.98
6.7601  1.02
6.7701  0.93
6.7801  1.04
6.7901  0.87
6.8001  1.07
6.8101  0.95
6.8201  0.98
6.8301  0.84
6.8401  0.92
6.8501  1.02
6.8601  0.93
6.8701  1.02
6.8801  0.84
6.8901  1.06
6.9001  0.83
6.9101  1.09
6.9201  0.77
6.9301  0.93
6.9401  0.79
6.9501  0.98
6.9601  0.86
6.9701  0.85
6.9801  0.8
6.9901  0.74
7.0001  0.83
7.0101  1.05
7.0201  0.9
7.0301  0.89
7.0401  0.89
7.0501  0.9
7.0601  0.95
7.0701  0.75
7.0801  0.84
7.0901  0.96
7.1001  0.88
7.1101  0.86
7.1201  0.8
7.1301  1.06
7.1401  0.96
7.1501  0.93
7.1601  1.07
7.1701  1.02
7.1801  0.83
7.1901  1.08
7.2001  1.14
7.2101  1
7.2201  1.15
7.2301  1.04
7.2401  1.12
7.2501  1.32
7.2601  1.14
7.2701  1.13
7.2801  1.27
7.2901  1.26
7.3001  1.1
7.3101  1.04
7.3201  1.42
7.3301  1.17
7.3401  1.38
7.3501  1.47
7.3601  1.19
7.3701  1.26
7.3801  1.47
7.3901  1.66
7.4001  1.44
7.4101  1.39
7.4201  1.62
7.4301  1.47
7.4401  1.56
7.4501  1.37
7.4601  1.55
7.4701  1.69
7.4801  1.89
7.4901  1.59
7.5001  1.68
7.5101  1.95
7.5201  1.68
7.5301  2.26
7.5401  1.76
7.5501  1.72
7.5601  1.9
7.5701  1.99
7.5801  1.93
7.5901  1.73
7.6001  1.9
7.6101  1.76
7.6201  1.75
7.6301  1.69
7.6401  1.89
7.6501  1.83
7.6601  1.6
7.6701  1.7
7.6801  1.91
7.6901  1.76
7.7001  1.56
7.7101  1.73
7.7201  1.67
7.7301  1.38
7.7401  1.63
7.7501  1.51
7.7601  1.57
7.7701  1.41
7.7801  1.19
7.7901  1.24
7.8001  1.48
7.8101  1.26
7.8201  1.36
7.8301  1.23
7.8401  1.36
7.8501  1.28
7.8601  1.18
7.8701  1.23
7.8801  1.35
7.8901  1.17
7.9001  1.13
7.9101  1.28
7.9201  1.04
7.9301  0.95
7.9401  1.16
7.9501  1.03
7.9601  1.05
7.9701  1.04
7.9801  1.08
7.9901  0.96
8.0001  0.96
8.0101  1.21
8.0201  0.96
8.0301  1.02
8.0401  0.86
8.0501  0.97
8.0601  0.97
8.0701  0.88
8.0801  0.98
8.0901  0.99
8.1001  1.08
8.1101  0.82
8.1201  0.9
8.1301  0.85
8.1401  1.06
8.1501  0.77
8.1601  0.79
8.1701  0.94
8.1801  0.92
8.1901  1.01
8.2001  1.11
8.2101  0.93
8.2201  0.98
8.2301  0.98
8.2401  0.92
8.2501  1.07
8.2601  1.08
8.2701  0.99
8.2801  1.03
8.2901  1.22
8.3001  0.91
8.3101  1.07
8.3201  1.01
8.3301  1.22
8.3401  1.02
8.3501  0.99
8.3601  1.01
8.3701  1.06
8.3801  1
8.3901  1.07
8.4001  1.22
8.4101  1.21
8.4201  1.14
8.4301  1.08
8.4401  1.1
8.4501  1.37
8.4601  1.44
8.4701  1.22
8.4801  1.28
8.4901  1.46
8.5001  1.2
8.5101  1.4
8.5201  1.43
8.5301  1.66
8.5401  1.33
8.5501  1.51
8.5601  1.65
8.5701  1.67
8.5801  1.44
8.5901  1.15
8.6001  1.48
8.6101  1.65
8.6201  1.7
8.6301  1.6
8.6401  1.73
8.6501  1.88
8.6601  1.48
8.6701  1.71
8.6801  1.68
8.6901  1.5
8.7001  1.77
8.7101  1.79
8.7201  1.74
8.7301  1.82
8.7401  1.83
8.7501  1.9
8.7601  1.7
8.7701  1.76
8.7801  1.63
8.7901  1.68
8.8001  1.78
8.8101  1.73
8.8201  1.81
8.8301  1.58
8.8401  1.56
8.8501  1.57
8.8601  1.5
8.8701  1.63
8.8801  1.37
8.8901  1.36
8.9001  1.62
8.9101  1.55
8.9201  1.45
8.9301  1.51
8.9401  1.51
8.9501  1.47
8.9601  1.44
8.9701  1.31
8.9801  1.31
8.9901  1.26
9.0001  1.27
9.0101  1.16
9.0201  1.03
9.0301  1.2
9.0401  1.14
9.0501  1.19
9.0601  1.12
9.0701  1.13
9.0801  1.11
9.0901  1.24
9.1001  1.21
9.1101  1.13
9.1201  1.15
9.1301  1.13
9.1401  0.94
9.1501  1.07
9.1601  1.05
9.1701  1.22
9.1801  1.08
9.1901  1.11
9.2001  1.01
9.2101  0.98
9.2201  1.05
9.2301  1.15
9.2401  1.05
9.2501  1.04
9.2601  0.91
9.2701  1.12
9.2801  1.01
9.2901  0.87
9.3001  0.98
9.3101  1.03
9.3201  1.13
9.3301  0.93
9.3401  0.98
9.3501  1.09
9.3601  1.07
9.3701  0.9
9.3801  1
9.3901  1.08
9.4001  1.1
9.4101  1.27
9.4201  1.05
9.4301  0.99
9.4401  0.97
9.4501  1.14
9.4601  1.22
9.4701  0.98
9.4801  1.15
9.4901  1.07
9.5001  1.17
9.5101  1.12
9.5201  1.05
9.5301  1.18
9.5401  1.21
9.5501  1.08
9.5601  1.29
9.5701  1.23
9.5801  1.45
9.5901  1.18
9.6001  1.21
9.6101  1.32
9.6201  1.24
9.6301  1.34
9.6401  1.46
9.6501  1.35
9.6601  1.41
9.6701  1.42
9.6801  1.47
9.6901  1.42
9.7001  1.56
9.7101  1.43
9.7201  1.56
9.7301  1.4
9.7401  1.53
9.7501  1.42
9.7601  1.62
9.7701  1.3
9.7801  1.65
9.7901  1.54
9.8001  1.62
9.8101  1.61
9.8201  1.6
9.8301  1.72
9.8401  1.61
9.8501  1.44
9.8601  1.57
9.8701  1.66
9.8801  1.76
9.8901  1.77
9.9001  1.58
9.9101  1.66
9.9201  1.55
9.9301  1.74
9.9401  1.72
9.9501  1.63
9.9601  1.55
9.9701  1.87
9.9801  1.49
9.9901  1.68
10.0001  1.35
10.0101  1.58
10.0201  1.71
10.0301  1.44
10.0401  1.49
10.0501  1.59
10.0601  1.4
10.0701  1.32
10.0801  1.3
10.0901  1.57
10.1001  1.55
10.1101  1.39
10.1201  1.25
10.1301  1.41
10.1401  1.32
10.1501  1.13
10.1601  1.3
10.1701  1.15
10.1801  1.4
10.1901  1.15
10.2001  1.2
10.2101  1.04
10.2201  1.24
10.2301  1.15
10.2401  1.42
10.2501  1.1
10.2601  1.25
10.2701  1.14
10.2801  1.3
10.2901  1.13
10.3001  1.19
10.3101  1.12
10.3201  1.17
10.3301  1.07
10.3401  1.24
10.3501  0.97
10.3601  1.24
10.3701  1.04
10.3801  0.97
10.3901  1.09
10.4001  1.08
10.4101  1.03
10.4201  1.1
10.4301  1
10.4401  0.89
10.4501  0.89
10.4601  1.19
10.4701  1.12
10.4801  1.03
10.4901  1.15
10.5001  1.31
10.5101  1.03
10.5201  1.11
10.5301  0.98
10.5401  0.93
10.5501  1.08
10.5601  1.28
10.5701  1.1
10.5801  1.19
10.5901  0.98
10.6001  0.95
10.6101  1.2
10.6201  0.99
10.6301  1.18
10.6401  1.09
10.6501  1.12
10.6601  1.13
10.6701  1.13
10.6801  1.21
10.6901  1.2
10.7001  1.24
10.7101  1.3
10.7201  1.33
10.7301  1.34
10.7401  1.1
10.7501  1.33
10.7601  1.15
10.7701  1.14
10.7801  1.38
10.7901  1.37
10.8001  1.32
10.8101  1.66
10.8201  1.17
10.8301  1.26
10.8401  1.42
10.8501  1.63
10.8601  1.45
10.8701  1.68
10.8801  1.48
10.8901  1.32
10.9001  1.44
10.9101  1.47
10.9201  1.62
10.9301  1.58
10.9401  1.46
10.9501  1.63
10.9601  1.51
10.9701  1.6
10.9801  1.69
10.9901  1.58
11.0001  1.55
11.0101  1.72
11.0201  1.53
11.0301  1.49
11.0401  1.76
11.0501  1.57
11.0601  1.72
11.0701  1.8
11.0801  1.71
11.0901  1.49
11.1001  1.7
11.1101  1.48
11.1201  1.34
11.1301  1.71
11.1401  1.41
11.1501  1.73
11.1601  1.4
11.1701  1.44
11.1801  1.55
11.1901  1.54
11.2001  1.39
11.2101  1.43
11.2201  1.49
11.2301  1.36
11.2401  1.33
11.2501  1.45
11.2601  1.43
11.2701  1.41
11.2801  1.35
11.2901  1.47
11.3001  1.25
11.3101  1.22
11.3201  1.29
11.3301  1.22
11.3401  1.29
11.3501  1.46
11.3601  1.17
11.3701  1.14
11.3801  1.34
11.3901  1.19
11.4001  1.2
11.4101  1.1
11.4201  1.17
11.4301  1.08
11.4401  1.35
11.4501  1.11
11.4601  1.22
11.4701  0.99
11.4801  1.09
11.4901  1.14
11.5001  1.1
11.5101  0.91
11.5201  1.04
11.5301  1.24
11.5401  0.95
11.5501  1.19
11.5601  0.96
11.5701  1.12
11.5801  1.15
11.5901  1.1
11.6001  1.21
11.6101  1.1
11.6201  1.19
11.6301  1.14
11.6401  1.2
11.6501  1.14
11.6601  1.13
11.6701  1.1
11.6801  1.01
11.6901  1.13
11.7001  1.12
11.7101  0.96
11.7201  1.13
11.7301  1.17
11.7401  1.28
11.7501  1.15
11.7601  1.18
11.7701  1.14
11.7801  1.3
11.7901  1.2
11.8001  1.14
11.8101  1.27
11.8201  1.22
11.8301  1.18
11.8401  1.13
11.8501  1.34
11.8601  1.34
11.8701  1.34
11.8801  1.38
11.8901  1.49
11.9001  1.32
11.9101  1.31
11.9201  1.26
11.9301  1.14
11.9401  1.28
11.9501  1.43
11.9601  1.41
11.9701  1.34
11.9801  1.29
11.9901  1.42
12.0001  1.5
12.0101  1.45
12.0201  1.37
12.0301  1.56
12.0401  1.47
12.0501  1.37
12.0601  1.68
12.0701  1.64
12.0801  1.74
12.0901  1.57
12.1001  1.68
12.1101  1.42
12.1201  1.64
12.1301  1.46
12.1401  1.3
12.1501  1.77
12.1601  1.55
12.1701  1.59
12.1801  1.54
12.1901  1.62
12.2001  1.23
12.2101  1.73
12.2201  1.66
12.2301  1.64
12.2401  1.67
12.2501  1.45
12.2601  1.43
12.2701  1.6
12.2801  1.44
12.2901  1.32
12.3001  1.28
12.3101  1.62
12.3201  1.49
12.3301  1.33
12.3401  1.44
12.3501  1.43
12.3601  1.6
12.3701  1.46
12.3801  1.27
12.3901  1.15
12.4001  1.44
12.4101  1.33
12.4201  1.6
12.4301  1.33
12.4401  1.52
12.4501  1.24
12.4601  1.37
12.4701  1.25
12.4801  1.14
12.4901  1.06
12.5001  1.27
12.5101  1.17
12.5201  1.06
12.5301  1.24
12.5401  1.18
12.5501  1.24
12.5601  1.28
12.5701  1.12
12.5801  1.19
12.5901  1.23
12.6001  1.27
12.6101  1.12
12.6201  0.95
12.6301  1.07
12.6401  1.28
12.6501  1.28
12.6601  1.09
12.6701  1.04
12.6801  1.1
12.6901  1.19
12.7001  1.07
12.7101  1.08
12.7201  1.13
12.7301  1.28
12.7401  1
12.7501  1.16
12.7601  1.07
12.7701  1.31
12.7801  1.26
12.7901  1.32
12.8001  1.27
12.8101  0.88
12.8201  0.87
12.8301  1.28
12.8401  1.2
12.8501  1.2
12.8601  1.19
12.8701  1.24
12.8801  1.36
12.8901  1.21
12.9001  1.2
12.9101  1.29
12.9201  1.04
12.9301  1.21
12.9401  1.27
12.9501  1.19
12.9601  1.25
12.9701  1.13
12.9801  1.32
12.9901  1.31
13.0001  1.46
13.0101  1.11
13.0201  1.22
13.0301  1.29
13.0401  1.21
13.0501  1.4
13.0601  1.28
13.0701  1.48
13.0801  1.29
13.0901  1.37
13.1001  1.43
13.1101  1.28
13.1201  1.54
13.1301  1.57
13.1401  1.52
13.1501  1.51
13.1601  1.5
13.1701  1.28
13.1801  1.45
13.1901  1.37
13.2001  1.56
13.2101  1.61
13.2201  1.41
13.2301  1.64
13.2401  1.51
13.2501  1.59
13.2601  1.46
13.2701  1.61
13.2801  1.46
13.2901  1.73
13.3001  1.66
13.3101  1.68
13.3201  1.49
13.3301  1.38
13.3401  1.29
13.3501  1.49
13.3601  1.47
13.3701  1.6
13.3801  1.53
13.3901  1.68
13.4001  1.39
13.4101  1.35
13.4201  1.32
13.4301  1.47
13.4401  1.35
13.4501  1.45
13.4601  1.36
13.4701  1.39
13.4801  1.54
13.4901  1.47
13.5001  1.61
13.5101  1.24
13.5201  1.31
13.5301  1.39
13.5401  1.29
13.5501  1.38
13.5601  1.52
13.5701  1.48
13.5801  1.33
13.5901  1.32
13.6001  1.31
13.6101  1.37
13.6201  1.17
13.6301  1.2
13.6401  1.16
13.6501  1.15
13.6601  1.32
13.6701  1.06
13.6801  1.26
13.6901  1.33
13.7001  1.04
13.7101  1.25
13.7201  1.27
13.7301  1.21
13.7401  1.02
13.7501  1.24
13.7601  1.22
13.7701  1.15
13.7801  1.31
13.7901  1.07
13.8001  1.01
13.8101  1.11
13.8201  1.18
13.8301  1.18
13.8401  1.13
13.8501  1.09
13.8601  1.21
13.8701  1.11
13.8801  1.27
13.8901  1.23
13.9001  1.36
13.9101  1.11
13.9201  0.99
13.9301  1.13
13.9401  1.1
13.9501  1.19
13.9601  1.54
13.9701  1.08
13.9801  1.07
13.9901  1.19
14.0001  1.23
14.0101  1.19
14.0201  1.15
14.0301  1.23
14.0401  1.24
14.0501  1.31
14.0601  1.19
14.0701  1.11
14.0801  1.39
14.0901  1.26
14.1001  1.1
14.1101  1.29
14.1201  1.18
14.1301  1.32
14.1401  1.38
14.1501  1.25
14.1601  1.39
14.1701  1.28
14.1801  1.38
14.1901  1.4
14.2001  1.4
14.2101  1.24
14.2201  1.25
14.2301  1.42
14.2401  1.5
14.2501  1.42
14.2601  1.29
14.2701  1.4
14.2801  1.36
14.2901  1.49
14.3001  1.34
14.3101  1.5
14.3201  1.5
14.3301  1.68
14.3401  1.37
14.3501  1.37
14.3601  1.71
14.3701  1.64
14.3801  1.65
14.3901  1.51
14.4001  1.45
14.4101  1.49
14.4201  1.41
14.4301  1.54
14.4401  1.62
14.4501  1.39
14.4601  1.32
14.4701  1.34
14.4801  1.53
14.4901  1.63
14.5001  1.4
14.5101  1.47
14.5201  1.57
14.5301  1.59
14.5401  1.56
14.5501  1.51
14.5601  1.52
14.5701  1.53
14.5801  1.25
14.5901  1.18
14.6001  1.14
14.6101  1.42
14.6201  1.46
14.6301  1.34
14.6401  1.38
14.6501  1.41
14.6601  1.69
14.6701  1.61
14.6801  1.28
14.6901  1.27
14.7001  1.41
14.7101  1.26
14.7201  1.47
14.7301  1.34
14.7401  1.2
14.7501  1.22
14.7601  1.26
14.7701  1.15
14.7801  1.21
14.7901  1.38
14.8001  1.03
14.8101  1.23
14.8201  1.27
14.8301  1.12
14.8401  1.34
14.8501  1.21
14.8601  1.3
14.8701  1.2
14.8801  1.16
14.8901  1.28
14.9001  1.09
14.9101  1.37
14.9201  1.11
14.9301  1.34
14.9401  1.2
14.9501  1.14
14.9601  0.96
14.9701  1.1
14.9801  1.17
14.9901  1.25
15.0001  1.25
15.0101  1.34
15.0201  1.13
15.0301  1.14
15.0401  1.07
15.0501  1.33
15.0601  1.17
15.0701  1.15
15.0801  1.14
15.0901  1.18
15.1001  1.21
15.1101  1.11
15.1201  1.15
15.1301  1.33
15.1401  1.26
15.1501  1.17
15.1601  1.37
15.1701  1.15
15.1801  1.24
15.1901  1.29
15.2001  1.25
15.2101  1.36
15.2201  1.27
15.2301  1.18
15.2401  1.31
15.2501  1.47
15.2601  1.17
15.2701  1.2
15.2801  1.38
15.2901  1.35
15.3001  1.16
15.3101  1.44
15.3201  1.25
15.3301  1.32
15.3401  1.35
15.3501  1.2
15.3601  1.36
15.3701  1.36
15.3801  1.47
15.3901  1.43
15.4001  1.45
15.4101  1.26
15.4201  1.45
15.4301  1.5
15.4401  1.68
15.4501  1.26
15.4601  1.67
15.4701  1.45
15.4801  1.68
15.4901  1.32
15.5001  1.33
15.5101  1.24
15.5201  1.34
15.5301  1.44
15.5401  1.5
15.5501  1.58
15.5601  1.46
15.5701  1.58
15.5801  1.38
15.5901  1.55
15.6001  1.55
15.6101  1.46
15.6201  1.51
15.6301  1.35
15.6401  1.53
15.6501  1.55
15.6601  1.32
15.6701  1.52
15.6801  1.34
15.6901  1.37
15.7001  1.56
15.7101  1.49
15.7201  1.59
15.7301  1.39
15.7401  1.5
15.7501  1.42
15.7601  1.27
15.7701  1.49
15.7801  1.17
15.7901  1.44
15.8001  1.34
15.8101  1.33
15.8201  1.23
15.8301  1.28
15.8401  1.34
15.8501  1.13
15.8601  1.32
15.8701  1.3
15.8801  1.52
15.8901  1.52
15.9001  1.48
15.9101  1.06
15.9201  1.19
15.9301  1.44
15.9401  1.25
15.9501  1.14
15.9601  1.29
15.9701  1.17
15.9801  1.22
15.9901  1.19
16.0001  1.21
16.0101  1.11
16.0201  1.25
16.0301  1.15
16.0401  1.32
16.0501  1.38
16.0601  1.11
16.0701  1.23
16.0801  1.39
16.0901  1.04
16.1001  0.96
16.1101  1
16.1201  1.37
16.1301  0.99
16.1401  1.35
16.1501  1.35
16.1601  1.28
16.1701  1.25
16.1801  1.28
16.1901  1.09
16.2001  1.19
16.2101  1.32
16.2201  1.12
16.2301  1.22
16.2401  1.35
16.2501  1.11
16.2601  1.15
16.2701  1.28
16.2801  1.1
16.2901  1.19
16.3001  1.25
16.3101  1.22
16.3201  1.24
16.3301  1.16
16.3401  1.36
16.3501  1.29
16.3601  1.26
16.3701  1.18
16.3801  1.23
16.3901  1.49
16.4001  1.34
16.4101  1.29
16.4201  1.48
16.4301  1.43
16.4401  1.2
16.4501  1.37
16.4601  1.22
16.4701  1.27
16.4801  1.48
16.4901  1.35
16.5001  1.5
16.5101  1.53
16.5201  1.6
16.5301  1.44
16.5401  1.55
16.5501  1.3
16.5601  1.35
16.5701  1.33
16.5801  1.19
16.5901  1.4
16.6001  1.44
16.6101  1.43
16.6201  1.55
16.6301  1.38
16.6401  1.41
16.6501  1.45
16.6601  1.32
16.6701  1.8
16.6801  1.25
16.6901  1.49
16.7001  1.48
16.7101  1.54
16.7201  1.53
16.7301  1.32
16.7401  1.47
16.7501  1.38
16.7601  1.46
16.7701  1.46
16.7801  1.79
16.7901  1.53
16.8001  1.39
16.8101  1.52
16.8201  1.38
16.8301  1.45
16.8401  1.43
16.8501  1.28
16.8601  1.46
16.8701  1.43
16.8801  1.15
16.8901  1.44
16.9001  1.41
16.9101  1.34
16.9201  1.37
16.9301  1.24
16.9401  1.26
16.9501  1.26
16.9601  1.31
16.9701  1.55
16.9801  1.45
16.9901  1.25
17.0001  1.21
17.0101  1.38
17.0201  1.36
17.0301  1.33
17.0401  1.09
17.0501  1.2
17.0601  1.32
17.0701  1.23
17.0801  1.13
17.0901  1.28
17.1001  1.1
17.1101  1.22
17.1201  1.17
17.1301  1.26
17.1401  1.26
17.1501  1.15
17.1601  1.26
17.1701  1.3
17.1801  1.33
17.1901  1.16
17.2001  1.35
17.2101  1.21
17.2201  1.14
17.2301  1.16
17.2401  1.24
17.2501  1.2
17.2601  1.29
17.2701  1.2
17.2801  1.23
17.2901  1.26
17.3001  1.22
17.3101  1.23
17.3201  1.08
17.3301  1.11
17.3401  1.1
17.3501  1.2
17.3601  1.27
17.3701  1.33
17.3801  1.15
17.3901  1.28
17.4001  1.2
17.4101  1.37
17.4201  1.41
17.4301  1.33
17.4401  1.13
17.4501  1.44
17.4601  1.22
17.4701  1.4
17.4801  1.26
17.4901  1.31
17.5001  1.17
17.5101  1.28
17.5201  1.27
17.5301  1.32
17.5401  1.3
17.5501  1.35
17.5601  1.41
17.5701  1.31
17.5801  1.47
17.5901  1.37
17.6001  1.44
17.6101  1.3
17.6201  1.54
17.6301  1.22
17.6401  1.58
17.6501  1.46
17.6601  1.33
17.6701  1.35
17.6801  1.4
17.6901  1.3
17.7001  1.33
17.7101  1.51
17.7201  1.5
17.7301  1.42
17.7401  1.62
17.7501  1.53
17.7601  1.35
17.7701  1.51
17.7801  1.44
17.7901  1.49
17.8001  1.32
17.8101  1.59
17.8201  1.54
17.8301  1.18
17.8401  1.46
17.8501  1.4
17.8601  1.3
17.8701  1.33
17.8801  1.63
17.8901  1.38
17.9001  1.31
17.9101  1.33
17.9201  1.53
17.9301  1.6
17.9401  1.28
17.9501  1.5
17.9601  1.34
17.9701  1.4
17.9801  1.42
17.9901  1.42
18.0001  1.49
18.0101  1.36
18.0201  1.45
18.0301  1.46
18.0401  1.2
18.0501  1.19
18.0601  1.44
18.0701  1.39
18.0801  1.29
18.0901  1.46
18.1001  1.29
18.1101  1.15
18.1201  1.33
18.1301  1.14
18.1401  1.12
18.1501  1.29
18.1601  1.33
18.1701  1.39
18.1801  1.38
18.1901  1.19
18.2001  1.38
18.2101  1.17
18.2201  1.16
18.2301  1.32
18.2401  1.28
18.2501  1.26
18.2601  1.12
18.2701  1.37
18.2801  1.37
18.2901  1.21
18.3001  1.09
18.3101  1.27
18.3201  1.25
18.3301  1.17
18.3401  1.13
18.3501  1.49
18.3601  1.19
18.3701  1.31
18.3801  0.93
18.3901  1.36
18.4001  1.18
18.4101  1.15
18.4201  1.24
18.4301  1
18.4401  1.43
18.4501  1.06
18.4601  1.41
18.4701  1.21
18.4801  1.46
18.4901  1.12
18.5001  1.51
18.5101  1.12
18.5201  1.22
18.5301  1.53
18.5401  1.46
18.5501  1.18
18.5601  1.15
18.5701  1.26
18.5801  1.26
18.5901  1.3
18.6001  1.22
18.6101  1.12
18.6201  1.17
18.6301  1.48
18.6401  1.36
18.6501  1.4
18.6601  1.41
18.6701  1.57
18.6801  1.08
18.6901  1.48
18.7001  1.3
18.7101  1.56
18.7201  1.41
18.7301  1.31
18.7401  1.2
18.7501  1.45
18.7601  1.42
18.7701  1.19
18.7801  1.3
18.7901  1.33
18.8001  1.61
18.8101  1.41
18.8201  1.51
18.8301  1.6
18.8401  1.43
18.8501  1.28
18.8601  1.32
18.8701  1.52
18.8801  1.43
18.8901  1.2
18.9001  1.5
18.9101  1.44
18.9201  1.55
18.9301  1.4
18.9401  1.28
18.9501  1.57
18.9601  1.51
18.9701  1.32
18.9801  1.43
18.9901  1.4
19.0001  1.36
19.0101  1.45
19.0201  1.5
19.0301  1.57
19.0401  1.4
19.0501  1.35
19.0601  1.51
19.0701  1.46
19.0801  1.29
19.0901  1.23
19.1001  1.35
19.1101  1.38
19.1201  1.26
19.1301  1.46
19.1401  1.27
19.1501  1.23
19.1601  1.28
19.1701  1.44
19.1801  1.63
19.1901  1.26
19.2001  1.54
19.2101  1.22
19.2201  1.19
19.2301  1.32
19.2401  1.26
19.2501  1.2
19.2601  1.3
19.2701  1.24
19.2801  1.49
19.2901  1.18
19.3001  1.24
19.3101  1.41
19.3201  1.37
19.3301  1.34
19.3401  1.28
19.3501  1.27
19.3601  1.27
19.3701  1.16
19.3801  1.39
19.3901  1.22
19.4001  1.1
19.4101  1.45
19.4201  1.12
19.4301  1.31
19.4401  1.04
19.4501  1.22
19.4601  1.12
19.4701  1.33
19.4801  1.29
19.4901  1.18
19.5001  1.05
19.5101  1.25
19.5201  1.22
19.5301  1.35
19.5401  1.31
19.5501  1.33
19.5601  1.26
19.5701  1.28
19.5801  1.48
19.5901  1.1
19.6001  1.23
19.6101  1.41
19.6201  1.19
19.6301  1.32
19.6401  1.14
19.6501  1.46
19.6601  1.49
19.6701  1.13
19.6801  1.27
19.6901  1.28
19.7001  1.24
19.7101  1.39
19.7201  1.25
19.7301  1.55
19.7401  1.18
19.7501  1.53
19.7601  1.38
19.7701  1.16
19.7801  1.38
19.7901  1.35
19.8001  1.41
19.8101  1.34
19.8201  1.57
19.8301  1.42
19.8401  1.32
19.8501  1.56
19.8601  1.31
19.8701  1.3
19.8801  1.32
19.8901  1.39
19.9001  1.27
19.9101  1.37
19.9201  1.32
19.9301  1.45
19.9401  1.34
19.9501  1.33
19.9601  1.4
19.9701  1.54
19.9801  1.37
19.9901  1.4
20.0001  1.5
20.0101  1.42
20.0201  1.62
20.0301  1.48
20.0401  1.38
20.0501  1.55
20.0601  1.48
20.0701  1.28
20.0801  1.34
20.0901  1.37
20.1001  1.45
20.1101  1.53
20.1201  1.51
20.1301  1.46
20.1401  1.3
20.1501  1.52
20.1601  1.32
20.1701  1.19
20.1801  1.28
20.1901  1.54
20.2001  1.2
20.2101  1.09
20.2201  1.29
20.2301  1.25
20.2401  1.52
20.2501  1.31
20.2601  1.35
20.2701  1.36
20.2801  1.45
20.2901  1.46
20.3001  1.4
20.3101  1.17
20.3201  1.36
20.3301  1.28
20.3401  1.33
20.3501  1.31
20.3601  1.38
20.3701  1.39
20.3801  1.49
20.3901  1.35
20.4001  1.14
20.4101  1.29
20.4201  1.18
20.4301  1.21
20.4401  1.24
20.4501  1.15
20.4601  1.31
20.4701  1.26
20.4801  1.08
20.4901  1.43
20.5001  1.31
20.5101  1.21
20.5201  1.32
20.5301  1.38
20.5401  1.18
20.5501  1.25
20.5601  1.13
20.5701  1.33
20.5801  1.33
20.5901  1.37
20.6001  1.27
20.6101  1.2
20.6201  1.21
20.6301  1.22
20.6401  0.99
20.6501  1.07
20.6601  1.24
20.6701  1.39
20.6801  1.38
20.6901  1.3
20.7001  1.08
20.7101  1.22
20.7201  1.25
20.7301  1.46
20.7401  1.26
20.7501  1.54
20.7601  1.41
20.7701  1.26
20.7801  1.46
20.7901  1.34
20.8001  1.16
20.8101  1.12
20.8201  1.26
20.8301  1.52
20.8401  1.4
20.8501  1.34
20.8601  1.3
20.8701  1.36
20.8801  1.3
20.8901  1.05
20.9001  1.6
20.9101  1.37
20.9201  1.43
20.9301  1.27
20.9401  1.07
20.9501  1.39
20.9601  1.34
20.9701  1.46
20.9801  1.51
20.9901  1.56
21.0001  1.3
21.0101  1.39
21.0201  1.27
21.0301  1.41
21.0401  1.32
21.0501  1.43
21.0601  1.42
21.0701  1.28
21.0801  1.41
21.0901  1.58
21.1001  1.48
21.1101  1.48
21.1201  1.55
21.1301  1.31
21.1401  1.47
21.1501  1.3
21.1601  1.42
21.1701  1.57
21.1801  1.49
21.1901  1.35
21.2001  1.49
21.2101  1.43
21.2201  1.39
21.2301  1.54
21.2401  1.32
21.2501  1.48
21.2601  1.24
21.2701  1.33
21.2801  1.27
21.2901  1.3
21.3001  1.28
21.3101  1.53
21.3201  1.4
21.3301  1.36
21.3401  1.48
21.3501  1.14
21.3601  1.36
21.3701  1.31
21.3801  1.23
21.3901  1.17
21.4001  1.44
21.4101  1.33
21.4201  1.32
21.4301  1.31
21.4401  1.36
21.4501  1.43
21.4601  1.41
21.4701  1.4
21.4801  1.37
21.4901  1.26
21.5001  1.37
21.5101  1.22
21.5201  1.21
21.5301  1.22
21.5401  1.3
21.5501  1.21
21.5601  1.49
21.5701  1.21
21.5801  1.44
21.5901  1.36
21.6001  1.23
21.6101  1.26
21.6201  1.41
21.6301  1.13
21.6401  1.2
21.6501  1.18
21.6601  1.33
21.6701  1.38
21.6801  1.15
21.6901  1.4
21.7001  1.16
21.7101  1.62
21.7201  1.09
21.7301  1.09
21.7401  1.32
21.7501  1.15
21.7601  1.39
21.7701  1.11
21.7801  1.23
21.7901  1.41
21.8001  1.28
21.8101  1.2
21.8201  1.23
21.8301  1.14
21.8401  1.33
21.8501  1.21
21.8601  1.08
21.8701  1.43
21.8801  1.46
21.8901  1.29
21.9001  1.42
21.9101  1.19
21.9201  1.38
21.9301  1.39
21.9401  1.29
21.9501  1.22
21.9601  1.32
21.9701  1.57
21.9801  1.43
21.9901  1.22
22.0001  1.27
22.0101  1.24
22.0201  1.25
22.0301  1.36
22.0401  1.3
22.0501  1.3
22.0601  1.47
22.0701  1.32
22.0801  1.33
22.0901  1.31
22.1001  1.24
22.1101  1.34
22.1201  1.28
22.1301  1.55
22.1401  1.35
22.1501  1.57
22.1601  1.36
22.1701  1.45
22.1801  1.19
22.1901  1.48
22.2001  1.49
22.2101  1.45
22.2201  1.3
22.2301  1.34
22.2401  1.38
22.2501  1.35
22.2601  1.68
22.2701  1.32
22.2801  1.48
22.2901  1.32
22.3001  1.29
22.3101  1.34
22.3201  1.55
22.3301  1.3
22.3401  1.43
22.3501  1.4
22.3601  1.43
22.3701  1.22
22.3801  1.51
22.3901  1.28
22.4001  1.39
22.4101  1.45
22.4201  1.44
22.4301  1.3
22.4401  1.25
22.4501  1.51
22.4601  1.34
22.4701  1.28
22.4801  1.37
22.4901  1.35
22.5001  1.27
22.5101  1.37
22.5201  1.35
22.5301  1.46
22.5401  1.33
22.5501  1.48
22.5601  1.51
22.5701  1.39
22.5801  1.44
22.5901  1.32
22.6001  1.26
22.6101  1.17
22.6201  1.18
22.6301  1.24
22.6401  1.3
22.6501  1.32
22.6601  1.31
22.6701  1.4
22.6801  1.42
22.6901  1.33
22.7001  1.25
22.7101  1.24
22.7201  1.13
22.7301  1.15
22.7401  1.2
22.7501  1.39
22.7601  1.2
22.7701  1.12
22.7801  1.36
22.7901  1.02
22.8001  1.3
22.8101  1.54
22.8201  1.28
22.8301  1.18
22.8401  1.24
22.8501  1.37
22.8601  1.24
22.8701  1.2
22.8801  1.21
22.8901  1.34
22.9001  1.52
22.9101  1.55
22.9201  1.19
22.9301  1.39
22.9401  1.13
22.9501  1.09
22.9601  1.42
22.9701  1.11
22.9801  1.22
22.9901  1.32
23.0001  1.41
23.0101  1.28
23.0201  1.3
23.0301  1.27
23.0401  1.24
23.0501  1.21
23.0601  1.33
23.0701  1.12
23.0801  1.31
23.0901  1.09
23.1001  1.31
23.1101  1.24
23.1201  1.34
23.1301  1.42
23.1401  1.3
23.1501  1.38
23.1601  1.46
23.1701  1.41
23.1801  1.28
23.1901  1.58
23.2001  1.49
23.2101  1.19
23.2201  1.31
23.2301  1.25
23.2401  1.47
23.2501  1.26
23.2601  1.25
23.2701  1.44
23.2801  1.23
23.2901  1.6
23.3001  1.23
23.3101  1.44
23.3201  1.18
23.3301  1.38
23.3401  1.61
23.3501  1.24
23.3601  1.39
23.3701  1.35
23.3801  1.43
23.3901  1.64
23.4001  1.46
23.4101  1.4
23.4201  1.41
23.4301  1.4
23.4401  1.48
23.4501  1.42
23.4601  1.44
23.4701  1.26
23.4801  1.39
23.4901  1.18
23.5001  1.22
23.5101  1.47
23.5201  1.32
23.5301  1.3
23.5401  1.46
23.5501  1.42
23.5601  1.36
23.5701  1.33
23.5801  1.48
23.5901  1.4
23.6001  1.29
23.6101  1.56
23.6201  1.13
23.6301  1.38
23.6401  1.28
23.6501  1.37
23.6601  1.41
23.6701  1.48
23.6801  1.19
23.6901  1.45
23.7001  1.37
23.7101  1.36
23.7201  1.55
23.7301  1.21
23.7401  1.27
23.7501  1.12
23.7601  1.35
23.7701  1.14
23.7801  1.46
23.7901  1.44
23.8001  1.25
23.8101  1.19
23.8201  1
23.8301  1.27
23.8401  1.35
23.8501  1.22
23.8601  1.37
23.8701  1.41
23.8801  1.39
23.8901  1.33
23.9001  1.41
23.9101  1.49
23.9201  1.32
23.9301  1.2
23.9401  1.09
23.9501  1.21
23.9601  1.22
23.9701  1.03
23.9801  1.41
23.9901  1.19
24.0001  1.31
24.0101  1.36
24.0201  1.33
24.0301  1.21
24.0401  1.28
24.0501  1.42
24.0601  1.33
24.0701  1.31
24.0801  1.26
24.0901  1.01
24.1001  1.39
24.1101  1.26
24.1201  1.35
24.1301  1.17
24.1401  1.31
24.1501  1.3
24.1601  1.36
24.1701  1.33
24.1801  1.46
24.1901  1.44
24.2001  1.33
24.2101  1.36
24.2201  1.17
24.2301  1.3
24.2401  1.27
24.2501  1.26
24.2601  1.3
24.2701  1.48
24.2801  1.3
24.2901  1.52
24.3001  1.39
24.3101  1.2
24.3201  1.32
24.3301  1.17
24.3401  1.5
24.3501  1.05
24.3601  1.35
24.3701  1.43
24.3801  1.35
24.3901  1.26
24.4001  1.47
24.4101  1.38
24.4201  1.26
24.4301  1.31
24.4401  1.43
24.4501  1.5
24.4601  1.6
24.4701  1.36
24.4801  1.24
24.4901  1.29
24.5001  1.24
24.5101  1.32
24.5201  1.46
24.5301  1.63
24.5401  1.33
24.5501  1.44
24.5601  1.26
24.5701  1.13
24.5801  1.27
24.5901  1.38
24.6001  1.44
24.6101  1.35
24.6201  1.31
24.6301  1.41
24.6401  1.43
24.6501  1.3
24.6601  1.31
24.6701  1.51
24.6801  1.42
24.6901  1.37
24.7001  1.38
24.7101  1.19
24.7201  1.11
24.7301  1.54
24.7401  1.29
24.7501  1.11
24.7601  1.36
24.7701  1.42
24.7801  1.32
24.7901  1.38
24.8001  1.4
24.8101  1.21
24.8201  1.36
24.8301  1.49
24.8401  1.57
24.8501  1.36
24.8601  1.29
24.8701  1.05
24.8801  1.37
24.8901  1.33
24.9001  1.59
24.9101  1.38
24.9201  1.42
24.9301  1.27
24.9401  1.24
24.9501  1.22
24.9601  1.08
24.9701  1.35
24.9801  1.33
24.9901  1.43
25.0001  1.45
25.0101  1.31
25.0201  1.05
25.0301  1.45
25.0401  1.32
25.0501  1.36
25.0601  1.18
25.0701  1.43
25.0801  1.37
25.0901  1.41
25.1001  1.18
25.1101  1.19
25.1201  1.33
25.1301  1.2
25.1401  1.25
25.1501  1.43
25.1601  1.35
25.1701  1.41
25.1801  1.31
25.1901  1.45
25.2001  1.1
25.2101  1.35
25.2201  1.36
25.2301  1.35
25.2401  1.37
25.2501  1.21
25.2601  1.12
25.2701  1.24
25.2801  1.23
25.2901  1.24
25.3001  1.36
25.3101  1.42
25.3201  1.25
25.3301  1.29
25.3401  1.13
25.3501  1.3
25.3601  1.19
25.3701  1.44
25.3801  1.51
25.3901  1.55
25.4001  1.34
25.4101  1.25
25.4201  1.33
25.4301  1.26
25.4401  1.32
25.4501  1.1
25.4601  1.05
25.4701  1.23
25.4801  1.32
25.4901  1.45
25.5001  1.39
25.5101  1.21
25.5201  1.56
25.5301  1.3
25.5401  1.38
25.5501  1.49
25.5601  1.4
25.5701  1.15
25.5801  1.29
25.5901  1.33
25.6001  1.37
25.6101  1.6
25.6201  1.47
25.6301  1.31
25.6401  1.22
25.6501  1.41
25.6601  1.14
25.6701  1.33
25.6801  1.22
25.6901  1.18
25.7001  1.5
25.7101  1.48
25.7201  1.42
25.7301  1.35
25.7401  1.55
25.7501  1.31
25.7601  1.33
25.7701  1.32
25.7801  1.51
25.7901  1.15
25.8001  1.32
25.8101  1.36
25.8201  1.41
25.8301  1.17
25.8401  1.55
25.8501  1.32
25.8601  1.46
25.8701  1.3
25.8801  1.37
25.8901  1.33
25.9001  1.28
25.9101  1.43
25.9201  1.41
25.9301  1.44
25.9401  1.34
25.9501  1.31
25.9601  1.46
25.9701  1.67
25.9801  1.47
25.9901  1.24
26.0001  1.16
26.0101  1.36
26.0201  1.38
26.0301  1.32
26.0401  1.25
26.0501  1.2
26.0601  1.54
26.0701  1.38
26.0801  1.26
26.0901  1.06
26.1001  1.2
26.1101  1.3
26.1201  1.25
26.1301  1.47
26.1401  1.33
26.1501  1.31
26.1601  1.38
26.1701  1.28
26.1801  1.27
26.1901  1.28
26.2001  1.35
26.2101  1.38
26.2201  1.3
26.2301  1.36
26.2401  0.97
26.2501  1.4
26.2601  1.39
26.2701  1.29
26.2801  1.25
26.2901  1.4
26.3001  1.26
26.3101  1.44
26.3201  1.46
26.3301  1.38
26.3401  1.3
26.3501  1.48
26.3601  1.34
26.3701  1.42
26.3801  1.16
26.3901  1.36
26.4001  1.14
26.4101  1.21
26.4201  1.15
26.4301  1.27
26.4401  1.33
26.4501  1.39
26.4601  1.17
26.4701  1.25
26.4801  1.29
26.4901  1.26
26.5001  1.32
26.5101  1.23
26.5201  1.19
26.5301  1.39
26.5401  1.47
26.5501  1.38
26.5601  1.24
26.5701  1.33
26.5801  1.4
26.5901  1.34
26.6001  1.34
26.6101  1.49
26.6201  1.2
26.6301  1.38
26.6401  1.47
26.6501  1.24
26.6601  1.46
26.6701  1.29
26.6801  1.43
26.6901  1.4
26.7001  1.56
26.7101  1.11
26.7201  1.58
26.7301  1.1
26.7401  1.33
26.7501  1.34
26.7601  1.52
26.7701  1.31
26.7801  1.38
26.7901  1.19
26.8001  1.32
26.8101  1.34
26.8201  1.18
26.8301  1.29
26.8401  1.34
26.8501  1.47
26.8601  1.27
26.8701  1.32
26.8801  1.26
26.8901  1.5
26.9001  1.27
26.9101  1.42
26.9201  1.47
26.9301  1.42
26.9401  1.29
26.9501  1.51
26.9601  1.27
26.9701  1.34
26.9801  1.29
26.9901  1.17
27.0001  1.51
27.0101  1.21
27.0201  1.47
27.0301  1.71
27.0401  1.28
27.0501  1.26
27.0601  1.25
27.0701  1.29
27.0801  1.38
27.0901  1.24
27.1001  1.32
27.1101  1.38
27.1201  1.43
27.1301  1.19
27.1401  1.41
27.1501  1.23
27.1601  1.29
27.1701  1.4
27.1801  1.44
27.1901  1.2
27.2001  1.17
27.2101  1.35
27.2201  1.16
27.2301  1.34
27.2401  1.28
27.2501  1.39
27.2601  1.43
27.2701  1.39
27.2801  1.22
27.2901  1.42
27.3001  1.41
27.3101  1.2
27.3201  1.35
27.3301  1.39
27.3401  1.19
27.3501  1.31
27.3601  1.34
27.3701  1.18
27.3801  1.38
27.3901  1.27
27.4001  1.25
27.4101  1.33
27.4201  1.24
27.4301  1.2
27.4401  1.17
27.4501  1.43
27.4601  1.41
27.4701  1.26
27.4801  1.36
27.4901  1.35
27.5001  1.23
27.5101  1.3
27.5201  1.25
27.5301  1.36
27.5401  1.23
27.5501  1.2
27.5601  1.31
27.5701  1.25
27.5801  1.49
27.5901  1.27
27.6001  1.29
27.6101  1.19
27.6201  1.28
27.6301  1.21
27.6401  1.39
27.6501  1.42
27.6601  1.46
27.6701  1.44
27.6801  1.36
27.6901  1.29
27.7001  1.38
27.7101  1.31
27.7201  1.28
27.7301  1.18
27.7401  1.41
27.7501  1.37
27.7601  1.56
27.7701  1.13
27.7801  1.44
27.7901  1.63
27.8001  1.18
27.8101  1.06
27.8201  1.46
27.8301  1.28
27.8401  1.26
27.8501  1.46
27.8601  1.25
27.8701  1.36
27.8801  1.35
27.8901  1.47
27.9001  1.42
27.9101  1.47
27.9201  1.32
27.9301  1.43
27.9401  1.37
27.9501  1.32
27.9601  1.41
27.9701  1.28
27.9801  1.53
27.9901  1.22
28.0001  1.29
28.0101  1.47
28.0201  1.53
28.0301  1.44
28.0401  1.27
28.0501  1.36
28.0601  1.57
28.0701  1.28
28.0801  1.33
28.0901  1.47
28.1001  1.48
28.1101  1.17
28.1201  1.3
28.1301  1.28
28.1401  1.24
28.1501  1.36
28.1601  1.42
28.1701  1.2
28.1801  1.56
28.1901  1.17
28.2001  1.43
28.2101  1.26
28.2201  1.4
28.2301  1.4
28.2401  1.32
28.2501  1.28
28.2601  1.39
28.2701  1.19
28.2801  1.25
28.2901  1.24
28.3001  1.23
28.3101  1.24
28.3201  1.31
28.3301  1.31
28.3401  1.22
28.3501  1.35
28.3601  1.41
28.3701  1.13
28.3801  1.41
28.3901  1.36
28.4001  1.29
28.4101  1.26
28.4201  1.44
28.4301  1.41
28.4401  1.1
28.4501  1.44
28.4601  1.26
28.4701  1.1
28.4801  1.25
28.4901  1.2
28.5001  1.45
28.5101  1.36
28.5201  1.35
28.5301  1.21
28.5401  1.15
28.5501  1.4
28.5601  1.29
28.5701  1.21
28.5801  1.41
28.5901  1.19
28.6001  1.31
28.6101  1.14
28.6201  1.53
28.6301  1.25
28.6401  1.4
28.6501  1.31
28.6601  1.16
28.6701  1.29
28.6801  1.33
28.6901  1.39
28.7001  1.19
28.7101  1.35
28.7201  1.32
28.7301  1.48
28.7401  1.23
28.7501  1.4
28.7601  1.29
28.7701  1.41
28.7801  1.45
28.7901  1.36
28.8001  1.38
28.8101  1.49
28.8201  1.4
28.8301  1.29
28.8401  1.29
28.8501  1.49
28.8601  1.51
28.8701  1.23
28.8801  1.36
28.8901  1.35
28.9001  1.26
28.9101  1.23
28.9201  1.29
28.9301  1.3
28.9401  1.29
28.9501  1.33
28.9601  1.64
28.9701  1.33
28.9801  1.38
28.9901  1.5
29.0001  1.33
29.0101  1.52
29.0201  1.35
29.0301  1.28
29.0401  1.19
29.0501  1.61
29.0601  1.51
29.0701  1.31
29.0801  1.19
29.0901  1.41
29.1001  1.46
29.1101  1.26
29.1201  1.14
29.1301  1.36
29.1401  1.29
29.1501  1.3
29.1601  1.53
29.1701  1.44
29.1801  1.21
29.1901  1.34
29.2001  1.46
29.2101  1.42
29.2201  1.29
29.2301  1.2
29.2401  1.35
29.2501  1.35
29.2601  1.35
29.2701  1.39
29.2801  1.23
29.2901  1.3
29.3001  1.34
29.3101  1.28
29.3201  1.24
29.3301  1.31
29.3401  1.32
29.3501  1.3
29.3601  1.06
29.3701  1.33
29.3801  1.45
29.3901  1.58
29.4001  1.3
29.4101  1.34
29.4201  1.15
29.4301  1.04
29.4401  1.3
29.4501  1.29
29.4601  1.48
29.4701  1.39
29.4801  1.21
29.4901  1.13
29.5001  1.3
29.5101  1.46
29.5201  1.21
29.5301  1.48
29.5401  1.29
29.5501  1.26
29.5601  1.37
29.5701  1.06
29.5801  1.34
29.5901  1.28
29.6001  1.36
29.6101  1.42
29.6201  1.2
29.6301  1.4
29.6401  1.22
29.6501  1.36
29.6601  1.34
29.6701  1.23
29.6801  1.31
29.6901  1.28
29.7001  1.26
29.7101  1.34
29.7201  1.29
29.7301  1.21
29.7401  1.39
29.7501  1.34
29.7601  1.31
29.7701  1.26
29.7801  1.33
29.7901  1.13
29.8001  1.47
29.8101  1.43
29.8201  1.52
29.8301  1.25
29.8401  1.35
29.8501  1.29
29.8601  1.57
29.8701  1.24
29.8801  1.29
29.8901  1.45
29.9001  1.36
29.9101  1.47
29.9201  1.36
29.9301  1.35
29.9401  1.19
29.9501  1.38
29.9601  1.42
29.9701  1.14
29.9801  1.29
29.9901  1.41
30.0001  1.36
30.0101  1.45
30.0201  1.46
30.0301  1.51
30.0401  1.44
30.0501  1.37
30.0601  1.31
30.0701  1.34
30.0801  1.27
30.0901  1.53
30.1001  1.18
30.1101  1.18
30.1201  1.33
30.1301  1.18
30.1401  1.25
30.1501  1.29
30.1601  1.1
30.1701  1.35
30.1801  1.34
30.1901  1.25
30.2001  1.11
30.2101  1.15
30.2201  1.24
30.2301  1.26
30.2401  1.25
30.2501  0.96
30.2601  1.22
30.2701  1.26
30.2801  1.17
30.2901  0.99
30.3001  1.09
30.3101  1.1
30.3201  0.99
30.3301  1.16
30.3401  1.13
30.3501  1.01
30.3601  0.92
30.3701  1.07
30.3801  0.98
30.3901  1.06
30.4001  0.93
30.4101  0.8
30.4201  0.87
30.4301  1.08
30.4401  0.91
30.4501  0.93
30.4601  0.97
30.4701  1.06
30.4801  0.85
30.4901  0.73
30.5001  0.88
30.5101  0.68
30.5201  0.93
30.5301  0.8
30.5401  0.9
30.5501  0.9
30.5601  0.91
30.5701  0.78
30.5801  0.93
30.5901  0.85
30.6001  0.74
30.6101  0.91
30.6201  0.81
30.6301  0.69
30.6401  0.68
30.6501  0.8
30.6601  0.74
30.6701  0.88
30.6801  0.72
30.6901  0.73
30.7001  0.83
30.7101  0.93
30.7201  0.76
30.7301  0.72
30.7401  0.85
30.7501  0.79
30.7601  0.79
30.7701  0.82
30.7801  0.72
30.7901  0.67
30.8001  0.72
30.8101  0.82
30.8201  0.6
30.8301  0.78
30.8401  0.7
30.8501  0.62
30.8601  0.65
30.8701  0.74
30.8801  0.74
30.8901  0.62
30.9001  0.76
30.9101  0.74
30.9201  0.64
30.9301  0.64
30.9401  0.76
30.9501  0.72
30.9601  0.72
30.9701  0.64
30.9801  0.64
30.9901  0.65
31.0001  0.63
31.0101  0.77
31.0201  0.79
31.0301  0.61
31.0401  0.69
31.0501  0.83
31.0601  0.7
31.0701  0.74
31.0801  0.79
31.0901  0.74
31.1001  0.82
31.1101  0.79
31.1201  0.81
31.1301  0.54
31.1401  0.68
31.1501  0.54
31.1601  0.86
31.1701  0.7
31.1801  0.69
31.1901  0.76
31.2001  0.65
31.2101  0.76
31.2201  0.63
31.2301  0.82
31.2401  0.71
31.2501  0.59
31.2601  0.63
31.2701  0.74
31.2801  0.84
31.2901  0.78
31.3001  0.6
31.3101  0.87
31.3201  0.62
31.3301  0.69
31.3401  0.76
31.3501  0.68
31.3601  0.8
31.3701  0.82
31.3801  0.82
31.3901  0.82
31.4001  0.81
31.4101  0.6
31.4201  0.83
31.4301  0.85
31.4401  0.8
31.4501  0.7
31.4601  0.75
31.4701  0.84
31.4801  0.8
31.4901  0.79
31.5001  0.68
31.5101  0.74
31.5201  0.73
31.5301  0.78
31.5401  0.76
31.5501  0.82
31.5601  0.82
31.5701  0.84
31.5801  0.84
31.5901  0.87
31.6001  0.89
31.6101  0.75
31.6201  0.74
31.6301  0.74
31.6401  0.88
31.6501  0.95
31.6601  0.91
31.6701  0.83
31.6801  0.95
31.6901  0.84
31.7001  0.89
31.7101  0.93
31.7201  0.78
31.7301  0.83
31.7401  0.94
31.7501  0.96
31.7601  1.16
31.7701  0.91
31.7801  0.85
31.7901  0.99
31.8001  0.71
31.8101  0.85
31.8201  0.98
31.8301  1.2
31.8401  0.96
31.8501  1.13
31.8601  1.11
31.8701  1.04
31.8801  0.94
31.8901  0.93
31.9001  1
31.9101  1.1
31.9201  0.91
31.9301  1.31
31.9401  0.82
31.9501  1.16
31.9601  1.02
31.9701  0.98
31.9801  0.98
31.9901  1.26
32.0001  0.97
32.0101  1.2
32.0201  1.22
32.0301  1.14
32.0401  1.16
32.0501  1.13
32.0601  1.12
32.0701  1.14
32.0801  1
32.0901  1.18
32.1001  1.06
32.1101  1.18
32.1201  1.01
32.1301  1.07
32.1401  1.2
32.1501  1.3
32.1601  1.17
32.1701  1.34
32.1801  1.11
32.1901  1.26
32.2001  1.26
32.2101  1.26
32.2201  1.24
32.2301  1.13
32.2401  1.1
32.2501  0.96
32.2601  1.03
32.2701  1.4
32.2801  1.32
32.2901  1.27
32.3001  1.13
32.3101  1.14
32.3201  1.31
32.3301  1.21
32.3401  1.13
32.3501  1.17
32.3601  1.39
32.3701  1.15
32.3801  1.32
32.3901  1.34
32.4001  1.26
32.4101  1.22
32.4201  1.25
32.4301  0.99
32.4401  1.06
32.4501  1.05
32.4601  1.09
32.4701  1.07
32.4801  0.91
32.4901  1.19
32.5001  1.12
32.5101  1.11
32.5201  1.14
32.5301  1.05
32.5401  1
32.5501  1.01
32.5601  1.19
32.5701  1.09
32.5801  1.04
32.5901  1.32
32.6001  1.04
32.6101  1
32.6201  0.92
32.6301  1.15
32.6401  1.22
32.6501  0.95
32.6601  1.22
32.6701  0.91
32.6801  0.98
32.6901  1.2
32.7001  0.97
32.7101  1.05
32.7201  0.98
32.7301  1.03
32.7401  0.97
32.7501  0.97
32.7601  0.9
32.7701  0.96
32.7801  0.84
32.7901  0.81
32.8001  1.04
32.8101  0.96
32.8201  0.86
32.8301  0.84
32.8401  0.95
32.8501  0.74
32.8601  0.87
32.8701  0.94
32.8801  1.06
32.8901  1.04
32.9001  0.85
32.9101  1.09
32.9201  0.83
32.9301  0.94
32.9401  0.88
32.9501  0.78
32.9601  0.86
32.9701  0.84
32.9801  0.83
32.9901  0.97
33.0001  0.93
33.0101  0.9
33.0201  0.81
33.0301  0.91
33.0401  0.89
33.0501  0.88
33.0601  0.82
33.0701  0.81
33.0801  0.94
33.0901  0.86
33.1001  0.97
33.1101  0.96
33.1201  0.88
33.1301  0.75
33.1401  0.81
33.1501  0.8
33.1601  1.06
33.1701  0.75
33.1801  0.88
33.1901  0.92
33.2001  0.85
33.2101  0.72
33.2201  0.7
33.2301  0.84
33.2401  0.76
33.2501  0.77
33.2601  0.79
33.2701  0.83
33.2801  0.87
33.2901  0.87
33.3001  0.92
33.3101  0.97
33.3201  0.76
33.3301  0.83
33.3401  0.92
33.3501  0.81
33.3601  0.9
33.3701  0.86
33.3801  0.83
33.3901  0.83
33.4001  0.81
33.4101  0.99
33.4201  0.76
33.4301  0.92
33.4401  0.72
33.4501  0.95
33.4601  1.01
33.4701  0.83
33.4801  0.67
33.4901  0.89
33.5001  0.85
33.5101  0.73
33.5201  0.93
33.5301  1.13
33.5401  0.93
33.5501  0.6
33.5601  1.01
33.5701  1.01
33.5801  0.71
33.5901  0.86
33.6001  0.92
33.6101  0.85
33.6201  0.88
33.6301  0.87
33.6401  0.93
33.6501  1.03
33.6601  0.84
33.6701  1.04
33.6801  0.97
33.6901  0.96
33.7001  0.87
33.7101  0.8
33.7201  0.99
33.7301  0.97
33.7401  1.04
33.7501  1.05
33.7601  0.92
33.7701  1.1
33.7801  0.99
33.7901  0.84
33.8001  1.07
33.8101  1.05
33.8201  1
33.8301  0.97
33.8401  0.92
33.8501  1.04
33.8601  0.92
33.8701  0.81
33.8801  1.14
33.8901  0.85
33.9001  1.06
33.9101  0.88
33.9201  1.1
33.9301  1.13
33.9401  1.06
33.9501  1.08
33.9601  0.89
33.9701  0.95
33.9801  0.92
33.9901  0.99
34.0001  1.05
34.0101  0.95
34.0201  1.12
34.0301  1.3
34.0401  1.19
34.0501  1.07
34.0601  1.04
34.0701  1.09
34.0801  0.88
34.0901  1.04
34.1001  1.07
34.1101  1
34.1201  1.21
34.1301  1.03
34.1401  1.08
34.15  1.31
34.16  1.09
34.17  1.29
34.18  1.11
34.19  1.14
34.2  1.19
34.21  0.87
34.22  1.25
34.23  1.09
34.24  1.13
34.25  1.16
34.26  1.07
34.27  1.17
34.28  1.08
34.29  1
34.3  1.17
34.31  1.05
34.32  1.07
34.33  1.22
34.34  1.13
34.35  1.12
34.36  1.11
34.37  1.08
34.38  1.11
34.39  1.02
34.4  1.14
34.41  1.13
34.42  1.1
34.43  1.01
34.44  1.04
34.45  1.22
34.46  0.99
34.47  1.17
34.48  1.36
34.49  1.21
34.5  1.2
34.51  1.17
34.52  1.05
34.53  0.87
34.54  1.15
34.55  0.97
34.56  0.74
34.57  1.09
34.58  1.05
34.59  0.95
34.6  0.89
34.61  1.26
34.62  1.24
34.63  0.99
34.64  1.04
34.65  0.92
34.66  1.07
34.67  1.21
34.68  0.81
34.69  0.92
34.7  1.07
34.71  1.06
34.72  1.18
34.73  0.99
34.74  1.17
34.75  0.86
34.76  0.93
34.77  1.17
34.78  0.96
34.79  0.84
34.8  0.96
34.81  0.98
34.82  1.05
34.83  0.8
34.84  1.12
34.85  0.91
34.86  1.05
34.87  0.96
34.88  1.01
34.89  0.92
34.9  1.2
34.91  0.97
34.92  0.92
34.93  0.9
34.94  0.85
34.95  1.02
34.96  1.09
34.97  0.87
34.98  0.78
34.99  0.93
35  1.09
35.01  0.95
35.02  0.86
35.03  0.93
35.04  1.03
35.05  0.96
35.06  0.93
35.07  0.97
35.08  1.06
35.09  0.9
35.1  0.94
35.11  0.96
35.12  0.83
35.13  0.77
35.14  0.89
35.15  0.84
35.16  0.91
35.17  1.03
35.18  0.83
35.19  0.87
35.2  0.83
35.21  1.05
35.22  0.74
35.23  0.83
35.24  1.03
35.25  0.71
35.26  0.93
35.27  0.92
35.28  0.95
35.29  0.85
35.3  0.82
35.31  0.87
35.32  0.96
35.33  1.04
35.34  0.92
35.35  1.04
35.36  0.97
35.37  0.83
35.38  1.09
35.39  0.85
35.4  0.97
35.41  0.89
35.42  0.77
35.43  0.97
35.44  0.96
35.45  0.93
35.46  1.04
35.47  1
35.48  1.21
35.49  0.85
35.5  0.96
35.51  1.02
35.52  0.89
35.53  0.77
35.54  0.93
35.55  0.91
35.56  0.94
35.57  0.8
35.58  0.79
35.59  0.88
35.6  0.97
35.61  1
35.62  0.96
35.63  0.97
35.64  1.17
35.65  0.88
35.66  1.02
35.67  0.83
35.68  0.98
35.69  0.91
35.7  1.05
35.71  0.78
35.72  0.83
35.73  0.87
35.74  0.89
35.75  0.84
35.76  1.06
35.77  0.98
35.78  1.02
35.79  0.96
35.8  1.08
35.81  1.1
35.82  0.95
35.83  0.96
35.84  1.1
35.85  0.91
35.86  0.99
35.87  0.98
35.88  1.19
35.89  1.11
35.9  1.11
35.91  1.12
35.92  1.1
35.93  1.03
35.94  0.88
35.95  1.13
35.96  1.22
35.97  0.96
35.98  0.85
35.99  0.93
36  0.93
36.01  0.93
36.02  0.89
36.03  1
36.04  1
36.05  1
36.06  0.93
36.07  1.24
36.08  1.09
36.09  1.09
36.1  0.99
36.11  1.09
36.12  1.12
36.13  1
36.14  0.95
36.15  1
36.16  1.13
36.17  1.06
36.18  1.12
36.19  0.99
36.2  1.03
36.21  0.98
36.22  1.03
36.23  0.96
36.24  1.19
36.25  1.03
36.26  1.18
36.27  0.87
36.28  1.09
36.29  1.07
36.3  1.1
36.31  0.98
36.32  0.87
36.33  1.1
36.34  1.1
36.35  1
36.36  1.15
36.37  0.97
36.38  1.04
36.39  1.1
36.4  1.2
36.41  1.16
36.42  1.09
36.43  1.13
36.44  1.11
36.45  0.95
36.46  1.19
36.47  0.9
36.48  0.97
36.49  0.98
36.5  1.19
36.51  1.01
36.52  1.04
36.53  0.86
36.54  1.02
36.55  0.93
36.56  1.17
36.57  1.01
36.58  0.97
36.59  1.11
36.6  0.8
36.61  1.06
36.62  1.2
36.63  1.07
36.64  1.18
36.65  1.07
36.66  0.98
36.67  1.14
36.68  0.93
36.69  1.18
36.7  1.05
36.71  1.2
36.72  1.05
36.73  1.04
36.74  1.04
36.75  1.07
36.76  1.1
36.77  0.9
36.78  0.96
36.79  0.96
36.8  0.97
36.81  0.91
36.82  1.09
36.83  1.07
36.84  1.07
36.85  1.09
36.86  1.07
36.87  1.08
36.88  1.04
36.89  1.06
36.9  0.99
36.91  0.84
36.92  1.03
36.93  0.99
36.94  1.02
36.95  0.99
36.96  0.9
36.97  0.95
36.98  0.96
36.99  0.7
37  1.09
37.01  0.9
37.02  0.99
37.03  0.98
37.04  0.87
37.05  1.06
37.06  0.95
37.07  0.75
37.08  0.79
37.09  1.05
37.1  0.93
37.11  1.02
37.12  0.97
37.13  1.22
37.14  0.9
37.15  1.08
37.16  1.05
37.17  1.21
37.18  0.87
37.19  1.03
37.2  1.04
37.21  1.02
37.22  1
37.23  1.04
37.24  0.94
37.25  0.98
37.26  0.86
37.27  0.74
37.28  0.92
37.29  1.07
37.3  1.15
37.31  0.97
37.32  0.89
37.33  0.88
37.34  1.03
37.35  0.97
37.36  0.99
37.37  1
37.38  0.89
37.39  0.94
37.4  0.98
37.41  1.06
37.42  0.91
37.43  0.87
37.44  1.13
37.45  0.95
37.46  0.78
37.47  1.15
37.48  0.77
37.49  0.89
37.5  0.88
37.51  0.94
37.52  1.11
37.53  1.01
37.54  0.88
37.55  0.87
37.56  1.04
37.57  0.71
37.58  1.06
37.59  0.8
37.6  1.07
37.61  1.08
37.62  1.03
37.63  1.03
37.64  1
37.65  1.08
37.66  0.92
37.67  1.1
37.68  0.87
37.69  0.91
37.7  0.98
37.71  1.11
37.72  1.04
37.73  0.92
37.74  1.18
37.75  0.79
37.76  0.96
37.77  0.95
37.78  1.02
37.79  1.04
37.8  1.01
37.81  0.8
37.82  0.92
37.83  1.08
37.84  0.93
37.85  1.03
37.86  1
37.87  0.93
37.88  1.13
37.89  1.22
37.9  1.19
37.91  1.04
37.92  1.02
37.93  1.03
37.94  0.93
37.95  0.92
37.96  0.94
37.97  0.96
37.98  0.88
37.99  0.91
38  0.97
38.01  1.12
38.02  1.01
38.03  0.91
38.04  1
38.05  0.97
38.06  1.02
38.07  0.93
38.08  0.88
38.09  1.19
38.1  1.06
38.11  1.11
38.12  0.87
38.13  1.18
38.14  1.16
38.15  1.15
38.16  1.13
38.17  0.92
38.18  1.02
38.19  0.83
38.2  1.05
38.21  1.02
38.22  0.88
38.23  0.79
38.24  1.05
38.25  0.93
38.26  1.27
38.27  0.94
38.28  1.12
38.29  1.1
38.3  0.88
38.31  1.01
38.32  1.06
38.33  0.94
38.34  1.19
38.35  1.09
38.36  1.07
38.37  1.22
38.38  0.99
38.39  1.03
38.4  1.15
38.41  1.07
38.42  1.01
38.43  0.87
38.44  0.98
38.45  1.09
38.46  1.06
38.47  1.17
38.48  0.92
38.49  0.98
38.5  0.88
38.51  1.06
38.52  0.82
38.53  1.14
38.54  1.01
38.55  1.01
38.56  1.04
38.57  0.84
38.58  1.18
38.59  1.03
38.6  1.04
38.61  1.21
38.62  0.85
38.63  0.78
38.64  1
38.65  0.94
38.66  1.18
38.67  1.18
38.68  1
38.69  1.01
38.7  1.01
38.71  0.99
38.72  1.07
38.73  0.79
38.74  1.01
38.75  1.02
38.76  1.25
38.77  1.04
38.78  1.05
38.79  1
38.8  1.03
38.81  0.9
38.82  0.92
38.83  1.13
38.84  0.91
38.85  0.98
38.86  0.99
38.87  0.91
38.88  0.95
38.89  0.9
38.9  0.95
38.91  0.98
38.92  1.12
38.93  1.03
38.94  0.98
38.95  1.1
38.96  0.98
38.97  1.02
38.98  1.02
38.99  0.93
39  1.08
39.01  1.02
39.02  1.02
39.03  1.17
39.04  0.95
39.05  1.03
39.06  0.87
39.07  1.01
39.08  0.96
39.09  1.07
39.1  1
39.11  0.99
39.12  0.84
39.13  0.86
39.14  0.86
39.15  1.2
39.16  0.91
39.17  0.88
39.18  1.16
39.19  1.12
39.2  1
39.21  1.03
39.22  1.12
39.23  1.03
39.24  0.89
39.25  0.82
39.26  0.95
39.27  0.92
39.28  0.87
39.29  0.86
39.3  0.92
39.31  0.99
39.32  1.02
39.33  1.11
39.34  1.09
39.35  0.99
39.36  0.88
39.37  1.01
39.38  0.88
39.39  1
39.4  1.06
39.41  1.08
39.42  1.1
39.43  1.03
39.44  0.82
39.45  1
39.46  0.99
39.47  1.03
39.48  0.96
39.49  0.85
39.5  0.92
39.51  1.13
39.52  0.94
39.53  0.89
39.54  1.03
39.55  0.9
39.56  1
39.57  0.94
39.58  0.95
39.59  1.26
39.6  1.01
39.61  0.98
39.62  1.15
39.63  0.87
39.64  0.94
39.65  0.93
39.66  1.05
39.67  0.91
39.68  0.92
39.69  0.9
39.7  1.08
39.71  1.06
39.72  1.07
39.73  0.92
39.74  1.03
39.75  0.99
39.76  1
39.77  0.9
39.78  0.8
39.79  1.05
39.8  1.07
39.81  0.93
39.82  1.17
39.83  1.07
39.84  1.08
39.85  0.92
39.86  1.04
39.87  1.04
39.88  1.07
39.89  1.06
39.9  0.95
39.91  0.91
39.92  0.92
39.93  0.98
39.94  1.1
39.95  1.09
39.96  1.14
39.97  1.14
39.98  0.85
39.99  0.91
