-4.8268  232
-4.7828  30
-4.7796  263
-4.6929  139
-4.6727  48
-4.6553  7
-4.6517  36
-4.6219  179
-4.6193  51
-4.6176  191
-4.6163  68
-4.6138  258
-4.6111  236
-4.6096  293
-4.6088  123
-4.6087  40
-4.6086  67
-4.5999  204
-4.5998  280
-4.5993  120
-4.5872  70
-4.5869  152
-4.5859  54
-4.5859  272
-4.5844  3
-4.5839  98
-4.5808  11
-4.5762  5
-4.5754  146
-4.5721  298
-4.5711  251
-4.5709  262
-4.5707  170
-4.5681  71
-4.5677  127
-4.5666  233
-4.5666  285
-4.5665  197
-4.565  181
-4.565  283
-4.5649  268
-4.5648  187
-4.5606  65
-4.5602  37
-4.5589  215
-4.5583  149
-4.5571  94
-4.5565  259
-4.5564  138
-4.5549  185
-4.5537  129
-4.5535  288
-4.5533  282
-4.5531  284
-4.5524  270
-4.5517  133
-4.5511  103
-4.5494  177
-4.5492  264
-4.5486  203
-4.5482  159
-4.5469  140
-4.5463  55
-4.546  257
-4.5446  23
-4.5439  212
-4.5437  150
-4.5424  194
-4.5413  29
-4.5407  286
-4.5406  32
-4.5397  88
-4.539  78
-4.5388  117
-4.5384  50
-4.5381  200
-4.5379  207
-4.5376  168
-4.5372  41
-4.5371  254
-4.5361  202
-4.5357  265
-4.5356  183
-4.5351  252
-4.5346  155
-4.5339  201
-4.5336  290
-4.5334  118
-4.5334  145
-4.5333  42
-4.5331  84
-4.5331  156
-4.5322  61
-4.532  154
-4.5319  101
-4.5314  52
-4.5311  115
-4.5309  90
-4.5305  273
-4.5302  299
-4.5301  60
-4.5301  131
-4.53  214
-4.5298  89
-4.529  134
-4.5287  143
-4.5287  256
-4.5286  106
-4.5286  219
-4.5281  38
-4.5279  56
-4.5273  142
-4.5265  162
-4.5262  271
-4.5261  184
-4.5259  230
-4.5245  14
-4.5243  116
-4.5237  161
-4.5232  16
-4.5227  114
-4.5225  25
-4.5225  287
-4.5215  218
-4.5213  73
-4.521  160
-4.5208  10
-4.5206  104
-4.5204  76
-4.5198  222
-4.5197  294
-4.5194  62
-4.5192  193
-4.5192  289
-4.5192  296
-4.519  85
-4.5185  242
-4.5185  247
-4.5176  169
-4.5168  108
-4.5167  27
-4.5167  178
-4.5164  261
-4.516  250
-4.5158  147
-4.5157  279
-4.5155  171
-4.5148  69
-4.5146  205
-4.5141  274
-4.5132  199
-4.513  195
-4.5129  157
-4.5125  246
-4.5123  180
-4.5123  223
-4.5122  211
-4.5118  58
-4.5114  81
-4.5108  75
-4.5107  148
-4.5107  165
-4.5106  18
-4.5106  64
-4.51  190
-4.5094  217
-4.509  209
-4.509  224
-4.5088  82
-4.5085  277
-4.5083  80
-4.5083  93
-4.5079  141
-4.5077  151
-4.5075  210
-4.5075  281
-4.5072  253
-4.5069  269
-4.5063  276
-4.5059  221
-4.5057  49
-4.5057  275
-4.5055  192
-4.5051  4
-4.505  1
-4.504  125
-4.504  226
-4.5037  66
-4.5023  241
-4.502  102
-4.5019  13
-4.5012  79
-4.5012  109
-4.5008  255
-4.5007  112
-4.5007  173
-4.4998  175
-4.4987  74
-4.4986  297
-4.4981  228
-4.4973  135
-4.4962  229
-4.4959  86
-4.4959  198
-4.4958  83
-4.4958  144
-4.4953  153
-4.4951  172
-4.4947  121
-4.4945  9
-4.4943  136
-4.4942  137
-4.494  39
-4.4939  234
-4.4936  91
-4.493  163
-4.4928  87
-4.4925  182
-4.4919  167
-4.4919  186
-4.4915  132
-4.4912  19
-4.4901  158
-4.49  249
-4.4891  248
-4.4886  35
-4.4879  17
-4.4877  239
-4.4872  105
-4.4869  278
-4.4865  295
-4.4863  92
-4.4858  126
-4.4855  260
-4.4846  8
-4.4846  107
-4.4843  33
-4.4827  244
-4.4825  208
-4.4824  213
-4.4806  59
-4.4803  164
-4.4796  100
-4.4794  15
-4.4791  237
-4.4745  124
-4.473  196
-4.4729  225
-4.4717  12
-4.4715  113
-4.4711  26
-4.4692  46
-4.4652  216
-4.4651  291
-4.4643  77
-4.4601  266
-4.4596  2
-4.4535  97
-4.4523  53
-4.4508  232
-4.4501  43
-4.45  243
-4.4446  130
-4.4401  128
-4.4394  267
-4.439  95
-4.4288  57
-4.4264  31
-4.4216  238
-4.4126  220
-4.394  63
-4.3887  20
-4.3882  231
-4.3765  188
-4.376  21
-4.375  240
-4.3737  227
-4.3661  189
-4.3394  22
-4.3331  122
-4.329  245
-4.3248  45
-4.3188  30
-4.3173  96
-4.3094  263
-4.3087  34
-4.307  174
-4.2621  44
-4.2151  6
-4.1339  206
-4.0748  232
-4.0493  139
-3.9886  48
-3.9365  7
-3.9256  36
-3.9161  111
-3.8549  30
-3.8391  263
-3.8364  179
-3.8287  51
-3.8233  191
-3.8194  68
-3.8121  258
-3.8038  236
-3.7993  293
-3.7972  123
-3.7968  40
-3.7963  67
-3.7702  204
-3.7699  280
-3.7684  120
-3.7321  70
-3.7313  152
-3.7285  54
-3.7285  272
-3.7237  3
-3.7222  98
-3.7132  11
-3.6994  5
-3.6988  232
-3.6969  146
-3.6868  298
-3.684  251
-3.6834  262
-3.6828  170
-3.675  71
-3.6738  127
-3.6706  233
-3.6705  285
-3.6703  197
-3.6658  283
-3.6657  181
-3.6654  268
-3.6651  187
-3.6523  65
-3.6511  37
-3.6472  215
-3.6456  149
-3.6418  94
-3.6402  259
-3.6398  138
-3.6352  185
-3.6318  129
-3.6313  288
-3.6307  282
-3.6301  284
-3.6277  270
-3.6258  133
-3.6239  103
-3.6187  177
-3.6183  264
-3.6166  203
-3.6153  159
-3.6115  140
-3.6094  55
-3.6086  257
-3.6043  23
-3.6022  212
-3.6018  150
-3.5979  194
-3.5944  29
-3.5928  286
-3.5924  32
-3.5898  88
-3.5875  78
-3.5871  117
-3.5859  50
-3.585  200
-3.5845  207
-3.5834  168
-3.5823  41
-3.5821  254
-3.5789  202
-3.5779  265
-3.5774  183
-3.576  252
-3.5746  155
-3.5725  201
-3.5713  290
-3.5709  118
-3.5709  145
-3.5705  42
-3.57  84
-3.5698  156
-3.5673  61
-3.5668  154
-3.5665  101
-3.565  52
-3.5641  115
-3.5635  90
-3.5622  273
-3.5612  299
-3.5611  60
-3.5611  131
-3.5608  214
-3.5601  89
-3.5577  134
-3.5568  143
-3.5567  256
-3.5564  106
-3.5564  219
-3.5551  38
-3.5542  56
-3.5526  142
-3.5503  162
-3.5491  271
-3.549  184
-3.5484  230
-3.5442  14
-3.5437  116
-3.5419  161
-3.5402  16
-3.5387  114
-3.5383  25
-3.5383  287
-3.5351  218
-3.5347  73
-3.5336  160
-3.533  10
-3.5325  104
-3.532  76
-3.5302  222
-3.5299  294
-3.529  62
-3.5284  289
-3.5283  193
-3.5283  296
-3.5277  85
-3.5263  242
-3.5263  247
-3.5236  169
-3.5211  108
-3.5208  178
-3.5206  27
-3.52  261
-3.5187  250
-3.5182  147
-3.5176  279
-3.5172  171
-3.515  69
-3.5144  205
-3.513  274
-3.5103  199
-3.5098  195
-3.5095  157
-3.5082  246
-3.5077  180
-3.5076  223
-3.5072  211
-3.5061  58
-3.505  81
-3.503  75
-3.5028  148
-3.5027  165
-3.5025  64
-3.5023  18
-3.5007  190
-3.499  217
-3.4978  209
-3.4977  224
-3.4971  82
-3.4962  277
-3.4957  93
-3.4956  80
-3.4943  141
-3.4938  151
-3.4931  210
-3.493  281
-3.4921  253
-3.4913  269
-3.4897  276
-3.4884  221
-3.4878  275
-3.4877  49
-3.4871  192
-3.486  4
-3.4857  1
-3.4828  226
-3.4827  125
-3.4819  66
-3.4777  241
-3.4766  102
-3.4764  13
-3.4744  79
-3.4743  109
-3.4731  255
-3.4729  112
-3.4727  173
-3.4701  175
-3.4668  74
-3.4665  297
-3.4649  228
-3.4627  135
-3.4593  229
-3.4585  198
-3.4583  86
-3.4581  83
-3.4581  144
-3.4566  153
-3.4561  172
-3.4548  121
-3.4542  9
-3.4536  136
-3.4533  137
-3.4526  39
-3.4524  234
-3.4513  91
-3.4498  163
-3.449  87
-3.4481  182
-3.4465  186
-3.4464  167
-3.4451  132
-3.4444  19
-3.4409  158
-3.4407  249
-3.4379  248
-3.4365  35
-3.4344  17
-3.4339  239
-3.4323  105
-3.4314  278
-3.4301  295
-3.4295  92
-3.428  126
-3.4273  260
-3.4246  8
-3.4246  107
-3.4235  33
-3.4188  244
-3.4183  208
-3.4179  213
-3.4124  59
-3.4115  164
-3.4094  100
-3.4088  15
-3.408  237
-3.4057  139
-3.3943  124
-3.3909  30
-3.3897  196
-3.3894  225
-3.3858  12
-3.3853  113
-3.3839  26
-3.3782  46
-3.3689  263
-3.3663  216
-3.366  291
-3.3636  77
-3.3511  266
-3.3496  2
-3.3312  97
-3.3275  53
-3.3228  232
-3.3209  43
-3.3207  243
-3.3047  130
-3.3046  48
-3.2909  128
-3.2888  267
-3.2879  95
-3.2571  57
-3.2499  31
-3.2356  238
-3.2178  7
-3.2087  220
-3.1996  36
-3.1526  63
-3.1367  20
-3.1355  231
-3.1004  188
-3.0989  21
-3.0957  240
-3.0917  227
-3.0692  189
-3.0508  179
-3.0379  51
-3.0291  191
-3.0227  68
-3.0103  258
-2.9966  236
-2.9891  22
-2.9891  293
-2.9854  123
-2.9848  40
-2.9842  67
-2.9699  122
-2.9579  245
-2.9468  232
-2.9453  45
-2.9406  204
-2.9401  280
-2.9376  120
-2.927  30
-2.9228  96
-2.8986  263
-2.8967  34
-2.8916  174
-2.8772  70
-2.8758  152
-2.871  54
-2.871  272
-2.8632  3
-2.8607  98
-2.8455  11
-2.8225  5
-2.8183  146
-2.8017  298
-2.7968  251
-2.7958  262
-2.7948  170
-2.7818  71
-2.7798  127
-2.7745  233
-2.7743  285
-2.7741  197
-2.7665  283
-2.7663  181
-2.7659  268
-2.7653  187
-2.7621  139
-2.7569  44
-2.7442  65
-2.7422  37
-2.7357  215
-2.7328  149
-2.7267  94
-2.7238  259
-2.7232  138
-2.7157  185
-2.7099  129
-2.7091  288
-2.708  282
-2.707  284
-2.7032  270
-2.6998  133
-2.6967  103
-2.6882  177
-2.6873  264
-2.6846  203
-2.6823  159
-2.676  140
-2.6727  55
-2.6712  257
-2.6642  23
-2.6607  212
-2.6598  150
-2.6533  194
-2.6477  29
-2.6448  286
-2.6442  32
-2.6398  88
-2.6362  78
-2.6353  117
-2.6333  50
-2.6319  200
-2.631  207
-2.6292  168
-2.6273  41
-2.627  254
-2.6217  202
-2.6205  48
-2.62  265
-2.6192  183
-2.6169  252
-2.6162  6
-2.6145  155
-2.6111  201
-2.6092  290
-2.6084  118
-2.6083  145
-2.6077  42
-2.6069  84
-2.6067  156
-2.6023  61
-2.6015  154
-2.6011  101
-2.5985  52
-2.5971  115
-2.5961  90
-2.5939  273
-2.5922  299
-2.5921  60
-2.5921  131
-2.5915  214
-2.5903  89
-2.5864  134
-2.5848  143
-2.5847  256
-2.5842  106
-2.5842  219
-2.582  38
-2.5807  56
-2.5779  142
-2.574  162
-2.5722  271
-2.5719  184
-2.5709  230
-2.5708  232
-2.5638  14
-2.5631  116
-2.56  161
-2.5572  16
-2.5547  114
-2.554  25
-2.554  287
-2.5487  218
-2.548  73
-2.5462  160
-2.5452  10
-2.5444  104
-2.5436  76
-2.5406  222
-2.5401  294
-2.5385  62
-2.5376  289
-2.5374  193
-2.5373  296
-2.5363  85
-2.5341  247
-2.534  242
-2.5296  169
-2.5253  108
-2.5249  178
-2.5247  27
-2.5236  261
-2.5214  250
-2.5206  147
-2.5197  279
-2.5189  171
-2.5152  69
-2.5142  205
-2.5118  274
-2.5074  199
-2.5066  195
-2.506  157
-2.5038  246
-2.503  180
-2.5028  223
-2.5022  211
-2.5004  58
-2.499  7
-2.4986  81
-2.4952  75
-2.4949  148
-2.4947  165
-2.4944  64
-2.4942  18
-2.4914  190
-2.4886  217
-2.4866  209
-2.4864  224
-2.4854  82
-2.4839  277
-2.4831  93
-2.4829  80
-2.4807  141
-2.4799  151
-2.4787  210
-2.4787  281
-2.4772  253
-2.4757  269
-2.4735  36
-2.4731  276
-2.4709  221
-2.4699  275
-2.4697  49
-2.4687  192
-2.4669  4
-2.4664  1
-2.463  30
-2.4616  226
-2.4614  125
-2.4601  66
-2.4531  241
-2.4512  102
-2.4509  13
-2.4476  79
-2.4474  109
-2.4454  255
-2.4451  112
-2.4447  173
-2.4404  175
-2.4349  74
-2.4344  297
-2.4317  228
-2.4284  263
-2.4281  135
-2.4224  229
-2.4211  198
-2.4207  86
-2.4204  83
-2.4204  144
-2.4179  153
-2.4171  172
-2.4149  121
-2.4139  9
-2.4129  136
-2.4124  137
-2.4112  39
-2.4109  234
-2.4092  91
-2.4066  163
-2.4052  87
-2.4037  182
-2.4011  186
-2.4009  167
-2.3987  132
-2.3976  19
-2.3917  158
-2.3914  249
-2.3867  248
-2.3844  35
-2.3809  17
-2.3801  239
-2.3774  105
-2.3759  278
-2.3737  295
-2.3727  92
-2.3726  206
-2.3702  126
-2.3691  260
-2.3646  8
-2.3646  107
-2.3627  33
-2.3549  244
-2.3541  208
-2.3534  213
-2.3442  59
-2.3427  164
-2.3392  100
-2.3382  15
-2.3369  237
-2.3141  124
-2.3064  196
-2.3059  225
-2.2999  12
-2.2991  113
-2.2968  26
-2.2872  46
-2.2674  216
-2.267  291
-2.2653  179
-2.263  77
-2.2472  51
-2.2421  266
-2.2396  2
-2.2348  191
-2.2258  68
-2.209  97
-2.2086  258
-2.2027  53
-2.1948  232
-2.1917  43
-2.1914  243
-2.1893  236
-2.1788  293
-2.1738  123
-2.1729  40
-2.1719  67
-2.1646  130
-2.1418  128
-2.1382  267
-2.1366  95
-2.1185  139
-2.1109  204
-2.1102  280
-2.1067  120
-2.0855  57
-2.0734  31
-2.0496  238
-2.0222  70
-2.0202  152
-2.0136  54
-2.0136  272
-2.0046  220
-2.0025  3
-1.9991  30
-1.999  98
-1.9779  11
-1.9581  263
-1.9457  5
-1.9398  146
-1.9365  48
-1.9164  298
-1.9113  63
-1.9097  251
-1.9083  262
-1.9069  170
-1.8887  71
-1.8859  127
-1.8848  20
-1.8826  231
-1.8785  233
-1.8782  285
-1.8779  197
-1.8673  283
-1.867  181
-1.8664  268
-1.8656  187
-1.8359  65
-1.8331  37
-1.8241  188
-1.824  215
-1.8216  21
-1.8201  149
-1.8188  232
-1.8165  240
-1.8114  94
-1.8098  227
-1.8075  259
-1.8066  138
-1.796  185
-1.788  129
-1.7869  288
-1.7854  282
-1.784  284
-1.7803  7
-1.7785  270
-1.7739  133
-1.7721  189
-1.7695  103
-1.7575  177
-1.7564  264
-1.7526  203
-1.7494  159
-1.7475  36
-1.7405  140
-1.7358  55
-1.7338  257
-1.7239  23
-1.7191  111
-1.719  212
-1.7179  150
-1.7088  194
-1.7008  29
-1.6969  286
-1.696  32
-1.6899  88
-1.6847  78
-1.6836  117
-1.6808  50
-1.6788  200
-1.6776  207
-1.675  168
-1.6724  41
-1.672  254
-1.6645  202
-1.6622  265
-1.661  183
-1.6578  252
-1.6545  155
-1.6497  201
-1.6469  290
-1.6459  118
-1.6458  145
-1.6449  42
-1.6438  84
-1.6434  156
-1.6386  22
-1.6374  61
-1.6363  154
-1.6357  101
-1.6321  52
-1.6301  115
-1.6287  90
-1.6256  273
-1.6232  299
-1.6231  60
-1.6231  131
-1.6223  214
-1.6206  89
-1.6151  134
-1.6129  143
-1.6127  256
-1.612  106
-1.612  219
-1.609  38
-1.607  56
-1.6069  122
-1.6032  142
-1.5978  162
-1.5951  271
-1.5948  184
-1.5934  230
-1.5867  245
-1.5835  14
-1.5825  116
-1.5782  161
-1.5742  16
-1.5707  114
-1.5698  25
-1.5698  287
-1.5656  45
-1.5623  218
-1.5614  73
-1.5588  160
-1.5574  10
-1.5563  104
-1.5552  76
-1.551  222
-1.5503  294
-1.5481  62
-1.5468  289
-1.5465  193
-1.5464  296
-1.545  85
-1.5419  247
-1.5418  242
-1.5356  169
-1.5351  30
-1.5296  108
-1.529  178
-1.5286  27
-1.5282  96
-1.5272  261
-1.5241  250
-1.523  147
-1.5216  279
-1.5206  171
-1.5154  69
-1.514  205
-1.5107  274
-1.5045  199
-1.5034  195
-1.5026  157
-1.4995  246
-1.4984  180
-1.4981  223
-1.4972  211
-1.4947  58
-1.4922  81
-1.4879  263
-1.4874  75
-1.487  148
-1.4867  165
-1.4863  64
-1.4859  18
-1.4849  34
-1.4821  190
-1.4797  179
-1.4782  217
-1.4764  174
-1.4754  209
-1.4751  224
-1.4749  139
-1.4737  82
-1.4716  277
-1.4705  93
-1.4702  80
-1.4671  141
-1.466  151
-1.4643  210
-1.4642  281
-1.4621  253
-1.4601  269
-1.4565  276
-1.4564  51
-1.4534  221
-1.452  275
-1.4517  49
-1.4503  192
-1.4478  4
-1.4471  1
-1.4428  232
-1.4406  191
-1.4404  226
-1.4401  125
-1.4383  66
-1.4291  68
-1.4285  241
-1.4258  102
-1.4254  13
-1.4208  79
-1.4205  109
-1.4177  255
-1.4173  112
-1.4167  173
-1.4107  175
-1.4068  258
-1.403  74
-1.4023  297
-1.3985  228
-1.3935  135
-1.3855  229
-1.3837  198
-1.3831  86
-1.3827  83
-1.3827  144
-1.3821  236
-1.3792  153
-1.3781  172
-1.375  121
-1.3736  9
-1.3722  136
-1.3715  137
-1.3698  39
-1.3694  234
-1.3686  293
-1.3669  91
-1.3634  163
-1.362  123
-1.3614  87
-1.3609  40
-1.3598  67
-1.3593  182
-1.3557  186
-1.3554  167
-1.3523  132
-1.3508  19
-1.3425  158
-1.3421  249
-1.3355  248
-1.3323  35
-1.3274  17
-1.3263  239
-1.3225  105
-1.3204  278
-1.3173  295
-1.3159  92
-1.3124  126
-1.3109  260
-1.3046  8
-1.3046  107
-1.3019  33
-1.291  244
-1.2899  208
-1.2889  213
-1.2813  204
-1.2804  280
-1.276  59
-1.2759  120
-1.2739  164
-1.269  100
-1.2676  15
-1.2658  237
-1.2524  48
-1.2519  44
-1.2339  124
-1.2231  196
-1.2224  225
-1.214  12
-1.2129  113
-1.2096  26
-1.1962  46
-1.1685  216
-1.1679  291
-1.1673  70
-1.1647  152
-1.1623  77
-1.1561  54
-1.1561  272
-1.142  3
-1.1375  98
-1.1331  266
-1.1296  2
-1.1102  11
-1.0867  97
-1.0779  53
-1.0712  30
-1.0688  5
-1.0668  232
-1.0625  43
-1.0621  243
-1.0615  7
-1.0612  146
-1.0313  298
-1.0247  130
-1.0225  251
-1.0214  36
-1.0207  262
-1.0189  170
-1.0176  263
-1.0173  6
-0.9955  71
-0.9926  128
-0.9919  127
-0.9876  267
-0.9855  95
-0.9824  233
-0.982  285
-0.9817  197
-0.968  283
-0.9676  181
-0.9669  268
-0.9658  187
-0.9278  65
-0.9242  37
-0.9138  57
-0.9125  215
-0.9073  149
-0.8969  31
-0.8963  94
-0.8911  259
-0.89  138
-0.8765  185
-0.8661  129
-0.8647  288
-0.8636  238
-0.8627  282
-0.8609  284
-0.854  270
-0.8479  133
-0.8423  103
-0.8313  139
-0.827  177
-0.8254  264
-0.8206  203
-0.8164  159
-0.805  140
-0.8007  220
-0.7991  55
-0.7964  257
-0.7838  23
-0.7775  212
-0.7759  150
-0.7642  194
-0.7541  29
-0.7489  286
-0.7478  32
-0.7399  88
-0.7334  78
-0.7318  117
-0.7282  50
-0.7257  200
-0.7241  207
-0.7208  168
-0.7174  41
-0.7169  254
-0.7073  202
-0.7043  265
-0.7028  183
-0.6987  252
-0.6944  155
-0.6942  179
-0.6908  232
-0.6883  201
-0.6848  290
-0.6834  118
-0.6832  145
-0.6821  42
-0.6807  84
-0.6803  156
-0.6724  61
-0.671  154
-0.6703  101
-0.6699  63
-0.6657  51
-0.6656  52
-0.6631  115
-0.6613  90
-0.6573  273
-0.6542  299
-0.6541  60
-0.6541  131
-0.653  214
-0.6508  89
-0.6463  191
-0.6438  134
-0.6409  143
-0.6407  256
-0.6398  106
-0.6398  219
-0.6359  38
-0.6335  56
-0.6328  20
-0.6322  68
-0.6299  231
-0.6285  142
-0.6215  162
-0.6182  271
-0.6177  184
-0.6159  230
-0.6113  206
-0.6072  30
-0.6051  258
-0.6031  14
-0.6019  116
-0.5964  161
-0.5912  16
-0.5867  114
-0.5855  25
-0.5855  287
-0.5759  218
-0.5748  236
-0.5747  73
-0.5714  160
-0.5696  10
-0.5684  48
-0.5682  104
-0.5668  76
-0.5614  222
-0.5605  294
-0.5583  293
-0.5576  62
-0.556  289
-0.5556  193
-0.5554  296
-0.5536  85
-0.5504  123
-0.5497  247
-0.5495  242
-0.549  40
-0.548  188
-0.5475  67
-0.5474  263
-0.5445  21
-0.5416  169
-0.5372  240
-0.5338  108
-0.5331  178
-0.5327  27
-0.5308  261
-0.5278  227
-0.5268  250
-0.5254  147
-0.5237  279
-0.5223  171
-0.5156  69
-0.5138  205
-0.5095  274
-0.5016  199
-0.5002  195
-0.4991  157
-0.4952  246
-0.4937  180
-0.4933  223
-0.4922  211
-0.489  58
-0.4858  81
-0.4796  75
-0.4791  148
-0.4787  165
-0.4782  64
-0.4778  18
-0.4752  189
-0.4728  190
-0.4678  217
-0.4642  209
-0.4638  224
-0.462  82
-0.4593  277
-0.4579  93
-0.4575  80
-0.4535  141
-0.4521  151
-0.4516  204
-0.4505  280
-0.4499  210
-0.4499  281
-0.4472  253
-0.445  120
-0.4445  269
-0.4399  276
-0.4359  221
-0.4341  275
-0.4337  49
-0.4319  192
-0.4287  4
-0.4278  1
-0.4192  226
-0.4188  125
-0.4165  66
-0.4039  241
-0.4004  102
-0.3999  13
-0.394  79
-0.3936  109
-0.39  255
-0.3895  112
-0.3887  173
-0.381  175
-0.3711  74
-0.3702  297
-0.3653  228
-0.3589  135
-0.3486  229
-0.3463  198
-0.3455  86
-0.345  83
-0.345  144
-0.3428  7
-0.3405  153
-0.3391  172
-0.3351  121
-0.3333  9
-0.3315  136
-0.3306  137
-0.3284  39
-0.3279  234
-0.3248  91
-0.3202  163
-0.3176  87
-0.3149  182
-0.3148  232
-0.3123  70
-0.3103  186
-0.3099  167
-0.3091  152
-0.3059  132
-0.304  19
-0.2987  54
-0.2987  272
-0.2954  36
-0.2933  158
-0.2928  249
-0.2883  22
-0.2843  248
-0.2813  3
-0.2802  35
-0.2758  98
-0.2739  17
-0.2725  239
-0.2676  105
-0.2649  278
-0.2609  295
-0.2591  92
-0.2546  126
-0.2527  260
-0.2446  8
-0.2446  107
-0.2437  122
-0.2426  11
-0.2411  33
-0.2271  244
-0.2257  208
-0.2244  213
-0.2156  245
-0.2078  59
-0.2051  164
-0.1988  100
-0.197  15
-0.1947  237
-0.192  5
-0.1877  139
-0.1861  45
-0.1827  146
-0.1537  124
-0.146  298
-0.1433  30
-0.1398  196
-0.1389  225
-0.1354  251
-0.1337  96
-0.1332  262
-0.131  170
-0.1281  12
-0.1267  113
-0.1225  26
-0.1052  46
-0.1024  71
-0.098  127
-0.0864  233
-0.0859  285
-0.0855  197
-0.0771  263
-0.0729  34
-0.0696  216
-0.0689  291
-0.0688  283
-0.0683  181
-0.0674  268
-0.0661  187
-0.0617  77
-0.061  174
-0.0241  266
-0.0196  2
-0.0195  65
-0.0151  37
-0.0008  215
0.0054  149
0.019  94
0.0253  259
0.0267  138
0.0357  97
0.0434  185
0.0473  53
0.0563  129
0.058  288
0.0605  282
0.0618  232
0.0628  284
0.0675  43
0.068  243
0.0716  270
0.0792  133
0.0864  103
0.0932  179
0.1062  177
0.1082  264
0.1145  203
0.1189  130
0.1191  48
0.1201  159
0.1293  51
0.1354  140
0.1435  55
0.1471  257
0.1547  191
0.1646  23
0.1649  128
0.1724  267
0.1735  212
0.1736  68
0.1756  95
0.1757  150
0.1925  194
0.2076  29
0.2117  258
0.2153  286
0.217  32
0.229  88
0.2392  78
0.2416  117
0.2473  50
0.2513  200
0.2537  207
0.2562  236
0.2592  168
0.2646  41
0.2653  254
0.2813  202
0.2816  293
0.2862  265
0.2888  183
0.2901  44
0.2941  123
0.2946  57
0.2957  252
0.2963  40
0.2984  67
0.303  155
0.3136  201
0.3199  290
0.3222  118
0.3225  145
0.3246  42
0.3269  31
0.327  84
0.3278  156
0.3419  61
0.3436  30
0.3443  154
0.3457  101
0.3542  52
0.3589  115
0.3622  90
0.3698  273
0.3757  60
0.3757  131
0.3757  299
0.3778  214
0.382  89
0.3956  134
0.3961  238
0.4011  143
0.4016  256
0.4034  106
0.4034  219
0.4109  38
0.4158  56
0.4186  263
0.4257  142
0.4396  162
0.4417  7
0.4465  271
0.4475  184
0.4495  232
0.4512  230
0.4604  204
0.4623  280
0.472  120
0.4775  14
0.48  116
0.4915  161
0.5027  16
0.5123  36
0.5123  114
0.5146  25
0.5146  287
0.5204  139
0.5354  218
0.5377  73
0.5381  166
0.545  160
0.5489  10
0.5518  104
0.5526  220
0.5548  76
0.5665  222
0.5684  294
0.5746  62
0.5782  289
0.5791  193
0.5795  296
0.5834  85
0.5918  247
0.5922  242
0.6093  169
0.6262  108
0.6278  178
0.6287  27
0.6326  261
0.6413  250
0.6442  147
0.648  279
0.6509  171
0.6652  69
0.669  205
0.678  274
0.6909  70
0.6945  199
0.6957  152
0.6973  195
0.6996  157
0.7077  246
0.7107  180
0.7109  54
0.7109  272
0.7115  223
0.7139  211
0.7203  58
0.7267  81
0.7352  3
0.7392  75
0.7402  148
0.741  165
0.7419  64
0.7427  98
0.7428  18
0.7525  190
0.7622  217
0.7691  209
0.7699  224
0.7733  82
0.7784  277
0.7809  93
0.7818  80
0.7863  11
0.7892  141
0.7918  151
0.7958  210
0.7959  281
0.8008  253
0.8057  269
0.8138  276
0.8194  30
0.8209  221
0.824  275
0.8248  49
0.8279  192
0.8304  232
0.8333  4
0.8349  1
0.8466  5
0.8493  226
0.85  125
0.8537  66
0.8566  48
0.857  146
0.8739  241
0.8794  102
0.8801  13
0.8891  79
0.8898  109
0.8952  255
0.8959  112
0.896  298
0.8972  173
0.8975  263
0.9069  251
0.9084  175
0.9092  262
0.9114  170
0.9224  74
0.9236  297
0.9304  228
0.9364  63
0.9389  135
0.9395  71
0.9437  127
0.9524  229
0.9532  179
0.9546  233
0.9552  285
0.9553  198
0.9554  197
0.9564  86
0.957  83
0.957  144
0.9626  153
0.9643  172
0.9693  121
0.971  283
0.9714  9
0.9715  181
0.9723  268
0.9735  187
0.9736  136
0.9747  137
0.9773  39
0.9779  234
0.9817  91
0.987  163
0.9873  51
0.99  87
0.9931  182
0.9982  111
0.9982  186
0.9987  167
1.0032  132
1.0052  19
1.0108  191
1.0153  65
1.0168  158
1.0173  249
1.0192  37
1.0233  20
1.0262  248
1.0281  68
1.0295  231
1.0304  35
1.0317  215
1.0367  17
1.0372  149
1.0381  239
1.0429  105
1.0456  278
1.0489  94
1.0494  295
1.0512  92
1.0543  259
1.0555  126
1.0555  138
1.0572  260
1.0622  258
1.0647  8
1.0647  107
1.068  33
1.0697  185
1.0804  244
1.0806  129
1.0816  208
1.0821  288
1.0828  213
1.0841  282
1.086  284
1.0933  270
1.0969  59
1.0992  164
1.0996  133
1.1014  236
1.1044  100
1.1055  103
1.1058  15
1.1077  237
1.1217  177
1.1233  264
1.1234  293
1.1284  203
1.1328  159
1.1343  123
1.1361  40
1.138  67
1.1396  124
1.1451  140
1.1499  196
1.1506  225
1.1515  55
1.1544  257
1.1584  12
1.1594  113
1.1611  139
1.1612  188
1.1624  26
1.1635  7
1.1655  21
1.1681  23
1.1741  240
1.1746  46
1.175  212
1.1768  150
1.1835  6
1.1848  227
1.1898  194
1.1989  216
1.1994  291
1.2014  29
1.2014  232
1.2042  77
1.2073  286
1.2086  32
1.2178  88
1.2255  78
1.2273  117
1.2285  36
1.2289  266
1.2316  50
1.2319  2
1.2346  200
1.2363  189
1.2366  207
1.2406  168
1.2447  41
1.2453  254
1.2573  202
1.261  265
1.263  183
1.2675  97
1.2682  252
1.2731  30
1.2736  155
1.2748  53
1.2759  204
1.2776  280
1.2816  201
1.2858  120
1.2864  290
1.2877  43
1.288  243
1.2882  118
1.2884  145
1.2899  42
1.2918  84
1.2923  156
1.3029  61
1.3048  154
1.3058  101
1.3123  52
1.3158  115
1.3184  90
1.3199  130
1.3241  273
1.3285  299
1.3286  60
1.3286  131
1.3302  214
1.3334  89
1.3437  134
1.3479  143
1.3483  256
1.3485  128
1.3496  106
1.3496  219
1.3533  267
1.355  263
1.3553  95
1.3554  38
1.3568  22
1.3593  56
1.3668  142
1.3776  162
1.3788  122
1.3831  271
1.3838  184
1.3867  230
1.392  245
1.4056  45
1.4075  14
1.4095  116
1.4188  161
1.4278  16
1.4288  96
1.4301  57
1.4355  114
1.4375  25
1.4375  287
1.451  31
1.4546  218
1.4553  34
1.4567  73
1.4605  174
1.4627  160
1.466  10
1.4685  104
1.471  76
1.481  222
1.4826  294
1.4849  70
1.488  62
1.4895  152
1.491  289
1.4919  193
1.4922  296
1.4956  85
1.4977  238
1.5028  48
1.5031  247
1.5034  242
1.5047  54
1.5047  272
1.5186  169
1.5295  3
1.5339  108
1.5353  178
1.5362  27
1.5372  98
1.5398  261
1.5477  250
1.5505  147
1.5542  279
1.5568  171
1.5705  69
1.5724  232
1.5741  205
1.5828  274
1.5833  206
1.5838  11
1.5991  199
1.602  195
1.6042  157
1.6124  246
1.6154  180
1.6164  223
1.6173  220
1.6187  211
1.6253  58
1.6321  81
1.6341  44
1.6452  75
1.6462  148
1.647  165
1.6481  64
1.6491  18
1.652  5
1.6595  190
1.6643  146
1.6701  217
1.6777  209
1.6786  224
1.6823  82
1.6882  277
1.6896  179
1.6911  93
1.6919  80
1.7005  141
1.7034  151
1.7081  210
1.7082  281
1.7122  298
1.714  253
1.7196  269
1.726  251
1.7288  262
1.7293  276
1.7316  170
1.7321  51
1.7322  30
1.7377  221
1.7416  275
1.7424  49
1.7463  192
1.753  4
1.7548  1
1.762  191
1.7683  71
1.7729  226
1.7738  125
1.7739  127
1.7785  66
1.7842  68
1.7888  233
1.7889  139
1.7894  285
1.7899  197
1.8048  241
1.8112  283
1.8119  181
1.8121  102
1.813  268
1.8131  13
1.8147  187
1.8243  263
1.8251  79
1.8259  109
1.829  258
1.8334  255
1.8343  112
1.836  173
1.8517  175
1.8664  7
1.8715  74
1.8734  297
1.8741  65
1.8798  37
1.8816  236
1.883  228
1.8957  135
1.8983  215
1.9065  149
1.9116  293
1.9158  229
1.9201  198
1.9219  86
1.9227  83
1.9227  144
1.924  94
1.9264  123
1.929  40
1.9314  153
1.9315  67
1.9323  259
1.934  172
1.9341  138
1.9418  121
1.9451  9
1.9485  136
1.9501  36
1.9502  137
1.9516  232
1.9544  39
1.9554  234
1.956  185
1.9612  91
1.9699  163
1.9728  129
1.9745  87
1.9751  288
1.9782  282
1.9797  182
1.9812  284
1.9882  186
1.9887  167
1.9927  270
1.9963  132
1.9997  19
2.0028  133
2.012  103
2.0192  158
2.0201  249
2.0351  248
2.0379  177
2.0407  264
2.0423  35
2.0489  203
2.0535  17
2.0558  159
2.056  239
2.0645  105
2.069  278
2.0759  140
2.076  295
2.0791  92
2.0863  55
2.0869  126
2.0902  260
2.091  257
2.1029  63
2.104  8
2.104  107
2.1098  33
2.1137  23
2.1246  204
2.1251  212
2.127  280
2.1281  150
2.1332  244
2.1354  208
2.1375  213
2.1386  120
2.1497  194
2.1647  59
2.1687  29
2.1692  164
2.1786  286
2.1794  100
2.1807  32
2.1822  15
2.1859  237
2.196  88
2.2081  30
2.2091  78
2.2119  117
2.2172  48
2.2193  50
2.2242  200
2.2275  207
2.2341  168
2.241  41
2.2421  254
2.2506  124
2.2618  202
2.2681  265
2.2713  183
2.2719  196
2.2734  225
2.2799  252
2.2811  20
2.289  155
2.29  12
2.292  113
2.2951  231
2.2984  26
2.3023  201
2.3087  263
2.31  290
2.3129  118
2.3133  145
2.3158  42
2.3189  84
2.3198  156
2.3246  46
2.335  232
2.3371  61
2.3404  154
2.3419  101
2.3525  52
2.3583  115
2.3623  90
2.3715  273
2.3778  216
2.3787  299
2.3788  291
2.3789  60
2.3789  131
2.3814  214
2.3865  89
2.3894  77
2.4031  134
2.41  143
2.4105  256
2.4127  106
2.4127  219
2.4157  70
2.4219  38
2.4219  152
2.4279  56
2.4399  142
2.4424  54
2.4424  272
2.4448  266
2.4514  2
2.4569  162
2.4652  271
2.4663  184
2.4708  230
2.4721  139
2.4756  3
2.4859  98
2.5029  14
2.5059  116
2.52  161
2.532  97
2.5334  16
2.545  114
2.5472  11
2.5479  25
2.548  287
2.5485  53
2.5487  179
2.573  218
2.576  73
2.5776  43
2.5784  243
2.5848  160
2.5896  10
2.5931  104
2.5967  76
2.5999  51
2.6111  222
2.6133  294
2.6209  62
2.6249  188
2.6251  289
2.6262  193
2.6268  296
2.6314  85
2.6348  5
2.6353  191
2.6366  21
2.6418  247
2.6422  242
2.643  7
2.6488  130
2.6503  146
2.6596  240
2.6613  68
2.6632  169
2.6838  108
2.685  30
2.6856  178
2.6869  27
2.6882  227
2.6917  261
2.7021  250
2.7058  147
2.7095  298
2.7097  128
2.7105  279
2.7125  258
2.714  171
2.7171  232
2.7194  267
2.7237  95
2.7264  251
2.7297  262
2.7316  69
2.7332  170
2.7343  36
2.7363  205
2.7472  274
2.7678  199
2.771  236
2.7714  195
2.7741  157
2.777  71
2.7835  127
2.7841  246
2.7879  180
2.7889  223
2.7908  263
2.7917  211
2.7998  58
2.8009  233
2.8018  285
2.8022  197
2.8036  293
2.808  81
2.8195  123
2.8222  40
2.8234  75
2.8247  148
2.8249  67
2.8256  165
2.8265  189
2.8268  64
2.827  283
2.8278  181
2.8281  18
2.8289  268
2.8309  187
2.8401  190
2.8524  217
2.8612  209
2.8621  224
2.8642  57
2.8664  82
2.873  277
2.8762  93
2.8772  80
2.8867  141
2.8899  151
2.8951  210
2.8953  281
2.8977  65
2.8988  31
2.9017  253
2.904  37
2.9077  269
2.9183  276
2.924  215
2.9274  221
2.9314  275
2.9323  49
2.9328  149
2.9364  192
2.9376  48
2.9436  4
2.9455  1
2.9515  94
2.9604  259
2.9622  138
2.9643  226
2.9652  125
2.9682  238
2.97  66
2.9851  185
2.9967  241
3.0026  129
3.004  102
3.0049  288
3.005  13
3.0081  282
3.0111  284
3.0169  79
3.0178  109
3.0212  204
3.0229  270
3.0235  280
3.0251  255
3.0259  112
3.0277  173
3.0329  133
3.0347  120
3.0422  103
3.0429  175
3.0617  74
3.0636  297
3.0678  177
3.0706  264
3.0727  228
3.0787  203
3.0847  135
3.0854  159
3.0942  232
3.1032  229
3.1048  140
3.1071  198
3.1079  220
3.1088  86
3.1095  83
3.1095  144
3.1146  55
3.1174  153
3.1191  257
3.1199  172
3.1224  22
3.1269  121
3.1298  139
3.1299  9
3.1329  136
3.1345  137
3.1382  39
3.1391  234
3.1404  23
3.1444  91
3.1507  30
3.1511  212
3.1521  163
3.1538  150
3.1561  87
3.1607  182
3.1682  186
3.1687  167
3.1691  122
3.1737  194
3.1753  132
3.1784  19
3.1911  29
3.1953  158
3.196  249
3.1963  245
3.2  286
3.2018  32
3.209  248
3.2152  35
3.2157  88
3.2227  45
3.2248  17
3.227  239
3.2273  78
3.2298  117
3.2341  105
3.2363  50
3.238  278
3.2408  200
3.2437  207
3.2439  295
3.2464  92
3.2495  168
3.253  126
3.2555  41
3.2559  260
3.2565  254
3.2595  263
3.2658  96
3.2674  8
3.2674  107
3.2722  33
3.2738  202
3.2792  265
3.282  183
3.2894  252
3.2918  244
3.2934  70
3.2935  208
3.2954  213
3.2974  155
3.2991  152
3.3088  201
3.3107  34
3.3154  290
3.3177  59
3.3178  54
3.3178  272
3.318  118
3.3183  145
3.3191  174
3.3204  42
3.3215  164
3.3232  84
3.3239  156
3.3298  100
3.3322  15
3.3352  237
3.3387  61
3.3389  179
3.3415  154
3.3428  101
3.3483  3
3.3518  52
3.3568  115
3.3578  98
3.3592  7
3.3602  90
3.3681  273
3.3741  299
3.3744  60
3.3744  131
3.3766  214
3.3809  89
3.3882  124
3.3883  51
3.3949  134
3.3984  6
3.4007  143
3.4011  256
3.403  106
3.403  219
3.4055  196
3.4067  225
3.4109  38
3.4144  11
3.416  56
3.4202  12
3.4219  113
3.4225  191
3.4262  142
3.4271  26
3.4407  162
3.4477  68
3.4479  271
3.4486  46
3.4487  184
3.4488  36
3.4514  63
3.4527  230
3.4667  232
3.4801  14
3.4827  116
3.4923  216
3.4931  291
3.4949  161
3.4966  5
3.4976  258
3.5019  77
3.5064  16
3.5091  44
3.5112  146
3.5165  114
3.519  25
3.519  287
3.5408  218
3.5435  73
3.548  266
3.5513  160
3.5537  2
3.5554  10
3.5554  236
3.5585  104
3.5618  76
3.5619  20
3.5685  298
3.5709  231
3.5745  222
3.5766  294
3.5833  62
3.5853  251
3.5871  289
3.588  193
3.5881  293
3.5884  262
3.5885  296
3.5918  170
3.5928  85
3.6022  247
3.6023  48
3.6025  242
3.604  123
3.6067  40
3.6077  30
3.6095  67
3.6216  169
3.6229  97
3.6359  71
3.6375  53
3.6405  108
3.6422  178
3.6425  127
3.6434  27
3.6479  261
3.6575  250
3.6602  233
3.661  285
3.6611  147
3.6616  197
3.6634  43
3.6642  243
3.6654  279
3.6688  171
3.6854  69
3.6872  283
3.6879  181
3.6892  268
3.6899  205
3.6913  187
3.7005  274
3.7205  199
3.7236  263
3.724  195
3.7267  157
3.7292  130
3.7294  206
3.7365  246
3.7404  180
3.7413  223
3.7441  211
3.7523  58
3.7568  139
3.7605  81
3.7626  65
3.7694  37
3.7762  75
3.7776  148
3.7784  165
3.7797  64
3.781  18
3.7887  128
3.7914  215
3.7935  190
3.7983  267
3.8014  149
3.8027  95
3.8064  217
3.8156  209
3.8165  224
3.817  204
3.8172  188
3.8197  280
3.821  82
3.8224  94
3.8277  21
3.828  277
3.8316  93
3.8321  120
3.8324  259
3.8327  80
3.8346  138
3.8411  232
3.8428  141
3.8463  151
3.8486  240
3.8519  210
3.8521  281
3.8591  253
3.8609  185
3.8658  269
3.8758  227
3.8776  276
3.8811  129
3.8838  288
3.8876  221
3.8876  282
3.8913  284
3.8921  275
3.8932  49
3.8979  192
3.9052  270
3.906  4
3.9082  1
3.9171  133
3.9282  103
3.9298  226
3.9308  125
3.9364  66
3.9501  111
3.9557  57
3.9593  177
3.9627  264
3.968  241
3.9726  203
3.9767  102
3.9779  13
3.9808  159
3.9923  79
3.9934  109
3.9972  31
4.0026  255
4.0034  112
4.005  140
4.0056  173
4.0174  55
4.0229  257
4.0236  189
4.0244  175
4.0483  74
4.0501  23
4.0506  297
4.0622  228
4.0638  212
4.0673  150
4.0729  7
4.0734  30
4.0777  135
4.0849  238
4.0929  194
4.1019  229
4.1073  198
4.1093  86
4.1104  83
4.1104  144
4.1157  29
4.1193  179
4.1208  153
4.1241  172
4.1273  286
4.1299  32
4.1336  121
4.1377  9
4.1401  70
4.1418  136
4.1439  137
4.1474  152
4.1483  88
4.1488  39
4.1502  234
4.1573  91
4.1636  78
4.1669  117
4.1681  163
4.1709  54
4.1709  272
4.1734  87
4.1756  50
4.1787  36
4.1797  182
4.1804  51
4.1816  200
4.1854  207
4.1903  186
4.191  167
4.1933  168
4.1986  263
4.2001  132
4.2012  41
4.2025  254
4.2045  19
4.2096  3
4.2201  232
4.2217  98
4.2226  191
4.2258  202
4.2284  158
4.2295  249
4.2332  265
4.2369  183
4.2471  252
4.2481  248
4.254  68
4.2568  35
4.258  155
4.2709  17
4.2734  201
4.2739  239
4.2823  290
4.2829  220
4.2843  105
4.2858  118
4.2863  145
4.289  42
4.2901  278
4.2929  84
4.2939  156
4.2945  11
4.2986  295
4.3  48
4.3024  92
4.3121  126
4.3141  61
4.3157  258
4.3164  260
4.3178  154
4.3198  101
4.3321  52
4.3335  8
4.3335  107
4.3388  115
4.3406  33
4.3436  90
4.3542  273
4.3624  299
4.3628  60
4.3628  131
4.3658  214
4.37  244
4.3716  89
4.3727  208
4.3754  213
4.3867  236
4.3909  134
4.3988  143
4.3994  256
4.4007  5
4.402  106
4.402  219
4.4093  59
4.4127  38
4.415  164
4.4185  139
4.4196  56
4.4196  146
4.4266  293
4.4277  100
4.4312  15
4.4336  142
4.4358  237
4.446  123
4.4493  40
4.4528  67
4.4532  162
4.4629  271
4.4642  184
4.4695  230
4.4808  22
4.4935  298
4.5066  14
4.5101  116
4.515  251
4.5174  124
4.5191  262
4.5234  170
4.5263  161
4.5416  16
4.5441  196
4.546  30
4.5461  225
4.555  114
4.5585  25
4.5585  287
4.567  12
4.5696  113
4.5761  122
4.5775  26
4.5794  71
4.5873  218
4.5878  127
4.5908  73
4.6007  232
4.601  160
4.6064  10
4.6102  233
4.6105  46
4.6105  104
4.6111  285
4.6119  197
4.6147  76
4.6312  222
4.6339  294
4.6341  245
4.6427  62
4.6439  283
4.6449  181
4.6465  268
4.6476  289
4.6488  193
4.649  187
4.6493  296
4.6548  85
4.6669  247
4.6673  242
4.6774  216
4.6779  263
4.6786  291
4.6916  169
4.6919  77
4.6926  45
4.697  204
4.7  280
4.7142  120
4.7154  108
4.7175  178
4.7189  27
4.7246  261
4.7364  65
4.7365  250
4.741  147
4.7447  37
4.7463  279
4.7505  171
4.7607  266
4.769  2
4.7709  69
4.7712  215
4.7763  205
4.7831  149
4.7893  274
4.7907  96
4.8079  94
4.8132  199
4.8174  195
4.8197  259
4.8207  157
4.8221  138
4.8253  7
4.8301  63
4.8323  246
4.8368  180
4.8379  223
4.8411  211
4.8508  58
4.8527  185
4.8603  81
4.8678  97
4.876  129
4.8785  75
4.8791  288
4.8802  148
4.8809  165
4.8826  64
4.8834  282
4.884  18
4.8876  284
4.8878  53
4.8953  34
4.8984  190
4.9034  270
4.913  217
4.9146  174
4.9168  133
4.9226  43
4.9233  209
4.9237  243
4.9244  224
4.9292  103
4.9295  82
4.9367  36
4.9374  277
4.9413  93
4.9424  80
4.9467  179
4.9537  141
4.9576  151
4.9636  177
4.9638  210
4.9639  281
4.9674  264
4.9716  253
4.9781  203
4.9789  269
4.9795  232
4.9861  20
4.9872  159
4.9918  276
4.9979  231
5.0025  221
5.0073  48
5.0073  130
5.0073  275
5.0086  49
5.0109  51
5.0131  140
5.0136  192
5.0153  30
5.0221  4
5.0245  1
5.0265  55
5.0324  257
5.0457  70
5.0474  226
5.0483  125
5.0533  152
5.0543  66
5.0547  191
5.061  23
5.0753  212
5.0773  54
5.0773  272
5.0781  139
5.0788  128
5.0789  150
5.0869  68
5.087  241
5.0898  267
5.0948  95
5.096  102
5.0971  13
5.1055  194
5.1119  79
5.1129  109
5.1165  3
5.1222  255
5.1231  112
5.1252  173
5.1286  98
5.1287  29
5.1405  286
5.143  32
5.1442  175
5.1497  258
5.1513  263
5.1615  88
5.1678  74
5.1701  297
5.1768  78
5.1801  117
5.1815  228
5.1888  50
5.1946  200
5.1967  135
5.1984  207
5.2015  11
5.2062  168
5.2139  41
5.2153  254
5.2203  229
5.2208  236
5.2254  198
5.2274  86
5.2285  83
5.2285  144
5.2379  202
5.2384  153
5.2416  172
5.2452  265
5.2486  183
5.2507  121
5.2545  9
5.2558  57
5.2585  136
5.2585  252
5.2604  293
5.2605  137
5.2651  39
5.2665  234
5.269  155
5.2713  188
5.2732  91
5.2795  123
5.2811  21
5.2828  40
5.2835  163
5.2837  201
5.2862  67
5.2885  87
5.2924  290
5.2944  182
5.2952  31
5.2956  118
5.2961  145
5.2987  42
5.3008  240
5.3023  84
5.3032  156
5.3043  186
5.305  167
5.3061  5
5.3134  132
5.3142  44
5.3177  19
5.3225  61
5.3246  146
5.3254  227
5.326  154
5.3279  101
5.3395  52
5.3399  158
5.3409  249
5.342  6
5.3458  115
5.3502  90
5.3548  232
5.3581  248
5.3603  273
5.3663  35
5.3679  299
5.3683  60
5.3683  131
5.3711  214
5.3748  238
5.3766  89
5.3793  17
5.3822  239
5.3917  105
5.3946  134
5.3966  298
5.397  278
5.4019  143
5.4024  256
5.4048  106
5.4048  219
5.4048  295
5.4083  92
5.4149  38
5.4173  126
5.4176  251
5.4213  56
5.4213  260
5.4217  262
5.4259  170
5.4342  142
5.437  8
5.437  107
5.4435  33
5.452  189
5.4524  162
5.4615  271
5.4626  184
5.4675  230
5.4704  244
5.4729  208
5.4755  213
5.477  30
5.4806  71
5.4888  127
5.5018  14
5.5051  116
5.5065  59
5.5109  233
5.5116  164
5.5118  285
5.5126  197
5.5201  161
5.5234  100
5.5256  204
5.5266  15
5.5285  280
5.5308  237
5.5344  16
5.5394  7
5.5417  220
5.5425  120
5.544  283
5.545  181
5.5466  268
5.5468  114
5.5491  187
5.55  25
5.55  287
5.5769  218
5.5802  73
5.5898  160
5.5948  10
5.5987  104
5.6026  76
5.6063  124
5.6181  222
5.6183  263
5.6207  294
5.629  62
5.6313  196
5.6332  225
5.6336  289
5.6347  193
5.6351  296
5.636  65
5.6405  85
5.6444  37
5.6519  247
5.6524  242
5.6529  12
5.6535  36
5.6553  113
5.6628  26
5.6711  215
5.6755  169
5.6824  48
5.6831  149
5.6942  46
5.6983  108
5.7003  178
5.7018  27
5.7072  261
5.7085  94
5.7134  139
5.7188  250
5.7194  179
5.7206  259
5.723  138
5.7232  147
5.7282  279
5.7292  232
5.7325  171
5.7524  69
5.7547  185
5.7576  205
5.759  216
5.7603  291
5.7705  274
5.7709  206
5.7733  77
5.7789  129
5.7822  288
5.7866  282
5.7873  51
5.7911  284
5.7943  199
5.7986  195
5.8019  157
5.8076  270
5.8135  246
5.8181  180
5.8193  223
5.8218  133
5.8223  211
5.8232  22
5.8323  58
5.8341  191
5.8351  103
5.842  81
5.8425  266
5.8511  2
5.8607  75
5.8625  148
5.8632  165
5.8649  64
5.8663  18
5.8688  68
5.8721  177
5.8762  264
5.8812  190
5.8826  70
5.8878  203
5.8908  152
5.8965  217
5.8976  159
5.9074  209
5.9085  224
5.9091  122
5.9138  82
5.917  54
5.917  272
5.9222  277
5.926  140
5.9263  93
5.9276  80
5.9373  258
5.9392  30
5.9395  141
5.9408  55
5.9437  151
5.9472  257
5.9504  210
5.9505  281
5.9556  97
5.959  253
5.9599  3
5.9645  245
5.9667  269
5.9733  98
5.9774  53
5.9792  23
5.9808  276
5.9925  221
5.9951  212
5.9978  275
5.9992  49
5.9992  150
6.0047  192
6.0143  4
6.016  236
6.0163  43
6.0169  1
6.0174  243
6.0235  45
6.0281  63
6.0293  194
6.0424  226
6.0435  125
6.0503  66
6.0551  11
6.0558  29
6.0603  293
6.0695  286
6.0723  32
6.082  123
6.0856  40
6.0875  241
6.0889  263
6.0895  67
6.0937  88
6.0977  102
6.0991  13
6.1059  232
6.1115  78
6.1144  130
6.1155  117
6.1162  79
6.1175  109
6.1256  50
6.1282  255
6.1294  112
6.1304  96
6.1317  173
6.1324  200
6.1368  207
6.1459  168
6.1541  175
6.1551  41
6.1566  254
6.176  5
6.182  74
6.1835  202
6.1848  297
6.1922  265
6.1962  183
6.1978  146
6.1986  228
6.2005  20
6.2012  128
6.2082  252
6.2144  231
6.2151  267
6.217  135
6.2206  155
6.2214  95
6.2384  201
6.2456  229
6.2487  290
6.2518  198
6.2523  111
6.2527  118
6.2533  145
6.2544  86
6.2557  83
6.2557  144
6.2564  42
6.2577  34
6.2607  84
6.2618  156
6.262  7
6.2679  153
6.2719  172
6.283  174
6.2831  298
6.2832  121
6.285  61
6.2878  9
6.2893  154
6.2916  101
6.2929  136
6.2953  137
6.301  39
6.3029  234
6.3057  52
6.3083  251
6.3113  91
6.3131  262
6.3133  115
6.3182  170
6.3189  90
6.324  163
6.3303  87
6.3311  273
6.3379  182
6.3404  299
6.3409  60
6.3409  131
6.3443  214
6.3502  186
6.3509  89
6.3512  167
6.3619  132
6.3645  204
6.3648  139
6.3674  19
6.3677  280
6.373  134
6.3752  48
6.3819  143
6.3824  256
6.3839  71
6.384  120
6.3853  106
6.3853  219
6.3897  36
6.3938  127
6.3955  158
6.3969  249
6.3978  38
6.4056  56
6.4075  30
6.4189  248
6.4205  233
6.4215  142
6.4215  285
6.4225  197
6.4293  35
6.4317  57
6.4438  162
6.4461  17
6.4499  239
6.4548  271
6.4563  184
6.4606  283
6.4616  181
6.4621  105
6.4622  230
6.4636  268
6.4667  187
6.469  278
6.4791  295
6.4836  92
6.4846  232
6.4854  31
6.4953  126
6.5005  260
6.5043  14
6.5085  116
6.521  8
6.521  107
6.5238  179
6.5267  161
6.5293  33
6.5441  16
6.5593  114
6.5633  25
6.5633  287
6.5643  244
6.5648  263
6.5676  208
6.571  213
6.5715  65
6.5726  188
6.5815  37
6.5866  21
6.5947  238
6.5958  218
6.5999  73
6.6009  51
6.6114  59
6.6115  160
6.6135  215
6.6144  240
6.6176  10
6.6182  164
6.6224  104
6.627  76
6.6279  149
6.6336  100
6.6377  15
6.6432  237
6.6458  222
6.6489  294
6.6498  227
6.6537  191
6.6581  94
6.6589  62
6.6643  289
6.6657  193
6.6662  296
6.6724  259
6.6726  85
6.6753  138
6.6864  247
6.6868  242
6.6926  68
6.7126  185
6.7143  169
6.7408  124
6.7412  129
6.7414  108
6.7437  178
6.745  288
6.7454  27
6.7502  282
6.7519  261
6.7555  284
6.7654  250
6.7684  258
6.7706  147
6.7724  70
6.7728  196
6.7746  270
6.7752  225
6.7765  279
6.7814  171
6.7817  152
6.7911  133
6.8003  12
6.8033  113
6.8047  69
6.8064  103
6.8106  54
6.8106  272
6.8107  205
6.8128  26
6.8206  220
6.8257  274
6.832  189
6.8487  177
6.8523  46
6.853  199
6.8534  264
6.8544  236
6.8578  195
6.858  3
6.8616  157
6.8633  232
6.8666  203
6.8727  98
6.8749  246
6.8768  30
6.8777  159
6.8802  180
6.8814  223
6.8849  211
6.8962  58
6.9022  293
6.9071  81
6.9097  140
6.9254  123
6.9262  55
6.9281  75
6.9293  40
6.93  148
6.9308  165
6.9323  216
6.9327  64
6.9333  67
6.9335  257
6.9337  291
6.9343  18
6.9349  44
6.9496  77
6.9509  190
6.9616  11
6.9678  217
6.9688  23
6.9798  209
6.9812  224
6.9863  212
6.9869  82
6.9908  150
6.9962  277
7.0006  93
7.0013  7
7.002  80
7.015  141
7.0196  151
7.0221  139
7.0236  194
7.0266  210
7.0269  281
7.0318  266
7.036  253
7.0395  263
7.0417  2
7.0443  269
7.0521  29
7.0595  276
7.0669  286
7.0698  32
7.072  221
7.075  48
7.0777  275
7.0792  49
7.0849  192
7.0901  5
7.0927  88
7.0951  4
7.0979  1
7.1115  78
7.1129  146
7.1146  6
7.1156  117
7.1247  226
7.126  125
7.1262  50
7.133  66
7.1333  200
7.1335  36
7.138  207
7.1475  168
7.1571  41
7.1587  254
7.1598  97
7.1718  241
7.1823  102
7.1837  13
7.1837  53
7.1865  202
7.1956  265
7.1997  183
7.2013  79
7.2018  298
7.2026  109
7.2119  252
7.2137  255
7.2148  112
7.2172  173
7.2194  204
7.2226  280
7.2246  155
7.2256  43
7.2267  243
7.2276  251
7.2326  262
7.2377  170
7.239  120
7.24  175
7.2403  232
7.2428  201
7.2532  290
7.2573  118
7.2579  145
7.2611  42
7.2654  84
7.2665  156
7.2683  74
7.2711  297
7.2849  228
7.2899  61
7.2942  154
7.2965  101
7.3034  135
7.305  71
7.3107  52
7.3127  22
7.3151  127
7.3183  115
7.3238  90
7.3246  179
7.3279  130
7.3318  229
7.3359  273
7.3381  198
7.3406  86
7.3419  30
7.3419  83
7.3419  144
7.3422  233
7.3433  285
7.3442  197
7.3452  299
7.3458  60
7.3458  131
7.3491  214
7.354  153
7.3556  89
7.358  172
7.3667  63
7.3692  121
7.3738  9
7.3775  134
7.3787  136
7.3812  137
7.3828  283
7.3839  181
7.3858  268
7.3864  143
7.3867  39
7.3869  256
7.3886  234
7.389  187
7.3897  106
7.3897  219
7.3969  91
7.4021  38
7.4031  51
7.4056  122
7.4094  163
7.4098  56
7.4148  128
7.4155  87
7.423  182
7.4254  142
7.4285  267
7.4347  95
7.4352  186
7.4362  167
7.4466  132
7.4474  162
7.452  19
7.4568  191
7.4581  271
7.4595  184
7.4624  245
7.4654  230
7.4796  158
7.4809  249
7.4949  65
7.4963  68
7.5024  248
7.5049  37
7.5065  14
7.5094  263
7.5106  116
7.5126  35
7.5207  45
7.5255  20
7.5284  161
7.529  17
7.5328  239
7.5373  215
7.5381  231
7.5446  105
7.5453  16
7.5514  278
7.5518  149
7.5602  114
7.5612  295
7.5641  25
7.5642  287
7.5656  92
7.5737  258
7.5771  126
7.5821  260
7.5822  94
7.5959  218
7.5968  259
7.5997  138
7.5999  73
7.6021  8
7.6021  107
7.6103  33
7.6112  160
7.6156  232
7.6171  10
7.6218  96
7.6218  104
7.6265  76
7.6301  70
7.6367  57
7.6375  185
7.6394  152
7.6448  222
7.6448  244
7.6478  294
7.6479  208
7.6513  213
7.6577  62
7.6614  236
7.663  289
7.6639  139
7.6644  193
7.6648  296
7.6665  129
7.6689  54
7.6689  272
7.6705  288
7.6712  85
7.6758  282
7.6811  284
7.6847  247
7.6851  242
7.6874  31
7.6911  59
7.6979  164
7.7007  270
7.7105  293
7.7123  169
7.7131  100
7.7172  15
7.7174  3
7.7175  7
7.7175  133
7.7228  237
7.7323  98
7.7332  103
7.7346  123
7.7382  34
7.7386  40
7.7391  108
7.7414  178
7.7427  67
7.743  27
7.7496  261
7.756  48
7.7613  174
7.7629  250
7.7633  206
7.7682  147
7.7742  279
7.7768  177
7.779  171
7.7816  264
7.7918  238
7.7953  203
7.8023  69
7.8046  30
7.8067  159
7.8084  205
7.8208  124
7.8235  274
7.8243  11
7.8401  140
7.8512  199
7.8534  196
7.8553  36
7.8559  225
7.8561  195
7.8573  55
7.8599  157
7.8603  188
7.8649  257
7.8733  21
7.8735  246
7.8789  180
7.8802  223
7.8817  12
7.8837  211
7.8849  113
7.8947  26
7.8954  58
7.8996  240
7.9021  23
7.9066  81
7.9206  212
7.9255  150
7.9283  75
7.9303  148
7.931  165
7.933  64
7.9333  227
7.9346  18
7.936  46
7.952  190
7.9602  5
7.9604  194
7.9697  217
7.9792  263
7.9824  209
7.9837  224
7.9848  146
7.9897  82
7.991  29
7.9916  232
7.9996  277
8.0043  93
8.0058  80
8.007  286
8.0101  32
8.0153  220
8.0194  141
8.0212  216
8.0227  291
8.0243  151
8.0319  210
8.0321  281
8.0349  88
8.0399  77
8.0419  253
8.0441  204
8.0476  280
8.0509  269
8.0553  78
8.0597  117
8.0653  120
8.0671  276
8.0714  50
8.0792  200
8.0808  221
8.0814  298
8.0843  207
8.0869  275
8.0885  49
8.0947  168
8.0947  192
8.1053  41
8.1058  4
8.1071  254
8.1074  179
8.1088  1
8.1099  251
8.1154  262
8.1168  189
8.1211  170
8.1307  266
8.1378  202
8.1382  226
8.1397  125
8.1417  2
8.1473  66
8.1479  265
8.1523  183
8.1659  252
8.1801  155
8.1905  241
8.1935  51
8.196  71
8.2004  201
8.2021  102
8.2037  13
8.2072  127
8.2122  290
8.2166  118
8.2173  145
8.2209  42
8.2235  79
8.2249  109
8.2258  84
8.2271  156
8.2374  255
8.2378  233
8.2387  112
8.2389  285
8.24  197
8.2414  173
8.2526  191
8.2535  61
8.2583  154
8.261  101
8.2672  175
8.2702  30
8.2769  52
8.2773  97
8.2836  283
8.2847  181
8.2855  115
8.287  268
8.2905  187
8.2917  90
8.2964  68
8.2995  74
8.3028  297
8.3054  53
8.3056  273
8.311  139
8.316  299
8.3167  60
8.3167  131
8.3187  228
8.3205  214
8.328  89
8.3401  135
8.353  134
8.3553  43
8.3566  243
8.3631  143
8.3636  256
8.3669  106
8.3669  219
8.369  232
8.3729  229
8.3802  198
8.381  38
8.3819  258
8.3831  86
8.3846  83
8.3846  144
8.3899  56
8.3987  153
8.4035  172
8.4076  142
8.4111  65
8.4166  121
8.4218  9
8.4227  37
8.4277  136
8.4306  137
8.4328  162
8.4349  44
8.4371  39
8.4393  234
8.4441  7
8.4453  271
8.4467  184
8.4472  48
8.4489  91
8.4525  263
8.4537  230
8.4597  215
8.4638  163
8.471  87
8.4764  149
8.479  130
8.4792  236
8.4798  182
8.4941  186
8.4953  167
8.4972  70
8.5008  14
8.5054  116
8.5076  132
8.5076  152
8.5114  94
8.514  19
8.526  161
8.5262  111
8.5281  259
8.5315  138
8.5335  293
8.5406  54
8.5406  272
8.5454  16
8.5468  158
8.5483  249
8.56  123
8.5625  114
8.5645  40
8.567  25
8.5671  287
8.569  67
8.5739  248
8.5748  185
8.5859  35
8.5862  128
8.5932  36
8.5948  3
8.603  267
8.6035  218
8.6056  17
8.6081  129
8.6082  73
8.61  239
8.6107  95
8.6115  98
8.6126  288
8.6187  282
8.6211  160
8.6241  105
8.6248  284
8.628  10
8.6322  278
8.6333  104
8.6362  63
8.6387  76
8.6437  295
8.647  270
8.6491  92
8.6597  222
8.6628  126
8.6631  294
8.6662  133
8.6688  260
8.6743  62
8.6804  289
8.682  193
8.6825  296
8.6842  103
8.6898  85
8.6926  8
8.6926  107
8.7001  22
8.7024  33
8.7051  247
8.7056  242
8.7139  11
8.7339  177
8.7365  169
8.7381  30
8.7392  264
8.7432  244
8.747  232
8.7471  208
8.751  213
8.7547  203
8.7575  6
8.767  108
8.7677  159
8.7696  178
8.7715  27
8.7788  261
8.7939  250
8.798  59
8.7998  147
8.8054  140
8.806  164
8.8065  279
8.812  171
8.824  100
8.8248  55
8.8261  122
8.8288  15
8.8308  20
8.8332  257
8.8354  237
8.8382  69
8.8451  205
8.8461  231
8.8594  57
8.8618  274
8.8639  5
8.8748  23
8.8909  146
8.8928  199
8.8953  212
8.8972  204
8.8983  195
8.9007  150
8.901  280
8.9025  157
8.9034  245
8.9132  179
8.9175  246
8.92  120
8.9206  31
8.9234  180
8.9248  223
8.9267  263
8.9287  211
8.9393  194
8.9415  58
8.9497  124
8.954  81
8.9655  139
8.9727  29
8.9777  75
8.9799  148
8.9806  165
8.9821  45
8.9829  64
8.9846  18
8.9871  196
8.9901  225
8.9903  286
8.9937  32
8.9957  298
9.0035  190
9.0049  51
9.0195  12
9.0206  88
9.0228  217
9.0232  113
9.0262  251
9.0322  262
9.0342  26
9.0365  209
9.0379  224
9.0383  170
9.0427  78
9.0435  238
9.0444  82
9.0476  117
9.0551  277
9.06  50
9.0602  93
9.0618  80
9.0672  191
9.0685  200
9.0739  207
9.0764  141
9.0807  46
9.0818  151
9.0851  168
9.0898  210
9.0901  281
9.0964  41
9.0985  254
9.1006  253
9.1101  269
9.1132  68
9.1159  96
9.1182  71
9.1245  232
9.1275  276
9.1301  127
9.131  202
9.1417  265
9.1419  221
9.1428  48
9.1464  183
9.1484  275
9.1501  49
9.1566  192
9.1607  252
9.1623  233
9.1636  285
9.1647  197
9.1684  4
9.1715  1
9.175  216
9.1757  155
9.1759  7
9.1766  291
9.1955  77
9.1971  201
9.2024  258
9.2025  226
9.2039  125
9.2047  30
9.2094  290
9.2105  283
9.2118  181
9.2119  66
9.2141  118
9.2142  268
9.2148  145
9.2178  187
9.2185  42
9.2216  188
9.2237  84
9.2251  156
9.236  21
9.2525  61
9.257  241
9.2574  154
9.2602  101
9.2626  34
9.2646  240
9.2689  102
9.2706  13
9.2767  52
9.2857  115
9.2899  220
9.2907  174
9.2911  79
9.292  90
9.2925  109
9.2931  266
9.301  227
9.3029  236
9.3049  2
9.3055  255
9.3063  273
9.3068  112
9.3096  173
9.317  299
9.3178  60
9.3178  131
9.3217  214
9.3293  89
9.3297  36
9.3361  175
9.3435  65
9.3549  134
9.3554  37
9.3588  293
9.3653  143
9.3658  256
9.3692  106
9.3692  219
9.3693  74
9.3703  70
9.3726  297
9.381  152
9.3835  38
9.386  123
9.3888  228
9.3905  40
9.3925  56
9.3937  215
9.3951  67
9.3985  263
9.4105  135
9.4107  142
9.4109  149
9.4148  54
9.4148  272
9.4362  162
9.4439  229
9.4463  97
9.4469  94
9.4487  271
9.4502  184
9.4513  198
9.4542  86
9.4557  83
9.4557  144
9.4573  230
9.464  259
9.4674  138
9.4701  153
9.4702  3
9.4748  172
9.4752  53
9.4872  98
9.4882  121
9.4913  189
9.4935  9
9.4994  136
9.5009  232
9.5023  137
9.5048  14
9.5089  39
9.5095  116
9.5112  234
9.5119  185
9.5209  91
9.526  43
9.5273  243
9.5302  161
9.536  163
9.5431  87
9.546  129
9.5497  16
9.5507  288
9.5521  182
9.5569  282
9.5632  284
9.5665  186
9.5668  114
9.5677  167
9.5714  25
9.5715  287
9.58  132
9.5861  270
9.5865  19
9.592  11
9.6057  133
9.608  218
9.6113  139
9.6128  73
9.6195  158
9.6211  249
9.6242  103
9.6258  160
9.6326  10
9.638  104
9.6435  76
9.6469  248
9.6511  130
9.6591  35
9.6646  222
9.668  294
9.6688  30
9.6751  177
9.679  17
9.6793  62
9.6807  264
9.6834  239
9.6855  289
9.687  193
9.6876  296
9.6948  85
9.6965  203
9.6977  105
9.7025  179
9.7059  278
9.7098  159
9.7104  247
9.7109  242
9.7177  295
9.7206  206
9.7232  92
9.7312  204
9.7349  280
9.7369  126
9.7419  169
9.7431  260
9.7462  5
9.7487  140
9.7546  120
9.759  128
9.7673  8
9.7673  107
9.7687  55
9.7728  108
9.774  146
9.7754  178
9.7759  267
9.7773  27
9.7773  33
9.7774  257
9.7837  95
9.7846  261
9.7976  51
9.8  250
9.8061  147
9.8128  279
9.8184  171
9.8191  244
9.8204  23
9.823  208
9.8271  213
9.8273  48
9.8417  212
9.845  69
9.8474  150
9.852  205
9.8626  191
9.8687  263
9.8692  274
9.8755  59
9.8769  232
9.8833  298
9.8837  164
9.8876  194
9.8952  7
9.8992  63
9.9009  199
9.9023  100
9.9066  195
9.9073  15
9.9109  68
9.9109  157
9.9141  237
9.9153  251
9.9216  262
9.9226  29
9.9265  246
9.928  170
9.9324  180
9.9339  223
9.9379  211
9.941  286
9.9446  32
9.9512  58
9.9642  81
9.9727  88
9.9887  75
9.991  148
9.9912  44
9.9918  165
9.9942  64
9.9959  18
9.9962  78
