-15  0
-14.99  0
-14.98  0
-14.97  0
-14.96  0
-14.95  0.04
-14.94  0
-14.93  0.04
-14.92  0
-14.91  0.04
-14.9  0.04
-14.89  0.04
-14.88  0.04
-14.87  0.04
-14.86  0.04
-14.85  0.04
-14.84  0.12
-14.83  0.04
-14.82  0.08
-14.81  0.12
-14.8  0.08
-14.79  0.12
-14.78  0.12
-14.77  0.16
-14.76  0.16
-14.75  0.16
-14.74  0.24
-14.73  0.28
-14.72  0.32
-14.71  0.32
-14.7  0.44
-14.69  0.48
-14.68  0.68
-14.67  0.84
-14.66  1.16
-14.65  1.64
-14.64  2.4
-14.63  4
-14.62  7.6
-14.61  15.28
-14.6  22.6
-14.59  15.56
-14.58  7.64
-14.57  4.04
-14.56  2.52
-14.55  1.6
-14.54  1.24
-14.53  0.84
-14.52  0.68
-14.51  0.56
-14.5  0.44
-14.49  0.36
-14.48  0.32
-14.47  0.36
-14.46  0.24
-14.45  0.2
-14.44  0.2
-14.43  0.16
-14.42  0.16
-14.41  0.2
-14.4  0.16
-14.39  0.12
-14.38  0.12
-14.37  0.12
-14.36  0.16
-14.35  0.16
-14.34  0.08
-14.33  0.08
-14.32  0.12
-14.31  0.16
-14.3  0.08
-14.29  0.12
-14.28  0.08
-14.27  0.16
-14.26  0.08
-14.25  0.08
-14.24  0.12
-14.23  0.12
-14.22  0.12
-14.21  0.08
-14.2  0.16
-14.19  0.08
-14.18  0.12
-14.17  0.16
-14.16  0.2
-14.15  0.12
-14.14  0.16
-14.13  0.16
-14.12  0.12
-14.11  0.16
-14.1  0.2
-14.09  0.16
-14.08  0.2
-14.07  0.16
-14.06  0.24
-14.05  0.24
-14.04  0.28
-14.03  0.28
-14.02  0.24
-14.01  0.28
-14  0.32
-13.99  0.36
-13.98  0.4
-13.97  0.44
-13.96  0.44
-13.95  0.52
-13.94  0.6
-13.93  0.68
-13.92  0.76
-13.91  0.84
-13.9  0.92
-13.89  1.2
-13.88  1.32
-13.87  1.68
-13.86  2.04
-13.85  2.48
-13.84  3.24
-13.83  4.12
-13.82  5.2
-13.81  6.28
-13.8  7.48
-13.79  7.96
-13.78  7.36
-13.77  6.36
-13.76  5.2
-13.75  4
-13.74  3.2
-13.73  2.56
-13.72  2
-13.71  1.64
-13.7  1.4
-13.69  1.2
-13.68  1.04
-13.67  0.88
-13.66  0.72
-13.65  0.68
-13.64  0.6
-13.63  0.56
-13.62  0.48
-13.61  0.6
-13.6  0.4
-13.59  0.36
-13.58  0.44
-13.57  0.28
-13.56  0.32
-13.55  0.36
-13.54  0.24
-13.53  0.32
-13.52  0.28
-13.51  0.24
-13.5  0.24
-13.49  0.28
-13.48  0.32
-13.47  0.28
-13.46  0.24
-13.45  0.16
-13.44  0.32
-13.43  0.16
-13.42  0.24
-13.41  0.28
-13.4  0.28
-13.39  0.32
-13.38  0.24
-13.37  0.2
-13.36  0.28
-13.35  0.24
-13.34  0.28
-13.33  0.24
-13.32  0.28
-13.31  0.28
-13.3  0.32
-13.29  0.32
-13.28  0.32
-13.27  0.28
-13.26  0.36
-13.25  0.4
-13.24  0.36
-13.23  0.44
-13.22  0.48
-13.21  0.52
-13.2  0.52
-13.19  0.48
-13.18  0.64
-13.17  0.64
-13.16  0.68
-13.15  0.68
-13.14  0.8
-13.13  0.88
-13.12  0.96
-13.11  1.04
-13.1  1.28
-13.09  1.4
-13.08  1.56
-13.07  1.84
-13.06  2.12
-13.05  2.32
-13.04  2.72
-13.03  3.28
-13.02  3.52
-13.01  4.04
-13  4.48
-12.99  4.68
-12.98  4.8
-12.97  4.72
-12.96  4.48
-12.95  3.96
-12.94  3.64
-12.93  3.12
-12.92  2.72
-12.91  2.44
-12.9  2.04
-12.89  1.8
-12.88  1.6
-12.87  1.32
-12.86  1.32
-12.85  1.12
-12.84  0.96
-12.83  0.92
-12.82  0.84
-12.81  0.84
-12.8  0.72
-12.79  0.68
-12.78  0.56
-12.77  0.56
-12.76  0.6
-12.75  0.48
-12.74  0.52
-12.73  0.48
-12.72  0.48
-12.71  0.4
-12.7  0.4
-12.69  0.36
-12.68  0.44
-12.67  0.44
-12.66  0.36
-12.65  0.4
-12.64  0.36
-12.63  0.36
-12.62  0.32
-12.61  0.4
-12.6  0.36
-12.59  0.4
-12.58  0.36
-12.57  0.32
-12.56  0.32
-12.55  0.44
-12.54  0.36
-12.53  0.44
-12.52  0.44
-12.51  0.4
-12.5  0.4
-12.49  0.44
-12.48  0.52
-12.47  0.44
-12.46  0.48
-12.45  0.48
-12.44  0.48
-12.43  0.48
-12.42  0.6
-12.41  0.6
-12.4  0.64
-12.39  0.64
-12.38  0.8
-12.37  0.72
-12.36  0.76
-12.35  0.92
-12.34  0.88
-12.33  0.96
-12.32  1.12
-12.31  1.24
-12.3  1.4
-12.29  1.44
-12.28  1.56
-12.27  1.8
-12.26  1.88
-12.25  2.12
-12.24  2.32
-12.23  2.56
-12.22  2.84
-12.21  2.88
-12.2  3.2
-12.19  3.32
-12.18  3.56
-12.17  3.56
-12.16  3.36
-12.15  3.52
-12.14  3.08
-12.13  3
-12.12  2.72
-12.11  2.56
-12.1  2.4
-12.09  2.04
-12.08  2
-12.07  1.76
-12.06  1.56
-12.05  1.4
-12.04  1.4
-12.03  1.24
-12.02  1.12
-12.01  1
-12  1
-11.99  0.84
-11.98  0.84
-11.97  0.76
-11.96  0.8
-11.95  0.72
-11.94  0.76
-11.93  0.56
-11.92  0.64
-11.91  0.6
-11.9  0.6
-11.89  0.52
-11.88  0.52
-11.87  0.6
-11.86  0.4
-11.85  0.56
-11.84  0.52
-11.83  0.44
-11.82  0.56
-11.81  0.52
-11.8  0.48
-11.79  0.44
-11.78  0.4
-11.77  0.68
-11.76  0.4
-11.75  0.44
-11.74  0.56
-11.73  0.44
-11.72  0.48
-11.71  0.56
-11.7  0.52
-11.69  0.48
-11.68  0.64
-11.67  0.56
-11.66  0.56
-11.65  0.6
-11.64  0.6
-11.63  0.68
-11.62  0.64
-11.61  0.72
-11.6  0.76
-11.59  0.72
-11.58  0.76
-11.57  0.8
-11.56  0.92
-11.55  0.96
-11.54  1.04
-11.53  1.08
-11.52  1.28
-11.51  1.16
-11.5  1.28
-11.49  1.36
-11.48  1.6
-11.47  1.56
-11.46  1.8
-11.45  1.96
-11.44  2
-11.43  2.16
-11.42  2.16
-11.41  2.48
-11.4  2.6
-11.39  2.68
-11.38  2.68
-11.37  2.8
-11.36  2.76
-11.35  2.84
-11.34  2.72
-11.33  2.72
-11.32  2.48
-11.31  2.52
-11.3  2.24
-11.29  2.16
-11.28  1.96
-11.27  2
-11.26  1.72
-11.25  1.6
-11.24  1.52
-11.23  1.44
-11.22  1.24
-11.21  1.36
-11.2  1.2
-11.19  1.04
-11.18  1.08
-11.17  0.88
-11.16  0.96
-11.15  0.88
-11.14  0.92
-11.13  0.8
-11.12  0.72
-11.11  0.76
-11.1  0.72
-11.09  0.64
-11.08  0.68
-11.07  0.64
-11.06  0.68
-11.05  0.68
-11.04  0.64
-11.03  0.6
-11.02  0.6
-11.01  0.52
-11  0.68
-10.99  0.6
-10.98  0.56
-10.97  0.64
-10.96  0.64
-10.95  0.56
-10.94  0.56
-10.93  0.52
-10.92  0.52
-10.91  0.68
-10.9  0.68
-10.89  0.56
-10.88  0.6
-10.87  0.72
-10.86  0.68
-10.85  0.68
-10.84  0.64
-10.83  0.8
-10.82  0.8
-10.81  0.76
-10.8  0.84
-10.79  0.8
-10.78  0.84
-10.77  1
-10.76  0.84
-10.75  1.04
-10.74  1.12
-10.73  1.08
-10.72  1.24
-10.71  1.16
-10.7  1.36
-10.69  1.32
-10.68  1.4
-10.67  1.4
-10.66  1.68
-10.65  1.68
-10.64  1.84
-10.63  1.96
-10.62  1.96
-10.61  2.12
-10.6  2.12
-10.59  2.36
-10.58  2.2
-10.57  2.32
-10.56  2.24
-10.55  2.56
-10.54  2.24
-10.53  2.36
-10.52  2.32
-10.51  2.16
-10.5  2.24
-10.49  1.96
-10.48  1.96
-10.47  2
-10.46  1.68
-10.45  1.68
-10.44  1.76
-10.43  1.52
-10.42  1.48
-10.41  1.44
-10.4  1.24
-10.39  1.4
-10.38  1.04
-10.37  1.2
-10.36  1.08
-10.35  0.92
-10.34  0.92
-10.33  0.96
-10.32  1
-10.31  0.84
-10.3  0.92
-10.29  0.84
-10.28  0.8
-10.27  0.72
-10.26  0.72
-10.25  0.76
-10.24  0.76
-10.23  0.68
-10.22  0.84
-10.21  0.64
-10.2  0.64
-10.19  0.76
-10.18  0.68
-10.17  0.64
-10.16  0.68
-10.15  0.72
-10.14  0.64
-10.13  0.72
-10.12  0.84
-10.11  0.72
-10.1  0.6
-10.09  0.64
-10.08  0.76
-10.07  0.68
-10.06  0.8
-10.05  0.68
-10.04  0.76
-10.03  0.84
-10.02  0.76
-10.01  0.8
-10  1
-9.99  0.88
-9.98  0.8
-9.97  1.04
-9.96  1
-9.95  1.08
-9.94  1.08
-9.93  1.08
-9.92  1.16
-9.91  1.2
-9.9  1.28
-9.89  1.32
-9.88  1.48
-9.87  1.36
-9.86  1.52
-9.85  1.64
-9.84  1.56
-9.83  1.76
-9.82  1.76
-9.81  1.84
-9.8  1.96
-9.79  1.84
-9.78  2.08
-9.77  1.96
-9.76  2.08
-9.75  2.04
-9.74  2.08
-9.73  2.16
-9.72  2.04
-9.71  1.88
-9.7  2.08
-9.69  1.96
-9.68  1.96
-9.67  1.76
-9.66  1.8
-9.65  1.68
-9.64  1.64
-9.63  1.68
-9.62  1.44
-9.61  1.52
-9.6  1.44
-9.59  1.36
-9.58  1.24
-9.57  1.28
-9.56  1.12
-9.55  1.12
-9.54  1
-9.53  1.08
-9.52  1.08
-9.51  0.96
-9.5  0.96
-9.49  0.96
-9.48  0.92
-9.47  0.88
-9.46  0.92
-9.45  0.84
-9.44  0.76
-9.43  0.84
-9.42  0.84
-9.41  0.88
-9.4  0.72
-9.39  0.72
-9.38  0.8
-9.37  0.76
-9.36  0.68
-9.35  0.84
-9.34  0.84
-9.33  0.72
-9.32  0.72
-9.31  0.76
-9.3  0.8
-9.29  0.72
-9.28  0.96
-9.27  0.76
-9.26  0.88
-9.25  0.8
-9.24  0.8
-9.23  0.88
-9.22  0.8
-9.21  0.92
-9.2  0.84
-9.19  1.04
-9.18  0.92
-9.17  1.08
-9.16  1
-9.15  0.92
-9.14  1.04
-9.13  1.08
-9.12  1.32
-9.11  1.12
-9.1  1.32
-9.09  1.32
-9.08  1.32
-9.07  1.52
-9.06  1.32
-9.05  1.52
-9.04  1.52
-9.03  1.64
-9.02  1.44
-9.01  1.8
-9  1.56
-8.99  1.72
-8.98  1.96
-8.97  1.88
-8.96  1.64
-8.95  2
-8.94  1.76
-8.93  1.96
-8.92  1.84
-8.91  1.84
-8.9  1.84
-8.89  2
-8.88  1.76
-8.87  1.68
-8.86  1.72
-8.85  1.76
-8.84  1.52
-8.83  1.52
-8.82  1.52
-8.81  1.48
-8.8  1.52
-8.79  1.32
-8.78  1.28
-8.77  1.36
-8.76  1.2
-8.75  1.2
-8.74  1.2
-8.73  1.24
-8.72  1.12
-8.71  1.12
-8.7  1
-8.69  1
-8.68  1.08
-8.67  1.04
-8.66  0.92
-8.65  1
-8.64  1
-8.63  0.8
-8.62  0.96
-8.61  0.88
-8.6  0.76
-8.59  0.8
-8.58  0.88
-8.57  0.84
-8.56  0.92
-8.55  0.84
-8.54  0.84
-8.53  0.8
-8.52  0.8
-8.51  0.88
-8.5  0.88
-8.49  0.76
-8.48  0.8
-8.47  0.96
-8.46  0.8
-8.45  0.92
-8.44  0.88
-8.43  0.96
-8.42  0.84
-8.41  1.04
-8.4  1.04
-8.39  0.88
-8.38  1.12
-8.37  0.84
-8.36  1.08
-8.35  1.24
-8.34  1.08
-8.33  1.04
-8.32  1.12
-8.31  1.2
-8.3  1.2
-8.29  1.32
-8.28  1.16
-8.27  1.36
-8.26  1.48
-8.25  1.28
-8.24  1.36
-8.23  1.44
-8.22  1.72
-8.21  1.56
-8.2  1.44
-8.19  1.6
-8.18  1.68
-8.17  1.8
-8.16  1.64
-8.15  1.76
-8.14  1.64
-8.13  1.76
-8.12  1.8
-8.11  1.6
-8.1  1.8
-8.09  1.76
-8.08  1.72
-8.07  1.52
-8.06  1.68
-8.05  1.64
-8.04  1.6
-8.03  1.44
-8.02  1.56
-8.01  1.52
-8  1.44
-7.99  1.52
-7.98  1.32
-7.97  1.4
-7.96  1.28
-7.95  1.24
-7.94  1.28
-7.93  1.16
-7.92  1.12
-7.91  1.16
-7.9  1.08
-7.89  1.16
-7.88  1.12
-7.87  1.08
-7.86  1.04
-7.85  0.92
-7.84  1.04
-7.83  0.88
-7.82  0.96
-7.81  1
-7.8  0.88
-7.79  1.04
-7.78  0.96
-7.77  0.96
-7.76  0.88
-7.75  0.92
-7.74  0.96
-7.73  0.84
-7.72  0.92
-7.71  0.88
-7.7  0.88
-7.69  0.8
-7.68  0.96
-7.67  0.92
-7.66  0.84
-7.65  0.96
-7.64  1
-7.63  0.96
-7.62  1
-7.61  0.96
-7.6  0.96
-7.59  1.16
-7.58  1
-7.57  1
-7.56  1.04
-7.55  0.96
-7.54  1.16
-7.53  1.2
-7.52  1.2
-7.51  1.08
-7.5  1.32
-7.49  1.16
-7.48  1.2
-7.47  1.24
-7.46  1.28
-7.45  1.52
-7.44  1.32
-7.43  1.44
-7.42  1.4
-7.41  1.6
-7.4  1.44
-7.39  1.56
-7.38  1.48
-7.37  1.68
-7.36  1.48
-7.35  1.6
-7.34  1.56
-7.33  1.68
-7.32  1.52
-7.31  1.64
-7.3  1.68
-7.29  1.6
-7.28  1.56
-7.27  1.52
-7.26  1.64
-7.25  1.4
-7.24  1.72
-7.23  1.4
-7.22  1.6
-7.21  1.4
-7.2  1.56
-7.19  1.4
-7.18  1.4
-7.17  1.28
-7.16  1.4
-7.15  1.16
-7.14  1.4
-7.13  1.24
-7.12  1.32
-7.11  1.16
-7.1  1.12
-7.09  1.16
-7.08  1.2
-7.07  1.04
-7.06  1.04
-7.05  1.04
-7.04  1.08
-7.03  1.28
-7.02  0.92
-7.01  1.04
-7  0.92
-6.99  1
-6.98  0.96
-6.97  0.96
-6.96  1
-6.95  0.96
-6.94  0.92
-6.93  0.96
-6.92  0.88
-6.91  1
-6.9  1
-6.89  0.8
-6.88  1.16
-6.87  0.84
-6.86  1.12
-6.85  0.92
-6.84  0.92
-6.83  0.96
-6.82  1.16
-6.81  0.92
-6.8  1.12
-6.79  1
-6.78  1
-6.77  1.16
-6.76  1.08
-6.75  1.08
-6.74  1.16
-6.73  1.12
-6.72  1.2
-6.71  1.16
-6.7  1.08
-6.69  1.32
-6.68  1.08
-6.67  1.28
-6.66  1.24
-6.65  1.36
-6.64  1.48
-6.63  1.32
-6.62  1.28
-6.61  1.44
-6.6  1.4
-6.59  1.44
-6.58  1.28
-6.57  1.68
-6.56  1.4
-6.55  1.52
-6.54  1.52
-6.53  1.6
-6.52  1.44
-6.51  1.6
-6.5  1.64
-6.49  1.48
-6.48  1.48
-6.47  1.56
-6.46  1.6
-6.45  1.36
-6.44  1.56
-6.43  1.52
-6.42  1.52
-6.41  1.4
-6.4  1.4
-6.39  1.32
-6.38  1.48
-6.37  1.28
-6.36  1.32
-6.35  1.16
-6.34  1.52
-6.33  1.2
-6.32  1.16
-6.31  1.28
-6.3  1.36
-6.29  1.24
-6.28  1.12
-6.27  1.12
-6.26  1.12
-6.25  1.16
-6.24  1.08
-6.23  1.12
-6.22  1
-6.21  1.08
-6.2  1.12
-6.19  1.04
-6.18  1.04
-6.17  0.96
-6.16  1.12
-6.15  1
-6.14  0.92
-6.13  1.08
-6.12  1
-6.11  0.92
-6.1  1.12
-6.09  1.08
-6.08  1.04
-6.07  1
-6.06  0.96
-6.05  1.2
-6.04  0.96
-6.03  0.92
-6.02  1
-6.01  1
-6  1.12
-5.99  1.12
-5.98  1.04
-5.97  1.08
-5.96  0.96
-5.95  1.16
-5.94  1.12
-5.93  1.08
-5.92  1.24
-5.91  1.08
-5.9  1.2
-5.89  1.2
-5.88  1.32
-5.87  1.24
-5.86  1.2
-5.85  1.24
-5.84  1.28
-5.83  1.48
-5.82  1.36
-5.81  1.36
-5.8  1.28
-5.79  1.4
-5.78  1.36
-5.77  1.48
-5.76  1.48
-5.75  1.44
-5.74  1.36
-5.73  1.44
-5.72  1.44
-5.71  1.68
-5.7  1.36
-5.69  1.44
-5.68  1.52
-5.67  1.48
-5.66  1.28
-5.65  1.44
-5.64  1.56
-5.63  1.44
-5.62  1.36
-5.61  1.48
-5.6  1.36
-5.59  1.4
-5.58  1.44
-5.57  1.36
-5.56  1.24
-5.55  1.36
-5.54  1.32
-5.53  1.24
-5.52  1.32
-5.51  1.24
-5.5  1.16
-5.49  1.24
-5.48  1.16
-5.47  1.16
-5.46  1.32
-5.45  1.24
-5.44  1.2
-5.43  1.12
-5.42  1.08
-5.41  1.24
-5.4  0.96
-5.39  1.12
-5.38  1.12
-5.37  1
-5.36  1.08
-5.35  1.04
-5.34  0.92
-5.33  1.16
-5.32  1.04
-5.31  1.04
-5.3  1
-5.29  1.16
-5.28  1.04
-5.27  1.04
-5.26  1
-5.25  1
-5.24  1
-5.23  1.12
-5.22  1.04
-5.21  1.12
-5.2  1.08
-5.19  1
-5.18  1.16
-5.17  1.2
-5.16  1.04
-5.15  1.04
-5.14  1.12
-5.13  1.16
-5.12  1.28
-5.11  1.16
-5.1  1.2
-5.09  1.2
-5.08  1.2
-5.07  1.2
-5.06  1.2
-5.05  1.24
-5.04  1.2
-5.03  1.4
-5.02  1.36
-5.01  1.28
-5  1.36
-4.99  1.24
-4.98  1.36
-4.97  1.48
-4.96  1.36
-4.95  1.4
-4.94  1.36
-4.93  1.32
-4.92  1.36
-4.91  1.52
-4.9  1.44
-4.89  1.36
-4.88  1.44
-4.87  1.48
-4.86  1.36
-4.85  1.44
-4.84  1.36
-4.83  1.4
-4.82  1.4
-4.81  1.4
-4.8  1.44
-4.79  1.4
-4.78  1.4
-4.77  1.28
-4.76  1.36
-4.75  1.32
-4.74  1.24
-4.73  1.4
-4.72  1.24
-4.71  1.24
-4.7  1.28
-4.69  1.04
-4.68  1.36
-4.67  1.16
-4.66  1.24
-4.65  1.24
-4.64  1.2
-4.63  1.04
-4.62  1.24
-4.61  1.2
-4.6  1.04
-4.59  1.16
-4.58  1.12
-4.57  1.08
-4.56  1
-4.55  1.2
-4.54  1.2
-4.53  1
-4.52  1.12
-4.51  1.12
-4.5  1.12
-4.49  0.96
-4.48  1
-4.47  1
-4.46  1
-4.45  1.08
-4.44  1.04
-4.43  1.16
-4.42  1.16
-4.41  1.16
-4.4  1.2
-4.39  1.04
-4.38  1.16
-4.37  1.08
-4.36  1.2
-4.35  1.12
-4.34  1.2
-4.33  1.08
-4.32  1.2
-4.31  1.16
-4.3  1.12
-4.29  1.2
-4.28  1.28
-4.27  1.2
-4.26  1.24
-4.25  1.24
-4.24  1.24
-4.23  1.2
-4.22  1.24
-4.21  1.32
-4.2  1.32
-4.19  1.28
-4.18  1.4
-4.17  1.24
-4.16  1.44
-4.15  1.28
-4.14  1.4
-4.13  1.28
-4.12  1.28
-4.11  1.4
-4.1  1.32
-4.09  1.48
-4.08  1.48
-4.07  1.52
-4.06  1.24
-4.05  1.28
-4.04  1.36
-4.03  1.48
-4.02  1.56
-4.01  1.2
-4  1.32
-3.99  1.52
-3.98  1.2
-3.97  1.44
-3.96  1.24
-3.95  1.16
-3.94  1.56
-3.93  1.2
-3.92  1.28
-3.91  1.36
-3.9  1.12
-3.89  1.28
-3.88  1.2
-3.87  1.32
-3.86  1.08
-3.85  1.16
-3.84  1.08
-3.83  1.36
-3.82  1.12
-3.81  1.24
-3.8  1.16
-3.79  1.24
-3.78  1.16
-3.77  1.08
-3.76  1.16
-3.75  1.16
-3.74  1.16
-3.73  1.04
-3.72  1.16
-3.71  1.04
-3.7  1.24
-3.69  0.96
-3.68  1.12
-3.67  1.28
-3.66  0.96
-3.65  1.2
-3.64  0.96
-3.63  1.2
-3.62  1
-3.61  1.24
-3.6  1.08
-3.59  1.08
-3.58  1.12
-3.57  1.04
-3.56  1.2
-3.55  1.12
-3.54  1.24
-3.53  1.04
-3.52  1.24
-3.51  1.08
-3.5  1.28
-3.49  1.16
-3.48  1.32
-3.47  1
-3.46  1.32
-3.45  1.16
-3.44  1.24
-3.43  1.4
-3.42  1.24
-3.41  1.32
-3.4  1.24
-3.39  1.4
-3.38  1.12
-3.37  1.28
-3.36  1.28
-3.35  1.28
-3.34  1.24
-3.33  1.48
-3.32  1.44
-3.31  1.32
-3.3  1.52
-3.29  1.24
-3.28  1.32
-3.27  1.28
-3.26  1.32
-3.25  1.36
-3.24  1.28
-3.23  1.32
-3.22  1.48
-3.21  1.28
-3.2  1.4
-3.19  1.4
-3.18  1.32
-3.17  1.2
-3.16  1.28
-3.15  1.36
-3.14  1.28
-3.13  1.32
-3.12  1.32
-3.11  1.36
-3.1  1.28
-3.09  1.2
-3.08  1.2
-3.07  1.28
-3.06  1.2
-3.05  1.12
-3.04  1.28
-3.03  1.16
-3.02  1.04
-3.01  1.36
-3  1.16
-2.99  1.24
-2.98  1.24
-2.97  1.04
-2.96  1.24
-2.95  1.24
-2.94  1.08
-2.93  1.16
-2.92  1.12
-2.91  1.12
-2.9  1.04
-2.89  1.08
-2.88  1.16
-2.87  1.2
-2.86  1.04
-2.85  1.24
-2.84  1.08
-2.83  1.08
-2.82  1.16
-2.81  1.12
-2.8  1.16
-2.79  1.2
-2.78  1.04
-2.77  1.12
-2.76  1.04
-2.75  1.2
-2.74  1.2
-2.73  1.08
-2.72  1.24
-2.71  1.24
-2.7  1.32
-2.69  1.16
-2.68  1.32
-2.67  1.16
-2.66  1.24
-2.65  1.12
-2.64  1.24
-2.63  1.24
-2.62  1.16
-2.61  1.28
-2.6  1.28
-2.59  1.32
-2.58  1.2
-2.57  1.28
-2.56  1.4
-2.55  1.24
-2.54  1.36
-2.53  1.2
-2.52  1.32
-2.51  1.32
-2.5  1.44
-2.49  1.28
-2.48  1.36
-2.47  1.32
-2.46  1.36
-2.45  1.24
-2.44  1.32
-2.43  1.24
-2.42  1.44
-2.41  1.24
-2.4  1.32
-2.39  1.44
-2.38  1.2
-2.37  1.36
-2.36  1.28
-2.35  1.28
-2.34  1.2
-2.33  1.32
-2.32  1.32
-2.31  1.28
-2.3  1.32
-2.29  1.24
-2.28  1.24
-2.27  1.24
-2.26  1.2
-2.25  1.24
-2.24  1.16
-2.23  1.4
-2.22  1.16
-2.21  1.36
-2.2  1.12
-2.19  1.24
-2.18  1.16
-2.17  1.2
-2.16  1.04
-2.15  1.2
-2.14  1.16
-2.13  1.16
-2.12  1.04
-2.11  1.04
-2.1  1.24
-2.09  1.16
-2.08  1.28
-2.07  1.16
-2.06  1.2
-2.05  1.08
-2.04  1.16
-2.03  1.16
-2.02  1.04
-2.01  1.2
-2  1.16
-1.99  1.04
-1.98  1.16
-1.97  1.08
-1.96  1.24
-1.95  1.2
-1.94  1.12
-1.93  1.24
-1.92  1.28
-1.91  1.08
-1.9  1.08
-1.89  1.24
-1.88  1.2
-1.87  1.24
-1.86  1.28
-1.85  1.4
-1.84  1.2
-1.83  1.2
-1.82  1.12
-1.81  1.24
-1.8  1.12
-1.79  1.4
-1.78  1.2
-1.77  1.4
-1.76  1.16
-1.75  1.32
-1.74  1.28
-1.73  1.32
-1.72  1.28
-1.71  1.24
-1.7  1.28
-1.69  1.36
-1.68  1.2
-1.67  1.2
-1.66  1.28
-1.65  1.4
-1.64  1.4
-1.63  1.2
-1.62  1.24
-1.61  1.4
-1.6  1.4
-1.59  1.28
-1.58  1.4
-1.57  1.32
-1.56  1.24
-1.55  1.24
-1.54  1.36
-1.53  1.36
-1.52  1.16
-1.51  1.28
-1.5  1.28
-1.49  1.12
-1.48  1.24
-1.47  1.2
-1.46  1.36
-1.45  1.16
-1.44  1.28
-1.43  1.24
-1.42  1.28
-1.41  1.12
-1.4  1.32
-1.39  1.12
-1.38  1.28
-1.37  1.16
-1.36  1.08
-1.35  1.24
-1.34  1.12
-1.33  1.2
-1.32  1.28
-1.31  1.16
-1.3  1.12
-1.29  1.08
-1.28  1.32
-1.27  1.16
-1.26  1.12
-1.25  1.12
-1.24  1.04
-1.23  1.32
-1.22  1.2
-1.21  1.12
-1.2  1.16
-1.19  1.2
-1.18  1.16
-1.17  1.08
-1.16  1.24
-1.15  1.36
-1.14  1.04
-1.13  1.08
-1.12  1.2
-1.11  1.4
-1.1  1.08
-1.09  1.16
-1.08  1.24
-1.07  1.08
-1.06  1.32
-1.05  1.12
-1.04  1.24
-1.03  1.16
-1.02  1.36
-1.01  1.32
-1  1.24
-0.99  1.2
-0.98  1.2
-0.97  1.2
-0.96  1.2
-0.95  1.44
-0.94  1.28
-0.93  1.24
-0.92  1.2
-0.91  1.36
-0.9  1.24
-0.89  1.24
-0.88  1.28
-0.87  1.32
-0.86  1.2
-0.85  1.32
-0.84  1.2
-0.83  1.36
-0.82  1.28
-0.81  1.44
-0.8  1.24
-0.79  1.32
-0.78  1.24
-0.77  1.24
-0.76  1.4
-0.75  1.16
-0.74  1.32
-0.73  1.32
-0.72  1.24
-0.71  1.44
-0.7  1.24
-0.69  1.28
-0.68  1.16
-0.67  1.24
-0.66  1.28
-0.65  1.16
-0.64  1.32
-0.63  1.2
-0.62  1.24
-0.61  1.16
-0.6  1.24
-0.59  1.16
-0.58  1.24
-0.57  1.12
-0.56  1.2
-0.55  1.28
-0.54  1.08
-0.53  1.28
-0.52  1.2
-0.51  1.28
-0.5  0.96
-0.49  1.24
-0.48  1.16
-0.47  1.24
-0.46  1.12
-0.45  1.24
-0.44  1.12
-0.43  1.16
-0.42  1.2
-0.41  1.24
-0.4  1
-0.39  1.16
-0.38  1.28
-0.37  1.24
-0.36  1.24
-0.35  1.2
-0.34  1.24
-0.33  1.16
-0.32  1.12
-0.31  1.36
-0.3  1.04
-0.29  1.36
-0.28  1.12
-0.27  1.16
-0.26  1.16
-0.25  1.24
-0.24  1.24
-0.23  1.08
-0.22  1.32
-0.21  1.16
-0.2  1.12
-0.19  1.4
-0.18  1.32
-0.17  1.12
-0.16  1.36
-0.15  1.08
-0.14  1.48
-0.13  1.08
-0.12  1.36
-0.11  1.2
-0.1  1.24
-0.09  1.36
-0.08  1.2
-0.07  1.44
-0.06  1.28
-0.05  1.28
-0.04  1.2
-0.03  1.16
-0.02  1.44
-0.01  1.16
-2.16197e-11  1.24
0.0001  0.04
0.0101  1.36
0.0201  1.43
0.0301  1.24
0.0401  1.33
0.0501  1.32
0.0601  1.39
0.0701  1.16
0.0801  1.32
0.0901  1.5
0.1001  1.3
0.1101  1.48
0.1201  1.51
0.1301  1.62
0.1401  1.53
0.1501  1.45
0.1601  1.65
0.1701  1.76
0.1801  1.7
0.1901  1.5
0.2001  1.79
0.2101  1.71
0.2201  1.9
0.2301  1.99
0.2401  1.69
0.2501  1.54
0.2601  1.77
0.2701  2.01
0.2801  1.81
0.2901  1.86
0.3001  1.86
0.3101  2.03
0.3201  1.99
0.3301  2.18
0.3401  2.1
0.3501  2.05
0.3601  1.78
0.3701  1.79
0.3801  2.15
0.3901  1.78
0.4001  1.85
0.4101  2.1
0.4201  2.11
0.4301  1.99
0.4401  1.92
0.4501  2.19
0.4601  2.17
0.4701  2.24
0.4801  2.36
0.4901  2.08
0.5001  2.1
0.5101  2.1
0.5201  1.92
0.5301  2.18
0.5401  1.89
0.5501  2.5
0.5601  1.88
0.5701  1.79
0.5801  1.82
0.5901  1.84
0.6001  1.77
0.6101  1.87
0.6201  1.95
0.6301  1.83
0.6401  1.84
0.6501  1.76
0.6601  1.97
0.6701  1.95
0.6801  1.65
0.6901  1.69
0.7001  1.99
0.7101  1.84
0.7201  1.68
0.7301  1.81
0.7401  1.81
0.7501  1.73
0.7601  1.64
0.7701  1.63
0.7801  1.93
0.7901  1.97
0.8001  1.62
0.8101  1.63
0.8201  1.67
0.8301  1.63
0.8401  1.69
0.8501  1.64
0.8601  1.74
0.8701  1.79
0.8801  1.56
0.8901  1.75
0.9001  1.57
0.9101  1.68
0.9201  1.53
0.9301  1.84
0.9401  1.5
0.9501  1.65
0.9601  1.69
0.9701  1.51
0.9801  1.64
0.9901  1.84
1.0001  1.71
1.0101  1.73
1.0201  1.8
1.0301  1.89
1.0401  1.69
1.0501  1.68
1.0601  1.57
1.0701  1.72
1.0801  1.74
1.0901  1.96
1.1001  1.65
1.1101  1.73
1.1201  1.83
1.1301  1.91
1.1401  1.89
1.1501  2.16
1.1601  1.97
1.1701  1.87
1.1801  1.75
1.1901  1.92
1.2001  1.86
1.2101  2.3
1.2201  1.91
1.2301  2.01
1.2401  1.97
1.2501  2.14
1.2601  1.95
1.2701  1.91
1.2801  2.19
1.2901  1.9
1.3001  1.95
1.3101  1.79
1.3201  2.23
1.3301  1.9
1.3401  2.07
1.3501  2.07
1.3601  1.93
1.3701  2.39
1.3801  2.21
1.3901  2.07
1.4001  2
1.4101  1.89
1.4201  1.79
1.4301  2.1
1.4401  1.93
1.4501  2.18
1.4601  2.04
1.4701  1.84
1.4801  1.89
1.4901  1.95
1.5001  2.09
1.5101  1.92
1.5201  1.65
1.5301  1.93
1.5401  1.79
1.5501  1.87
1.5601  1.9
1.5701  1.78
1.5801  1.75
1.5901  2.1
1.6001  1.87
1.6101  1.51
1.6201  1.78
1.6301  1.8
1.6401  1.88
1.6501  1.67
1.6601  1.86
1.6701  1.75
1.6801  1.9
1.6901  1.84
1.7001  1.74
1.7101  1.6
1.7201  1.83
1.7301  1.96
1.7401  1.59
1.7501  1.89
1.7601  1.86
1.7701  1.69
1.7801  1.81
1.7901  1.51
1.8001  1.85
1.8101  1.81
1.8201  1.82
1.8301  1.65
1.8401  1.87
1.8501  1.64
1.8601  2.02
1.8701  1.9
1.8801  1.71
1.8901  1.63
1.9001  2.15
1.9101  1.78
1.9201  1.8
1.9301  1.78
1.9401  1.99
1.9501  1.84
1.9601  1.85
1.9701  1.83
1.9801  1.86
1.9901  1.71
2.0001  1.88
2.0101  1.64
2.0201  1.79
2.0301  1.74
2.0401  1.93
2.0501  2.08
2.0601  1.86
2.0701  1.92
2.0801  2.12
2.0901  1.98
2.1001  2.22
2.1101  1.84
2.1201  2.16
2.1301  2.07
2.1401  1.85
2.1501  2.03
2.1601  1.8
2.1701  1.94
2.1801  2.17
2.1901  1.87
2.2001  1.9
2.2101  2.04
2.2201  2.11
2.2301  2.04
2.2401  1.97
2.2501  2.07
2.2601  1.92
2.2701  2.08
2.2801  1.99
2.2901  1.81
2.3001  2.11
2.3101  2.06
2.3201  2.01
2.3301  2.17
2.3401  1.99
2.3501  1.91
2.3601  1.72
2.3701  2.15
2.3801  1.93
2.3901  1.96
2.4001  2.03
2.4101  1.93
2.4201  1.91
2.4301  1.92
2.4401  2.13
2.4501  1.45
2.4601  1.8
2.4701  1.89
2.4801  1.89
2.4901  1.65
2.5001  1.87
2.5101  1.72
2.5201  1.95
2.5301  1.94
2.5401  1.88
2.5501  1.79
2.5601  1.87
2.5701  1.7
2.5801  1.78
2.5901  1.88
2.6001  1.51
2.6101  1.79
2.6201  1.77
2.6301  1.92
2.6401  1.96
2.6501  1.63
2.6601  1.75
2.6701  1.68
2.6801  1.62
2.6901  1.75
2.7001  2.22
2.7101  1.83
2.7201  1.79
2.7301  1.84
2.7401  1.95
2.7501  1.92
2.7601  1.62
2.7701  1.99
2.7801  1.93
2.7901  1.84
2.8001  2
2.8101  2.07
2.8201  1.84
2.8301  1.65
2.8401  1.96
2.8501  1.84
2.8601  1.83
2.8701  2.13
2.8801  1.76
2.8901  2.1
2.9001  1.99
2.9101  2.13
2.9201  2.05
2.9301  2
2.9401  2.04
2.9501  1.96
2.9601  2.07
2.9701  1.97
2.9801  1.89
2.9901  2.07
3.0001  1.9
3.0101  1.96
3.0201  1.91
3.0301  2.08
3.0401  1.83
3.0501  2.17
3.0601  2.1
3.0701  1.92
3.0801  2.12
3.0901  2.08
3.1001  1.72
3.1101  1.88
3.1201  2.03
3.1301  2.05
3.1401  1.91
3.1501  1.76
3.1601  2.13
3.1701  1.92
3.1801  1.99
3.1901  1.92
3.2001  2.01
3.2101  1.64
3.2201  1.76
3.2301  1.87
3.2401  1.63
3.2501  1.91
3.2601  2.17
3.2701  1.77
3.2801  1.75
3.2901  2.01
3.3001  1.7
3.3101  1.91
3.3201  2.06
3.3301  1.77
3.3401  1.93
3.3501  1.69
3.3601  1.57
3.3701  1.86
3.3801  1.78
3.3901  1.96
3.4001  1.98
3.4101  1.66
3.4201  1.96
3.4301  2.19
3.4401  1.68
3.4501  1.68
3.4601  1.82
3.4701  1.66
3.4801  1.79
3.4901  1.86
3.5001  1.89
3.5101  2.01
3.5201  1.68
3.5301  1.78
3.5401  1.78
3.5501  2.15
3.5601  1.8
3.5701  2.12
3.5801  1.94
3.5901  1.96
3.6001  1.95
3.6101  1.86
3.6201  1.78
3.6301  1.87
3.6401  1.84
3.6501  1.8
3.6601  1.82
3.6701  1.78
3.6801  1.98
3.6901  1.91
3.7001  1.83
3.7101  2.16
3.7201  2.04
3.7301  1.79
3.7401  2.15
3.7501  2.11
3.7601  1.96
3.7701  1.84
3.7801  2.07
3.7901  1.9
3.8001  2.15
3.8101  1.9
3.8201  2.43
3.8301  1.9
3.8401  2.19
3.8501  1.9
3.8601  1.74
3.8701  1.81
3.8801  1.92
3.8901  1.93
3.9001  2.03
3.9101  1.78
3.9201  2.04
3.9301  2.05
3.9401  1.76
3.9501  1.88
3.9601  2.01
3.9701  2.08
3.9801  1.91
3.9901  1.97
4.0001  1.9
4.0101  1.85
4.0201  1.98
4.0301  1.96
4.0401  1.84
4.0501  1.85
4.0601  1.92
4.0701  1.82
4.0801  2.03
4.0901  2.22
4.1001  1.75
4.1101  1.85
4.1201  1.75
4.1301  1.97
4.1401  1.89
4.1501  1.75
4.1601  1.75
4.1701  1.85
4.1801  1.75
4.1901  2.12
4.2001  1.88
4.2101  2
4.2201  1.86
4.2301  1.91
4.2401  1.81
4.2501  1.72
4.2601  1.86
4.2701  1.71
4.2801  2.01
4.2901  2
4.3001  1.94
4.3101  1.98
4.3201  1.79
4.3301  1.67
4.3401  1.91
4.3501  1.76
4.3601  1.97
4.3701  1.79
4.3801  2.04
4.3901  1.91
4.4001  1.69
4.4101  2.08
4.4201  1.72
4.4301  1.74
4.4401  1.87
4.4501  1.85
4.4601  1.82
4.4701  1.88
4.4801  1.98
4.4901  2.02
4.5001  1.91
4.5101  1.85
4.5201  2.25
4.5301  1.89
4.5401  1.98
4.5501  1.82
4.5601  1.83
4.5701  1.74
4.5801  1.84
4.5901  1.8
4.6001  1.93
4.6101  2.11
4.6201  2.03
4.6301  2.26
4.6401  1.8
4.6501  1.9
4.6601  1.86
4.6701  2.01
4.6801  2.01
4.6901  2.22
4.7001  1.78
4.7101  1.95
4.7201  1.87
4.7301  2
4.7401  1.8
4.7501  1.96
4.7601  1.94
4.7701  1.89
4.7801  1.91
4.7901  1.94
4.8001  2.07
4.8101  1.77
4.8201  1.89
4.8301  1.93
4.8401  1.82
4.8501  2.14
4.8601  2.07
4.8701  1.56
4.8801  2.02
4.8901  1.87
4.9001  1.72
4.9101  1.84
4.9201  1.81
4.9301  1.98
4.9401  2.09
4.9501  1.76
4.9601  1.79
4.9701  1.97
4.9801  1.87
4.9901  1.8
5.0001  1.99
5.0101  1.88
5.0201  1.9
5.0301  1.84
5.0401  1.71
5.0501  1.79
5.0601  1.93
5.0701  1.7
5.0801  1.75
5.0901  1.77
5.1001  1.99
5.1101  1.83
5.1201  1.94
5.1301  1.7
5.1401  1.69
5.1501  1.85
5.1601  1.87
5.1701  1.76
5.1801  1.92
5.1901  1.71
5.2001  2
5.2101  2.1
5.2201  2.05
5.2301  1.89
5.2401  1.83
5.2501  2.06
5.2601  1.62
5.2701  1.71
5.2801  2.05
5.2901  1.86
5.3001  1.89
5.3101  1.88
5.3201  1.95
5.3301  1.97
5.3401  1.84
5.3501  1.93
5.3601  1.96
5.3701  1.98
5.3801  1.78
5.3901  1.62
5.4001  2.03
5.4101  1.58
5.4201  2.05
5.4301  2.21
5.4401  1.98
5.4501  2.01
5.4601  1.79
5.4701  2.22
5.4801  2.22
5.4901  1.92
5.5001  2.08
5.5101  1.83
5.5201  2.02
5.5301  2.02
5.5401  1.84
5.5501  1.92
5.5601  1.65
5.5701  1.87
5.5801  2.12
5.5901  1.66
5.6001  2.02
5.6101  1.94
5.6201  1.9
5.6301  1.91
5.6401  1.71
5.6501  2.31
5.6601  1.96
5.6701  1.94
5.6801  2.14
5.6901  1.74
5.7001  1.83
5.7101  1.67
5.7201  1.67
5.7301  2.12
5.7401  1.84
5.7501  1.96
5.7601  1.94
5.7701  1.73
5.7801  1.58
5.7901  1.9
5.8001  2.09
5.8101  1.99
5.8201  1.81
5.8301  1.7
5.8401  1.8
5.8501  1.83
5.8601  1.88
5.8701  1.86
5.8801  1.85
5.8901  1.63
5.9001  2.1
5.9101  1.86
5.9201  1.93
5.9301  1.85
5.9401  1.94
5.9501  1.76
5.9601  1.75
5.9701  2
5.9801  1.95
5.9901  1.86
6.0001  1.95
6.0101  1.63
6.0201  1.83
6.0301  2.06
6.0401  1.67
6.0501  1.78
6.0601  2.19
6.0701  1.93
6.0801  1.9
6.0901  1.8
6.1001  2.09
6.1101  1.73
6.1201  1.8
6.1301  1.8
6.1401  1.83
6.1501  2.04
6.1601  1.86
6.1701  2.02
6.1801  2.1
6.1901  1.93
6.2001  1.85
6.2101  1.73
6.2201  2.26
6.2301  2.14
6.2401  1.78
6.2501  1.94
6.2601  1.64
6.2701  2.12
6.2801  2.2
6.2901  1.84
6.3001  1.86
6.3101  2.04
6.3201  2.17
6.3301  1.97
6.3401  1.82
6.3501  1.72
6.3601  1.99
6.3701  1.84
6.3801  2.19
6.3901  2.25
6.4001  1.59
6.4101  1.81
6.4201  1.74
6.4301  1.98
6.4401  1.83
6.4501  2.29
6.4601  2.24
6.4701  1.79
6.4801  1.92
6.4901  1.85
6.5001  2.07
6.5101  1.88
6.5201  1.78
6.5301  1.93
6.5401  1.77
6.5501  1.84
6.5601  2.03
6.5701  1.69
6.5801  1.74
6.5901  1.79
6.6001  2.04
6.6101  1.92
6.6201  1.98
6.6301  2
6.6401  1.77
6.6501  1.87
6.6601  1.81
6.6701  1.85
6.6801  1.94
6.6901  2.1
6.7001  1.96
6.7101  1.68
6.7201  1.71
6.7301  1.85
6.7401  1.88
6.7501  1.84
6.7601  1.78
6.7701  1.86
6.7801  1.87
6.7901  1.83
6.8001  1.7
6.8101  1.79
6.8201  2.02
6.8301  1.9
6.8401  1.77
6.8501  1.94
6.8601  1.97
6.8701  1.84
6.8801  1.82
6.8901  1.8
6.9001  1.93
6.9101  1.99
6.9201  1.89
6.9301  1.81
6.9401  1.7
6.9501  2.01
6.9601  1.75
6.9701  1.86
6.9801  2.05
6.9901  1.91
7.0001  2.16
7.0101  1.98
7.0201  1.91
7.0301  1.78
7.0401  2.08
7.0501  2.11
7.0601  1.97
7.0701  1.69
7.0801  1.79
7.0901  1.95
7.1001  2.16
7.1101  1.99
7.1201  1.88
7.1301  1.87
7.1401  1.78
7.1501  2.13
7.1601  2.06
7.1701  1.69
7.1801  1.85
7.1901  2.04
7.2001  2.2
7.2101  1.87
7.2201  1.76
7.2301  1.91
7.2401  1.81
7.2501  1.87
7.2601  1.8
7.2701  1.92
7.2801  2
7.2901  2.01
7.3001  1.94
7.3101  2.09
7.3201  2.23
7.3301  1.83
7.3401  1.84
7.3501  1.85
7.3601  1.69
7.3701  1.7
7.3801  2.14
7.3901  1.97
7.4001  1.93
7.4101  1.89
7.4201  1.89
7.4301  2.03
7.4401  1.67
7.4501  1.8
7.4601  1.85
7.4701  2
7.4801  2.22
7.4901  1.95
7.5001  1.6
7.5101  2.01
7.5201  1.87
7.5301  1.73
7.5401  2.02
7.5501  2.05
7.5601  1.78
7.5701  2.18
7.5801  2.03
7.5901  1.77
7.6001  1.69
7.6101  1.95
7.6201  1.85
7.6301  1.74
7.6401  1.7
7.6501  1.73
7.6601  1.87
7.6701  1.87
7.6801  2
7.6901  2.07
7.7001  2.09
7.7101  1.65
7.7201  1.77
7.7301  1.77
7.7401  1.56
7.7501  1.83
7.7601  1.64
7.7701  1.98
7.7801  1.93
7.7901  1.74
7.8001  2.06
7.8101  1.9
7.8201  2.01
7.8301  2.08
7.8401  1.78
7.8501  1.94
7.8601  2.12
7.8701  1.83
7.8801  1.7
7.8901  2.12
7.9001  1.8
7.9101  1.98
7.9201  1.91
7.9301  1.93
7.9401  1.8
7.9501  2
7.9601  1.91
7.9701  1.79
7.9801  2.15
7.9901  1.89
8.0001  1.97
8.0101  1.93
8.0201  2.06
8.0301  1.96
8.0401  2.07
8.0501  1.91
8.0601  1.89
8.0701  1.71
8.0801  2.05
8.0901  2.06
8.1001  2.06
8.1101  1.98
8.1201  1.83
8.1301  1.93
8.1401  1.86
8.1501  2.1
8.1601  1.83
8.1701  1.78
8.1801  1.99
8.1901  1.96
8.2001  1.94
8.2101  2.09
8.2201  2.18
8.2301  1.95
8.2401  1.76
8.2501  1.91
8.2601  1.64
8.2701  1.78
8.2801  2.07
8.2901  1.79
8.3001  1.91
8.3101  1.96
8.3201  1.96
8.3301  1.73
8.3401  1.82
8.3501  1.8
8.3601  1.83
8.3701  1.57
8.3801  1.94
8.3901  1.84
8.4001  1.94
8.4101  1.67
8.4201  1.87
8.4301  1.77
8.4401  2
8.4501  1.76
8.4601  1.82
8.4701  2.03
8.4801  1.97
8.4901  1.77
8.5001  1.88
8.5101  2.03
8.5201  1.88
8.5301  1.76
8.5401  1.77
8.5501  1.86
8.5601  1.85
8.5701  2.06
8.5801  1.78
8.5901  1.6
8.6001  1.92
8.6101  2.05
8.6201  1.94
8.6301  1.79
8.6401  1.87
8.6501  1.92
8.6601  2.17
8.6701  1.89
8.6801  1.8
8.6901  1.99
8.7001  2.04
8.7101  1.92
8.7201  1.87
8.7301  1.97
8.7401  2
8.7501  1.96
8.7601  1.96
8.7701  2.01
8.7801  1.8
8.7901  1.96
8.8001  1.76
8.8101  1.83
8.8201  2.19
8.8301  2.01
8.8401  1.96
8.8501  1.93
8.8601  2.03
8.8701  2.07
8.8801  1.65
8.8901  1.85
8.9001  1.78
8.9101  1.93
8.9201  1.95
8.9301  2.01
8.9401  1.93
8.9501  1.77
8.9601  1.96
8.9701  1.81
8.9801  2.14
8.9901  1.87
9.0001  1.59
9.0101  2.09
9.0201  1.94
9.0301  2
9.0401  1.79
9.0501  1.91
9.0601  1.88
9.0701  1.71
9.0801  1.69
9.0901  1.84
9.1001  2.02
9.1101  2.11
9.1201  2.03
9.1301  1.69
9.1401  1.99
9.1501  1.88
9.1601  2
9.1701  1.98
9.1801  2
9.1901  1.75
9.2001  1.91
9.2101  2.13
9.2201  1.86
9.2301  1.84
9.2401  1.54
9.2501  1.9
9.2601  1.77
9.2701  1.86
9.2801  2.12
9.2901  1.79
9.3001  1.89
9.3101  1.96
9.3201  1.85
9.3301  1.74
9.3401  1.78
9.3501  1.83
9.3601  1.95
9.3701  1.79
9.3801  1.8
9.3901  2
9.4001  2.05
9.4101  1.75
9.4201  1.89
9.4301  1.95
9.4401  1.96
9.4501  1.84
9.4601  1.94
9.4701  2.03
9.4801  1.85
9.4901  1.81
9.5001  1.93
9.5101  1.83
9.5201  1.91
9.5301  1.82
9.5401  2
9.5501  1.96
9.5601  1.95
9.5701  1.86
9.5801  2.07
9.5901  1.79
9.6001  1.9
9.6101  2
9.6201  2.06
9.6301  1.89
9.6401  1.89
9.6501  1.76
9.6601  1.94
9.6701  2.07
9.6801  1.83
9.6901  1.98
9.7001  1.82
9.7101  1.96
9.7201  1.98
9.7301  2.05
9.7401  1.95
9.7501  1.94
9.7601  1.85
9.7701  1.85
9.7801  1.89
9.7901  1.96
9.8001  2.06
9.8101  2.16
9.8201  1.93
9.8301  1.83
9.8401  1.96
9.8501  1.76
9.8601  1.74
9.8701  1.92
9.8801  1.78
9.8901  1.88
9.9001  1.98
9.9101  2.06
9.9201  1.91
9.9301  1.87
9.9401  1.74
9.9501  1.9
9.9601  1.93
9.9701  1.65
9.9801  2
9.9901  1.94
10.0001  1.81
10.0101  1.77
10.0201  1.8
10.0301  1.77
10.0401  1.58
10.0501  1.75
10.0601  1.99
10.0701  1.99
10.0801  1.91
10.0901  1.92
10.1001  1.96
10.1101  1.98
10.1201  2.18
10.1301  1.76
10.1401  1.92
10.1501  1.8
10.1601  1.96
10.1701  1.85
10.1801  1.64
10.1901  1.89
10.2001  1.78
10.2101  1.81
10.2201  2.01
10.2301  1.73
10.2401  1.89
10.2501  1.94
10.2601  1.94
10.2701  1.88
10.2801  1.77
10.2901  2.01
10.3001  2.06
10.3101  1.87
10.3201  1.83
10.3301  1.89
10.3401  1.75
10.3501  1.72
10.3601  2.03
10.3701  1.86
10.3801  1.93
10.3901  2.4
10.4001  1.88
10.4101  1.85
10.4201  2.02
10.4301  1.82
10.4401  2.2
10.4501  1.85
10.4601  1.96
10.4701  1.68
10.4801  2.17
10.4901  1.82
10.5001  1.96
10.5101  1.72
10.5201  1.84
10.5301  1.88
10.5401  1.72
10.5501  1.88
10.5601  1.96
10.5701  1.86
10.5801  1.94
10.5901  1.94
10.6001  1.98
10.6101  1.9
10.6201  1.93
10.6301  1.91
10.6401  1.96
10.6501  1.95
10.6601  1.92
10.6701  2.31
10.6801  2.09
10.6901  1.74
10.7001  1.89
10.7101  1.6
10.7201  2.11
10.7301  1.95
10.7401  1.91
10.7501  1.87
10.7601  2.15
10.7701  2.03
10.7801  1.85
10.7901  1.77
10.8001  2.16
10.8101  1.95
10.8201  1.71
10.8301  1.81
10.8401  2.06
10.8501  2.09
10.8601  1.76
10.8701  1.76
10.8801  1.97
10.8901  1.87
10.9001  1.82
10.9101  1.74
10.9201  1.72
10.9301  2.04
10.9401  1.69
10.9501  2.06
10.9601  1.86
10.9701  1.99
10.9801  1.83
10.9901  1.83
11.0001  1.78
11.0101  1.97
11.0201  1.78
11.0301  1.94
11.0401  2.06
11.0501  1.91
11.0601  1.79
11.0701  1.92
11.0801  1.68
11.0901  2.15
11.1001  2.1
11.1101  1.74
11.1201  1.89
11.1301  1.74
11.1401  1.87
11.1501  1.91
11.1601  1.84
11.1701  1.7
11.1801  1.92
11.1901  2.13
11.2001  1.8
11.2101  1.81
11.2201  1.95
11.2301  2.03
11.2401  2.01
11.2501  1.92
11.2601  1.72
11.2701  1.83
11.2801  1.91
11.2901  2.08
11.3001  1.86
11.3101  1.95
11.3201  1.89
11.3301  1.98
11.3401  1.93
11.3501  1.98
11.3601  1.91
11.3701  1.9
11.3801  1.77
11.3901  1.97
11.4001  2.19
11.4101  2.04
11.4201  1.89
11.4301  2.06
11.4401  1.87
11.4501  1.69
11.4601  1.63
11.4701  1.94
11.4801  1.95
11.4901  2.2
11.5001  1.98
11.5101  1.68
11.5201  2.16
11.5301  2
11.5401  2.03
11.5501  1.87
11.5601  1.6
11.5701  1.74
11.5801  1.82
11.5901  2.1
11.6001  1.93
11.6101  1.86
11.6201  2.1
11.6301  2.07
11.6401  1.98
11.6501  1.89
11.6601  1.78
11.6701  1.79
11.6801  1.96
11.6901  1.78
11.7001  1.76
11.7101  1.86
11.7201  1.72
11.7301  2.01
11.7401  1.91
11.7501  2.04
11.7601  2.05
11.7701  1.69
11.7801  1.74
11.7901  1.91
11.8001  1.9
11.8101  1.76
11.8201  1.68
11.8301  2
11.8401  1.65
11.8501  1.87
11.8601  1.81
11.8701  1.79
11.8801  2.02
11.8901  1.76
11.9001  2.06
11.9101  1.87
11.9201  1.87
11.9301  2.03
11.9401  1.66
11.9501  2.02
11.9601  1.99
11.9701  1.9
11.9801  1.85
11.9901  1.88
12.0001  2.06
12.0101  2.22
12.0201  1.86
12.0301  1.84
12.0401  2.01
12.0501  1.72
12.0601  1.73
12.0701  1.91
12.0801  1.93
12.0901  1.84
12.1001  2.04
12.1101  1.8
12.1201  1.96
12.1301  1.98
12.1401  2.04
12.1501  1.84
12.1601  2.05
12.1701  1.99
12.1801  1.91
12.1901  2.09
12.2001  1.87
12.2101  1.81
12.2201  1.68
12.2301  1.88
12.2401  1.83
12.2501  1.93
12.2601  1.74
12.2701  1.93
12.2801  1.91
12.2901  2.09
12.3001  2.09
12.3101  1.82
12.3201  2.06
12.3301  1.79
12.3401  1.81
12.3501  2.1
12.3601  1.78
12.3701  1.73
12.3801  1.63
12.3901  1.74
12.4001  1.98
12.4101  1.97
12.4201  2.05
12.4301  1.76
12.4401  2.16
12.4501  1.8
12.4601  1.8
12.4701  1.77
12.4801  1.89
12.4901  1.91
12.5001  1.72
12.5101  1.94
12.5201  1.75
12.5301  2.11
12.5401  1.83
12.5501  1.98
12.5601  2.06
12.5701  1.78
12.5801  1.93
12.5901  1.92
12.6001  1.65
12.6101  1.9
12.6201  2.07
12.6301  1.83
12.6401  1.68
12.6501  1.93
12.6601  2.05
12.6701  2.05
12.6801  1.92
12.6901  1.68
12.7001  1.78
12.7101  2.11
12.7201  1.88
12.7301  2
12.7401  1.89
12.7501  2
12.7601  1.72
12.7701  1.8
12.7801  1.86
12.7901  1.93
12.8001  1.96
12.8101  1.92
12.8201  2.03
12.8301  1.86
12.8401  1.84
12.8501  1.71
12.8601  1.98
12.8701  1.95
12.8801  1.69
12.8901  1.86
12.9001  1.8
12.9101  1.79
12.9201  2
12.9301  2.06
12.9401  1.93
12.9501  1.88
12.9601  1.78
12.9701  1.87
12.9801  1.99
12.9901  1.88
13.0001  1.86
13.0101  1.88
13.0201  2
13.0301  2
13.0401  1.82
13.0501  1.92
13.0601  1.95
13.0701  1.89
13.0801  1.76
13.0901  1.78
13.1001  2.1
13.1101  1.86
13.1201  1.91
13.1301  1.75
13.1401  1.83
13.1501  2.04
13.1601  1.88
13.1701  1.83
13.1801  1.86
13.1901  1.77
13.2001  2.05
13.2101  1.81
13.2201  1.75
13.2301  1.94
13.2401  1.83
13.2501  2.11
13.2601  1.69
13.2701  1.99
13.2801  1.97
13.2901  1.8
13.3001  2.01
13.3101  1.83
13.3201  2.17
13.3301  1.91
13.3401  1.97
13.3501  1.93
13.3601  2.01
13.3701  1.74
13.3801  1.72
13.3901  1.96
13.4001  2.06
13.4101  1.88
13.4201  1.87
13.4301  1.87
13.4401  2
13.4501  1.83
13.4601  1.98
13.4701  1.85
13.4801  1.96
13.4901  1.73
13.5001  1.86
13.5101  2.01
13.5201  1.97
13.5301  1.95
13.5401  1.81
13.5501  1.84
13.5601  1.68
13.5701  1.79
13.5801  1.87
13.5901  2.02
13.6001  2.12
13.6101  2.01
13.6201  1.86
13.6301  1.82
13.6401  1.79
13.6501  1.95
13.6601  2.19
13.6701  2.06
13.6801  2.06
13.6901  1.94
13.7001  1.83
13.7101  1.73
13.7201  1.83
13.7301  2.08
13.7401  1.87
13.7501  1.87
13.7601  1.9
13.7701  1.86
13.7801  1.89
13.7901  1.73
13.8001  2.02
13.8101  1.82
13.8201  1.74
13.8301  1.85
13.8401  2.02
13.8501  2.12
13.8601  1.92
13.8701  2.07
13.8801  1.8
13.8901  1.76
13.9001  1.87
13.9101  1.81
13.9201  2.01
13.9301  1.67
13.9401  2.06
13.9501  1.9
13.9601  1.79
13.9701  2.07
13.9801  2.01
13.9901  2.07
14.0001  1.87
14.0101  1.82
14.0201  1.8
14.0301  1.89
14.0401  1.73
14.0501  1.9
14.0601  1.85
14.0701  1.99
14.0801  1.79
14.0901  1.95
14.1001  1.87
14.1101  1.76
14.1201  1.93
14.1301  2.17
14.1401  1.99
14.1501  1.76
14.1601  2.05
14.1701  1.94
14.1801  1.88
14.1901  2.01
14.2001  1.7
14.2101  2.2
14.2201  1.74
14.2301  1.93
14.2401  1.97
14.2501  1.73
14.2601  1.72
14.2701  2.05
14.2801  1.79
14.2901  1.88
14.3001  1.99
14.3101  2.07
14.3201  1.69
14.3301  1.92
14.3401  2.13
14.3501  1.69
14.3601  1.91
14.3701  1.92
14.3801  2.05
14.3901  1.76
14.4001  2.01
14.4101  1.84
14.4201  2.12
14.4301  1.72
14.4401  2.01
14.4501  1.88
14.4601  1.99
14.4701  1.9
14.4801  2.03
14.4901  1.83
14.5001  1.84
14.5101  1.83
14.5201  1.87
14.5301  1.74
14.5401  1.78
14.5501  1.75
14.5601  1.95
14.5701  2.09
14.5801  1.66
14.5901  2.03
14.6001  1.86
14.6101  1.86
14.6201  1.93
14.6301  1.7
14.6401  1.72
14.6501  1.96
14.6601  2.16
14.6701  2.02
14.6801  1.91
14.6901  1.92
14.7001  1.84
14.7101  1.86
14.7201  1.93
14.7301  1.79
14.7401  2.13
14.7501  1.88
14.7601  1.93
14.7701  1.79
14.7801  1.91
14.7901  1.81
14.8001  2.02
14.8101  1.91
14.8201  1.76
14.8301  1.95
14.8401  1.87
14.8501  1.96
14.8601  2
14.8701  2.05
14.8801  1.98
14.8901  1.96
14.9001  1.84
14.9101  2.08
14.9201  1.8
14.9301  1.85
14.9401  1.96
14.9501  2.01
14.9601  1.95
14.9701  1.74
14.9801  1.82
14.9901  1.89
15.0001  1.9
15.0101  2.03
15.0201  1.88
15.0301  1.86
15.0401  1.84
15.0501  1.96
15.0601  1.85
15.0701  1.82
15.0801  1.81
15.0901  1.7
15.1001  1.93
15.1101  2.01
15.1201  1.62
15.1301  1.94
15.1401  2.04
15.1501  1.9
15.1601  1.95
15.1701  2.25
15.1801  1.94
15.1901  1.9
15.2001  1.95
15.2101  1.86
15.2201  1.76
15.2301  1.82
15.2401  1.7
15.2501  2
15.2601  1.82
15.2701  1.79
15.2801  1.73
15.2901  1.83
15.3001  1.92
15.3101  1.85
15.3201  1.99
15.3301  1.67
15.3401  1.85
15.3501  2.01
15.3601  2.16
15.3701  1.81
15.3801  2.2
15.3901  1.8
15.4001  2.09
15.4101  1.89
15.4201  1.81
15.4301  2.07
15.4401  1.79
15.4501  1.79
15.4601  2.06
15.4701  1.96
15.4801  1.76
15.4901  2.15
15.5001  2.08
15.5101  1.86
15.5201  1.83
15.5301  1.87
15.5401  1.84
15.5501  1.88
15.5601  1.84
15.5701  2.05
15.5801  1.91
15.5901  1.62
15.6001  2.27
15.6101  1.76
15.6201  1.96
15.6301  2.22
15.6401  2.02
15.6501  2.12
15.6601  1.53
15.6701  1.83
15.6801  1.83
15.6901  1.75
15.7001  1.73
15.7101  2.01
15.7201  2.09
15.7301  2.09
15.7401  1.76
15.7501  1.97
15.7601  1.7
15.7701  1.91
15.7801  1.96
15.7901  2
15.8001  1.69
15.8101  1.78
15.8201  1.91
15.8301  1.89
15.8401  1.76
15.8501  1.91
15.8601  1.98
15.8701  1.77
15.8801  1.81
15.8901  2
15.9001  1.87
15.9101  1.77
15.9201  1.89
15.9301  1.57
15.9401  1.86
15.9501  1.99
15.9601  1.95
15.9701  1.87
15.9801  1.97
15.9901  1.81
16.0001  2.03
16.0101  1.77
16.0201  1.87
16.0301  1.86
16.0401  1.62
16.0501  2.05
16.0601  2.01
16.0701  1.8
16.0801  1.92
16.0901  1.88
16.1001  1.93
16.1101  2.09
16.1201  2
16.1301  1.79
16.1401  1.74
16.1501  2.13
16.1601  1.78
16.1701  1.93
16.1801  2.02
16.1901  2.05
16.2001  1.88
16.2101  1.97
16.2201  2.09
16.2301  1.75
16.2401  1.75
16.2501  2.22
16.2601  1.78
16.2701  1.95
16.2801  1.84
16.2901  2.04
16.3001  1.78
16.3101  1.67
16.3201  1.79
16.3301  1.94
16.3401  2.06
16.3501  1.78
16.3601  2.06
16.3701  2.14
16.3801  2.11
16.3901  1.87
16.4001  1.99
16.4101  1.98
16.4201  1.75
16.4301  1.8
16.4401  1.94
16.4501  1.9
16.4601  1.94
16.4701  1.79
16.4801  1.84
16.4901  2.05
16.5001  2.14
16.5101  1.74
16.5201  1.84
16.5301  1.86
16.5401  1.72
16.5501  2.03
16.5601  1.8
16.5701  2
16.5801  1.89
16.5901  1.64
16.6001  1.76
16.6101  1.82
16.6201  2.04
16.6301  1.91
16.6401  2.06
16.6501  1.98
16.6601  2.13
16.6701  1.79
16.6801  1.85
16.6901  1.75
16.7001  2.11
16.7101  1.8
16.7201  1.74
16.7301  1.59
16.7401  1.83
16.7501  2.03
16.7601  1.6
16.7701  1.99
16.7801  1.77
16.7901  1.88
16.8001  1.91
16.8101  1.92
16.8201  2.04
16.8301  1.81
16.8401  1.94
16.8501  2.01
16.8601  1.93
16.8701  1.77
16.8801  1.93
16.8901  1.9
16.9001  1.74
16.9101  2
16.9201  1.79
16.9301  1.84
16.9401  1.8
16.9501  1.9
16.9601  1.85
16.9701  1.88
16.9801  2.01
16.9901  1.94
17.0001  2.06
17.0101  1.66
17.0201  1.76
17.0301  2
17.0401  1.5
17.0501  1.83
17.0601  2.04
17.0701  2.21
17.0801  2.03
17.0901  1.89
17.1001  1.89
17.1101  1.77
17.1201  1.87
17.1301  1.98
17.1401  2.08
17.1501  2.02
17.1601  1.91
17.1701  1.98
17.1801  1.95
17.1901  1.84
17.2001  1.94
17.2101  1.67
17.2201  2.04
17.2301  1.92
17.2401  1.84
17.2501  1.95
17.2601  1.96
17.2701  2.15
17.2801  1.77
17.2901  1.97
17.3001  2.12
17.3101  1.86
17.3201  1.98
17.3301  1.85
17.3401  1.76
17.3501  1.8
17.3601  1.84
17.3701  2.08
17.3801  2.03
17.3901  1.66
17.4001  2.01
17.4101  2.15
17.4201  1.85
17.4301  1.58
17.4401  1.87
17.4501  1.89
17.4601  2.01
17.4701  2.1
17.4801  1.71
17.4901  2.18
17.5001  1.77
17.5101  1.79
17.5201  2.05
17.5301  1.87
17.5401  1.83
17.5501  1.82
17.5601  1.86
17.5701  1.85
17.5801  2.05
17.5901  1.81
17.6001  2.12
17.6101  1.65
17.6201  2.14
17.6301  1.97
17.6401  1.86
17.6501  1.98
17.6601  1.66
17.6701  1.92
17.6801  1.88
17.6901  1.96
17.7001  1.8
17.7101  1.88
17.7201  1.63
17.7301  1.8
17.7401  1.96
17.7501  2.04
17.7601  1.87
17.7701  1.96
17.7801  1.79
17.7901  2.03
17.8001  1.94
17.8101  1.96
17.8201  1.88
17.8301  2.03
17.8401  1.86
17.8501  1.98
17.8601  1.82
17.8701  1.87
17.8801  1.94
17.8901  1.87
17.9001  1.97
17.9101  1.97
17.9201  2.08
17.9301  1.5
17.9401  2.09
17.9501  1.69
17.9601  1.75
17.9701  1.72
17.9801  2.07
17.9901  1.93
18.0001  1.63
18.0101  1.88
18.0201  1.99
18.0301  1.95
18.0401  2.16
18.0501  1.79
18.0601  1.94
18.0701  1.82
18.0801  1.97
18.0901  1.83
18.1001  1.84
18.1101  2.19
18.1201  1.59
18.1301  2.26
18.1401  1.85
18.1501  1.87
18.1601  1.92
18.1701  2.13
18.1801  1.95
18.1901  1.9
18.2001  2.08
18.2101  1.86
18.2201  1.96
18.2301  1.83
18.2401  1.65
18.2501  1.64
18.2601  2.18
18.2701  1.82
18.2801  1.81
18.2901  1.72
18.3001  1.86
18.3101  1.66
18.3201  2.05
18.3301  2.16
18.3401  1.95
18.3501  1.94
18.3601  1.9
18.3701  1.89
18.3801  1.98
18.3901  1.77
18.4001  1.86
18.4101  1.72
18.4201  1.91
18.4301  1.65
18.4401  2.02
18.4501  1.94
18.4601  1.93
18.4701  1.85
18.4801  1.82
18.4901  2.06
18.5001  1.86
18.5101  1.81
18.5201  1.88
18.5301  1.91
18.5401  1.77
18.5501  1.77
18.5601  1.97
18.5701  1.93
18.5801  1.69
18.5901  1.8
18.6001  1.93
18.6101  1.81
18.6201  1.75
18.6301  1.88
18.6401  2.02
18.6501  1.99
18.6601  1.95
18.6701  1.85
18.6801  1.95
18.6901  1.94
18.7001  1.81
18.7101  2.17
18.7201  1.81
18.7301  1.95
18.7401  1.84
18.7501  2.02
18.7601  1.7
18.7701  2.05
18.7801  1.85
18.7901  1.77
18.8001  1.74
18.8101  1.9
18.8201  2.27
18.8301  1.98
18.8401  1.66
18.8501  1.92
18.8601  1.95
18.8701  2.07
18.8801  1.82
18.8901  1.95
18.9001  2.06
18.9101  1.9
18.9201  2.07
18.9301  1.6
18.9401  1.86
18.9501  1.83
18.9601  2.05
18.9701  2.08
18.9801  2.09
18.9901  1.96
19.0001  2.08
19.0101  1.66
19.0201  1.68
19.0301  1.68
19.0401  1.62
19.0501  1.84
19.0601  1.94
19.0701  1.84
19.0801  2.2
19.0901  1.98
19.1001  2.24
19.1101  1.91
19.1201  1.76
19.1301  1.86
19.1401  1.83
19.1501  2.09
19.1601  1.66
19.1701  1.8
19.1801  1.73
19.1901  1.85
19.2001  1.8
19.2101  1.82
19.2201  1.76
19.2301  2.01
19.2401  1.89
19.2501  1.71
19.2601  1.96
19.2701  1.67
19.2801  1.84
19.2901  1.81
19.3001  2.04
19.3101  1.79
19.3201  1.8
19.3301  1.8
19.3401  1.87
19.3501  2.18
19.3601  1.76
19.3701  1.9
19.3801  1.99
19.3901  2
19.4001  2.04
19.4101  2.05
19.4201  1.76
19.4301  2.1
19.4401  1.79
19.4501  1.79
19.4601  2.07
19.4701  1.87
19.4801  1.81
19.4901  1.84
19.5001  1.88
19.5101  2.25
19.5201  1.96
19.5301  1.86
19.5401  1.86
19.5501  1.89
19.5601  2.01
19.5701  1.96
19.5801  2.19
19.5901  1.71
19.6001  1.99
19.6101  2.13
19.6201  1.96
19.6301  2.07
19.6401  1.74
19.6501  1.88
19.6601  1.73
19.6701  2.22
19.6801  1.87
19.6901  1.8
19.7001  2.3
19.7101  2
19.7201  1.77
19.7301  2.03
19.7401  2.04
19.7501  1.84
19.7601  2
19.7701  1.74
19.7801  2.13
19.7901  1.97
19.8001  1.6
19.8101  1.77
19.8201  1.94
19.8301  1.88
19.8401  1.69
19.8501  2
19.8601  1.9
19.8701  1.93
19.8801  2.03
19.8901  1.83
19.9001  1.91
19.9101  1.98
19.9201  1.74
19.9301  2.02
19.9401  1.77
19.9501  1.6
19.9601  1.82
19.9701  2.02
19.9801  1.77
19.9901  1.84
20.0001  1.83
20.0101  1.92
20.0201  1.75
20.0301  1.92
20.0401  1.78
20.0501  1.67
20.0601  2.05
