-15  0
-14.99  0
-14.98  0.01
-14.97  0.01
-14.96  0.01
-14.95  0.01
-14.94  0.02
-14.93  0.02
-14.92  0.03
-14.91  0.03
-14.9  0.03
-14.89  0.05
-14.88  0.03
-14.87  0.05
-14.86  0.06
-14.85  0.06
-14.84  0.06
-14.83  0.07
-14.82  0.08
-14.81  0.09
-14.8  0.1
-14.79  0.11
-14.78  0.11
-14.77  0.13
-14.76  0.15
-14.75  0.18
-14.74  0.17
-14.73  0.22
-14.72  0.24
-14.71  0.26
-14.7  0.32
-14.69  0.38
-14.68  0.43
-14.67  0.54
-14.66  0.64
-14.65  0.82
-14.64  1.04
-14.63  1.4
-14.62  1.95
-14.61  2.88
-14.6  4.6
-14.59  8.01
-14.58  14.09
-14.57  18.58
-14.56  14
-14.55  7.95
-14.54  4.57
-14.53  2.89
-14.52  1.95
-14.51  1.39
-14.5  1.07
-14.49  0.83
-14.48  0.66
-14.47  0.55
-14.46  0.46
-14.45  0.41
-14.44  0.32
-14.43  0.31
-14.42  0.27
-14.41  0.25
-14.4  0.23
-14.39  0.21
-14.38  0.19
-14.37  0.18
-14.36  0.14
-14.35  0.18
-14.34  0.14
-14.33  0.15
-14.32  0.14
-14.31  0.14
-14.3  0.13
-14.29  0.12
-14.28  0.12
-14.27  0.13
-14.26  0.12
-14.25  0.12
-14.24  0.12
-14.23  0.13
-14.22  0.11
-14.21  0.12
-14.2  0.12
-14.19  0.14
-14.18  0.11
-14.17  0.15
-14.16  0.11
-14.15  0.14
-14.14  0.12
-14.13  0.13
-14.12  0.15
-14.11  0.14
-14.1  0.13
-14.09  0.18
-14.08  0.16
-14.07  0.15
-14.06  0.19
-14.05  0.17
-14.04  0.18
-14.03  0.19
-14.02  0.18
-14.01  0.23
-14  0.23
-13.99  0.23
-13.98  0.24
-13.97  0.26
-13.96  0.27
-13.95  0.31
-13.94  0.32
-13.93  0.35
-13.92  0.35
-13.91  0.39
-13.9  0.43
-13.89  0.48
-13.88  0.52
-13.87  0.53
-13.86  0.64
-13.85  0.7
-13.84  0.79
-13.83  0.91
-13.82  0.99
-13.81  1.15
-13.8  1.35
-13.79  1.58
-13.78  1.87
-13.77  2.28
-13.76  2.7
-13.75  3.28
-13.74  3.98
-13.73  4.84
-13.72  5.57
-13.71  6.2
-13.7  6.43
-13.69  6.11
-13.68  5.48
-13.67  4.69
-13.66  3.89
-13.65  3.21
-13.64  2.67
-13.63  2.18
-13.62  1.86
-13.61  1.58
-13.6  1.34
-13.59  1.16
-13.58  1.02
-13.57  0.9
-13.56  0.78
-13.55  0.72
-13.54  0.68
-13.53  0.57
-13.52  0.55
-13.51  0.52
-13.5  0.44
-13.49  0.43
-13.48  0.43
-13.47  0.4
-13.46  0.37
-13.45  0.37
-13.44  0.32
-13.43  0.32
-13.42  0.31
-13.41  0.3
-13.4  0.3
-13.39  0.29
-13.38  0.29
-13.37  0.27
-13.36  0.26
-13.35  0.27
-13.34  0.26
-13.33  0.28
-13.32  0.26
-13.31  0.26
-13.3  0.26
-13.29  0.28
-13.28  0.28
-13.27  0.25
-13.26  0.25
-13.25  0.29
-13.24  0.25
-13.23  0.28
-13.22  0.3
-13.21  0.32
-13.2  0.29
-13.19  0.33
-13.18  0.3
-13.17  0.36
-13.16  0.32
-13.15  0.34
-13.14  0.37
-13.13  0.38
-13.12  0.42
-13.11  0.43
-13.1  0.41
-13.09  0.47
-13.08  0.5
-13.07  0.5
-13.06  0.57
-13.05  0.59
-13.04  0.63
-13.03  0.69
-13.02  0.73
-13.01  0.78
-13  0.84
-12.99  0.91
-12.98  1.02
-12.97  1.12
-12.96  1.22
-12.95  1.41
-12.94  1.49
-12.93  1.7
-12.92  1.9
-12.91  2.15
-12.9  2.37
-12.89  2.65
-12.88  2.97
-12.87  3.23
-12.86  3.52
-12.85  3.72
-12.84  3.92
-12.83  3.91
-12.82  3.84
-12.81  3.7
-12.8  3.44
-12.79  3.17
-12.78  2.89
-12.77  2.6
-12.76  2.3
-12.75  2.11
-12.74  1.89
-12.73  1.67
-12.72  1.49
-12.71  1.34
-12.7  1.22
-12.69  1.11
-12.68  1.01
-12.67  0.98
-12.66  0.85
-12.65  0.81
-12.64  0.76
-12.63  0.71
-12.62  0.68
-12.61  0.61
-12.6  0.61
-12.59  0.57
-12.58  0.53
-12.57  0.5
-12.56  0.52
-12.55  0.47
-12.54  0.45
-12.53  0.46
-12.52  0.43
-12.51  0.45
-12.5  0.41
-12.49  0.43
-12.48  0.4
-12.47  0.38
-12.46  0.43
-12.45  0.39
-12.44  0.39
-12.43  0.4
-12.42  0.39
-12.41  0.37
-12.4  0.41
-12.39  0.39
-12.38  0.4
-12.37  0.38
-12.36  0.42
-12.35  0.44
-12.34  0.42
-12.33  0.41
-12.32  0.46
-12.31  0.48
-12.3  0.42
-12.29  0.52
-12.28  0.47
-12.27  0.53
-12.26  0.52
-12.25  0.55
-12.24  0.54
-12.23  0.63
-12.22  0.62
-12.21  0.62
-12.2  0.68
-12.19  0.72
-12.18  0.77
-12.17  0.85
-12.16  0.82
-12.15  0.94
-12.14  0.94
-12.13  1.06
-12.12  1.08
-12.11  1.22
-12.1  1.31
-12.09  1.37
-12.08  1.52
-12.07  1.62
-12.06  1.77
-12.05  1.84
-12.04  2.03
-12.03  2.22
-12.02  2.3
-12.01  2.53
-12  2.58
-11.99  2.72
-11.98  2.82
-11.97  2.9
-11.96  2.9
-11.95  2.83
-11.94  2.82
-11.93  2.66
-11.92  2.56
-11.91  2.39
-11.9  2.3
-11.89  2.15
-11.88  2
-11.87  1.88
-11.86  1.71
-11.85  1.59
-11.84  1.47
-11.83  1.38
-11.82  1.27
-11.81  1.22
-11.8  1.1
-11.79  1.06
-11.78  0.96
-11.77  0.97
-11.76  0.87
-11.75  0.82
-11.74  0.79
-11.73  0.76
-11.72  0.71
-11.71  0.69
-11.7  0.68
-11.69  0.65
-11.68  0.64
-11.67  0.57
-11.66  0.6
-11.65  0.59
-11.64  0.55
-11.63  0.56
-11.62  0.54
-11.61  0.53
-11.6  0.54
-11.59  0.51
-11.58  0.51
-11.57  0.51
-11.56  0.49
-11.55  0.54
-11.54  0.52
-11.53  0.49
-11.52  0.48
-11.51  0.56
-11.5  0.48
-11.49  0.55
-11.48  0.51
-11.47  0.56
-11.46  0.59
-11.45  0.54
-11.44  0.57
-11.43  0.59
-11.42  0.59
-11.41  0.59
-11.4  0.66
-11.39  0.63
-11.38  0.69
-11.37  0.69
-11.36  0.73
-11.35  0.75
-11.34  0.76
-11.33  0.82
-11.32  0.83
-11.31  0.9
-11.3  0.94
-11.29  1.04
-11.28  1.01
-11.27  1.08
-11.26  1.1
-11.25  1.24
-11.24  1.28
-11.23  1.34
-11.22  1.42
-11.21  1.52
-11.2  1.61
-11.19  1.67
-11.18  1.82
-11.17  1.84
-11.16  1.93
-11.15  2.1
-11.14  2.08
-11.13  2.23
-11.12  2.26
-11.11  2.27
-11.1  2.29
-11.09  2.38
-11.08  2.25
-11.07  2.25
-11.06  2.25
-11.05  2.17
-11.04  2.11
-11.03  1.98
-11.02  1.93
-11.01  1.83
-11  1.78
-10.99  1.65
-10.98  1.56
-10.97  1.52
-10.96  1.4
-10.95  1.37
-10.94  1.25
-10.93  1.17
-10.92  1.16
-10.91  1.13
-10.9  1.01
-10.89  1
-10.88  0.97
-10.87  0.89
-10.86  0.88
-10.85  0.82
-10.84  0.87
-10.83  0.77
-10.82  0.74
-10.81  0.76
-10.8  0.7
-10.79  0.72
-10.78  0.67
-10.77  0.7
-10.76  0.68
-10.75  0.64
-10.74  0.66
-10.73  0.61
-10.72  0.63
-10.71  0.66
-10.7  0.59
-10.69  0.6
-10.68  0.65
-10.67  0.58
-10.66  0.62
-10.65  0.62
-10.64  0.6
-10.63  0.62
-10.62  0.66
-10.61  0.64
-10.6  0.68
-10.59  0.61
-10.58  0.68
-10.57  0.67
-10.56  0.7
-10.55  0.71
-10.54  0.7
-10.53  0.72
-10.52  0.75
-10.51  0.77
-10.5  0.81
-10.49  0.82
-10.48  0.86
-10.47  0.86
-10.46  0.88
-10.45  0.93
-10.44  1.04
-10.43  1
-10.42  1.05
-10.41  1.1
-10.4  1.15
-10.39  1.22
-10.38  1.23
-10.37  1.3
-10.36  1.36
-10.35  1.38
-10.34  1.48
-10.33  1.6
-10.32  1.58
-10.31  1.62
-10.3  1.71
-10.29  1.75
-10.28  1.9
-10.27  1.85
-10.26  1.86
-10.25  1.96
-10.24  1.94
-10.23  1.98
-10.22  2.02
-10.21  1.97
-10.2  1.94
-10.19  1.93
-10.18  1.87
-10.17  1.89
-10.16  1.78
-10.15  1.72
-10.14  1.69
-10.13  1.63
-10.12  1.6
-10.11  1.54
-10.1  1.45
-10.09  1.37
-10.08  1.38
-10.07  1.28
-10.06  1.23
-10.05  1.2
-10.04  1.14
-10.03  1.14
-10.02  1.04
-10.01  1.02
-10  1.01
-9.99  0.97
-9.98  0.94
-9.97  0.9
-9.96  0.91
-9.95  0.83
-9.94  0.84
-9.93  0.82
-9.92  0.79
-9.91  0.77
-9.9  0.75
-9.89  0.78
-9.88  0.75
-9.87  0.72
-9.86  0.74
-9.85  0.72
-9.84  0.73
-9.83  0.72
-9.82  0.72
-9.81  0.74
-9.8  0.69
-9.79  0.71
-9.78  0.68
-9.77  0.69
-9.76  0.72
-9.75  0.73
-9.74  0.74
-9.73  0.76
-9.72  0.7
-9.71  0.75
-9.7  0.76
-9.69  0.73
-9.68  0.84
-9.67  0.83
-9.66  0.76
-9.65  0.89
-9.64  0.83
-9.63  0.94
-9.62  0.92
-9.61  0.87
-9.6  0.95
-9.59  0.97
-9.58  0.95
-9.57  1.07
-9.56  1.05
-9.55  1.15
-9.54  1.13
-9.53  1.11
-9.52  1.26
-9.51  1.26
-9.5  1.34
-9.49  1.32
-9.48  1.39
-9.47  1.43
-9.46  1.44
-9.45  1.5
-9.44  1.56
-9.43  1.58
-9.42  1.64
-9.41  1.62
-9.4  1.7
-9.39  1.75
-9.38  1.72
-9.37  1.76
-9.36  1.73
-9.35  1.72
-9.34  1.8
-9.33  1.71
-9.32  1.66
-9.31  1.78
-9.3  1.61
-9.29  1.69
-9.28  1.56
-9.27  1.58
-9.26  1.55
-9.25  1.56
-9.24  1.44
-9.23  1.38
-9.22  1.4
-9.21  1.28
-9.2  1.29
-9.19  1.23
-9.18  1.25
-9.17  1.19
-9.16  1.13
-9.15  1.08
-9.14  1.08
-9.13  1.09
-9.12  1.01
-9.11  1.01
-9.1  0.97
-9.09  0.93
-9.08  0.93
-9.07  0.93
-9.06  0.86
-9.05  0.87
-9.04  0.89
-9.03  0.85
-9.02  0.83
-9.01  0.85
-9  0.85
-8.99  0.77
-8.98  0.82
-8.97  0.77
-8.96  0.81
-8.95  0.8
-8.94  0.76
-8.93  0.78
-8.92  0.78
-8.91  0.79
-8.9  0.77
-8.89  0.82
-8.88  0.8
-8.87  0.81
-8.86  0.81
-8.85  0.85
-8.84  0.8
-8.83  0.88
-8.82  0.84
-8.81  0.84
-8.8  0.85
-8.79  0.87
-8.78  0.92
-8.77  0.93
-8.76  0.93
-8.75  0.94
-8.74  0.99
-8.73  0.98
-8.72  1.04
-8.71  1.07
-8.7  1.04
-8.69  1.11
-8.68  1.15
-8.67  1.16
-8.66  1.16
-8.65  1.23
-8.64  1.25
-8.63  1.25
-8.62  1.39
-8.61  1.32
-8.6  1.34
-8.59  1.46
-8.58  1.38
-8.57  1.46
-8.56  1.52
-8.55  1.47
-8.54  1.52
-8.53  1.61
-8.52  1.55
-8.51  1.56
-8.5  1.67
-8.49  1.55
-8.48  1.57
-8.47  1.62
-8.46  1.57
-8.45  1.56
-8.44  1.58
-8.43  1.54
-8.42  1.52
-8.41  1.54
-8.4  1.43
-8.39  1.47
-8.38  1.49
-8.37  1.35
-8.36  1.32
-8.35  1.38
-8.34  1.29
-8.33  1.27
-8.32  1.24
-8.31  1.19
-8.3  1.22
-8.29  1.18
-8.28  1.09
-8.27  1.14
-8.26  1.08
-8.25  1.05
-8.24  1.08
-8.23  1
-8.22  1.01
-8.21  0.98
-8.2  0.98
-8.19  0.93
-8.18  0.98
-8.17  0.92
-8.16  0.88
-8.15  0.92
-8.14  0.86
-8.13  0.89
-8.12  0.88
-8.11  0.88
-8.1  0.86
-8.09  0.85
-8.08  0.87
-8.07  0.81
-8.06  0.89
-8.05  0.85
-8.04  0.88
-8.03  0.82
-8.02  0.88
-8.01  0.87
-8  0.88
-7.99  0.89
-7.98  0.84
-7.97  0.91
-7.96  0.87
-7.95  0.94
-7.94  0.93
-7.93  0.93
-7.92  0.91
-7.91  0.95
-7.9  0.96
-7.89  0.99
-7.88  1
-7.87  1.01
-7.86  1.03
-7.85  1.09
-7.84  1.11
-7.83  1.06
-7.82  1.17
-7.81  1.1
-7.8  1.16
-7.79  1.18
-7.78  1.24
-7.77  1.22
-7.76  1.3
-7.75  1.26
-7.74  1.33
-7.73  1.28
-7.72  1.35
-7.71  1.39
-7.7  1.39
-7.69  1.36
-7.68  1.45
-7.67  1.43
-7.66  1.53
-7.65  1.47
-7.64  1.43
-7.63  1.5
-7.62  1.5
-7.61  1.47
-7.6  1.44
-7.59  1.5
-7.58  1.5
-7.57  1.46
-7.56  1.42
-7.55  1.47
-7.54  1.39
-7.53  1.45
-7.52  1.33
-7.51  1.42
-7.5  1.32
-7.49  1.35
-7.48  1.27
-7.47  1.3
-7.46  1.27
-7.45  1.23
-7.44  1.19
-7.43  1.18
-7.42  1.18
-7.41  1.12
-7.4  1.17
-7.39  1.07
-7.38  1.05
-7.37  1.12
-7.36  1.08
-7.35  1.07
-7.34  0.99
-7.33  1.03
-7.32  1.01
-7.31  0.97
-7.3  0.99
-7.29  0.94
-7.28  0.94
-7.27  0.93
-7.26  0.95
-7.25  0.91
-7.24  0.94
-7.23  0.9
-7.22  0.95
-7.21  0.86
-7.2  0.93
-7.19  0.9
-7.18  0.95
-7.17  0.88
-7.16  0.93
-7.15  0.91
-7.14  0.95
-7.13  0.91
-7.12  0.94
-7.11  0.94
-7.1  0.89
-7.09  0.98
-7.08  0.95
-7.07  0.98
-7.06  0.91
-7.05  1.04
-7.04  1
-7.03  1.03
-7.02  0.97
-7.01  1.04
-7  1.06
-6.99  1.04
-6.98  1.05
-6.97  1.13
-6.96  1.09
-6.95  1.17
-6.94  1.15
-6.93  1.18
-6.92  1.23
-6.91  1.2
-6.9  1.23
-6.89  1.18
-6.88  1.26
-6.87  1.24
-6.86  1.38
-6.85  1.27
-6.84  1.33
-6.83  1.32
-6.82  1.38
-6.81  1.31
-6.8  1.41
-6.79  1.36
-6.78  1.43
-6.77  1.38
-6.76  1.39
-6.75  1.38
-6.74  1.45
-6.73  1.43
-6.72  1.35
-6.71  1.43
-6.7  1.36
-6.69  1.4
-6.68  1.37
-6.67  1.38
-6.66  1.32
-6.65  1.33
-6.64  1.32
-6.63  1.33
-6.62  1.27
-6.61  1.28
-6.6  1.22
-6.59  1.26
-6.58  1.19
-6.57  1.21
-6.56  1.19
-6.55  1.18
-6.54  1.19
-6.53  1.12
-6.52  1.11
-6.51  1.1
-6.5  1.12
-6.49  1.07
-6.48  1.07
-6.47  1.06
-6.46  1.01
-6.45  1.07
-6.44  1.02
-6.43  1
-6.42  1.01
-6.41  0.98
-6.4  0.97
-6.39  1
-6.38  0.97
-6.37  0.97
-6.36  0.98
-6.35  0.96
-6.34  0.95
-6.33  0.94
-6.32  0.95
-6.31  0.95
-6.3  0.96
-6.29  0.99
-6.28  0.95
-6.27  1
-6.26  0.92
-6.25  0.99
-6.24  0.97
-6.23  1.05
-6.22  0.96
-6.21  1.02
-6.2  0.97
-6.19  1
-6.18  1
-6.17  1.05
-6.16  1.03
-6.15  1.04
-6.14  1.05
-6.13  1.07
-6.12  1.09
-6.11  1.11
-6.1  1.07
-6.09  1.16
-6.08  1.19
-6.07  1.13
-6.06  1.17
-6.05  1.2
-6.04  1.17
-6.03  1.18
-6.02  1.27
-6.01  1.21
-6  1.27
-5.99  1.21
-5.98  1.34
-5.97  1.26
-5.96  1.27
-5.95  1.26
-5.94  1.34
-5.93  1.32
-5.92  1.38
-5.91  1.3
-5.9  1.35
-5.89  1.31
-5.88  1.35
-5.87  1.41
-5.86  1.32
-5.85  1.38
-5.84  1.31
-5.83  1.31
-5.82  1.3
-5.81  1.33
-5.8  1.34
-5.79  1.31
-5.78  1.28
-5.77  1.29
-5.76  1.28
-5.75  1.25
-5.74  1.26
-5.73  1.23
-5.72  1.18
-5.71  1.23
-5.7  1.17
-5.69  1.2
-5.68  1.18
-5.67  1.16
-5.66  1.16
-5.65  1.11
-5.64  1.1
-5.63  1.11
-5.62  1.11
-5.61  1.09
-5.6  1.09
-5.59  1.05
-5.58  1.08
-5.57  1.03
-5.56  1.07
-5.55  1
-5.54  1.05
-5.53  1
-5.52  1.01
-5.51  1.05
-5.5  1
-5.49  1.02
-5.48  0.99
-5.47  0.97
-5.46  1.02
-5.45  0.99
-5.44  0.97
-5.43  0.97
-5.42  1.03
-5.41  1.01
-5.4  1
-5.39  0.98
-5.38  1.02
-5.37  1
-5.36  1.01
-5.35  1.06
-5.34  0.97
-5.33  1.05
-5.32  1.02
-5.31  1.11
-5.3  1.05
-5.29  1.07
-5.28  1.08
-5.27  1.05
-5.26  1.11
-5.25  1.05
-5.24  1.09
-5.23  1.16
-5.22  1.15
-5.21  1.17
-5.2  1.07
-5.19  1.19
-5.18  1.22
-5.17  1.13
-5.16  1.16
-5.15  1.25
-5.14  1.2
-5.13  1.24
-5.12  1.29
-5.11  1.19
-5.1  1.25
-5.09  1.29
-5.08  1.28
-5.07  1.26
-5.06  1.32
-5.05  1.33
-5.04  1.25
-5.03  1.31
-5.02  1.28
-5.01  1.27
-5  1.29
-4.99  1.29
-4.98  1.3
-4.97  1.31
-4.96  1.24
-4.95  1.33
-4.94  1.31
-4.93  1.23
-4.92  1.3
-4.91  1.23
-4.9  1.28
-4.89  1.24
-4.88  1.24
-4.87  1.22
-4.86  1.17
-4.85  1.28
-4.84  1.17
-4.83  1.21
-4.82  1.2
-4.81  1.15
-4.8  1.14
-4.79  1.18
-4.78  1.12
-4.77  1.12
-4.76  1.09
-4.75  1.16
-4.74  1.07
-4.73  1.13
-4.72  1.08
-4.71  1.08
-4.7  1.01
-4.69  1.09
-4.68  1.05
-4.67  1.08
-4.66  1
-4.65  1.04
-4.64  1.06
-4.63  1.07
-4.62  1.03
-4.61  1.06
-4.6  1.02
-4.59  1.01
-4.58  0.98
-4.57  1.02
-4.56  1.03
-4.55  1
-4.54  1.08
-4.53  1.07
-4.52  1.01
-4.51  1.06
-4.5  1
-4.49  1.07
-4.48  1.02
-4.47  1
-4.46  1.06
-4.45  1.07
-4.44  1.07
-4.43  1.09
-4.42  1.05
-4.41  1.13
-4.4  1.09
-4.39  1.07
-4.38  1.12
-4.37  1.1
-4.36  1.18
-4.35  1.13
-4.34  1.2
-4.33  1.12
-4.32  1.13
-4.31  1.2
-4.3  1.18
-4.29  1.16
-4.28  1.18
-4.27  1.17
-4.26  1.26
-4.25  1.21
-4.24  1.22
-4.23  1.23
-4.22  1.22
-4.21  1.27
-4.2  1.22
-4.19  1.27
-4.18  1.27
-4.17  1.25
-4.16  1.28
-4.15  1.27
-4.14  1.27
-4.13  1.25
-4.12  1.26
-4.11  1.27
-4.1  1.22
-4.09  1.3
-4.08  1.25
-4.07  1.27
-4.06  1.27
-4.05  1.22
-4.04  1.24
-4.03  1.22
-4.02  1.22
-4.01  1.2
-4  1.19
-3.99  1.23
-3.98  1.19
-3.97  1.19
-3.96  1.17
-3.95  1.14
-3.94  1.22
-3.93  1.14
-3.92  1.15
-3.91  1.1
-3.9  1.16
-3.89  1.19
-3.88  1.06
-3.87  1.12
-3.86  1.17
-3.85  1.05
-3.84  1.12
-3.83  1.04
-3.82  1.14
-3.81  1.03
-3.8  1.12
-3.79  1.04
-3.78  1.02
-3.77  1.06
-3.76  1.07
-3.75  1.12
-3.74  0.99
-3.73  1.1
-3.72  1.03
-3.71  1.03
-3.7  1.12
-3.69  1.01
-3.68  1.02
-3.67  1.08
-3.66  1.04
-3.65  1.01
-3.64  1.07
-3.63  1.06
-3.62  1.11
-3.61  1.02
-3.6  1.15
-3.59  1.06
-3.58  1.06
-3.57  1.1
-3.56  1.03
-3.55  1.14
-3.54  1.09
-3.53  1.14
-3.52  1.11
-3.51  1.06
-3.5  1.16
-3.49  1.11
-3.48  1.13
-3.47  1.11
-3.46  1.17
-3.45  1.16
-3.44  1.18
-3.43  1.24
-3.42  1.15
-3.41  1.12
-3.4  1.21
-3.39  1.22
-3.38  1.24
-3.37  1.15
-3.36  1.22
-3.35  1.23
-3.34  1.23
-3.33  1.24
-3.32  1.22
-3.31  1.16
-3.3  1.27
-3.29  1.28
-3.28  1.21
-3.27  1.24
-3.26  1.28
-3.25  1.19
-3.24  1.18
-3.23  1.33
-3.22  1.19
-3.21  1.26
-3.2  1.18
-3.19  1.23
-3.18  1.21
-3.17  1.23
-3.16  1.28
-3.15  1.19
-3.14  1.2
-3.13  1.24
-3.12  1.18
-3.11  1.17
-3.1  1.17
-3.09  1.15
-3.08  1.16
-3.07  1.16
-3.06  1.21
-3.05  1.14
-3.04  1.09
-3.03  1.15
-3.02  1.1
-3.01  1.14
-3  1.11
-2.99  1.15
-2.98  1.07
-2.97  1.15
-2.96  1.09
-2.95  1.1
-2.94  1.12
-2.93  1.07
-2.92  1.09
-2.91  1.1
-2.9  1.06
-2.89  1.06
-2.88  1.07
-2.87  1.07
-2.86  1.09
-2.85  1.09
-2.84  1.03
-2.83  1.16
-2.82  1.05
-2.81  1.05
-2.8  1.08
-2.79  1.04
-2.78  1.04
-2.77  1.08
-2.76  1.06
-2.75  1.13
-2.74  1.06
-2.73  1.09
-2.72  1.1
-2.71  1.12
-2.7  1.05
-2.69  1.07
-2.68  1.14
-2.67  1.14
-2.66  1.12
-2.65  1.08
-2.64  1.13
-2.63  1.13
-2.62  1.18
-2.61  1.12
-2.6  1.08
-2.59  1.21
-2.58  1.14
-2.57  1.21
-2.56  1.16
-2.55  1.13
-2.54  1.16
-2.53  1.21
-2.52  1.22
-2.51  1.21
-2.5  1.15
-2.49  1.18
-2.48  1.23
-2.47  1.2
-2.46  1.2
-2.45  1.17
-2.44  1.23
-2.43  1.24
-2.42  1.23
-2.41  1.2
-2.4  1.18
-2.39  1.21
-2.38  1.25
-2.37  1.29
-2.36  1.17
-2.35  1.22
-2.34  1.21
-2.33  1.21
-2.32  1.23
-2.31  1.15
-2.3  1.24
-2.29  1.17
-2.28  1.22
-2.27  1.18
-2.26  1.21
-2.25  1.13
-2.24  1.25
-2.23  1.14
-2.22  1.18
-2.21  1.09
-2.2  1.15
-2.19  1.27
-2.18  1.13
-2.17  1.07
-2.16  1.15
-2.15  1.16
-2.14  1.13
-2.13  1.17
-2.12  1.09
-2.11  1.15
-2.1  1.12
-2.09  1.07
-2.08  1.14
-2.07  1.06
-2.06  1.16
-2.05  1.05
-2.04  1.12
-2.03  1.1
-2.02  1.04
-2.01  1.12
-2  1.05
-1.99  1.1
-1.98  1.05
-1.97  1.12
-1.96  1.11
-1.95  1.08
-1.94  1.06
-1.93  1.12
-1.92  1.05
-1.91  1.11
-1.9  1.09
-1.89  1.1
-1.88  1.13
-1.87  1.07
-1.86  1.11
-1.85  1.08
-1.84  1.15
-1.83  1.05
-1.82  1.15
-1.81  1.06
-1.8  1.07
-1.79  1.22
-1.78  1.11
-1.77  1.11
-1.76  1.14
-1.75  1.16
-1.74  1.13
-1.73  1.13
-1.72  1.19
-1.71  1.11
-1.7  1.2
-1.69  1.14
-1.68  1.17
-1.67  1.1
-1.66  1.24
-1.65  1.14
-1.64  1.2
-1.63  1.21
-1.62  1.21
-1.61  1.13
-1.6  1.21
-1.59  1.18
-1.58  1.23
-1.57  1.23
-1.56  1.18
-1.55  1.21
-1.54  1.19
-1.53  1.23
-1.52  1.18
-1.51  1.24
-1.5  1.15
-1.49  1.15
-1.48  1.19
-1.47  1.21
-1.46  1.23
-1.45  1.19
-1.44  1.2
-1.43  1.19
-1.42  1.23
-1.41  1.15
-1.4  1.17
-1.39  1.14
-1.38  1.16
-1.37  1.22
-1.36  1.15
-1.35  1.17
-1.34  1.2
-1.33  1.14
-1.32  1.17
-1.31  1.18
-1.3  1.1
-1.29  1.1
-1.28  1.18
-1.27  1.13
-1.26  1.14
-1.25  1.14
-1.24  1.11
-1.23  1.12
-1.22  1.13
-1.21  1.1
-1.2  1.12
-1.19  1.1
-1.18  1.07
-1.17  1.13
-1.16  1.11
-1.15  1.1
-1.14  1.09
-1.13  1.09
-1.12  1.13
-1.11  1.13
-1.1  1.08
-1.09  1.1
-1.08  1.13
-1.07  1.11
-1.06  1.07
-1.05  1.09
-1.04  1.11
-1.03  1.08
-1.02  1.1
-1.01  1.15
-1  1.08
-0.99  1.03
-0.98  1.18
-0.97  1.08
-0.96  1.14
-0.95  1.17
-0.94  1.07
-0.93  1.12
-0.92  1.12
-0.91  1.13
-0.9  1.12
-0.89  1.12
-0.88  1.14
-0.87  1.16
-0.86  1.18
-0.85  1.13
-0.84  1.15
-0.83  1.2
-0.82  1.12
-0.81  1.16
-0.8  1.23
-0.79  1.16
-0.78  1.11
-0.77  1.15
-0.76  1.19
-0.75  1.2
-0.74  1.17
-0.73  1.17
-0.72  1.18
-0.71  1.25
-0.7  1.13
-0.69  1.18
-0.68  1.21
-0.67  1.19
-0.66  1.14
-0.65  1.22
-0.64  1.18
-0.63  1.2
-0.62  1.25
-0.61  1.17
-0.6  1.19
-0.59  1.18
-0.58  1.17
-0.57  1.16
-0.56  1.18
-0.55  1.18
-0.54  1.17
-0.53  1.19
-0.52  1.2
-0.51  1.12
-0.5  1.15
-0.49  1.21
-0.48  1.17
-0.47  1.12
-0.46  1.2
-0.45  1.18
-0.44  1.12
-0.43  1.15
-0.42  1.14
-0.41  1.12
-0.4  1.1
-0.39  1.13
-0.38  1.21
-0.37  1.13
-0.36  1.09
-0.35  1.14
-0.34  1.13
-0.33  1.05
-0.32  1.14
-0.31  1.12
-0.3  1.15
-0.29  1.14
-0.28  1.1
-0.27  1.06
-0.26  1.12
-0.25  1.11
-0.24  1.13
-0.23  1.14
-0.22  1.08
-0.21  1.15
-0.2  1.11
-0.19  1.08
-0.18  1.11
-0.17  1.11
-0.16  1.1
-0.15  1.05
-0.14  1.14
-0.13  1.12
-0.12  1.15
-0.11  1.06
-0.1  1.13
-0.09  1.16
-0.08  1.08
-0.07  1.15
-0.06  1.14
-0.05  1.09
-0.04  1.16
-0.03  1.16
-0.02  1.23
-0.01  1.06
-2.16197e-11  1.16
0.0001  0.02
0.0101  1.14
0.0201  1.13
0.0301  1.19
0.0401  1.11
0.0501  1.2
0.0601  1.15
0.0701  1.19
0.0801  1.16
0.0901  1.22
0.1001  1.14
0.1101  1.22
0.1201  1.2
0.1301  1.31
0.1401  1.24
0.1501  1.26
0.1601  1.29
0.1701  1.35
0.1801  1.2
0.1901  1.38
0.2001  1.36
0.2101  1.31
0.2201  1.39
0.2301  1.36
0.2401  1.45
0.2501  1.45
0.2601  1.43
0.2701  1.47
0.2801  1.5
0.2901  1.49
0.3001  1.59
0.3101  1.59
0.3201  1.55
0.3301  1.62
0.3401  1.63
0.3501  1.71
0.3601  1.7
0.3701  1.71
0.3801  1.77
0.3901  1.78
0.4001  1.8
0.4101  1.78
0.4201  1.85
0.4301  1.93
0.4401  1.92
0.4501  1.88
0.4601  1.95
0.4701  1.92
0.4801  1.98
0.4901  1.94
0.5001  2.04
0.5101  1.98
0.5201  1.99
0.5301  1.98
0.5401  1.99
0.5501  1.94
0.5601  1.96
0.5701  1.95
0.5801  2.03
0.5901  1.93
0.6001  1.95
0.6101  1.93
0.6201  1.86
0.6301  1.96
0.6401  1.85
0.6501  1.8
0.6601  1.78
0.6701  1.81
0.6801  1.81
0.6901  1.76
0.7001  1.67
0.7101  1.69
0.7201  1.7
0.7301  1.6
0.7401  1.65
0.7501  1.6
0.7601  1.61
0.7701  1.55
0.7801  1.56
0.7901  1.51
0.8001  1.51
0.8101  1.42
0.8201  1.49
0.8301  1.37
0.8401  1.42
0.8501  1.43
0.8601  1.36
0.8701  1.36
0.8801  1.33
0.8901  1.38
0.9001  1.39
0.9101  1.29
0.9201  1.34
0.9301  1.27
0.9401  1.27
0.9501  1.23
0.9601  1.34
0.9701  1.26
0.9801  1.22
0.9901  1.33
1.0001  1.26
1.0101  1.17
1.0201  1.29
1.0301  1.22
1.0401  1.23
1.0501  1.25
1.0601  1.24
1.0701  1.2
1.0801  1.22
1.0901  1.21
1.1001  1.31
1.1101  1.15
1.1201  1.35
1.1301  1.16
1.1401  1.26
1.1501  1.24
1.1601  1.27
1.1701  1.25
1.1801  1.25
1.1901  1.25
1.2001  1.24
1.2101  1.32
1.2201  1.34
1.2301  1.3
1.2401  1.34
1.2501  1.33
1.2601  1.39
1.2701  1.37
1.2801  1.3
1.2901  1.46
1.3001  1.4
1.3101  1.36
1.3201  1.42
1.3301  1.47
1.3401  1.42
1.3501  1.54
1.3601  1.47
1.3701  1.51
1.3801  1.54
1.3901  1.56
1.4001  1.56
1.4101  1.52
1.4201  1.64
1.4301  1.59
1.4401  1.65
1.4501  1.71
1.4601  1.65
1.4701  1.73
1.4801  1.72
1.4901  1.74
1.5001  1.81
1.5101  1.8
1.5201  1.79
1.5301  1.81
1.5401  1.83
1.5501  1.87
1.5601  1.8
1.5701  1.88
1.5801  1.83
1.5901  1.94
1.6001  1.87
1.6101  1.87
1.6201  1.92
1.6301  1.84
1.6401  1.97
1.6501  1.89
1.6601  1.85
1.6701  1.88
1.6801  1.87
1.6901  1.89
1.7001  1.85
1.7101  1.88
1.7201  1.84
1.7301  1.81
1.7401  1.78
1.7501  1.76
1.7601  1.72
1.7701  1.79
1.7801  1.74
1.7901  1.74
1.8001  1.68
1.8101  1.75
1.8201  1.61
1.8301  1.64
1.8401  1.63
1.8501  1.61
1.8601  1.55
1.8701  1.59
1.8801  1.55
1.8901  1.57
1.9001  1.54
1.9101  1.41
1.9201  1.54
1.9301  1.49
1.9401  1.41
1.9501  1.45
1.9601  1.41
1.9701  1.43
1.9801  1.51
1.9901  1.29
2.0001  1.38
2.0101  1.38
2.0201  1.37
2.0301  1.34
2.0401  1.37
2.0501  1.32
2.0601  1.37
2.0701  1.37
2.0801  1.31
2.0901  1.33
2.1001  1.32
2.1101  1.29
2.1201  1.31
2.1301  1.28
2.1401  1.3
2.1501  1.3
2.1601  1.38
2.1701  1.24
2.1801  1.3
2.1901  1.29
2.2001  1.32
2.2101  1.35
2.2201  1.28
2.2301  1.35
2.2401  1.26
2.2501  1.36
2.2601  1.27
2.2701  1.34
2.2801  1.32
2.2901  1.39
2.3001  1.33
2.3101  1.41
2.3201  1.33
2.3301  1.38
2.3401  1.42
2.3501  1.39
2.3601  1.45
2.3701  1.4
2.3801  1.44
2.3901  1.45
2.4001  1.46
2.4101  1.46
2.4201  1.44
2.4301  1.47
2.4401  1.54
2.4501  1.53
2.4601  1.56
2.4701  1.52
2.4801  1.6
2.4901  1.57
2.5001  1.6
2.5101  1.62
2.5201  1.64
2.5301  1.66
2.5401  1.61
2.5501  1.71
2.5601  1.69
2.5701  1.68
2.5801  1.71
2.5901  1.82
2.6001  1.72
2.6101  1.82
2.6201  1.72
2.6301  1.75
2.6401  1.81
2.6501  1.79
2.6601  1.81
2.6701  1.81
2.6801  1.84
2.6901  1.79
2.7001  1.84
2.7101  1.83
2.7201  1.79
2.7301  1.84
2.7401  1.8
2.7501  1.83
2.7601  1.78
2.7701  1.78
2.7801  1.82
2.7901  1.87
2.8001  1.78
2.8101  1.75
2.8201  1.74
2.8301  1.76
2.8401  1.78
2.8501  1.71
2.8601  1.69
2.8701  1.75
2.8801  1.67
2.8901  1.7
2.9001  1.62
2.9101  1.64
2.9201  1.59
2.9301  1.59
2.9401  1.64
2.9501  1.54
2.9601  1.6
2.9701  1.58
2.9801  1.53
2.9901  1.54
3.0001  1.53
3.0101  1.51
3.0201  1.44
3.0301  1.49
3.0401  1.5
3.0501  1.46
3.0601  1.42
3.0701  1.47
3.0801  1.44
3.0901  1.4
3.1001  1.42
3.1101  1.42
3.1201  1.39
3.1301  1.43
3.1401  1.37
3.1501  1.37
3.1601  1.39
3.1701  1.4
3.1801  1.37
3.1901  1.35
3.2001  1.33
3.2101  1.34
3.2201  1.37
3.2301  1.43
3.2401  1.35
3.2501  1.29
3.2601  1.43
3.2701  1.29
3.2801  1.42
3.2901  1.31
3.3001  1.42
3.3101  1.33
3.3201  1.43
3.3301  1.34
3.3401  1.36
3.3501  1.42
3.3601  1.36
3.3701  1.38
3.3801  1.44
3.3901  1.43
3.4001  1.37
3.4101  1.39
3.4201  1.51
3.4301  1.4
3.4401  1.41
3.4501  1.5
3.4601  1.5
3.4701  1.45
3.4801  1.54
3.4901  1.52
3.5001  1.41
3.5101  1.55
3.5201  1.49
3.5301  1.61
3.5401  1.51
3.5501  1.54
3.5601  1.57
3.5701  1.57
3.5801  1.63
3.5901  1.67
3.6001  1.58
3.6101  1.6
3.6201  1.67
3.6301  1.66
3.6401  1.67
3.6501  1.71
3.6601  1.72
3.6701  1.75
3.6801  1.69
3.6901  1.72
3.7001  1.74
3.7101  1.76
3.7201  1.73
3.7301  1.72
3.7401  1.76
3.7501  1.79
3.7601  1.7
3.7701  1.79
3.7801  1.77
3.7901  1.74
3.8001  1.81
3.8101  1.78
3.8201  1.79
3.8301  1.74
3.8401  1.73
3.8501  1.74
3.8601  1.75
3.8701  1.81
3.8801  1.71
3.8901  1.72
3.9001  1.69
3.9101  1.68
3.9201  1.74
3.9301  1.72
3.9401  1.74
3.9501  1.63
3.9601  1.66
3.9701  1.66
3.9801  1.68
3.9901  1.54
4.0001  1.71
4.0101  1.54
4.0201  1.64
4.0301  1.49
4.0401  1.59
4.0501  1.54
4.0601  1.64
4.0701  1.53
4.0801  1.5
4.0901  1.56
4.1001  1.46
4.1101  1.56
4.1201  1.44
4.1301  1.52
4.1401  1.5
4.1501  1.48
4.1601  1.41
4.1701  1.45
4.1801  1.47
4.1901  1.47
4.2001  1.44
4.2101  1.4
4.2201  1.41
4.2301  1.45
4.2401  1.43
4.2501  1.47
4.2601  1.39
4.2701  1.43
4.2801  1.33
4.2901  1.37
4.3001  1.4
4.3101  1.46
4.3201  1.4
4.3301  1.46
4.3401  1.32
4.3501  1.41
4.3601  1.38
4.3701  1.4
4.3801  1.44
4.3901  1.37
4.4001  1.45
4.4101  1.43
4.4201  1.45
4.4301  1.42
4.4401  1.39
4.4501  1.43
4.4601  1.46
4.4701  1.48
4.4801  1.45
4.4901  1.5
4.5001  1.45
4.5101  1.43
4.5201  1.52
4.5301  1.48
4.5401  1.45
4.5501  1.57
4.5601  1.5
4.5701  1.52
4.5801  1.5
4.5901  1.49
4.6001  1.54
4.6101  1.68
4.6201  1.55
4.6301  1.55
4.6401  1.54
4.6501  1.64
4.6601  1.6
4.6701  1.66
4.6801  1.56
4.6901  1.64
4.7001  1.65
4.7101  1.64
4.7201  1.69
4.7301  1.65
4.7401  1.69
4.7501  1.68
4.7601  1.66
4.7701  1.65
4.7801  1.79
4.7901  1.74
4.8001  1.73
4.8101  1.69
4.8201  1.71
4.8301  1.66
4.8401  1.74
4.8501  1.71
4.8601  1.75
4.8701  1.71
4.8801  1.75
4.8901  1.77
4.9001  1.69
4.9101  1.72
4.9201  1.64
4.9301  1.76
4.9401  1.71
4.9501  1.7
4.9601  1.68
4.9701  1.7
4.9801  1.68
4.9901  1.66
5.0001  1.69
5.0101  1.66
5.0201  1.63
5.0301  1.63
5.0401  1.72
5.0501  1.61
5.0601  1.65
5.0701  1.65
5.0801  1.58
5.0901  1.6
5.1001  1.61
5.1101  1.6
5.1201  1.54
5.1301  1.56
5.1401  1.53
5.1501  1.56
5.1601  1.54
5.1701  1.54
5.1801  1.52
5.1901  1.49
5.2001  1.47
5.2101  1.52
5.2201  1.5
5.2301  1.5
5.2401  1.53
5.2501  1.41
5.2601  1.53
5.2701  1.46
5.2801  1.52
5.2901  1.43
5.3001  1.39
5.3101  1.53
5.3201  1.41
5.3301  1.43
5.3401  1.5
5.3501  1.37
5.3601  1.46
5.3701  1.46
5.3801  1.48
5.3901  1.44
5.4001  1.37
5.4101  1.5
5.4201  1.41
5.4301  1.41
5.4401  1.49
5.4501  1.46
5.4601  1.36
5.4701  1.43
5.4801  1.48
5.4901  1.44
5.5001  1.47
5.5101  1.48
5.5201  1.48
5.5301  1.5
5.5401  1.49
5.5501  1.37
5.5601  1.53
5.5701  1.48
5.5801  1.5
5.5901  1.54
5.6001  1.47
5.6101  1.51
5.6201  1.54
5.6301  1.53
5.6401  1.53
5.6501  1.53
5.6601  1.54
5.6701  1.58
5.6801  1.52
5.6901  1.59
5.7001  1.59
5.7101  1.56
5.7201  1.66
5.7301  1.52
5.7401  1.62
5.7501  1.61
5.7601  1.67
5.7701  1.7
5.7801  1.53
5.7901  1.62
5.8001  1.68
5.8101  1.63
5.8201  1.68
5.8301  1.62
5.8401  1.65
5.8501  1.76
5.8601  1.69
5.8701  1.61
5.8801  1.75
5.8901  1.65
5.9001  1.68
5.9101  1.74
5.9201  1.69
5.9301  1.72
5.9401  1.67
5.9501  1.65
5.9601  1.72
5.9701  1.66
5.9801  1.71
5.9901  1.65
6.0001  1.71
6.0101  1.66
6.0201  1.65
6.0301  1.71
6.0401  1.63
6.0501  1.71
6.0601  1.59
6.0701  1.63
6.0801  1.67
6.0901  1.66
6.1001  1.69
6.1101  1.59
6.1201  1.63
6.1301  1.63
6.1401  1.61
6.1501  1.56
6.1601  1.64
6.1701  1.54
6.1801  1.6
6.1901  1.53
6.2001  1.65
6.2101  1.52
6.2201  1.54
6.2301  1.58
6.2401  1.58
6.2501  1.55
6.2601  1.53
6.2701  1.45
6.2801  1.51
6.2901  1.5
6.3001  1.56
6.3101  1.45
6.3201  1.48
6.3301  1.57
6.3401  1.48
6.3501  1.49
6.3601  1.43
6.3701  1.47
6.3801  1.51
6.3901  1.43
6.4001  1.54
6.4101  1.48
6.4201  1.43
6.4301  1.51
6.4401  1.44
6.4501  1.51
6.4601  1.43
6.4701  1.49
6.4801  1.39
6.4901  1.52
6.5001  1.44
6.5101  1.52
6.5201  1.49
6.5301  1.47
6.5401  1.42
6.5501  1.52
6.5601  1.5
6.5701  1.45
6.5801  1.48
6.5901  1.49
6.6001  1.51
6.6101  1.44
6.6201  1.48
6.6301  1.54
6.6401  1.46
6.6501  1.53
6.6601  1.53
6.6701  1.54
6.6801  1.46
6.6901  1.56
6.7001  1.57
6.7101  1.56
6.7201  1.57
6.7301  1.54
6.7401  1.58
6.7501  1.57
6.7601  1.6
6.7701  1.56
6.7801  1.56
6.7901  1.61
6.8001  1.54
6.8101  1.57
6.8201  1.68
6.8301  1.6
6.8401  1.63
6.8501  1.65
6.8601  1.58
6.8701  1.58
6.8801  1.67
6.8901  1.63
6.9001  1.65
6.9101  1.67
6.9201  1.64
6.9301  1.69
6.9401  1.63
6.9501  1.71
6.9601  1.66
6.9701  1.62
6.9801  1.69
6.9901  1.66
7.0001  1.66
7.0101  1.67
7.0201  1.66
7.0301  1.67
7.0401  1.67
7.0501  1.7
7.0601  1.58
7.0701  1.7
7.0801  1.71
7.0901  1.59
7.1001  1.66
7.1101  1.62
7.1201  1.7
7.1301  1.63
7.1401  1.59
7.1501  1.62
7.1601  1.61
7.1701  1.67
7.1801  1.55
7.1901  1.68
7.2001  1.6
7.2101  1.55
7.2201  1.62
7.2301  1.55
7.2401  1.62
7.2501  1.58
7.2601  1.58
7.2701  1.61
7.2801  1.53
7.2901  1.59
7.3001  1.59
7.3101  1.49
7.3201  1.54
7.3301  1.52
7.3401  1.55
7.3501  1.49
7.3601  1.52
7.3701  1.59
7.3801  1.44
7.3901  1.58
7.4001  1.56
7.4101  1.45
7.4201  1.5
7.4301  1.57
7.4401  1.52
7.4501  1.38
7.4601  1.53
7.4701  1.48
7.4801  1.5
7.4901  1.5
7.5001  1.49
7.5101  1.45
7.5201  1.47
7.5301  1.52
7.5401  1.51
7.5501  1.4
7.5601  1.54
7.5701  1.5
7.5801  1.57
7.5901  1.48
7.6001  1.48
7.6101  1.52
7.6201  1.49
7.6301  1.48
7.6401  1.56
7.6501  1.41
7.6601  1.5
7.6701  1.54
7.6801  1.5
7.6901  1.5
7.7001  1.53
7.7101  1.52
7.7201  1.5
7.7301  1.54
7.7401  1.49
7.7501  1.53
7.7601  1.57
7.7701  1.59
7.7801  1.55
7.7901  1.59
7.8001  1.58
7.8101  1.52
7.8201  1.57
7.8301  1.57
7.8401  1.63
7.8501  1.53
7.8601  1.56
7.8701  1.62
7.8801  1.66
7.8901  1.59
7.9001  1.59
7.9101  1.54
7.9201  1.7
7.9301  1.61
7.9401  1.61
7.9501  1.6
7.9601  1.63
7.9701  1.66
7.9801  1.57
7.9901  1.63
8.0001  1.69
8.0101  1.57
8.0201  1.64
8.0301  1.68
8.0401  1.63
8.0501  1.62
8.0601  1.62
8.0701  1.7
8.0801  1.63
8.0901  1.64
8.1001  1.7
8.1101  1.64
8.1201  1.64
8.1301  1.64
8.1401  1.68
8.1501  1.55
8.1601  1.69
8.1701  1.66
8.1801  1.61
8.1901  1.58
8.2001  1.63
8.2101  1.66
8.2201  1.58
8.2301  1.55
8.2401  1.63
8.2501  1.66
8.2601  1.62
8.2701  1.56
8.2801  1.62
8.2901  1.61
8.3001  1.53
8.3101  1.57
8.3201  1.61
8.3301  1.58
8.3401  1.56
8.3501  1.6
8.3601  1.51
8.3701  1.59
8.3801  1.55
8.3901  1.5
8.4001  1.57
8.4101  1.58
8.4201  1.56
8.4301  1.56
8.4401  1.54
8.4501  1.5
8.4601  1.51
8.4701  1.54
8.4801  1.55
8.4901  1.49
8.5001  1.5
8.5101  1.54
8.5201  1.44
8.5301  1.58
8.5401  1.44
8.5501  1.62
8.5601  1.44
8.5701  1.53
8.5801  1.44
8.5901  1.56
8.6001  1.52
8.6101  1.51
8.6201  1.52
8.6301  1.52
8.6401  1.53
8.6501  1.47
8.6601  1.57
8.6701  1.49
8.6801  1.51
8.6901  1.47
8.7001  1.46
8.7101  1.55
8.7201  1.5
8.7301  1.56
8.7401  1.52
8.7501  1.56
8.7601  1.48
8.7701  1.53
8.7801  1.57
8.7901  1.57
8.8001  1.5
8.8101  1.53
8.8201  1.53
8.8301  1.58
8.8401  1.66
8.8501  1.52
8.8601  1.49
8.8701  1.58
8.8801  1.61
8.8901  1.57
8.9001  1.48
8.9101  1.57
8.9201  1.58
8.9301  1.62
8.9401  1.57
8.9501  1.62
8.9601  1.6
8.9701  1.62
8.9801  1.6
8.9901  1.57
9.0001  1.62
9.0101  1.56
9.0201  1.66
9.0301  1.65
9.0401  1.64
9.0501  1.63
9.0601  1.57
9.0701  1.62
9.0801  1.67
9.0901  1.56
9.1001  1.59
9.1101  1.62
9.1201  1.68
9.1301  1.66
9.1401  1.56
9.1501  1.63
9.1601  1.61
9.1701  1.64
9.1801  1.63
9.1901  1.61
9.2001  1.63
9.2101  1.63
9.2201  1.54
9.2301  1.66
9.2401  1.61
9.2501  1.63
9.2601  1.65
9.2701  1.55
9.2801  1.74
9.2901  1.54
9.3001  1.62
9.3101  1.66
9.3201  1.57
9.3301  1.59
9.3401  1.58
9.3501  1.54
9.3601  1.58
9.3701  1.55
9.3801  1.58
9.3901  1.61
9.4001  1.55
9.4101  1.62
9.4201  1.55
9.4301  1.61
9.4401  1.51
9.4501  1.54
9.4601  1.54
9.4701  1.6
9.4801  1.51
9.4901  1.57
9.5001  1.58
9.5101  1.51
9.5201  1.52
9.5301  1.54
9.5401  1.56
9.5501  1.5
9.5601  1.53
9.5701  1.59
9.5801  1.55
9.5901  1.53
9.6001  1.51
9.6101  1.52
9.6201  1.54
9.6301  1.49
9.6401  1.53
9.6501  1.51
9.6601  1.5
9.6701  1.51
9.6801  1.56
9.6901  1.55
9.7001  1.46
9.7101  1.53
9.7201  1.5
9.7301  1.51
9.7401  1.53
9.7501  1.63
9.7601  1.46
9.7701  1.54
9.7801  1.47
9.7901  1.58
9.8001  1.55
9.8101  1.54
9.8201  1.54
9.8301  1.52
9.8401  1.56
9.8501  1.49
9.8601  1.6
9.8701  1.52
9.8801  1.53
9.8901  1.58
9.9001  1.62
9.9101  1.55
9.9201  1.49
9.9301  1.65
9.9401  1.51
9.9501  1.57
9.9601  1.54
9.9701  1.6
9.9801  1.62
9.9901  1.55
10.0001  1.6
10.0101  1.55
10.0201  1.55
10.0301  1.65
10.0401  1.59
10.0501  1.6
10.0601  1.6
10.0701  1.57
10.0801  1.61
10.0901  1.54
10.1001  1.68
10.1101  1.54
10.1201  1.66
10.1301  1.58
10.1401  1.62
10.1501  1.63
10.1601  1.57
10.1701  1.66
10.1801  1.58
10.1901  1.68
10.2001  1.56
10.2101  1.61
10.2201  1.67
10.2301  1.6
10.2401  1.58
10.2501  1.59
10.2601  1.68
10.2701  1.64
10.2801  1.53
10.2901  1.61
10.3001  1.62
10.3101  1.63
10.3201  1.58
10.3301  1.54
10.3401  1.69
10.3501  1.56
10.3601  1.62
10.3701  1.59
10.3801  1.57
10.3901  1.61
10.4001  1.59
10.4101  1.62
10.4201  1.54
10.4301  1.61
10.4401  1.54
10.4501  1.56
10.4601  1.55
10.4701  1.64
10.4801  1.62
10.4901  1.51
10.5001  1.58
10.5101  1.59
10.5201  1.53
10.5301  1.58
10.5401  1.59
10.5501  1.52
10.5601  1.58
10.5701  1.47
10.5801  1.56
10.5901  1.54
10.6001  1.53
10.6101  1.54
10.6201  1.53
10.6301  1.55
10.6401  1.56
10.6501  1.57
10.6601  1.49
10.6701  1.54
10.6801  1.52
10.6901  1.57
10.7001  1.51
10.7101  1.52
10.7201  1.52
10.7301  1.56
10.7401  1.53
10.7501  1.58
10.7601  1.52
10.7701  1.52
10.7801  1.62
10.7901  1.5
10.8001  1.52
10.8101  1.55
10.8201  1.55
10.8301  1.44
10.8401  1.6
10.8501  1.55
10.8601  1.55
10.8701  1.5
10.8801  1.56
10.8901  1.6
10.9001  1.49
10.9101  1.5
10.9201  1.58
10.9301  1.54
10.9401  1.58
10.9501  1.54
10.9601  1.59
10.9701  1.48
10.9801  1.62
10.9901  1.53
11.0001  1.55
11.0101  1.62
11.0201  1.57
11.0301  1.66
11.0401  1.63
11.0501  1.52
11.0601  1.53
11.0701  1.57
11.0801  1.61
11.0901  1.55
11.1001  1.61
11.1101  1.53
11.1201  1.63
11.1301  1.59
11.1401  1.58
11.1501  1.64
11.1601  1.6
11.1701  1.61
11.1801  1.56
11.1901  1.58
11.2001  1.67
11.2101  1.59
11.2201  1.57
11.2301  1.6
11.2401  1.62
11.2501  1.56
11.2601  1.68
11.2701  1.55
11.2801  1.63
11.2901  1.63
11.3001  1.59
11.3101  1.58
11.3201  1.65
11.3301  1.56
11.3401  1.61
11.3501  1.59
11.3601  1.62
11.3701  1.63
11.3801  1.56
11.3901  1.58
11.4001  1.57
11.4101  1.65
11.4201  1.56
11.4301  1.62
11.4401  1.55
11.4501  1.56
11.4601  1.6
11.4701  1.6
11.4801  1.6
11.4901  1.54
11.5001  1.59
11.5101  1.56
11.5201  1.55
11.5301  1.63
11.5401  1.6
11.5501  1.52
11.5601  1.59
11.5701  1.57
11.5801  1.51
11.5901  1.63
11.6001  1.5
11.6101  1.57
11.6201  1.51
11.6301  1.62
11.6401  1.51
11.6501  1.54
11.6601  1.65
11.6701  1.58
11.6801  1.51
11.6901  1.49
11.7001  1.59
11.7101  1.54
11.7201  1.55
11.7301  1.54
11.7401  1.54
11.7501  1.46
11.7601  1.57
11.7701  1.55
11.7801  1.53
11.7901  1.55
11.8001  1.53
11.8101  1.55
11.8201  1.54
11.8301  1.58
11.8401  1.53
11.8501  1.52
11.8601  1.55
11.8701  1.52
11.8801  1.54
11.8901  1.58
11.9001  1.51
11.9101  1.51
11.9201  1.54
11.9301  1.6
11.9401  1.56
11.9501  1.56
11.9601  1.55
11.9701  1.52
11.9801  1.52
11.9901  1.63
12.0001  1.57
12.0101  1.53
12.0201  1.56
12.0301  1.59
12.0401  1.54
12.0501  1.58
12.0601  1.64
12.0701  1.53
12.0801  1.52
12.0901  1.57
12.1001  1.59
12.1101  1.6
12.1201  1.5
12.1301  1.58
12.1401  1.6
12.1501  1.57
12.1601  1.61
12.1701  1.66
12.1801  1.51
12.1901  1.57
12.2001  1.57
12.2101  1.65
12.2201  1.58
12.2301  1.67
12.2401  1.55
12.2501  1.6
12.2601  1.66
12.2701  1.52
12.2801  1.66
12.2901  1.56
12.3001  1.59
12.3101  1.54
12.3201  1.61
12.3301  1.57
12.3401  1.62
12.3501  1.59
12.3601  1.62
12.3701  1.59
12.3801  1.61
12.3901  1.57
12.4001  1.58
12.4101  1.62
12.4201  1.59
12.4301  1.6
12.4401  1.59
12.4501  1.61
12.4601  1.58
12.4701  1.59
12.4801  1.53
12.4901  1.58
12.5001  1.65
12.5101  1.53
12.5201  1.62
12.5301  1.59
12.5401  1.6
12.5501  1.56
12.5601  1.56
12.5701  1.67
12.5801  1.51
12.5901  1.55
12.6001  1.56
12.6101  1.63
12.6201  1.52
12.6301  1.56
12.6401  1.59
12.6501  1.52
12.6601  1.55
12.6701  1.57
12.6801  1.53
12.6901  1.54
12.7001  1.61
12.7101  1.52
12.7201  1.5
12.7301  1.62
12.7401  1.55
12.7501  1.63
12.7601  1.53
12.7701  1.55
12.7801  1.52
12.7901  1.57
12.8001  1.56
12.8101  1.55
12.8201  1.51
12.8301  1.55
12.8401  1.57
12.8501  1.52
12.8601  1.54
12.8701  1.56
12.8801  1.57
12.8901  1.55
12.9001  1.53
12.9101  1.56
12.9201  1.52
12.9301  1.57
12.9401  1.5
12.9501  1.57
12.9601  1.61
12.9701  1.5
12.9801  1.56
12.9901  1.5
13.0001  1.61
13.0101  1.55
13.0201  1.54
13.0301  1.57
13.0401  1.65
13.0501  1.5
13.0601  1.56
13.0701  1.56
13.0801  1.54
13.0901  1.6
13.1001  1.51
13.1101  1.54
13.1201  1.6
13.1301  1.61
13.1401  1.53
13.1501  1.64
13.1601  1.61
13.1701  1.52
13.1801  1.59
13.1901  1.64
13.2001  1.54
13.2101  1.52
13.2201  1.59
13.2301  1.58
13.2401  1.71
13.2501  1.54
13.2601  1.56
13.2701  1.51
13.2801  1.63
13.2901  1.56
13.3001  1.63
13.3101  1.65
13.3201  1.58
13.3301  1.53
13.3401  1.59
13.3501  1.61
13.3601  1.54
13.3701  1.55
13.3801  1.6
13.3901  1.64
13.4001  1.59
13.4101  1.57
13.4201  1.58
13.4301  1.65
13.4401  1.6
13.4501  1.57
13.4601  1.63
13.4701  1.65
13.4801  1.55
13.4901  1.6
13.5001  1.56
13.5101  1.51
13.5201  1.63
13.5301  1.52
13.5401  1.59
13.5501  1.64
13.5601  1.56
13.5701  1.58
13.5801  1.56
13.5901  1.61
13.6001  1.54
13.6101  1.56
13.6201  1.54
13.6301  1.64
13.6401  1.56
13.6501  1.57
13.6601  1.61
13.6701  1.48
13.6801  1.64
13.6901  1.53
13.7001  1.57
13.7101  1.57
13.7201  1.5
13.7301  1.68
13.7401  1.55
13.7501  1.53
13.7601  1.62
13.7701  1.49
13.7801  1.58
13.7901  1.5
13.8001  1.6
13.8101  1.52
13.8201  1.64
13.8301  1.51
13.8401  1.53
13.8501  1.52
13.8601  1.54
13.8701  1.64
13.8801  1.5
13.8901  1.55
13.9001  1.52
13.9101  1.56
13.9201  1.53
13.9301  1.53
13.9401  1.65
13.9501  1.52
13.9601  1.55
13.9701  1.57
13.9801  1.57
13.9901  1.55
14.0001  1.56
14.0101  1.53
14.0201  1.57
14.0301  1.54
14.0401  1.61
14.0501  1.52
14.0601  1.52
14.0701  1.64
14.0801  1.55
14.0901  1.49
14.1001  1.6
14.1101  1.57
14.1201  1.58
14.1301  1.5
14.1401  1.62
14.1501  1.59
14.1601  1.51
14.1701  1.6
14.1801  1.54
14.1901  1.57
14.2001  1.61
14.2101  1.55
14.2201  1.61
14.2301  1.52
14.2401  1.56
14.2501  1.58
14.2601  1.64
14.2701  1.58
14.2801  1.54
14.2901  1.61
14.3001  1.61
14.3101  1.56
14.3201  1.53
14.3301  1.63
14.3401  1.56
14.3501  1.62
14.3601  1.62
14.3701  1.6
14.3801  1.53
14.3901  1.64
14.4001  1.59
14.4101  1.53
14.4201  1.58
14.4301  1.55
14.4401  1.56
14.4501  1.6
14.4601  1.59
14.4701  1.64
14.4801  1.51
14.4901  1.63
14.5001  1.57
14.5101  1.57
14.5201  1.65
14.5301  1.56
14.5401  1.58
14.5501  1.57
14.5601  1.61
14.5701  1.54
14.5801  1.63
14.5901  1.53
14.6001  1.59
14.6101  1.54
14.6201  1.6
14.6301  1.62
14.6401  1.56
14.6501  1.52
14.6601  1.59
14.6701  1.63
14.6801  1.55
14.6901  1.55
14.7001  1.59
14.7101  1.52
14.7201  1.6
14.7301  1.6
14.7401  1.56
14.7501  1.57
14.7601  1.59
14.7701  1.54
14.7801  1.61
14.7901  1.49
14.8001  1.55
14.8101  1.54
14.8201  1.6
14.8301  1.61
14.8401  1.52
14.8501  1.58
14.8601  1.61
14.8701  1.51
14.8801  1.57
14.8901  1.55
14.9001  1.6
14.9101  1.51
14.9201  1.61
14.9301  1.5
14.9401  1.54
14.9501  1.57
14.9601  1.55
14.9701  1.57
14.9801  1.63
14.9901  1.58
15.0001  1.53
15.0101  1.52
15.0201  1.59
15.0301  1.53
15.0401  1.51
15.0501  1.63
15.0601  1.52
15.0701  1.62
15.0801  1.55
15.0901  1.54
15.1001  1.59
15.1101  1.54
15.1201  1.54
15.1301  1.57
15.1401  1.53
15.1501  1.6
15.1601  1.53
15.1701  1.58
15.1801  1.56
15.1901  1.59
15.2001  1.54
15.2101  1.57
15.2201  1.57
15.2301  1.58
15.2401  1.53
15.2501  1.52
15.2601  1.67
15.2701  1.56
15.2801  1.64
15.2901  1.56
15.3001  1.61
15.3101  1.56
15.3201  1.52
15.3301  1.62
15.3401  1.53
15.3501  1.62
15.3601  1.6
15.3701  1.53
15.3801  1.53
15.3901  1.59
15.4001  1.6
15.4101  1.58
15.4201  1.59
15.4301  1.57
15.4401  1.59
15.4501  1.56
15.4601  1.58
15.4701  1.48
15.4801  1.67
15.4901  1.56
15.5001  1.6
15.5101  1.67
15.5201  1.48
15.5301  1.59
15.5401  1.58
15.5501  1.68
15.5601  1.54
15.5701  1.56
15.5801  1.57
15.5901  1.66
15.6001  1.52
15.6101  1.61
15.6201  1.52
15.6301  1.61
15.6401  1.54
15.6501  1.52
15.6601  1.59
15.6701  1.59
15.6801  1.58
15.6901  1.61
15.7001  1.52
15.7101  1.57
15.7201  1.6
15.7301  1.55
15.7401  1.59
15.7501  1.63
15.7601  1.61
15.7701  1.54
15.7801  1.57
15.7901  1.58
15.8001  1.51
15.8101  1.57
15.8201  1.57
15.8301  1.54
15.8401  1.61
15.8501  1.54
15.8601  1.59
15.8701  1.5
15.8801  1.62
15.8901  1.56
15.9001  1.55
15.9101  1.57
15.9201  1.59
15.9301  1.59
15.9401  1.53
15.9501  1.61
15.9601  1.5
15.9701  1.56
15.9801  1.57
15.9901  1.62
16.0001  1.52
16.0101  1.5
16.0201  1.57
16.0301  1.54
16.0401  1.56
16.0501  1.57
16.0601  1.56
16.0701  1.61
16.0801  1.56
16.0901  1.54
16.1001  1.55
16.1101  1.58
16.1201  1.57
16.1301  1.54
16.1401  1.54
16.1501  1.56
16.1601  1.64
16.1701  1.56
16.1801  1.53
16.1901  1.54
16.2001  1.64
16.2101  1.58
16.2201  1.52
16.2301  1.57
16.2401  1.59
16.2501  1.52
16.2601  1.56
16.2701  1.61
16.2801  1.53
16.2901  1.56
16.3001  1.58
16.3101  1.64
16.3201  1.57
16.3301  1.57
16.3401  1.55
16.3501  1.61
16.3601  1.53
16.3701  1.57
16.3801  1.56
16.3901  1.56
16.4001  1.55
16.4101  1.61
16.4201  1.64
16.4301  1.48
16.4401  1.59
16.4501  1.66
16.4601  1.55
16.4701  1.56
16.4801  1.57
16.4901  1.57
16.5001  1.57
16.5101  1.63
16.5201  1.58
16.5301  1.58
16.5401  1.59
16.5501  1.56
16.5601  1.52
16.5701  1.63
16.5801  1.6
16.5901  1.55
16.6001  1.58
16.6101  1.57
16.6201  1.56
16.6301  1.61
16.6401  1.59
16.6501  1.58
16.6601  1.58
16.6701  1.64
16.6801  1.58
16.6901  1.55
16.7001  1.53
16.7101  1.59
16.7201  1.53
16.7301  1.58
16.7401  1.61
16.7501  1.54
16.7601  1.55
16.7701  1.59
16.7801  1.58
16.7901  1.62
16.8001  1.6
16.8101  1.55
16.8201  1.6
16.8301  1.55
16.8401  1.57
16.8501  1.62
16.8601  1.49
16.8701  1.59
16.8801  1.63
16.8901  1.53
16.9001  1.53
16.9101  1.62
16.9201  1.53
16.9301  1.57
16.9401  1.58
16.9501  1.49
16.9601  1.59
16.9701  1.54
16.9801  1.57
16.9901  1.6
17.0001  1.52
17.0101  1.55
17.0201  1.62
17.0301  1.53
17.0401  1.58
17.0501  1.63
17.0601  1.57
17.0701  1.51
17.0801  1.58
17.0901  1.51
17.1001  1.6
17.1101  1.61
17.1201  1.55
17.1301  1.53
17.1401  1.59
17.1501  1.53
17.1601  1.63
17.1701  1.5
17.1801  1.54
17.1901  1.55
17.2001  1.61
17.2101  1.56
17.2201  1.61
17.2301  1.51
17.2401  1.55
17.2501  1.57
17.2601  1.54
17.2701  1.62
17.2801  1.54
17.2901  1.56
17.3001  1.56
17.3101  1.58
17.3201  1.54
17.3301  1.64
17.3401  1.58
17.3501  1.54
17.3601  1.54
17.3701  1.6
17.3801  1.52
17.3901  1.61
17.4001  1.55
17.4101  1.55
17.4201  1.63
17.4301  1.58
17.4401  1.6
17.4501  1.58
17.4601  1.57
17.4701  1.53
17.4801  1.59
17.4901  1.52
17.5001  1.66
17.5101  1.52
17.5201  1.52
17.5301  1.62
17.5401  1.59
17.5501  1.54
17.5601  1.65
17.5701  1.54
17.5801  1.59
17.5901  1.62
17.6001  1.49
17.6101  1.65
17.6201  1.59
17.6301  1.61
17.6401  1.48
17.6501  1.6
17.6601  1.6
17.6701  1.59
17.6801  1.55
17.6901  1.57
17.7001  1.57
17.7101  1.54
17.7201  1.57
17.7301  1.66
17.7401  1.63
17.7501  1.54
17.7601  1.59
17.7701  1.59
17.7801  1.53
17.7901  1.62
17.8001  1.51
17.8101  1.58
17.8201  1.55
17.8301  1.6
17.8401  1.62
17.8501  1.52
17.8601  1.52
17.8701  1.57
17.8801  1.64
17.8901  1.57
17.9001  1.5
17.9101  1.58
17.9201  1.57
17.9301  1.58
17.9401  1.62
17.9501  1.57
17.9601  1.5
17.9701  1.56
17.9801  1.67
17.9901  1.55
18.0001  1.52
18.0101  1.55
18.0201  1.58
18.0301  1.55
18.0401  1.61
18.0501  1.55
18.0601  1.61
18.0701  1.56
18.0801  1.54
18.0901  1.53
18.1001  1.59
18.1101  1.59
18.1201  1.55
18.1301  1.5
18.1401  1.66
18.1501  1.54
18.1601  1.62
18.1701  1.56
18.1801  1.51
18.1901  1.53
18.2001  1.56
18.2101  1.57
18.2201  1.58
18.2301  1.54
18.2401  1.56
18.2501  1.62
18.2601  1.5
18.2701  1.62
18.2801  1.51
18.2901  1.56
18.3001  1.58
18.3101  1.61
18.3201  1.56
18.3301  1.55
18.3401  1.61
18.3501  1.52
18.3601  1.59
18.3701  1.58
18.3801  1.63
18.3901  1.51
18.4001  1.52
18.4101  1.65
18.4201  1.5
18.4301  1.56
18.4401  1.57
18.4501  1.62
18.4601  1.53
18.4701  1.64
18.4801  1.54
18.4901  1.54
18.5001  1.67
18.5101  1.55
18.5201  1.54
18.5301  1.56
18.5401  1.57
18.5501  1.6
18.5601  1.55
18.5701  1.57
18.5801  1.53
18.5901  1.56
18.6001  1.66
18.6101  1.57
18.6201  1.53
18.6301  1.57
18.6401  1.63
18.6501  1.6
18.6601  1.53
18.6701  1.62
18.6801  1.6
18.6901  1.57
18.7001  1.55
18.7101  1.57
18.7201  1.56
18.7301  1.57
18.7401  1.55
18.7501  1.61
18.7601  1.61
18.7701  1.58
18.7801  1.55
18.7901  1.6
18.8001  1.61
18.8101  1.52
18.8201  1.57
18.8301  1.56
18.8401  1.56
18.8501  1.58
18.8601  1.61
18.8701  1.54
18.8801  1.54
18.8901  1.62
18.9001  1.55
18.9101  1.61
18.9201  1.6
18.9301  1.54
18.9401  1.53
18.9501  1.61
18.9601  1.54
18.9701  1.65
18.9801  1.51
18.9901  1.59
19.0001  1.59
19.0101  1.53
19.0201  1.64
19.0301  1.56
19.0401  1.59
19.0501  1.51
19.0601  1.57
19.0701  1.55
19.0801  1.57
19.0901  1.53
19.1001  1.55
19.1101  1.52
19.1201  1.6
19.1301  1.57
19.1401  1.6
19.1501  1.55
19.1601  1.57
19.1701  1.58
19.1801  1.56
19.1901  1.53
19.2001  1.66
19.2101  1.5
19.2201  1.59
19.2301  1.53
19.2401  1.53
19.2501  1.58
19.2601  1.57
19.2701  1.55
19.2801  1.57
19.2901  1.56
19.3001  1.59
19.3101  1.61
19.3201  1.63
19.3301  1.46
19.3401  1.58
19.3501  1.44
19.3601  1.66
19.3701  1.56
19.3801  1.57
19.3901  1.52
19.4001  1.61
19.4101  1.52
19.4201  1.62
19.4301  1.56
19.4401  1.62
19.4501  1.52
19.4601  1.6
19.4701  1.56
19.4801  1.55
19.4901  1.55
19.5001  1.56
19.5101  1.59
19.5201  1.61
19.5301  1.53
19.5401  1.54
19.5501  1.64
19.5601  1.56
19.5701  1.55
19.5801  1.55
19.5901  1.62
19.6001  1.54
19.6101  1.63
19.6201  1.58
19.6301  1.57
19.6401  1.53
19.6501  1.65
19.6601  1.52
19.6701  1.54
19.6801  1.56
19.6901  1.57
19.7001  1.64
19.7101  1.6
19.7201  1.53
19.7301  1.61
19.7401  1.6
19.7501  1.59
19.7601  1.56
19.7701  1.6
19.7801  1.53
19.7901  1.64
19.8001  1.49
19.8101  1.62
19.8201  1.57
19.8301  1.57
19.8401  1.58
19.8501  1.56
19.8601  1.53
19.8701  1.57
19.8801  1.65
19.8901  1.57
19.9001  1.61
19.9101  1.46
19.9201  1.63
19.9301  1.61
19.9401  1.63
19.9501  1.52
19.9601  1.6
19.9701  1.65
19.9801  1.53
19.9901  1.56
20.0001  1.55
20.0101  1.53
20.0201  1.56
20.0301  1.61
20.0401  1.6
20.0501  1.54
20.0601  1.57
20.0701  1.53
20.0801  1.64
20.0901  1.57
20.1001  1.49
20.1101  1.55
20.1201  1.58
20.1301  1.58
20.1401  1.59
20.1501  1.57
20.1601  1.56
20.1701  1.58
20.1801  1.55
20.1901  1.52
20.2001  1.62
20.2101  1.55
20.2201  1.54
20.2301  1.56
20.2401  1.62
20.2501  1.61
20.2601  1.5
20.2701  1.51
20.2801  1.64
20.2901  1.52
20.3001  1.6
20.3101  1.58
20.3201  1.52
20.3301  1.69
20.3401  1.51
20.3501  1.5
20.3601  1.59
20.3701  1.57
20.3801  1.51
20.3901  1.57
20.4001  1.57
20.4101  1.54
20.4201  1.55
20.4301  1.58
20.4401  1.58
20.4501  1.51
20.4601  1.58
20.4701  1.6
20.4801  1.53
20.4901  1.56
20.5001  1.58
20.5101  1.61
20.5201  1.61
20.5301  1.57
20.5401  1.6
20.5501  1.5
20.5601  1.54
20.5701  1.58
20.5801  1.6
20.5901  1.51
20.6001  1.63
20.6101  1.61
20.6201  1.5
20.6301  1.58
20.6401  1.57
20.6501  1.57
20.6601  1.59
20.6701  1.62
20.6801  1.54
20.6901  1.55
20.7001  1.57
20.7101  1.57
20.7201  1.57
20.7301  1.59
20.7401  1.57
20.7501  1.57
20.7601  1.63
20.7701  1.57
20.7801  1.53
20.7901  1.56
20.8001  1.53
20.8101  1.6
20.8201  1.63
20.8301  1.53
20.8401  1.57
20.8501  1.58
20.8601  1.61
20.8701  1.57
20.8801  1.56
20.8901  1.6
20.9001  1.63
20.9101  1.56
20.9201  1.65
20.9301  1.54
20.9401  1.53
20.9501  1.58
20.9601  1.53
20.9701  1.56
20.9801  1.57
20.9901  1.6
21.0001  1.55
21.0101  1.55
21.0201  1.63
21.0301  1.56
21.0401  1.63
21.0501  1.52
21.0601  1.64
21.0701  1.54
21.0801  1.58
21.0901  1.58
21.1001  1.57
21.1101  1.53
21.1201  1.57
21.1301  1.6
21.1401  1.57
21.1501  1.55
21.1601  1.49
21.1701  1.64
21.1801  1.55
21.1901  1.63
21.2001  1.59
21.2101  1.56
21.2201  1.53
21.2301  1.57
21.2401  1.6
21.2501  1.58
21.2601  1.55
21.2701  1.56
21.2801  1.57
21.2901  1.53
21.3001  1.59
21.3101  1.59
21.3201  1.58
21.3301  1.56
21.3401  1.5
21.3501  1.54
21.3601  1.56
21.3701  1.54
21.3801  1.58
21.3901  1.6
21.4001  1.56
21.4101  1.61
21.4201  1.61
21.4301  1.56
21.4401  1.52
21.4501  1.55
21.4601  1.6
21.4701  1.52
21.4801  1.59
21.4901  1.57
21.5001  1.55
21.5101  1.62
21.5201  1.54
21.5301  1.61
21.5401  1.53
21.5501  1.59
21.5601  1.49
21.5701  1.64
21.5801  1.53
21.5901  1.57
21.6001  1.6
21.6101  1.58
21.6201  1.55
21.6301  1.58
21.6401  1.62
21.6501  1.5
21.6601  1.56
21.6701  1.54
21.6801  1.55
21.6901  1.66
21.7001  1.6
21.7101  1.49
21.7201  1.64
21.7301  1.49
21.7401  1.52
21.7501  1.57
21.7601  1.62
21.7701  1.56
21.7801  1.59
21.7901  1.53
21.8001  1.58
21.8101  1.63
21.8201  1.58
21.8301  1.6
21.8401  1.54
21.8501  1.61
21.8601  1.6
21.8701  1.57
21.8801  1.54
21.8901  1.63
21.9001  1.5
21.9101  1.55
21.9201  1.62
21.9301  1.58
21.9401  1.52
21.9501  1.63
21.9601  1.54
21.9701  1.54
21.9801  1.6
21.9901  1.58
22.0001  1.53
22.0101  1.57
22.0201  1.62
22.0301  1.57
22.0401  1.56
22.0501  1.62
22.0601  1.56
22.0701  1.53
22.0801  1.54
22.0901  1.62
22.1001  1.61
22.1101  1.65
22.1201  1.51
22.1301  1.49
22.1401  1.66
22.1501  1.56
22.1601  1.54
22.1701  1.59
22.1801  1.66
22.1901  1.52
22.2001  1.59
22.2101  1.5
22.2201  1.63
22.2301  1.53
22.2401  1.59
22.2501  1.55
22.2601  1.57
22.2701  1.5
22.2801  1.62
22.2901  1.62
22.3001  1.55
22.3101  1.53
22.3201  1.54
22.3301  1.64
22.3401  1.61
22.3501  1.53
22.3601  1.61
22.3701  1.53
22.3801  1.59
22.3901  1.6
22.4001  1.56
22.4101  1.54
22.4201  1.52
22.4301  1.56
22.4401  1.53
22.4501  1.63
22.4601  1.65
22.4701  1.49
22.4801  1.64
22.4901  1.53
22.5001  1.59
22.5101  1.54
22.5201  1.57
22.5301  1.61
22.5401  1.51
22.5501  1.57
22.5601  1.59
22.5701  1.57
22.5801  1.61
22.5901  1.48
22.6001  1.56
22.6101  1.59
22.6201  1.63
22.6301  1.58
22.6401  1.52
22.6501  1.59
22.6601  1.49
22.6701  1.62
22.6801  1.64
22.6901  1.54
22.7001  1.59
22.7101  1.54
22.7201  1.53
22.7301  1.58
22.7401  1.53
22.7501  1.64
22.7601  1.52
22.7701  1.67
22.7801  1.59
22.7901  1.54
22.8001  1.53
22.8101  1.57
22.8201  1.56
22.8301  1.59
22.8401  1.57
22.8501  1.54
22.8601  1.58
22.8701  1.56
22.8801  1.62
22.8901  1.56
22.9001  1.5
22.9101  1.6
22.9201  1.58
22.9301  1.61
22.9401  1.59
22.9501  1.54
22.9601  1.55
22.9701  1.6
22.9801  1.51
22.9901  1.6
23.0001  1.58
23.0101  1.56
23.0201  1.52
23.0301  1.56
23.0401  1.65
23.0501  1.52
23.0601  1.57
23.0701  1.58
23.0801  1.57
23.0901  1.58
23.1001  1.53
23.1101  1.6
23.1201  1.58
23.1301  1.59
23.1401  1.52
23.1501  1.6
23.1601  1.59
23.1701  1.62
23.1801  1.5
23.1901  1.59
23.2001  1.6
23.2101  1.54
23.2201  1.63
23.2301  1.52
23.2401  1.53
23.2501  1.58
23.2601  1.53
23.2701  1.57
23.2801  1.58
23.2901  1.57
23.3001  1.62
23.3101  1.54
23.3201  1.64
23.3301  1.48
23.3401  1.56
23.3501  1.53
23.3601  1.69
23.3701  1.52
23.3801  1.56
23.3901  1.54
23.4001  1.65
23.4101  1.52
23.4201  1.6
23.4301  1.53
23.4401  1.58
23.4501  1.62
23.4601  1.6
23.4701  1.52
23.4801  1.59
23.4901  1.62
23.5001  1.59
23.5101  1.55
23.5201  1.52
23.5301  1.57
23.5401  1.57
23.5501  1.62
23.5601  1.56
23.5701  1.5
23.5801  1.61
23.5901  1.55
23.6001  1.6
23.6101  1.56
23.6201  1.55
23.6301  1.56
23.6401  1.56
23.6501  1.61
23.6601  1.52
23.6701  1.58
23.6801  1.63
23.6901  1.56
23.7001  1.56
23.7101  1.61
23.7201  1.56
23.7301  1.58
23.7401  1.58
23.7501  1.57
23.7601  1.57
23.7701  1.57
23.7801  1.6
23.7901  1.49
23.8001  1.67
23.8101  1.48
23.8201  1.65
23.8301  1.58
23.8401  1.53
23.8501  1.56
23.8601  1.61
23.8701  1.54
23.8801  1.58
23.8901  1.53
23.9001  1.61
23.9101  1.52
23.9201  1.63
23.9301  1.53
23.9401  1.61
23.9501  1.53
23.9601  1.55
23.9701  1.56
23.9801  1.6
23.9901  1.55
24.0001  1.57
24.0101  1.53
24.0201  1.61
24.0301  1.58
24.0401  1.58
24.0501  1.58
24.0601  1.58
24.0701  1.56
24.0801  1.61
24.0901  1.52
24.1001  1.62
24.1101  1.6
24.1201  1.53
24.1301  1.55
24.1401  1.54
24.1501  1.51
24.1601  1.67
24.1701  1.52
24.1801  1.57
24.1901  1.57
24.2001  1.52
24.2101  1.56
24.2201  1.59
24.2301  1.61
24.2401  1.52
24.2501  1.61
24.2601  1.54
24.2701  1.6
24.2801  1.56
24.2901  1.59
24.3001  1.55
24.3101  1.59
24.3201  1.59
24.3301  1.54
24.3401  1.55
24.3501  1.57
24.3601  1.62
24.3701  1.51
24.3801  1.6
24.3901  1.53
24.4001  1.61
24.4101  1.57
24.4201  1.57
24.4301  1.62
24.4401  1.52
24.4501  1.59
24.4601  1.56
24.4701  1.55
24.4801  1.62
24.4901  1.51
24.5001  1.53
24.5101  1.62
24.5201  1.56
24.5301  1.6
24.5401  1.55
24.5501  1.59
24.5601  1.57
24.5701  1.55
24.5801  1.58
24.5901  1.55
24.6001  1.57
24.6101  1.64
24.6201  1.55
24.6301  1.57
24.6401  1.58
24.6501  1.57
24.6601  1.57
24.6701  1.55
24.6801  1.57
24.6901  1.56
24.7001  1.53
24.7101  1.66
24.7201  1.53
24.7301  1.59
24.7401  1.53
24.7501  1.57
24.7601  1.6
24.7701  1.55
24.7801  1.59
24.7901  1.6
24.8001  1.53
24.8101  1.62
24.8201  1.6
24.8301  1.56
24.8401  1.54
24.8501  1.47
24.8601  1.69
24.8701  1.58
24.8801  1.55
24.8901  1.58
24.9001  1.57
24.9101  1.51
24.9201  1.6
24.9301  1.61
24.9401  1.59
24.9501  1.55
24.9601  1.53
24.9701  1.55
24.9801  1.59
24.9901  1.54
25.0001  1.56
25.0101  1.6
25.0201  1.6
25.0301  1.5
25.0401  1.57
25.0501  1.62
25.0601  1.63
25.0701  1.56
25.0801  1.57
25.0901  1.58
25.1001  1.57
25.1101  1.57
25.1201  1.55
25.1301  1.53
25.1401  1.6
25.1501  1.61
25.1601  1.46
25.1701  1.62
25.1801  1.53
25.1901  1.65
25.2001  1.56
25.2101  1.53
25.2201  1.54
25.2301  1.58
25.2401  1.57
25.2501  1.59
25.2601  1.65
25.2701  1.48
25.2801  1.61
25.2901  1.54
25.3001  1.56
25.3101  1.6
25.3201  1.52
25.3301  1.62
25.3401  1.58
25.3501  1.53
25.3601  1.59
25.3701  1.56
25.3801  1.53
25.3901  1.62
25.4001  1.55
25.4101  1.6
25.4201  1.62
25.4301  1.57
25.4401  1.51
25.4501  1.54
25.4601  1.58
25.4701  1.58
25.4801  1.63
25.4901  1.52
25.5001  1.59
25.5101  1.54
25.5201  1.58
25.5301  1.53
25.5401  1.59
25.5501  1.62
25.5601  1.49
25.5701  1.62
25.5801  1.56
25.5901  1.58
25.6001  1.56
25.6101  1.55
25.6201  1.57
25.6301  1.56
25.6401  1.56
25.6501  1.58
25.6601  1.6
25.6701  1.48
25.6801  1.62
25.6901  1.6
25.7001  1.54
25.7101  1.58
25.7201  1.64
25.7301  1.55
25.7401  1.58
25.7501  1.59
25.7601  1.55
25.7701  1.56
25.7801  1.54
25.7901  1.53
25.8001  1.59
25.8101  1.58
25.8201  1.61
25.8301  1.5
25.8401  1.54
25.8501  1.58
25.8601  1.58
25.8701  1.62
25.8801  1.59
25.8901  1.5
25.9001  1.57
25.9101  1.64
25.9201  1.52
25.9301  1.56
25.9401  1.63
25.9501  1.59
25.9601  1.53
25.9701  1.52
25.9801  1.6
25.9901  1.54
26.0001  1.57
26.0101  1.63
26.0201  1.62
26.0301  1.46
26.0401  1.6
26.0501  1.58
26.0601  1.6
26.0701  1.58
26.0801  1.59
26.0901  1.55
26.1001  1.57
26.1101  1.54
26.1201  1.59
26.1301  1.6
26.1401  1.56
26.1501  1.52
26.1601  1.65
26.1701  1.59
26.1801  1.54
26.1901  1.59
26.2001  1.52
26.2101  1.61
26.2201  1.58
26.2301  1.57
26.2401  1.59
26.2501  1.53
26.2601  1.56
26.2701  1.66
26.2801  1.52
26.2901  1.56
26.3001  1.62
26.3101  1.57
26.3201  1.61
26.3301  1.53
26.3401  1.58
26.3501  1.55
26.3601  1.54
26.3701  1.59
26.3801  1.56
26.3901  1.67
26.4001  1.59
26.4101  1.61
26.4201  1.49
26.4301  1.53
26.4401  1.58
26.4501  1.58
26.4601  1.62
26.4701  1.56
26.4801  1.53
26.4901  1.6
26.5001  1.51
26.5101  1.61
26.5201  1.59
26.5301  1.52
26.5401  1.6
26.5501  1.59
26.5601  1.58
26.5701  1.54
26.5801  1.61
26.5901  1.55
26.6001  1.56
26.6101  1.55
26.6201  1.6
26.6301  1.52
26.6401  1.53
26.6501  1.64
26.6601  1.54
26.6701  1.54
26.6801  1.62
26.6901  1.58
26.7001  1.61
26.7101  1.54
26.7201  1.59
26.7301  1.54
26.7401  1.52
26.7501  1.59
26.7601  1.63
26.7701  1.59
26.7801  1.5
26.7901  1.57
26.8001  1.62
26.8101  1.54
26.8201  1.54
26.8301  1.55
26.8401  1.55
26.8501  1.62
26.8601  1.57
26.8701  1.54
26.8801  1.53
26.8901  1.51
26.9001  1.62
26.9101  1.55
26.9201  1.61
26.9301  1.53
26.9401  1.58
26.9501  1.56
26.9601  1.63
26.9701  1.5
26.9801  1.62
26.9901  1.52
27.0001  1.57
27.0101  1.57
27.0201  1.59
27.0301  1.6
27.0401  1.57
27.0501  1.56
27.0601  1.52
27.0701  1.6
27.0801  1.61
27.0901  1.61
27.1001  1.56
27.1101  1.52
27.1201  1.61
27.1301  1.55
27.1401  1.53
27.1501  1.6
27.1601  1.56
27.1701  1.56
27.1801  1.53
27.1901  1.56
27.2001  1.61
27.2101  1.56
27.2201  1.56
27.2301  1.62
27.2401  1.61
27.2501  1.59
27.2601  1.59
27.2701  1.5
27.2801  1.66
27.2901  1.53
27.3001  1.56
27.3101  1.61
27.3201  1.54
27.3301  1.52
27.3401  1.68
27.3501  1.53
27.3601  1.65
27.3701  1.53
27.3801  1.59
27.3901  1.6
27.4001  1.56
27.4101  1.54
27.4201  1.53
27.4301  1.59
27.4401  1.57
27.4501  1.54
27.4601  1.56
27.4701  1.67
27.4801  1.61
27.4901  1.54
27.5001  1.53
27.5101  1.54
27.5201  1.62
27.5301  1.54
27.5401  1.65
27.5501  1.52
27.5601  1.66
27.5701  1.49
27.5801  1.54
27.5901  1.57
27.6001  1.64
27.6101  1.55
27.6201  1.56
27.6301  1.53
27.6401  1.61
27.6501  1.6
27.6601  1.6
27.6701  1.51
27.6801  1.57
27.6901  1.6
27.7001  1.57
27.7101  1.57
27.7201  1.53
27.7301  1.55
27.7401  1.6
27.7501  1.54
27.7601  1.52
27.7701  1.62
27.7801  1.6
27.7901  1.53
27.8001  1.59
27.8101  1.55
27.8201  1.56
27.8301  1.59
27.8401  1.55
27.8501  1.55
27.8601  1.61
27.8701  1.49
27.8801  1.63
27.8901  1.5
27.9001  1.57
27.9101  1.57
27.9201  1.63
27.9301  1.53
27.9401  1.57
27.9501  1.54
27.9601  1.5
27.9701  1.63
27.9801  1.54
27.9901  1.6
28.0001  1.56
28.0101  1.63
28.0201  1.55
28.0301  1.58
28.0401  1.54
28.0501  1.56
28.0601  1.53
28.0701  1.65
28.0801  1.55
28.0901  1.51
28.1001  1.57
28.1101  1.59
28.1201  1.61
28.1301  1.5
28.1401  1.61
28.1501  1.57
28.1601  1.58
28.1701  1.57
28.1801  1.51
28.1901  1.63
28.2001  1.51
28.2101  1.56
28.2201  1.67
28.2301  1.56
28.2401  1.6
28.2501  1.56
28.2601  1.54
28.2701  1.59
28.2801  1.58
28.2901  1.51
28.3001  1.6
28.3101  1.63
28.3201  1.54
28.3301  1.6
28.3401  1.56
28.3501  1.59
28.3601  1.62
28.3701  1.57
28.3801  1.59
28.3901  1.52
28.4001  1.56
28.4101  1.58
28.4201  1.55
28.4301  1.59
28.4401  1.62
28.4501  1.61
28.4601  1.59
28.4701  1.52
28.4801  1.59
28.4901  1.53
28.5001  1.62
28.5101  1.51
28.5201  1.62
28.5301  1.6
28.5401  1.54
28.5501  1.48
28.5601  1.67
28.5701  1.6
28.5801  1.54
28.5901  1.54
28.6001  1.65
28.6101  1.54
28.6201  1.57
28.6301  1.56
28.6401  1.52
28.6501  1.66
28.6601  1.56
28.6701  1.52
28.6801  1.56
28.6901  1.62
28.7001  1.56
28.7101  1.54
28.7201  1.58
28.7301  1.59
28.7401  1.52
28.7501  1.63
28.7601  1.49
28.7701  1.62
28.7801  1.57
28.7901  1.51
28.8001  1.59
28.8101  1.57
28.8201  1.64
28.8301  1.52
28.8401  1.52
28.8501  1.59
28.8601  1.52
28.8701  1.55
28.8801  1.65
28.8901  1.56
28.9001  1.5
28.9101  1.59
28.9201  1.55
28.9301  1.54
28.9401  1.55
28.9501  1.56
28.9601  1.58
28.9701  1.54
28.9801  1.6
28.9901  1.61
29.0001  1.61
29.0101  1.62
29.0201  1.5
29.0301  1.59
29.0401  1.52
29.0501  1.51
29.0601  1.65
29.0701  1.52
29.0801  1.61
29.0901  1.6
29.1001  1.54
29.1101  1.51
29.1201  1.54
29.1301  1.54
29.1401  1.53
29.1501  1.66
29.1601  1.55
29.1701  1.55
29.1801  1.59
29.1901  1.57
29.2001  1.61
29.2101  1.6
29.2201  1.56
29.2301  1.55
29.2401  1.56
29.2501  1.56
29.2601  1.57
29.2701  1.59
29.2801  1.56
29.2901  1.56
29.3001  1.6
29.3101  1.59
29.3201  1.58
29.3301  1.59
29.3401  1.56
29.3501  1.58
29.3601  1.57
29.3701  1.58
29.3801  1.62
29.3901  1.56
29.4001  1.55
29.4101  1.59
29.4201  1.53
29.4301  1.64
29.4401  1.58
29.4501  1.56
29.4601  1.6
29.4701  1.51
29.4801  1.58
29.4901  1.59
29.5001  1.57
29.5101  1.52
29.5201  1.57
29.5301  1.58
29.5401  1.63
29.5501  1.56
29.5601  1.55
29.5701  1.57
29.5801  1.62
29.5901  1.58
29.6001  1.6
29.6101  1.53
29.6201  1.62
29.6301  1.54
29.6401  1.52
29.6501  1.6
29.6601  1.57
29.6701  1.64
29.6801  1.56
29.6901  1.58
29.7001  1.54
29.7101  1.56
29.7201  1.56
29.7301  1.54
29.7401  1.6
29.7501  1.5
29.7601  1.67
29.7701  1.57
29.7801  1.58
29.7901  1.52
29.8001  1.57
29.8101  1.59
29.8201  1.51
29.8301  1.56
29.8401  1.58
29.8501  1.56
29.8601  1.59
29.8701  1.55
29.8801  1.57
29.8901  1.54
29.9001  1.61
29.9101  1.53
29.9201  1.63
29.9301  1.53
29.9401  1.58
29.9501  1.51
29.9601  1.61
29.9701  1.46
29.9801  1.64
29.9901  1.59
30.0001  1.56
30.0101  1.57
30.0201  1.53
30.0301  1.59
30.0401  1.54
30.0501  1.62
30.0601  1.53
30.0701  1.62
30.0801  1.55
30.0901  1.6
30.1001  1.52
30.1101  1.55
30.1201  1.6
30.1301  1.55
30.1401  1.58
30.1501  1.54
30.1601  1.65
30.1701  1.56
30.1801  1.55
30.1901  1.52
30.2001  1.5
30.2101  1.61
30.2201  1.56
30.2301  1.61
30.2401  1.55
30.2501  1.6
30.2601  1.57
30.2701  1.6
30.2801  1.56
30.2901  1.62
30.3001  1.51
30.3101  1.63
30.3201  1.52
30.3301  1.54
30.3401  1.63
30.3501  1.55
30.3601  1.52
30.3701  1.63
30.3801  1.57
30.3901  1.59
30.4001  1.59
30.4101  1.62
30.4201  1.57
30.4301  1.59
30.4401  1.55
30.4501  1.56
30.4601  1.62
30.4701  1.48
30.4801  1.66
30.4901  1.51
30.5001  1.6
30.5101  1.53
30.5201  1.7
30.5301  1.57
30.5401  1.53
30.5501  1.59
30.5601  1.56
30.5701  1.54
30.5801  1.58
30.5901  1.52
30.6001  1.62
30.6101  1.65
30.6201  1.53
30.6301  1.63
30.6401  1.53
30.6501  1.52
30.6601  1.58
30.6701  1.58
30.6801  1.61
30.6901  1.64
30.7001  1.49
30.7101  1.64
30.7201  1.57
30.7301  1.49
30.7401  1.64
30.7501  1.56
30.7601  1.56
30.7701  1.61
30.7801  1.56
30.7901  1.54
30.8001  1.52
30.8101  1.59
30.8201  1.6
30.8301  1.6
30.8401  1.58
30.8501  1.49
30.8601  1.53
30.8701  1.62
30.8801  1.55
30.8901  1.57
30.9001  1.55
30.9101  1.57
30.9201  1.55
30.9301  1.63
30.9401  1.55
30.9501  1.49
30.9601  1.68
30.9701  1.53
30.9801  1.57
30.9901  1.57
31.0001  1.49
31.0101  1.62
31.0201  1.55
31.0301  1.63
31.0401  1.58
31.0501  1.56
31.0601  1.59
31.0701  1.52
31.0801  1.51
31.0901  1.57
31.1001  1.64
31.1101  1.5
31.1201  1.62
31.1301  1.58
31.1401  1.52
31.1501  1.55
31.1601  1.53
31.1701  1.59
31.1801  1.56
31.1901  1.57
31.2001  1.58
31.2101  1.55
31.2201  1.52
31.2301  1.56
31.2401  1.65
31.2501  1.58
31.2601  1.55
31.2701  1.54
31.2801  1.6
31.2901  1.5
31.3001  1.59
31.3101  1.59
31.3201  1.62
31.3301  1.61
31.3401  1.54
31.3501  1.52
31.3601  1.59
31.3701  1.65
31.3801  1.52
31.3901  1.6
31.4001  1.54
31.4101  1.58
31.4201  1.59
31.4301  1.58
31.4401  1.47
31.4501  1.6
31.4601  1.6
31.4701  1.54
31.4801  1.52
31.4901  1.64
31.5001  1.56
31.5101  1.63
31.5201  1.61
31.5301  1.5
31.5401  1.6
31.5501  1.56
31.5601  1.53
31.5701  1.64
31.5801  1.62
31.5901  1.53
31.6001  1.57
31.6101  1.6
31.6201  1.56
31.6301  1.57
31.6401  1.61
31.6501  1.54
31.6601  1.58
31.6701  1.63
31.6801  1.53
31.6901  1.6
31.7001  1.55
31.7101  1.61
31.7201  1.57
31.7301  1.54
31.7401  1.57
31.7501  1.62
31.7601  1.54
31.7701  1.6
31.7801  1.54
31.7901  1.58
31.8001  1.59
31.8101  1.6
31.8201  1.53
31.8301  1.52
31.8401  1.61
31.8501  1.55
31.8601  1.59
31.8701  1.51
31.8801  1.6
31.8901  1.62
31.9001  1.58
31.9101  1.59
31.9201  1.55
31.9301  1.58
31.9401  1.52
31.9501  1.5
31.9601  1.61
31.9701  1.61
31.9801  1.51
31.9901  1.6
32.0001  1.62
32.0101  1.48
32.0201  1.55
32.0301  1.53
32.0401  1.61
32.0501  1.63
32.0601  1.54
32.0701  1.63
32.0801  1.52
32.0901  1.53
32.1001  1.59
32.1101  1.59
32.1201  1.53
32.1301  1.56
32.1401  1.52
32.1501  1.63
32.1601  1.54
32.1701  1.56
32.1801  1.53
32.1901  1.6
32.2001  1.5
32.2101  1.65
32.2201  1.54
32.2301  1.56
32.2401  1.51
32.2501  1.59
32.2601  1.6
32.2701  1.57
32.2801  1.53
32.2901  1.56
32.3001  1.6
32.3101  1.59
32.3201  1.61
32.3301  1.5
32.3401  1.53
32.3501  1.56
32.3601  1.56
32.3701  1.62
32.3801  1.61
32.3901  1.55
32.4001  1.64
32.4101  1.54
32.4201  1.53
32.4301  1.57
32.4401  1.51
32.4501  1.59
32.4601  1.62
32.4701  1.5
32.4801  1.62
32.4901  1.65
32.5001  1.54
32.5101  1.6
32.5201  1.51
32.5301  1.61
32.5401  1.58
32.5501  1.54
32.5601  1.57
32.5701  1.56
32.5801  1.61
32.5901  1.56
32.6001  1.59
32.6101  1.58
32.6201  1.57
32.6301  1.62
32.6401  1.56
32.6501  1.59
32.6601  1.51
32.6701  1.59
32.6801  1.57
32.6901  1.63
32.7001  1.56
32.7101  1.59
32.7201  1.56
32.7301  1.6
32.7401  1.59
32.7501  1.61
32.7601  1.56
32.7701  1.54
32.7801  1.64
32.7901  1.55
32.8001  1.54
32.8101  1.58
32.8201  1.55
32.8301  1.58
32.8401  1.55
32.8501  1.56
32.8601  1.62
32.8701  1.56
32.8801  1.59
32.8901  1.54
32.9001  1.53
32.9101  1.61
32.9201  1.59
32.9301  1.59
32.9401  1.52
32.9501  1.62
32.9601  1.48
32.9701  1.6
32.9801  1.53
32.9901  1.55
33.0001  1.58
33.0101  1.63
33.0201  1.56
33.0301  1.58
33.0401  1.56
33.0501  1.57
33.0601  1.56
33.0701  1.6
33.0801  1.52
33.0901  1.58
33.1001  1.51
33.1101  1.52
33.1201  1.64
33.1301  1.51
33.1401  1.63
33.1501  1.52
33.1601  1.57
33.1701  1.58
33.1801  1.5
33.1901  1.51
33.2001  1.6
33.2101  1.53
33.2201  1.52
33.2301  1.7
33.2401  1.57
33.2501  1.52
33.2601  1.61
33.2701  1.52
33.2801  1.58
33.2901  1.55
33.3001  1.57
33.3101  1.57
33.3201  1.53
33.3301  1.61
33.3401  1.57
33.3501  1.58
33.3601  1.55
33.3701  1.56
33.3801  1.58
33.3901  1.53
33.4001  1.61
33.4101  1.6
33.4201  1.54
33.4301  1.58
33.4401  1.54
33.4501  1.57
33.4601  1.65
33.4701  1.57
33.4801  1.61
33.4901  1.55
33.5001  1.63
33.5101  1.49
33.5201  1.52
33.5301  1.64
33.5401  1.6
33.5501  1.62
33.5601  1.51
33.5701  1.58
33.5801  1.52
33.5901  1.62
33.6001  1.65
33.6101  1.56
33.6201  1.58
33.6301  1.63
33.6401  1.46
33.6501  1.6
33.6601  1.59
33.6701  1.57
33.6801  1.58
33.6901  1.61
33.7001  1.66
33.7101  1.54
33.7201  1.62
33.7301  1.53
33.7401  1.57
33.7501  1.58
33.7601  1.64
33.7701  1.48
33.7801  1.62
33.7901  1.6
33.8001  1.55
33.8101  1.58
33.8201  1.52
33.8301  1.62
33.8401  1.51
33.8501  1.65
33.8601  1.57
33.8701  1.51
33.8801  1.68
33.8901  1.54
33.9001  1.61
33.9101  1.56
33.9201  1.54
33.9301  1.6
33.9401  1.56
33.9501  1.51
33.9601  1.59
33.9701  1.55
33.9801  1.59
33.9901  1.47
34.0001  1.7
34.0101  1.54
34.0201  1.57
34.0301  1.51
34.0401  1.57
34.0501  1.59
34.0601  1.52
34.0701  1.63
34.0801  1.5
34.0901  1.64
34.1001  1.55
34.1101  1.54
34.1201  1.57
34.1301  1.5
34.1401  1.61
34.1501  1.58
34.1601  1.55
34.1701  1.61
34.1801  1.5
34.1901  1.57
34.2001  1.56
34.2101  1.56
34.2201  1.57
34.2301  1.55
34.2401  1.51
34.2501  1.65
34.2601  1.56
34.2701  1.53
34.2801  1.57
34.2901  1.51
34.3001  1.65
34.3101  1.54
34.3201  1.54
34.3301  1.59
34.3401  1.56
34.3501  1.59
34.3601  1.52
34.3701  1.55
34.3801  1.62
34.3901  1.52
34.4001  1.56
34.4101  1.56
34.4201  1.62
34.4301  1.59
34.4401  1.52
34.4501  1.62
34.4601  1.62
34.4701  1.58
34.4801  1.59
34.4901  1.57
34.5  1.56
34.51  1.57
34.52  1.53
34.53  1.58
34.54  1.5
34.55  1.62
34.56  1.58
34.57  1.6
34.58  1.54
34.59  1.57
34.6  1.63
34.61  1.61
34.62  1.49
34.63  1.62
34.64  1.56
34.65  1.59
34.66  1.48
34.67  1.59
34.68  1.61
34.69  1.67
34.7  1.55
34.71  1.52
34.72  1.65
34.73  1.53
34.74  1.72
34.75  1.51
34.76  1.61
34.77  1.57
34.78  1.56
34.79  1.59
34.8  1.55
34.81  1.47
34.82  1.64
34.83  1.57
34.84  1.61
34.85  1.54
34.86  1.54
34.87  1.58
34.88  1.58
34.89  1.55
34.9  1.64
34.91  1.45
34.92  1.61
34.93  1.62
34.94  1.52
34.95  1.56
34.96  1.59
34.97  1.57
34.98  1.56
34.99  1.6
35  1.55
35.01  1.54
35.02  1.6
35.03  1.63
35.04  1.5
35.05  1.58
35.06  1.65
35.07  1.52
35.08  1.53
35.09  1.53
35.1  1.64
35.11  1.53
35.12  1.56
35.13  1.53
35.14  1.6
35.15  1.53
35.16  1.63
35.17  1.54
35.18  1.52
35.19  1.6
35.2  1.53
35.21  1.53
35.22  1.58
35.23  1.6
35.24  1.61
35.25  1.53
35.26  1.56
35.27  1.62
35.28  1.53
35.29  1.57
35.3  1.54
35.31  1.56
35.32  1.6
35.33  1.5
35.34  1.64
35.35  1.57
35.36  1.5
35.37  1.58
35.38  1.59
35.39  1.52
35.4  1.57
35.41  1.53
35.42  1.66
35.43  1.6
35.44  1.63
35.45  1.59
35.46  1.55
35.47  1.56
35.48  1.55
35.49  1.65
35.5  1.52
35.51  1.54
35.52  1.62
35.53  1.55
35.54  1.5
35.55  1.63
35.56  1.48
35.57  1.61
35.58  1.65
35.59  1.55
35.6  1.59
35.61  1.58
35.62  1.58
35.63  1.64
35.64  1.53
35.65  1.61
35.66  1.58
35.67  1.55
35.68  1.5
35.69  1.58
35.7  1.6
35.71  1.57
35.72  1.59
35.73  1.53
35.74  1.67
35.75  1.44
35.76  1.57
35.77  1.67
35.78  1.59
35.79  1.58
35.8  1.56
35.81  1.56
35.82  1.65
35.83  1.56
35.84  1.53
35.85  1.54
35.86  1.6
35.87  1.51
35.88  1.6
35.89  1.59
35.9  1.54
35.91  1.53
35.92  1.57
35.93  1.63
35.94  1.52
35.95  1.56
35.96  1.55
35.97  1.69
35.98  1.49
35.99  1.6
36  1.51
36.01  1.63
36.02  1.56
36.03  1.54
36.04  1.5
36.05  1.61
36.06  1.54
36.07  1.59
36.08  1.51
36.09  1.55
36.1  1.6
36.11  1.56
36.12  1.58
36.13  1.56
36.14  1.66
36.15  1.52
36.16  1.52
36.17  1.63
36.18  1.55
36.19  1.57
36.2  1.53
36.21  1.62
36.22  1.57
36.23  1.55
36.24  1.56
36.25  1.56
36.26  1.56
36.27  1.55
36.28  1.53
36.29  1.61
36.3  1.58
36.31  1.46
36.32  1.6
36.33  1.63
36.34  1.54
36.35  1.58
36.36  1.58
36.37  1.55
36.38  1.57
36.39  1.55
36.4  1.59
36.41  1.61
36.42  1.6
36.43  1.55
36.44  1.57
36.45  1.55
36.46  1.57
36.47  1.64
36.48  1.54
36.49  1.55
36.5  1.66
36.51  1.5
36.52  1.6
36.53  1.49
36.54  1.63
36.55  1.55
36.56  1.59
36.57  1.64
36.58  1.6
36.59  1.57
36.6  1.51
36.61  1.61
36.62  1.54
36.63  1.63
36.64  1.53
36.65  1.52
36.66  1.61
36.67  1.57
36.68  1.53
36.69  1.61
36.7  1.58
36.71  1.53
36.72  1.62
36.73  1.53
36.74  1.6
36.75  1.61
36.76  1.55
36.77  1.52
36.78  1.64
36.79  1.52
36.8  1.56
36.81  1.63
36.82  1.58
36.83  1.58
36.84  1.6
36.85  1.54
36.86  1.59
36.87  1.53
36.88  1.6
36.89  1.59
36.9  1.55
36.91  1.57
36.92  1.52
36.93  1.6
36.94  1.52
36.95  1.67
36.96  1.53
36.97  1.55
36.98  1.53
36.99  1.61
37  1.55
37.01  1.56
37.02  1.64
37.03  1.52
37.04  1.57
37.05  1.54
37.06  1.6
37.07  1.56
37.08  1.57
37.09  1.53
37.1  1.62
37.11  1.57
37.12  1.57
37.13  1.55
37.14  1.6
37.15  1.64
37.16  1.55
37.17  1.56
37.18  1.54
37.19  1.58
37.2  1.56
37.21  1.53
37.22  1.59
37.23  1.65
37.24  1.57
37.25  1.54
37.26  1.54
37.27  1.54
37.28  1.55
37.29  1.57
37.3  1.54
37.31  1.63
37.32  1.5
37.33  1.6
37.34  1.59
37.35  1.6
37.36  1.6
37.37  1.56
37.38  1.64
37.39  1.58
37.4  1.58
37.41  1.49
37.42  1.57
37.43  1.61
37.44  1.6
37.45  1.55
37.46  1.51
37.47  1.55
37.48  1.58
37.49  1.6
37.5  1.58
37.51  1.57
37.52  1.57
37.53  1.5
37.54  1.61
37.55  1.54
37.56  1.63
37.57  1.61
37.58  1.55
37.59  1.55
37.6  1.56
37.61  1.62
37.62  1.55
37.63  1.51
37.64  1.61
37.65  1.57
37.66  1.59
37.67  1.55
37.68  1.53
37.69  1.59
37.7  1.52
37.71  1.64
37.72  1.57
37.73  1.57
37.74  1.5
37.75  1.57
37.76  1.58
37.77  1.57
37.78  1.56
37.79  1.6
37.8  1.59
37.81  1.53
37.82  1.58
37.83  1.56
37.84  1.63
37.85  1.57
37.86  1.59
37.87  1.49
37.88  1.66
37.89  1.58
37.9  1.48
37.91  1.62
37.92  1.53
37.93  1.6
37.94  1.48
37.95  1.64
37.96  1.54
37.97  1.58
37.98  1.58
37.99  1.6
38  1.62
38.01  1.58
38.02  1.53
38.03  1.53
38.04  1.55
38.05  1.59
38.06  1.58
38.07  1.53
38.08  1.6
38.09  1.6
38.1  1.53
38.11  1.55
38.12  1.59
38.13  1.58
38.14  1.62
38.15  1.52
38.16  1.57
38.17  1.62
38.18  1.58
38.19  1.54
38.2  1.63
38.21  1.57
38.22  1.52
38.23  1.62
38.24  1.54
38.25  1.57
38.26  1.57
38.27  1.57
38.28  1.66
38.29  1.51
38.3  1.54
38.31  1.58
38.32  1.55
38.33  1.58
38.34  1.61
38.35  1.55
38.36  1.53
38.37  1.59
38.38  1.5
38.39  1.68
38.4  1.65
38.41  1.49
38.42  1.61
38.43  1.5
38.44  1.55
38.45  1.55
38.46  1.65
38.47  1.52
38.48  1.56
38.49  1.63
38.5  1.57
38.51  1.54
38.52  1.54
38.53  1.59
38.54  1.52
38.55  1.6
38.56  1.59
38.57  1.53
38.58  1.59
38.59  1.63
38.6  1.52
38.61  1.56
38.62  1.54
38.63  1.57
38.64  1.59
38.65  1.56
38.66  1.54
38.67  1.54
38.68  1.61
38.69  1.57
38.7  1.49
38.71  1.67
38.72  1.56
38.73  1.61
38.74  1.48
38.75  1.58
38.76  1.55
38.77  1.58
38.78  1.55
38.79  1.52
38.8  1.65
38.81  1.62
38.82  1.48
38.83  1.55
38.84  1.54
38.85  1.59
38.86  1.66
38.87  1.54
38.88  1.6
38.89  1.53
38.9  1.61
38.91  1.55
38.92  1.55
38.93  1.62
38.94  1.57
38.95  1.55
38.96  1.64
38.97  1.51
38.98  1.56
38.99  1.53
39  1.61
39.01  1.61
39.02  1.54
39.03  1.58
39.04  1.56
39.05  1.56
39.06  1.58
39.07  1.52
39.08  1.54
39.09  1.65
39.1  1.59
39.11  1.54
39.12  1.57
39.13  1.54
39.14  1.66
39.15  1.6
39.16  1.54
39.17  1.66
39.18  1.55
39.19  1.49
39.2  1.59
39.21  1.62
39.22  1.56
39.23  1.54
39.24  1.61
39.25  1.57
39.26  1.6
39.27  1.54
39.28  1.6
39.29  1.54
39.3  1.57
39.31  1.51
39.32  1.6
39.33  1.59
39.34  1.61
39.35  1.62
39.36  1.52
39.37  1.56
39.38  1.56
39.39  1.54
39.4  1.61
39.41  1.56
39.42  1.58
39.43  1.6
39.44  1.52
39.45  1.59
39.46  1.53
39.47  1.53
39.48  1.66
39.49  1.53
39.5  1.57
39.51  1.53
39.52  1.58
39.53  1.56
39.54  1.58
39.55  1.58
39.56  1.57
39.57  1.55
39.58  1.54
39.59  1.6
39.6  1.59
39.61  1.48
39.62  1.71
39.63  1.52
39.64  1.55
39.65  1.58
39.66  1.57
39.67  1.53
39.68  1.53
39.69  1.59
39.7  1.57
39.71  1.52
39.72  1.59
39.73  1.54
39.74  1.68
39.75  1.53
39.76  1.57
39.77  1.54
39.78  1.59
39.79  1.57
39.8  1.58
39.81  1.56
39.82  1.62
39.83  1.54
39.84  1.61
39.85  1.52
39.86  1.55
39.87  1.55
39.88  1.6
39.89  1.54
39.9  1.63
39.91  1.59
39.92  1.58
39.93  1.55
39.94  1.53
39.95  1.61
39.96  1.56
39.97  1.54
39.98  1.65
39.99  1.58
40  1.55
40.01  1.67
40.02  1.51
40.03  1.56
40.04  1.67
40.05  1.57
40.06  1.55
40.07  1.52
40.08  1.55
40.09  1.63
40.1  1.57
40.11  1.56
40.12  1.64
40.13  1.48
40.14  1.63
40.15  1.56
40.16  1.56
40.17  1.56
40.18  1.59
40.19  1.56
40.2  1.59
40.21  1.63
40.22  1.52
40.23  1.59
40.24  1.59
40.25  1.64
40.26  1.5
40.27  1.54
40.28  1.62
40.29  1.58
40.3  1.56
40.31  1.56
40.32  1.57
40.33  1.58
40.34  1.65
40.35  1.56
40.36  1.55
40.37  1.51
40.38  1.61
40.39  1.59
40.4  1.55
40.41  1.54
40.42  1.51
40.43  1.58
40.44  1.56
40.45  1.55
40.46  1.65
40.47  1.5
40.48  1.64
40.49  1.52
40.5  1.5
40.51  1.61
40.52  1.47
40.53  1.61
40.54  1.55
40.55  1.62
40.56  1.55
40.57  1.6
40.58  1.59
40.59  1.54
40.6  1.67
40.61  1.5
40.62  1.61
40.63  1.47
40.64  1.56
40.65  1.61
40.66  1.59
40.67  1.52
40.68  1.55
40.69  1.58
40.7  1.58
40.71  1.6
40.72  1.5
40.73  1.61
40.74  1.57
40.75  1.55
40.76  1.5
40.77  1.55
40.78  1.58
40.79  1.56
40.8  1.61
40.81  1.6
40.82  1.63
40.83  1.49
40.84  1.6
40.85  1.58
40.86  1.58
40.87  1.55
40.88  1.53
40.89  1.57
40.9  1.6
40.91  1.54
40.92  1.63
40.93  1.59
40.94  1.53
40.95  1.58
40.96  1.55
40.97  1.63
40.98  1.6
40.99  1.57
41  1.6
41.01  1.58
41.02  1.53
41.03  1.55
41.04  1.62
41.05  1.55
41.06  1.5
41.07  1.63
41.08  1.53
41.09  1.58
41.1  1.59
41.11  1.62
41.12  1.51
41.13  1.61
41.14  1.53
41.15  1.59
41.16  1.65
41.17  1.59
41.18  1.52
41.19  1.53
41.2  1.57
41.21  1.54
41.22  1.6
41.23  1.6
41.24  1.58
41.25  1.57
41.26  1.56
41.27  1.55
41.28  1.6
41.29  1.55
41.3  1.55
41.31  1.6
41.32  1.6
41.33  1.48
41.34  1.64
41.35  1.65
41.36  1.51
41.37  1.61
41.38  1.53
41.39  1.6
41.4  1.54
41.41  1.5
41.42  1.64
41.43  1.48
41.44  1.61
41.45  1.53
41.46  1.66
41.47  1.55
41.48  1.52
41.49  1.66
41.5  1.56
41.51  1.52
41.52  1.49
41.53  1.53
41.54  1.61
41.55  1.56
41.56  1.66
41.57  1.55
41.58  1.51
41.59  1.61
41.6  1.59
41.61  1.57
41.62  1.55
41.63  1.57
41.64  1.6
41.65  1.56
41.66  1.57
41.67  1.53
41.68  1.51
41.69  1.61
41.7  1.64
41.71  1.53
41.72  1.55
41.73  1.59
41.74  1.51
41.75  1.58
41.76  1.63
41.77  1.53
41.78  1.58
41.79  1.56
41.8  1.63
41.81  1.56
41.82  1.53
41.83  1.59
41.84  1.59
41.85  1.49
41.86  1.67
41.87  1.51
41.88  1.59
41.89  1.59
41.9  1.56
41.91  1.53
41.92  1.59
41.93  1.58
41.94  1.52
41.95  1.66
41.96  1.5
41.97  1.54
41.98  1.6
41.99  1.55
42  1.65
42.01  1.59
42.02  1.58
42.03  1.51
42.04  1.58
42.05  1.56
42.06  1.54
42.07  1.62
42.08  1.58
42.09  1.51
42.1  1.68
42.11  1.53
42.12  1.57
42.13  1.59
42.14  1.57
42.15  1.59
42.16  1.56
42.17  1.54
42.18  1.52
42.19  1.63
42.2  1.55
42.21  1.62
42.22  1.59
42.23  1.49
42.24  1.57
42.25  1.61
42.26  1.52
42.27  1.6
42.28  1.6
42.29  1.59
42.3  1.55
42.31  1.57
42.32  1.56
42.33  1.54
42.34  1.52
42.35  1.61
42.36  1.5
42.37  1.63
42.38  1.51
42.39  1.63
42.4  1.56
42.41  1.64
42.42  1.6
42.43  1.6
42.44  1.53
42.45  1.5
42.46  1.62
42.47  1.62
42.48  1.53
42.49  1.55
42.5  1.57
42.51  1.62
42.52  1.56
42.53  1.55
42.54  1.53
42.55  1.51
42.56  1.63
42.57  1.58
42.58  1.6
42.59  1.53
42.6  1.55
42.61  1.57
42.62  1.59
42.63  1.56
42.64  1.56
42.65  1.59
42.66  1.54
42.67  1.51
42.68  1.63
42.69  1.61
42.7  1.59
42.71  1.51
42.72  1.61
42.73  1.53
42.74  1.65
42.75  1.64
42.76  1.59
42.77  1.52
42.78  1.57
42.79  1.49
42.8  1.59
42.81  1.64
42.82  1.52
42.83  1.52
42.84  1.62
42.85  1.48
42.86  1.58
42.87  1.61
42.88  1.65
42.89  1.55
42.9  1.56
42.91  1.6
42.92  1.58
42.93  1.51
42.94  1.59
42.95  1.57
42.96  1.62
42.97  1.5
42.98  1.62
42.99  1.53
43  1.6
43.01  1.52
43.02  1.62
43.03  1.6
43.04  1.53
43.05  1.61
43.06  1.62
43.07  1.51
43.08  1.6
43.09  1.59
43.1  1.55
43.11  1.56
43.12  1.58
43.13  1.51
43.14  1.65
43.15  1.53
43.16  1.64
43.17  1.59
43.18  1.55
43.19  1.53
43.2  1.6
43.21  1.57
43.22  1.5
43.23  1.57
43.24  1.47
43.25  1.66
43.26  1.51
43.27  1.57
43.28  1.6
43.29  1.63
43.3  1.59
43.31  1.59
43.32  1.54
43.33  1.53
43.34  1.58
43.35  1.54
43.36  1.6
43.37  1.54
43.38  1.64
43.39  1.56
43.4  1.52
43.41  1.64
43.42  1.58
43.43  1.57
43.44  1.57
43.45  1.56
43.46  1.57
43.47  1.55
43.48  1.56
43.49  1.53
43.5  1.49
43.51  1.63
43.52  1.51
43.53  1.61
43.54  1.57
43.55  1.58
43.56  1.51
43.57  1.65
43.58  1.55
43.59  1.57
43.6  1.53
43.61  1.66
43.62  1.62
43.63  1.52
43.64  1.58
43.65  1.58
43.66  1.51
43.67  1.63
43.68  1.54
43.69  1.47
43.7  1.63
43.71  1.46
43.72  1.67
43.73  1.55
43.74  1.58
43.75  1.53
43.76  1.67
43.77  1.54
43.78  1.54
43.79  1.64
43.8  1.51
43.81  1.62
43.82  1.55
43.83  1.57
43.84  1.52
43.85  1.62
43.86  1.63
43.87  1.53
43.88  1.53
43.89  1.6
43.9  1.57
43.91  1.56
43.92  1.57
43.93  1.54
43.94  1.65
43.95  1.53
43.96  1.55
43.97  1.6
43.98  1.55
43.99  1.56
44  1.57
44.01  1.62
44.02  1.56
44.03  1.59
44.04  1.6
44.05  1.53
44.06  1.58
44.07  1.61
44.08  1.53
44.09  1.59
44.1  1.5
44.11  1.67
44.12  1.56
44.13  1.57
44.14  1.57
44.15  1.55
44.16  1.56
44.17  1.62
44.18  1.56
44.19  1.57
44.2  1.57
44.21  1.59
44.22  1.56
44.23  1.58
44.24  1.53
44.25  1.57
44.26  1.61
44.27  1.52
44.28  1.59
44.29  1.58
44.3  1.6
44.31  1.58
44.32  1.54
44.33  1.58
44.34  1.56
44.35  1.6
44.36  1.59
44.37  1.52
44.38  1.53
44.39  1.6
44.4  1.54
44.41  1.6
44.42  1.59
44.43  1.58
44.44  1.47
44.45  1.56
44.46  1.6
44.47  1.62
44.48  1.58
44.49  1.46
44.5  1.7
44.51  1.52
44.52  1.58
44.53  1.6
44.54  1.58
44.55  1.54
44.56  1.52
44.57  1.6
44.58  1.56
44.59  1.57
44.6  1.63
44.61  1.46
44.62  1.62
44.63  1.59
44.64  1.59
44.65  1.55
44.66  1.56
44.67  1.58
44.68  1.52
44.69  1.53
44.7  1.6
44.71  1.54
44.72  1.61
44.73  1.54
44.74  1.59
44.75  1.61
44.76  1.53
44.77  1.61
44.78  1.51
44.79  1.62
44.8  1.51
44.81  1.59
44.82  1.52
44.83  1.65
44.84  1.55
44.85  1.57
44.86  1.65
44.87  1.57
44.88  1.61
44.89  1.55
44.9  1.5
44.91  1.56
44.92  1.62
44.93  1.55
44.94  1.52
44.95  1.61
44.96  1.57
44.97  1.57
44.98  1.56
44.99  1.6
45  1.54
45.01  1.57
45.02  1.53
45.03  1.6
45.04  1.61
45.05  1.55
45.06  1.54
45.07  1.6
45.08  1.52
45.09  1.67
45.1  1.52
45.11  1.57
45.12  1.52
45.13  1.62
45.14  1.6
45.15  1.53
45.16  1.58
45.17  1.54
45.18  1.67
45.19  1.56
45.2  1.57
45.21  1.64
45.22  1.55
45.23  1.6
45.24  1.54
45.25  1.51
45.26  1.59
45.27  1.55
45.28  1.51
45.29  1.63
45.3  1.55
45.31  1.53
45.32  1.62
45.33  1.57
45.34  1.6
45.35  1.59
45.36  1.51
45.37  1.61
45.38  1.55
45.39  1.6
45.4  1.51
45.41  1.55
45.42  1.66
45.43  1.58
45.44  1.56
45.45  1.59
45.46  1.55
45.47  1.58
45.48  1.61
45.49  1.55
45.5  1.55
45.51  1.52
45.52  1.63
45.53  1.57
45.54  1.64
45.55  1.55
45.56  1.55
45.57  1.54
45.58  1.63
45.59  1.53
45.6  1.66
45.61  1.57
45.62  1.5
45.63  1.56
45.64  1.59
45.65  1.59
45.66  1.62
45.67  1.56
45.68  1.54
45.69  1.56
45.7  1.58
45.71  1.53
45.72  1.54
45.73  1.54
45.74  1.61
45.75  1.56
45.76  1.57
45.77  1.65
45.78  1.62
45.79  1.48
45.8  1.62
45.81  1.56
45.82  1.53
45.83  1.57
45.84  1.58
45.85  1.62
45.86  1.56
45.87  1.51
45.88  1.59
45.89  1.54
45.9  1.64
45.91  1.59
45.92  1.51
45.93  1.52
45.94  1.58
45.95  1.59
45.96  1.53
45.97  1.64
45.98  1.58
45.99  1.49
46  1.59
46.01  1.6
46.02  1.6
46.03  1.53
46.04  1.54
46.05  1.62
46.06  1.55
46.07  1.56
46.08  1.57
46.09  1.57
46.1  1.57
46.11  1.6
46.12  1.46
46.13  1.61
46.14  1.55
46.15  1.58
46.16  1.55
46.17  1.61
46.18  1.56
46.19  1.54
46.2  1.55
46.21  1.57
46.22  1.55
46.23  1.59
46.24  1.6
46.25  1.63
46.26  1.57
46.27  1.57
46.28  1.47
46.29  1.6
46.3  1.53
46.31  1.63
46.32  1.57
46.33  1.57
46.34  1.57
46.35  1.61
46.36  1.64
46.37  1.53
46.38  1.54
46.39  1.58
46.4  1.56
46.41  1.59
46.42  1.54
46.43  1.5
46.44  1.6
46.45  1.54
46.46  1.6
46.47  1.63
46.48  1.59
46.49  1.58
46.5  1.48
46.51  1.73
46.52  1.52
46.53  1.59
46.54  1.51
46.55  1.53
46.56  1.6
46.57  1.61
46.58  1.52
46.59  1.58
46.6  1.63
46.61  1.54
46.62  1.57
46.63  1.6
46.64  1.57
46.65  1.61
46.66  1.56
46.67  1.57
46.68  1.54
46.69  1.6
46.7  1.62
46.71  1.51
46.72  1.56
46.73  1.62
46.74  1.53
46.75  1.56
46.76  1.61
46.77  1.55
46.78  1.55
46.79  1.57
46.8  1.43
46.81  1.65
46.82  1.6
46.83  1.5
46.84  1.64
46.85  1.55
46.86  1.57
46.87  1.6
46.88  1.62
46.89  1.49
46.9  1.51
46.91  1.65
46.92  1.45
46.93  1.67
46.94  1.51
46.95  1.62
46.96  1.53
46.97  1.61
46.98  1.49
46.99  1.63
47  1.61
47.01  1.52
47.02  1.59
47.03  1.56
47.04  1.59
47.05  1.52
47.06  1.52
47.07  1.63
47.08  1.51
47.09  1.59
47.1  1.55
47.11  1.6
47.12  1.54
47.13  1.58
47.14  1.57
47.15  1.56
47.16  1.58
47.17  1.52
47.18  1.59
47.19  1.51
47.2  1.6
47.21  1.66
47.22  1.5
47.23  1.53
47.24  1.6
47.25  1.57
47.26  1.56
47.27  1.63
47.28  1.59
47.29  1.61
47.3  1.53
47.31  1.58
47.32  1.54
47.33  1.61
47.34  1.57
47.35  1.55
47.36  1.57
47.37  1.62
47.38  1.56
47.39  1.61
47.4  1.53
47.41  1.56
47.42  1.59
47.43  1.56
47.44  1.59
47.45  1.58
47.46  1.56
47.47  1.54
47.48  1.63
47.49  1.53
47.5  1.63
47.51  1.58
47.52  1.57
47.53  1.54
47.54  1.57
47.55  1.54
47.56  1.53
47.57  1.57
47.58  1.6
47.59  1.52
47.6  1.58
47.61  1.63
47.62  1.51
47.63  1.61
47.64  1.64
47.65  1.55
47.66  1.53
47.67  1.65
47.68  1.59
47.69  1.58
47.7  1.55
47.71  1.57
47.72  1.61
47.73  1.52
47.74  1.53
47.75  1.69
47.76  1.52
47.77  1.55
47.78  1.58
47.79  1.57
47.8  1.53
47.81  1.57
47.82  1.54
47.83  1.57
47.84  1.64
47.85  1.52
47.86  1.53
47.87  1.55
47.88  1.58
47.89  1.61
47.9  1.59
47.91  1.5
47.92  1.59
47.93  1.63
47.94  1.6
47.95  1.56
47.96  1.54
47.97  1.58
47.98  1.57
47.99  1.57
48  1.54
48.01  1.54
48.02  1.58
48.03  1.52
48.04  1.65
48.05  1.6
48.06  1.58
48.07  1.55
48.08  1.6
48.09  1.57
48.1  1.56
48.11  1.59
48.12  1.52
48.13  1.53
48.14  1.55
48.15  1.57
48.16  1.58
48.17  1.57
48.18  1.62
48.19  1.58
48.2  1.61
48.21  1.52
48.22  1.59
48.23  1.49
48.24  1.78
48.25  1.46
48.26  1.55
48.27  1.65
48.28  1.48
48.29  1.57
48.3  1.6
48.31  1.56
48.32  1.55
48.33  1.6
48.34  1.53
48.35  1.6
48.36  1.54
48.37  1.55
48.38  1.56
48.39  1.64
48.4  1.51
48.41  1.59
48.42  1.57
48.43  1.57
48.44  1.61
48.45  1.54
48.46  1.66
48.47  1.54
48.48  1.56
48.49  1.57
48.5  1.59
48.51  1.55
48.52  1.6
48.53  1.56
48.54  1.58
48.55  1.59
48.56  1.54
48.57  1.58
48.58  1.58
48.59  1.51
48.6  1.58
48.61  1.52
48.62  1.58
48.63  1.56
48.64  1.57
48.65  1.58
48.66  1.56
48.67  1.6
48.68  1.52
48.69  1.55
48.7  1.63
48.71  1.62
48.72  1.52
48.73  1.61
48.74  1.56
48.75  1.62
48.76  1.52
48.77  1.55
48.78  1.49
48.79  1.63
48.8  1.66
48.81  1.52
48.82  1.62
48.83  1.51
48.84  1.59
48.85  1.57
48.86  1.52
48.87  1.61
48.88  1.53
48.89  1.58
48.9  1.61
48.91  1.54
48.92  1.53
48.93  1.59
48.94  1.53
48.95  1.64
48.96  1.59
48.97  1.59
48.98  1.56
48.99  1.6
49  1.55
49.01  1.48
49.02  1.57
49.03  1.59
49.04  1.6
49.05  1.53
49.06  1.52
49.07  1.62
49.08  1.59
49.09  1.55
49.1  1.64
49.11  1.5
49.12  1.65
49.13  1.56
49.14  1.52
49.15  1.6
49.16  1.58
49.17  1.62
49.18  1.51
49.19  1.52
49.2  1.63
49.21  1.57
49.22  1.56
49.23  1.63
49.24  1.6
49.25  1.49
49.26  1.6
49.27  1.57
49.28  1.52
49.29  1.56
49.3  1.58
49.31  1.63
49.32  1.53
49.33  1.58
49.34  1.49
49.35  1.57
49.36  1.61
49.37  1.6
49.38  1.61
49.39  1.6
49.4  1.5
49.41  1.57
49.42  1.53
49.43  1.59
49.44  1.65
49.45  1.49
49.46  1.63
49.47  1.56
49.48  1.62
49.49  1.52
49.5  1.52
49.51  1.56
49.52  1.69
49.53  1.59
49.54  1.56
49.55  1.58
49.56  1.52
49.57  1.52
49.58  1.65
49.59  1.46
49.6  1.59
49.61  1.6
49.62  1.55
49.63  1.63
49.64  1.53
49.65  1.58
49.66  1.54
49.67  1.64
49.68  1.5
49.69  1.54
49.7  1.64
49.71  1.57
49.72  1.55
49.73  1.49
49.74  1.56
49.75  1.61
49.76  1.56
49.77  1.57
49.78  1.59
49.79  1.63
49.8  1.48
49.81  1.59
49.82  1.57
49.83  1.65
49.84  1.49
49.85  1.64
49.86  1.56
49.87  1.58
49.88  1.55
49.89  1.54
49.9  1.63
49.91  1.46
49.92  1.61
49.93  1.55
49.94  1.56
49.95  1.6
49.96  1.59
49.97  1.53
49.98  1.53
49.99  1.55
50  1.62
50.01  1.57
50.02  1.6
50.03  1.53
50.04  1.59
50.05  1.53
50.06  1.61
50.07  1.48
50.08  1.64
50.09  1.55
50.1  1.66
50.11  1.48
50.12  1.59
50.13  1.62
50.14  1.56
50.15  1.59
50.16  1.51
50.17  1.59
50.18  1.53
50.19  1.58
50.2  1.54
50.21  1.57
50.22  1.64
50.23  1.6
50.24  1.57
50.25  1.57
50.26  1.6
50.27  1.59
50.28  1.58
50.29  1.55
50.3  1.52
50.31  1.56
50.32  1.55
50.33  1.66
50.34  1.56
50.35  1.61
50.36  1.61
50.37  1.54
50.38  1.52
50.39  1.62
50.4  1.56
50.41  1.62
50.42  1.53
50.43  1.58
50.44  1.6
50.45  1.53
50.46  1.52
50.47  1.59
50.48  1.6
50.49  1.6
50.5  1.61
50.51  1.52
50.52  1.58
50.53  1.62
50.54  1.56
50.55  1.52
50.56  1.61
50.57  1.59
50.58  1.6
50.59  1.59
50.6  1.53
50.61  1.5
50.62  1.61
50.63  1.55
50.64  1.59
50.65  1.6
50.66  1.57
50.67  1.58
50.68  1.57
50.69  1.56
50.7  1.65
50.71  1.57
50.72  1.55
50.73  1.52
50.74  1.52
50.75  1.62
50.76  1.53
50.77  1.65
50.78  1.55
50.79  1.57
50.8  1.58
50.81  1.54
50.82  1.56
50.83  1.57
50.84  1.54
50.85  1.58
50.86  1.57
50.87  1.51
50.88  1.56
50.89  1.57
50.9  1.59
50.91  1.58
50.92  1.6
50.93  1.49
50.94  1.62
50.95  1.58
50.96  1.54
50.97  1.54
50.98  1.67
50.99  1.51
51  1.66
51.01  1.55
51.02  1.55
51.03  1.56
51.04  1.51
51.05  1.62
51.06  1.58
51.07  1.54
51.08  1.55
51.09  1.52
51.1  1.55
51.11  1.51
51.12  1.65
51.13  1.62
51.14  1.59
51.15  1.6
51.16  1.59
51.17  1.52
51.18  1.52
51.19  1.65
51.2  1.55
51.21  1.52
51.22  1.55
51.23  1.6
51.24  1.55
51.25  1.62
51.26  1.54
51.27  1.59
51.28  1.51
51.29  1.59
51.3  1.56
51.31  1.6
51.32  1.56
51.33  1.53
51.34  1.66
51.35  1.57
51.36  1.59
51.37  1.52
51.38  1.61
51.39  1.54
51.4  1.57
51.41  1.59
51.42  1.53
51.43  1.56
51.44  1.58
51.45  1.58
51.46  1.61
51.47  1.54
51.48  1.58
51.49  1.51
51.5  1.61
51.51  1.57
51.52  1.56
51.53  1.49
51.54  1.55
51.55  1.64
51.56  1.61
51.57  1.58
51.58  1.58
51.59  1.48
51.6  1.63
51.61  1.64
51.62  1.59
51.63  1.59
51.64  1.54
51.65  1.55
51.66  1.53
51.67  1.59
51.68  1.54
51.69  1.58
51.7  1.57
51.71  1.62
51.72  1.62
51.73  1.54
51.74  1.56
51.75  1.55
51.76  1.57
51.77  1.52
51.78  1.57
51.79  1.53
51.8  1.67
51.81  1.55
51.82  1.61
51.83  1.51
51.84  1.63
51.85  1.51
51.86  1.64
51.87  1.53
51.88  1.58
51.89  1.58
51.9  1.47
51.91  1.57
51.92  1.65
51.93  1.53
51.94  1.58
51.95  1.54
51.96  1.68
51.97  1.51
51.98  1.6
51.99  1.46
52  1.61
52.01  1.54
52.02  1.58
52.03  1.6
52.04  1.55
52.05  1.64
52.06  1.48
52.07  1.56
52.08  1.69
52.09  1.54
52.1  1.5
52.11  1.61
52.12  1.55
52.13  1.63
52.14  1.49
52.15  1.54
52.16  1.54
52.17  1.6
52.18  1.58
52.19  1.64
52.2  1.53
52.21  1.54
52.22  1.59
52.23  1.57
52.24  1.54
52.25  1.53
52.26  1.62
52.27  1.54
52.28  1.54
52.29  1.64
52.3  1.55
52.31  1.53
52.32  1.55
52.33  1.6
52.34  1.56
52.35  1.53
52.36  1.59
52.37  1.6
52.38  1.51
52.39  1.65
52.4  1.49
52.41  1.65
52.42  1.53
52.43  1.6
52.44  1.61
52.45  1.55
52.46  1.66
52.47  1.56
52.48  1.56
52.49  1.59
52.5  1.5
52.51  1.57
52.52  1.58
52.53  1.59
52.54  1.58
52.55  1.46
52.56  1.58
52.57  1.56
52.58  1.61
52.59  1.64
52.6  1.57
52.61  1.57
52.62  1.58
52.63  1.62
52.64  1.57
52.65  1.59
52.66  1.54
52.67  1.53
52.68  1.59
52.69  1.62
52.7  1.51
52.71  1.58
52.72  1.6
52.73  1.58
52.74  1.51
52.75  1.63
52.76  1.58
52.77  1.62
52.78  1.54
52.79  1.65
52.8  1.5
52.81  1.64
52.82  1.55
52.83  1.58
52.84  1.53
52.85  1.6
52.86  1.54
52.87  1.58
52.88  1.58
52.89  1.59
52.9  1.59
52.91  1.54
52.92  1.62
52.93  1.58
52.94  1.5
52.95  1.54
52.96  1.64
52.97  1.55
52.98  1.54
52.99  1.59
53  1.56
53.01  1.61
53.02  1.57
53.03  1.52
53.04  1.61
53.05  1.55
53.06  1.6
53.07  1.49
53.08  1.58
53.09  1.56
53.1  1.64
53.11  1.59
53.12  1.55
53.13  1.52
53.14  1.62
53.15  1.57
53.16  1.53
53.17  1.58
53.18  1.53
53.19  1.61
53.2  1.57
53.21  1.61
53.22  1.53
53.23  1.55
53.24  1.56
53.25  1.66
53.26  1.54
53.27  1.54
53.28  1.54
53.29  1.5
53.3  1.63
53.31  1.56
53.32  1.51
53.33  1.65
53.34  1.55
53.35  1.59
53.36  1.54
53.37  1.53
53.38  1.59
53.39  1.59
53.4  1.6
53.41  1.48
53.42  1.65
53.43  1.52
53.44  1.59
53.45  1.58
53.46  1.55
53.47  1.55
53.48  1.57
53.49  1.6
53.5  1.63
53.51  1.49
53.52  1.67
53.53  1.56
53.54  1.55
53.55  1.52
53.56  1.67
53.57  1.57
53.58  1.54
53.59  1.56
53.6  1.59
53.61  1.53
53.62  1.53
53.63  1.65
53.64  1.57
53.65  1.59
53.66  1.57
53.67  1.56
53.68  1.53
53.69  1.63
53.7  1.5
53.71  1.54
53.72  1.64
53.73  1.54
53.74  1.61
53.75  1.56
53.76  1.53
53.77  1.54
53.78  1.67
53.79  1.54
53.8  1.59
53.81  1.59
53.82  1.56
53.83  1.61
53.84  1.56
53.85  1.52
53.86  1.52
53.87  1.59
53.88  1.61
53.89  1.64
53.9  1.54
53.91  1.57
53.92  1.58
53.93  1.61
53.94  1.51
53.95  1.61
53.96  1.58
53.97  1.55
53.98  1.5
53.99  1.55
54  1.64
54.01  1.52
54.02  1.57
54.03  1.58
54.04  1.54
54.05  1.62
54.06  1.58
54.07  1.58
54.08  1.53
54.09  1.56
54.1  1.56
54.11  1.6
54.12  1.51
54.13  1.65
54.14  1.59
54.15  1.57
54.16  1.5
54.17  1.55
54.18  1.59
54.19  1.54
54.2  1.61
54.21  1.56
54.22  1.57
54.23  1.64
54.24  1.49
54.25  1.55
54.26  1.6
54.27  1.52
54.28  1.61
54.29  1.52
54.3  1.56
54.31  1.62
54.32  1.58
54.33  1.53
54.34  1.57
54.35  1.55
54.36  1.52
54.37  1.55
54.38  1.7
54.39  1.5
54.4  1.62
54.41  1.52
54.42  1.56
54.43  1.56
54.44  1.61
54.45  1.55
54.46  1.63
54.47  1.64
54.48  1.51
54.49  1.59
54.5  1.49
54.51  1.62
54.52  1.48
54.53  1.61
54.54  1.57
54.55  1.49
54.56  1.62
54.57  1.56
54.58  1.68
54.59  1.56
54.6  1.5
54.61  1.64
54.62  1.47
54.63  1.59
54.64  1.58
54.65  1.55
54.66  1.59
54.67  1.65
54.68  1.57
54.69  1.55
54.7  1.53
54.71  1.66
54.72  1.56
54.73  1.62
54.74  1.52
54.75  1.57
54.76  1.58
54.77  1.57
54.78  1.57
54.79  1.59
54.8  1.54
54.81  1.58
54.82  1.5
54.83  1.63
54.84  1.59
54.85  1.62
54.86  1.58
54.87  1.57
54.88  1.56
54.89  1.55
54.9  1.57
54.91  1.49
54.92  1.6
54.93  1.53
54.94  1.56
54.95  1.72
54.96  1.61
54.97  1.48
54.98  1.57
54.99  1.61
55  1.55
55.01  1.59
55.02  1.63
55.03  1.49
55.04  1.59
55.05  1.58
55.06  1.53
55.07  1.51
55.08  1.64
55.09  1.58
55.1  1.56
55.11  1.56
55.12  1.61
55.13  1.55
55.14  1.58
55.15  1.61
55.16  1.5
55.17  1.55
55.18  1.56
55.19  1.59
55.2  1.5
55.21  1.64
55.22  1.56
55.23  1.57
55.24  1.56
55.25  1.61
55.26  1.47
55.27  1.61
55.28  1.61
55.29  1.6
55.3  1.6
55.31  1.51
55.32  1.59
55.33  1.63
55.34  1.58
55.35  1.56
55.36  1.53
55.37  1.57
55.38  1.57
55.39  1.59
55.4  1.52
55.41  1.6
55.42  1.55
55.43  1.56
55.44  1.62
55.45  1.51
55.46  1.57
55.47  1.6
55.48  1.54
55.49  1.52
55.5  1.53
55.51  1.6
55.52  1.58
55.53  1.63
55.54  1.59
55.55  1.53
55.56  1.55
55.57  1.53
55.58  1.67
55.59  1.56
55.6  1.58
55.61  1.56
55.62  1.52
55.63  1.59
55.64  1.54
55.65  1.62
55.66  1.6
55.67  1.55
55.68  1.53
55.69  1.56
55.7  1.51
55.71  1.62
55.72  1.59
55.73  1.67
55.74  1.52
55.75  1.55
55.76  1.62
55.77  1.57
55.78  1.6
55.79  1.52
55.8  1.51
55.81  1.62
55.82  1.55
55.83  1.61
55.84  1.52
55.85  1.64
55.86  1.5
55.87  1.64
55.88  1.55
55.89  1.55
55.9  1.55
55.91  1.59
55.92  1.51
55.93  1.58
55.94  1.59
55.95  1.54
55.96  1.6
55.97  1.58
55.98  1.51
55.99  1.6
56  1.6
56.01  1.63
56.02  1.49
56.03  1.63
56.04  1.56
56.05  1.64
56.06  1.49
56.07  1.49
56.08  1.62
56.09  1.54
56.1  1.58
56.11  1.62
56.12  1.56
56.13  1.51
56.14  1.61
56.15  1.62
56.16  1.59
56.17  1.59
56.18  1.59
56.19  1.63
56.2  1.53
56.21  1.5
56.22  1.57
56.23  1.54
56.24  1.53
56.25  1.57
56.26  1.58
56.27  1.5
56.28  1.6
56.29  1.51
56.3  1.57
56.31  1.59
56.32  1.64
56.33  1.58
56.34  1.65
56.35  1.49
56.36  1.68
56.37  1.5
56.38  1.65
56.39  1.51
56.4  1.61
56.41  1.52
56.42  1.52
56.43  1.56
56.44  1.66
56.45  1.5
56.46  1.63
56.47  1.53
56.48  1.59
56.49  1.56
56.5  1.54
56.51  1.57
56.52  1.59
56.53  1.49
56.54  1.56
56.55  1.58
56.56  1.56
56.57  1.56
56.58  1.69
56.59  1.56
56.6  1.56
56.61  1.46
56.62  1.61
56.63  1.61
56.64  1.54
56.65  1.63
56.66  1.51
56.67  1.58
56.68  1.66
56.69  1.53
56.7  1.53
56.71  1.56
56.72  1.59
56.73  1.56
56.74  1.54
56.75  1.52
56.76  1.57
56.77  1.55
56.78  1.61
56.79  1.64
56.8  1.58
56.81  1.54
56.82  1.58
56.83  1.56
56.84  1.55
56.85  1.52
56.86  1.61
56.87  1.58
56.88  1.54
56.89  1.6
56.9  1.57
56.91  1.56
56.92  1.58
56.93  1.62
56.94  1.57
56.95  1.45
56.96  1.66
56.97  1.55
56.98  1.52
56.99  1.66
57  1.62
57.01  1.51
57.02  1.56
57.03  1.58
57.04  1.6
57.05  1.52
57.06  1.62
57.07  1.57
57.08  1.58
57.09  1.58
57.1  1.5
57.11  1.6
57.12  1.53
57.13  1.64
57.14  1.53
57.15  1.59
57.16  1.61
57.17  1.54
57.18  1.6
57.19  1.59
57.2  1.56
57.21  1.61
57.22  1.61
57.23  1.51
57.24  1.61
57.25  1.6
57.26  1.59
57.27  1.51
57.28  1.57
57.29  1.59
57.3  1.59
57.31  1.58
57.32  1.52
57.33  1.61
57.34  1.55
57.35  1.61
57.36  1.54
57.37  1.52
57.38  1.58
57.39  1.69
57.4  1.54
57.41  1.6
57.42  1.58
57.43  1.59
57.44  1.56
57.45  1.52
57.46  1.64
57.47  1.53
57.48  1.52
57.49  1.57
57.5  1.61
57.51  1.61
57.52  1.51
57.53  1.55
57.54  1.66
57.55  1.5
57.56  1.56
57.57  1.62
57.58  1.57
57.59  1.57
57.6  1.58
57.61  1.53
57.62  1.63
57.63  1.59
57.64  1.64
57.65  1.5
57.66  1.54
57.67  1.62
57.68  1.64
57.69  1.48
57.7  1.53
57.71  1.5
57.72  1.61
57.73  1.54
57.74  1.58
57.75  1.53
57.76  1.54
57.77  1.54
57.78  1.61
57.79  1.56
57.8  1.61
57.81  1.53
57.82  1.55
57.83  1.59
57.84  1.58
57.85  1.6
57.86  1.57
57.87  1.54
57.88  1.47
57.89  1.6
57.9  1.58
57.91  1.59
57.92  1.53
57.93  1.62
57.94  1.55
57.95  1.56
57.96  1.59
57.97  1.7
57.98  1.47
57.99  1.56
58  1.61
58.01  1.49
58.02  1.62
58.03  1.55
58.04  1.58
58.05  1.52
58.06  1.61
58.07  1.6
58.08  1.53
58.09  1.52
58.1  1.64
58.11  1.54
58.12  1.55
58.13  1.52
58.14  1.6
58.15  1.62
58.16  1.56
58.17  1.53
58.18  1.64
58.19  1.55
58.2  1.61
58.21  1.58
58.22  1.53
58.23  1.55
58.24  1.58
58.25  1.62
58.26  1.61
58.27  1.52
58.28  1.53
58.29  1.61
58.3  1.65
58.31  1.65
58.32  1.5
58.33  1.52
58.34  1.55
58.35  1.51
58.36  1.67
58.37  1.58
58.38  1.55
58.39  1.51
58.4  1.67
58.41  1.57
58.42  1.55
58.43  1.63
58.44  1.54
58.45  1.53
58.46  1.61
58.47  1.53
58.48  1.62
58.49  1.61
58.5  1.52
58.51  1.54
58.52  1.52
58.53  1.53
58.54  1.68
58.55  1.63
58.56  1.49
58.57  1.67
58.58  1.49
58.59  1.58
58.6  1.55
58.61  1.55
58.62  1.58
58.63  1.52
58.64  1.63
58.65  1.55
58.66  1.56
58.67  1.53
58.68  1.64
58.69  1.53
58.7  1.56
58.71  1.67
58.72  1.56
58.73  1.57
58.74  1.5
58.75  1.5
58.76  1.67
58.77  1.54
58.78  1.6
58.79  1.51
58.8  1.55
58.81  1.51
58.82  1.55
58.83  1.59
58.84  1.56
58.85  1.53
58.86  1.62
58.87  1.63
58.88  1.62
58.89  1.56
58.9  1.62
58.91  1.51
58.92  1.46
58.93  1.58
58.94  1.61
58.95  1.48
58.96  1.58
58.97  1.61
58.98  1.61
58.99  1.55
59  1.53
59.01  1.6
59.02  1.53
59.03  1.66
59.04  1.49
59.05  1.6
59.06  1.61
59.07  1.55
59.08  1.54
59.09  1.56
59.1  1.64
59.11  1.55
59.12  1.58
59.13  1.64
59.14  1.54
59.15  1.48
59.16  1.62
59.17  1.6
59.18  1.57
59.19  1.54
59.2  1.56
59.21  1.6
59.22  1.6
59.23  1.6
59.24  1.5
59.25  1.56
59.26  1.59
59.27  1.5
59.28  1.63
59.29  1.59
59.3  1.59
59.31  1.59
59.32  1.56
59.33  1.63
59.34  1.53
59.35  1.63
59.36  1.54
59.37  1.59
59.38  1.58
59.39  1.62
59.4  1.59
59.41  1.51
59.42  1.52
59.43  1.68
59.44  1.55
59.45  1.6
59.46  1.56
59.47  1.52
59.48  1.53
59.49  1.56
59.5  1.63
59.51  1.58
59.52  1.54
59.53  1.55
59.54  1.65
59.55  1.57
59.56  1.58
59.57  1.58
59.58  1.54
59.59  1.59
59.6  1.57
59.61  1.54
59.62  1.63
59.63  1.55
59.64  1.56
59.65  1.56
59.66  1.49
59.67  1.58
59.68  1.62
59.69  1.51
59.7  1.55
59.71  1.62
59.72  1.5
59.73  1.72
59.74  1.55
59.75  1.54
59.76  1.57
59.77  1.45
59.78  1.66
59.79  1.63
59.8  1.51
59.81  1.56
59.82  1.6
59.83  1.57
59.84  1.59
59.85  1.59
59.86  1.48
59.87  1.58
59.88  1.52
59.89  1.55
59.9  1.59
59.91  1.6
59.92  1.51
59.93  1.6
59.94  1.63
59.95  1.52
59.96  1.55
59.97  1.6
59.98  1.52
59.99  1.52
