-15  0
-14.99  0
-14.98  0
-14.97  0
-14.96  0
-14.95  0.04
-14.94  0
-14.93  0.04
-14.92  0
-14.91  0.04
-14.9  0.04
-14.89  0.04
-14.88  0
-14.87  0.08
-14.86  0.04
-14.85  0.04
-14.84  0.08
-14.83  0.08
-14.82  0.08
-14.81  0.08
-14.8  0.08
-14.79  0.08
-14.78  0.12
-14.77  0.16
-14.76  0.12
-14.75  0.16
-14.74  0.2
-14.73  0.2
-14.72  0.28
-14.71  0.24
-14.7  0.32
-14.69  0.36
-14.68  0.44
-14.67  0.52
-14.66  0.64
-14.65  0.84
-14.64  1
-14.63  1.4
-14.62  2
-14.61  2.88
-14.6  4.6
-14.59  8.04
-14.58  14.08
-14.57  18.52
-14.56  14
-14.55  7.92
-14.54  4.6
-14.53  2.88
-14.52  1.96
-14.51  1.44
-14.5  1
-14.49  0.84
-14.48  0.68
-14.47  0.56
-14.46  0.48
-14.45  0.36
-14.44  0.36
-14.43  0.28
-14.42  0.24
-14.41  0.28
-14.4  0.2
-14.39  0.2
-14.38  0.2
-14.37  0.16
-14.36  0.16
-14.35  0.2
-14.34  0.12
-14.33  0.12
-14.32  0.12
-14.31  0.2
-14.3  0.12
-14.29  0.08
-14.28  0.16
-14.27  0.08
-14.26  0.16
-14.25  0.16
-14.24  0.08
-14.23  0.08
-14.22  0.16
-14.21  0.08
-14.2  0.12
-14.19  0.08
-14.18  0.12
-14.17  0.2
-14.16  0.12
-14.15  0.16
-14.14  0.12
-14.13  0.12
-14.12  0.12
-14.11  0.16
-14.1  0.08
-14.09  0.2
-14.08  0.12
-14.07  0.2
-14.06  0.16
-14.05  0.16
-14.04  0.16
-14.03  0.24
-14.02  0.2
-14.01  0.2
-14  0.2
-13.99  0.24
-13.98  0.2
-13.97  0.32
-13.96  0.28
-13.95  0.28
-13.94  0.32
-13.93  0.36
-13.92  0.36
-13.91  0.36
-13.9  0.44
-13.89  0.44
-13.88  0.52
-13.87  0.52
-13.86  0.64
-13.85  0.68
-13.84  0.84
-13.83  0.88
-13.82  1.04
-13.81  1.16
-13.8  1.32
-13.79  1.52
-13.78  1.92
-13.77  2.28
-13.76  2.72
-13.75  3.24
-13.74  3.96
-13.73  4.88
-13.72  5.6
-13.71  6.12
-13.7  6.4
-13.69  6.2
-13.68  5.44
-13.67  4.72
-13.66  3.88
-13.65  3.2
-13.64  2.68
-13.63  2.16
-13.62  1.88
-13.61  1.52
-13.6  1.4
-13.59  1.16
-13.58  1
-13.57  0.88
-13.56  0.76
-13.55  0.72
-13.54  0.72
-13.53  0.6
-13.52  0.52
-13.51  0.52
-13.5  0.4
-13.49  0.48
-13.48  0.36
-13.47  0.44
-13.46  0.32
-13.45  0.36
-13.44  0.36
-13.43  0.24
-13.42  0.32
-13.41  0.36
-13.4  0.32
-13.39  0.32
-13.38  0.28
-13.37  0.24
-13.36  0.32
-13.35  0.2
-13.34  0.24
-13.33  0.24
-13.32  0.28
-13.31  0.24
-13.3  0.28
-13.29  0.28
-13.28  0.24
-13.27  0.28
-13.26  0.24
-13.25  0.24
-13.24  0.28
-13.23  0.28
-13.22  0.32
-13.21  0.36
-13.2  0.32
-13.19  0.28
-13.18  0.36
-13.17  0.36
-13.16  0.28
-13.15  0.32
-13.14  0.36
-13.13  0.4
-13.12  0.4
-13.11  0.32
-13.1  0.48
-13.09  0.44
-13.08  0.44
-13.07  0.56
-13.06  0.64
-13.05  0.6
-13.04  0.56
-13.03  0.68
-13.02  0.72
-13.01  0.76
-13  0.84
-12.99  0.92
-12.98  1
-12.97  1.16
-12.96  1.28
-12.95  1.4
-12.94  1.52
-12.93  1.68
-12.92  1.84
-12.91  2.2
-12.9  2.36
-12.89  2.64
-12.88  3
-12.87  3.16
-12.86  3.52
-12.85  3.68
-12.84  3.96
-12.83  3.84
-12.82  3.92
-12.81  3.64
-12.8  3.44
-12.79  3.16
-12.78  2.96
-12.77  2.56
-12.76  2.36
-12.75  2.04
-12.74  1.84
-12.73  1.76
-12.72  1.48
-12.71  1.36
-12.7  1.24
-12.69  1
-12.68  1.08
-12.67  0.96
-12.66  0.84
-12.65  0.84
-12.64  0.68
-12.63  0.76
-12.62  0.68
-12.61  0.64
-12.6  0.6
-12.59  0.48
-12.58  0.56
-12.57  0.48
-12.56  0.52
-12.55  0.44
-12.54  0.48
-12.53  0.44
-12.52  0.44
-12.51  0.44
-12.5  0.44
-12.49  0.52
-12.48  0.32
-12.47  0.44
-12.46  0.4
-12.45  0.4
-12.44  0.4
-12.43  0.36
-12.42  0.44
-12.41  0.28
-12.4  0.44
-12.39  0.36
-12.38  0.36
-12.37  0.36
-12.36  0.48
-12.35  0.48
-12.34  0.32
-12.33  0.44
-12.32  0.44
-12.31  0.52
-12.3  0.36
-12.29  0.56
-12.28  0.44
-12.27  0.6
-12.26  0.52
-12.25  0.6
-12.24  0.52
-12.23  0.6
-12.22  0.6
-12.21  0.56
-12.2  0.72
-12.19  0.76
-12.18  0.8
-12.17  0.76
-12.16  0.84
-12.15  0.84
-12.14  1
-12.13  1.04
-12.12  1.04
-12.11  1.24
-12.1  1.28
-12.09  1.48
-12.08  1.48
-12.07  1.6
-12.06  1.76
-12.05  1.84
-12.04  2.12
-12.03  2.16
-12.02  2.24
-12.01  2.64
-12  2.56
-11.99  2.72
-11.98  2.76
-11.97  2.88
-11.96  3
-11.95  2.76
-11.94  2.76
-11.93  2.68
-11.92  2.48
-11.91  2.48
-11.9  2.32
-11.89  2.24
-11.88  2
-11.87  1.84
-11.86  1.64
-11.85  1.6
-11.84  1.4
-11.83  1.4
-11.82  1.32
-11.81  1.2
-11.8  1.08
-11.79  1.04
-11.78  0.96
-11.77  0.96
-11.76  0.96
-11.75  0.8
-11.74  0.76
-11.73  0.76
-11.72  0.76
-11.71  0.72
-11.7  0.64
-11.69  0.64
-11.68  0.56
-11.67  0.6
-11.66  0.56
-11.65  0.68
-11.64  0.52
-11.63  0.52
-11.62  0.6
-11.61  0.44
-11.6  0.52
-11.59  0.52
-11.58  0.52
-11.57  0.48
-11.56  0.48
-11.55  0.52
-11.54  0.52
-11.53  0.56
-11.52  0.52
-11.51  0.56
-11.5  0.48
-11.49  0.6
-11.48  0.48
-11.47  0.56
-11.46  0.48
-11.45  0.48
-11.44  0.68
-11.43  0.6
-11.42  0.6
-11.41  0.56
-11.4  0.72
-11.39  0.6
-11.38  0.64
-11.37  0.64
-11.36  0.8
-11.35  0.64
-11.34  0.84
-11.33  0.88
-11.32  0.8
-11.31  0.84
-11.3  1
-11.29  1.04
-11.28  0.92
-11.27  1.08
-11.26  1.2
-11.25  1.2
-11.24  1.28
-11.23  1.4
-11.22  1.4
-11.21  1.52
-11.2  1.6
-11.19  1.64
-11.18  1.88
-11.17  1.84
-11.16  1.84
-11.15  2.12
-11.14  2.08
-11.13  2.24
-11.12  2.24
-11.11  2.28
-11.1  2.24
-11.09  2.32
-11.08  2.2
-11.07  2.4
-11.06  2.28
-11.05  2.16
-11.04  2.08
-11.03  1.96
-11.02  2
-11.01  1.8
-11  1.72
-10.99  1.64
-10.98  1.56
-10.97  1.48
-10.96  1.52
-10.95  1.36
-10.94  1.24
-10.93  1.2
-10.92  1.08
-10.91  1.12
-10.9  1.12
-10.89  0.92
-10.88  0.92
-10.87  0.96
-10.86  0.8
-10.85  0.8
-10.84  0.92
-10.83  0.76
-10.82  0.64
-10.81  0.88
-10.8  0.72
-10.79  0.64
-10.78  0.68
-10.77  0.68
-10.76  0.64
-10.75  0.72
-10.74  0.72
-10.73  0.56
-10.72  0.6
-10.71  0.64
-10.7  0.64
-10.69  0.56
-10.68  0.68
-10.67  0.6
-10.66  0.6
-10.65  0.52
-10.64  0.6
-10.63  0.6
-10.62  0.68
-10.61  0.6
-10.6  0.76
-10.59  0.56
-10.58  0.84
-10.57  0.64
-10.56  0.68
-10.55  0.72
-10.54  0.68
-10.53  0.72
-10.52  0.72
-10.51  0.76
-10.5  0.76
-10.49  0.84
-10.48  0.84
-10.47  0.84
-10.46  0.84
-10.45  1
-10.44  1.04
-10.43  1
-10.42  1.08
-10.41  1.08
-10.4  1.2
-10.39  1.2
-10.38  1.24
-10.37  1.28
-10.36  1.32
-10.35  1.4
-10.34  1.4
-10.33  1.64
-10.32  1.52
-10.31  1.72
-10.3  1.72
-10.29  1.72
-10.28  1.84
-10.27  1.88
-10.26  1.88
-10.25  1.96
-10.24  1.88
-10.23  1.96
-10.22  2
-10.21  2.04
-10.2  1.96
-10.19  1.84
-10.18  1.92
-10.17  1.88
-10.16  1.76
-10.15  1.84
-10.14  1.64
-10.13  1.56
-10.12  1.72
-10.11  1.52
-10.1  1.36
-10.09  1.44
-10.08  1.36
-10.07  1.36
-10.06  1.24
-10.05  1.12
-10.04  1.12
-10.03  1.16
-10.02  0.96
-10.01  1.12
-10  0.88
-9.99  0.92
-9.98  0.88
-9.97  0.88
-9.96  0.96
-9.95  0.88
-9.94  0.88
-9.93  0.96
-9.92  0.76
-9.91  0.72
-9.9  0.68
-9.89  0.72
-9.88  0.84
-9.87  0.64
-9.86  0.8
-9.85  0.72
-9.84  0.76
-9.83  0.64
-9.82  0.72
-9.81  0.84
-9.8  0.72
-9.79  0.64
-9.78  0.64
-9.77  0.76
-9.76  0.64
-9.75  0.76
-9.74  0.72
-9.73  0.72
-9.72  0.76
-9.71  0.72
-9.7  0.8
-9.69  0.8
-9.68  0.72
-9.67  0.84
-9.66  0.68
-9.65  0.92
-9.64  0.8
-9.63  1
-9.62  0.96
-9.61  0.88
-9.6  0.96
-9.59  0.92
-9.58  1
-9.57  0.96
-9.56  1.08
-9.55  1.16
-9.54  1.16
-9.53  1.12
-9.52  1.36
-9.51  1.16
-9.5  1.36
-9.49  1.32
-9.48  1.32
-9.47  1.4
-9.46  1.44
-9.45  1.48
-9.44  1.56
-9.43  1.52
-9.42  1.64
-9.41  1.68
-9.4  1.8
-9.39  1.76
-9.38  1.68
-9.37  1.72
-9.36  1.64
-9.35  1.8
-9.34  1.84
-9.33  1.64
-9.32  1.64
-9.31  1.76
-9.3  1.6
-9.29  1.72
-9.28  1.6
-9.27  1.56
-9.26  1.64
-9.25  1.52
-9.24  1.36
-9.23  1.44
-9.22  1.32
-9.21  1.28
-9.2  1.32
-9.19  1.24
-9.18  1.36
-9.17  1.16
-9.16  1.12
-9.15  1.04
-9.14  1.08
-9.13  1.08
-9.12  0.92
-9.11  1.08
-9.1  0.88
-9.09  0.92
-9.08  0.92
-9.07  1.04
-9.06  0.88
-9.05  0.88
-9.04  0.8
-9.03  0.84
-9.02  0.84
-9.01  0.8
-9  0.84
-8.99  0.8
-8.98  0.84
-8.97  0.8
-8.96  0.88
-8.95  0.72
-8.94  0.76
-8.93  0.72
-8.92  0.8
-8.91  0.8
-8.9  0.8
-8.89  0.76
-8.88  0.8
-8.87  0.8
-8.86  1
-8.85  0.8
-8.84  0.84
-8.83  0.84
-8.82  0.76
-8.81  0.8
-8.8  0.96
-8.79  0.8
-8.78  0.8
-8.77  1
-8.76  0.88
-8.75  0.88
-8.74  1.16
-8.73  0.92
-8.72  1
-8.71  1.2
-8.7  0.92
-8.69  1.12
-8.68  1.16
-8.67  1.08
-8.66  1.2
-8.65  1.16
-8.64  1.32
-8.63  1.32
-8.62  1.4
-8.61  1.36
-8.6  1.32
-8.59  1.44
-8.58  1.32
-8.57  1.6
-8.56  1.48
-8.55  1.48
-8.54  1.44
-8.53  1.52
-8.52  1.6
-8.51  1.52
-8.5  1.72
-8.49  1.56
-8.48  1.52
-8.47  1.56
-8.46  1.64
-8.45  1.52
-8.44  1.64
-8.43  1.52
-8.42  1.56
-8.41  1.52
-8.4  1.48
-8.39  1.48
-8.38  1.36
-8.37  1.32
-8.36  1.4
-8.35  1.32
-8.34  1.24
-8.33  1.2
-8.32  1.4
-8.31  1.16
-8.3  1.4
-8.29  1.12
-8.28  1.04
-8.27  1.08
-8.26  1.12
-8.25  1.08
-8.24  1.04
-8.23  0.96
-8.22  0.84
-8.21  1.16
-8.2  0.92
-8.19  0.88
-8.18  1.08
-8.17  0.92
-8.16  0.88
-8.15  0.92
-8.14  0.8
-8.13  0.96
-8.12  0.8
-8.11  1
-8.1  0.84
-8.09  0.84
-8.08  0.8
-8.07  0.8
-8.06  0.92
-8.05  0.84
-8.04  0.88
-8.03  0.76
-8.02  0.92
-8.01  0.92
-8  0.8
-7.99  0.96
-7.98  0.84
-7.97  0.88
-7.96  0.8
-7.95  0.96
-7.94  0.96
-7.93  0.96
-7.92  0.92
-7.91  0.96
-7.9  0.92
-7.89  1
-7.88  1
-7.87  1.04
-7.86  0.92
-7.85  1.12
-7.84  1.2
-7.83  1.08
-7.82  1.04
-7.81  1.08
-7.8  1.08
-7.79  1.16
-7.78  1.32
-7.77  1.16
-7.76  1.24
-7.75  1.32
-7.74  1.44
-7.73  1.28
-7.72  1.28
-7.71  1.44
-7.7  1.36
-7.69  1.4
-7.68  1.44
-7.67  1.52
-7.66  1.56
-7.65  1.4
-7.64  1.36
-7.63  1.56
-7.62  1.44
-7.61  1.6
-7.6  1.36
-7.59  1.44
-7.58  1.52
-7.57  1.44
-7.56  1.44
-7.55  1.4
-7.54  1.4
-7.53  1.44
-7.52  1.36
-7.51  1.4
-7.5  1.32
-7.49  1.32
-7.48  1.32
-7.47  1.2
-7.46  1.4
-7.45  1.24
-7.44  1.32
-7.43  1.04
-7.42  1.16
-7.41  1.12
-7.4  1.24
-7.39  0.96
-7.38  1.12
-7.37  1.04
-7.36  1.04
-7.35  1.08
-7.34  1.08
-7.33  1
-7.32  1.08
-7.31  0.96
-7.3  1.04
-7.29  0.92
-7.28  0.88
-7.27  0.96
-7.26  0.88
-7.25  1.08
-7.24  0.8
-7.23  0.84
-7.22  0.92
-7.21  0.88
-7.2  0.88
-7.19  0.96
-7.18  0.88
-7.17  1.04
-7.16  0.96
-7.15  0.84
-7.14  0.88
-7.13  0.88
-7.12  0.92
-7.11  0.96
-7.1  0.88
-7.09  0.92
-7.08  1.04
-7.07  0.96
-7.06  0.96
-7.05  1.08
-7.04  0.96
-7.03  0.96
-7.02  0.92
-7.01  1.24
-7  1.04
-6.99  1.08
-6.98  1.08
-6.97  1.04
-6.96  1.04
-6.95  1.16
-6.94  1.12
-6.93  1.16
-6.92  1.2
-6.91  1.28
-6.9  1.2
-6.89  1.16
-6.88  1.16
-6.87  1.36
-6.86  1.32
-6.85  1.36
-6.84  1.28
-6.83  1.32
-6.82  1.32
-6.81  1.32
-6.8  1.48
-6.79  1.36
-6.78  1.4
-6.77  1.32
-6.76  1.4
-6.75  1.4
-6.74  1.52
-6.73  1.36
-6.72  1.48
-6.71  1.36
-6.7  1.4
-6.69  1.32
-6.68  1.4
-6.67  1.48
-6.66  1.24
-6.65  1.32
-6.64  1.24
-6.63  1.4
-6.62  1.28
-6.61  1.16
-6.6  1.24
-6.59  1.16
-6.58  1.32
-6.57  1.2
-6.56  1.24
-6.55  1.12
-6.54  1.16
-6.53  1.12
-6.52  1.12
-6.51  1
-6.5  1.2
-6.49  1.08
-6.48  1.12
-6.47  1
-6.46  1.08
-6.45  1
-6.44  1.12
-6.43  0.96
-6.42  1.04
-6.41  0.92
-6.4  1.04
-6.39  0.96
-6.38  0.92
-6.37  0.88
-6.36  1.04
-6.35  0.96
-6.34  0.92
-6.33  1.04
-6.32  0.88
-6.31  1.04
-6.3  0.88
-6.29  0.88
-6.28  0.92
-6.27  1.24
-6.26  0.96
-6.25  0.96
-6.24  0.96
-6.23  0.96
-6.22  0.88
-6.21  1.04
-6.2  0.96
-6.19  0.96
-6.18  1
-6.17  1.04
-6.16  1.08
-6.15  1.08
-6.14  0.96
-6.13  1.04
-6.12  1.04
-6.11  1.16
-6.1  1.08
-6.09  1.12
-6.08  1.32
-6.07  1.16
-6.06  1.04
-6.05  1.32
-6.04  1.16
-6.03  1.16
-6.02  1.2
-6.01  1.24
-6  1.28
-5.99  1.32
-5.98  1.24
-5.97  1.44
-5.96  1.2
-5.95  1.28
-5.94  1.32
-5.93  1.28
-5.92  1.32
-5.91  1.24
-5.9  1.4
-5.89  1.36
-5.88  1.24
-5.87  1.52
-5.86  1.36
-5.85  1.2
-5.84  1.32
-5.83  1.4
-5.82  1.32
-5.81  1.24
-5.8  1.36
-5.79  1.32
-5.78  1.16
-5.77  1.4
-5.76  1.24
-5.75  1.2
-5.74  1.24
-5.73  1.24
-5.72  1.12
-5.71  1.32
-5.7  1.16
-5.69  1.16
-5.68  1.2
-5.67  1.2
-5.66  1.24
-5.65  1.2
-5.64  1.04
-5.63  1.16
-5.62  1.16
-5.61  1
-5.6  1.12
-5.59  0.88
-5.58  1.16
-5.57  0.96
-5.56  1
-5.55  1
-5.54  1.16
-5.53  0.96
-5.52  1.04
-5.51  0.92
-5.5  1
-5.49  1.12
-5.48  0.96
-5.47  0.84
-5.46  1.2
-5.45  0.92
-5.44  1.08
-5.43  0.8
-5.42  1.08
-5.41  1
-5.4  0.88
-5.39  1.08
-5.38  1.04
-5.37  1.12
-5.36  0.96
-5.35  1.04
-5.34  1
-5.33  0.96
-5.32  1
-5.31  1.24
-5.3  1
-5.29  1
-5.28  1.2
-5.27  1
-5.26  1.04
-5.25  1.28
-5.24  1
-5.23  1.08
-5.22  1.12
-5.21  1.12
-5.2  1.16
-5.19  1.16
-5.18  1.12
-5.17  1.2
-5.16  1.12
-5.15  1.28
-5.14  1.24
-5.13  1.12
-5.12  1.2
-5.11  1.32
-5.1  1.28
-5.09  1.2
-5.08  1.36
-5.07  1.24
-5.06  1.24
-5.05  1.4
-5.04  1.24
-5.03  1.36
-5.02  1.24
-5.01  1.24
-5  1.28
-4.99  1.28
-4.98  1.32
-4.97  1.36
-4.96  1.28
-4.95  1.32
-4.94  1.24
-4.93  1.28
-4.92  1.44
-4.91  1.08
-4.9  1.24
-4.89  1.24
-4.88  1.16
-4.87  1.24
-4.86  1.28
-4.85  1.16
-4.84  1.24
-4.83  1.24
-4.82  1.16
-4.81  1.04
-4.8  1.12
-4.79  1.16
-4.78  1.24
-4.77  1.08
-4.76  1.24
-4.75  1.16
-4.74  1
-4.73  1.12
-4.72  1.2
-4.71  1
-4.7  1
-4.69  0.96
-4.68  1.12
-4.67  1.04
-4.66  1
-4.65  1.16
-4.64  1.08
-4.63  1.04
-4.62  1
-4.61  1.08
-4.6  0.92
-4.59  1.08
-4.58  0.96
-4.57  1
-4.56  1
-4.55  1.08
-4.54  1.04
-4.53  1.04
-4.52  1
-4.51  1.12
-4.5  1
-4.49  1.12
-4.48  0.96
-4.47  1
-4.46  1.16
-4.45  0.96
-4.44  1.08
-4.43  1.04
-4.42  1.04
-4.41  1.12
-4.4  1.12
-4.39  1
-4.38  1.2
-4.37  1.12
-4.36  1.16
-4.35  1.08
-4.34  1.08
-4.33  1.12
-4.32  1.28
-4.31  1.12
-4.3  1.2
-4.29  1.2
-4.28  1.16
-4.27  1.12
-4.26  1.24
-4.25  1.24
-4.24  1.32
-4.23  1.16
-4.22  1.28
-4.21  1.16
-4.2  1.24
-4.19  1.44
-4.18  1.28
-4.17  1.12
-4.16  1.32
-4.15  1.2
-4.14  1.28
-4.13  1.24
-4.12  1.24
-4.11  1.28
-4.1  1.28
-4.09  1.16
-4.08  1.28
-4.07  1.28
-4.06  1.24
-4.05  1.16
-4.04  1.2
-4.03  1.2
-4.02  1.36
-4.01  1.16
-4  1.2
-3.99  1.16
-3.98  1.36
-3.97  1.24
-3.96  1.12
-3.95  1.12
-3.94  1.2
-3.93  1.12
-3.92  1.16
-3.91  1.16
-3.9  1.08
-3.89  1.16
-3.88  1.16
-3.87  1.16
-3.86  1.16
-3.85  1.08
-3.84  1
-3.83  1.12
-3.82  1.04
-3.81  1.2
-3.8  0.92
-3.79  1.08
-3.78  1.04
-3.77  1.04
-3.76  1.08
-3.75  1.12
-3.74  1.04
-3.73  0.96
-3.72  1.04
-3.71  1.08
-3.7  1
-3.69  1
-3.68  1.04
-3.67  1.16
-3.66  0.92
-3.65  1.12
-3.64  1
-3.63  1.08
-3.62  1.08
-3.61  1.16
-3.6  1.16
-3.59  1
-3.58  1.08
-3.57  1.08
-3.56  0.96
-3.55  1.24
-3.54  1.04
-3.53  1.2
-3.52  1.12
-3.51  1.08
-3.5  1.24
-3.49  1.04
-3.48  1.08
-3.47  1.04
-3.46  1.12
-3.45  1.16
-3.44  1.04
-3.43  1.32
-3.42  1.28
-3.41  1.16
-3.4  1.24
-3.39  1.24
-3.38  1.16
-3.37  1.24
-3.36  1.12
-3.35  1.16
-3.34  1.28
-3.33  1.16
-3.32  1.2
-3.31  1.32
-3.3  1.24
-3.29  1.32
-3.28  1.08
-3.27  1.24
-3.26  1.32
-3.25  1.08
-3.24  1.2
-3.23  1.4
-3.22  1.12
-3.21  1.28
-3.2  1.12
-3.19  1.32
-3.18  1.16
-3.17  1.24
-3.16  1.28
-3.15  1.24
-3.14  1.16
-3.13  1.32
-3.12  1.24
-3.11  1.08
-3.1  1.2
-3.09  1.04
-3.08  1.24
-3.07  1.04
-3.06  1.2
-3.05  1.24
-3.04  1.12
-3.03  1.12
-3.02  1.16
-3.01  1.12
-3  1.16
-2.99  1
-2.98  1.04
-2.97  1.16
-2.96  1.12
-2.95  1.12
-2.94  0.96
-2.93  1.04
-2.92  1.12
-2.91  1.04
-2.9  1.24
-2.89  1.08
-2.88  1
-2.87  1.12
-2.86  1.16
-2.85  1.04
-2.84  1
-2.83  1.12
-2.82  1
-2.81  1.12
-2.8  1
-2.79  1.12
-2.78  0.96
-2.77  1.12
-2.76  1.16
-2.75  1.12
-2.74  0.96
-2.73  1.08
-2.72  1
-2.71  1.28
-2.7  1
-2.69  1.12
-2.68  1.12
-2.67  1.2
-2.66  1.08
-2.65  1.12
-2.64  1.12
-2.63  1.16
-2.62  1.16
-2.61  1.04
-2.6  1.12
-2.59  1.2
-2.58  1.12
-2.57  1.12
-2.56  1.16
-2.55  1.28
-2.54  1.04
-2.53  1.2
-2.52  1.12
-2.51  1.36
-2.5  1.2
-2.49  1.08
-2.48  1.36
-2.47  1.2
-2.46  1.04
-2.45  1.24
-2.44  1.16
-2.43  1.36
-2.42  1.28
-2.41  1.12
-2.4  1.24
-2.39  1.2
-2.38  1.28
-2.37  1.28
-2.36  1.08
-2.35  1.28
-2.34  1.16
-2.33  1.16
-2.32  1.24
-2.31  1.24
-2.3  1.16
-2.29  1.16
-2.28  1.2
-2.27  1.16
-2.26  1.04
-2.25  1.36
-2.24  1.24
-2.23  1.24
-2.22  1.08
-2.21  1.08
-2.2  1.24
-2.19  1.16
-2.18  1.08
-2.17  1.04
-2.16  1.2
-2.15  1.08
-2.14  1.12
-2.13  1.2
-2.12  1.08
-2.11  1.24
-2.1  1.04
-2.09  1.2
-2.08  1.04
-2.07  1.16
-2.06  1.2
-2.05  1.08
-2.04  1.16
-2.03  1.12
-2.02  0.92
-2.01  1.12
-2  1.04
-1.99  1.08
-1.98  1.08
-1.97  1.08
-1.96  1.04
-1.95  1.12
-1.94  1
-1.93  1.16
-1.92  1.04
-1.91  1.2
-1.9  0.92
-1.89  1.08
-1.88  1
-1.87  1.24
-1.86  1.12
-1.85  1.16
-1.84  1.04
-1.83  1.04
-1.82  1.2
-1.81  1.04
-1.8  1.16
-1.79  1.12
-1.78  1.12
-1.77  1.2
-1.76  1
-1.75  1.28
-1.74  1.16
-1.73  1.12
-1.72  1.16
-1.71  1.12
-1.7  1.24
-1.69  1.08
-1.68  1.08
-1.67  1.16
-1.66  1.32
-1.65  1.12
-1.64  1.2
-1.63  1.08
-1.62  1.24
-1.61  1.12
-1.6  1.16
-1.59  1.12
-1.58  1.44
-1.57  1.2
-1.56  1.08
-1.55  1.24
-1.54  1.16
-1.53  1.2
-1.52  1.16
-1.51  1.28
-1.5  1.16
-1.49  1.08
-1.48  1.28
-1.47  1.2
-1.46  1.28
-1.45  1.2
-1.44  1.2
-1.43  1.2
-1.42  1.24
-1.41  1.12
-1.4  1.16
-1.39  1.16
-1.38  1.12
-1.37  1.16
-1.36  1.08
-1.35  1.2
-1.34  1.16
-1.33  1.24
-1.32  1.16
-1.31  1.2
-1.3  1.08
-1.29  1
-1.28  1.24
-1.27  1.24
-1.26  1.12
-1.25  1.12
-1.24  1.04
-1.23  1.2
-1.22  1
-1.21  1.08
-1.2  1.28
-1.19  1.04
-1.18  1.12
-1.17  0.96
-1.16  1.2
-1.15  1.08
-1.14  1.12
-1.13  1
-1.12  1.2
-1.11  1.08
-1.1  1.04
-1.09  1.2
-1.08  1.12
-1.07  1.12
-1.06  1.04
-1.05  1.04
-1.04  1.16
-1.03  1.08
-1.02  1
-1.01  1.08
-1  1
-0.99  1.12
-0.98  1.24
-0.97  1.16
-0.96  1.08
-0.95  1.16
-0.94  1.08
-0.93  1.24
-0.92  1.08
-0.91  1.08
-0.9  1.24
-0.89  1.12
-0.88  1.12
-0.87  1.2
-0.86  1.08
-0.85  1.16
-0.84  1.08
-0.83  1.16
-0.82  1.2
-0.81  1.08
-0.8  1.28
-0.79  1.04
-0.78  1.32
-0.77  1.08
-0.76  1.16
-0.75  1.16
-0.74  1.16
-0.73  1.16
-0.72  1.2
-0.71  1.2
-0.7  1.16
-0.69  1.24
-0.68  1.16
-0.67  1.12
-0.66  1.2
-0.65  1.24
-0.64  1.16
-0.63  1.24
-0.62  1.12
-0.61  1.28
-0.6  1.2
-0.59  1.16
-0.58  1.28
-0.57  1.08
-0.56  1.12
-0.55  1.12
-0.54  1.28
-0.53  1.2
-0.52  1.28
-0.51  1.04
-0.5  1.12
-0.49  1.2
-0.48  1.24
-0.47  1.08
-0.46  1.16
-0.45  1.28
-0.44  1.04
-0.43  1.16
-0.42  1.2
-0.41  1.2
-0.4  0.96
-0.39  1.12
-0.38  1.16
-0.37  1.12
-0.36  1.12
-0.35  1.08
-0.34  1.2
-0.33  1
-0.32  1.04
-0.31  1.28
-0.3  1.04
-0.29  1.08
-0.28  1.16
-0.27  1.12
-0.26  1.16
-0.25  1.16
-0.24  1.04
-0.23  1.08
-0.22  1.04
-0.21  1.24
-0.2  1.08
-0.19  1.12
-0.18  1.16
-0.17  1.12
-0.16  1.04
-0.15  1.08
-0.14  1.08
-0.13  1.12
-0.12  1.16
-0.11  1
-0.1  1.16
-0.09  1.24
-0.08  1.08
-0.07  1.16
-0.06  1
-0.05  1.12
-0.04  1.2
-0.03  1.12
-0.02  1.32
-0.01  1.04
-2.16197e-11  1.16
0.0001  0
0.0101  1.08
0.0201  1.14
0.0301  1.18
0.0401  1.09
0.0501  1.08
0.0601  1.37
0.0701  1.21
0.0801  1.08
0.0901  1.15
0.1001  1.25
0.1101  1.35
0.1201  1.24
0.1301  1.38
0.1401  1.46
0.1501  1.54
0.1601  1.39
0.1701  1.49
0.1801  1.49
0.1901  1.49
0.2001  1.47
0.2101  1.68
0.2201  1.77
0.2301  1.73
0.2401  1.79
0.2501  1.63
0.2601  1.63
0.2701  1.65
0.2801  1.73
0.2901  1.77
0.3001  1.84
0.3101  1.67
0.3201  1.69
0.3301  1.76
0.3401  1.61
0.3501  1.6
0.3601  1.61
0.3701  1.78
0.3801  1.87
0.3901  1.74
0.4001  1.76
0.4101  1.98
0.4201  1.83
0.4301  1.87
0.4401  1.98
0.4501  2.04
0.4601  1.92
0.4701  1.97
0.4801  1.87
0.4901  1.85
0.5001  2.2
0.5101  1.96
0.5201  1.96
0.5301  1.63
0.5401  2.02
0.5501  1.86
0.5601  1.92
0.5701  2.38
0.5801  1.88
0.5901  1.98
0.6001  1.75
0.6101  1.95
0.6201  1.9
0.6301  1.76
0.6401  1.89
0.6501  1.76
0.6601  1.77
0.6701  1.75
0.6801  1.75
0.6901  1.69
0.7001  1.8
0.7101  1.65
0.7201  1.72
0.7301  1.81
0.7401  1.55
0.7501  1.78
0.7601  1.5
0.7701  1.56
0.7801  1.91
0.7901  1.45
0.8001  1.65
0.8101  1.44
0.8201  1.81
0.8301  1.67
0.8401  1.74
0.8501  1.47
0.8601  1.56
0.8701  1.73
0.8801  1.64
0.8901  1.74
0.9001  1.59
0.9101  1.72
0.9201  1.66
0.9301  1.62
0.9401  1.71
0.9501  1.51
0.9601  1.43
0.9701  1.47
0.9801  1.61
0.9901  1.59
1.0001  1.46
1.0101  1.41
1.0201  1.78
1.0301  1.56
1.0401  1.45
1.0501  1.84
1.0601  1.5
1.0701  1.54
1.0801  1.7
1.0901  1.44
1.1001  1.54
1.1101  1.71
1.1201  1.35
1.1301  1.66
1.1401  1.59
1.1501  1.63
1.1601  1.58
1.1701  1.63
1.1801  1.65
1.1901  1.65
1.2001  1.88
1.2101  1.61
1.2201  1.65
1.2301  1.62
1.2401  1.6
1.2501  1.87
1.2601  1.56
1.2701  1.99
1.2801  1.65
1.2901  1.64
1.3001  1.86
1.3101  1.89
1.3201  1.79
1.3301  1.66
1.3401  1.91
1.3501  1.55
1.3601  1.9
1.3701  1.88
1.3801  1.91
1.3901  1.82
1.4001  1.83
1.4101  1.89
1.4201  1.94
1.4301  1.73
1.4401  1.99
1.4501  1.82
1.4601  1.72
1.4701  2.12
1.4801  2.02
1.4901  2.1
1.5001  1.99
1.5101  1.57
1.5201  2.09
1.5301  1.92
1.5401  1.95
1.5501  2
1.5601  1.77
1.5701  1.88
1.5801  1.8
1.5901  1.66
1.6001  1.94
1.6101  2.1
1.6201  2
1.6301  1.81
1.6401  2.05
1.6501  1.74
1.6601  1.83
1.6701  1.92
1.6801  1.65
1.6901  1.96
1.7001  1.46
1.7101  1.73
1.7201  1.84
1.7301  1.64
1.7401  1.57
1.7501  1.74
1.7601  1.51
1.7701  1.51
1.7801  1.67
1.7901  1.78
1.8001  1.79
1.8101  1.6
1.8201  1.79
1.8301  1.56
1.8401  1.65
1.8501  1.78
1.8601  1.49
1.8701  1.83
1.8801  1.83
1.8901  1.72
1.9001  1.46
1.9101  1.67
1.9201  1.45
1.9301  2.01
1.9401  1.67
1.9501  1.58
1.9601  1.57
1.9701  1.74
1.9801  1.76
1.9901  1.66
2.0001  1.79
2.0101  1.54
2.0201  1.65
2.0301  1.67
2.0401  1.73
2.0501  1.75
2.0601  1.42
2.0701  1.77
2.0801  1.59
2.0901  1.82
2.1001  1.73
2.1101  1.68
2.1201  1.8
2.1301  1.83
2.1401  1.9
2.1501  1.91
2.1601  1.56
2.1701  1.79
2.1801  1.6
2.1901  1.82
2.2001  1.85
2.2101  1.79
2.2201  1.79
2.2301  1.62
2.2401  1.73
2.2501  1.86
2.2601  1.77
2.2701  1.75
2.2801  1.68
2.2901  1.57
2.3001  1.9
2.3101  1.92
2.3201  2.01
2.3301  1.76
2.3401  1.67
2.3501  1.96
2.3601  1.77
2.3701  1.82
2.3801  1.81
2.3901  1.86
2.4001  1.98
2.4101  1.81
2.4201  1.87
2.4301  1.92
2.4401  1.96
2.4501  1.97
2.4601  1.92
2.4701  1.89
2.4801  1.82
2.4901  1.61
2.5001  1.82
2.5101  1.72
2.5201  2
2.5301  1.97
2.5401  1.81
2.5501  1.89
2.5601  1.84
2.5701  2.09
2.5801  1.95
2.5901  1.69
2.6001  1.82
2.6101  1.64
2.6201  1.82
2.6301  1.49
2.6401  1.63
2.6501  2.02
2.6601  1.94
2.6701  1.95
2.6801  1.87
2.6901  1.78
2.7001  1.76
2.7101  1.95
2.7201  1.61
2.7301  1.74
2.7401  1.92
2.7501  1.7
2.7601  1.95
2.7701  1.75
2.7801  1.51
2.7901  1.7
2.8001  1.38
2.8101  1.78
2.8201  1.55
2.8301  1.69
2.8401  1.61
2.8501  1.58
2.8601  1.73
2.8701  1.82
2.8801  1.68
2.8901  1.66
2.9001  1.86
2.9101  1.59
2.9201  1.53
2.9301  1.67
2.9401  1.73
2.9501  2.01
2.9601  1.78
2.9701  1.78
2.9801  1.62
2.9901  1.49
3.0001  1.51
3.0101  1.8
3.0201  1.77
3.0301  1.83
3.0401  1.7
3.0501  1.71
3.0601  1.59
3.0701  1.86
3.0801  1.79
3.0901  2.02
3.1001  1.84
3.1101  1.62
3.1201  1.83
3.1301  1.86
3.1401  1.64
3.1501  1.79
3.1601  1.76
3.1701  1.71
3.1801  1.73
3.1901  1.75
3.2001  1.92
3.2101  1.81
3.2201  1.81
3.2301  2.03
3.2401  2.09
3.2501  1.88
3.2601  1.8
3.2701  1.98
3.2801  1.76
3.2901  1.65
3.3001  1.76
3.3101  1.93
3.3201  1.62
3.3301  1.9
3.3401  1.9
3.3501  1.48
3.3601  1.94
3.3701  1.8
3.3801  1.95
3.3901  2
3.4001  1.72
3.4101  1.89
3.4201  1.81
3.4301  1.82
3.4401  1.78
3.4501  1.64
3.4601  1.94
3.4701  1.88
3.4801  2.02
3.4901  1.73
3.5001  1.82
3.5101  1.66
3.5201  1.9
3.5301  1.71
3.5401  1.73
3.5501  1.79
3.5601  1.71
3.5701  1.79
3.5801  1.91
3.5901  1.75
3.6001  1.74
3.6101  1.71
3.6201  1.78
3.6301  1.97
3.6401  1.97
3.6501  1.7
3.6601  1.77
3.6701  1.53
3.6801  1.65
3.6901  1.68
3.7001  1.89
3.7101  1.68
3.7201  1.61
3.7301  1.58
3.7401  1.8
3.7501  1.74
3.7601  1.73
3.7701  1.92
3.7801  1.73
3.7901  1.61
3.8001  1.75
3.8101  1.61
3.8201  1.82
3.8301  1.8
3.8401  1.4
3.8501  1.76
3.8601  1.92
3.8701  1.7
3.8801  1.66
3.8901  1.54
3.9001  1.73
3.9101  1.81
3.9201  1.8
3.9301  1.71
3.9401  1.93
3.9501  1.82
3.9601  1.73
3.9701  1.75
3.9801  1.66
3.9901  1.78
4.0001  1.68
4.0101  1.64
4.0201  1.92
4.0301  1.88
4.0401  1.6
4.0501  1.78
4.0601  1.75
4.0701  2
4.0801  1.8
4.0901  1.93
4.1001  1.75
4.1101  1.71
4.1201  1.78
4.1301  1.91
4.1401  1.9
4.1501  1.75
4.1601  1.81
4.1701  1.36
4.1801  1.86
4.1901  1.92
4.2001  1.79
4.2101  1.64
4.2201  1.71
4.2301  1.85
4.2401  1.96
4.2501  1.71
4.2601  1.68
4.2701  1.77
4.2801  1.81
4.2901  1.81
4.3001  1.74
4.3101  2.07
4.3201  1.68
4.3301  1.95
4.3401  1.83
4.3501  1.83
4.3601  1.7
4.3701  2.02
4.3801  1.92
4.3901  1.72
4.4001  1.72
4.4101  1.6
4.4201  1.77
4.4301  1.79
4.4401  2.1
4.4501  1.71
4.4601  1.85
4.4701  1.76
4.4801  1.86
4.4901  1.72
4.5001  1.78
4.5101  1.65
4.5201  1.67
4.5301  1.76
4.5401  1.82
4.5501  1.95
4.5601  1.43
4.5701  1.96
4.5801  1.88
4.5901  1.8
4.6001  1.83
4.6101  1.89
4.6201  1.68
4.6301  1.9
4.6401  1.7
4.6501  1.56
4.6601  1.7
4.6701  1.76
4.6801  1.65
4.6901  1.71
4.7001  1.76
4.7101  1.82
4.7201  1.71
4.7301  1.67
4.7401  1.49
4.7501  1.62
4.7601  1.75
4.7701  1.86
4.7801  1.65
4.7901  1.79
4.8001  1.74
4.8101  1.63
4.8201  1.89
4.8301  1.74
4.8401  1.65
4.8501  1.82
4.8601  1.65
4.8701  1.81
4.8801  1.66
4.8901  1.73
4.9001  1.76
4.9101  2.08
4.9201  1.95
4.9301  1.89
4.9401  1.65
4.9501  1.73
4.9601  1.67
4.9701  1.39
4.9801  1.66
4.9901  1.69
5.0001  1.86
5.0101  1.66
5.0201  1.75
5.0301  1.68
5.0401  1.83
5.0501  1.98
5.0601  1.83
5.0701  1.91
5.0801  1.8
5.0901  1.64
5.1001  1.62
5.1101  1.62
5.1201  2
5.1301  1.5
5.1401  1.98
5.1501  1.63
5.1601  1.85
5.1701  1.99
5.1801  1.55
5.1901  1.73
5.2001  1.81
5.2101  1.53
5.2201  1.97
5.2301  1.67
5.2401  1.88
5.2501  1.76
5.2601  1.69
5.2701  1.9
5.2801  1.8
5.2901  1.77
5.3001  1.57
5.3101  1.94
5.3201  1.8
5.3301  1.57
5.3401  1.9
5.3501  1.78
5.3601  1.79
5.3701  1.91
5.3801  1.95
5.3901  1.85
5.4001  1.88
5.4101  1.59
5.4201  1.96
5.4301  1.7
5.4401  1.69
5.4501  1.57
5.4601  1.89
5.4701  1.81
5.4801  1.84
5.4901  2
5.5001  1.66
5.5101  1.85
5.5201  1.53
5.5301  1.66
5.5401  1.91
5.5501  1.73
5.5601  1.82
5.5701  1.81
5.5801  2.13
5.5901  1.72
5.6001  1.81
5.6101  1.58
5.6201  1.93
5.6301  1.7
5.6401  1.87
5.6501  1.78
5.6601  1.75
5.6701  1.7
5.6801  1.61
5.6901  1.87
5.7001  1.66
5.7101  1.6
5.7201  1.69
5.7301  1.86
5.7401  1.88
5.7501  1.73
5.7601  1.6
5.7701  1.65
5.7801  1.97
5.7901  1.8
5.8001  1.55
5.8101  1.65
5.8201  1.67
5.8301  1.74
5.8401  1.88
5.8501  1.72
5.8601  1.7
5.8701  1.97
5.8801  1.74
5.8901  1.5
5.9001  2.05
5.9101  1.58
5.9201  1.7
5.9301  1.78
5.9401  1.84
5.9501  1.4
5.9601  1.95
5.9701  1.76
5.9801  1.86
5.9901  1.8
6.0001  1.93
6.0101  1.63
6.0201  1.81
6.0301  1.98
6.0401  1.64
6.0501  1.89
6.0601  1.78
6.0701  1.77
6.0801  1.66
6.0901  1.78
6.1001  1.8
6.1101  1.54
6.1201  1.68
6.1301  1.87
6.1401  1.69
6.1501  1.83
6.1601  1.9
6.1701  2.11
6.1801  1.83
6.1901  1.73
6.2001  1.92
6.2101  1.98
6.2201  1.77
6.2301  1.62
6.2401  2.03
6.2501  1.83
6.2601  1.58
6.2701  1.8
6.2801  1.93
6.2901  1.84
6.3001  1.85
6.3101  1.76
6.3201  2.24
6.3301  1.75
6.3401  1.71
6.3501  1.64
6.3601  1.91
6.3701  1.87
6.3801  1.83
6.3901  1.8
6.4001  1.91
6.4101  1.77
6.4201  1.68
6.4301  1.76
6.4401  1.7
6.4501  1.79
6.4601  1.93
6.4701  1.74
6.4801  1.88
6.4901  1.77
6.5001  1.84
6.5101  1.65
6.5201  1.9
6.5301  1.62
6.5401  1.67
6.5501  1.85
6.5601  1.82
6.5701  1.7
6.5801  1.72
6.5901  1.99
6.6001  1.8
6.6101  1.66
6.6201  1.77
6.6301  1.95
6.6401  1.94
6.6501  1.79
6.6601  1.61
6.6701  1.64
6.6801  1.55
6.6901  1.82
6.7001  1.78
6.7101  1.81
6.7201  1.84
6.7301  1.64
6.7401  1.64
6.7501  1.88
6.7601  1.52
6.7701  1.66
6.7801  1.57
6.7901  1.55
6.8001  1.87
6.8101  1.8
6.8201  1.62
6.8301  1.95
6.8401  1.73
6.8501  1.81
6.8601  1.72
6.8701  1.71
6.8801  1.6
6.8901  1.87
6.9001  1.72
6.9101  1.71
6.9201  1.93
6.9301  1.77
6.9401  1.79
6.9501  1.85
6.9601  1.65
6.9701  1.63
6.9801  1.67
6.9901  1.66
7.0001  1.76
7.0101  1.64
7.0201  1.94
7.0301  1.81
7.0401  1.73
7.0501  1.59
7.0601  1.62
7.0701  1.55
7.0801  1.93
7.0901  1.83
7.1001  1.9
7.1101  1.64
7.1201  1.8
7.1301  1.75
7.1401  1.98
7.1501  1.59
7.1601  2.14
7.1701  1.76
7.1801  1.73
7.1901  1.79
7.2001  1.85
7.2101  1.52
7.2201  1.68
7.2301  1.8
7.2401  1.88
7.2501  1.92
7.2601  2
7.2701  1.75
7.2801  1.87
7.2901  1.96
7.3001  1.85
7.3101  1.88
7.3201  1.85
7.3301  1.75
7.3401  1.66
7.3501  1.83
7.3601  1.67
7.3701  1.92
7.3801  1.66
7.3901  1.76
7.4001  1.81
7.4101  1.75
7.4201  1.75
7.4301  1.81
7.4401  1.83
7.4501  2
7.4601  1.79
7.4701  1.65
7.4801  1.92
7.4901  1.7
7.5001  1.84
7.5101  1.92
7.5201  1.95
7.5301  1.69
7.5401  1.84
7.5501  1.74
7.5601  1.68
7.5701  1.65
7.5801  1.75
7.5901  1.79
7.6001  1.83
7.6101  1.81
7.6201  1.69
7.6301  1.53
7.6401  1.8
7.6501  1.64
7.6601  1.55
7.6701  1.56
7.6801  1.68
7.6901  1.72
7.7001  1.65
7.7101  1.73
7.7201  1.66
7.7301  1.69
7.7401  1.85
7.7501  1.6
7.7601  1.66
7.7701  1.59
7.7801  1.76
7.7901  1.66
7.8001  1.96
7.8101  1.91
7.8201  1.62
7.8301  1.91
7.8401  1.58
7.8501  1.71
7.8601  1.73
7.8701  1.82
7.8801  1.78
7.8901  1.76
7.9001  1.63
7.9101  1.4
7.9201  1.97
7.9301  1.64
7.9401  1.79
7.9501  1.51
7.9601  1.86
7.9701  1.84
7.9801  2.01
7.9901  1.72
8.0001  1.91
8.0101  1.83
8.0201  1.58
8.0301  1.82
8.0401  1.89
8.0501  1.73
8.0601  1.71
8.0701  1.65
8.0801  1.88
8.0901  1.72
8.1001  1.85
8.1101  1.75
8.1201  1.96
8.1301  1.91
8.1401  1.71
8.1501  1.69
8.1601  1.8
8.1701  1.89
8.1801  1.94
8.1901  1.53
8.2001  1.71
8.2101  1.7
8.2201  1.78
8.2301  1.72
8.2401  1.75
8.2501  1.74
8.2601  1.61
8.2701  1.79
8.2801  2.03
8.2901  1.83
8.3001  1.6
8.3101  1.93
8.3201  1.8
8.3301  1.68
8.3401  1.79
8.3501  1.79
8.3601  1.83
8.3701  1.84
8.3801  1.68
8.3901  1.53
8.4001  1.87
8.4101  1.87
8.4201  1.76
8.4301  1.7
8.4401  1.73
8.4501  1.76
8.4601  1.77
8.4701  1.78
8.4801  1.74
8.4901  1.89
8.5001  1.82
8.5101  1.9
8.5201  1.69
8.5301  1.54
8.5401  2.01
8.5501  1.82
8.5601  1.67
8.5701  1.67
8.5801  2
8.5901  1.44
8.6001  1.77
8.6101  1.95
8.6201  1.49
8.6301  1.53
8.6401  1.78
8.6501  1.59
8.6601  1.93
8.6701  1.89
8.6801  1.75
8.6901  1.94
8.7001  1.85
8.7101  1.73
8.7201  1.65
8.7301  1.65
8.7401  1.7
8.7501  1.47
8.7601  1.81
8.7701  1.77
8.7801  1.98
8.7901  1.68
8.8001  1.75
8.8101  1.67
8.8201  1.61
8.8301  1.82
8.8401  1.68
8.8501  1.92
8.8601  1.78
8.8701  1.48
8.8801  1.91
8.8901  1.63
8.9001  1.79
8.9101  1.62
8.9201  1.8
8.9301  1.72
8.9401  1.61
8.9501  1.84
8.9601  1.87
8.9701  1.8
8.9801  1.58
8.9901  2
9.0001  1.63
9.0101  1.61
9.0201  1.86
9.0301  1.74
9.0401  1.81
9.0501  1.95
9.0601  1.54
9.0701  1.83
9.0801  1.95
9.0901  1.72
9.1001  1.69
9.1101  1.93
9.1201  1.93
9.1301  1.81
9.1401  1.98
9.1501  1.71
9.1601  1.78
9.1701  1.73
9.1801  1.73
9.1901  1.89
9.2001  1.68
9.2101  1.67
9.2201  1.84
9.2301  1.71
9.2401  1.75
9.2501  1.7
9.2601  1.41
9.2701  2.01
9.2801  1.92
9.2901  2.1
9.3001  1.69
9.3101  1.79
9.3201  1.87
9.3301  2.01
9.3401  1.87
9.3501  1.9
9.3601  1.89
9.3701  1.5
9.3801  1.91
9.3901  1.69
9.4001  1.96
9.4101  1.65
9.4201  1.81
9.4301  1.6
9.4401  1.86
9.4501  1.73
9.4601  1.81
9.4701  1.75
9.4801  1.76
9.4901  1.85
9.5001  1.53
9.5101  1.63
9.5201  1.76
9.5301  1.87
9.5401  1.79
9.5501  1.73
9.5601  1.8
9.5701  1.81
9.5801  1.8
9.5901  1.88
9.6001  1.69
9.6101  1.86
9.6201  1.75
9.6301  1.67
9.6401  1.95
9.6501  1.72
9.6601  1.76
9.6701  1.85
9.6801  1.53
9.6901  1.88
9.7001  1.69
9.7101  1.61
9.7201  1.78
9.7301  1.82
9.7401  1.58
9.7501  1.69
9.7601  1.71
9.7701  1.78
9.7801  1.57
9.7901  1.81
9.8001  1.7
9.8101  1.78
9.8201  1.61
9.8301  1.92
9.8401  2.13
9.8501  1.83
9.8601  1.8
9.8701  1.64
9.8801  1.67
9.8901  1.78
9.9001  1.84
9.9101  1.71
9.9201  1.62
9.9301  1.89
9.9401  1.66
9.9501  1.83
9.9601  1.77
9.9701  1.98
9.9801  1.84
9.9901  1.78
10.0001  1.83
10.0101  1.91
10.0201  1.86
10.0301  1.92
10.0401  1.93
10.0501  1.65
10.0601  1.61
10.0701  1.73
10.0801  1.63
10.0901  1.95
10.1001  1.7
10.1101  1.75
10.1201  1.99
10.1301  1.8
10.1401  1.82
10.1501  1.86
10.1601  1.62
10.1701  1.72
10.1801  1.64
10.1901  2.06
10.2001  1.94
10.2101  1.67
10.2201  1.8
10.2301  1.73
10.2401  1.99
10.2501  1.8
10.2601  1.86
10.2701  1.86
10.2801  1.63
10.2901  2.02
10.3001  1.69
10.3101  1.77
10.3201  1.8
10.3301  1.45
10.3401  1.79
10.3501  1.53
10.3601  1.67
10.3701  2.02
10.3801  1.86
10.3901  1.53
10.4001  1.94
10.4101  1.76
10.4201  1.82
10.4301  1.72
10.4401  1.55
10.4501  2.01
10.4601  1.68
10.4701  1.81
10.4801  1.71
10.4901  1.72
10.5001  1.78
10.5101  1.78
10.5201  2.03
10.5301  1.68
10.5401  1.82
10.5501  1.77
10.5601  1.67
10.5701  1.87
10.5801  1.76
10.5901  1.65
10.6001  1.86
10.6101  1.68
10.6201  1.64
10.6301  1.81
10.6401  1.94
10.6501  1.8
10.6601  1.89
10.6701  1.79
10.6801  1.71
10.6901  1.9
10.7001  1.82
10.7101  1.63
10.7201  1.76
10.7301  2.03
10.7401  1.73
10.7501  1.89
10.7601  1.6
10.7701  1.97
10.7801  1.91
10.7901  1.81
10.8001  1.73
10.8101  1.86
10.8201  1.77
10.8301  1.98
10.8401  1.61
10.8501  1.66
10.8601  1.63
10.8701  1.88
10.8801  1.97
10.8901  1.87
10.9001  1.76
10.9101  1.59
10.9201  1.85
10.9301  1.71
10.9401  1.75
10.9501  1.72
10.9601  1.62
10.9701  1.83
10.9801  1.99
10.9901  1.73
11.0001  1.71
11.0101  1.94
11.0201  1.88
11.0301  1.62
11.0401  1.59
11.0501  1.9
11.0601  1.96
11.0701  1.68
11.0801  1.76
11.0901  1.87
11.1001  1.69
11.1101  1.67
11.1201  2.03
11.1301  1.76
11.1401  1.85
11.1501  1.68
11.1601  1.75
11.1701  1.7
11.1801  1.62
11.1901  1.76
11.2001  1.77
11.2101  1.66
11.2201  1.89
11.2301  1.84
11.2401  1.75
11.2501  1.76
11.2601  1.7
11.2701  1.86
11.2801  2.04
11.2901  1.72
11.3001  1.71
11.3101  1.83
11.3201  2
11.3301  1.68
11.3401  1.83
11.3501  1.6
11.3601  1.78
11.3701  1.88
11.3801  1.84
11.3901  1.72
11.4001  1.73
11.4101  1.96
11.4201  1.59
11.4301  1.84
11.4401  1.54
11.4501  1.87
11.4601  1.71
11.4701  1.93
11.4801  1.61
11.4901  1.85
11.5001  1.79
11.5101  1.76
11.5201  1.84
11.5301  1.66
11.5401  1.69
11.5501  1.75
11.5601  1.94
11.5701  1.72
11.5801  2.02
11.5901  1.66
11.6001  1.66
11.6101  1.64
11.6201  1.56
11.6301  1.79
11.6401  1.72
11.6501  1.65
11.6601  1.77
11.6701  1.71
11.6801  1.81
11.6901  1.83
11.7001  1.67
11.7101  1.94
11.7201  1.84
11.7301  1.95
11.7401  1.87
11.7501  1.65
11.7601  1.8
11.7701  1.67
11.7801  1.73
11.7901  1.76
11.8001  1.6
11.8101  1.87
11.8201  1.77
11.8301  1.58
11.8401  1.78
11.8501  1.81
11.8601  1.93
11.8701  1.5
11.8801  1.54
11.8901  1.9
11.9001  1.81
11.9101  1.85
11.9201  1.78
11.9301  1.92
11.9401  1.96
11.9501  1.64
11.9601  1.8
11.9701  1.89
11.9801  1.7
11.9901  1.66
12.0001  1.69
12.0101  2.03
12.0201  2.03
12.0301  1.81
12.0401  1.69
12.0501  1.85
12.0601  1.78
12.0701  1.78
12.0801  1.69
12.0901  1.76
12.1001  1.66
12.1101  2.08
12.1201  1.82
12.1301  1.91
12.1401  1.73
12.1501  1.68
12.1601  1.62
12.1701  2.08
12.1801  1.79
12.1901  1.93
12.2001  1.95
12.2101  1.65
12.2201  1.78
12.2301  1.88
12.2401  1.7
12.2501  1.74
12.2601  1.61
12.2701  1.65
12.2801  1.63
12.2901  1.62
12.3001  1.61
12.3101  1.82
12.3201  1.77
12.3301  1.82
12.3401  1.87
12.3501  1.83
12.3601  2.08
12.3701  1.57
12.3801  1.86
12.3901  1.77
12.4001  1.81
12.4101  1.75
12.4201  1.62
12.4301  1.64
12.4401  1.66
12.4501  1.6
12.4601  1.89
12.4701  1.72
12.4801  1.76
12.4901  1.72
12.5001  1.76
12.5101  1.75
12.5201  1.9
12.5301  1.78
12.5401  1.46
12.5501  1.91
12.5601  1.78
12.5701  1.83
12.5801  1.75
12.5901  1.83
12.6001  1.68
12.6101  1.85
12.6201  1.84
12.6301  1.86
12.6401  1.94
12.6501  1.52
12.6601  1.77
12.6701  1.72
12.6801  1.85
12.6901  1.74
12.7001  1.66
12.7101  1.65
12.7201  1.88
12.7301  1.74
12.7401  1.78
12.7501  1.74
12.7601  1.75
12.7701  1.78
12.7801  1.85
12.7901  1.67
12.8001  1.73
12.8101  1.8
12.8201  1.94
12.8301  1.66
12.8401  1.94
12.8501  1.97
12.8601  1.68
12.8701  1.66
12.8801  1.54
12.8901  1.66
12.9001  1.7
12.9101  1.8
12.9201  1.76
12.9301  1.69
12.9401  1.81
12.9501  1.61
12.9601  1.62
12.9701  1.89
12.9801  1.67
12.9901  1.67
13.0001  1.92
13.0101  1.77
13.0201  1.88
13.0301  1.98
13.0401  1.7
13.0501  1.98
13.0601  1.84
13.0701  1.79
13.0801  1.71
13.0901  1.71
13.1001  1.73
13.1101  1.72
13.1201  1.53
13.1301  1.72
13.1401  1.86
13.1501  1.77
13.1601  2.08
13.1701  1.77
13.1801  1.68
13.1901  1.67
13.2001  1.82
13.2101  1.63
13.2201  1.95
13.2301  1.91
13.2401  1.89
13.2501  1.74
13.2601  1.91
13.2701  1.77
13.2801  1.82
13.2901  1.68
13.3001  1.79
13.3101  1.72
13.3201  1.68
13.3301  1.7
13.3401  1.76
13.3501  1.89
13.3601  1.83
13.3701  1.64
13.3801  1.64
13.3901  1.83
13.4001  1.82
13.4101  1.63
13.4201  1.75
13.4301  1.69
13.4401  1.93
13.4501  1.55
13.4601  2.06
13.4701  1.69
13.4801  1.87
13.4901  1.72
13.5001  1.83
13.5101  1.63
13.5201  2.11
13.5301  1.79
13.5401  1.65
13.5501  1.73
13.5601  1.92
13.5701  1.54
13.5801  1.62
13.5901  1.92
13.6001  1.81
13.6101  1.85
13.6201  1.95
13.6301  1.67
13.6401  1.66
13.6501  1.67
13.6601  1.81
13.6701  1.99
13.6801  1.8
13.6901  1.79
13.7001  1.84
13.7101  1.81
13.7201  1.79
13.7301  1.84
13.7401  1.89
13.7501  1.68
13.7601  1.73
13.7701  1.67
13.7801  1.58
13.7901  1.53
13.8001  1.79
13.8101  1.59
13.8201  2.01
13.8301  1.76
13.8401  1.84
13.8501  1.69
13.8601  1.7
13.8701  1.93
13.8801  2.02
13.8901  1.83
13.9001  1.87
13.9101  1.72
13.9201  1.81
13.9301  1.67
13.9401  1.78
13.9501  1.82
13.9601  1.76
13.9701  1.84
13.9801  1.71
13.9901  1.67
14.0001  1.78
14.0101  1.72
14.0201  1.75
14.0301  1.73
14.0401  1.7
14.0501  1.76
14.0601  1.75
14.0701  1.92
14.0801  1.65
14.0901  1.82
14.1001  1.71
14.1101  1.88
14.1201  1.74
14.1301  1.84
14.1401  1.64
14.1501  1.79
14.1601  1.74
14.1701  1.81
14.1801  1.6
14.1901  1.69
14.2001  1.85
14.2101  1.79
14.2201  1.89
14.2301  1.91
14.2401  1.88
14.2501  1.54
14.2601  1.84
14.2701  1.81
14.2801  1.73
14.2901  1.62
14.3001  1.95
14.3101  1.63
14.3201  1.62
14.3301  1.76
14.3401  1.9
14.3501  1.78
14.3601  1.85
14.3701  1.88
14.3801  1.77
14.3901  1.84
14.4001  1.78
14.4101  1.73
14.4201  1.83
14.4301  1.9
14.4401  1.93
14.4501  1.85
14.4601  1.79
14.4701  1.9
14.4801  1.77
14.4901  1.81
14.5001  1.86
14.5101  1.79
14.5201  1.81
14.5301  1.95
14.5401  1.6
14.5501  1.5
14.5601  1.59
14.5701  1.94
14.5801  1.77
14.5901  1.96
14.6001  1.75
14.6101  2.01
14.6201  1.8
14.6301  1.87
14.6401  1.84
14.6501  1.62
14.6601  1.84
14.6701  1.73
14.6801  1.79
14.6901  1.68
14.7001  1.57
14.7101  2.05
14.7201  1.64
14.7301  1.66
14.7401  1.87
14.7501  1.68
14.7601  1.65
14.7701  1.98
14.7801  1.95
14.7901  1.84
14.8001  1.88
14.8101  1.45
14.8201  1.61
14.8301  1.61
14.8401  1.64
14.8501  1.7
14.8601  1.88
14.8701  1.66
14.8801  1.86
14.8901  1.82
14.9001  1.85
14.9101  1.94
14.9201  1.64
14.9301  1.84
14.9401  1.75
14.9501  1.89
14.9601  1.56
14.9701  1.67
14.9801  1.7
14.9901  1.64
15.0001  1.76
15.0101  1.54
15.0201  1.74
15.0301  1.9
15.0401  1.68
15.0501  1.71
15.0601  1.82
15.0701  1.71
15.0801  1.93
15.0901  1.89
15.1001  1.69
15.1101  1.69
15.1201  1.66
15.1301  1.61
15.1401  1.9
15.1501  1.91
15.1601  1.69
15.1701  1.94
15.1801  1.76
15.1901  1.63
15.2001  1.79
15.2101  1.79
15.2201  1.75
15.2301  1.86
15.2401  2.05
15.2501  1.99
15.2601  1.73
15.2701  1.85
15.2801  1.82
15.2901  1.63
15.3001  1.66
15.3101  1.83
15.3201  1.72
15.3301  1.58
15.3401  1.91
15.3501  1.72
15.3601  1.54
15.3701  1.78
15.3801  1.96
15.3901  1.83
15.4001  1.95
15.4101  1.89
15.4201  1.79
15.4301  1.77
15.4401  1.85
15.4501  1.86
15.4601  1.74
15.4701  1.89
15.4801  1.82
15.4901  2.02
15.5001  1.83
15.5101  1.65
15.5201  1.88
15.5301  1.88
15.5401  1.82
15.5501  1.73
15.5601  1.73
15.5701  1.71
15.5801  1.71
15.5901  1.59
15.6001  1.81
15.6101  1.98
15.6201  1.6
15.6301  1.97
15.6401  1.93
15.6501  1.6
15.6601  1.73
15.6701  1.79
15.6801  1.64
15.6901  1.61
15.7001  1.76
15.7101  1.68
15.7201  1.78
15.7301  1.83
15.7401  1.93
15.7501  1.69
15.7601  1.8
15.7701  1.57
15.7801  1.79
15.7901  1.93
15.8001  1.49
15.8101  1.82
15.8201  1.73
15.8301  1.74
15.8401  1.78
15.8501  1.78
15.8601  1.86
15.8701  1.83
15.8801  1.72
15.8901  1.64
15.9001  1.85
15.9101  2.14
15.9201  1.74
15.9301  1.75
15.9401  1.91
15.9501  1.69
15.9601  1.83
15.9701  1.73
15.9801  1.77
15.9901  1.79
16.0001  1.77
16.0101  1.79
16.0201  1.64
16.0301  1.92
16.0401  1.72
16.0501  1.8
16.0601  1.96
16.0701  1.87
16.0801  1.66
16.0901  1.76
16.1001  1.61
16.1101  1.8
16.1201  1.66
16.1301  1.82
16.1401  1.68
16.1501  1.74
16.1601  1.78
16.1701  1.77
16.1801  1.81
16.1901  1.96
16.2001  1.74
16.2101  1.73
16.2201  1.95
16.2301  1.54
16.2401  1.82
16.2501  1.77
16.2601  1.9
16.2701  1.67
16.2801  1.66
16.2901  1.93
16.3001  1.7
16.3101  1.81
16.3201  1.76
16.3301  1.91
16.3401  1.61
16.3501  1.71
16.3601  1.44
16.3701  1.8
16.3801  1.66
16.3901  1.91
16.4001  1.58
16.4101  1.66
16.4201  1.81
16.4301  1.72
16.4401  1.84
16.4501  1.78
16.4601  1.79
16.4701  1.71
16.4801  1.86
16.4901  2.07
16.5001  1.81
16.5101  1.7
16.5201  2.08
16.5301  1.63
16.5401  1.67
16.5501  1.89
16.5601  1.89
16.5701  1.63
16.5801  1.54
16.5901  1.68
16.6001  1.84
16.6101  1.73
16.6201  1.61
16.6301  1.86
16.6401  2
16.6501  1.84
16.6601  1.98
16.6701  1.76
16.6801  1.67
16.6901  1.67
16.7001  1.93
16.7101  1.74
16.7201  1.41
16.7301  1.81
16.7401  1.91
16.7501  1.68
16.7601  1.85
16.7701  1.84
16.7801  1.57
16.7901  1.8
16.8001  1.7
16.8101  1.73
16.8201  1.73
16.8301  1.72
16.8401  1.85
16.8501  1.82
16.8601  2.03
16.8701  1.82
16.8801  1.67
16.8901  1.73
16.9001  1.84
16.9101  1.72
16.9201  1.7
16.9301  1.74
16.9401  2.01
16.9501  1.7
16.9601  1.66
16.9701  2.01
16.9801  2.02
16.9901  1.92
17.0001  1.8
17.0101  1.89
17.0201  1.72
17.0301  1.6
17.0401  1.9
17.0501  1.86
17.0601  1.9
17.0701  1.76
17.0801  1.94
17.0901  1.79
17.1001  1.49
17.1101  1.89
17.1201  1.55
17.1301  1.67
17.1401  1.97
17.1501  1.81
17.1601  1.55
17.1701  1.84
17.1801  1.76
17.1901  1.92
17.2001  1.75
17.2101  1.61
17.2201  1.66
17.2301  1.89
17.2401  1.91
17.2501  1.88
17.2601  1.82
17.2701  1.57
17.2801  1.77
17.2901  1.52
17.3001  1.6
17.3101  1.88
17.3201  1.76
17.3301  1.66
17.3401  1.83
17.3501  1.8
17.3601  2.01
17.3701  1.76
17.3801  1.98
17.3901  1.68
17.4001  1.73
17.4101  1.79
17.4201  1.5
17.4301  1.74
17.4401  1.85
17.4501  1.82
17.4601  1.59
17.4701  1.82
17.4801  1.85
17.4901  1.69
17.5001  1.67
17.5101  2.15
17.5201  1.78
17.5301  1.71
17.5401  1.82
17.5501  1.6
17.5601  1.8
17.5701  1.72
17.5801  1.81
17.5901  1.8
17.6001  1.76
17.6101  1.89
17.6201  1.52
17.6301  1.74
17.6401  1.84
17.6501  1.6
17.6601  1.98
17.6701  1.77
17.6801  1.92
17.6901  1.94
17.7001  1.88
17.7101  1.92
17.7201  1.69
17.7301  1.85
17.7401  1.82
17.7501  1.6
17.7601  1.83
17.7701  1.73
17.7801  1.75
17.7901  1.82
17.8001  1.64
17.8101  1.84
17.8201  1.79
17.8301  1.88
17.8401  1.96
17.8501  1.9
17.8601  1.54
17.8701  1.78
17.8801  1.94
17.8901  1.82
17.9001  1.96
17.9101  1.78
17.9201  1.96
17.9301  1.8
17.9401  1.79
17.9501  1.88
17.9601  1.46
17.9701  1.68
17.9801  1.85
17.9901  1.67
18.0001  2.02
18.0101  1.9
18.0201  1.79
18.0301  1.9
18.0401  1.76
18.0501  2.04
18.0601  1.78
18.0701  1.97
18.0801  1.75
18.0901  1.97
18.1001  1.78
18.1101  1.67
18.1201  1.92
18.1301  1.59
18.1401  1.68
18.1501  2.01
18.1601  1.75
18.1701  1.64
18.1801  2.01
18.1901  1.73
18.2001  1.72
18.2101  1.78
18.2201  1.94
18.2301  1.71
18.2401  1.77
18.2501  1.75
18.2601  1.79
18.2701  1.55
18.2801  1.69
18.2901  1.64
18.3001  1.74
18.3101  1.6
18.3201  1.71
18.3301  1.77
18.3401  1.7
18.3501  1.8
18.3601  1.83
18.3701  1.75
18.3801  1.68
18.3901  1.49
18.4001  1.62
18.4101  1.87
18.4201  1.84
18.4301  1.63
18.4401  1.85
18.4501  1.64
18.4601  1.76
18.4701  1.85
18.4801  1.83
18.4901  1.74
18.5001  1.87
18.5101  1.7
18.5201  1.82
18.5301  2
18.5401  1.69
18.5501  1.88
18.5601  1.59
18.5701  1.7
18.5801  1.9
18.5901  1.73
18.6001  1.69
18.6101  1.64
18.6201  1.8
18.6301  2.09
18.6401  1.9
18.6501  1.78
18.6601  1.74
18.6701  1.79
18.6801  1.76
18.6901  1.7
18.7001  2.04
18.7101  1.69
18.7201  1.84
18.7301  1.99
18.7401  1.67
18.7501  1.78
18.7601  1.7
18.7701  1.79
18.7801  1.98
18.7901  1.8
18.8001  1.84
18.8101  1.81
18.8201  1.72
18.8301  1.72
18.8401  1.83
18.8501  1.85
18.8601  1.75
18.8701  1.83
18.8801  1.9
18.8901  1.89
18.9001  2.18
18.9101  1.86
18.9201  1.63
18.9301  1.73
18.9401  1.77
18.9501  1.72
18.9601  1.73
18.9701  1.69
18.9801  1.8
18.9901  1.73
19.0001  1.78
19.0101  1.82
19.0201  1.52
19.0301  1.76
19.0401  1.8
19.0501  1.93
19.0601  1.65
19.0701  1.78
19.0801  1.84
19.0901  1.86
19.1001  1.65
19.1101  1.65
19.1201  1.76
19.1301  2.1
19.1401  1.73
19.1501  1.9
19.1601  1.77
19.1701  1.93
19.1801  1.64
19.1901  1.89
19.2001  1.49
19.2101  1.7
19.2201  1.74
19.2301  1.88
19.2401  1.79
19.2501  1.79
19.2601  1.58
19.2701  1.75
19.2801  1.68
19.2901  1.73
19.3001  1.55
19.3101  1.59
19.3201  1.75
19.3301  2.01
19.3401  1.61
19.3501  1.66
19.3601  1.66
19.3701  1.84
19.3801  2.01
19.3901  1.91
19.4001  1.65
19.4101  1.85
19.4201  1.76
19.4301  1.73
19.4401  1.94
19.4501  1.86
19.4601  1.89
19.4701  1.92
19.4801  1.91
19.4901  1.95
19.5001  1.85
19.5101  1.86
19.5201  1.64
19.5301  1.76
19.5401  1.93
19.5501  1.88
19.5601  1.58
19.5701  1.65
19.5801  1.84
19.5901  1.8
19.6001  1.93
19.6101  1.93
19.6201  1.73
19.6301  1.83
19.6401  1.93
19.6501  1.76
19.6601  1.84
19.6701  1.7
19.6801  1.68
19.6901  1.64
19.7001  1.82
19.7101  1.84
19.7201  1.86
19.7301  1.99
19.7401  1.9
19.7501  1.79
19.7601  1.75
19.7701  1.84
19.7801  1.89
19.7901  1.86
19.8001  1.5
19.8101  1.89
19.8201  1.82
19.8301  1.66
19.8401  1.72
19.8501  1.54
19.8601  1.74
19.8701  1.64
19.8801  1.62
19.8901  1.81
19.9001  1.82
19.9101  1.63
19.9201  1.82
19.9301  1.69
19.9401  1.91
19.9501  1.67
19.9601  1.95
19.9701  1.61
19.9801  1.6
19.9901  1.83
20.0001  1.66
20.0101  1.77
20.0201  2.01
20.0301  1.81
20.0401  1.79
20.0501  1.95
20.0601  1.7
20.0701  1.72
20.0801  1.77
20.0901  1.85
20.1001  1.68
20.1101  1.83
20.1201  1.67
20.1301  1.47
20.1401  1.74
20.1501  1.68
20.1601  1.73
20.1701  1.8
20.1801  1.8
20.1901  1.94
20.2001  1.83
20.2101  1.83
20.2201  1.63
20.2301  1.77
20.2401  1.78
20.2501  1.75
20.2601  1.92
20.2701  1.72
20.2801  1.78
20.2901  1.82
20.3001  1.8
20.3101  1.65
20.3201  1.88
20.3301  1.77
20.3401  2.11
20.3501  1.87
20.3601  1.87
20.3701  1.66
20.3801  1.8
20.3901  1.88
20.4001  1.8
20.4101  1.79
20.4201  1.85
20.4301  2.12
20.4401  1.66
20.4501  1.88
20.4601  1.79
20.4701  1.56
20.4801  1.78
20.4901  1.79
20.5001  1.64
20.5101  1.73
20.5201  1.71
20.5301  1.99
20.5401  1.87
20.5501  1.55
20.5601  1.95
20.5701  1.82
20.5801  1.96
20.5901  1.65
20.6001  1.66
20.6101  1.86
20.6201  1.9
20.6301  1.95
20.6401  1.88
20.6501  1.7
20.6601  1.67
20.6701  1.53
20.6801  1.85
20.6901  1.85
20.7001  1.65
20.7101  1.68
20.7201  1.69
20.7301  1.77
20.7401  1.68
20.7501  1.61
20.7601  2.17
20.7701  1.95
20.7801  1.97
20.7901  1.82
20.8001  1.67
20.8101  1.82
20.8201  1.76
20.8301  1.74
20.8401  1.52
20.8501  1.74
20.8601  1.66
20.8701  1.75
20.8801  1.91
20.8901  1.81
20.9001  1.84
20.9101  1.54
20.9201  1.73
20.9301  1.87
20.9401  1.86
20.9501  1.73
20.9601  1.84
20.9701  1.71
20.9801  1.75
20.9901  1.62
21.0001  1.95
21.0101  1.81
21.0201  1.8
21.0301  1.96
21.0401  1.51
21.0501  1.7
21.0601  1.71
21.0701  1.72
21.0801  1.74
21.0901  1.9
21.1001  1.83
21.1101  1.89
21.1201  1.85
21.1301  1.59
21.1401  1.79
21.1501  1.87
21.1601  1.74
21.1701  1.53
21.1801  1.9
21.1901  1.74
21.2001  1.89
21.2101  1.78
21.2201  1.81
21.2301  1.74
21.2401  1.97
21.2501  1.8
21.2601  1.58
21.2701  1.67
21.2801  2.13
21.2901  1.73
21.3001  1.72
21.3101  1.75
21.3201  1.64
21.3301  1.78
21.3401  2.08
21.3501  1.56
21.3601  1.65
21.3701  1.76
21.3801  1.95
21.3901  1.64
21.4001  1.8
21.4101  1.97
21.4201  1.71
21.4301  1.8
21.4401  1.72
21.4501  1.77
21.4601  1.88
21.4701  1.56
21.4801  1.76
21.4901  1.89
21.5001  1.76
21.5101  1.71
21.5201  1.9
21.5301  1.67
21.5401  1.85
21.5501  1.83
21.5601  1.72
21.5701  1.59
21.5801  1.82
21.5901  2.02
21.6001  1.68
21.6101  1.77
21.6201  1.63
21.6301  1.85
21.6401  1.95
21.6501  1.74
21.6601  2.09
21.6701  1.73
21.6801  1.78
21.6901  1.94
21.7001  1.75
21.7101  1.73
21.7201  1.76
21.7301  1.79
21.7401  1.58
21.7501  1.75
21.7601  1.63
21.7701  1.61
21.7801  1.69
21.7901  1.81
21.8001  1.83
21.8101  1.83
21.8201  1.83
21.8301  1.78
21.8401  1.62
21.8501  1.66
21.8601  1.91
21.8701  1.56
21.8801  1.67
21.8901  1.78
21.9001  1.74
21.9101  1.76
21.9201  1.72
21.9301  1.78
21.9401  1.42
21.9501  1.78
21.9601  1.71
21.9701  1.62
21.9801  1.73
21.9901  1.58
22.0001  1.61
22.0101  2.06
22.0201  1.74
22.0301  1.67
22.0401  1.86
22.0501  1.7
22.0601  1.57
22.0701  1.7
22.0801  1.88
22.0901  1.84
22.1001  1.79
22.1101  1.85
22.1201  1.72
22.1301  1.79
22.1401  1.76
22.1501  1.74
22.1601  1.57
22.1701  1.69
22.1801  1.99
22.1901  1.8
22.2001  1.69
22.2101  1.82
22.2201  1.63
22.2301  1.94
22.2401  2.08
22.2501  1.76
22.2601  1.91
22.2701  1.69
22.2801  1.7
22.2901  1.87
22.3001  1.76
22.3101  1.86
22.3201  1.71
22.3301  1.67
22.3401  2.02
22.3501  1.78
22.3601  1.71
22.3701  1.64
22.3801  1.82
22.3901  1.85
22.4001  1.62
22.4101  1.86
22.4201  1.86
22.4301  1.85
22.4401  1.7
22.4501  1.8
22.4601  1.73
22.4701  1.93
22.4801  1.83
22.4901  2.17
22.5001  1.85
22.5101  1.61
22.5201  1.68
22.5301  1.88
22.5401  1.6
22.5501  1.65
22.5601  1.85
22.5701  1.65
22.5801  1.7
22.5901  1.7
22.6001  1.77
22.6101  1.92
22.6201  1.77
22.6301  1.74
22.6401  1.91
22.6501  1.92
22.6601  1.54
22.6701  1.67
22.6801  1.51
22.6901  1.79
22.7001  1.65
22.7101  1.53
22.7201  1.69
22.7301  1.85
22.7401  1.32
22.7501  1.98
22.7601  2.02
22.7701  1.46
22.7801  1.95
22.7901  1.87
22.8001  1.89
22.8101  1.69
22.8201  1.66
22.8301  1.93
22.8401  1.4
22.8501  1.66
22.8601  1.69
22.8701  1.7
22.8801  1.88
22.8901  1.97
22.9001  1.56
22.9101  1.9
22.9201  1.84
22.9301  1.69
22.9401  1.81
22.9501  1.62
22.9601  1.8
22.9701  1.62
22.9801  1.75
22.9901  1.65
23.0001  1.86
23.0101  1.64
23.0201  1.78
23.0301  1.88
23.0401  1.73
23.0501  1.71
23.0601  1.71
23.0701  1.89
23.0801  1.84
23.0901  1.79
23.1001  1.75
23.1101  1.88
23.1201  1.67
23.1301  1.95
23.1401  1.83
23.1501  1.74
23.1601  1.83
23.1701  1.8
23.1801  1.66
23.1901  1.89
23.2001  1.64
23.2101  1.81
23.2201  1.94
23.2301  1.65
23.2401  1.79
23.2501  1.98
23.2601  1.8
23.2701  1.53
23.2801  1.78
23.2901  1.76
23.3001  1.66
23.3101  1.9
23.3201  1.75
23.3301  1.79
23.3401  1.87
23.3501  1.69
23.3601  1.97
23.3701  1.54
23.3801  1.58
23.3901  1.94
23.4001  1.61
23.4101  2.06
23.4201  1.89
23.4301  1.77
23.4401  1.73
23.4501  1.73
23.4601  1.75
23.4701  1.68
23.4801  1.75
23.4901  2
23.5001  1.83
23.5101  1.74
23.5201  1.87
23.5301  1.84
23.5401  1.91
23.5501  1.7
23.5601  1.69
23.5701  1.58
23.5801  1.85
23.5901  1.68
23.6001  1.83
23.6101  1.75
23.6201  1.6
23.6301  1.99
23.6401  2.06
23.6501  1.8
23.6601  1.66
23.6701  1.74
23.6801  1.72
23.6901  1.68
23.7001  1.63
23.7101  1.52
23.7201  1.72
23.7301  1.7
23.7401  1.84
23.7501  1.88
23.7601  1.87
23.7701  1.97
23.7801  1.55
23.7901  1.99
23.8001  1.68
23.8101  1.85
23.8201  1.68
23.8301  1.8
23.8401  1.72
23.8501  1.88
23.8601  1.8
23.8701  2.06
23.8801  1.79
23.8901  1.56
23.9001  1.65
23.9101  1.76
23.9201  1.54
23.9301  1.72
23.9401  1.68
23.9501  1.8
23.9601  1.77
23.9701  1.74
23.9801  1.75
23.9901  1.86
24.0001  1.89
24.0101  1.97
24.0201  1.74
24.0301  1.8
24.0401  1.59
24.0501  1.75
24.0601  1.72
24.0701  1.75
24.0801  1.81
24.0901  2.06
24.1001  2.03
24.1101  1.68
24.1201  1.53
24.1301  1.5
24.1401  1.53
24.1501  1.87
24.1601  1.67
24.1701  2.01
24.1801  2.13
24.1901  2
24.2001  1.7
24.2101  1.72
24.2201  1.65
24.2301  1.79
24.2401  1.76
24.2501  1.89
24.2601  1.87
24.2701  1.88
24.2801  1.93
24.2901  1.62
24.3001  1.73
24.3101  1.67
24.3201  1.7
24.3301  1.78
24.3401  1.91
24.3501  1.75
24.3601  1.67
24.3701  1.49
24.3801  1.84
24.3901  1.89
24.4001  1.69
24.4101  1.79
24.4201  1.75
24.4301  2
24.4401  1.78
24.4501  1.72
24.4601  1.79
24.4701  1.56
24.4801  1.5
24.4901  1.78
24.5001  1.6
24.5101  1.94
24.5201  1.75
24.5301  1.73
24.5401  1.78
24.5501  1.72
24.5601  1.69
24.5701  1.83
24.5801  1.82
24.5901  1.68
24.6001  1.68
24.6101  1.83
24.6201  1.7
24.6301  1.75
24.6401  1.77
24.6501  1.73
24.6601  1.83
24.6701  1.78
24.6801  1.73
24.6901  1.82
24.7001  1.7
24.7101  1.84
24.7201  1.58
24.7301  1.77
24.7401  1.79
24.7501  1.81
24.7601  1.73
24.7701  1.81
24.7801  1.58
24.7901  1.95
24.8001  1.73
24.8101  1.78
24.8201  1.69
24.8301  1.91
24.8401  1.77
24.8501  1.81
24.8601  1.73
24.8701  1.63
24.8801  1.85
24.8901  1.69
24.9001  1.78
24.9101  1.88
24.9201  1.75
24.9301  1.66
24.9401  1.85
24.9501  1.78
24.9601  1.7
24.9701  1.93
24.9801  1.69
24.9901  1.89
25.0001  1.8
25.0101  1.68
25.0201  1.81
25.0301  1.78
25.0401  1.92
25.0501  1.61
25.0601  1.97
25.0701  1.88
25.0801  1.5
25.0901  1.94
25.1001  1.76
25.1101  1.77
25.1201  1.94
25.1301  1.8
25.1401  1.84
25.1501  1.78
25.1601  1.84
25.1701  1.59
25.1801  1.77
25.1901  1.92
25.2001  1.78
25.2101  1.76
25.2201  1.69
25.2301  1.66
25.2401  1.79
25.2501  1.75
25.2601  1.74
25.2701  1.96
25.2801  1.85
25.2901  1.79
25.3001  1.7
25.3101  1.77
25.3201  1.63
25.3301  1.72
25.3401  1.78
25.3501  1.7
25.3601  1.76
25.3701  1.73
25.3801  1.74
25.3901  1.75
25.4001  1.88
25.4101  1.96
25.4201  1.95
25.4301  1.89
25.4401  1.88
25.4501  1.73
25.4601  1.66
25.4701  1.69
25.4801  1.76
25.4901  1.86
25.5001  1.65
25.5101  1.74
25.5201  1.77
25.5301  1.6
25.5401  1.65
25.5501  1.76
25.5601  1.85
25.5701  1.81
25.5801  1.6
25.5901  1.85
25.6001  1.68
25.6101  1.81
25.6201  1.69
25.6301  1.64
25.6401  1.91
25.6501  1.75
25.6601  1.86
25.6701  1.79
25.6801  1.67
25.6901  1.8
25.7001  1.83
25.7101  1.78
25.7201  1.71
25.7301  1.81
25.7401  1.87
25.7501  1.67
25.7601  1.72
25.7701  1.55
25.7801  1.84
25.7901  1.91
25.8001  1.69
25.8101  1.7
25.8201  1.87
25.8301  1.67
25.8401  1.68
25.8501  2.02
25.8601  1.5
25.8701  1.77
25.8801  1.83
25.8901  1.81
25.9001  1.75
25.9101  1.8
25.9201  1.69
25.9301  1.87
25.9401  1.88
25.9501  1.51
25.9601  2.07
25.9701  1.68
25.9801  1.78
25.9901  1.75
26.0001  1.61
26.0101  1.83
26.0201  1.89
26.0301  1.93
26.0401  1.77
26.0501  1.68
26.0601  1.94
26.0701  1.68
26.0801  1.75
26.0901  1.88
26.1001  1.85
26.1101  1.72
26.1201  1.58
26.1301  1.95
26.1401  1.96
26.1501  1.87
26.1601  1.74
26.1701  1.94
26.1801  1.85
26.1901  1.77
26.2001  1.56
26.2101  1.75
26.2201  1.8
26.2301  1.66
26.2401  1.64
26.2501  1.88
26.2601  1.81
26.2701  1.68
26.2801  1.79
26.2901  1.82
26.3001  1.81
26.3101  1.95
26.3201  1.8
26.3301  1.77
26.3401  1.74
26.3501  1.59
26.3601  1.74
26.3701  1.89
26.3801  1.76
26.3901  1.45
26.4001  1.91
26.4101  1.85
26.4201  2
26.4301  1.84
26.4401  1.76
26.4501  1.59
26.4601  1.79
26.4701  1.97
26.4801  1.89
26.4901  1.44
26.5001  1.63
26.5101  1.6
26.5201  1.99
26.5301  1.7
26.5401  1.61
26.5501  1.77
26.5601  1.67
26.5701  1.69
26.5801  1.8
26.5901  1.92
26.6001  2.13
26.6101  1.96
26.6201  1.95
26.6301  1.79
26.6401  1.71
26.6501  1.79
26.6601  1.83
26.6701  1.7
26.6801  1.66
26.6901  1.92
26.7001  1.73
26.7101  1.72
26.7201  2.07
26.7301  1.87
26.7401  1.8
26.7501  1.75
26.7601  1.62
26.7701  1.68
26.7801  1.72
26.7901  1.79
26.8001  2.03
26.8101  1.85
26.8201  1.74
26.8301  1.68
26.8401  1.79
26.8501  1.83
26.8601  1.97
26.8701  1.83
26.8801  1.81
26.8901  1.67
26.9001  1.79
26.9101  1.59
26.9201  1.8
26.9301  1.54
26.9401  1.9
26.9501  1.8
26.9601  1.71
26.9701  1.6
26.9801  1.66
26.9901  1.51
27.0001  1.71
27.0101  1.85
27.0201  1.78
27.0301  1.77
27.0401  1.76
27.0501  1.87
27.0601  1.8
27.0701  1.7
27.0801  1.83
27.0901  1.74
27.1001  1.6
27.1101  1.75
27.1201  1.91
27.1301  1.58
27.1401  1.54
27.1501  1.75
27.1601  1.83
27.1701  1.49
27.1801  1.91
27.1901  1.6
27.2001  1.9
27.2101  1.92
27.2201  1.68
27.2301  1.96
27.2401  1.95
27.2501  1.71
27.2601  1.83
27.2701  1.68
27.2801  1.64
27.2901  1.73
27.3001  1.77
27.3101  1.94
27.3201  1.78
27.3301  1.62
27.3401  1.78
27.3501  1.68
27.3601  1.91
27.3701  1.73
27.3801  1.86
27.3901  1.62
27.4001  1.88
27.4101  1.79
27.4201  2.03
27.4301  1.81
27.4401  1.72
27.4501  2.1
27.4601  1.8
27.4701  1.78
27.4801  1.9
27.4901  1.7
27.5001  1.85
27.5101  1.85
27.5201  1.72
27.5301  1.71
27.5401  1.78
27.5501  1.84
27.5601  1.96
27.5701  1.77
27.5801  1.7
27.5901  1.63
27.6001  1.47
27.6101  1.85
27.6201  1.88
27.6301  1.92
27.6401  1.63
27.6501  1.88
27.6601  1.74
27.6701  2.01
27.6801  1.89
27.6901  1.78
27.7001  1.72
27.7101  1.91
27.7201  1.47
27.7301  1.76
27.7401  1.81
27.7501  1.82
27.7601  1.68
27.7701  1.61
27.7801  1.77
27.7901  1.85
27.8001  1.71
27.8101  1.58
27.8201  1.59
27.8301  1.85
27.8401  1.82
27.8501  1.88
27.8601  1.58
27.8701  1.87
27.8801  1.74
27.8901  1.73
27.9001  1.5
27.9101  1.75
27.9201  1.72
27.9301  2.07
27.9401  1.84
27.9501  1.62
27.9601  1.79
27.9701  1.56
27.9801  1.78
27.9901  1.64
28.0001  1.69
28.0101  1.76
28.0201  1.98
28.0301  1.59
28.0401  1.78
28.0501  1.76
28.0601  1.65
28.0701  1.8
28.0801  1.87
28.0901  1.86
28.1001  1.67
28.1101  1.82
28.1201  1.87
28.1301  1.63
28.1401  1.62
28.1501  1.85
28.1601  1.64
28.1701  2.01
28.1801  1.65
28.1901  1.98
28.2001  1.68
28.2101  1.86
28.2201  1.79
28.2301  1.52
28.2401  1.58
28.2501  1.71
28.2601  1.59
28.2701  1.78
28.2801  1.88
28.2901  1.63
28.3001  1.78
28.3101  1.86
28.3201  1.48
28.3301  1.86
28.3401  1.62
28.3501  1.85
28.3601  1.79
28.3701  1.86
28.3801  1.76
28.3901  1.72
28.4001  1.58
28.4101  1.82
28.4201  1.9
28.4301  1.8
28.4401  1.9
28.4501  1.82
28.4601  1.72
28.4701  1.74
28.4801  1.7
28.4901  1.85
28.5001  1.88
28.5101  1.74
28.5201  1.78
28.5301  1.76
28.5401  2
28.5501  1.76
28.5601  1.92
28.5701  1.66
28.5801  2.06
28.5901  1.99
28.6001  1.56
28.6101  1.64
28.6201  1.53
28.6301  1.92
28.6401  1.98
28.6501  1.67
28.6601  1.58
28.6701  1.8
28.6801  1.45
28.6901  1.72
28.7001  2.15
28.7101  1.69
28.7201  2.01
28.7301  1.8
28.7401  1.8
28.7501  2.03
28.7601  1.81
28.7701  1.69
28.7801  1.59
28.7901  1.66
28.8001  1.58
28.8101  1.86
28.8201  1.71
28.8301  1.81
28.8401  2.02
28.8501  1.61
28.8601  1.76
28.8701  1.65
28.8801  1.74
28.8901  1.7
28.9001  1.95
28.9101  1.55
28.9201  2.08
28.9301  1.76
28.9401  1.69
28.9501  1.53
28.9601  1.83
28.9701  1.64
28.9801  1.74
28.9901  1.68
29.0001  1.83
29.0101  1.74
29.0201  1.77
29.0301  1.79
29.0401  1.68
29.0501  1.85
29.0601  1.91
29.0701  1.87
29.0801  1.84
29.0901  1.56
29.1001  1.73
29.1101  1.85
29.1201  1.93
29.1301  1.56
29.1401  1.83
29.1501  1.62
29.1601  1.88
29.1701  1.79
29.1801  1.97
29.1901  1.69
29.2001  1.84
29.2101  1.72
29.2201  1.74
29.2301  1.77
29.2401  1.92
29.2501  1.75
29.2601  1.95
29.2701  1.54
29.2801  1.96
29.2901  1.96
29.3001  1.57
29.3101  1.6
29.3201  1.93
29.3301  1.77
29.3401  1.63
29.3501  1.96
29.3601  1.58
29.3701  1.75
29.3801  1.77
29.3901  1.96
29.4001  1.57
29.4101  1.73
29.4201  1.5
29.4301  1.62
29.4401  1.94
29.4501  1.9
29.4601  1.61
29.4701  1.75
29.4801  1.83
29.4901  1.72
29.5001  1.89
29.5101  1.81
29.5201  1.49
29.5301  2.02
29.5401  1.94
29.5501  1.78
29.5601  1.72
29.5701  1.74
29.5801  1.81
29.5901  1.78
29.6001  1.63
29.6101  1.89
29.6201  1.58
29.6301  1.82
29.6401  1.73
29.6501  1.83
29.6601  1.93
29.6701  1.75
29.6801  1.77
29.6901  1.53
29.7001  2.01
29.7101  1.69
29.7201  1.59
29.7301  1.75
29.7401  1.89
29.7501  1.72
29.7601  1.74
29.7701  1.63
29.7801  1.69
29.7901  2.16
29.8001  1.64
29.8101  1.61
29.8201  1.88
29.8301  1.74
29.8401  1.67
29.8501  1.86
29.8601  1.72
29.8701  1.54
29.8801  1.93
29.8901  1.72
29.9001  1.78
29.9101  1.74
29.9201  1.74
29.9301  1.89
29.9401  1.74
29.9501  1.67
29.9601  1.6
29.9701  1.71
29.9801  1.83
29.9901  1.82
30.0001  1.88
30.0101  1.89
30.0201  1.72
30.0301  1.85
30.0401  1.87
30.0501  1.86
30.0601  1.64
30.0701  1.6
30.0801  1.63
30.0901  1.98
30.1001  1.77
30.1101  1.83
30.1201  1.87
30.1301  1.65
30.1401  1.78
30.1501  2.08
30.1601  1.7
30.1701  1.7
30.1801  1.64
30.1901  1.77
30.2001  1.78
30.2101  1.81
30.2201  1.73
30.2301  1.67
30.2401  1.76
30.2501  1.62
30.2601  1.87
30.2701  1.76
30.2801  1.72
30.2901  1.56
30.3001  1.91
30.3101  1.63
30.3201  1.93
30.3301  1.71
30.3401  1.74
30.3501  1.45
30.3601  1.84
30.3701  1.85
30.3801  1.8
30.3901  1.87
30.4001  1.82
30.4101  1.84
30.4201  1.59
30.4301  1.88
30.4401  1.65
30.4501  1.72
30.4601  1.53
30.4701  1.88
30.4801  1.79
30.4901  1.76
30.5001  1.65
30.5101  1.73
30.5201  1.76
30.5301  1.68
30.5401  1.6
30.5501  1.75
30.5601  2.03
30.5701  1.63
30.5801  1.68
30.5901  1.93
30.6001  1.84
30.6101  1.97
30.6201  1.88
30.6301  1.63
30.6401  1.78
30.6501  1.66
30.6601  1.73
30.6701  1.71
30.6801  1.8
30.6901  1.83
30.7001  1.88
30.7101  1.98
30.7201  1.61
30.7301  1.55
30.7401  1.68
30.7501  1.78
30.7601  1.73
30.7701  1.82
30.7801  1.47
30.7901  1.9
30.8001  1.54
30.8101  1.96
30.8201  1.56
30.8301  1.78
30.8401  1.56
30.8501  1.7
30.8601  1.71
30.8701  1.71
30.8801  1.64
30.8901  1.78
30.9001  1.68
30.9101  1.9
30.9201  1.82
30.9301  1.88
30.9401  1.61
30.9501  1.88
30.9601  1.53
30.9701  1.72
30.9801  1.97
30.9901  1.84
31.0001  1.84
31.0101  2
31.0201  1.76
31.0301  1.73
31.0401  1.83
31.0501  1.76
31.0601  1.86
31.0701  1.72
31.0801  1.77
31.0901  1.73
31.1001  1.77
31.1101  1.92
31.1201  1.66
31.1301  1.84
31.1401  1.86
31.1501  1.58
31.1601  1.73
31.1701  1.87
31.1801  1.74
31.1901  1.72
31.2001  1.6
31.2101  2.05
31.2201  1.8
31.2301  1.68
31.2401  1.78
31.2501  1.6
31.2601  1.65
31.2701  1.71
31.2801  1.69
31.2901  1.83
31.3001  1.68
31.3101  1.81
31.3201  1.58
31.3301  1.88
31.3401  1.94
31.3501  1.79
31.3601  1.88
31.3701  1.78
31.3801  1.78
31.3901  1.71
31.4001  1.88
31.4101  1.61
31.4201  1.65
31.4301  1.72
31.4401  1.85
31.4501  1.87
31.4601  1.82
31.4701  1.82
31.4801  1.83
31.4901  1.68
31.5001  1.57
31.5101  1.65
31.5201  1.78
31.5301  2
31.5401  1.71
31.5501  1.92
31.5601  1.57
31.5701  1.68
31.5801  1.67
31.5901  1.59
31.6001  1.62
31.6101  1.7
31.6201  1.86
31.6301  1.84
31.6401  1.77
31.6501  1.81
31.6601  1.78
31.6701  1.69
31.6801  1.79
31.6901  1.57
31.7001  1.88
31.7101  1.85
31.7201  1.76
31.7301  1.64
31.7401  1.76
31.7501  1.85
31.7601  1.99
31.7701  1.75
31.7801  1.67
31.7901  1.68
31.8001  1.61
31.8101  1.77
31.8201  1.8
31.8301  1.85
31.8401  1.78
31.8501  1.81
31.8601  1.73
31.8701  1.88
31.8801  1.64
31.8901  1.7
31.9001  1.78
31.9101  1.78
31.9201  1.87
31.9301  1.68
31.9401  1.76
31.9501  1.9
31.9601  1.79
31.9701  1.74
31.9801  1.69
31.9901  2.06
32.0001  1.72
32.0101  1.83
32.0201  1.8
32.0301  1.77
32.0401  1.88
32.0501  1.73
32.0601  1.78
32.0701  2.12
32.0801  1.57
32.0901  1.75
32.1001  1.75
32.1101  1.99
32.1201  1.87
32.1301  1.79
32.1401  1.59
32.1501  1.71
32.1601  1.77
32.1701  1.59
32.1801  1.84
32.1901  1.94
32.2001  1.69
32.2101  2.03
32.2201  1.87
32.2301  2.01
32.2401  1.52
32.2501  1.7
32.2601  1.71
32.2701  1.63
32.2801  1.79
32.2901  1.63
32.3001  1.87
32.3101  1.8
32.3201  1.67
32.3301  1.75
32.3401  1.77
32.3501  1.91
32.3601  1.62
32.3701  1.68
32.3801  1.9
32.3901  1.66
32.4001  1.62
32.4101  1.81
32.4201  1.75
32.4301  1.98
32.4401  1.77
32.4501  1.87
32.4601  1.68
32.4701  1.65
32.4801  1.49
32.4901  1.86
32.5001  1.81
32.5101  1.65
32.5201  1.68
32.5301  1.85
32.5401  1.92
32.5501  1.77
32.5601  1.63
32.5701  1.81
32.5801  1.99
32.5901  1.68
32.6001  1.76
32.6101  1.53
32.6201  1.84
32.6301  1.62
32.6401  1.72
32.6501  1.87
32.6601  1.81
32.6701  1.7
32.6801  1.68
32.6901  1.67
32.7001  1.74
32.7101  1.82
32.7201  1.7
32.7301  1.92
32.7401  1.63
32.7501  2.01
32.7601  1.86
32.7701  1.71
32.7801  1.66
32.7901  1.67
32.8001  1.66
32.8101  2.14
32.8201  1.74
32.8301  1.69
32.8401  1.62
32.8501  1.6
32.8601  1.88
32.8701  1.74
32.8801  1.69
32.8901  1.77
32.9001  1.68
32.9101  1.97
32.9201  1.88
32.9301  1.99
32.9401  1.97
32.9501  1.98
32.9601  1.85
32.9701  1.88
32.9801  1.67
32.9901  1.86
33.0001  1.9
33.0101  1.8
33.0201  1.71
33.0301  1.72
33.0401  1.5
33.0501  1.74
33.0601  1.67
33.0701  1.65
33.0801  1.84
33.0901  1.78
33.1001  1.96
33.1101  1.88
33.1201  1.69
33.1301  1.92
33.1401  1.65
33.1501  1.93
33.1601  1.77
33.1701  1.66
33.1801  1.91
33.1901  1.82
33.2001  1.7
33.2101  1.59
33.2201  1.63
33.2301  1.82
33.2401  1.55
33.2501  2.04
33.2601  1.81
33.2701  1.65
33.2801  1.85
33.2901  1.82
33.3001  1.81
33.3101  1.85
33.3201  1.6
33.3301  1.68
33.3401  1.84
33.3501  1.79
33.3601  1.8
33.3701  1.66
33.3801  1.71
33.3901  1.66
33.4001  1.64
33.4101  1.67
33.4201  1.81
33.4301  1.73
33.4401  1.57
33.4501  1.87
33.4601  1.91
33.4701  1.66
33.4801  2.01
33.4901  1.84
33.5001  1.58
33.5101  1.86
33.5201  1.81
33.5301  1.65
33.5401  1.8
33.5501  1.81
33.5601  1.94
33.5701  1.78
33.5801  2
33.5901  1.9
33.6001  1.67
33.6101  1.84
33.6201  1.63
33.6301  1.74
33.6401  1.92
33.6501  1.92
33.6601  1.81
33.6701  1.54
33.6801  1.87
33.6901  1.72
33.7001  1.85
33.7101  1.85
33.7201  1.69
33.7301  1.91
33.7401  1.76
33.7501  1.85
33.7601  1.75
33.7701  1.73
33.7801  1.72
33.7901  1.85
33.8001  1.84
33.8101  1.66
33.8201  2.02
33.8301  1.69
33.8401  1.9
33.8501  1.85
33.8601  1.88
33.8701  1.88
33.8801  1.83
33.8901  1.86
33.9001  1.91
33.9101  1.79
33.9201  1.85
33.9301  1.68
33.9401  1.61
33.9501  1.67
33.9601  1.78
33.9701  1.84
33.9801  1.69
33.9901  1.87
34.0001  1.82
34.0101  1.77
34.0201  1.75
34.0301  1.72
34.0401  1.83
34.0501  1.72
34.0601  1.84
34.0701  1.72
34.0801  1.89
34.0901  1.72
34.1001  1.89
34.1101  1.78
34.1201  1.72
34.1301  1.86
34.1401  1.66
34.1501  1.71
34.1601  1.78
34.1701  1.79
34.1801  1.78
34.1901  1.78
34.2001  1.51
34.2101  1.88
34.2201  2.01
34.2301  1.65
34.2401  2.04
34.2501  1.78
34.2601  1.57
34.2701  1.64
34.2801  1.68
34.2901  1.61
34.3001  1.69
34.3101  1.61
34.3201  1.87
34.3301  1.68
34.3401  1.6
34.3501  1.9
34.3601  1.56
34.3701  2.13
34.3801  1.79
34.3901  1.98
34.4001  1.9
34.4101  1.64
34.4201  1.62
34.4301  1.76
34.4401  1.48
34.4501  1.9
34.4601  1.91
34.4701  1.79
34.4801  1.73
34.4901  1.73
34.5  1.95
34.51  1.62
34.52  1.44
34.53  1.56
34.54  1.81
34.55  1.72
34.56  1.85
34.57  1.84
34.58  1.98
34.59  1.83
34.6  1.86
34.61  1.89
34.62  1.76
34.63  1.87
34.64  1.45
34.65  1.93
34.66  1.94
34.67  1.74
34.68  1.58
34.69  1.81
34.7  1.76
34.71  1.72
34.72  1.8
34.73  1.79
34.74  2.03
34.75  1.89
34.76  1.69
34.77  1.58
34.78  1.81
34.79  2.06
34.8  1.77
34.81  1.69
34.82  1.44
34.83  1.6
34.84  1.87
34.85  1.89
34.86  1.91
34.87  1.82
34.88  1.95
34.89  1.77
34.9  1.86
34.91  1.68
34.92  1.6
34.93  1.86
34.94  2.02
34.95  1.74
34.96  1.84
34.97  1.83
34.98  1.57
34.99  1.76
35  2.01
35.01  1.75
35.02  1.85
35.03  1.75
35.04  1.59
35.05  1.66
35.06  1.75
35.07  1.71
35.08  1.77
35.09  1.81
35.1  1.72
35.11  1.8
35.12  2.01
35.13  1.82
35.14  1.66
35.15  1.7
35.16  1.7
35.17  1.55
35.18  1.63
35.19  1.88
35.2  1.98
35.21  1.89
35.22  2
35.23  1.86
35.24  1.85
35.25  1.65
35.26  1.98
35.27  1.72
35.28  1.91
35.29  1.61
35.3  1.69
35.31  1.67
35.32  1.6
35.33  1.99
35.34  1.71
35.35  1.68
35.36  1.71
35.37  1.77
35.38  1.6
35.39  2.06
35.4  1.93
35.41  1.66
35.42  1.74
35.43  1.69
35.44  1.68
35.45  1.7
35.46  1.57
35.47  1.96
35.48  2.13
35.49  1.74
35.5  1.95
35.51  1.77
35.52  1.84
35.53  1.81
35.54  1.66
35.55  1.83
35.56  1.64
35.57  1.66
35.58  1.77
35.59  1.61
35.6  1.81
35.61  1.42
35.62  1.73
35.63  1.66
35.64  1.88
35.65  1.79
35.66  1.83
35.67  1.9
35.68  1.84
35.69  1.91
35.7  1.89
35.71  1.66
35.72  1.81
35.73  1.64
35.74  1.6
35.75  1.76
35.76  2.15
35.77  1.55
35.78  2.03
35.79  1.93
35.8  1.75
35.81  1.85
35.82  1.82
35.83  1.71
35.84  1.7
35.85  1.69
35.86  1.72
35.87  1.77
35.88  1.6
35.89  1.93
35.9  1.73
35.91  2.06
35.92  1.75
35.93  1.65
35.94  2.04
35.95  1.37
35.96  1.88
35.97  1.84
35.98  1.59
35.99  1.97
36  1.79
36.01  1.65
36.02  1.95
36.03  1.85
36.04  1.81
36.05  1.59
36.06  1.73
36.07  1.79
36.08  1.81
36.09  1.73
36.1  1.76
36.11  1.56
36.12  1.73
36.13  1.97
36.14  1.82
36.15  1.82
36.16  1.76
36.17  1.72
36.18  1.88
36.19  1.74
36.2  1.73
36.21  1.64
36.22  2.03
36.23  1.81
36.24  2.13
36.25  1.5
36.26  1.74
36.27  2.06
36.28  1.85
36.29  1.76
36.3  1.86
36.31  1.65
36.32  1.8
36.33  1.48
36.34  2.18
36.35  1.67
36.36  1.6
36.37  1.69
36.38  1.62
36.39  1.83
36.4  1.78
36.41  1.76
36.42  1.57
36.43  1.91
36.44  1.85
36.45  1.63
36.46  1.7
36.47  1.63
36.48  1.9
36.49  1.9
36.5  1.7
36.51  1.77
36.52  1.7
36.53  1.54
36.54  1.91
36.55  1.55
36.56  1.62
36.57  2.03
36.58  1.62
36.59  1.85
36.6  1.7
36.61  1.81
36.62  1.88
36.63  1.59
36.64  1.95
36.65  1.87
36.66  1.85
36.67  1.53
36.68  1.83
36.69  1.89
36.7  1.43
36.71  1.89
36.72  1.76
36.73  1.91
36.74  1.87
36.75  1.85
36.76  1.96
36.77  1.76
36.78  1.7
36.79  1.91
36.8  1.88
36.81  1.62
36.82  1.9
36.83  1.71
36.84  1.7
36.85  1.66
36.86  1.73
36.87  1.75
36.88  1.71
36.89  1.94
36.9  1.81
36.91  1.86
36.92  1.63
36.93  1.78
36.94  1.75
36.95  2.14
36.96  1.92
36.97  1.96
36.98  1.72
36.99  1.99
37  1.68
37.01  1.88
37.02  1.58
37.03  1.67
37.04  1.95
37.05  1.37
37.06  1.65
37.07  1.8
37.08  1.91
37.09  1.78
37.1  1.94
37.11  1.65
37.12  1.97
37.13  1.97
37.14  1.83
37.15  1.88
37.16  1.78
37.17  1.69
37.18  1.71
37.19  1.57
37.2  1.67
37.21  1.61
37.22  1.36
37.23  1.79
37.24  1.79
37.25  1.73
37.26  1.88
37.27  1.68
37.28  1.62
37.29  2.11
37.3  1.91
37.31  1.66
37.32  1.84
37.33  1.69
37.34  1.71
37.35  1.61
37.36  1.72
37.37  1.77
37.38  1.83
37.39  1.61
37.4  1.77
37.41  1.83
37.42  1.94
37.43  2.02
37.44  1.9
37.45  1.93
37.46  1.59
37.47  1.67
37.48  1.75
37.49  1.74
37.5  1.63
37.51  1.82
37.52  1.75
37.53  1.92
37.54  1.71
37.55  1.6
37.56  1.88
37.57  1.8
37.58  1.82
37.59  1.96
37.6  1.86
37.61  1.77
37.62  1.64
37.63  1.68
37.64  1.88
37.65  1.73
37.66  1.7
37.67  1.81
37.68  1.7
37.69  1.63
37.7  1.95
37.71  1.86
37.72  1.79
37.73  1.93
37.74  1.66
37.75  1.6
37.76  1.59
37.77  1.83
37.78  1.71
37.79  1.69
37.8  1.85
37.81  1.9
37.82  1.69
37.83  1.8
37.84  1.76
37.85  1.88
37.86  1.74
37.87  1.71
37.88  1.76
37.89  1.56
37.9  1.87
37.91  1.74
37.92  1.66
37.93  1.69
37.94  1.86
37.95  1.91
37.96  1.75
37.97  1.86
37.98  1.69
37.99  2.04
38  1.66
38.01  1.92
38.02  1.82
38.03  1.74
38.04  1.78
38.05  1.86
38.06  1.55
38.07  1.78
38.08  1.64
38.09  1.83
38.1  1.75
38.11  1.65
38.12  1.89
38.13  1.78
38.14  1.83
38.15  1.83
38.16  1.88
38.17  1.72
38.18  1.61
38.19  1.72
38.2  1.95
38.21  1.76
38.22  1.85
38.23  1.91
38.24  1.68
38.25  1.72
38.26  2.08
38.27  1.88
38.28  1.78
38.29  1.7
38.3  1.97
38.31  1.79
38.32  1.74
38.33  1.82
38.34  1.71
38.35  1.62
38.36  1.72
38.37  1.9
38.38  1.75
38.39  1.69
38.4  1.75
38.41  1.93
38.42  1.9
38.43  1.47
38.44  1.75
38.45  1.72
38.46  1.48
38.47  1.88
38.48  1.84
38.49  2.06
38.5  1.91
38.51  1.95
38.52  1.87
38.53  1.54
38.54  1.76
38.55  1.55
38.56  1.66
38.57  1.91
38.58  1.94
38.59  1.73
38.6  1.85
38.61  1.66
38.62  1.72
38.63  1.96
38.64  1.58
38.65  1.77
38.66  1.93
38.67  1.58
38.68  2.08
38.69  1.57
38.7  1.83
38.71  1.7
38.72  1.95
38.73  1.41
38.74  1.85
38.75  1.87
38.76  1.66
38.77  1.73
38.78  1.96
38.79  1.86
38.8  1.72
38.81  1.86
38.82  1.83
38.83  1.89
38.84  1.81
38.85  1.77
38.86  1.79
38.87  1.61
38.88  1.8
38.89  1.8
38.9  1.75
38.91  1.79
38.92  1.79
38.93  1.71
38.94  1.96
38.95  1.53
38.96  1.68
38.97  1.86
38.98  1.83
38.99  1.68
39  1.59
39.01  1.89
39.02  2.1
39.03  1.74
39.04  1.93
39.05  1.97
39.06  1.58
39.07  1.6
39.08  1.89
39.09  1.84
39.1  1.86
39.11  1.88
39.12  1.95
39.13  1.73
39.14  1.54
39.15  1.8
39.16  1.8
39.17  1.7
39.18  1.75
39.19  1.82
39.2  1.73
39.21  1.72
39.22  1.89
39.23  1.69
39.24  1.78
39.25  1.53
39.26  1.76
39.27  1.79
39.28  1.75
39.29  1.74
39.3  1.86
39.31  1.74
39.32  1.99
39.33  1.86
39.34  1.68
39.35  1.93
39.36  1.83
39.37  1.7
39.38  1.81
39.39  1.83
39.4  1.89
39.41  1.6
39.42  1.69
39.43  1.93
39.44  1.94
39.45  1.44
39.46  1.83
39.47  1.74
39.48  1.58
39.49  1.71
39.5  1.82
39.51  1.64
39.52  1.78
39.53  1.71
39.54  1.81
39.55  1.71
39.56  1.9
39.57  1.63
39.58  1.85
39.59  1.88
39.6  1.82
39.61  1.75
39.62  1.93
39.63  1.87
39.64  1.82
39.65  1.63
39.66  1.76
39.67  1.73
39.68  1.86
39.69  1.74
39.7  1.83
39.71  1.8
39.72  1.72
39.73  1.7
39.74  1.93
39.75  1.87
39.76  1.93
39.77  1.69
39.78  1.82
39.79  1.82
39.8  1.79
39.81  1.66
39.82  1.58
39.83  1.92
39.84  1.84
39.85  1.77
39.86  1.8
39.87  1.53
39.88  1.74
39.89  1.74
39.9  1.78
39.91  1.98
39.92  1.9
39.93  1.71
39.94  1.77
39.95  1.83
39.96  1.72
39.97  1.96
39.98  1.85
39.99  1.8
