-15  0
-14.99  0
-14.98  0.01
-14.97  0
-14.96  0.01
-14.95  0.01
-14.94  0.02
-14.93  0.01
-14.92  0.03
-14.91  0.02
-14.9  0.01
-14.89  0.02
-14.88  0.03
-14.87  0.03
-14.86  0.04
-14.85  0.02
-14.84  0.02
-14.83  0.04
-14.82  0.02
-14.81  0.04
-14.8  0.04
-14.79  0.04
-14.78  0.02
-14.77  0.04
-14.76  0.04
-14.75  0.04
-14.74  0.03
-14.73  0.04
-14.72  0.05
-14.71  0.03
-14.7  0.04
-14.69  0.04
-14.68  0.04
-14.67  0.03
-14.66  0.05
-14.65  0.04
-14.64  0.04
-14.63  0.05
-14.62  0.04
-14.61  0.04
-14.6  0.05
-14.59  0.03
-14.58  0.04
-14.57  0.04
-14.56  0.06
-14.55  0.05
-14.54  0.03
-14.53  0.03
-14.52  0.07
-14.51  0.03
-14.5  0.04
-14.49  0.04
-14.48  0.06
-14.47  0.04
-14.46  0.06
-14.45  0.03
-14.44  0.05
-14.43  0.04
-14.42  0.04
-14.41  0.03
-14.4  0.07
-14.39  0.02
-14.38  0.07
-14.37  0.05
-14.36  0.04
-14.35  0.03
-14.34  0.05
-14.33  0.04
-14.32  0.05
-14.31  0.04
-14.3  0.05
-14.29  0.04
-14.28  0.04
-14.27  0.07
-14.26  0.03
-14.25  0.04
-14.24  0.05
-14.23  0.06
-14.22  0.03
-14.21  0.04
-14.2  0.03
-14.19  0.05
-14.18  0.06
-14.17  0.05
-14.16  0.06
-14.15  0.04
-14.14  0.03
-14.13  0.04
-14.12  0.04
-14.11  0.06
-14.1  0.04
-14.09  0.04
-14.08  0.05
-14.07  0.04
-14.06  0.07
-14.05  0.03
-14.04  0.04
-14.03  0.06
-14.02  0.02
-14.01  0.05
-14  0.05
