-15  0
-14.99  0
-14.98  0.01
-14.97  0.01
-14.96  0.01
-14.95  0.01
-14.94  0.02
-14.93  0.02
-14.92  0.03
-14.91  0.03
-14.9  0.03
-14.89  0.04
-14.88  0.04
-14.87  0.04
-14.86  0.07
-14.85  0.05
-14.84  0.07
-14.83  0.06
-14.82  0.08
-14.81  0.08
-14.8  0.11
-14.79  0.1
-14.78  0.1
-14.77  0.12
-14.76  0.15
-14.75  0.16
-14.74  0.16
-14.73  0.2
-14.72  0.21
-14.71  0.24
-14.7  0.28
-14.69  0.32
-14.68  0.37
-14.67  0.44
-14.66  0.5
-14.65  0.62
-14.64  0.77
-14.63  0.96
-14.62  1.25
-14.61  1.65
-14.6  2.32
-14.59  3.45
-14.58  5.48
-14.57  9.2
-14.56  14.47
-14.55  16.3
-14.54  11.79
-14.53  7.09
-14.52  4.32
-14.51  2.84
-14.5  1.97
-14.49  1.44
-14.48  1.09
-14.47  0.87
-14.46  0.72
-14.45  0.59
-14.44  0.48
-14.43  0.42
-14.42  0.37
-14.41  0.33
-14.4  0.31
-14.39  0.27
-14.38  0.24
-14.37  0.21
-14.36  0.2
-14.35  0.2
-14.34  0.17
-14.33  0.18
-14.32  0.17
-14.31  0.14
-14.3  0.14
-14.29  0.15
-14.28  0.15
-14.27  0.13
-14.26  0.14
-14.25  0.14
-14.24  0.1
-14.23  0.15
-14.22  0.11
-14.21  0.11
-14.2  0.14
-14.19  0.12
-14.18  0.14
-14.17  0.14
-14.16  0.12
-14.15  0.13
-14.14  0.12
-14.13  0.14
-14.12  0.14
-14.11  0.12
-14.1  0.13
-14.09  0.17
-14.08  0.14
-14.07  0.14
-14.06  0.18
-14.05  0.15
-14.04  0.16
-14.03  0.16
-14.02  0.17
-14.01  0.2
-14  0.18
-13.99  0.23
-13.98  0.2
-13.97  0.21
-13.96  0.21
-13.95  0.28
-13.94  0.23
-13.93  0.27
-13.92  0.29
-13.91  0.3
-13.9  0.32
-13.89  0.35
-13.88  0.37
-13.87  0.38
-13.86  0.43
-13.85  0.47
-13.84  0.5
-13.83  0.57
-13.82  0.59
-13.81  0.67
-13.8  0.74
-13.79  0.82
-13.78  0.92
-13.77  1.08
-13.76  1.19
-13.75  1.37
-13.74  1.6
-13.73  1.89
-13.72  2.21
-13.71  2.62
-13.7  3.15
-13.69  3.66
-13.68  4.35
-13.67  4.97
-13.66  5.41
-13.65  5.69
-13.64  5.6
-13.63  5.16
-13.62  4.6
-13.61  4
-13.6  3.35
-13.59  2.83
-13.58  2.38
-13.57  2.01
-13.56  1.71
-13.55  1.49
-13.54  1.3
-13.53  1.14
-13.52  0.99
-13.51  0.92
-13.5  0.79
-13.49  0.72
-13.48  0.68
-13.47  0.6
-13.46  0.58
-13.45  0.52
-13.44  0.48
-13.43  0.46
-13.42  0.42
-13.41  0.42
-13.4  0.38
-13.39  0.35
-13.38  0.37
-13.37  0.36
-13.36  0.31
-13.35  0.31
-13.34  0.32
-13.33  0.3
-13.32  0.29
-13.31  0.3
-13.3  0.29
-13.29  0.27
-13.28  0.3
-13.27  0.26
-13.26  0.27
-13.25  0.26
-13.24  0.27
-13.23  0.26
-13.22  0.3
-13.21  0.28
-13.2  0.27
-13.19  0.26
-13.18  0.31
-13.17  0.3
-13.16  0.28
-13.15  0.28
-13.14  0.32
-13.13  0.31
-13.12  0.31
-13.11  0.33
-13.1  0.34
-13.09  0.35
-13.08  0.34
-13.07  0.39
-13.06  0.39
-13.05  0.4
-13.04  0.44
-13.03  0.42
-13.02  0.46
-13.01  0.51
-13  0.49
-12.99  0.54
-12.98  0.55
-12.97  0.61
-12.96  0.63
-12.95  0.7
-12.94  0.76
-12.93  0.78
-12.92  0.85
-12.91  0.94
-12.9  0.99
-12.89  1.11
-12.88  1.17
-12.87  1.32
-12.86  1.45
-12.85  1.59
-12.84  1.76
-12.83  1.97
-12.82  2.13
-12.81  2.35
-12.8  2.61
-12.79  2.8
-12.78  3.05
-12.77  3.26
-12.76  3.38
-12.75  3.49
-12.74  3.54
-12.73  3.42
-12.72  3.3
-12.71  3.11
-12.7  2.9
-12.69  2.67
-12.68  2.44
-12.67  2.26
-12.66  2.02
-12.65  1.81
-12.64  1.67
-12.63  1.51
-12.62  1.41
-12.61  1.23
-12.6  1.17
-12.59  1.07
-12.58  0.97
-12.57  0.92
-12.56  0.84
-12.55  0.8
-12.54  0.75
-12.53  0.7
-12.52  0.66
-12.51  0.64
-12.5  0.6
-12.49  0.57
-12.48  0.54
-12.47  0.53
-12.46  0.54
-12.45  0.47
-12.44  0.51
-12.43  0.46
-12.42  0.43
-12.41  0.46
-12.4  0.43
-12.39  0.43
-12.38  0.41
-12.37  0.44
-12.36  0.4
-12.35  0.41
-12.34  0.43
-12.33  0.37
-12.32  0.4
-12.31  0.41
-12.3  0.42
-12.29  0.41
-12.28  0.4
-12.27  0.43
-12.26  0.41
-12.25  0.44
-12.24  0.43
-12.23  0.43
-12.22  0.45
-12.21  0.46
-12.2  0.44
-12.19  0.47
-12.18  0.51
-12.17  0.52
-12.16  0.51
-12.15  0.55
-12.14  0.56
-12.13  0.58
-12.12  0.58
-12.11  0.63
-12.1  0.68
-12.09  0.66
-12.08  0.72
-12.07  0.73
-12.06  0.85
-12.05  0.8
-12.04  0.89
-12.03  0.97
-12.02  0.95
-12.01  1.06
-12  1.13
-11.99  1.22
-11.98  1.24
-11.97  1.39
-11.96  1.51
-11.95  1.56
-11.94  1.67
-11.93  1.79
-11.92  1.91
-11.91  2
-11.9  2.13
-11.89  2.29
-11.88  2.37
-11.87  2.46
-11.86  2.49
-11.85  2.56
-11.84  2.58
-11.83  2.58
-11.82  2.55
-11.81  2.46
-11.8  2.37
-11.79  2.31
-11.78  2.18
-11.77  2.07
-11.76  1.93
-11.75  1.86
-11.74  1.72
-11.73  1.62
-11.72  1.5
-11.71  1.41
-11.7  1.32
-11.69  1.25
-11.68  1.19
-11.67  1.1
-11.66  1.02
-11.65  1.02
-11.64  0.9
-11.63  0.92
-11.62  0.85
-11.61  0.8
-11.6  0.8
-11.59  0.71
-11.58  0.73
-11.57  0.68
-11.56  0.67
-11.55  0.64
-11.54  0.66
-11.53  0.58
-11.52  0.61
-11.51  0.56
-11.5  0.55
-11.49  0.58
-11.48  0.58
-11.47  0.54
-11.46  0.54
-11.45  0.54
-11.44  0.54
-11.43  0.51
-11.42  0.53
-11.41  0.52
-11.4  0.54
-11.39  0.52
-11.38  0.51
-11.37  0.55
-11.36  0.52
-11.35  0.56
-11.34  0.51
-11.33  0.55
-11.32  0.54
-11.31  0.6
-11.3  0.57
-11.29  0.63
-11.28  0.61
-11.27  0.6
-11.26  0.63
-11.25  0.63
-11.24  0.67
-11.23  0.7
-11.22  0.73
-11.21  0.72
-11.2  0.76
-11.19  0.77
-11.18  0.86
-11.17  0.82
-11.16  0.9
-11.15  0.91
-11.14  1
-11.13  1.01
-11.12  1.04
-11.11  1.15
-11.1  1.15
-11.09  1.26
-11.08  1.26
-11.07  1.32
-11.06  1.42
-11.05  1.46
-11.04  1.59
-11.03  1.63
-11.02  1.7
-11.01  1.75
-11  1.9
-10.99  1.88
-10.98  1.94
-10.97  2.01
-10.96  2.02
-10.95  2.11
-10.94  2.09
-10.93  2.1
-10.92  2.05
-10.91  2.08
-10.9  1.99
-10.89  1.97
-10.88  1.96
-10.87  1.79
-10.86  1.84
-10.85  1.69
-10.84  1.7
-10.83  1.55
-10.82  1.53
-10.81  1.42
-10.8  1.38
-10.79  1.33
-10.78  1.26
-10.77  1.23
-10.76  1.12
-10.75  1.15
-10.74  1.03
-10.73  1.03
-10.72  0.96
-10.71  0.94
-10.7  0.89
-10.69  0.89
-10.68  0.84
-10.67  0.8
-10.66  0.79
-10.65  0.78
-10.64  0.74
-10.63  0.72
-10.62  0.72
-10.61  0.76
-10.6  0.65
-10.59  0.68
-10.58  0.67
-10.57  0.69
-10.56  0.66
-10.55  0.63
-10.54  0.61
-10.53  0.64
-10.52  0.64
-10.51  0.63
-10.5  0.62
-10.49  0.62
-10.48  0.65
-10.47  0.6
-10.46  0.65
-10.45  0.64
-10.44  0.63
-10.43  0.66
-10.42  0.68
-10.41  0.64
-10.4  0.7
-10.39  0.69
-10.38  0.71
-10.37  0.7
-10.36  0.72
-10.35  0.72
-10.34  0.77
-10.33  0.78
-10.32  0.81
-10.31  0.8
-10.3  0.83
-10.29  0.85
-10.28  0.9
-10.27  0.95
-10.26  0.92
-10.25  0.99
-10.24  1.03
-10.23  1.02
-10.22  1.11
-10.21  1.16
-10.2  1.16
-10.19  1.22
-10.18  1.24
-10.17  1.33
-10.16  1.35
-10.15  1.38
-10.14  1.47
-10.13  1.5
-10.12  1.5
-10.11  1.62
-10.1  1.61
-10.09  1.67
-10.08  1.71
-10.07  1.75
-10.06  1.75
-10.05  1.76
-10.04  1.77
-10.03  1.84
-10.02  1.76
-10.01  1.76
-10  1.8
-9.99  1.73
-9.98  1.69
-9.97  1.7
-9.96  1.63
-9.95  1.62
-9.94  1.55
-9.93  1.5
-9.92  1.49
-9.91  1.42
-9.9  1.33
-9.89  1.35
-9.88  1.27
-9.87  1.23
-9.86  1.24
-9.85  1.14
-9.84  1.14
-9.83  1.08
-9.82  1.07
-9.81  1.06
-9.8  1
-9.79  0.93
-9.78  0.92
-9.77  0.92
-9.76  0.89
-9.75  0.87
-9.74  0.85
-9.73  0.85
-9.72  0.8
-9.71  0.8
-9.7  0.8
-9.69  0.74
-9.68  0.77
-9.67  0.74
-9.66  0.73
-9.65  0.8
-9.64  0.74
-9.63  0.74
-9.62  0.73
-9.61  0.71
-9.6  0.71
-9.59  0.74
-9.58  0.66
-9.57  0.74
-9.56  0.7
-9.55  0.75
-9.54  0.72
-9.53  0.74
-9.52  0.75
-9.51  0.73
-9.5  0.78
-9.49  0.76
-9.48  0.77
-9.47  0.82
-9.46  0.74
-9.45  0.83
-9.44  0.86
-9.43  0.79
-9.42  0.88
-9.41  0.88
-9.4  0.89
-9.39  0.94
-9.38  0.94
-9.37  0.97
-9.36  1
-9.35  1.02
-9.34  1.02
-9.33  1.08
-9.32  1.06
-9.31  1.16
-9.3  1.14
-9.29  1.19
-9.28  1.23
-9.27  1.23
-9.26  1.35
-9.25  1.37
-9.24  1.33
-9.23  1.37
-9.22  1.44
-9.21  1.46
-9.2  1.51
-9.19  1.46
-9.18  1.56
-9.17  1.57
-9.16  1.54
-9.15  1.56
-9.14  1.58
-9.13  1.62
-9.12  1.62
-9.11  1.6
-9.1  1.55
-9.09  1.56
-9.08  1.57
-9.07  1.56
-9.06  1.48
-9.05  1.5
-9.04  1.45
-9.03  1.46
-9.02  1.42
-9.01  1.4
-9  1.34
-8.99  1.32
-8.98  1.28
-8.97  1.24
-8.96  1.22
-8.95  1.21
-8.94  1.14
-8.93  1.11
-8.92  1.08
-8.91  1.07
-8.9  1.04
-8.89  1.02
-8.88  1.03
-8.87  0.98
-8.86  0.98
-8.85  0.97
-8.84  0.89
-8.83  0.92
-8.82  0.89
-8.81  0.88
-8.8  0.88
-8.79  0.87
-8.78  0.82
-8.77  0.82
-8.76  0.8
-8.75  0.81
-8.74  0.84
-8.73  0.81
-8.72  0.79
-8.71  0.8
-8.7  0.81
-8.69  0.77
-8.68  0.83
-8.67  0.8
-8.66  0.79
-8.65  0.79
-8.64  0.77
-8.63  0.78
-8.62  0.88
-8.61  0.82
-8.6  0.82
-8.59  0.82
-8.58  0.87
-8.57  0.83
-8.56  0.88
-8.55  0.86
-8.54  0.86
-8.53  0.9
-8.52  0.89
-8.51  0.93
-8.5  0.97
-8.49  0.97
-8.48  0.96
-8.47  1.01
-8.46  0.97
-8.45  1.02
-8.44  1.1
-8.43  1.04
-8.42  1.1
-8.41  1.12
-8.4  1.17
-8.39  1.2
-8.38  1.23
-8.37  1.18
-8.36  1.23
-8.35  1.26
-8.34  1.3
-8.33  1.34
-8.32  1.33
-8.31  1.37
-8.3  1.37
-8.29  1.4
-8.28  1.37
-8.27  1.46
-8.26  1.46
-8.25  1.42
-8.24  1.45
-8.23  1.47
-8.22  1.47
-8.21  1.5
-8.2  1.46
-8.19  1.42
-8.18  1.45
-8.17  1.47
-8.16  1.39
-8.15  1.41
-8.14  1.39
-8.13  1.36
-8.12  1.34
-8.11  1.32
-8.1  1.31
-8.09  1.33
-8.08  1.26
-8.07  1.17
-8.06  1.23
-8.05  1.21
-8.04  1.17
-8.03  1.13
-8.02  1.17
-8.01  1.07
-8  1.13
-7.99  1.07
-7.98  1
-7.97  1.04
-7.96  1.02
-7.95  1.02
-7.94  0.94
-7.93  0.99
-7.92  0.96
-7.91  0.95
-7.9  0.9
-7.89  0.89
-7.88  0.91
-7.87  0.9
-7.86  0.86
-7.85  0.94
-7.84  0.87
-7.83  0.86
-7.82  0.89
-7.81  0.84
-7.8  0.88
-7.79  0.88
-7.78  0.81
-7.77  0.88
-7.76  0.87
-7.75  0.86
-7.74  0.84
-7.73  0.89
-7.72  0.83
-7.71  0.88
-7.7  0.9
-7.69  0.86
-7.68  0.88
-7.67  0.89
-7.66  0.94
-7.65  0.91
-7.64  0.93
-7.63  0.91
-7.62  0.97
-7.61  0.99
-7.6  0.97
-7.59  0.96
-7.58  0.99
-7.57  1.03
-7.56  0.99
-7.55  1.09
-7.54  1.07
-7.53  1.05
-7.52  1.11
-7.51  1.14
-7.5  1.13
-7.49  1.16
-7.48  1.2
-7.47  1.15
-7.46  1.24
-7.45  1.2
-7.44  1.26
-7.43  1.23
-7.42  1.3
-7.41  1.27
-7.4  1.32
-7.39  1.28
-7.38  1.35
-7.37  1.33
-7.36  1.36
-7.35  1.36
-7.34  1.37
-7.33  1.36
-7.32  1.38
-7.31  1.42
-7.3  1.35
-7.29  1.39
-7.28  1.32
-7.27  1.38
-7.26  1.32
-7.25  1.3
-7.24  1.32
-7.23  1.35
-7.22  1.26
-7.21  1.34
-7.2  1.24
-7.19  1.27
-7.18  1.22
-7.17  1.23
-7.16  1.17
-7.15  1.25
-7.14  1.16
-7.13  1.18
-7.12  1.13
-7.11  1.13
-7.1  1.1
-7.09  1.08
-7.08  1.07
-7.07  1.05
-7.06  1.04
-7.05  1.06
-7.04  0.98
-7.03  1.01
-7.02  1.02
-7.01  1.01
-7  0.95
-6.99  0.92
-6.98  0.93
-6.97  0.99
-6.96  0.97
-6.95  0.95
-6.94  0.89
-6.93  0.93
-6.92  0.93
-6.91  0.91
-6.9  0.9
-6.89  0.94
-6.88  0.95
-6.87  0.87
-6.86  0.9
-6.85  0.91
-6.84  0.9
-6.83  0.9
-6.82  0.89
-6.81  0.92
-6.8  0.96
-6.79  0.91
-6.78  0.99
-6.77  0.87
-6.76  0.96
-6.75  0.92
-6.74  1.01
-6.73  0.97
-6.72  1
-6.71  0.99
-6.7  1.01
-6.69  0.99
-6.68  1.02
-6.67  1.04
-6.66  1.06
-6.65  1.05
-6.64  1.03
-6.63  1.1
-6.62  1.07
-6.61  1.15
-6.6  1.12
-6.59  1.13
-6.58  1.11
-6.57  1.16
-6.56  1.19
-6.55  1.2
-6.54  1.25
-6.53  1.23
-6.52  1.22
-6.51  1.22
-6.5  1.25
-6.49  1.26
-6.48  1.28
-6.47  1.26
-6.46  1.31
-6.45  1.29
-6.44  1.28
-6.43  1.28
-6.42  1.31
-6.41  1.29
-6.4  1.34
-6.39  1.26
-6.38  1.34
-6.37  1.29
-6.36  1.3
-6.35  1.3
-6.34  1.23
-6.33  1.27
-6.32  1.25
-6.31  1.23
-6.3  1.27
-6.29  1.22
-6.28  1.25
-6.27  1.2
-6.26  1.14
-6.25  1.2
-6.24  1.14
-6.23  1.19
-6.22  1.11
-6.21  1.15
-6.2  1.13
-6.19  1.1
-6.18  1.09
-6.17  1.12
-6.16  1.08
-6.15  1.05
-6.14  1.01
-6.13  1
-6.12  1.02
-6.11  1.04
-6.1  1.02
-6.09  0.98
-6.08  1.02
-6.07  1.03
-6.06  0.94
-6.05  0.96
-6.04  1.02
-6.03  0.95
-6.02  0.94
-6.01  0.97
-6  0.95
-5.99  0.93
-5.98  0.99
-5.97  0.94
-5.96  0.94
-5.95  0.97
-5.94  0.91
-5.93  0.95
-5.92  0.98
-5.91  0.93
-5.9  0.98
-5.89  0.94
-5.88  1.02
-5.87  0.97
-5.86  0.95
-5.85  1.05
-5.84  0.94
-5.83  0.98
-5.82  0.97
-5.81  1
-5.8  1
-5.79  1.07
-5.78  1.03
-5.77  1.06
-5.76  1.06
-5.75  1.11
-5.74  1.06
-5.73  1.08
-5.72  1.08
-5.71  1.09
-5.7  1.08
-5.69  1.12
-5.68  1.16
-5.67  1.15
-5.66  1.17
-5.65  1.19
-5.64  1.15
-5.63  1.18
-5.62  1.2
-5.61  1.24
-5.6  1.2
-5.59  1.21
-5.58  1.25
-5.57  1.19
-5.56  1.22
-5.55  1.29
-5.54  1.24
-5.53  1.24
-5.52  1.25
-5.51  1.25
-5.5  1.25
-5.49  1.28
-5.48  1.22
-5.47  1.24
-5.46  1.25
-5.45  1.28
-5.44  1.23
-5.43  1.23
-5.42  1.22
-5.41  1.21
-5.4  1.25
-5.39  1.12
-5.38  1.25
-5.37  1.16
-5.36  1.16
-5.35  1.17
-5.34  1.18
-5.33  1.15
-5.32  1.16
-5.31  1.13
-5.3  1.1
-5.29  1.13
-5.28  1.15
-5.27  1.06
-5.26  1.07
-5.25  1.08
-5.24  1.05
-5.23  1.07
-5.22  1.05
-5.21  1.1
-5.2  1
-5.19  1
-5.18  1.04
-5.17  1
-5.16  1.01
-5.15  1
-5.14  0.99
-5.13  1.01
-5.12  0.97
-5.11  1
-5.1  1.01
-5.09  0.96
-5.08  0.95
-5.07  1.04
-5.06  0.97
-5.05  1.01
-5.04  0.97
-5.03  1.04
-5.02  0.99
-5.01  0.95
-5  1.01
-4.99  0.97
-4.98  1
-4.97  0.97
-4.96  0.97
-4.95  1.05
-4.94  1
-4.93  1
-4.92  1.01
-4.91  1.01
-4.9  1.1
-4.89  1.03
-4.88  1.06
-4.87  1.06
-4.86  1.03
-4.85  1.06
-4.84  1.08
-4.83  1.06
-4.82  1.17
-4.81  1.06
-4.8  1.16
-4.79  1.09
-4.78  1.12
-4.77  1.15
-4.76  1.08
-4.75  1.22
-4.74  1.1
-4.73  1.21
-4.72  1.18
-4.71  1.13
-4.7  1.15
-4.69  1.22
-4.68  1.17
-4.67  1.21
-4.66  1.23
-4.65  1.19
-4.64  1.18
-4.63  1.26
-4.62  1.21
-4.61  1.21
-4.6  1.2
-4.59  1.25
-4.58  1.17
-4.57  1.27
-4.56  1.19
-4.55  1.23
-4.54  1.23
-4.53  1.17
-4.52  1.25
-4.51  1.16
-4.5  1.15
-4.49  1.22
-4.48  1.14
-4.47  1.14
-4.46  1.18
-4.45  1.16
-4.44  1.2
-4.43  1.11
-4.42  1.1
-4.41  1.18
-4.4  1.11
-4.39  1.09
-4.38  1.1
-4.37  1.14
-4.36  1.08
-4.35  1.07
-4.34  1.12
-4.33  1.05
-4.32  1.07
-4.31  1.07
-4.3  1.06
-4.29  1.08
-4.28  1.04
-4.27  0.99
-4.26  1.1
-4.25  1.01
-4.24  0.98
-4.23  1.04
-4.22  1
-4.21  1.06
-4.2  1
-4.19  0.99
-4.18  1.04
-4.17  0.96
-4.16  1.01
-4.15  1.08
-4.14  1
-4.13  0.99
-4.12  1.01
-4.11  1
-4.1  1.01
-4.09  1.05
-4.08  1
-4.07  0.99
-4.06  1.07
-4.05  1.03
-4.04  0.97
-4.03  1.05
-4.02  1.06
-4.01  1.02
-4  1.06
-3.99  1.09
-3.98  1.03
-3.97  1.02
-3.96  1.09
-3.95  1.06
-3.94  1.04
-3.93  1.13
-3.92  1.1
-3.91  1.06
-3.9  1.11
-3.89  1.14
-3.88  1.1
-3.87  1.14
-3.86  1.13
-3.85  1.18
-3.84  1.12
-3.83  1.16
-3.82  1.15
-3.81  1.17
-3.8  1.14
-3.79  1.12
-3.78  1.19
-3.77  1.16
-3.76  1.19
-3.75  1.19
-3.74  1.18
-3.73  1.18
-3.72  1.21
-3.71  1.14
-3.7  1.2
-3.69  1.22
-3.68  1.19
-3.67  1.2
-3.66  1.16
-3.65  1.21
-3.64  1.12
-3.63  1.2
-3.62  1.18
-3.61  1.19
-3.6  1.15
-3.59  1.15
-3.58  1.22
-3.57  1.13
-3.56  1.16
-3.55  1.18
-3.54  1.16
-3.53  1.15
-3.52  1.1
-3.51  1.11
-3.5  1.09
-3.49  1.14
-3.48  1.07
-3.47  1.1
-3.46  1.13
-3.45  1.06
-3.44  1.12
-3.43  1.12
-3.42  1.04
-3.41  1.07
-3.4  1.08
-3.39  1.07
-3.38  1.06
-3.37  1.03
-3.36  1.07
-3.35  1.05
-3.34  1.02
-3.33  1.08
-3.32  1.06
-3.31  0.99
-3.3  1.08
-3.29  1.04
-3.28  1.05
-3.27  0.98
-3.26  1.03
-3.25  1.05
-3.24  0.97
-3.23  1.06
-3.22  1.03
-3.21  1.04
-3.2  1.02
-3.19  1
-3.18  1.06
-3.17  1.04
-3.16  1.03
-3.15  1.03
-3.14  1.07
-3.13  1.04
-3.12  1.09
-3.11  1.05
-3.1  1.04
-3.09  1.08
-3.08  1.08
-3.07  1.07
-3.06  1.07
-3.05  1.06
-3.04  1.06
-3.03  1.08
-3.02  1.05
-3.01  1.13
-3  1.11
-2.99  1.12
-2.98  1.09
-2.97  1.11
-2.96  1.1
-2.95  1.14
-2.94  1.19
-2.93  1.09
-2.92  1.13
-2.91  1.14
-2.9  1.16
-2.89  1.15
-2.88  1.13
-2.87  1.15
-2.86  1.17
-2.85  1.17
-2.84  1.15
-2.83  1.22
-2.82  1.12
-2.81  1.23
-2.8  1.12
-2.79  1.18
-2.78  1.14
-2.77  1.2
-2.76  1.18
-2.75  1.16
-2.74  1.17
-2.73  1.18
-2.72  1.13
-2.71  1.15
-2.7  1.14
-2.69  1.17
-2.68  1.14
-2.67  1.12
-2.66  1.16
-2.65  1.12
-2.64  1.15
-2.63  1.21
-2.62  1.11
-2.61  1.11
-2.6  1.1
-2.59  1.1
-2.58  1.13
-2.57  1.1
-2.56  1.17
-2.55  1
-2.54  1.12
-2.53  1.07
-2.52  1.12
-2.51  1.11
-2.5  1.08
-2.49  1.06
-2.48  1.05
-2.47  1.05
-2.46  1.07
-2.45  1.07
-2.44  1.08
-2.43  1.06
-2.42  1.07
-2.41  1.03
-2.4  1.05
-2.39  1.04
-2.38  1.02
-2.37  1.06
-2.36  1.05
-2.35  1.05
-2.34  1.01
-2.33  1.1
-2.32  1.06
-2.31  1.06
-2.3  1.05
-2.29  1.07
-2.28  1
-2.27  1.02
-2.26  1.06
-2.25  1.09
-2.24  1.04
-2.23  1.08
-2.22  1.04
-2.21  1.02
-2.2  1.09
-2.19  1.05
-2.18  1.12
-2.17  1.01
-2.16  1.1
-2.15  1.1
-2.14  1.07
-2.13  1.11
-2.12  1.03
-2.11  1.11
-2.1  1.15
-2.09  1.11
-2.08  1.13
-2.07  1.08
-2.06  1.13
-2.05  1.13
-2.04  1.14
-2.03  1.13
-2.02  1.06
-2.01  1.15
-2  1.12
-1.99  1.13
-1.98  1.14
-1.97  1.11
-1.96  1.15
-1.95  1.2
-1.94  1.16
-1.93  1.16
-1.92  1.08
-1.91  1.17
-1.9  1.12
-1.89  1.15
-1.88  1.16
-1.87  1.18
-1.86  1.17
-1.85  1.16
-1.84  1.18
-1.83  1.12
-1.82  1.17
-1.81  1.17
-1.8  1.08
-1.79  1.16
-1.78  1.08
-1.77  1.18
-1.76  1.17
-1.75  1.13
-1.74  1.1
-1.73  1.09
-1.72  1.13
-1.71  1.16
-1.7  1.14
-1.69  1.11
-1.68  1.13
-1.67  1.07
-1.66  1.13
-1.65  1.05
-1.64  1.12
-1.63  1.08
-1.62  1.11
-1.61  1.07
-1.6  1.08
-1.59  1.04
-1.58  1.11
-1.57  1.08
-1.56  1.1
-1.55  1.07
-1.54  1.1
-1.53  1.08
-1.52  1.07
-1.51  1.05
-1.5  1.07
-1.49  0.99
-1.48  1.09
-1.47  1.08
-1.46  1.07
-1.45  1.04
-1.44  1.09
-1.43  1.04
-1.42  1.06
-1.41  1.04
-1.4  1.04
-1.39  1.04
-1.38  1.07
-1.37  1.09
-1.36  1.06
-1.35  1.1
-1.34  1
-1.33  1.1
-1.32  1.08
-1.31  1.08
-1.3  0.99
-1.29  1.13
-1.28  1.09
-1.27  1.07
-1.26  1.08
-1.25  1.12
-1.24  1.07
-1.23  1.09
-1.22  1.11
-1.21  1.09
-1.2  1.07
-1.19  1.11
-1.18  1.07
-1.17  1.16
-1.16  1.08
-1.15  1.12
-1.14  1.08
-1.13  1.13
-1.12  1.1
-1.11  1.15
-1.1  1.1
-1.09  1.13
-1.08  1.15
-1.07  1.13
-1.06  1.13
-1.05  1.18
-1.04  1.15
-1.03  1.15
-1.02  1.1
-1.01  1.18
-1  1.1
-0.99  1.1
-0.98  1.14
-0.97  1.18
-0.96  1.12
-0.95  1.17
-0.94  1.15
-0.93  1.11
-0.92  1.13
-0.91  1.12
-0.9  1.11
-0.89  1.14
-0.88  1.13
-0.87  1.17
-0.86  1.12
-0.85  1.13
-0.84  1.12
-0.83  1.11
-0.82  1.12
-0.81  1.14
-0.8  1.09
-0.79  1.16
-0.78  1.08
-0.77  1.07
-0.76  1.15
-0.75  1.09
-0.74  1.16
-0.73  1.05
-0.72  1.08
-0.71  1.13
-0.7  1.1
-0.69  1.07
-0.68  1.06
-0.67  1.09
-0.66  1.06
-0.65  1.09
-0.64  1.02
-0.63  1.16
-0.62  1.05
-0.61  1.09
-0.6  1.08
-0.59  1.08
-0.58  1.06
-0.57  1.06
-0.56  1.06
-0.55  1.07
-0.54  1.08
-0.53  1.06
-0.52  1.08
-0.51  1.06
-0.5  1.11
-0.49  1.01
-0.48  1.14
-0.47  1.05
-0.46  1.04
-0.45  1.09
-0.44  1.05
-0.43  1.07
-0.42  1.07
-0.41  1.12
-0.4  1.03
-0.39  1.11
-0.38  1.16
-0.37  1.05
-0.36  1.07
-0.35  1.04
-0.34  1.09
-0.33  1.05
-0.32  1.12
-0.31  1.08
-0.3  1.1
-0.29  1.16
-0.28  1.09
-0.27  1.1
-0.26  1.06
-0.25  1.12
-0.24  1.12
-0.23  1.12
-0.22  1.1
-0.21  1.16
-0.2  1.15
-0.19  1.13
-0.18  1.11
-0.17  1.13
-0.16  1.08
-0.15  1.08
-0.14  1.15
-0.13  1.13
-0.12  1.12
-0.11  1.19
-0.1  1.09
-0.09  1.11
-0.08  1.15
-0.07  1.16
-0.06  1.1
-0.05  1.17
-0.04  1.11
-0.03  1.11
-0.02  1.15
-0.01  1.1
-2.16197e-11  1.13
0.0001  0.01
0.0101  1.14
0.0201  1.15
0.0301  1.16
0.0401  1.14
0.0501  1.11
0.0601  1.07
0.0701  1.17
0.0801  1.13
0.0901  1.12
0.1001  1.17
0.1101  1.16
0.1201  1.11
0.1301  1.13
0.1401  1.14
0.1501  1.11
0.1601  1.18
0.1701  1.13
0.1801  1.13
0.1901  1.19
0.2001  1.24
0.2101  1.17
0.2201  1.14
0.2301  1.21
0.2401  1.21
0.2501  1.19
0.2601  1.24
0.2701  1.2
0.2801  1.18
0.2901  1.27
0.3001  1.25
0.3101  1.2
0.3201  1.23
0.3301  1.24
0.3401  1.28
0.3501  1.26
0.3601  1.29
0.3701  1.26
0.3801  1.28
0.3901  1.31
0.4001  1.29
0.4101  1.28
0.4201  1.3
0.4301  1.36
0.4401  1.32
0.4501  1.31
0.4601  1.39
0.4701  1.33
0.4801  1.4
0.4901  1.36
0.5001  1.35
0.5101  1.38
0.5201  1.39
0.5301  1.37
0.5401  1.38
0.5501  1.41
0.5601  1.39
0.5701  1.42
0.5801  1.43
0.5901  1.4
0.6001  1.36
0.6101  1.43
0.6201  1.39
0.6301  1.41
0.6401  1.41
0.6501  1.42
0.6601  1.42
0.6701  1.43
0.6801  1.36
0.6901  1.44
0.7001  1.39
0.7101  1.44
0.7201  1.4
0.7301  1.36
0.7401  1.47
0.7501  1.34
0.7601  1.38
0.7701  1.38
0.7801  1.36
0.7901  1.34
0.8001  1.39
0.8101  1.4
0.8201  1.38
0.8301  1.29
0.8401  1.34
0.8501  1.36
0.8601  1.34
0.8701  1.27
0.8801  1.38
0.8901  1.29
0.9001  1.34
0.9101  1.27
0.9201  1.26
0.9301  1.3
0.9401  1.29
0.9501  1.31
0.9601  1.26
0.9701  1.26
0.9801  1.21
0.9901  1.26
1.0001  1.2
1.0101  1.25
1.0201  1.23
1.0301  1.24
1.0401  1.28
1.0501  1.25
1.0601  1.19
1.0701  1.18
1.0801  1.25
1.0901  1.15
1.1001  1.2
1.1101  1.18
1.1201  1.22
1.1301  1.17
1.1401  1.2
1.1501  1.2
1.1601  1.16
1.1701  1.15
1.1801  1.2
1.1901  1.2
1.2001  1.14
1.2101  1.18
1.2201  1.13
1.2301  1.21
1.2401  1.14
1.2501  1.15
1.2601  1.24
1.2701  1.14
1.2801  1.15
1.2901  1.18
1.3001  1.13
1.3101  1.16
1.3201  1.23
1.3301  1.2
1.3401  1.16
1.3501  1.18
1.3601  1.21
1.3701  1.18
1.3801  1.24
1.3901  1.2
1.4001  1.14
1.4101  1.18
1.4201  1.22
1.4301  1.21
1.4401  1.17
1.4501  1.2
1.4601  1.18
1.4701  1.25
1.4801  1.22
1.4901  1.18
1.5001  1.24
1.5101  1.28
1.5201  1.24
1.5301  1.22
1.5401  1.34
1.5501  1.23
1.5601  1.33
1.5701  1.17
1.5801  1.31
1.5901  1.28
1.6001  1.27
1.6101  1.28
1.6201  1.27
1.6301  1.33
1.6401  1.34
1.6501  1.29
1.6601  1.28
1.6701  1.35
1.6801  1.32
1.6901  1.37
1.7001  1.29
1.7101  1.36
1.7201  1.34
1.7301  1.34
1.7401  1.36
1.7501  1.34
1.7601  1.38
1.7701  1.3
1.7801  1.35
1.7901  1.38
1.8001  1.37
1.8101  1.35
1.8201  1.39
1.8301  1.41
1.8401  1.32
1.8501  1.39
1.8601  1.4
1.8701  1.31
1.8801  1.43
1.8901  1.39
1.9001  1.32
1.9101  1.42
1.9201  1.41
1.9301  1.35
1.9401  1.34
1.9501  1.38
1.9601  1.36
1.9701  1.35
1.9801  1.33
1.9901  1.34
2.0001  1.38
2.0101  1.41
2.0201  1.3
2.0301  1.39
2.0401  1.32
2.0501  1.33
2.0601  1.3
2.0701  1.28
2.0801  1.33
2.0901  1.36
2.1001  1.28
2.1101  1.28
2.1201  1.31
2.1301  1.28
2.1401  1.35
2.1501  1.26
2.1601  1.36
2.1701  1.25
2.1801  1.25
2.1901  1.27
2.2001  1.25
2.2101  1.3
2.2201  1.29
2.2301  1.26
2.2401  1.22
2.2501  1.27
2.2601  1.25
2.2701  1.21
2.2801  1.21
2.2901  1.24
2.3001  1.17
2.3101  1.26
2.3201  1.27
2.3301  1.2
2.3401  1.23
2.3501  1.12
2.3601  1.23
2.3701  1.23
2.3801  1.27
2.3901  1.17
2.4001  1.24
2.4101  1.14
2.4201  1.25
2.4301  1.16
2.4401  1.23
2.4501  1.2
2.4601  1.22
2.4701  1.17
2.4801  1.22
2.4901  1.16
2.5001  1.25
2.5101  1.17
2.5201  1.14
2.5301  1.29
2.5401  1.21
2.5501  1.2
2.5601  1.18
2.5701  1.19
2.5801  1.2
2.5901  1.21
2.6001  1.17
2.6101  1.22
2.6201  1.25
2.6301  1.24
2.6401  1.18
2.6501  1.21
2.6601  1.25
2.6701  1.28
2.6801  1.17
2.6901  1.26
2.7001  1.23
2.7101  1.21
2.7201  1.31
2.7301  1.25
2.7401  1.28
2.7501  1.25
2.7601  1.23
2.7701  1.29
2.7801  1.23
2.7901  1.28
2.8001  1.29
2.8101  1.22
2.8201  1.28
2.8301  1.33
2.8401  1.32
2.8501  1.2
2.8601  1.31
2.8701  1.31
2.8801  1.31
2.8901  1.37
2.9001  1.31
2.9101  1.3
2.9201  1.31
2.9301  1.34
2.9401  1.28
2.9501  1.3
2.9601  1.36
2.9701  1.33
2.9801  1.33
2.9901  1.32
3.0001  1.36
3.0101  1.37
3.0201  1.37
3.0301  1.34
3.0401  1.31
3.0501  1.39
3.0601  1.36
3.0701  1.28
3.0801  1.35
3.0901  1.37
3.1001  1.28
3.1101  1.38
3.1201  1.37
3.1301  1.39
3.1401  1.28
3.1501  1.38
3.1601  1.36
3.1701  1.3
3.1801  1.34
3.1901  1.39
3.2001  1.32
3.2101  1.28
3.2201  1.34
3.2301  1.3
3.2401  1.39
3.2501  1.34
3.2601  1.32
3.2701  1.32
3.2801  1.33
3.2901  1.26
3.3001  1.32
3.3101  1.35
3.3201  1.27
3.3301  1.32
3.3401  1.26
3.3501  1.36
3.3601  1.28
3.3701  1.29
3.3801  1.24
3.3901  1.33
3.4001  1.29
3.4101  1.29
3.4201  1.24
3.4301  1.27
3.4401  1.22
3.4501  1.25
3.4601  1.23
3.4701  1.27
3.4801  1.3
3.4901  1.19
3.5001  1.26
3.5101  1.3
3.5201  1.25
3.5301  1.21
3.5401  1.24
3.5501  1.25
3.5601  1.22
3.5701  1.29
3.5801  1.26
3.5901  1.24
3.6001  1.2
3.6101  1.21
3.6201  1.23
3.6301  1.2
3.6401  1.21
3.6501  1.25
3.6601  1.18
3.6701  1.21
3.6801  1.2
3.6901  1.2
3.7001  1.26
3.7101  1.21
3.7201  1.25
3.7301  1.22
3.7401  1.19
3.7501  1.29
3.7601  1.15
3.7701  1.27
3.7801  1.22
3.7901  1.14
3.8001  1.26
3.8101  1.26
3.8201  1.21
3.8301  1.26
3.8401  1.19
3.8501  1.2
3.8601  1.28
3.8701  1.24
3.8801  1.24
3.8901  1.29
3.9001  1.24
3.9101  1.25
3.9201  1.23
3.9301  1.25
3.9401  1.2
3.9501  1.27
3.9601  1.26
3.9701  1.26
3.9801  1.2
3.9901  1.35
4.0001  1.25
4.0101  1.3
4.0201  1.26
4.0301  1.3
4.0401  1.21
4.0501  1.34
4.0601  1.23
4.0701  1.33
4.0801  1.27
4.0901  1.31
4.1001  1.3
4.1101  1.31
4.1201  1.27
4.1301  1.37
4.1401  1.31
4.1501  1.31
4.1601  1.34
4.1701  1.28
4.1801  1.29
4.1901  1.29
4.2001  1.3
4.2101  1.29
4.2201  1.4
4.2301  1.33
4.2401  1.3
4.2501  1.27
4.2601  1.41
4.2701  1.31
4.2801  1.35
4.2901  1.33
4.3001  1.32
4.3101  1.33
4.3201  1.34
4.3301  1.28
4.3401  1.33
4.3501  1.33
4.3601  1.38
4.3701  1.33
4.3801  1.28
4.3901  1.32
4.4001  1.38
4.4101  1.3
4.4201  1.37
4.4301  1.32
4.4401  1.3
4.4501  1.27
4.4601  1.37
4.4701  1.33
4.4801  1.26
4.4901  1.31
4.5001  1.31
4.5101  1.34
4.5201  1.34
4.5301  1.31
4.5401  1.28
4.5501  1.3
4.5601  1.21
4.5701  1.33
4.5801  1.32
4.5901  1.25
4.6001  1.27
4.6101  1.29
4.6201  1.28
4.6301  1.31
4.6401  1.29
4.6501  1.29
4.6601  1.24
4.6701  1.25
4.6801  1.29
4.6901  1.22
4.7001  1.26
4.7101  1.32
4.7201  1.21
4.7301  1.26
4.7401  1.28
4.7501  1.26
4.7601  1.23
4.7701  1.33
4.7801  1.18
4.7901  1.23
4.8001  1.28
4.8101  1.24
4.8201  1.21
4.8301  1.23
4.8401  1.25
4.8501  1.23
4.8601  1.21
4.8701  1.3
4.8801  1.2
4.8901  1.19
4.9001  1.25
4.9101  1.3
4.9201  1.19
4.9301  1.2
4.9401  1.25
4.9501  1.3
4.9601  1.24
4.9701  1.25
4.9801  1.15
4.9901  1.24
5.0001  1.28
5.0101  1.24
5.0201  1.31
5.0301  1.2
5.0401  1.22
5.0501  1.22
5.0601  1.21
5.0701  1.28
5.0801  1.19
5.0901  1.26
5.1001  1.29
5.1101  1.28
5.1201  1.18
5.1301  1.29
5.1401  1.24
5.1501  1.28
5.1601  1.19
5.1701  1.27
5.1801  1.33
5.1901  1.24
5.2001  1.26
5.2101  1.26
5.2201  1.28
5.2301  1.27
5.2401  1.26
5.2501  1.3
5.2601  1.29
5.2701  1.24
5.2801  1.37
5.2901  1.31
5.3001  1.23
5.3101  1.32
5.3201  1.23
5.3301  1.33
5.3401  1.23
5.3501  1.34
5.3601  1.25
5.3701  1.33
5.3801  1.31
5.3901  1.28
5.4001  1.29
5.4101  1.32
5.4201  1.28
5.4301  1.33
5.4401  1.32
5.4501  1.33
5.4601  1.33
5.4701  1.29
5.4801  1.3
5.4901  1.34
5.5001  1.29
5.5101  1.29
5.5201  1.29
5.5301  1.33
5.5401  1.35
5.5501  1.31
5.5601  1.26
5.5701  1.39
5.5801  1.28
5.5901  1.36
5.6001  1.34
5.6101  1.31
5.6201  1.28
5.6301  1.37
5.6401  1.3
5.6501  1.3
5.6601  1.29
5.6701  1.27
5.6801  1.3
5.6901  1.33
5.7001  1.32
5.7101  1.31
5.7201  1.29
5.7301  1.32
5.7401  1.29
5.7501  1.25
5.7601  1.3
5.7701  1.32
5.7801  1.3
5.7901  1.3
5.8001  1.25
5.8101  1.36
5.8201  1.24
5.8301  1.32
5.8401  1.26
5.8501  1.3
5.8601  1.25
5.8701  1.26
5.8801  1.31
5.8901  1.33
5.9001  1.22
5.9101  1.23
5.9201  1.29
5.9301  1.24
5.9401  1.31
5.9501  1.27
5.9601  1.26
5.9701  1.27
5.9801  1.25
5.9901  1.24
6.0001  1.27
6.0101  1.23
6.0201  1.21
6.0301  1.3
6.0401  1.22
6.0501  1.33
6.0601  1.24
6.0701  1.28
6.0801  1.2
6.0901  1.25
6.1001  1.2
6.1101  1.22
6.1201  1.26
6.1301  1.32
6.1401  1.21
6.1501  1.31
6.1601  1.24
6.1701  1.26
6.1801  1.28
6.1901  1.24
6.2001  1.18
6.2101  1.25
6.2201  1.22
6.2301  1.29
6.2401  1.25
6.2501  1.23
6.2601  1.29
6.2701  1.2
6.2801  1.22
6.2901  1.27
6.3001  1.25
6.3101  1.31
6.3201  1.22
6.3301  1.27
6.3401  1.24
6.3501  1.22
6.3601  1.33
6.3701  1.25
6.3801  1.24
6.3901  1.24
6.4001  1.22
6.4101  1.33
6.4201  1.25
6.4301  1.29
6.4401  1.32
6.4501  1.29
6.4601  1.26
6.4701  1.28
6.4801  1.25
6.4901  1.31
6.5001  1.27
6.5101  1.2
6.5201  1.3
6.5301  1.25
6.5401  1.3
6.5501  1.31
6.5601  1.27
6.5701  1.33
6.5801  1.3
6.5901  1.28
6.6001  1.3
6.6101  1.28
6.6201  1.25
6.6301  1.28
6.6401  1.32
6.6501  1.32
6.6601  1.29
6.6701  1.33
6.6801  1.38
6.6901  1.3
6.7001  1.25
6.7101  1.28
6.7201  1.32
6.7301  1.33
6.7401  1.22
6.7501  1.36
6.7601  1.33
6.7701  1.24
6.7801  1.34
6.7901  1.31
6.8001  1.28
6.8101  1.3
6.8201  1.33
6.8301  1.3
6.8401  1.35
6.8501  1.27
6.8601  1.31
6.8701  1.29
6.8801  1.27
6.8901  1.34
6.9001  1.28
6.9101  1.28
6.9201  1.33
6.9301  1.25
6.9401  1.32
6.9501  1.31
6.9601  1.29
6.9701  1.28
6.9801  1.31
6.9901  1.25
7.0001  1.34
7.0101  1.3
7.0201  1.29
7.0301  1.29
7.0401  1.24
7.0501  1.28
7.0601  1.29
7.0701  1.26
7.0801  1.32
7.0901  1.32
7.1001  1.22
7.1101  1.25
7.1201  1.34
7.1301  1.29
7.1401  1.29
7.1501  1.22
7.1601  1.25
7.1701  1.25
7.1801  1.32
7.1901  1.29
7.2001  1.27
7.2101  1.23
7.2201  1.29
7.2301  1.26
7.2401  1.24
7.2501  1.25
7.2601  1.23
7.2701  1.29
7.2801  1.24
7.2901  1.23
7.3001  1.24
7.3101  1.31
7.3201  1.34
7.3301  1.22
7.3401  1.29
7.3501  1.26
7.3601  1.25
7.3701  1.23
7.3801  1.28
7.3901  1.23
7.4001  1.27
7.4101  1.2
7.4201  1.29
7.4301  1.21
7.4401  1.3
7.4501  1.23
7.4601  1.28
7.4701  1.21
7.4801  1.3
7.4901  1.21
7.5001  1.31
7.5101  1.22
7.5201  1.26
7.5301  1.26
7.5401  1.27
7.5501  1.29
7.5601  1.24
7.5701  1.29
7.5801  1.24
7.5901  1.28
7.6001  1.24
7.6101  1.35
7.6201  1.27
7.6301  1.26
7.6401  1.24
7.6501  1.31
7.6601  1.23
7.6701  1.29
7.6801  1.22
7.6901  1.28
7.7001  1.28
7.7101  1.29
7.7201  1.27
7.7301  1.33
7.7401  1.26
7.7501  1.27
7.7601  1.25
7.7701  1.29
7.7801  1.31
7.7901  1.34
7.8001  1.24
7.8101  1.28
7.8201  1.27
7.8301  1.32
7.8401  1.24
7.8501  1.3
7.8601  1.25
7.8701  1.32
7.8801  1.38
7.8901  1.29
7.9001  1.31
7.9101  1.3
7.9201  1.3
7.9301  1.29
7.9401  1.28
7.9501  1.24
7.9601  1.32
7.9701  1.25
7.9801  1.32
7.9901  1.3
8.0001  1.33
8.0101  1.24
8.0201  1.29
8.0301  1.31
8.0401  1.32
8.0501  1.3
8.0601  1.26
8.0701  1.33
8.0801  1.31
8.0901  1.27
8.1001  1.25
8.1101  1.33
8.1201  1.33
8.1301  1.29
8.1401  1.24
8.1501  1.32
8.1601  1.27
8.1701  1.31
8.1801  1.32
8.1901  1.29
8.2001  1.25
8.2101  1.36
8.2201  1.27
8.2301  1.29
8.2401  1.32
8.2501  1.16
8.2601  1.42
8.2701  1.21
8.2801  1.25
8.2901  1.33
8.3001  1.23
8.3101  1.26
8.3201  1.29
8.3301  1.24
8.3401  1.29
8.3501  1.31
8.3601  1.28
8.3701  1.28
8.3801  1.23
8.3901  1.31
8.4001  1.26
8.4101  1.28
8.4201  1.25
8.4301  1.29
8.4401  1.27
8.4501  1.24
8.4601  1.25
8.4701  1.33
8.4801  1.26
8.4901  1.22
8.5001  1.27
8.5101  1.23
8.5201  1.26
8.5301  1.31
8.5401  1.25
8.5501  1.27
8.5601  1.27
8.5701  1.3
8.5801  1.23
8.5901  1.29
8.6001  1.21
8.6101  1.33
8.6201  1.23
8.6301  1.26
8.6401  1.25
8.6501  1.3
8.6601  1.25
8.6701  1.27
8.6801  1.27
8.6901  1.24
8.7001  1.28
8.7101  1.23
8.7201  1.22
8.7301  1.21
8.7401  1.36
8.7501  1.22
8.7601  1.24
8.7701  1.35
8.7801  1.28
8.7901  1.27
8.8001  1.35
8.8101  1.25
8.8201  1.31
8.8301  1.22
8.8401  1.27
8.8501  1.3
8.8601  1.19
8.8701  1.33
8.8801  1.25
8.8901  1.24
8.9001  1.32
8.9101  1.29
8.9201  1.21
8.9301  1.25
8.9401  1.35
8.9501  1.26
8.9601  1.29
8.9701  1.29
8.9801  1.31
8.9901  1.25
9.0001  1.31
9.0101  1.28
9.0201  1.25
9.0301  1.27
9.0401  1.3
9.0501  1.31
9.0601  1.27
9.0701  1.28
9.0801  1.35
9.0901  1.28
9.1001  1.27
9.1101  1.32
9.1201  1.33
9.1301  1.24
9.1401  1.32
9.1501  1.26
9.1601  1.29
9.1701  1.25
9.1801  1.33
9.1901  1.36
9.2001  1.24
9.2101  1.26
9.2201  1.33
9.2301  1.26
9.2401  1.24
9.2501  1.31
9.2601  1.34
9.2701  1.3
9.2801  1.26
9.2901  1.27
9.3001  1.3
9.3101  1.3
9.3201  1.27
9.3301  1.27
9.3401  1.32
9.3501  1.35
9.3601  1.24
9.3701  1.34
9.3801  1.27
9.3901  1.25
9.4001  1.31
9.4101  1.28
9.4201  1.32
9.4301  1.3
9.4401  1.21
9.4501  1.29
9.4601  1.28
9.4701  1.29
9.4801  1.33
9.4901  1.2
9.5001  1.3
9.5101  1.28
9.5201  1.31
9.5301  1.27
9.5401  1.24
9.5501  1.24
9.5601  1.31
9.5701  1.31
9.5801  1.25
9.5901  1.3
9.6001  1.24
9.6101  1.25
9.6201  1.26
9.6301  1.3
9.6401  1.28
9.6501  1.3
9.6601  1.23
9.6701  1.3
9.6801  1.22
9.6901  1.27
9.7001  1.29
9.7101  1.25
9.7201  1.3
9.7301  1.27
9.7401  1.23
9.7501  1.31
9.7601  1.27
9.7701  1.29
9.7801  1.18
9.7901  1.29
9.8001  1.32
9.8101  1.25
9.8201  1.21
9.8301  1.29
9.8401  1.31
9.8501  1.21
9.8601  1.24
9.8701  1.31
9.8801  1.22
9.8901  1.33
9.9001  1.24
9.9101  1.27
9.9201  1.28
9.9301  1.23
9.9401  1.29
9.9501  1.25
9.9601  1.31
9.9701  1.23
9.9801  1.25
9.9901  1.24
10.0001  1.32
10.0101  1.26
10.0201  1.33
10.0301  1.28
10.0401  1.25
10.0501  1.3
10.0601  1.27
10.0701  1.26
10.0801  1.26
10.0901  1.27
10.1001  1.27
10.1101  1.34
10.1201  1.32
10.1301  1.21
10.1401  1.26
10.1501  1.28
10.1601  1.23
10.1701  1.28
10.1801  1.31
10.1901  1.34
10.2001  1.27
10.2101  1.23
10.2201  1.31
10.2301  1.25
10.2401  1.36
10.2501  1.27
10.2601  1.24
10.2701  1.25
10.2801  1.28
10.2901  1.26
10.3001  1.34
10.3101  1.31
10.3201  1.31
10.3301  1.29
10.3401  1.26
10.3501  1.32
10.3601  1.35
10.3701  1.28
10.3801  1.3
10.3901  1.27
10.4001  1.27
10.4101  1.26
10.4201  1.33
10.4301  1.26
10.4401  1.33
10.4501  1.2
10.4601  1.33
10.4701  1.32
10.4801  1.21
10.4901  1.31
10.5001  1.28
10.5101  1.3
10.5201  1.3
10.5301  1.27
10.5401  1.26
10.5501  1.3
10.5601  1.3
10.5701  1.3
10.5801  1.35
10.5901  1.23
10.6001  1.29
10.6101  1.33
10.6201  1.25
10.6301  1.3
10.6401  1.3
10.6501  1.31
10.6601  1.24
10.6701  1.3
10.6801  1.22
10.6901  1.3
10.7001  1.31
10.7101  1.28
10.7201  1.24
10.7301  1.29
10.7401  1.27
10.7501  1.27
10.7601  1.21
10.7701  1.28
10.7801  1.32
10.7901  1.29
10.8001  1.28
10.8101  1.31
10.8201  1.26
10.8301  1.29
10.8401  1.28
10.8501  1.2
10.8601  1.32
10.8701  1.22
10.8801  1.26
10.8901  1.32
10.9001  1.25
10.9101  1.31
10.9201  1.25
10.9301  1.28
10.9401  1.27
10.9501  1.21
10.9601  1.27
10.9701  1.27
10.9801  1.41
10.9901  1.19
11.0001  1.22
11.0101  1.28
11.0201  1.27
11.0301  1.24
11.0401  1.35
11.0501  1.22
11.0601  1.27
11.0701  1.25
11.0801  1.27
11.0901  1.25
11.1001  1.28
11.1101  1.3
11.1201  1.29
11.1301  1.2
11.1401  1.37
11.1501  1.25
11.1601  1.22
11.1701  1.21
11.1801  1.34
11.1901  1.26
11.2001  1.27
11.2101  1.24
11.2201  1.27
11.2301  1.27
11.2401  1.28
11.2501  1.28
11.2601  1.29
11.2701  1.27
11.2801  1.28
11.2901  1.28
11.3001  1.26
11.3101  1.25
11.3201  1.33
11.3301  1.27
11.3401  1.27
11.3501  1.34
11.3601  1.24
11.3701  1.3
11.3801  1.27
11.3901  1.25
11.4001  1.22
11.4101  1.27
11.4201  1.33
11.4301  1.23
11.4401  1.31
11.4501  1.34
11.4601  1.28
11.4701  1.25
11.4801  1.33
11.4901  1.26
11.5001  1.24
11.5101  1.29
11.5201  1.33
11.5301  1.28
11.5401  1.29
11.5501  1.34
11.5601  1.21
11.5701  1.29
11.5801  1.32
11.5901  1.25
11.6001  1.28
11.6101  1.36
11.6201  1.24
11.6301  1.27
11.6401  1.26
11.6501  1.36
11.6601  1.31
11.6701  1.29
11.6801  1.28
11.6901  1.23
11.7001  1.34
11.7101  1.26
11.7201  1.33
11.7301  1.23
11.7401  1.3
11.7501  1.31
11.7601  1.22
11.7701  1.35
11.7801  1.25
11.7901  1.21
11.8001  1.29
11.8101  1.32
11.8201  1.35
11.8301  1.29
11.8401  1.27
11.8501  1.29
11.8601  1.29
11.8701  1.29
11.8801  1.35
11.8901  1.23
11.9001  1.28
11.9101  1.3
11.9201  1.27
11.9301  1.26
11.9401  1.25
11.9501  1.27
11.9601  1.26
11.9701  1.25
11.9801  1.34
11.9901  1.3
12.0001  1.3
12.0101  1.26
12.0201  1.27
12.0301  1.21
12.0401  1.31
12.0501  1.28
12.0601  1.27
12.0701  1.32
12.0801  1.21
12.0901  1.28
12.1001  1.28
12.1101  1.31
12.1201  1.26
12.1301  1.25
12.1401  1.29
12.1501  1.28
12.1601  1.28
12.1701  1.24
12.1801  1.28
12.1901  1.29
12.2001  1.24
12.2101  1.32
12.2201  1.27
12.2301  1.23
12.2401  1.31
12.2501  1.2
12.2601  1.27
12.2701  1.31
12.2801  1.28
12.2901  1.25
12.3001  1.26
12.3101  1.3
12.3201  1.25
12.3301  1.23
12.3401  1.25
12.3501  1.28
12.3601  1.3
12.3701  1.27
12.3801  1.29
12.3901  1.23
12.4001  1.26
12.4101  1.29
12.4201  1.31
12.4301  1.27
12.4401  1.22
12.4501  1.31
12.4601  1.33
12.4701  1.28
12.4801  1.27
12.4901  1.2
12.5001  1.28
12.5101  1.27
12.5201  1.29
12.5301  1.26
12.5401  1.3
12.5501  1.29
12.5601  1.22
12.5701  1.28
12.5801  1.32
12.5901  1.25
12.6001  1.33
12.6101  1.22
12.6201  1.25
12.6301  1.29
12.6401  1.33
12.6501  1.29
12.6601  1.26
12.6701  1.3
12.6801  1.2
12.6901  1.33
12.7001  1.29
12.7101  1.25
12.7201  1.34
12.7301  1.27
12.7401  1.27
12.7501  1.29
12.7601  1.21
12.7701  1.37
12.7801  1.24
12.7901  1.25
12.8001  1.31
12.8101  1.27
12.8201  1.29
12.8301  1.35
12.8401  1.28
12.8501  1.25
12.8601  1.34
12.8701  1.27
12.8801  1.26
12.8901  1.29
12.9001  1.33
12.9101  1.23
12.9201  1.29
12.9301  1.25
12.9401  1.3
12.9501  1.25
12.9601  1.32
12.9701  1.28
12.9801  1.28
12.9901  1.28
13.0001  1.28
13.0101  1.3
13.0201  1.31
13.0301  1.27
13.0401  1.27
13.0501  1.26
13.0601  1.31
13.0701  1.34
13.0801  1.22
13.0901  1.24
13.1001  1.38
13.1101  1.26
13.1201  1.29
13.1301  1.3
13.1401  1.24
13.1501  1.31
13.1601  1.25
13.1701  1.28
13.1801  1.31
13.1901  1.24
13.2001  1.29
13.2101  1.29
13.2201  1.27
13.2301  1.28
13.2401  1.31
13.2501  1.28
13.2601  1.22
13.2701  1.3
13.2801  1.23
13.2901  1.31
13.3001  1.26
13.3101  1.29
13.3201  1.28
13.3301  1.27
13.3401  1.24
13.3501  1.3
13.3601  1.29
13.3701  1.28
13.3801  1.28
13.3901  1.3
13.4001  1.26
13.4101  1.28
13.4201  1.28
13.4301  1.25
13.4401  1.3
13.4501  1.28
13.4601  1.3
13.4701  1.22
13.4801  1.31
13.4901  1.22
13.5001  1.32
13.5101  1.23
13.5201  1.27
13.5301  1.25
13.5401  1.31
13.5501  1.25
13.5601  1.27
13.5701  1.28
13.5801  1.27
13.5901  1.28
13.6001  1.2
13.6101  1.25
13.6201  1.33
13.6301  1.31
13.6401  1.22
13.6501  1.35
13.6601  1.26
13.6701  1.23
13.6801  1.32
13.6901  1.3
13.7001  1.22
13.7101  1.3
13.7201  1.3
13.7301  1.25
13.7401  1.25
13.7501  1.31
13.7601  1.28
13.7701  1.31
13.7801  1.25
13.7901  1.26
13.8001  1.31
13.8101  1.3
13.8201  1.24
13.8301  1.28
13.8401  1.29
13.8501  1.21
13.8601  1.26
13.8701  1.28
13.8801  1.3
13.8901  1.31
13.9001  1.25
13.9101  1.3
13.9201  1.31
13.9301  1.23
13.9401  1.34
13.9501  1.25
13.9601  1.33
13.9701  1.23
13.9801  1.31
13.9901  1.23
14.0001  1.29
14.0101  1.27
14.0201  1.26
14.0301  1.33
14.0401  1.26
14.0501  1.36
14.0601  1.3
14.0701  1.28
14.0801  1.25
14.0901  1.32
14.1001  1.25
14.1101  1.27
14.1201  1.27
14.1301  1.28
14.1401  1.3
14.1501  1.27
14.1601  1.24
14.1701  1.31
14.1801  1.3
14.1901  1.26
14.2001  1.31
14.2101  1.3
14.2201  1.27
14.2301  1.24
14.2401  1.27
14.2501  1.26
14.2601  1.34
14.2701  1.25
14.2801  1.3
14.2901  1.27
14.3001  1.33
14.3101  1.25
14.3201  1.19
14.3301  1.38
14.3401  1.31
14.3501  1.27
14.3601  1.28
14.3701  1.26
14.3801  1.3
14.3901  1.29
14.4001  1.26
14.4101  1.26
14.4201  1.29
14.4301  1.28
14.4401  1.29
14.4501  1.31
14.4601  1.2
14.4701  1.29
14.4801  1.3
14.4901  1.28
14.5001  1.25
14.5101  1.32
14.5201  1.31
14.5301  1.24
14.5401  1.27
14.5501  1.24
14.5601  1.26
14.5701  1.25
14.5801  1.27
14.5901  1.25
14.6001  1.29
14.6101  1.35
14.6201  1.25
14.6301  1.27
14.6401  1.26
14.6501  1.25
14.6601  1.35
14.6701  1.28
14.6801  1.24
14.6901  1.32
14.7001  1.27
14.7101  1.24
14.7201  1.28
14.7301  1.3
14.7401  1.27
14.7501  1.28
14.7601  1.29
14.7701  1.28
14.7801  1.22
14.7901  1.26
14.8001  1.27
14.8101  1.27
14.8201  1.29
14.8301  1.3
14.8401  1.25
14.8501  1.27
14.8601  1.26
14.8701  1.31
14.8801  1.25
14.8901  1.27
14.9001  1.27
14.9101  1.27
14.9201  1.35
14.9301  1.23
14.9401  1.23
14.9501  1.31
14.9601  1.28
14.9701  1.23
14.9801  1.32
14.9901  1.33
15.0001  1.24
15.0101  1.27
15.0201  1.28
15.0301  1.31
15.0401  1.31
15.0501  1.25
15.0601  1.31
15.0701  1.25
15.0801  1.23
15.0901  1.32
15.1001  1.21
15.1101  1.36
15.1201  1.27
15.1301  1.2
15.1401  1.31
15.1501  1.29
15.1601  1.35
15.1701  1.26
15.1801  1.24
15.1901  1.28
15.2001  1.27
15.2101  1.28
15.2201  1.25
15.2301  1.35
15.2401  1.28
15.2501  1.33
15.2601  1.26
15.2701  1.2
15.2801  1.29
15.2901  1.29
15.3001  1.33
15.3101  1.27
15.3201  1.3
15.3301  1.29
15.3401  1.26
15.3501  1.26
15.3601  1.27
15.3701  1.25
15.3801  1.26
15.3901  1.32
15.4001  1.3
15.4101  1.34
15.4201  1.28
15.4301  1.22
15.4401  1.33
15.4501  1.29
15.4601  1.29
15.4701  1.26
15.4801  1.29
15.4901  1.19
15.5001  1.33
15.5101  1.29
15.5201  1.3
15.5301  1.21
15.5401  1.34
15.5501  1.23
15.5601  1.31
15.5701  1.31
15.5801  1.23
15.5901  1.26
15.6001  1.31
15.6101  1.32
15.6201  1.27
15.6301  1.25
15.6401  1.33
15.6501  1.29
15.6601  1.2
15.6701  1.33
15.6801  1.29
15.6901  1.28
15.7001  1.23
15.7101  1.25
15.7201  1.27
15.7301  1.32
15.7401  1.33
15.7501  1.18
15.7601  1.29
15.7701  1.24
15.7801  1.29
15.7901  1.31
15.8001  1.31
15.8101  1.26
15.8201  1.26
15.8301  1.3
15.8401  1.24
15.8501  1.23
15.8601  1.31
15.8701  1.28
15.8801  1.31
15.8901  1.24
15.9001  1.26
15.9101  1.3
15.9201  1.29
15.9301  1.23
15.9401  1.25
15.9501  1.29
15.9601  1.3
15.9701  1.33
15.9801  1.28
15.9901  1.24
16.0001  1.26
16.0101  1.24
16.0201  1.29
16.0301  1.33
16.0401  1.29
16.0501  1.27
16.0601  1.31
16.0701  1.23
16.0801  1.26
16.0901  1.27
16.1001  1.26
16.1101  1.29
16.1201  1.28
16.1301  1.31
16.1401  1.21
16.1501  1.3
16.1601  1.26
16.1701  1.29
16.1801  1.29
16.1901  1.29
16.2001  1.26
16.2101  1.24
16.2201  1.29
16.2301  1.28
16.2401  1.3
16.2501  1.29
16.2601  1.25
16.2701  1.3
16.2801  1.28
16.2901  1.32
16.3001  1.3
16.3101  1.3
16.3201  1.2
16.3301  1.33
16.3401  1.21
16.3501  1.27
16.3601  1.32
16.3701  1.31
16.3801  1.26
16.3901  1.25
16.4001  1.29
16.4101  1.26
16.4201  1.25
16.4301  1.42
16.4401  1.24
16.4501  1.23
16.4601  1.29
16.4701  1.23
16.4801  1.34
16.4901  1.24
16.5001  1.31
16.5101  1.3
16.5201  1.21
16.5301  1.34
16.5401  1.33
16.5501  1.19
16.5601  1.36
16.5701  1.23
16.5801  1.32
16.5901  1.27
16.6001  1.25
16.6101  1.34
16.6201  1.26
16.6301  1.28
16.6401  1.35
16.6501  1.2
16.6601  1.28
16.6701  1.28
16.6801  1.28
16.6901  1.28
16.7001  1.27
16.7101  1.28
16.7201  1.29
16.7301  1.24
16.7401  1.28
16.7501  1.26
16.7601  1.36
16.7701  1.28
16.7801  1.24
16.7901  1.25
16.8001  1.27
16.8101  1.32
16.8201  1.31
16.8301  1.27
16.8401  1.22
16.8501  1.38
16.8601  1.25
16.8701  1.3
16.8801  1.22
16.8901  1.28
16.9001  1.27
16.9101  1.28
16.9201  1.26
16.9301  1.32
16.9401  1.29
16.9501  1.22
16.9601  1.28
16.9701  1.3
16.9801  1.24
16.9901  1.29
17.0001  1.29
17.0101  1.3
17.0201  1.31
17.0301  1.27
17.0401  1.28
17.0501  1.26
17.0601  1.18
17.0701  1.33
17.0801  1.25
17.0901  1.29
17.1001  1.34
17.1101  1.25
17.1201  1.24
17.1301  1.24
17.1401  1.26
17.1501  1.32
17.1601  1.33
17.1701  1.21
17.1801  1.29
17.1901  1.3
17.2001  1.25
17.2101  1.28
17.2201  1.33
17.2301  1.2
17.2401  1.32
17.2501  1.29
17.2601  1.24
17.2701  1.29
17.2801  1.33
17.2901  1.22
17.3001  1.29
17.3101  1.31
17.3201  1.25
17.3301  1.27
17.3401  1.29
17.3501  1.22
17.3601  1.31
17.3701  1.26
17.3801  1.33
17.3901  1.28
17.4001  1.26
17.4101  1.29
17.4201  1.27
17.4301  1.3
17.4401  1.24
17.4501  1.3
17.4601  1.27
17.4701  1.26
17.4801  1.26
17.4901  1.23
17.5001  1.31
17.5101  1.24
17.5201  1.32
17.5301  1.33
17.5401  1.21
17.5501  1.32
17.5601  1.25
17.5701  1.34
17.5801  1.29
17.5901  1.3
17.6001  1.25
17.6101  1.3
17.6201  1.28
17.6301  1.28
17.6401  1.28
17.6501  1.33
17.6601  1.26
17.6701  1.19
17.6801  1.33
17.6901  1.23
17.7001  1.31
17.7101  1.31
17.7201  1.23
17.7301  1.29
17.7401  1.3
17.7501  1.29
17.7601  1.26
17.7701  1.26
17.7801  1.29
17.7901  1.28
17.8001  1.25
17.8101  1.26
17.8201  1.29
17.8301  1.36
17.8401  1.3
17.8501  1.27
17.8601  1.24
17.8701  1.33
17.8801  1.23
17.8901  1.29
17.9001  1.26
17.9101  1.33
17.9201  1.3
17.9301  1.28
17.9401  1.27
17.9501  1.25
17.9601  1.29
17.9701  1.29
17.9801  1.29
17.9901  1.27
18.0001  1.27
18.0101  1.27
18.0201  1.32
18.0301  1.24
18.0401  1.3
18.0501  1.27
18.0601  1.26
18.0701  1.29
18.0801  1.25
18.0901  1.32
18.1001  1.28
18.1101  1.22
18.1201  1.3
18.1301  1.29
18.1401  1.26
18.1501  1.24
18.1601  1.3
18.1701  1.28
18.1801  1.28
18.1901  1.29
18.2001  1.34
18.2101  1.21
18.2201  1.34
18.2301  1.22
18.2401  1.25
18.2501  1.31
18.2601  1.28
18.2701  1.26
18.2801  1.31
18.2901  1.26
18.3001  1.29
18.3101  1.28
18.3201  1.29
18.3301  1.26
18.3401  1.26
18.3501  1.27
18.3601  1.28
18.3701  1.24
18.3801  1.31
18.3901  1.23
18.4001  1.29
18.4101  1.28
18.4201  1.31
18.4301  1.27
18.4401  1.24
18.4501  1.25
18.4601  1.27
18.4701  1.3
18.4801  1.32
18.4901  1.21
18.5001  1.29
18.5101  1.26
18.5201  1.29
18.5301  1.37
18.5401  1.27
18.5501  1.28
18.5601  1.27
18.5701  1.26
18.5801  1.26
18.5901  1.35
18.6001  1.26
18.6101  1.2
18.6201  1.28
18.6301  1.29
18.6401  1.25
18.6501  1.33
18.6601  1.28
18.6701  1.25
18.6801  1.23
18.6901  1.3
18.7001  1.38
18.7101  1.24
18.7201  1.29
18.7301  1.22
18.7401  1.26
18.7501  1.31
18.7601  1.29
18.7701  1.31
18.7801  1.25
18.7901  1.26
18.8001  1.28
18.8101  1.26
18.8201  1.29
18.8301  1.29
18.8401  1.3
18.8501  1.29
18.8601  1.23
18.8701  1.29
18.8801  1.29
18.8901  1.33
18.9001  1.24
18.9101  1.25
18.9201  1.32
18.9301  1.28
18.9401  1.28
18.9501  1.26
18.9601  1.29
18.9701  1.31
18.9801  1.22
18.9901  1.34
19.0001  1.31
19.0101  1.23
19.0201  1.34
19.0301  1.24
19.0401  1.24
19.0501  1.31
19.0601  1.31
19.0701  1.22
19.0801  1.3
19.0901  1.27
19.1001  1.25
19.1101  1.31
19.1201  1.25
19.1301  1.31
19.1401  1.25
19.1501  1.28
19.1601  1.31
19.1701  1.27
19.1801  1.29
19.1901  1.26
19.2001  1.29
19.2101  1.29
19.2201  1.29
19.2301  1.26
19.2401  1.28
19.2501  1.29
19.2601  1.3
19.2701  1.29
19.2801  1.24
19.2901  1.25
19.3001  1.3
19.3101  1.28
19.3201  1.29
19.3301  1.26
19.3401  1.32
19.3501  1.25
19.3601  1.35
19.3701  1.18
19.3801  1.29
19.3901  1.24
19.4001  1.3
19.4101  1.27
19.4201  1.28
19.4301  1.21
19.4401  1.29
19.4501  1.36
19.4601  1.28
19.4701  1.33
19.4801  1.18
19.4901  1.26
19.5001  1.27
19.5101  1.26
19.5201  1.29
19.5301  1.29
19.5401  1.34
19.5501  1.27
19.5601  1.34
19.5701  1.24
19.5801  1.27
19.5901  1.26
19.6001  1.31
19.6101  1.24
19.6201  1.21
19.6301  1.28
19.6401  1.29
19.6501  1.28
19.6601  1.3
19.6701  1.21
19.6801  1.38
19.6901  1.2
19.7001  1.29
19.7101  1.27
19.7201  1.27
19.7301  1.28
19.7401  1.27
19.7501  1.36
19.7601  1.24
19.7701  1.23
19.7801  1.31
19.7901  1.23
19.8001  1.32
19.8101  1.27
19.8201  1.25
19.8301  1.31
19.8401  1.31
19.8501  1.27
19.8601  1.27
19.8701  1.3
19.8801  1.28
19.8901  1.25
19.9001  1.34
19.9101  1.18
19.9201  1.33
19.9301  1.27
19.9401  1.3
19.9501  1.29
19.9601  1.21
19.9701  1.35
19.9801  1.2
19.9901  1.33
20.0001  1.28
20.0101  1.24
20.0201  1.3
20.0301  1.22
20.0401  1.33
20.0501  1.24
20.0601  1.28
20.0701  1.27
20.0801  1.3
20.0901  1.25
20.1001  1.33
20.1101  1.3
20.1201  1.29
20.1301  1.31
20.1401  1.26
20.1501  1.25
20.1601  1.25
20.1701  1.33
20.1801  1.22
20.1901  1.27
20.2001  1.27
20.2101  1.28
20.2201  1.29
20.2301  1.31
20.2401  1.31
20.2501  1.3
20.2601  1.28
20.2701  1.27
20.2801  1.25
20.2901  1.33
20.3001  1.29
20.3101  1.26
20.3201  1.27
20.3301  1.25
20.3401  1.27
20.3501  1.33
20.3601  1.22
20.3701  1.35
20.3801  1.21
20.3901  1.27
20.4001  1.29
20.4101  1.33
20.4201  1.26
20.4301  1.28
20.4401  1.28
20.4501  1.3
20.4601  1.21
20.4701  1.28
20.4801  1.32
20.4901  1.24
20.5001  1.3
20.5101  1.29
20.5201  1.29
20.5301  1.26
20.5401  1.32
20.5501  1.25
20.5601  1.33
20.5701  1.24
20.5801  1.26
20.5901  1.29
20.6001  1.24
20.6101  1.34
20.6201  1.25
20.6301  1.27
20.6401  1.29
20.6501  1.25
20.6601  1.27
20.6701  1.32
20.6801  1.32
20.6901  1.21
20.7001  1.28
20.7101  1.33
20.7201  1.21
20.7301  1.34
20.7401  1.22
20.7501  1.27
20.7601  1.29
20.7701  1.29
20.7801  1.23
20.7901  1.28
20.8001  1.31
20.8101  1.32
20.8201  1.29
20.8301  1.25
20.8401  1.24
20.8501  1.3
20.8601  1.25
20.8701  1.31
20.8801  1.22
20.8901  1.33
20.9001  1.28
20.9101  1.31
20.9201  1.24
20.9301  1.26
20.9401  1.32
20.9501  1.34
20.9601  1.23
20.9701  1.25
20.9801  1.23
20.9901  1.33
21.0001  1.32
21.0101  1.22
21.0201  1.31
21.0301  1.27
21.0401  1.25
21.0501  1.25
21.0601  1.3
21.0701  1.25
21.0801  1.3
21.0901  1.26
21.1001  1.31
21.1101  1.26
21.1201  1.28
21.1301  1.25
21.1401  1.35
21.1501  1.22
21.1601  1.28
21.1701  1.32
21.1801  1.26
21.1901  1.26
21.2001  1.23
21.2101  1.32
21.2201  1.33
21.2301  1.2
21.2401  1.29
21.2501  1.32
21.2601  1.24
21.2701  1.35
21.2801  1.33
21.2901  1.22
21.3001  1.31
21.3101  1.3
21.3201  1.2
21.3301  1.29
21.3401  1.25
21.3501  1.24
21.3601  1.34
21.3701  1.28
21.3801  1.23
21.3901  1.31
21.4001  1.29
21.4101  1.27
21.4201  1.31
21.4301  1.26
21.4401  1.24
21.4501  1.26
21.4601  1.31
21.4701  1.29
21.4801  1.27
21.4901  1.32
21.5001  1.26
21.5101  1.3
21.5201  1.28
21.5301  1.29
21.5401  1.25
21.5501  1.25
21.5601  1.33
21.5701  1.22
21.5801  1.32
21.5901  1.28
21.6001  1.36
21.6101  1.2
21.6201  1.3
21.6301  1.27
21.6401  1.21
21.6501  1.33
21.6601  1.27
21.6701  1.26
21.6801  1.27
21.6901  1.29
21.7001  1.29
21.7101  1.29
21.7201  1.27
21.7301  1.3
21.7401  1.26
21.7501  1.29
21.7601  1.3
21.7701  1.24
21.7801  1.26
21.7901  1.3
21.8001  1.25
21.8101  1.29
21.8201  1.3
21.8301  1.21
21.8401  1.33
21.8501  1.28
21.8601  1.29
21.8701  1.25
21.8801  1.32
21.8901  1.24
21.9001  1.32
21.9101  1.25
21.9201  1.31
21.9301  1.28
21.9401  1.25
21.9501  1.29
21.9601  1.27
21.9701  1.29
21.9801  1.26
21.9901  1.27
22.0001  1.27
22.0101  1.36
22.0201  1.25
22.0301  1.23
22.0401  1.26
22.0501  1.3
22.0601  1.28
22.0701  1.32
22.0801  1.25
22.0901  1.25
22.1001  1.27
22.1101  1.27
22.1201  1.29
22.1301  1.23
22.1401  1.34
22.1501  1.33
22.1601  1.24
22.1701  1.23
22.1801  1.31
22.1901  1.3
22.2001  1.24
22.2101  1.22
22.2201  1.24
22.2301  1.32
22.2401  1.32
22.2501  1.27
22.2601  1.23
22.2701  1.29
22.2801  1.32
22.2901  1.25
22.3001  1.34
22.3101  1.31
22.3201  1.27
22.3301  1.29
22.3401  1.26
22.3501  1.29
22.3601  1.25
22.3701  1.27
22.3801  1.28
22.3901  1.24
22.4001  1.26
22.4101  1.27
22.4201  1.27
22.4301  1.32
22.4401  1.31
22.4501  1.28
22.4601  1.24
22.4701  1.23
22.4801  1.28
22.4901  1.33
22.5001  1.24
22.5101  1.31
22.5201  1.25
22.5301  1.26
22.5401  1.36
22.5501  1.3
22.5601  1.24
22.5701  1.27
22.5801  1.27
22.5901  1.31
22.6001  1.28
22.6101  1.3
22.6201  1.25
22.6301  1.24
22.6401  1.3
22.6501  1.21
22.6601  1.36
22.6701  1.25
22.6801  1.27
22.6901  1.26
22.7001  1.28
22.7101  1.25
22.7201  1.36
22.7301  1.32
22.7401  1.26
22.7501  1.29
22.7601  1.28
22.7701  1.21
22.7801  1.35
22.7901  1.22
22.8001  1.24
22.8101  1.33
22.8201  1.2
22.8301  1.34
22.8401  1.27
22.8501  1.29
22.8601  1.29
22.8701  1.26
22.8801  1.26
22.8901  1.33
22.9001  1.34
22.9101  1.27
22.9201  1.24
22.9301  1.28
22.9401  1.32
22.9501  1.22
22.9601  1.35
22.9701  1.27
22.9801  1.25
22.9901  1.23
23.0001  1.29
23.0101  1.3
23.0201  1.22
23.0301  1.34
23.0401  1.27
23.0501  1.31
23.0601  1.21
23.0701  1.27
23.0801  1.28
23.0901  1.28
23.1001  1.3
23.1101  1.24
23.1201  1.36
23.1301  1.23
23.1401  1.24
23.1501  1.29
23.1601  1.27
23.1701  1.35
23.1801  1.23
23.1901  1.31
23.2001  1.23
23.2101  1.34
23.2201  1.22
23.2301  1.3
23.2401  1.3
23.2501  1.26
23.2601  1.28
23.2701  1.31
23.2801  1.27
23.2901  1.25
23.3001  1.36
23.3101  1.25
23.3201  1.29
23.3301  1.28
23.3401  1.24
23.3501  1.24
23.3601  1.29
23.3701  1.3
23.3801  1.27
23.3901  1.28
23.4001  1.29
23.4101  1.27
23.4201  1.2
23.4301  1.3
23.4401  1.28
23.4501  1.24
23.4601  1.3
23.4701  1.27
23.4801  1.25
23.4901  1.3
23.5001  1.43
23.5101  1.29
23.5201  1.28
23.5301  1.22
23.5401  1.25
23.5501  1.29
23.5601  1.23
23.5701  1.24
23.5801  1.29
23.5901  1.27
23.6001  1.33
23.6101  1.33
23.6201  1.23
23.6301  1.31
23.6401  1.2
23.6501  1.32
23.6601  1.31
23.6701  1.18
23.6801  1.27
23.6901  1.35
23.7001  1.3
23.7101  1.26
23.7201  1.28
23.7301  1.3
23.7401  1.26
23.7501  1.28
23.7601  1.28
23.7701  1.29
23.7801  1.29
23.7901  1.28
23.8001  1.25
23.8101  1.27
23.8201  1.26
23.8301  1.3
23.8401  1.18
23.8501  1.32
23.8601  1.28
23.8701  1.23
23.8801  1.27
23.8901  1.36
23.9001  1.27
23.9101  1.32
23.9201  1.29
23.9301  1.3
23.9401  1.28
23.9501  1.24
23.9601  1.3
23.9701  1.27
23.9801  1.25
23.9901  1.35
24.0001  1.25
24.0101  1.27
24.0201  1.28
24.0301  1.28
24.0401  1.35
24.0501  1.18
24.0601  1.32
24.0701  1.3
24.0801  1.25
24.0901  1.21
24.1001  1.32
24.1101  1.32
24.1201  1.23
24.1301  1.34
24.1401  1.21
24.1501  1.25
24.1601  1.31
24.1701  1.31
24.1801  1.25
24.1901  1.29
24.2001  1.28
24.2101  1.3
24.2201  1.24
24.2301  1.25
24.2401  1.29
24.2501  1.31
24.2601  1.27
24.2701  1.22
24.2801  1.42
24.2901  1.26
24.3001  1.3
24.3101  1.28
24.3201  1.3
24.3301  1.22
24.3401  1.34
24.3501  1.21
24.3601  1.31
24.3701  1.25
24.3801  1.29
24.3901  1.23
24.4001  1.28
24.4101  1.25
24.4201  1.32
24.4301  1.24
24.4401  1.32
24.4501  1.28
24.4601  1.23
24.4701  1.32
24.4801  1.21
24.4901  1.29
24.5001  1.33
24.5101  1.26
24.5201  1.28
24.5301  1.3
24.5401  1.24
24.5501  1.25
24.5601  1.34
24.5701  1.31
24.5801  1.24
24.5901  1.29
24.6001  1.26
24.6101  1.26
24.6201  1.31
24.6301  1.27
24.6401  1.28
24.6501  1.26
24.6601  1.32
24.6701  1.22
24.6801  1.3
24.6901  1.22
24.7001  1.32
24.7101  1.25
24.7201  1.31
24.7301  1.26
24.7401  1.24
24.7501  1.35
24.7601  1.28
24.7701  1.28
24.7801  1.31
24.7901  1.22
24.8001  1.26
24.8101  1.31
24.8201  1.2
24.8301  1.28
24.8401  1.3
24.8501  1.22
24.8601  1.28
24.8701  1.32
24.8801  1.27
24.8901  1.25
24.9001  1.32
24.9101  1.32
24.9201  1.21
24.9301  1.3
24.9401  1.33
24.9501  1.26
24.9601  1.32
24.9701  1.31
24.9801  1.24
24.9901  1.27
25.0001  1.25
25.0101  1.28
25.0201  1.27
25.0301  1.3
25.0401  1.22
25.0501  1.27
25.0601  1.33
25.0701  1.27
25.0801  1.28
25.0901  1.28
25.1001  1.23
25.1101  1.33
25.1201  1.27
25.1301  1.19
25.1401  1.31
25.1501  1.33
25.1601  1.28
25.1701  1.3
25.1801  1.23
25.1901  1.29
25.2001  1.28
25.2101  1.31
25.2201  1.23
25.2301  1.3
25.2401  1.3
25.2501  1.25
25.2601  1.33
25.2701  1.19
25.2801  1.32
25.2901  1.27
25.3001  1.31
25.3101  1.27
25.3201  1.33
25.3301  1.2
25.3401  1.32
25.3501  1.31
25.3601  1.29
25.3701  1.19
25.3801  1.3
25.3901  1.31
25.4001  1.31
25.4101  1.27
25.4201  1.29
25.4301  1.23
25.4401  1.27
25.4501  1.27
25.4601  1.28
25.4701  1.36
25.4801  1.2
25.4901  1.27
25.5001  1.3
25.5101  1.26
25.5201  1.29
25.5301  1.32
25.5401  1.29
25.5501  1.32
25.5601  1.22
25.5701  1.27
25.5801  1.28
25.5901  1.26
25.6001  1.2
25.6101  1.32
25.6201  1.3
25.6301  1.32
25.6401  1.24
25.6501  1.26
25.6601  1.23
25.6701  1.33
25.6801  1.35
25.6901  1.25
25.7001  1.31
25.7101  1.28
25.7201  1.26
25.7301  1.22
25.7401  1.33
25.7501  1.29
25.7601  1.28
25.7701  1.26
25.7801  1.26
25.7901  1.26
25.8001  1.29
25.8101  1.32
25.8201  1.23
25.8301  1.28
25.8401  1.27
25.8501  1.28
25.8601  1.27
25.8701  1.3
25.8801  1.29
25.8901  1.21
25.9001  1.25
25.9101  1.27
25.9201  1.38
25.9301  1.22
25.9401  1.34
25.9501  1.3
25.9601  1.27
25.9701  1.21
25.9801  1.37
25.9901  1.15
26.0001  1.34
26.0101  1.24
26.0201  1.3
26.0301  1.31
26.0401  1.32
26.0501  1.31
26.0601  1.28
26.0701  1.22
26.0801  1.28
26.0901  1.25
26.1001  1.3
26.1101  1.22
26.1201  1.27
26.1301  1.32
26.1401  1.28
26.1501  1.26
26.1601  1.27
26.1701  1.28
26.1801  1.28
26.1901  1.27
26.2001  1.33
26.2101  1.25
26.2201  1.34
26.2301  1.22
26.2401  1.22
26.2501  1.27
26.2601  1.28
26.2701  1.33
26.2801  1.24
26.2901  1.31
26.3001  1.3
26.3101  1.29
26.3201  1.26
26.3301  1.33
26.3401  1.25
26.3501  1.28
26.3601  1.28
26.3701  1.35
26.3801  1.25
26.3901  1.29
26.4001  1.21
26.4101  1.3
26.4201  1.29
26.4301  1.29
26.4401  1.28
26.4501  1.22
26.4601  1.39
26.4701  1.18
26.4801  1.26
26.4901  1.32
26.5001  1.22
26.5101  1.3
26.5201  1.26
26.5301  1.3
26.5401  1.26
26.5501  1.35
26.5601  1.24
26.5701  1.3
26.5801  1.2
26.5901  1.27
26.6001  1.33
26.6101  1.35
26.6201  1.27
26.6301  1.23
26.6401  1.34
26.6501  1.23
26.6601  1.27
26.6701  1.25
26.6801  1.28
26.6901  1.29
26.7001  1.25
26.7101  1.31
26.7201  1.33
26.7301  1.27
26.7401  1.29
26.7501  1.3
26.7601  1.23
26.7701  1.23
26.7801  1.36
26.7901  1.31
26.8001  1.24
26.8101  1.24
26.8201  1.24
26.8301  1.34
26.8401  1.24
26.8501  1.23
26.8601  1.32
26.8701  1.29
26.8801  1.27
26.8901  1.28
26.9001  1.29
26.9101  1.23
26.9201  1.35
26.9301  1.24
26.9401  1.26
26.9501  1.29
26.9601  1.22
26.9701  1.3
26.9801  1.28
26.9901  1.31
27.0001  1.24
27.0101  1.31
27.0201  1.28
27.0301  1.28
27.0401  1.26
27.0501  1.27
27.0601  1.32
27.0701  1.26
27.0801  1.28
27.0901  1.22
27.1001  1.32
27.1101  1.24
27.1201  1.31
27.1301  1.32
27.1401  1.2
27.1501  1.31
27.1601  1.31
27.1701  1.2
27.1801  1.36
27.1901  1.32
27.2001  1.23
27.2101  1.27
27.2201  1.22
27.2301  1.31
27.2401  1.31
27.2501  1.21
27.2601  1.31
27.2701  1.32
27.2801  1.21
27.2901  1.28
27.3001  1.28
27.3101  1.29
27.3201  1.29
27.3301  1.3
27.3401  1.27
27.3501  1.27
27.3601  1.3
27.3701  1.23
27.3801  1.26
27.3901  1.28
27.4001  1.31
27.4101  1.34
27.4201  1.31
27.4301  1.17
27.4401  1.29
27.4501  1.36
27.4601  1.22
27.4701  1.29
27.4801  1.26
27.4901  1.31
27.5001  1.21
27.5101  1.34
27.5201  1.31
27.5301  1.22
27.5401  1.27
27.5501  1.31
27.5601  1.29
27.5701  1.27
27.5801  1.29
27.5901  1.31
27.6001  1.27
27.6101  1.33
27.6201  1.21
27.6301  1.27
27.6401  1.29
27.6501  1.27
27.6601  1.29
27.6701  1.26
27.6801  1.29
27.6901  1.26
27.7001  1.26
27.7101  1.3
27.7201  1.29
27.7301  1.28
27.7401  1.29
27.7501  1.29
27.7601  1.27
27.7701  1.36
27.7801  1.25
27.7901  1.26
27.8001  1.28
27.8101  1.26
27.8201  1.33
27.8301  1.26
27.8401  1.31
27.8501  1.29
27.8601  1.25
27.8701  1.2
27.8801  1.29
27.8901  1.27
27.9001  1.25
27.9101  1.25
27.9201  1.29
27.9301  1.37
27.9401  1.25
27.9501  1.3
27.9601  1.19
27.9701  1.26
27.9801  1.29
27.9901  1.23
28.0001  1.35
28.0101  1.29
28.0201  1.34
28.0301  1.27
28.0401  1.28
28.0501  1.26
28.0601  1.29
28.0701  1.26
28.0801  1.29
28.0901  1.26
28.1001  1.29
28.1101  1.34
28.1201  1.25
28.1301  1.27
28.1401  1.22
28.1501  1.25
28.1601  1.32
28.1701  1.25
28.1801  1.27
28.1901  1.3
28.2001  1.24
28.2101  1.33
28.2201  1.31
28.2301  1.27
28.2401  1.22
28.2501  1.31
28.2601  1.28
28.2701  1.24
28.2801  1.29
28.2901  1.23
28.3001  1.26
28.3101  1.37
28.3201  1.24
28.3301  1.24
28.3401  1.31
28.3501  1.32
28.3601  1.27
28.3701  1.26
28.3801  1.28
28.3901  1.29
28.4001  1.27
28.4101  1.25
28.4201  1.41
28.4301  1.19
28.4401  1.31
28.4501  1.27
28.4601  1.25
28.4701  1.29
28.4801  1.25
28.4901  1.3
28.5001  1.32
28.5101  1.3
28.5201  1.26
28.5301  1.27
28.5401  1.26
28.5501  1.25
28.5601  1.28
28.5701  1.23
28.5801  1.25
28.5901  1.28
28.6001  1.34
28.6101  1.29
28.6201  1.3
28.6301  1.29
28.6401  1.3
28.6501  1.21
28.6601  1.31
28.6701  1.35
28.6801  1.24
28.6901  1.25
28.7001  1.27
28.7101  1.29
28.7201  1.31
28.7301  1.29
28.7401  1.21
28.7501  1.29
28.7601  1.31
28.7701  1.22
28.7801  1.34
28.7901  1.29
28.8001  1.27
28.8101  1.21
28.8201  1.36
28.8301  1.3
28.8401  1.22
28.8501  1.41
28.8601  1.19
28.8701  1.28
28.8801  1.24
28.8901  1.31
28.9001  1.28
28.9101  1.31
28.9201  1.2
28.9301  1.32
28.9401  1.29
28.9501  1.26
28.9601  1.23
28.9701  1.31
28.9801  1.35
28.9901  1.24
29.0001  1.23
29.0101  1.29
29.0201  1.32
29.0301  1.24
29.0401  1.28
29.0501  1.24
29.0601  1.31
29.0701  1.25
29.0801  1.3
29.0901  1.27
29.1001  1.26
29.1101  1.29
29.1201  1.22
29.1301  1.32
29.1401  1.32
29.1501  1.32
29.1601  1.22
29.1701  1.33
29.1801  1.24
29.1901  1.3
29.2001  1.17
29.2101  1.35
29.2201  1.28
29.2301  1.24
29.2401  1.3
29.2501  1.29
29.2601  1.31
29.2701  1.32
29.2801  1.23
29.2901  1.26
29.3001  1.29
29.3101  1.22
29.3201  1.24
29.3301  1.34
29.3401  1.24
29.3501  1.26
29.3601  1.31
29.3701  1.27
29.3801  1.3
29.3901  1.25
29.4001  1.28
29.4101  1.32
29.4201  1.21
29.4301  1.33
29.4401  1.31
29.4501  1.24
29.4601  1.29
29.4701  1.22
29.4801  1.25
29.4901  1.37
29.5001  1.27
29.5101  1.33
29.5201  1.24
29.5301  1.29
29.5401  1.26
29.5501  1.27
29.5601  1.28
29.5701  1.23
29.5801  1.28
29.5901  1.27
29.6001  1.28
29.6101  1.31
29.6201  1.32
29.6301  1.22
29.6401  1.28
29.6501  1.26
29.6601  1.3
29.6701  1.34
29.6801  1.25
29.6901  1.24
29.7001  1.32
29.7101  1.31
29.7201  1.29
29.7301  1.18
29.7401  1.35
29.7501  1.24
29.7601  1.26
29.7701  1.28
29.7801  1.33
29.7901  1.25
29.8001  1.26
29.8101  1.3
29.8201  1.28
29.8301  1.33
29.8401  1.21
29.8501  1.24
29.8601  1.32
29.8701  1.28
29.8801  1.34
29.8901  1.3
29.9001  1.28
29.9101  1.29
29.9201  1.21
29.9301  1.26
29.9401  1.33
29.9501  1.28
29.9601  1.33
29.9701  1.27
29.9801  1.19
29.9901  1.29
30.0001  1.29
30.0101  1.21
30.0201  1.34
30.0301  1.3
30.0401  1.22
30.0501  1.28
30.0601  1.33
30.0701  1.27
30.0801  1.22
30.0901  1.27
30.1001  1.3
30.1101  1.33
30.1201  1.23
30.1301  1.28
30.1401  1.31
30.1501  1.32
30.1601  1.26
30.1701  1.23
30.1801  1.3
30.1901  1.3
30.2001  1.27
30.2101  1.26
30.2201  1.26
30.2301  1.33
30.2401  1.25
30.2501  1.24
30.2601  1.28
30.2701  1.29
30.2801  1.3
30.2901  1.26
30.3001  1.27
30.3101  1.38
30.3201  1.22
30.3301  1.2
30.3401  1.36
30.3501  1.22
30.3601  1.29
30.3701  1.29
30.3801  1.3
30.3901  1.27
30.4001  1.19
30.4101  1.35
30.4201  1.25
30.4301  1.29
30.4401  1.27
30.4501  1.27
30.4601  1.3
30.4701  1.31
30.4801  1.27
30.4901  1.29
30.5001  1.29
30.5101  1.25
30.5201  1.28
30.5301  1.21
30.5401  1.25
30.5501  1.33
30.5601  1.32
30.5701  1.31
30.5801  1.28
30.5901  1.32
30.6001  1.26
30.6101  1.26
30.6201  1.23
30.6301  1.3
30.6401  1.24
30.6501  1.3
30.6601  1.23
30.6701  1.32
30.6801  1.25
30.6901  1.24
30.7001  1.29
30.7101  1.33
30.7201  1.33
30.7301  1.29
30.7401  1.31
30.7501  1.18
30.7601  1.32
30.7701  1.29
30.7801  1.31
30.7901  1.23
30.8001  1.23
30.8101  1.32
30.8201  1.27
30.8301  1.27
30.8401  1.27
30.8501  1.25
30.8601  1.27
30.8701  1.28
30.8801  1.26
30.8901  1.27
30.9001  1.26
30.9101  1.32
30.9201  1.35
30.9301  1.32
30.9401  1.3
30.9501  1.27
30.9601  1.22
30.9701  1.33
30.9801  1.22
30.9901  1.36
31.0001  1.17
31.0101  1.31
31.0201  1.28
31.0301  1.26
31.0401  1.31
31.0501  1.27
31.0601  1.25
31.0701  1.25
31.0801  1.25
31.0901  1.35
31.1001  1.32
31.1101  1.24
31.1201  1.3
31.1301  1.24
31.1401  1.26
31.1501  1.29
31.1601  1.3
31.1701  1.34
31.1801  1.2
31.1901  1.27
31.2001  1.24
31.2101  1.31
31.2201  1.27
31.2301  1.28
31.2401  1.27
31.2501  1.35
31.2601  1.25
31.2701  1.21
31.2801  1.33
31.2901  1.27
31.3001  1.3
31.3101  1.3
31.3201  1.23
31.3301  1.33
31.3401  1.25
31.3501  1.31
31.3601  1.26
31.3701  1.26
31.3801  1.27
31.3901  1.29
31.4001  1.23
31.4101  1.35
31.4201  1.32
31.4301  1.19
31.4401  1.3
31.4501  1.28
31.4601  1.22
31.4701  1.26
31.4801  1.24
31.4901  1.32
31.5001  1.3
31.5101  1.29
31.5201  1.2
31.5301  1.35
31.5401  1.32
31.5501  1.3
31.5601  1.25
31.5701  1.28
31.5801  1.21
31.5901  1.33
31.6001  1.32
31.6101  1.26
31.6201  1.26
31.6301  1.24
31.6401  1.38
31.6501  1.25
31.6601  1.25
31.6701  1.23
31.6801  1.31
31.6901  1.23
31.7001  1.34
31.7101  1.32
31.7201  1.3
31.7301  1.24
31.7401  1.22
31.7501  1.29
31.7601  1.31
31.7701  1.27
31.7801  1.28
31.7901  1.28
31.8001  1.27
31.8101  1.31
31.8201  1.25
31.8301  1.26
31.8401  1.28
31.8501  1.27
31.8601  1.3
31.8701  1.2
31.8801  1.37
31.8901  1.27
31.9001  1.3
31.9101  1.28
31.9201  1.24
31.9301  1.29
31.9401  1.29
31.9501  1.22
31.9601  1.28
31.9701  1.34
31.9801  1.28
31.9901  1.26
32.0001  1.28
32.0101  1.29
32.0201  1.29
32.0301  1.29
32.0401  1.2
32.0501  1.32
32.0601  1.27
32.0701  1.2
32.0801  1.28
32.0901  1.27
32.1001  1.25
32.1101  1.33
32.1201  1.31
32.1301  1.27
32.1401  1.33
32.1501  1.34
32.1601  1.21
32.1701  1.27
32.1801  1.24
32.1901  1.32
32.2001  1.25
32.2101  1.29
32.2201  1.31
32.2301  1.22
32.2401  1.25
32.2501  1.35
32.2601  1.18
32.2701  1.34
32.2801  1.31
32.2901  1.22
32.3001  1.29
32.3101  1.34
32.3201  1.25
32.3301  1.26
32.3401  1.29
32.3501  1.21
32.3601  1.38
32.3701  1.24
32.3801  1.29
32.3901  1.34
32.4001  1.3
32.4101  1.27
32.4201  1.25
32.4301  1.25
32.4401  1.19
32.4501  1.32
32.4601  1.35
32.4701  1.26
32.4801  1.28
32.4901  1.21
32.5001  1.3
32.5101  1.27
32.5201  1.3
32.5301  1.29
32.5401  1.28
32.5501  1.28
32.5601  1.26
32.5701  1.24
32.5801  1.3
32.5901  1.27
32.6001  1.36
32.6101  1.26
32.6201  1.23
32.6301  1.3
32.6401  1.3
32.6501  1.21
32.6601  1.29
32.6701  1.29
32.6801  1.32
32.6901  1.29
32.7001  1.3
32.7101  1.23
32.7201  1.3
32.7301  1.25
32.7401  1.29
32.7501  1.28
32.7601  1.27
32.7701  1.25
32.7801  1.3
32.7901  1.25
32.8001  1.31
32.8101  1.3
32.8201  1.28
32.8301  1.3
32.8401  1.29
32.8501  1.25
32.8601  1.32
32.8701  1.22
32.8801  1.28
32.8901  1.33
32.9001  1.22
32.9101  1.29
32.9201  1.3
32.9301  1.25
32.9401  1.31
32.9501  1.27
32.9601  1.23
32.9701  1.24
32.9801  1.31
32.9901  1.25
33.0001  1.26
33.0101  1.36
33.0201  1.26
33.0301  1.29
33.0401  1.24
33.0501  1.32
33.0601  1.24
33.0701  1.37
33.0801  1.25
33.0901  1.33
33.1001  1.21
33.1101  1.27
33.1201  1.26
33.1301  1.38
33.1401  1.33
33.1501  1.22
33.1601  1.23
33.1701  1.27
33.1801  1.21
33.1901  1.29
33.2001  1.32
33.2101  1.24
33.2201  1.3
33.2301  1.29
33.2401  1.28
33.2501  1.27
33.2601  1.28
33.2701  1.24
33.2801  1.3
33.2901  1.24
33.3001  1.23
33.3101  1.3
33.3201  1.28
33.3301  1.32
33.3401  1.27
33.3501  1.3
33.3601  1.31
33.3701  1.24
33.3801  1.33
33.3901  1.25
33.4001  1.24
33.4101  1.29
33.4201  1.29
33.4301  1.31
33.4401  1.22
33.4501  1.37
33.4601  1.25
33.4701  1.32
33.4801  1.24
33.4901  1.25
33.5001  1.3
33.5101  1.27
33.5201  1.21
33.5301  1.31
33.5401  1.26
33.5501  1.31
33.5601  1.28
33.5701  1.29
33.5801  1.21
33.5901  1.31
33.6001  1.3
33.6101  1.25
33.6201  1.29
33.6301  1.35
33.6401  1.17
33.6501  1.3
33.6601  1.29
33.6701  1.2
33.6801  1.38
33.6901  1.31
33.7001  1.24
33.7101  1.28
33.7201  1.26
33.7301  1.37
33.7401  1.2
33.7501  1.27
33.7601  1.3
33.7701  1.26
33.7801  1.24
33.7901  1.32
33.8001  1.18
33.8101  1.34
33.8201  1.33
33.8301  1.29
33.8401  1.23
33.8501  1.34
33.8601  1.24
33.8701  1.33
33.8801  1.18
33.8901  1.31
33.9001  1.33
33.9101  1.22
33.9201  1.27
33.9301  1.27
33.9401  1.36
33.9501  1.23
33.9601  1.25
33.9701  1.24
33.9801  1.3
33.9901  1.31
34.0001  1.31
34.0101  1.26
34.0201  1.23
34.0301  1.38
34.0401  1.22
34.0501  1.27
34.0601  1.3
34.0701  1.27
34.0801  1.2
34.0901  1.32
34.1001  1.29
34.1101  1.27
34.1201  1.3
34.1301  1.33
34.1401  1.22
34.1501  1.28
34.1601  1.26
34.1701  1.32
34.1801  1.33
34.1901  1.27
34.2001  1.25
34.2101  1.21
34.2201  1.34
34.2301  1.27
34.2401  1.26
34.2501  1.26
34.2601  1.25
34.2701  1.34
34.2801  1.22
34.2901  1.38
34.3001  1.3
34.3101  1.25
34.3201  1.29
34.3301  1.21
34.3401  1.29
34.3501  1.24
34.3601  1.36
34.3701  1.2
34.3801  1.28
34.3901  1.3
34.4001  1.26
34.4101  1.31
34.4201  1.23
34.4301  1.25
34.4401  1.33
34.4501  1.3
34.4601  1.27
34.4701  1.3
34.4801  1.23
34.4901  1.32
34.5  1.29
34.51  1.3
34.52  1.21
34.53  1.35
34.54  1.25
34.55  1.27
34.56  1.3
34.57  1.28
34.58  1.3
34.59  1.22
34.6  1.27
34.61  1.3
34.62  1.32
34.63  1.26
34.64  1.3
34.65  1.22
34.66  1.28
34.67  1.31
34.68  1.29
34.69  1.27
34.7  1.21
34.71  1.31
34.72  1.3
34.73  1.27
34.74  1.31
34.75  1.28
34.76  1.24
34.77  1.3
34.78  1.18
34.79  1.31
34.8  1.32
34.81  1.28
34.82  1.3
34.83  1.24
34.84  1.34
34.85  1.23
34.86  1.28
34.87  1.29
34.88  1.3
34.89  1.22
34.9  1.38
34.91  1.25
34.92  1.33
34.93  1.25
34.94  1.32
34.95  1.22
34.96  1.27
34.97  1.29
34.98  1.25
34.99  1.3
35  1.24
35.01  1.26
35.02  1.29
35.03  1.23
35.04  1.29
35.05  1.36
35.06  1.29
35.07  1.31
35.08  1.24
35.09  1.28
35.1  1.24
35.11  1.25
35.12  1.28
35.13  1.26
35.14  1.22
35.15  1.36
35.16  1.33
35.17  1.24
35.18  1.24
35.19  1.23
35.2  1.36
35.21  1.25
35.22  1.32
35.23  1.31
35.24  1.22
35.25  1.32
35.26  1.3
35.27  1.27
35.28  1.25
35.29  1.32
35.3  1.25
35.31  1.27
35.32  1.25
35.33  1.32
35.34  1.22
35.35  1.3
35.36  1.33
35.37  1.24
35.38  1.32
35.39  1.25
35.4  1.26
35.41  1.22
35.42  1.36
35.43  1.21
35.44  1.32
35.45  1.31
35.46  1.23
35.47  1.26
35.48  1.3
35.49  1.23
35.5  1.31
35.51  1.26
35.52  1.27
35.53  1.3
35.54  1.28
35.55  1.27
35.56  1.32
35.57  1.26
35.58  1.26
35.59  1.28
35.6  1.32
35.61  1.34
35.62  1.26
35.63  1.24
35.64  1.29
35.65  1.25
35.66  1.28
35.67  1.27
35.68  1.37
35.69  1.23
35.7  1.22
35.71  1.24
35.72  1.33
35.73  1.21
35.74  1.28
35.75  1.33
35.76  1.26
35.77  1.21
35.78  1.31
35.79  1.35
35.8  1.26
35.81  1.24
35.82  1.38
35.83  1.21
35.84  1.3
35.85  1.25
35.86  1.35
35.87  1.21
35.88  1.25
35.89  1.29
35.9  1.27
35.91  1.31
35.92  1.24
35.93  1.31
35.94  1.22
35.95  1.27
35.96  1.29
35.97  1.36
35.98  1.31
35.99  1.26
36  1.26
36.01  1.32
36.02  1.23
36.03  1.24
36.04  1.29
36.05  1.27
36.06  1.32
36.07  1.26
36.08  1.29
36.09  1.26
36.1  1.25
36.11  1.29
36.12  1.32
36.13  1.29
36.14  1.24
36.15  1.26
36.16  1.34
36.17  1.31
36.18  1.22
36.19  1.32
36.2  1.23
36.21  1.29
36.22  1.29
36.23  1.25
36.24  1.24
36.25  1.33
36.26  1.24
36.27  1.31
36.28  1.32
36.29  1.26
36.3  1.28
36.31  1.29
36.32  1.28
36.33  1.28
36.34  1.23
36.35  1.33
36.36  1.29
36.37  1.27
36.38  1.32
36.39  1.24
36.4  1.29
36.41  1.3
36.42  1.31
36.43  1.23
36.44  1.31
36.45  1.28
36.46  1.25
36.47  1.3
36.48  1.3
36.49  1.23
36.5  1.31
36.51  1.3
36.52  1.21
36.53  1.22
36.54  1.32
36.55  1.26
36.56  1.33
36.57  1.31
36.58  1.22
36.59  1.29
36.6  1.29
36.61  1.29
36.62  1.2
36.63  1.34
36.64  1.33
36.65  1.32
36.66  1.24
36.67  1.18
36.68  1.35
36.69  1.32
36.7  1.27
36.71  1.24
36.72  1.3
36.73  1.24
36.74  1.25
36.75  1.35
36.76  1.27
36.77  1.28
36.78  1.31
36.79  1.25
36.8  1.27
36.81  1.26
36.82  1.26
36.83  1.34
36.84  1.27
36.85  1.25
36.86  1.28
36.87  1.29
36.88  1.24
36.89  1.31
36.9  1.24
36.91  1.31
36.92  1.23
36.93  1.3
36.94  1.26
36.95  1.27
36.96  1.25
36.97  1.32
36.98  1.2
36.99  1.33
37  1.26
37.01  1.28
37.02  1.34
37.03  1.24
37.04  1.26
37.05  1.32
37.06  1.29
37.07  1.33
37.08  1.27
37.09  1.25
37.1  1.31
37.11  1.24
37.12  1.29
37.13  1.27
37.14  1.27
37.15  1.26
37.16  1.25
37.17  1.26
37.18  1.28
37.19  1.31
37.2  1.25
37.21  1.3
37.22  1.23
37.23  1.27
37.24  1.25
37.25  1.26
37.26  1.29
37.27  1.35
37.28  1.29
37.29  1.27
37.3  1.28
37.31  1.19
37.32  1.29
37.33  1.27
37.34  1.32
37.35  1.27
37.36  1.24
37.37  1.33
37.38  1.25
37.39  1.29
37.4  1.33
37.41  1.22
37.42  1.26
37.43  1.26
37.44  1.3
37.45  1.34
37.46  1.28
37.47  1.24
37.48  1.28
37.49  1.26
37.5  1.35
37.51  1.24
37.52  1.27
37.53  1.3
37.54  1.37
37.55  1.22
37.56  1.23
37.57  1.25
37.58  1.26
37.59  1.34
37.6  1.21
37.61  1.3
37.62  1.26
37.63  1.28
37.64  1.25
37.65  1.27
37.66  1.31
37.67  1.33
37.68  1.32
37.69  1.23
37.7  1.29
37.71  1.37
37.72  1.24
37.73  1.22
37.74  1.31
37.75  1.31
37.76  1.25
37.77  1.28
37.78  1.32
37.79  1.25
37.8  1.26
37.81  1.25
37.82  1.3
37.83  1.29
37.84  1.24
37.85  1.26
37.86  1.31
37.87  1.24
37.88  1.35
37.89  1.31
37.9  1.3
37.91  1.29
37.92  1.27
37.93  1.2
37.94  1.26
37.95  1.37
37.96  1.33
37.97  1.19
37.98  1.35
37.99  1.21
38  1.31
38.01  1.32
38.02  1.23
38.03  1.27
38.04  1.3
38.05  1.28
38.06  1.3
38.07  1.24
38.08  1.29
38.09  1.22
38.1  1.19
38.11  1.4
38.12  1.22
38.13  1.31
38.14  1.33
38.15  1.35
38.16  1.23
38.17  1.19
38.18  1.38
38.19  1.22
38.2  1.29
38.21  1.3
38.22  1.29
38.23  1.28
38.24  1.27
38.25  1.26
38.26  1.26
38.27  1.3
38.28  1.26
38.29  1.24
38.3  1.35
38.31  1.2
38.32  1.3
38.33  1.34
38.34  1.24
38.35  1.29
38.36  1.22
38.37  1.26
38.38  1.34
38.39  1.27
38.4  1.31
38.41  1.22
38.42  1.27
38.43  1.33
38.44  1.23
38.45  1.32
38.46  1.22
38.47  1.3
38.48  1.27
38.49  1.21
38.5  1.3
38.51  1.33
38.52  1.2
38.53  1.31
38.54  1.27
38.55  1.26
38.56  1.26
38.57  1.26
38.58  1.36
38.59  1.29
38.6  1.27
38.61  1.31
38.62  1.25
38.63  1.3
38.64  1.36
38.65  1.22
38.66  1.23
38.67  1.22
38.68  1.28
38.69  1.34
38.7  1.19
38.71  1.28
38.72  1.31
38.73  1.28
38.74  1.27
38.75  1.29
38.76  1.26
38.77  1.22
38.78  1.34
38.79  1.3
38.8  1.29
38.81  1.25
38.82  1.26
38.83  1.25
38.84  1.36
38.85  1.27
38.86  1.24
38.87  1.27
38.88  1.28
38.89  1.24
38.9  1.31
38.91  1.33
38.92  1.26
38.93  1.34
38.94  1.29
38.95  1.28
38.96  1.22
38.97  1.27
38.98  1.31
38.99  1.26
39  1.25
39.01  1.34
39.02  1.29
39.03  1.28
39.04  1.25
39.05  1.24
39.06  1.24
39.07  1.28
39.08  1.27
39.09  1.28
39.1  1.31
39.11  1.28
39.12  1.32
39.13  1.26
39.14  1.24
39.15  1.33
39.16  1.25
39.17  1.32
39.18  1.23
39.19  1.29
39.2  1.25
39.21  1.3
39.22  1.3
39.23  1.31
39.24  1.22
39.25  1.3
39.26  1.31
39.27  1.28
39.28  1.26
39.29  1.3
39.3  1.29
39.31  1.24
39.32  1.28
39.33  1.27
39.34  1.28
39.35  1.27
39.36  1.3
39.37  1.25
39.38  1.32
39.39  1.27
39.4  1.31
39.41  1.29
39.42  1.25
39.43  1.27
39.44  1.29
39.45  1.27
39.46  1.27
39.47  1.33
39.48  1.27
39.49  1.18
39.5  1.3
39.51  1.28
39.52  1.28
39.53  1.32
39.54  1.28
39.55  1.31
39.56  1.26
39.57  1.25
39.58  1.24
39.59  1.35
39.6  1.19
39.61  1.34
39.62  1.29
39.63  1.22
39.64  1.32
39.65  1.26
39.66  1.34
39.67  1.31
39.68  1.2
39.69  1.32
39.7  1.23
39.71  1.27
39.72  1.3
39.73  1.27
39.74  1.27
39.75  1.31
39.76  1.26
39.77  1.22
39.78  1.29
39.79  1.3
39.8  1.3
39.81  1.21
39.82  1.27
39.83  1.34
39.84  1.24
39.85  1.33
39.86  1.23
39.87  1.32
39.88  1.28
39.89  1.33
39.9  1.26
39.91  1.28
39.92  1.26
39.93  1.27
39.94  1.26
39.95  1.29
39.96  1.24
39.97  1.32
39.98  1.21
39.99  1.28
40  1.34
40.01  1.22
40.02  1.26
40.03  1.33
40.04  1.24
40.05  1.31
40.06  1.23
40.07  1.29
40.08  1.32
40.09  1.28
40.1  1.25
40.11  1.34
40.12  1.32
40.13  1.26
40.14  1.23
40.15  1.26
40.16  1.31
40.17  1.29
40.18  1.28
40.19  1.35
40.2  1.15
40.21  1.27
40.22  1.3
40.23  1.26
40.24  1.34
40.25  1.19
40.26  1.28
40.27  1.29
40.28  1.28
40.29  1.24
40.3  1.33
40.31  1.23
40.32  1.26
40.33  1.34
40.34  1.31
40.35  1.23
40.36  1.28
40.37  1.33
40.38  1.27
40.39  1.3
40.4  1.24
40.41  1.31
40.42  1.28
40.43  1.25
40.44  1.3
40.45  1.26
40.46  1.33
40.47  1.35
40.48  1.21
40.49  1.29
40.5  1.22
40.51  1.28
40.52  1.28
40.53  1.26
40.54  1.32
40.55  1.29
40.56  1.24
40.57  1.28
40.58  1.19
40.59  1.35
40.6  1.31
40.61  1.23
40.62  1.3
40.63  1.27
40.64  1.3
40.65  1.23
40.66  1.23
40.67  1.27
40.68  1.26
40.69  1.31
40.7  1.32
40.71  1.28
40.72  1.3
40.73  1.25
40.74  1.2
40.75  1.31
40.76  1.3
40.77  1.36
40.78  1.31
40.79  1.26
40.8  1.34
40.81  1.2
40.82  1.31
40.83  1.23
40.84  1.26
40.85  1.31
40.86  1.23
40.87  1.29
40.88  1.36
40.89  1.2
40.9  1.32
40.91  1.22
40.92  1.26
40.93  1.27
40.94  1.25
40.95  1.27
40.96  1.32
40.97  1.36
40.98  1.18
40.99  1.34
41  1.34
41.01  1.22
41.02  1.24
41.03  1.28
41.04  1.29
41.05  1.27
41.06  1.26
41.07  1.24
41.08  1.21
41.09  1.33
41.1  1.31
41.11  1.38
41.12  1.19
41.13  1.28
41.14  1.33
41.15  1.29
41.16  1.31
41.17  1.26
41.18  1.25
41.19  1.28
41.2  1.24
41.21  1.28
41.22  1.32
41.23  1.28
41.24  1.26
41.25  1.3
41.26  1.24
41.27  1.3
41.28  1.32
41.29  1.2
41.3  1.23
41.31  1.33
41.32  1.26
41.33  1.36
41.34  1.26
41.35  1.3
41.36  1.14
41.37  1.34
41.38  1.23
41.39  1.33
41.4  1.33
41.41  1.27
41.42  1.38
41.43  1.2
41.44  1.25
41.45  1.3
41.46  1.26
41.47  1.3
41.48  1.36
41.49  1.23
41.5  1.24
41.51  1.24
41.52  1.29
41.53  1.34
41.54  1.23
41.55  1.29
41.56  1.34
41.57  1.22
41.58  1.32
41.59  1.21
41.6  1.28
41.61  1.33
41.62  1.32
41.63  1.32
41.64  1.23
41.65  1.29
41.66  1.19
41.67  1.42
41.68  1.21
41.69  1.28
41.7  1.24
41.71  1.25
41.72  1.3
41.73  1.3
41.74  1.34
41.75  1.21
41.76  1.28
41.77  1.25
41.78  1.29
41.79  1.26
41.8  1.27
41.81  1.35
41.82  1.28
41.83  1.34
41.84  1.24
41.85  1.33
41.86  1.19
41.87  1.31
41.88  1.25
41.89  1.27
41.9  1.25
41.91  1.35
41.92  1.21
41.93  1.21
41.94  1.34
41.95  1.3
41.96  1.33
41.97  1.25
41.98  1.28
41.99  1.23
42  1.29
42.01  1.35
42.02  1.26
42.03  1.27
42.04  1.25
42.05  1.31
42.06  1.3
42.07  1.2
42.08  1.31
42.09  1.28
42.1  1.3
42.11  1.28
42.12  1.27
42.13  1.26
42.14  1.22
42.15  1.32
42.16  1.2
42.17  1.31
42.18  1.25
42.19  1.25
42.2  1.32
42.21  1.27
42.22  1.35
42.23  1.22
42.24  1.29
42.25  1.31
42.26  1.27
42.27  1.32
42.28  1.29
42.29  1.3
42.3  1.22
42.31  1.24
42.32  1.33
42.33  1.26
42.34  1.27
42.35  1.3
42.36  1.3
42.37  1.23
42.38  1.28
42.39  1.22
42.4  1.31
42.41  1.3
42.42  1.2
42.43  1.36
42.44  1.28
42.45  1.21
42.46  1.28
42.47  1.27
42.48  1.29
42.49  1.28
42.5  1.33
42.51  1.27
42.52  1.28
42.53  1.24
42.54  1.28
42.55  1.26
42.56  1.37
42.57  1.24
42.58  1.3
42.59  1.32
42.6  1.23
42.61  1.24
42.62  1.28
42.63  1.29
42.64  1.3
42.65  1.22
42.66  1.34
42.67  1.28
42.68  1.23
42.69  1.3
42.7  1.25
42.71  1.35
42.72  1.17
42.73  1.34
42.74  1.36
42.75  1.27
42.76  1.21
42.77  1.37
42.78  1.24
42.79  1.29
42.8  1.24
42.81  1.29
42.82  1.26
42.83  1.28
42.84  1.28
42.85  1.3
42.86  1.26
42.87  1.24
42.88  1.35
42.89  1.31
42.9  1.24
42.91  1.26
42.92  1.28
42.93  1.26
42.94  1.29
42.95  1.25
42.96  1.3
42.97  1.31
42.98  1.28
42.99  1.32
43  1.19
43.01  1.38
43.02  1.25
43.03  1.27
43.04  1.29
43.05  1.36
43.06  1.27
43.07  1.26
43.08  1.3
43.09  1.18
43.1  1.23
43.11  1.37
43.12  1.25
43.13  1.21
43.14  1.29
43.15  1.26
43.16  1.33
43.17  1.3
43.18  1.27
43.19  1.21
43.2  1.29
43.21  1.36
43.22  1.19
43.23  1.27
43.24  1.34
43.25  1.28
43.26  1.23
43.27  1.22
43.28  1.35
43.29  1.37
43.3  1.31
43.31  1.21
43.32  1.29
43.33  1.28
43.34  1.28
43.35  1.23
43.36  1.28
43.37  1.3
43.38  1.32
43.39  1.22
43.4  1.31
43.41  1.2
43.42  1.27
43.43  1.37
43.44  1.25
43.45  1.25
43.46  1.26
43.47  1.27
43.48  1.31
43.49  1.28
43.5  1.22
43.51  1.34
43.52  1.21
43.53  1.29
43.54  1.27
43.55  1.3
43.56  1.28
43.57  1.27
43.58  1.29
43.59  1.19
43.6  1.38
43.61  1.28
43.62  1.25
43.63  1.34
43.64  1.26
43.65  1.26
43.66  1.23
43.67  1.24
43.68  1.37
43.69  1.21
43.7  1.3
43.71  1.28
43.72  1.27
43.73  1.29
43.74  1.27
43.75  1.33
43.76  1.2
43.77  1.26
43.78  1.28
43.79  1.29
43.8  1.3
43.81  1.33
43.82  1.25
43.83  1.31
43.84  1.25
43.85  1.3
43.86  1.28
43.87  1.29
43.88  1.24
43.89  1.32
43.9  1.25
43.91  1.24
43.92  1.28
43.93  1.3
43.94  1.33
43.95  1.16
43.96  1.28
43.97  1.26
43.98  1.32
43.99  1.28
44  1.24
44.01  1.32
44.02  1.35
44.03  1.29
44.04  1.22
44.05  1.27
44.06  1.28
44.07  1.2
44.08  1.32
44.09  1.34
44.1  1.23
44.11  1.26
44.12  1.26
44.13  1.27
44.14  1.33
44.15  1.25
44.16  1.33
44.17  1.28
44.18  1.33
44.19  1.2
44.2  1.31
44.21  1.26
44.22  1.27
44.23  1.35
44.24  1.27
44.25  1.33
44.26  1.18
44.27  1.26
44.28  1.26
44.29  1.29
44.3  1.25
44.31  1.35
44.32  1.29
44.33  1.3
44.34  1.28
44.35  1.25
44.36  1.28
44.37  1.32
44.38  1.2
44.39  1.3
44.4  1.24
44.41  1.29
44.42  1.33
44.43  1.24
44.44  1.33
44.45  1.26
44.46  1.22
44.47  1.27
44.48  1.23
44.49  1.38
44.5  1.26
44.51  1.32
44.52  1.26
44.53  1.24
44.54  1.38
44.55  1.31
44.56  1.25
44.57  1.23
44.58  1.33
44.59  1.22
44.6  1.25
44.61  1.27
44.62  1.3
44.63  1.28
44.64  1.36
44.65  1.16
44.66  1.38
44.67  1.25
44.68  1.27
44.69  1.23
44.7  1.32
44.71  1.26
44.72  1.26
44.73  1.33
44.74  1.2
44.75  1.36
44.76  1.32
44.77  1.28
44.78  1.21
44.79  1.25
44.8  1.28
44.81  1.29
44.82  1.3
44.83  1.23
44.84  1.33
44.85  1.26
44.86  1.31
44.87  1.23
44.88  1.32
44.89  1.32
44.9  1.26
44.91  1.28
44.92  1.29
44.93  1.27
44.94  1.29
44.95  1.26
44.96  1.28
44.97  1.24
44.98  1.24
44.99  1.29
45  1.28
45.01  1.32
45.02  1.29
45.03  1.2
45.04  1.26
45.05  1.27
45.06  1.32
45.07  1.3
45.08  1.26
45.09  1.27
45.1  1.28
45.11  1.25
45.12  1.27
45.13  1.33
45.14  1.33
45.15  1.24
45.16  1.23
45.17  1.3
45.18  1.34
45.19  1.24
45.2  1.26
45.21  1.26
45.22  1.21
45.23  1.36
45.24  1.21
45.25  1.31
45.26  1.29
45.27  1.29
45.28  1.27
45.29  1.27
45.3  1.28
45.31  1.3
45.32  1.22
45.33  1.31
45.34  1.24
45.35  1.34
45.36  1.33
45.37  1.26
45.38  1.17
45.39  1.32
45.4  1.32
45.41  1.26
45.42  1.26
45.43  1.17
45.44  1.34
45.45  1.28
45.46  1.3
45.47  1.23
45.48  1.29
45.49  1.3
45.5  1.24
45.51  1.24
45.52  1.3
45.53  1.29
45.54  1.31
45.55  1.31
45.56  1.26
45.57  1.21
45.58  1.29
45.59  1.28
45.6  1.32
45.61  1.29
45.62  1.3
45.63  1.28
45.64  1.28
45.65  1.26
45.66  1.25
45.67  1.32
45.68  1.28
45.69  1.28
45.7  1.27
45.71  1.3
45.72  1.29
45.73  1.25
45.74  1.28
45.75  1.29
45.76  1.29
45.77  1.29
45.78  1.25
45.79  1.3
45.8  1.25
45.81  1.25
45.82  1.28
45.83  1.34
45.84  1.23
45.85  1.31
45.86  1.25
45.87  1.37
45.88  1.19
45.89  1.35
45.9  1.25
45.91  1.27
45.92  1.31
45.93  1.24
45.94  1.31
45.95  1.28
45.96  1.24
45.97  1.31
45.98  1.23
45.99  1.3
46  1.32
46.01  1.27
46.02  1.26
46.03  1.28
46.04  1.32
46.05  1.34
46.06  1.21
46.07  1.32
46.08  1.22
46.09  1.33
46.1  1.25
46.11  1.33
46.12  1.25
46.13  1.25
46.14  1.27
46.15  1.31
46.16  1.3
46.17  1.19
46.18  1.37
46.19  1.2
46.2  1.33
46.21  1.26
46.22  1.35
46.23  1.19
46.24  1.35
46.25  1.27
46.26  1.3
46.27  1.24
46.28  1.34
46.29  1.26
46.3  1.23
46.31  1.31
46.32  1.24
46.33  1.24
46.34  1.23
46.35  1.34
46.36  1.19
46.37  1.35
46.38  1.26
46.39  1.36
46.4  1.26
46.41  1.25
46.42  1.3
46.43  1.26
46.44  1.27
46.45  1.23
46.46  1.3
46.47  1.3
46.48  1.33
46.49  1.3
46.5  1.19
46.51  1.27
46.52  1.3
46.53  1.39
46.54  1.23
46.55  1.26
46.56  1.22
46.57  1.23
46.58  1.32
46.59  1.25
46.6  1.27
46.61  1.27
46.62  1.2
46.63  1.3
46.64  1.28
46.65  1.26
46.66  1.26
46.67  1.3
46.68  1.25
46.69  1.36
46.7  1.27
46.71  1.26
46.72  1.24
46.73  1.3
46.74  1.3
46.75  1.34
46.76  1.28
46.77  1.23
46.78  1.3
46.79  1.27
46.8  1.28
46.81  1.25
46.82  1.29
46.83  1.3
46.84  1.18
46.85  1.3
46.86  1.32
46.87  1.25
46.88  1.26
46.89  1.32
46.9  1.29
46.91  1.22
46.92  1.3
46.93  1.25
46.94  1.32
46.95  1.25
46.96  1.25
46.97  1.3
46.98  1.21
46.99  1.37
47  1.28
47.01  1.29
47.02  1.27
47.03  1.22
47.04  1.32
47.05  1.26
47.06  1.35
47.07  1.31
47.08  1.31
47.09  1.19
47.1  1.3
47.11  1.26
47.12  1.26
47.13  1.3
47.14  1.29
47.15  1.24
47.16  1.37
47.17  1.26
47.18  1.34
47.19  1.22
47.2  1.24
47.21  1.32
47.22  1.33
47.23  1.24
47.24  1.37
47.25  1.21
47.26  1.28
47.27  1.23
47.28  1.31
47.29  1.29
47.3  1.34
47.31  1.26
47.32  1.23
47.33  1.3
47.34  1.3
47.35  1.24
47.36  1.27
47.37  1.27
47.38  1.34
47.39  1.25
47.4  1.34
47.41  1.22
47.42  1.36
47.43  1.27
47.44  1.25
47.45  1.25
47.46  1.27
47.47  1.31
47.48  1.27
47.49  1.29
47.5  1.32
47.51  1.28
47.52  1.27
47.53  1.28
47.54  1.35
47.55  1.17
47.56  1.27
47.57  1.25
47.58  1.22
47.59  1.34
47.6  1.36
47.61  1.21
47.62  1.39
47.63  1.26
47.64  1.24
47.65  1.25
47.66  1.33
47.67  1.29
47.68  1.23
47.69  1.31
47.7  1.32
47.71  1.24
47.72  1.25
47.73  1.26
47.74  1.23
47.75  1.32
47.76  1.29
47.77  1.25
47.78  1.31
47.79  1.28
47.8  1.29
47.81  1.3
47.82  1.33
47.83  1.19
47.84  1.21
47.85  1.28
47.86  1.36
47.87  1.24
47.88  1.29
47.89  1.22
47.9  1.28
47.91  1.24
47.92  1.27
47.93  1.31
47.94  1.33
47.95  1.25
47.96  1.21
47.97  1.34
47.98  1.3
47.99  1.31
48  1.21
48.01  1.3
48.02  1.22
48.03  1.29
48.04  1.27
48.05  1.25
48.06  1.31
48.07  1.25
48.08  1.32
48.09  1.21
48.1  1.37
48.11  1.22
48.12  1.28
48.13  1.27
48.14  1.27
48.15  1.25
48.16  1.32
48.17  1.26
48.18  1.31
48.19  1.3
48.2  1.19
48.21  1.32
48.22  1.32
48.23  1.16
48.24  1.32
48.25  1.33
48.26  1.24
48.27  1.3
48.28  1.23
48.29  1.34
48.3  1.2
48.31  1.35
48.32  1.23
48.33  1.28
48.34  1.32
48.35  1.32
48.36  1.26
48.37  1.26
48.38  1.29
48.39  1.21
48.4  1.23
48.41  1.34
48.42  1.26
48.43  1.3
48.44  1.29
48.45  1.3
48.46  1.26
48.47  1.26
48.48  1.25
48.49  1.39
48.5  1.27
48.51  1.29
48.52  1.31
48.53  1.27
48.54  1.28
48.55  1.21
48.56  1.3
48.57  1.29
48.58  1.24
48.59  1.28
48.6  1.2
48.61  1.37
48.62  1.22
48.63  1.32
48.64  1.3
48.65  1.23
48.66  1.39
48.67  1.2
48.68  1.35
48.69  1.29
48.7  1.25
48.71  1.26
48.72  1.35
48.73  1.31
48.74  1.24
48.75  1.25
48.76  1.22
48.77  1.38
48.78  1.25
48.79  1.31
48.8  1.24
48.81  1.32
48.82  1.24
48.83  1.27
48.84  1.27
48.85  1.26
48.86  1.31
48.87  1.27
48.88  1.31
48.89  1.29
48.9  1.33
48.91  1.21
48.92  1.28
48.93  1.26
48.94  1.28
48.95  1.27
48.96  1.34
48.97  1.19
48.98  1.33
48.99  1.29
49  1.2
49.01  1.31
49.02  1.23
49.03  1.3
49.04  1.29
49.05  1.3
49.06  1.3
49.07  1.25
49.08  1.35
49.09  1.18
49.1  1.34
49.11  1.26
49.12  1.31
49.13  1.27
49.14  1.35
49.15  1.27
49.16  1.28
49.17  1.25
49.18  1.24
49.19  1.29
49.2  1.26
49.21  1.24
49.22  1.31
49.23  1.21
49.24  1.31
49.25  1.27
49.26  1.27
49.27  1.3
49.28  1.29
49.29  1.26
49.3  1.24
49.31  1.27
49.32  1.34
49.33  1.21
49.34  1.28
49.35  1.29
49.36  1.33
49.37  1.25
49.38  1.34
49.39  1.21
49.4  1.26
49.41  1.32
49.42  1.35
49.43  1.2
49.44  1.27
49.45  1.19
49.46  1.3
49.47  1.32
49.48  1.29
49.49  1.3
49.5  1.28
49.51  1.28
49.52  1.29
49.53  1.27
49.54  1.2
49.55  1.3
49.56  1.29
49.57  1.29
49.58  1.22
49.59  1.25
49.6  1.38
49.61  1.32
49.62  1.21
49.63  1.27
49.64  1.33
49.65  1.21
49.66  1.33
49.67  1.22
49.68  1.33
49.69  1.26
49.7  1.24
49.71  1.3
49.72  1.25
49.73  1.28
49.74  1.22
49.75  1.3
49.76  1.33
49.77  1.29
49.78  1.25
49.79  1.24
49.8  1.35
49.81  1.31
49.82  1.23
49.83  1.3
49.84  1.31
49.85  1.25
49.86  1.25
49.87  1.31
49.88  1.21
49.89  1.25
49.9  1.35
49.91  1.33
49.92  1.27
49.93  1.26
49.94  1.29
49.95  1.22
49.96  1.31
49.97  1.29
49.98  1.29
49.99  1.33
50  1.23
50.01  1.3
50.02  1.22
50.03  1.31
50.04  1.27
50.05  1.3
50.06  1.26
50.07  1.27
50.08  1.33
50.09  1.2
50.1  1.34
50.11  1.28
50.12  1.28
50.13  1.26
50.14  1.25
50.15  1.19
50.16  1.35
50.17  1.24
50.18  1.23
50.19  1.27
50.2  1.32
50.21  1.31
50.22  1.25
50.23  1.34
50.24  1.33
50.25  1.25
50.26  1.26
50.27  1.33
50.28  1.35
50.29  1.24
50.3  1.3
50.31  1.25
50.32  1.25
50.33  1.32
50.34  1.29
50.35  1.24
50.36  1.25
50.37  1.27
50.38  1.2
50.39  1.3
50.4  1.32
50.41  1.25
50.42  1.32
50.43  1.3
50.44  1.24
50.45  1.26
50.46  1.24
50.47  1.27
50.48  1.32
50.49  1.34
50.5  1.26
50.51  1.26
50.52  1.24
50.53  1.26
50.54  1.34
50.55  1.24
50.56  1.32
50.57  1.26
50.58  1.3
50.59  1.25
50.6  1.31
50.61  1.31
50.62  1.28
50.63  1.23
50.64  1.28
50.65  1.24
50.66  1.31
50.67  1.22
50.68  1.38
50.69  1.31
50.7  1.23
50.71  1.29
50.72  1.29
50.73  1.33
50.74  1.26
50.75  1.25
50.76  1.31
50.77  1.25
50.78  1.32
50.79  1.25
50.8  1.23
50.81  1.26
50.82  1.28
50.83  1.26
50.84  1.31
50.85  1.31
50.86  1.25
50.87  1.31
50.88  1.22
50.89  1.31
50.9  1.26
50.91  1.28
50.92  1.2
50.93  1.31
50.94  1.28
50.95  1.26
50.96  1.35
50.97  1.29
50.98  1.29
50.99  1.27
51  1.26
51.01  1.2
51.02  1.3
51.03  1.34
51.04  1.3
51.05  1.24
51.06  1.31
51.07  1.29
51.08  1.3
51.09  1.18
51.1  1.32
51.11  1.24
51.12  1.28
51.13  1.34
51.14  1.23
51.15  1.32
51.16  1.25
51.17  1.27
51.18  1.27
51.19  1.31
51.2  1.29
51.21  1.23
51.22  1.27
51.23  1.31
51.24  1.23
51.25  1.3
51.26  1.24
51.27  1.3
51.28  1.2
51.29  1.3
51.3  1.31
51.31  1.26
51.32  1.29
51.33  1.32
51.34  1.21
51.35  1.31
51.36  1.29
51.37  1.28
51.38  1.25
51.39  1.22
51.4  1.32
51.41  1.36
51.42  1.26
51.43  1.21
51.44  1.32
51.45  1.24
51.46  1.31
51.47  1.33
51.48  1.21
51.49  1.27
51.5  1.28
51.51  1.31
51.52  1.3
51.53  1.18
51.54  1.32
51.55  1.26
51.56  1.34
51.57  1.26
51.58  1.27
51.59  1.24
51.6  1.38
51.61  1.18
51.62  1.35
51.63  1.28
51.64  1.26
51.65  1.31
51.66  1.25
51.67  1.2
51.68  1.27
51.69  1.31
51.7  1.26
51.71  1.21
51.72  1.37
51.73  1.28
51.74  1.32
51.75  1.29
51.76  1.26
51.77  1.27
51.78  1.29
51.79  1.28
51.8  1.34
51.81  1.18
51.82  1.31
51.83  1.29
51.84  1.3
51.85  1.31
51.86  1.28
51.87  1.27
51.88  1.24
51.89  1.35
51.9  1.25
51.91  1.25
51.92  1.39
51.93  1.21
51.94  1.24
51.95  1.29
51.96  1.25
51.97  1.3
51.98  1.29
51.99  1.23
52  1.31
52.01  1.28
52.02  1.28
52.03  1.25
52.04  1.28
52.05  1.38
52.06  1.28
52.07  1.22
52.08  1.34
52.09  1.3
52.1  1.35
52.11  1.27
52.12  1.2
52.13  1.25
52.14  1.31
52.15  1.22
52.16  1.37
52.17  1.21
52.18  1.28
52.19  1.22
52.2  1.3
52.21  1.3
52.22  1.25
52.23  1.36
52.24  1.26
52.25  1.29
52.26  1.25
52.27  1.29
52.28  1.3
52.29  1.2
52.3  1.35
52.31  1.34
52.32  1.28
52.33  1.25
52.34  1.29
52.35  1.29
52.36  1.23
52.37  1.23
52.38  1.26
52.39  1.34
52.4  1.25
52.41  1.26
52.42  1.34
52.43  1.24
52.44  1.24
52.45  1.29
52.46  1.28
52.47  1.21
52.48  1.28
52.49  1.3
52.5  1.27
52.51  1.18
52.52  1.38
52.53  1.25
52.54  1.31
52.55  1.28
52.56  1.27
52.57  1.38
52.58  1.18
52.59  1.32
52.6  1.26
52.61  1.25
52.62  1.32
52.63  1.2
52.64  1.36
52.65  1.22
52.66  1.31
52.67  1.21
52.68  1.32
52.69  1.25
52.7  1.3
52.71  1.3
52.72  1.25
52.73  1.31
52.74  1.27
52.75  1.21
52.76  1.35
52.77  1.25
52.78  1.32
52.79  1.23
52.8  1.27
52.81  1.24
52.82  1.24
52.83  1.27
52.84  1.27
52.85  1.27
52.86  1.34
52.87  1.27
52.88  1.28
52.89  1.32
52.9  1.32
52.91  1.25
52.92  1.24
52.93  1.3
52.94  1.24
52.95  1.35
52.96  1.21
52.97  1.28
52.98  1.26
52.99  1.34
53  1.29
53.01  1.32
53.02  1.28
53.03  1.25
53.04  1.28
53.05  1.32
53.06  1.25
53.07  1.32
53.08  1.27
53.09  1.19
53.1  1.3
53.11  1.19
53.12  1.41
53.13  1.27
53.14  1.27
53.15  1.31
53.16  1.2
53.17  1.28
53.18  1.27
53.19  1.28
53.2  1.36
53.21  1.29
53.22  1.31
53.23  1.25
53.24  1.29
53.25  1.3
53.26  1.19
53.27  1.29
53.28  1.3
53.29  1.29
53.3  1.31
53.31  1.31
53.32  1.28
53.33  1.24
53.34  1.26
53.35  1.25
53.36  1.39
53.37  1.22
53.38  1.3
53.39  1.26
53.4  1.3
53.41  1.28
53.42  1.35
53.43  1.26
53.44  1.31
53.45  1.28
53.46  1.29
53.47  1.22
53.48  1.28
53.49  1.25
53.5  1.27
53.51  1.28
53.52  1.33
53.53  1.3
53.54  1.27
53.55  1.2
53.56  1.36
53.57  1.2
53.58  1.25
53.59  1.31
53.6  1.25
53.61  1.29
53.62  1.3
53.63  1.23
53.64  1.28
53.65  1.31
53.66  1.24
53.67  1.26
53.68  1.33
53.69  1.26
53.7  1.37
53.71  1.26
53.72  1.23
53.73  1.25
53.74  1.28
53.75  1.31
53.76  1.22
53.77  1.27
53.78  1.28
53.79  1.3
53.8  1.29
53.81  1.27
53.82  1.29
53.83  1.25
53.84  1.32
53.85  1.25
53.86  1.27
53.87  1.25
53.88  1.26
53.89  1.29
53.9  1.22
53.91  1.32
53.92  1.3
53.93  1.25
53.94  1.26
53.95  1.26
53.96  1.2
53.97  1.37
53.98  1.28
53.99  1.26
54  1.3
54.01  1.28
54.02  1.25
54.03  1.25
54.04  1.25
54.05  1.3
54.06  1.19
54.07  1.35
54.08  1.31
54.09  1.21
54.1  1.3
54.11  1.3
54.12  1.25
54.13  1.28
54.14  1.34
54.15  1.19
54.16  1.37
54.17  1.34
54.18  1.29
54.19  1.24
54.2  1.3
54.21  1.22
54.22  1.26
54.23  1.3
54.24  1.25
54.25  1.2
54.26  1.35
54.27  1.28
54.28  1.25
54.29  1.34
54.3  1.31
54.31  1.25
54.32  1.27
54.33  1.27
54.34  1.28
54.35  1.38
54.36  1.28
54.37  1.28
54.38  1.2
54.39  1.31
54.4  1.25
54.41  1.27
54.42  1.29
54.43  1.27
54.44  1.27
54.45  1.32
54.46  1.23
54.47  1.29
54.48  1.36
54.49  1.22
54.5  1.33
54.51  1.22
54.52  1.31
54.53  1.23
54.54  1.3
54.55  1.29
54.56  1.29
54.57  1.3
54.58  1.3
54.59  1.37
54.6  1.22
54.61  1.3
54.62  1.31
54.63  1.21
54.64  1.33
54.65  1.27
54.66  1.22
54.67  1.33
54.68  1.21
54.69  1.33
54.7  1.28
54.71  1.29
54.72  1.35
54.73  1.18
54.74  1.36
54.75  1.24
54.76  1.32
54.77  1.14
54.78  1.27
54.79  1.29
54.8  1.19
54.81  1.42
54.82  1.26
54.83  1.25
54.84  1.3
54.85  1.25
54.86  1.29
54.87  1.31
54.88  1.27
54.89  1.3
54.9  1.25
54.91  1.32
54.92  1.27
54.93  1.23
54.94  1.29
54.95  1.26
54.96  1.31
54.97  1.28
54.98  1.29
54.99  1.28
55  1.24
55.01  1.28
55.02  1.31
55.03  1.22
55.04  1.29
55.05  1.32
55.06  1.19
55.07  1.36
55.08  1.23
55.09  1.24
55.1  1.3
55.11  1.28
55.12  1.27
55.13  1.26
55.14  1.31
55.15  1.26
55.16  1.24
55.17  1.33
55.18  1.24
55.19  1.24
55.2  1.31
55.21  1.27
55.22  1.23
55.23  1.21
55.24  1.26
55.25  1.36
55.26  1.25
55.27  1.27
55.28  1.27
55.29  1.36
55.3  1.25
55.31  1.28
55.32  1.29
55.33  1.32
55.34  1.29
55.35  1.3
55.36  1.23
55.37  1.29
55.38  1.31
55.39  1.33
55.4  1.15
55.41  1.36
55.42  1.21
55.43  1.3
55.44  1.26
55.45  1.26
55.46  1.22
55.47  1.33
55.48  1.26
55.49  1.32
55.5  1.31
55.51  1.26
55.52  1.35
55.53  1.26
55.54  1.24
55.55  1.24
55.56  1.29
55.57  1.27
55.58  1.31
55.59  1.24
55.6  1.33
55.61  1.24
55.62  1.29
55.63  1.21
55.64  1.33
55.65  1.29
55.66  1.31
55.67  1.3
55.68  1.3
55.69  1.28
55.7  1.22
55.71  1.3
55.72  1.38
55.73  1.17
55.74  1.32
55.75  1.3
55.76  1.3
55.77  1.29
55.78  1.29
55.79  1.18
55.8  1.33
55.81  1.25
55.82  1.29
55.83  1.21
55.84  1.31
55.85  1.28
55.86  1.26
55.87  1.29
55.88  1.28
55.89  1.34
55.9  1.3
55.91  1.22
55.92  1.31
55.93  1.28
55.94  1.24
55.95  1.31
55.96  1.28
55.97  1.26
55.98  1.31
55.99  1.3
56  1.28
56.01  1.31
56.02  1.31
56.03  1.23
56.04  1.19
56.05  1.31
56.06  1.23
56.07  1.29
56.08  1.22
56.09  1.26
56.1  1.31
56.11  1.29
56.12  1.34
56.13  1.18
56.14  1.34
56.15  1.24
56.16  1.32
56.17  1.38
56.18  1.22
56.19  1.33
56.2  1.21
56.21  1.29
56.22  1.29
56.23  1.28
56.24  1.26
56.25  1.29
56.26  1.24
56.27  1.27
56.28  1.24
56.29  1.26
56.3  1.29
56.31  1.21
56.32  1.34
56.33  1.38
56.34  1.19
56.35  1.25
56.36  1.32
56.37  1.22
56.38  1.21
56.39  1.35
56.4  1.26
56.41  1.28
56.42  1.35
56.43  1.23
56.44  1.27
56.45  1.29
56.46  1.36
56.47  1.14
56.48  1.38
56.49  1.27
56.5  1.32
56.51  1.3
56.52  1.23
56.53  1.24
56.54  1.26
56.55  1.3
56.56  1.26
56.57  1.24
56.58  1.27
56.59  1.25
56.6  1.35
56.61  1.26
56.62  1.22
56.63  1.4
56.64  1.29
56.65  1.36
56.66  1.24
56.67  1.23
56.68  1.27
56.69  1.28
56.7  1.24
56.71  1.3
56.72  1.26
56.73  1.27
56.74  1.38
56.75  1.26
56.76  1.21
56.77  1.26
56.78  1.36
56.79  1.26
56.8  1.31
56.81  1.29
56.82  1.24
56.83  1.3
56.84  1.31
56.85  1.22
56.86  1.28
56.87  1.29
56.88  1.31
56.89  1.33
56.9  1.21
56.91  1.26
56.92  1.33
56.93  1.23
56.94  1.33
56.95  1.3
56.96  1.29
56.97  1.29
56.98  1.28
56.99  1.28
57  1.27
57.01  1.27
57.02  1.29
57.03  1.25
57.04  1.24
57.05  1.3
57.06  1.32
57.07  1.25
57.08  1.34
57.09  1.2
57.1  1.31
57.11  1.26
57.12  1.24
57.13  1.34
57.14  1.25
57.15  1.25
57.16  1.37
57.17  1.23
57.18  1.3
57.19  1.25
57.2  1.35
57.21  1.25
57.22  1.26
57.23  1.28
57.24  1.24
57.25  1.27
57.26  1.28
57.27  1.28
57.28  1.33
57.29  1.26
57.3  1.27
57.31  1.33
57.32  1.29
57.33  1.24
57.34  1.31
57.35  1.28
57.36  1.27
57.37  1.23
57.38  1.26
57.39  1.31
57.4  1.33
57.41  1.29
57.42  1.2
57.43  1.29
57.44  1.28
57.45  1.26
57.46  1.17
57.47  1.34
57.48  1.27
57.49  1.29
57.5  1.3
57.51  1.24
57.52  1.24
57.53  1.32
57.54  1.28
57.55  1.26
57.56  1.25
57.57  1.31
57.58  1.26
57.59  1.29
57.6  1.3
57.61  1.29
57.62  1.22
57.63  1.3
57.64  1.3
57.65  1.27
57.66  1.22
57.67  1.29
57.68  1.33
57.69  1.26
57.7  1.28
57.71  1.25
57.72  1.23
57.73  1.39
57.74  1.28
57.75  1.21
57.76  1.34
57.77  1.29
57.78  1.22
57.79  1.32
57.8  1.22
57.81  1.32
57.82  1.23
57.83  1.29
57.84  1.2
57.85  1.32
57.86  1.25
57.87  1.27
57.88  1.27
57.89  1.32
57.9  1.26
57.91  1.32
57.92  1.25
57.93  1.28
57.94  1.27
57.95  1.33
57.96  1.27
57.97  1.31
57.98  1.3
57.99  1.31
58  1.25
58.01  1.27
58.02  1.27
58.03  1.28
58.04  1.33
58.05  1.28
58.06  1.21
58.07  1.26
58.08  1.31
58.09  1.26
58.1  1.27
58.11  1.25
58.12  1.37
58.13  1.3
58.14  1.27
58.15  1.28
58.16  1.3
58.17  1.2
58.18  1.3
58.19  1.25
58.2  1.32
58.21  1.31
58.22  1.26
58.23  1.27
58.24  1.31
58.25  1.24
58.26  1.36
58.27  1.26
58.28  1.25
58.29  1.31
58.3  1.33
58.31  1.22
58.32  1.35
58.33  1.26
58.34  1.26
58.35  1.26
58.36  1.24
58.37  1.32
58.38  1.17
58.39  1.34
58.4  1.27
58.41  1.29
58.42  1.24
58.43  1.31
58.44  1.3
58.45  1.21
58.46  1.32
58.47  1.29
58.48  1.31
58.49  1.31
58.5  1.34
58.51  1.16
58.52  1.3
58.53  1.29
58.54  1.3
58.55  1.21
58.56  1.25
58.57  1.31
58.58  1.31
58.59  1.31
58.6  1.29
58.61  1.24
58.62  1.28
58.63  1.27
58.64  1.25
58.65  1.32
58.66  1.26
58.67  1.2
58.68  1.36
58.69  1.25
58.7  1.25
58.71  1.24
58.72  1.23
58.73  1.26
58.74  1.34
58.75  1.22
58.76  1.37
58.77  1.26
58.78  1.26
58.79  1.33
58.8  1.26
58.81  1.23
58.82  1.27
58.83  1.2
58.84  1.28
58.85  1.3
58.86  1.27
58.87  1.3
58.88  1.28
58.89  1.26
58.9  1.29
58.91  1.23
58.92  1.39
58.93  1.21
58.94  1.29
58.95  1.33
58.96  1.25
58.97  1.23
58.98  1.27
58.99  1.3
59  1.23
59.01  1.35
59.02  1.27
59.03  1.21
59.04  1.28
59.05  1.34
59.06  1.25
59.07  1.23
59.08  1.24
59.09  1.33
59.1  1.23
59.11  1.3
59.12  1.26
59.13  1.22
59.14  1.34
59.15  1.34
59.16  1.25
59.17  1.31
59.18  1.28
59.19  1.28
59.2  1.23
59.21  1.25
59.22  1.32
59.23  1.3
59.24  1.35
59.25  1.22
59.26  1.27
59.27  1.3
59.28  1.27
59.29  1.32
59.3  1.28
59.31  1.26
59.32  1.31
59.33  1.3
59.34  1.31
59.35  1.34
59.36  1.24
59.37  1.23
59.38  1.26
59.39  1.3
59.4  1.27
59.41  1.3
59.42  1.34
59.43  1.22
59.44  1.26
59.45  1.32
59.46  1.23
59.47  1.32
59.48  1.2
59.49  1.34
59.5  1.29
59.51  1.32
59.52  1.25
59.53  1.27
59.54  1.25
59.55  1.31
59.56  1.31
59.57  1.22
59.58  1.33
59.59  1.3
59.6  1.26
59.61  1.3
59.62  1.24
59.63  1.29
59.64  1.32
59.65  1.32
59.66  1.31
59.67  1.28
59.68  1.27
59.69  1.27
59.7  1.25
59.71  1.21
59.72  1.31
59.73  1.32
59.74  1.25
59.75  1.31
59.76  1.27
59.77  1.22
59.78  1.33
59.79  1.3
59.8  1.27
59.81  1.3
59.82  1.31
59.83  1.27
59.84  1.31
59.85  1.14
59.86  1.31
59.87  1.3
59.88  1.24
59.89  1.26
59.9  1.28
59.91  1.26
59.92  1.27
59.93  1.25
59.94  1.29
59.95  1.32
59.96  1.23
59.97  1.28
59.98  1.31
59.99  1.27
