-15  0
-14.99  0
-14.98  0.01
-14.97  0.01
-14.96  0.01
-14.95  0.01
-14.94  0.02
-14.93  0.02
-14.92  0.03
-14.91  0.03
-14.9  0.03
-14.89  0.04
-14.88  0.04
-14.87  0.03
-14.86  0.07
-14.85  0.04
-14.84  0.07
-14.83  0.05
-14.82  0.07
-14.81  0.08
-14.8  0.09
-14.79  0.08
-14.78  0.09
-14.77  0.1
-14.76  0.11
-14.75  0.12
-14.74  0.12
-14.73  0.16
-14.72  0.14
-14.71  0.16
-14.7  0.17
-14.69  0.21
-14.68  0.2
-14.67  0.24
-14.66  0.25
-14.65  0.28
-14.64  0.3
-14.63  0.35
-14.62  0.39
-14.61  0.43
-14.6  0.48
-14.59  0.55
-14.58  0.64
-14.57  0.78
-14.56  0.87
-14.55  1.04
-14.54  1.25
-14.53  1.55
-14.52  1.94
-14.51  2.47
-14.5  3.23
-14.49  4.28
-14.48  5.7
-14.47  7.38
-14.46  8.84
-14.45  9.17
-14.44  8.16
-14.43  6.5
-14.42  4.91
-14.41  3.7
-14.4  2.83
-14.39  2.18
-14.38  1.74
-14.37  1.41
-14.36  1.15
-14.35  0.98
-14.34  0.83
-14.33  0.72
-14.32  0.62
-14.31  0.54
-14.3  0.5
-14.29  0.45
-14.28  0.4
-14.27  0.35
-14.26  0.36
-14.25  0.31
-14.24  0.28
-14.23  0.27
-14.22  0.26
-14.21  0.21
-14.2  0.25
-14.19  0.2
-14.18  0.22
-14.17  0.21
-14.16  0.18
-14.15  0.2
-14.14  0.16
-14.13  0.16
-14.12  0.18
-14.11  0.16
-14.1  0.16
-14.09  0.18
-14.08  0.15
-14.07  0.15
-14.06  0.17
-14.05  0.16
-14.04  0.15
-14.03  0.14
-14.02  0.14
-14.01  0.16
-14  0.15
-13.99  0.19
-13.98  0.14
-13.97  0.13
-13.96  0.17
-13.95  0.15
-13.94  0.18
-13.93  0.17
-13.92  0.15
-13.91  0.18
-13.9  0.15
-13.89  0.19
-13.88  0.16
-13.87  0.18
-13.86  0.19
-13.85  0.19
-13.84  0.19
-13.83  0.23
-13.82  0.19
-13.81  0.2
-13.8  0.22
-13.79  0.22
-13.78  0.21
-13.77  0.27
-13.76  0.24
-13.75  0.23
-13.74  0.26
-13.73  0.27
-13.72  0.3
-13.71  0.28
-13.7  0.33
-13.69  0.32
-13.68  0.33
-13.67  0.36
-13.66  0.37
-13.65  0.35
-13.64  0.43
-13.63  0.42
-13.62  0.44
-13.61  0.5
-13.6  0.53
-13.59  0.52
-13.58  0.61
-13.57  0.61
-13.56  0.64
-13.55  0.7
-13.54  0.77
-13.53  0.82
-13.52  0.9
-13.51  0.96
-13.5  1.03
-13.49  1.16
-13.48  1.24
-13.47  1.35
-13.46  1.51
-13.45  1.66
-13.44  1.79
-13.43  1.99
-13.42  2.15
-13.41  2.35
-13.4  2.54
-13.39  2.77
-13.38  2.85
-13.37  3.07
-13.36  3.13
-13.35  3.14
-13.34  3.15
-13.33  3.09
-13.32  2.95
-13.31  2.83
-13.3  2.6
-13.29  2.42
-13.28  2.24
-13.27  2.06
-13.26  1.89
-13.25  1.7
-13.24  1.56
-13.23  1.4
-13.22  1.34
-13.21  1.2
-13.2  1.14
-13.19  0.97
-13.18  1
-13.17  0.87
-13.16  0.81
-13.15  0.76
-13.14  0.74
-13.13  0.66
-13.12  0.67
-13.11  0.56
-13.1  0.58
-13.09  0.55
-13.08  0.54
-13.07  0.47
-13.06  0.51
-13.05  0.44
-13.04  0.47
-13.03  0.43
-13.02  0.42
-13.01  0.39
-13  0.39
-12.99  0.39
-12.98  0.38
-12.97  0.35
-12.96  0.36
-12.95  0.35
-12.94  0.34
-12.93  0.38
-12.92  0.3
-12.91  0.33
-12.9  0.36
-12.89  0.33
-12.88  0.31
-12.87  0.33
-12.86  0.32
-12.85  0.32
-12.84  0.32
-12.83  0.35
-12.82  0.33
-12.81  0.32
-12.8  0.33
-12.79  0.32
-12.78  0.33
-12.77  0.34
-12.76  0.34
-12.75  0.35
-12.74  0.36
-12.73  0.39
-12.72  0.35
-12.71  0.36
-12.7  0.4
-12.69  0.36
-12.68  0.37
-12.67  0.4
-12.66  0.42
-12.65  0.41
-12.64  0.45
-12.63  0.45
-12.62  0.43
-12.61  0.49
-12.6  0.46
-12.59  0.52
-12.58  0.53
-12.57  0.55
-12.56  0.52
-12.55  0.58
-12.54  0.61
-12.53  0.61
-12.52  0.64
-12.51  0.67
-12.5  0.71
-12.49  0.77
-12.48  0.75
-12.47  0.8
-12.46  0.83
-12.45  0.9
-12.44  0.95
-12.43  1.02
-12.42  1.03
-12.41  1.05
-12.4  1.16
-12.39  1.21
-12.38  1.26
-12.37  1.31
-12.36  1.44
-12.35  1.48
-12.34  1.56
-12.33  1.6
-12.32  1.69
-12.31  1.72
-12.3  1.83
-12.29  1.85
-12.28  1.96
-12.27  1.93
-12.26  1.97
-12.25  2.02
-12.24  1.97
-12.23  1.96
-12.22  1.97
-12.21  1.94
-12.2  1.87
-12.19  1.8
-12.18  1.79
-12.17  1.74
-12.16  1.62
-12.15  1.6
-12.14  1.5
-12.13  1.43
-12.12  1.4
-12.11  1.31
-12.1  1.23
-12.09  1.19
-12.08  1.15
-12.07  1.05
-12.06  1.07
-12.05  0.96
-12.04  0.94
-12.03  0.91
-12.02  0.86
-12.01  0.82
-12  0.79
-11.99  0.75
-11.98  0.71
-11.97  0.73
-11.96  0.71
-11.95  0.69
-11.94  0.64
-11.93  0.63
-11.92  0.59
-11.91  0.57
-11.9  0.57
-11.89  0.57
-11.88  0.55
-11.87  0.51
-11.86  0.55
-11.85  0.53
-11.84  0.51
-11.83  0.48
-11.82  0.55
-11.81  0.47
-11.8  0.5
-11.79  0.45
-11.78  0.51
-11.77  0.48
-11.76  0.46
-11.75  0.44
-11.74  0.48
-11.73  0.47
-11.72  0.48
-11.71  0.49
-11.7  0.43
-11.69  0.48
-11.68  0.5
-11.67  0.46
-11.66  0.47
-11.65  0.5
-11.64  0.46
-11.63  0.52
-11.62  0.48
-11.61  0.53
-11.6  0.49
-11.59  0.51
-11.58  0.51
-11.57  0.56
-11.56  0.55
-11.55  0.52
-11.54  0.58
-11.53  0.55
-11.52  0.58
-11.51  0.62
-11.5  0.6
-11.49  0.64
-11.48  0.65
-11.47  0.66
-11.46  0.66
-11.45  0.68
-11.44  0.75
-11.43  0.68
-11.42  0.81
-11.41  0.75
-11.4  0.82
-11.39  0.86
-11.38  0.83
-11.37  0.85
-11.36  0.91
-11.35  0.95
-11.34  0.94
-11.33  1.03
-11.32  1.06
-11.31  1.04
-11.3  1.12
-11.29  1.15
-11.28  1.16
-11.27  1.25
-11.26  1.24
-11.25  1.27
-11.24  1.32
-11.23  1.35
-11.22  1.36
-11.21  1.42
-11.2  1.4
-11.19  1.48
-11.18  1.52
-11.17  1.45
-11.16  1.53
-11.15  1.49
-11.14  1.56
-11.13  1.48
-11.12  1.49
-11.11  1.53
-11.1  1.51
-11.09  1.49
-11.08  1.43
-11.07  1.43
-11.06  1.4
-11.05  1.36
-11.04  1.32
-11.03  1.27
-11.02  1.3
-11.01  1.25
-11  1.18
-10.99  1.16
-10.98  1.12
-10.97  1.15
-10.96  1.06
-10.95  1.04
-10.94  1
-10.93  0.96
-10.92  0.94
-10.91  0.97
-10.9  0.91
-10.89  0.84
-10.88  0.84
-10.87  0.83
-10.86  0.82
-10.85  0.81
-10.84  0.74
-10.83  0.77
-10.82  0.72
-10.81  0.75
-10.8  0.69
-10.79  0.69
-10.78  0.67
-10.77  0.65
-10.76  0.65
-10.75  0.65
-10.74  0.66
-10.73  0.66
-10.72  0.63
-10.71  0.63
-10.7  0.58
-10.69  0.61
-10.68  0.59
-10.67  0.61
-10.66  0.6
-10.65  0.57
-10.64  0.55
-10.63  0.6
-10.62  0.6
-10.61  0.59
-10.6  0.59
-10.59  0.59
-10.58  0.58
-10.57  0.57
-10.56  0.59
-10.55  0.62
-10.54  0.59
-10.53  0.59
-10.52  0.63
-10.51  0.6
-10.5  0.61
-10.49  0.61
-10.48  0.61
-10.47  0.67
-10.46  0.63
-10.45  0.66
-10.44  0.63
-10.43  0.68
-10.42  0.66
-10.41  0.68
-10.4  0.7
-10.39  0.73
-10.38  0.74
-10.37  0.74
-10.36  0.74
-10.35  0.78
-10.34  0.75
-10.33  0.79
-10.32  0.82
-10.31  0.83
-10.3  0.85
-10.29  0.83
-10.28  0.91
-10.27  0.91
-10.26  0.89
-10.25  0.95
-10.24  0.97
-10.23  0.99
-10.22  1
-10.21  1.02
-10.2  1.03
-10.19  1.1
-10.18  1.07
-10.17  1.1
-10.16  1.17
-10.15  1.14
-10.14  1.16
-10.13  1.16
-10.12  1.23
-10.11  1.21
-10.1  1.22
-10.09  1.27
-10.08  1.24
-10.07  1.23
-10.06  1.25
-10.05  1.31
-10.04  1.27
-10.03  1.29
-10.02  1.3
-10.01  1.24
-10  1.24
-9.99  1.26
-9.98  1.26
-9.97  1.25
-9.96  1.23
-9.95  1.2
-9.94  1.24
-9.93  1.19
-9.92  1.16
-9.91  1.17
-9.9  1.07
-9.89  1.11
-9.88  1.05
-9.87  1.09
-9.86  1.07
-9.85  1.02
-9.84  0.99
-9.83  0.98
-9.82  1.01
-9.81  0.95
-9.8  0.96
-9.79  0.89
-9.78  0.95
-9.77  0.89
-9.76  0.84
-9.75  0.84
-9.74  0.83
-9.73  0.84
-9.72  0.86
-9.71  0.74
-9.7  0.82
-9.69  0.76
-9.68  0.76
-9.67  0.74
-9.66  0.75
-9.65  0.76
-9.64  0.75
-9.63  0.73
-9.62  0.72
-9.61  0.69
-9.6  0.69
-9.59  0.7
-9.58  0.7
-9.57  0.7
-9.56  0.67
-9.55  0.66
-9.54  0.73
-9.53  0.67
-9.52  0.69
-9.51  0.65
-9.5  0.67
-9.49  0.65
-9.48  0.71
-9.47  0.67
-9.46  0.68
-9.45  0.65
-9.44  0.69
-9.43  0.66
-9.42  0.7
-9.41  0.7
-9.4  0.71
-9.39  0.71
-9.38  0.65
-9.37  0.76
-9.36  0.69
-9.35  0.76
-9.34  0.72
-9.33  0.7
-9.32  0.73
-9.31  0.75
-9.3  0.79
-9.29  0.73
-9.28  0.79
-9.27  0.8
-9.26  0.8
-9.25  0.79
-9.24  0.83
-9.23  0.83
-9.22  0.81
-9.21  0.86
-9.2  0.88
-9.19  0.87
-9.18  0.88
-9.17  0.94
-9.16  0.91
-9.15  0.96
-9.14  0.92
-9.13  0.97
-9.12  0.95
-9.11  0.95
-9.1  1.02
-9.09  1.03
-9.08  1
-9.07  1.05
-9.06  1.03
-9.05  1.07
-9.04  1.1
-9.03  1.05
-9.02  1.07
-9.01  1.1
-9  1.14
-8.99  1.11
-8.98  1.14
-8.97  1.13
-8.96  1.16
-8.95  1.11
-8.94  1.12
-8.93  1.19
-8.92  1.11
-8.91  1.11
-8.9  1.14
-8.89  1.1
-8.88  1.14
-8.87  1.14
-8.86  1.12
-8.85  1.07
-8.84  1.12
-8.83  1.12
-8.82  1.07
-8.81  1.1
-8.8  1.02
-8.79  1.05
-8.78  1.06
-8.77  1.05
-8.76  1.06
-8.75  0.95
-8.74  0.98
-8.73  0.99
-8.72  0.97
-8.71  0.96
-8.7  0.94
-8.69  0.91
-8.68  0.96
-8.67  0.9
-8.66  0.89
-8.65  0.91
-8.64  0.87
-8.63  0.84
-8.62  0.88
-8.61  0.86
-8.6  0.85
-8.59  0.81
-8.58  0.78
-8.57  0.85
-8.56  0.81
-8.55  0.77
-8.54  0.79
-8.53  0.81
-8.52  0.81
-8.51  0.76
-8.5  0.75
-8.49  0.78
-8.48  0.75
-8.47  0.77
-8.46  0.74
-8.45  0.76
-8.44  0.74
-8.43  0.72
-8.42  0.76
-8.41  0.73
-8.4  0.71
-8.39  0.77
-8.38  0.77
-8.37  0.75
-8.36  0.72
-8.35  0.74
-8.34  0.78
-8.33  0.72
-8.32  0.72
-8.31  0.79
-8.3  0.73
-8.29  0.76
-8.28  0.78
-8.27  0.76
-8.26  0.77
-8.25  0.75
-8.24  0.77
-8.23  0.79
-8.22  0.76
-8.21  0.79
-8.2  0.82
-8.19  0.8
-8.18  0.84
-8.17  0.79
-8.16  0.84
-8.15  0.84
-8.14  0.82
-8.13  0.9
-8.12  0.87
-8.11  0.83
-8.1  0.87
-8.09  0.91
-8.08  0.87
-8.07  0.9
-8.06  0.9
-8.05  0.93
-8.04  0.93
-8.03  0.94
-8.02  0.94
-8.01  0.92
-8  0.99
-7.99  0.98
-7.98  0.96
-7.97  1.01
-7.96  1.01
-7.95  1
-7.94  0.99
-7.93  0.99
-7.92  1.06
-7.91  1.01
-7.9  1.08
-7.89  1.02
-7.88  1.02
-7.87  1.08
-7.86  1.03
-7.85  1.04
-7.84  1.06
-7.83  1.03
-7.82  1.08
-7.81  1.04
-7.8  1.05
-7.79  1.08
-7.78  1.02
-7.77  1.07
-7.76  1.02
-7.75  1.05
-7.74  1.06
-7.73  1.01
-7.72  1.01
-7.71  1.04
-7.7  1.03
-7.69  1.03
-7.68  0.97
-7.67  1.01
-7.66  0.94
-7.65  0.99
-7.64  0.99
-7.63  0.95
-7.62  0.97
-7.61  0.97
-7.6  0.93
-7.59  0.91
-7.58  1
-7.57  0.88
-7.56  0.88
-7.55  0.88
-7.54  0.9
-7.53  0.89
-7.52  0.86
-7.51  0.89
-7.5  0.86
-7.49  0.89
-7.48  0.85
-7.47  0.89
-7.46  0.85
-7.45  0.85
-7.44  0.81
-7.43  0.85
-7.42  0.77
-7.41  0.83
-7.4  0.81
-7.39  0.84
-7.38  0.78
-7.37  0.81
-7.36  0.76
-7.35  0.8
-7.34  0.8
-7.33  0.79
-7.32  0.79
-7.31  0.82
-7.3  0.8
-7.29  0.75
-7.28  0.83
-7.27  0.78
-7.26  0.78
-7.25  0.86
-7.24  0.76
-7.23  0.77
-7.22  0.8
-7.21  0.77
-7.2  0.81
-7.19  0.78
-7.18  0.8
-7.17  0.86
-7.16  0.78
-7.15  0.79
-7.14  0.8
-7.13  0.8
-7.12  0.85
-7.11  0.84
-7.1  0.81
-7.09  0.82
-7.08  0.83
-7.07  0.86
-7.06  0.85
-7.05  0.86
-7.04  0.88
-7.03  0.87
-7.02  0.85
-7.01  0.9
-7  0.87
-6.99  0.87
-6.98  0.87
-6.97  0.9
-6.96  0.91
-6.95  0.9
-6.94  0.93
-6.93  0.89
-6.92  0.98
-6.91  0.92
-6.9  0.9
-6.89  1
-6.88  0.95
-6.87  0.95
-6.86  0.95
-6.85  0.97
-6.84  0.94
-6.83  1
-6.82  1.02
-6.81  0.95
-6.8  1.01
-6.79  0.96
-6.78  0.99
-6.77  1.04
-6.76  0.94
-6.75  1
-6.74  1.03
-6.73  1.01
-6.72  1
-6.71  0.99
-6.7  0.98
-6.69  0.99
-6.68  1.01
-6.67  0.99
-6.66  1.01
-6.65  0.97
-6.64  0.99
-6.63  1
-6.62  1.03
-6.61  0.97
-6.6  0.99
-6.59  0.99
-6.58  0.96
-6.57  0.93
-6.56  0.97
-6.55  0.95
-6.54  1
-6.53  0.94
-6.52  0.91
-6.51  0.95
-6.5  0.96
-6.49  0.94
-6.48  0.9
-6.47  0.89
-6.46  0.94
-6.45  0.88
-6.44  0.92
-6.43  0.9
-6.42  0.89
-6.41  0.87
-6.4  0.89
-6.39  0.84
-6.38  0.93
-6.37  0.85
-6.36  0.88
-6.35  0.86
-6.34  0.88
-6.33  0.88
-6.32  0.84
-6.31  0.81
-6.3  0.89
-6.29  0.82
-6.28  0.84
-6.27  0.79
-6.26  0.83
-6.25  0.83
-6.24  0.85
-6.23  0.84
-6.22  0.82
-6.21  0.85
-6.2  0.78
-6.19  0.86
-6.18  0.77
-6.17  0.82
-6.16  0.88
-6.15  0.84
-6.14  0.79
-6.13  0.85
-6.12  0.82
-6.11  0.84
-6.1  0.82
-6.09  0.82
-6.08  0.82
-6.07  0.84
-6.06  0.85
-6.05  0.81
-6.04  0.85
-6.03  0.84
-6.02  0.83
-6.01  0.83
-6  0.85
-5.99  0.88
-5.98  0.89
-5.97  0.82
-5.96  0.87
-5.95  0.85
-5.94  0.88
-5.93  0.89
-5.92  0.8
-5.91  0.89
-5.9  0.92
-5.89  0.93
-5.88  0.86
-5.87  0.93
-5.86  0.89
-5.85  0.91
-5.84  0.84
-5.83  0.97
-5.82  0.89
-5.81  0.92
-5.8  0.92
-5.79  0.94
-5.78  0.93
-5.77  0.98
-5.76  0.93
-5.75  0.91
-5.74  0.95
-5.73  0.92
-5.72  0.98
-5.71  0.95
-5.7  0.94
-5.69  1.01
-5.68  0.96
-5.67  0.91
-5.66  1
-5.65  0.95
-5.64  0.97
-5.63  0.94
-5.62  1.01
-5.61  0.93
-5.6  0.97
-5.59  0.98
-5.58  1.01
-5.57  0.95
-5.56  0.97
-5.55  0.95
-5.54  0.91
-5.53  0.99
-5.52  0.95
-5.51  0.96
-5.5  0.94
-5.49  0.95
-5.48  0.97
-5.47  0.9
-5.46  0.97
-5.45  0.97
-5.44  0.95
-5.43  0.93
-5.42  0.93
-5.41  0.94
-5.4  0.92
-5.39  0.94
-5.38  0.93
-5.37  0.9
-5.36  0.91
-5.35  0.89
-5.34  0.94
-5.33  0.87
-5.32  0.91
-5.31  0.87
-5.3  0.9
-5.29  0.88
-5.28  0.89
-5.27  0.91
-5.26  0.86
-5.25  0.88
-5.24  0.82
-5.23  0.91
-5.22  0.87
-5.21  0.91
-5.2  0.82
-5.19  0.85
-5.18  0.89
-5.17  0.89
-5.16  0.91
-5.15  0.81
-5.14  0.84
-5.13  0.85
-5.12  0.83
-5.11  0.83
-5.1  0.85
-5.09  0.82
-5.08  0.88
-5.07  0.83
-5.06  0.89
-5.05  0.81
-5.04  0.85
-5.03  0.8
-5.02  0.9
-5.01  0.87
-5  0.88
-4.99  0.83
-4.98  0.87
-4.97  0.83
-4.96  0.86
-4.95  0.84
-4.94  0.81
-4.93  0.89
-4.92  0.87
-4.91  0.87
-4.9  0.84
-4.89  0.9
-4.88  0.87
-4.87  0.88
-4.86  0.8
-4.85  0.9
-4.84  0.88
-4.83  0.91
-4.82  0.88
-4.81  0.86
-4.8  0.91
-4.79  0.85
-4.78  0.93
-4.77  0.91
-4.76  0.86
-4.75  0.91
-4.74  0.9
-4.73  0.9
-4.72  0.91
-4.71  0.94
-4.7  0.91
-4.69  0.89
-4.68  0.95
-4.67  0.92
-4.66  0.93
-4.65  0.89
-4.64  0.96
-4.63  0.94
-4.62  0.94
-4.61  0.98
-4.6  0.92
-4.59  0.89
-4.58  0.94
-4.57  0.93
-4.56  0.9
-4.55  0.99
-4.54  0.94
-4.53  0.93
-4.52  0.95
-4.51  0.96
-4.5  0.92
-4.49  0.96
-4.48  0.94
-4.47  0.96
-4.46  0.9
-4.45  0.98
-4.44  0.98
-4.43  0.96
-4.42  0.94
-4.41  0.92
-4.4  0.94
-4.39  0.94
-4.38  0.91
-4.37  0.93
-4.36  0.92
-4.35  0.95
-4.34  0.91
-4.33  0.89
-4.32  0.98
-4.31  0.89
-4.3  0.94
-4.29  0.87
-4.28  0.93
-4.27  0.92
-4.26  0.93
-4.25  0.94
-4.24  0.87
-4.23  0.92
-4.22  0.9
-4.21  0.92
-4.2  0.89
-4.19  0.9
-4.18  0.87
-4.17  0.86
-4.16  0.9
-4.15  0.94
-4.14  0.84
-4.13  0.89
-4.12  0.86
-4.11  0.9
-4.1  0.89
-4.09  0.86
-4.08  0.87
-4.07  0.87
-4.06  0.86
-4.05  0.87
-4.04  0.89
-4.03  0.86
-4.02  0.87
-4.01  0.84
-4  0.85
-3.99  0.86
-3.98  0.86
-3.97  0.94
-3.96  0.82
-3.95  0.91
-3.94  0.89
-3.93  0.88
-3.92  0.81
-3.91  0.84
-3.9  0.87
-3.89  0.9
-3.88  0.8
-3.87  0.9
-3.86  0.84
-3.85  0.92
-3.84  0.87
-3.83  0.88
-3.82  0.79
-3.81  0.94
-3.8  0.87
-3.79  0.89
-3.78  0.82
-3.77  0.9
-3.76  0.92
-3.75  0.82
-3.74  0.95
-3.73  0.84
-3.72  0.86
-3.71  0.88
-3.7  0.91
-3.69  0.91
-3.68  0.91
-3.67  0.93
-3.66  0.87
-3.65  0.87
-3.64  0.92
-3.63  0.93
-3.62  0.89
-3.61  0.87
-3.6  0.92
-3.59  0.93
-3.58  0.87
-3.57  0.91
-3.56  0.92
-3.55  0.92
-3.54  0.9
-3.53  0.95
-3.52  0.9
-3.51  0.95
-3.5  0.93
-3.49  0.93
-3.48  0.93
-3.47  0.93
-3.46  0.89
-3.45  0.97
-3.44  0.91
-3.43  0.94
-3.42  0.92
-3.41  0.92
-3.4  0.93
-3.39  0.92
-3.38  0.94
-3.37  0.93
-3.36  0.92
-3.35  0.94
-3.34  0.92
-3.33  0.94
-3.32  0.96
-3.31  0.88
-3.3  0.94
-3.29  0.91
-3.28  0.93
-3.27  0.89
-3.26  0.99
-3.25  0.91
-3.24  0.91
-3.23  0.89
-3.22  0.95
-3.21  0.91
-3.2  0.92
-3.19  0.93
-3.18  0.92
-3.17  0.88
-3.16  0.94
-3.15  0.88
-3.14  0.91
-3.13  0.92
-3.12  0.89
-3.11  0.9
-3.1  0.89
-3.09  0.89
-3.08  0.91
-3.07  0.83
-3.06  0.95
-3.05  0.87
-3.04  0.9
-3.03  0.94
-3.02  0.83
-3.01  0.93
-3  0.9
-2.99  0.83
-2.98  0.88
-2.97  0.89
-2.96  0.87
-2.95  0.85
-2.94  0.92
-2.93  0.87
-2.92  0.88
-2.91  0.92
-2.9  0.89
-2.89  0.88
-2.88  0.85
-2.87  0.86
-2.86  0.86
-2.85  0.88
-2.84  0.89
-2.83  0.86
-2.82  0.86
-2.81  0.91
-2.8  0.85
-2.79  0.86
-2.78  0.89
-2.77  0.87
-2.76  0.85
-2.75  0.91
-2.74  0.85
-2.73  0.91
-2.72  0.88
-2.71  0.91
-2.7  0.87
-2.69  0.89
-2.68  0.87
-2.67  0.92
-2.66  0.83
-2.65  0.93
-2.64  0.9
-2.63  0.83
-2.62  0.89
-2.61  0.91
-2.6  0.92
-2.59  0.81
-2.58  0.9
-2.57  0.94
-2.56  0.91
-2.55  0.87
-2.54  0.95
-2.53  0.85
-2.52  0.95
-2.51  0.87
-2.5  0.9
-2.49  0.91
-2.48  0.93
-2.47  0.92
-2.46  0.86
-2.45  0.92
-2.44  0.91
-2.43  0.91
-2.42  0.95
-2.41  0.93
-2.4  0.9
-2.39  0.95
-2.38  0.91
-2.37  0.9
-2.36  0.9
-2.35  0.92
-2.34  0.91
-2.33  0.9
-2.32  0.94
-2.31  0.95
-2.3  0.9
-2.29  0.9
-2.28  0.9
-2.27  0.92
-2.26  0.88
-2.25  1.03
-2.24  0.89
-2.23  0.85
-2.22  0.9
-2.21  0.99
-2.2  0.88
-2.19  0.98
-2.18  0.92
-2.17  0.88
-2.16  0.93
-2.15  0.95
-2.14  0.91
-2.13  0.92
-2.12  0.87
-2.11  0.91
-2.1  0.88
-2.09  0.91
-2.08  0.95
-2.07  0.88
-2.06  0.91
-2.05  0.9
-2.04  0.92
-2.03  0.91
-2.02  0.88
-2.01  0.9
-2  0.88
-1.99  0.93
-1.98  0.89
-1.97  0.89
-1.96  0.91
-1.95  0.9
-1.94  0.89
-1.93  0.9
-1.92  0.89
-1.91  0.91
-1.9  0.87
-1.89  0.91
-1.88  0.85
-1.87  0.88
-1.86  0.92
-1.85  0.89
-1.84  0.85
-1.83  0.91
-1.82  0.9
-1.81  0.87
-1.8  0.87
-1.79  0.91
-1.78  0.89
-1.77  0.88
-1.76  0.88
-1.75  0.89
-1.74  0.86
-1.73  0.86
-1.72  0.9
-1.71  0.89
-1.7  0.89
-1.69  0.87
-1.68  0.89
-1.67  0.83
-1.66  0.92
-1.65  0.91
-1.64  0.86
-1.63  0.9
-1.62  0.9
-1.61  0.88
-1.6  0.93
-1.59  0.87
-1.58  0.89
-1.57  0.88
-1.56  0.88
-1.55  0.89
-1.54  0.9
-1.53  0.87
-1.52  0.91
-1.51  0.88
-1.5  0.9
-1.49  0.87
-1.48  0.9
-1.47  0.9
-1.46  0.9
-1.45  0.93
-1.44  0.88
-1.43  0.88
-1.42  0.9
-1.41  0.93
-1.4  0.88
-1.39  0.93
-1.38  0.91
-1.37  0.91
-1.36  0.89
-1.35  0.92
-1.34  0.94
-1.33  0.89
-1.32  0.93
-1.31  0.86
-1.3  0.91
-1.29  0.88
-1.28  0.91
-1.27  0.91
-1.26  0.92
-1.25  0.9
-1.24  0.9
-1.23  0.95
-1.22  0.92
-1.21  0.94
-1.2  0.87
-1.19  0.93
-1.18  0.85
-1.17  0.93
-1.16  0.93
-1.15  0.92
-1.14  0.9
-1.13  0.94
-1.12  0.92
-1.11  0.97
-1.1  0.85
-1.09  0.92
-1.08  0.88
-1.07  0.94
-1.06  0.89
-1.05  0.92
-1.04  0.89
-1.03  0.97
-1.02  0.92
-1.01  0.9
-1  0.84
-0.99  0.92
-0.98  0.89
-0.97  0.88
-0.96  0.95
-0.95  0.88
-0.94  0.95
-0.93  0.88
-0.92  0.9
-0.91  0.9
-0.9  0.9
-0.89  0.91
-0.88  0.93
-0.87  0.89
-0.86  0.89
-0.85  0.84
-0.84  0.99
-0.83  0.85
-0.82  0.96
-0.81  0.86
-0.8  0.83
-0.79  0.98
-0.78  0.83
-0.77  0.9
-0.76  0.88
-0.75  0.88
-0.74  0.91
-0.73  0.88
-0.72  0.9
-0.71  0.88
-0.7  0.9
-0.69  0.94
-0.68  0.82
-0.67  0.92
-0.66  0.88
-0.65  0.9
-0.64  0.88
-0.63  0.89
-0.62  0.9
-0.61  0.86
-0.6  0.85
-0.59  0.96
-0.58  0.88
-0.57  0.89
-0.56  0.86
-0.55  0.95
-0.54  0.86
-0.53  0.89
-0.52  0.92
-0.51  0.83
-0.5  0.88
-0.49  0.93
-0.48  0.84
-0.47  0.95
-0.46  0.88
-0.45  0.89
-0.44  0.91
-0.43  0.86
-0.42  0.93
-0.41  0.87
-0.4  0.92
-0.39  0.85
-0.38  0.91
-0.37  0.87
-0.36  0.9
-0.35  0.95
-0.34  0.85
-0.33  0.88
-0.32  0.95
-0.31  0.88
-0.3  0.96
-0.29  0.85
-0.28  0.87
-0.27  0.99
-0.26  0.92
-0.25  0.91
-0.24  0.89
-0.23  0.85
-0.22  0.95
-0.21  0.85
-0.2  0.95
-0.19  0.85
-0.18  0.93
-0.17  0.92
-0.16  0.87
-0.15  0.95
-0.14  0.84
-0.13  0.96
-0.12  0.89
-0.11  0.93
-0.1  0.88
-0.09  0.91
-0.08  0.96
-0.07  0.9
-0.06  0.89
-0.05  0.9
-0.04  0.93
-0.03  0.9
-0.02  0.92
-0.01  0.92
-2.16197e-11  0.93
0.0001  0
0.0101  0.88
0.0201  0.94
0.0301  0.86
0.0401  0.9
0.0501  0.89
0.0601  0.94
0.0701  0.93
0.0801  0.84
0.0901  0.92
0.1001  0.92
0.1101  0.85
0.1201  0.87
0.1301  0.95
0.1401  0.9
0.1501  0.83
0.1601  0.9
0.1701  0.86
0.1801  0.89
0.1901  0.89
0.2001  0.83
0.2101  0.87
0.2201  0.86
0.2301  0.86
0.2401  0.85
0.2501  0.86
0.2601  0.86
0.2701  0.8
0.2801  0.84
0.2901  0.92
0.3001  0.86
0.3101  0.76
0.3201  0.85
0.3301  0.78
0.3401  0.81
0.3501  0.79
0.3601  0.83
0.3701  0.72
0.3801  0.88
0.3901  0.72
0.4001  0.87
0.4101  0.79
0.4201  0.78
0.4301  0.81
0.4401  0.74
0.4501  0.82
0.4601  0.74
0.4701  0.75
0.4801  0.73
0.4901  0.77
0.5001  0.74
0.5101  0.74
0.5201  0.78
0.5301  0.76
0.5401  0.79
0.5501  0.75
0.5601  0.68
0.5701  0.69
0.5801  0.75
0.5901  0.72
0.6001  0.69
0.6101  0.77
0.6201  0.73
0.6301  0.73
0.6401  0.68
0.6501  0.73
0.6601  0.65
0.6701  0.7
0.6801  0.69
0.6901  0.75
0.7001  0.63
0.7101  0.72
0.7201  0.69
0.7301  0.71
0.7401  0.64
0.7501  0.66
0.7601  0.65
0.7701  0.69
0.7801  0.71
0.7901  0.67
0.8001  0.67
0.8101  0.69
0.8201  0.66
0.8301  0.72
0.8401  0.63
0.8501  0.68
0.8601  0.69
0.8701  0.62
0.8801  0.66
0.8901  0.65
0.9001  0.64
0.9101  0.67
0.9201  0.63
0.9301  0.64
0.9401  0.72
0.9501  0.64
0.9601  0.61
0.9701  0.71
0.9801  0.62
0.9901  0.61
1.0001  0.67
1.0101  0.64
1.0201  0.66
1.0301  0.63
1.0401  0.62
1.0501  0.63
1.0601  0.66
1.0701  0.7
1.0801  0.69
1.0901  0.62
1.1001  0.61
1.1101  0.69
1.1201  0.63
1.1301  0.69
1.1401  0.57
1.1501  0.65
1.1601  0.7
1.1701  0.63
1.1801  0.6
1.1901  0.66
1.2001  0.68
1.2101  0.57
1.2201  0.65
1.2301  0.62
1.2401  0.68
1.2501  0.63
1.2601  0.66
1.2701  0.64
1.2801  0.64
1.2901  0.63
1.3001  0.69
1.3101  0.74
1.3201  0.63
1.3301  0.67
1.3401  0.59
1.3501  0.68
1.3601  0.66
1.3701  0.68
1.3801  0.63
1.3901  0.66
1.4001  0.62
1.4101  0.67
1.4201  0.7
1.4301  0.63
1.4401  0.67
1.4501  0.68
1.4601  0.69
1.4701  0.69
1.4801  0.64
1.4901  0.68
1.5001  0.69
1.5101  0.69
1.5201  0.65
1.5301  0.68
1.5401  0.68
1.5501  0.65
1.5601  0.68
1.5701  0.64
1.5801  0.71
1.5901  0.75
1.6001  0.67
1.6101  0.69
1.6201  0.73
1.6301  0.69
1.6401  0.68
1.6501  0.68
1.6601  0.72
1.6701  0.7
1.6801  0.71
1.6901  0.72
1.7001  0.71
1.7101  0.72
1.7201  0.66
1.7301  0.74
1.7401  0.73
1.7501  0.68
1.7601  0.71
1.7701  0.77
1.7801  0.71
1.7901  0.72
1.8001  0.71
1.8101  0.78
1.8201  0.71
1.8301  0.7
1.8401  0.77
1.8501  0.72
1.8601  0.71
1.8701  0.75
1.8801  0.74
1.8901  0.76
1.9001  0.73
1.9101  0.76
1.9201  0.76
1.9301  0.8
1.9401  0.72
1.9501  0.73
1.9601  0.75
1.9701  0.81
1.9801  0.77
1.9901  0.74
2.0001  0.79
2.0101  0.74
2.0201  0.76
2.0301  0.83
2.0401  0.71
2.0501  0.77
2.0601  0.8
2.0701  0.74
2.0801  0.75
2.0901  0.81
2.1001  0.74
2.1101  0.76
2.1201  0.84
2.1301  0.73
2.1401  0.8
2.1501  0.81
2.1601  0.79
2.1701  0.78
2.1801  0.79
2.1901  0.79
2.2001  0.77
2.2101  0.83
2.2201  0.76
2.2301  0.79
2.2401  0.83
2.2501  0.8
2.2601  0.78
2.2701  0.82
2.2801  0.75
2.2901  0.81
2.3001  0.82
2.3101  0.8
2.3201  0.76
2.3301  0.84
2.3401  0.76
2.3501  0.77
2.3601  0.81
2.3701  0.79
2.3801  0.82
2.3901  0.81
2.4001  0.8
2.4101  0.78
2.4201  0.76
2.4301  0.8
2.4401  0.8
2.4501  0.85
2.4601  0.8
2.4701  0.81
2.4801  0.81
2.4901  0.71
2.5001  0.79
2.5101  0.77
2.5201  0.83
2.5301  0.83
2.5401  0.79
2.5501  0.83
2.5601  0.78
2.5701  0.8
2.5801  0.75
2.5901  0.77
2.6001  0.84
2.6101  0.72
2.6201  0.79
2.6301  0.81
2.6401  0.75
2.6501  0.78
2.6601  0.8
2.6701  0.82
2.6801  0.77
2.6901  0.76
2.7001  0.79
2.7101  0.75
2.7201  0.77
2.7301  0.8
2.7401  0.77
2.7501  0.75
2.7601  0.77
2.7701  0.77
2.7801  0.81
2.7901  0.73
2.8001  0.79
2.8101  0.79
2.8201  0.75
2.8301  0.75
2.8401  0.76
2.8501  0.75
2.8601  0.76
2.8701  0.71
2.8801  0.77
2.8901  0.74
2.9001  0.76
2.9101  0.75
2.9201  0.82
2.9301  0.72
2.9401  0.73
2.9501  0.77
2.9601  0.77
2.9701  0.72
2.9801  0.71
2.9901  0.73
3.0001  0.75
3.0101  0.72
3.0201  0.76
3.0301  0.73
3.0401  0.72
3.0501  0.74
3.0601  0.72
3.0701  0.74
3.0801  0.73
3.0901  0.73
3.1001  0.73
3.1101  0.74
3.1201  0.78
3.1301  0.76
3.1401  0.71
3.1501  0.67
3.1601  0.74
3.1701  0.75
3.1801  0.66
3.1901  0.7
3.2001  0.78
3.2101  0.68
3.2201  0.79
3.2301  0.67
3.2401  0.72
3.2501  0.69
3.2601  0.74
3.2701  0.71
3.2801  0.68
3.2901  0.71
3.3001  0.69
3.3101  0.73
3.3201  0.74
3.3301  0.73
3.3401  0.69
3.3501  0.76
3.3601  0.68
3.3701  0.76
3.3801  0.63
3.3901  0.74
3.4001  0.71
3.4101  0.73
3.4201  0.71
3.4301  0.7
3.4401  0.72
3.4501  0.73
3.4601  0.65
3.4701  0.75
3.4801  0.69
3.4901  0.67
3.5001  0.74
3.5101  0.69
3.5201  0.71
3.5301  0.68
3.5401  0.7
3.5501  0.77
3.5601  0.69
3.5701  0.66
3.5801  0.74
3.5901  0.65
3.6001  0.76
3.6101  0.73
3.6201  0.64
3.6301  0.73
3.6401  0.76
3.6501  0.7
3.6601  0.7
3.6701  0.69
3.6801  0.76
3.6901  0.66
3.7001  0.72
3.7101  0.71
3.7201  0.76
3.7301  0.65
3.7401  0.71
3.7501  0.67
3.7601  0.75
3.7701  0.72
3.7801  0.68
3.7901  0.76
3.8001  0.72
3.8101  0.7
3.8201  0.69
3.8301  0.72
3.8401  0.71
3.8501  0.68
3.8601  0.69
3.8701  0.76
3.8801  0.72
3.8901  0.73
3.9001  0.8
3.9101  0.66
3.9201  0.72
3.9301  0.71
3.9401  0.7
3.9501  0.72
3.9601  0.74
3.9701  0.75
3.9801  0.75
3.9901  0.64
4.0001  0.78
4.0101  0.74
4.0201  0.75
4.0301  0.68
4.0401  0.69
4.0501  0.77
4.0601  0.71
4.0701  0.7
4.0801  0.75
4.0901  0.73
4.1001  0.75
4.1101  0.72
4.1201  0.73
4.1301  0.75
4.1401  0.72
4.1501  0.75
4.1601  0.69
4.1701  0.75
4.1801  0.74
4.1901  0.76
4.2001  0.71
4.2101  0.71
4.2201  0.77
4.2301  0.73
4.2401  0.75
4.2501  0.78
4.2601  0.73
4.2701  0.73
4.2801  0.73
4.2901  0.76
4.3001  0.75
4.3101  0.73
4.3201  0.83
4.3301  0.7
4.3401  0.74
4.3501  0.71
4.3601  0.85
4.3701  0.69
4.3801  0.75
4.3901  0.76
4.4001  0.74
4.4101  0.76
4.4201  0.72
4.4301  0.74
4.4401  0.77
4.4501  0.74
4.4601  0.78
4.4701  0.74
4.4801  0.77
4.4901  0.76
4.5001  0.69
4.5101  0.78
4.5201  0.72
4.5301  0.78
4.5401  0.73
4.5501  0.79
4.5601  0.77
4.5701  0.8
4.5801  0.77
4.5901  0.79
4.6001  0.72
4.6101  0.79
4.6201  0.78
4.6301  0.72
4.6401  0.8
4.6501  0.69
4.6601  0.77
4.6701  0.74
4.6801  0.73
4.6901  0.83
4.7001  0.73
4.7101  0.78
4.7201  0.73
4.7301  0.72
4.7401  0.83
4.7501  0.72
4.7601  0.81
4.7701  0.71
4.7801  0.72
4.7901  0.84
4.8001  0.74
4.8101  0.79
4.8201  0.72
4.8301  0.79
4.8401  0.79
4.8501  0.72
4.8601  0.71
4.8701  0.8
4.8801  0.76
4.8901  0.76
4.9001  0.78
4.9101  0.77
4.9201  0.8
4.9301  0.74
4.9401  0.75
4.9501  0.72
4.9601  0.77
4.9701  0.75
4.9801  0.73
4.9901  0.79
5.0001  0.76
5.0101  0.7
5.0201  0.8
5.0301  0.8
5.0401  0.71
5.0501  0.73
5.0601  0.78
5.0701  0.71
5.0801  0.81
5.0901  0.75
5.1001  0.73
5.1101  0.73
5.1201  0.75
5.1301  0.78
5.1401  0.73
5.1501  0.82
5.1601  0.78
5.1701  0.75
5.1801  0.72
5.1901  0.74
5.2001  0.73
5.2101  0.72
5.2201  0.76
5.2301  0.79
5.2401  0.71
5.2501  0.77
5.2601  0.74
5.2701  0.76
5.2801  0.72
5.2901  0.76
5.3001  0.76
5.3101  0.8
5.3201  0.74
5.3301  0.72
5.3401  0.7
5.3501  0.77
5.3601  0.73
5.3701  0.71
5.3801  0.74
5.3901  0.73
5.4001  0.71
5.4101  0.78
5.4201  0.73
5.4301  0.74
5.4401  0.74
5.4501  0.72
5.4601  0.79
5.4701  0.77
5.4801  0.71
5.4901  0.71
5.5001  0.77
5.5101  0.75
5.5201  0.71
5.5301  0.78
5.5401  0.71
5.5501  0.77
5.5601  0.65
5.5701  0.75
5.5801  0.76
5.5901  0.75
5.6001  0.72
5.6101  0.7
5.6201  0.76
5.6301  0.72
5.6401  0.71
5.6501  0.75
5.6601  0.72
5.6701  0.69
5.6801  0.81
5.6901  0.7
5.7001  0.7
5.7101  0.79
5.7201  0.73
5.7301  0.74
5.7401  0.68
5.7501  0.75
5.7601  0.77
5.7701  0.7
5.7801  0.7
5.7901  0.72
5.8001  0.79
5.8101  0.64
5.8201  0.79
5.8301  0.72
5.8401  0.76
5.8501  0.8
5.8601  0.68
5.8701  0.76
5.8801  0.69
5.8901  0.7
5.9001  0.78
5.9101  0.72
5.9201  0.7
5.9301  0.71
5.9401  0.71
5.9501  0.79
5.9601  0.68
5.9701  0.69
5.9801  0.73
5.9901  0.74
6.0001  0.72
6.0101  0.75
6.0201  0.72
6.0301  0.71
6.0401  0.75
6.0501  0.75
6.0601  0.77
6.0701  0.68
6.0801  0.76
6.0901  0.75
6.1001  0.73
6.1101  0.71
6.1201  0.74
6.1301  0.74
6.1401  0.68
6.1501  0.76
6.1601  0.73
6.1701  0.74
6.1801  0.73
6.1901  0.73
6.2001  0.71
6.2101  0.69
6.2201  0.72
6.2301  0.78
6.2401  0.73
6.2501  0.68
6.2601  0.7
6.2701  0.78
6.2801  0.72
6.2901  0.8
6.3001  0.76
6.3101  0.72
6.3201  0.73
6.3301  0.71
6.3401  0.74
6.3501  0.75
6.3601  0.72
6.3701  0.69
6.3801  0.75
6.3901  0.76
6.4001  0.67
6.4101  0.72
6.4201  0.84
6.4301  0.75
6.4401  0.74
6.4501  0.73
6.4601  0.74
6.4701  0.71
6.4801  0.75
6.4901  0.7
6.5001  0.7
6.5101  0.75
6.5201  0.77
6.5301  0.82
6.5401  0.7
6.5501  0.76
6.5601  0.7
6.5701  0.72
6.5801  0.74
6.5901  0.73
6.6001  0.71
6.6101  0.73
6.6201  0.76
6.6301  0.73
6.6401  0.75
6.6501  0.85
6.6601  0.7
6.6701  0.71
6.6801  0.76
6.6901  0.75
6.7001  0.68
6.7101  0.74
6.7201  0.77
6.7301  0.72
6.7401  0.75
6.7501  0.84
6.7601  0.68
6.7701  0.73
6.7801  0.73
6.7901  0.76
6.8001  0.76
6.8101  0.79
6.8201  0.73
6.8301  0.77
6.8401  0.72
6.8501  0.7
6.8601  0.76
6.8701  0.78
6.8801  0.74
6.8901  0.75
6.9001  0.74
6.9101  0.71
6.9201  0.77
6.9301  0.73
6.9401  0.7
6.9501  0.73
6.9601  0.77
6.9701  0.77
6.9801  0.74
6.9901  0.74
7.0001  0.8
7.0101  0.75
7.0201  0.72
7.0301  0.76
7.0401  0.76
7.0501  0.75
7.0601  0.81
7.0701  0.72
7.0801  0.72
7.0901  0.75
7.1001  0.72
7.1101  0.76
7.1201  0.74
7.1301  0.75
7.1401  0.72
7.1501  0.73
7.1601  0.76
7.1701  0.73
7.1801  0.78
7.1901  0.72
7.2001  0.76
7.2101  0.77
7.2201  0.79
7.2301  0.71
7.2401  0.74
7.2501  0.73
7.2601  0.76
7.2701  0.79
7.2801  0.68
7.2901  0.75
7.3001  0.8
7.3101  0.73
7.3201  0.76
7.3301  0.77
7.3401  0.73
7.3501  0.72
7.3601  0.77
7.3701  0.76
7.3801  0.72
7.3901  0.76
7.4001  0.76
7.4101  0.75
7.4201  0.76
7.4301  0.71
7.4401  0.76
7.4501  0.72
7.4601  0.72
7.4701  0.82
7.4801  0.7
7.4901  0.72
7.5001  0.77
7.5101  0.75
7.5201  0.7
7.5301  0.77
7.5401  0.72
7.5501  0.74
7.5601  0.74
7.5701  0.77
7.5801  0.77
7.5901  0.73
7.6001  0.76
7.6101  0.76
7.6201  0.76
7.6301  0.75
7.6401  0.71
7.6501  0.69
7.6601  0.73
7.6701  0.81
7.6801  0.68
7.6901  0.74
7.7001  0.8
7.7101  0.76
7.7201  0.7
7.7301  0.76
7.7401  0.76
7.7501  0.67
7.7601  0.8
7.7701  0.76
7.7801  0.76
7.7901  0.72
7.8001  0.73
7.8101  0.75
7.8201  0.69
7.8301  0.75
7.8401  0.8
7.8501  0.69
7.8601  0.69
7.8701  0.76
7.8801  0.74
7.8901  0.75
7.9001  0.78
7.9101  0.74
7.9201  0.74
7.9301  0.71
7.9401  0.75
7.9501  0.75
7.9601  0.73
7.9701  0.69
7.9801  0.77
7.9901  0.72
8.0001  0.79
8.0101  0.71
8.0201  0.75
8.0301  0.76
8.0401  0.67
8.0501  0.81
8.0601  0.68
8.0701  0.76
8.0801  0.72
8.0901  0.73
8.1001  0.84
8.1101  0.68
8.1201  0.71
8.1301  0.74
8.1401  0.73
8.1501  0.7
8.1601  0.76
8.1701  0.72
8.1801  0.78
8.1901  0.78
8.2001  0.69
8.2101  0.75
8.2201  0.75
8.2301  0.69
8.2401  0.72
8.2501  0.75
8.2601  0.72
8.2701  0.67
8.2801  0.84
8.2901  0.71
8.3001  0.79
8.3101  0.74
8.3201  0.76
8.3301  0.76
8.3401  0.69
8.3501  0.76
8.3601  0.71
8.3701  0.72
8.3801  0.75
8.3901  0.7
8.4001  0.72
8.4101  0.76
8.4201  0.73
8.4301  0.72
8.4401  0.74
8.4501  0.76
8.4601  0.73
8.4701  0.74
8.4801  0.71
8.4901  0.75
8.5001  0.72
8.5101  0.72
8.5201  0.8
8.5301  0.69
8.5401  0.74
8.5501  0.75
8.5601  0.75
8.5701  0.76
8.5801  0.75
8.5901  0.73
8.6001  0.73
8.6101  0.72
8.6201  0.73
8.6301  0.74
8.6401  0.79
8.6501  0.75
8.6601  0.78
8.6701  0.64
8.6801  0.74
8.6901  0.72
8.7001  0.75
8.7101  0.74
8.7201  0.71
8.7301  0.7
8.7401  0.77
8.7501  0.72
8.7601  0.81
8.7701  0.73
8.7801  0.78
8.7901  0.69
8.8001  0.77
8.8101  0.69
8.8201  0.79
8.8301  0.67
8.8401  0.8
8.8501  0.69
8.8601  0.73
8.8701  0.72
8.8801  0.75
8.8901  0.76
8.9001  0.78
8.9101  0.73
8.9201  0.75
8.9301  0.73
8.9401  0.75
8.9501  0.71
8.9601  0.74
8.9701  0.76
8.9801  0.75
8.9901  0.76
9.0001  0.74
9.0101  0.73
9.0201  0.72
9.0301  0.72
9.0401  0.76
9.0501  0.76
9.0601  0.74
9.0701  0.73
9.0801  0.7
9.0901  0.75
9.1001  0.78
9.1101  0.72
9.1201  0.71
9.1301  0.75
9.1401  0.75
9.1501  0.78
9.1601  0.75
9.1701  0.71
9.1801  0.76
9.1901  0.71
9.2001  0.73
9.2101  0.78
9.2201  0.71
9.2301  0.8
9.2401  0.68
9.2501  0.74
9.2601  0.8
9.2701  0.74
9.2801  0.74
9.2901  0.73
9.3001  0.78
9.3101  0.71
9.3201  0.73
9.3301  0.76
9.3401  0.73
9.3501  0.71
9.3601  0.82
9.3701  0.75
9.3801  0.71
9.3901  0.77
9.4001  0.68
9.4101  0.72
9.4201  0.77
9.4301  0.76
9.4401  0.73
9.4501  0.75
9.4601  0.72
9.4701  0.74
9.4801  0.69
9.4901  0.82
9.5001  0.69
9.5101  0.78
9.5201  0.72
9.5301  0.79
9.5401  0.77
9.5501  0.69
9.5601  0.8
9.5701  0.71
9.5801  0.74
9.5901  0.72
9.6001  0.79
9.6101  0.67
9.6201  0.82
9.6301  0.74
9.6401  0.74
9.6501  0.75
9.6601  0.78
9.6701  0.73
9.6801  0.72
9.6901  0.7
9.7001  0.72
9.7101  0.79
9.7201  0.7
9.7301  0.73
9.7401  0.77
9.7501  0.76
9.7601  0.74
9.7701  0.78
9.7801  0.74
9.7901  0.74
9.8001  0.68
9.8101  0.77
9.8201  0.74
9.8301  0.71
9.8401  0.73
9.8501  0.77
9.8601  0.8
9.8701  0.73
9.8801  0.73
9.8901  0.71
9.9001  0.78
9.9101  0.74
9.9201  0.77
9.9301  0.74
9.9401  0.77
9.9501  0.69
9.9601  0.76
9.9701  0.73
9.9801  0.75
9.9901  0.75
10.0001  0.76
10.0101  0.69
10.0201  0.77
10.0301  0.72
10.0401  0.68
10.0501  0.77
10.0601  0.74
10.0701  0.68
10.0801  0.8
10.0901  0.75
10.1001  0.76
10.1101  0.71
10.1201  0.79
10.1301  0.72
10.1401  0.7
10.1501  0.8
10.1601  0.77
10.1701  0.73
10.1801  0.75
10.1901  0.7
10.2001  0.73
10.2101  0.71
10.2201  0.76
10.2301  0.77
10.2401  0.77
10.2501  0.75
10.2601  0.71
10.2701  0.75
10.2801  0.73
10.2901  0.75
10.3001  0.71
10.3101  0.74
10.3201  0.72
10.3301  0.75
10.3401  0.7
10.3501  0.74
10.3601  0.83
10.3701  0.74
10.3801  0.73
10.3901  0.73
10.4001  0.72
10.4101  0.78
10.4201  0.72
10.4301  0.74
10.4401  0.73
10.4501  0.74
10.4601  0.72
10.4701  0.73
10.4801  0.77
10.4901  0.73
10.5001  0.72
10.5101  0.76
10.5201  0.67
10.5301  0.76
10.5401  0.77
10.5501  0.7
10.5601  0.8
10.5701  0.72
10.5801  0.79
10.5901  0.75
10.6001  0.74
10.6101  0.72
10.6201  0.73
10.6301  0.74
10.6401  0.75
10.6501  0.69
10.6601  0.8
10.6701  0.7
10.6801  0.7
10.6901  0.73
10.7001  0.74
10.7101  0.77
10.7201  0.7
10.7301  0.82
10.7401  0.73
10.7501  0.73
10.7601  0.71
10.7701  0.78
10.7801  0.7
10.7901  0.71
10.8001  0.73
10.8101  0.76
10.8201  0.73
10.8301  0.75
10.8401  0.76
10.8501  0.75
10.8601  0.76
10.8701  0.7
10.8801  0.78
10.8901  0.73
10.9001  0.75
10.9101  0.8
10.9201  0.67
10.9301  0.74
10.9401  0.7
10.9501  0.74
10.9601  0.74
10.9701  0.78
10.9801  0.74
10.9901  0.72
11.0001  0.77
11.0101  0.73
11.0201  0.75
11.0301  0.72
11.0401  0.76
11.0501  0.7
11.0601  0.71
11.0701  0.75
11.0801  0.76
11.0901  0.73
11.1001  0.75
11.1101  0.74
11.1201  0.71
11.1301  0.73
11.1401  0.76
11.1501  0.74
11.1601  0.79
11.1701  0.71
11.1801  0.81
11.1901  0.68
11.2001  0.77
11.2101  0.77
11.2201  0.74
11.2301  0.76
11.2401  0.7
11.2501  0.72
11.2601  0.72
11.2701  0.75
11.2801  0.75
11.2901  0.74
11.3001  0.72
11.3101  0.74
11.3201  0.75
11.3301  0.72
11.3401  0.74
11.3501  0.73
11.3601  0.75
11.3701  0.71
11.3801  0.79
11.3901  0.73
11.4001  0.73
11.4101  0.77
11.4201  0.74
11.4301  0.74
11.4401  0.7
11.4501  0.77
11.4601  0.81
11.4701  0.67
11.4801  0.75
11.4901  0.72
11.5001  0.74
11.5101  0.74
11.5201  0.75
11.5301  0.74
11.5401  0.73
11.5501  0.7
11.5601  0.78
11.5701  0.78
11.5801  0.78
11.5901  0.76
11.6001  0.64
11.6101  0.8
11.6201  0.73
11.6301  0.72
11.6401  0.76
11.6501  0.79
11.6601  0.69
11.6701  0.71
11.6801  0.72
11.6901  0.75
11.7001  0.7
11.7101  0.75
11.7201  0.79
11.7301  0.72
11.7401  0.78
11.7501  0.77
11.7601  0.68
11.7701  0.79
11.7801  0.73
11.7901  0.7
11.8001  0.8
11.8101  0.73
11.8201  0.73
11.8301  0.76
11.8401  0.72
11.8501  0.72
11.8601  0.78
11.8701  0.74
11.8801  0.71
11.8901  0.72
11.9001  0.75
11.9101  0.77
11.9201  0.77
11.9301  0.71
11.9401  0.76
11.9501  0.7
11.9601  0.8
11.9701  0.73
11.9801  0.73
11.9901  0.77
12.0001  0.75
12.0101  0.73
12.0201  0.72
12.0301  0.71
12.0401  0.75
12.0501  0.76
12.0601  0.76
12.0701  0.75
12.0801  0.77
12.0901  0.7
12.1001  0.72
12.1101  0.78
12.1201  0.69
12.1301  0.73
12.1401  0.78
12.1501  0.75
12.1601  0.7
12.1701  0.73
12.1801  0.73
12.1901  0.75
12.2001  0.77
12.2101  0.74
12.2201  0.74
12.2301  0.8
12.2401  0.74
12.2501  0.72
12.2601  0.74
12.2701  0.71
12.2801  0.77
12.2901  0.7
12.3001  0.79
12.3101  0.73
12.3201  0.73
12.3301  0.76
12.3401  0.73
12.3501  0.7
12.3601  0.75
12.3701  0.72
12.3801  0.79
12.3901  0.71
12.4001  0.75
12.4101  0.71
12.4201  0.78
12.4301  0.73
12.4401  0.71
12.4501  0.76
12.4601  0.72
12.4701  0.74
12.4801  0.81
12.4901  0.74
12.5001  0.7
12.5101  0.77
12.5201  0.72
12.5301  0.77
12.5401  0.74
12.5501  0.75
12.5601  0.76
12.5701  0.73
12.5801  0.73
12.5901  0.71
12.6001  0.79
12.6101  0.74
12.6201  0.73
12.6301  0.75
12.6401  0.68
12.6501  0.75
12.6601  0.73
12.6701  0.75
12.6801  0.74
12.6901  0.75
12.7001  0.72
12.7101  0.78
12.7201  0.69
12.7301  0.76
12.7401  0.74
12.7501  0.72
12.7601  0.79
12.7701  0.71
12.7801  0.73
12.7901  0.72
12.8001  0.77
12.8101  0.77
12.8201  0.73
12.8301  0.74
12.8401  0.75
12.8501  0.73
12.8601  0.78
12.8701  0.64
12.8801  0.8
12.8901  0.76
12.9001  0.69
12.9101  0.79
12.9201  0.72
12.9301  0.73
12.9401  0.81
12.9501  0.7
12.9601  0.79
12.9701  0.64
12.9801  0.74
12.9901  0.76
13.0001  0.78
13.0101  0.68
13.0201  0.76
13.0301  0.76
13.0401  0.71
13.0501  0.72
13.0601  0.82
13.0701  0.68
13.0801  0.78
13.0901  0.75
13.1001  0.72
13.1101  0.73
13.1201  0.7
13.1301  0.78
13.1401  0.72
13.1501  0.73
13.1601  0.73
13.1701  0.79
13.1801  0.7
13.1901  0.74
13.2001  0.8
13.2101  0.71
13.2201  0.82
13.2301  0.74
13.2401  0.75
13.2501  0.65
13.2601  0.76
13.2701  0.72
13.2801  0.69
13.2901  0.82
13.3001  0.71
13.3101  0.71
13.3201  0.77
13.3301  0.74
13.3401  0.74
13.3501  0.75
13.3601  0.69
13.3701  0.76
13.3801  0.76
13.3901  0.72
13.4001  0.78
13.4101  0.72
13.4201  0.73
13.4301  0.72
13.4401  0.79
13.4501  0.73
13.4601  0.75
13.4701  0.74
13.4801  0.72
13.4901  0.75
13.5001  0.75
13.5101  0.71
13.5201  0.71
13.5301  0.78
13.5401  0.7
13.5501  0.73
13.5601  0.78
13.5701  0.75
13.5801  0.78
13.5901  0.77
13.6001  0.72
13.6101  0.67
13.6201  0.72
13.6301  0.84
13.6401  0.77
13.6501  0.67
13.6601  0.79
13.6701  0.73
13.6801  0.75
13.6901  0.69
13.7001  0.74
13.7101  0.7
13.7201  0.76
13.7301  0.73
13.7401  0.74
13.7501  0.77
13.7601  0.71
13.7701  0.77
13.7801  0.74
13.7901  0.71
13.8001  0.73
13.8101  0.72
13.8201  0.75
13.8301  0.81
13.8401  0.72
13.8501  0.73
13.8601  0.76
13.8701  0.8
13.8801  0.73
13.8901  0.75
13.9001  0.74
13.9101  0.7
13.9201  0.78
13.9301  0.72
13.9401  0.72
13.9501  0.69
13.9601  0.76
13.9701  0.78
13.9801  0.75
13.9901  0.73
14.0001  0.69
14.0101  0.78
14.0201  0.73
14.0301  0.75
14.0401  0.69
14.0501  0.76
14.0601  0.71
14.0701  0.8
14.0801  0.73
14.0901  0.75
14.1001  0.73
14.1101  0.71
14.1201  0.74
14.1301  0.77
14.1401  0.74
14.1501  0.76
14.1601  0.74
14.1701  0.71
14.1801  0.72
14.1901  0.73
14.2001  0.75
14.2101  0.76
14.2201  0.81
14.2301  0.72
14.2401  0.73
14.2501  0.77
14.2601  0.76
14.2701  0.74
14.2801  0.74
14.2901  0.73
14.3001  0.73
14.3101  0.69
14.3201  0.72
14.3301  0.72
14.3401  0.79
14.3501  0.76
14.3601  0.71
14.3701  0.72
14.3801  0.71
14.3901  0.79
14.4001  0.78
14.4101  0.73
14.4201  0.71
14.4301  0.77
14.4401  0.77
14.4501  0.74
14.4601  0.67
14.4701  0.8
14.4801  0.73
14.4901  0.7
14.5001  0.77
14.5101  0.72
14.5201  0.75
14.5301  0.75
14.5401  0.76
14.5501  0.72
14.5601  0.76
14.5701  0.75
14.5801  0.72
14.5901  0.75
14.6001  0.72
14.6101  0.73
14.6201  0.76
14.6301  0.76
14.6401  0.72
14.6501  0.76
14.6601  0.75
14.6701  0.72
14.6801  0.74
14.6901  0.78
14.7001  0.72
14.7101  0.76
14.7201  0.74
14.7301  0.79
14.7401  0.7
14.7501  0.72
14.7601  0.71
14.7701  0.74
14.7801  0.7
14.7901  0.73
14.8001  0.78
14.8101  0.71
14.8201  0.78
14.8301  0.69
14.8401  0.79
14.8501  0.71
14.8601  0.76
14.8701  0.74
14.8801  0.77
14.8901  0.79
14.9001  0.71
14.9101  0.79
14.9201  0.72
14.9301  0.73
14.9401  0.7
14.9501  0.76
14.9601  0.72
14.9701  0.76
14.9801  0.69
14.9901  0.77
15.0001  0.74
15.0101  0.71
15.0201  0.78
15.0301  0.7
15.0401  0.78
15.0501  0.75
15.0601  0.75
15.0701  0.72
15.0801  0.73
15.0901  0.72
15.1001  0.78
15.1101  0.74
15.1201  0.76
15.1301  0.78
15.1401  0.67
15.1501  0.72
15.1601  0.76
15.1701  0.74
15.1801  0.77
15.1901  0.73
15.2001  0.68
15.2101  0.74
15.2201  0.75
15.2301  0.75
15.2401  0.76
15.2501  0.82
15.2601  0.69
15.2701  0.82
15.2801  0.66
15.2901  0.71
15.3001  0.75
15.3101  0.75
15.3201  0.7
15.3301  0.78
15.3401  0.79
15.3501  0.73
15.3601  0.73
15.3701  0.75
15.3801  0.72
15.3901  0.71
15.4001  0.75
15.4101  0.68
15.4201  0.87
15.4301  0.69
15.4401  0.69
15.4501  0.71
15.4601  0.78
15.4701  0.7
15.4801  0.74
15.4901  0.81
15.5001  0.74
15.5101  0.75
15.5201  0.73
15.5301  0.71
15.5401  0.75
15.5501  0.73
15.5601  0.74
15.5701  0.78
15.5801  0.75
15.5901  0.71
15.6001  0.75
15.6101  0.74
15.6201  0.78
15.6301  0.72
15.6401  0.73
15.6501  0.75
15.6601  0.71
15.6701  0.76
15.6801  0.69
15.6901  0.78
15.7001  0.71
15.7101  0.77
15.7201  0.72
15.7301  0.72
15.7401  0.83
15.7501  0.66
15.7601  0.75
15.7701  0.75
15.7801  0.78
15.7901  0.68
15.8001  0.79
15.8101  0.78
15.8201  0.71
15.8301  0.76
15.8401  0.73
15.8501  0.7
15.8601  0.76
15.8701  0.72
15.8801  0.74
15.8901  0.72
15.9001  0.78
15.9101  0.7
15.9201  0.83
15.9301  0.67
15.9401  0.75
15.9501  0.77
15.9601  0.74
15.9701  0.71
15.9801  0.8
15.9901  0.68
16.0001  0.77
16.0101  0.75
16.0201  0.73
16.0301  0.76
16.0401  0.7
16.0501  0.7
16.0601  0.76
16.0701  0.71
16.0801  0.75
16.0901  0.76
16.1001  0.77
16.1101  0.73
16.1201  0.75
16.1301  0.75
16.1401  0.72
16.1501  0.76
16.1601  0.81
16.1701  0.65
16.1801  0.76
16.1901  0.71
16.2001  0.74
16.2101  0.74
16.2201  0.71
16.2301  0.78
16.2401  0.71
16.2501  0.71
16.2601  0.76
16.2701  0.75
16.2801  0.84
16.2901  0.67
16.3001  0.73
16.3101  0.75
16.3201  0.72
16.3301  0.78
16.3401  0.72
16.3501  0.81
16.3601  0.76
16.3701  0.7
16.3801  0.74
16.3901  0.75
16.4001  0.71
16.4101  0.73
16.4201  0.76
16.4301  0.7
16.4401  0.81
16.4501  0.73
16.4601  0.71
16.4701  0.74
16.4801  0.75
16.4901  0.67
16.5001  0.77
16.5101  0.71
16.5201  0.76
16.5301  0.73
16.5401  0.74
16.5501  0.77
16.5601  0.78
16.5701  0.71
16.5801  0.74
16.5901  0.72
16.6001  0.78
16.6101  0.78
16.6201  0.76
16.6301  0.74
16.6401  0.69
16.6501  0.73
16.6601  0.77
16.6701  0.73
16.6801  0.76
16.6901  0.71
16.7001  0.74
16.7101  0.75
16.7201  0.72
16.7301  0.78
16.7401  0.75
16.7501  0.71
16.7601  0.78
16.7701  0.66
16.7801  0.78
16.7901  0.7
16.8001  0.74
16.8101  0.79
16.8201  0.71
16.8301  0.73
16.8401  0.76
16.8501  0.77
16.8601  0.7
16.8701  0.71
16.8801  0.81
16.8901  0.75
16.9001  0.72
16.9101  0.68
16.9201  0.79
16.9301  0.74
16.9401  0.77
16.9501  0.74
16.9601  0.76
16.9701  0.67
16.9801  0.74
16.9901  0.73
17.0001  0.8
17.0101  0.79
17.0201  0.77
17.0301  0.69
17.0401  0.73
17.0501  0.74
17.0601  0.72
17.0701  0.73
17.0801  0.73
17.0901  0.73
17.1001  0.73
17.1101  0.75
17.1201  0.76
17.1301  0.74
17.1401  0.7
17.1501  0.75
17.1601  0.79
17.1701  0.69
17.1801  0.77
17.1901  0.75
17.2001  0.74
17.2101  0.67
17.2201  0.8
17.2301  0.75
17.2401  0.79
17.2501  0.69
17.2601  0.77
17.2701  0.78
17.2801  0.7
17.2901  0.7
17.3001  0.75
17.3101  0.72
17.3201  0.76
17.3301  0.78
17.3401  0.72
17.3501  0.73
17.3601  0.79
17.3701  0.72
17.3801  0.75
17.3901  0.73
17.4001  0.78
17.4101  0.72
17.4201  0.72
17.4301  0.74
17.4401  0.74
17.4501  0.7
17.4601  0.82
17.4701  0.67
17.4801  0.78
17.4901  0.67
17.5001  0.8
17.5101  0.74
17.5201  0.71
17.5301  0.76
17.5401  0.68
17.5501  0.8
17.5601  0.71
17.5701  0.74
17.5801  0.72
17.5901  0.8
17.6001  0.75
17.6101  0.78
17.6201  0.68
17.6301  0.76
17.6401  0.69
17.6501  0.84
17.6601  0.67
17.6701  0.72
17.6801  0.73
17.6901  0.79
17.7001  0.75
17.7101  0.75
17.7201  0.73
17.7301  0.75
17.7401  0.71
17.7501  0.73
17.7601  0.72
17.7701  0.72
17.7801  0.73
17.7901  0.77
17.8001  0.83
17.8101  0.74
17.8201  0.76
17.8301  0.7
17.8401  0.71
17.8501  0.73
17.8601  0.73
17.8701  0.76
17.8801  0.73
17.8901  0.72
17.9001  0.79
17.9101  0.69
17.9201  0.82
17.9301  0.66
17.9401  0.77
17.9501  0.69
17.9601  0.71
17.9701  0.74
17.9801  0.77
17.9901  0.78
18.0001  0.78
18.0101  0.68
18.0201  0.67
18.0301  0.77
18.0401  0.73
18.0501  0.83
18.0601  0.77
18.0701  0.72
18.0801  0.79
18.0901  0.68
18.1001  0.83
18.1101  0.72
18.1201  0.72
18.1301  0.7
18.1401  0.71
18.1501  0.75
18.1601  0.74
18.1701  0.74
18.1801  0.71
18.1901  0.77
18.2001  0.69
18.2101  0.76
18.2201  0.73
18.2301  0.77
18.2401  0.79
18.2501  0.73
18.2601  0.68
18.2701  0.75
18.2801  0.74
18.2901  0.76
18.3001  0.76
18.3101  0.69
18.3201  0.7
18.3301  0.77
18.3401  0.75
18.3501  0.79
18.3601  0.76
18.3701  0.74
18.3801  0.72
18.3901  0.75
18.4001  0.79
18.4101  0.69
18.4201  0.79
18.4301  0.67
18.4401  0.76
18.4501  0.73
18.4601  0.79
18.4701  0.72
18.4801  0.76
18.4901  0.68
18.5001  0.72
18.5101  0.75
18.5201  0.76
18.5301  0.7
18.5401  0.77
18.5501  0.73
18.5601  0.75
18.5701  0.74
18.5801  0.72
18.5901  0.8
18.6001  0.73
18.6101  0.71
18.6201  0.78
18.6301  0.72
18.6401  0.69
18.6501  0.75
18.6601  0.75
18.6701  0.73
18.6801  0.72
18.6901  0.78
18.7001  0.72
18.7101  0.75
18.7201  0.77
18.7301  0.74
18.7401  0.77
18.7501  0.74
18.7601  0.73
18.7701  0.77
18.7801  0.7
18.7901  0.77
18.8001  0.73
18.8101  0.7
18.8201  0.78
18.8301  0.66
18.8401  0.73
18.8501  0.77
18.8601  0.8
18.8701  0.71
18.8801  0.72
18.8901  0.76
18.9001  0.78
18.9101  0.71
18.9201  0.74
18.9301  0.79
18.9401  0.69
18.9501  0.71
18.9601  0.78
18.9701  0.74
18.9801  0.72
18.9901  0.73
19.0001  0.76
19.0101  0.69
19.0201  0.83
19.0301  0.72
19.0401  0.69
19.0501  0.73
19.0601  0.73
19.0701  0.78
19.0801  0.76
19.0901  0.69
19.1001  0.76
19.1101  0.74
19.1201  0.8
19.1301  0.74
19.1401  0.69
19.1501  0.75
19.1601  0.82
19.1701  0.73
19.1801  0.69
19.1901  0.69
19.2001  0.79
19.2101  0.76
19.2201  0.78
19.2301  0.73
19.2401  0.76
19.2501  0.71
19.2601  0.67
19.2701  0.79
19.2801  0.71
19.2901  0.74
19.3001  0.77
19.3101  0.75
19.3201  0.74
19.3301  0.71
19.3401  0.7
19.3501  0.75
19.3601  0.76
19.3701  0.75
19.3801  0.75
19.3901  0.77
19.4001  0.73
19.4101  0.76
19.4201  0.7
19.4301  0.75
19.4401  0.72
19.4501  0.77
19.4601  0.75
19.4701  0.74
19.4801  0.78
19.4901  0.75
19.5001  0.68
19.5101  0.68
19.5201  0.81
19.5301  0.72
19.5401  0.82
19.5501  0.71
19.5601  0.73
19.5701  0.75
19.5801  0.68
19.5901  0.77
19.6001  0.76
19.6101  0.71
19.6201  0.71
19.6301  0.78
19.6401  0.75
19.6501  0.77
19.6601  0.75
19.6701  0.72
19.6801  0.72
19.6901  0.78
19.7001  0.71
19.7101  0.75
19.7201  0.74
19.7301  0.68
19.7401  0.76
19.7501  0.72
19.7601  0.78
19.7701  0.67
19.7801  0.77
19.7901  0.77
19.8001  0.77
19.8101  0.75
19.8201  0.75
19.8301  0.78
19.8401  0.74
19.8501  0.77
19.8601  0.72
19.8701  0.74
19.8801  0.69
19.8901  0.76
19.9001  0.76
19.9101  0.68
19.9201  0.74
19.9301  0.7
19.9401  0.79
19.9501  0.77
19.9601  0.68
19.9701  0.8
19.9801  0.67
19.9901  0.73
20.0001  0.8
20.0101  0.66
20.0201  0.82
20.0301  0.7
20.0401  0.79
20.0501  0.72
20.0601  0.8
20.0701  0.66
20.0801  0.77
20.0901  0.71
20.1001  0.79
20.1101  0.76
20.1201  0.67
20.1301  0.77
20.1401  0.73
20.1501  0.75
20.1601  0.72
20.1701  0.8
20.1801  0.73
20.1901  0.74
20.2001  0.77
20.2101  0.76
20.2201  0.72
20.2301  0.71
20.2401  0.7
20.2501  0.81
20.2601  0.74
20.2701  0.69
20.2801  0.72
20.2901  0.73
20.3001  0.72
20.3101  0.76
20.3201  0.78
20.3301  0.69
20.3401  0.76
20.3501  0.74
20.3601  0.83
20.3701  0.69
20.3801  0.76
20.3901  0.73
20.4001  0.75
20.4101  0.75
20.4201  0.75
20.4301  0.68
20.4401  0.7
20.4501  0.77
20.4601  0.77
20.4701  0.73
20.4801  0.71
20.4901  0.75
20.5001  0.74
20.5101  0.76
20.5201  0.7
20.5301  0.86
20.5401  0.68
20.5501  0.76
20.5601  0.71
20.5701  0.75
20.5801  0.72
20.5901  0.8
20.6001  0.69
20.6101  0.75
20.6201  0.71
20.6301  0.79
20.6401  0.74
20.6501  0.73
20.6601  0.72
20.6701  0.79
20.6801  0.69
20.6901  0.76
20.7001  0.72
20.7101  0.74
20.7201  0.71
20.7301  0.75
20.7401  0.75
20.7501  0.78
20.7601  0.75
20.7701  0.7
20.7801  0.72
20.7901  0.75
20.8001  0.71
20.8101  0.71
20.8201  0.76
20.8301  0.76
20.8401  0.74
20.8501  0.75
20.8601  0.79
20.8701  0.73
20.8801  0.73
20.8901  0.79
20.9001  0.66
20.9101  0.79
20.9201  0.75
20.9301  0.73
20.9401  0.75
20.9501  0.7
20.9601  0.77
20.9701  0.76
20.9801  0.73
20.9901  0.72
21.0001  0.73
21.0101  0.73
21.0201  0.74
21.0301  0.76
21.0401  0.69
21.0501  0.75
21.0601  0.73
21.0701  0.8
21.0801  0.74
21.0901  0.75
21.1001  0.69
21.1101  0.72
21.1201  0.72
21.1301  0.8
21.1401  0.73
21.1501  0.76
21.1601  0.74
21.1701  0.69
21.1801  0.77
21.1901  0.73
21.2001  0.81
21.2101  0.71
21.2201  0.7
21.2301  0.71
21.2401  0.81
21.2501  0.71
21.2601  0.75
21.2701  0.75
21.2801  0.75
21.2901  0.81
21.3001  0.7
21.3101  0.74
21.3201  0.73
21.3301  0.71
21.3401  0.76
21.3501  0.76
21.3601  0.69
21.3701  0.77
21.3801  0.72
21.3901  0.79
21.4001  0.69
21.4101  0.8
21.4201  0.7
21.4301  0.72
21.4401  0.77
21.4501  0.72
21.4601  0.71
21.4701  0.75
21.4801  0.78
21.4901  0.72
21.5001  0.72
21.5101  0.69
21.5201  0.78
21.5301  0.77
21.5401  0.78
21.5501  0.76
21.5601  0.66
21.5701  0.77
21.5801  0.76
21.5901  0.71
21.6001  0.74
21.6101  0.75
21.6201  0.76
21.6301  0.73
21.6401  0.72
21.6501  0.8
21.6601  0.7
21.6701  0.74
21.6801  0.75
21.6901  0.76
21.7001  0.76
21.7101  0.7
21.7201  0.79
21.7301  0.68
21.7401  0.75
21.7501  0.77
21.7601  0.68
21.7701  0.75
21.7801  0.74
21.7901  0.73
21.8001  0.73
21.8101  0.7
21.8201  0.76
21.8301  0.77
21.8401  0.68
21.8501  0.83
21.8601  0.81
21.8701  0.7
21.8801  0.76
21.8901  0.73
21.9001  0.71
21.9101  0.77
21.9201  0.66
21.9301  0.78
21.9401  0.75
21.9501  0.75
21.9601  0.72
21.9701  0.73
21.9801  0.72
21.9901  0.77
22.0001  0.72
22.0101  0.81
22.0201  0.76
22.0301  0.72
22.0401  0.74
22.0501  0.72
22.0601  0.73
22.0701  0.7
22.0801  0.79
22.0901  0.75
22.1001  0.74
22.1101  0.73
22.1201  0.75
22.1301  0.7
22.1401  0.77
22.1501  0.72
22.1601  0.69
22.1701  0.85
22.1801  0.67
22.1901  0.76
22.2001  0.73
22.2101  0.71
22.2201  0.77
22.2301  0.73
22.2401  0.8
22.2501  0.73
22.2601  0.72
22.2701  0.66
22.2801  0.77
22.2901  0.82
22.3001  0.72
22.3101  0.75
22.3201  0.74
22.3301  0.66
22.3401  0.8
22.3501  0.75
22.3601  0.76
22.3701  0.74
22.3801  0.73
22.3901  0.71
22.4001  0.79
22.4101  0.73
22.4201  0.71
22.4301  0.76
22.4401  0.75
22.4501  0.74
22.4601  0.73
22.4701  0.75
22.4801  0.75
22.4901  0.69
22.5001  0.78
22.5101  0.76
22.5201  0.79
22.5301  0.72
22.5401  0.69
22.5501  0.72
22.5601  0.7
22.5701  0.78
22.5801  0.74
22.5901  0.75
22.6001  0.75
22.6101  0.69
22.6201  0.78
22.6301  0.73
22.6401  0.69
22.6501  0.76
22.6601  0.75
22.6701  0.73
22.6801  0.74
22.6901  0.77
22.7001  0.73
22.7101  0.75
22.7201  0.75
22.7301  0.76
22.7401  0.73
22.7501  0.8
22.7601  0.69
22.7701  0.8
22.7801  0.76
22.7901  0.72
22.8001  0.7
22.8101  0.74
22.8201  0.75
22.8301  0.68
22.8401  0.76
22.8501  0.77
22.8601  0.74
22.8701  0.72
22.8801  0.74
22.8901  0.7
22.9001  0.75
22.9101  0.72
22.9201  0.76
22.9301  0.75
22.9401  0.69
22.9501  0.81
22.9601  0.76
22.9701  0.76
22.9801  0.71
22.9901  0.72
23.0001  0.75
23.0101  0.76
23.0201  0.67
23.0301  0.77
23.0401  0.82
23.0501  0.75
23.0601  0.68
23.0701  0.74
23.0801  0.76
23.0901  0.71
23.1001  0.73
23.1101  0.73
23.1201  0.8
23.1301  0.73
23.1401  0.64
23.1501  0.76
23.1601  0.76
23.1701  0.74
23.1801  0.8
23.1901  0.73
23.2001  0.8
23.2101  0.74
23.2201  0.69
23.2301  0.69
23.2401  0.77
23.2501  0.78
23.2601  0.67
23.2701  0.78
23.2801  0.75
23.2901  0.68
23.3001  0.77
23.3101  0.69
23.3201  0.78
23.3301  0.77
23.3401  0.72
23.3501  0.72
23.3601  0.81
23.3701  0.74
23.3801  0.75
23.3901  0.7
23.4001  0.72
23.4101  0.75
23.4201  0.75
23.4301  0.72
23.4401  0.69
23.4501  0.77
23.4601  0.82
23.4701  0.77
23.4801  0.74
23.4901  0.73
23.5001  0.74
23.5101  0.75
23.5201  0.72
23.5301  0.67
23.5401  0.78
23.5501  0.72
23.5601  0.8
23.5701  0.7
23.5801  0.72
23.5901  0.7
23.6001  0.77
23.6101  0.75
23.6201  0.75
23.6301  0.74
23.6401  0.75
23.6501  0.77
23.6601  0.76
23.6701  0.7
23.6801  0.76
23.6901  0.65
23.7001  0.76
23.7101  0.77
23.7201  0.76
23.7301  0.75
23.7401  0.7
23.7501  0.77
23.7601  0.77
23.7701  0.71
23.7801  0.73
23.7901  0.74
23.8001  0.73
23.8101  0.72
23.8201  0.77
23.8301  0.71
23.8401  0.8
23.8501  0.69
23.8601  0.79
23.8701  0.8
23.8801  0.71
23.8901  0.69
23.9001  0.77
23.9101  0.76
23.9201  0.69
23.9301  0.78
23.9401  0.73
23.9501  0.75
23.9601  0.77
23.9701  0.69
23.9801  0.75
23.9901  0.73
24.0001  0.72
24.0101  0.75
24.0201  0.75
24.0301  0.77
24.0401  0.72
24.0501  0.75
24.0601  0.75
24.0701  0.78
24.0801  0.74
24.0901  0.68
24.1001  0.66
24.1101  0.77
24.1201  0.7
24.1301  0.79
24.1401  0.78
24.1501  0.72
24.1601  0.71
24.1701  0.74
24.1801  0.7
24.1901  0.82
24.2001  0.81
24.2101  0.71
24.2201  0.72
24.2301  0.79
24.2401  0.76
24.2501  0.7
24.2601  0.72
24.2701  0.72
24.2801  0.74
24.2901  0.68
24.3001  0.79
24.3101  0.76
24.3201  0.75
24.3301  0.75
24.3401  0.76
24.3501  0.73
24.3601  0.76
24.3701  0.72
24.3801  0.77
24.3901  0.73
24.4001  0.74
24.4101  0.67
24.4201  0.78
24.4301  0.73
24.4401  0.77
24.4501  0.66
24.4601  0.8
24.4701  0.72
24.4801  0.77
24.4901  0.73
24.5001  0.73
24.5101  0.71
24.5201  0.7
24.5301  0.77
24.5401  0.83
24.5501  0.7
24.5601  0.82
24.5701  0.75
24.5801  0.77
24.5901  0.72
24.6001  0.7
24.6101  0.75
24.6201  0.75
24.6301  0.74
24.6401  0.71
24.6501  0.74
24.6601  0.7
24.6701  0.73
24.6801  0.76
24.6901  0.74
24.7001  0.72
24.7101  0.77
24.7201  0.73
24.7301  0.77
24.7401  0.72
24.7501  0.7
24.7601  0.78
24.7701  0.74
24.7801  0.75
24.7901  0.69
24.8001  0.77
24.8101  0.75
24.8201  0.78
24.8301  0.69
24.8401  0.75
24.8501  0.76
24.8601  0.71
24.8701  0.8
24.8801  0.73
24.8901  0.74
24.9001  0.75
24.9101  0.73
24.9201  0.75
24.9301  0.72
24.9401  0.74
24.9501  0.71
24.9601  0.76
24.9701  0.76
24.9801  0.71
24.9901  0.8
25.0001  0.69
25.0101  0.76
25.0201  0.79
25.0301  0.71
25.0401  0.76
25.0501  0.69
25.0601  0.7
25.0701  0.82
25.0801  0.72
25.0901  0.7
25.1001  0.74
25.1101  0.75
25.1201  0.77
25.1301  0.71
25.1401  0.73
25.1501  0.78
25.1601  0.7
25.1701  0.78
25.1801  0.75
25.1901  0.68
25.2001  0.76
25.2101  0.75
25.2201  0.69
25.2301  0.79
25.2401  0.74
25.2501  0.75
25.2601  0.74
25.2701  0.71
25.2801  0.8
25.2901  0.72
25.3001  0.73
25.3101  0.74
25.3201  0.74
25.3301  0.71
25.3401  0.75
25.3501  0.71
25.3601  0.79
25.3701  0.85
25.3801  0.69
25.3901  0.77
25.4001  0.76
25.4101  0.68
25.4201  0.76
25.4301  0.7
25.4401  0.72
25.4501  0.74
25.4601  0.8
25.4701  0.71
25.4801  0.68
25.4901  0.77
25.5001  0.74
25.5101  0.75
25.5201  0.74
25.5301  0.73
25.5401  0.7
25.5501  0.76
25.5601  0.79
25.5701  0.71
25.5801  0.74
25.5901  0.71
25.6001  0.79
25.6101  0.75
25.6201  0.76
25.6301  0.71
25.6401  0.72
25.6501  0.71
25.6601  0.72
25.6701  0.79
25.6801  0.78
25.6901  0.73
25.7001  0.77
25.7101  0.73
25.7201  0.73
25.7301  0.79
25.7401  0.75
25.7501  0.72
25.7601  0.73
25.7701  0.71
25.7801  0.76
25.7901  0.68
25.8001  0.73
25.8101  0.77
25.8201  0.74
25.8301  0.8
25.8401  0.69
25.8501  0.73
25.8601  0.7
25.8701  0.77
25.8801  0.71
25.8901  0.78
25.9001  0.73
25.9101  0.77
25.9201  0.74
25.9301  0.75
25.9401  0.7
25.9501  0.75
25.9601  0.78
25.9701  0.73
25.9801  0.69
25.9901  0.79
26.0001  0.73
26.0101  0.7
26.0201  0.73
26.0301  0.76
26.0401  0.71
26.0501  0.75
26.0601  0.74
26.0701  0.74
26.0801  0.79
26.0901  0.72
26.1001  0.74
26.1101  0.79
26.1201  0.74
26.1301  0.68
26.1401  0.76
26.1501  0.78
26.1601  0.69
26.1701  0.74
26.1801  0.78
26.1901  0.74
26.2001  0.69
26.2101  0.79
26.2201  0.74
26.2301  0.67
26.2401  0.79
26.2501  0.72
26.2601  0.74
26.2701  0.76
26.2801  0.7
26.2901  0.75
26.3001  0.72
26.3101  0.76
26.3201  0.71
26.3301  0.71
26.3401  0.76
26.3501  0.75
26.3601  0.72
26.3701  0.78
26.3801  0.79
26.3901  0.79
26.4001  0.69
26.4101  0.74
26.4201  0.77
26.4301  0.76
26.4401  0.76
26.4501  0.66
26.4601  0.77
26.4701  0.71
26.4801  0.76
26.4901  0.73
26.5001  0.73
26.5101  0.72
26.5201  0.7
26.5301  0.79
26.5401  0.76
26.5501  0.75
26.5601  0.73
26.5701  0.74
26.5801  0.71
26.5901  0.74
26.6001  0.73
26.6101  0.74
26.6201  0.76
26.6301  0.78
26.6401  0.73
26.6501  0.75
26.6601  0.7
26.6701  0.79
26.6801  0.74
26.6901  0.76
26.7001  0.73
26.7101  0.74
26.7201  0.69
26.7301  0.76
26.7401  0.72
26.7501  0.75
26.7601  0.7
26.7701  0.72
26.7801  0.81
26.7901  0.77
26.8001  0.71
26.8101  0.69
26.8201  0.77
26.8301  0.68
26.8401  0.76
26.8501  0.81
26.8601  0.8
26.8701  0.74
26.8801  0.79
26.8901  0.66
26.9001  0.77
26.9101  0.69
26.9201  0.78
26.9301  0.69
26.9401  0.76
26.9501  0.76
26.9601  0.75
26.9701  0.7
26.9801  0.76
26.9901  0.71
27.0001  0.75
27.0101  0.71
27.0201  0.8
27.0301  0.69
27.0401  0.8
27.0501  0.78
27.0601  0.74
27.0701  0.7
27.0801  0.71
27.0901  0.72
27.1001  0.72
27.1101  0.73
27.1201  0.77
27.1301  0.76
27.1401  0.77
27.1501  0.69
27.1601  0.76
27.1701  0.73
27.1801  0.78
27.1901  0.7
27.2001  0.78
27.2101  0.71
27.2201  0.76
27.2301  0.74
27.2401  0.73
27.2501  0.76
27.2601  0.77
27.2701  0.71
27.2801  0.78
27.2901  0.72
27.3001  0.74
27.3101  0.77
27.3201  0.74
27.3301  0.71
27.3401  0.78
27.3501  0.72
27.3601  0.72
27.3701  0.81
27.3801  0.7
27.3901  0.68
27.4001  0.72
27.4101  0.75
27.4201  0.72
27.4301  0.73
27.4401  0.82
27.4501  0.68
27.4601  0.73
27.4701  0.75
27.4801  0.76
27.4901  0.75
27.5001  0.74
27.5101  0.74
27.5201  0.74
27.5301  0.71
27.5401  0.77
27.5501  0.75
27.5601  0.71
27.5701  0.79
27.5801  0.8
27.5901  0.66
27.6001  0.78
27.6101  0.74
27.6201  0.77
27.6301  0.77
27.6401  0.69
27.6501  0.76
27.6601  0.77
27.6701  0.67
27.6801  0.75
27.6901  0.74
27.7001  0.7
27.7101  0.78
27.7201  0.77
27.7301  0.67
27.7401  0.72
27.7501  0.75
27.7601  0.73
27.7701  0.77
27.7801  0.76
27.7901  0.72
27.8001  0.75
27.8101  0.72
27.8201  0.77
27.8301  0.71
27.8401  0.78
27.8501  0.73
27.8601  0.75
27.8701  0.73
27.8801  0.83
27.8901  0.71
27.9001  0.71
27.9101  0.69
27.9201  0.74
27.9301  0.73
27.9401  0.81
27.9501  0.7
27.9601  0.67
27.9701  0.82
27.9801  0.73
27.9901  0.68
28.0001  0.77
28.0101  0.81
28.0201  0.76
28.0301  0.74
28.0401  0.73
28.0501  0.78
28.0601  0.73
28.0701  0.72
28.0801  0.72
28.0901  0.74
28.1001  0.75
28.1101  0.7
28.1201  0.71
28.1301  0.76
28.1401  0.77
28.1501  0.67
28.1601  0.75
28.1701  0.79
28.1801  0.71
28.1901  0.72
28.2001  0.8
28.2101  0.67
28.2201  0.78
28.2301  0.73
28.2401  0.73
28.2501  0.74
28.2601  0.73
28.2701  0.74
28.2801  0.75
28.2901  0.74
28.3001  0.77
28.3101  0.7
28.3201  0.8
28.3301  0.73
28.3401  0.79
28.3501  0.72
28.3601  0.75
28.3701  0.72
28.3801  0.76
28.3901  0.76
28.4001  0.7
28.4101  0.74
28.4201  0.7
28.4301  0.76
28.4401  0.7
28.4501  0.77
28.4601  0.74
28.4701  0.72
28.4801  0.79
28.4901  0.73
28.5001  0.77
28.5101  0.69
28.5201  0.69
28.5301  0.82
28.5401  0.76
28.5501  0.72
28.5601  0.73
28.5701  0.7
28.5801  0.76
28.5901  0.71
28.6001  0.81
28.6101  0.72
28.6201  0.74
28.6301  0.76
28.6401  0.68
28.6501  0.7
28.6601  0.75
28.6701  0.71
28.6801  0.81
28.6901  0.75
28.7001  0.74
28.7101  0.74
28.7201  0.76
28.7301  0.76
28.7401  0.72
28.7501  0.72
28.7601  0.77
28.7701  0.78
28.7801  0.71
28.7901  0.77
28.8001  0.72
28.8101  0.71
28.8201  0.75
28.8301  0.68
28.8401  0.79
28.8501  0.69
28.8601  0.79
28.8701  0.72
28.8801  0.74
28.8901  0.79
28.9001  0.73
28.9101  0.76
28.9201  0.71
28.9301  0.76
28.9401  0.69
28.9501  0.71
28.9601  0.79
28.9701  0.75
28.9801  0.71
28.9901  0.74
29.0001  0.73
29.0101  0.75
29.0201  0.74
29.0301  0.69
29.0401  0.77
29.0501  0.79
29.0601  0.74
29.0701  0.75
29.0801  0.72
29.0901  0.7
29.1001  0.76
29.1101  0.71
29.1201  0.77
29.1301  0.72
29.1401  0.7
29.1501  0.77
29.1601  0.86
29.1701  0.78
29.1801  0.7
29.1901  0.74
29.2001  0.75
29.2101  0.75
29.2201  0.71
29.2301  0.78
29.2401  0.74
29.2501  0.77
29.2601  0.67
29.2701  0.71
29.2801  0.69
29.2901  0.74
29.3001  0.78
29.3101  0.68
29.3201  0.8
29.3301  0.77
29.3401  0.74
29.3501  0.69
29.3601  0.71
29.3701  0.72
29.3801  0.8
29.3901  0.76
29.4001  0.76
29.4101  0.77
29.4201  0.71
29.4301  0.76
29.4401  0.73
29.4501  0.72
29.4601  0.75
29.4701  0.77
29.4801  0.77
29.4901  0.64
29.5001  0.8
29.5101  0.69
29.5201  0.79
29.5301  0.75
29.5401  0.74
29.5501  0.79
29.5601  0.71
29.5701  0.68
29.5801  0.78
29.5901  0.71
29.6001  0.73
29.6101  0.77
29.6201  0.74
29.6301  0.73
29.6401  0.73
29.6501  0.77
29.6601  0.72
29.6701  0.75
29.6801  0.7
29.6901  0.76
29.7001  0.73
29.7101  0.78
29.7201  0.81
29.7301  0.67
29.7401  0.7
29.7501  0.81
29.7601  0.71
29.7701  0.76
29.7801  0.73
29.7901  0.81
29.8001  0.67
29.8101  0.73
29.8201  0.74
29.8301  0.71
29.8401  0.71
29.8501  0.76
29.8601  0.73
29.8701  0.71
29.8801  0.82
29.8901  0.77
29.9001  0.74
29.9101  0.72
29.9201  0.79
29.9301  0.81
29.9401  0.76
29.9501  0.65
29.9601  0.7
29.9701  0.81
29.9801  0.7
29.9901  0.7
30.0001  0.77
30.0101  0.74
30.0201  0.7
30.0301  0.72
30.0401  0.75
30.0501  0.79
30.0601  0.74
30.0701  0.74
30.0801  0.71
30.0901  0.78
30.1001  0.76
30.1101  0.72
30.1201  0.68
30.1301  0.79
30.1401  0.75
30.1501  0.7
30.1601  0.78
30.1701  0.74
30.1801  0.78
30.1901  0.73
30.2001  0.7
30.2101  0.7
30.2201  0.72
30.2301  0.78
30.2401  0.71
30.2501  0.73
30.2601  0.73
30.2701  0.77
30.2801  0.8
30.2901  0.68
30.3001  0.78
30.3101  0.75
30.3201  0.79
30.3301  0.72
30.3401  0.77
30.3501  0.72
30.3601  0.68
30.3701  0.8
30.3801  0.81
30.3901  0.71
30.4001  0.69
30.4101  0.77
30.4201  0.68
30.4301  0.76
30.4401  0.71
30.4501  0.76
30.4601  0.75
30.4701  0.73
30.4801  0.72
30.4901  0.76
30.5001  0.77
30.5101  0.7
30.5201  0.7
30.5301  0.77
30.5401  0.78
30.5501  0.68
30.5601  0.77
30.5701  0.65
30.5801  0.78
30.5901  0.75
30.6001  0.74
30.6101  0.75
30.6201  0.77
30.6301  0.76
30.6401  0.81
30.6501  0.73
30.6601  0.72
30.6701  0.74
30.6801  0.72
30.6901  0.73
30.7001  0.72
30.7101  0.73
30.7201  0.73
30.7301  0.78
30.7401  0.75
30.7501  0.76
30.7601  0.71
30.7701  0.75
30.7801  0.74
30.7901  0.68
30.8001  0.82
30.8101  0.71
30.8201  0.72
30.8301  0.75
30.8401  0.79
30.8501  0.7
30.8601  0.76
30.8701  0.72
30.8801  0.73
30.8901  0.7
30.9001  0.78
30.9101  0.77
30.9201  0.75
30.9301  0.65
30.9401  0.74
30.9501  0.76
30.9601  0.74
30.9701  0.72
30.9801  0.79
30.9901  0.7
31.0001  0.75
31.0101  0.76
31.0201  0.8
31.0301  0.65
31.0401  0.76
31.0501  0.74
31.0601  0.73
31.0701  0.79
31.0801  0.73
31.0901  0.8
31.1001  0.68
31.1101  0.83
31.1201  0.7
31.1301  0.76
31.1401  0.68
31.1501  0.72
31.1601  0.81
31.1701  0.68
31.1801  0.77
31.1901  0.71
31.2001  0.79
31.2101  0.67
31.2201  0.73
31.2301  0.79
31.2401  0.72
31.2501  0.7
31.2601  0.69
31.2701  0.79
31.2801  0.67
31.2901  0.78
31.3001  0.8
31.3101  0.68
31.3201  0.78
31.3301  0.78
31.3401  0.74
31.3501  0.74
31.3601  0.73
31.3701  0.78
31.3801  0.75
31.3901  0.74
31.4001  0.75
31.4101  0.77
31.4201  0.72
31.4301  0.68
31.4401  0.72
31.4501  0.75
31.4601  0.69
31.4701  0.76
31.4801  0.79
31.4901  0.7
31.5001  0.8
31.5101  0.71
31.5201  0.77
31.5301  0.74
31.5401  0.78
31.5501  0.69
31.5601  0.76
31.5701  0.74
31.5801  0.68
31.5901  0.78
31.6001  0.75
31.6101  0.68
31.6201  0.76
31.6301  0.72
31.6401  0.73
31.6501  0.78
31.6601  0.75
31.6701  0.75
31.6801  0.81
31.6901  0.7
31.7001  0.75
31.7101  0.75
31.7201  0.72
31.7301  0.68
31.7401  0.74
31.7501  0.74
31.7601  0.68
31.7701  0.74
31.7801  0.83
31.7901  0.73
31.8001  0.71
31.8101  0.77
31.8201  0.76
31.8301  0.72
31.8401  0.74
31.8501  0.74
31.8601  0.73
31.8701  0.8
31.8801  0.77
31.8901  0.77
31.9001  0.69
31.9101  0.77
31.9201  0.67
31.9301  0.72
31.9401  0.76
31.9501  0.79
31.9601  0.69
31.9701  0.71
31.9801  0.73
31.9901  0.8
32.0001  0.75
32.0101  0.7
32.0201  0.72
32.0301  0.76
32.0401  0.77
32.0501  0.71
32.0601  0.8
32.0701  0.7
32.0801  0.79
32.0901  0.7
32.1001  0.78
32.1101  0.75
32.1201  0.64
32.1301  0.77
32.1401  0.67
32.1501  0.78
32.1601  0.76
32.1701  0.72
32.1801  0.74
32.1901  0.82
32.2001  0.67
32.2101  0.78
32.2201  0.75
32.2301  0.7
32.2401  0.77
32.2501  0.68
32.2601  0.82
32.2701  0.74
32.2801  0.77
32.2901  0.72
32.3001  0.72
32.3101  0.77
32.3201  0.76
32.3301  0.78
32.3401  0.74
32.3501  0.7
32.3601  0.69
32.3701  0.76
32.3801  0.72
32.3901  0.68
32.4001  0.85
32.4101  0.72
32.4201  0.7
32.4301  0.71
32.4401  0.78
32.4501  0.75
32.4601  0.67
32.4701  0.71
32.4801  0.75
32.4901  0.76
32.5001  0.79
32.5101  0.76
32.5201  0.78
32.5301  0.71
32.5401  0.72
32.5501  0.74
32.5601  0.71
32.5701  0.83
32.5801  0.69
32.5901  0.73
32.6001  0.79
32.6101  0.66
32.6201  0.76
32.6301  0.78
32.6401  0.71
32.6501  0.76
32.6601  0.78
32.6701  0.72
32.6801  0.71
32.6901  0.72
32.7001  0.81
32.7101  0.7
32.7201  0.74
32.7301  0.78
32.7401  0.73
32.7501  0.68
32.7601  0.76
32.7701  0.76
32.7801  0.79
32.7901  0.75
32.8001  0.71
32.8101  0.74
32.8201  0.75
32.8301  0.72
32.8401  0.71
32.8501  0.73
32.8601  0.73
32.8701  0.72
32.8801  0.71
32.8901  0.76
32.9001  0.74
32.9101  0.76
32.9201  0.71
32.9301  0.78
32.9401  0.71
32.9501  0.85
32.9601  0.74
32.9701  0.66
32.9801  0.78
32.9901  0.77
33.0001  0.74
33.0101  0.71
33.0201  0.82
33.0301  0.71
33.0401  0.75
33.0501  0.73
33.0601  0.78
33.0701  0.74
33.0801  0.7
33.0901  0.73
33.1001  0.71
33.1101  0.76
33.1201  0.68
33.1301  0.77
33.1401  0.78
33.1501  0.72
33.1601  0.73
33.1701  0.77
33.1801  0.7
33.1901  0.76
33.2001  0.77
33.2101  0.69
33.2201  0.75
33.2301  0.77
33.2401  0.73
33.2501  0.71
33.2601  0.78
33.2701  0.71
33.2801  0.77
33.2901  0.77
33.3001  0.74
33.3101  0.74
33.3201  0.73
33.3301  0.73
33.3401  0.72
33.3501  0.74
33.3601  0.73
33.3701  0.73
33.3801  0.74
33.3901  0.79
33.4001  0.73
33.4101  0.72
33.4201  0.72
33.4301  0.76
33.4401  0.77
33.4501  0.78
33.4601  0.7
33.4701  0.79
33.4801  0.71
33.4901  0.71
33.5001  0.72
33.5101  0.84
33.5201  0.75
33.5301  0.72
33.5401  0.71
33.5501  0.73
33.5601  0.73
33.5701  0.69
33.5801  0.72
33.5901  0.81
33.6001  0.74
33.6101  0.76
33.6201  0.76
33.6301  0.73
33.6401  0.69
33.6501  0.8
33.6601  0.72
33.6701  0.75
33.6801  0.69
33.6901  0.78
33.7001  0.7
33.7101  0.73
33.7201  0.71
33.7301  0.75
33.7401  0.81
33.7501  0.74
33.7601  0.74
33.7701  0.76
33.7801  0.71
33.7901  0.76
33.8001  0.71
33.8101  0.75
33.8201  0.72
33.8301  0.71
33.8401  0.75
33.8501  0.76
33.8601  0.78
33.8701  0.68
33.8801  0.73
33.8901  0.82
33.9001  0.73
33.9101  0.8
33.9201  0.68
33.9301  0.81
33.9401  0.73
33.9501  0.72
33.9601  0.69
33.9701  0.73
33.9801  0.76
33.9901  0.77
34.0001  0.73
34.0101  0.75
34.0201  0.7
34.0301  0.71
34.0401  0.74
34.0501  0.77
34.0601  0.77
34.0701  0.72
34.0801  0.74
34.0901  0.7
34.1001  0.72
34.1101  0.78
34.1201  0.68
34.1301  0.77
34.1401  0.76
34.1501  0.71
34.1601  0.75
34.1701  0.76
34.1801  0.78
34.1901  0.7
34.2001  0.7
34.2101  0.76
34.2201  0.77
34.2301  0.74
34.2401  0.81
34.2501  0.75
34.2601  0.82
34.2701  0.68
34.2801  0.7
34.2901  0.78
34.3001  0.66
34.3101  0.7
34.3201  0.81
34.3301  0.75
34.3401  0.7
34.3501  0.7
34.3601  0.78
34.3701  0.74
34.3801  0.73
34.3901  0.71
34.4001  0.81
34.4101  0.72
34.4201  0.68
34.4301  0.75
34.4401  0.73
34.4501  0.77
34.4601  0.77
34.4701  0.68
34.4801  0.76
34.4901  0.77
34.5  0.73
34.51  0.82
34.52  0.71
34.53  0.71
34.54  0.72
34.55  0.8
34.56  0.71
34.57  0.72
34.58  0.75
34.59  0.75
34.6  0.63
34.61  0.82
34.62  0.73
34.63  0.77
34.64  0.68
34.65  0.83
34.66  0.74
34.67  0.73
34.68  0.8
34.69  0.7
34.7  0.73
34.71  0.67
34.72  0.78
34.73  0.73
34.74  0.75
34.75  0.77
34.76  0.72
34.77  0.76
34.78  0.73
34.79  0.77
34.8  0.69
34.81  0.74
34.82  0.72
34.83  0.74
34.84  0.77
34.85  0.72
34.86  0.71
34.87  0.75
34.88  0.69
34.89  0.83
34.9  0.74
34.91  0.72
34.92  0.74
34.93  0.78
34.94  0.74
34.95  0.74
34.96  0.74
34.97  0.73
34.98  0.77
34.99  0.76
35  0.71
35.01  0.74
35.02  0.72
35.03  0.74
35.04  0.74
35.05  0.74
35.06  0.77
35.07  0.74
35.08  0.77
35.09  0.7
35.1  0.78
35.11  0.68
35.12  0.75
35.13  0.77
35.14  0.76
35.15  0.69
35.16  0.75
35.17  0.71
35.18  0.76
35.19  0.81
35.2  0.7
35.21  0.76
35.22  0.72
35.23  0.66
35.24  0.76
35.25  0.73
35.26  0.76
35.27  0.75
35.28  0.83
35.29  0.72
35.3  0.68
35.31  0.78
35.32  0.69
35.33  0.75
35.34  0.75
35.35  0.72
35.36  0.72
35.37  0.77
35.38  0.7
35.39  0.78
35.4  0.79
35.41  0.73
35.42  0.74
35.43  0.72
35.44  0.67
35.45  0.81
35.46  0.72
35.47  0.79
35.48  0.72
35.49  0.78
35.5  0.7
35.51  0.8
35.52  0.73
35.53  0.77
35.54  0.69
35.55  0.73
35.56  0.77
35.57  0.73
35.58  0.71
35.59  0.67
35.6  0.79
35.61  0.64
35.62  0.83
35.63  0.76
35.64  0.79
35.65  0.73
35.66  0.72
35.67  0.7
35.68  0.74
35.69  0.72
35.7  0.82
35.71  0.79
35.72  0.71
35.73  0.7
35.74  0.76
35.75  0.7
35.76  0.73
35.77  0.71
35.78  0.74
35.79  0.77
35.8  0.78
35.81  0.66
35.82  0.79
35.83  0.72
35.84  0.79
35.85  0.75
35.86  0.73
35.87  0.76
35.88  0.81
35.89  0.72
35.9  0.67
35.91  0.74
35.92  0.72
35.93  0.78
35.94  0.76
35.95  0.79
35.96  0.69
35.97  0.69
35.98  0.78
35.99  0.7
36  0.75
36.01  0.73
36.02  0.72
36.03  0.76
36.04  0.76
36.05  0.71
36.06  0.72
36.07  0.75
36.08  0.76
36.09  0.78
36.1  0.64
36.11  0.74
36.12  0.76
36.13  0.71
36.14  0.81
36.15  0.78
36.16  0.77
36.17  0.69
36.18  0.74
36.19  0.75
36.2  0.73
36.21  0.75
36.22  0.76
36.23  0.74
36.24  0.79
36.25  0.69
36.26  0.74
36.27  0.74
36.28  0.7
36.29  0.82
36.3  0.75
36.31  0.63
36.32  0.78
36.33  0.67
36.34  0.76
36.35  0.78
36.36  0.75
36.37  0.71
36.38  0.69
36.39  0.76
36.4  0.83
36.41  0.74
36.42  0.73
36.43  0.76
36.44  0.75
36.45  0.7
36.46  0.67
36.47  0.83
36.48  0.68
36.49  0.78
36.5  0.67
36.51  0.76
36.52  0.8
36.53  0.78
36.54  0.67
36.55  0.7
36.56  0.76
36.57  0.76
36.58  0.8
36.59  0.71
36.6  0.73
36.61  0.66
36.62  0.81
36.63  0.74
36.64  0.76
36.65  0.75
36.66  0.76
36.67  0.71
36.68  0.83
36.69  0.71
36.7  0.68
36.71  0.78
36.72  0.72
36.73  0.71
36.74  0.76
36.75  0.74
36.76  0.77
36.77  0.7
36.78  0.76
36.79  0.68
36.8  0.75
36.81  0.79
36.82  0.71
36.83  0.75
36.84  0.66
36.85  0.81
36.86  0.75
36.87  0.74
36.88  0.76
36.89  0.69
36.9  0.71
36.91  0.82
36.92  0.71
36.93  0.77
36.94  0.71
36.95  0.83
36.96  0.73
36.97  0.7
36.98  0.74
36.99  0.74
37  0.7
37.01  0.73
37.02  0.75
37.03  0.78
37.04  0.74
37.05  0.78
37.06  0.63
37.07  0.76
37.08  0.77
37.09  0.77
37.1  0.76
37.11  0.71
37.12  0.78
37.13  0.69
37.14  0.78
37.15  0.78
37.16  0.77
37.17  0.7
37.18  0.76
37.19  0.71
37.2  0.78
37.21  0.72
37.22  0.66
37.23  0.75
37.24  0.74
37.25  0.81
37.26  0.67
37.27  0.75
37.28  0.68
37.29  0.78
37.3  0.74
37.31  0.69
37.32  0.8
37.33  0.75
37.34  0.75
37.35  0.74
37.36  0.76
37.37  0.74
37.38  0.74
37.39  0.72
37.4  0.78
37.41  0.71
37.42  0.8
37.43  0.74
37.44  0.74
37.45  0.71
37.46  0.72
37.47  0.76
37.48  0.77
37.49  0.74
37.5  0.72
37.51  0.75
37.52  0.77
37.53  0.71
37.54  0.73
37.55  0.72
37.56  0.72
37.57  0.78
37.58  0.71
37.59  0.73
37.6  0.69
37.61  0.82
37.62  0.7
37.63  0.81
37.64  0.77
37.65  0.67
37.66  0.82
37.67  0.74
37.68  0.78
37.69  0.67
37.7  0.78
37.71  0.65
37.72  0.76
37.73  0.73
37.74  0.73
37.75  0.69
37.76  0.76
37.77  0.74
37.78  0.78
37.79  0.78
37.8  0.7
37.81  0.75
37.82  0.74
37.83  0.78
37.84  0.71
37.85  0.74
37.86  0.75
37.87  0.72
37.88  0.77
37.89  0.73
37.9  0.74
37.91  0.83
37.92  0.74
37.93  0.74
37.94  0.67
37.95  0.72
37.96  0.79
37.97  0.69
37.98  0.77
37.99  0.76
38  0.73
38.01  0.74
38.02  0.74
38.03  0.72
38.04  0.73
38.05  0.68
38.06  0.77
38.07  0.79
38.08  0.69
38.09  0.73
38.1  0.73
38.11  0.76
38.12  0.76
38.13  0.74
38.14  0.68
38.15  0.77
38.16  0.82
38.17  0.71
38.18  0.73
38.19  0.81
38.2  0.66
38.21  0.81
38.22  0.75
38.23  0.68
38.24  0.75
38.25  0.7
38.26  0.79
38.27  0.75
38.28  0.71
38.29  0.76
38.3  0.75
38.31  0.68
38.32  0.77
38.33  0.75
38.34  0.78
38.35  0.66
38.36  0.73
38.37  0.78
38.38  0.75
38.39  0.68
38.4  0.73
38.41  0.8
38.42  0.82
38.43  0.67
38.44  0.77
38.45  0.69
38.46  0.79
38.47  0.74
38.48  0.67
38.49  0.75
38.5  0.75
38.51  0.77
38.52  0.77
38.53  0.69
38.54  0.75
38.55  0.71
38.56  0.76
38.57  0.72
38.58  0.75
38.59  0.73
38.6  0.76
38.61  0.71
38.62  0.71
38.63  0.79
38.64  0.74
38.65  0.73
38.66  0.73
38.67  0.85
38.68  0.71
38.69  0.69
38.7  0.79
38.71  0.71
38.72  0.74
38.73  0.76
38.74  0.74
38.75  0.73
38.76  0.71
38.77  0.71
38.78  0.81
38.79  0.72
38.8  0.81
38.81  0.66
38.82  0.74
38.83  0.7
38.84  0.77
38.85  0.74
38.86  0.78
38.87  0.72
38.88  0.71
38.89  0.75
38.9  0.72
38.91  0.8
38.92  0.77
38.93  0.7
38.94  0.71
38.95  0.76
38.96  0.75
38.97  0.75
38.98  0.71
38.99  0.72
39  0.73
39.01  0.83
39.02  0.74
39.03  0.66
39.04  0.75
39.05  0.73
39.06  0.74
39.07  0.77
39.08  0.71
39.09  0.76
39.1  0.77
39.11  0.7
39.12  0.83
39.13  0.78
39.14  0.66
39.15  0.73
39.16  0.82
39.17  0.71
39.18  0.8
39.19  0.69
39.2  0.71
39.21  0.76
39.22  0.73
39.23  0.73
39.24  0.71
39.25  0.75
39.26  0.73
39.27  0.75
39.28  0.75
39.29  0.73
39.3  0.72
39.31  0.76
39.32  0.73
39.33  0.73
39.34  0.77
39.35  0.74
39.36  0.71
39.37  0.69
39.38  0.72
39.39  0.84
39.4  0.73
39.41  0.72
39.42  0.78
39.43  0.72
39.44  0.74
39.45  0.76
39.46  0.76
39.47  0.71
39.48  0.77
39.49  0.72
39.5  0.76
39.51  0.76
39.52  0.71
39.53  0.79
39.54  0.74
39.55  0.68
39.56  0.8
39.57  0.7
39.58  0.75
39.59  0.73
39.6  0.71
39.61  0.76
39.62  0.72
39.63  0.78
39.64  0.75
39.65  0.71
39.66  0.75
39.67  0.71
39.68  0.77
39.69  0.73
39.7  0.78
39.71  0.69
39.72  0.79
39.73  0.71
39.74  0.77
39.75  0.72
39.76  0.71
39.77  0.74
39.78  0.74
39.79  0.7
39.8  0.81
39.81  0.73
39.82  0.72
39.83  0.78
39.84  0.74
39.85  0.77
39.86  0.69
39.87  0.69
39.88  0.81
39.89  0.78
39.9  0.75
39.91  0.76
39.92  0.73
39.93  0.73
39.94  0.71
39.95  0.71
39.96  0.73
39.97  0.83
39.98  0.68
39.99  0.72
40  0.77
40.01  0.74
40.02  0.81
40.03  0.68
40.04  0.72
40.05  0.74
40.06  0.76
40.07  0.67
40.08  0.78
40.09  0.76
40.1  0.72
40.11  0.74
40.12  0.75
40.13  0.7
40.14  0.76
40.15  0.77
40.16  0.74
40.17  0.76
40.18  0.73
40.19  0.8
40.2  0.68
40.21  0.74
40.22  0.72
40.23  0.73
40.24  0.74
40.25  0.77
40.26  0.79
40.27  0.69
40.28  0.73
40.29  0.72
40.3  0.78
40.31  0.69
40.32  0.8
40.33  0.74
40.34  0.71
40.35  0.75
40.36  0.74
40.37  0.76
40.38  0.73
40.39  0.76
40.4  0.66
40.41  0.85
40.42  0.68
40.43  0.75
40.44  0.78
40.45  0.75
40.46  0.71
40.47  0.77
40.48  0.72
40.49  0.76
40.5  0.74
40.51  0.71
40.52  0.71
40.53  0.76
40.54  0.68
40.55  0.75
40.56  0.72
40.57  0.77
40.58  0.76
40.59  0.73
40.6  0.76
40.61  0.68
40.62  0.85
40.63  0.76
40.64  0.67
40.65  0.81
40.66  0.72
40.67  0.76
40.68  0.72
40.69  0.76
40.7  0.7
40.71  0.73
40.72  0.73
40.73  0.74
40.74  0.72
40.75  0.76
40.76  0.74
40.77  0.76
40.78  0.65
40.79  0.77
40.8  0.8
40.81  0.71
40.82  0.74
40.83  0.71
40.84  0.79
40.85  0.78
40.86  0.71
40.87  0.75
40.88  0.81
40.89  0.72
40.9  0.74
40.91  0.65
40.92  0.85
40.93  0.73
40.94  0.68
40.95  0.79
40.96  0.66
40.97  0.8
40.98  0.68
40.99  0.75
41  0.76
41.01  0.7
41.02  0.73
41.03  0.71
41.04  0.77
41.05  0.75
41.06  0.7
41.07  0.73
41.08  0.76
41.09  0.78
41.1  0.81
41.11  0.62
41.12  0.81
41.13  0.74
41.14  0.68
41.15  0.81
41.16  0.77
41.17  0.76
41.18  0.72
41.19  0.75
41.2  0.77
41.21  0.76
41.22  0.8
41.23  0.65
41.24  0.7
41.25  0.72
41.26  0.74
41.27  0.78
41.28  0.75
41.29  0.68
41.3  0.75
41.31  0.65
41.32  0.75
41.33  0.83
41.34  0.72
41.35  0.7
41.36  0.81
41.37  0.67
41.38  0.74
41.39  0.73
41.4  0.79
41.41  0.75
41.42  0.8
41.43  0.68
41.44  0.71
41.45  0.79
41.46  0.71
41.47  0.8
41.48  0.75
41.49  0.72
41.5  0.76
41.51  0.73
41.52  0.73
41.53  0.71
41.54  0.75
41.55  0.73
41.56  0.73
41.57  0.73
41.58  0.8
41.59  0.74
41.6  0.73
41.61  0.77
41.62  0.72
41.63  0.68
41.64  0.74
41.65  0.74
41.66  0.79
41.67  0.77
41.68  0.73
41.69  0.78
41.7  0.71
41.71  0.71
41.72  0.74
41.73  0.7
41.74  0.74
41.75  0.79
41.76  0.72
41.77  0.67
41.78  0.81
41.79  0.78
41.8  0.75
41.81  0.66
41.82  0.77
41.83  0.75
41.84  0.73
41.85  0.8
41.86  0.71
41.87  0.73
41.88  0.75
41.89  0.66
41.9  0.78
41.91  0.8
41.92  0.68
41.93  0.77
41.94  0.76
41.95  0.73
41.96  0.78
41.97  0.75
41.98  0.75
41.99  0.78
42  0.71
42.01  0.71
42.02  0.68
42.03  0.74
42.04  0.83
42.05  0.69
42.06  0.69
42.07  0.78
42.08  0.71
42.09  0.73
42.1  0.74
42.11  0.73
42.12  0.78
42.13  0.74
42.14  0.77
42.15  0.76
42.16  0.69
42.17  0.85
42.18  0.66
42.19  0.76
42.2  0.67
42.21  0.74
42.22  0.75
42.23  0.74
42.24  0.77
42.25  0.74
42.26  0.71
42.27  0.74
42.28  0.69
42.29  0.8
42.3  0.73
42.31  0.79
42.32  0.69
42.33  0.78
42.34  0.75
42.35  0.7
42.36  0.77
42.37  0.76
42.38  0.67
42.39  0.78
42.4  0.78
42.41  0.71
42.42  0.77
42.43  0.74
42.44  0.77
42.45  0.76
42.46  0.68
42.47  0.69
42.48  0.74
42.49  0.72
42.5  0.75
42.51  0.75
42.52  0.76
42.53  0.77
42.54  0.73
42.55  0.77
42.56  0.74
42.57  0.66
42.58  0.75
42.59  0.78
42.6  0.71
42.61  0.77
42.62  0.73
42.63  0.68
42.64  0.76
42.65  0.73
42.66  0.73
42.67  0.76
42.68  0.72
42.69  0.75
42.7  0.74
42.71  0.77
42.72  0.76
42.73  0.74
42.74  0.77
42.75  0.77
42.76  0.72
42.77  0.72
42.78  0.73
42.79  0.68
42.8  0.71
42.81  0.71
42.82  0.82
42.83  0.8
42.84  0.7
42.85  0.78
42.86  0.7
42.87  0.72
42.88  0.75
42.89  0.78
42.9  0.73
42.91  0.76
42.92  0.73
42.93  0.74
42.94  0.75
42.95  0.72
42.96  0.75
42.97  0.71
42.98  0.75
42.99  0.72
43  0.76
43.01  0.77
43.02  0.68
43.03  0.71
43.04  0.8
43.05  0.76
43.06  0.68
43.07  0.79
43.08  0.64
43.09  0.79
43.1  0.76
43.11  0.73
43.12  0.79
43.13  0.67
43.14  0.75
43.15  0.79
43.16  0.71
43.17  0.75
43.18  0.71
43.19  0.73
43.2  0.78
43.21  0.78
43.22  0.74
43.23  0.72
43.24  0.78
43.25  0.78
43.26  0.66
43.27  0.78
43.28  0.74
43.29  0.73
43.3  0.75
43.31  0.71
43.32  0.72
43.33  0.73
43.34  0.82
43.35  0.73
43.36  0.71
43.37  0.71
43.38  0.68
43.39  0.81
43.4  0.72
43.41  0.66
43.42  0.86
43.43  0.71
43.44  0.78
43.45  0.71
43.46  0.77
43.47  0.71
43.48  0.72
43.49  0.74
43.5  0.79
43.51  0.66
43.52  0.8
43.53  0.72
43.54  0.8
43.55  0.73
43.56  0.75
43.57  0.73
43.58  0.71
43.59  0.78
43.6  0.67
43.61  0.76
43.62  0.78
43.63  0.72
43.64  0.67
43.65  0.9
43.66  0.77
43.67  0.64
43.68  0.83
43.69  0.68
43.7  0.77
43.71  0.76
43.72  0.7
43.73  0.72
43.74  0.71
43.75  0.77
43.76  0.72
43.77  0.66
43.78  0.77
43.79  0.79
43.8  0.73
43.81  0.73
43.82  0.75
43.83  0.73
43.84  0.73
43.85  0.79
43.86  0.74
43.87  0.73
43.88  0.74
43.89  0.78
43.9  0.7
43.91  0.75
43.92  0.73
43.93  0.84
43.94  0.65
43.95  0.83
43.96  0.66
43.97  0.78
43.98  0.69
43.99  0.71
44  0.78
44.01  0.76
44.02  0.73
44.03  0.75
44.04  0.75
44.05  0.72
44.06  0.72
44.07  0.71
44.08  0.73
44.09  0.89
44.1  0.64
44.11  0.75
44.12  0.75
44.13  0.78
44.14  0.67
44.15  0.81
44.16  0.69
44.17  0.75
44.18  0.73
44.19  0.76
44.2  0.77
44.21  0.74
44.22  0.75
44.23  0.74
44.24  0.77
44.25  0.7
44.26  0.76
44.27  0.73
44.28  0.73
44.29  0.74
44.3  0.76
44.31  0.69
44.32  0.74
44.33  0.76
44.34  0.68
44.35  0.74
44.36  0.75
44.37  0.7
44.38  0.77
44.39  0.71
44.4  0.75
44.41  0.74
44.42  0.81
44.43  0.75
44.44  0.76
44.45  0.77
44.46  0.73
44.47  0.79
44.48  0.67
44.49  0.71
44.5  0.74
44.51  0.81
44.52  0.74
44.53  0.67
44.54  0.72
44.55  0.8
44.56  0.75
44.57  0.73
44.58  0.73
44.59  0.69
44.6  0.82
44.61  0.72
44.62  0.72
44.63  0.78
44.64  0.67
44.65  0.8
44.66  0.7
44.67  0.74
44.68  0.75
44.69  0.73
44.7  0.72
44.71  0.75
44.72  0.73
44.73  0.73
44.74  0.77
44.75  0.73
44.76  0.75
44.77  0.75
44.78  0.76
44.79  0.71
44.8  0.76
44.81  0.79
44.82  0.69
44.83  0.75
44.84  0.75
44.85  0.72
44.86  0.75
44.87  0.73
44.88  0.7
44.89  0.73
44.9  0.76
44.91  0.71
44.92  0.81
44.93  0.74
44.94  0.78
44.95  0.72
44.96  0.73
44.97  0.76
44.98  0.75
44.99  0.71
45  0.73
45.01  0.8
45.02  0.74
45.03  0.79
45.04  0.69
45.05  0.74
45.06  0.67
45.07  0.73
45.08  0.78
45.09  0.74
45.1  0.76
45.11  0.72
45.12  0.7
45.13  0.75
45.14  0.73
45.15  0.73
45.16  0.71
45.17  0.77
45.18  0.73
45.19  0.7
45.2  0.8
45.21  0.75
45.22  0.73
45.23  0.77
45.24  0.72
45.25  0.77
45.26  0.71
45.27  0.74
45.28  0.75
45.29  0.79
45.3  0.64
45.31  0.84
45.32  0.69
45.33  0.78
45.34  0.74
45.35  0.77
45.36  0.75
45.37  0.71
45.38  0.7
45.39  0.71
45.4  0.73
45.41  0.77
45.42  0.78
45.43  0.72
45.44  0.71
45.45  0.74
45.46  0.78
45.47  0.77
45.48  0.69
45.49  0.75
45.5  0.75
45.51  0.69
45.52  0.73
45.53  0.74
45.54  0.8
45.55  0.74
45.56  0.73
45.57  0.69
45.58  0.83
45.59  0.75
45.6  0.7
45.61  0.7
45.62  0.75
45.63  0.74
45.64  0.73
45.65  0.76
45.66  0.7
45.67  0.76
45.68  0.72
45.69  0.74
45.7  0.74
45.71  0.81
45.72  0.7
45.73  0.74
45.74  0.78
45.75  0.78
45.76  0.71
45.77  0.75
45.78  0.78
45.79  0.71
45.8  0.68
45.81  0.77
45.82  0.79
45.83  0.73
45.84  0.75
45.85  0.68
45.86  0.73
45.87  0.76
45.88  0.64
45.89  0.72
45.9  0.81
45.91  0.75
45.92  0.73
45.93  0.74
45.94  0.81
45.95  0.69
45.96  0.78
45.97  0.76
45.98  0.76
45.99  0.71
46  0.75
46.01  0.74
46.02  0.73
46.03  0.69
46.04  0.79
46.05  0.7
46.06  0.68
46.07  0.76
46.08  0.71
46.09  0.79
46.1  0.74
46.11  0.81
46.12  0.65
46.13  0.76
46.14  0.76
46.15  0.74
46.16  0.74
46.17  0.74
46.18  0.74
46.19  0.75
46.2  0.71
46.21  0.76
46.22  0.82
46.23  0.74
46.24  0.7
46.25  0.77
46.26  0.75
46.27  0.75
46.28  0.72
46.29  0.71
46.3  0.81
46.31  0.7
46.32  0.72
46.33  0.74
46.34  0.74
46.35  0.7
46.36  0.74
46.37  0.82
46.38  0.71
46.39  0.77
46.4  0.72
46.41  0.73
46.42  0.71
46.43  0.73
46.44  0.75
46.45  0.78
46.46  0.65
46.47  0.72
46.48  0.77
46.49  0.7
46.5  0.84
46.51  0.71
46.52  0.74
46.53  0.74
46.54  0.76
46.55  0.75
46.56  0.72
46.57  0.72
46.58  0.76
46.59  0.76
46.6  0.75
46.61  0.77
46.62  0.73
46.63  0.8
46.64  0.74
46.65  0.7
46.66  0.75
46.67  0.72
46.68  0.7
46.69  0.75
46.7  0.81
46.71  0.7
46.72  0.75
46.73  0.72
46.74  0.79
46.75  0.74
46.76  0.71
46.77  0.74
46.78  0.7
46.79  0.73
46.8  0.69
46.81  0.75
46.82  0.75
46.83  0.79
46.84  0.7
46.85  0.69
46.86  0.85
46.87  0.68
46.88  0.75
46.89  0.76
46.9  0.77
46.91  0.76
46.92  0.71
46.93  0.75
46.94  0.73
46.95  0.75
46.96  0.72
46.97  0.78
46.98  0.73
46.99  0.7
47  0.74
47.01  0.78
47.02  0.8
47.03  0.71
47.04  0.72
47.05  0.79
47.06  0.78
47.07  0.71
47.08  0.82
47.09  0.71
47.1  0.76
47.11  0.62
47.12  0.7
47.13  0.79
47.14  0.7
47.15  0.72
47.16  0.73
47.17  0.8
47.18  0.72
47.19  0.72
47.2  0.75
47.21  0.78
47.22  0.72
47.23  0.77
47.24  0.72
47.25  0.74
47.26  0.72
47.27  0.73
47.28  0.79
47.29  0.76
47.3  0.73
47.31  0.71
47.32  0.77
47.33  0.75
47.34  0.7
47.35  0.73
47.36  0.7
47.37  0.81
47.38  0.73
47.39  0.69
47.4  0.71
47.41  0.74
47.42  0.82
47.43  0.69
47.44  0.78
47.45  0.78
47.46  0.74
47.47  0.72
47.48  0.75
47.49  0.75
47.5  0.78
47.51  0.71
47.52  0.77
47.53  0.72
47.54  0.73
47.55  0.77
47.56  0.67
47.57  0.73
47.58  0.79
47.59  0.71
47.6  0.75
47.61  0.7
47.62  0.73
47.63  0.78
47.64  0.7
47.65  0.81
47.66  0.72
47.67  0.79
47.68  0.7
47.69  0.73
47.7  0.74
47.71  0.69
47.72  0.8
47.73  0.69
47.74  0.73
47.75  0.81
47.76  0.65
47.77  0.77
47.78  0.72
47.79  0.73
47.8  0.7
47.81  0.8
47.82  0.8
47.83  0.69
47.84  0.75
47.85  0.79
47.86  0.82
47.87  0.72
47.88  0.68
47.89  0.72
47.9  0.74
47.91  0.74
47.92  0.75
47.93  0.76
47.94  0.75
47.95  0.72
47.96  0.74
47.97  0.71
47.98  0.73
47.99  0.74
48  0.73
48.01  0.79
48.02  0.68
48.03  0.76
48.04  0.75
48.05  0.74
48.06  0.73
48.07  0.77
48.08  0.74
48.09  0.78
48.1  0.73
48.11  0.74
48.12  0.73
48.13  0.73
48.14  0.77
48.15  0.7
48.16  0.78
48.17  0.66
48.18  0.71
48.19  0.79
48.2  0.73
48.21  0.75
48.22  0.78
48.23  0.67
48.24  0.71
48.25  0.75
48.26  0.8
48.27  0.73
48.28  0.73
48.29  0.74
48.3  0.74
48.31  0.68
48.32  0.82
48.33  0.78
48.34  0.78
48.35  0.77
48.36  0.69
48.37  0.72
48.38  0.76
48.39  0.66
48.4  0.79
48.41  0.77
48.42  0.69
48.43  0.75
48.44  0.8
48.45  0.73
48.46  0.76
48.47  0.72
48.48  0.72
48.49  0.76
48.5  0.69
48.51  0.75
48.52  0.62
48.53  0.78
48.54  0.7
48.55  0.78
48.56  0.81
48.57  0.67
48.58  0.79
48.59  0.72
48.6  0.78
48.61  0.72
48.62  0.75
48.63  0.74
48.64  0.76
48.65  0.77
48.66  0.74
48.67  0.71
48.68  0.69
48.69  0.75
48.7  0.73
48.71  0.77
48.72  0.78
48.73  0.82
48.74  0.64
48.75  0.76
48.76  0.7
48.77  0.82
48.78  0.67
48.79  0.76
48.8  0.75
48.81  0.76
48.82  0.77
48.83  0.72
48.84  0.76
48.85  0.69
48.86  0.83
48.87  0.68
48.88  0.74
48.89  0.72
48.9  0.71
48.91  0.74
48.92  0.73
48.93  0.79
48.94  0.75
48.95  0.72
48.96  0.75
48.97  0.72
48.98  0.69
48.99  0.84
49  0.69
49.01  0.73
49.02  0.75
49.03  0.68
49.04  0.77
49.05  0.73
49.06  0.79
49.07  0.71
49.08  0.75
49.09  0.76
49.1  0.79
49.11  0.74
49.12  0.76
49.13  0.74
49.14  0.72
49.15  0.69
49.16  0.76
49.17  0.69
49.18  0.79
49.19  0.76
49.2  0.76
49.21  0.81
49.22  0.74
49.23  0.7
49.24  0.73
49.25  0.69
49.26  0.7
49.27  0.85
49.28  0.67
49.29  0.73
49.3  0.7
49.31  0.79
49.32  0.68
49.33  0.72
49.34  0.75
49.35  0.78
49.36  0.75
49.37  0.75
49.38  0.79
49.39  0.77
49.4  0.69
49.41  0.77
49.42  0.72
49.43  0.78
49.44  0.75
49.45  0.71
49.46  0.75
49.47  0.73
49.48  0.71
49.49  0.74
49.5  0.78
49.51  0.72
49.52  0.74
49.53  0.71
49.54  0.74
49.55  0.72
49.56  0.74
49.57  0.69
49.58  0.87
49.59  0.72
49.6  0.74
49.61  0.72
49.62  0.73
49.63  0.74
49.64  0.81
49.65  0.71
49.66  0.74
49.67  0.76
49.68  0.76
49.69  0.74
49.7  0.71
49.71  0.73
49.72  0.74
49.73  0.79
49.74  0.7
49.75  0.77
49.76  0.71
49.77  0.79
49.78  0.73
49.79  0.74
49.8  0.76
49.81  0.72
49.82  0.66
49.83  0.82
49.84  0.71
49.85  0.7
49.86  0.76
49.87  0.67
49.88  0.84
49.89  0.65
49.9  0.82
49.91  0.73
49.92  0.79
49.93  0.72
49.94  0.73
49.95  0.75
49.96  0.69
49.97  0.74
49.98  0.71
49.99  0.84
50  0.75
50.01  0.77
50.02  0.72
50.03  0.76
50.04  0.67
50.05  0.79
50.06  0.77
50.07  0.71
50.08  0.73
50.09  0.7
50.1  0.71
50.11  0.79
50.12  0.72
50.13  0.73
50.14  0.74
50.15  0.77
50.16  0.8
50.17  0.74
50.18  0.67
50.19  0.82
50.2  0.71
50.21  0.75
50.22  0.71
50.23  0.7
50.24  0.78
50.25  0.7
50.26  0.78
50.27  0.71
50.28  0.72
50.29  0.76
50.3  0.71
50.31  0.78
50.32  0.75
50.33  0.73
50.34  0.74
50.35  0.72
50.36  0.72
50.37  0.78
50.38  0.72
50.39  0.8
50.4  0.72
50.41  0.68
50.42  0.78
50.43  0.75
50.44  0.82
50.45  0.69
50.46  0.75
50.47  0.73
50.48  0.76
50.49  0.76
50.5  0.74
50.51  0.73
50.52  0.67
50.53  0.83
50.54  0.63
50.55  0.76
50.56  0.76
50.57  0.74
50.58  0.78
50.59  0.74
50.6  0.7
50.61  0.78
50.62  0.71
50.63  0.74
50.64  0.71
50.65  0.75
50.66  0.72
50.67  0.76
50.68  0.73
50.69  0.76
50.7  0.72
50.71  0.8
50.72  0.69
50.73  0.81
50.74  0.7
50.75  0.74
50.76  0.75
50.77  0.67
50.78  0.78
50.79  0.74
50.8  0.73
50.81  0.73
50.82  0.7
50.83  0.77
50.84  0.76
50.85  0.75
50.86  0.78
50.87  0.71
50.88  0.69
50.89  0.73
50.9  0.78
50.91  0.77
50.92  0.75
50.93  0.73
50.94  0.8
50.95  0.76
50.96  0.71
50.97  0.78
50.98  0.75
50.99  0.7
51  0.69
51.01  0.79
51.02  0.6
51.03  0.83
51.04  0.69
51.05  0.74
51.06  0.74
51.07  0.7
51.08  0.74
51.09  0.76
51.1  0.73
51.11  0.73
51.12  0.79
51.13  0.73
51.14  0.76
51.15  0.73
51.16  0.75
51.17  0.74
51.18  0.69
51.19  0.86
51.2  0.73
51.21  0.71
51.22  0.74
51.23  0.71
51.24  0.75
51.25  0.77
51.26  0.73
51.27  0.69
51.28  0.8
51.29  0.72
51.3  0.71
51.31  0.77
51.32  0.73
51.33  0.76
51.34  0.76
51.35  0.69
51.36  0.77
51.37  0.73
51.38  0.74
51.39  0.74
51.4  0.7
51.41  0.77
51.42  0.81
51.43  0.7
51.44  0.77
51.45  0.69
51.46  0.74
51.47  0.71
51.48  0.78
51.49  0.7
51.5  0.8
51.51  0.77
51.52  0.74
51.53  0.75
51.54  0.72
51.55  0.71
51.56  0.73
51.57  0.84
51.58  0.71
51.59  0.74
51.6  0.64
51.61  0.72
51.62  0.7
51.63  0.79
51.64  0.8
51.65  0.67
51.66  0.76
51.67  0.77
51.68  0.73
51.69  0.74
51.7  0.73
51.71  0.76
51.72  0.71
51.73  0.71
51.74  0.78
51.75  0.82
51.76  0.69
51.77  0.82
51.78  0.74
51.79  0.68
51.8  0.74
51.81  0.7
51.82  0.78
51.83  0.8
51.84  0.65
51.85  0.78
51.86  0.74
51.87  0.73
51.88  0.73
51.89  0.76
51.9  0.73
51.91  0.72
51.92  0.8
51.93  0.74
51.94  0.66
51.95  0.8
51.96  0.72
51.97  0.73
51.98  0.74
51.99  0.7
52  0.8
52.01  0.73
52.02  0.71
52.03  0.76
52.04  0.77
52.05  0.72
52.06  0.71
52.07  0.83
52.08  0.69
52.09  0.78
52.1  0.65
52.11  0.74
52.12  0.77
52.13  0.76
52.14  0.75
52.15  0.68
52.16  0.73
52.17  0.78
52.18  0.76
52.19  0.74
52.2  0.72
52.21  0.75
52.22  0.82
52.23  0.75
52.24  0.72
52.25  0.71
52.26  0.82
52.27  0.66
52.28  0.78
52.29  0.67
52.3  0.79
52.31  0.7
52.32  0.77
52.33  0.72
52.34  0.77
52.35  0.82
52.36  0.68
52.37  0.7
52.38  0.74
52.39  0.72
52.4  0.74
52.41  0.71
52.42  0.75
52.43  0.76
52.44  0.74
52.45  0.7
52.46  0.76
52.47  0.72
52.48  0.78
52.49  0.7
52.5  0.73
52.51  0.85
52.52  0.74
52.53  0.74
52.54  0.68
52.55  0.79
52.56  0.68
52.57  0.78
52.58  0.69
52.59  0.77
52.6  0.72
52.61  0.77
52.62  0.72
52.63  0.81
52.64  0.73
52.65  0.73
52.66  0.76
52.67  0.79
52.68  0.73
52.69  0.73
52.7  0.71
52.71  0.73
52.72  0.77
52.73  0.69
52.74  0.73
52.75  0.79
52.76  0.73
52.77  0.7
52.78  0.66
52.79  0.78
52.8  0.79
52.81  0.78
52.82  0.74
52.83  0.73
52.84  0.73
52.85  0.78
52.86  0.76
52.87  0.65
52.88  0.69
52.89  0.8
52.9  0.74
52.91  0.65
52.92  0.8
52.93  0.73
52.94  0.79
52.95  0.69
52.96  0.77
52.97  0.8
52.98  0.72
52.99  0.77
53  0.71
53.01  0.71
53.02  0.7
53.03  0.74
53.04  0.79
53.05  0.67
53.06  0.8
53.07  0.73
53.08  0.77
53.09  0.73
53.1  0.74
53.11  0.75
53.12  0.7
53.13  0.82
53.14  0.69
53.15  0.75
53.16  0.81
53.17  0.71
53.18  0.72
53.19  0.73
53.2  0.75
53.21  0.75
53.22  0.7
53.23  0.81
53.24  0.68
53.25  0.75
53.26  0.75
53.27  0.75
53.28  0.73
53.29  0.7
53.3  0.68
53.31  0.76
53.32  0.75
53.33  0.89
53.34  0.67
53.35  0.68
53.36  0.75
53.37  0.67
53.38  0.79
53.39  0.79
53.4  0.72
53.41  0.75
53.42  0.65
53.43  0.69
53.44  0.84
53.45  0.79
53.46  0.72
53.47  0.75
53.48  0.73
53.49  0.75
53.5  0.73
53.51  0.75
53.52  0.73
53.53  0.74
53.54  0.84
53.55  0.67
53.56  0.72
53.57  0.73
53.58  0.74
53.59  0.76
53.6  0.67
53.61  0.8
53.62  0.77
53.63  0.74
53.64  0.76
53.65  0.75
53.66  0.7
53.67  0.77
53.68  0.71
53.69  0.74
53.7  0.73
53.71  0.71
53.72  0.76
53.73  0.73
53.74  0.73
53.75  0.68
53.76  0.75
53.77  0.83
53.78  0.75
53.79  0.72
53.8  0.74
53.81  0.76
53.82  0.77
53.83  0.73
53.84  0.68
53.85  0.71
53.86  0.79
53.87  0.81
53.88  0.62
53.89  0.76
53.9  0.82
53.91  0.71
53.92  0.69
53.93  0.72
53.94  0.77
53.95  0.73
53.96  0.78
53.97  0.75
53.98  0.74
53.99  0.73
54  0.8
54.01  0.73
54.02  0.69
54.03  0.73
54.04  0.75
54.05  0.77
54.06  0.7
54.07  0.81
54.08  0.7
54.09  0.8
54.1  0.73
54.11  0.77
54.12  0.7
54.13  0.7
54.14  0.75
54.15  0.72
54.16  0.75
54.17  0.72
54.18  0.71
54.19  0.79
54.2  0.74
54.21  0.72
54.22  0.71
54.23  0.69
54.24  0.81
54.25  0.75
54.26  0.72
54.27  0.72
54.28  0.75
54.29  0.75
54.3  0.8
54.31  0.76
54.32  0.74
54.33  0.7
54.34  0.72
54.35  0.71
54.36  0.77
54.37  0.74
54.38  0.75
54.39  0.71
54.4  0.87
54.41  0.73
54.42  0.8
54.43  0.72
54.44  0.72
54.45  0.78
54.46  0.76
54.47  0.72
54.48  0.71
54.49  0.66
54.5  0.72
54.51  0.72
54.52  0.75
54.53  0.75
54.54  0.72
54.55  0.77
54.56  0.78
54.57  0.77
54.58  0.73
54.59  0.66
54.6  0.78
54.61  0.75
54.62  0.7
54.63  0.74
54.64  0.77
54.65  0.79
54.66  0.72
54.67  0.7
54.68  0.76
54.69  0.73
54.7  0.73
54.71  0.73
54.72  0.81
54.73  0.75
54.74  0.76
54.75  0.68
54.76  0.84
54.77  0.68
54.78  0.73
54.79  0.74
54.8  0.78
54.81  0.71
54.82  0.73
54.83  0.81
54.84  0.72
54.85  0.71
54.86  0.69
54.87  0.72
54.88  0.76
54.89  0.78
54.9  0.79
54.91  0.73
54.92  0.74
54.93  0.75
54.94  0.79
54.95  0.65
54.96  0.78
54.97  0.75
54.98  0.73
54.99  0.75
55  0.66
55.01  0.84
55.02  0.71
55.03  0.73
55.04  0.64
55.05  0.83
55.06  0.73
55.07  0.73
55.08  0.75
55.09  0.71
55.1  0.75
55.11  0.75
55.12  0.77
55.13  0.77
55.14  0.73
55.15  0.73
55.16  0.77
55.17  0.67
55.18  0.68
55.19  0.8
55.2  0.75
55.21  0.71
55.22  0.77
55.23  0.73
55.24  0.77
55.25  0.69
55.26  0.78
55.27  0.7
55.28  0.77
55.29  0.7
55.3  0.81
55.31  0.74
55.32  0.71
55.33  0.79
55.34  0.74
55.35  0.7
55.36  0.88
55.37  0.68
55.38  0.66
55.39  0.76
55.4  0.72
55.41  0.78
55.42  0.67
55.43  0.75
55.44  0.71
55.45  0.78
55.46  0.73
55.47  0.79
55.48  0.73
55.49  0.79
55.5  0.7
55.51  0.71
55.52  0.74
55.53  0.8
55.54  0.68
55.55  0.78
55.56  0.7
55.57  0.74
55.58  0.8
55.59  0.7
55.6  0.71
55.61  0.69
55.62  0.77
55.63  0.76
55.64  0.69
55.65  0.71
55.66  0.75
55.67  0.69
55.68  0.82
55.69  0.8
55.7  0.71
55.71  0.7
55.72  0.77
55.73  0.74
55.74  0.73
55.75  0.81
55.76  0.7
55.77  0.77
55.78  0.72
55.79  0.79
55.8  0.69
55.81  0.74
55.82  0.72
55.83  0.8
55.84  0.66
55.85  0.77
55.86  0.77
55.87  0.73
55.88  0.73
55.89  0.67
55.9  0.78
55.91  0.76
55.92  0.69
55.93  0.71
55.94  0.72
55.95  0.77
55.96  0.8
55.97  0.69
55.98  0.76
55.99  0.74
56  0.75
56.01  0.73
56.02  0.74
56.03  0.8
56.04  0.69
56.05  0.71
56.06  0.69
56.07  0.82
56.08  0.71
56.09  0.74
56.1  0.74
56.11  0.69
56.12  0.82
56.13  0.74
56.14  0.7
56.15  0.77
56.16  0.76
56.17  0.76
56.18  0.81
56.19  0.72
56.2  0.69
56.21  0.79
56.22  0.68
56.23  0.75
56.24  0.69
56.25  0.77
56.26  0.71
56.27  0.77
56.28  0.77
56.29  0.73
56.3  0.81
56.31  0.74
56.32  0.68
56.33  0.79
56.34  0.72
56.35  0.73
56.36  0.69
56.37  0.73
56.38  0.75
56.39  0.72
56.4  0.7
56.41  0.75
56.42  0.73
56.43  0.76
56.44  0.74
56.45  0.73
56.46  0.74
56.47  0.74
56.48  0.76
56.49  0.83
56.5  0.71
56.51  0.72
56.52  0.76
56.53  0.68
56.54  0.78
56.55  0.74
56.56  0.75
56.57  0.78
56.58  0.76
56.59  0.72
56.6  0.78
56.61  0.73
56.62  0.71
56.63  0.74
56.64  0.72
56.65  0.77
56.66  0.79
56.67  0.71
56.68  0.71
56.69  0.77
56.7  0.72
56.71  0.8
56.72  0.67
56.73  0.75
56.74  0.7
56.75  0.77
56.76  0.71
56.77  0.76
56.78  0.77
56.79  0.73
56.8  0.71
56.81  0.74
56.82  0.82
56.83  0.68
56.84  0.72
56.85  0.75
56.86  0.72
56.87  0.71
56.88  0.72
56.89  0.79
56.9  0.82
56.91  0.75
56.92  0.71
56.93  0.71
56.94  0.78
56.95  0.74
56.96  0.7
56.97  0.84
56.98  0.68
56.99  0.71
57  0.78
57.01  0.77
57.02  0.75
57.03  0.72
57.04  0.69
57.05  0.83
57.06  0.76
57.07  0.67
57.08  0.75
57.09  0.72
57.1  0.76
57.11  0.79
57.12  0.72
57.13  0.75
57.14  0.77
57.15  0.73
57.16  0.68
57.17  0.72
57.18  0.72
57.19  0.78
57.2  0.77
57.21  0.71
57.22  0.63
57.23  0.8
57.24  0.75
57.25  0.75
57.26  0.79
57.27  0.7
57.28  0.78
57.29  0.8
57.3  0.7
57.31  0.73
57.32  0.75
57.33  0.69
57.34  0.74
57.35  0.77
57.36  0.76
57.37  0.74
57.38  0.74
57.39  0.69
57.4  0.79
57.41  0.73
57.42  0.67
57.43  0.73
57.44  0.76
57.45  0.81
57.46  0.7
57.47  0.69
57.48  0.73
57.49  0.74
57.5  0.8
57.51  0.75
57.52  0.71
57.53  0.74
57.54  0.76
57.55  0.77
57.56  0.81
57.57  0.7
57.58  0.76
57.59  0.64
57.6  0.78
57.61  0.74
57.62  0.72
57.63  0.77
57.64  0.82
57.65  0.7
57.66  0.73
57.67  0.68
57.68  0.75
57.69  0.69
57.7  0.75
57.71  0.75
57.72  0.81
57.73  0.77
57.74  0.71
57.75  0.68
57.76  0.73
57.77  0.7
57.78  0.73
57.79  0.77
57.8  0.78
57.81  0.72
57.82  0.69
57.83  0.76
57.84  0.75
57.85  0.69
57.86  0.78
57.87  0.78
57.88  0.7
57.89  0.77
57.9  0.79
57.91  0.71
57.92  0.71
57.93  0.73
57.94  0.87
57.95  0.7
57.96  0.68
57.97  0.82
57.98  0.73
57.99  0.71
58  0.72
58.01  0.78
58.02  0.83
58.03  0.61
58.04  0.74
58.05  0.73
58.06  0.71
58.07  0.71
58.08  0.83
58.09  0.77
58.1  0.77
58.11  0.63
58.12  0.76
58.13  0.76
58.14  0.79
58.15  0.71
58.16  0.73
58.17  0.75
58.18  0.71
58.19  0.69
58.2  0.7
58.21  0.84
58.22  0.66
58.23  0.81
58.24  0.72
58.25  0.71
58.26  0.74
58.27  0.77
58.28  0.73
58.29  0.83
58.3  0.65
58.31  0.72
58.32  0.75
58.33  0.72
58.34  0.77
58.35  0.74
58.36  0.78
58.37  0.78
58.38  0.7
58.39  0.73
58.4  0.79
58.41  0.77
58.42  0.73
58.43  0.82
58.44  0.66
58.45  0.73
58.46  0.74
58.47  0.77
58.48  0.75
58.49  0.7
58.5  0.65
58.51  0.78
58.52  0.78
58.53  0.75
58.54  0.69
58.55  0.75
58.56  0.72
58.57  0.75
58.58  0.78
58.59  0.77
58.6  0.72
58.61  0.69
58.62  0.73
58.63  0.8
58.64  0.76
58.65  0.67
58.66  0.78
58.67  0.75
58.68  0.71
58.69  0.77
58.7  0.76
58.71  0.71
58.72  0.71
58.73  0.76
58.74  0.78
58.75  0.77
58.76  0.72
58.77  0.78
58.78  0.7
58.79  0.78
58.8  0.73
58.81  0.74
58.82  0.72
58.83  0.72
58.84  0.76
58.85  0.73
58.86  0.72
58.87  0.73
58.88  0.74
58.89  0.85
58.9  0.79
58.91  0.74
58.92  0.69
58.93  0.69
58.94  0.7
58.95  0.72
58.96  0.84
58.97  0.73
58.98  0.8
58.99  0.65
59  0.72
59.01  0.75
59.02  0.79
59.03  0.67
59.04  0.8
59.05  0.72
59.06  0.77
59.07  0.7
59.08  0.79
59.09  0.7
59.1  0.75
59.11  0.71
59.12  0.78
59.13  0.79
59.14  0.68
59.15  0.71
59.16  0.77
59.17  0.73
59.18  0.78
59.19  0.69
59.2  0.74
59.21  0.75
59.22  0.72
59.23  0.78
59.24  0.77
59.25  0.7
59.26  0.8
59.27  0.73
59.28  0.74
59.29  0.73
59.3  0.74
59.31  0.76
59.32  0.75
59.33  0.71
59.34  0.77
59.35  0.71
59.36  0.74
59.37  0.76
59.38  0.75
59.39  0.72
59.4  0.84
59.41  0.66
59.42  0.73
59.43  0.69
59.44  0.75
59.45  0.69
59.46  0.8
59.47  0.74
59.48  0.73
59.49  0.8
59.5  0.73
59.51  0.72
59.52  0.74
59.53  0.76
59.54  0.76
59.55  0.75
59.56  0.75
59.57  0.71
59.58  0.71
59.59  0.76
59.6  0.73
59.61  0.75
59.62  0.72
59.63  0.73
59.64  0.73
59.65  0.69
59.66  0.73
59.67  0.76
59.68  0.72
59.69  0.8
59.7  0.71
59.71  0.81
59.72  0.76
59.73  0.77
59.74  0.75
59.75  0.71
59.76  0.68
59.77  0.78
59.78  0.73
59.79  0.75
59.8  0.74
59.81  0.72
59.82  0.77
59.83  0.73
59.84  0.79
59.85  0.72
59.86  0.73
59.87  0.72
59.88  0.7
59.89  0.71
59.9  0.78
59.91  0.74
59.92  0.76
59.93  0.74
59.94  0.68
59.95  0.75
59.96  0.76
59.97  0.72
59.98  0.73
59.99  0.78
