-15  0
-14.99  0
-14.98  0
-14.97  0
-14.96  0
-14.95  0.04
-14.94  0
-14.93  0
-14.92  0.04
-14.91  0
-14.9  0.04
-14.89  0
-14.88  0.04
-14.87  0
-14.86  0.04
-14.85  0
-14.84  0.04
-14.83  0.08
-14.82  0
-14.81  0.04
-14.8  0.04
-14.79  0.04
-14.78  0
-14.77  0.04
-14.76  0.08
-14.75  0.04
-14.74  0
-14.73  0.04
-14.72  0.08
-14.71  0.04
-14.7  0.08
-14.69  0.04
-14.68  0.04
-14.67  0
-14.66  0.04
-14.65  0.08
-14.64  0.04
-14.63  0.04
-14.62  0.04
-14.61  0.12
-14.6  0.08
-14.59  0.04
-14.58  0.04
-14.57  0.08
-14.56  0.04
-14.55  0
-14.54  0.04
-14.53  0.08
-14.52  0.04
-14.51  0.08
-14.5  0.08
-14.49  0.08
-14.48  0.04
-14.47  0.04
-14.46  0.08
-14.45  0.04
-14.44  0.08
-14.43  0.08
-14.42  0.08
-14.41  0.04
-14.4  0.04
-14.39  0.04
-14.38  0.08
-14.37  0.04
-14.36  0.12
-14.35  0.04
-14.34  0.04
-14.33  0.08
-14.32  0.04
-14.31  0.08
-14.3  0.08
-14.29  0.08
-14.28  0.08
-14.27  0.12
-14.26  0
-14.25  0.08
-14.24  0.04
-14.23  0.08
-14.22  0.08
-14.21  0.04
-14.2  0.08
-14.19  0.08
-14.18  0.04
-14.17  0.08
-14.16  0.08
-14.15  0.04
-14.14  0.08
-14.13  0.08
-14.12  0.12
-14.11  0.04
-14.1  0.08
-14.09  0.08
-14.08  0.04
-14.07  0.04
-14.06  0.12
-14.05  0.04
-14.04  0.08
-14.03  0.04
-14.02  0.04
-14.01  0.16
-14  0
-13.99  0.08
-13.98  0.08
-13.97  0.08
-13.96  0.08
-13.95  0.04
-13.94  0.12
-13.93  0.08
-13.92  0.12
-13.91  0.04
-13.9  0.04
-13.89  0.08
-13.88  0
-13.87  0.12
-13.86  0.04
-13.85  0.16
-13.84  0
-13.83  0.08
-13.82  0.12
-13.81  0.04
-13.8  0.08
-13.79  0.04
-13.78  0.08
-13.77  0.08
-13.76  0.04
-13.75  0.08
-13.74  0.12
-13.73  0.12
-13.72  0
-13.71  0.12
-13.7  0.12
-13.69  0
-13.68  0.08
-13.67  0
-13.66  0.12
-13.65  0.08
-13.64  0.04
-13.63  0.12
-13.62  0.04
-13.61  0.08
-13.6  0.12
-13.59  0.04
-13.58  0.04
-13.57  0.12
-13.56  0.04
-13.55  0.08
-13.54  0.04
-13.53  0.16
-13.52  0.04
-13.51  0.04
-13.5  0.12
-13.49  0.12
-13.48  0.04
-13.47  0.04
-13.46  0.12
-13.45  0.04
-13.44  0.08
-13.43  0.08
-13.42  0.08
-13.41  0.04
-13.4  0.04
-13.39  0.04
-13.38  0.16
-13.37  0
-13.36  0.08
-13.35  0.04
-13.34  0.2
-13.33  0.08
-13.32  0.08
-13.31  0.08
-13.3  0.04
-13.29  0.08
-13.28  0
-13.27  0.12
-13.26  0.08
-13.25  0.12
-13.24  0
-13.23  0.08
-13.22  0.04
-13.21  0.04
-13.2  0.12
-13.19  0.04
-13.18  0.16
-13.17  0.04
-13.16  0.08
-13.15  0.12
-13.14  0.04
-13.13  0.08
-13.12  0.04
-13.11  0.04
-13.1  0.04
-13.09  0.2
-13.08  0.12
-13.07  0
-13.06  0.08
-13.05  0.04
-13.04  0.04
-13.03  0.16
-13.02  0.04
-13.01  0.12
-13  0.04
-12.99  0
-12.98  0.16
-12.97  0.04
-12.96  0.04
-12.95  0.08
-12.94  0.04
-12.93  0.16
-12.92  0.04
-12.91  0.08
-12.9  0.04
-12.89  0.04
-12.88  0.08
-12.87  0.12
-12.86  0.12
-12.85  0.08
-12.84  0.08
-12.83  0.08
-12.82  0.08
-12.81  0.04
-12.8  0.04
-12.79  0.04
-12.78  0.08
-12.77  0.12
-12.76  0.08
-12.75  0.08
-12.74  0
-12.73  0.16
-12.72  0.04
-12.71  0.04
-12.7  0.16
-12.69  0.04
-12.68  0.04
-12.67  0.08
-12.66  0.08
-12.65  0.04
-12.64  0
-12.63  0.16
-12.62  0.16
-12.61  0
-12.6  0
-12.59  0.2
-12.58  0
-12.57  0.12
-12.56  0.16
-12.55  0.04
-12.54  0.08
-12.53  0
-12.52  0.08
-12.51  0.08
-12.5  0.04
-12.49  0.08
-12.48  0.12
-12.47  0.08
-12.46  0.04
-12.45  0.04
-12.44  0
-12.43  0.12
-12.42  0.08
-12.41  0.08
-12.4  0.08
-12.39  0.04
-12.38  0.12
-12.37  0.2
-12.36  0.04
-12.35  0.04
-12.34  0.16
-12.33  0
-12.32  0.04
-12.31  0.08
-12.3  0.04
-12.29  0.08
-12.28  0.08
-12.27  0.04
-12.26  0.08
-12.25  0.08
-12.24  0.12
-12.23  0.08
-12.22  0.08
-12.21  0.04
-12.2  0.04
-12.19  0.08
-12.18  0.08
-12.17  0.08
-12.16  0.08
-12.15  0
-12.14  0.12
-12.13  0.16
-12.12  0.04
-12.11  0.04
-12.1  0.04
-12.09  0.16
-12.08  0.04
-12.07  0.08
-12.06  0.12
-12.05  0
-12.04  0.08
-12.03  0.2
-12.02  0.04
-12.01  0
-12  0.04
-11.99  0.04
-11.98  0.08
-11.97  0.12
-11.96  0.08
-11.95  0.08
-11.94  0.04
-11.93  0.04
-11.92  0.12
-11.91  0.16
-11.9  0.04
-11.89  0.08
-11.88  0
-11.87  0.08
-11.86  0.04
-11.85  0.08
-11.84  0.12
-11.83  0.08
-11.82  0.08
-11.81  0.04
-11.8  0.12
-11.79  0.12
-11.78  0.08
-11.77  0
-11.76  0.04
-11.75  0.12
-11.74  0
-11.73  0.08
-11.72  0.2
-11.71  0.12
-11.7  0.04
-11.69  0.04
-11.68  0.08
-11.67  0
-11.66  0.08
-11.65  0.04
-11.64  0.08
-11.63  0.04
-11.62  0
-11.61  0.12
-11.6  0.12
-11.59  0.08
-11.58  0.16
-11.57  0.08
-11.56  0.08
-11.55  0.04
-11.54  0.04
-11.53  0.12
-11.52  0.12
-11.51  0.04
-11.5  0.04
-11.49  0.08
-11.48  0.12
-11.47  0.08
-11.46  0.04
-11.45  0.04
-11.44  0.04
-11.43  0.08
-11.42  0.12
-11.41  0.04
-11.4  0.16
-11.39  0
-11.38  0.04
-11.37  0.08
-11.36  0.12
-11.35  0.04
-11.34  0.04
-11.33  0.08
-11.32  0.16
-11.31  0.04
-11.3  0.04
-11.29  0.04
-11.28  0.16
-11.27  0.08
-11.26  0
-11.25  0.12
-11.24  0.08
-11.23  0.12
-11.22  0.12
-11.21  0.04
-11.2  0.04
-11.19  0
-11.18  0.16
-11.17  0.12
-11.16  0
-11.15  0
-11.14  0.08
-11.13  0.12
-11.12  0.16
-11.11  0
-11.1  0.04
-11.09  0.08
-11.08  0.12
-11.07  0
-11.06  0.04
-11.05  0.08
-11.04  0.12
-11.03  0.04
-11.02  0.08
-11.01  0.12
-11  0.12
-10.99  0.12
-10.98  0
-10.97  0.08
-10.96  0.08
-10.95  0.12
-10.94  0.12
-10.93  0.04
-10.92  0
-10.91  0.08
-10.9  0.08
-10.89  0.04
-10.88  0.08
-10.87  0.04
-10.86  0.08
-10.85  0.12
-10.84  0.04
-10.83  0.04
-10.82  0.12
-10.81  0.08
-10.8  0.12
-10.79  0.08
-10.78  0.08
-10.77  0.08
-10.76  0.08
-10.75  0
-10.74  0.08
-10.73  0.08
-10.72  0.04
-10.71  0
-10.7  0.08
-10.69  0.2
-10.68  0.04
-10.67  0.04
-10.66  0.04
-10.65  0.08
-10.64  0.12
-10.63  0.16
-10.62  0.04
-10.61  0
-10.6  0.04
-10.59  0.2
-10.58  0.12
-10.57  0.12
-10.56  0
-10.55  0.04
-10.54  0.08
-10.53  0.04
-10.52  0.08
-10.51  0.04
-10.5  0.08
-10.49  0.08
-10.48  0.04
-10.47  0
-10.46  0.16
-10.45  0.04
-10.44  0.12
-10.43  0.04
-10.42  0.04
-10.41  0.12
-10.4  0.08
-10.39  0.04
-10.38  0.16
-10.37  0
-10.36  0.08
-10.35  0.08
-10.34  0.16
-10.33  0.12
-10.32  0.12
-10.31  0.04
-10.3  0
-10.29  0.08
-10.28  0.08
-10.27  0.04
-10.26  0
-10.25  0
-10.24  0.12
-10.23  0.2
-10.22  0.08
-10.21  0.08
-10.2  0.04
-10.19  0.04
-10.18  0.08
-10.17  0.04
-10.16  0.08
-10.15  0.12
-10.14  0.08
-10.13  0.08
-10.12  0.08
-10.11  0
-10.1  0.04
-10.09  0.08
-10.08  0.12
-10.07  0.16
-10.06  0.04
-10.05  0
-10.04  0.08
-10.03  0.08
-10.02  0.04
-10.01  0.16
-10  0.12
-9.99  0.08
-9.98  0.12
-9.97  0.08
-9.96  0.04
-9.95  0
-9.94  0.04
-9.93  0.08
-9.92  0.16
-9.91  0
-9.9  0.12
-9.89  0.04
-9.88  0
-9.87  0
-9.86  0.12
-9.85  0.2
-9.84  0.04
-9.83  0.04
-9.82  0.04
-9.81  0.08
-9.8  0.12
-9.79  0.2
-9.78  0
-9.77  0.04
-9.76  0.04
-9.75  0.04
-9.74  0
-9.73  0.24
-9.72  0.12
-9.71  0
-9.7  0.04
-9.69  0.12
-9.68  0.08
-9.67  0.12
-9.66  0.04
-9.65  0.08
-9.64  0
-9.63  0.08
-9.62  0.08
-9.61  0.12
-9.6  0.04
-9.59  0.04
-9.58  0.08
-9.57  0.12
-9.56  0.12
-9.55  0.08
-9.54  0.04
-9.53  0.04
-9.52  0.12
-9.51  0.04
-9.5  0.08
-9.49  0.04
-9.48  0.08
-9.47  0.04
-9.46  0
-9.45  0.16
-9.44  0.08
-9.43  0.08
-9.42  0.12
-9.41  0.04
-9.4  0
-9.39  0
-9.38  0.16
-9.37  0.12
-9.36  0.04
-9.35  0.16
-9.34  0.08
-9.33  0.08
-9.32  0.12
-9.31  0.04
-9.3  0.08
-9.29  0.04
-9.28  0.04
-9.27  0
-9.26  0.16
-9.25  0.16
-9.24  0.04
-9.23  0.04
-9.22  0.08
-9.21  0.12
-9.2  0.04
-9.19  0.08
-9.18  0
-9.17  0
-9.16  0.08
-9.15  0.04
-9.14  0.12
-9.13  0.12
-9.12  0.16
-9.11  0
-9.1  0.04
-9.09  0.04
-9.08  0.04
-9.07  0.08
-9.06  0.2
-9.05  0.08
-9.04  0.04
-9.03  0.24
-9.02  0.04
-9.01  0.04
-9  0.04
-8.99  0.12
-8.98  0.04
-8.97  0
-8.96  0.08
-8.95  0.12
-8.94  0.04
-8.93  0.08
-8.92  0.08
-8.91  0.04
-8.9  0.04
-8.89  0.2
-8.88  0.04
-8.87  0.04
-8.86  0.04
-8.85  0.08
-8.84  0.04
-8.83  0.12
-8.82  0.04
-8.81  0.08
-8.8  0.08
-8.79  0.08
-8.78  0.04
-8.77  0.04
-8.76  0.12
-8.75  0.04
-8.74  0.16
-8.73  0.04
-8.72  0.08
-8.71  0.08
-8.7  0.08
-8.69  0.2
-8.68  0
-8.67  0.12
-8.66  0
-8.65  0.08
-8.64  0.08
-8.63  0.04
-8.62  0.16
-8.61  0.04
-8.6  0.04
-8.59  0
-8.58  0.12
-8.57  0
-8.56  0.08
-8.55  0.2
-8.54  0.08
-8.53  0.08
-8.52  0.04
-8.51  0.04
-8.5  0.04
-8.49  0.04
-8.48  0.08
-8.47  0.16
-8.46  0.08
-8.45  0.08
-8.44  0.08
-8.43  0
-8.42  0.08
-8.41  0.04
-8.4  0.04
-8.39  0.04
-8.38  0.08
-8.37  0.12
-8.36  0.12
-8.35  0.08
-8.34  0.16
-8.33  0.04
-8.32  0.04
-8.31  0.04
-8.3  0.08
-8.29  0.12
-8.28  0.04
-8.27  0.08
-8.26  0.08
-8.25  0.12
-8.24  0.08
-8.23  0.04
-8.22  0.16
-8.21  0.04
-8.2  0.2
-8.19  0
-8.18  0.04
-8.17  0.04
-8.16  0.04
-8.15  0
-8.14  0.04
-8.13  0.08
-8.12  0.08
-8.11  0.08
-8.1  0.12
-8.09  0.12
-8.08  0.04
-8.07  0
-8.06  0.16
-8.05  0.08
-8.04  0.04
-8.03  0.08
-8.02  0.04
-8.01  0.04
-8  0.12
-7.99  0.04
-7.98  0.08
-7.97  0.12
-7.96  0.08
-7.95  0.08
-7.94  0.04
-7.93  0.2
-7.92  0.08
-7.91  0.04
-7.9  0.2
-7.89  0
-7.88  0.04
-7.87  0.04
-7.86  0.08
-7.85  0.04
-7.84  0.08
-7.83  0.04
-7.82  0.16
-7.81  0
-7.8  0.12
-7.79  0.04
-7.78  0.04
-7.77  0.12
-7.76  0.04
-7.75  0.04
-7.74  0.2
-7.73  0
-7.72  0.04
-7.71  0.04
-7.7  0.08
-7.69  0.08
-7.68  0.12
-7.67  0
-7.66  0.12
-7.65  0
-7.64  0.2
-7.63  0.08
-7.62  0.08
-7.61  0
-7.6  0.2
-7.59  0
-7.58  0.12
-7.57  0
-7.56  0.04
-7.55  0.16
-7.54  0.08
-7.53  0.04
-7.52  0.08
-7.51  0.08
-7.5  0.04
-7.49  0.12
-7.48  0.04
-7.47  0.08
-7.46  0.08
-7.45  0.04
-7.44  0.12
-7.43  0.12
-7.42  0.04
-7.41  0.04
-7.4  0
-7.39  0.08
-7.38  0.08
-7.37  0.08
-7.36  0.08
-7.35  0.04
-7.34  0.04
-7.33  0.08
-7.32  0.08
-7.31  0.12
-7.3  0.04
-7.29  0.16
-7.28  0.12
-7.27  0.12
-7.26  0.04
-7.25  0.08
-7.24  0.08
-7.23  0.08
-7.22  0.04
-7.21  0.08
-7.2  0.12
-7.19  0.04
-7.18  0
-7.17  0.08
-7.16  0.04
-7.15  0.08
-7.14  0
-7.13  0
-7.12  0.2
-7.11  0.16
-7.1  0.2
-7.09  0.04
-7.08  0
-7.07  0.04
-7.06  0.12
-7.05  0
-7.04  0.12
-7.03  0.04
-7.02  0.08
-7.01  0
-7  0.12
-6.99  0.12
-6.98  0.04
-6.97  0.08
-6.96  0.12
-6.95  0.12
-6.94  0.04
-6.93  0
-6.92  0.04
-6.91  0.04
-6.9  0.04
-6.89  0.08
-6.88  0.04
-6.87  0.24
-6.86  0.04
-6.85  0
-6.84  0.16
-6.83  0
-6.82  0.08
-6.81  0.04
-6.8  0.12
-6.79  0.12
-6.78  0.24
-6.77  0
-6.76  0.08
-6.75  0.08
-6.74  0
-6.73  0.12
-6.72  0
-6.71  0.08
-6.7  0.12
-6.69  0.08
-6.68  0.16
-6.67  0.04
-6.66  0
-6.65  0.08
-6.64  0
-6.63  0.08
-6.62  0.08
-6.61  0.08
-6.6  0.12
-6.59  0
-6.58  0.04
-6.57  0.04
-6.56  0.04
-6.55  0.04
-6.54  0.12
-6.53  0.16
-6.52  0.12
-6.51  0.2
-6.5  0.04
-6.49  0.04
-6.48  0.12
-6.47  0.04
-6.46  0
-6.45  0.08
-6.44  0.04
-6.43  0.2
-6.42  0.04
-6.41  0.08
-6.4  0.08
-6.39  0.04
-6.38  0.04
-6.37  0.04
-6.36  0.08
-6.35  0.04
-6.34  0.16
-6.33  0.08
-6.32  0
-6.31  0.12
-6.3  0.08
-6.29  0
-6.28  0.08
-6.27  0.16
-6.26  0.08
-6.25  0.12
-6.24  0
-6.23  0.04
-6.22  0.12
-6.21  0
-6.2  0.16
-6.19  0.04
-6.18  0
-6.17  0.04
-6.16  0.08
-6.15  0.12
-6.14  0.04
-6.13  0.12
-6.12  0.04
-6.11  0.08
-6.1  0.08
-6.09  0.08
-6.08  0.04
-6.07  0.12
-6.06  0.08
-6.05  0.08
-6.04  0.08
-6.03  0.2
-6.02  0.04
-6.01  0.04
-6  0.08
-5.99  0
-5.98  0.08
-5.97  0.08
-5.96  0.08
-5.95  0.16
-5.94  0.04
-5.93  0.04
-5.92  0.04
-5.91  0.04
-5.9  0.12
-5.89  0.12
-5.88  0.04
-5.87  0.16
-5.86  0.08
-5.85  0.04
-5.84  0
-5.83  0.08
-5.82  0
-5.81  0.04
-5.8  0.04
-5.79  0.04
-5.78  0.2
-5.77  0.16
-5.76  0.08
-5.75  0.16
-5.74  0.08
-5.73  0.04
-5.72  0
-5.71  0.04
-5.7  0.04
-5.69  0.04
-5.68  0.16
-5.67  0.04
-5.66  0.08
-5.65  0.08
-5.64  0.08
-5.63  0.16
-5.62  0
-5.61  0.12
-5.6  0
-5.59  0.12
-5.58  0.08
-5.57  0.12
-5.56  0.04
-5.55  0
-5.54  0.12
-5.53  0.12
-5.52  0.04
-5.51  0
-5.5  0.04
-5.49  0.16
-5.48  0.12
-5.47  0.12
-5.46  0.04
-5.45  0
-5.44  0.04
-5.43  0.12
-5.42  0.16
-5.41  0.08
-5.4  0
-5.39  0.04
-5.38  0.08
-5.37  0.16
-5.36  0
-5.35  0.04
-5.34  0.04
-5.33  0.04
-5.32  0
-5.31  0.12
-5.3  0.12
-5.29  0.04
-5.28  0.12
-5.27  0.08
-5.26  0.08
-5.25  0.08
-5.24  0.08
-5.23  0.16
-5.22  0.08
-5.21  0.08
-5.2  0.12
-5.19  0.04
-5.18  0.12
-5.17  0.12
-5.16  0.04
-5.15  0.08
-5.14  0
-5.13  0
-5.12  0
-5.11  0.04
-5.1  0.12
-5.09  0.04
-5.08  0.16
-5.07  0.12
-5.06  0.08
-5.05  0.08
-5.04  0.08
-5.03  0.04
-5.02  0.04
-5.01  0
-5  0
-4.99  0.08
-4.98  0.16
-4.97  0.12
-4.96  0.08
-4.95  0.12
-4.94  0.08
-4.93  0.08
-4.92  0
-4.91  0.08
-4.9  0
-4.89  0.16
-4.88  0.04
-4.87  0.04
-4.86  0.12
-4.85  0.16
-4.84  0.08
-4.83  0.08
-4.82  0
-4.81  0.12
-4.8  0.04
-4.79  0
-4.78  0.16
-4.77  0.04
-4.76  0.08
-4.75  0.08
-4.74  0.12
-4.73  0.12
-4.72  0.08
-4.71  0
-4.7  0.04
-4.69  0.12
-4.68  0
-4.67  0.2
-4.66  0
-4.65  0
-4.64  0.08
-4.63  0.24
-4.62  0.12
-4.61  0.04
-4.6  0
-4.59  0.08
-4.58  0
-4.57  0.04
-4.56  0.04
-4.55  0.04
-4.54  0.04
-4.53  0.16
-4.52  0.28
-4.51  0.04
-4.5  0.04
-4.49  0.12
-4.48  0
-4.47  0.08
-4.46  0.04
-4.45  0
-4.44  0.08
-4.43  0
-4.42  0.08
-4.41  0.24
-4.4  0.16
-4.39  0
-4.38  0.04
-4.37  0.12
-4.36  0.08
-4.35  0
-4.34  0.04
-4.33  0.08
-4.32  0.04
-4.31  0.12
-4.3  0.2
-4.29  0.08
-4.28  0
-4.27  0.16
-4.26  0.04
-4.25  0.04
-4.24  0
-4.23  0
-4.22  0.08
-4.21  0
-4.2  0.2
-4.19  0.12
-4.18  0.16
-4.17  0.04
-4.16  0.04
-4.15  0.08
-4.14  0.16
-4.13  0.04
-4.12  0.04
-4.11  0
-4.1  0
-4.09  0
-4.08  0.08
-4.07  0.08
-4.06  0.12
-4.05  0
-4.04  0.12
-4.03  0.2
-4.02  0.12
-4.01  0.16
-4  0
-3.99  0
-3.98  0.04
-3.97  0.04
-3.96  0.2
-3.95  0.16
-3.94  0.04
-3.93  0.04
-3.92  0
-3.91  0
-3.9  0.08
-3.89  0.16
-3.88  0.08
-3.87  0
-3.86  0.12
-3.85  0.12
-3.84  0.04
-3.83  0.12
-3.82  0.04
-3.81  0.12
-3.8  0.04
-3.79  0.04
-3.78  0.08
-3.77  0.04
-3.76  0.12
-3.75  0.08
-3.74  0.12
-3.73  0.16
-3.72  0
-3.71  0.08
-3.7  0
-3.69  0.04
-3.68  0.04
-3.67  0.04
-3.66  0.08
-3.65  0
-3.64  0.08
-3.63  0.08
-3.62  0.12
-3.61  0.08
-3.6  0.12
-3.59  0.08
-3.58  0.04
-3.57  0.12
-3.56  0.12
-3.55  0.08
-3.54  0.12
-3.53  0.04
-3.52  0.08
-3.51  0.16
-3.5  0.04
-3.49  0.12
-3.48  0.04
-3.47  0
-3.46  0.08
-3.45  0.08
-3.44  0
-3.43  0.08
-3.42  0.08
-3.41  0.12
-3.4  0.08
-3.39  0
-3.38  0.04
-3.37  0.12
-3.36  0.04
-3.35  0.12
-3.34  0
-3.33  0.04
-3.32  0.08
-3.31  0.12
-3.3  0.12
-3.29  0.12
-3.28  0.04
-3.27  0.04
-3.26  0.08
-3.25  0.04
-3.24  0.04
-3.23  0.12
-3.22  0.16
-3.21  0.04
-3.2  0.04
-3.19  0.04
-3.18  0.2
-3.17  0.12
-3.16  0.08
-3.15  0
-3.14  0
-3.13  0.08
-3.12  0.08
-3.11  0.08
-3.1  0.12
-3.09  0
-3.08  0.04
-3.07  0.12
-3.06  0.12
-3.05  0.04
-3.04  0.08
-3.03  0.12
-3.02  0.04
-3.01  0.2
-3  0.08
-2.99  0.16
-2.98  0
-2.97  0
-2.96  0
-2.95  0.08
-2.94  0.12
-2.93  0.08
-2.92  0.08
-2.91  0.04
-2.9  0
-2.89  0.08
-2.88  0
-2.87  0.16
-2.86  0.08
-2.85  0.04
-2.84  0.16
-2.83  0.08
-2.82  0.08
-2.81  0
-2.8  0.08
-2.79  0.12
-2.78  0.08
-2.77  0.04
-2.76  0.04
-2.75  0.08
-2.74  0.04
-2.73  0.12
-2.72  0.08
-2.71  0.08
-2.7  0.08
-2.69  0.08
-2.68  0.08
-2.67  0.04
-2.66  0.12
-2.65  0.08
-2.64  0.16
-2.63  0.08
-2.62  0
-2.61  0.2
-2.6  0.08
-2.59  0.04
-2.58  0.04
-2.57  0.04
-2.56  0.04
-2.55  0
-2.54  0
-2.53  0.12
-2.52  0.04
-2.51  0.08
-2.5  0.28
-2.49  0.04
-2.48  0
-2.47  0.16
-2.46  0.04
-2.45  0.04
-2.44  0
-2.43  0.08
-2.42  0.12
-2.41  0
-2.4  0.16
-2.39  0.08
-2.38  0.08
-2.37  0.12
-2.36  0.08
-2.35  0
-2.34  0.08
-2.33  0.04
-2.32  0.04
-2.31  0.04
-2.3  0.04
-2.29  0.04
-2.28  0.12
-2.27  0.08
-2.26  0.08
-2.25  0.04
-2.24  0.24
-2.23  0.08
-2.22  0.04
-2.21  0.08
-2.2  0.08
-2.19  0
-2.18  0.04
-2.17  0.12
-2.16  0.08
-2.15  0.12
-2.14  0.2
-2.13  0.04
-2.12  0.04
-2.11  0
-2.1  0.2
-2.09  0
-2.08  0.08
-2.07  0
-2.06  0.16
-2.05  0.12
-2.04  0.04
-2.03  0.08
-2.02  0
-2.01  0.04
-2  0.12
-1.99  0.04
-1.98  0.04
-1.97  0.04
-1.96  0.12
-1.95  0.04
-1.94  0.12
-1.93  0.04
-1.92  0.12
-1.91  0.12
-1.9  0.04
-1.89  0
-1.88  0
-1.87  0.08
-1.86  0.08
-1.85  0.08
-1.84  0.04
-1.83  0.12
-1.82  0.24
-1.81  0.16
-1.8  0.04
-1.79  0
-1.78  0.12
-1.77  0.08
-1.76  0
-1.75  0.04
-1.74  0.08
-1.73  0
-1.72  0.16
-1.71  0.08
-1.7  0.04
-1.69  0
-1.68  0.04
-1.67  0.28
-1.66  0.08
-1.65  0.04
-1.64  0.04
-1.63  0.2
-1.62  0
-1.61  0.08
-1.6  0.04
-1.59  0.16
-1.58  0
-1.57  0.04
-1.56  0
-1.55  0.04
-1.54  0.08
-1.53  0
-1.52  0.16
-1.51  0.08
-1.5  0
-1.49  0.12
-1.48  0.12
-1.47  0.12
-1.46  0.08
-1.45  0.08
-1.44  0.08
-1.43  0
-1.42  0.12
-1.41  0.12
-1.4  0.04
-1.39  0
-1.38  0.16
-1.37  0
-1.36  0.04
-1.35  0.12
-1.34  0.04
-1.33  0.08
-1.32  0.04
-1.31  0.12
-1.3  0.04
-1.29  0.04
-1.28  0.04
-1.27  0.2
-1.26  0.16
-1.25  0
-1.24  0.2
-1.23  0.16
-1.22  0.04
-1.21  0.08
-1.2  0.08
-1.19  0.04
-1.18  0.04
-1.17  0
-1.16  0.12
-1.15  0.08
-1.14  0.04
-1.13  0.08
-1.12  0
-1.11  0.04
-1.1  0
-1.09  0.12
-1.08  0.08
-1.07  0.04
-1.06  0.08
-1.05  0.12
-1.04  0.12
-1.03  0.08
-1.02  0.08
-1.01  0.08
-1  0.04
-0.99  0.12
-0.98  0
-0.97  0.12
-0.96  0.08
-0.95  0
-0.94  0.08
-0.93  0.12
-0.92  0
-0.91  0.12
-0.9  0.12
-0.89  0.04
-0.88  0.04
-0.87  0.12
-0.86  0.08
-0.85  0.04
-0.84  0
-0.83  0.12
-0.82  0.16
-0.81  0.04
-0.8  0.12
-0.79  0.04
-0.78  0.2
-0.77  0
-0.76  0
-0.75  0.04
-0.74  0.04
-0.73  0.12
-0.72  0.08
-0.71  0.12
-0.7  0.2
-0.69  0
-0.68  0.08
-0.67  0.08
-0.66  0.12
-0.65  0
-0.64  0.04
-0.63  0.16
-0.62  0
-0.61  0.08
-0.6  0.08
-0.59  0.12
-0.58  0.04
-0.57  0.04
-0.56  0
-0.55  0.04
-0.54  0.08
-0.53  0
-0.52  0.04
-0.51  0.08
-0.5  0.12
-0.49  0.08
-0.48  0.24
-0.47  0.04
-0.46  0.04
-0.45  0.04
-0.44  0.12
-0.43  0.12
-0.42  0.04
-0.41  0
-0.4  0
-0.39  0.16
-0.38  0.04
-0.37  0.24
-0.36  0.04
-0.35  0.04
-0.34  0.04
-0.33  0.12
-0.32  0.16
-0.31  0.12
-0.3  0.04
-0.29  0.08
-0.28  0.08
-0.27  0.12
-0.26  0.08
-0.25  0.08
-0.24  0.04
-0.23  0.04
-0.22  0.04
-0.21  0.12
-0.2  0.04
-0.19  0
-0.18  0.08
-0.17  0.12
-0.16  0.08
-0.15  0.08
-0.14  0
-0.13  0.08
-0.12  0.08
-0.11  0.08
-0.1  0.08
-0.09  0.08
-0.08  0.04
-0.07  0
-0.06  0.04
-0.05  0
-0.04  0.16
-0.03  0.12
-0.02  0.08
-0.01  0.08
-2.16197e-11  0
0.0001  0
0.0101  0.04
0.0201  0.16
0.0301  0.12
0.0401  0.16
0.0501  0.16
0.0601  0
0.0701  0.04
0.0801  0.13
0.0901  0.11
0.1001  0
0.1101  0.08
0.1201  0.04
0.1301  0.08
0.1401  0.05
0.1501  0.12
0.1601  0.03
0.1701  0.08
0.1801  0.04
0.1901  0.12
0.2001  0.15
0.2101  0.04
0.2201  0.01
0.2301  0.06
0.2401  0.13
0.2501  0.05
0.2601  0.03
0.2701  0.13
0.2801  0.11
0.2901  0.06
0.3001  0.17
0.3101  0.11
0.3201  0.04
0.3301  0.07
0.3401  0.07
0.3501  0.03
0.3601  0.07
0.3701  0.07
0.3801  0.06
0.3901  0.15
0.4001  0.03
0.4101  0.14
0.4201  0.12
0.4301  0.11
0.4401  0.04
0.4501  0.1
0.4601  0.1
0.4701  0.1
0.4801  0.09
0.4901  0.09
0.5001  0.06
0.5101  0.07
0.5201  0.14
0.5301  0.09
0.5401  0.1
0.5501  0.05
0.5601  0.07
0.5701  0.13
0.5801  0.1
0.5901  0.09
0.6001  0.21
0.6101  0.07
0.6201  0.06
0.6301  0.19
0.6401  0.18
0.6501  0.1
0.6601  0.2
0.6701  0.11
0.6801  0.11
0.6901  0.08
0.7001  0.07
0.7101  0.06
0.7201  0.11
0.7301  0.07
0.7401  0.21
0.7501  0.11
0.7601  0.13
0.7701  0.11
0.7801  0.08
0.7901  0.15
0.8001  0.06
0.8101  0.13
0.8201  0.1
0.8301  0.12
0.8401  0.16
0.8501  0.19
0.8601  0.09
0.8701  0.15
0.8801  0.11
0.8901  0.09
0.9001  0.08
0.9101  0.1
0.9201  0.21
0.9301  0.09
0.9401  0.13
0.9501  0.08
0.9601  0.15
0.9701  0.19
0.9801  0.13
0.9901  0.15
1.0001  0.1
1.0101  0.14
1.0201  0.18
1.0301  0.14
1.0401  0.15
1.0501  0.13
1.0601  0.14
1.0701  0.21
1.0801  0.19
1.0901  0.09
1.1001  0.1
1.1101  0.12
1.1201  0.23
1.1301  0.2
1.1401  0.11
1.1501  0.14
1.1601  0.17
1.1701  0.09
1.1801  0.15
1.1901  0.2
1.2001  0.11
1.2101  0.19
1.2201  0.16
1.2301  0.19
1.2401  0.16
1.2501  0.14
1.2601  0.09
1.2701  0.12
1.2801  0.18
1.2901  0.12
1.3001  0.22
1.3101  0.16
1.3201  0.1
1.3301  0.19
1.3401  0.08
1.3501  0.27
1.3601  0.11
1.3701  0.12
1.3801  0.23
1.3901  0.15
1.4001  0.17
1.4101  0.13
1.4201  0.15
1.4301  0.12
1.4401  0.12
1.4501  0.16
1.4601  0.08
1.4701  0.19
1.4801  0.12
1.4901  0.15
1.5001  0.18
1.5101  0.15
1.5201  0.15
1.5301  0.2
1.5401  0.16
1.5501  0.19
1.5601  0.14
1.5701  0.19
1.5801  0.22
1.5901  0.06
1.6001  0.2
1.6101  0.13
1.6201  0.16
1.6301  0.17
1.6401  0.17
1.6501  0.19
1.6601  0.16
1.6701  0.22
1.6801  0.07
1.6901  0.12
1.7001  0.13
1.7101  0.06
1.7201  0.23
1.7301  0.19
1.7401  0.22
1.7501  0.23
1.7601  0.2
1.7701  0.11
1.7801  0.17
1.7901  0.15
1.8001  0.1
1.8101  0.14
1.8201  0.18
1.8301  0.09
1.8401  0.12
1.8501  0.23
1.8601  0.32
1.8701  0.17
1.8801  0.11
1.8901  0.14
1.9001  0.16
1.9101  0.23
1.9201  0.13
1.9301  0.11
1.9401  0.14
1.9501  0.25
1.9601  0.29
1.9701  0.26
1.9801  0.21
1.9901  0.28
2.0001  0.11
2.0101  0.24
2.0201  0.2
2.0301  0.14
2.0401  0.14
2.0501  0.16
2.0601  0.16
2.0701  0.24
2.0801  0.2
2.0901  0.14
2.1001  0.12
2.1101  0.23
2.1201  0.16
2.1301  0.13
2.1401  0.2
2.1501  0.1
2.1601  0.24
2.1701  0.27
2.1801  0.16
2.1901  0.18
2.2001  0.15
2.2101  0.29
2.2201  0.18
2.2301  0.19
2.2401  0.17
2.2501  0.24
2.2601  0.12
2.2701  0.21
2.2801  0.2
2.2901  0.19
2.3001  0.13
2.3101  0.25
2.3201  0.19
2.3301  0.19
2.3401  0.14
2.3501  0.25
2.3601  0.17
2.3701  0.26
2.3801  0.14
2.3901  0.2
2.4001  0.32
2.4101  0.17
2.4201  0.15
2.4301  0.19
2.4401  0.14
2.4501  0.25
2.4601  0.28
2.4701  0.18
2.4801  0.18
2.4901  0.27
2.5001  0.2
2.5101  0.19
2.5201  0.3
2.5301  0.16
2.5401  0.18
2.5501  0.27
2.5601  0.2
2.5701  0.19
2.5801  0.2
2.5901  0.22
2.6001  0.14
2.6101  0.29
2.6201  0.18
2.6301  0.25
2.6401  0.17
2.6501  0.18
2.6601  0.21
2.6701  0.27
2.6801  0.23
2.6901  0.16
2.7001  0.15
2.7101  0.28
2.7201  0.22
2.7301  0.24
2.7401  0.32
2.7501  0.22
2.7601  0.25
2.7701  0.25
2.7801  0.21
2.7901  0.2
2.8001  0.18
2.8101  0.16
2.8201  0.24
2.8301  0.27
2.8401  0.18
2.8501  0.22
2.8601  0.2
2.8701  0.32
2.8801  0.24
2.8901  0.22
2.9001  0.21
2.9101  0.26
2.9201  0.21
2.9301  0.26
2.9401  0.12
2.9501  0.26
2.9601  0.31
2.9701  0.27
2.9801  0.32
2.9901  0.21
3.0001  0.17
3.0101  0.21
3.0201  0.18
3.0301  0.24
3.0401  0.3
3.0501  0.25
3.0601  0.21
3.0701  0.25
3.0801  0.25
3.0901  0.27
3.1001  0.29
3.1101  0.25
3.1201  0.28
3.1301  0.22
3.1401  0.2
3.1501  0.24
3.1601  0.22
3.1701  0.17
3.1801  0.26
3.1901  0.24
3.2001  0.24
3.2101  0.32
3.2201  0.27
3.2301  0.27
3.2401  0.21
3.2501  0.19
3.2601  0.28
3.2701  0.18
3.2801  0.27
3.2901  0.3
3.3001  0.32
3.3101  0.25
3.3201  0.28
3.3301  0.23
3.3401  0.24
3.3501  0.27
3.3601  0.23
3.3701  0.2
3.3801  0.19
3.3901  0.24
3.4001  0.27
3.4101  0.34
3.4201  0.34
3.4301  0.3
3.4401  0.35
3.4501  0.3
3.4601  0.25
3.4701  0.27
3.4801  0.32
3.4901  0.25
3.5001  0.28
3.5101  0.31
3.5201  0.28
3.5301  0.31
3.5401  0.25
3.5501  0.27
3.5601  0.2
3.5701  0.32
3.5801  0.3
3.5901  0.28
3.6001  0.27
3.6101  0.22
3.6201  0.35
3.6301  0.3
3.6401  0.24
3.6501  0.31
3.6601  0.31
3.6701  0.4
3.6801  0.34
3.6901  0.4
3.7001  0.26
3.7101  0.29
3.7201  0.26
3.7301  0.37
3.7401  0.34
3.7501  0.26
3.7601  0.29
3.7701  0.33
3.7801  0.26
3.7901  0.28
3.8001  0.33
3.8101  0.27
3.8201  0.31
3.8301  0.31
3.8401  0.33
3.8501  0.37
3.8601  0.3
3.8701  0.31
3.8801  0.39
3.8901  0.32
3.9001  0.36
3.9101  0.3
3.9201  0.45
3.9301  0.43
3.9401  0.26
3.9501  0.29
3.9601  0.36
3.9701  0.36
3.9801  0.35
3.9901  0.42
4.0001  0.32
4.0101  0.34
4.0201  0.31
4.0301  0.29
4.0401  0.34
4.0501  0.43
4.0601  0.36
4.0701  0.38
4.0801  0.41
4.0901  0.31
4.1001  0.42
4.1101  0.36
4.1201  0.38
4.1301  0.5
4.1401  0.43
4.1501  0.35
4.1601  0.27
4.1701  0.3
4.1801  0.5
4.1901  0.41
4.2001  0.34
4.2101  0.37
4.2201  0.44
4.2301  0.37
4.2401  0.42
4.2501  0.31
4.2601  0.37
4.2701  0.35
4.2801  0.34
4.2901  0.43
4.3001  0.48
4.3101  0.29
4.3201  0.35
4.3301  0.43
4.3401  0.4
4.3501  0.68
4.3601  0.3
4.3701  0.37
4.3801  0.4
4.3901  0.54
4.4001  0.43
4.4101  0.51
4.4201  0.47
4.4301  0.39
4.4401  0.44
4.4501  0.6
4.4601  0.58
4.4701  0.39
4.4801  0.42
4.4901  0.56
4.5001  0.43
4.5101  0.5
4.5201  0.37
4.5301  0.51
4.5401  0.42
4.5501  0.48
4.5601  0.5
4.5701  0.41
4.5801  0.36
4.5901  0.46
4.6001  0.59
4.6101  0.43
4.6201  0.49
4.6301  0.52
4.6401  0.58
4.6501  0.56
4.6601  0.58
4.6701  0.46
4.6801  0.47
4.6901  0.57
4.7001  0.46
4.7101  0.46
4.7201  0.74
4.7301  0.54
4.7401  0.56
4.7501  0.61
4.7601  0.61
4.7701  0.49
4.7801  0.59
4.7901  0.7
4.8001  0.57
4.8101  0.73
4.8201  0.63
4.8301  0.7
4.8401  0.47
4.8501  0.61
4.8601  0.54
4.8701  0.66
4.8801  0.59
4.8901  0.62
4.9001  0.73
4.9101  0.7
4.9201  0.64
4.9301  0.73
4.9401  0.74
4.9501  0.79
4.9601  0.82
4.9701  0.77
4.9801  0.64
4.9901  0.63
5.0001  0.66
5.0101  0.78
5.0201  0.74
5.0301  0.65
5.0401  0.92
5.0501  0.84
5.0601  0.84
5.0701  0.86
5.0801  0.79
5.0901  0.94
5.1001  0.72
5.1101  0.81
5.1201  0.85
5.1301  0.75
5.1401  0.7
5.1501  0.83
5.1601  0.68
5.1701  0.72
5.1801  0.99
5.1901  0.84
5.2001  0.85
5.2101  0.81
5.2201  0.74
5.2301  0.91
5.2401  0.93
5.2501  0.96
5.2601  0.72
5.2701  0.95
5.2801  0.76
5.2901  0.95
5.3001  1.17
5.3101  0.81
5.3201  0.8
5.3301  0.85
5.3401  0.98
5.3501  0.76
5.3601  0.84
5.3701  0.65
5.3801  0.86
5.3901  1
5.4001  1
5.4101  1.01
5.4201  1.03
5.4301  0.9
5.4401  0.89
5.4501  0.94
5.4601  0.95
5.4701  0.89
5.4801  0.8
5.4901  1.15
5.5001  1.05
5.5101  1.12
5.5201  1.02
5.5301  0.98
5.5401  0.92
5.5501  1.13
5.5601  0.99
5.5701  0.97
5.5801  0.96
5.5901  1.16
5.6001  1.06
5.6101  0.97
5.6201  0.92
5.6301  1.02
5.6401  1.02
5.6501  0.92
5.6601  1.04
5.6701  1.16
5.6801  1.11
5.6901  1.39
5.7001  0.99
5.7101  1.1
5.7201  1.16
5.7301  1.23
5.7401  1.11
5.7501  1.16
5.7601  1.17
5.7701  1.23
5.7801  1.13
5.7901  1.19
5.8001  1.09
5.8101  1.12
5.8201  1.12
5.8301  1.19
5.8401  1.2
5.8501  1.12
5.8601  1.35
5.8701  0.95
5.8801  1.12
5.8901  1.21
5.9001  1.53
5.9101  1.29
5.9201  1.28
5.9301  1.38
5.9401  1.41
5.9501  1.21
5.9601  1.4
5.9701  1.22
5.9801  1.24
5.9901  1.02
6.0001  1.41
6.0101  1.14
6.0201  1.16
6.0301  1.34
6.0401  1.32
6.0501  1.42
6.0601  1.26
6.0701  1.46
6.0801  1.5
6.0901  1.42
6.1001  1.23
6.1101  1.47
6.1201  1.68
6.1301  1.4
6.1401  1.63
6.1501  1.52
6.1601  1.5
6.1701  1.69
6.1801  1.49
6.1901  1.58
6.2001  1.55
6.2101  1.37
6.2201  1.68
6.2301  1.63
6.2401  1.66
6.2501  1.45
6.2601  1.53
6.2701  1.74
6.2801  1.45
6.2901  1.51
6.3001  1.37
6.3101  1.51
6.3201  1.4
6.3301  1.73
6.3401  1.63
6.3501  1.57
6.3601  1.57
6.3701  1.31
6.3801  1.36
6.3901  1.55
6.4001  1.51
6.4101  1.36
6.4201  1.32
6.4301  1.47
6.4401  1.36
6.4501  1.16
6.4601  1.24
6.4701  1.33
6.4801  1.29
6.4901  1.25
6.5001  1.31
6.5101  1.4
6.5201  1.2
6.5301  1.29
6.5401  1.21
6.5501  1.3
6.5601  1.07
6.5701  1.16
6.5801  1.28
6.5901  1.26
6.6001  1.53
6.6101  1.05
6.6201  1.26
6.6301  1.31
6.6401  1.1
6.6501  1.37
6.6601  1
6.6701  1.25
6.6801  1.09
6.6901  1.31
6.7001  1.37
6.7101  1.3
6.7201  1.02
6.7301  1.13
6.7401  1.25
6.7501  1.1
6.7601  0.97
6.7701  1.07
6.7801  1.27
6.7901  1.22
6.8001  1.11
6.8101  1.1
6.8201  1.23
6.8301  1.09
6.8401  0.92
6.8501  1.09
6.8601  1.15
6.8701  1.08
6.8801  1.17
6.8901  1.41
6.9001  1.16
6.9101  1.15
6.9201  1.23
6.9301  1.2
6.9401  1.04
6.9501  1.41
6.9601  1.32
6.9701  1.23
6.9801  1.1
6.9901  1.23
7.0001  1.39
7.0101  1
7.0201  0.98
7.0301  1.32
7.0401  1.23
7.0501  1.35
7.0601  1.18
7.0701  1.17
7.0801  1.43
7.0901  1.08
7.1001  1.11
7.1101  1.03
7.1201  1.1
7.1301  1.05
7.1401  1.26
7.1501  1.08
7.1601  1.07
7.1701  1.27
7.1801  1.18
7.1901  1.24
7.2001  1.33
7.2101  1.35
7.2201  1.15
7.2301  1.15
7.2401  1.27
7.2501  1.1
7.2601  1.02
7.2701  1.32
7.2801  1.31
7.2901  1.43
7.3001  1.21
7.3101  1.36
7.3201  1.26
7.3301  1.43
7.3401  1.31
7.3501  1.28
7.3601  1.25
7.3701  1.26
7.3801  1.28
7.3901  1.55
7.4001  1.35
7.4101  1.31
7.4201  1.39
7.4301  1.24
7.4401  1.45
7.4501  1.5
7.4601  1.31
7.4701  1.45
7.4801  1.39
7.4901  1.53
7.5001  1.37
7.5101  1.48
7.5201  1.4
7.5301  1.34
7.5401  1.65
7.5501  1.43
7.5601  1.53
7.5701  1.41
7.5801  1.39
7.5901  1.45
7.6001  1.45
7.6101  1.41
7.6201  1.47
7.6301  1.46
7.6401  1.51
7.6501  1.09
7.6601  1.72
7.6701  1.43
7.6801  1.31
7.6901  1.35
7.7001  1.52
7.7101  1.44
7.7201  1.34
7.7301  1.63
7.7401  1.17
7.7501  1.37
7.7601  1.46
7.7701  1.36
7.7801  1.2
7.7901  1.28
7.8001  1.28
7.8101  1.36
7.8201  1.17
7.8301  1.59
7.8401  1.61
7.8501  1.4
7.8601  1.27
7.8701  1.58
7.8801  1.4
7.8901  1.31
7.9001  1.37
7.9101  1.27
7.9201  1.27
7.9301  1.27
7.9401  1.5
7.9501  1.2
7.9601  1.02
7.9701  1.29
7.9801  1.33
7.9901  1.31
8.0001  1.19
8.0101  1.05
8.0201  1.16
8.0301  1.26
8.0401  1.13
8.0501  1.29
8.0601  1.24
8.0701  1.14
8.0801  1.13
8.0901  1.22
8.1001  1.33
8.1101  1.2
8.1201  1.3
8.1301  1.25
8.1401  1.19
8.1501  1.25
8.1601  1.25
8.1701  1.37
8.1801  1.37
8.1901  1.09
8.2001  1.43
8.2101  1.25
8.2201  1.27
8.2301  1.05
8.2401  1.2
8.2501  1.15
8.2601  1.06
8.2701  1.26
8.2801  1.14
8.2901  1.13
8.3001  1.18
8.3101  1.31
8.3201  1.27
8.3301  1.24
8.3401  1.22
8.3501  1.03
8.3601  1.13
8.3701  1.31
8.3801  1.13
8.3901  1.18
8.4001  1.08
8.4101  1.15
8.4201  1.19
8.4301  1.18
8.4401  1.36
8.4501  1.34
8.4601  1.1
8.4701  1.27
8.4801  1.26
8.4901  1.07
8.5001  1.34
8.5101  1.09
8.5201  1.15
8.5301  1.6
8.5401  1.45
8.5501  1.42
8.5601  1.19
8.5701  1.31
8.5801  1.36
8.5901  1.21
8.6001  1.47
8.6101  1.36
8.6201  1.21
8.6301  1.43
8.6401  1.27
8.6501  1.24
8.6601  1.36
8.6701  1.11
8.6801  1.39
8.6901  1.38
8.7001  1.33
8.7101  1.46
8.7201  1.28
8.7301  1.34
8.7401  1.39
8.7501  1.35
8.7601  1.48
8.7701  1.31
8.7801  1.56
8.7901  1.38
8.8001  1.24
8.8101  1.36
8.8201  1.42
8.8301  1.39
8.8401  1.35
8.8501  1.37
8.8601  1.33
8.8701  1.31
8.8801  1.32
8.8901  1.47
8.9001  1.43
8.9101  1.34
8.9201  1.4
8.9301  1.4
8.9401  1.43
8.9501  1.18
8.9601  1.14
8.9701  1.25
8.9801  1.52
8.9901  1.42
9.0001  1.55
9.0101  1.66
9.0201  1.4
9.0301  1.16
9.0401  1.53
9.0501  1.36
9.0601  1.28
9.0701  1.19
9.0801  1.24
9.0901  1.4
9.1001  1.42
9.1101  1.37
9.1201  1.31
9.1301  1.38
9.1401  1.4
9.1501  1.63
9.1601  1.45
9.1701  1.41
9.1801  1.39
9.1901  1.44
9.2001  1.33
9.2101  1.03
9.2201  1.37
9.2301  1.28
9.2401  1.26
9.2501  1.24
9.2601  1.35
9.2701  1.3
9.2801  1.32
9.2901  1.5
9.3001  1.25
9.3101  1.18
9.3201  1.32
9.3301  1.37
9.3401  1.16
9.3501  1.25
9.3601  1.5
9.3701  1.24
9.3801  1.34
9.3901  1.23
9.4001  1.07
9.4101  1.13
9.4201  1.2
9.4301  1.37
9.4401  1.29
9.4501  1.22
9.4601  1.45
9.4701  1.4
9.4801  1.22
9.4901  1.2
9.5001  1.1
9.5101  1.38
9.5201  1.15
9.5301  1.28
9.5401  1.37
9.5501  1.36
9.5601  1.18
9.5701  1.19
9.5801  1.38
9.5901  1.17
9.6001  1.17
9.6101  1.16
9.6201  1.37
9.6301  1.28
9.6401  1.22
9.6501  1.22
9.6601  1.12
9.6701  1.29
9.6801  1.14
9.6901  1.2
9.7001  1.1
9.7101  1.29
9.7201  1.18
9.7301  1.33
9.7401  1.22
9.7501  1.25
9.7601  1.25
9.7701  1.18
9.7801  1.28
9.7901  1.16
9.8001  1.15
9.8101  1.36
9.8201  1.22
9.8301  1.34
9.8401  1.19
9.8501  1.35
9.8601  1.14
9.8701  1.34
9.8801  1.36
9.8901  1.17
9.9001  1.29
9.9101  1.32
9.9201  1.3
9.9301  1.53
9.9401  1.17
9.9501  1.45
9.9601  1.4
9.9701  1.25
9.9801  1.25
9.9901  1.29
10.0001  1.51
10.0101  1.31
10.0201  1.35
10.0301  1.26
10.0401  1.43
10.0501  1.27
10.0601  1.24
10.0701  1.31
10.0801  1.38
10.0901  1.25
10.1001  1.27
10.1101  1.5
10.1201  1.38
10.1301  1.18
10.1401  1.64
10.1501  1.09
10.1601  1.35
10.1701  1.47
10.1801  1.25
10.1901  1.45
10.2001  1.19
10.2101  1.39
10.2201  1.35
10.2301  1.51
10.2401  1.54
10.2501  1.26
10.2601  1.28
10.2701  1.27
10.2801  1.49
10.2901  1.38
10.3001  1.4
10.3101  1.46
10.3201  1.32
10.3301  1.53
10.3401  1.31
10.3501  1.49
10.3601  1.4
10.3701  1.38
10.3801  1.46
10.3901  1.42
10.4001  1.32
10.4101  1.24
10.4201  1.17
10.4301  1.45
10.4401  1.17
10.4501  1.28
10.4601  1.25
10.4701  1.32
10.4801  1.3
10.4901  1.27
10.5001  1.11
10.5101  1.37
10.5201  1.17
10.5301  1.44
10.5401  1.47
10.5501  1.36
10.5601  1.17
10.5701  1.27
10.5801  1.49
10.5901  1.47
10.6001  1.23
10.6101  1.28
10.6201  1.26
10.6301  1.44
10.6401  1.25
10.6501  1.37
10.6601  1.32
10.6701  1.16
10.6801  1.45
10.6901  1.07
10.7001  1.3
10.7101  1.31
10.7201  1.39
10.7301  1.25
10.7401  1.22
10.7501  1.36
10.7601  1.43
10.7701  1.31
10.7801  1.29
10.7901  1.24
10.8001  1.35
10.8101  1.22
10.8201  1.4
10.8301  1.3
10.8401  1.21
10.8501  1.33
10.8601  1.14
10.8701  1.2
10.8801  1.18
10.8901  1.13
10.9001  1.39
10.9101  1.25
10.9201  1.24
10.9301  1.16
10.9401  1.06
10.9501  1.34
10.9601  1.14
10.9701  1.08
10.9801  1.45
10.9901  1.19
11.0001  1.25
11.0101  1.19
11.0201  1.49
11.0301  1.31
11.0401  1.43
11.0501  1.1
11.0601  1.3
11.0701  1.35
11.0801  1.35
11.0901  1.08
11.1001  1.36
11.1101  1.2
11.1201  1.3
11.1301  1.4
11.1401  1.26
11.1501  1.47
11.1601  1.35
11.1701  1.42
11.1801  1.19
11.1901  1.38
11.2001  1.09
11.2101  1.36
11.2201  1.03
11.2301  1.31
11.2401  1.43
11.2501  1.24
11.2601  1.44
11.2701  1.25
11.2801  1.18
11.2901  1.2
11.3001  1.27
11.3101  1.4
11.3201  1.39
11.3301  1.28
11.3401  1.19
11.3501  1.29
11.3601  1.4
11.3701  1.48
11.3801  1.27
11.3901  1.42
11.4001  1.2
11.4101  1.45
11.4201  1.32
11.4301  1.33
11.4401  1.43
11.4501  1.44
11.4601  1.27
11.4701  1.35
11.4801  1.39
11.4901  1.24
11.5001  1.3
11.5101  1.39
11.5201  1.56
11.5301  1.15
11.5401  1.28
11.5501  1.36
11.5601  1.36
11.5701  1.36
11.5801  1.28
11.5901  1.15
11.6001  1.29
11.6101  1.3
11.6201  1.24
11.6301  1.48
11.6401  1.33
11.6501  1.25
11.6601  1.32
11.6701  1.36
11.6801  1.32
11.6901  1.27
11.7001  1.37
11.7101  1.22
11.7201  1.36
11.7301  1.42
11.7401  1.22
11.7501  1.35
11.7601  1.47
11.7701  1.2
11.7801  1.25
11.7901  1.18
11.8001  1.32
11.8101  1.22
11.8201  1.24
11.8301  1.3
11.8401  1.4
11.8501  1.19
11.8601  1.33
11.8701  1.26
11.8801  1.48
11.8901  1.26
11.9001  1.18
11.9101  1.27
11.9201  1.36
11.9301  1.49
11.9401  1.26
11.9501  1.17
11.9601  1.29
11.9701  1.38
11.9801  1.23
11.9901  1.24
12.0001  1.29
12.0101  1.37
12.0201  1.36
12.0301  1.32
12.0401  1.28
12.0501  1.6
12.0601  1.21
12.0701  1.51
12.0801  1.47
12.0901  1.23
12.1001  1.42
12.1101  1.11
12.1201  1.36
12.1301  1.23
12.1401  1.39
12.1501  1.39
12.1601  1.04
12.1701  1.29
12.1801  1.39
12.1901  1.25
12.2001  1.39
12.2101  1.13
12.2201  1.47
12.2301  1.28
12.2401  1.47
12.2501  1.11
12.2601  1.31
12.2701  1.37
12.2801  1.37
12.2901  1.48
12.3001  1.28
12.3101  1.36
12.3201  1.29
12.3301  1.33
12.3401  1.37
12.3501  1.26
12.3601  1.13
12.3701  1.24
12.3801  1.1
12.3901  1.23
12.4001  1.21
12.4101  1.18
12.4201  1.37
12.4301  1.44
12.4401  1.17
12.4501  1.4
12.4601  1.4
12.4701  1.04
12.4801  1.25
12.4901  1.22
12.5001  1.53
12.5101  1.22
12.5201  0.99
12.5301  1.22
12.5401  1.32
12.5501  1.2
12.5601  1.33
12.5701  1.24
12.5801  1.22
12.5901  1.27
12.6001  1.26
12.6101  1.31
12.6201  1.47
12.6301  1.19
12.6401  1.22
12.6501  1.36
12.6601  1.29
12.6701  1.18
12.6801  1.3
12.6901  1.26
12.7001  1.33
12.7101  1.18
12.7201  1.22
12.7301  1.35
12.7401  1.31
12.7501  1.25
12.7601  1.3
12.7701  1.27
12.7801  1.32
12.7901  1.17
12.8001  1.27
12.8101  1.41
12.8201  1.21
12.8301  1.41
12.8401  1.3
12.8501  1.1
12.8601  1.13
12.8701  1.3
12.8801  1.29
12.8901  1.19
12.9001  1.35
12.9101  1.18
12.9201  1.38
12.9301  1.43
12.9401  1.3
12.9501  1.26
12.9601  1.23
12.9701  1.4
12.9801  1.43
12.9901  1.26
13.0001  1.43
13.0101  1.57
13.0201  1.21
13.0301  1.37
13.0401  1.43
13.0501  1.27
13.0601  1.3
13.0701  1.19
13.0801  1.33
13.0901  1.4
13.1001  1.49
13.1101  1.36
13.1201  1.47
13.1301  1.18
13.1401  1.33
13.1501  1.37
13.1601  1.24
13.1701  1.31
13.1801  1.07
13.1901  1.35
13.2001  1.41
13.2101  1.36
13.2201  1.51
13.2301  1.38
13.2401  1.32
13.2501  1.32
13.2601  1.31
13.2701  1.47
13.2801  1.33
13.2901  1.2
13.3001  1.45
13.3101  1.29
13.3201  1.33
13.3301  1.44
13.3401  1.42
13.3501  1.41
13.3601  1.26
13.3701  1.19
13.3801  1.31
13.3901  1.29
13.4001  1.36
13.4101  1.37
13.4201  1.29
13.4301  1.47
13.4401  1.17
13.4501  1.3
13.4601  1.4
13.4701  1.2
13.4801  1.38
13.4901  1.41
13.5001  1.23
13.5101  1.19
13.5201  1.32
13.5301  1.18
13.5401  1.34
13.5501  1.41
13.5601  1.36
13.5701  1.2
13.5801  1.07
13.5901  1.48
13.6001  1.16
13.6101  1.18
13.6201  1.11
13.6301  1.17
13.6401  1.33
13.6501  1.15
13.6601  1.48
13.6701  1.26
13.6801  1.22
13.6901  1.01
13.7001  1.35
13.7101  1.22
13.7201  1.21
13.7301  1.25
13.7401  1.36
13.7501  1.42
13.7601  1.26
13.7701  1.11
13.7801  1.33
13.7901  1.37
13.8001  1.09
13.8101  1.43
13.8201  1.43
13.8301  1.23
13.8401  1.34
13.8501  1.25
13.8601  1.02
13.8701  1.32
13.8801  1.24
13.8901  1.33
13.9001  1.37
13.9101  1.25
13.9201  1.29
13.9301  1.36
13.9401  1.17
13.9501  1.45
13.9601  1.37
13.9701  1.23
13.9801  1.06
13.9901  1.4
14.0001  1.26
14.0101  1.23
14.0201  1.36
14.0301  1.25
14.0401  1.36
14.0501  1.26
14.0601  1.24
14.0701  1.31
14.0801  1.2
14.0901  1.33
14.1001  1.37
14.1101  1.48
14.1201  1.51
14.1301  1.39
14.1401  1.35
14.1501  1.44
14.1601  1.4
14.1701  1.36
14.1801  1.22
14.1901  1.35
14.2001  1.18
14.2101  1.4
14.2201  1.44
14.2301  1.17
14.2401  1.27
14.2501  1.32
14.2601  1.4
14.2701  1.38
14.2801  1.35
14.2901  1.33
14.3001  1.43
14.3101  1.21
14.3201  1.48
14.3301  1.26
14.3401  1.24
14.3501  1.39
14.3601  1.31
14.3701  1.25
14.3801  1.44
14.3901  1.16
14.4001  1.5
14.4101  1.19
14.4201  1.39
14.4301  1.58
14.4401  1.29
14.4501  1.22
14.4601  1.34
14.4701  1.3
14.4801  1.25
14.4901  1.43
14.5001  1.38
14.5101  1.34
14.5201  1.16
14.5301  1.33
14.5401  1.6
14.5501  1.39
14.5601  0.95
14.5701  1.26
14.5801  1.2
14.5901  1.25
14.6001  1.37
14.6101  1.33
14.6201  1.34
14.6301  1.32
14.6401  1.36
14.6501  1.23
14.6601  1.29
14.6701  1.23
14.6801  1.34
14.6901  1.13
14.7001  1.28
14.7101  1.37
14.7201  1.51
14.7301  1.27
14.7401  1.39
14.7501  1.32
14.7601  1.36
14.7701  1.2
14.7801  1.35
14.7901  1.24
14.8001  1.14
14.8101  1.52
14.8201  1.32
14.8301  1.2
14.8401  1.19
14.8501  1.34
14.8601  1.17
14.8701  1.11
14.8801  1.13
14.8901  1.35
14.9001  1.35
14.9101  1.31
14.9201  1.37
14.9301  1.3
14.9401  1.4
14.9501  1.08
14.9601  1.37
14.9701  1.51
14.9801  1.19
14.9901  1.18
15.0001  1.26
15.0101  1.22
15.0201  1.56
15.0301  1.3
15.0401  1.21
15.0501  1.41
15.0601  1.19
15.0701  1.34
15.0801  1.33
15.0901  1.2
15.1001  1.15
15.1101  1.39
15.1201  1.23
15.1301  1.21
15.1401  1.36
15.1501  1.34
15.1601  1.28
15.1701  1.18
15.1801  1.54
15.1901  1.19
15.2001  1.2
15.2101  1.22
15.2201  1.24
15.2301  1.38
15.2401  1.02
15.2501  1.17
15.2601  1.4
15.2701  1.43
15.2801  1.18
15.2901  1.18
15.3001  1.49
15.3101  1.33
15.3201  1.43
15.3301  1.27
15.3401  1.29
15.3501  1.33
15.3601  1.32
15.3701  1.55
15.3801  1.13
15.3901  1.33
15.4001  1.18
15.4101  1.31
15.4201  1.29
15.4301  1.37
15.4401  1.51
15.4501  1.34
15.4601  1.25
15.4701  1.33
15.4801  1.38
15.4901  1.15
15.5001  1.2
15.5101  1.49
15.5201  1.23
15.5301  1.27
15.5401  1.38
15.5501  1.37
15.5601  1.5
15.5701  1.23
15.5801  1.23
15.5901  1.28
15.6001  1.23
15.6101  1.36
15.6201  1.21
15.6301  1.43
15.6401  1.48
15.6501  1.24
15.6601  1.32
15.6701  1.43
15.6801  1.18
15.6901  1.29
15.7001  1.19
15.7101  1.44
15.7201  1.41
15.7301  1.34
15.7401  1.43
15.7501  1.2
15.7601  1.33
15.7701  1.26
15.7801  1.52
15.7901  1.19
15.8001  1.42
15.8101  1.11
15.8201  1.3
15.8301  1.34
15.8401  1.14
15.8501  1.36
15.8601  1.38
15.8701  1.25
15.8801  1.48
15.8901  1.32
15.9001  1.54
15.9101  1.2
15.9201  1.42
15.9301  1.35
15.9401  1.21
15.9501  1.28
15.9601  1.34
15.9701  1.24
15.9801  1.18
15.9901  1.28
16.0001  1.44
16.0101  1.2
16.0201  1.31
16.0301  1.23
16.0401  1.3
16.0501  1.32
16.0601  1.37
16.0701  1.24
16.0801  1.27
16.0901  1.28
16.1001  1.28
16.1101  1.27
16.1201  1.17
16.1301  1.27
16.1401  1.35
16.1501  1.33
16.1601  1.2
16.1701  1.2
16.1801  1.41
16.1901  1.49
16.2001  1.27
16.2101  1.32
16.2201  1.41
16.2301  1.23
16.2401  1.3
16.2501  1.4
16.2601  1.11
16.2701  1.24
16.2801  1.19
16.2901  1.31
16.3001  1.1
16.3101  1.4
16.3201  1.11
16.3301  1.41
16.3401  1.34
16.3501  1.35
16.3601  1.23
16.3701  1.05
16.3801  1.4
16.3901  1.24
16.4001  0.95
16.4101  1.36
16.4201  1.29
16.4301  1.11
16.4401  1.2
16.4501  1.31
16.4601  1.16
16.4701  1.58
16.4801  1.43
16.4901  1.24
16.5001  1.3
16.5101  1.41
16.5201  1.18
16.5301  1.3
16.5401  1.3
16.5501  1.54
16.5601  1.15
16.5701  1.26
16.5801  1.11
16.5901  1.34
16.6001  1.36
16.6101  1.21
16.6201  1.42
16.6301  1.37
16.6401  1.02
16.6501  1.31
16.6601  1.32
16.6701  1.37
16.6801  1.19
16.6901  1.49
16.7001  1.49
16.7101  1.4
16.7201  1.34
16.7301  1.21
16.7401  1.41
16.7501  1.44
16.7601  1.24
16.7701  1.3
16.7801  1.35
16.7901  1.27
16.8001  1.23
16.8101  1.49
16.8201  1.29
16.8301  1.33
16.8401  1.41
16.8501  1.21
16.8601  1.35
16.8701  1.44
16.8801  1.33
16.8901  1.34
16.9001  1.22
16.9101  1.4
16.9201  1.44
16.9301  1.4
16.9401  1.41
16.9501  1.28
16.9601  1.35
16.9701  1.32
16.9801  1.42
16.9901  1.14
17.0001  1.41
17.0101  1.41
17.0201  1.32
17.0301  1.29
17.0401  1.27
17.0501  1.13
17.0601  1.33
17.0701  1.35
17.0801  1.44
17.0901  1.27
17.1001  1.24
17.1101  1.32
17.1201  1.53
17.1301  1.32
17.1401  1.58
17.1501  1.23
17.1601  1.41
17.1701  1.33
17.1801  1.33
17.1901  1.26
17.2001  1.39
17.2101  1.25
17.2201  1.29
17.2301  1.14
17.2401  1.29
17.2501  1.29
17.2601  1.38
17.2701  1.4
17.2801  1.1
17.2901  1.15
17.3001  1.45
17.3101  1.24
17.3201  1.14
17.3301  1.28
17.3401  1.15
17.3501  1.44
17.3601  1.29
17.3701  1.31
17.3801  1.25
17.3901  1.09
17.4001  1.16
17.4101  1.4
17.4201  1.37
17.4301  1.19
17.4401  1.46
17.4501  1.23
17.4601  1.15
17.4701  1.36
17.4801  1.27
17.4901  1.29
17.5001  1.2
17.5101  1.11
17.5201  1.28
17.5301  1.31
17.5401  1.2
17.5501  1.24
17.5601  1.37
17.5701  1.26
17.5801  1.44
17.5901  1.32
17.6001  1.24
17.6101  1.25
17.6201  1.43
17.6301  1.22
17.6401  1.18
17.6501  1.14
17.6601  1.15
17.6701  1.06
17.6801  1.46
17.6901  1.39
17.7001  1.22
17.7101  1.24
17.7201  1.49
17.7301  1.25
17.7401  1.24
17.7501  1.2
17.7601  1.38
17.7701  1.38
17.7801  1.16
17.7901  1.34
17.8001  1.11
17.8101  1.64
17.8201  1.37
17.8301  1.36
17.8401  1.29
17.8501  1.21
17.8601  1.48
17.8701  1.1
17.8801  1.34
17.8901  1.19
17.9001  1.23
17.9101  1.14
17.9201  1.21
17.9301  1.37
17.9401  1.53
17.9501  1.28
17.9601  1.19
17.9701  1.27
17.9801  1.19
17.9901  1.35
18.0001  1.16
18.0101  1.21
18.0201  1.27
18.0301  1.32
18.0401  1.3
18.0501  1.1
18.0601  1.36
18.0701  1.41
18.0801  1.41
18.0901  1.27
18.1001  1.36
18.1101  1.49
18.1201  1.41
18.1301  1.38
18.1401  1.28
18.1501  1.29
18.1601  1.39
18.1701  1.29
18.1801  1.2
18.1901  1.39
18.2001  1.28
18.2101  1.26
18.2201  1.14
18.2301  1.39
18.2401  1.15
18.2501  1.3
18.2601  1.11
18.2701  1.2
18.2801  1.44
18.2901  1.15
18.3001  1.55
18.3101  1.05
18.3201  1.38
18.3301  1.35
18.3401  1.4
18.3501  1.41
18.3601  1.36
18.3701  1.48
18.3801  1.35
18.3901  1.34
18.4001  1.3
18.4101  1.31
18.4201  1.1
18.4301  1.43
18.4401  1.31
18.4501  1.29
18.4601  1.23
18.4701  1.45
18.4801  1.12
18.4901  1.32
18.5001  1.29
18.5101  1.32
18.5201  1.35
18.5301  1.25
18.5401  1.36
18.5501  1.3
18.5601  1.4
18.5701  1.25
18.5801  1.41
18.5901  1.23
18.6001  1.29
18.6101  1.08
18.6201  1.25
18.6301  1.34
18.6401  1.23
18.6501  1.22
18.6601  1.12
18.6701  1.22
18.6801  1.46
18.6901  1.46
18.7001  1.27
18.7101  1.37
18.7201  1.13
18.7301  1.29
18.7401  1.37
18.7501  1.23
18.7601  1.4
18.7701  1.19
18.7801  1.25
18.7901  1.11
18.8001  1.35
18.8101  1.33
18.8201  1.13
18.8301  1.35
18.8401  1.41
18.8501  1.46
18.8601  1.23
18.8701  1.17
18.8801  1.27
18.8901  1.17
18.9001  1.25
18.9101  1.35
18.9201  1.28
18.9301  1.09
18.9401  1.03
18.9501  1.36
18.9601  1.44
18.9701  1.17
18.9801  1.39
18.9901  1.35
19.0001  1.55
19.0101  1.17
19.0201  1.25
19.0301  1.2
19.0401  1.28
19.0501  1.24
19.0601  1.46
19.0701  1.36
19.0801  1.26
19.0901  1.19
19.1001  1.23
19.1101  1.25
19.1201  1.28
19.1301  1.38
19.1401  1.32
19.1501  1.33
19.1601  1.16
19.1701  1.23
19.1801  1.33
19.1901  1.44
19.2001  1.33
19.2101  1.3
19.2201  1.21
19.2301  1.22
19.2401  1.23
19.2501  1.55
19.2601  1.29
19.2701  1.49
19.2801  1.45
19.2901  1.43
19.3001  1.36
19.3101  1.45
19.3201  1.28
19.3301  1.26
19.3401  1.33
19.3501  1.15
19.3601  1.12
19.3701  1.64
19.3801  1.05
19.3901  1.15
19.4001  1.23
19.4101  1.44
19.4201  1.29
19.4301  1.32
19.4401  1.33
19.4501  1.33
19.4601  1.29
19.4701  1.3
19.4801  1.32
19.4901  1.26
19.5001  1.47
19.5101  1.54
19.5201  1.39
19.5301  1.45
19.5401  1.3
19.5501  1.35
19.5601  1.2
19.5701  1.25
19.5801  1.48
19.5901  1.14
19.6001  1.41
19.6101  1.35
19.6201  1.13
19.6301  1.36
19.6401  1.28
19.6501  1.37
19.6601  1.41
19.6701  1.26
19.6801  1.31
19.6901  1.31
19.7001  1.42
19.7101  1.42
19.7201  1.38
19.7301  1.39
19.7401  1.5
19.7501  1.3
19.7601  1.25
19.7701  1.13
19.7801  1.26
19.7901  1.26
19.8001  1.29
19.8101  1.25
19.8201  1.2
19.8301  1.14
19.8401  1.27
19.8501  1.3
19.8601  1.23
19.8701  1.25
19.8801  1.32
19.8901  1.39
19.9001  1.4
19.9101  1.34
19.9201  1.31
19.9301  1.41
19.9401  1.32
19.9501  1.32
19.9601  1.21
19.9701  1.29
19.9801  1.14
19.9901  1.33
20.0001  1.18
20.0101  1.39
20.0201  1.29
20.0301  1.5
20.0401  1.42
20.0501  1.2
20.0601  1.46
20.0701  1.48
20.0801  1.1
20.0901  1.25
20.1001  1.3
20.1101  1.36
20.1201  1.33
20.1301  1.23
20.1401  1.13
20.1501  1.24
20.1601  1.35
20.1701  1.12
20.1801  1.33
20.1901  1.32
20.2001  1.42
20.2101  1.35
20.2201  1.34
20.2301  1.26
20.2401  1.32
20.2501  1.23
20.2601  1.2
20.2701  1.25
20.2801  1.43
20.2901  1.35
20.3001  1.36
20.3101  1.19
20.3201  1.36
20.3301  1.32
20.3401  1.37
20.3501  1.25
20.3601  1.33
20.3701  1.24
20.3801  1.4
20.3901  1.18
20.4001  1.37
20.4101  1.19
20.4201  1.23
20.4301  1.18
20.4401  1.37
20.4501  1.41
20.4601  1.3
20.4701  1.28
20.4801  1.31
20.4901  1.24
20.5001  1.44
20.5101  1.23
20.5201  1.47
20.5301  1.15
20.5401  1.41
20.5501  1.17
20.5601  1.26
20.5701  1.26
20.5801  1.51
20.5901  1.32
20.6001  1.29
20.6101  1.24
20.6201  1.27
20.6301  1.29
20.6401  1.55
20.6501  1.33
20.6601  1.23
20.6701  1.32
20.6801  1.21
20.6901  1.35
20.7001  1.42
20.7101  1.27
20.7201  1.28
20.7301  1.31
20.7401  1.43
20.7501  1.24
20.7601  1.27
20.7701  1.27
20.7801  1.18
20.7901  1.28
20.8001  1.18
20.8101  1.38
20.8201  1.28
20.8301  1.77
20.8401  1.15
20.8501  1.32
20.8601  1.27
20.8701  1.41
20.8801  1.2
20.8901  1.39
20.9001  1.26
20.9101  1.38
20.9201  1.25
20.9301  1.45
20.9401  1.28
20.9501  1.4
20.9601  1.55
20.9701  1.35
20.9801  1.34
20.9901  1.45
21.0001  1.38
21.0101  1.19
21.0201  1.31
21.0301  1.23
21.0401  1.35
21.0501  1.17
21.0601  1.21
21.0701  1.26
21.0801  1.44
21.0901  1.26
21.1001  1.48
21.1101  1.21
21.1201  1.12
21.1301  1.25
21.1401  1.59
21.1501  1.28
21.1601  1.24
21.1701  1.25
21.1801  1.42
21.1901  1.34
21.2001  1.3
21.2101  1.09
21.2201  1.35
21.2301  1.28
21.2401  1.43
21.2501  1.13
21.2601  1.31
21.2701  1.3
21.2801  1.35
21.2901  1.08
21.3001  1.22
21.3101  1.39
21.3201  1.36
21.3301  1.28
21.3401  1.51
21.3501  1.2
21.3601  1.32
21.3701  1.09
21.3801  1.24
21.3901  1.17
21.4001  1.44
21.4101  1.39
21.4201  1.23
21.4301  1.24
21.4401  1.32
21.4501  1.21
21.4601  1.04
21.4701  1.35
21.4801  1.04
21.4901  1.44
21.5001  1.55
21.5101  1.42
21.5201  1.27
21.5301  1.05
21.5401  1.32
21.5501  1.17
21.5601  1.44
21.5701  1.4
21.5801  1.18
21.5901  1.07
21.6001  1.26
21.6101  1.32
21.6201  1.44
21.6301  1.59
21.6401  1.26
21.6501  1.25
21.6601  1.14
21.6701  1.4
21.6801  1.18
21.6901  1.17
21.7001  1.11
21.7101  1.3
21.7201  1.17
21.7301  1.24
21.7401  1.21
21.7501  1.31
21.7601  1.31
21.7701  1.38
21.7801  1.28
21.7901  1.32
21.8001  1.37
21.8101  1.35
21.8201  1.62
21.8301  1.37
21.8401  1.3
21.8501  1.25
21.8601  1.29
21.8701  1.21
21.8801  1.42
21.8901  1.23
21.9001  1.22
21.9101  1.25
21.9201  1.48
21.9301  1.59
21.9401  1.23
21.9501  1.37
21.9601  1.24
21.9701  1.29
21.9801  1.42
21.9901  1.15
22.0001  1.37
22.0101  1.37
22.0201  1.48
22.0301  1.32
22.0401  1.24
22.0501  1.37
22.0601  1.2
22.0701  1.3
22.0801  1.33
22.0901  1.41
22.1001  1.49
22.1101  1.23
22.1201  1.35
22.1301  1.26
22.1401  1.11
22.1501  1.37
22.1601  1.3
22.1701  1.16
22.1801  1.53
22.1901  1.32
22.2001  1.48
22.2101  1.12
22.2201  1.28
22.2301  1.25
22.2401  1.22
22.2501  1.4
22.2601  1.48
22.2701  1.55
22.2801  1.12
22.2901  1.1
22.3001  1.26
22.3101  1.15
22.3201  1.36
22.3301  1.21
22.3401  1.4
22.3501  1.22
22.3601  1.54
22.3701  1.27
22.3801  1.36
22.3901  1.37
22.4001  1.25
22.4101  1.41
22.4201  1.19
22.4301  1.2
22.4401  1.44
22.4501  1.49
22.4601  1.01
22.4701  1.48
22.4801  1.28
22.4901  1.27
22.5001  1.35
22.5101  1.29
22.5201  1.4
22.5301  1.29
22.5401  1.24
22.5501  1.43
22.5601  1.27
22.5701  1.26
22.5801  1.19
22.5901  1.28
22.6001  1.19
22.6101  1.25
22.6201  1.42
22.6301  1.35
22.6401  1.15
22.6501  1.38
22.6601  1.28
22.6701  1.31
22.6801  1.16
22.6901  1.27
22.7001  1.48
22.7101  1.3
22.7201  1.25
22.7301  1.32
22.7401  1.17
22.7501  1.25
22.7601  1.46
22.7701  1.5
22.7801  1.54
22.7901  1.13
22.8001  1.28
22.8101  1.19
22.8201  1.36
22.8301  1.45
22.8401  1.37
22.8501  1.32
22.8601  1.08
22.8701  1.3
22.8801  1.15
22.8901  1.54
22.9001  1.24
22.9101  1.31
22.9201  1.26
22.9301  1.38
22.9401  1.48
22.9501  1.06
22.9601  1.44
22.9701  1.24
22.9801  1.45
22.9901  1.2
23.0001  1
23.0101  1.42
23.0201  1.41
23.0301  1.36
23.0401  1.41
23.0501  1.24
23.0601  1.43
23.0701  1.35
23.0801  1.37
23.0901  1.1
23.1001  1.26
23.1101  1.22
23.1201  1.28
23.1301  1.25
23.1401  1.29
23.1501  1.23
23.1601  1.25
23.1701  1.3
23.1801  1.18
23.1901  1.5
23.2001  1.16
23.2101  1.36
23.2201  1.38
23.2301  1.31
23.2401  1.33
23.2501  1.11
23.2601  1.16
23.2701  1.26
23.2801  1.45
23.2901  1.23
23.3001  1.4
23.3101  1.3
23.3201  1.35
23.3301  1.21
23.3401  1.34
23.3501  1.26
23.3601  1.26
23.3701  1.23
23.3801  1.36
23.3901  1.44
23.4001  1.4
23.4101  1.73
23.4201  1.37
23.4301  1.15
23.4401  1.3
23.4501  1.29
23.4601  1.18
23.4701  1.09
23.4801  1.36
23.4901  1.35
23.5001  1.42
23.5101  1.24
23.5201  1.33
23.5301  1.14
23.5401  1.36
23.5501  1.24
23.5601  1.35
23.5701  1.36
23.5801  1.36
23.5901  1.24
23.6001  1.32
23.6101  1.44
23.6201  1.28
23.6301  1.46
23.6401  1.15
23.6501  1.22
23.6601  1.3
23.6701  1.5
23.6801  1.35
23.6901  1.39
23.7001  1.37
23.7101  1.2
23.7201  1.35
23.7301  1.35
23.7401  1.52
23.7501  1.37
23.7601  1.36
23.7701  1.01
23.7801  1.33
23.7901  1.31
23.8001  1.34
23.8101  1.42
23.8201  1.45
23.8301  1.22
23.8401  1.33
23.8501  1.27
23.8601  1.29
23.8701  1.29
23.8801  1.61
23.8901  1.38
23.9001  1.43
23.9101  1.06
23.9201  1.28
23.9301  1.29
23.9401  1.23
23.9501  1.45
23.9601  1.29
23.9701  1.31
23.9801  1.16
23.9901  1.29
24.0001  1.24
24.0101  1.22
24.0201  1.11
24.0301  1.33
24.0401  1.29
24.0501  1.33
24.0601  1.38
24.0701  1.09
24.0801  1.33
24.0901  1.4
24.1001  1.32
24.1101  1.31
24.1201  1.42
24.1301  1.29
24.1401  1.13
24.1501  1.35
24.1601  1.08
24.1701  1.35
24.1801  1.32
24.1901  1.28
24.2001  1.37
24.2101  1.35
24.2201  1.27
24.2301  1.38
24.2401  1.25
24.2501  1.33
24.2601  1.3
24.2701  1.29
24.2801  1.4
24.2901  1.18
24.3001  1.15
24.3101  1.39
24.3201  1.26
24.3301  1.42
24.3401  1.32
24.3501  1.48
24.3601  1.44
24.3701  1.4
24.3801  1.11
24.3901  1.22
24.4001  1.31
24.4101  1.27
24.4201  1.16
24.4301  1.16
24.4401  1.21
24.4501  1.26
24.4601  1.07
24.4701  1.26
24.4801  1.34
24.4901  1.54
24.5001  1.35
24.5101  1.39
24.5201  1.38
24.5301  1.29
24.5401  1.09
24.5501  1.11
24.5601  1.26
24.5701  1.28
24.5801  1.27
24.5901  1.51
24.6001  1.37
24.6101  1.4
24.6201  1.32
24.6301  1.22
24.6401  1.41
24.6501  1.34
24.6601  1.28
24.6701  1.03
24.6801  1.43
24.6901  1.33
24.7001  1.19
24.7101  1.2
24.7201  1.34
24.7301  1.39
24.7401  1.19
24.7501  1.3
24.7601  1.38
24.7701  1.39
24.7801  1.21
24.7901  1.23
24.8001  1.29
24.8101  1.5
24.8201  1.24
24.8301  1.32
24.8401  1.13
24.8501  1.32
24.8601  1.19
24.8701  1.35
24.8801  1.2
24.8901  1.4
24.9001  1.26
24.9101  1.55
24.9201  1.29
24.9301  1.27
24.9401  1.32
24.9501  1.26
24.9601  1.43
24.9701  1.39
24.9801  1.35
24.9901  1.28
25.0001  1.16
25.0101  1.21
25.0201  1.33
25.0301  1.35
25.0401  1.59
25.0501  1.36
25.0601  1.32
25.0701  1.25
25.0801  1.23
25.0901  1.32
25.1001  1.31
25.1101  1.38
25.1201  1.23
25.1301  1.29
25.1401  1.25
25.1501  1.28
25.1601  1.45
25.1701  1.18
25.1801  1.35
25.1901  1.28
25.2001  1.34
25.2101  1.42
25.2201  1.24
25.2301  1.14
25.2401  1.26
25.2501  1.22
25.2601  1.32
25.2701  1.36
25.2801  1.38
25.2901  1.27
25.3001  1.25
25.3101  1.38
25.3201  1.37
25.3301  1.26
25.3401  1.27
25.3501  1.36
25.3601  1.31
25.3701  1.32
25.3801  1.35
25.3901  1.3
25.4001  1.26
25.4101  1.09
25.4201  1.15
25.4301  1.34
25.4401  1.22
25.4501  1.24
25.4601  1.44
25.4701  1.17
25.4801  1.3
25.4901  1.27
25.5001  1.32
25.5101  1.19
25.5201  1.4
25.5301  1.41
25.5401  1.33
25.5501  1.39
25.5601  1.22
25.5701  1.49
25.5801  1.21
25.5901  1.1
25.6001  1.28
25.6101  1.27
25.6201  1.28
25.6301  1.24
25.6401  1.47
25.6501  1.23
25.6601  1.25
25.6701  1.44
25.6801  1.33
25.6901  1.34
25.7001  1.22
25.7101  1.19
25.7201  1.32
25.7301  1.29
25.7401  1.45
25.7501  1.31
25.7601  1.49
25.7701  1.18
25.7801  1.17
25.7901  1.27
25.8001  1.55
25.8101  1.34
25.8201  1.27
25.8301  1.36
25.8401  1.27
25.8501  1.5
25.8601  1.23
25.8701  1.19
25.8801  1.28
25.8901  1.3
25.9001  1.36
25.9101  1.34
25.9201  1.21
25.9301  1.15
25.9401  1.09
25.9501  1.13
25.9601  1.31
25.9701  1.27
25.9801  1.42
25.9901  1.29
26.0001  1.27
26.0101  1.39
26.0201  1.24
26.0301  1.41
26.0401  1.43
26.0501  1.26
26.0601  1.35
26.0701  1.4
26.0801  1.43
26.0901  1.41
26.1001  1.22
26.1101  1.21
26.1201  1.21
26.1301  1.32
26.1401  1.27
26.1501  1.32
26.1601  1.21
26.1701  1.27
26.1801  1.2
26.1901  1.31
26.2001  1.18
26.2101  1.3
26.2201  1.27
26.2301  1.48
26.2401  1.39
26.2501  1.51
26.2601  1.23
26.2701  1.46
26.2801  1.2
26.2901  1.14
26.3001  1.19
26.3101  1.19
26.3201  1.33
26.3301  1.22
26.3401  1.4
26.3501  1.35
26.3601  1.33
26.3701  1.35
26.3801  1.33
26.3901  1.23
26.4001  1.44
26.4101  1.32
26.4201  1.32
26.4301  1.37
26.4401  1.47
26.4501  1.38
26.4601  1.31
26.4701  1.27
26.4801  1.13
26.4901  1.2
26.5001  1.3
26.5101  1.44
26.5201  1.18
26.5301  1.14
26.5401  1.66
26.5501  1.21
26.5601  1.39
26.5701  1.14
26.5801  1.37
26.5901  1.34
26.6001  1.33
26.6101  1.27
26.6201  1.16
26.6301  1.29
26.6401  1.37
26.6501  1.26
26.6601  1.27
26.6701  1.28
26.6801  1.25
26.6901  1.18
26.7001  1.15
26.7101  1.29
26.7201  1.24
26.7301  1.3
26.7401  1.51
26.7501  1.26
26.7601  1.25
26.7701  1.39
26.7801  1.26
26.7901  1.18
26.8001  1.28
26.8101  1.29
26.8201  1.31
26.8301  1.35
26.8401  1.19
26.8501  1.38
26.8601  1.14
26.8701  1.35
26.8801  1.21
26.8901  1.27
26.9001  1.15
26.9101  1.36
26.9201  1.25
26.9301  1.38
26.9401  1.33
26.9501  1.37
26.9601  1.15
26.9701  1.13
26.9801  1.21
26.9901  1.29
27.0001  1.24
27.0101  1.48
27.0201  1.31
27.0301  1.35
27.0401  1.16
27.0501  1.3
27.0601  1.22
27.0701  1.47
27.0801  1.48
27.0901  1.27
27.1001  1.23
27.1101  1.39
27.1201  1.12
27.1301  1.39
27.1401  1.49
27.1501  1.26
27.1601  1.21
27.1701  1.26
27.1801  1.33
27.1901  1.25
27.2001  1.13
27.2101  1.22
27.2201  1.14
27.2301  1.39
27.2401  1.28
27.2501  1.25
27.2601  1.38
27.2701  1.38
27.2801  1.17
27.2901  1.42
27.3001  1.28
27.3101  1.2
27.3201  1.2
27.3301  1.36
27.3401  1.28
27.3501  1.51
27.3601  1.19
27.3701  1.21
27.3801  1.14
27.3901  1.28
27.4001  1.15
27.4101  1.38
27.4201  1.29
27.4301  1.31
27.4401  1.35
27.4501  1.42
27.4601  1.28
27.4701  1.44
27.4801  1.34
27.4901  1.3
27.5001  1.15
27.5101  1.36
27.5201  1.27
27.5301  1.27
27.5401  1.43
27.5501  1.34
27.5601  1.34
27.5701  1.12
27.5801  1.13
27.5901  1.35
27.6001  1.18
27.6101  1.36
27.6201  1.35
27.6301  1.34
27.6401  1.32
27.6501  1.19
27.6601  1.42
27.6701  1.37
27.6801  1.48
27.6901  1.4
27.7001  1.12
27.7101  1.43
27.7201  1.16
27.7301  1.54
27.7401  1.52
27.7501  1.33
27.7601  1.36
27.7701  1.19
27.7801  1.33
27.7901  1.58
27.8001  1.29
27.8101  1.38
27.8201  1.38
27.8301  1.23
27.8401  1.34
27.8501  1.49
27.8601  1.34
27.8701  1.24
27.8801  1.42
27.8901  1.32
27.9001  1.35
27.9101  1.31
27.9201  1.33
27.9301  1.37
27.9401  1.3
27.9501  1.19
27.9601  1.22
27.9701  1.2
27.9801  1.18
27.9901  1.38
28.0001  1.26
28.0101  1.46
28.0201  1.31
28.0301  1.4
28.0401  1.2
28.0501  1.35
28.0601  1.29
28.0701  1.29
28.0801  1.27
28.0901  1.3
28.1001  1.38
28.1101  1.34
28.1201  1.39
28.1301  1.35
28.1401  1.36
28.1501  1
28.1601  1.28
28.1701  1.3
28.1801  1.42
28.1901  1.2
28.2001  1.24
28.2101  1.42
28.2201  1.42
28.2301  1.04
28.2401  1.45
28.2501  1.12
28.2601  1.52
28.2701  1.13
28.2801  1.28
28.2901  1.17
28.3001  1.32
28.3101  1.14
28.3201  1.16
28.3301  1.34
28.3401  1.15
28.3501  1.54
28.3601  1.45
28.3701  1.29
28.3801  1.18
28.3901  1.38
28.4001  1.41
28.4101  1.15
28.4201  1.14
28.4301  1.19
28.4401  1.43
28.4501  1.1
28.4601  1.36
28.4701  1.42
28.4801  1.32
28.4901  1.29
28.5001  1.31
28.5101  1.1
28.5201  1.37
28.5301  1.2
28.5401  1.16
28.5501  1.51
28.5601  1.28
28.5701  1.26
28.5801  1.42
28.5901  1.39
28.6001  1.16
28.6101  1.2
28.6201  1.18
28.6301  1.3
28.6401  1.32
28.6501  1.33
28.6601  1.53
28.6701  1.4
28.6801  1.23
28.6901  1.06
28.7001  1.21
28.7101  1.18
28.7201  1.12
28.7301  1.62
28.7401  1.2
28.7501  1.35
28.7601  1.29
28.7701  1.34
28.7801  1.35
28.7901  1.44
28.8001  1.29
28.8101  1.2
28.8201  1.35
28.8301  1.36
28.8401  1.27
28.8501  1.32
28.8601  1.32
28.8701  1.34
28.8801  1.38
28.8901  1.19
28.9001  1.37
28.9101  1.3
28.9201  1.18
28.9301  1.23
28.9401  1.25
28.9501  1.26
28.9601  1.21
28.9701  1.25
28.9801  1.12
28.9901  1.64
29.0001  1.32
29.0101  1.3
29.0201  1.26
29.0301  1.39
29.0401  1.41
29.0501  1.29
29.0601  1.38
29.0701  1.39
29.0801  1.35
29.0901  1.39
29.1001  1.26
29.1101  1.29
29.1201  1.25
29.1301  1.25
29.1401  1.31
29.1501  1.34
29.1601  1.43
29.1701  1.34
29.1801  1.18
29.1901  1.21
29.2001  1.26
29.2101  1.31
29.2201  1.39
29.2301  1.27
29.2401  1.31
29.2501  1.31
29.2601  1.58
29.2701  1.51
29.2801  1.47
29.2901  1.2
29.3001  1.29
29.3101  1.33
29.3201  1.35
29.3301  1.37
29.3401  1.35
29.3501  1.3
29.3601  1.32
29.3701  1.25
29.3801  1.17
29.3901  1.17
29.4001  1.29
29.4101  1.42
29.4201  1.21
29.4301  1.3
29.4401  1.34
29.4501  1.27
29.4601  1.13
29.4701  1.37
29.4801  1.32
29.4901  1.34
29.5001  1.27
29.5101  1.34
29.5201  1.34
29.5301  1.36
29.5401  1.21
29.5501  1.33
29.5601  1.25
29.5701  1.15
29.5801  1.15
29.5901  1.35
29.6001  1.25
29.6101  1.36
29.6201  1.37
29.6301  1.16
29.6401  1.24
29.6501  1.36
29.6601  1.41
29.6701  1.14
29.6801  1.36
29.6901  1.34
29.7001  1.18
29.7101  1.37
29.7201  1.39
29.7301  1.37
29.7401  1.24
29.7501  1.27
29.7601  1.34
29.7701  1.07
29.7801  1.42
29.7901  1.3
29.8001  1.46
29.8101  1.26
29.8201  1.22
29.8301  1.22
29.8401  1.39
29.8501  1.48
29.8601  1.21
29.8701  1.39
29.8801  1.1
29.8901  1.27
29.9001  1.22
29.9101  1.25
29.9201  1.14
29.9301  1.23
29.9401  1.3
29.9501  1.44
29.9601  1.38
29.9701  1.17
29.9801  1.21
29.9901  1.19
30.0001  1.33
30.0101  1.31
30.0201  1.27
30.0301  1.36
30.0401  1.14
30.0501  1.32
30.0601  1.29
30.0701  1.22
30.0801  1.31
30.0901  1.36
30.1001  1.17
30.1101  1.31
30.1201  1.38
30.1301  1.2
30.1401  1.56
30.1501  1.41
30.1601  1.18
30.1701  1.23
30.1801  1.15
30.1901  1.31
30.2001  1.44
30.2101  1.22
30.2201  1.16
30.2301  1.15
30.2401  1.46
30.2501  1.36
30.2601  1.37
30.2701  1.39
30.2801  1.2
30.2901  1.47
30.3001  1.25
30.3101  1.31
30.3201  1.46
30.3301  1.37
30.3401  1.28
30.3501  1.35
30.3601  1.22
30.3701  1.29
30.3801  1.37
30.3901  1.31
30.4001  1.21
30.4101  1.41
30.4201  1.37
30.4301  1.46
30.4401  1.14
30.4501  1.22
30.4601  1.25
30.4701  1.3
30.4801  1.41
30.4901  1.34
30.5001  1.35
30.5101  1.37
30.5201  1.47
30.5301  1.33
30.5401  1.43
30.5501  1.19
30.5601  1.31
30.5701  1.45
30.5801  1.36
30.5901  1.36
30.6001  1.33
30.6101  1.58
30.6201  1.11
30.6301  1.19
30.6401  1.25
30.6501  1.4
30.6601  1.22
30.6701  1.26
30.6801  1.32
30.6901  1.2
30.7001  1.25
30.7101  1.34
30.7201  1.4
30.7301  1.27
30.7401  1.35
30.7501  1.22
30.7601  1.4
30.7701  1.27
30.7801  1.29
30.7901  1.09
30.8001  1.41
30.8101  1.31
30.8201  1.25
30.8301  1.22
30.8401  1.37
30.8501  1.17
30.8601  1.23
30.8701  1.3
30.8801  1.34
30.8901  1.09
30.9001  1.35
30.9101  1.49
30.9201  1.17
30.9301  1.3
30.9401  1.29
30.9501  1.36
30.9601  1.32
30.9701  1.29
30.9801  1.33
30.9901  1.06
31.0001  1.34
31.0101  1.13
31.0201  1.33
31.0301  1.1
31.0401  1.38
31.0501  1.17
31.0601  1.15
31.0701  1.33
31.0801  1.38
31.0901  1.23
31.1001  1.38
31.1101  1.22
31.1201  1.49
31.1301  1.22
31.1401  1.22
31.1501  1.16
31.1601  1.33
31.1701  1.4
31.1801  1.31
31.1901  1.29
31.2001  1.29
31.2101  1.34
31.2201  1.19
31.2301  1.36
31.2401  1.4
31.2501  1.15
31.2601  1.42
31.2701  1.45
31.2801  1.31
31.2901  1.3
31.3001  1.25
31.3101  1.37
31.3201  1.04
31.3301  1.36
31.3401  1.17
31.3501  1.52
31.3601  1.54
31.3701  1.37
31.3801  1.21
31.3901  1.37
31.4001  1.36
31.4101  1.22
31.4201  1.02
31.4301  1.33
31.4401  1.41
31.4501  1.45
31.4601  1.08
31.4701  1.15
31.4801  1.29
31.4901  1.34
31.5001  1.57
31.5101  1.28
31.5201  1.59
31.5301  1.13
31.5401  1.25
31.5501  1.32
31.5601  1.49
31.5701  1.19
31.5801  1.45
31.5901  1.27
31.6001  1.44
31.6101  1.1
31.6201  1.35
31.6301  1.21
31.6401  1.26
31.6501  1.52
31.6601  1.41
31.6701  1.2
31.6801  1.26
31.6901  1.38
31.7001  1.29
31.7101  1.38
31.7201  1.07
31.7301  1.34
31.7401  1.4
31.7501  1.35
31.7601  1.27
31.7701  1.19
31.7801  1.18
31.7901  1.25
31.8001  1.49
31.8101  1.31
31.8201  1.38
31.8301  1.35
31.8401  1.35
31.8501  1.3
31.8601  1.38
31.8701  1.39
31.8801  1.29
31.8901  1.61
31.9001  1.44
31.9101  1.27
31.9201  1.26
31.9301  1.09
31.9401  1.45
31.9501  1.39
31.9601  1.12
31.9701  1.11
31.9801  1.32
31.9901  1.37
32.0001  1.36
32.0101  1.27
32.0201  1.35
32.0301  1.41
32.0401  1.38
32.0501  1.18
32.0601  1.14
32.0701  1.25
32.0801  1.36
32.0901  1.34
32.1001  1.42
32.1101  1.09
32.1201  1.15
32.1301  1.38
32.1401  1.22
32.1501  1.25
32.1601  1.37
32.1701  1.3
32.1801  1.43
32.1901  1.46
32.2001  1.29
32.2101  1.53
32.2201  1.13
32.2301  1.27
32.2401  1.45
32.2501  1.3
32.2601  1.23
32.2701  1.11
32.2801  1.23
32.2901  1.15
32.3001  1.34
32.3101  1.28
32.3201  1.16
32.3301  1.22
32.3401  1.3
32.3501  1.39
32.3601  1.13
32.3701  1.26
32.3801  1.58
32.3901  1.13
32.4001  1.36
32.4101  1.35
32.4201  1.46
32.4301  1.31
32.4401  1.27
32.4501  1.18
32.4601  1.31
32.4701  1.45
32.4801  0.97
32.4901  1.35
32.5001  1.23
32.5101  1.33
32.5201  1.54
32.5301  1.24
32.5401  1.4
32.5501  1.44
32.5601  1.48
32.5701  1.11
32.5801  1.12
32.5901  1.38
32.6001  1.41
32.6101  1.27
32.6201  1.28
32.6301  1.23
32.6401  1.39
32.6501  1.51
32.6601  1.3
32.6701  1.34
32.6801  1.37
32.6901  1.48
32.7001  1.32
32.7101  1.26
32.7201  1.22
32.7301  1.36
32.7401  1.18
32.7501  1.47
32.7601  1.24
32.7701  1.14
32.7801  1.23
32.7901  1.29
32.8001  1.16
32.8101  1.49
32.8201  1.15
32.8301  1.38
32.8401  1.56
32.8501  1.47
32.8601  1.37
32.8701  1.23
32.8801  1.35
32.8901  1.06
32.9001  1.54
32.9101  1.23
32.9201  1.34
32.9301  0.99
32.9401  1.23
32.9501  1.43
32.9601  1.22
32.9701  1.16
32.9801  1.33
32.9901  1.25
33.0001  1.37
33.0101  1.4
33.0201  1.38
33.0301  1.25
33.0401  1.44
33.0501  1.25
33.0601  1.14
33.0701  1.34
33.0801  1.36
33.0901  1.36
33.1001  1.2
33.1101  1.06
33.1201  1.2
33.1301  1.42
33.1401  1.5
33.1501  1.13
33.1601  1.42
33.1701  1.32
33.1801  1.31
33.1901  1.37
33.2001  1.3
33.2101  1.26
33.2201  1.05
33.2301  1.44
33.2401  1.41
33.2501  1.24
33.2601  1.53
33.2701  1.4
33.2801  1.42
33.2901  1.26
33.3001  1.22
33.3101  1.27
33.3201  1.34
33.3301  1.29
33.3401  1.31
33.3501  1.18
33.3601  1.53
33.3701  1.25
33.3801  1.48
33.3901  1.18
33.4001  1.36
33.4101  1.12
33.4201  1.39
33.4301  0.93
33.4401  1.24
33.4501  1.49
33.4601  1.23
33.4701  1.26
33.4801  1.23
33.4901  1.37
33.5001  1.49
33.5101  1.33
33.5201  1.23
33.5301  1.37
33.5401  1.35
33.5501  1.36
33.5601  1.47
33.5701  1.35
33.5801  1.3
33.5901  1.25
33.6001  1.36
33.6101  1.37
33.6201  1.42
33.6301  1.07
33.6401  1.18
33.6501  1.09
33.6601  1.39
33.6701  1.19
33.6801  1.35
33.6901  1.34
33.7001  1.13
33.7101  1.35
33.7201  1.25
33.7301  1.42
33.7401  1.25
33.7501  1.44
33.7601  1.34
33.7701  1.13
33.7801  1.26
33.7901  1.47
33.8001  1.33
33.8101  1.37
33.8201  1.23
33.8301  1.35
33.8401  1.33
33.8501  1.22
33.8601  1.34
33.8701  1.4
33.8801  1.21
33.8901  1.32
33.9001  1.14
33.9101  1.23
33.9201  1.25
33.9301  1.39
33.9401  1.15
33.9501  1.31
33.9601  1.27
33.9701  1.2
33.9801  1.55
33.9901  1.24
34.0001  1.56
34.0101  1.38
34.0201  1.11
34.0301  1.28
34.0401  1.18
34.0501  1.33
34.0601  1.33
34.0701  1.22
34.0801  1.43
34.0901  1.55
34.1001  1.2
34.1101  1.4
34.1201  1.25
34.1301  1.53
34.1401  1.34
34.1501  1.4
34.1601  1.51
34.1701  1.28
34.1801  1.25
34.1901  1.18
34.2001  1.41
34.2101  1.35
34.2201  1.27
34.2301  1.27
34.2401  1.09
34.2501  1.4
34.2601  1.16
34.2701  1.2
34.2801  1.48
34.2901  1.46
34.3001  1.48
34.3101  1.35
34.3201  1.28
34.3301  1.27
34.3401  1.31
34.3501  1.29
34.3601  1.23
34.3701  1.33
34.3801  1.44
34.3901  1.2
34.4001  1.35
34.4101  1.36
34.4201  1.3
34.4301  1.29
34.4401  1.32
34.4501  1.31
34.4601  1.07
34.4701  1.44
34.4801  1.4
34.4901  1.36
34.5  1.43
34.51  1.33
34.52  1.17
34.53  1.38
34.54  1.28
34.55  1.47
34.56  1.26
34.57  1.23
34.58  1.3
34.59  1.35
34.6  1.5
34.61  1.14
34.62  1.53
34.63  1.09
34.64  1.31
34.65  1.35
34.66  1.27
34.67  1.34
34.68  1.19
34.69  1.47
34.7  1.3
34.71  1.18
34.72  1.46
34.73  1.27
34.74  1.31
34.75  1.2
34.76  1.14
34.77  1.1
34.78  1.32
34.79  1.35
34.8  1.41
34.81  1.25
34.82  1.22
34.83  1.36
34.84  1.33
34.85  1.39
34.86  1.51
34.87  1.26
34.88  1.04
34.89  1.23
34.9  1.3
34.91  1.37
34.92  1.38
34.93  1.35
34.94  1.2
34.95  1.38
34.96  1.15
34.97  1.41
34.98  1.36
34.99  1.18
35  1.28
35.01  1.29
35.02  1.34
35.03  1.34
35.04  1.32
35.05  1.22
35.06  1.24
35.07  1.23
35.08  1.19
35.09  1.39
35.1  1.33
35.11  1.18
35.12  1.4
35.13  1.32
35.14  1.51
35.15  1.4
35.16  1.19
35.17  1.37
35.18  1.37
35.19  1.53
35.2  1.3
35.21  1.34
35.22  1.26
35.23  1.37
35.24  1.25
35.25  1.31
35.26  1.33
35.27  1.4
35.28  1.73
35.29  1.22
35.3  1.32
35.31  1.42
35.32  1.47
35.33  1.31
35.34  1.11
35.35  1.42
35.36  1.37
35.37  1.51
35.38  1.43
35.39  1.06
35.4  1.48
35.41  1.23
35.42  1.24
35.43  1.24
35.44  1.31
35.45  1.28
35.46  1.25
35.47  1.46
35.48  1.36
35.49  1.2
35.5  1.17
35.51  1.53
35.52  1.48
35.53  1.32
35.54  1.26
35.55  1.17
35.56  1.33
35.57  1.14
35.58  1.39
35.59  1.31
35.6  1.34
35.61  1.37
35.62  1.42
35.63  1.47
35.64  1.24
35.65  1.33
35.66  1.16
35.67  1.43
35.68  1.28
35.69  0.98
35.7  1.63
35.71  1.28
35.72  1.23
35.73  1.37
35.74  1.42
35.75  1.25
35.76  1.24
35.77  1.04
35.78  1.27
35.79  1.37
35.8  1.53
35.81  1.39
35.82  1.36
35.83  1.34
35.84  1.22
35.85  1.35
35.86  1.26
35.87  1.21
35.88  1.42
35.89  1.16
35.9  1.41
35.91  1.16
35.92  1.2
35.93  1.36
35.94  1.42
35.95  1.36
35.96  1.36
35.97  1.33
35.98  1.21
35.99  1.51
36  1.28
36.01  1.16
36.02  1.28
36.03  1.33
36.04  1.19
36.05  1.43
36.06  1.43
36.07  1.17
36.08  1.39
36.09  1.33
36.1  1.25
36.11  1.21
36.12  1.37
36.13  1.45
36.14  1.33
36.15  1.36
36.16  1.42
36.17  1.39
36.18  1.28
36.19  1.16
36.2  1.27
36.21  1.32
36.22  1.32
36.23  1.33
36.24  1.32
36.25  1.23
36.26  1.33
36.27  1.16
36.28  1.28
36.29  1.3
36.3  1.36
36.31  1.36
36.32  1.36
36.33  1.42
36.34  1.36
36.35  1.22
36.36  1.22
36.37  1.29
36.38  1.35
36.39  1.12
36.4  1.46
36.41  1.24
36.42  1.29
36.43  1.44
36.44  1.31
36.45  1.24
36.46  1.32
36.47  1.16
36.48  1.32
36.49  1.51
36.5  1.31
36.51  1.24
36.52  1.31
36.53  1.28
36.54  1.24
36.55  1.26
36.56  1.26
36.57  1.28
36.58  1.13
36.59  1.17
36.6  1.31
36.61  1.24
36.62  1.64
36.63  1.5
36.64  1.3
36.65  1.36
36.66  1.35
36.67  1.27
36.68  1.37
36.69  1.11
36.7  1.46
36.71  1.29
36.72  1.45
36.73  1.36
36.74  1.45
36.75  1.32
36.76  1.32
36.77  1.4
36.78  1.29
36.79  1.3
36.8  1.43
36.81  1.59
36.82  1.6
36.83  1.33
36.84  1.48
36.85  1.31
36.86  1.31
36.87  1.35
36.88  1.25
36.89  1.18
36.9  1.29
36.91  1.11
36.92  1.49
36.93  1.24
36.94  1.39
36.95  1.54
36.96  1.34
36.97  1.41
36.98  1.19
36.99  1.31
37  1.12
37.01  1.36
37.02  1.34
37.03  1
37.04  1.23
37.05  1.31
37.06  1.22
37.07  1.15
37.08  1.52
37.09  1.36
37.1  1.2
37.11  1.32
37.12  1.27
37.13  1.32
37.14  1.28
37.15  1.51
37.16  1.33
37.17  1.62
37.18  1.36
37.19  1.34
37.2  1.34
37.21  1.12
37.22  1.29
37.23  1.19
37.24  1.44
37.25  1.34
37.26  1.35
37.27  1.31
37.28  1.13
37.29  1.19
37.3  1.23
37.31  1.25
37.32  1.13
37.33  1.26
37.34  1.27
37.35  1.5
37.36  1.38
37.37  1.4
37.38  1.14
37.39  1.24
37.4  1.33
37.41  1.19
37.42  1.35
37.43  1.24
37.44  1.41
37.45  1.15
37.46  1.25
37.47  1.43
37.48  1.38
37.49  1.41
37.5  1.3
37.51  1.27
37.52  1.23
37.53  1.21
37.54  1.29
37.55  1.38
37.56  1.22
37.57  1.46
37.58  1.41
37.59  1.41
37.6  1.27
37.61  1.3
37.62  1.36
37.63  1.2
37.64  1.21
37.65  1.22
37.66  1.16
37.67  1.27
37.68  1.4
37.69  1.31
37.7  1.36
37.71  1.33
37.72  1.43
37.73  1.44
37.74  1.39
37.75  1.34
37.76  1.31
37.77  1.42
37.78  1.45
37.79  1.22
37.8  1.56
37.81  1.31
37.82  1.26
37.83  1.34
37.84  1.48
37.85  1.25
37.86  1.36
37.87  1.27
37.88  1.52
37.89  1.37
37.9  1.24
37.91  1.21
37.92  1.36
37.93  1.22
37.94  1.37
37.95  1.29
37.96  1.32
37.97  1.21
37.98  1.28
37.99  1.41
38  1.37
38.01  1.29
38.02  1.27
38.03  1.49
38.04  1.17
38.05  1.28
38.06  1.42
38.07  1.35
38.08  1.44
38.09  1.21
38.1  1.23
38.11  1.19
38.12  1.59
38.13  1.28
38.14  1.29
38.15  1.32
38.16  1.3
38.17  1.21
38.18  1.36
38.19  1.34
38.2  1.21
38.21  1.29
38.22  1.24
38.23  1.19
38.24  1.4
38.25  1.29
38.26  1.39
38.27  1.29
38.28  1.42
38.29  1.26
38.3  1.07
38.31  1.28
38.32  1.35
38.33  1.11
38.34  1.53
38.35  1.17
38.36  1.29
38.37  1.31
38.38  1.4
38.39  1.33
38.4  1.28
38.41  1.47
38.42  1.32
38.43  1.26
38.44  1.08
38.45  1.26
38.46  1.34
38.47  1.41
38.48  1.46
38.49  1.33
38.5  1.18
38.51  1.35
38.52  1.3
38.53  1.26
38.54  1.47
38.55  1.29
38.56  1.16
38.57  1.09
38.58  1.57
38.59  1.33
38.6  1.26
38.61  1.55
38.62  1.26
38.63  1.36
38.64  1.38
38.65  1.13
38.66  1.15
38.67  1.33
38.68  1.23
38.69  1.1
38.7  1.25
38.71  1.26
38.72  1.34
38.73  1.63
38.74  1.31
38.75  1.36
38.76  1.46
38.77  1.17
38.78  1.45
38.79  1.28
38.8  1.57
38.81  1.34
38.82  1.14
38.83  1.15
38.84  1.48
38.85  1.29
38.86  1.4
38.87  1.33
38.88  1.16
38.89  1.3
38.9  1.28
38.91  1.19
38.92  1.3
38.93  1.2
38.94  1.06
38.95  1.27
38.96  1.38
38.97  1.29
38.98  1.46
38.99  1.42
39  1.24
39.01  1.29
39.02  1.52
39.03  1.1
39.04  1.35
39.05  1.36
39.06  1.67
39.07  1.15
39.08  1.36
39.09  1.28
39.1  1.1
39.11  1.23
39.12  1.14
39.13  1.25
39.14  1.28
39.15  1.26
39.16  1.28
39.17  1.46
39.18  1.39
39.19  1.34
39.2  1.37
39.21  1.53
39.22  1.37
39.23  1.19
39.24  1.22
39.25  1.36
39.26  1.25
39.27  1.26
39.28  1.36
39.29  1.16
39.3  1.11
39.31  1.22
39.32  1.2
39.33  1.28
39.34  1.37
39.35  1.23
39.36  1.37
39.37  1.59
39.38  1.21
39.39  1.45
39.4  1.43
39.41  1.33
39.42  1.41
39.43  1.43
39.44  1.43
39.45  1.37
39.46  1.24
39.47  1.17
39.48  1.26
39.49  1.3
39.5  1.13
39.51  1.3
39.52  1.22
39.53  1.32
39.54  1.37
39.55  1.38
39.56  1.41
39.57  1.37
39.58  1.29
39.59  1.32
39.6  1.2
39.61  1.21
39.62  1.32
39.63  1.4
39.64  1.31
39.65  1.41
39.66  1.42
39.67  1.45
39.68  1.51
39.69  1.32
39.7  1.29
39.71  1.24
39.72  1.49
39.73  1.25
39.74  1.25
39.75  1.24
39.76  1.2
39.77  1.25
39.78  1.17
39.79  1.2
39.8  1.3
39.81  1.31
39.82  1.32
39.83  1.41
39.84  1.25
39.85  1.23
39.86  1.35
39.87  1.36
39.88  1.35
39.89  1.38
39.9  1.24
39.91  1.24
39.92  1.37
39.93  1.25
39.94  1.18
39.95  1.11
39.96  1.25
39.97  1.36
39.98  1.18
39.99  1.34
