-15  0
-14.99  0
-14.98  0
-14.97  0
-14.96  0
-14.95  0.04
-14.94  0
-14.93  0.04
-14.92  0
-14.91  0.04
-14.9  0
-14.89  0.04
-14.88  0.04
-14.87  0.04
-14.86  0.04
-14.85  0.04
-14.84  0.08
-14.83  0.04
-14.82  0.04
-14.81  0.08
-14.8  0.04
-14.79  0.08
-14.78  0.04
-14.77  0.12
-14.76  0.08
-14.75  0.08
-14.74  0.04
-14.73  0.12
-14.72  0.16
-14.71  0.08
-14.7  0.08
-14.69  0.08
-14.68  0.12
-14.67  0.16
-14.66  0.08
-14.65  0.12
-14.64  0.12
-14.63  0.16
-14.62  0.12
-14.61  0.24
-14.6  0.16
-14.59  0.16
-14.58  0.12
-14.57  0.2
-14.56  0.16
-14.55  0.2
-14.54  0.2
-14.53  0.16
-14.52  0.24
-14.51  0.24
-14.5  0.24
-14.49  0.2
-14.48  0.28
-14.47  0.24
-14.46  0.28
-14.45  0.32
-14.44  0.24
-14.43  0.32
-14.42  0.28
-14.41  0.32
-14.4  0.32
-14.39  0.4
-14.38  0.36
-14.37  0.36
-14.36  0.36
-14.35  0.4
-14.34  0.4
-14.33  0.52
-14.32  0.44
-14.31  0.48
-14.3  0.48
-14.29  0.52
-14.28  0.56
-14.27  0.56
-14.26  0.6
-14.25  0.56
-14.24  0.64
-14.23  0.72
-14.22  0.68
-14.21  0.72
-14.2  0.68
-14.19  0.8
-14.18  0.84
-14.17  0.84
-14.16  0.88
-14.15  0.88
-14.14  1.12
-14.13  0.92
-14.12  1.04
-14.11  1.04
-14.1  1.08
-14.09  1.12
-14.08  1.16
-14.07  1.2
-14.06  1.28
-14.05  1.24
-14.04  1.28
-14.03  1.28
-14.02  1.36
-14.01  1.36
-14  1.32
-13.99  1.36
-13.98  1.4
-13.97  1.36
-13.96  1.32
-13.95  1.4
-13.94  1.32
-13.93  1.32
-13.92  1.24
-13.91  1.32
-13.9  1.2
-13.89  1.2
-13.88  1.2
-13.87  1.12
-13.86  1.04
-13.85  1.12
-13.84  1
-13.83  1.08
-13.82  1
-13.81  0.88
-13.8  0.88
-13.79  1
-13.78  0.8
-13.77  0.76
-13.76  0.88
-13.75  0.68
-13.74  0.68
-13.73  0.76
-13.72  0.68
-13.71  0.68
-13.7  0.56
-13.69  0.6
-13.68  0.64
-13.67  0.6
-13.66  0.48
-13.65  0.56
-13.64  0.52
-13.63  0.52
-13.62  0.48
-13.61  0.44
-13.6  0.52
-13.59  0.4
-13.58  0.48
-13.57  0.4
-13.56  0.52
-13.55  0.36
-13.54  0.32
-13.53  0.4
-13.52  0.44
-13.51  0.44
-13.5  0.36
-13.49  0.32
-13.48  0.36
-13.47  0.36
-13.46  0.28
-13.45  0.28
-13.44  0.36
-13.43  0.36
-13.42  0.28
-13.41  0.28
-13.4  0.36
-13.39  0.32
-13.38  0.28
-13.37  0.36
-13.36  0.28
-13.35  0.36
-13.34  0.24
-13.33  0.28
-13.32  0.24
-13.31  0.24
-13.3  0.28
-13.29  0.32
-13.28  0.24
-13.27  0.28
-13.26  0.24
-13.25  0.28
-13.24  0.24
-13.23  0.32
-13.22  0.28
-13.21  0.2
-13.2  0.28
-13.19  0.28
-13.18  0.28
-13.17  0.24
-13.16  0.28
-13.15  0.32
-13.14  0.2
-13.13  0.24
-13.12  0.28
-13.11  0.28
-13.1  0.24
-13.09  0.24
-13.08  0.28
-13.07  0.24
-13.06  0.2
-13.05  0.28
-13.04  0.36
-13.03  0.24
-13.02  0.2
-13.01  0.28
-13  0.24
-12.99  0.28
-12.98  0.36
-12.97  0.24
-12.96  0.24
-12.95  0.28
-12.94  0.28
-12.93  0.24
-12.92  0.24
-12.91  0.32
-12.9  0.32
-12.89  0.2
-12.88  0.32
-12.87  0.32
-12.86  0.24
-12.85  0.28
-12.84  0.24
-12.83  0.36
-12.82  0.36
-12.81  0.24
-12.8  0.24
-12.79  0.36
-12.78  0.24
-12.77  0.36
-12.76  0.2
-12.75  0.32
-12.74  0.36
-12.73  0.24
-12.72  0.4
-12.71  0.32
-12.7  0.28
-12.69  0.28
-12.68  0.44
-12.67  0.36
-12.66  0.28
-12.65  0.4
-12.64  0.32
-12.63  0.36
-12.62  0.32
-12.61  0.24
-12.6  0.48
-12.59  0.32
-12.58  0.36
-12.57  0.4
-12.56  0.28
-12.55  0.36
-12.54  0.32
-12.53  0.56
-12.52  0.32
-12.51  0.36
-12.5  0.36
-12.49  0.4
-12.48  0.4
-12.47  0.36
-12.46  0.4
-12.45  0.4
-12.44  0.44
-12.43  0.44
-12.42  0.36
-12.41  0.52
-12.4  0.52
-12.39  0.4
-12.38  0.44
-12.37  0.4
-12.36  0.44
-12.35  0.44
-12.34  0.48
-12.33  0.44
-12.32  0.52
-12.31  0.4
-12.3  0.4
-12.29  0.44
-12.28  0.48
-12.27  0.56
-12.26  0.48
-12.25  0.52
-12.24  0.48
-12.23  0.52
-12.22  0.56
-12.21  0.48
-12.2  0.56
-12.19  0.44
-12.18  0.52
-12.17  0.52
-12.16  0.6
-12.15  0.64
-12.14  0.44
-12.13  0.56
-12.12  0.48
-12.11  0.52
-12.1  0.52
-12.09  0.6
-12.08  0.52
-12.07  0.56
-12.06  0.48
-12.05  0.64
-12.04  0.6
-12.03  0.6
-12.02  0.56
-12.01  0.56
-12  0.56
-11.99  0.52
-11.98  0.64
-11.97  0.52
-11.96  0.56
-11.95  0.56
-11.94  0.6
-11.93  0.6
-11.92  0.68
-11.91  0.64
-11.9  0.48
-11.89  0.6
-11.88  0.56
-11.87  0.6
-11.86  0.52
-11.85  0.64
-11.84  0.52
-11.83  0.6
-11.82  0.68
-11.81  0.48
-11.8  0.52
-11.79  0.68
-11.78  0.52
-11.77  0.6
-11.76  0.48
-11.75  0.64
-11.74  0.52
-11.73  0.56
-11.72  0.6
-11.71  0.6
-11.7  0.48
-11.69  0.56
-11.68  0.56
-11.67  0.48
-11.66  0.6
-11.65  0.56
-11.64  0.52
-11.63  0.6
-11.62  0.6
-11.61  0.44
-11.6  0.56
-11.59  0.52
-11.58  0.56
-11.57  0.52
-11.56  0.48
-11.55  0.48
-11.54  0.6
-11.53  0.48
-11.52  0.52
-11.51  0.48
-11.5  0.44
-11.49  0.6
-11.48  0.44
-11.47  0.44
-11.46  0.52
-11.45  0.48
-11.44  0.52
-11.43  0.44
-11.42  0.52
-11.41  0.48
-11.4  0.48
-11.39  0.44
-11.38  0.52
-11.37  0.4
-11.36  0.52
-11.35  0.56
-11.34  0.44
-11.33  0.4
-11.32  0.36
-11.31  0.52
-11.3  0.48
-11.29  0.44
-11.28  0.4
-11.27  0.44
-11.26  0.48
-11.25  0.48
-11.24  0.4
-11.23  0.48
-11.22  0.36
-11.21  0.4
-11.2  0.36
-11.19  0.48
-11.18  0.52
-11.17  0.4
-11.16  0.4
-11.15  0.48
-11.14  0.36
-11.13  0.44
-11.12  0.4
-11.11  0.56
-11.1  0.36
-11.09  0.36
-11.08  0.48
-11.07  0.4
-11.06  0.48
-11.05  0.36
-11.04  0.4
-11.03  0.4
-11.02  0.4
-11.01  0.44
-11  0.36
-10.99  0.48
-10.98  0.36
-10.97  0.44
-10.96  0.4
-10.95  0.4
-10.94  0.36
-10.93  0.44
-10.92  0.36
-10.91  0.44
-10.9  0.4
-10.89  0.4
-10.88  0.4
-10.87  0.44
-10.86  0.44
-10.85  0.44
-10.84  0.36
-10.83  0.4
-10.82  0.44
-10.81  0.44
-10.8  0.36
-10.79  0.44
-10.78  0.44
-10.77  0.4
-10.76  0.36
-10.75  0.36
-10.74  0.44
-10.73  0.4
-10.72  0.36
-10.71  0.48
-10.7  0.32
-10.69  0.44
-10.68  0.56
-10.67  0.4
-10.66  0.4
-10.65  0.4
-10.64  0.44
-10.63  0.36
-10.62  0.4
-10.61  0.44
-10.6  0.36
-10.59  0.52
-10.58  0.36
-10.57  0.36
-10.56  0.44
-10.55  0.44
-10.54  0.4
-10.53  0.4
-10.52  0.56
-10.51  0.32
-10.5  0.44
-10.49  0.4
-10.48  0.56
-10.47  0.36
-10.46  0.48
-10.45  0.52
-10.44  0.4
-10.43  0.4
-10.42  0.44
-10.41  0.44
-10.4  0.36
-10.39  0.56
-10.38  0.36
-10.37  0.4
-10.36  0.52
-10.35  0.32
-10.34  0.44
-10.33  0.56
-10.32  0.32
-10.31  0.48
-10.3  0.44
-10.29  0.44
-10.28  0.48
-10.27  0.52
-10.26  0.44
-10.25  0.48
-10.24  0.48
-10.23  0.36
-10.22  0.52
-10.21  0.48
-10.2  0.44
-10.19  0.4
-10.18  0.52
-10.17  0.4
-10.16  0.56
-10.15  0.44
-10.14  0.52
-10.13  0.44
-10.12  0.44
-10.11  0.4
-10.1  0.4
-10.09  0.56
-10.08  0.52
-10.07  0.44
-10.06  0.48
-10.05  0.48
-10.04  0.44
-10.03  0.56
-10.02  0.4
-10.01  0.48
-10  0.52
-9.99  0.4
-9.98  0.44
-9.97  0.56
-9.96  0.44
-9.95  0.48
-9.94  0.4
-9.93  0.56
-9.92  0.44
-9.91  0.52
-9.9  0.52
-9.89  0.6
-9.88  0.36
-9.87  0.56
-9.86  0.48
-9.85  0.56
-9.84  0.36
-9.83  0.48
-9.82  0.44
-9.81  0.48
-9.8  0.48
-9.79  0.44
-9.78  0.56
-9.77  0.52
-9.76  0.4
-9.75  0.48
-9.74  0.52
-9.73  0.48
-9.72  0.4
-9.71  0.52
-9.7  0.56
-9.69  0.56
-9.68  0.48
-9.67  0.44
-9.66  0.44
-9.65  0.48
-9.64  0.48
-9.63  0.48
-9.62  0.36
-9.61  0.52
-9.6  0.52
-9.59  0.56
-9.58  0.44
-9.57  0.48
-9.56  0.44
-9.55  0.64
-9.54  0.48
-9.53  0.44
-9.52  0.48
-9.51  0.4
-9.5  0.52
-9.49  0.44
-9.48  0.52
-9.47  0.4
-9.46  0.44
-9.45  0.52
-9.44  0.52
-9.43  0.48
-9.42  0.52
-9.41  0.4
-9.4  0.44
-9.39  0.48
-9.38  0.44
-9.37  0.48
-9.36  0.52
-9.35  0.44
-9.34  0.44
-9.33  0.56
-9.32  0.4
-9.31  0.44
-9.3  0.48
-9.29  0.56
-9.28  0.4
-9.27  0.4
-9.26  0.48
-9.25  0.48
-9.24  0.48
-9.23  0.52
-9.22  0.48
-9.21  0.4
-9.2  0.44
-9.19  0.44
-9.18  0.48
-9.17  0.48
-9.16  0.44
-9.15  0.48
-9.14  0.44
-9.13  0.48
-9.12  0.44
-9.11  0.52
-9.1  0.44
-9.09  0.44
-9.08  0.48
-9.07  0.44
-9.06  0.44
-9.05  0.4
-9.04  0.36
-9.03  0.56
-9.02  0.48
-9.01  0.4
-9  0.44
-8.99  0.4
-8.98  0.48
-8.97  0.4
-8.96  0.4
-8.95  0.48
-8.94  0.52
-8.93  0.52
-8.92  0.6
-8.91  0.48
-8.9  0.36
-8.89  0.44
-8.88  0.52
-8.87  0.48
-8.86  0.32
-8.85  0.48
-8.84  0.36
-8.83  0.44
-8.82  0.4
-8.81  0.52
-8.8  0.36
-8.79  0.56
-8.78  0.32
-8.77  0.56
-8.76  0.44
-8.75  0.4
-8.74  0.4
-8.73  0.44
-8.72  0.52
-8.71  0.36
-8.7  0.44
-8.69  0.44
-8.68  0.56
-8.67  0.44
-8.66  0.36
-8.65  0.44
-8.64  0.52
-8.63  0.6
-8.62  0.36
-8.61  0.4
-8.6  0.44
-8.59  0.48
-8.58  0.4
-8.57  0.52
-8.56  0.4
-8.55  0.56
-8.54  0.4
-8.53  0.36
-8.52  0.48
-8.51  0.4
-8.5  0.32
-8.49  0.56
-8.48  0.44
-8.47  0.52
-8.46  0.44
-8.45  0.4
-8.44  0.56
-8.43  0.4
-8.42  0.52
-8.41  0.36
-8.4  0.36
-8.39  0.48
-8.38  0.32
-8.37  0.64
-8.36  0.44
-8.35  0.44
-8.34  0.44
-8.33  0.44
-8.32  0.44
-8.31  0.44
-8.3  0.4
-8.29  0.56
-8.28  0.4
-8.27  0.52
-8.26  0.36
-8.25  0.56
-8.24  0.48
-8.23  0.4
-8.22  0.6
-8.21  0.36
-8.2  0.56
-8.19  0.32
-8.18  0.44
-8.17  0.48
-8.16  0.36
-8.15  0.44
-8.14  0.6
-8.13  0.48
-8.12  0.48
-8.11  0.36
-8.1  0.48
-8.09  0.4
-8.08  0.44
-8.07  0.48
-8.06  0.4
-8.05  0.36
-8.04  0.52
-8.03  0.52
-8.02  0.44
-8.01  0.56
-8  0.4
-7.99  0.52
-7.98  0.44
-7.97  0.44
-7.96  0.44
-7.95  0.56
-7.94  0.4
-7.93  0.44
-7.92  0.4
-7.91  0.4
-7.9  0.56
-7.89  0.44
-7.88  0.52
-7.87  0.48
-7.86  0.4
-7.85  0.48
-7.84  0.6
-7.83  0.48
-7.82  0.4
-7.81  0.4
-7.8  0.64
-7.79  0.44
-7.78  0.36
-7.77  0.52
-7.76  0.44
-7.75  0.36
-7.74  0.48
-7.73  0.44
-7.72  0.4
-7.71  0.52
-7.7  0.48
-7.69  0.52
-7.68  0.48
-7.67  0.36
-7.66  0.4
-7.65  0.64
-7.64  0.36
-7.63  0.48
-7.62  0.36
-7.61  0.52
-7.6  0.4
-7.59  0.56
-7.58  0.52
-7.57  0.52
-7.56  0.44
-7.55  0.48
-7.54  0.4
-7.53  0.56
-7.52  0.48
-7.51  0.4
-7.5  0.32
-7.49  0.48
-7.48  0.52
-7.47  0.52
-7.46  0.48
-7.45  0.36
-7.44  0.56
-7.43  0.44
-7.42  0.48
-7.41  0.4
-7.4  0.4
-7.39  0.52
-7.38  0.48
-7.37  0.4
-7.36  0.6
-7.35  0.52
-7.34  0.36
-7.33  0.4
-7.32  0.52
-7.31  0.48
-7.3  0.48
-7.29  0.44
-7.28  0.44
-7.27  0.44
-7.26  0.4
-7.25  0.52
-7.24  0.4
-7.23  0.48
-7.22  0.44
-7.21  0.6
-7.2  0.44
-7.19  0.44
-7.18  0.52
-7.17  0.52
-7.16  0.4
-7.15  0.44
-7.14  0.48
-7.13  0.48
-7.12  0.4
-7.11  0.52
-7.1  0.44
-7.09  0.4
-7.08  0.36
-7.07  0.44
-7.06  0.52
-7.05  0.48
-7.04  0.44
-7.03  0.44
-7.02  0.52
-7.01  0.44
-7  0.48
-6.99  0.48
-6.98  0.4
-6.97  0.4
-6.96  0.52
-6.95  0.36
-6.94  0.56
-6.93  0.48
-6.92  0.44
-6.91  0.52
-6.9  0.48
-6.89  0.4
-6.88  0.52
-6.87  0.4
-6.86  0.44
-6.85  0.36
-6.84  0.36
-6.83  0.64
-6.82  0.4
-6.81  0.56
-6.8  0.44
-6.79  0.4
-6.78  0.52
-6.77  0.44
-6.76  0.4
-6.75  0.52
-6.74  0.56
-6.73  0.36
-6.72  0.32
-6.71  0.6
-6.7  0.48
-6.69  0.52
-6.68  0.48
-6.67  0.4
-6.66  0.4
-6.65  0.4
-6.64  0.48
-6.63  0.4
-6.62  0.52
-6.61  0.48
-6.6  0.4
-6.59  0.56
-6.58  0.44
-6.57  0.4
-6.56  0.44
-6.55  0.36
-6.54  0.48
-6.53  0.4
-6.52  0.44
-6.51  0.4
-6.5  0.56
-6.49  0.4
-6.48  0.56
-6.47  0.52
-6.46  0.48
-6.45  0.52
-6.44  0.56
-6.43  0.44
-6.42  0.36
-6.41  0.52
-6.4  0.32
-6.39  0.48
-6.38  0.48
-6.37  0.4
-6.36  0.44
-6.35  0.52
-6.34  0.32
-6.33  0.56
-6.32  0.44
-6.31  0.4
-6.3  0.4
-6.29  0.48
-6.28  0.36
-6.27  0.48
-6.26  0.52
-6.25  0.48
-6.24  0.52
-6.23  0.52
-6.22  0.44
-6.21  0.44
-6.2  0.48
-6.19  0.4
-6.18  0.44
-6.17  0.4
-6.16  0.44
-6.15  0.44
-6.14  0.52
-6.13  0.44
-6.12  0.48
-6.11  0.36
-6.1  0.6
-6.09  0.44
-6.08  0.52
-6.07  0.4
-6.06  0.44
-6.05  0.48
-6.04  0.44
-6.03  0.56
-6.02  0.4
-6.01  0.48
-6  0.36
-5.99  0.48
-5.98  0.48
-5.97  0.52
-5.96  0.44
-5.95  0.36
-5.94  0.44
-5.93  0.48
-5.92  0.56
-5.91  0.44
-5.9  0.4
-5.89  0.6
-5.88  0.32
-5.87  0.44
-5.86  0.44
-5.85  0.44
-5.84  0.44
-5.83  0.44
-5.82  0.36
-5.81  0.56
-5.8  0.6
-5.79  0.48
-5.78  0.4
-5.77  0.4
-5.76  0.52
-5.75  0.52
-5.74  0.4
-5.73  0.52
-5.72  0.6
-5.71  0.4
-5.7  0.36
-5.69  0.4
-5.68  0.52
-5.67  0.36
-5.66  0.44
-5.65  0.52
-5.64  0.44
-5.63  0.44
-5.62  0.48
-5.61  0.52
-5.6  0.48
-5.59  0.4
-5.58  0.44
-5.57  0.44
-5.56  0.44
-5.55  0.52
-5.54  0.44
-5.53  0.48
-5.52  0.4
-5.51  0.44
-5.5  0.4
-5.49  0.64
-5.48  0.48
-5.47  0.44
-5.46  0.36
-5.45  0.6
-5.44  0.44
-5.43  0.4
-5.42  0.44
-5.41  0.36
-5.4  0.48
-5.39  0.48
-5.38  0.48
-5.37  0.4
-5.36  0.44
-5.35  0.6
-5.34  0.52
-5.33  0.4
-5.32  0.44
-5.31  0.44
-5.3  0.64
-5.29  0.32
-5.28  0.4
-5.27  0.48
-5.26  0.44
-5.25  0.48
-5.24  0.52
-5.23  0.44
-5.22  0.4
-5.21  0.56
-5.2  0.4
-5.19  0.36
-5.18  0.56
-5.17  0.44
-5.16  0.48
-5.15  0.44
-5.14  0.44
-5.13  0.44
-5.12  0.44
-5.11  0.56
-5.1  0.36
-5.09  0.48
-5.08  0.48
-5.07  0.36
-5.06  0.6
-5.05  0.4
-5.04  0.48
-5.03  0.36
-5.02  0.56
-5.01  0.48
-5  0.4
-4.99  0.48
-4.98  0.48
-4.97  0.4
-4.96  0.48
-4.95  0.4
-4.94  0.52
-4.93  0.52
-4.92  0.44
-4.91  0.44
-4.9  0.44
-4.89  0.6
-4.88  0.44
-4.87  0.52
-4.86  0.4
-4.85  0.48
-4.84  0.52
-4.83  0.36
-4.82  0.48
-4.81  0.4
-4.8  0.52
-4.79  0.44
-4.78  0.4
-4.77  0.36
-4.76  0.4
-4.75  0.52
-4.74  0.4
-4.73  0.52
-4.72  0.56
-4.71  0.48
-4.7  0.48
-4.69  0.44
-4.68  0.4
-4.67  0.32
-4.66  0.52
-4.65  0.52
-4.64  0.4
-4.63  0.48
-4.62  0.52
-4.61  0.32
-4.6  0.48
-4.59  0.52
-4.58  0.48
-4.57  0.4
-4.56  0.56
-4.55  0.52
-4.54  0.4
-4.53  0.6
-4.52  0.4
-4.51  0.44
-4.5  0.4
-4.49  0.48
-4.48  0.4
-4.47  0.56
-4.46  0.32
-4.45  0.56
-4.44  0.44
-4.43  0.52
-4.42  0.32
-4.41  0.44
-4.4  0.44
-4.39  0.44
-4.38  0.52
-4.37  0.36
-4.36  0.48
-4.35  0.44
-4.34  0.56
-4.33  0.36
-4.32  0.44
-4.31  0.56
-4.3  0.44
-4.29  0.44
-4.28  0.48
-4.27  0.44
-4.26  0.36
-4.25  0.6
-4.24  0.48
-4.23  0.52
-4.22  0.48
-4.21  0.36
-4.2  0.44
-4.19  0.48
-4.18  0.36
-4.17  0.48
-4.16  0.36
-4.15  0.48
-4.14  0.68
-4.13  0.32
-4.12  0.6
-4.11  0.4
-4.1  0.4
-4.09  0.4
-4.08  0.4
-4.07  0.6
-4.06  0.48
-4.05  0.6
-4.04  0.28
-4.03  0.56
-4.02  0.44
-4.01  0.44
-4  0.4
-3.99  0.48
-3.98  0.4
-3.97  0.48
-3.96  0.36
-3.95  0.44
-3.94  0.48
-3.93  0.52
-3.92  0.56
-3.91  0.44
-3.9  0.44
-3.89  0.52
-3.88  0.36
-3.87  0.44
-3.86  0.52
-3.85  0.4
-3.84  0.4
-3.83  0.4
-3.82  0.48
-3.81  0.52
-3.8  0.44
-3.79  0.52
-3.78  0.44
-3.77  0.44
-3.76  0.52
-3.75  0.52
-3.74  0.48
-3.73  0.44
-3.72  0.4
-3.71  0.44
-3.7  0.48
-3.69  0.4
-3.68  0.56
-3.67  0.44
-3.66  0.48
-3.65  0.4
-3.64  0.32
-3.63  0.52
-3.62  0.4
-3.61  0.56
-3.6  0.52
-3.59  0.4
-3.58  0.44
-3.57  0.44
-3.56  0.52
-3.55  0.44
-3.54  0.44
-3.53  0.56
-3.52  0.32
-3.51  0.48
-3.5  0.6
-3.49  0.36
-3.48  0.4
-3.47  0.48
-3.46  0.4
-3.45  0.48
-3.44  0.48
-3.43  0.48
-3.42  0.4
-3.41  0.4
-3.4  0.44
-3.39  0.64
-3.38  0.32
-3.37  0.48
-3.36  0.48
-3.35  0.52
-3.34  0.56
-3.33  0.4
-3.32  0.64
-3.31  0.4
-3.3  0.44
-3.29  0.44
-3.28  0.52
-3.27  0.28
-3.26  0.48
-3.25  0.52
-3.24  0.32
-3.23  0.56
-3.22  0.52
-3.21  0.32
-3.2  0.44
-3.19  0.48
-3.18  0.52
-3.17  0.52
-3.16  0.48
-3.15  0.32
-3.14  0.48
-3.13  0.44
-3.12  0.48
-3.11  0.48
-3.1  0.4
-3.09  0.6
-3.08  0.4
-3.07  0.36
-3.06  0.48
-3.05  0.44
-3.04  0.4
-3.03  0.4
-3.02  0.48
-3.01  0.48
-3  0.72
-2.99  0.36
-2.98  0.48
-2.97  0.48
-2.96  0.4
-2.95  0.56
-2.94  0.44
-2.93  0.44
-2.92  0.52
-2.91  0.4
-2.9  0.48
-2.89  0.4
-2.88  0.4
-2.87  0.52
-2.86  0.44
-2.85  0.56
-2.84  0.36
-2.83  0.36
-2.82  0.52
-2.81  0.4
-2.8  0.56
-2.79  0.36
-2.78  0.52
-2.77  0.4
-2.76  0.48
-2.75  0.52
-2.74  0.36
-2.73  0.44
-2.72  0.56
-2.71  0.44
-2.7  0.32
-2.69  0.64
-2.68  0.36
-2.67  0.44
-2.66  0.52
-2.65  0.44
-2.64  0.48
-2.63  0.44
-2.62  0.4
-2.61  0.52
-2.6  0.44
-2.59  0.52
-2.58  0.44
-2.57  0.4
-2.56  0.52
-2.55  0.48
-2.54  0.52
-2.53  0.48
-2.52  0.44
-2.51  0.52
-2.5  0.28
-2.49  0.52
-2.48  0.48
-2.47  0.4
-2.46  0.52
-2.45  0.32
-2.44  0.64
-2.43  0.48
-2.42  0.28
-2.41  0.52
-2.4  0.48
-2.39  0.4
-2.38  0.44
-2.37  0.52
-2.36  0.36
-2.35  0.48
-2.34  0.44
-2.33  0.48
-2.32  0.44
-2.31  0.48
-2.3  0.52
-2.29  0.48
-2.28  0.44
-2.27  0.48
-2.26  0.36
-2.25  0.52
-2.24  0.4
-2.23  0.6
-2.22  0.4
-2.21  0.44
-2.2  0.32
-2.19  0.56
-2.18  0.52
-2.17  0.36
-2.16  0.6
-2.15  0.36
-2.14  0.48
-2.13  0.36
-2.12  0.56
-2.11  0.4
-2.1  0.52
-2.09  0.44
-2.08  0.4
-2.07  0.44
-2.06  0.44
-2.05  0.52
-2.04  0.4
-2.03  0.56
-2.02  0.48
-2.01  0.68
-2  0.28
-1.99  0.52
-1.98  0.36
-1.97  0.44
-1.96  0.6
-1.95  0.4
-1.94  0.4
-1.93  0.36
-1.92  0.48
-1.91  0.44
-1.9  0.44
-1.89  0.56
-1.88  0.4
-1.87  0.52
-1.86  0.32
-1.85  0.48
-1.84  0.48
-1.83  0.52
-1.82  0.36
-1.81  0.48
-1.8  0.4
-1.79  0.36
-1.78  0.52
-1.77  0.52
-1.76  0.6
-1.75  0.48
-1.74  0.36
-1.73  0.56
-1.72  0.4
-1.71  0.48
-1.7  0.44
-1.69  0.48
-1.68  0.32
-1.67  0.52
-1.66  0.52
-1.65  0.44
-1.64  0.48
-1.63  0.48
-1.62  0.4
-1.61  0.52
-1.6  0.44
-1.59  0.48
-1.58  0.4
-1.57  0.44
-1.56  0.52
-1.55  0.44
-1.54  0.48
-1.53  0.44
-1.52  0.48
-1.51  0.48
-1.5  0.32
-1.49  0.48
-1.48  0.44
-1.47  0.52
-1.46  0.32
-1.45  0.48
-1.44  0.48
-1.43  0.48
-1.42  0.48
-1.41  0.4
-1.4  0.52
-1.39  0.4
-1.38  0.44
-1.37  0.6
-1.36  0.28
-1.35  0.6
-1.34  0.48
-1.33  0.48
-1.32  0.44
-1.31  0.36
-1.3  0.44
-1.29  0.44
-1.28  0.52
-1.27  0.56
-1.26  0.56
-1.25  0.4
-1.24  0.52
-1.23  0.48
-1.22  0.36
-1.21  0.48
-1.2  0.4
-1.19  0.44
-1.18  0.44
-1.17  0.56
-1.16  0.28
-1.15  0.56
-1.14  0.4
-1.13  0.56
-1.12  0.44
-1.11  0.36
-1.1  0.4
-1.09  0.44
-1.08  0.48
-1.07  0.56
-1.06  0.44
-1.05  0.4
-1.04  0.48
-1.03  0.4
-1.02  0.64
-1.01  0.36
-1  0.32
-0.99  0.52
-0.98  0.52
-0.97  0.6
-0.96  0.4
-0.95  0.48
-0.94  0.32
-0.93  0.48
-0.92  0.56
-0.91  0.48
-0.9  0.48
-0.89  0.4
-0.88  0.44
-0.87  0.4
-0.86  0.48
-0.85  0.4
-0.84  0.44
-0.83  0.4
-0.82  0.68
-0.81  0.44
-0.8  0.32
-0.79  0.56
-0.78  0.48
-0.77  0.56
-0.76  0.32
-0.75  0.56
-0.74  0.36
-0.73  0.52
-0.72  0.56
-0.71  0.36
-0.7  0.36
-0.69  0.44
-0.68  0.48
-0.67  0.44
-0.66  0.52
-0.65  0.32
-0.64  0.6
-0.63  0.4
-0.62  0.44
-0.61  0.52
-0.6  0.44
-0.59  0.4
-0.58  0.48
-0.57  0.4
-0.56  0.52
-0.55  0.52
-0.54  0.48
-0.53  0.44
-0.52  0.44
-0.51  0.4
-0.5  0.6
-0.49  0.36
-0.48  0.6
-0.47  0.4
-0.46  0.4
-0.45  0.44
-0.44  0.48
-0.43  0.6
-0.42  0.4
-0.41  0.32
-0.4  0.56
-0.39  0.52
-0.38  0.36
-0.37  0.52
-0.36  0.4
-0.35  0.4
-0.34  0.6
-0.33  0.4
-0.32  0.36
-0.31  0.56
-0.3  0.48
-0.29  0.32
-0.28  0.4
-0.27  0.4
-0.26  0.6
-0.25  0.52
-0.24  0.48
-0.23  0.52
-0.22  0.36
-0.21  0.48
-0.2  0.52
-0.19  0.48
-0.18  0.44
-0.17  0.36
-0.16  0.52
-0.15  0.44
-0.14  0.52
-0.13  0.48
-0.12  0.4
-0.11  0.4
-0.1  0.44
-0.09  0.48
-0.08  0.36
-0.07  0.48
-0.06  0.52
-0.05  0.4
-0.04  0.48
-0.03  0.48
-0.02  0.36
-0.01  0.44
-2.16197e-11  0.44
0.0001  0.04
0.0101  0.6
0.0201  0.53
0.0301  0.45
0.0401  0.36
0.0501  0.4
0.0601  0.47
0.0701  0.5
0.0801  0.47
0.0901  0.52
0.1001  0.48
0.1101  0.35
0.1201  0.46
0.1301  0.47
0.1401  0.36
0.1501  0.43
0.1601  0.34
0.1701  0.4
0.1801  0.42
0.1901  0.46
0.2001  0.34
0.2101  0.31
0.2201  0.46
0.2301  0.36
0.2401  0.38
0.2501  0.32
0.2601  0.36
0.2701  0.28
0.2801  0.42
0.2901  0.26
0.3001  0.33
0.3101  0.31
0.3201  0.4
0.3301  0.31
0.3401  0.27
0.3501  0.36
0.3601  0.35
0.3701  0.31
0.3801  0.27
0.3901  0.24
0.4001  0.25
0.4101  0.17
0.4201  0.22
0.4301  0.27
0.4401  0.29
0.4501  0.24
0.4601  0.28
0.4701  0.16
0.4801  0.29
0.4901  0.3
0.5001  0.19
0.5101  0.21
0.5201  0.22
0.5301  0.25
0.5401  0.21
0.5501  0.13
0.5601  0.16
0.5701  0.27
0.5801  0.17
0.5901  0.16
0.6001  0.23
0.6101  0.12
0.6201  0.12
0.6301  0.07
0.6401  0.19
0.6501  0.25
0.6601  0.14
0.6701  0.14
0.6801  0.19
0.6901  0.1
0.7001  0.08
0.7101  0.14
0.7201  0.18
0.7301  0.15
0.7401  0.11
0.7501  0.06
0.7601  0.11
0.7701  0.08
0.7801  0.08
0.7901  0.08
0.8001  0.11
0.8101  0.12
0.8201  0.07
0.8301  0.07
0.8401  0.09
0.8501  0.09
0.8601  0.17
0.8701  0.13
0.8801  0.09
0.8901  0.06
0.9001  0.06
0.9101  0.08
0.9201  0.11
0.9301  0.09
0.9401  0.08
0.9501  0.1
0.9601  0.09
0.9701  0.07
0.9801  0.09
0.9901  0.11
1.0001  0.06
1.0101  0.05
1.0201  0.18
1.0301  0.09
1.0401  0.08
1.0501  0.06
1.0601  0.13
1.0701  0.09
1.0801  0.07
1.0901  0.08
1.1001  0.12
1.1101  0.07
1.1201  0.08
1.1301  0.14
1.1401  0.06
1.1501  0.02
1.1601  0.03
1.1701  0.07
1.1801  0.03
1.1901  0.05
1.2001  0.03
1.2101  0.03
1.2201  0.05
1.2301  0.06
1.2401  0.05
1.2501  0.09
1.2601  0.06
1.2701  0.07
1.2801  0.08
1.2901  0.08
1.3001  0.05
1.3101  0.07
1.3201  0.06
1.3301  0.04
1.3401  0.05
1.3501  0.03
1.3601  0.04
1.3701  0.05
1.3801  0.03
1.3901  0.03
1.4001  0.07
1.4101  0.06
1.4201  0.11
1.4301  0.05
1.4401  0.09
1.4501  0.11
1.4601  0.02
1.4701  0.09
1.4801  0.05
1.4901  0.06
1.5001  0.09
1.5101  0.06
1.5201  0.05
1.5301  0.07
1.5401  0.04
1.5501  0.07
1.5601  0.06
1.5701  0.03
1.5801  0.08
1.5901  0.03
1.6001  0.1
1.6101  0.05
1.6201  0.01
1.6301  0.03
1.6401  0.09
1.6501  0.04
1.6601  0.02
1.6701  0.02
1.6801  0.01
1.6901  0.1
1.7001  0.08
1.7101  0.02
1.7201  0.04
1.7301  0.07
1.7401  0.08
1.7501  0.08
1.7601  0.14
1.7701  0.07
1.7801  0.02
1.7901  0.04
1.8001  0.03
1.8101  0.05
1.8201  0.01
1.8301  0.05
1.8401  0.03
1.8501  0.06
1.8601  0.04
1.8701  0.09
1.8801  0.07
1.8901  0.05
1.9001  0.06
1.9101  0.06
1.9201  0.11
1.9301  0.06
1.9401  0.02
1.9501  0.01
1.9601  0.08
1.9701  0.03
1.9801  0.07
1.9901  0.06
2.0001  0.1
2.0101  0.09
2.0201  0.02
2.0301  0.09
2.0401  0.06
2.0501  0.1
2.0601  0.05
2.0701  0.06
2.0801  0.07
2.0901  0.04
2.1001  0.05
2.1101  0.06
2.1201  0.06
2.1301  0.05
2.1401  0.11
2.1501  0.03
2.1601  0.04
2.1701  0.07
2.1801  0.07
2.1901  0.02
2.2001  0.03
2.2101  0.05
2.2201  0.07
2.2301  0.06
2.2401  0.07
2.2501  0.07
2.2601  0.07
2.2701  0.04
2.2801  0.03
2.2901  0.03
2.3001  0.04
2.3101  0.01
2.3201  0.03
2.3301  0.07
2.3401  0.07
2.3501  0.04
2.3601  0.07
2.3701  0.06
2.3801  0.04
2.3901  0.08
2.4001  0.08
2.4101  0.02
2.4201  0.08
2.4301  0.06
2.4401  0.04
2.4501  0.12
2.4601  0.06
2.4701  0.08
2.4801  0.08
2.4901  0.04
2.5001  0.04
2.5101  0.07
2.5201  0.04
2.5301  0.04
2.5401  0.08
2.5501  0.06
2.5601  0.06
2.5701  0.02
2.5801  0.06
2.5901  0.11
2.6001  0.08
2.6101  0.04
2.6201  0.07
2.6301  0.03
2.6401  0.05
2.6501  0
2.6601  0.03
2.6701  0.02
2.6801  0.05
2.6901  0.04
2.7001  0.1
2.7101  0.12
2.7201  0.08
2.7301  0.01
2.7401  0.03
2.7501  0.02
2.7601  0.06
2.7701  0.08
2.7801  0.05
2.7901  0.04
2.8001  0.08
2.8101  0.07
2.8201  0.11
2.8301  0.07
2.8401  0.03
2.8501  0.02
2.8601  0.05
2.8701  0.05
2.8801  0.06
2.8901  0.03
2.9001  0.09
2.9101  0.03
2.9201  0.03
2.9301  0.05
2.9401  0.02
2.9501  0.03
2.9601  0.05
2.9701  0.03
2.9801  0.05
2.9901  0.03
3.0001  0.03
3.0101  0.06
3.0201  0.08
3.0301  0.11
3.0401  0.12
3.0501  0.07
3.0601  0.06
3.0701  0.09
3.0801  0.1
3.0901  0.03
3.1001  0.02
3.1101  0.05
3.1201  0.06
3.1301  0.1
3.1401  0.09
3.1501  0.06
3.1601  0.06
3.1701  0.06
3.1801  0.07
3.1901  0.06
3.2001  0.06
3.2101  0.07
3.2201  0.03
3.2301  0.08
3.2401  0.04
3.2501  0.06
3.2601  0.05
3.2701  0.1
3.2801  0.04
3.2901  0.03
3.3001  0.03
3.3101  0.01
3.3201  0.04
3.3301  0.02
3.3401  0.02
3.3501  0.06
3.3601  0.08
3.3701  0.09
3.3801  0.05
3.3901  0.09
3.4001  0.09
3.4101  0.03
3.4201  0.02
3.4301  0.06
3.4401  0.03
3.4501  0.05
3.4601  0.07
3.4701  0.05
3.4801  0.05
3.4901  0.09
3.5001  0.05
3.5101  0.09
3.5201  0.02
3.5301  0.06
3.5401  0.04
3.5501  0.04
3.5601  0.04
3.5701  0.06
3.5801  0.04
3.5901  0.13
3.6001  0.13
3.6101  0.03
3.6201  0.04
3.6301  0.07
3.6401  0.03
3.6501  0.09
3.6601  0.07
3.6701  0.13
3.6801  0.05
3.6901  0.04
3.7001  0.04
3.7101  0.07
3.7201  0.06
3.7301  0.04
3.7401  0.01
3.7501  0.05
3.7601  0.05
3.7701  0.02
3.7801  0.06
3.7901  0.08
3.8001  0.06
3.8101  0.07
3.8201  0.04
3.8301  0.08
3.8401  0.03
3.8501  0.04
3.8601  0.02
3.8701  0.04
3.8801  0.02
3.8901  0
3.9001  0.02
3.9101  0.02
3.9201  0.07
3.9301  0.09
3.9401  0.08
3.9501  0.1
3.9601  0.03
3.9701  0.02
3.9801  0.02
3.9901  0.1
4.0001  0.09
4.0101  0.05
4.0201  0.06
4.0301  0.04
4.0401  0.1
4.0501  0.12
4.0601  0.06
4.0701  0.03
4.0801  0.02
4.0901  0.06
4.1001  0.04
4.1101  0.01
4.1201  0
4.1301  0.06
4.1401  0.01
4.1501  0.12
4.1601  0.07
4.1701  0.09
4.1801  0.09
4.1901  0.06
4.2001  0.08
4.2101  0.06
4.2201  0.02
4.2301  0.05
4.2401  0.03
4.2501  0.04
4.2601  0.06
4.2701  0.06
4.2801  0.1
4.2901  0.05
4.3001  0.09
4.3101  0.09
4.3201  0.07
4.3301  0.04
4.3401  0.04
4.3501  0.06
4.3601  0.06
4.3701  0.07
4.3801  0.08
4.3901  0.08
4.4001  0.06
4.4101  0.04
4.4201  0.04
4.4301  0.07
4.4401  0.06
4.4501  0.01
4.4601  0.06
4.4701  0.07
4.4801  0.06
4.4901  0.06
4.5001  0.07
4.5101  0.08
4.5201  0.06
4.5301  0.02
4.5401  0.03
4.5501  0.09
4.5601  0.06
4.5701  0.05
4.5801  0.08
4.5901  0.03
4.6001  0.06
4.6101  0.11
4.6201  0.03
4.6301  0.08
4.6401  0.02
4.6501  0.03
4.6601  0.04
4.6701  0.07
4.6801  0.01
4.6901  0.05
4.7001  0.03
4.7101  0.04
4.7201  0.09
4.7301  0.1
4.7401  0.01
4.7501  0.07
4.7601  0.06
4.7701  0.04
4.7801  0.04
4.7901  0.05
4.8001  0.05
4.8101  0.07
4.8201  0.04
4.8301  0.04
4.8401  0.06
4.8501  0.08
4.8601  0.02
4.8701  0.04
4.8801  0.02
4.8901  0.03
4.9001  0.08
4.9101  0.05
4.9201  0.07
4.9301  0.06
4.9401  0.06
4.9501  0.1
4.9601  0.07
4.9701  0.04
4.9801  0.02
4.9901  0.05
5.0001  0.02
5.0101  0.04
5.0201  0.08
5.0301  0.07
5.0401  0.04
5.0501  0.07
5.0601  0.11
5.0701  0.06
5.0801  0.02
5.0901  0.04
5.1001  0.09
5.1101  0.08
5.1201  0.03
5.1301  0.09
5.1401  0.05
5.1501  0.06
5.1601  0.08
5.1701  0.11
5.1801  0.04
5.1901  0.09
5.2001  0.04
5.2101  0.06
5.2201  0.06
5.2301  0.05
5.2401  0.04
5.2501  0.06
5.2601  0.09
5.2701  0.08
5.2801  0.06
5.2901  0.07
5.3001  0.06
5.3101  0.08
5.3201  0.05
5.3301  0.07
5.3401  0.04
5.3501  0.03
5.3601  0.07
5.3701  0.08
5.3801  0.04
5.3901  0.05
5.4001  0.07
5.4101  0.04
5.4201  0.09
5.4301  0.03
5.4401  0.02
5.4501  0.01
5.4601  0.03
5.4701  0.04
5.4801  0.04
5.4901  0.05
5.5001  0.05
5.5101  0.06
5.5201  0.05
5.5301  0.06
5.5401  0.03
5.5501  0.05
5.5601  0.1
5.5701  0.04
5.5801  0.06
5.5901  0.04
5.6001  0.09
5.6101  0.05
5.6201  0.08
5.6301  0.05
5.6401  0.07
5.6501  0.02
5.6601  0.07
5.6701  0.04
5.6801  0.02
5.6901  0.02
5.7001  0.05
5.7101  0.05
5.7201  0.05
5.7301  0.04
5.7401  0.11
5.7501  0.06
5.7601  0.03
5.7701  0.04
5.7801  0.03
5.7901  0.03
5.8001  0.03
5.8101  0.09
5.8201  0.05
5.8301  0.11
5.8401  0.05
5.8501  0.08
5.8601  0.02
5.8701  0.08
5.8801  0.08
5.8901  0.07
5.9001  0.07
5.9101  0.09
5.9201  0.05
5.9301  0.05
5.9401  0.06
5.9501  0.07
5.9601  0.06
5.9701  0.07
5.9801  0.03
5.9901  0.01
6.0001  0.05
6.0101  0.04
6.0201  0.03
6.0301  0.07
6.0401  0.03
6.0501  0.06
6.0601  0.06
6.0701  0.1
6.0801  0.09
6.0901  0.03
6.1001  0.05
6.1101  0.05
6.1201  0.05
6.1301  0.03
6.1401  0.08
6.1501  0.06
6.1601  0.05
6.1701  0.03
6.1801  0.1
6.1901  0.11
6.2001  0.05
6.2101  0.05
6.2201  0.08
6.2301  0.02
6.2401  0.05
6.2501  0.05
6.2601  0.04
6.2701  0.05
6.2801  0.04
6.2901  0.08
6.3001  0.11
6.3101  0.06
6.3201  0.05
6.3301  0.05
6.3401  0.1
6.3501  0.04
6.3601  0.06
6.3701  0.07
6.3801  0.08
6.3901  0.04
6.4001  0.06
6.4101  0.06
6.4201  0.02
6.4301  0.05
6.4401  0.05
6.4501  0.05
6.4601  0.02
6.4701  0.07
6.4801  0.06
6.4901  0.03
6.5001  0.05
6.5101  0.04
6.5201  0.06
6.5301  0.08
6.5401  0.06
6.5501  0.06
6.5601  0.04
6.5701  0.02
6.5801  0.05
6.5901  0.06
6.6001  0.06
6.6101  0.06
6.6201  0.08
6.6301  0.06
6.6401  0.04
6.6501  0.07
6.6601  0.04
6.6701  0.05
6.6801  0.06
6.6901  0.06
6.7001  0.05
6.7101  0.06
6.7201  0.08
6.7301  0.11
6.7401  0.06
6.7501  0.03
6.7601  0.05
6.7701  0.07
6.7801  0.03
6.7901  0.05
6.8001  0.02
6.8101  0.07
6.8201  0.03
6.8301  0.03
6.8401  0.03
6.8501  0.1
6.8601  0.1
6.8701  0.06
6.8801  0.05
6.8901  0.06
6.9001  0.02
6.9101  0.02
6.9201  0.07
6.9301  0.05
6.9401  0.06
6.9501  0.05
6.9601  0.05
6.9701  0.07
6.9801  0.09
6.9901  0.11
7.0001  0.12
7.0101  0.06
7.0201  0.07
7.0301  0.05
7.0401  0.1
7.0501  0.07
7.0601  0.02
7.0701  0.01
7.0801  0.03
7.0901  0.08
7.1001  0.06
7.1101  0.07
7.1201  0.03
7.1301  0.03
7.1401  0.05
7.1501  0.07
7.1601  0.03
7.1701  0.1
7.1801  0.07
7.1901  0.04
7.2001  0.03
7.2101  0.05
7.2201  0.05
7.2301  0.06
7.2401  0.03
7.2501  0.03
7.2601  0.06
7.2701  0.03
7.2801  0.06
7.2901  0.07
7.3001  0.05
7.3101  0.09
7.3201  0.06
7.3301  0.12
7.3401  0.04
7.3501  0.11
7.3601  0.05
7.3701  0.05
7.3801  0.04
7.3901  0
7.4001  0.12
7.4101  0.02
7.4201  0.06
7.4301  0.02
7.4401  0.04
7.4501  0.04
7.4601  0.07
7.4701  0.05
7.4801  0.08
7.4901  0.03
7.5001  0.12
7.5101  0.07
7.5201  0.08
7.5301  0.06
7.5401  0.06
7.5501  0.06
7.5601  0.04
7.5701  0.03
7.5801  0.05
7.5901  0.04
7.6001  0.06
7.6101  0.1
7.6201  0.05
7.6301  0.07
7.6401  0.02
7.6501  0.07
7.6601  0.05
7.6701  0.04
7.6801  0.08
7.6901  0.04
7.7001  0.07
7.7101  0.03
7.7201  0.06
7.7301  0.03
7.7401  0.08
7.7501  0.02
7.7601  0.04
7.7701  0.05
7.7801  0.02
7.7901  0.02
7.8001  0.05
7.8101  0.05
7.8201  0.04
7.8301  0.08
7.8401  0.01
7.8501  0.06
7.8601  0.06
7.8701  0.12
7.8801  0.06
7.8901  0.12
7.9001  0.05
7.9101  0.09
7.9201  0.04
7.9301  0.05
7.9401  0.05
7.9501  0.05
7.9601  0.09
7.9701  0.07
7.9801  0.04
7.9901  0.09
8.0001  0.05
8.0101  0.04
8.0201  0.03
8.0301  0.03
8.0401  0.02
8.0501  0.04
8.0601  0.03
8.0701  0.04
8.0801  0.05
8.0901  0.08
8.1001  0.03
8.1101  0.06
8.1201  0.15
8.1301  0.08
8.1401  0.03
8.1501  0.04
8.1601  0.03
8.1701  0.05
8.1801  0.07
8.1901  0.08
8.2001  0.08
8.2101  0.06
8.2201  0.04
8.2301  0.05
8.2401  0.09
8.2501  0.06
8.2601  0.04
8.2701  0.06
8.2801  0.05
8.2901  0.09
8.3001  0.03
8.3101  0.07
8.3201  0.1
8.3301  0.05
8.3401  0.03
8.3501  0.04
8.3601  0.08
8.3701  0.03
8.3801  0.05
8.3901  0.05
8.4001  0.07
8.4101  0.02
8.4201  0.07
8.4301  0.09
8.4401  0.07
8.4501  0.08
8.4601  0.04
8.4701  0.06
8.4801  0.05
8.4901  0.04
8.5001  0.04
8.5101  0.05
8.5201  0.04
8.5301  0.06
8.5401  0.04
8.5501  0.05
8.5601  0.05
8.5701  0.04
8.5801  0.05
8.5901  0.03
8.6001  0.09
8.6101  0.04
8.6201  0.06
8.6301  0.04
8.6401  0.07
8.6501  0.06
8.6601  0.06
8.6701  0.08
8.6801  0.06
8.6901  0.05
8.7001  0.06
8.7101  0.09
8.7201  0.05
8.7301  0.03
8.7401  0.06
8.7501  0.06
8.7601  0.12
8.7701  0.07
8.7801  0.05
8.7901  0.02
8.8001  0.07
8.8101  0.04
8.8201  0.06
8.8301  0.01
8.8401  0.04
8.8501  0.02
8.8601  0.09
8.8701  0.08
8.8801  0.11
8.8901  0.09
8.9001  0.05
8.9101  0.03
8.9201  0.08
8.9301  0.06
8.9401  0.05
8.9501  0.06
8.9601  0.04
8.9701  0.06
8.9801  0.05
8.9901  0.07
9.0001  0.05
9.0101  0.04
9.0201  0.06
9.0301  0.06
9.0401  0.04
9.0501  0.03
9.0601  0.04
9.0701  0.04
9.0801  0.1
9.0901  0.05
9.1001  0.09
9.1101  0.05
9.1201  0.03
9.1301  0.08
9.1401  0.03
9.1501  0.06
9.1601  0.05
9.1701  0.03
9.1801  0.07
9.1901  0.05
9.2001  0.05
9.2101  0.05
9.2201  0.06
9.2301  0.09
9.2401  0.07
9.2501  0.1
9.2601  0.03
9.2701  0.02
9.2801  0.05
9.2901  0.05
9.3001  0.04
9.3101  0.05
9.3201  0.05
9.3301  0.08
9.3401  0.07
9.3501  0.04
9.3601  0.06
9.3701  0.01
9.3801  0.06
9.3901  0.05
9.4001  0.07
9.4101  0.08
9.4201  0.04
9.4301  0.03
9.4401  0.08
9.4501  0.04
9.4601  0.08
9.4701  0.05
9.4801  0.05
9.4901  0.06
9.5001  0.05
9.5101  0.04
9.5201  0.05
9.5301  0.03
9.5401  0.04
9.5501  0.05
9.5601  0.06
9.5701  0.01
9.5801  0.07
9.5901  0.03
9.6001  0.07
9.6101  0.04
9.6201  0.02
9.6301  0.04
9.6401  0.1
9.6501  0.03
9.6601  0.07
9.6701  0.07
9.6801  0.04
9.6901  0.02
9.7001  0.05
9.7101  0.09
9.7201  0.07
9.7301  0.06
9.7401  0.03
9.7501  0.06
9.7601  0.05
9.7701  0.06
9.7801  0.1
9.7901  0.08
9.8001  0.07
9.8101  0.06
9.8201  0.07
9.8301  0.04
9.8401  0.05
9.8501  0.03
9.8601  0.06
9.8701  0.04
9.8801  0.09
9.8901  0.11
9.9001  0.03
9.9101  0.06
9.9201  0.07
9.9301  0.07
9.9401  0.02
9.9501  0.04
9.9601  0.08
9.9701  0.03
9.9801  0.1
9.9901  0.07
10.0001  0.06
10.0101  0.05
10.0201  0.07
10.0301  0.1
10.0401  0.07
10.0501  0.05
10.0601  0.03
10.0701  0.08
10.0801  0.02
10.0901  0.04
10.1001  0.08
10.1101  0.05
10.1201  0.03
10.1301  0.03
10.1401  0.07
10.1501  0.05
10.1601  0.06
10.1701  0.04
10.1801  0.1
10.1901  0.05
10.2001  0.05
10.2101  0.04
10.2201  0.07
10.2301  0.05
10.2401  0.04
10.2501  0.08
10.2601  0.04
10.2701  0.03
10.2801  0.06
10.2901  0.05
10.3001  0.05
10.3101  0.06
10.3201  0.06
10.3301  0.07
10.3401  0.03
10.3501  0.07
10.3601  0.02
10.3701  0.06
10.3801  0.05
10.3901  0.03
10.4001  0.09
10.4101  0.08
10.4201  0.08
10.4301  0.07
10.4401  0.04
10.4501  0.05
10.4601  0.08
10.4701  0.04
10.4801  0.02
10.4901  0.03
10.5001  0.07
10.5101  0.07
10.5201  0.09
10.5301  0.05
10.5401  0.04
10.5501  0.03
10.5601  0.06
10.5701  0.06
10.5801  0.02
10.5901  0.02
10.6001  0.06
10.6101  0.06
10.6201  0.07
10.6301  0.05
10.6401  0.1
10.6501  0.05
10.6601  0.03
10.6701  0.13
10.6801  0.06
10.6901  0.09
10.7001  0.08
10.7101  0.04
10.7201  0.06
10.7301  0.04
10.7401  0.05
10.7501  0.06
10.7601  0.08
10.7701  0.01
10.7801  0.03
10.7901  0.03
10.8001  0.09
10.8101  0.06
10.8201  0.06
10.8301  0.07
10.8401  0.1
10.8501  0.05
10.8601  0.05
10.8701  0.06
10.8801  0.03
10.8901  0.04
10.9001  0.03
10.9101  0.04
10.9201  0.04
10.9301  0.02
10.9401  0.08
10.9501  0.1
10.9601  0.05
10.9701  0.02
10.9801  0.07
10.9901  0.08
11.0001  0.07
11.0101  0.06
11.0201  0
11.0301  0.04
11.0401  0.04
11.0501  0.07
11.0601  0.04
11.0701  0.06
11.0801  0.04
11.0901  0.08
11.1001  0.04
11.1101  0.05
11.1201  0.05
11.1301  0.08
11.1401  0.03
11.1501  0.06
11.1601  0.08
11.1701  0.07
11.1801  0.06
11.1901  0.07
11.2001  0.04
11.2101  0.12
11.2201  0.06
11.2301  0.1
11.2401  0.04
11.2501  0.1
11.2601  0.01
11.2701  0.07
11.2801  0.04
11.2901  0.04
11.3001  0.04
11.3101  0.11
11.3201  0.05
11.3301  0.02
11.3401  0.05
11.3501  0.04
11.3601  0.04
11.3701  0.02
11.3801  0.03
11.3901  0.05
11.4001  0.02
11.4101  0.04
11.4201  0.02
11.4301  0.09
11.4401  0.07
11.4501  0.1
11.4601  0.1
11.4701  0.1
11.4801  0.04
11.4901  0.05
11.5001  0.07
11.5101  0.03
11.5201  0.07
11.5301  0.03
11.5401  0.03
11.5501  0.09
11.5601  0.07
11.5701  0.07
11.5801  0.07
11.5901  0.07
11.6001  0.07
11.6101  0.05
11.6201  0.08
11.6301  0.04
11.6401  0.08
11.6501  0.04
11.6601  0.07
11.6701  0.03
11.6801  0.05
11.6901  0.07
11.7001  0.04
11.7101  0.04
11.7201  0.07
11.7301  0.04
11.7401  0.04
11.7501  0.06
11.7601  0.01
11.7701  0.12
11.7801  0.06
11.7901  0.08
11.8001  0.05
11.8101  0.01
11.8201  0.04
11.8301  0.07
11.8401  0.05
11.8501  0.08
11.8601  0.06
11.8701  0.02
11.8801  0.02
11.8901  0.05
11.9001  0.05
11.9101  0.06
11.9201  0.08
11.9301  0.07
11.9401  0.07
11.9501  0.08
11.9601  0.09
11.9701  0.02
11.9801  0.03
11.9901  0.07
12.0001  0.05
12.0101  0.05
12.0201  0.06
12.0301  0.08
12.0401  0.03
12.0501  0.02
12.0601  0.02
12.0701  0.04
12.0801  0.06
12.0901  0.03
12.1001  0.1
12.1101  0.05
12.1201  0.05
12.1301  0.05
12.1401  0.04
12.1501  0.05
12.1601  0.07
12.1701  0.05
12.1801  0.05
12.1901  0.04
12.2001  0.11
12.2101  0.05
12.2201  0.07
12.2301  0.08
12.2401  0.08
12.2501  0.04
12.2601  0.08
12.2701  0.07
12.2801  0.04
12.2901  0.04
12.3001  0.05
12.3101  0.09
12.3201  0.04
12.3301  0.05
12.3401  0.07
12.3501  0.05
12.3601  0.09
12.3701  0.03
12.3801  0.07
12.3901  0.05
12.4001  0.06
12.4101  0.04
12.4201  0.1
12.4301  0.1
12.4401  0.06
12.4501  0.07
12.4601  0.07
12.4701  0.07
12.4801  0.04
12.4901  0.04
12.5001  0.04
12.5101  0.02
12.5201  0.05
12.5301  0.05
12.5401  0.04
12.5501  0.05
12.5601  0.04
12.5701  0.08
12.5801  0.07
12.5901  0.09
12.6001  0.08
12.6101  0.07
12.6201  0.05
12.6301  0.06
12.6401  0.04
12.6501  0.04
12.6601  0.03
12.6701  0.04
12.6801  0.1
12.6901  0.05
12.7001  0.07
12.7101  0.04
12.7201  0.04
12.7301  0.06
12.7401  0.08
12.7501  0.05
12.7601  0.01
12.7701  0.05
12.7801  0.05
12.7901  0.11
12.8001  0.07
12.8101  0.05
12.8201  0.01
12.8301  0.07
12.8401  0.04
12.8501  0.06
12.8601  0.01
12.8701  0.05
12.8801  0.08
12.8901  0.04
12.9001  0.06
12.9101  0.03
12.9201  0.06
12.9301  0.03
12.9401  0.1
12.9501  0.03
12.9601  0.07
12.9701  0.11
12.9801  0.07
12.9901  0.05
13.0001  0.04
13.0101  0.03
13.0201  0.05
13.0301  0.08
13.0401  0.05
13.0501  0.03
13.0601  0.1
13.0701  0.04
13.0801  0.03
13.0901  0.02
13.1001  0.06
13.1101  0.07
13.1201  0.04
13.1301  0.08
13.1401  0.13
13.1501  0.05
13.1601  0.03
13.1701  0.11
13.1801  0.03
13.1901  0.1
13.2001  0.04
13.2101  0.05
13.2201  0.05
13.2301  0.06
13.2401  0.12
13.2501  0.04
13.2601  0.03
13.2701  0
13.2801  0.04
13.2901  0.06
13.3001  0.02
13.3101  0.04
13.3201  0.03
13.3301  0.08
13.3401  0.04
13.3501  0.06
13.3601  0.08
13.3701  0.06
13.3801  0.1
13.3901  0.05
13.4001  0.03
13.4101  0.05
13.4201  0.04
13.4301  0.02
13.4401  0.04
13.4501  0.11
13.4601  0.04
13.4701  0.04
13.4801  0.09
13.4901  0.03
13.5001  0.03
13.5101  0.05
13.5201  0.06
13.5301  0.04
13.5401  0.04
13.5501  0.09
13.5601  0.05
13.5701  0.04
13.5801  0.05
13.5901  0.05
13.6001  0.07
13.6101  0.02
13.6201  0.07
13.6301  0.05
13.6401  0.03
13.6501  0.02
13.6601  0.04
13.6701  0.07
13.6801  0.11
13.6901  0.07
13.7001  0.08
13.7101  0.08
13.7201  0.07
13.7301  0.05
13.7401  0.06
13.7501  0.06
13.7601  0.06
13.7701  0.05
13.7801  0.01
13.7901  0.07
13.8001  0.09
13.8101  0.07
13.8201  0.03
13.8301  0.04
13.8401  0.04
13.8501  0.06
13.8601  0.07
13.8701  0.06
13.8801  0.05
13.8901  0.01
13.9001  0.03
13.9101  0.07
13.9201  0.03
13.9301  0.06
13.9401  0.08
13.9501  0.01
13.9601  0.05
13.9701  0.09
13.9801  0.04
13.9901  0.08
14.0001  0.04
14.0101  0.15
14.0201  0.08
14.0301  0.05
14.0401  0.09
14.0501  0.09
14.0601  0.05
14.0701  0.02
14.0801  0.07
14.0901  0.06
14.1001  0.03
14.1101  0.05
14.1201  0.03
14.1301  0.06
14.1401  0.07
14.1501  0.05
14.1601  0.05
14.1701  0.07
14.1801  0.06
14.1901  0.1
14.2001  0.05
14.2101  0.02
14.2201  0.06
14.2301  0.05
14.2401  0.07
14.2501  0.07
14.2601  0.07
14.2701  0.06
14.2801  0.05
14.2901  0.05
14.3001  0.05
14.3101  0.07
14.3201  0.05
14.3301  0.03
14.3401  0.07
14.3501  0.04
14.3601  0.1
14.3701  0.07
14.3801  0.09
14.3901  0.02
14.4001  0.02
14.4101  0.07
14.4201  0.01
14.4301  0.03
14.4401  0.04
14.4501  0.04
14.4601  0.07
14.4701  0.06
14.4801  0.02
14.4901  0.09
14.5001  0.08
14.5101  0.04
14.5201  0.09
14.5301  0.04
14.5401  0.04
14.5501  0.07
14.5601  0.06
14.5701  0.06
14.5801  0.04
14.5901  0.07
14.6001  0.08
14.6101  0.06
14.6201  0.04
14.6301  0.02
14.6401  0.06
14.6501  0.04
14.6601  0.05
14.6701  0.03
14.6801  0.08
14.6901  0.06
14.7001  0.06
14.7101  0.11
14.7201  0.09
14.7301  0.05
14.7401  0.05
14.7501  0.05
14.7601  0.03
14.7701  0.04
14.7801  0.07
14.7901  0.03
14.8001  0.08
14.8101  0.08
14.8201  0.07
14.8301  0.04
14.8401  0.05
14.8501  0.05
14.8601  0.05
14.8701  0.03
14.8801  0.04
14.8901  0.07
14.9001  0.04
14.9101  0.04
14.9201  0.12
14.9301  0.07
14.9401  0.03
14.9501  0.06
14.9601  0.08
14.9701  0.09
14.9801  0.05
14.9901  0.05
15.0001  0.03
15.0101  0.03
15.0201  0.03
15.0301  0.09
15.0401  0.05
15.0501  0.04
15.0601  0.05
15.0701  0.07
15.0801  0.05
15.0901  0.04
15.1001  0.05
15.1101  0.06
15.1201  0.04
15.1301  0.12
15.1401  0.07
15.1501  0.06
15.1601  0.05
15.1701  0.07
15.1801  0.08
15.1901  0.05
15.2001  0.04
15.2101  0.06
15.2201  0.04
15.2301  0.06
15.2401  0.04
15.2501  0.05
15.2601  0.05
15.2701  0.08
15.2801  0.1
15.2901  0.09
15.3001  0.06
15.3101  0.07
15.3201  0.08
15.3301  0.02
15.3401  0.02
15.3501  0.03
15.3601  0.04
15.3701  0.08
15.3801  0.08
15.3901  0.04
15.4001  0.05
15.4101  0.07
15.4201  0.04
15.4301  0
15.4401  0.08
15.4501  0.08
15.4601  0.09
15.4701  0.05
15.4801  0.06
15.4901  0.05
15.5001  0.05
15.5101  0.07
15.5201  0.02
15.5301  0.04
15.5401  0.06
15.5501  0.05
15.5601  0.04
15.5701  0.02
15.5801  0.07
15.5901  0.08
15.6001  0.05
15.6101  0.08
15.6201  0.05
15.6301  0.05
15.6401  0.02
15.6501  0.06
15.6601  0.05
15.6701  0.03
15.6801  0.04
15.6901  0.1
15.7001  0.05
15.7101  0.08
15.7201  0.03
15.7301  0.06
15.7401  0.07
15.7501  0.05
15.7601  0.11
15.7701  0.1
15.7801  0.06
15.7901  0.01
15.8001  0.04
15.8101  0.02
15.8201  0.05
15.8301  0.05
15.8401  0.11
15.8501  0.02
15.8601  0.05
15.8701  0.06
15.8801  0.05
15.8901  0.09
15.9001  0.02
15.9101  0.07
15.9201  0.07
15.9301  0.05
15.9401  0.05
15.9501  0.04
15.9601  0.05
15.9701  0.1
15.9801  0.04
15.9901  0.02
16.0001  0.06
16.0101  0
16.0201  0.06
16.0301  0.08
16.0401  0.05
16.0501  0.1
16.0601  0.06
16.0701  0.06
16.0801  0.11
16.0901  0.06
16.1001  0.06
16.1101  0.04
16.1201  0.06
16.1301  0.06
16.1401  0.05
16.1501  0.05
16.1601  0.05
16.1701  0.05
16.1801  0.06
16.1901  0.06
16.2001  0.01
16.2101  0.04
16.2201  0.06
16.2301  0.06
16.2401  0.07
16.2501  0.07
16.2601  0.06
16.2701  0.04
16.2801  0.07
16.2901  0.03
16.3001  0.04
16.3101  0.13
16.3201  0.05
16.3301  0.08
16.3401  0.06
16.3501  0.03
16.3601  0.07
16.3701  0.09
16.3801  0.04
16.3901  0.07
16.4001  0.06
16.4101  0.01
16.4201  0.01
16.4301  0.05
16.4401  0.06
16.4501  0.07
16.4601  0.03
16.4701  0.05
16.4801  0.04
16.4901  0.05
16.5001  0.07
16.5101  0.1
16.5201  0.01
16.5301  0.1
16.5401  0.06
16.5501  0.06
16.5601  0.07
16.5701  0.08
16.5801  0.01
16.5901  0.03
16.6001  0.06
16.6101  0.04
16.6201  0.06
16.6301  0.03
16.6401  0.05
16.6501  0.05
16.6601  0.05
16.6701  0.03
16.6801  0.03
16.6901  0.05
16.7001  0.09
16.7101  0.08
16.7201  0.04
16.7301  0.06
16.7401  0.05
16.7501  0.03
16.7601  0.05
16.7701  0.06
16.7801  0.07
16.7901  0.06
16.8001  0.04
16.8101  0.06
16.8201  0.08
16.8301  0.06
16.8401  0.07
16.8501  0.07
16.8601  0.07
16.8701  0.04
16.8801  0.08
16.8901  0.06
16.9001  0.06
16.9101  0.03
16.9201  0.07
16.9301  0.07
16.9401  0.08
16.9501  0.07
16.9601  0.06
16.9701  0.04
16.9801  0.05
16.9901  0.01
17.0001  0.1
17.0101  0.02
17.0201  0.05
17.0301  0.05
17.0401  0.09
17.0501  0.04
17.0601  0.05
17.0701  0.05
17.0801  0.03
17.0901  0.02
17.1001  0.07
17.1101  0.07
17.1201  0.03
17.1301  0.06
17.1401  0.03
17.1501  0.08
17.1601  0.06
17.1701  0.05
17.1801  0.12
17.1901  0.11
17.2001  0.02
17.2101  0.03
17.2201  0.04
17.2301  0.07
17.2401  0.03
17.2501  0.05
17.2601  0.11
17.2701  0.03
17.2801  0.01
17.2901  0.06
17.3001  0.05
17.3101  0.03
17.3201  0.09
17.3301  0.11
17.3401  0.07
17.3501  0.08
17.3601  0.06
17.3701  0.07
17.3801  0.04
17.3901  0.04
17.4001  0.04
17.4101  0.05
17.4201  0.1
17.4301  0.07
17.4401  0.02
17.4501  0.05
17.4601  0.03
17.4701  0.08
17.4801  0
17.4901  0.09
17.5001  0.06
17.5101  0.12
17.5201  0.06
17.5301  0.04
17.5401  0.01
17.5501  0.05
17.5601  0.09
17.5701  0.03
17.5801  0.05
17.5901  0.06
17.6001  0.03
17.6101  0.03
17.6201  0.07
17.6301  0.07
17.6401  0.05
17.6501  0.05
17.6601  0.04
17.6701  0.04
17.6801  0.06
17.6901  0.04
17.7001  0.07
17.7101  0.07
17.7201  0.07
17.7301  0.02
17.7401  0.08
17.7501  0.06
17.7601  0.06
17.7701  0.03
17.7801  0.03
17.7901  0.03
17.8001  0.06
17.8101  0.03
17.8201  0.05
17.8301  0.05
17.8401  0.09
17.8501  0.03
17.8601  0.1
17.8701  0.02
17.8801  0.07
17.8901  0.06
17.9001  0.06
17.9101  0.1
17.9201  0.04
17.9301  0.06
17.9401  0.04
17.9501  0.04
17.9601  0.05
17.9701  0.06
17.9801  0.05
17.9901  0.07
18.0001  0.05
18.0101  0.09
18.0201  0.08
18.0301  0.09
18.0401  0.06
18.0501  0.04
18.0601  0.07
18.0701  0.05
18.0801  0.06
18.0901  0.03
18.1001  0.09
18.1101  0.08
18.1201  0.02
18.1301  0.06
18.1401  0.07
18.1501  0.05
18.1601  0.07
18.1701  0.02
18.1801  0.06
18.1901  0.1
18.2001  0.05
18.2101  0.07
18.2201  0.02
18.2301  0.08
18.2401  0.07
18.2501  0.05
18.2601  0.06
18.2701  0.07
18.2801  0.07
18.2901  0.02
18.3001  0.07
18.3101  0.09
18.3201  0.07
18.3301  0.07
18.3401  0.03
18.3501  0.06
18.3601  0.04
18.3701  0.02
18.3801  0.04
18.3901  0.05
18.4001  0.04
18.4101  0.02
18.4201  0.01
18.4301  0.04
18.4401  0.02
18.4501  0.04
18.4601  0.04
18.4701  0.07
18.4801  0.06
18.4901  0.07
18.5001  0.05
18.5101  0.09
18.5201  0.07
18.5301  0.07
18.5401  0.08
18.5501  0.04
18.5601  0.05
18.5701  0.03
18.5801  0.12
18.5901  0.07
18.6001  0.09
18.6101  0.05
18.6201  0.09
18.6301  0.06
18.6401  0.09
18.6501  0.06
18.6601  0.03
18.6701  0.05
18.6801  0.04
18.6901  0.04
18.7001  0.03
18.7101  0.06
18.7201  0.06
18.7301  0.09
18.7401  0.04
18.7501  0.04
18.7601  0.03
18.7701  0.04
18.7801  0.07
18.7901  0.08
18.8001  0.05
18.8101  0.05
18.8201  0.07
18.8301  0.07
18.8401  0.04
18.8501  0.07
18.8601  0.13
18.8701  0.06
18.8801  0.02
18.8901  0.03
18.9001  0.05
18.9101  0.04
18.9201  0.04
18.9301  0.06
18.9401  0.06
18.9501  0.06
18.9601  0.1
18.9701  0.08
18.9801  0.06
18.9901  0.02
19.0001  0.06
19.0101  0.07
19.0201  0.06
19.0301  0.03
19.0401  0.03
19.0501  0.1
19.0601  0.03
19.0701  0.05
19.0801  0.04
19.0901  0.07
19.1001  0.04
19.1101  0.04
19.1201  0.08
19.1301  0.03
19.1401  0.05
19.1501  0.04
19.1601  0.02
19.1701  0.07
19.1801  0.08
19.1901  0.05
19.2001  0.11
19.2101  0.04
19.2201  0.05
19.2301  0.07
19.2401  0.04
19.2501  0.07
19.2601  0.06
19.2701  0.03
19.2801  0.1
19.2901  0.08
19.3001  0.03
19.3101  0.09
19.3201  0.07
19.3301  0.04
19.3401  0.04
19.3501  0.05
19.3601  0.03
19.3701  0.04
19.3801  0.02
19.3901  0.03
19.4001  0.06
19.4101  0.07
19.4201  0.11
19.4301  0.06
19.4401  0.03
19.4501  0.04
19.4601  0.03
19.4701  0.01
19.4801  0.05
19.4901  0.07
19.5001  0.05
19.5101  0.03
19.5201  0.07
19.5301  0.05
19.5401  0.07
19.5501  0.07
19.5601  0.1
19.5701  0.05
19.5801  0.07
19.5901  0.08
19.6001  0.06
19.6101  0.1
19.6201  0.03
19.6301  0.06
19.6401  0.07
19.6501  0.05
19.6601  0.07
19.6701  0.04
19.6801  0.08
19.6901  0.1
19.7001  0.02
19.7101  0.04
19.7201  0.05
19.7301  0.06
19.7401  0.08
19.7501  0.03
19.7601  0.09
19.7701  0.03
19.7801  0.07
19.7901  0.06
19.8001  0.04
19.8101  0.02
19.8201  0.07
19.8301  0.09
19.8401  0.03
19.8501  0.08
19.8601  0.08
19.8701  0.05
19.8801  0.06
19.8901  0.06
19.9001  0.06
19.9101  0.03
19.9201  0.07
19.9301  0
19.9401  0.06
19.9501  0.07
19.9601  0.07
19.9701  0.01
19.9801  0.04
19.9901  0.04
20.0001  0.05
20.0101  0.04
20.0201  0.02
20.0301  0.04
20.0401  0.03
20.0501  0.05
20.0601  0.09
20.0701  0.06
20.0801  0.03
20.0901  0.06
20.1001  0.13
20.1101  0.04
20.1201  0.07
20.1301  0.04
20.1401  0.09
20.1501  0.04
20.1601  0.07
20.1701  0.06
20.1801  0.06
20.1901  0.05
20.2001  0.01
20.2101  0.06
20.2201  0.06
20.2301  0.05
20.2401  0.07
20.2501  0.05
20.2601  0.04
20.2701  0.06
20.2801  0.07
20.2901  0.05
20.3001  0.04
20.3101  0.08
20.3201  0.07
20.3301  0.04
20.3401  0.08
20.3501  0.07
20.3601  0.08
20.3701  0.07
20.3801  0.09
20.3901  0.04
20.4001  0.06
20.4101  0.05
20.4201  0.06
20.4301  0.1
20.4401  0.06
20.4501  0.05
20.4601  0.07
20.4701  0.07
20.4801  0.04
20.4901  0.01
20.5001  0.02
20.5101  0.03
20.5201  0.04
20.5301  0.08
20.5401  0.05
20.5501  0.12
20.5601  0.05
20.5701  0.05
20.5801  0.05
20.5901  0.04
20.6001  0.06
20.6101  0.05
20.6201  0.08
20.6301  0.01
20.6401  0.03
20.6501  0.05
20.6601  0.07
20.6701  0.06
20.6801  0.08
20.6901  0.05
20.7001  0.05
20.7101  0.06
20.7201  0.02
20.7301  0.08
20.7401  0.03
20.7501  0.04
20.7601  0.08
20.7701  0.05
20.7801  0.05
20.7901  0.02
20.8001  0.03
20.8101  0.09
20.8201  0.05
20.8301  0.06
20.8401  0.09
20.8501  0.06
20.8601  0.09
20.8701  0.04
20.8801  0.06
20.8901  0.05
20.9001  0.06
20.9101  0.06
20.9201  0.02
20.9301  0.05
20.9401  0.05
20.9501  0.05
20.9601  0.05
20.9701  0.06
20.9801  0.07
20.9901  0.08
21.0001  0.07
21.0101  0.05
21.0201  0.05
21.0301  0.04
21.0401  0.09
21.0501  0.03
21.0601  0.05
21.0701  0.07
21.0801  0.03
21.0901  0.04
21.1001  0
21.1101  0.09
21.1201  0.1
21.1301  0.07
21.1401  0.04
21.1501  0.02
21.1601  0.13
21.1701  0.07
21.1801  0.03
21.1901  0.08
21.2001  0.12
21.2101  0.08
21.2201  0.04
21.2301  0.04
21.2401  0.05
21.2501  0.03
21.2601  0.04
21.2701  0.07
21.2801  0.05
21.2901  0.05
21.3001  0.01
21.3101  0.07
21.3201  0.05
21.3301  0.1
21.3401  0.03
21.3501  0.03
21.3601  0.05
21.3701  0.08
21.3801  0.04
21.3901  0.05
21.4001  0.07
21.4101  0.08
21.4201  0.04
21.4301  0.02
21.4401  0.04
21.4501  0.03
21.4601  0.04
21.4701  0.06
21.4801  0.04
21.4901  0.05
21.5001  0.07
21.5101  0.06
21.5201  0.1
21.5301  0.07
21.5401  0.06
21.5501  0.08
21.5601  0.05
21.5701  0.1
21.5801  0.06
21.5901  0.07
21.6001  0.03
21.6101  0.03
21.6201  0.02
21.6301  0.08
21.6401  0.05
21.6501  0.14
21.6601  0.05
21.6701  0.07
21.6801  0.04
21.6901  0.03
21.7001  0.08
21.7101  0.04
21.7201  0.03
21.7301  0.05
21.7401  0.08
21.7501  0.05
21.7601  0.04
21.7701  0.06
21.7801  0.05
21.7901  0.04
21.8001  0.04
21.8101  0.05
21.8201  0.03
21.8301  0.06
21.8401  0.06
21.8501  0.1
21.8601  0.01
21.8701  0.02
21.8801  0.1
21.8901  0.08
21.9001  0.08
21.9101  0.08
21.9201  0.07
21.9301  0.07
21.9401  0.04
21.9501  0.07
21.9601  0.08
21.9701  0.06
21.9801  0.06
21.9901  0.05
22.0001  0.06
22.0101  0.03
22.0201  0.1
22.0301  0.04
22.0401  0
22.0501  0.01
22.0601  0.06
22.0701  0.03
22.0801  0.05
22.0901  0.04
22.1001  0.08
22.1101  0.03
22.1201  0.08
22.1301  0.07
22.1401  0.07
22.1501  0.07
22.1601  0.05
22.1701  0.05
22.1801  0.09
22.1901  0.08
22.2001  0.06
22.2101  0.07
22.2201  0.04
22.2301  0.07
22.2401  0.07
22.2501  0.05
22.2601  0.01
22.2701  0.03
22.2801  0.04
22.2901  0.03
22.3001  0.06
22.3101  0.05
22.3201  0.08
22.3301  0.09
22.3401  0.04
22.3501  0.04
22.3601  0.04
22.3701  0.05
22.3801  0.05
22.3901  0.04
22.4001  0.05
22.4101  0.1
22.4201  0.06
22.4301  0.06
22.4401  0.11
22.4501  0.06
22.4601  0.05
22.4701  0.07
22.4801  0.05
22.4901  0.06
22.5001  0.01
22.5101  0.05
22.5201  0.07
22.5301  0.01
22.5401  0.04
22.5501  0.05
22.5601  0.1
22.5701  0.04
22.5801  0.07
22.5901  0.05
22.6001  0.07
22.6101  0.05
22.6201  0.07
22.6301  0.05
22.6401  0.05
22.6501  0.08
22.6601  0.04
22.6701  0.05
22.6801  0.09
22.6901  0.08
22.7001  0.03
22.7101  0.07
22.7201  0.06
22.7301  0.04
22.7401  0.05
22.7501  0.08
22.7601  0.12
22.7701  0.04
22.7801  0.05
22.7901  0.04
22.8001  0.03
22.8101  0.1
22.8201  0.04
22.8301  0.03
22.8401  0.08
22.8501  0.05
22.8601  0.02
22.8701  0.06
22.8801  0.05
22.8901  0.02
22.9001  0.08
22.9101  0.09
22.9201  0.08
22.9301  0.04
22.9401  0.03
22.9501  0.05
22.9601  0.05
22.9701  0.08
22.9801  0.04
22.9901  0.04
23.0001  0.02
23.0101  0.03
23.0201  0.05
23.0301  0.08
23.0401  0.06
23.0501  0.03
23.0601  0.04
23.0701  0.06
23.0801  0.09
23.0901  0.05
23.1001  0.08
23.1101  0.04
23.1201  0.06
23.1301  0.05
23.1401  0.11
23.1501  0.03
23.1601  0.05
23.1701  0.01
23.1801  0.05
23.1901  0.04
23.2001  0.06
23.2101  0.08
23.2201  0.07
23.2301  0.02
23.2401  0.11
23.2501  0.07
23.2601  0.05
23.2701  0.04
23.2801  0.05
23.2901  0.05
23.3001  0.03
23.3101  0.06
23.3201  0.02
23.3301  0.03
23.3401  0.02
23.3501  0.08
23.3601  0.04
23.3701  0.04
23.3801  0.07
23.3901  0.04
23.4001  0.09
23.4101  0.06
23.4201  0.06
23.4301  0.1
23.4401  0.06
23.4501  0.03
23.4601  0.09
23.4701  0.07
23.4801  0.1
23.4901  0.06
23.5001  0.07
23.5101  0.05
23.5201  0.04
23.5301  0.06
23.5401  0.04
23.5501  0.06
23.5601  0.06
23.5701  0.06
23.5801  0.05
23.5901  0.05
23.6001  0.08
23.6101  0.06
23.6201  0.06
23.6301  0.06
23.6401  0.03
23.6501  0.05
23.6601  0.09
23.6701  0.06
23.6801  0.03
23.6901  0.06
23.7001  0.06
23.7101  0.04
23.7201  0.08
23.7301  0.08
23.7401  0.05
23.7501  0.06
23.7601  0.08
23.7701  0.05
23.7801  0.02
23.7901  0.03
23.8001  0.06
23.8101  0.04
23.8201  0.05
23.8301  0.07
23.8401  0.05
23.8501  0.1
23.8601  0.05
23.8701  0.11
23.8801  0.03
23.8901  0.04
23.9001  0.04
23.9101  0.05
23.9201  0.05
23.9301  0.07
23.9401  0.07
23.9501  0.04
23.9601  0.04
23.9701  0.08
23.9801  0.04
23.9901  0.04
24.0001  0.06
24.0101  0.02
24.0201  0.05
24.0301  0.03
24.0401  0.08
24.0501  0.04
24.0601  0.03
24.0701  0.03
24.0801  0.06
24.0901  0.06
24.1001  0.02
24.1101  0.08
24.1201  0.03
24.1301  0.04
24.1401  0.07
24.1501  0.02
24.1601  0.04
24.1701  0.07
24.1801  0.14
24.1901  0.07
24.2001  0.03
24.2101  0.08
24.2201  0.02
24.2301  0.07
24.2401  0.04
24.2501  0.06
24.2601  0.06
24.2701  0.06
24.2801  0.03
24.2901  0.04
24.3001  0.04
24.3101  0.09
24.3201  0.06
24.3301  0.06
24.3401  0.08
24.3501  0.07
24.3601  0.03
24.3701  0.09
24.3801  0.07
24.3901  0.02
24.4001  0.04
24.4101  0.04
24.4201  0.06
24.4301  0.05
24.4401  0.05
24.4501  0.08
24.4601  0.04
24.4701  0.07
24.4801  0.07
24.4901  0.06
24.5001  0.07
24.5101  0.1
24.5201  0.03
24.5301  0.08
24.5401  0.05
24.5501  0.03
24.5601  0.05
24.5701  0.05
24.5801  0.05
24.5901  0.05
24.6001  0.07
24.6101  0.04
24.6201  0.07
24.6301  0.07
24.6401  0.05
24.6501  0.05
24.6601  0.07
24.6701  0.07
24.6801  0.06
24.6901  0.02
24.7001  0.04
24.7101  0.06
24.7201  0.08
24.7301  0.08
24.7401  0.04
24.7501  0.07
24.7601  0.05
24.7701  0.08
24.7801  0.05
24.7901  0.05
24.8001  0.03
24.8101  0.04
24.8201  0.08
24.8301  0.06
24.8401  0.08
24.8501  0.04
24.8601  0.06
24.8701  0.05
24.8801  0.09
24.8901  0.03
24.9001  0.04
24.9101  0.03
24.9201  0.07
24.9301  0.04
24.9401  0.06
24.9501  0.06
24.9601  0.03
24.9701  0.03
24.9801  0.02
24.9901  0.09
25.0001  0.07
25.0101  0.07
25.0201  0.06
25.0301  0.01
25.0401  0.08
25.0501  0.1
25.0601  0.05
25.0701  0.06
25.0801  0.11
25.0901  0.05
25.1001  0.03
25.1101  0.09
25.1201  0.05
25.1301  0.07
25.1401  0.03
25.1501  0.04
25.1601  0.07
25.1701  0.07
25.1801  0.05
25.1901  0.04
25.2001  0.03
25.2101  0.1
25.2201  0.02
25.2301  0.09
25.2401  0.03
25.2501  0.09
25.2601  0.07
25.2701  0.08
25.2801  0.05
25.2901  0.05
25.3001  0.01
25.3101  0.04
25.3201  0.04
25.3301  0.04
25.3401  0.08
25.3501  0.06
25.3601  0.06
25.3701  0.04
25.3801  0.06
25.3901  0.07
25.4001  0.08
25.4101  0.04
25.4201  0.03
25.4301  0.07
25.4401  0.02
25.4501  0.06
25.4601  0.07
25.4701  0.05
25.4801  0.1
25.4901  0.07
25.5001  0.06
25.5101  0.01
25.5201  0.05
25.5301  0.04
25.5401  0.05
25.5501  0.09
25.5601  0.03
25.5701  0.06
25.5801  0.04
25.5901  0.09
25.6001  0.05
25.6101  0.05
25.6201  0.08
25.6301  0.06
25.6401  0.06
25.6501  0.07
25.6601  0.04
25.6701  0.1
25.6801  0.07
25.6901  0.04
25.7001  0.03
25.7101  0.11
25.7201  0.07
25.7301  0.07
25.7401  0.04
25.7501  0.03
25.7601  0.08
25.7701  0.06
25.7801  0.04
25.7901  0.06
25.8001  0.06
25.8101  0.07
25.8201  0.07
25.8301  0.02
25.8401  0.04
25.8501  0.07
25.8601  0.07
25.8701  0.02
25.8801  0.02
25.8901  0.05
25.9001  0.08
25.9101  0.08
25.9201  0.04
25.9301  0.03
25.9401  0.07
25.9501  0.06
25.9601  0.04
25.9701  0.05
25.9801  0.02
25.9901  0.03
26.0001  0.07
26.0101  0.09
26.0201  0.07
26.0301  0.03
26.0401  0.07
26.0501  0.07
26.0601  0.05
26.0701  0.02
26.0801  0.06
26.0901  0.06
26.1001  0.08
26.1101  0.08
26.1201  0.01
26.1301  0.07
26.1401  0.03
26.1501  0.02
26.1601  0.03
26.1701  0.01
26.1801  0.14
26.1901  0.05
26.2001  0.03
26.2101  0.02
26.2201  0.08
26.2301  0.05
26.2401  0.02
26.2501  0.08
26.2601  0.05
26.2701  0.09
26.2801  0.13
26.2901  0.03
26.3001  0.07
26.3101  0.03
26.3201  0.02
26.3301  0.08
26.3401  0.04
26.3501  0.02
26.3601  0.06
26.3701  0.05
26.3801  0.08
26.3901  0.09
26.4001  0.08
26.4101  0.07
26.4201  0.1
26.4301  0.03
26.4401  0.05
26.4501  0.02
26.4601  0.1
26.4701  0.07
26.4801  0.07
26.4901  0.09
26.5001  0.05
26.5101  0.05
26.5201  0.04
26.5301  0.07
26.5401  0.04
26.5501  0.09
26.5601  0.07
26.5701  0.05
26.5801  0.1
26.5901  0.02
26.6001  0.06
26.6101  0.04
26.6201  0.08
26.6301  0.06
26.6401  0.03
26.6501  0.03
26.6601  0.05
26.6701  0.05
26.6801  0.06
26.6901  0.06
26.7001  0.08
26.7101  0.03
26.7201  0.09
26.7301  0.03
26.7401  0.08
26.7501  0.02
26.7601  0.06
26.7701  0.06
26.7801  0.1
26.7901  0.03
26.8001  0.04
26.8101  0.01
26.8201  0.07
26.8301  0.06
26.8401  0.06
26.8501  0.02
26.8601  0.06
26.8701  0.05
26.8801  0.04
26.8901  0.07
26.9001  0.04
26.9101  0.05
26.9201  0.13
26.9301  0.02
26.9401  0.01
26.9501  0.08
26.9601  0.05
26.9701  0.05
26.9801  0.05
26.9901  0.07
27.0001  0.04
27.0101  0.03
27.0201  0.03
27.0301  0.03
27.0401  0.05
27.0501  0.06
27.0601  0.06
27.0701  0.07
27.0801  0.06
27.0901  0.02
27.1001  0.06
27.1101  0.05
27.1201  0.07
27.1301  0.03
27.1401  0.09
27.1501  0.02
27.1601  0.08
27.1701  0.08
27.1801  0.04
27.1901  0.1
27.2001  0.06
27.2101  0.04
27.2201  0.06
27.2301  0.08
27.2401  0.09
27.2501  0.04
27.2601  0.02
27.2701  0.07
27.2801  0.06
27.2901  0.08
27.3001  0.07
27.3101  0.11
27.3201  0.07
27.3301  0.03
27.3401  0.08
27.3501  0.05
27.3601  0.04
27.3701  0.04
27.3801  0.04
27.3901  0.04
27.4001  0.08
27.4101  0.08
27.4201  0.01
27.4301  0.05
27.4401  0.02
27.4501  0.05
27.4601  0.07
27.4701  0.06
27.4801  0.05
27.4901  0.01
27.5001  0.04
27.5101  0.07
27.5201  0.07
27.5301  0.02
27.5401  0.09
27.5501  0.06
27.5601  0.06
27.5701  0.02
27.5801  0.03
27.5901  0.1
27.6001  0.07
27.6101  0.08
27.6201  0.08
27.6301  0.05
27.6401  0.01
27.6501  0.08
27.6601  0.06
27.6701  0.05
27.6801  0.07
27.6901  0.08
27.7001  0.06
27.7101  0.04
27.7201  0.04
27.7301  0.07
27.7401  0.08
27.7501  0.03
27.7601  0.07
27.7701  0.05
27.7801  0.06
27.7901  0.05
27.8001  0.04
27.8101  0.05
27.8201  0.01
27.8301  0.05
27.8401  0.07
27.8501  0.08
27.8601  0.05
27.8701  0.05
27.8801  0.05
27.8901  0.06
27.9001  0.11
27.9101  0.07
27.9201  0.03
27.9301  0.05
27.9401  0.04
27.9501  0.07
27.9601  0.05
27.9701  0.02
27.9801  0.03
27.9901  0.07
28.0001  0.08
28.0101  0.07
28.0201  0.03
28.0301  0.03
28.0401  0.03
28.0501  0.05
28.0601  0.13
28.0701  0.06
28.0801  0.08
28.0901  0.05
28.1001  0.04
28.1101  0.04
28.1201  0.07
28.1301  0.05
28.1401  0.03
28.1501  0.09
28.1601  0.02
28.1701  0.07
28.1801  0.07
28.1901  0.05
28.2001  0.06
28.2101  0.08
28.2201  0.09
28.2301  0.05
28.2401  0.07
28.2501  0.05
28.2601  0.02
28.2701  0.03
28.2801  0.03
28.2901  0.08
28.3001  0.07
28.3101  0.07
28.3201  0.11
28.3301  0.05
28.3401  0.04
28.3501  0.05
28.3601  0.06
28.3701  0.03
28.3801  0.06
28.3901  0.04
28.4001  0.05
28.4101  0.07
28.4201  0.06
28.4301  0.07
28.4401  0.08
28.4501  0.06
28.4601  0.03
28.4701  0.05
28.4801  0.07
28.4901  0.08
28.5001  0.05
28.5101  0.05
28.5201  0.07
28.5301  0.06
28.5401  0.05
28.5501  0.04
28.5601  0.02
28.5701  0.08
28.5801  0.06
28.5901  0.09
28.6001  0.03
28.6101  0.02
28.6201  0.06
28.6301  0.11
28.6401  0.06
28.6501  0.04
28.6601  0.03
28.6701  0.06
28.6801  0.04
28.6901  0.07
28.7001  0.05
28.7101  0.07
28.7201  0.03
28.7301  0.07
28.7401  0.02
28.7501  0.03
28.7601  0.07
28.7701  0.06
28.7801  0.05
28.7901  0.06
28.8001  0.11
28.8101  0.07
28.8201  0.06
28.8301  0.06
28.8401  0.03
28.8501  0.01
28.8601  0.07
28.8701  0.02
28.8801  0.07
28.8901  0.04
28.9001  0.06
28.9101  0.12
28.9201  0.05
28.9301  0.06
28.9401  0.04
28.9501  0.04
28.9601  0.06
28.9701  0.08
28.9801  0.03
28.9901  0.14
29.0001  0.03
29.0101  0.05
29.0201  0.08
29.0301  0.06
29.0401  0.08
29.0501  0.01
29.0601  0.03
29.0701  0.04
29.0801  0.07
29.0901  0.02
29.1001  0.02
29.1101  0.07
29.1201  0.06
29.1301  0.08
29.1401  0.04
29.1501  0.04
29.1601  0.05
29.1701  0.07
29.1801  0.07
29.1901  0.07
29.2001  0.08
29.2101  0.06
29.2201  0.08
29.2301  0.05
29.2401  0.04
29.2501  0.04
29.2601  0.05
29.2701  0.05
29.2801  0.07
29.2901  0.04
29.3001  0.12
29.3101  0.02
29.3201  0.03
29.3301  0.03
29.3401  0.07
29.3501  0.02
29.3601  0.09
29.3701  0.05
29.3801  0.05
29.3901  0.02
29.4001  0.05
29.4101  0.07
29.4201  0.04
29.4301  0.05
29.4401  0.04
29.4501  0.05
29.4601  0.06
29.4701  0.09
29.4801  0.07
29.4901  0.07
29.5001  0.03
29.5101  0.01
29.5201  0.04
29.5301  0.04
29.5401  0.05
29.5501  0.06
29.5601  0.09
29.5701  0.08
29.5801  0.06
29.5901  0.07
29.6001  0.03
29.6101  0.06
29.6201  0.02
29.6301  0.07
29.6401  0.06
29.6501  0.04
29.6601  0.02
29.6701  0.09
29.6801  0.01
29.6901  0.07
29.7001  0.08
29.7101  0.03
29.7201  0.07
29.7301  0.03
29.7401  0.08
29.7501  0.08
29.7601  0.02
29.7701  0.05
29.7801  0.09
29.7901  0.05
29.8001  0.06
29.8101  0.07
29.8201  0.02
29.8301  0.03
29.8401  0.05
29.8501  0.06
29.8601  0.08
29.8701  0.04
29.8801  0.08
29.8901  0.05
29.9001  0.11
29.9101  0.05
29.9201  0.09
29.9301  0.03
29.9401  0.08
29.9501  0.07
29.9601  0
29.9701  0.06
29.9801  0.07
29.9901  0.03
30.0001  0.03
30.0101  0.07
30.0201  0.05
30.0301  0.05
30.0401  0.04
30.0501  0.05
30.0601  0.05
30.0701  0.07
30.0801  0.13
30.0901  0.07
30.1001  0.07
30.1101  0.08
30.1201  0.11
30.1301  0.08
30.1401  0.03
30.1501  0.03
30.1601  0.03
30.1701  0.05
30.1801  0.03
30.1901  0.08
30.2001  0.08
30.2101  0.03
30.2201  0.08
30.2301  0.01
30.2401  0.05
30.2501  0.1
30.2601  0.02
30.2701  0.09
30.2801  0.03
30.2901  0.03
30.3001  0.05
30.3101  0.04
30.3201  0.02
30.3301  0.04
30.3401  0.04
30.3501  0.06
30.3601  0.1
30.3701  0.05
30.3801  0.05
30.3901  0.07
30.4001  0.09
30.4101  0.04
30.4201  0.11
30.4301  0.04
30.4401  0.03
30.4501  0.06
30.4601  0.04
30.4701  0.08
30.4801  0.06
30.4901  0.02
30.5001  0.06
30.5101  0.04
30.5201  0.08
30.5301  0.05
30.5401  0.03
30.5501  0.04
30.5601  0.13
30.5701  0.02
30.5801  0.07
30.5901  0.05
30.6001  0.05
30.6101  0.11
30.6201  0.07
30.6301  0.08
30.6401  0.09
30.6501  0.08
30.6601  0.05
30.6701  0.07
30.6801  0.07
30.6901  0.03
30.7001  0.05
30.7101  0.03
30.7201  0.11
30.7301  0.02
30.7401  0.07
30.7501  0.05
30.7601  0.05
30.7701  0.04
30.7801  0.05
30.7901  0.05
30.8001  0.06
30.8101  0.07
30.8201  0.08
30.8301  0.06
30.8401  0.06
30.8501  0.02
30.8601  0.1
30.8701  0.09
30.8801  0.07
30.8901  0.02
30.9001  0.07
30.9101  0.07
30.9201  0.07
30.9301  0.06
30.9401  0.03
30.9501  0.03
30.9601  0.09
30.9701  0.03
30.9801  0.03
30.9901  0.06
31.0001  0.03
31.0101  0.03
31.0201  0.04
31.0301  0.08
31.0401  0.08
31.0501  0.05
31.0601  0.06
31.0701  0.03
31.0801  0.01
31.0901  0.06
31.1001  0.04
31.1101  0.07
31.1201  0.06
31.1301  0.06
31.1401  0.02
31.1501  0.04
31.1601  0.03
31.1701  0.06
31.1801  0.1
31.1901  0.05
31.2001  0.06
31.2101  0.07
31.2201  0.06
31.2301  0.05
31.2401  0.07
31.2501  0.07
31.2601  0.04
31.2701  0.03
31.2801  0.05
31.2901  0.05
31.3001  0.03
31.3101  0.1
31.3201  0.07
31.3301  0.12
31.3401  0.02
31.3501  0.09
31.3601  0.05
31.3701  0.11
31.3801  0.05
31.3901  0.02
31.4001  0.04
31.4101  0.01
31.4201  0.02
31.4301  0.07
31.4401  0.06
31.4501  0.04
31.4601  0.04
31.4701  0.04
31.4801  0.07
31.4901  0.09
31.5001  0.08
31.5101  0.03
31.5201  0.04
31.5301  0.08
31.5401  0.08
31.5501  0.07
31.5601  0.08
31.5701  0.05
31.5801  0.01
31.5901  0.06
31.6001  0.05
31.6101  0.03
31.6201  0.05
31.6301  0.03
31.6401  0.1
31.6501  0.1
31.6601  0.05
31.6701  0.07
31.6801  0.07
31.6901  0.04
31.7001  0.06
31.7101  0.07
31.7201  0.05
31.7301  0.03
31.7401  0.06
31.7501  0.05
31.7601  0.05
31.7701  0.06
31.7801  0.04
31.7901  0.06
31.8001  0.04
31.8101  0.12
31.8201  0.12
31.8301  0.06
31.8401  0.11
31.8501  0.03
31.8601  0.05
31.8701  0.05
31.8801  0.02
31.8901  0.06
31.9001  0.04
31.9101  0.04
31.9201  0.04
31.9301  0.05
31.9401  0.07
31.9501  0.02
31.9601  0.09
31.9701  0.05
31.9801  0.06
31.9901  0.07
32.0001  0.05
32.0101  0.03
32.0201  0.07
32.0301  0.01
32.0401  0.02
32.0501  0.06
32.0601  0.03
32.0701  0.06
32.0801  0.06
32.0901  0.06
32.1001  0.05
32.1101  0.08
32.1201  0.01
32.1301  0.07
32.1401  0.02
32.1501  0.08
32.1601  0.04
32.1701  0.08
32.1801  0.05
32.1901  0.03
32.2001  0.05
32.2101  0.11
32.2201  0.09
32.2301  0.02
32.2401  0.03
32.2501  0.01
32.2601  0.06
32.2701  0.07
32.2801  0.03
32.2901  0.09
32.3001  0.06
32.3101  0.04
32.3201  0.05
32.3301  0.1
32.3401  0.07
32.3501  0.06
32.3601  0.05
32.3701  0.05
32.3801  0.03
32.3901  0.07
32.4001  0.09
32.4101  0.08
32.4201  0.09
32.4301  0.04
32.4401  0.02
32.4501  0.08
32.4601  0.04
32.4701  0.07
32.4801  0.08
32.4901  0.04
32.5001  0.06
32.5101  0.03
32.5201  0.08
32.5301  0.04
32.5401  0.05
32.5501  0.08
32.5601  0.02
32.5701  0.04
32.5801  0.05
32.5901  0.02
32.6001  0.08
32.6101  0.08
32.6201  0.09
32.6301  0.07
32.6401  0.02
32.6501  0.05
32.6601  0.06
32.6701  0.07
32.6801  0.05
32.6901  0.05
32.7001  0.04
32.7101  0.08
32.7201  0.05
32.7301  0.05
32.7401  0.09
32.7501  0.04
32.7601  0.09
32.7701  0.07
32.7801  0.04
32.7901  0.06
32.8001  0.06
32.8101  0.03
32.8201  0.04
32.8301  0.07
32.8401  0.05
32.8501  0.03
32.8601  0.06
32.8701  0.07
32.8801  0.05
32.8901  0.06
32.9001  0.06
32.9101  0.03
32.9201  0.11
32.9301  0.07
32.9401  0.08
32.9501  0.05
32.9601  0.06
32.9701  0.04
32.9801  0.02
32.9901  0.07
33.0001  0.05
33.0101  0.04
33.0201  0.01
33.0301  0.03
33.0401  0.05
33.0501  0.06
33.0601  0.06
33.0701  0.05
33.0801  0.07
33.0901  0.01
33.1001  0.11
33.1101  0.05
33.1201  0.07
33.1301  0.06
33.1401  0.03
33.1501  0.03
33.1601  0.09
33.1701  0.07
33.1801  0.04
33.1901  0.1
33.2001  0.04
33.2101  0.05
33.2201  0.06
33.2301  0.07
33.2401  0.05
33.2501  0.03
33.2601  0.07
33.2701  0.06
33.2801  0.06
33.2901  0.07
33.3001  0.1
33.3101  0.03
33.3201  0.04
33.3301  0.07
33.3401  0.02
33.3501  0.06
33.3601  0.04
33.3701  0.04
33.3801  0.04
33.3901  0.07
33.4001  0.06
33.4101  0.08
33.4201  0.07
33.4301  0.06
33.4401  0.06
33.4501  0.05
33.4601  0.05
33.4701  0.03
33.4801  0.02
33.4901  0.07
33.5001  0.09
33.5101  0.04
33.5201  0.04
33.5301  0.1
33.5401  0
33.5501  0.02
33.5601  0.09
33.5701  0.08
33.5801  0.07
33.5901  0.05
33.6001  0.05
33.6101  0.09
33.6201  0.06
33.6301  0.07
33.6401  0.08
33.6501  0.07
33.6601  0.03
33.6701  0.06
33.6801  0.09
33.6901  0.04
33.7001  0.01
33.7101  0.04
33.7201  0.08
33.7301  0.04
33.7401  0.06
33.7501  0.05
33.7601  0.05
33.7701  0.07
33.7801  0.1
33.7901  0.05
33.8001  0.06
33.8101  0.03
33.8201  0.06
33.8301  0.07
33.8401  0.07
33.8501  0.04
33.8601  0.05
33.8701  0.05
33.8801  0.07
33.8901  0.07
33.9001  0.04
33.9101  0.05
33.9201  0.09
33.9301  0.07
33.9401  0.06
33.9501  0.04
33.9601  0.04
33.9701  0.07
33.9801  0.05
33.9901  0.03
34.0001  0.02
34.0101  0.02
34.0201  0.02
34.0301  0.02
34.0401  0.1
34.0501  0.11
34.0601  0.09
34.0701  0.01
34.0801  0.05
34.0901  0.06
34.1001  0.01
34.1101  0.07
34.1201  0.07
34.1301  0.11
34.1401  0.05
34.1501  0.03
34.1601  0.05
34.1701  0.07
34.1801  0.04
34.1901  0.04
34.2001  0.08
34.2101  0.06
34.2201  0.07
34.2301  0.08
34.2401  0.08
34.2501  0.06
34.2601  0.07
34.2701  0.06
34.2801  0.01
34.2901  0.06
34.3001  0.04
34.3101  0.05
34.3201  0.05
34.3301  0.04
34.3401  0.06
34.3501  0.08
34.3601  0.05
34.3701  0.06
34.3801  0.09
34.3901  0.04
34.4001  0.05
34.4101  0.04
34.4201  0.04
34.4301  0.08
34.4401  0.06
34.4501  0.09
34.4601  0.02
34.4701  0.03
34.4801  0.05
34.4901  0.09
34.5  0.05
34.51  0.1
34.52  0.06
34.53  0.05
34.54  0.1
34.55  0.05
34.56  0.09
34.57  0.05
34.58  0.05
34.59  0.04
34.6  0.03
34.61  0.04
34.62  0.09
34.63  0.04
34.64  0.09
34.65  0.05
34.66  0.05
34.67  0.04
34.68  0.03
34.69  0.06
34.7  0.12
34.71  0.03
34.72  0.04
34.73  0.07
34.74  0.1
34.75  0.04
34.76  0.05
34.77  0.03
34.78  0.07
34.79  0.02
34.8  0.05
34.81  0.04
34.82  0.01
34.83  0.05
34.84  0.05
34.85  0.08
34.86  0.02
34.87  0.05
34.88  0.06
34.89  0.08
34.9  0.08
34.91  0.06
34.92  0.04
34.93  0.02
34.94  0.04
34.95  0.11
34.96  0.09
34.97  0.09
34.98  0
34.99  0.07
35  0.02
35.01  0.08
35.02  0.08
35.03  0.09
35.04  0.05
35.05  0.09
35.06  0.03
35.07  0.05
35.08  0.02
35.09  0.04
35.1  0.09
35.11  0.04
35.12  0.04
35.13  0.04
35.14  0.06
35.15  0.03
35.16  0.02
35.17  0.04
35.18  0.09
35.19  0.02
35.2  0.12
35.21  0.08
35.22  0.07
35.23  0.06
35.24  0.03
35.25  0.01
35.26  0.06
35.27  0.01
35.28  0.06
35.29  0.04
35.3  0.06
35.31  0.06
35.32  0.05
35.33  0.08
35.34  0.07
35.35  0.07
35.36  0.06
35.37  0.06
35.38  0.03
35.39  0.06
35.4  0.06
35.41  0.05
35.42  0.01
35.43  0.05
35.44  0.08
35.45  0.02
35.46  0.06
35.47  0.1
35.48  0.04
35.49  0.07
35.5  0.03
35.51  0.04
35.52  0.07
35.53  0.06
35.54  0.07
35.55  0.11
35.56  0.03
35.57  0.09
35.58  0.09
35.59  0.02
35.6  0.04
35.61  0.04
35.62  0.04
35.63  0.05
35.64  0.04
35.65  0.07
35.66  0.07
35.67  0.04
35.68  0.08
35.69  0.04
35.7  0.03
35.71  0.04
35.72  0.03
35.73  0.14
35.74  0.05
35.75  0.1
35.76  0.06
35.77  0.06
35.78  0.08
35.79  0.04
35.8  0.06
35.81  0.04
35.82  0.04
35.83  0.05
35.84  0.04
35.85  0.05
35.86  0.1
35.87  0.04
35.88  0.04
35.89  0.03
35.9  0.05
35.91  0.05
35.92  0.06
35.93  0.03
35.94  0.01
35.95  0.05
35.96  0.04
35.97  0.05
35.98  0.05
35.99  0.05
36  0.05
36.01  0.1
36.02  0.08
36.03  0.08
36.04  0.04
36.05  0.06
36.06  0.02
36.07  0.06
36.08  0.08
36.09  0.08
36.1  0.03
36.11  0.07
36.12  0.06
36.13  0.08
36.14  0.06
36.15  0.04
36.16  0.05
36.17  0.03
36.18  0.07
36.19  0.03
36.2  0.03
36.21  0.03
36.22  0.06
36.23  0.05
36.24  0.07
36.25  0.08
36.26  0.05
36.27  0.05
36.28  0.06
36.29  0.05
36.3  0.04
36.31  0.12
36.32  0.06
36.33  0.04
36.34  0.01
36.35  0.07
36.36  0.06
36.37  0.03
36.38  0.03
36.39  0.07
36.4  0.06
36.41  0.06
36.42  0.1
36.43  0.03
36.44  0.07
36.45  0.04
36.46  0.04
36.47  0.05
36.48  0.06
36.49  0.07
36.5  0.06
36.51  0.08
36.52  0.1
36.53  0.07
36.54  0.04
36.55  0.03
36.56  0.06
36.57  0.07
36.58  0.08
36.59  0.13
36.6  0.1
36.61  0.02
36.62  0.04
36.63  0.06
36.64  0.05
36.65  0.04
36.66  0.05
36.67  0.06
36.68  0.05
36.69  0.05
36.7  0.05
36.71  0.03
36.72  0.05
36.73  0.07
36.74  0.03
36.75  0.07
36.76  0.03
36.77  0.09
36.78  0.08
36.79  0.05
36.8  0.04
36.81  0.09
36.82  0.03
36.83  0.07
36.84  0.01
36.85  0.04
36.86  0.06
36.87  0.03
36.88  0.06
36.89  0.04
36.9  0.05
36.91  0.09
36.92  0.05
36.93  0.07
36.94  0.06
36.95  0.03
36.96  0.01
36.97  0.1
36.98  0.03
36.99  0.06
37  0.13
37.01  0.02
37.02  0.03
37.03  0.02
37.04  0.05
37.05  0.04
37.06  0.08
37.07  0
37.08  0.08
37.09  0.06
37.1  0.01
37.11  0.08
37.12  0.1
37.13  0.06
37.14  0.1
37.15  0.07
37.16  0.06
37.17  0.04
37.18  0.01
37.19  0.05
37.2  0.06
37.21  0.07
37.22  0.08
37.23  0.07
37.24  0.1
37.25  0.03
37.26  0.07
37.27  0.08
37.28  0.06
37.29  0.03
37.3  0.06
37.31  0.05
37.32  0.04
37.33  0.06
37.34  0.03
37.35  0.05
37.36  0.06
37.37  0.08
37.38  0.05
37.39  0.04
37.4  0.07
37.41  0.09
37.42  0.06
37.43  0.07
37.44  0.11
37.45  0.04
37.46  0.02
37.47  0.06
37.48  0.1
37.49  0.07
37.5  0.05
37.51  0.08
37.52  0.06
37.53  0.05
37.54  0.06
37.55  0.07
37.56  0.1
37.57  0.02
37.58  0.04
37.59  0.06
37.6  0.06
37.61  0.11
37.62  0.07
37.63  0.1
37.64  0.04
37.65  0.02
37.66  0.02
37.67  0.06
37.68  0.08
37.69  0.06
37.7  0.03
37.71  0.05
37.72  0.1
37.73  0.03
37.74  0.09
37.75  0.04
37.76  0.03
37.77  0.04
37.78  0.03
37.79  0.05
37.8  0.04
37.81  0.03
37.82  0.07
37.83  0.05
37.84  0.06
37.85  0.05
37.86  0.04
37.87  0.07
37.88  0.07
37.89  0.06
37.9  0.06
37.91  0.03
37.92  0.05
37.93  0.05
37.94  0.03
37.95  0.09
37.96  0.05
37.97  0.03
37.98  0.01
37.99  0.05
38  0.07
38.01  0.05
38.02  0.05
38.03  0.07
38.04  0.06
38.05  0.05
38.06  0.05
38.07  0.03
38.08  0.06
38.09  0.08
38.1  0.1
38.11  0.02
38.12  0.01
38.13  0.06
38.14  0.1
38.15  0.04
38.16  0.05
38.17  0.05
38.18  0.03
38.19  0.06
38.2  0.05
38.21  0.08
38.22  0.11
38.23  0.07
38.24  0.08
38.25  0.01
38.26  0.07
38.27  0.07
38.28  0.08
38.29  0.04
38.3  0.05
38.31  0.03
38.32  0.02
38.33  0.03
38.34  0.07
38.35  0.07
38.36  0.04
38.37  0.05
38.38  0.1
38.39  0.04
38.4  0.05
38.41  0.08
38.42  0.03
38.43  0.04
38.44  0.05
38.45  0.1
38.46  0.05
38.47  0.05
38.48  0.02
38.49  0.05
38.5  0.07
38.51  0.09
38.52  0.11
38.53  0.06
38.54  0.07
38.55  0.05
38.56  0.06
38.57  0.03
38.58  0.04
38.59  0.05
38.6  0.04
38.61  0.04
38.62  0.1
38.63  0.02
38.64  0.09
38.65  0.1
38.66  0.06
38.67  0.04
38.68  0.05
38.69  0.07
38.7  0.03
38.71  0.06
38.72  0.05
38.73  0.05
38.74  0.03
38.75  0.05
38.76  0.03
38.77  0.05
38.78  0
38.79  0.08
38.8  0.06
38.81  0.12
38.82  0.05
38.83  0.04
38.84  0.1
38.85  0.05
38.86  0.05
38.87  0.07
38.88  0.05
38.89  0.05
38.9  0.06
38.91  0.05
38.92  0.03
38.93  0.05
38.94  0.07
38.95  0.04
38.96  0.08
38.97  0.03
38.98  0.04
38.99  0.03
39  0.06
39.01  0.07
39.02  0.06
39.03  0.06
39.04  0.04
39.05  0.07
39.06  0.1
39.07  0.08
39.08  0.01
39.09  0.09
39.1  0.03
39.11  0.07
39.12  0.05
39.13  0.09
39.14  0.05
39.15  0.09
39.16  0.02
39.17  0.02
39.18  0.05
39.19  0.03
39.2  0.1
39.21  0.05
39.22  0.04
39.23  0.04
39.24  0.03
39.25  0.07
39.26  0.09
39.27  0.04
39.28  0.03
39.29  0.07
39.3  0.07
39.31  0.05
39.32  0.05
39.33  0.03
39.34  0.08
39.35  0.06
39.36  0.05
39.37  0.06
39.38  0.02
39.39  0.06
39.4  0.04
39.41  0.05
39.42  0.05
39.43  0.05
39.44  0.05
39.45  0.07
39.46  0.04
39.47  0.11
39.48  0.07
39.49  0.04
39.5  0.09
39.51  0.08
39.52  0.05
39.53  0.05
39.54  0.02
39.55  0.05
39.56  0.07
39.57  0.02
39.58  0.05
39.59  0.05
39.6  0.04
39.61  0.06
39.62  0.07
39.63  0.07
39.64  0.05
39.65  0.06
39.66  0.08
39.67  0.09
39.68  0.05
39.69  0.05
39.7  0.05
39.71  0.03
39.72  0.09
39.73  0.05
39.74  0.06
39.75  0.03
39.76  0.06
39.77  0.05
39.78  0.09
39.79  0.03
39.8  0.06
39.81  0.04
39.82  0.1
39.83  0.04
39.84  0.04
39.85  0.05
39.86  0.08
39.87  0.08
39.88  0.06
39.89  0.07
39.9  0.08
39.91  0.08
39.92  0.05
39.93  0.04
39.94  0.03
39.95  0.05
39.96  0.02
39.97  0.07
39.98  0.05
39.99  0.08
