-15  0
-14.99  0
-14.98  0
-14.97  0
-14.96  0
-14.95  0.04
-14.94  0
-14.93  0.04
-14.92  0
-14.91  0.04
-14.9  0.04
-14.89  0
-14.88  0.04
-14.87  0.04
-14.86  0.04
-14.85  0.04
-14.84  0.12
-14.83  0.04
-14.82  0.04
-14.81  0.08
-14.8  0.08
-14.79  0.08
-14.78  0.08
-14.77  0.12
-14.76  0.08
-14.75  0.08
-14.74  0.12
-14.73  0.16
-14.72  0.16
-14.71  0.12
-14.7  0.16
-14.69  0.16
-14.68  0.2
-14.67  0.2
-14.66  0.2
-14.65  0.2
-14.64  0.28
-14.63  0.28
-14.62  0.32
-14.61  0.4
-14.6  0.36
-14.59  0.4
-14.58  0.52
-14.57  0.48
-14.56  0.6
-14.55  0.68
-14.54  0.76
-14.53  0.96
-14.52  1.08
-14.51  1.24
-14.5  1.56
-14.49  1.8
-14.48  2.32
-14.47  2.8
-14.46  3.64
-14.45  4.6
-14.44  5.64
-14.43  6.8
-14.42  7.52
-14.41  7.44
-14.4  6.72
-14.39  5.6
-14.38  4.44
-14.37  3.52
-14.36  2.76
-14.35  2.28
-14.34  1.84
-14.33  1.52
-14.32  1.24
-14.31  1.04
-14.3  0.96
-14.29  0.84
-14.28  0.68
-14.27  0.64
-14.26  0.52
-14.25  0.48
-14.24  0.56
-14.23  0.36
-14.22  0.36
-14.21  0.32
-14.2  0.36
-14.19  0.28
-14.18  0.28
-14.17  0.28
-14.16  0.28
-14.15  0.32
-14.14  0.2
-14.13  0.2
-14.12  0.24
-14.11  0.16
-14.1  0.2
-14.09  0.2
-14.08  0.16
-14.07  0.2
-14.06  0.2
-14.05  0.16
-14.04  0.16
-14.03  0.16
-14.02  0.2
-14.01  0.16
-14  0.12
-13.99  0.24
-13.98  0.16
-13.97  0.08
-13.96  0.24
-13.95  0.16
-13.94  0.16
-13.93  0.16
-13.92  0.12
-13.91  0.2
-13.9  0.12
-13.89  0.16
-13.88  0.2
-13.87  0.12
-13.86  0.16
-13.85  0.16
-13.84  0.16
-13.83  0.24
-13.82  0.2
-13.81  0.24
-13.8  0.12
-13.79  0.2
-13.78  0.2
-13.77  0.28
-13.76  0.12
-13.75  0.2
-13.74  0.2
-13.73  0.16
-13.72  0.36
-13.71  0.16
-13.7  0.24
-13.69  0.24
-13.68  0.24
-13.67  0.28
-13.66  0.28
-13.65  0.24
-13.64  0.28
-13.63  0.36
-13.62  0.28
-13.61  0.32
-13.6  0.36
-13.59  0.32
-13.58  0.4
-13.57  0.36
-13.56  0.4
-13.55  0.48
-13.54  0.4
-13.53  0.44
-13.52  0.52
-13.51  0.48
-13.5  0.56
-13.49  0.6
-13.48  0.6
-13.47  0.6
-13.46  0.64
-13.45  0.72
-13.44  0.76
-13.43  0.84
-13.42  0.96
-13.41  0.92
-13.4  1
-13.39  1.16
-13.38  1.16
-13.37  1.2
-13.36  1.44
-13.35  1.48
-13.34  1.56
-13.33  1.8
-13.32  1.8
-13.31  1.92
-13.3  2.12
-13.29  2.24
-13.28  2.4
-13.27  2.48
-13.26  2.48
-13.25  2.52
-13.24  2.72
-13.23  2.6
-13.22  2.52
-13.21  2.52
-13.2  2.44
-13.19  2.28
-13.18  2.24
-13.17  2.12
-13.16  1.92
-13.15  1.84
-13.14  1.68
-13.13  1.56
-13.12  1.44
-13.11  1.36
-13.1  1.24
-13.09  1.12
-13.08  1.12
-13.07  1
-13.06  1
-13.05  0.88
-13.04  0.8
-13.03  0.92
-13.02  0.68
-13.01  0.76
-13  0.64
-12.99  0.68
-12.98  0.6
-12.97  0.56
-12.96  0.52
-12.95  0.52
-12.94  0.56
-12.93  0.48
-12.92  0.52
-12.91  0.48
-12.9  0.44
-12.89  0.44
-12.88  0.4
-12.87  0.4
-12.86  0.4
-12.85  0.4
-12.84  0.44
-12.83  0.36
-12.82  0.32
-12.81  0.48
-12.8  0.28
-12.79  0.36
-12.78  0.32
-12.77  0.36
-12.76  0.32
-12.75  0.32
-12.74  0.4
-12.73  0.32
-12.72  0.4
-12.71  0.48
-12.7  0.28
-12.69  0.36
-12.68  0.32
-12.67  0.28
-12.66  0.36
-12.65  0.32
-12.64  0.28
-12.63  0.36
-12.62  0.4
-12.61  0.32
-12.6  0.4
-12.59  0.4
-12.58  0.32
-12.57  0.44
-12.56  0.36
-12.55  0.36
-12.54  0.32
-12.53  0.48
-12.52  0.4
-12.51  0.36
-12.5  0.44
-12.49  0.4
-12.48  0.52
-12.47  0.48
-12.46  0.44
-12.45  0.48
-12.44  0.52
-12.43  0.56
-12.42  0.52
-12.41  0.48
-12.4  0.52
-12.39  0.64
-12.38  0.6
-12.37  0.6
-12.36  0.68
-12.35  0.6
-12.34  0.6
-12.33  0.72
-12.32  0.68
-12.31  0.72
-12.3  0.76
-12.29  0.84
-12.28  0.92
-12.27  1
-12.26  0.88
-12.25  0.96
-12.24  1
-12.23  1.08
-12.22  1.04
-12.21  1.2
-12.2  1.16
-12.19  1.24
-12.18  1.24
-12.17  1.32
-12.16  1.32
-12.15  1.48
-12.14  1.56
-12.13  1.4
-12.12  1.48
-12.11  1.68
-12.1  1.6
-12.09  1.6
-12.08  1.6
-12.07  1.68
-12.06  1.68
-12.05  1.76
-12.04  1.6
-12.03  1.6
-12.02  1.68
-12.01  1.6
-12  1.52
-11.99  1.52
-11.98  1.44
-11.97  1.44
-11.96  1.52
-11.95  1.4
-11.94  1.36
-11.93  1.2
-11.92  1.2
-11.91  1.16
-11.9  1.16
-11.89  1.04
-11.88  1.08
-11.87  0.96
-11.86  1
-11.85  0.88
-11.84  0.96
-11.83  0.92
-11.82  0.8
-11.81  0.8
-11.8  0.84
-11.79  0.8
-11.78  0.68
-11.77  0.76
-11.76  0.68
-11.75  0.64
-11.74  0.6
-11.73  0.64
-11.72  0.72
-11.71  0.6
-11.7  0.6
-11.69  0.56
-11.68  0.56
-11.67  0.6
-11.66  0.56
-11.65  0.52
-11.64  0.64
-11.63  0.48
-11.62  0.52
-11.61  0.64
-11.6  0.36
-11.59  0.44
-11.58  0.52
-11.57  0.48
-11.56  0.56
-11.55  0.44
-11.54  0.44
-11.53  0.52
-11.52  0.52
-11.51  0.4
-11.5  0.48
-11.49  0.52
-11.48  0.56
-11.47  0.48
-11.46  0.48
-11.45  0.52
-11.44  0.44
-11.43  0.52
-11.42  0.56
-11.41  0.44
-11.4  0.48
-11.39  0.64
-11.38  0.36
-11.37  0.6
-11.36  0.52
-11.35  0.56
-11.34  0.52
-11.33  0.52
-11.32  0.56
-11.31  0.52
-11.3  0.64
-11.29  0.6
-11.28  0.6
-11.27  0.6
-11.26  0.64
-11.25  0.56
-11.24  0.6
-11.23  0.68
-11.22  0.72
-11.21  0.64
-11.2  0.68
-11.19  0.72
-11.18  0.76
-11.17  0.76
-11.16  0.76
-11.15  0.88
-11.14  0.88
-11.13  0.68
-11.12  0.92
-11.11  0.8
-11.1  1.04
-11.09  0.84
-11.08  0.88
-11.07  0.92
-11.06  0.96
-11.05  1.04
-11.04  1.04
-11.03  1.08
-11.02  1.08
-11.01  1.08
-11  1.16
-10.99  1.12
-10.98  1.2
-10.97  1.16
-10.96  1.16
-10.95  1.28
-10.94  1.4
-10.93  1.16
-10.92  1.24
-10.91  1.24
-10.9  1.28
-10.89  1.32
-10.88  1.36
-10.87  1.24
-10.86  1.36
-10.85  1.24
-10.84  1.24
-10.83  1.36
-10.82  1.2
-10.81  1.12
-10.8  1.2
-10.79  1.28
-10.78  1.2
-10.77  1.16
-10.76  1.12
-10.75  1.08
-10.74  1.2
-10.73  1.12
-10.72  1.04
-10.71  1.12
-10.7  0.92
-10.69  1
-10.68  0.96
-10.67  0.92
-10.66  0.84
-10.65  0.96
-10.64  0.88
-10.63  0.96
-10.62  0.88
-10.61  0.8
-10.6  0.8
-10.59  0.84
-10.58  0.8
-10.57  0.8
-10.56  0.68
-10.55  0.8
-10.54  0.68
-10.53  0.72
-10.52  0.8
-10.51  0.64
-10.5  0.76
-10.49  0.6
-10.48  0.64
-10.47  0.64
-10.46  0.64
-10.45  0.76
-10.44  0.6
-10.43  0.52
-10.42  0.72
-10.41  0.52
-10.4  0.6
-10.39  0.68
-10.38  0.64
-10.37  0.56
-10.36  0.52
-10.35  0.68
-10.34  0.64
-10.33  0.6
-10.32  0.52
-10.31  0.56
-10.3  0.64
-10.29  0.68
-10.28  0.52
-10.27  0.64
-10.26  0.56
-10.25  0.64
-10.24  0.64
-10.23  0.6
-10.22  0.64
-10.21  0.64
-10.2  0.56
-10.19  0.56
-10.18  0.6
-10.17  0.6
-10.16  0.64
-10.15  0.68
-10.14  0.64
-10.13  0.6
-10.12  0.68
-10.11  0.68
-10.1  0.64
-10.09  0.72
-10.08  0.8
-10.07  0.64
-10.06  0.76
-10.05  0.8
-10.04  0.68
-10.03  0.64
-10.02  0.76
-10.01  0.8
-10  0.8
-9.99  0.84
-9.98  0.88
-9.97  0.76
-9.96  0.8
-9.95  0.92
-9.94  0.88
-9.93  0.8
-9.92  0.96
-9.91  0.76
-9.9  0.96
-9.89  1.04
-9.88  0.84
-9.87  0.92
-9.86  1
-9.85  1.04
-9.84  0.96
-9.83  1.04
-9.82  1
-9.81  1.04
-9.8  1.08
-9.79  1
-9.78  1.04
-9.77  1.16
-9.76  1.12
-9.75  1
-9.74  1
-9.73  1.12
-9.72  1.12
-9.71  1.2
-9.7  1.08
-9.69  1.16
-9.68  1.08
-9.67  1.08
-9.66  1.04
-9.65  1.16
-9.64  1.04
-9.63  1.08
-9.62  1
-9.61  1.16
-9.6  1.04
-9.59  1
-9.58  1.08
-9.57  0.96
-9.56  1
-9.55  1
-9.54  0.96
-9.53  1.04
-9.52  0.96
-9.51  1
-9.5  1
-9.49  0.96
-9.48  0.84
-9.47  0.8
-9.46  1
-9.45  0.8
-9.44  0.8
-9.43  0.92
-9.42  0.88
-9.41  0.8
-9.4  0.84
-9.39  0.88
-9.38  0.84
-9.37  0.8
-9.36  0.8
-9.35  0.76
-9.34  0.72
-9.33  0.68
-9.32  0.72
-9.31  0.8
-9.3  0.88
-9.29  0.68
-9.28  0.72
-9.27  0.68
-9.26  0.72
-9.25  0.68
-9.24  0.68
-9.23  0.68
-9.22  0.6
-9.21  0.68
-9.2  0.76
-9.19  0.8
-9.18  0.52
-9.17  0.68
-9.16  0.72
-9.15  0.64
-9.14  0.8
-9.13  0.64
-9.12  0.64
-9.11  0.64
-9.1  0.72
-9.09  0.68
-9.08  0.72
-9.07  0.64
-9.06  0.68
-9.05  0.72
-9.04  0.64
-9.03  0.68
-9.02  0.76
-9.01  0.72
-9  0.68
-8.99  0.64
-8.98  0.68
-8.97  0.72
-8.96  0.68
-8.95  0.76
-8.94  0.8
-8.93  0.68
-8.92  0.72
-8.91  0.68
-8.9  0.8
-8.89  0.68
-8.88  0.76
-8.87  0.72
-8.86  0.8
-8.85  0.76
-8.84  0.76
-8.83  0.88
-8.82  0.8
-8.81  0.92
-8.8  0.92
-8.79  0.72
-8.78  0.8
-8.77  0.88
-8.76  1
-8.75  0.8
-8.74  0.92
-8.73  0.84
-8.72  1
-8.71  0.84
-8.7  0.88
-8.69  0.88
-8.68  1
-8.67  0.88
-8.66  0.92
-8.65  0.88
-8.64  1
-8.63  0.92
-8.62  0.88
-8.61  1.08
-8.6  0.96
-8.59  1.04
-8.58  0.92
-8.57  0.92
-8.56  1.04
-8.55  1
-8.54  1.08
-8.53  0.92
-8.52  1.04
-8.51  1
-8.5  0.96
-8.49  1.2
-8.48  0.96
-8.47  0.92
-8.46  1
-8.45  1
-8.44  0.92
-8.43  1
-8.42  1
-8.41  1
-8.4  1
-8.39  0.84
-8.38  0.96
-8.37  0.96
-8.36  0.88
-8.35  1.04
-8.34  0.84
-8.33  0.92
-8.32  0.88
-8.31  1
-8.3  0.92
-8.29  0.96
-8.28  0.76
-8.27  0.88
-8.26  0.84
-8.25  0.8
-8.24  0.8
-8.23  0.88
-8.22  0.88
-8.21  0.88
-8.2  0.92
-8.19  0.76
-8.18  0.76
-8.17  0.76
-8.16  0.84
-8.15  0.76
-8.14  0.72
-8.13  0.88
-8.12  0.76
-8.11  0.84
-8.1  0.72
-8.09  0.8
-8.08  0.72
-8.07  0.84
-8.06  0.68
-8.05  0.88
-8.04  0.8
-8.03  0.68
-8.02  0.68
-8.01  0.72
-8  0.72
-7.99  0.6
-7.98  0.72
-7.97  0.92
-7.96  0.72
-7.95  0.68
-7.94  0.72
-7.93  0.72
-7.92  0.72
-7.91  0.72
-7.9  0.64
-7.89  0.84
-7.88  0.8
-7.87  0.64
-7.86  0.68
-7.85  0.92
-7.84  0.68
-7.83  0.72
-7.82  0.76
-7.81  0.6
-7.8  0.88
-7.79  0.68
-7.78  0.8
-7.77  0.72
-7.76  0.76
-7.75  0.84
-7.74  0.72
-7.73  0.84
-7.72  0.72
-7.71  0.92
-7.7  0.8
-7.69  0.8
-7.68  0.72
-7.67  0.96
-7.66  0.72
-7.65  0.76
-7.64  0.76
-7.63  0.8
-7.62  0.84
-7.61  0.8
-7.6  0.8
-7.59  0.92
-7.58  0.88
-7.57  0.96
-7.56  0.84
-7.55  0.88
-7.54  0.8
-7.53  0.84
-7.52  0.8
-7.51  0.96
-7.5  0.92
-7.49  0.84
-7.48  0.96
-7.47  0.88
-7.46  0.96
-7.45  0.92
-7.44  0.88
-7.43  1.04
-7.42  0.92
-7.41  1
-7.4  0.96
-7.39  0.8
-7.38  0.92
-7.37  0.84
-7.36  1
-7.35  0.88
-7.34  1.04
-7.33  0.8
-7.32  1
-7.31  0.92
-7.3  0.96
-7.29  0.92
-7.28  0.96
-7.27  0.96
-7.26  0.92
-7.25  0.88
-7.24  1.04
-7.23  0.92
-7.22  0.92
-7.21  0.88
-7.2  0.88
-7.19  0.88
-7.18  0.84
-7.17  0.8
-7.16  1.04
-7.15  0.84
-7.14  1
-7.13  0.88
-7.12  0.84
-7.11  0.92
-7.1  1
-7.09  0.76
-7.08  0.96
-7.07  0.76
-7.06  0.96
-7.05  0.84
-7.04  0.88
-7.03  0.76
-7.02  0.8
-7.01  0.84
-7  0.76
-6.99  0.76
-6.98  0.88
-6.97  0.8
-6.96  0.8
-6.95  0.8
-6.94  0.88
-6.93  0.8
-6.92  0.8
-6.91  0.72
-6.9  0.76
-6.89  0.8
-6.88  0.68
-6.87  0.88
-6.86  0.84
-6.85  0.68
-6.84  0.88
-6.83  0.76
-6.82  0.8
-6.81  0.8
-6.8  0.8
-6.79  0.76
-6.78  0.72
-6.77  0.64
-6.76  0.8
-6.75  0.8
-6.74  0.76
-6.73  0.72
-6.72  0.84
-6.71  0.84
-6.7  0.68
-6.69  0.88
-6.68  0.76
-6.67  0.64
-6.66  0.8
-6.65  0.8
-6.64  0.76
-6.63  0.84
-6.62  0.8
-6.61  0.84
-6.6  0.68
-6.59  0.76
-6.58  0.84
-6.57  0.76
-6.56  0.76
-6.55  0.84
-6.54  0.72
-6.53  0.96
-6.52  0.68
-6.51  0.72
-6.5  0.8
-6.49  0.92
-6.48  0.84
-6.47  0.84
-6.46  0.8
-6.45  0.8
-6.44  0.88
-6.43  0.8
-6.42  0.88
-6.41  0.76
-6.4  0.92
-6.39  0.8
-6.38  0.96
-6.37  0.84
-6.36  0.88
-6.35  0.84
-6.34  0.88
-6.33  1.04
-6.32  0.84
-6.31  0.8
-6.3  0.84
-6.29  0.88
-6.28  1
-6.27  0.88
-6.26  0.76
-6.25  0.92
-6.24  0.84
-6.23  1
-6.22  0.84
-6.21  0.8
-6.2  0.84
-6.19  0.92
-6.18  0.84
-6.17  0.96
-6.16  1.04
-6.15  0.92
-6.14  0.96
-6.13  0.88
-6.12  0.8
-6.11  0.92
-6.1  0.92
-6.09  0.84
-6.08  0.76
-6.07  1
-6.06  0.92
-6.05  0.92
-6.04  1
-6.03  0.72
-6.02  1.04
-6.01  0.92
-6  0.88
-5.99  0.8
-5.98  0.96
-5.97  0.76
-5.96  0.96
-5.95  0.8
-5.94  0.84
-5.93  0.8
-5.92  0.88
-5.91  0.92
-5.9  0.8
-5.89  0.76
-5.88  0.96
-5.87  0.76
-5.86  0.92
-5.85  0.76
-5.84  0.92
-5.83  0.88
-5.82  0.84
-5.81  0.8
-5.8  0.84
-5.79  0.76
-5.78  0.84
-5.77  0.88
-5.76  0.84
-5.75  0.76
-5.74  0.76
-5.73  0.76
-5.72  0.84
-5.71  0.88
-5.7  0.76
-5.69  0.92
-5.68  0.84
-5.67  0.76
-5.66  0.72
-5.65  0.76
-5.64  0.84
-5.63  0.76
-5.62  0.88
-5.61  0.76
-5.6  0.8
-5.59  0.8
-5.58  0.76
-5.57  0.88
-5.56  0.72
-5.55  0.76
-5.54  0.76
-5.53  0.84
-5.52  0.8
-5.51  0.84
-5.5  0.72
-5.49  0.84
-5.48  0.92
-5.47  0.72
-5.46  0.8
-5.45  0.68
-5.44  0.84
-5.43  0.76
-5.42  0.76
-5.41  0.84
-5.4  0.76
-5.39  0.84
-5.38  1
-5.37  0.8
-5.36  0.8
-5.35  0.92
-5.34  0.76
-5.33  0.72
-5.32  0.84
-5.31  0.8
-5.3  0.84
-5.29  0.88
-5.28  0.88
-5.27  0.76
-5.26  0.88
-5.25  0.72
-5.24  0.84
-5.23  0.84
-5.22  0.84
-5.21  0.76
-5.2  1
-5.19  0.84
-5.18  0.8
-5.17  0.76
-5.16  0.92
-5.15  0.88
-5.14  0.92
-5.13  0.92
-5.12  0.84
-5.11  0.8
-5.1  1
-5.09  0.8
-5.08  0.84
-5.07  0.88
-5.06  0.8
-5.05  0.92
-5.04  0.92
-5.03  0.88
-5.02  0.88
-5.01  0.8
-5  0.88
-4.99  0.88
-4.98  0.92
-4.97  0.92
-4.96  0.8
-4.95  0.8
-4.94  0.88
-4.93  0.92
-4.92  1.08
-4.91  0.76
-4.9  0.92
-4.89  0.88
-4.88  0.88
-4.87  0.84
-4.86  0.72
-4.85  0.92
-4.84  0.92
-4.83  0.88
-4.82  0.84
-4.81  1.08
-4.8  0.72
-4.79  0.84
-4.78  0.8
-4.77  0.92
-4.76  0.88
-4.75  0.72
-4.74  0.92
-4.73  0.88
-4.72  0.76
-4.71  1
-4.7  0.72
-4.69  0.84
-4.68  0.88
-4.67  0.88
-4.66  0.84
-4.65  0.8
-4.64  0.88
-4.63  0.72
-4.62  0.8
-4.61  0.88
-4.6  0.92
-4.59  0.88
-4.58  0.8
-4.57  0.84
-4.56  0.84
-4.55  0.88
-4.54  0.8
-4.53  0.72
-4.52  0.76
-4.51  0.92
-4.5  0.76
-4.49  1
-4.48  0.68
-4.47  0.8
-4.46  0.76
-4.45  0.84
-4.44  0.8
-4.43  0.88
-4.42  0.8
-4.41  0.76
-4.4  0.8
-4.39  0.76
-4.38  0.84
-4.37  0.84
-4.36  0.76
-4.35  0.84
-4.34  0.88
-4.33  0.72
-4.32  0.8
-4.31  0.76
-4.3  0.8
-4.29  0.84
-4.28  0.76
-4.27  0.76
-4.26  0.8
-4.25  0.96
-4.24  0.84
-4.23  0.84
-4.22  0.76
-4.21  0.84
-4.2  0.76
-4.19  0.88
-4.18  0.92
-4.17  0.92
-4.16  0.76
-4.15  0.8
-4.14  0.88
-4.13  0.76
-4.12  0.88
-4.11  0.8
-4.1  0.84
-4.09  0.76
-4.08  0.8
-4.07  0.92
-4.06  0.76
-4.05  0.88
-4.04  0.76
-4.03  0.92
-4.02  0.84
-4.01  0.92
-4  0.84
-3.99  0.92
-3.98  0.72
-3.97  0.92
-3.96  0.68
-3.95  0.96
-3.94  0.88
-3.93  0.84
-3.92  0.84
-3.91  0.8
-3.9  0.88
-3.89  0.92
-3.88  0.92
-3.87  0.76
-3.86  0.84
-3.85  1
-3.84  0.72
-3.83  0.92
-3.82  0.96
-3.81  0.84
-3.8  0.84
-3.79  0.88
-3.78  0.76
-3.77  0.96
-3.76  0.84
-3.75  0.84
-3.74  0.84
-3.73  0.92
-3.72  0.8
-3.71  0.8
-3.7  0.96
-3.69  0.92
-3.68  0.84
-3.67  0.84
-3.66  1
-3.65  0.76
-3.64  0.8
-3.63  0.84
-3.62  0.8
-3.61  0.88
-3.6  0.88
-3.59  0.88
-3.58  0.84
-3.57  0.88
-3.56  0.76
-3.55  0.96
-3.54  0.84
-3.53  0.76
-3.52  0.88
-3.51  0.88
-3.5  0.8
-3.49  0.92
-3.48  0.92
-3.47  0.76
-3.46  0.72
-3.45  0.88
-3.44  0.88
-3.43  0.88
-3.42  0.72
-3.41  0.96
-3.4  0.8
-3.39  0.76
-3.38  0.84
-3.37  0.76
-3.36  1
-3.35  0.76
-3.34  0.8
-3.33  0.76
-3.32  0.76
-3.31  0.88
-3.3  0.96
-3.29  0.8
-3.28  0.92
-3.27  0.8
-3.26  0.76
-3.25  0.76
-3.24  0.84
-3.23  0.72
-3.22  0.8
-3.21  0.88
-3.2  0.76
-3.19  0.96
-3.18  0.8
-3.17  0.84
-3.16  0.72
-3.15  0.88
-3.14  0.68
-3.13  0.92
-3.12  0.88
-3.11  0.84
-3.1  0.72
-3.09  0.8
-3.08  0.84
-3.07  0.84
-3.06  0.84
-3.05  0.88
-3.04  0.84
-3.03  0.84
-3.02  0.8
-3.01  0.8
-3  0.8
-2.99  0.76
-2.98  0.92
-2.97  0.8
-2.96  0.92
-2.95  0.8
-2.94  0.92
-2.93  0.8
-2.92  0.84
-2.91  0.84
-2.9  0.8
-2.89  0.8
-2.88  0.76
-2.87  0.92
-2.86  0.76
-2.85  1
-2.84  0.76
-2.83  0.92
-2.82  0.84
-2.81  0.68
-2.8  1.04
-2.79  0.76
-2.78  0.88
-2.77  0.72
-2.76  0.84
-2.75  0.92
-2.74  0.8
-2.73  0.76
-2.72  0.96
-2.71  0.76
-2.7  0.92
-2.69  0.8
-2.68  0.92
-2.67  0.92
-2.66  0.68
-2.65  1
-2.64  1
-2.63  0.76
-2.62  0.92
-2.61  0.76
-2.6  0.88
-2.59  0.96
-2.58  0.88
-2.57  0.84
-2.56  0.84
-2.55  0.76
-2.54  0.88
-2.53  0.96
-2.52  0.72
-2.51  0.72
-2.5  0.92
-2.49  0.84
-2.48  0.88
-2.47  0.96
-2.46  0.72
-2.45  0.96
-2.44  0.68
-2.43  0.92
-2.42  0.8
-2.41  0.84
-2.4  0.8
-2.39  0.88
-2.38  0.8
-2.37  0.92
-2.36  0.88
-2.35  0.88
-2.34  0.96
-2.33  0.84
-2.32  0.76
-2.31  0.84
-2.3  0.76
-2.29  0.84
-2.28  0.88
-2.27  0.88
-2.26  0.84
-2.25  0.8
-2.24  0.8
-2.23  1
-2.22  0.8
-2.21  0.72
-2.2  0.92
-2.19  0.8
-2.18  0.8
-2.17  0.84
-2.16  0.76
-2.15  0.96
-2.14  0.84
-2.13  0.72
-2.12  0.76
-2.11  0.92
-2.1  0.88
-2.09  0.88
-2.08  0.8
-2.07  0.76
-2.06  0.88
-2.05  0.8
-2.04  0.8
-2.03  0.8
-2.02  0.76
-2.01  0.92
-2  0.72
-1.99  0.84
-1.98  0.88
-1.97  0.84
-1.96  0.76
-1.95  0.88
-1.94  0.88
-1.93  0.88
-1.92  0.88
-1.91  0.72
-1.9  0.72
-1.89  0.88
-1.88  0.96
-1.87  0.8
-1.86  0.84
-1.85  0.8
-1.84  0.92
-1.83  0.76
-1.82  0.76
-1.81  0.88
-1.8  0.76
-1.79  0.84
-1.78  0.8
-1.77  0.96
-1.76  0.76
-1.75  0.92
-1.74  0.88
-1.73  0.8
-1.72  0.76
-1.71  0.96
-1.7  0.88
-1.69  0.8
-1.68  0.72
-1.67  0.88
-1.66  0.8
-1.65  0.8
-1.64  0.92
-1.63  0.88
-1.62  0.96
-1.61  0.92
-1.6  0.72
-1.59  0.88
-1.58  0.76
-1.57  0.76
-1.56  0.8
-1.55  0.88
-1.54  1.04
-1.53  0.72
-1.52  0.8
-1.51  0.8
-1.5  0.92
-1.49  0.84
-1.48  0.84
-1.47  0.8
-1.46  0.88
-1.45  0.96
-1.44  0.88
-1.43  0.84
-1.42  0.8
-1.41  0.8
-1.4  0.84
-1.39  0.76
-1.38  0.96
-1.37  1
-1.36  0.76
-1.35  0.84
-1.34  0.84
-1.33  0.88
-1.32  0.88
-1.31  0.8
-1.3  0.92
-1.29  0.72
-1.28  0.88
-1.27  0.76
-1.26  0.88
-1.25  0.8
-1.24  0.88
-1.23  0.8
-1.22  0.88
-1.21  0.84
-1.2  0.76
-1.19  0.88
-1.18  0.88
-1.17  1
-1.16  0.68
-1.15  0.88
-1.14  0.92
-1.13  0.8
-1.12  0.88
-1.11  0.72
-1.1  0.8
-1.09  1.12
-1.08  0.68
-1.07  0.76
-1.06  0.76
-1.05  0.96
-1.04  0.8
-1.03  0.96
-1.02  0.92
-1.01  0.8
-1  0.84
-0.99  0.92
-0.98  0.88
-0.97  0.76
-0.96  0.72
-0.95  0.68
-0.94  0.88
-0.93  0.8
-0.92  0.8
-0.91  0.84
-0.9  0.8
-0.89  0.96
-0.88  0.92
-0.87  0.68
-0.86  0.92
-0.85  0.96
-0.84  0.64
-0.83  0.8
-0.82  0.8
-0.81  0.88
-0.8  0.8
-0.79  0.8
-0.78  0.84
-0.77  0.92
-0.76  0.76
-0.75  0.8
-0.74  0.84
-0.73  0.8
-0.72  0.88
-0.71  0.76
-0.7  0.96
-0.69  0.88
-0.68  0.76
-0.67  0.84
-0.66  1
-0.65  0.72
-0.64  1
-0.63  0.72
-0.62  0.96
-0.61  0.84
-0.6  0.76
-0.59  0.84
-0.58  0.8
-0.57  0.8
-0.56  0.8
-0.55  0.88
-0.54  0.8
-0.53  0.92
-0.52  0.84
-0.51  0.8
-0.5  0.84
-0.49  0.84
-0.48  0.84
-0.47  0.84
-0.46  0.84
-0.45  0.76
-0.44  0.88
-0.43  0.88
-0.42  0.8
-0.41  0.84
-0.4  0.84
-0.39  0.88
-0.38  0.84
-0.37  0.96
-0.36  0.72
-0.35  0.76
-0.34  0.96
-0.33  0.76
-0.32  0.88
-0.31  0.8
-0.3  0.96
-0.29  0.64
-0.28  0.96
-0.27  0.72
-0.26  1
-0.25  0.96
-0.24  0.88
-0.23  0.88
-0.22  0.76
-0.21  0.88
-0.2  0.8
-0.19  0.76
-0.18  0.84
-0.17  0.92
-0.16  0.84
-0.15  0.96
-0.14  0.76
-0.13  0.88
-0.12  0.8
-0.11  0.76
-0.1  0.8
-0.09  0.72
-0.08  1.04
-0.07  0.72
-0.06  0.84
-0.05  0.8
-0.04  0.84
-0.03  1
-0.02  0.88
-0.01  0.76
-2.16197e-11  0.92
0.0001  0
0.0101  0.76
0.0201  0.92
0.0301  0.73
0.0401  0.92
0.0501  0.82
0.0601  0.87
0.0701  0.77
0.0801  0.82
0.0901  0.86
0.1001  0.82
0.1101  0.89
0.1201  0.89
0.1301  0.67
0.1401  0.86
0.1501  0.88
0.1601  0.82
0.1701  0.95
0.1801  0.74
0.1901  0.8
0.2001  0.72
0.2101  0.75
0.2201  0.94
0.2301  0.86
0.2401  0.83
0.2501  0.75
0.2601  0.81
0.2701  0.66
0.2801  0.8
0.2901  0.89
0.3001  0.92
0.3101  0.66
0.3201  0.81
0.3301  0.71
0.3401  0.86
0.3501  0.77
0.3601  0.69
0.3701  0.7
0.3801  0.7
0.3901  0.9
0.4001  0.61
0.4101  0.8
0.4201  0.68
0.4301  0.66
0.4401  0.68
0.4501  0.76
0.4601  0.73
0.4701  0.82
0.4801  0.6
0.4901  0.74
0.5001  0.65
0.5101  0.73
0.5201  0.72
0.5301  0.72
0.5401  0.64
0.5501  0.56
0.5601  0.64
0.5701  0.69
0.5801  0.65
0.5901  0.62
0.6001  0.69
0.6101  0.63
0.6201  0.73
0.6301  0.75
0.6401  0.57
0.6501  0.57
0.6601  0.47
0.6701  0.44
0.6801  0.56
0.6901  0.66
0.7001  0.62
0.7101  0.56
0.7201  0.54
0.7301  0.58
0.7401  0.46
0.7501  0.58
0.7601  0.59
0.7701  0.6
0.7801  0.7
0.7901  0.55
0.8001  0.5
0.8101  0.5
0.8201  0.43
0.8301  0.56
0.8401  0.53
0.8501  0.55
0.8601  0.62
0.8701  0.66
0.8801  0.57
0.8901  0.45
0.9001  0.56
0.9101  0.42
0.9201  0.45
0.9301  0.57
0.9401  0.51
0.9501  0.62
0.9601  0.45
0.9701  0.58
0.9801  0.35
0.9901  0.49
1.0001  0.56
1.0101  0.32
1.0201  0.52
1.0301  0.43
1.0401  0.51
1.0501  0.6
1.0601  0.39
1.0701  0.51
1.0801  0.58
1.0901  0.58
1.1001  0.56
1.1101  0.46
1.1201  0.41
1.1301  0.5
1.1401  0.63
1.1501  0.52
1.1601  0.44
1.1701  0.53
1.1801  0.4
1.1901  0.48
1.2001  0.48
1.2101  0.45
1.2201  0.39
1.2301  0.41
1.2401  0.44
1.2501  0.57
1.2601  0.37
1.2701  0.35
1.2801  0.46
1.2901  0.41
1.3001  0.47
1.3101  0.46
1.3201  0.51
1.3301  0.48
1.3401  0.43
1.3501  0.53
1.3601  0.44
1.3701  0.45
1.3801  0.39
1.3901  0.46
1.4001  0.51
1.4101  0.4
1.4201  0.39
1.4301  0.3
1.4401  0.42
1.4501  0.36
1.4601  0.56
1.4701  0.54
1.4801  0.46
1.4901  0.39
1.5001  0.41
1.5101  0.34
1.5201  0.55
1.5301  0.52
1.5401  0.3
1.5501  0.48
1.5601  0.41
1.5701  0.39
1.5801  0.41
1.5901  0.46
1.6001  0.35
1.6101  0.43
1.6201  0.37
1.6301  0.46
1.6401  0.36
1.6501  0.42
1.6601  0.31
1.6701  0.3
1.6801  0.51
1.6901  0.43
1.7001  0.45
1.7101  0.53
1.7201  0.42
1.7301  0.44
1.7401  0.32
1.7501  0.39
1.7601  0.37
1.7701  0.47
1.7801  0.42
1.7901  0.44
1.8001  0.49
1.8101  0.33
1.8201  0.33
1.8301  0.43
1.8401  0.42
1.8501  0.42
1.8601  0.49
1.8701  0.32
1.8801  0.36
1.8901  0.33
1.9001  0.34
1.9101  0.43
1.9201  0.34
1.9301  0.41
1.9401  0.38
1.9501  0.38
1.9601  0.43
1.9701  0.36
1.9801  0.34
1.9901  0.4
2.0001  0.36
2.0101  0.41
2.0201  0.32
2.0301  0.37
2.0401  0.4
2.0501  0.38
2.0601  0.37
2.0701  0.34
2.0801  0.46
2.0901  0.24
2.1001  0.37
2.1101  0.42
2.1201  0.4
2.1301  0.4
2.1401  0.29
2.1501  0.39
2.1601  0.35
2.1701  0.38
2.1801  0.32
2.1901  0.58
2.2001  0.31
2.2101  0.39
2.2201  0.31
2.2301  0.34
2.2401  0.46
2.2501  0.29
2.2601  0.32
2.2701  0.39
2.2801  0.38
2.2901  0.41
2.3001  0.39
2.3101  0.42
2.3201  0.3
2.3301  0.26
2.3401  0.38
2.3501  0.34
2.3601  0.3
2.3701  0.31
2.3801  0.48
2.3901  0.45
2.4001  0.39
2.4101  0.43
2.4201  0.37
2.4301  0.43
2.4401  0.39
2.4501  0.21
2.4601  0.36
2.4701  0.36
2.4801  0.35
2.4901  0.33
2.5001  0.32
2.5101  0.3
2.5201  0.39
2.5301  0.42
2.5401  0.32
2.5501  0.36
2.5601  0.33
2.5701  0.34
2.5801  0.35
2.5901  0.33
2.6001  0.3
2.6101  0.28
2.6201  0.36
2.6301  0.37
2.6401  0.31
2.6501  0.28
2.6601  0.31
2.6701  0.34
2.6801  0.39
2.6901  0.34
2.7001  0.3
2.7101  0.35
2.7201  0.34
2.7301  0.38
2.7401  0.31
2.7501  0.35
2.7601  0.35
2.7701  0.37
2.7801  0.25
2.7901  0.42
2.8001  0.35
2.8101  0.37
2.8201  0.28
2.8301  0.28
2.8401  0.37
2.8501  0.4
2.8601  0.36
2.8701  0.35
2.8801  0.28
2.8901  0.22
2.9001  0.32
2.9101  0.27
2.9201  0.27
2.9301  0.29
2.9401  0.33
2.9501  0.28
2.9601  0.3
2.9701  0.31
2.9801  0.3
2.9901  0.35
3.0001  0.39
3.0101  0.31
3.0201  0.42
3.0301  0.3
3.0401  0.32
3.0501  0.37
3.0601  0.31
3.0701  0.3
3.0801  0.29
3.0901  0.23
3.1001  0.32
3.1101  0.37
3.1201  0.38
3.1301  0.34
3.1401  0.33
3.1501  0.25
3.1601  0.21
3.1701  0.23
3.1801  0.31
3.1901  0.34
3.2001  0.31
3.2101  0.42
3.2201  0.31
3.2301  0.28
3.2401  0.34
3.2501  0.31
3.2601  0.39
3.2701  0.27
3.2801  0.31
3.2901  0.31
3.3001  0.31
3.3101  0.39
3.3201  0.29
3.3301  0.27
3.3401  0.23
3.3501  0.42
3.3601  0.27
3.3701  0.37
3.3801  0.26
3.3901  0.27
3.4001  0.21
3.4101  0.28
3.4201  0.3
3.4301  0.24
3.4401  0.27
3.4501  0.29
3.4601  0.3
3.4701  0.26
3.4801  0.27
3.4901  0.28
3.5001  0.27
3.5101  0.3
3.5201  0.31
3.5301  0.28
3.5401  0.26
3.5501  0.36
3.5601  0.32
3.5701  0.19
3.5801  0.32
3.5901  0.27
3.6001  0.31
3.6101  0.24
3.6201  0.31
3.6301  0.31
3.6401  0.44
3.6501  0.27
3.6601  0.24
3.6701  0.23
3.6801  0.39
3.6901  0.34
3.7001  0.34
3.7101  0.36
3.7201  0.36
3.7301  0.3
3.7401  0.37
3.7501  0.37
3.7601  0.27
3.7701  0.33
3.7801  0.36
3.7901  0.25
3.8001  0.22
3.8101  0.29
3.8201  0.28
3.8301  0.21
3.8401  0.22
3.8501  0.23
3.8601  0.37
3.8701  0.26
3.8801  0.27
3.8901  0.26
3.9001  0.29
3.9101  0.27
3.9201  0.29
3.9301  0.23
3.9401  0.27
3.9501  0.28
3.9601  0.35
3.9701  0.28
3.9801  0.19
3.9901  0.24
4.0001  0.19
4.0101  0.22
4.0201  0.28
4.0301  0.31
4.0401  0.28
4.0501  0.22
4.0601  0.24
4.0701  0.28
4.0801  0.27
4.0901  0.34
4.1001  0.18
4.1101  0.12
4.1201  0.28
4.1301  0.28
4.1401  0.27
4.1501  0.21
4.1601  0.41
4.1701  0.36
4.1801  0.27
4.1901  0.22
4.2001  0.27
4.2101  0.28
4.2201  0.3
4.2301  0.25
4.2401  0.23
4.2501  0.25
4.2601  0.23
4.2701  0.29
4.2801  0.19
4.2901  0.17
4.3001  0.24
4.3101  0.31
4.3201  0.35
4.3301  0.23
4.3401  0.29
4.3501  0.3
4.3601  0.28
4.3701  0.22
4.3801  0.25
4.3901  0.31
4.4001  0.3
4.4101  0.3
4.4201  0.25
4.4301  0.24
4.4401  0.25
4.4501  0.3
4.4601  0.2
4.4701  0.26
4.4801  0.15
4.4901  0.16
4.5001  0.3
4.5101  0.16
4.5201  0.21
4.5301  0.29
4.5401  0.39
4.5501  0.24
4.5601  0.33
4.5701  0.16
4.5801  0.22
4.5901  0.19
4.6001  0.2
4.6101  0.26
4.6201  0.31
4.6301  0.3
4.6401  0.3
4.6501  0.15
4.6601  0.19
4.6701  0.27
4.6801  0.22
4.6901  0.34
4.7001  0.27
4.7101  0.25
4.7201  0.24
4.7301  0.3
4.7401  0.23
4.7501  0.21
4.7601  0.19
4.7701  0.25
4.7801  0.21
4.7901  0.24
4.8001  0.2
4.8101  0.24
4.8201  0.31
4.8301  0.22
4.8401  0.17
4.8501  0.22
4.8601  0.21
4.8701  0.22
4.8801  0.28
4.8901  0.17
4.9001  0.33
4.9101  0.2
4.9201  0.28
4.9301  0.23
4.9401  0.24
4.9501  0.28
4.9601  0.19
4.9701  0.33
4.9801  0.15
4.9901  0.2
5.0001  0.24
5.0101  0.2
5.0201  0.22
5.0301  0.24
5.0401  0.21
5.0501  0.22
5.0601  0.12
5.0701  0.22
5.0801  0.21
5.0901  0.34
5.1001  0.35
5.1101  0.16
5.1201  0.19
5.1301  0.16
5.1401  0.21
5.1501  0.25
5.1601  0.3
5.1701  0.14
5.1801  0.23
5.1901  0.25
5.2001  0.27
5.2101  0.2
5.2201  0.26
5.2301  0.19
5.2401  0.16
5.2501  0.25
5.2601  0.27
5.2701  0.22
5.2801  0.24
5.2901  0.2
5.3001  0.19
5.3101  0.32
5.3201  0.2
5.3301  0.25
5.3401  0.17
5.3501  0.24
5.3601  0.14
5.3701  0.12
5.3801  0.21
5.3901  0.2
5.4001  0.23
5.4101  0.25
5.4201  0.32
5.4301  0.18
5.4401  0.22
5.4501  0.19
5.4601  0.25
5.4701  0.24
5.4801  0.28
5.4901  0.27
5.5001  0.26
5.5101  0.17
5.5201  0.19
5.5301  0.31
5.5401  0.18
5.5501  0.27
5.5601  0.28
5.5701  0.26
5.5801  0.16
5.5901  0.24
5.6001  0.17
5.6101  0.14
5.6201  0.15
5.6301  0.16
5.6401  0.19
5.6501  0.26
5.6601  0.24
5.6701  0.19
5.6801  0.23
5.6901  0.2
5.7001  0.25
5.7101  0.19
5.7201  0.28
5.7301  0.2
5.7401  0.2
5.7501  0.16
5.7601  0.17
5.7701  0.19
5.7801  0.24
5.7901  0.14
5.8001  0.28
5.8101  0.21
5.8201  0.26
5.8301  0.23
5.8401  0.13
5.8501  0.16
5.8601  0.23
5.8701  0.15
5.8801  0.28
5.8901  0.28
5.9001  0.21
5.9101  0.19
5.9201  0.26
5.9301  0.19
5.9401  0.17
5.9501  0.27
5.9601  0.19
5.9701  0.23
5.9801  0.27
5.9901  0.13
6.0001  0.19
6.0101  0.24
6.0201  0.13
6.0301  0.17
6.0401  0.25
6.0501  0.18
6.0601  0.13
6.0701  0.2
6.0801  0.21
6.0901  0.26
6.1001  0.3
6.1101  0.19
6.1201  0.16
6.1301  0.21
6.1401  0.17
6.1501  0.28
6.1601  0.17
6.1701  0.2
6.1801  0.22
6.1901  0.17
6.2001  0.26
6.2101  0.13
6.2201  0.21
6.2301  0.21
6.2401  0.21
6.2501  0.23
6.2601  0.25
6.2701  0.31
6.2801  0.16
6.2901  0.18
6.3001  0.21
6.3101  0.2
6.3201  0.15
6.3301  0.23
6.3401  0.18
6.3501  0.15
6.3601  0.13
6.3701  0.14
6.3801  0.16
6.3901  0.17
6.4001  0.21
6.4101  0.19
6.4201  0.28
6.4301  0.2
6.4401  0.16
6.4501  0.21
6.4601  0.21
6.4701  0.22
6.4801  0.15
6.4901  0.16
6.5001  0.16
6.5101  0.23
6.5201  0.13
6.5301  0.2
6.5401  0.15
6.5501  0.23
6.5601  0.22
6.5701  0.14
6.5801  0.16
6.5901  0.23
6.6001  0.17
6.6101  0.14
6.6201  0.25
6.6301  0.25
6.6401  0.2
6.6501  0.28
6.6601  0.13
6.6701  0.27
6.6801  0.27
6.6901  0.25
6.7001  0.19
6.7101  0.21
6.7201  0.23
6.7301  0.12
6.7401  0.15
6.7501  0.21
6.7601  0.26
6.7701  0.1
6.7801  0.14
6.7901  0.21
6.8001  0.16
6.8101  0.17
6.8201  0.28
6.8301  0.23
6.8401  0.14
6.8501  0.19
6.8601  0.24
6.8701  0.22
6.8801  0.18
6.8901  0.19
6.9001  0.17
6.9101  0.17
6.9201  0.27
6.9301  0.12
6.9401  0.25
6.9501  0.21
6.9601  0.1
6.9701  0.17
6.9801  0.21
6.9901  0.16
7.0001  0.21
7.0101  0.21
7.0201  0.17
7.0301  0.23
7.0401  0.16
7.0501  0.19
7.0601  0.18
7.0701  0.24
7.0801  0.18
7.0901  0.18
7.1001  0.17
7.1101  0.13
7.1201  0.22
7.1301  0.15
7.1401  0.15
7.1501  0.25
7.1601  0.19
7.1701  0.26
7.1801  0.2
7.1901  0.2
7.2001  0.21
7.2101  0.16
7.2201  0.13
7.2301  0.26
7.2401  0.14
7.2501  0.16
7.2601  0.14
7.2701  0.15
7.2801  0.19
7.2901  0.16
7.3001  0.26
7.3101  0.31
7.3201  0.22
7.3301  0.18
7.3401  0.2
7.3501  0.16
7.3601  0.13
7.3701  0.22
7.3801  0.13
7.3901  0.22
7.4001  0.12
7.4101  0.16
7.4201  0.12
7.4301  0.12
7.4401  0.28
7.4501  0.17
7.4601  0.12
7.4701  0.21
7.4801  0.16
7.4901  0.19
7.5001  0.21
7.5101  0.13
7.5201  0.19
7.5301  0.14
7.5401  0.18
7.5501  0.16
7.5601  0.24
7.5701  0.16
7.5801  0.23
7.5901  0.19
7.6001  0.21
7.6101  0.15
7.6201  0.2
7.6301  0.18
7.6401  0.28
7.6501  0.24
7.6601  0.17
7.6701  0.18
7.6801  0.15
7.6901  0.18
7.7001  0.14
7.7101  0.18
7.7201  0.17
7.7301  0.15
7.7401  0.22
7.7501  0.21
7.7601  0.23
7.7701  0.2
7.7801  0.18
7.7901  0.22
7.8001  0.12
7.8101  0.16
7.8201  0.08
7.8301  0.17
7.8401  0.2
7.8501  0.15
7.8601  0.18
7.8701  0.22
7.8801  0.14
7.8901  0.24
7.9001  0.11
7.9101  0.18
7.9201  0.17
7.9301  0.14
7.9401  0.15
7.9501  0.22
7.9601  0.21
7.9701  0.16
7.9801  0.23
7.9901  0.19
8.0001  0.22
8.0101  0.17
8.0201  0.12
8.0301  0.28
8.0401  0.13
8.0501  0.13
8.0601  0.19
8.0701  0.17
8.0801  0.11
8.0901  0.16
8.1001  0.13
8.1101  0.17
8.1201  0.19
8.1301  0.2
8.1401  0.18
8.1501  0.15
8.1601  0.18
8.1701  0.13
8.1801  0.18
8.1901  0.19
8.2001  0.09
8.2101  0.14
8.2201  0.12
8.2301  0.15
8.2401  0.18
8.2501  0.24
8.2601  0.26
8.2701  0.15
8.2801  0.1
8.2901  0.22
8.3001  0.19
8.3101  0.2
8.3201  0.23
8.3301  0.11
8.3401  0.18
8.3501  0.2
8.3601  0.17
8.3701  0.22
8.3801  0.23
8.3901  0.28
8.4001  0.15
8.4101  0.15
8.4201  0.13
8.4301  0.19
8.4401  0.18
8.4501  0.19
8.4601  0.09
8.4701  0.14
8.4801  0.16
8.4901  0.19
8.5001  0.22
8.5101  0.18
8.5201  0.14
8.5301  0.22
8.5401  0.12
8.5501  0.22
8.5601  0.15
8.5701  0.13
8.5801  0.16
8.5901  0.17
8.6001  0.17
8.6101  0.15
8.6201  0.13
8.6301  0.2
8.6401  0.17
8.6501  0.19
8.6601  0.2
8.6701  0.2
8.6801  0.15
8.6901  0.2
8.7001  0.16
8.7101  0.19
8.7201  0.1
8.7301  0.18
8.7401  0.19
8.7501  0.19
8.7601  0.17
8.7701  0.15
8.7801  0.2
8.7901  0.15
8.8001  0.18
8.8101  0.15
8.8201  0.2
8.8301  0.15
8.8401  0.17
8.8501  0.11
8.8601  0.13
8.8701  0.2
8.8801  0.22
8.8901  0.14
8.9001  0.25
8.9101  0.14
8.9201  0.15
8.9301  0.22
8.9401  0.12
8.9501  0.11
8.9601  0.19
8.9701  0.12
8.9801  0.15
8.9901  0.17
9.0001  0.14
9.0101  0.25
9.0201  0.17
9.0301  0.19
9.0401  0.11
9.0501  0.24
9.0601  0.17
9.0701  0.21
9.0801  0.22
9.0901  0.2
9.1001  0.17
9.1101  0.15
9.1201  0.14
9.1301  0.23
9.1401  0.14
9.1501  0.16
9.1601  0.21
9.1701  0.15
9.1801  0.1
9.1901  0.18
9.2001  0.08
9.2101  0.25
9.2201  0.16
9.2301  0.18
9.2401  0.14
9.2501  0.16
9.2601  0.23
9.2701  0.17
9.2801  0.21
9.2901  0.2
9.3001  0.05
9.3101  0.16
9.3201  0.19
9.3301  0.2
9.3401  0.19
9.3501  0.25
9.3601  0.16
9.3701  0.17
9.3801  0.16
9.3901  0.1
9.4001  0.19
9.4101  0.19
9.4201  0.14
9.4301  0.19
9.4401  0.17
9.4501  0.14
9.4601  0.12
9.4701  0.16
9.4801  0.22
9.4901  0.19
9.5001  0.25
9.5101  0.16
9.5201  0.13
9.5301  0.1
9.5401  0.15
9.5501  0.12
9.5601  0.15
9.5701  0.1
9.5801  0.18
9.5901  0.09
9.6001  0.16
9.6101  0.22
9.6201  0.15
9.6301  0.15
9.6401  0.15
9.6501  0.17
9.6601  0.16
9.6701  0.12
9.6801  0.2
9.6901  0.16
9.7001  0.18
9.7101  0.2
9.7201  0.12
9.7301  0.06
9.7401  0.22
9.7501  0.2
9.7601  0.16
9.7701  0.24
9.7801  0.2
9.7901  0.1
9.8001  0.16
9.8101  0.11
9.8201  0.21
9.8301  0.25
9.8401  0.14
9.8501  0.18
9.8601  0.16
9.8701  0.2
9.8801  0.21
9.8901  0.18
9.9001  0.15
9.9101  0.15
9.9201  0.15
9.9301  0.16
9.9401  0.16
9.9501  0.13
9.9601  0.16
9.9701  0.17
9.9801  0.2
9.9901  0.11
10.0001  0.15
10.0101  0.17
10.0201  0.16
10.0301  0.18
10.0401  0.18
10.0501  0.15
10.0601  0.23
10.0701  0.16
10.0801  0.12
10.0901  0.16
10.1001  0.23
10.1101  0.13
10.1201  0.14
10.1301  0.17
10.1401  0.23
10.1501  0.17
10.1601  0.2
10.1701  0.11
10.1801  0.18
10.1901  0.11
10.2001  0.15
10.2101  0.14
10.2201  0.13
10.2301  0.18
10.2401  0.17
10.2501  0.13
10.2601  0.18
10.2701  0.14
10.2801  0.25
10.2901  0.24
10.3001  0.16
10.3101  0.14
10.3201  0.17
10.3301  0.14
10.3401  0.25
10.3501  0.09
10.3601  0.14
10.3701  0.29
10.3801  0.16
10.3901  0.18
10.4001  0.16
10.4101  0.2
10.4201  0.1
10.4301  0.22
10.4401  0.16
10.4501  0.14
10.4601  0.1
10.4701  0.18
10.4801  0.17
10.4901  0.22
10.5001  0.17
10.5101  0.13
10.5201  0.15
10.5301  0.15
10.5401  0.17
10.5501  0.1
10.5601  0.14
10.5701  0.2
10.5801  0.13
10.5901  0.14
10.6001  0.21
10.6101  0.2
10.6201  0.17
10.6301  0.08
10.6401  0.22
10.6501  0.19
10.6601  0.14
10.6701  0.14
10.6801  0.16
10.6901  0.13
10.7001  0.17
10.7101  0.18
10.7201  0.1
10.7301  0.11
10.7401  0.17
10.7501  0.19
10.7601  0.2
10.7701  0.15
10.7801  0.19
10.7901  0.18
10.8001  0.2
10.8101  0.14
10.8201  0.19
10.8301  0.16
10.8401  0.16
10.8501  0.09
10.8601  0.18
10.8701  0.25
10.8801  0.21
10.8901  0.17
10.9001  0.09
10.9101  0.17
10.9201  0.09
10.9301  0.09
10.9401  0.15
10.9501  0.12
10.9601  0.17
10.9701  0.24
10.9801  0.19
10.9901  0.14
11.0001  0.08
11.0101  0.21
11.0201  0.23
11.0301  0.14
11.0401  0.14
11.0501  0.14
11.0601  0.17
11.0701  0.28
11.0801  0.21
11.0901  0.24
11.1001  0.17
11.1101  0.17
11.1201  0.14
11.1301  0.13
11.1401  0.19
11.1501  0.17
11.1601  0.25
11.1701  0.16
11.1801  0.19
11.1901  0.11
11.2001  0.13
11.2101  0.22
11.2201  0.13
11.2301  0.18
11.2401  0.1
11.2501  0.17
11.2601  0.27
11.2701  0.11
11.2801  0.1
11.2901  0.12
11.3001  0.14
11.3101  0.11
11.3201  0.16
11.3301  0.11
11.3401  0.26
11.3501  0.2
11.3601  0.19
11.3701  0.18
11.3801  0.19
11.3901  0.15
11.4001  0.14
11.4101  0.12
11.4201  0.12
11.4301  0.25
11.4401  0.15
11.4501  0.16
11.4601  0.24
11.4701  0.17
11.4801  0.15
11.4901  0.18
11.5001  0.14
11.5101  0.15
11.5201  0.2
11.5301  0.15
11.5401  0.17
11.5501  0.15
11.5601  0.14
11.5701  0.15
11.5801  0.19
11.5901  0.24
11.6001  0.15
11.6101  0.15
11.6201  0.16
11.6301  0.12
11.6401  0.2
11.6501  0.13
11.6601  0.24
11.6701  0.11
11.6801  0.13
11.6901  0.15
11.7001  0.17
11.7101  0.19
11.7201  0.16
11.7301  0.16
11.7401  0.2
11.7501  0.11
11.7601  0.19
11.7701  0.18
11.7801  0.18
11.7901  0.16
11.8001  0.09
11.8101  0.16
11.8201  0.12
11.8301  0.15
11.8401  0.22
11.8501  0.24
11.8601  0.18
11.8701  0.21
11.8801  0.16
11.8901  0.06
11.9001  0.15
11.9101  0.1
11.9201  0.18
11.9301  0.09
11.9401  0.14
11.9501  0.13
11.9601  0.16
11.9701  0.16
11.9801  0.23
11.9901  0.25
12.0001  0.21
12.0101  0.22
12.0201  0.13
12.0301  0.18
12.0401  0.13
12.0501  0.17
12.0601  0.17
12.0701  0.14
12.0801  0.23
12.0901  0.08
12.1001  0.16
12.1101  0.19
12.1201  0.12
12.1301  0.18
12.1401  0.1
12.1501  0.19
12.1601  0.14
12.1701  0.16
12.1801  0.22
12.1901  0.1
12.2001  0.16
12.2101  0.25
12.2201  0.17
12.2301  0.21
12.2401  0.17
12.2501  0.2
12.2601  0.16
12.2701  0.14
12.2801  0.11
12.2901  0.17
12.3001  0.15
12.3101  0.16
12.3201  0.21
12.3301  0.23
12.3401  0.14
12.3501  0.16
12.3601  0.17
12.3701  0.18
12.3801  0.25
12.3901  0.19
12.4001  0.2
12.4101  0.11
12.4201  0.16
12.4301  0.2
12.4401  0.15
12.4501  0.18
12.4601  0.15
12.4701  0.15
12.4801  0.18
12.4901  0.2
12.5001  0.17
12.5101  0.16
12.5201  0.14
12.5301  0.17
12.5401  0.22
12.5501  0.15
12.5601  0.26
12.5701  0.19
12.5801  0.15
12.5901  0.11
12.6001  0.16
12.6101  0.21
12.6201  0.21
12.6301  0.18
12.6401  0.13
12.6501  0.11
12.6601  0.18
12.6701  0.23
12.6801  0.14
12.6901  0.14
12.7001  0.18
12.7101  0.14
12.7201  0.12
12.7301  0.08
12.7401  0.22
12.7501  0.18
12.7601  0.13
12.7701  0.14
12.7801  0.23
12.7901  0.12
12.8001  0.11
12.8101  0.28
12.8201  0.17
12.8301  0.23
12.8401  0.15
12.8501  0.14
12.8601  0.27
12.8701  0.13
12.8801  0.17
12.8901  0.15
12.9001  0.11
12.9101  0.18
12.9201  0.13
12.9301  0.15
12.9401  0.22
12.9501  0.18
12.9601  0.16
12.9701  0.15
12.9801  0.13
12.9901  0.12
13.0001  0.23
13.0101  0.11
13.0201  0.17
13.0301  0.15
13.0401  0.14
13.0501  0.15
13.0601  0.16
13.0701  0.23
13.0801  0.12
13.0901  0.18
13.1001  0.13
13.1101  0.19
13.1201  0.17
13.1301  0.17
13.1401  0.18
13.1501  0.23
13.1601  0.14
13.1701  0.14
13.1801  0.14
13.1901  0.17
13.2001  0.08
13.2101  0.2
13.2201  0.13
13.2301  0.19
13.2401  0.13
13.2501  0.12
13.2601  0.19
13.2701  0.14
13.2801  0.17
13.2901  0.12
13.3001  0.1
13.3101  0.21
13.3201  0.12
13.3301  0.23
13.3401  0.13
13.3501  0.2
13.3601  0.12
13.3701  0.2
13.3801  0.2
13.3901  0.12
13.4001  0.14
13.4101  0.13
13.4201  0.16
13.4301  0.22
13.4401  0.23
13.4501  0.2
13.4601  0.14
13.4701  0.13
13.4801  0.22
13.4901  0.03
13.5001  0.14
13.5101  0.18
13.5201  0.19
13.5301  0.23
13.5401  0.14
13.5501  0.17
13.5601  0.2
13.5701  0.26
13.5801  0.23
13.5901  0.23
13.6001  0.16
13.6101  0.12
13.6201  0.12
13.6301  0.19
13.6401  0.11
13.6501  0.2
13.6601  0.2
13.6701  0.15
13.6801  0.15
13.6901  0.19
13.7001  0.15
13.7101  0.13
13.7201  0.12
13.7301  0.18
13.7401  0.22
13.7501  0.1
13.7601  0.2
13.7701  0.25
13.7801  0.18
13.7901  0.22
13.8001  0.13
13.8101  0.11
13.8201  0.11
13.8301  0.21
13.8401  0.2
13.8501  0.14
13.8601  0.15
13.8701  0.18
13.8801  0.2
13.8901  0.19
13.9001  0.16
13.9101  0.16
13.9201  0.26
13.9301  0.12
13.9401  0.16
13.9501  0.14
13.9601  0.16
13.9701  0.09
13.9801  0.14
13.9901  0.12
14.0001  0.15
14.0101  0.16
14.0201  0.09
14.0301  0.21
14.0401  0.18
14.0501  0.14
14.0601  0.14
14.0701  0.08
14.0801  0.13
14.0901  0.2
14.1001  0.15
14.1101  0.22
14.1201  0.16
14.1301  0.15
14.1401  0.11
14.1501  0.12
14.1601  0.14
14.1701  0.18
14.1801  0.18
14.1901  0.18
14.2001  0.13
14.2101  0.23
14.2201  0.17
14.2301  0.15
14.2401  0.12
14.2501  0.13
14.2601  0.18
14.2701  0.23
14.2801  0.28
14.2901  0.13
14.3001  0.17
14.3101  0.19
14.3201  0.17
14.3301  0.25
14.3401  0.2
14.3501  0.23
14.3601  0.21
14.3701  0.21
14.3801  0.15
14.3901  0.23
14.4001  0.15
14.4101  0.12
14.4201  0.2
14.4301  0.19
14.4401  0.22
14.4501  0.11
14.4601  0.22
14.4701  0.21
14.4801  0.16
14.4901  0.2
14.5001  0.13
14.5101  0.19
14.5201  0.13
14.5301  0.14
14.5401  0.16
14.5501  0.22
14.5601  0.1
14.5701  0.19
14.5801  0.12
14.5901  0.19
14.6001  0.13
14.6101  0.16
14.6201  0.14
14.6301  0.1
14.6401  0.06
14.6501  0.18
14.6601  0.15
14.6701  0.17
14.6801  0.18
14.6901  0.12
14.7001  0.2
14.7101  0.21
14.7201  0.19
14.7301  0.17
14.7401  0.13
14.7501  0.08
14.7601  0.19
14.7701  0.12
14.7801  0.17
14.7901  0.17
14.8001  0.13
14.8101  0.18
14.8201  0.23
14.8301  0.15
14.8401  0.26
14.8501  0.15
14.8601  0.11
14.8701  0.18
14.8801  0.15
14.8901  0.18
14.9001  0.18
14.9101  0.14
14.9201  0.22
14.9301  0.14
14.9401  0.12
14.9501  0.11
14.9601  0.24
14.9701  0.13
14.9801  0.14
14.9901  0.21
15.0001  0.19
15.0101  0.07
15.0201  0.17
15.0301  0.24
15.0401  0.18
15.0501  0.19
15.0601  0.19
15.0701  0.12
15.0801  0.21
15.0901  0.16
15.1001  0.17
15.1101  0.17
15.1201  0.1
15.1301  0.12
15.1401  0.17
15.1501  0.17
15.1601  0.2
15.1701  0.17
15.1801  0.17
15.1901  0.22
15.2001  0.17
15.2101  0.13
15.2201  0.2
15.2301  0.14
15.2401  0.12
15.2501  0.23
15.2601  0.1
15.2701  0.18
15.2801  0.18
15.2901  0.11
15.3001  0.18
15.3101  0.2
15.3201  0.22
15.3301  0.14
15.3401  0.19
15.3501  0.14
15.3601  0.13
15.3701  0.09
15.3801  0.13
15.3901  0.14
15.4001  0.16
15.4101  0.16
15.4201  0.15
15.4301  0.16
15.4401  0.12
15.4501  0.19
15.4601  0.2
15.4701  0.2
15.4801  0.17
15.4901  0.1
15.5001  0.15
15.5101  0.14
15.5201  0.15
15.5301  0.09
15.5401  0.19
15.5501  0.15
15.5601  0.21
15.5701  0.14
15.5801  0.2
15.5901  0.21
15.6001  0.21
15.6101  0.21
15.6201  0.13
15.6301  0.15
15.6401  0.15
15.6501  0.13
15.6601  0.21
15.6701  0.12
15.6801  0.15
15.6901  0.2
15.7001  0.18
15.7101  0.19
15.7201  0.16
15.7301  0.14
15.7401  0.14
15.7501  0.22
15.7601  0.2
15.7701  0.13
15.7801  0.12
15.7901  0.24
15.8001  0.17
15.8101  0.1
15.8201  0.15
15.8301  0.26
15.8401  0.18
15.8501  0.11
15.8601  0.23
15.8701  0.21
15.8801  0.14
15.8901  0.15
15.9001  0.17
15.9101  0.16
15.9201  0.2
15.9301  0.16
15.9401  0.15
15.9501  0.16
15.9601  0.12
15.9701  0.15
15.9801  0.15
15.9901  0.21
16.0001  0.16
16.0101  0.06
16.0201  0.22
16.0301  0.1
16.0401  0.11
16.0501  0.18
16.0601  0.15
16.0701  0.16
16.0801  0.19
16.0901  0.17
16.1001  0.19
16.1101  0.23
16.1201  0.1
16.1301  0.19
16.1401  0.19
16.1501  0.15
16.1601  0.09
16.1701  0.16
16.1801  0.15
16.1901  0.16
16.2001  0.17
16.2101  0.2
16.2201  0.18
16.2301  0.13
16.2401  0.21
16.2501  0.18
16.2601  0.13
16.2701  0.17
16.2801  0.08
16.2901  0.15
16.3001  0.19
16.3101  0.13
16.3201  0.17
16.3301  0.22
16.3401  0.14
16.3501  0.18
16.3601  0.16
16.3701  0.12
16.3801  0.15
16.3901  0.1
16.4001  0.19
16.4101  0.15
16.4201  0.15
16.4301  0.15
16.4401  0.17
16.4501  0.13
16.4601  0.16
16.4701  0.2
16.4801  0.19
16.4901  0.12
16.5001  0.15
16.5101  0.22
16.5201  0.17
16.5301  0.13
16.5401  0.18
16.5501  0.18
16.5601  0.2
16.5701  0.18
16.5801  0.16
16.5901  0.09
16.6001  0.12
16.6101  0.15
16.6201  0.17
16.6301  0.2
16.6401  0.1
16.6501  0.13
16.6601  0.21
16.6701  0.23
16.6801  0.2
16.6901  0.11
16.7001  0.12
16.7101  0.22
16.7201  0.15
16.7301  0.14
16.7401  0.16
16.7501  0.09
16.7601  0.2
16.7701  0.09
16.7801  0.16
16.7901  0.12
16.8001  0.13
16.8101  0.17
16.8201  0.12
16.8301  0.18
16.8401  0.18
16.8501  0.09
16.8601  0.14
16.8701  0.16
16.8801  0.12
16.8901  0.25
16.9001  0.12
16.9101  0.22
16.9201  0.21
16.9301  0.1
16.9401  0.2
16.9501  0.19
16.9601  0.17
16.9701  0.11
16.9801  0.16
16.9901  0.12
17.0001  0.16
17.0101  0.21
17.0201  0.18
17.0301  0.16
17.0401  0.14
17.0501  0.18
17.0601  0.12
17.0701  0.16
17.0801  0.2
17.0901  0.16
17.1001  0.18
17.1101  0.17
17.1201  0.14
17.1301  0.19
17.1401  0.15
17.1501  0.19
17.1601  0.17
17.1701  0.19
17.1801  0.24
17.1901  0.21
17.2001  0.17
17.2101  0.17
17.2201  0.13
17.2301  0.13
17.2401  0.21
17.2501  0.18
17.2601  0.2
17.2701  0.15
17.2801  0.12
17.2901  0.16
17.3001  0.15
17.3101  0.11
17.3201  0.2
17.3301  0.12
17.3401  0.19
17.3501  0.19
17.3601  0.19
17.3701  0.13
17.3801  0.12
17.3901  0.16
17.4001  0.17
17.4101  0.13
17.4201  0.16
17.4301  0.13
17.4401  0.2
17.4501  0.23
17.4601  0.16
17.4701  0.14
17.4801  0.19
17.4901  0.11
17.5001  0.2
17.5101  0.21
17.5201  0.19
17.5301  0.18
17.5401  0.16
17.5501  0.09
17.5601  0.13
17.5701  0.17
17.5801  0.14
17.5901  0.07
17.6001  0.11
17.6101  0.11
17.6201  0.19
17.6301  0.2
17.6401  0.18
17.6501  0.16
17.6601  0.17
17.6701  0.22
17.6801  0.15
17.6901  0.11
17.7001  0.25
17.7101  0.08
17.7201  0.14
17.7301  0.14
17.7401  0.23
17.7501  0.12
17.7601  0.11
17.7701  0.16
17.7801  0.2
17.7901  0.16
17.8001  0.15
17.8101  0.14
17.8201  0.23
17.8301  0.17
17.8401  0.14
17.8501  0.14
17.8601  0.13
17.8701  0.17
17.8801  0.13
17.8901  0.18
17.9001  0.14
17.9101  0.18
17.9201  0.16
17.9301  0.2
17.9401  0.16
17.9501  0.16
17.9601  0.22
17.9701  0.09
17.9801  0.28
17.9901  0.17
18.0001  0.16
18.0101  0.13
18.0201  0.18
18.0301  0.19
18.0401  0.16
18.0501  0.16
18.0601  0.22
18.0701  0.11
18.0801  0.16
18.0901  0.13
18.1001  0.16
18.1101  0.13
18.1201  0.19
18.1301  0.18
18.1401  0.23
18.1501  0.15
18.1601  0.13
18.1701  0.26
18.1801  0.08
18.1901  0.22
18.2001  0.15
18.2101  0.13
18.2201  0.22
18.2301  0.19
18.2401  0.11
18.2501  0.15
18.2601  0.1
18.2701  0.17
18.2801  0.23
18.2901  0.18
18.3001  0.14
18.3101  0.18
18.3201  0.13
18.3301  0.17
18.3401  0.16
18.3501  0.21
18.3601  0.15
18.3701  0.08
18.3801  0.25
18.3901  0.19
18.4001  0.22
18.4101  0.14
18.4201  0.06
18.4301  0.25
18.4401  0.16
18.4501  0.24
18.4601  0.2
18.4701  0.21
18.4801  0.11
18.4901  0.12
18.5001  0.14
18.5101  0.19
18.5201  0.17
18.5301  0.16
18.5401  0.16
18.5501  0.14
18.5601  0.24
18.5701  0.17
18.5801  0.21
18.5901  0.17
18.6001  0.23
18.6101  0.11
18.6201  0.17
18.6301  0.22
18.6401  0.17
18.6501  0.14
18.6601  0.18
18.6701  0.17
18.6801  0.13
18.6901  0.14
18.7001  0.13
18.7101  0.21
18.7201  0.13
18.7301  0.14
18.7401  0.08
18.7501  0.18
18.7601  0.2
18.7701  0.21
18.7801  0.21
18.7901  0.17
18.8001  0.23
18.8101  0.19
18.8201  0.14
18.8301  0.12
18.8401  0.09
18.8501  0.2
18.8601  0.14
18.8701  0.15
18.8801  0.15
18.8901  0.18
18.9001  0.22
18.9101  0.19
18.9201  0.17
18.9301  0.14
18.9401  0.23
18.9501  0.19
18.9601  0.14
18.9701  0.17
18.9801  0.17
18.9901  0.18
19.0001  0.17
19.0101  0.17
19.0201  0.23
19.0301  0.22
19.0401  0.16
19.0501  0.14
19.0601  0.23
19.0701  0.12
19.0801  0.18
19.0901  0.15
19.1001  0.22
19.1101  0.17
19.1201  0.15
19.1301  0.16
19.1401  0.1
19.1501  0.14
19.1601  0.12
19.1701  0.12
19.1801  0.12
19.1901  0.14
19.2001  0.19
19.2101  0.13
19.2201  0.18
19.2301  0.25
19.2401  0.15
19.2501  0.17
19.2601  0.13
19.2701  0.18
19.2801  0.2
19.2901  0.2
19.3001  0.24
19.3101  0.14
19.3201  0.14
19.3301  0.13
19.3401  0.14
19.3501  0.19
19.3601  0.15
19.3701  0.21
19.3801  0.18
19.3901  0.14
19.4001  0.17
19.4101  0.23
19.4201  0.17
19.4301  0.16
19.4401  0.2
19.4501  0.14
19.4601  0.14
19.4701  0.1
19.4801  0.18
19.4901  0.19
19.5001  0.15
19.5101  0.14
19.5201  0.09
19.5301  0.14
19.5401  0.14
19.5501  0.18
19.5601  0.15
19.5701  0.22
19.5801  0.09
19.5901  0.18
19.6001  0.2
19.6101  0.19
19.6201  0.1
19.6301  0.21
19.6401  0.19
19.6501  0.13
19.6601  0.24
19.6701  0.12
19.6801  0.17
19.6901  0.22
19.7001  0.17
19.7101  0.15
19.7201  0.12
19.7301  0.23
19.7401  0.09
19.7501  0.16
19.7601  0.15
19.7701  0.16
19.7801  0.08
19.7901  0.27
19.8001  0.14
19.8101  0.13
19.8201  0.19
19.8301  0.13
19.8401  0.16
19.8501  0.12
19.8601  0.18
19.8701  0.21
19.8801  0.22
19.8901  0.13
19.9001  0.16
19.9101  0.12
19.9201  0.18
19.9301  0.13
19.9401  0.12
19.9501  0.12
19.9601  0.09
19.9701  0.23
19.9801  0.15
19.9901  0.17
20.0001  0.18
20.0101  0.17
20.0201  0.15
20.0301  0.12
20.0401  0.2
20.0501  0.16
20.0601  0.19
20.0701  0.14
20.0801  0.11
20.0901  0.19
20.1001  0.18
20.1101  0.13
20.1201  0.13
20.1301  0.22
20.1401  0.14
20.1501  0.18
20.1601  0.16
20.1701  0.16
20.1801  0.15
20.1901  0.2
20.2001  0.1
20.2101  0.1
20.2201  0.15
20.2301  0.23
20.2401  0.16
20.2501  0.16
20.2601  0.13
20.2701  0.14
20.2801  0.15
20.2901  0.2
20.3001  0.14
20.3101  0.2
20.3201  0.13
20.3301  0.15
20.3401  0.14
20.3501  0.15
20.3601  0.14
20.3701  0.12
20.3801  0.17
20.3901  0.15
20.4001  0.12
20.4101  0.19
20.4201  0.13
20.4301  0.25
20.4401  0.19
20.4501  0.17
20.4601  0.17
20.4701  0.18
20.4801  0.29
20.4901  0.2
20.5001  0.07
20.5101  0.21
20.5201  0.15
20.5301  0.19
20.5401  0.13
20.5501  0.11
20.5601  0.2
20.5701  0.18
20.5801  0.21
20.5901  0.14
20.6001  0.18
20.6101  0.3
20.6201  0.17
20.6301  0.15
20.6401  0.13
20.6501  0.16
20.6601  0.21
20.6701  0.23
20.6801  0.18
20.6901  0.16
20.7001  0.14
20.7101  0.13
20.7201  0.2
20.7301  0.25
20.7401  0.18
20.7501  0.2
20.7601  0.17
20.7701  0.18
20.7801  0.11
20.7901  0.17
20.8001  0.17
20.8101  0.12
20.8201  0.15
20.8301  0.2
20.8401  0.13
20.8501  0.11
20.8601  0.13
20.8701  0.16
20.8801  0.23
20.8901  0.11
20.9001  0.15
20.9101  0.13
20.9201  0.22
20.9301  0.16
20.9401  0.13
20.9501  0.2
20.9601  0.17
20.9701  0.11
20.9801  0.24
20.9901  0.15
21.0001  0.12
21.0101  0.16
21.0201  0.14
21.0301  0.2
21.0401  0.21
21.0501  0.18
21.0601  0.14
21.0701  0.15
21.0801  0.14
21.0901  0.17
21.1001  0.14
21.1101  0.17
21.1201  0.11
21.1301  0.19
21.1401  0.07
21.1501  0.16
21.1601  0.11
21.1701  0.19
21.1801  0.12
21.1901  0.11
21.2001  0.19
21.2101  0.17
21.2201  0.21
21.2301  0.17
21.2401  0.17
21.2501  0.19
21.2601  0.25
21.2701  0.17
21.2801  0.16
21.2901  0.12
21.3001  0.15
21.3101  0.2
21.3201  0.17
21.3301  0.14
21.3401  0.17
21.3501  0.25
21.3601  0.12
21.3701  0.19
21.3801  0.15
21.3901  0.14
21.4001  0.14
21.4101  0.14
21.4201  0.22
21.4301  0.25
21.4401  0.24
21.4501  0.18
21.4601  0.22
21.4701  0.14
21.4801  0.29
21.4901  0.21
21.5001  0.14
21.5101  0.16
21.5201  0.12
21.5301  0.17
21.5401  0.12
21.5501  0.2
21.5601  0.14
21.5701  0.14
21.5801  0.19
21.5901  0.12
21.6001  0.21
21.6101  0.11
21.6201  0.1
21.6301  0.15
21.6401  0.15
21.6501  0.12
21.6601  0.09
21.6701  0.11
21.6801  0.24
21.6901  0.19
21.7001  0.14
21.7101  0.22
21.7201  0.17
21.7301  0.17
21.7401  0.2
21.7501  0.15
21.7601  0.08
21.7701  0.13
21.7801  0.2
21.7901  0.15
21.8001  0.19
21.8101  0.15
21.8201  0.2
21.8301  0.11
21.8401  0.18
21.8501  0.13
21.8601  0.2
21.8701  0.14
21.8801  0.17
21.8901  0.14
21.9001  0.13
21.9101  0.14
21.9201  0.16
21.9301  0.19
21.9401  0.2
21.9501  0.2
21.9601  0.15
21.9701  0.2
21.9801  0.15
21.9901  0.19
22.0001  0.13
22.0101  0.21
22.0201  0.12
22.0301  0.18
22.0401  0.18
22.0501  0.15
22.0601  0.17
22.0701  0.14
22.0801  0.2
22.0901  0.19
22.1001  0.2
22.1101  0.17
22.1201  0.23
22.1301  0.18
22.1401  0.08
22.1501  0.17
22.1601  0.15
22.1701  0.16
22.1801  0.21
22.1901  0.16
22.2001  0.07
22.2101  0.25
22.2201  0.19
22.2301  0.18
22.2401  0.09
22.2501  0.15
22.2601  0.14
22.2701  0.15
22.2801  0.14
22.2901  0.26
22.3001  0.17
22.3101  0.12
22.3201  0.09
22.3301  0.12
22.3401  0.21
22.3501  0.19
22.3601  0.16
22.3701  0.21
22.3801  0.23
22.3901  0.13
22.4001  0.14
22.4101  0.16
22.4201  0.14
22.4301  0.15
22.4401  0.18
22.4501  0.13
22.4601  0.19
22.4701  0.16
22.4801  0.17
22.4901  0.18
22.5001  0.11
22.5101  0.21
22.5201  0.13
22.5301  0.13
22.5401  0.19
22.5501  0.19
22.5601  0.14
22.5701  0.2
22.5801  0.17
22.5901  0.14
22.6001  0.21
22.6101  0.1
22.6201  0.1
22.6301  0.13
22.6401  0.13
22.6501  0.15
22.6601  0.17
22.6701  0.16
22.6801  0.19
22.6901  0.15
22.7001  0.18
22.7101  0.17
22.7201  0.14
22.7301  0.15
22.7401  0.18
22.7501  0.18
22.7601  0.19
22.7701  0.17
22.7801  0.14
22.7901  0.24
22.8001  0.15
22.8101  0.22
22.8201  0.28
22.8301  0.16
22.8401  0.12
22.8501  0.12
22.8601  0.11
22.8701  0.18
22.8801  0.21
22.8901  0.18
22.9001  0.11
22.9101  0.15
22.9201  0.09
22.9301  0.14
22.9401  0.18
22.9501  0.19
22.9601  0.15
22.9701  0.09
22.9801  0.2
22.9901  0.11
23.0001  0.19
23.0101  0.2
23.0201  0.19
23.0301  0.12
23.0401  0.13
23.0501  0.19
23.0601  0.25
23.0701  0.12
23.0801  0.13
23.0901  0.19
23.1001  0.09
23.1101  0.14
23.1201  0.18
23.1301  0.29
23.1401  0.14
23.1501  0.2
23.1601  0.21
23.1701  0.13
23.1801  0.14
23.1901  0.15
23.2001  0.13
23.2101  0.11
23.2201  0.17
23.2301  0.13
23.2401  0.1
23.2501  0.23
23.2601  0.08
23.2701  0.18
23.2801  0.17
23.2901  0.16
23.3001  0.23
23.3101  0.21
23.3201  0.15
23.3301  0.17
23.3401  0.11
23.3501  0.19
23.3601  0.15
23.3701  0.12
23.3801  0.17
23.3901  0.13
23.4001  0.13
23.4101  0.16
23.4201  0.16
23.4301  0.19
23.4401  0.16
23.4501  0.19
23.4601  0.26
23.4701  0.3
23.4801  0.22
23.4901  0.2
23.5001  0.19
23.5101  0.18
23.5201  0.12
23.5301  0.15
23.5401  0.15
23.5501  0.11
23.5601  0.19
23.5701  0.14
23.5801  0.14
23.5901  0.18
23.6001  0.17
23.6101  0.22
23.6201  0.17
23.6301  0.17
23.6401  0.16
23.6501  0.13
23.6601  0.09
23.6701  0.19
23.6801  0.11
23.6901  0.22
23.7001  0.14
23.7101  0.11
23.7201  0.15
23.7301  0.15
23.7401  0.16
23.7501  0.1
23.7601  0.18
23.7701  0.15
23.7801  0.14
23.7901  0.21
23.8001  0.22
23.8101  0.27
23.8201  0.14
23.8301  0.17
23.8401  0.14
23.8501  0.18
23.8601  0.12
23.8701  0.13
23.8801  0.15
23.8901  0.21
23.9001  0.12
23.9101  0.16
23.9201  0.1
23.9301  0.14
23.9401  0.17
23.9501  0.18
23.9601  0.24
23.9701  0.17
23.9801  0.26
23.9901  0.1
24.0001  0.13
24.0101  0.17
24.0201  0.14
24.0301  0.17
24.0401  0.23
24.0501  0.17
24.0601  0.14
24.0701  0.19
24.0801  0.19
24.0901  0.2
24.1001  0.18
24.1101  0.28
24.1201  0.18
24.1301  0.17
24.1401  0.15
24.1501  0.23
24.1601  0.18
24.1701  0.15
24.1801  0.09
24.1901  0.11
24.2001  0.15
24.2101  0.1
24.2201  0.13
24.2301  0.15
24.2401  0.2
24.2501  0.1
24.2601  0.13
24.2701  0.17
24.2801  0.13
24.2901  0.12
24.3001  0.14
24.3101  0.18
24.3201  0.27
24.3301  0.15
24.3401  0.26
24.3501  0.06
24.3601  0.13
24.3701  0.12
24.3801  0.29
24.3901  0.14
24.4001  0.13
24.4101  0.12
24.4201  0.14
24.4301  0.21
24.4401  0.21
24.4501  0.17
24.4601  0.1
24.4701  0.16
24.4801  0.16
24.4901  0.23
24.5001  0.19
24.5101  0.17
24.5201  0.15
24.5301  0.21
24.5401  0.12
24.5501  0.22
24.5601  0.25
24.5701  0.13
24.5801  0.16
24.5901  0.16
24.6001  0.15
24.6101  0.16
24.6201  0.09
24.6301  0.12
24.6401  0.21
24.6501  0.19
24.6601  0.14
24.6701  0.11
24.6801  0.12
24.6901  0.17
24.7001  0.2
24.7101  0.09
24.7201  0.18
24.7301  0.16
24.7401  0.12
24.7501  0.11
24.7601  0.13
24.7701  0.16
24.7801  0.14
24.7901  0.13
24.8001  0.11
24.8101  0.18
24.8201  0.14
24.8301  0.14
24.8401  0.21
24.8501  0.23
24.8601  0.15
24.8701  0.22
24.8801  0.17
24.8901  0.18
24.9001  0.11
24.9101  0.23
24.9201  0.13
24.9301  0.22
24.9401  0.18
24.9501  0.22
24.9601  0.12
24.9701  0.2
24.9801  0.18
24.9901  0.15
25.0001  0.12
25.0101  0.16
25.0201  0.23
25.0301  0.14
25.0401  0.19
25.0501  0.26
25.0601  0.23
25.0701  0.19
25.0801  0.18
25.0901  0.15
25.1001  0.16
25.1101  0.1
25.1201  0.19
25.1301  0.16
25.1401  0.16
25.1501  0.19
25.1601  0.21
25.1701  0.2
25.1801  0.28
25.1901  0.15
25.2001  0.09
25.2101  0.16
25.2201  0.12
25.2301  0.16
25.2401  0.12
25.2501  0.12
25.2601  0.17
25.2701  0.13
25.2801  0.15
25.2901  0.12
25.3001  0.12
25.3101  0.15
25.3201  0.18
25.3301  0.14
25.3401  0.19
25.3501  0.22
25.3601  0.2
25.3701  0.22
25.3801  0.26
25.3901  0.15
25.4001  0.16
25.4101  0.16
25.4201  0.16
25.4301  0.21
25.4401  0.15
25.4501  0.12
25.4601  0.19
25.4701  0.18
25.4801  0.16
25.4901  0.21
25.5001  0.16
25.5101  0.16
25.5201  0.19
25.5301  0.17
25.5401  0.12
25.5501  0.17
25.5601  0.09
25.5701  0.11
25.5801  0.22
25.5901  0.2
25.6001  0.17
25.6101  0.17
25.6201  0.21
25.6301  0.07
25.6401  0.16
25.6501  0.14
25.6601  0.17
25.6701  0.12
25.6801  0.09
25.6901  0.16
25.7001  0.16
25.7101  0.19
25.7201  0.16
25.7301  0.12
25.7401  0.08
25.7501  0.14
25.7601  0.15
25.7701  0.09
25.7801  0.17
25.7901  0.15
25.8001  0.21
25.8101  0.21
25.8201  0.23
25.8301  0.17
25.8401  0.07
25.8501  0.2
25.8601  0.2
25.8701  0.2
25.8801  0.1
25.8901  0.18
25.9001  0.16
25.9101  0.19
25.9201  0.19
25.9301  0.13
25.9401  0.1
25.9501  0.21
25.9601  0.15
25.9701  0.2
25.9801  0.17
25.9901  0.18
26.0001  0.15
26.0101  0.23
26.0201  0.16
26.0301  0.17
26.0401  0.21
26.0501  0.16
26.0601  0.09
26.0701  0.14
26.0801  0.15
26.0901  0.15
26.1001  0.15
26.1101  0.23
26.1201  0.11
26.1301  0.17
26.1401  0.13
26.1501  0.16
26.1601  0.19
26.1701  0.2
26.1801  0.18
26.1901  0.17
26.2001  0.13
26.2101  0.09
26.2201  0.19
26.2301  0.22
26.2401  0.14
26.2501  0.11
26.2601  0.17
26.2701  0.21
26.2801  0.18
26.2901  0.17
26.3001  0.19
26.3101  0.17
26.3201  0.15
26.3301  0.08
26.3401  0.14
26.3501  0.12
26.3601  0.18
26.3701  0.15
26.3801  0.23
26.3901  0.24
26.4001  0.14
26.4101  0.23
26.4201  0.16
26.4301  0.19
26.4401  0.18
26.4501  0.14
26.4601  0.14
26.4701  0.12
26.4801  0.2
26.4901  0.18
26.5001  0.17
26.5101  0.19
26.5201  0.19
26.5301  0.17
26.5401  0.16
26.5501  0.08
26.5601  0.11
26.5701  0.17
26.5801  0.21
26.5901  0.14
26.6001  0.19
26.6101  0.13
26.6201  0.09
26.6301  0.14
26.6401  0.25
26.6501  0.17
26.6601  0.16
26.6701  0.15
26.6801  0.16
26.6901  0.15
26.7001  0.18
26.7101  0.13
26.7201  0.16
26.7301  0.13
26.7401  0.14
26.7501  0.06
26.7601  0.14
26.7701  0.2
26.7801  0.19
26.7901  0.11
26.8001  0.2
26.8101  0.2
26.8201  0.14
26.8301  0.17
26.8401  0.15
26.8501  0.17
26.8601  0.17
26.8701  0.15
26.8801  0.2
26.8901  0.2
26.9001  0.21
26.9101  0.2
26.9201  0.13
26.9301  0.11
26.9401  0.14
26.9501  0.16
26.9601  0.15
26.9701  0.25
26.9801  0.1
26.9901  0.12
27.0001  0.15
27.0101  0.16
27.0201  0.1
27.0301  0.15
27.0401  0.12
27.0501  0.23
27.0601  0.18
27.0701  0.17
27.0801  0.13
27.0901  0.14
27.1001  0.17
27.1101  0.28
27.1201  0.18
27.1301  0.21
27.1401  0.14
27.1501  0.16
27.1601  0.25
27.1701  0.15
27.1801  0.15
27.1901  0.14
27.2001  0.26
27.2101  0.19
27.2201  0.22
27.2301  0.18
27.2401  0.1
27.2501  0.17
27.2601  0.18
27.2701  0.15
27.2801  0.17
27.2901  0.07
27.3001  0.25
27.3101  0.17
27.3201  0.15
27.3301  0.12
27.3401  0.16
27.3501  0.2
27.3601  0.15
27.3701  0.18
27.3801  0.15
27.3901  0.13
27.4001  0.11
27.4101  0.12
27.4201  0.12
27.4301  0.16
27.4401  0.16
27.4501  0.19
27.4601  0.14
27.4701  0.13
27.4801  0.15
27.4901  0.11
27.5001  0.1
27.5101  0.13
27.5201  0.22
27.5301  0.2
27.5401  0.18
27.5501  0.13
27.5601  0.19
27.5701  0.23
27.5801  0.22
27.5901  0.18
27.6001  0.12
27.6101  0.19
27.6201  0.17
27.6301  0.17
27.6401  0.08
27.6501  0.11
27.6601  0.14
27.6701  0.13
27.6801  0.11
27.6901  0.11
27.7001  0.18
27.7101  0.13
27.7201  0.15
27.7301  0.19
27.7401  0.14
27.7501  0.09
27.7601  0.25
27.7701  0.17
27.7801  0.08
27.7901  0.13
27.8001  0.14
27.8101  0.15
27.8201  0.11
27.8301  0.17
27.8401  0.12
27.8501  0.1
27.8601  0.17
27.8701  0.13
27.8801  0.17
27.8901  0.13
27.9001  0.14
27.9101  0.19
27.9201  0.23
27.9301  0.14
27.9401  0.18
27.9501  0.15
27.9601  0.19
27.9701  0.17
27.9801  0.17
27.9901  0.18
28.0001  0.2
28.0101  0.19
28.0201  0.25
28.0301  0.17
28.0401  0.26
28.0501  0.16
28.0601  0.2
28.0701  0.13
28.0801  0.14
28.0901  0.11
28.1001  0.21
28.1101  0.23
28.1201  0.18
28.1301  0.14
28.1401  0.18
28.1501  0.21
28.1601  0.1
28.1701  0.2
28.1801  0.17
28.1901  0.15
28.2001  0.2
28.2101  0.22
28.2201  0.14
28.2301  0.16
28.2401  0.11
28.2501  0.19
28.2601  0.16
28.2701  0.15
28.2801  0.12
28.2901  0.2
28.3001  0.17
28.3101  0.17
28.3201  0.13
28.3301  0.17
28.3401  0.17
28.3501  0.17
28.3601  0.22
28.3701  0.14
28.3801  0.18
28.3901  0.15
28.4001  0.17
28.4101  0.16
28.4201  0.18
28.4301  0.13
28.4401  0.18
28.4501  0.15
28.4601  0.21
28.4701  0.16
28.4801  0.2
28.4901  0.21
28.5001  0.17
28.5101  0.27
28.5201  0.15
28.5301  0.1
28.5401  0.17
28.5501  0.18
28.5601  0.13
28.5701  0.13
28.5801  0.18
28.5901  0.19
28.6001  0.15
28.6101  0.14
28.6201  0.15
28.6301  0.18
28.6401  0.21
28.6501  0.18
28.6601  0.14
28.6701  0.17
28.6801  0.18
28.6901  0.1
28.7001  0.18
28.7101  0.16
28.7201  0.12
28.7301  0.17
28.7401  0.14
28.7501  0.16
28.7601  0.18
28.7701  0.13
28.7801  0.17
28.7901  0.13
28.8001  0.17
28.8101  0.18
28.8201  0.12
28.8301  0.1
28.8401  0.17
28.8501  0.17
28.8601  0.17
28.8701  0.15
28.8801  0.18
28.8901  0.16
28.9001  0.23
28.9101  0.19
28.9201  0.21
28.9301  0.18
28.9401  0.16
28.9501  0.18
28.9601  0.21
28.9701  0.16
28.9801  0.16
28.9901  0.24
29.0001  0.16
29.0101  0.19
29.0201  0.1
29.0301  0.2
29.0401  0.24
29.0501  0.11
29.0601  0.15
29.0701  0.16
29.0801  0.19
29.0901  0.14
29.1001  0.14
29.1101  0.2
29.1201  0.12
29.1301  0.18
29.1401  0.13
29.1501  0.18
29.1601  0.17
29.1701  0.16
29.1801  0.15
29.1901  0.1
29.2001  0.25
29.2101  0.15
29.2201  0.16
29.2301  0.11
29.2401  0.11
29.2501  0.16
29.2601  0.23
29.2701  0.16
29.2801  0.09
29.2901  0.19
29.3001  0.17
29.3101  0.16
29.3201  0.15
29.3301  0.15
29.3401  0.2
29.3501  0.17
29.3601  0.11
29.3701  0.14
29.3801  0.11
29.3901  0.14
29.4001  0.14
29.4101  0.08
29.4201  0.14
29.4301  0.22
29.4401  0.12
29.4501  0.19
29.4601  0.13
29.4701  0.16
29.4801  0.13
29.4901  0.1
29.5001  0.2
29.5101  0.15
29.5201  0.19
29.5301  0.16
29.5401  0.2
29.5501  0.15
29.5601  0.25
29.5701  0.23
29.5801  0.31
29.5901  0.18
29.6001  0.15
29.6101  0.2
29.6201  0.12
29.6301  0.1
29.6401  0.17
29.6501  0.12
29.6601  0.14
29.6701  0.11
29.6801  0.14
29.6901  0.17
29.7001  0.11
29.7101  0.18
29.7201  0.15
29.7301  0.11
29.7401  0.17
29.7501  0.2
29.7601  0.2
29.7701  0.08
29.7801  0.16
29.7901  0.22
29.8001  0.15
29.8101  0.16
29.8201  0.25
29.8301  0.11
29.8401  0.12
29.8501  0.16
29.8601  0.2
29.8701  0.18
29.8801  0.15
29.8901  0.2
29.9001  0.17
29.9101  0.17
29.9201  0.13
29.9301  0.16
29.9401  0.17
29.9501  0.16
29.9601  0.21
29.9701  0.21
29.9801  0.11
29.9901  0.18
30.0001  0.26
30.0101  0.11
30.0201  0.13
30.0301  0.16
30.0401  0.15
30.0501  0.18
30.0601  0.18
30.0701  0.16
30.0801  0.16
30.0901  0.2
30.1001  0.18
30.1101  0.12
30.1201  0.17
30.1301  0.15
30.1401  0.24
30.1501  0.21
30.1601  0.15
30.1701  0.17
30.1801  0.14
30.1901  0.14
30.2001  0.14
30.2101  0.16
30.2201  0.17
30.2301  0.14
30.2401  0.21
30.2501  0.15
30.2601  0.2
30.2701  0.16
30.2801  0.19
30.2901  0.18
30.3001  0.17
30.3101  0.21
30.3201  0.16
30.3301  0.14
30.3401  0.08
30.3501  0.24
30.3601  0.12
30.3701  0.19
30.3801  0.18
30.3901  0.12
30.4001  0.17
30.4101  0.17
30.4201  0.16
30.4301  0.13
30.4401  0.27
30.4501  0.24
30.4601  0.17
30.4701  0.12
30.4801  0.11
30.4901  0.1
30.5001  0.15
30.5101  0.21
30.5201  0.17
30.5301  0.18
30.5401  0.26
30.5501  0.19
30.5601  0.08
30.5701  0.19
30.5801  0.15
30.5901  0.25
30.6001  0.15
30.6101  0.17
30.6201  0.16
30.6301  0.11
30.6401  0.24
30.6501  0.09
30.6601  0.2
30.6701  0.13
30.6801  0.13
30.6901  0.15
30.7001  0.13
30.7101  0.25
30.7201  0.1
30.7301  0.21
30.7401  0.18
30.7501  0.12
30.7601  0.18
30.7701  0.09
30.7801  0.15
30.7901  0.14
30.8001  0.17
30.8101  0.14
30.8201  0.19
30.8301  0.16
30.8401  0.13
30.8501  0.18
30.8601  0.14
30.8701  0.22
30.8801  0.12
30.8901  0.14
30.9001  0.16
30.9101  0.15
30.9201  0.11
30.9301  0.11
30.9401  0.11
30.9501  0.11
30.9601  0.25
30.9701  0.13
30.9801  0.13
30.9901  0.23
31.0001  0.2
31.0101  0.11
31.0201  0.11
31.0301  0.15
31.0401  0.21
31.0501  0.19
31.0601  0.17
31.0701  0.12
31.0801  0.12
31.0901  0.14
31.1001  0.1
31.1101  0.17
31.1201  0.15
31.1301  0.15
31.1401  0.21
31.1501  0.22
31.1601  0.17
31.1701  0.11
31.1801  0.18
31.1901  0.23
31.2001  0.19
31.2101  0.19
31.2201  0.16
31.2301  0.09
31.2401  0.16
31.2501  0.13
31.2601  0.15
31.2701  0.18
31.2801  0.18
31.2901  0.15
31.3001  0.22
31.3101  0.22
31.3201  0.13
31.3301  0.24
31.3401  0.18
31.3501  0.17
31.3601  0.14
31.3701  0.17
31.3801  0.2
31.3901  0.11
31.4001  0.17
31.4101  0.22
31.4201  0.2
31.4301  0.18
31.4401  0.17
31.4501  0.16
31.4601  0.07
31.4701  0.21
31.4801  0.18
31.4901  0.18
31.5001  0.17
31.5101  0.1
31.5201  0.13
31.5301  0.16
31.5401  0.24
31.5501  0.15
31.5601  0.13
31.5701  0.16
31.5801  0.15
31.5901  0.15
31.6001  0.14
31.6101  0.11
31.6201  0.28
31.6301  0.15
31.6401  0.13
31.6501  0.12
31.6601  0.17
31.6701  0.2
31.6801  0.17
31.6901  0.14
31.7001  0.1
31.7101  0.18
31.7201  0.19
31.7301  0.11
31.7401  0.16
31.7501  0.16
31.7601  0.18
31.7701  0.13
31.7801  0.15
31.7901  0.22
31.8001  0.17
31.8101  0.21
31.8201  0.23
31.8301  0.25
31.8401  0.21
31.8501  0.08
31.8601  0.17
31.8701  0.13
31.8801  0.17
31.8901  0.16
31.9001  0.15
31.9101  0.18
31.9201  0.12
31.9301  0.16
31.9401  0.21
31.9501  0.19
31.9601  0.13
31.9701  0.23
31.9801  0.19
31.9901  0.15
32.0001  0.12
32.0101  0.19
32.0201  0.13
32.0301  0.13
32.0401  0.1
32.0501  0.19
32.0601  0.25
32.0701  0.15
32.0801  0.15
32.0901  0.11
32.1001  0.17
32.1101  0.21
32.1201  0.13
32.1301  0.19
32.1401  0.21
32.1501  0.16
32.1601  0.16
32.1701  0.21
32.1801  0.15
32.1901  0.24
32.2001  0.15
32.2101  0.21
32.2201  0.13
32.2301  0.11
32.2401  0.13
32.2501  0.14
32.2601  0.11
32.2701  0.16
32.2801  0.18
32.2901  0.16
32.3001  0.23
32.3101  0.18
32.3201  0.16
32.3301  0.21
32.3401  0.14
32.3501  0.14
32.3601  0.16
32.3701  0.16
32.3801  0.13
32.3901  0.15
32.4001  0.15
32.4101  0.16
32.4201  0.19
32.4301  0.13
32.4401  0.15
32.4501  0.24
32.4601  0.21
32.4701  0.18
32.4801  0.11
32.4901  0.21
32.5001  0.14
32.5101  0.14
32.5201  0.08
32.5301  0.1
32.5401  0.19
32.5501  0.13
32.5601  0.15
32.5701  0.17
32.5801  0.24
32.5901  0.09
32.6001  0.15
32.6101  0.13
32.6201  0.1
32.6301  0.15
32.6401  0.12
32.6501  0.17
32.6601  0.18
32.6701  0.19
32.6801  0.13
32.6901  0.31
32.7001  0.17
32.7101  0.2
32.7201  0.26
32.7301  0.2
32.7401  0.19
32.7501  0.23
32.7601  0.22
32.7701  0.16
32.7801  0.11
32.7901  0.15
32.8001  0.17
32.8101  0.15
32.8201  0.14
32.8301  0.11
32.8401  0.15
32.8501  0.22
32.8601  0.15
32.8701  0.14
32.8801  0.17
32.8901  0.09
32.9001  0.21
32.9101  0.17
32.9201  0.18
32.9301  0.18
32.9401  0.13
32.9501  0.12
32.9601  0.14
32.9701  0.16
32.9801  0.18
32.9901  0.14
33.0001  0.16
33.0101  0.18
33.0201  0.12
33.0301  0.11
33.0401  0.14
33.0501  0.12
33.0601  0.16
33.0701  0.12
33.0801  0.21
33.0901  0.15
33.1001  0.21
33.1101  0.08
33.1201  0.21
33.1301  0.13
33.1401  0.18
33.1501  0.15
33.1601  0.18
33.1701  0.14
33.1801  0.12
33.1901  0.2
33.2001  0.14
33.2101  0.12
33.2201  0.16
33.2301  0.09
33.2401  0.22
33.2501  0.19
33.2601  0.16
33.2701  0.19
33.2801  0.16
33.2901  0.13
33.3001  0.14
33.3101  0.26
33.3201  0.23
33.3301  0.11
33.3401  0.16
33.3501  0.19
33.3601  0.18
33.3701  0.2
33.3801  0.14
33.3901  0.14
33.4001  0.17
33.4101  0.17
33.4201  0.08
33.4301  0.1
33.4401  0.17
33.4501  0.18
33.4601  0.15
33.4701  0.2
33.4801  0.25
33.4901  0.13
33.5001  0.09
33.5101  0.24
33.5201  0.1
33.5301  0.14
33.5401  0.18
33.5501  0.18
33.5601  0.16
33.5701  0.17
33.5801  0.2
33.5901  0.16
33.6001  0.21
33.6101  0.23
33.6201  0.11
33.6301  0.17
33.6401  0.18
33.6501  0.12
33.6601  0.24
33.6701  0.18
33.6801  0.23
33.6901  0.18
33.7001  0.17
33.7101  0.21
33.7201  0.22
33.7301  0.14
33.7401  0.22
33.7501  0.15
33.7601  0.19
33.7701  0.05
33.7801  0.13
33.7901  0.18
33.8001  0.11
33.8101  0.19
33.8201  0.21
33.8301  0.15
33.8401  0.14
33.8501  0.18
33.8601  0.17
33.8701  0.16
33.8801  0.1
33.8901  0.16
33.9001  0.17
33.9101  0.13
33.9201  0.19
33.9301  0.18
33.9401  0.11
33.9501  0.12
33.9601  0.12
33.9701  0.2
33.9801  0.12
33.9901  0.14
34.0001  0.19
34.0101  0.2
34.0201  0.14
34.0301  0.1
34.0401  0.19
34.0501  0.17
34.0601  0.15
34.0701  0.16
34.0801  0.11
34.0901  0.15
34.1001  0.14
34.1101  0.17
34.1201  0.15
34.1301  0.17
34.1401  0.12
34.1501  0.16
34.1601  0.21
34.1701  0.14
34.1801  0.16
34.1901  0.16
34.2001  0.17
34.2101  0.19
34.2201  0.14
34.2301  0.17
34.2401  0.15
34.2501  0.19
34.2601  0.15
34.2701  0.24
34.2801  0.23
34.2901  0.15
34.3001  0.14
34.3101  0.19
34.3201  0.14
34.3301  0.16
34.3401  0.19
34.3501  0.16
34.3601  0.18
34.3701  0.09
34.3801  0.19
34.3901  0.1
34.4001  0.2
34.4101  0.19
34.4201  0.18
34.4301  0.16
34.4401  0.23
34.4501  0.13
34.4601  0.13
34.4701  0.15
34.4801  0.21
34.4901  0.15
34.5  0.19
34.51  0.14
34.52  0.13
34.53  0.16
34.54  0.15
34.55  0.18
34.56  0.12
34.57  0.1
34.58  0.18
34.59  0.16
34.6  0.21
34.61  0.21
34.62  0.2
34.63  0.1
34.64  0.14
34.65  0.13
34.66  0.23
34.67  0.19
34.68  0.12
34.69  0.18
34.7  0.15
34.71  0.25
34.72  0.13
34.73  0.16
34.74  0.2
34.75  0.17
34.76  0.2
34.77  0.1
34.78  0.12
34.79  0.17
34.8  0.16
34.81  0.17
34.82  0.24
34.83  0.19
34.84  0.15
34.85  0.14
34.86  0.12
34.87  0.16
34.88  0.18
34.89  0.19
34.9  0.19
34.91  0.12
34.92  0.22
34.93  0.16
34.94  0.17
34.95  0.17
34.96  0.2
34.97  0.14
34.98  0.11
34.99  0.16
35  0.17
35.01  0.17
35.02  0.23
35.03  0.18
35.04  0.12
35.05  0.24
35.06  0.17
35.07  0.16
35.08  0.18
35.09  0.16
35.1  0.16
35.11  0.15
35.12  0.21
35.13  0.18
35.14  0.15
35.15  0.11
35.16  0.22
35.17  0.21
35.18  0.18
35.19  0.14
35.2  0.17
35.21  0.18
35.22  0.21
35.23  0.16
35.24  0.13
35.25  0.16
35.26  0.14
35.27  0.15
35.28  0.15
35.29  0.16
35.3  0.16
35.31  0.12
35.32  0.19
35.33  0.2
35.34  0.16
35.35  0.09
35.36  0.15
35.37  0.12
35.38  0.23
35.39  0.27
35.4  0.18
35.41  0.15
35.42  0.2
35.43  0.18
35.44  0.16
35.45  0.21
35.46  0.15
35.47  0.04
35.48  0.12
35.49  0.16
35.5  0.16
35.51  0.15
35.52  0.13
35.53  0.18
35.54  0.21
35.55  0.23
35.56  0.16
35.57  0.16
35.58  0.21
35.59  0.22
35.6  0.12
35.61  0.18
35.62  0.21
35.63  0.14
35.64  0.2
35.65  0.14
35.66  0.14
35.67  0.12
35.68  0.12
35.69  0.11
35.7  0.15
35.71  0.1
35.72  0.16
35.73  0.2
35.74  0.12
35.75  0.14
35.76  0.14
35.77  0.19
35.78  0.23
35.79  0.2
35.8  0.18
35.81  0.19
35.82  0.11
35.83  0.18
35.84  0.15
35.85  0.14
35.86  0.19
35.87  0.12
35.88  0.14
35.89  0.17
35.9  0.14
35.91  0.23
35.92  0.12
35.93  0.18
35.94  0.16
35.95  0.11
35.96  0.13
35.97  0.19
35.98  0.09
35.99  0.11
36  0.13
36.01  0.21
36.02  0.17
36.03  0.16
36.04  0.15
36.05  0.1
36.06  0.18
36.07  0.19
36.08  0.18
36.09  0.2
36.1  0.18
36.11  0.11
36.12  0.17
36.13  0.11
36.14  0.13
36.15  0.15
36.16  0.17
36.17  0.16
36.18  0.14
36.19  0.15
36.2  0.12
36.21  0.24
36.22  0.18
36.23  0.2
36.24  0.16
36.25  0.13
36.26  0.2
36.27  0.14
36.28  0.21
36.29  0.14
36.3  0.21
36.31  0.07
36.32  0.17
36.33  0.11
36.34  0.16
36.35  0.17
36.36  0.15
36.37  0.15
36.38  0.14
36.39  0.2
36.4  0.13
36.41  0.13
36.42  0.17
36.43  0.15
36.44  0.15
36.45  0.17
36.46  0.2
36.47  0.13
36.48  0.18
36.49  0.14
36.5  0.13
36.51  0.17
36.52  0.19
36.53  0.17
36.54  0.16
36.55  0.11
36.56  0.12
36.57  0.15
36.58  0.17
36.59  0.15
36.6  0.29
36.61  0.13
36.62  0.13
36.63  0.14
36.64  0.14
36.65  0.1
36.66  0.12
36.67  0.19
36.68  0.18
36.69  0.13
36.7  0.23
36.71  0.16
36.72  0.21
36.73  0.21
36.74  0.17
36.75  0.18
36.76  0.17
36.77  0.11
36.78  0.18
36.79  0.18
36.8  0.14
36.81  0.24
36.82  0.17
36.83  0.21
36.84  0.21
36.85  0.19
36.86  0.14
36.87  0.08
36.88  0.17
36.89  0.12
36.9  0.17
36.91  0.15
36.92  0.13
36.93  0.2
36.94  0.12
36.95  0.14
36.96  0.18
36.97  0.17
36.98  0.13
36.99  0.14
37  0.17
37.01  0.26
37.02  0.17
37.03  0.19
37.04  0.15
37.05  0.2
37.06  0.13
37.07  0.15
37.08  0.16
37.09  0.17
37.1  0.2
37.11  0.19
37.12  0.24
37.13  0.15
37.14  0.2
37.15  0.19
37.16  0.17
37.17  0.12
37.18  0.11
37.19  0.18
37.2  0.1
37.21  0.17
37.22  0.19
37.23  0.11
37.24  0.17
37.25  0.19
37.26  0.14
37.27  0.2
37.28  0.18
37.29  0.13
37.3  0.2
37.31  0.17
37.32  0.11
37.33  0.19
37.34  0.1
37.35  0.18
37.36  0.15
37.37  0.19
37.38  0.18
37.39  0.14
37.4  0.17
37.41  0.12
37.42  0.13
37.43  0.15
37.44  0.17
37.45  0.15
37.46  0.13
37.47  0.19
37.48  0.26
37.49  0.19
37.5  0.16
37.51  0.17
37.52  0.13
37.53  0.13
37.54  0.23
37.55  0.17
37.56  0.14
37.57  0.17
37.58  0.17
37.59  0.12
37.6  0.13
37.61  0.17
37.62  0.16
37.63  0.15
37.64  0.14
37.65  0.16
37.66  0.15
37.67  0.12
37.68  0.18
37.69  0.15
37.7  0.25
37.71  0.17
37.72  0.15
37.73  0.23
37.74  0.16
37.75  0.24
37.76  0.16
37.77  0.15
37.78  0.19
37.79  0.15
37.8  0.22
37.81  0.1
37.82  0.15
37.83  0.17
37.84  0.13
37.85  0.23
37.86  0.15
37.87  0.1
37.88  0.21
37.89  0.18
37.9  0.13
37.91  0.17
37.92  0.11
37.93  0.15
37.94  0.19
37.95  0.15
37.96  0.12
37.97  0.16
37.98  0.12
37.99  0.28
38  0.19
38.01  0.16
38.02  0.17
38.03  0.17
38.04  0.13
38.05  0.21
38.06  0.16
38.07  0.14
38.08  0.14
38.09  0.15
38.1  0.17
38.11  0.17
38.12  0.15
38.13  0.11
38.14  0.13
38.15  0.16
38.16  0.17
38.17  0.13
38.18  0.08
38.19  0.22
38.2  0.16
38.21  0.18
38.22  0.26
38.23  0.1
38.24  0.17
38.25  0.2
38.26  0.18
38.27  0.17
38.28  0.1
38.29  0.17
38.3  0.14
38.31  0.17
38.32  0.1
38.33  0.21
38.34  0.11
38.35  0.14
38.36  0.23
38.37  0.18
38.38  0.17
38.39  0.09
38.4  0.14
38.41  0.14
38.42  0.17
38.43  0.24
38.44  0.18
38.45  0.15
38.46  0.16
38.47  0.21
38.48  0.15
38.49  0.15
38.5  0.27
38.51  0.19
38.52  0.15
38.53  0.14
38.54  0.16
38.55  0.14
38.56  0.16
38.57  0.17
38.58  0.18
38.59  0.21
38.6  0.11
38.61  0.2
38.62  0.15
38.63  0.11
38.64  0.17
38.65  0.2
38.66  0.16
38.67  0.1
38.68  0.16
38.69  0.18
38.7  0.16
38.71  0.13
38.72  0.11
38.73  0.2
38.74  0.17
38.75  0.12
38.76  0.29
38.77  0.15
38.78  0.13
38.79  0.13
38.8  0.07
38.81  0.17
38.82  0.13
38.83  0.17
38.84  0.21
38.85  0.16
38.86  0.12
38.87  0.14
38.88  0.17
38.89  0.14
38.9  0.13
38.91  0.16
38.92  0.13
38.93  0.17
38.94  0.13
38.95  0.12
38.96  0.19
38.97  0.13
38.98  0.13
38.99  0.09
39  0.25
39.01  0.11
39.02  0.13
39.03  0.19
39.04  0.19
39.05  0.21
39.06  0.16
39.07  0.15
39.08  0.14
39.09  0.13
39.1  0.14
39.11  0.22
39.12  0.16
39.13  0.11
39.14  0.14
39.15  0.12
39.16  0.15
39.17  0.19
39.18  0.12
39.19  0.2
39.2  0.17
39.21  0.19
39.22  0.12
39.23  0.13
39.24  0.16
39.25  0.18
39.26  0.23
39.27  0.21
39.28  0.14
39.29  0.25
39.3  0.04
39.31  0.19
39.32  0.2
39.33  0.16
39.34  0.13
39.35  0.19
39.36  0.24
39.37  0.22
39.38  0.15
39.39  0.18
39.4  0.11
39.41  0.15
39.42  0.12
39.43  0.13
39.44  0.14
39.45  0.17
39.46  0.16
39.47  0.19
39.48  0.14
39.49  0.13
39.5  0.15
39.51  0.21
39.52  0.14
39.53  0.2
39.54  0.14
39.55  0.13
39.56  0.14
39.57  0.13
39.58  0.2
39.59  0.15
39.6  0.23
39.61  0.15
39.62  0.19
39.63  0.21
39.64  0.18
39.65  0.15
39.66  0.15
39.67  0.14
39.68  0.15
39.69  0.17
39.7  0.13
39.71  0.13
39.72  0.25
39.73  0.16
39.74  0.21
39.75  0.18
39.76  0.15
39.77  0.13
39.78  0.18
39.79  0.11
39.8  0.12
39.81  0.19
39.82  0.17
39.83  0.22
39.84  0.18
39.85  0.23
39.86  0.17
39.87  0.18
39.88  0.1
39.89  0.13
39.9  0.14
39.91  0.11
39.92  0.17
39.93  0.12
39.94  0.14
39.95  0.12
39.96  0.18
39.97  0.09
39.98  0.21
39.99  0.15
