-15  0
-14.99  0
-14.98  0
-14.97  0
-14.96  0
-14.95  0.04
-14.94  0
-14.93  0.04
-14.92  0
-14.91  0.04
-14.9  0.04
-14.89  0
-14.88  0.04
-14.87  0.04
-14.86  0.08
-14.85  0.04
-14.84  0.08
-14.83  0.08
-14.82  0.04
-14.81  0.08
-14.8  0.08
-14.79  0.08
-14.78  0.12
-14.77  0.12
-14.76  0.12
-14.75  0.16
-14.74  0.12
-14.73  0.2
-14.72  0.24
-14.71  0.2
-14.7  0.24
-14.69  0.24
-14.68  0.32
-14.67  0.36
-14.66  0.4
-14.65  0.48
-14.64  0.6
-14.63  0.68
-14.62  0.92
-14.61  1.08
-14.6  1.36
-14.59  1.8
-14.58  2.6
-14.57  3.68
-14.56  5.72
-14.55  9
-14.54  13.16
-14.53  14.48
-14.52  11.04
-14.51  7.16
-14.5  4.52
-14.49  3.08
-14.48  2.12
-14.47  1.6
-14.46  1.28
-14.45  0.96
-14.44  0.76
-14.43  0.64
-14.42  0.56
-14.41  0.44
-14.4  0.44
-14.39  0.4
-14.38  0.28
-14.37  0.28
-14.36  0.28
-14.35  0.24
-14.34  0.24
-14.33  0.2
-14.32  0.2
-14.31  0.16
-14.3  0.24
-14.29  0.12
-14.28  0.16
-14.27  0.16
-14.26  0.16
-14.25  0.16
-14.24  0.16
-14.23  0.12
-14.22  0.12
-14.21  0.12
-14.2  0.08
-14.19  0.16
-14.18  0.12
-14.17  0.12
-14.16  0.16
-14.15  0.16
-14.14  0.16
-14.13  0.08
-14.12  0.12
-14.11  0.16
-14.1  0.12
-14.09  0.16
-14.08  0.12
-14.07  0.12
-14.06  0.16
-14.05  0.12
-14.04  0.16
-14.03  0.12
-14.02  0.24
-14.01  0.12
-14  0.16
-13.99  0.2
-13.98  0.12
-13.97  0.24
-13.96  0.2
-13.95  0.24
-13.94  0.2
-13.93  0.16
-13.92  0.28
-13.91  0.2
-13.9  0.28
-13.89  0.24
-13.88  0.28
-13.87  0.24
-13.86  0.36
-13.85  0.28
-13.84  0.44
-13.83  0.4
-13.82  0.4
-13.81  0.4
-13.8  0.52
-13.79  0.52
-13.78  0.56
-13.77  0.56
-13.76  0.64
-13.75  0.76
-13.74  0.84
-13.73  0.88
-13.72  1
-13.71  1.16
-13.7  1.28
-13.69  1.44
-13.68  1.76
-13.67  1.96
-13.66  2.24
-13.65  2.64
-13.64  3.08
-13.63  3.56
-13.62  4.08
-13.61  4.44
-13.6  4.88
-13.59  5.08
-13.58  4.92
-13.57  4.64
-13.56  4.24
-13.55  3.72
-13.54  3.2
-13.53  2.84
-13.52  2.4
-13.51  2.08
-13.5  1.76
-13.49  1.6
-13.48  1.32
-13.47  1.16
-13.46  1.2
-13.45  0.92
-13.44  0.84
-13.43  0.8
-13.42  0.72
-13.41  0.6
-13.4  0.76
-13.39  0.56
-13.38  0.56
-13.37  0.48
-13.36  0.48
-13.35  0.4
-13.34  0.44
-13.33  0.36
-13.32  0.36
-13.31  0.32
-13.3  0.4
-13.29  0.32
-13.28  0.44
-13.27  0.28
-13.26  0.28
-13.25  0.28
-13.24  0.32
-13.23  0.28
-13.22  0.28
-13.21  0.32
-13.2  0.28
-13.19  0.32
-13.18  0.28
-13.17  0.32
-13.16  0.28
-13.15  0.28
-13.14  0.24
-13.13  0.28
-13.12  0.24
-13.11  0.36
-13.1  0.28
-13.09  0.28
-13.08  0.24
-13.07  0.24
-13.06  0.48
-13.05  0.28
-13.04  0.36
-13.03  0.32
-13.02  0.36
-13.01  0.32
-13  0.36
-12.99  0.32
-12.98  0.4
-12.97  0.4
-12.96  0.48
-12.95  0.48
-12.94  0.44
-12.93  0.4
-12.92  0.48
-12.91  0.56
-12.9  0.6
-12.89  0.56
-12.88  0.64
-12.87  0.64
-12.86  0.68
-12.85  0.76
-12.84  0.84
-12.83  0.88
-12.82  0.84
-12.81  0.92
-12.8  1.04
-12.79  1.16
-12.78  1.32
-12.77  1.32
-12.76  1.48
-12.75  1.64
-12.74  1.72
-12.73  2
-12.72  2.12
-12.71  2.2
-12.7  2.48
-12.69  2.56
-12.68  2.84
-12.67  2.92
-12.66  2.96
-12.65  3.08
-12.64  3.12
-12.63  3.04
-12.62  2.96
-12.61  2.84
-12.6  2.6
-12.59  2.6
-12.58  2.24
-12.57  2.24
-12.56  1.88
-12.55  1.84
-12.54  1.56
-12.53  1.64
-12.52  1.36
-12.51  1.32
-12.5  1.24
-12.49  1.08
-12.48  1.04
-12.47  0.92
-12.46  0.92
-12.45  0.92
-12.44  0.84
-12.43  0.64
-12.42  0.76
-12.41  0.6
-12.4  0.72
-12.39  0.56
-12.38  0.6
-12.37  0.52
-12.36  0.52
-12.35  0.56
-12.34  0.44
-12.33  0.6
-12.32  0.52
-12.31  0.44
-12.3  0.4
-12.29  0.44
-12.28  0.52
-12.27  0.36
-12.26  0.48
-12.25  0.52
-12.24  0.36
-12.23  0.44
-12.22  0.4
-12.21  0.36
-12.2  0.48
-12.19  0.36
-12.18  0.4
-12.17  0.48
-12.16  0.4
-12.15  0.4
-12.14  0.48
-12.13  0.44
-12.12  0.44
-12.11  0.4
-12.1  0.4
-12.09  0.44
-12.08  0.52
-12.07  0.56
-12.06  0.52
-12.05  0.52
-12.04  0.48
-12.03  0.56
-12.02  0.48
-12.01  0.6
-12  0.6
-11.99  0.68
-11.98  0.64
-11.97  0.76
-11.96  0.6
-11.95  0.8
-11.94  0.72
-11.93  0.76
-11.92  0.8
-11.91  0.84
-11.9  0.96
-11.89  0.96
-11.88  1.04
-11.87  1.16
-11.86  1.12
-11.85  1.24
-11.84  1.32
-11.83  1.32
-11.82  1.52
-11.81  1.52
-11.8  1.64
-11.79  1.64
-11.78  1.8
-11.77  1.88
-11.76  2
-11.75  2.16
-11.74  2.12
-11.73  2.24
-11.72  2.24
-11.71  2.24
-11.7  2.36
-11.69  2.24
-11.68  2.24
-11.67  2.28
-11.66  2.12
-11.65  2.04
-11.64  2
-11.63  1.96
-11.62  1.84
-11.61  1.72
-11.6  1.68
-11.59  1.48
-11.58  1.48
-11.57  1.4
-11.56  1.4
-11.55  1.2
-11.54  1.12
-11.53  1.16
-11.52  1.04
-11.51  1.16
-11.5  0.92
-11.49  1
-11.48  0.8
-11.47  0.88
-11.46  0.84
-11.45  0.76
-11.44  0.68
-11.43  0.72
-11.42  0.68
-11.41  0.64
-11.4  0.76
-11.39  0.64
-11.38  0.68
-11.37  0.52
-11.36  0.64
-11.35  0.6
-11.34  0.52
-11.33  0.56
-11.32  0.6
-11.31  0.48
-11.3  0.6
-11.29  0.52
-11.28  0.48
-11.27  0.68
-11.26  0.48
-11.25  0.6
-11.24  0.52
-11.23  0.52
-11.22  0.52
-11.21  0.56
-11.2  0.52
-11.19  0.64
-11.18  0.56
-11.17  0.6
-11.16  0.52
-11.15  0.52
-11.14  0.56
-11.13  0.6
-11.12  0.64
-11.11  0.6
-11.1  0.56
-11.09  0.64
-11.08  0.72
-11.07  0.72
-11.06  0.68
-11.05  0.8
-11.04  0.72
-11.03  0.76
-11.02  0.8
-11.01  0.76
-11  0.88
-10.99  0.92
-10.98  0.92
-10.97  0.92
-10.96  0.92
-10.95  1.08
-10.94  1.12
-10.93  1.12
-10.92  1.16
-10.91  1.24
-10.9  1.36
-10.89  1.2
-10.88  1.48
-10.87  1.44
-10.86  1.48
-10.85  1.44
-10.84  1.64
-10.83  1.6
-10.82  1.72
-10.81  1.68
-10.8  1.72
-10.79  1.8
-10.78  1.88
-10.77  1.92
-10.76  1.76
-10.75  2
-10.74  1.8
-10.73  1.96
-10.72  1.76
-10.71  1.68
-10.7  1.84
-10.69  1.68
-10.68  1.64
-10.67  1.64
-10.66  1.56
-10.65  1.44
-10.64  1.6
-10.63  1.24
-10.62  1.4
-10.61  1.24
-10.6  1.2
-10.59  1.2
-10.58  1.08
-10.57  1.24
-10.56  1.08
-10.55  1.12
-10.54  0.96
-10.53  0.96
-10.52  0.84
-10.51  0.92
-10.5  0.88
-10.49  0.84
-10.48  0.84
-10.47  0.76
-10.46  0.76
-10.45  0.72
-10.44  0.84
-10.43  0.64
-10.42  0.76
-10.41  0.72
-10.4  0.64
-10.39  0.64
-10.38  0.76
-10.37  0.72
-10.36  0.72
-10.35  0.6
-10.34  0.64
-10.33  0.64
-10.32  0.6
-10.31  0.72
-10.3  0.56
-10.29  0.68
-10.28  0.64
-10.27  0.56
-10.26  0.68
-10.25  0.6
-10.24  0.72
-10.23  0.6
-10.22  0.72
-10.21  0.52
-10.2  0.76
-10.19  0.72
-10.18  0.76
-10.17  0.68
-10.16  0.76
-10.15  0.64
-10.14  0.8
-10.13  0.72
-10.12  0.88
-10.11  0.84
-10.1  0.84
-10.09  0.72
-10.08  0.96
-10.07  0.88
-10.06  0.92
-10.05  0.88
-10.04  1
-10.03  0.96
-10.02  1.16
-10.01  0.92
-10  1.08
-9.99  1.08
-9.98  1.12
-9.97  1.24
-9.96  1.2
-9.95  1.32
-9.94  1.24
-9.93  1.28
-9.92  1.48
-9.91  1.36
-9.9  1.4
-9.89  1.56
-9.88  1.44
-9.87  1.52
-9.86  1.56
-9.85  1.52
-9.84  1.64
-9.83  1.6
-9.82  1.68
-9.81  1.68
-9.8  1.64
-9.79  1.52
-9.78  1.6
-9.77  1.6
-9.76  1.48
-9.75  1.52
-9.74  1.56
-9.73  1.4
-9.72  1.44
-9.71  1.44
-9.7  1.4
-9.69  1.36
-9.68  1.28
-9.67  1.28
-9.66  1.24
-9.65  1.12
-9.64  1.2
-9.63  1.2
-9.62  1.16
-9.61  1.08
-9.6  0.92
-9.59  1.12
-9.58  1
-9.57  0.92
-9.56  1
-9.55  0.92
-9.54  0.84
-9.53  0.84
-9.52  0.8
-9.51  0.96
-9.5  0.84
-9.49  0.8
-9.48  0.88
-9.47  0.84
-9.46  0.8
-9.45  0.72
-9.44  0.76
-9.43  0.8
-9.42  0.76
-9.41  0.6
-9.4  0.84
-9.39  0.76
-9.38  0.64
-9.37  0.76
-9.36  0.72
-9.35  0.68
-9.34  0.68
-9.33  0.84
-9.32  0.8
-9.31  0.68
-9.3  0.68
-9.29  0.84
-9.28  0.76
-9.27  0.68
-9.26  0.84
-9.25  0.72
-9.24  0.8
-9.23  0.72
-9.22  0.84
-9.21  0.76
-9.2  0.76
-9.19  0.76
-9.18  0.96
-9.17  1
-9.16  0.84
-9.15  0.88
-9.14  0.76
-9.13  0.92
-9.12  1.04
-9.11  0.96
-9.1  1.04
-9.09  1.04
-9.08  0.96
-9.07  1.04
-9.06  1.08
-9.05  1.12
-9.04  1.2
-9.03  1.08
-9.02  1.2
-9.01  1.24
-9  1.16
-8.99  1.24
-8.98  1.28
-8.97  1.28
-8.96  1.32
-8.95  1.4
-8.94  1.32
-8.93  1.4
-8.92  1.44
-8.91  1.44
-8.9  1.4
-8.89  1.44
-8.88  1.48
-8.87  1.4
-8.86  1.6
-8.85  1.32
-8.84  1.52
-8.83  1.48
-8.82  1.44
-8.81  1.4
-8.8  1.28
-8.79  1.32
-8.78  1.36
-8.77  1.24
-8.76  1.36
-8.75  1.32
-8.74  1.24
-8.73  1.36
-8.72  1.16
-8.71  1.28
-8.7  1.08
-8.69  1.16
-8.68  1.12
-8.67  1.2
-8.66  1
-8.65  1.08
-8.64  1.04
-8.63  0.88
-8.62  1.08
-8.61  1.08
-8.6  0.96
-8.59  0.88
-8.58  1
-8.57  0.92
-8.56  0.92
-8.55  0.88
-8.54  0.88
-8.53  0.8
-8.52  0.92
-8.51  0.8
-8.5  0.84
-8.49  0.76
-8.48  0.8
-8.47  0.92
-8.46  0.76
-8.45  0.8
-8.44  0.8
-8.43  0.76
-8.42  0.76
-8.41  0.72
-8.4  0.88
-8.39  0.92
-8.38  0.8
-8.37  0.8
-8.36  0.76
-8.35  0.8
-8.34  0.84
-8.33  0.76
-8.32  0.88
-8.31  0.8
-8.3  0.84
-8.29  0.84
-8.28  0.92
-8.27  0.8
-8.26  0.88
-8.25  0.88
-8.24  0.88
-8.23  0.96
-8.22  0.84
-8.21  0.92
-8.2  0.88
-8.19  0.96
-8.18  1
-8.17  1.12
-8.16  1
-8.15  0.96
-8.14  1.12
-8.13  1.04
-8.12  1.04
-8.11  1.08
-8.1  1.08
-8.09  1.12
-8.08  1.16
-8.07  1.08
-8.06  1.24
-8.05  1.2
-8.04  1.28
-8.03  1.24
-8.02  1.24
-8.01  1.12
-8  1.4
-7.99  1.28
-7.98  1.2
-7.97  1.32
-7.96  1.28
-7.95  1.44
-7.94  1.36
-7.93  1.32
-7.92  1.44
-7.91  1.36
-7.9  1.24
-7.89  1.28
-7.88  1.48
-7.87  1.24
-7.86  1.2
-7.85  1.36
-7.84  1.28
-7.83  1.24
-7.82  1.24
-7.81  1.24
-7.8  1.24
-7.79  1.16
-7.78  1.2
-7.77  1.24
-7.76  1.16
-7.75  1.08
-7.74  1.16
-7.73  1.16
-7.72  1.12
-7.71  1.04
-7.7  1.12
-7.69  1
-7.68  1.04
-7.67  1.04
-7.66  1
-7.65  0.88
-7.64  0.88
-7.63  1
-7.62  1
-7.61  1
-7.6  0.92
-7.59  0.84
-7.58  0.96
-7.57  1
-7.56  0.88
-7.55  0.92
-7.54  0.92
-7.53  0.84
-7.52  0.92
-7.51  0.8
-7.5  0.8
-7.49  0.84
-7.48  0.88
-7.47  0.76
-7.46  1
-7.45  0.84
-7.44  0.84
-7.43  0.88
-7.42  0.84
-7.41  0.8
-7.4  0.92
-7.39  0.88
-7.38  0.76
-7.37  0.88
-7.36  0.92
-7.35  0.84
-7.34  0.88
-7.33  1
-7.32  0.84
-7.31  1
-7.3  0.96
-7.29  0.96
-7.28  0.84
-7.27  1
-7.26  0.96
-7.25  1.04
-7.24  1
-7.23  1
-7.22  0.92
-7.21  0.96
-7.2  1.08
-7.19  1.08
-7.18  1.12
-7.17  1
-7.16  1.08
-7.15  1.32
-7.14  1.08
-7.13  1.12
-7.12  1.04
-7.11  1.12
-7.1  1.16
-7.09  1.2
-7.08  1.2
-7.07  1.16
-7.06  1.28
-7.05  1.16
-7.04  1.24
-7.03  1.2
-7.02  1.12
-7.01  1.36
-7  1.24
-6.99  1.28
-6.98  1.28
-6.97  1.44
-6.96  1.28
-6.95  1.32
-6.94  1.2
-6.93  1.28
-6.92  1.28
-6.91  1.2
-6.9  1.08
-6.89  1.2
-6.88  1.2
-6.87  1.28
-6.86  1.16
-6.85  1.16
-6.84  1.16
-6.83  1.24
-6.82  1
-6.81  1.16
-6.8  1.04
-6.79  1.2
-6.78  1.12
-6.77  1.04
-6.76  1
-6.75  1.12
-6.74  1
-6.73  1.2
-6.72  0.96
-6.71  0.96
-6.7  1.04
-6.69  1.04
-6.68  1
-6.67  0.88
-6.66  1
-6.65  0.88
-6.64  0.96
-6.63  0.92
-6.62  0.96
-6.61  1
-6.6  0.92
-6.59  0.92
-6.58  0.92
-6.57  0.92
-6.56  0.88
-6.55  0.88
-6.54  1
-6.53  0.88
-6.52  0.84
-6.51  0.84
-6.5  1
-6.49  0.88
-6.48  0.88
-6.47  0.92
-6.46  0.88
-6.45  0.88
-6.44  0.96
-6.43  0.84
-6.42  0.96
-6.41  0.96
-6.4  0.96
-6.39  0.96
-6.38  0.92
-6.37  0.92
-6.36  0.96
-6.35  0.92
-6.34  1.16
-6.33  0.84
-6.32  1.04
-6.31  0.92
-6.3  1
-6.29  0.96
-6.28  0.96
-6.27  1
-6.26  1.08
-6.25  1.12
-6.24  1.04
-6.23  1.12
-6.22  1.08
-6.21  1.08
-6.2  1.12
-6.19  1.16
-6.18  1.12
-6.17  1.16
-6.16  1.16
-6.15  1.16
-6.14  1.12
-6.13  1.16
-6.12  1.16
-6.11  1.12
-6.1  1.16
-6.09  1.16
-6.08  1.12
-6.07  1.32
-6.06  1.2
-6.05  1.08
-6.04  1.2
-6.03  1.28
-6.02  1.24
-6.01  1.08
-6  1.2
-5.99  1.24
-5.98  1.2
-5.97  1.32
-5.96  1.12
-5.95  1.2
-5.94  1.24
-5.93  1.12
-5.92  1.16
-5.91  1.16
-5.9  1.16
-5.89  1.16
-5.88  1.12
-5.87  1.12
-5.86  1
-5.85  1.28
-5.84  1.04
-5.83  1.08
-5.82  1.04
-5.81  1.08
-5.8  1.04
-5.79  1.04
-5.78  1.04
-5.77  0.92
-5.76  1
-5.75  1.16
-5.74  0.84
-5.73  1.12
-5.72  1.04
-5.71  0.96
-5.7  1.04
-5.69  0.84
-5.68  0.96
-5.67  0.96
-5.66  0.96
-5.65  0.88
-5.64  0.96
-5.63  1.04
-5.62  1
-5.61  0.88
-5.6  0.96
-5.59  0.96
-5.58  0.96
-5.57  0.96
-5.56  0.88
-5.55  0.92
-5.54  0.96
-5.53  0.96
-5.52  0.96
-5.51  1.04
-5.5  0.84
-5.49  0.92
-5.48  0.96
-5.47  0.92
-5.46  1.08
-5.45  0.96
-5.44  0.96
-5.43  0.96
-5.42  0.84
-5.41  1.04
-5.4  1.04
-5.39  1
-5.38  0.96
-5.37  0.92
-5.36  1
-5.35  1.08
-5.34  0.96
-5.33  1
-5.32  1.04
-5.31  0.96
-5.3  1.16
-5.29  1.16
-5.28  1.12
-5.27  1.08
-5.26  1.08
-5.25  1.12
-5.24  1.04
-5.23  1.16
-5.22  0.96
-5.21  1.16
-5.2  1.16
-5.19  1.12
-5.18  1.16
-5.17  1.2
-5.16  1.2
-5.15  1.04
-5.14  1.12
-5.13  1.16
-5.12  1.24
-5.11  1.12
-5.1  1.08
-5.09  1.2
-5.08  1.2
-5.07  1.24
-5.06  1.08
-5.05  1.08
-5.04  1.08
-5.03  1.2
-5.02  1.24
-5.01  1.16
-5  1.2
-4.99  1.2
-4.98  1.04
-4.97  1.12
-4.96  1.16
-4.95  1.12
-4.94  1.08
-4.93  1.04
-4.92  1.12
-4.91  1
-4.9  1.24
-4.89  1.08
-4.88  1.24
-4.87  0.96
-4.86  1
-4.85  1.04
-4.84  1.16
-4.83  0.92
-4.82  1.12
-4.81  1.04
-4.8  1.08
-4.79  0.84
-4.78  1.04
-4.77  1
-4.76  0.92
-4.75  1
-4.74  1.04
-4.73  1.04
-4.72  1
-4.71  1
-4.7  1
-4.69  0.88
-4.68  0.96
-4.67  1.08
-4.66  0.92
-4.65  0.92
-4.64  0.92
-4.63  1.08
-4.62  1
-4.61  0.88
-4.6  0.96
-4.59  0.96
-4.58  0.96
-4.57  0.88
-4.56  0.88
-4.55  1
-4.54  0.96
-4.53  1.12
-4.52  0.96
-4.51  1.08
-4.5  0.8
-4.49  1.08
-4.48  0.96
-4.47  1.08
-4.46  1.04
-4.45  1.04
-4.44  1.08
-4.43  0.92
-4.42  1
-4.41  1.04
-4.4  1
-4.39  1.12
-4.38  1
-4.37  1.04
-4.36  1.08
-4.35  1
-4.34  1.16
-4.33  0.96
-4.32  1.08
-4.31  1.04
-4.3  1.04
-4.29  1.2
-4.28  1.04
-4.27  1.08
-4.26  1.08
-4.25  1.2
-4.24  1.04
-4.23  1.16
-4.22  1.04
-4.21  1.2
-4.2  1.08
-4.19  1.08
-4.18  1.2
-4.17  1.08
-4.16  1.2
-4.15  1.08
-4.14  1.2
-4.13  1.08
-4.12  1.2
-4.11  1.16
-4.1  1.12
-4.09  1.08
-4.08  1.12
-4.07  1.12
-4.06  1.2
-4.05  1.2
-4.04  1.16
-4.03  1.04
-4.02  1.04
-4.01  1.12
-4  1.12
-3.99  1.08
-3.98  1.12
-3.97  1
-3.96  1.12
-3.95  1
-3.94  1.08
-3.93  1.04
-3.92  1.08
-3.91  1.04
-3.9  1
-3.89  1.08
-3.88  1.12
-3.87  0.92
-3.86  1.04
-3.85  1.08
-3.84  0.92
-3.83  1.04
-3.82  1.08
-3.81  1.08
-3.8  1.08
-3.79  1.12
-3.78  0.88
-3.77  0.96
-3.76  1
-3.75  1.04
-3.74  0.96
-3.73  1.16
-3.72  1.08
-3.71  0.84
-3.7  0.92
-3.69  1
-3.68  0.88
-3.67  1.04
-3.66  0.84
-3.65  1.04
-3.64  1
-3.63  0.92
-3.62  1.08
-3.61  1.08
-3.6  1
-3.59  0.92
-3.58  0.88
-3.57  1.12
-3.56  1.08
-3.55  1.04
-3.54  0.96
-3.53  0.92
-3.52  1
-3.51  1.12
-3.5  0.96
-3.49  1.08
-3.48  1.04
-3.47  1
-3.46  0.96
-3.45  1
-3.44  0.92
-3.43  1.08
-3.42  1.12
-3.41  1
-3.4  1.12
-3.39  1.08
-3.38  1.04
-3.37  1.2
-3.36  1
-3.35  0.96
-3.34  1.2
-3.33  1.08
-3.32  1.16
-3.31  1.04
-3.3  1.16
-3.29  1.08
-3.28  1.04
-3.27  1.04
-3.26  1.12
-3.25  1.16
-3.24  1.12
-3.23  1.12
-3.22  1.12
-3.21  0.96
-3.2  1.24
-3.19  1.2
-3.18  1.04
-3.17  1.12
-3.16  1.04
-3.15  1.08
-3.14  1.16
-3.13  1.16
-3.12  1
-3.11  1.12
-3.1  1.16
-3.09  1.04
-3.08  1.12
-3.07  1.08
-3.06  1.2
-3.05  1.08
-3.04  1.08
-3.03  1.16
-3.02  0.96
-3.01  1.04
-3  0.96
-2.99  1.2
-2.98  1.04
-2.97  1.04
-2.96  1.04
-2.95  1.16
-2.94  1.12
-2.93  0.96
-2.92  0.96
-2.91  1.16
-2.9  1.04
-2.89  0.92
-2.88  1.08
-2.87  0.96
-2.86  1
-2.85  1.16
-2.84  0.92
-2.83  0.96
-2.82  1.08
-2.81  1.08
-2.8  1
-2.79  1.04
-2.78  0.96
-2.77  0.92
-2.76  1
-2.75  1.08
-2.74  1.08
-2.73  0.96
-2.72  0.84
-2.71  1.12
-2.7  0.92
-2.69  0.96
-2.68  1.2
-2.67  0.92
-2.66  1
-2.65  1.04
-2.64  0.96
-2.63  0.96
-2.62  1.16
-2.61  1
-2.6  1.04
-2.59  1.12
-2.58  0.92
-2.57  1.04
-2.56  1.04
-2.55  0.96
-2.54  1
-2.53  1.12
-2.52  0.96
-2.51  1.04
-2.5  0.96
-2.49  1.04
-2.48  1.2
-2.47  0.92
-2.46  1
-2.45  1.16
-2.44  1.08
-2.43  1
-2.42  1.12
-2.41  1.12
-2.4  1.08
-2.39  1.04
-2.38  1
-2.37  1.08
-2.36  1.08
-2.35  1
-2.34  1.12
-2.33  1.04
-2.32  1.04
-2.31  1.2
-2.3  1.16
-2.29  1.28
-2.28  0.92
-2.27  1.08
-2.26  1.16
-2.25  1.12
-2.24  1.2
-2.23  0.96
-2.22  1.16
-2.21  1.12
-2.2  1
-2.19  1.28
-2.18  0.96
-2.17  1.08
-2.16  1.08
-2.15  0.96
-2.14  1.2
-2.13  1.04
-2.12  1.08
-2.11  1.04
-2.1  1.08
-2.09  1.08
-2.08  1.08
-2.07  1
-2.06  1.16
-2.05  1.12
-2.04  1
-2.03  1.08
-2.02  1.08
-2.01  0.96
-2  1.12
-1.99  1.04
-1.98  1.12
-1.97  1.08
-1.96  0.96
-1.95  1.04
-1.94  1
-1.93  1.04
-1.92  1.04
-1.91  1.12
-1.9  1
-1.89  0.96
-1.88  1
-1.87  1.08
-1.86  1.08
-1.85  1.04
-1.84  0.96
-1.83  1
-1.82  1.04
-1.81  1
-1.8  1
-1.79  0.96
-1.78  0.96
-1.77  1
-1.76  1.08
-1.75  1.16
-1.74  1
-1.73  1
-1.72  0.96
-1.71  1
-1.7  1.04
-1.69  1.04
-1.68  0.96
-1.67  0.96
-1.66  1.04
-1.65  0.92
-1.64  1.2
-1.63  1.12
-1.62  1.04
-1.61  1.08
-1.6  0.96
-1.59  0.96
-1.58  1.04
-1.57  1.04
-1.56  1.04
-1.55  1.04
-1.54  0.96
-1.53  1.12
-1.52  0.96
-1.51  1.2
-1.5  1.12
-1.49  1
-1.48  1.12
-1.47  1.04
-1.46  1.04
-1.45  1.04
-1.44  1
-1.43  1.2
-1.42  0.96
-1.41  1.2
-1.4  1.24
-1.39  1
-1.38  1.08
-1.37  1
-1.36  1.04
-1.35  1.12
-1.34  1
-1.33  1.08
-1.32  1.04
-1.31  1.16
-1.3  1.08
-1.29  1.12
-1.28  1.08
-1.27  1.04
-1.26  1.16
-1.25  1
-1.24  1.16
-1.23  1.04
-1.22  1.12
-1.21  1.2
-1.2  1
-1.19  0.96
-1.18  1.04
-1.17  1.2
-1.16  0.96
-1.15  1.08
-1.14  1.12
-1.13  0.96
-1.12  1.2
-1.11  1
-1.1  1.16
-1.09  0.92
-1.08  1.12
-1.07  1.24
-1.06  1.08
-1.05  1.08
-1.04  1.04
-1.03  0.96
-1.02  1
-1.01  1
-1  0.96
-0.99  1
-0.98  1.16
-0.97  1.04
-0.96  1.04
-0.95  0.92
-0.94  1.12
-0.93  1.04
-0.92  1.2
-0.91  0.8
-0.9  1
-0.89  1.08
-0.88  1
-0.87  0.88
-0.86  1.08
-0.85  1.04
-0.84  1.04
-0.83  1.04
-0.82  1.04
-0.81  0.96
-0.8  1.16
-0.79  1
-0.78  0.96
-0.77  1.04
-0.76  0.96
-0.75  1
-0.74  1.04
-0.73  1
-0.72  1.2
-0.71  1
-0.7  1.04
-0.69  1
-0.68  1.04
-0.67  1.08
-0.66  1.04
-0.65  1.08
-0.64  1
-0.63  1
-0.62  1.12
-0.61  1.04
-0.6  1.04
-0.59  1.04
-0.58  1.04
-0.57  1
-0.56  1.08
-0.55  1
-0.54  1.12
-0.53  1.16
-0.52  1.12
-0.51  1.04
-0.5  1.08
-0.49  0.92
-0.48  1.08
-0.47  1.04
-0.46  1.08
-0.45  1.04
-0.44  1.04
-0.43  1.12
-0.42  1.08
-0.41  1.04
-0.4  1.12
-0.39  1.12
-0.38  0.96
-0.37  1.08
-0.36  1.16
-0.35  1.16
-0.34  1.04
-0.33  1.16
-0.32  0.96
-0.31  1.16
-0.3  1
-0.29  1.16
-0.28  1.08
-0.27  1.04
-0.26  1
-0.25  1.04
-0.24  1.16
-0.23  1
-0.22  1.12
-0.21  1.08
-0.2  0.96
-0.19  1.08
-0.18  1.08
-0.17  1.08
-0.16  1.04
-0.15  1.24
-0.14  1.08
-0.13  1
-0.12  0.96
-0.11  1.08
-0.1  1
-0.09  1
-0.08  1.16
-0.07  1
-0.06  0.96
-0.05  1
-0.04  1.16
-0.03  1.04
-0.02  0.96
-0.01  1
-2.16197e-11  1.08
0.0001  0
0.0101  1.08
0.0201  1.05
0.0301  1.02
0.0401  1.08
0.0501  1.09
0.0601  1.13
0.0701  1.09
0.0801  0.94
0.0901  1
0.1001  1.28
0.1101  0.91
0.1201  1.22
0.1301  1.14
0.1401  0.99
0.1501  1.14
0.1601  1.18
0.1701  1.19
0.1801  1.17
0.1901  1.03
0.2001  1.24
0.2101  1.42
0.2201  1.14
0.2301  1.21
0.2401  1.14
0.2501  1.25
0.2601  1.15
0.2701  1.25
0.2801  1.2
0.2901  1.08
0.3001  1.03
0.3101  1.43
0.3201  1.18
0.3301  1.19
0.3401  1.19
0.3501  1.21
0.3601  1.25
0.3701  1.32
0.3801  1.42
0.3901  1.18
0.4001  1.22
0.4101  1.32
0.4201  1.12
0.4301  1.12
0.4401  1.26
0.4501  1.21
0.4601  1.28
0.4701  1.46
0.4801  1.24
0.4901  1.26
0.5001  1.1
0.5101  1.26
0.5201  1.37
0.5301  1.18
0.5401  1.35
0.5501  1.37
0.5601  1.21
0.5701  1.2
0.5801  1.17
0.5901  1.33
0.6001  1.3
0.6101  1.06
0.6201  1.17
0.6301  1.35
0.6401  1.21
0.6501  1.31
0.6601  1.17
0.6701  1.39
0.6801  1.41
0.6901  1.34
0.7001  1.33
0.7101  1.31
0.7201  1.29
0.7301  1.25
0.7401  1.21
0.7501  1.33
0.7601  1.28
0.7701  1.39
0.7801  1.38
0.7901  1.26
0.8001  1.47
0.8101  1.32
0.8201  1.41
0.8301  1.26
0.8401  1.18
0.8501  1.29
0.8601  1.17
0.8701  1.17
0.8801  1.25
0.8901  1.29
0.9001  1.3
0.9101  1.37
0.9201  1.22
0.9301  1.31
0.9401  1.18
0.9501  1.16
0.9601  1.24
0.9701  1.16
0.9801  1.26
0.9901  1.14
1.0001  1.32
1.0101  1.45
1.0201  1.28
1.0301  1.16
1.0401  1.33
1.0501  1.39
1.0601  1.28
1.0701  1.27
1.0801  1.06
1.0901  1.14
1.1001  1.23
1.1101  1.34
1.1201  1.32
1.1301  1.3
1.1401  1.56
1.1501  1.14
1.1601  1.23
1.1701  1.3
1.1801  1.45
1.1901  1.02
1.2001  1.3
1.2101  1.4
1.2201  1.14
1.2301  1.52
1.2401  1.37
1.2501  1.19
1.2601  1.26
1.2701  1.59
1.2801  1.19
1.2901  1.16
1.3001  1.4
1.3101  1.4
1.3201  1.2
1.3301  1.16
1.3401  1.4
1.3501  1.22
1.3601  1.15
1.3701  1.49
1.3801  1.25
1.3901  1.15
1.4001  1.33
1.4101  1.42
1.4201  1.11
1.4301  1.29
1.4401  1.32
1.4501  1.46
1.4601  1.36
1.4701  1.37
1.4801  1.13
1.4901  1.23
1.5001  1.29
1.5101  1.39
1.5201  1.15
1.5301  1.3
1.5401  1.18
1.5501  1.33
1.5601  1.37
1.5701  1.22
1.5801  1.31
1.5901  1.14
1.6001  1.28
1.6101  1.36
1.6201  1.46
1.6301  1.1
1.6401  1.28
1.6501  1.4
1.6601  1.48
1.6701  1.37
1.6801  1.48
1.6901  1.29
1.7001  1.26
1.7101  1.32
1.7201  1.25
1.7301  1.01
1.7401  1.31
1.7501  1.45
1.7601  1.07
1.7701  1.16
1.7801  1.23
1.7901  1.4
1.8001  1.3
1.8101  1.26
1.8201  1.28
1.8301  1.4
1.8401  1.13
1.8501  1.31
1.8601  1.34
1.8701  1.27
1.8801  1.24
1.8901  0.99
1.9001  1.29
1.9101  1.33
1.9201  1.27
1.9301  1.49
1.9401  1.15
1.9501  1.31
1.9601  1.3
1.9701  1.09
1.9801  1.15
1.9901  1.14
2.0001  1.34
2.0101  1.31
2.0201  1.26
2.0301  1.2
2.0401  1.51
2.0501  1.49
2.0601  1.22
2.0701  1.42
2.0801  1.35
2.0901  1.53
2.1001  1.22
2.1101  1.34
2.1201  1.18
2.1301  1.49
2.1401  1.01
2.1501  1.35
2.1601  1.26
2.1701  1.5
2.1801  1.11
2.1901  1.27
2.2001  1.14
2.2101  1.26
2.2201  1.42
2.2301  1.24
2.2401  1.44
2.2501  1.3
2.2601  1.4
2.2701  1.43
2.2801  1.48
2.2901  1.27
2.3001  1.38
2.3101  1.27
2.3201  1.25
2.3301  1.22
2.3401  1.38
2.3501  1.34
2.3601  1.36
2.3701  1.24
2.3801  1.23
2.3901  1.35
2.4001  1.37
2.4101  1.34
2.4201  1.54
2.4301  1.28
2.4401  1.44
2.4501  1.06
2.4601  1.37
2.4701  1.18
2.4801  1.28
2.4901  1.28
2.5001  1.2
2.5101  1.36
2.5201  1.5
2.5301  1.28
2.5401  1.32
2.5501  1.26
2.5601  1.4
2.5701  1.24
2.5801  1.29
2.5901  1.14
2.6001  1.34
2.6101  1.28
2.6201  1.5
2.6301  1.45
2.6401  1.39
2.6501  1.25
2.6601  1.26
2.6701  0.99
2.6801  1.31
2.6901  1.33
2.7001  1.22
2.7101  1.46
2.7201  1.48
2.7301  1.28
2.7401  1.2
2.7501  1.47
2.7601  1.14
2.7701  1.35
2.7801  1.38
2.7901  1.18
2.8001  1.27
2.8101  1.25
2.8201  1.16
2.8301  1.08
2.8401  1.32
2.8501  1.28
2.8601  1.33
2.8701  1.39
2.8801  1.37
2.8901  1.25
2.9001  1.42
2.9101  1.33
2.9201  1.14
2.9301  1.49
2.9401  1.4
2.9501  1.18
2.9601  1.36
2.9701  1.37
2.9801  1.35
2.9901  1.31
3.0001  1.24
3.0101  1.13
3.0201  1.22
3.0301  1.23
3.0401  1.36
3.0501  1.37
3.0601  1.41
3.0701  1.37
3.0801  1.34
3.0901  1.16
3.1001  1.15
3.1101  1.32
3.1201  1.15
3.1301  1.25
3.1401  1.15
3.1501  1.34
3.1601  1.29
3.1701  1.18
3.1801  1.33
3.1901  1.35
3.2001  1.21
3.2101  1.23
3.2201  1.5
3.2301  1.45
3.2401  1.22
3.2501  1.17
3.2601  1.4
3.2701  1.23
3.2801  1.28
3.2901  1.29
3.3001  1.23
3.3101  1.43
3.3201  1.19
3.3301  1.35
3.3401  1.31
3.3501  1.27
3.3601  1.38
3.3701  1.44
3.3801  1.48
3.3901  1.3
3.4001  1.29
3.4101  1.31
3.4201  1.22
3.4301  1.19
3.4401  1.27
3.4501  1.3
3.4601  1.37
3.4701  1.27
3.4801  1.37
3.4901  1.24
3.5001  1.3
3.5101  1.24
3.5201  1.31
3.5301  1.46
3.5401  1.47
3.5501  1.36
3.5601  1.32
3.5701  1.28
3.5801  1.31
3.5901  1.33
3.6001  1.45
3.6101  1.1
3.6201  1.54
3.6301  1.54
3.6401  1.42
3.6501  1.49
3.6601  1.25
3.6701  1.5
3.6801  1.17
3.6901  1.45
3.7001  1.24
3.7101  1.15
3.7201  1.21
3.7301  1.21
3.7401  1.26
3.7501  1.49
3.7601  1.27
3.7701  1.38
3.7801  1.32
3.7901  1.32
3.8001  1.19
3.8101  1.47
3.8201  1.14
3.8301  1.24
3.8401  1.23
3.8501  1.24
3.8601  1.17
3.8701  1.27
3.8801  1.23
3.8901  1.35
3.9001  1.38
3.9101  1.22
3.9201  1.45
3.9301  1.39
3.9401  1.14
3.9501  1.37
3.9601  1.19
3.9701  1.48
3.9801  1.27
3.9901  1.23
4.0001  1.28
4.0101  1.42
4.0201  1.33
4.0301  1.37
4.0401  1.4
4.0501  1.31
4.0601  1.12
4.0701  1.12
4.0801  1.32
4.0901  1.19
4.1001  1.15
4.1101  1.38
4.1201  1.38
4.1301  1.38
4.1401  1.34
4.1501  1.21
4.1601  1.32
4.1701  1.29
4.1801  1.45
4.1901  1.4
4.2001  1.18
4.2101  1.4
4.2201  1.26
4.2301  1.19
4.2401  1.2
4.2501  1.51
4.2601  1.29
4.2701  1.24
4.2801  1.18
4.2901  1.38
4.3001  1.23
4.3101  1.41
4.3201  1.27
4.3301  1.22
4.3401  1.21
4.3501  1.47
4.3601  1.33
4.3701  1.1
4.3801  1.35
4.3901  1.61
4.4001  1.29
4.4101  1.31
4.4201  1.11
4.4301  1.31
4.4401  1.3
4.4501  1.21
4.4601  1.34
4.4701  1.29
4.4801  1.21
4.4901  1.32
4.5001  1.31
4.5101  1.22
4.5201  1.18
4.5301  1.39
4.5401  1.25
4.5501  1.24
4.5601  1.58
4.5701  1.37
4.5801  1.18
4.5901  1.22
4.6001  1.43
4.6101  1.21
4.6201  1.23
4.6301  1.22
4.6401  1.46
4.6501  1.39
4.6601  1.31
4.6701  1.27
4.6801  1.24
4.6901  1.24
4.7001  1.32
4.7101  1.34
4.7201  1.22
4.7301  1.45
4.7401  1.21
4.7501  1.4
4.7601  1.27
4.7701  1.36
4.7801  1.38
4.7901  1.32
4.8001  1.27
4.8101  1.28
4.8201  1.37
4.8301  1.19
4.8401  1.26
4.8501  1.49
4.8601  1.27
4.8701  1.21
4.8801  1.44
4.8901  1.38
4.9001  1.2
4.9101  1.39
4.9201  1.23
4.9301  1.28
4.9401  1.14
4.9501  1.42
4.9601  1.24
4.9701  1.52
4.9801  1.37
4.9901  1.27
5.0001  1.1
5.0101  1.32
5.0201  1.29
5.0301  1.5
5.0401  1.48
5.0501  1.08
5.0601  1.21
5.0701  1.34
5.0801  1.5
5.0901  1.3
5.1001  1.22
5.1101  1.32
5.1201  1.32
5.1301  1.27
5.1401  1.34
5.1501  1.28
5.1601  1.34
5.1701  1.21
5.1801  1.32
5.1901  1.41
5.2001  1.25
5.2101  1.02
5.2201  1.27
5.2301  1.31
5.2401  1.17
5.2501  1.51
5.2601  1.32
5.2701  1.39
5.2801  1.25
5.2901  1.37
5.3001  1.27
5.3101  1.25
5.3201  1.25
5.3301  1.33
5.3401  1.39
5.3501  1.66
5.3601  1.2
5.3701  1.25
5.3801  1.29
5.3901  1.22
5.4001  1.21
5.4101  1.33
5.4201  1.25
5.4301  1.51
5.4401  1.43
5.4501  1.17
5.4601  1.36
5.4701  1.36
5.4801  1.47
5.4901  1.24
5.5001  1.28
5.5101  1.32
5.5201  1.24
5.5301  0.99
5.5401  1.42
5.5501  1.33
5.5601  1.36
5.5701  1.35
5.5801  1.53
5.5901  1.36
5.6001  1.24
5.6101  1.39
5.6201  1.21
5.6301  1.26
5.6401  1.17
5.6501  1.41
5.6601  1.11
5.6701  1.28
5.6801  1.26
5.6901  1.38
5.7001  1.38
5.7101  1.24
5.7201  1.36
5.7301  1.59
5.7401  1.41
5.7501  1.14
5.7601  1.38
5.7701  1.22
5.7801  1.49
5.7901  1.31
5.8001  1.21
5.8101  1.36
5.8201  1.43
5.8301  1.19
5.8401  1.38
5.8501  1.2
5.8601  1.2
5.8701  1.16
5.8801  1.4
5.8901  1.25
5.9001  1.28
5.9101  1.15
5.9201  1.34
5.9301  1.18
5.9401  1.41
5.9501  1.21
5.9601  1.52
5.9701  1.22
5.9801  1.32
5.9901  1.34
6.0001  1.39
6.0101  1.29
6.0201  1.42
6.0301  1.15
6.0401  1.39
6.0501  1.28
6.0601  1.15
6.0701  1.18
6.0801  1.19
6.0901  1.32
6.1001  1.26
6.1101  1.57
6.1201  1.18
6.1301  1.33
6.1401  1.19
6.1501  1.26
6.1601  1.42
6.1701  1.35
6.1801  1.08
6.1901  1.35
6.2001  1.51
6.2101  1.24
6.2201  1.26
6.2301  1.54
6.2401  1.28
6.2501  1.23
6.2601  1.27
6.2701  1.1
6.2801  1.31
6.2901  1.19
6.3001  1.25
6.3101  1.54
6.3201  1.33
6.3301  1.24
6.3401  1.49
6.3501  1.3
6.3601  1.23
6.3701  1.48
6.3801  1.42
6.3901  1.12
6.4001  1.29
6.4101  1.45
6.4201  1.22
6.4301  1.18
6.4401  1.3
6.4501  1.28
6.4601  1.29
6.4701  1.4
6.4801  1.34
6.4901  1.27
6.5001  1.21
6.5101  1.47
6.5201  1.33
6.5301  1.49
6.5401  1.5
6.5501  1.24
6.5601  1.38
6.5701  1.27
6.5801  1.33
6.5901  1.33
6.6001  1.31
6.6101  1.32
6.6201  1.37
6.6301  1.34
6.6401  1.26
6.6501  1.37
6.6601  1.35
6.6701  1.25
6.6801  1.33
6.6901  1.43
6.7001  1.24
6.7101  1.34
6.7201  1.34
6.7301  1.57
6.7401  1.29
6.7501  1.49
6.7601  1.38
6.7701  1.17
6.7801  1.12
6.7901  1.38
6.8001  1.28
6.8101  1.1
6.8201  1.4
6.8301  1.28
6.8401  1.11
6.8501  1.36
6.8601  1.15
6.8701  1.31
6.8801  1.23
6.8901  1.08
6.9001  1.1
6.9101  1.37
6.9201  1.46
6.9301  1.2
6.9401  1.31
6.9501  1.34
6.9601  1.29
6.9701  1.45
6.9801  1.41
6.9901  1.29
7.0001  1.48
7.0101  1.23
7.0201  1.28
7.0301  1.03
7.0401  1.26
7.0501  1.12
7.0601  1.37
7.0701  1.27
7.0801  1.22
7.0901  1.27
7.1001  1.23
7.1101  1.09
7.1201  1.43
7.1301  1.2
7.1401  1.55
7.1501  1.16
7.1601  1.21
7.1701  1.28
7.1801  1.48
7.1901  1.46
7.2001  1.41
7.2101  1.49
7.2201  1.53
7.2301  1.29
7.2401  1.2
7.2501  1.34
7.2601  1.14
7.2701  1.48
7.2801  1.16
7.2901  1.32
7.3001  1.21
7.3101  1.23
7.3201  1.31
7.3301  1.19
7.3401  1.4
7.3501  1.41
7.3601  1.14
7.3701  1.41
7.3801  1.19
7.3901  1.31
7.4001  1.36
7.4101  1.4
7.4201  1.41
7.4301  1.31
7.4401  1.22
7.4501  1.17
7.4601  1.1
7.4701  1.27
7.4801  1.24
7.4901  1.36
7.5001  1.31
7.5101  1.43
7.5201  1.25
7.5301  1.14
7.5401  1.47
7.5501  1.2
7.5601  1.24
7.5701  1.41
7.5801  1.47
7.5901  1.35
7.6001  1.42
7.6101  1.38
7.6201  1.06
7.6301  1.3
7.6401  1.16
7.6501  1.24
7.6601  1.49
7.6701  1.3
7.6801  1.31
7.6901  1.25
7.7001  1.49
7.7101  1.39
7.7201  1.24
7.7301  1.38
7.7401  1.4
7.7501  1.19
7.7601  1.28
7.7701  1.54
7.7801  1.46
7.7901  1.42
7.8001  1.37
7.8101  1.27
7.8201  1.22
7.8301  1.19
7.8401  1.29
7.8501  1.11
7.8601  1.35
7.8701  1.48
7.8801  1.49
7.8901  1.12
7.9001  1.47
7.9101  1.39
7.9201  1.3
7.9301  1.15
7.9401  1.49
7.9501  1.6
7.9601  1.41
7.9701  1.28
7.9801  1.16
7.9901  1.21
8.0001  1.44
8.0101  1.31
8.0201  1.32
8.0301  1.33
8.0401  1.18
8.0501  1.26
8.0601  1.43
8.0701  1.13
8.0801  1.21
8.0901  1.27
8.1001  1.12
8.1101  1.53
8.1201  1.39
8.1301  1.46
8.1401  1.11
8.1501  1.18
8.1601  1.3
8.1701  1.31
8.1801  1.39
8.1901  1.3
8.2001  1.33
8.2101  1.35
8.2201  1.42
8.2301  1.3
8.2401  1.22
8.2501  1.38
8.2601  1.16
8.2701  1.35
8.2801  1.33
8.2901  1.32
8.3001  1.22
8.3101  1.43
8.3201  1.39
8.3301  1.25
8.3401  1.54
8.3501  1.11
8.3601  1.32
8.3701  1.42
8.3801  1.2
8.3901  1.08
8.4001  1.37
8.4101  1.14
8.4201  1.24
8.4301  1.25
8.4401  1.25
8.4501  1.28
8.4601  1.56
8.4701  1.31
8.4801  1.31
8.4901  1.47
8.5001  1.27
8.5101  1.22
8.5201  1.3
8.5301  1.27
8.5401  1.19
8.5501  1.32
8.5601  1.29
8.5701  1.42
8.5801  1.13
8.5901  1.36
8.6001  1.28
8.6101  1.39
8.6201  1.17
8.6301  1.37
8.6401  1.55
8.6501  1.3
8.6601  1.48
8.6701  1.33
8.6801  1.19
8.6901  1.29
8.7001  1.33
8.7101  1.31
8.7201  1.35
8.7301  1.24
8.7401  1.13
8.7501  1.38
8.7601  1.25
8.7701  1.49
8.7801  1.19
8.7901  1.38
8.8001  1.43
8.8101  1.2
8.8201  1.48
8.8301  1.34
8.8401  1.16
8.8501  1.48
8.8601  1.28
8.8701  1.29
8.8801  1.12
8.8901  1.17
8.9001  1.48
8.9101  1.26
8.9201  1.44
8.9301  1.31
8.9401  1.15
8.9501  1.31
8.9601  1.36
8.9701  1.13
8.9801  1.47
8.9901  1.42
9.0001  1.42
9.0101  1.31
9.0201  1.26
9.0301  1.46
9.0401  1.26
9.0501  1.23
9.0601  1.39
9.0701  1.19
9.0801  0.94
9.0901  1.3
9.1001  1.5
9.1101  1.26
9.1201  1.33
9.1301  1.27
9.1401  1.35
9.1501  1.49
9.1601  1.16
9.1701  1.28
9.1801  1.28
9.1901  1.34
9.2001  1.27
9.2101  1.47
9.2201  1.3
9.2301  1.18
9.2401  1.28
9.2501  1.3
9.2601  1.45
9.2701  1.27
9.2801  1.06
9.2901  1.57
9.3001  1.52
9.3101  1.22
9.3201  1.06
9.3301  1.34
9.3401  1.25
9.3501  1.22
9.3601  1.3
9.3701  1.3
9.3801  1.44
9.3901  1.25
9.4001  1.24
9.4101  1.22
9.4201  1.17
9.4301  1.2
9.4401  1.36
9.4501  1.13
9.4601  1.35
9.4701  1.2
9.4801  1.41
9.4901  1.33
9.5001  1.38
9.5101  1.19
9.5201  1.28
9.5301  1.23
9.5401  1.47
9.5501  1.29
9.5601  1.13
9.5701  1.4
9.5801  1.28
9.5901  1.42
9.6001  1.17
9.6101  1.54
9.6201  1.26
9.6301  1.5
9.6401  1.52
9.6501  1.4
9.6601  1.09
9.6701  1.13
9.6801  1.16
9.6901  1.26
9.7001  1.35
9.7101  1.31
9.7201  1.34
9.7301  1.43
9.7401  1.29
9.7501  1.25
9.7601  1.35
9.7701  1.37
9.7801  1.11
9.7901  1.45
9.8001  1.51
9.8101  1.48
9.8201  1.39
9.8301  1.2
9.8401  1.21
9.8501  1.2
9.8601  1.37
9.8701  1.34
9.8801  1.46
9.8901  1.17
9.9001  1.53
9.9101  1.29
9.9201  1.49
9.9301  1.24
9.9401  1.47
9.9501  1.3
9.9601  1.32
9.9701  1.26
9.9801  1.17
9.9901  1.27
10.0001  1.29
10.0101  1.15
10.0201  1.21
10.0301  1.11
10.0401  1.36
10.0501  1.23
10.0601  1.28
10.0701  1.4
10.0801  1.27
10.0901  1.26
10.1001  1.38
10.1101  1.61
10.1201  1.17
10.1301  1.15
10.1401  1.27
10.1501  1.04
10.1601  1.46
10.1701  1.41
10.1801  1.54
10.1901  1.16
10.2001  1.23
10.2101  1.08
10.2201  1.39
10.2301  1.34
10.2401  1.34
10.2501  1.21
10.2601  1.21
10.2701  1.33
10.2801  1.28
10.2901  1.32
10.3001  1.5
10.3101  1.35
10.3201  1.59
10.3301  1.26
10.3401  1.33
10.3501  1.22
10.3601  1.23
10.3701  1.07
10.3801  1.3
10.3901  1.36
10.4001  1.27
10.4101  1.33
10.4201  1.19
10.4301  1.08
10.4401  1.4
10.4501  1.17
10.4601  1.43
10.4701  1.4
10.4801  1.43
10.4901  1.3
10.5001  1.35
10.5101  1.31
10.5201  1.36
10.5301  1.56
10.5401  1.37
10.5501  1.26
10.5601  1.17
10.5701  1.24
10.5801  1.17
10.5901  1.37
10.6001  1.37
10.6101  1.37
10.6201  1.25
10.6301  1.25
10.6401  1.36
10.6501  1.31
10.6601  1.34
10.6701  1.15
10.6801  1.15
10.6901  1.13
10.7001  1.64
10.7101  1.28
10.7201  1.28
10.7301  1.29
10.7401  1.39
10.7501  1.23
10.7601  1.28
10.7701  1.35
10.7801  1.28
10.7901  1.31
10.8001  1.16
10.8101  1.26
10.8201  1.16
10.8301  1.19
10.8401  1.3
10.8501  1.61
10.8601  1.09
10.8701  1.27
10.8801  1.43
10.8901  1.54
10.9001  1.3
10.9101  1.08
10.9201  1.25
10.9301  1.3
10.9401  1.33
10.9501  1.54
10.9601  1.24
10.9701  1.14
10.9801  1.33
10.9901  1.29
11.0001  1.33
11.0101  1.31
11.0201  1.43
11.0301  1.19
11.0401  1.22
11.0501  1.2
11.0601  1.25
11.0701  1.44
11.0801  1.18
11.0901  1.27
11.1001  1.32
11.1101  1.26
11.1201  1.27
11.1301  1.31
11.1401  1.23
11.1501  1.45
11.1601  1.41
11.1701  1.35
11.1801  1.19
11.1901  1.35
11.2001  1.27
11.2101  1.35
11.2201  1.45
11.2301  1.29
11.2401  1.29
11.2501  1.06
11.2601  1.22
11.2701  1.23
11.2801  1.26
11.2901  1.67
11.3001  1.48
11.3101  1.17
11.3201  1.27
11.3301  1.27
11.3401  1.49
11.3501  1.35
11.3601  1.43
11.3701  1.21
11.3801  1.28
11.3901  1.36
11.4001  1.31
11.4101  1.33
11.4201  1.27
11.4301  1.15
11.4401  1.24
11.4501  1.43
11.4601  1.22
11.4701  1.47
11.4801  1.46
11.4901  1.42
11.5001  1.34
11.5101  1.25
11.5201  1.34
11.5301  1.22
11.5401  1.34
11.5501  1.19
11.5601  1.13
11.5701  1.34
11.5801  1.21
11.5901  1.36
11.6001  1.26
11.6101  1.26
11.6201  1.55
11.6301  1.18
11.6401  1.41
11.6501  1.2
11.6601  1.27
11.6701  1.51
11.6801  1.43
11.6901  1.32
11.7001  1.15
11.7101  1.35
11.7201  1.3
11.7301  1.59
11.7401  1.34
11.7501  1.23
11.7601  1.13
11.7701  1.18
11.7801  1.24
11.7901  1.29
11.8001  1.6
11.8101  1.13
11.8201  1.45
11.8301  1.26
11.8401  1.36
11.8501  1.22
11.8601  1.41
11.8701  1.4
11.8801  1.21
11.8901  1.32
11.9001  1.23
11.9101  1.27
11.9201  1.26
11.9301  1.26
11.9401  1.12
11.9501  1.33
11.9601  1.38
11.9701  1.19
11.9801  1.46
11.9901  1.31
12.0001  1.36
12.0101  1.52
12.0201  1.29
12.0301  1.21
12.0401  1.23
12.0501  1.41
12.0601  1.27
12.0701  1.27
12.0801  1.36
12.0901  1.28
12.1001  1.21
12.1101  1.49
12.1201  1.24
12.1301  1.32
12.1401  1.32
12.1501  1.52
12.1601  1.32
12.1701  1.25
12.1801  1.28
12.1901  1.22
12.2001  1.16
12.2101  1.25
12.2201  1.39
12.2301  1.63
12.2401  1.25
12.2501  1.11
12.2601  1.38
12.2701  1.26
12.2801  1.17
12.2901  1.14
12.3001  1.31
12.3101  1.49
12.3201  1.43
12.3301  1.21
12.3401  1.18
12.3501  1.34
12.3601  1.38
12.3701  1.42
12.3801  1.13
12.3901  1.33
12.4001  1.39
12.4101  1.26
12.4201  1.41
12.4301  1.61
12.4401  1.19
12.4501  1.15
12.4601  1.31
12.4701  1.12
12.4801  1.31
12.4901  1.33
12.5001  1.1
12.5101  1.41
12.5201  1.37
12.5301  1.29
12.5401  1.36
12.5501  1.4
12.5601  1.26
12.5701  1.22
12.5801  1.39
12.5901  1.15
12.6001  1.47
12.6101  1.16
12.6201  1.38
12.6301  1.3
12.6401  1.21
12.6501  1.22
12.6601  1.43
12.6701  1.11
12.6801  1.36
12.6901  1.61
12.7001  1.47
12.7101  1.21
12.7201  1.49
12.7301  1.24
12.7401  1.38
12.7501  1.26
12.7601  1.28
12.7701  1.32
12.7801  1.25
12.7901  1.29
12.8001  1.29
12.8101  1.48
12.8201  1.17
12.8301  1.19
12.8401  1.24
12.8501  1.49
12.8601  1.3
12.8701  1.34
12.8801  1.19
12.8901  1.41
12.9001  1.2
12.9101  1.23
12.9201  0.99
12.9301  1.27
12.9401  1.33
12.9501  1.38
12.9601  1.29
12.9701  1.3
12.9801  1.42
12.9901  1.12
13.0001  1.36
13.0101  1.43
13.0201  1.39
13.0301  1.38
13.0401  1.28
13.0501  1.07
13.0601  1.36
13.0701  1.25
13.0801  1.45
13.0901  1.34
13.1001  1.18
13.1101  1.34
13.1201  1.22
13.1301  1.29
13.1401  1.38
13.1501  1.21
13.1601  1.13
13.1701  1.46
13.1801  1.2
13.1901  1.29
13.2001  1.38
13.2101  1.16
13.2201  1.33
13.2301  1.36
13.2401  1.11
13.2501  1.4
13.2601  1.38
13.2701  1.26
13.2801  1.32
13.2901  1.36
13.3001  1.35
13.3101  1.31
13.3201  1.3
13.3301  1.24
13.3401  1.08
13.3501  1.24
13.3601  1.23
13.3701  1.31
13.3801  1.34
13.3901  1.29
13.4001  1.43
13.4101  1.43
13.4201  1.27
13.4301  1.23
13.4401  1.14
13.4501  1.39
13.4601  1.03
13.4701  1.15
13.4801  1.37
13.4901  1.25
13.5001  1.25
13.5101  1.49
13.5201  1.24
13.5301  1.32
13.5401  1.25
13.5501  1.46
13.5601  1.36
13.5701  1.48
13.5801  1.29
13.5901  1.34
13.6001  1.1
13.6101  1.57
13.6201  1.39
13.6301  1.32
13.6401  1.23
13.6501  1.33
13.6601  1.44
13.6701  1.14
13.6801  1.33
13.6901  1.45
13.7001  1.35
13.7101  1.35
13.7201  1.12
13.7301  1.42
13.7401  1.26
13.7501  1.2
13.7601  1.41
13.7701  1.48
13.7801  1.45
13.7901  1.34
13.8001  1.08
13.8101  1.48
13.8201  1.48
13.8301  1.51
13.8401  1.18
13.8501  1.14
13.8601  1.2
13.8701  1.34
13.8801  1.17
13.8901  1.2
13.9001  1.15
13.9101  1.12
13.9201  1.28
13.9301  1.32
13.9401  1.33
13.9501  1.38
13.9601  1.47
13.9701  1.32
13.9801  1.49
13.9901  1.33
14.0001  1.3
14.0101  1.3
14.0201  1.21
14.0301  1.34
14.0401  1.55
14.0501  1.11
14.0601  1.28
14.0701  1.23
14.0801  1.28
14.0901  1.38
14.1001  1.32
14.1101  1.17
14.1201  1.07
14.1301  1.19
14.1401  1.38
14.1501  1.33
14.1601  1.27
14.1701  1.38
14.1801  1.48
14.1901  1.35
14.2001  1.26
14.2101  1.19
14.2201  1.27
14.2301  1.24
14.2401  1.41
14.2501  1.39
14.2601  1.19
14.2701  1.28
14.2801  1.3
14.2901  1.2
14.3001  1.31
14.3101  1.4
14.3201  1.18
14.3301  1.2
14.3401  1.29
14.3501  1.28
14.3601  1.32
14.3701  1.52
14.3801  1.2
14.3901  1.3
14.4001  1.29
14.4101  1.38
14.4201  1.42
14.4301  1.38
14.4401  1.13
14.4501  1.18
14.4601  1.35
14.4701  1.31
14.4801  1.29
14.4901  1.14
14.5001  1.33
14.5101  1.14
14.5201  1.12
14.5301  1.19
14.5401  1.46
14.5501  0.92
14.5601  1.29
14.5701  1.29
14.5801  1.43
14.5901  1.43
14.6001  1.3
14.6101  1.59
14.6201  1.26
14.6301  1.33
14.6401  1.32
14.6501  1.24
14.6601  1.25
14.6701  1.27
14.6801  1.19
14.6901  1.26
14.7001  1.44
14.7101  1.2
14.7201  1.19
14.7301  1.33
14.7401  1.23
14.7501  1.42
14.7601  1.3
14.7701  1.24
14.7801  1.1
14.7901  1.38
14.8001  1.33
14.8101  1.28
14.8201  1.45
14.8301  1.33
14.8401  1.08
14.8501  1.26
14.8601  1.36
14.8701  1.31
14.8801  1.42
14.8901  1.27
14.9001  1.18
14.9101  1.45
14.9201  1.26
14.9301  1.4
14.9401  1.44
14.9501  1.19
14.9601  1.16
14.9701  1.22
14.9801  1.31
14.9901  1.69
15.0001  1.32
15.0101  1.32
15.0201  1.09
15.0301  1.23
15.0401  1.34
15.0501  1.54
15.0601  1.27
15.0701  1.62
15.0801  1.37
15.0901  1.38
15.1001  1.49
15.1101  1.31
15.1201  1.21
15.1301  1.39
15.1401  1.26
15.1501  1.32
15.1601  1.45
15.1701  1.25
15.1801  1.27
15.1901  1.24
15.2001  1.22
15.2101  1.15
15.2201  1.36
15.2301  1.46
15.2401  1.36
15.2501  1.29
15.2601  1.21
15.2701  1.41
15.2801  1.19
15.2901  1.46
15.3001  1.26
15.3101  1.26
15.3201  1.33
15.3301  1.37
15.3401  1.32
15.3501  1.38
15.3601  1.21
15.3701  1.15
15.3801  1.19
15.3901  1.3
15.4001  1.21
15.4101  1.29
15.4201  1.32
15.4301  1.29
15.4401  1.29
15.4501  1.35
15.4601  1.42
15.4701  1.34
15.4801  1.21
15.4901  1.29
15.5001  1.3
15.5101  1.35
15.5201  1.42
15.5301  1.42
15.5401  1.23
15.5501  1.12
15.5601  1.2
15.5701  1.19
15.5801  1.12
15.5901  1.51
15.6001  1.33
15.6101  1.13
15.6201  1.23
15.6301  1.21
15.6401  1.21
15.6501  1.46
15.6601  1.52
15.6701  1.33
15.6801  1.33
15.6901  1.11
15.7001  1.23
15.7101  1.02
15.7201  1.25
15.7301  1.38
15.7401  1.14
15.7501  1.42
15.7601  1.2
15.7701  1.32
15.7801  1.6
15.7901  1.24
15.8001  1.33
15.8101  1.25
15.8201  1.38
15.8301  1.49
15.8401  1.33
15.8501  1.29
15.8601  1.16
15.8701  1.59
15.8801  1.34
15.8901  1.4
15.9001  1.35
15.9101  1.18
15.9201  1.26
15.9301  1.34
15.9401  1.27
15.9501  1.27
15.9601  1.1
15.9701  1.3
15.9801  1.07
15.9901  1.22
16.0001  1.35
16.0101  1.47
16.0201  1.35
16.0301  1.47
16.0401  1.4
16.0501  1.32
16.0601  1.25
16.0701  1.26
16.0801  1.28
16.0901  1.16
16.1001  1.17
16.1101  1.39
16.1201  1.26
16.1301  1.15
16.1401  1.06
16.1501  1.43
16.1601  1.45
16.1701  1.47
16.1801  1.57
16.1901  1.4
16.2001  1.37
16.2101  1.27
16.2201  1.28
16.2301  1.2
16.2401  1.48
16.2501  1.32
16.2601  1.36
16.2701  1.11
16.2801  1.4
16.2901  1.27
16.3001  1.23
16.3101  1.33
16.3201  1.2
16.3301  1.38
16.3401  1.26
16.3501  1.21
16.3601  1.29
16.3701  1.3
16.3801  1.29
16.3901  1.2
16.4001  1.14
16.4101  1.42
16.4201  1.32
16.4301  1.19
16.4401  1.24
16.4501  1.17
16.4601  1.35
16.4701  1.36
16.4801  1.21
16.4901  1.42
16.5001  1.26
16.5101  1.28
16.5201  1.37
16.5301  1.32
16.5401  1.26
16.5501  1.27
16.5601  1.31
16.5701  1.3
16.5801  1.15
16.5901  1.31
16.6001  1.18
16.6101  1.26
16.6201  1.52
16.6301  1.59
16.6401  1.31
16.6501  1.19
16.6601  1.4
16.6701  1.2
16.6801  1.59
16.6901  1.1
16.7001  1.26
16.7101  1.29
16.7201  1.12
16.7301  1.24
16.7401  1.14
16.7501  1.35
16.7601  1.18
16.7701  1.33
16.7801  1.4
16.7901  1.24
16.8001  1.28
16.8101  1.39
16.8201  1.34
16.8301  1.23
16.8401  1.34
16.8501  1.17
16.8601  1.32
16.8701  1.16
16.8801  1.23
16.8901  1.17
16.9001  1.45
16.9101  1.26
16.9201  1.12
16.9301  1.3
16.9401  1.48
16.9501  1.38
16.9601  1.41
16.9701  1.29
16.9801  1.36
16.9901  1.18
17.0001  1.34
17.0101  1.15
17.0201  1.2
17.0301  1.29
17.0401  1.45
17.0501  1.28
17.0601  1.25
17.0701  1.4
17.0801  1.48
17.0901  1.42
17.1001  1.31
17.1101  1.3
17.1201  1.34
17.1301  1.23
17.1401  1.21
17.1501  1.27
17.1601  1.31
17.1701  1.12
17.1801  1.12
17.1901  1.21
17.2001  1.48
17.2101  1.31
17.2201  1.28
17.2301  1.2
17.2401  1.24
17.2501  1.34
17.2601  1.36
17.2701  1.26
17.2801  1.32
17.2901  1.33
17.3001  1.19
17.3101  1.32
17.3201  1.23
17.3301  1.39
17.3401  1.29
17.3501  1.2
17.3601  1.25
17.3701  1.38
17.3801  1.5
17.3901  1.32
17.4001  1.21
17.4101  1.26
17.4201  1.56
17.4301  1.17
17.4401  1.34
17.4501  1.21
17.4601  1.28
17.4701  1.26
17.4801  1.38
17.4901  1.38
17.5001  1.31
17.5101  1.44
17.5201  1.18
17.5301  1.27
17.5401  1.34
17.5501  1.19
17.5601  1.18
17.5701  1.16
17.5801  1.35
17.5901  1.34
17.6001  1.43
17.6101  1.27
17.6201  1.4
17.6301  1.24
17.6401  1.12
17.6501  1.37
17.6601  1.14
17.6701  1.27
17.6801  1.4
17.6901  1.24
17.7001  1.47
17.7101  1.25
17.7201  1.21
17.7301  1.31
17.7401  1.3
17.7501  1.42
17.7601  1.41
17.7701  1.28
17.7801  1.34
17.7901  1.42
17.8001  1.25
17.8101  1.23
17.8201  1.2
17.8301  1.08
17.8401  1.33
17.8501  1.23
17.8601  1.34
17.8701  1.13
17.8801  1.09
17.8901  1.49
17.9001  1.34
17.9101  1.26
17.9201  1.03
17.9301  1.33
17.9401  1.19
17.9501  1.45
17.9601  1.43
17.9701  1.26
17.9801  1.28
17.9901  1.26
18.0001  1.33
18.0101  1.35
18.0201  1.39
18.0301  1.25
18.0401  1.57
18.0501  1.33
18.0601  1.28
18.0701  1.21
18.0801  1.49
18.0901  1.19
18.1001  1.48
18.1101  1.33
18.1201  1.31
18.1301  1.26
18.1401  1.35
18.1501  1.41
18.1601  1.21
18.1701  1.22
18.1801  1.39
18.1901  1.19
18.2001  1.23
18.2101  1.32
18.2201  1.22
18.2301  1.38
18.2401  1.29
18.2501  1.25
18.2601  1.37
18.2701  1.16
18.2801  1.25
18.2901  1.26
18.3001  1.48
18.3101  1.43
18.3201  1.37
18.3301  1.4
18.3401  1.42
18.3501  1.15
18.3601  1.23
18.3701  1.36
18.3801  1.26
18.3901  1.49
18.4001  1.31
18.4101  1.21
18.4201  1.46
18.4301  1.38
18.4401  1.32
18.4501  1.19
18.4601  1.28
18.4701  1.44
18.4801  1.4
18.4901  1.56
18.5001  1.21
18.5101  1.19
18.5201  1.23
18.5301  1.29
18.5401  1.32
18.5501  1.17
18.5601  1.39
18.5701  1.21
18.5801  1.21
18.5901  1.51
18.6001  1.18
18.6101  1.39
18.6201  1.22
18.6301  1.52
18.6401  1.48
18.6501  1.37
18.6601  1.18
18.6701  1.34
18.6801  1.32
18.6901  1.14
18.7001  1.25
18.7101  1.41
18.7201  1.33
18.7301  1.1
18.7401  1.11
18.7501  1.31
18.7601  1.2
18.7701  1.15
18.7801  1.27
18.7901  1.41
18.8001  1.29
18.8101  1.35
18.8201  1.57
18.8301  1.44
18.8401  1.49
18.8501  1.32
18.8601  1.41
18.8701  1.17
18.8801  1.19
18.8901  1.08
18.9001  1.3
18.9101  1.19
18.9201  1.33
18.9301  1.18
18.9401  1.48
18.9501  1.27
18.9601  1.33
18.9701  1.11
18.9801  1.44
18.9901  1.27
19.0001  1.47
19.0101  1.26
19.0201  1.4
19.0301  1.19
19.0401  1.32
19.0501  1.26
19.0601  1.23
19.0701  1.34
19.0801  1.37
19.0901  1.43
19.1001  1.14
19.1101  1.49
19.1201  1.2
19.1301  1.24
19.1401  1.35
19.1501  1.26
19.1601  1.24
19.1701  1.44
19.1801  1.19
19.1901  1.06
19.2001  1.34
19.2101  1.42
19.2201  1.31
19.2301  1.09
19.2401  1.31
19.2501  1.41
19.2601  1.31
19.2701  1.05
19.2801  1.43
19.2901  1.3
19.3001  1.36
19.3101  1.13
19.3201  1.38
19.3301  1.34
19.3401  1.45
19.3501  1.25
19.3601  1.32
19.3701  1.25
19.3801  1.34
19.3901  1.29
19.4001  1.34
19.4101  1.26
19.4201  1.14
19.4301  1.28
19.4401  1.43
19.4501  1.34
19.4601  1.32
19.4701  1.31
19.4801  1.08
19.4901  1.41
19.5001  1.34
19.5101  1.31
19.5201  1.45
19.5301  1.41
19.5401  1.22
19.5501  1.39
19.5601  1.41
19.5701  1.22
19.5801  1.22
19.5901  1.32
19.6001  1.13
19.6101  1.18
19.6201  1.51
19.6301  1.24
19.6401  1.42
19.6501  1.11
19.6601  1.39
19.6701  1.15
19.6801  1.48
19.6901  1.41
19.7001  1.39
19.7101  1.29
19.7201  1.36
19.7301  1.18
19.7401  1.26
19.7501  1.24
19.7601  1.24
19.7701  1.47
19.7801  1.33
19.7901  1.31
19.8001  1.24
19.8101  1.23
19.8201  1.59
19.8301  1.31
19.8401  1.24
19.8501  1.46
19.8601  1.23
19.8701  1.27
19.8801  1.35
19.8901  1.21
19.9001  1.39
19.9101  1.28
19.9201  1.38
19.9301  1.2
19.9401  1.29
19.9501  1.36
19.9601  1.32
19.9701  1.34
19.9801  1.19
19.9901  1.26
20.0001  1.24
20.0101  1.51
20.0201  1.14
20.0301  1.14
20.0401  1.22
20.0501  1.32
20.0601  1.3
20.0701  1.28
20.0801  1.28
20.0901  1.24
20.1001  1.38
20.1101  1.49
20.1201  1.1
20.1301  1.24
20.1401  1.26
20.1501  1.15
20.1601  1.19
20.1701  1.3
20.1801  1.28
20.1901  1.38
20.2001  1.21
20.2101  1.39
20.2201  1.44
20.2301  1.16
20.2401  1.22
20.2501  1.35
20.2601  1.38
20.2701  1.53
20.2801  1.18
20.2901  1.53
20.3001  1.31
20.3101  1.36
20.3201  1.21
20.3301  1.29
20.3401  1.45
20.3501  1.31
20.3601  1.33
20.3701  1.28
20.3801  1.33
20.3901  1.34
20.4001  1.1
20.4101  1.24
20.4201  1.36
20.4301  1.1
20.4401  1.3
20.4501  1.4
20.4601  1.3
20.4701  1.32
20.4801  1.38
20.4901  1.23
20.5001  1.35
20.5101  1.29
20.5201  1.37
20.5301  1.33
20.5401  1.32
20.5501  1.61
20.5601  1.28
20.5701  1.37
20.5801  1.23
20.5901  1.43
20.6001  1.28
20.6101  1.32
20.6201  1.29
20.6301  1.15
20.6401  1.06
20.6501  1.37
20.6601  1.29
20.6701  1.34
20.6801  1.31
20.6901  1.45
20.7001  1.37
20.7101  1.33
20.7201  1.35
20.7301  1.35
20.7401  1.25
20.7501  1.25
20.7601  1.18
20.7701  1.33
20.7801  1.21
20.7901  1.34
20.8001  1.48
20.8101  1.24
20.8201  1.23
20.8301  1.42
20.8401  1.39
20.8501  1.52
20.8601  1.24
20.8701  1.25
20.8801  1.33
20.8901  1.19
20.9001  1.25
20.9101  1.37
20.9201  1.19
20.9301  1.3
20.9401  1.3
20.9501  1.37
20.9601  1.2
20.9701  1.3
20.9801  1.59
20.9901  1.22
21.0001  1.18
21.0101  1.39
21.0201  1.07
21.0301  1.22
21.0401  1.43
21.0501  1.14
21.0601  1.36
21.0701  1.04
21.0801  1.42
21.0901  1.18
21.1001  1.47
21.1101  1.25
21.1201  1.25
21.1301  1.16
21.1401  1.44
21.1501  1.15
21.1601  1.21
21.1701  1.28
21.1801  1.28
21.1901  1.33
21.2001  1.24
21.2101  1.34
21.2201  1.35
21.2301  1.33
21.2401  1.29
21.2501  1.47
21.2601  1.3
21.2701  1.25
21.2801  1.36
21.2901  1.26
21.3001  1.41
21.3101  1.36
21.3201  1.1
21.3301  1.16
21.3401  1.14
21.3501  1.13
21.3601  1.44
21.3701  1.09
21.3801  1.28
21.3901  1.13
21.4001  1.36
21.4101  1.35
21.4201  1.25
21.4301  1.25
21.4401  1.41
21.4501  1.31
21.4601  1.44
21.4701  1.29
21.4801  1.22
21.4901  1.37
21.5001  1.29
21.5101  1.32
21.5201  1.33
21.5301  1.24
21.5401  1.31
21.5501  1.42
21.5601  1.36
21.5701  1.42
21.5801  1.32
21.5901  1.21
21.6001  1.28
21.6101  1.27
21.6201  1.45
21.6301  1.24
21.6401  1.32
21.6501  1.39
21.6601  1.21
21.6701  1.33
21.6801  1.17
21.6901  1.3
21.7001  1.37
21.7101  1.44
21.7201  1.31
21.7301  1.26
21.7401  1.26
21.7501  1.24
21.7601  1.34
21.7701  1.56
21.7801  1.26
21.7901  1.13
21.8001  1.33
21.8101  1.17
21.8201  1.47
21.8301  1.46
21.8401  1.3
21.8501  1.22
21.8601  1.4
21.8701  1.22
21.8801  1.31
21.8901  1.36
21.9001  1.38
21.9101  1.26
21.9201  1.36
21.9301  1.26
21.9401  1.31
21.9501  1.28
21.9601  1.39
21.9701  1.46
21.9801  1.34
21.9901  1.12
22.0001  1.32
22.0101  1.42
22.0201  1.3
22.0301  1.33
22.0401  1.47
22.0501  1.6
22.0601  1.34
22.0701  1.25
22.0801  1.22
22.0901  1.33
22.1001  1.21
22.1101  1.18
22.1201  1.29
22.1301  1.19
22.1401  1.24
22.1501  1.36
22.1601  1.12
22.1701  1.29
22.1801  1.3
22.1901  1.24
22.2001  1.36
22.2101  1.37
22.2201  1.39
22.2301  1.36
22.2401  1.32
22.2501  1.49
22.2601  1.36
22.2701  1.03
22.2801  1.35
22.2901  1.21
22.3001  1.37
22.3101  1.11
22.3201  1.33
22.3301  1.45
22.3401  1.31
22.3501  1.26
22.3601  1.15
22.3701  1.38
22.3801  1.29
22.3901  1.42
22.4001  1.21
22.4101  1.34
22.4201  1.23
22.4301  1.37
22.4401  1.38
22.4501  1.4
22.4601  1.27
22.4701  1.27
22.4801  1.44
22.4901  1.1
22.5001  1.16
22.5101  1.39
22.5201  1.36
22.5301  1.14
22.5401  1.25
22.5501  1.24
22.5601  1.2
22.5701  1.18
22.5801  1.24
22.5901  1.15
22.6001  1.38
22.6101  1.35
22.6201  1.37
22.6301  1.39
22.6401  1.37
22.6501  1.35
22.6601  1.38
22.6701  1.32
22.6801  1.19
22.6901  1.27
22.7001  1.05
22.7101  1.45
22.7201  1.34
22.7301  1.49
22.7401  1.33
22.7501  1.24
22.7601  1.16
22.7701  1.35
22.7801  1.32
22.7901  1.17
22.8001  1.38
22.8101  1.18
22.8201  1.33
22.8301  1.52
22.8401  1.24
22.8501  1.45
22.8601  1.51
22.8701  1.33
22.8801  1.35
22.8901  1.18
22.9001  1.14
22.9101  1.21
22.9201  1.23
22.9301  1.2
22.9401  1.41
22.9501  1.49
22.9601  1.36
22.9701  1.36
22.9801  1.29
22.9901  1.31
23.0001  1.6
23.0101  1.38
23.0201  1.36
23.0301  1.35
23.0401  1.33
23.0501  1.16
23.0601  1.28
23.0701  1.31
23.0801  1.21
23.0901  1.3
23.1001  1.36
23.1101  1.35
23.1201  1.45
23.1301  1.46
23.1401  1.37
23.1501  1.04
23.1601  1.35
23.1701  1.39
23.1801  1.42
23.1901  1.25
23.2001  1.33
23.2101  1.28
23.2201  1.36
23.2301  1.46
23.2401  1.45
23.2501  1.46
23.2601  1.15
23.2701  1.32
23.2801  1.21
23.2901  1.34
23.3001  1.24
23.3101  1.29
23.3201  1.32
23.3301  1.3
23.3401  1.18
23.3501  1.04
23.3601  1.31
23.3701  1.35
23.3801  1.28
23.3901  1.36
23.4001  1.32
23.4101  1.49
23.4201  1.5
23.4301  1.2
23.4401  1.28
23.4501  1.36
23.4601  1.36
23.4701  1.28
23.4801  1.29
23.4901  1.4
23.5001  1.29
23.5101  1.26
23.5201  1.3
23.5301  1.39
23.5401  1.24
23.5501  1.46
23.5601  1.22
23.5701  1.44
23.5801  1.32
23.5901  1.32
23.6001  1.28
23.6101  1.29
23.6201  1.31
23.6301  1.46
23.6401  1.45
23.6501  1.33
23.6601  1.29
23.6701  1.3
23.6801  1.19
23.6901  1.12
23.7001  1.26
23.7101  1.26
23.7201  1.33
23.7301  1.22
23.7401  1.22
23.7501  1.25
23.7601  1.46
23.7701  1.18
23.7801  1.44
23.7901  1.28
23.8001  1.27
23.8101  1.51
23.8201  1.28
23.8301  1.4
23.8401  1.39
23.8501  1.16
23.8601  1.18
23.8701  1.3
23.8801  1.24
23.8901  1.26
23.9001  1.16
23.9101  1.37
23.9201  1.41
23.9301  1.2
23.9401  1.4
23.9501  1.26
23.9601  1.3
23.9701  1.38
23.9801  1.26
23.9901  1.45
24.0001  1.61
24.0101  1.33
24.0201  1.13
24.0301  1.25
24.0401  1.29
24.0501  1.34
24.0601  1.12
24.0701  1.42
24.0801  1.24
24.0901  1.2
24.1001  1.41
24.1101  1.13
24.1201  1.2
24.1301  1.3
24.1401  1.41
24.1501  1.37
24.1601  1.36
24.1701  1.27
24.1801  1.33
24.1901  1.34
24.2001  1.12
24.2101  1.3
24.2201  1.27
24.2301  1.23
24.2401  1.4
24.2501  1.51
24.2601  1.32
24.2701  1.31
24.2801  1.45
24.2901  1.29
24.3001  1.44
24.3101  1.1
24.3201  1.46
24.3301  1.29
24.3401  1.07
24.3501  1.35
24.3601  1.45
24.3701  1.27
24.3801  1.49
24.3901  1.25
24.4001  1.25
24.4101  1.27
24.4201  1.15
24.4301  1.32
24.4401  1.37
24.4501  1.23
24.4601  1.25
24.4701  1.45
24.4801  1.28
24.4901  1.34
24.5001  1.3
24.5101  1.28
24.5201  1.4
24.5301  1.37
24.5401  1.42
24.5501  1.29
24.5601  1.28
24.5701  1.2
24.5801  1.48
24.5901  1.31
24.6001  1.36
24.6101  1.41
24.6201  1.07
24.6301  1.36
24.6401  1.29
24.6501  1.36
24.6601  1.29
24.6701  1.37
24.6801  1.29
24.6901  1.35
24.7001  1.22
24.7101  1.27
24.7201  1.18
24.7301  1.34
24.7401  1.32
24.7501  1.3
24.7601  1.52
24.7701  1.36
24.7801  1.57
24.7901  1.32
24.8001  1.13
24.8101  1.48
24.8201  1.5
24.8301  1.27
24.8401  1.19
24.8501  1.32
24.8601  1.33
24.8701  1.39
24.8801  1.37
24.8901  1.44
24.9001  1.26
24.9101  1.38
24.9201  1.21
24.9301  1.22
24.9401  1.32
24.9501  1.35
24.9601  1.3
24.9701  1.23
24.9801  1.17
24.9901  1.33
25.0001  1.32
25.0101  1.46
25.0201  1.36
25.0301  1.41
25.0401  1.24
25.0501  1.33
25.0601  1.3
25.0701  1.19
25.0801  1.32
25.0901  1.15
25.1001  1.3
25.1101  1.12
25.1201  1.29
25.1301  1.46
25.1401  1.38
25.1501  1.33
25.1601  1.32
25.1701  1.39
25.1801  1.37
25.1901  1.39
25.2001  1.3
25.2101  1.33
25.2201  1.28
25.2301  1.37
25.2401  1.24
25.2501  1.29
25.2601  1.1
25.2701  1.29
25.2801  1.2
25.2901  1.35
25.3001  1.22
25.3101  1.37
25.3201  1.52
25.3301  1.48
25.3401  1.27
25.3501  1.33
25.3601  1.21
25.3701  1.33
25.3801  1.28
25.3901  1.21
25.4001  1.38
25.4101  1.31
25.4201  1.27
25.4301  1.46
25.4401  1.11
25.4501  1.31
25.4601  1.42
25.4701  1.11
25.4801  1.2
25.4901  1.25
25.5001  1.19
25.5101  1.2
25.5201  1.19
25.5301  1.33
25.5401  1.24
25.5501  1.42
25.5601  1.28
25.5701  1.27
25.5801  1.43
25.5901  1.15
25.6001  1.41
25.6101  1.27
25.6201  1.07
25.6301  1.33
25.6401  1.13
25.6501  1.27
25.6601  1.6
25.6701  1.15
25.6801  1.26
25.6901  1.17
25.7001  1.23
25.7101  1.37
25.7201  1.25
25.7301  1.29
25.7401  1.17
25.7501  1.44
25.7601  1.26
25.7701  1.42
25.7801  1.22
25.7901  1.22
25.8001  1.13
25.8101  1.18
25.8201  1.26
25.8301  1.39
25.8401  1.24
25.8501  1.11
25.8601  1.46
25.8701  1.47
25.8801  1.41
25.8901  1.38
25.9001  1.39
25.9101  1.4
25.9201  1.26
25.9301  1.13
25.9401  1.39
25.9501  1.4
25.9601  1.12
25.9701  1.37
25.9801  1.37
25.9901  1.19
26.0001  1.12
26.0101  1.23
26.0201  1.48
26.0301  1.44
26.0401  1.39
26.0501  1.26
26.0601  1.21
26.0701  1.25
26.0801  1.21
26.0901  1.27
26.1001  1.33
26.1101  1.3
26.1201  1.27
26.1301  1.52
26.1401  1.18
26.1501  1.32
26.1601  1.37
26.1701  1.36
26.1801  1.31
26.1901  1.32
26.2001  1.42
26.2101  1.22
26.2201  1.47
26.2301  1.43
26.2401  1.28
26.2501  1.45
26.2601  1.29
26.2701  1.48
26.2801  1.3
26.2901  1.31
26.3001  1.48
26.3101  1.25
26.3201  1.26
26.3301  1.26
26.3401  1.3
26.3501  1.38
26.3601  1.14
26.3701  1.33
26.3801  1.31
26.3901  1.36
26.4001  1.31
26.4101  1.41
26.4201  1.36
26.4301  1.36
26.4401  1.41
26.4501  1.34
26.4601  1.4
26.4701  1.37
26.4801  1.18
26.4901  1.31
26.5001  1.3
26.5101  1.28
26.5201  1.39
26.5301  1.25
26.5401  1.38
26.5501  1.41
26.5601  1.22
26.5701  1.28
26.5801  1.2
26.5901  1.26
26.6001  1.35
26.6101  1.35
26.6201  1.41
26.6301  1.27
26.6401  1.34
26.6501  1.14
26.6601  1.33
26.6701  1.32
26.6801  1.4
26.6901  1.05
26.7001  1.43
26.7101  1.14
26.7201  1.26
26.7301  1.71
26.7401  1.37
26.7501  1.16
26.7601  1.08
26.7701  1.2
26.7801  1.27
26.7901  1.42
26.8001  1.26
26.8101  1.25
26.8201  1.18
26.8301  1.26
26.8401  1.36
26.8501  1.24
26.8601  1.23
26.8701  1.09
26.8801  1.29
26.8901  1.33
26.9001  1.15
26.9101  1.28
26.9201  1.29
26.9301  1.18
26.9401  1.34
26.9501  1.39
26.9601  1.34
26.9701  1.41
26.9801  1.16
26.9901  1.18
27.0001  1.38
27.0101  1.49
27.0201  1.41
27.0301  1.38
27.0401  1.34
27.0501  1.13
27.0601  1.42
27.0701  1.26
27.0801  1.16
27.0901  1.39
27.1001  1.33
27.1101  1.25
27.1201  1.46
27.1301  1.53
27.1401  1.31
27.1501  1.14
27.1601  1.19
27.1701  1.28
27.1801  1.06
27.1901  1.31
27.2001  1.43
27.2101  1.26
27.2201  1.36
27.2301  1.43
27.2401  1.27
27.2501  1.59
27.2601  1.37
27.2701  1.13
27.2801  1.05
27.2901  1.21
27.3001  1.26
27.3101  1.37
27.3201  1.3
27.3301  1.41
27.3401  1.66
27.3501  1.12
27.3601  1.24
27.3701  1.44
27.3801  1.26
27.3901  1.27
27.4001  0.99
27.4101  1.41
27.4201  1.38
27.4301  1.27
27.4401  1.38
27.4501  1.19
27.4601  1.35
27.4701  1.3
27.4801  1.41
27.4901  1.08
27.5001  1.21
27.5101  1.42
27.5201  1.36
27.5301  1.58
27.5401  1.17
27.5501  1.23
27.5601  1.17
27.5701  1.36
27.5801  1.46
27.5901  1.34
27.6001  1.28
27.6101  1.24
27.6201  1.25
27.6301  1.38
27.6401  1.58
27.6501  1.41
27.6601  1.35
27.6701  1.24
27.6801  1.16
27.6901  1.57
27.7001  1.19
27.7101  1.29
27.7201  1.32
27.7301  1.36
27.7401  1.25
27.7501  1.37
27.7601  1.35
27.7701  1.35
27.7801  1.27
27.7901  1.28
27.8001  1.32
27.8101  1.2
27.8201  1.46
27.8301  1.48
27.8401  1.3
27.8501  1.4
27.8601  1.23
27.8701  1.39
27.8801  1.29
27.8901  1.37
27.9001  1.42
27.9101  1.33
27.9201  1.31
27.9301  1.16
27.9401  1.2
27.9501  1.34
27.9601  1.45
27.9701  1.37
27.9801  1.38
27.9901  1.22
28.0001  1.15
28.0101  1.4
28.0201  1.26
28.0301  1.37
28.0401  1.23
28.0501  1.21
28.0601  1.43
28.0701  1.22
28.0801  1.32
28.0901  1.3
28.1001  1.27
28.1101  1.35
28.1201  1.18
28.1301  1.06
28.1401  1.33
28.1501  1.28
28.1601  1.26
28.1701  1.39
28.1801  1.3
28.1901  1.18
28.2001  1.26
28.2101  1.25
28.2201  1.22
28.2301  1.37
28.2401  1.21
28.2501  1.37
28.2601  1.16
28.2701  1.41
28.2801  1.22
28.2901  1.29
28.3001  1.32
28.3101  1.38
28.3201  1.26
28.3301  1.2
28.3401  1.25
28.3501  1.27
28.3601  1.39
28.3701  1.23
28.3801  1.21
28.3901  1.3
28.4001  1.23
28.4101  1.47
28.4201  1.21
28.4301  1.36
28.4401  1.48
28.4501  1.26
28.4601  1.23
28.4701  1.39
28.4801  1.35
28.4901  1.36
28.5001  1.3
28.5101  1.42
28.5201  1.11
28.5301  1.32
28.5401  1.36
28.5501  1.37
28.5601  1.31
28.5701  1.49
28.5801  1.18
28.5901  1.07
28.6001  1.19
28.6101  1.3
28.6201  1.35
28.6301  1.32
28.6401  1.26
28.6501  1.2
28.6601  1.3
28.6701  1.14
28.6801  1.47
28.6901  1.35
28.7001  1.49
28.7101  1.68
28.7201  1.34
28.7301  1.35
28.7401  1.2
28.7501  1.41
28.7601  1.37
28.7701  1.11
28.7801  1.32
28.7901  1.25
28.8001  1.35
28.8101  1.28
28.8201  1.29
28.8301  1.3
28.8401  1.37
28.8501  1.33
28.8601  1.51
28.8701  1.38
28.8801  1.36
28.8901  1.35
28.9001  1.07
28.9101  1.09
28.9201  1.05
28.9301  1.28
28.9401  1.36
28.9501  1.3
28.9601  1.21
28.9701  1.54
28.9801  1.4
28.9901  1.44
29.0001  1.36
29.0101  1.32
29.0201  1.52
29.0301  1.24
29.0401  1.22
29.0501  1.14
29.0601  1.47
29.0701  1.32
29.0801  1.3
29.0901  1.44
29.1001  1.26
29.1101  0.95
29.1201  1.37
29.1301  1.68
29.1401  1.24
29.1501  1.38
29.1601  1.27
29.1701  1.17
29.1801  1.29
29.1901  1.44
29.2001  1.32
29.2101  1.19
29.2201  1.25
29.2301  1.31
29.2401  1.31
29.2501  1.49
29.2601  1.19
29.2701  1.41
29.2801  1.19
29.2901  1.31
29.3001  1.37
29.3101  1.34
29.3201  1.07
29.3301  1.12
29.3401  1.22
29.3501  1.22
29.3601  1.45
29.3701  1.13
29.3801  1.36
29.3901  1.4
29.4001  1.3
29.4101  1.38
29.4201  1.39
29.4301  1.31
29.4401  1.32
29.4501  1.25
29.4601  1.17
29.4701  1.42
29.4801  1.24
29.4901  1.16
29.5001  1.47
29.5101  1.24
29.5201  1.39
29.5301  1.15
29.5401  1.17
29.5501  1.24
29.5601  1.19
29.5701  1.45
29.5801  1.26
29.5901  1.33
29.6001  1.32
29.6101  1.3
29.6201  1.37
29.6301  1.22
29.6401  1.35
29.6501  1.33
29.6601  1.27
29.6701  1.24
29.6801  1.32
29.6901  1.34
29.7001  1.35
29.7101  1.53
29.7201  1.23
29.7301  1.33
29.7401  1.35
29.7501  1.11
29.7601  1.34
29.7701  1.38
29.7801  1.21
29.7901  1.17
29.8001  1.39
29.8101  1.37
29.8201  1.11
29.8301  1.23
29.8401  1.25
29.8501  1.4
29.8601  1.42
29.8701  1.27
29.8801  1.13
29.8901  1.42
29.9001  1.28
29.9101  1.34
29.9201  1.49
29.9301  1.2
29.9401  1.37
29.9501  1.47
29.9601  1.28
29.9701  1.25
29.9801  1.32
29.9901  1.33
30.0001  1.47
30.0101  1.37
30.0201  1.38
30.0301  1.09
30.0401  1.41
30.0501  1.32
30.0601  1.48
30.0701  1.32
30.0801  1.36
30.0901  1.28
30.1001  1.41
30.1101  1.56
30.1201  1.29
30.1301  1.19
30.1401  1.31
30.1501  1.38
30.1601  1.37
30.1701  1.16
30.1801  1.4
30.1901  1.49
30.2001  1.38
30.2101  1.34
30.2201  1.37
30.2301  1.39
30.2401  1.34
30.2501  1.29
30.2601  1.2
30.2701  1.19
30.2801  1.29
30.2901  1.34
30.3001  1.43
30.3101  1.31
30.3201  1.29
30.3301  1.25
30.3401  1.37
30.3501  1.34
30.3601  1.27
30.3701  1.29
30.3801  1.25
30.3901  1.4
30.4001  1.16
30.4101  1.3
30.4201  1.5
30.4301  1.21
30.4401  1.36
30.4501  1.12
30.4601  1.08
30.4701  1.24
30.4801  1.27
30.4901  1.14
30.5001  1.27
30.5101  1.46
30.5201  1.29
30.5301  1.23
30.5401  1.38
30.5501  1.41
30.5601  1.33
30.5701  1.14
30.5801  1.24
30.5901  1.33
30.6001  1.35
30.6101  1.28
30.6201  1.4
30.6301  1.48
30.6401  1.18
30.6501  1.27
30.6601  1.34
30.6701  1.31
30.6801  1.11
30.6901  1.13
30.7001  1.23
30.7101  1.36
30.7201  1.19
30.7301  1.35
30.7401  1.29
30.7501  1.36
30.7601  1.15
30.7701  1.18
30.7801  1.21
30.7901  1.48
30.8001  1.18
30.8101  1.53
30.8201  1.11
30.8301  1.41
30.8401  1.24
30.8501  1.32
30.8601  1.43
30.8701  1.23
30.8801  1.21
30.8901  1.22
30.9001  1.45
30.9101  1.37
30.9201  1.4
30.9301  1.11
30.9401  1.21
30.9501  1.26
30.9601  1.28
30.9701  1.41
30.9801  1.35
30.9901  1.51
31.0001  1.24
31.0101  1.15
31.0201  1.44
31.0301  1.24
31.0401  1.27
31.0501  1.18
31.0601  1.33
31.0701  1.2
31.0801  1.4
31.0901  1.38
31.1001  1.21
31.1101  1.29
31.1201  1.4
31.1301  1.56
31.1401  1.29
31.1501  1.28
31.1601  1.16
31.1701  1.1
31.1801  1.24
31.1901  1.46
31.2001  1.49
31.2101  1.33
31.2201  1.38
31.2301  1.32
31.2401  1.4
31.2501  1.12
31.2601  1.31
31.2701  1.25
31.2801  1.27
31.2901  1.19
31.3001  1.49
31.3101  1.4
31.3201  1.38
31.3301  1.35
31.3401  1.18
31.3501  1.17
31.3601  1.41
31.3701  1.39
31.3801  1.36
31.3901  1.2
31.4001  1.3
31.4101  1.15
31.4201  1.41
31.4301  1.37
31.4401  1.43
31.4501  1.47
31.4601  1.32
31.4701  1.47
31.4801  1.37
31.4901  1.4
31.5001  1.12
31.5101  1.16
31.5201  1.28
31.5301  1.21
31.5401  1.44
31.5501  1.16
31.5601  1.13
31.5701  1.45
31.5801  1.26
31.5901  1.36
31.6001  1.3
31.6101  1.42
31.6201  1.31
31.6301  1.38
31.6401  1.25
31.6501  1.29
31.6601  1.37
31.6701  1.36
31.6801  1.42
31.6901  1.32
31.7001  1.3
31.7101  1.22
31.7201  1.18
31.7301  1.48
31.7401  1.31
31.7501  1.14
31.7601  1.19
31.7701  1.03
31.7801  1.34
31.7901  1.2
31.8001  1.33
31.8101  1.21
31.8201  1.22
31.8301  1.05
31.8401  1.45
31.8501  1.27
31.8601  1.25
31.8701  1.34
31.8801  1.19
31.8901  1.17
31.9001  1.29
31.9101  1.35
31.9201  1.19
31.9301  1.37
31.9401  1.31
31.9501  1.34
31.9601  1.19
31.9701  1.2
31.9801  1.44
31.9901  1.16
32.0001  1.44
32.0101  1.28
32.0201  1.16
32.0301  1.32
32.0401  1.25
32.0501  1.49
32.0601  1.25
32.0701  1.26
32.0801  1.34
32.0901  1.16
32.1001  1.24
32.1101  1.33
32.1201  1.38
32.1301  1.28
32.1401  1.26
32.1501  1.08
32.1601  1.36
32.1701  1.25
32.1801  1.48
32.1901  1.21
32.2001  1.42
32.2101  1.1
32.2201  1.4
32.2301  1.22
32.2401  1.31
32.2501  1.28
32.2601  1.28
32.2701  1.33
32.2801  1.31
32.2901  1.21
32.3001  1.38
32.3101  1.19
32.3201  1.23
32.3301  1.38
32.3401  1.42
32.3501  1.2
32.3601  1.48
32.3701  1.53
32.3801  1.16
32.3901  1.21
32.4001  1.27
32.4101  1.43
32.4201  1.44
32.4301  1.45
32.4401  1.24
32.4501  1.07
32.4601  1.3
32.4701  1.25
32.4801  1.3
32.4901  1.39
32.5001  1.3
32.5101  1.48
32.5201  1.25
32.5301  1.22
32.5401  1.32
32.5501  1.2
32.5601  1.36
32.5701  1.42
32.5801  1.36
32.5901  1.34
32.6001  1.16
32.6101  1.36
32.6201  1.36
32.6301  1.27
32.6401  1.27
32.6501  1.44
32.6601  1.38
32.6701  1.19
32.6801  1.33
32.6901  1.25
32.7001  1.41
32.7101  1.41
32.7201  1.34
32.7301  1.44
32.7401  1.2
32.7501  1.3
32.7601  1.2
32.7701  1.31
32.7801  1.36
32.7901  1.27
32.8001  1.57
32.8101  1.29
32.8201  1.37
32.8301  1.37
32.8401  1.45
32.8501  1.29
32.8601  1.39
32.8701  1.25
32.8801  1.16
32.8901  1.08
32.9001  1.4
32.9101  1.46
32.9201  1.17
32.9301  1.27
32.9401  1.42
32.9501  1.35
32.9601  1.16
32.9701  1.22
32.9801  1.17
32.9901  1.42
33.0001  1.31
33.0101  1.36
33.0201  1.32
33.0301  1.34
33.0401  1.44
33.0501  1.27
33.0601  1.21
33.0701  1.48
33.0801  1.2
33.0901  1.31
33.1001  1.28
33.1101  1.39
33.1201  1.28
33.1301  1.39
33.1401  1.11
33.1501  1.21
33.1601  1.26
33.1701  1.24
33.1801  1.16
33.1901  1.26
33.2001  1.45
33.2101  1.3
33.2201  1.22
33.2301  1.31
33.2401  1.41
33.2501  1.14
33.2601  1.44
33.2701  1.36
33.2801  1.46
33.2901  1.31
33.3001  1.22
33.3101  1.37
33.3201  1.14
33.3301  1.38
33.3401  1.5
33.3501  1.37
33.3601  1.26
33.3701  1.31
33.3801  1.28
33.3901  1.22
33.4001  1.02
33.4101  1.26
33.4201  1.23
33.4301  1.5
33.4401  1.25
33.4501  1.27
33.4601  1.19
33.4701  1.22
33.4801  1.29
33.4901  1.34
33.5001  1.32
33.5101  1.48
33.5201  1.22
33.5301  1.15
33.5401  1.37
33.5501  1.26
33.5601  1.38
33.5701  1.31
33.5801  1.36
33.5901  1.43
33.6001  1.45
33.6101  1.2
33.6201  1.24
33.6301  1.28
33.6401  1.29
33.6501  1.15
33.6601  1.31
33.6701  1.44
33.6801  1.31
33.6901  1.52
33.7001  1.28
33.7101  1.31
33.7201  1.27
33.7301  1.16
33.7401  1.33
33.7501  1.52
33.7601  1.11
33.7701  1.27
33.7801  1.22
33.7901  1.25
33.8001  1.2
33.8101  1.36
33.8201  0.97
33.8301  1.42
33.8401  1.36
33.8501  1.33
33.8601  1.29
33.8701  1.57
33.8801  1.25
33.8901  1.2
33.9001  1.33
33.9101  1.23
33.9201  1.37
33.9301  1.46
33.9401  1.11
33.9501  1.34
33.9601  1.25
33.9701  1.17
33.9801  1.25
33.9901  1.3
34.0001  1.4
34.0101  1.19
34.0201  1.51
34.0301  1.37
34.0401  1.22
34.0501  1.43
34.0601  1.29
34.0701  1.24
34.0801  1.22
34.0901  1.48
34.1001  1.22
34.1101  1.41
34.1201  1.21
34.1301  1.29
34.1401  1.22
34.1501  1.43
34.1601  1.24
34.1701  1.22
34.1801  1.21
34.1901  1.44
34.2001  1.44
34.2101  1.25
34.2201  1.52
34.2301  1.4
34.2401  1.27
34.2501  1.4
34.2601  1.13
34.2701  1.31
34.2801  1.38
34.2901  1.3
34.3001  1.22
34.3101  1.31
34.3201  1.44
34.3301  1.37
34.3401  1.24
34.3501  1.3
34.3601  1.34
34.3701  1.28
34.3801  1.27
34.3901  1.21
34.4001  1.41
34.4101  1.34
34.4201  1.17
34.4301  1.27
34.4401  1.33
34.4501  1.37
34.4601  1.32
34.4701  1.27
34.4801  1.51
34.4901  1.24
34.5  1.28
34.51  1.31
34.52  1.52
34.53  1.34
34.54  1.44
34.55  1.22
34.56  1.22
34.57  1.41
34.58  1.33
34.59  1.22
34.6  1.25
34.61  1.25
34.62  1.22
34.63  1.42
34.64  1.43
34.65  1.34
34.66  1.46
34.67  1.36
34.68  1.32
34.69  1.4
34.7  1.3
34.71  1.41
34.72  1.15
34.73  1.22
34.74  1.2
34.75  1.39
34.76  1.34
34.77  1.36
34.78  1.16
34.79  1.13
34.8  1.22
34.81  1.25
34.82  1.4
34.83  1.37
34.84  1.32
34.85  1.46
34.86  1.42
34.87  1.08
34.88  1.19
34.89  1.32
34.9  1.34
34.91  1.26
34.92  1.22
34.93  1.33
34.94  1.27
34.95  1.47
34.96  1.44
34.97  1.24
34.98  1.23
34.99  1.22
35  1.31
35.01  1.12
35.02  1.34
35.03  1.41
35.04  1.41
35.05  1.4
35.06  1.31
35.07  1.17
35.08  1.3
35.09  1.35
35.1  1.24
35.11  1.14
35.12  1.21
35.13  1.41
35.14  1.32
35.15  1.23
35.16  1.16
35.17  1.44
35.18  1.28
35.19  1.2
35.2  1.42
35.21  1.39
35.22  1.13
35.23  1.44
35.24  1.33
35.25  1.47
35.26  1.23
35.27  1.65
35.28  1.3
35.29  1.25
35.3  1.19
35.31  1.11
35.32  1.28
35.33  1.21
35.34  1.21
35.35  1.67
35.36  1.24
35.37  1.26
35.38  1.26
35.39  1.22
35.4  1.34
35.41  1.25
35.42  1.23
35.43  1.35
35.44  1.34
35.45  1.29
35.46  1.2
35.47  1.35
35.48  1.46
35.49  1.2
35.5  1.31
35.51  1.17
35.52  1.38
35.53  1.31
35.54  1.11
35.55  1.14
35.56  1.31
35.57  1.37
35.58  1.37
35.59  1.4
35.6  1.33
35.61  1.35
35.62  1.29
35.63  1.34
35.64  1.25
35.65  1.38
35.66  1.31
35.67  1.29
35.68  1.22
35.69  1.02
35.7  1.4
35.71  1.45
35.72  1.24
35.73  1.35
35.74  1.1
35.75  1.45
35.76  1.18
35.77  1.43
35.78  1.32
35.79  1.5
35.8  1.36
35.81  1.53
35.82  1.27
35.83  1.28
35.84  1.32
35.85  1.43
35.86  1.26
35.87  1.38
35.88  1.15
35.89  1.19
35.9  1.45
35.91  1.4
35.92  1.13
35.93  1.37
35.94  1.48
35.95  1.25
35.96  1.29
35.97  1.28
35.98  1.16
35.99  1.23
36  1.27
36.01  1.5
36.02  1.36
36.03  1.18
36.04  1.41
36.05  1.36
36.06  1.28
36.07  1.25
36.08  1.43
36.09  1.38
36.1  1.17
36.11  1.22
36.12  1.33
36.13  1.37
36.14  1.37
36.15  1.33
36.16  1.26
36.17  1.34
36.18  1.28
36.19  1.3
36.2  1.31
36.21  1.31
36.22  1.34
36.23  1.45
36.24  1.35
36.25  1.21
36.26  1.21
36.27  1.47
36.28  1.36
36.29  1.18
36.3  1.35
36.31  1.3
36.32  1.26
36.33  1.24
36.34  1.44
36.35  1.35
36.36  1.29
36.37  1.24
36.38  1.44
36.39  1.4
36.4  1.19
36.41  1.37
36.42  1.11
36.43  1.45
36.44  1.4
36.45  1.29
36.46  1.25
36.47  1.26
36.48  1.52
36.49  1.16
36.5  1.43
36.51  1.26
36.52  1.22
36.53  1.15
36.54  1.27
36.55  1.41
36.56  1.4
36.57  1.31
36.58  1.43
36.59  1.33
36.6  1.39
36.61  1.29
36.62  1.34
36.63  1.23
36.64  1.45
36.65  1.08
36.66  1.35
36.67  1.41
36.68  1.3
36.69  1.36
36.7  1.19
36.71  1.2
36.72  1.49
36.73  1.4
36.74  1.47
36.75  1.39
36.76  1.02
36.77  1.28
36.78  1.23
36.79  1.49
36.8  1.44
36.81  1.23
36.82  1.1
36.83  1.13
36.84  1.37
36.85  1.42
36.86  1.16
36.87  1.2
36.88  1.33
36.89  1.34
36.9  1.24
36.91  1.37
36.92  1.31
36.93  1.26
36.94  1.67
36.95  1.26
36.96  1.29
36.97  1.3
36.98  1.32
36.99  1.18
37  1.31
37.01  1.21
37.02  1.53
37.03  1.29
37.04  1.33
37.05  1.21
37.06  1.32
37.07  1.21
37.08  1.18
37.09  1.34
37.1  1.26
37.11  1.34
37.12  1.39
37.13  1.18
37.14  1.39
37.15  1.27
37.16  1.17
37.17  1.38
37.18  1.31
37.19  1.22
37.2  1.44
37.21  1.22
37.22  1.37
37.23  1.25
37.24  1.55
37.25  1.23
37.26  1.38
37.27  1.3
37.28  1.4
37.29  1.31
37.3  1.17
37.31  1.38
37.32  1.27
37.33  1.5
37.34  1.18
37.35  1.51
37.36  1.41
37.37  1.29
37.38  1.25
37.39  1.3
37.4  1.46
37.41  1.22
37.42  1.44
37.43  1.39
37.44  1.35
37.45  1.45
37.46  1.24
37.47  1.12
37.48  1.26
37.49  1.25
37.5  1.36
37.51  1.48
37.52  1.44
37.53  1.3
37.54  1.24
37.55  1.39
37.56  1.32
37.57  1.27
37.58  1.36
37.59  1.25
37.6  1.18
37.61  1.27
37.62  1.09
37.63  1.47
37.64  1.35
37.65  1.48
37.66  1.24
37.67  1.41
37.68  1.35
37.69  1.25
37.7  1.14
37.71  1.27
37.72  1.15
37.73  1.35
37.74  1.51
37.75  1.17
37.76  1.23
37.77  1.17
37.78  1.34
37.79  1.23
37.8  1.42
37.81  1.29
37.82  1.49
37.83  1.29
37.84  1.22
37.85  1.52
37.86  1.24
37.87  1.17
37.88  1.16
37.89  1.25
37.9  1.46
37.91  1.43
37.92  1.25
37.93  1.28
37.94  1.36
37.95  1.17
37.96  1.26
37.97  1.21
37.98  1.19
37.99  1.41
38  1.32
38.01  1.07
38.02  1.17
38.03  1.34
38.04  1.31
38.05  1.3
38.06  1.52
38.07  1.37
38.08  1.27
38.09  1.24
38.1  1.23
38.11  1.32
38.12  1.38
38.13  1.25
38.14  1.42
38.15  1.34
38.16  1.29
38.17  1.25
38.18  1.11
38.19  1.34
38.2  1.44
38.21  1.4
38.22  1.35
38.23  1.39
38.24  1.36
38.25  1.51
38.26  1.27
38.27  1.37
38.28  1.36
38.29  1.5
38.3  1.28
38.31  1.17
38.32  1.38
38.33  1.39
38.34  1.35
38.35  1.32
38.36  1.15
38.37  1.36
38.38  1.16
38.39  1.52
38.4  1.27
38.41  1.15
38.42  1.3
38.43  1.44
38.44  1.51
38.45  1.4
38.46  1.27
38.47  1.16
38.48  1.16
38.49  1.2
38.5  1.38
38.51  1.34
38.52  1.3
38.53  1.32
38.54  1.16
38.55  1.43
38.56  1.32
38.57  1.44
38.58  1.28
38.59  1.25
38.6  1.47
38.61  1.38
38.62  1.09
38.63  1.36
38.64  1.2
38.65  1.27
38.66  1.2
38.67  1.39
38.68  1.33
38.69  1.59
38.7  1.54
38.71  1.38
38.72  1.13
38.73  1.14
38.74  1.18
38.75  1.34
38.76  1.56
38.77  1.34
38.78  1.37
38.79  1.13
38.8  1.48
38.81  1.49
38.82  1.33
38.83  1.21
38.84  1.39
38.85  1.2
38.86  1.12
38.87  1.3
38.88  1.12
38.89  1.31
38.9  1.13
38.91  1.4
38.92  1.43
38.93  1.34
38.94  1.32
38.95  1.32
38.96  1.31
38.97  1.1
38.98  1.28
38.99  1.31
39  1.34
39.01  1.31
39.02  1.4
39.03  1.39
39.04  1.42
39.05  1.29
39.06  1.3
39.07  1.33
39.08  1.35
39.09  1.36
39.1  1.21
39.11  1.31
39.12  1.52
39.13  1.35
39.14  1.17
39.15  1.29
39.16  1.09
39.17  1.31
39.18  1.43
39.19  1.21
39.2  1.29
39.21  1.48
39.22  1.32
39.23  1.49
39.24  1.37
39.25  1.32
39.26  1.29
39.27  1.32
39.28  1.19
39.29  1.44
39.3  1.34
39.31  1.42
39.32  1.23
39.33  1.29
39.34  1.18
39.35  1.18
39.36  1.53
39.37  1.41
39.38  1.21
39.39  1.35
39.4  1.25
39.41  1.31
39.42  1.38
39.43  1.44
39.44  1.22
39.45  1.37
39.46  1.13
39.47  1.39
39.48  1.44
39.49  1.37
39.5  1.4
39.51  1.15
39.52  1.13
39.53  1.54
39.54  1.38
39.55  1.18
39.56  1.29
39.57  1.36
39.58  1.35
39.59  1.31
39.6  1.36
39.61  1.26
39.62  1.26
39.63  1.37
39.64  1.38
39.65  1.27
39.66  1.18
39.67  1.24
39.68  1.43
39.69  1.49
39.7  1.23
39.71  1.34
39.72  1.14
39.73  1.36
39.74  1.37
39.75  1.29
39.76  1.19
39.77  1.76
39.78  1.33
39.79  1.11
39.8  1.36
39.81  1.49
39.82  1.35
39.83  1.41
39.84  1.24
39.85  1.12
39.86  1.5
39.87  1.23
39.88  1.29
39.89  1.27
39.9  1.23
39.91  1.27
39.92  1.41
39.93  1.31
39.94  1.2
39.95  1.2
39.96  1.46
39.97  1.68
39.98  1.43
39.99  1.21
