-15  0
-14.99  0
-14.98  0
-14.97  0
-14.96  0
-14.95  0.04
-14.94  0
-14.93  0.04
-14.92  0
-14.91  0.04
-14.9  0.04
-14.89  0
-14.88  0.04
-14.87  0.04
-14.86  0.04
-14.85  0.08
-14.84  0.08
-14.83  0.08
-14.82  0.04
-14.81  0.08
-14.8  0.08
-14.79  0.08
-14.78  0.08
-14.77  0.16
-14.76  0.08
-14.75  0.12
-14.74  0.16
-14.73  0.16
-14.72  0.24
-14.71  0.16
-14.7  0.2
-14.69  0.24
-14.68  0.28
-14.67  0.28
-14.66  0.36
-14.65  0.36
-14.64  0.48
-14.63  0.52
-14.62  0.68
-14.61  0.76
-14.6  0.92
-14.59  1.08
-14.58  1.48
-14.57  1.84
-14.56  2.52
-14.55  3.6
-14.54  5.24
-14.53  7.84
-14.52  11
-14.51  12.76
-14.5  11.08
-14.49  7.88
-14.48  5.28
-14.47  3.64
-14.46  2.6
-14.45  1.92
-14.44  1.44
-14.43  1.16
-14.42  0.92
-14.41  0.76
-14.4  0.68
-14.39  0.56
-14.38  0.52
-14.37  0.36
-14.36  0.36
-14.35  0.4
-14.34  0.32
-14.33  0.24
-14.32  0.24
-14.31  0.24
-14.3  0.28
-14.29  0.2
-14.28  0.24
-14.27  0.16
-14.26  0.12
-14.25  0.2
-14.24  0.16
-14.23  0.2
-14.22  0.12
-14.21  0.16
-14.2  0.12
-14.19  0.12
-14.18  0.12
-14.17  0.2
-14.16  0.12
-14.15  0.2
-14.14  0.16
-14.13  0.08
-14.12  0.16
-14.11  0.12
-14.1  0.12
-14.09  0.08
-14.08  0.16
-14.07  0.16
-14.06  0.16
-14.05  0.08
-14.04  0.16
-14.03  0.16
-14.02  0.2
-14.01  0.12
-14  0.12
-13.99  0.2
-13.98  0.12
-13.97  0.16
-13.96  0.2
-13.95  0.24
-13.94  0.2
-13.93  0.12
-13.92  0.24
-13.91  0.16
-13.9  0.2
-13.89  0.24
-13.88  0.16
-13.87  0.28
-13.86  0.2
-13.85  0.24
-13.84  0.36
-13.83  0.28
-13.82  0.32
-13.81  0.36
-13.8  0.28
-13.79  0.4
-13.78  0.32
-13.77  0.44
-13.76  0.36
-13.75  0.52
-13.74  0.48
-13.73  0.56
-13.72  0.56
-13.71  0.64
-13.7  0.64
-13.69  0.72
-13.68  0.84
-13.67  0.92
-13.66  1.04
-13.65  1.12
-13.64  1.2
-13.63  1.36
-13.62  1.68
-13.61  1.8
-13.6  2
-13.59  2.32
-13.58  2.8
-13.57  3
-13.56  3.4
-13.55  3.76
-13.54  4.04
-13.53  4.28
-13.52  4.36
-13.51  4.36
-13.5  4.08
-13.49  3.72
-13.48  3.4
-13.47  2.96
-13.46  2.68
-13.45  2.4
-13.44  2
-13.43  1.92
-13.42  1.6
-13.41  1.36
-13.4  1.24
-13.39  1.24
-13.38  1
-13.37  0.96
-13.36  0.84
-13.35  0.8
-13.34  0.72
-13.33  0.68
-13.32  0.6
-13.31  0.52
-13.3  0.6
-13.29  0.48
-13.28  0.52
-13.27  0.44
-13.26  0.44
-13.25  0.4
-13.24  0.32
-13.23  0.44
-13.22  0.36
-13.21  0.4
-13.2  0.32
-13.19  0.36
-13.18  0.4
-13.17  0.32
-13.16  0.36
-13.15  0.28
-13.14  0.28
-13.13  0.28
-13.12  0.28
-13.11  0.24
-13.1  0.32
-13.09  0.28
-13.08  0.32
-13.07  0.24
-13.06  0.36
-13.05  0.32
-13.04  0.28
-13.03  0.36
-13.02  0.28
-13.01  0.28
-13  0.32
-12.99  0.28
-12.98  0.28
-12.97  0.24
-12.96  0.4
-12.95  0.44
-12.94  0.32
-12.93  0.32
-12.92  0.36
-12.91  0.32
-12.9  0.44
-12.89  0.48
-12.88  0.32
-12.87  0.44
-12.86  0.4
-12.85  0.44
-12.84  0.52
-12.83  0.52
-12.82  0.52
-12.81  0.48
-12.8  0.52
-12.79  0.56
-12.78  0.6
-12.77  0.72
-12.76  0.64
-12.75  0.84
-12.74  0.76
-12.73  0.8
-12.72  0.92
-12.71  1
-12.7  0.92
-12.69  1.08
-12.68  1.12
-12.67  1.28
-12.66  1.36
-12.65  1.4
-12.64  1.6
-12.63  1.68
-12.62  1.8
-12.61  2
-12.6  2.08
-12.59  2.2
-12.58  2.32
-12.57  2.44
-12.56  2.6
-12.55  2.6
-12.54  2.6
-12.53  2.72
-12.52  2.64
-12.51  2.8
-12.5  2.56
-12.49  2.44
-12.48  2.32
-12.47  2.16
-12.46  2.16
-12.45  1.92
-12.44  1.84
-12.43  1.72
-12.42  1.52
-12.41  1.48
-12.4  1.36
-12.39  1.24
-12.38  1.16
-12.37  1.08
-12.36  1.08
-12.35  0.92
-12.34  0.92
-12.33  0.8
-12.32  0.84
-12.31  0.8
-12.3  0.8
-12.29  0.72
-12.28  0.72
-12.27  0.56
-12.26  0.68
-12.25  0.6
-12.24  0.56
-12.23  0.64
-12.22  0.52
-12.21  0.52
-12.2  0.44
-12.19  0.52
-12.18  0.52
-12.17  0.44
-12.16  0.48
-12.15  0.52
-12.14  0.36
-12.13  0.4
-12.12  0.52
-12.11  0.44
-12.1  0.4
-12.09  0.36
-12.08  0.48
-12.07  0.44
-12.06  0.48
-12.05  0.44
-12.04  0.48
-12.03  0.4
-12.02  0.44
-12.01  0.36
-12  0.52
-11.99  0.4
-11.98  0.52
-11.97  0.44
-11.96  0.56
-11.95  0.52
-11.94  0.4
-11.93  0.52
-11.92  0.4
-11.91  0.56
-11.9  0.52
-11.89  0.48
-11.88  0.64
-11.87  0.56
-11.86  0.52
-11.85  0.76
-11.84  0.68
-11.83  0.64
-11.82  0.64
-11.81  0.68
-11.8  0.8
-11.79  0.76
-11.78  0.72
-11.77  0.8
-11.76  0.88
-11.75  0.92
-11.74  1.04
-11.73  1
-11.72  1.12
-11.71  1.08
-11.7  1.16
-11.69  1.2
-11.68  1.24
-11.67  1.48
-11.66  1.4
-11.65  1.44
-11.64  1.56
-11.63  1.6
-11.62  1.68
-11.61  1.72
-11.6  1.88
-11.59  1.88
-11.58  1.92
-11.57  1.88
-11.56  1.96
-11.55  2.08
-11.54  2
-11.53  2
-11.52  2
-11.51  2.04
-11.5  1.92
-11.49  1.88
-11.48  1.76
-11.47  1.88
-11.46  1.72
-11.45  1.56
-11.44  1.64
-11.43  1.4
-11.42  1.48
-11.41  1.28
-11.4  1.32
-11.39  1.24
-11.38  1.2
-11.37  1.12
-11.36  1.12
-11.35  1.08
-11.34  0.96
-11.33  0.92
-11.32  0.92
-11.31  0.88
-11.3  0.88
-11.29  0.72
-11.28  0.8
-11.27  0.72
-11.26  0.72
-11.25  0.8
-11.24  0.76
-11.23  0.64
-11.22  0.64
-11.21  0.64
-11.2  0.64
-11.19  0.72
-11.18  0.6
-11.17  0.6
-11.16  0.52
-11.15  0.64
-11.14  0.52
-11.13  0.56
-11.12  0.6
-11.11  0.56
-11.1  0.56
-11.09  0.52
-11.08  0.52
-11.07  0.52
-11.06  0.6
-11.05  0.56
-11.04  0.56
-11.03  0.48
-11.02  0.68
-11.01  0.52
-11  0.52
-10.99  0.64
-10.98  0.52
-10.97  0.64
-10.96  0.52
-10.95  0.68
-10.94  0.6
-10.93  0.72
-10.92  0.56
-10.91  0.68
-10.9  0.6
-10.89  0.64
-10.88  0.76
-10.87  0.68
-10.86  0.76
-10.85  0.84
-10.84  0.72
-10.83  0.76
-10.82  0.76
-10.81  0.88
-10.8  0.76
-10.79  0.88
-10.78  0.92
-10.77  1.04
-10.76  0.88
-10.75  1.08
-10.74  1
-10.73  1.2
-10.72  1.16
-10.71  1.12
-10.7  1.12
-10.69  1.36
-10.68  1.32
-10.67  1.24
-10.66  1.4
-10.65  1.4
-10.64  1.48
-10.63  1.48
-10.62  1.56
-10.61  1.52
-10.6  1.6
-10.59  1.6
-10.58  1.6
-10.57  1.64
-10.56  1.6
-10.55  1.72
-10.54  1.68
-10.53  1.64
-10.52  1.76
-10.51  1.56
-10.5  1.56
-10.49  1.52
-10.48  1.52
-10.47  1.52
-10.46  1.52
-10.45  1.28
-10.44  1.36
-10.43  1.4
-10.42  1.32
-10.41  1.24
-10.4  1.2
-10.39  1.24
-10.38  1.16
-10.37  1.08
-10.36  1.04
-10.35  1.12
-10.34  1
-10.33  1.08
-10.32  1.04
-10.31  0.84
-10.3  0.88
-10.29  0.88
-10.28  0.84
-10.27  0.88
-10.26  0.76
-10.25  0.84
-10.24  0.8
-10.23  0.68
-10.22  0.68
-10.21  0.72
-10.2  0.76
-10.19  0.8
-10.18  0.64
-10.17  0.72
-10.16  0.68
-10.15  0.72
-10.14  0.68
-10.13  0.6
-10.12  0.72
-10.11  0.6
-10.1  0.72
-10.09  0.64
-10.08  0.56
-10.07  0.76
-10.06  0.68
-10.05  0.72
-10.04  0.6
-10.03  0.68
-10.02  0.56
-10.01  0.64
-10  0.72
-9.99  0.68
-9.98  0.76
-9.97  0.64
-9.96  0.68
-9.95  0.68
-9.94  0.72
-9.93  0.68
-9.92  0.8
-9.91  0.64
-9.9  0.84
-9.89  0.8
-9.88  0.76
-9.87  0.76
-9.86  0.88
-9.85  0.76
-9.84  0.92
-9.83  0.84
-9.82  0.92
-9.81  0.92
-9.8  0.88
-9.79  1.12
-9.78  1.04
-9.77  0.92
-9.76  1.04
-9.75  1.08
-9.74  1.12
-9.73  1.12
-9.72  1.12
-9.71  1.08
-9.7  1.12
-9.69  1.28
-9.68  1.28
-9.67  1.28
-9.66  1.36
-9.65  1.24
-9.64  1.4
-9.63  1.36
-9.62  1.36
-9.61  1.44
-9.6  1.48
-9.59  1.44
-9.58  1.4
-9.57  1.4
-9.56  1.4
-9.55  1.52
-9.54  1.4
-9.53  1.44
-9.52  1.48
-9.51  1.32
-9.5  1.44
-9.49  1.32
-9.48  1.44
-9.47  1.24
-9.46  1.4
-9.45  1.28
-9.44  1.28
-9.43  1.24
-9.42  1.28
-9.41  1.16
-9.4  1.12
-9.39  1.12
-9.38  1.12
-9.37  1.04
-9.36  1.08
-9.35  1
-9.34  1
-9.33  1.08
-9.32  1
-9.31  0.92
-9.3  0.88
-9.29  0.92
-9.28  0.88
-9.27  0.88
-9.26  0.8
-9.25  0.96
-9.24  0.92
-9.23  0.8
-9.22  0.76
-9.21  0.8
-9.2  0.84
-9.19  0.76
-9.18  0.84
-9.17  0.72
-9.16  0.72
-9.15  0.8
-9.14  0.76
-9.13  0.72
-9.12  0.76
-9.11  0.72
-9.1  0.76
-9.09  0.68
-9.08  0.76
-9.07  0.76
-9.06  0.76
-9.05  0.72
-9.04  0.76
-9.03  0.76
-9.02  0.72
-9.01  0.76
-9  0.72
-8.99  0.68
-8.98  0.8
-8.97  0.72
-8.96  0.8
-8.95  0.88
-8.94  0.72
-8.93  0.8
-8.92  0.76
-8.91  0.88
-8.9  0.84
-8.89  0.72
-8.88  0.88
-8.87  0.88
-8.86  0.92
-8.85  0.96
-8.84  0.96
-8.83  1
-8.82  1
-8.81  0.96
-8.8  1
-8.79  0.88
-8.78  1.04
-8.77  0.96
-8.76  1.04
-8.75  1.08
-8.74  1.12
-8.73  1.16
-8.72  1.04
-8.71  1.16
-8.7  1.28
-8.69  1.08
-8.68  1.28
-8.67  1.2
-8.66  1.32
-8.65  1.24
-8.64  1.2
-8.63  1.24
-8.62  1.32
-8.61  1.2
-8.6  1.32
-8.59  1.36
-8.58  1.2
-8.57  1.36
-8.56  1.28
-8.55  1.48
-8.54  1.24
-8.53  1.24
-8.52  1.4
-8.51  1.28
-8.5  1.24
-8.49  1.24
-8.48  1.2
-8.47  1.28
-8.46  1.12
-8.45  1.28
-8.44  1.16
-8.43  1.12
-8.42  1.16
-8.41  1.04
-8.4  1.04
-8.39  1.2
-8.38  1.04
-8.37  1.04
-8.36  1.16
-8.35  1
-8.34  1.08
-8.33  0.96
-8.32  0.88
-8.31  0.96
-8.3  1.04
-8.29  0.92
-8.28  1.04
-8.27  0.84
-8.26  0.88
-8.25  0.92
-8.24  0.88
-8.23  0.88
-8.22  0.8
-8.21  0.88
-8.2  0.88
-8.19  0.8
-8.18  0.84
-8.17  0.76
-8.16  0.88
-8.15  0.72
-8.14  0.84
-8.13  0.8
-8.12  0.84
-8.11  0.76
-8.1  0.84
-8.09  0.84
-8.08  0.8
-8.07  0.96
-8.06  0.72
-8.05  0.8
-8.04  0.76
-8.03  0.8
-8.02  0.72
-8.01  0.8
-8  0.84
-7.99  0.88
-7.98  0.72
-7.97  0.84
-7.96  0.84
-7.95  0.88
-7.94  0.92
-7.93  0.8
-7.92  0.84
-7.91  0.96
-7.9  0.92
-7.89  0.88
-7.88  0.96
-7.87  0.92
-7.86  1
-7.85  0.84
-7.84  1
-7.83  0.92
-7.82  1
-7.81  1.04
-7.8  0.96
-7.79  1
-7.78  1.04
-7.77  1
-7.76  1.08
-7.75  1.04
-7.74  1.16
-7.73  1.08
-7.72  1.04
-7.71  1.16
-7.7  1.2
-7.69  1.16
-7.68  1.08
-7.67  1.12
-7.66  1.24
-7.65  1.2
-7.64  1.28
-7.63  1.12
-7.62  1.2
-7.61  1.16
-7.6  1.16
-7.59  1.28
-7.58  1.2
-7.57  1.16
-7.56  1.24
-7.55  1.2
-7.54  1.28
-7.53  1.12
-7.52  1.4
-7.51  1.2
-7.5  1.16
-7.49  1.24
-7.48  1.24
-7.47  1.08
-7.46  1.12
-7.45  1.12
-7.44  1.12
-7.43  1.08
-7.42  1.04
-7.41  1
-7.4  1.04
-7.39  1.08
-7.38  1.16
-7.37  1.08
-7.36  1.04
-7.35  1
-7.34  1
-7.33  0.96
-7.32  0.92
-7.31  0.96
-7.3  0.92
-7.29  1.08
-7.28  0.96
-7.27  0.92
-7.26  0.8
-7.25  1.08
-7.24  0.96
-7.23  0.88
-7.22  0.92
-7.21  0.92
-7.2  0.88
-7.19  0.76
-7.18  0.88
-7.17  0.84
-7.16  0.88
-7.15  0.88
-7.14  0.84
-7.13  0.88
-7.12  0.84
-7.11  0.92
-7.1  0.84
-7.09  0.72
-7.08  0.88
-7.07  0.84
-7.06  0.96
-7.05  0.84
-7.04  0.84
-7.03  0.76
-7.02  0.88
-7.01  0.84
-7  0.84
-6.99  0.96
-6.98  0.84
-6.97  0.8
-6.96  0.92
-6.95  1
-6.94  0.88
-6.93  0.92
-6.92  0.88
-6.91  0.96
-6.9  0.88
-6.89  1
-6.88  1
-6.87  0.92
-6.86  0.96
-6.85  1
-6.84  1
-6.83  1
-6.82  0.96
-6.81  0.96
-6.8  0.92
-6.79  1
-6.78  1.04
-6.77  1
-6.76  1.12
-6.75  1.12
-6.74  1.2
-6.73  0.96
-6.72  1.12
-6.71  1.04
-6.7  1.12
-6.69  1.04
-6.68  1
-6.67  1.48
-6.66  1.12
-6.65  1.04
-6.64  1.2
-6.63  1.12
-6.62  1.2
-6.61  1.2
-6.6  1.08
-6.59  1.16
-6.58  1.08
-6.57  1.28
-6.56  1
-6.55  1.16
-6.54  1.16
-6.53  1.12
-6.52  1.2
-6.51  1.16
-6.5  1.12
-6.49  1.16
-6.48  1
-6.47  1.2
-6.46  1.08
-6.45  1.12
-6.44  1.12
-6.43  1.08
-6.42  1.04
-6.41  1.08
-6.4  1
-6.39  1.04
-6.38  1.16
-6.37  0.88
-6.36  1.08
-6.35  0.96
-6.34  1.08
-6.33  0.96
-6.32  0.96
-6.31  0.84
-6.3  1
-6.29  1
-6.28  1
-6.27  0.88
-6.26  0.96
-6.25  1
-6.24  0.92
-6.23  1
-6.22  0.8
-6.21  0.96
-6.2  0.96
-6.19  0.92
-6.18  0.92
-6.17  0.92
-6.16  0.92
-6.15  0.88
-6.14  0.84
-6.13  0.92
-6.12  0.88
-6.11  0.96
-6.1  0.88
-6.09  0.84
-6.08  0.84
-6.07  0.76
-6.06  1
-6.05  0.92
-6.04  0.88
-6.03  0.76
-6.02  0.96
-6.01  0.96
-6  0.96
-5.99  0.84
-5.98  0.96
-5.97  0.92
-5.96  0.88
-5.95  0.96
-5.94  0.96
-5.93  0.96
-5.92  0.84
-5.91  0.88
-5.9  1
-5.89  0.96
-5.88  1.04
-5.87  0.96
-5.86  1.04
-5.85  0.92
-5.84  1.08
-5.83  1.08
-5.82  0.92
-5.81  1.04
-5.8  0.96
-5.79  1.04
-5.78  0.96
-5.77  1.12
-5.76  0.92
-5.75  1.08
-5.74  1.08
-5.73  1.04
-5.72  1.04
-5.71  1.16
-5.7  1.08
-5.69  1.08
-5.68  1.08
-5.67  1.12
-5.66  1.16
-5.65  1.08
-5.64  1
-5.63  1.2
-5.62  1.12
-5.61  1.04
-5.6  1.08
-5.59  1.2
-5.58  1.04
-5.57  1.08
-5.56  1.12
-5.55  1.12
-5.54  1.16
-5.53  1.16
-5.52  1.04
-5.51  1.12
-5.5  1.16
-5.49  1
-5.48  1.16
-5.47  1
-5.46  1
-5.45  1.08
-5.44  1.12
-5.43  1.08
-5.42  1
-5.41  1.04
-5.4  1.08
-5.39  1.12
-5.38  1
-5.37  1
-5.36  1
-5.35  0.96
-5.34  0.88
-5.33  1.08
-5.32  1
-5.31  0.92
-5.3  1.04
-5.29  0.84
-5.28  1
-5.27  1.04
-5.26  0.84
-5.25  1.12
-5.24  0.92
-5.23  0.88
-5.22  0.92
-5.21  1.12
-5.2  0.92
-5.19  0.92
-5.18  0.92
-5.17  0.88
-5.16  0.88
-5.15  0.88
-5.14  1.04
-5.13  0.84
-5.12  1.04
-5.11  0.88
-5.1  0.96
-5.09  0.76
-5.08  0.92
-5.07  0.92
-5.06  0.88
-5.05  1.04
-5.04  0.88
-5.03  1
-5.02  0.84
-5.01  0.96
-5  0.92
-4.99  0.92
-4.98  0.96
-4.97  0.88
-4.96  0.96
-4.95  1.08
-4.94  0.92
-4.93  0.92
-4.92  1
-4.91  0.84
-4.9  1.04
-4.89  0.88
-4.88  1.12
-4.87  0.96
-4.86  1.04
-4.85  0.96
-4.84  0.92
-4.83  1
-4.82  1.08
-4.81  1
-4.8  1
-4.79  1.08
-4.78  0.96
-4.77  1.08
-4.76  1.08
-4.75  1.12
-4.74  1.04
-4.73  0.96
-4.72  1.08
-4.71  1.12
-4.7  1.08
-4.69  1
-4.68  1.04
-4.67  1.08
-4.66  0.96
-4.65  1.08
-4.64  1.2
-4.63  1.16
-4.62  0.96
-4.61  1.12
-4.6  1.08
-4.59  1.04
-4.58  1.12
-4.57  1
-4.56  1.16
-4.55  1.12
-4.54  1
-4.53  1.04
-4.52  1.12
-4.51  1.04
-4.5  1.08
-4.49  1.08
-4.48  1.08
-4.47  1.04
-4.46  1.12
-4.45  0.96
-4.44  1.12
-4.43  0.96
-4.42  1
-4.41  1.16
-4.4  1
-4.39  1.12
-4.38  0.96
-4.37  0.96
-4.36  1.04
-4.35  1.08
-4.34  1
-4.33  0.92
-4.32  1
-4.31  0.96
-4.3  1
-4.29  0.96
-4.28  1
-4.27  0.96
-4.26  0.84
-4.25  1
-4.24  1.08
-4.23  0.8
-4.22  0.96
-4.21  0.96
-4.2  1.08
-4.19  0.84
-4.18  0.92
-4.17  0.88
-4.16  0.96
-4.15  0.88
-4.14  0.96
-4.13  1.08
-4.12  0.84
-4.11  1
-4.1  0.96
-4.09  0.92
-4.08  1
-4.07  0.88
-4.06  1.04
-4.05  0.88
-4.04  0.96
-4.03  1
-4.02  1.04
-4.01  0.88
-4  0.92
-3.99  0.96
-3.98  0.96
-3.97  0.84
-3.96  1.16
-3.95  0.96
-3.94  0.96
-3.93  0.88
-3.92  1.04
-3.91  0.84
-3.9  0.92
-3.89  1.12
-3.88  1
-3.87  1
-3.86  1
-3.85  0.96
-3.84  1
-3.83  1.12
-3.82  0.92
-3.81  0.96
-3.8  1.04
-3.79  0.96
-3.78  0.96
-3.77  1.08
-3.76  1.04
-3.75  1.2
-3.74  0.92
-3.73  1.08
-3.72  1.12
-3.71  1.04
-3.7  1.08
-3.69  1
-3.68  1.04
-3.67  1.08
-3.66  1.08
-3.65  1.12
-3.64  0.96
-3.63  1.04
-3.62  1.16
-3.61  0.92
-3.6  1.04
-3.59  1.08
-3.58  1.04
-3.57  1
-3.56  1.2
-3.55  1
-3.54  1.04
-3.53  1.24
-3.52  0.96
-3.51  0.96
-3.5  1.12
-3.49  0.92
-3.48  0.96
-3.47  1
-3.46  0.96
-3.45  1.28
-3.44  1.08
-3.43  1.04
-3.42  1.08
-3.41  0.92
-3.4  0.92
-3.39  1.12
-3.38  1.04
-3.37  0.88
-3.36  1
-3.35  0.96
-3.34  1
-3.33  0.96
-3.32  1.08
-3.31  1.08
-3.3  0.92
-3.29  1
-3.28  1.16
-3.27  0.84
-3.26  1
-3.25  0.96
-3.24  1
-3.23  0.88
-3.22  1.08
-3.21  0.96
-3.2  1.04
-3.19  0.88
-3.18  0.88
-3.17  1.04
-3.16  0.92
-3.15  0.96
-3.14  0.8
-3.13  1.16
-3.12  0.88
-3.11  0.96
-3.1  0.92
-3.09  1
-3.08  0.92
-3.07  0.92
-3.06  0.96
-3.05  0.96
-3.04  0.96
-3.03  0.96
-3.02  1.04
-3.01  0.96
-3  1
-2.99  0.84
-2.98  1
-2.97  1.08
-2.96  0.96
-2.95  0.96
-2.94  1.08
-2.93  1.04
-2.92  0.88
-2.91  0.92
-2.9  1.04
-2.89  1.04
-2.88  1
-2.87  0.88
-2.86  0.92
-2.85  1
-2.84  1.16
-2.83  0.88
-2.82  1.04
-2.81  1.08
-2.8  1
-2.79  1.04
-2.78  1.08
-2.77  1
-2.76  1
-2.75  1.12
-2.74  0.88
-2.73  1.2
-2.72  1
-2.71  1.04
-2.7  0.96
-2.69  0.96
-2.68  1.08
-2.67  1
-2.66  0.96
-2.65  1.04
-2.64  1.08
-2.63  1
-2.62  1.12
-2.61  1.04
-2.6  1.04
-2.59  1.04
-2.58  1
-2.57  1.04
-2.56  1.08
-2.55  1.08
-2.54  1.16
-2.53  1
-2.52  1.12
-2.51  1.08
-2.5  1.16
-2.49  0.96
-2.48  0.96
-2.47  1
-2.46  1
-2.45  1
-2.44  1
-2.43  1.04
-2.42  1.08
-2.41  1.04
-2.4  0.92
-2.39  0.96
-2.38  0.96
-2.37  0.96
-2.36  1
-2.35  1.04
-2.34  1
-2.33  1
-2.32  0.96
-2.31  0.92
-2.3  1.04
-2.29  1.04
-2.28  1
-2.27  0.92
-2.26  1.04
-2.25  0.92
-2.24  1.08
-2.23  1.08
-2.22  0.8
-2.21  1
-2.2  1
-2.19  0.84
-2.18  1
-2.17  1.04
-2.16  0.96
-2.15  1.08
-2.14  0.96
-2.13  0.92
-2.12  0.96
-2.11  1.04
-2.1  0.88
-2.09  0.84
-2.08  1.04
-2.07  1.12
-2.06  0.92
-2.05  1.04
-2.04  0.96
-2.03  0.84
-2.02  1.04
-2.01  0.92
-2  0.92
-1.99  1.04
-1.98  1
-1.97  1.04
-1.96  0.96
-1.95  0.88
-1.94  1.08
-1.93  0.96
-1.92  0.88
-1.91  1.08
-1.9  1
-1.89  0.92
-1.88  1.04
-1.87  1
-1.86  1.08
-1.85  1.04
-1.84  1.12
-1.83  0.96
-1.82  1.08
-1.81  0.88
-1.8  1.04
-1.79  1.04
-1.78  0.96
-1.77  0.96
-1.76  1.08
-1.75  1.08
-1.74  0.96
-1.73  1
-1.72  1.04
-1.71  0.96
-1.7  1.08
-1.69  1.08
-1.68  1.04
-1.67  0.92
-1.66  0.96
-1.65  1.24
-1.64  0.96
-1.63  0.92
-1.62  1.04
-1.61  1.04
-1.6  1.12
-1.59  1.04
-1.58  0.92
-1.57  1.28
-1.56  0.92
-1.55  1.16
-1.54  1.04
-1.53  0.96
-1.52  1
-1.51  1
-1.5  1.08
-1.49  0.84
-1.48  1.04
-1.47  1
-1.46  1.12
-1.45  0.96
-1.44  1
-1.43  1
-1.42  1.08
-1.41  1.04
-1.4  1.04
-1.39  0.96
-1.38  1.04
-1.37  1.12
-1.36  0.92
-1.35  1.04
-1.34  0.96
-1.33  1
-1.32  0.92
-1.31  1.08
-1.3  0.8
-1.29  1
-1.28  1.12
-1.27  1.04
-1.26  0.92
-1.25  1.04
-1.24  0.88
-1.23  1.08
-1.22  1
-1.21  0.96
-1.2  0.88
-1.19  1.04
-1.18  0.92
-1.17  0.96
-1.16  1.12
-1.15  0.92
-1.14  0.96
-1.13  1.04
-1.12  0.92
-1.11  1.04
-1.1  0.92
-1.09  0.88
-1.08  0.96
-1.07  1.08
-1.06  1
-1.05  0.92
-1.04  1.04
-1.03  1.04
-1.02  0.88
-1.01  0.92
-1  0.92
-0.99  1.12
-0.98  1
-0.97  0.92
-0.96  1.16
-0.95  1
-0.94  0.88
-0.93  1.04
-0.92  0.92
-0.91  1.12
-0.9  1
-0.89  1.04
-0.88  0.96
-0.87  1
-0.86  1.08
-0.85  0.88
-0.84  1.04
-0.83  1
-0.82  0.88
-0.81  1
-0.8  1.08
-0.79  1.04
-0.78  1
-0.77  1.04
-0.76  1
-0.75  1
-0.74  1.08
-0.73  1.04
-0.72  0.92
-0.71  1.12
-0.7  1
-0.69  1
-0.68  1.08
-0.67  1.08
-0.66  0.96
-0.65  0.96
-0.64  1.04
-0.63  1
-0.62  1.04
-0.61  0.88
-0.6  1.2
-0.59  1.16
-0.58  0.92
-0.57  1.16
-0.56  1.08
-0.55  0.92
-0.54  1
-0.53  1
-0.52  1
-0.51  0.92
-0.5  1.04
-0.49  1.08
-0.48  0.96
-0.47  0.96
-0.46  0.92
-0.45  1.08
-0.44  1.2
-0.43  0.88
-0.42  0.96
-0.41  1.08
-0.4  1
-0.39  0.96
-0.38  1.04
-0.37  1.04
-0.36  0.92
-0.35  1
-0.34  0.92
-0.33  0.92
-0.32  1.12
-0.31  0.96
-0.3  0.96
-0.29  1.08
-0.28  1.12
-0.27  0.96
-0.26  0.96
-0.25  1.04
-0.24  0.88
-0.23  1
-0.22  0.88
-0.21  1.08
-0.2  1.04
-0.19  1.04
-0.18  0.88
-0.17  1.2
-0.16  0.96
-0.15  1.04
-0.14  0.92
-0.13  0.92
-0.12  1.12
-0.11  0.88
-0.1  0.88
-0.09  1.04
-0.08  1
-0.07  1
-0.06  0.92
-0.05  0.96
-0.04  0.96
-0.03  1
-0.02  0.92
-0.01  0.92
-2.16197e-11  1.04
0.0001  0
0.0101  1.06
0.0201  0.91
0.0301  1.1
0.0401  0.98
0.0501  1.07
0.0601  0.98
0.0701  1
0.0801  0.88
0.0901  1.11
0.1001  1.13
0.1101  1.08
0.1201  1.16
0.1301  0.91
0.1401  1.08
0.1501  1.1
0.1601  1.23
0.1701  1.17
0.1801  1.2
0.1901  1.06
0.2001  1.32
0.2101  1.12
0.2201  1.06
0.2301  1.14
0.2401  0.95
0.2501  1.39
0.2601  1.36
0.2701  1.22
0.2801  1.28
0.2901  1.15
0.3001  1.2
0.3101  1.22
0.3201  1.06
0.3301  1.02
0.3401  1.2
0.3501  0.98
0.3601  1.11
0.3701  1.14
0.3801  1.06
0.3901  1.13
0.4001  1.19
0.4101  1.21
0.4201  1.26
0.4301  1.3
0.4401  0.98
0.4501  1.03
0.4601  1.03
0.4701  1.21
0.4801  1.18
0.4901  1.03
0.5001  1.21
0.5101  1.17
0.5201  0.94
0.5301  1.2
0.5401  1.1
0.5501  0.89
0.5601  0.92
0.5701  1.16
0.5801  1.18
0.5901  1.08
0.6001  1.03
0.6101  1.17
0.6201  1.18
0.6301  1.34
0.6401  1.07
0.6501  0.94
0.6601  1.13
0.6701  1.06
0.6801  1.12
0.6901  0.99
0.7001  1.34
0.7101  1
0.7201  1.22
0.7301  1.24
0.7401  1.18
0.7501  1.06
0.7601  1.24
0.7701  0.9
0.7801  1.1
0.7901  1.06
0.8001  1.11
0.8101  0.94
0.8201  1.08
0.8301  1.17
0.8401  0.96
0.8501  1
0.8601  1.22
0.8701  1.02
0.8801  1
0.8901  1.21
0.9001  0.98
0.9101  1.07
0.9201  0.94
0.9301  1.23
0.9401  1.06
0.9501  1.19
0.9601  0.92
0.9701  1.03
0.9801  1.08
0.9901  1.04
1.0001  1.07
1.0101  1.09
1.0201  1.14
1.0301  1.06
1.0401  1.22
1.0501  1.17
1.0601  1.07
1.0701  0.99
1.0801  1.01
1.0901  1.19
1.1001  1.18
1.1101  1.04
1.1201  1.09
1.1301  1.03
1.1401  1.07
1.1501  1.13
1.1601  1.07
1.1701  1.13
1.1801  1.1
1.1901  1.06
1.2001  1.2
1.2101  1.15
1.2201  0.96
1.2301  1.19
1.2401  1.33
1.2501  1.1
1.2601  1.24
1.2701  1.16
1.2801  1.39
1.2901  1.34
1.3001  1.09
1.3101  1.03
1.3201  1.09
1.3301  0.99
1.3401  1.01
1.3501  1.11
1.3601  1.19
1.3701  1.25
1.3801  1.18
1.3901  1.09
1.4001  1.33
1.4101  1.43
1.4201  1.31
1.4301  1.1
1.4401  1.19
1.4501  1.07
1.4601  1.1
1.4701  1.22
1.4801  1.04
1.4901  1.2
1.5001  1.28
1.5101  1.08
1.5201  1.29
1.5301  1.27
1.5401  1.23
1.5501  1.41
1.5601  1.27
1.5701  1.24
1.5801  1.41
1.5901  1.25
1.6001  1.31
1.6101  1.24
1.6201  1.14
1.6301  1.28
1.6401  1.15
1.6501  1.17
1.6601  1.26
1.6701  1.39
1.6801  1.08
1.6901  1.21
1.7001  1.24
1.7101  1.04
1.7201  1.11
1.7301  1.03
1.7401  1.22
1.7501  1.06
1.7601  1.3
1.7701  1.18
1.7801  1.16
1.7901  1.02
1.8001  1.25
1.8101  1.35
1.8201  1.25
1.8301  1.16
1.8401  1.22
1.8501  1.37
1.8601  1.2
1.8701  1.12
1.8801  1.34
1.8901  1.1
1.9001  1.07
1.9101  1.02
1.9201  1.16
1.9301  1.27
1.9401  1.29
1.9501  1.11
1.9601  1.26
1.9701  1.1
1.9801  1.25
1.9901  1.25
2.0001  1.27
2.0101  1.26
2.0201  1.11
2.0301  1.12
2.0401  1.29
2.0501  1.1
2.0601  1.33
2.0701  1.32
2.0801  1.21
2.0901  1.09
2.1001  0.99
2.1101  1.11
2.1201  0.98
2.1301  1.17
2.1401  1.17
2.1501  1.06
2.1601  1.06
2.1701  1.13
2.1801  1.18
2.1901  1.53
2.2001  1.32
2.2101  1.33
2.2201  1.03
2.2301  1.34
2.2401  1.06
2.2501  1.04
2.2601  1.11
2.2701  1.21
2.2801  1.24
2.2901  1.04
2.3001  1.04
2.3101  1.03
2.3201  1.3
2.3301  1.22
2.3401  1.32
2.3501  1.45
2.3601  1.08
2.3701  1.23
2.3801  1.28
2.3901  1.09
2.4001  1.18
2.4101  1.28
2.4201  1.25
2.4301  1.15
2.4401  1.36
2.4501  0.91
2.4601  1.06
2.4701  1.22
2.4801  1.3
2.4901  1.3
2.5001  0.86
2.5101  1.14
2.5201  1.28
2.5301  1.15
2.5401  1.29
2.5501  1.18
2.5601  1.1
2.5701  0.91
2.5801  1
2.5901  1.16
2.6001  1.2
2.6101  1.24
2.6201  1.21
2.6301  1.24
2.6401  1.25
2.6501  0.95
2.6601  1.12
2.6701  1.04
2.6801  1.16
2.6901  1.03
2.7001  1.05
2.7101  1.41
2.7201  1.2
2.7301  1.4
2.7401  1.08
2.7501  1.25
2.7601  1.2
2.7701  1.2
2.7801  1.11
2.7901  1.09
2.8001  1.43
2.8101  1.21
2.8201  1.19
2.8301  1.38
2.8401  1.28
2.8501  1.12
2.8601  1.24
2.8701  1.17
2.8801  1.25
2.8901  1.14
2.9001  1.05
2.9101  0.85
2.9201  1.41
2.9301  1.15
2.9401  1.1
2.9501  1.49
2.9601  1.39
2.9701  1.14
2.9801  1.12
2.9901  1.09
3.0001  1.28
3.0101  1.2
3.0201  1.22
3.0301  1.17
3.0401  1.19
3.0501  1.18
3.0601  1.35
3.0701  1.3
3.0801  1.16
3.0901  1.15
3.1001  1.12
3.1101  1.13
3.1201  1.06
3.1301  1.17
3.1401  1.18
3.1501  1.1
3.1601  1.26
3.1701  1.33
3.1801  1.32
3.1901  1.1
3.2001  1.21
3.2101  1.19
3.2201  1.28
3.2301  1.3
3.2401  1.28
3.2501  0.93
3.2601  1.36
3.2701  1.1
3.2801  1.31
3.2901  1.21
3.3001  1.45
3.3101  1.23
3.3201  1.17
3.3301  1.17
3.3401  1.19
3.3501  1.25
3.3601  1.22
3.3701  1.37
3.3801  1.2
3.3901  1.18
3.4001  1.16
3.4101  1.3
3.4201  1.11
3.4301  1.37
3.4401  1.14
3.4501  1.23
3.4601  1.01
3.4701  1.01
3.4801  1.17
3.4901  1.15
3.5001  1.3
3.5101  1.06
3.5201  1.14
3.5301  1.34
3.5401  1.17
3.5501  1.06
3.5601  1.15
3.5701  1.18
3.5801  1.09
3.5901  1.25
3.6001  1.42
3.6101  1.1
3.6201  1.24
3.6301  1.13
3.6401  1.2
3.6501  1.09
3.6601  1.24
3.6701  1.24
3.6801  1.24
3.6901  1.36
3.7001  1.37
3.7101  1.11
3.7201  1.3
3.7301  1.06
3.7401  1.17
3.7501  1.05
3.7601  1.37
3.7701  1.3
3.7801  1.37
3.7901  1.16
3.8001  1.17
3.8101  1.03
3.8201  1
3.8301  1.19
3.8401  0.99
3.8501  1.11
3.8601  0.97
3.8701  1.23
3.8801  1.35
3.8901  1.22
3.9001  1.12
3.9101  1.19
3.9201  1.26
3.9301  1.14
3.9401  1
3.9501  1.29
3.9601  1.3
3.9701  1.13
3.9801  1.24
3.9901  1.31
4.0001  1.04
4.0101  1.19
4.0201  1.13
4.0301  0.99
4.0401  1.17
4.0501  1.28
4.0601  1.22
4.0701  1.15
4.0801  1.06
4.0901  1.28
4.1001  1.19
4.1101  1.24
4.1201  1.16
4.1301  1.18
4.1401  1.07
4.1501  1.17
4.1601  1.11
4.1701  1.18
4.1801  1.31
4.1901  1.21
4.2001  1.2
4.2101  0.99
4.2201  1.11
4.2301  1.18
4.2401  1.08
4.2501  1.18
4.2601  1.42
4.2701  1.33
4.2801  1.34
4.2901  1.4
4.3001  1.24
4.3101  1.14
4.3201  1.17
4.3301  1.17
4.3401  1.16
4.3501  1.16
4.3601  1.24
4.3701  1.36
4.3801  1.07
4.3901  1.13
4.4001  1.34
4.4101  1.31
4.4201  1.08
4.4301  1.11
4.4401  1.18
4.4501  1.01
4.4601  1.28
4.4701  1.18
4.4801  1.25
4.4901  1.16
4.5001  1.34
4.5101  1.26
4.5201  1.1
4.5301  1.31
4.5401  1.12
4.5501  1.27
4.5601  1.31
4.5701  1.21
4.5801  1
4.5901  1.27
4.6001  1.34
4.6101  1.03
4.6201  1.15
4.6301  1.18
4.6401  1.16
4.6501  1.22
4.6601  0.98
4.6701  1.05
4.6801  1.34
4.6901  1.42
4.7001  1.22
4.7101  1.09
4.7201  1.12
4.7301  1.06
4.7401  1.23
4.7501  1.28
4.7601  1.36
4.7701  1.13
4.7801  1.05
4.7901  1.27
4.8001  1.15
4.8101  1.21
4.8201  1.09
4.8301  1.17
4.8401  0.98
4.8501  1.33
4.8601  1.26
4.8701  1.01
4.8801  1.12
4.8901  1.36
4.9001  1.14
4.9101  1.23
4.9201  1.23
4.9301  1.14
4.9401  1.12
4.9501  1.08
4.9601  1.11
4.9701  1.06
4.9801  1.07
4.9901  1.26
5.0001  1.28
5.0101  1.24
5.0201  1.38
5.0301  1.19
5.0401  1.04
5.0501  1.19
5.0601  1.13
5.0701  1.35
5.0801  1.19
5.0901  1.28
5.1001  1.3
5.1101  1.37
5.1201  1.12
5.1301  1.31
5.1401  1.25
5.1501  1.09
5.1601  1.05
5.1701  1.14
5.1801  1
5.1901  1.36
5.2001  0.98
5.2101  1.14
5.2201  1.13
5.2301  1.17
5.2401  1.23
5.2501  1.27
5.2601  1.21
5.2701  1.26
5.2801  1.3
5.2901  1.33
5.3001  1.27
5.3101  1.06
5.3201  1.15
5.3301  1.23
5.3401  1.39
5.3501  1.11
5.3601  1.22
5.3701  1.27
5.3801  1.21
5.3901  1.16
5.4001  1.11
5.4101  1.24
5.4201  1.42
5.4301  1.26
5.4401  1.28
5.4501  1.23
5.4601  1.36
5.4701  1.06
5.4801  1.22
5.4901  1.25
5.5001  1.27
5.5101  1.13
5.5201  1.16
5.5301  1.19
5.5401  1.08
5.5501  0.97
5.5601  1.27
5.5701  1.32
5.5801  1.36
5.5901  1.24
5.6001  1.25
5.6101  1.2
5.6201  1.3
5.6301  1.1
5.6401  1.28
5.6501  1.06
5.6601  1.09
5.6701  1.23
5.6801  1.44
5.6901  1.24
5.7001  1.19
5.7101  1.19
5.7201  1.14
5.7301  1.28
5.7401  1.17
5.7501  1.11
5.7601  1.03
5.7701  1.24
5.7801  1.15
5.7901  1.15
5.8001  1.28
5.8101  1.34
5.8201  1.17
5.8301  1.13
5.8401  1.17
5.8501  1.04
5.8601  1.22
5.8701  1.25
5.8801  1.2
5.8901  1.22
5.9001  1.23
5.9101  1.19
5.9201  1.12
5.9301  0.98
5.9401  1.07
5.9501  1.26
5.9601  1.33
5.9701  1.24
5.9801  1.21
5.9901  1.18
6.0001  1.19
6.0101  1.1
6.0201  1.08
6.0301  1.14
6.0401  1.11
6.0501  0.96
6.0601  1.21
6.0701  1.35
6.0801  1.15
6.0901  1.23
6.1001  1.15
6.1101  1.29
6.1201  1.3
6.1301  1.18
6.1401  1.07
6.1501  1.18
6.1601  1.14
6.1701  1.24
6.1801  1.28
6.1901  1.27
6.2001  1.05
6.2101  1.39
6.2201  0.99
6.2301  1.23
6.2401  1.21
6.2501  1.09
6.2601  1.08
6.2701  1.02
6.2801  1.11
6.2901  1.03
6.3001  1.26
6.3101  1.1
6.3201  1.25
6.3301  1.22
6.3401  1.19
6.3501  1.12
6.3601  1.07
6.3701  1.15
6.3801  1.21
6.3901  1.08
6.4001  1.21
6.4101  1.23
6.4201  1.28
6.4301  1.24
6.4401  0.95
6.4501  1.23
6.4601  1.22
6.4701  1.24
6.4801  1.14
6.4901  1.31
6.5001  1.34
6.5101  1.26
6.5201  1.15
6.5301  1.05
6.5401  1.32
6.5501  1.22
6.5601  1.16
6.5701  1.02
6.5801  1.21
6.5901  1.1
6.6001  1.2
6.6101  1.24
6.6201  1.27
6.6301  1.22
6.6401  1.19
6.6501  1.11
6.6601  1.23
6.6701  1.16
6.6801  1.25
6.6901  1.33
6.7001  1.13
6.7101  1.06
6.7201  1.22
6.7301  1.31
6.7401  1.18
6.7501  1.17
6.7601  1.14
6.7701  1.21
6.7801  1.17
6.7901  1.04
6.8001  1.11
6.8101  1.05
6.8201  1.15
6.8301  1.34
6.8401  1.04
6.8501  1.08
6.8601  1.14
6.8701  1.18
6.8801  1.27
6.8901  1.13
6.9001  1.29
6.9101  1.14
6.9201  1.21
6.9301  1.19
6.9401  1.08
6.9501  1.21
6.9601  1.22
6.9701  1.17
6.9801  1.18
6.9901  1.18
7.0001  1.28
7.0101  1.1
7.0201  1.22
7.0301  1.22
7.0401  1.17
7.0501  1.27
7.0601  1.31
7.0701  1.06
7.0801  1.34
7.0901  1.13
7.1001  1.14
7.1101  1
7.1201  1.23
7.1301  1.29
7.1401  1.14
7.1501  1.16
7.1601  1.02
7.1701  1.24
7.1801  1.27
7.1901  1.27
7.2001  1.08
7.2101  1.2
7.2201  1.27
7.2301  1.38
7.2401  1.25
7.2501  1.05
7.2601  1.22
7.2701  1.13
7.2801  1.31
7.2901  1.1
7.3001  1.18
7.3101  1.25
7.3201  1.34
7.3301  1.09
7.3401  0.98
7.3501  1.23
7.3601  1.2
7.3701  1.38
7.3801  1.23
7.3901  1.42
7.4001  1.23
7.4101  1.19
7.4201  1.22
7.4301  1.16
7.4401  1.23
7.4501  1.2
7.4601  0.96
7.4701  1.2
7.4801  1.07
7.4901  1.35
7.5001  1.24
7.5101  1.08
7.5201  1.18
7.5301  1.04
7.5401  1.31
7.5501  1.04
7.5601  1.27
7.5701  1.1
7.5801  1.43
7.5901  1.28
7.6001  1.27
7.6101  1.23
7.6201  1.09
7.6301  1.18
7.6401  1.17
7.6501  1.23
7.6601  1.36
7.6701  1.17
7.6801  1.17
7.6901  1.17
7.7001  1.3
7.7101  1.19
7.7201  1.01
7.7301  1.16
7.7401  1.13
7.7501  1.23
7.7601  1.39
7.7701  1.08
7.7801  1.17
7.7901  1.31
7.8001  1.14
7.8101  1.13
7.8201  1.18
7.8301  1.19
7.8401  1.18
7.8501  1.26
7.8601  1.13
7.8701  1.05
7.8801  1.19
7.8901  1.12
7.9001  1.13
7.9101  1.07
7.9201  1.23
7.9301  1.2
7.9401  1.27
7.9501  1.4
7.9601  1.22
7.9701  1.23
7.9801  1.22
7.9901  1.18
8.0001  1.21
8.0101  1.29
8.0201  1.06
8.0301  1.15
8.0401  1.28
8.0501  1.31
8.0601  1.26
8.0701  1.3
8.0801  1.07
8.0901  1.27
8.1001  1.09
8.1101  1.22
8.1201  1.22
8.1301  1.14
8.1401  1.15
8.1501  1.05
8.1601  1.16
8.1701  1.21
8.1801  1.32
8.1901  1.03
8.2001  1.27
8.2101  1.27
8.2201  1.14
8.2301  1.14
8.2401  1.1
8.2501  1.47
8.2601  1.17
8.2701  0.99
8.2801  1.22
8.2901  1.16
8.3001  1.26
8.3101  1.03
8.3201  1.28
8.3301  1.26
8.3401  1.2
8.3501  1.33
8.3601  1.13
8.3701  1.07
8.3801  1.09
8.3901  1.18
8.4001  1.11
8.4101  1.29
8.4201  1.47
8.4301  1.22
8.4401  1.25
8.4501  1.2
8.4601  1.22
8.4701  1.09
8.4801  1.18
8.4901  1.11
8.5001  1.16
8.5101  1.06
8.5201  1.02
8.5301  1.33
8.5401  1.28
8.5501  1.03
8.5601  1.06
8.5701  1.18
8.5801  1.29
8.5901  1.04
8.6001  0.98
8.6101  1.29
8.6201  1.42
8.6301  0.93
8.6401  1.1
8.6501  1.1
8.6601  1.24
8.6701  1.45
8.6801  1.39
8.6901  1.1
8.7001  1.21
8.7101  1.13
8.7201  1.26
8.7301  1.12
8.7401  1.19
8.7501  1.11
8.7601  1.06
8.7701  1.33
8.7801  1.42
8.7901  1.1
8.8001  1.08
8.8101  1.3
8.8201  1.12
8.8301  1.46
8.8401  1.14
8.8501  1
8.8601  1.17
8.8701  1.41
8.8801  1.36
8.8901  1.18
8.9001  1.09
8.9101  1.17
8.9201  0.96
8.9301  1.18
8.9401  1.27
8.9501  1.26
8.9601  1.03
8.9701  1.34
8.9801  1.15
8.9901  1.17
9.0001  1.32
9.0101  1.15
9.0201  1.1
9.0301  0.97
9.0401  1.26
9.0501  0.89
9.0601  1.12
9.0701  1.31
9.0801  1.27
9.0901  1.27
9.1001  1.47
9.1101  1.1
9.1201  1.13
9.1301  1.45
9.1401  1.13
9.1501  1.13
9.1601  0.99
9.1701  1.03
9.1801  1.32
9.1901  1.19
9.2001  1.25
9.2101  1.29
9.2201  1.23
9.2301  1.42
9.2401  1.15
9.2501  1.13
9.2601  1.21
9.2701  1.16
9.2801  1.42
9.2901  1.11
9.3001  1.2
9.3101  1.26
9.3201  1.38
9.3301  1.13
9.3401  1.09
9.3501  1.13
9.3601  1.02
9.3701  1.23
9.3801  0.99
9.3901  1.24
9.4001  1.13
9.4101  1.08
9.4201  1.28
9.4301  1.34
9.4401  1.31
9.4501  1.29
9.4601  1.14
9.4701  1.34
9.4801  1.23
9.4901  1.31
9.5001  1.17
9.5101  1.08
9.5201  1.26
9.5301  1.23
9.5401  1.23
9.5501  1.04
9.5601  1.25
9.5701  1.19
9.5801  1.2
9.5901  1.3
9.6001  1.27
9.6101  1.13
9.6201  1.21
9.6301  1.18
9.6401  1.14
9.6501  1.1
9.6601  1.3
9.6701  1.25
9.6801  1.15
9.6901  1.22
9.7001  1.37
9.7101  1.11
9.7201  1.23
9.7301  1.18
9.7401  1.37
9.7501  1.25
9.7601  1.28
9.7701  1.23
9.7801  1.13
9.7901  1.05
9.8001  1.39
9.8101  1.12
9.8201  1.22
9.8301  1.26
9.8401  1.1
9.8501  1.06
9.8601  1.04
9.8701  1.06
9.8801  1.21
9.8901  1.34
9.9001  1.15
9.9101  1.39
9.9201  1.29
9.9301  1.08
9.9401  1.17
9.9501  1.26
9.9601  1.33
9.9701  1.35
9.9801  1.35
9.9901  1.24
10.0001  1.08
10.0101  1.35
10.0201  1.36
10.0301  1.09
10.0401  1.13
10.0501  1.03
10.0601  1.51
10.0701  1.36
10.0801  1.16
10.0901  1.38
10.1001  1
10.1101  1.17
10.1201  1.2
10.1301  1.03
10.1401  1.1
10.1501  1.29
10.1601  1.27
10.1701  1.27
10.1801  1.05
10.1901  1.19
10.2001  1.27
10.2101  1.36
10.2201  1.3
10.2301  1.09
10.2401  1.03
10.2501  1.13
10.2601  1.14
10.2701  1.26
10.2801  1.2
10.2901  0.97
10.3001  1.26
10.3101  1.29
10.3201  1.48
10.3301  1.35
10.3401  1.13
10.3501  1.14
10.3601  1.16
10.3701  1.37
10.3801  1.09
10.3901  1.24
10.4001  1.25
10.4101  1.1
10.4201  1.15
10.4301  1.16
10.4401  1.18
10.4501  1.11
10.4601  1.28
10.4701  1.11
10.4801  0.97
10.4901  1.33
10.5001  1.25
10.5101  1.19
10.5201  1.14
10.5301  1.27
10.5401  0.96
10.5501  1.16
10.5601  1.3
10.5701  1.06
10.5801  1.27
10.5901  1
10.6001  1.35
10.6101  1.12
10.6201  1.08
10.6301  1.28
10.6401  1.03
10.6501  1.23
10.6601  1.11
10.6701  1.34
10.6801  1.17
10.6901  1.08
10.7001  1.17
10.7101  1.13
10.7201  1.29
10.7301  1.04
10.7401  1.2
10.7501  1.23
10.7601  1.29
10.7701  1.21
10.7801  1.03
10.7901  1.24
10.8001  1.05
10.8101  1.16
10.8201  1.48
10.8301  1.21
10.8401  1.2
10.8501  1.05
10.8601  1.04
10.8701  1.13
10.8801  1.28
10.8901  1.03
10.9001  1.2
10.9101  1.2
10.9201  1.15
10.9301  1.22
10.9401  1.45
10.9501  1.27
10.9601  0.97
10.9701  1.07
10.9801  1.27
10.9901  1.29
11.0001  1.23
11.0101  1.13
11.0201  1.11
11.0301  1.1
11.0401  1.31
11.0501  1.03
11.0601  1.43
11.0701  1.24
11.0801  0.97
11.0901  1.29
11.1001  1.28
11.1101  1.07
11.1201  1.35
11.1301  1.15
11.1401  1.1
11.1501  1.09
11.1601  1.07
11.1701  1.25
11.1801  1.3
11.1901  1.14
11.2001  1.18
11.2101  1.26
11.2201  1.11
11.2301  0.86
11.2401  1.25
11.2501  1.31
11.2601  1.42
11.2701  1.15
11.2801  1.17
11.2901  1.19
11.3001  1.09
11.3101  1.34
11.3201  1.28
11.3301  1.17
11.3401  1.32
11.3501  1.33
11.3601  1.21
11.3701  1.22
11.3801  1.26
11.3901  1.22
11.4001  1.03
11.4101  1.1
11.4201  1.17
11.4301  1.21
11.4401  1.26
11.4501  1.2
11.4601  1.21
11.4701  1.28
11.4801  1.21
11.4901  1.07
11.5001  1.13
11.5101  1.32
11.5201  1.27
11.5301  1.32
11.5401  1.1
11.5501  1.37
11.5601  1.33
11.5701  1.3
11.5801  1.32
11.5901  1.19
11.6001  1.18
11.6101  1.28
11.6201  1.19
11.6301  1.08
11.6401  1.07
11.6501  1.21
11.6601  1.27
11.6701  1.21
11.6801  1.2
11.6901  1.14
11.7001  1.19
11.7101  1.28
11.7201  1.18
11.7301  1.15
11.7401  1.21
11.7501  1.14
11.7601  1.22
11.7701  1.33
11.7801  1.2
11.7901  1.31
11.8001  0.93
11.8101  1.21
11.8201  1.17
11.8301  1.21
11.8401  1.35
11.8501  1.18
11.8601  0.96
11.8701  1.12
11.8801  1.36
11.8901  1.07
11.9001  1.29
11.9101  1.26
11.9201  1.29
11.9301  1.07
11.9401  1.18
11.9501  1.21
11.9601  1.25
11.9701  1.2
11.9801  1.23
11.9901  1.33
12.0001  1.01
12.0101  1.08
12.0201  1.24
12.0301  1.18
12.0401  1.31
12.0501  1.14
12.0601  1.15
12.0701  1.03
12.0801  1.1
12.0901  1.05
12.1001  1.28
12.1101  1.33
12.1201  1.05
12.1301  1.29
12.1401  1.08
12.1501  1.18
12.1601  1.25
12.1701  0.94
12.1801  1.36
12.1901  1.22
12.2001  1.27
12.2101  1
12.2201  1.24
12.2301  1.16
12.2401  1.25
12.2501  1.31
12.2601  1.31
12.2701  1.02
12.2801  1.04
12.2901  0.97
12.3001  1.18
12.3101  1.26
12.3201  1.16
12.3301  1.14
12.3401  1.08
12.3501  0.97
12.3601  1.14
12.3701  1.11
12.3801  1.11
12.3901  1.2
12.4001  1.25
12.4101  1.25
12.4201  1.37
12.4301  1.14
12.4401  1.29
12.4501  1.27
12.4601  1.22
12.4701  1.01
12.4801  1.18
12.4901  1.1
12.5001  1.3
12.5101  1.26
12.5201  1.13
12.5301  1.22
12.5401  1.02
12.5501  1.18
12.5601  1.2
12.5701  1.01
12.5801  1.13
12.5901  1.26
12.6001  1.13
12.6101  1.24
12.6201  1.19
12.6301  1.39
12.6401  1.25
12.6501  1.23
12.6601  1.36
12.6701  1.18
12.6801  1.19
12.6901  1.19
12.7001  1.07
12.7101  1.12
12.7201  1.26
12.7301  1.19
12.7401  1.15
12.7501  1.17
12.7601  1.32
12.7701  1.15
12.7801  1.21
12.7901  1.34
12.8001  1.21
12.8101  1.12
12.8201  1.03
12.8301  1.11
12.8401  1.22
12.8501  1.31
12.8601  1.39
12.8701  1.23
12.8801  1.08
12.8901  1.43
12.9001  1.29
12.9101  1.19
12.9201  1.34
12.9301  1.31
12.9401  1.17
12.9501  1.18
12.9601  1.14
12.9701  1.15
12.9801  1.23
12.9901  1.33
13.0001  1.35
13.0101  1.23
13.0201  1.2
13.0301  1.27
13.0401  1.29
13.0501  1.03
13.0601  1.12
13.0701  1.26
13.0801  1.2
13.0901  1.4
13.1001  1.27
13.1101  1.23
13.1201  1.25
13.1301  1.22
13.1401  1.29
13.1501  1.14
13.1601  0.97
13.1701  1.39
13.1801  1.26
13.1901  1.31
13.2001  1.16
13.2101  1.2
13.2201  1.12
13.2301  1.17
13.2401  1.14
13.2501  1.23
13.2601  1.09
13.2701  1.1
13.2801  1.29
13.2901  1.15
13.3001  1.2
13.3101  1.42
13.3201  1.18
13.3301  1.07
13.3401  1.15
13.3501  1.33
13.3601  1.11
13.3701  1.31
13.3801  1.22
13.3901  1.34
13.4001  1.29
13.4101  1.1
13.4201  1.36
13.4301  1.17
13.4401  1.24
13.4501  1.15
13.4601  1.07
13.4701  1
13.4801  1.14
13.4901  1.28
13.5001  1.18
13.5101  1.11
13.5201  1.03
13.5301  1.26
13.5401  1.08
13.5501  1.2
13.5601  1.14
13.5701  1.28
13.5801  1.2
13.5901  1.37
13.6001  0.99
13.6101  1
13.6201  1.37
13.6301  1.13
13.6401  1.26
13.6501  1.33
13.6601  1.4
13.6701  1.16
13.6801  1.13
13.6901  1.08
13.7001  1.29
13.7101  1.12
13.7201  1.09
13.7301  1.19
13.7401  1.12
13.7501  1.02
13.7601  1.32
13.7701  1.03
13.7801  1.1
13.7901  1.15
13.8001  1.43
13.8101  1.18
13.8201  1.12
13.8301  1.01
13.8401  1.19
13.8501  1.24
13.8601  1.12
13.8701  1.08
13.8801  1.15
13.8901  1.08
13.9001  1.17
13.9101  1.12
13.9201  1.23
13.9301  1.41
13.9401  1.16
13.9501  1.23
13.9601  1.15
13.9701  1.27
13.9801  1.07
13.9901  1.14
14.0001  1.19
14.0101  1.14
14.0201  1.25
14.0301  1.33
14.0401  1.26
14.0501  1.25
14.0601  1.15
14.0701  1.18
14.0801  1.28
14.0901  1.14
14.1001  1.06
14.1101  1.23
14.1201  1.32
14.1301  1.26
14.1401  0.88
14.1501  1.27
14.1601  1.25
14.1701  1.44
14.1801  1.16
14.1901  1.05
14.2001  1.21
14.2101  1.35
14.2201  1.25
14.2301  1.38
14.2401  1.24
14.2501  1.11
14.2601  1.14
14.2701  1.04
14.2801  1.09
14.2901  1.29
14.3001  1.19
14.3101  1.44
14.3201  1.1
14.3301  0.96
14.3401  1.15
14.3501  1.14
14.3601  1.22
14.3701  1.1
14.3801  1.18
14.3901  1.29
14.4001  1.33
14.4101  1.26
14.4201  1.2
14.4301  1.31
14.4401  1.31
14.4501  1.21
14.4601  1.05
14.4701  1.42
14.4801  1.14
14.4901  1.31
14.5001  1.3
14.5101  1.24
14.5201  0.96
14.5301  1.19
14.5401  1.12
14.5501  1.29
14.5601  1.19
14.5701  1.19
14.5801  1.3
14.5901  1.27
14.6001  1.12
14.6101  1.41
14.6201  1.17
14.6301  1.21
14.6401  1.4
14.6501  1.01
14.6601  1.14
14.6701  1.27
14.6801  1.54
14.6901  1.35
14.7001  1.13
14.7101  1.02
14.7201  1.21
14.7301  1.27
14.7401  1.26
14.7501  1.25
14.7601  1.36
14.7701  1.09
14.7801  1.04
14.7901  1.25
14.8001  1.15
14.8101  1.27
14.8201  1.25
14.8301  1.2
14.8401  1.28
14.8501  1.18
14.8601  1.04
14.8701  1.01
14.8801  1.3
14.8901  1.28
14.9001  1.32
14.9101  1.15
14.9201  1.31
14.9301  1.16
14.9401  1.33
14.9501  1.12
14.9601  1.07
14.9701  1.24
14.9801  0.99
14.9901  1.08
15.0001  1.13
15.0101  1.11
15.0201  1.27
15.0301  1.06
15.0401  1.47
15.0501  1.33
15.0601  1.35
15.0701  1.16
15.0801  1.16
15.0901  1.21
15.1001  1.1
15.1101  1.27
15.1201  1.08
15.1301  1.01
15.1401  1.28
15.1501  1.08
15.1601  1.17
15.1701  1.1
15.1801  1.27
15.1901  1.11
15.2001  1.19
15.2101  1.28
15.2201  1.36
15.2301  1.16
15.2401  1.09
15.2501  0.97
15.2601  1.25
15.2701  1.16
15.2801  1.22
15.2901  1.16
15.3001  1.12
15.3101  1.37
15.3201  1.12
15.3301  1.26
15.3401  1.11
15.3501  1.24
15.3601  1.29
15.3701  1.14
15.3801  1.13
15.3901  1.33
15.4001  0.97
15.4101  1.33
15.4201  1.07
15.4301  1.17
15.4401  1.18
15.4501  1.12
15.4601  1.2
15.4701  1.25
15.4801  1.24
15.4901  1.16
15.5001  1.25
15.5101  1.11
15.5201  1.23
15.5301  1.13
15.5401  1.23
15.5501  1.29
15.5601  1.2
15.5701  1.29
15.5801  1.24
15.5901  1.18
15.6001  1.24
15.6101  1.28
15.6201  1.14
15.6301  1.25
15.6401  1.19
15.6501  1.32
15.6601  1.16
15.6701  1.27
15.6801  1.1
15.6901  1.35
15.7001  0.99
15.7101  1.33
15.7201  1.24
15.7301  1.22
15.7401  1.09
15.7501  1.22
15.7601  1.22
15.7701  1.29
15.7801  1.36
15.7901  1.32
15.8001  1.06
15.8101  1.13
15.8201  1.18
15.8301  1.14
15.8401  1.18
15.8501  1.18
15.8601  1.4
15.8701  1.2
15.8801  1.01
15.8901  1.15
15.9001  1.32
15.9101  1.09
15.9201  1.1
15.9301  1.32
15.9401  1.37
15.9501  1.1
15.9601  1.25
15.9701  1.14
15.9801  1.1
15.9901  1.27
16.0001  1.37
16.0101  1.11
16.0201  1.12
16.0301  1.38
16.0401  1.09
16.0501  1.22
16.0601  1.18
16.0701  1.32
16.0801  1.15
16.0901  1.17
16.1001  1.21
16.1101  1.44
16.1201  1.15
16.1301  1.07
16.1401  1.22
16.1501  1.09
16.1601  1.01
16.1701  1.2
16.1801  1.2
16.1901  1.02
16.2001  1.16
16.2101  1.18
16.2201  1.24
16.2301  1.16
16.2401  1.12
16.2501  1.18
16.2601  1.05
16.2701  1.28
16.2801  1.24
16.2901  1.23
16.3001  1.25
16.3101  1.14
16.3201  1.32
16.3301  1.21
16.3401  1.16
16.3501  1.02
16.3601  1.21
16.3701  1.13
16.3801  1.3
16.3901  1.46
16.4001  1.32
16.4101  1.15
16.4201  1.17
16.4301  1.11
16.4401  1.41
16.4501  1.02
16.4601  1.02
16.4701  1.2
16.4801  1.19
16.4901  1.28
16.5001  1.19
16.5101  1.26
16.5201  1.25
16.5301  1.11
16.5401  1.3
16.5501  1.44
16.5601  1.32
16.5701  1.05
16.5801  1.18
16.5901  1.25
16.6001  1.18
16.6101  1.18
16.6201  1.22
16.6301  1.09
16.6401  1.22
16.6501  1.22
16.6601  1.26
16.6701  1.22
16.6801  1.25
16.6901  1.15
16.7001  1.12
16.7101  1.3
16.7201  1.01
16.7301  1.22
16.7401  1.06
16.7501  1.19
16.7601  1.14
16.7701  1.35
16.7801  1.28
16.7901  1.31
16.8001  1.17
16.8101  1.19
16.8201  1.19
16.8301  1.09
16.8401  1.19
16.8501  1.2
16.8601  1.19
16.8701  1.18
16.8801  1.13
16.8901  1.2
16.9001  1.41
16.9101  1.18
16.9201  1.34
16.9301  1.02
16.9401  1.28
16.9501  1.35
16.9601  1.3
16.9701  1.09
16.9801  1.1
16.9901  1.32
17.0001  1.02
17.0101  1.2
17.0201  1.17
17.0301  1.2
17.0401  1.25
17.0501  1.35
17.0601  1.06
17.0701  1.35
17.0801  1.29
17.0901  1.27
17.1001  1.11
17.1101  0.98
17.1201  1.25
17.1301  1.09
17.1401  1.13
17.1501  1.18
17.1601  1.25
17.1701  1.32
17.1801  1.13
17.1901  1.31
17.2001  1.29
17.2101  1.3
17.2201  1.15
17.2301  1.18
17.2401  1.13
17.2501  1.22
17.2601  1.37
17.2701  1.39
17.2801  1.1
17.2901  1.43
17.3001  1.06
17.3101  1.19
17.3201  1.01
17.3301  1.18
17.3401  1.14
17.3501  1.02
17.3601  1.36
17.3701  1.31
17.3801  1.31
17.3901  0.95
17.4001  1.2
17.4101  1.04
17.4201  1.21
17.4301  1.21
17.4401  1.33
17.4501  1.4
17.4601  1.28
17.4701  1.15
17.4801  1
17.4901  1.15
17.5001  1.3
17.5101  1.36
17.5201  1.34
17.5301  1.22
17.5401  1.03
17.5501  1.05
17.5601  1.16
17.5701  1.17
17.5801  1.28
17.5901  1.13
17.6001  1.21
17.6101  1.26
17.6201  1.03
17.6301  1.18
17.6401  1.3
17.6501  1.22
17.6601  1.2
17.6701  1.22
17.6801  1.16
17.6901  1.33
17.7001  1.29
17.7101  1.18
17.7201  1.12
17.7301  1.11
17.7401  1.18
17.7501  0.88
17.7601  1.42
17.7701  1.16
17.7801  1.15
17.7901  1.37
17.8001  1.25
17.8101  1.24
17.8201  1.01
17.8301  1.24
17.8401  1.23
17.8501  1.35
17.8601  1.46
17.8701  1.2
17.8801  1.27
17.8901  1.01
17.9001  1.13
17.9101  0.92
17.9201  1.03
17.9301  1.39
17.9401  1.16
17.9501  1.15
17.9601  1.29
17.9701  1.33
17.9801  1.27
17.9901  1.08
18.0001  1.4
18.0101  0.97
18.0201  1.07
18.0301  1.21
18.0401  0.94
18.0501  1.24
18.0601  1.33
18.0701  1.26
18.0801  1.47
18.0901  1.07
18.1001  1.37
18.1101  1.1
18.1201  1.08
18.1301  1.31
18.1401  1.11
18.1501  1.26
18.1601  1.3
18.1701  1.25
18.1801  1.02
18.1901  1.44
18.2001  1.24
18.2101  1.21
18.2201  1.09
18.2301  1.21
18.2401  1.09
18.2501  0.95
18.2601  1.15
18.2701  1.26
18.2801  1.18
18.2901  1.23
18.3001  1.09
18.3101  1.1
18.3201  1.26
18.3301  1.08
18.3401  1.24
18.3501  1.18
18.3601  1.32
18.3701  1.22
18.3801  1.41
18.3901  0.96
18.4001  1.3
18.4101  1.14
18.4201  1.37
18.4301  1.34
18.4401  1.37
18.4501  0.92
18.4601  1.32
18.4701  1.05
18.4801  1.39
18.4901  1.21
18.5001  1.18
18.5101  1.22
18.5201  1.01
18.5301  1.17
18.5401  1.28
18.5501  1.12
18.5601  1.43
18.5701  1.23
18.5801  1
18.5901  1.23
18.6001  1.13
18.6101  1.24
18.6201  1.26
18.6301  1.24
18.6401  1.24
18.6501  1.23
18.6601  1.3
18.6701  1.13
18.6801  1.24
18.6901  1.17
18.7001  1.27
18.7101  1.05
18.7201  1.11
18.7301  1.14
18.7401  1.38
18.7501  1.1
18.7601  1.15
18.7701  1.21
18.7801  1.2
18.7901  1.16
18.8001  1.28
18.8101  1.04
18.8201  1.38
18.8301  1.24
18.8401  1.27
18.8501  1.13
18.8601  1.37
18.8701  1.33
18.8801  1.11
18.8901  1.24
18.9001  1.16
18.9101  1.18
18.9201  1.22
18.9301  1.2
18.9401  1.21
18.9501  1.02
18.9601  1.24
18.9701  1.35
18.9801  0.95
18.9901  1.31
19.0001  1.13
19.0101  1.12
19.0201  1.16
19.0301  0.98
19.0401  1.04
19.0501  1.41
19.0601  1.18
19.0701  1.16
19.0801  1.31
19.0901  1.26
19.1001  1.19
19.1101  1.13
19.1201  1.14
19.1301  1.38
19.1401  1.16
19.1501  1.31
19.1601  1.26
19.1701  1.28
19.1801  1.15
19.1901  1.13
19.2001  1.22
19.2101  1.27
19.2201  1.46
19.2301  1.18
19.2401  1.37
19.2501  0.96
19.2601  1.07
19.2701  1.3
19.2801  1.11
19.2901  1.26
19.3001  1.17
19.3101  1.31
19.3201  1.11
19.3301  1.15
19.3401  1.24
19.3501  1.29
19.3601  1.11
19.3701  1.07
19.3801  1.19
19.3901  1.24
19.4001  1.24
19.4101  1.14
19.4201  1.24
19.4301  1.21
19.4401  0.94
19.4501  1.27
19.4601  1.17
19.4701  1.35
19.4801  1.11
19.4901  1.2
19.5001  1.25
19.5101  1.25
19.5201  1.13
19.5301  1.11
19.5401  1.28
19.5501  1.25
19.5601  1.26
19.5701  1.17
19.5801  1.11
19.5901  1.28
19.6001  1.17
19.6101  1.37
19.6201  1.18
19.6301  1.26
19.6401  1.13
19.6501  1.27
19.6601  1.18
19.6701  1.1
19.6801  1.15
19.6901  1.22
19.7001  1.06
19.7101  1.34
19.7201  1.39
19.7301  1.13
19.7401  1.17
19.7501  1.35
19.7601  1.24
19.7701  1.09
19.7801  1.22
19.7901  1.13
19.8001  1.17
19.8101  1.1
19.8201  1.09
19.8301  1.11
19.8401  1.2
19.8501  1.19
19.8601  1.12
19.8701  1.25
19.8801  1.16
19.8901  1.21
19.9001  1.1
19.9101  1.28
19.9201  1.3
19.9301  1.3
19.9401  1.18
19.9501  1.16
19.9601  1.24
19.9701  1.01
19.9801  1.27
19.9901  1.13
20.0001  1.26
20.0101  1.05
20.0201  1.22
20.0301  1.15
20.0401  1.46
20.0501  1.25
20.0601  1.08
20.0701  1.27
20.0801  1.07
20.0901  1.18
20.1001  1.27
20.1101  1.3
20.1201  1.26
20.1301  1.33
20.1401  1.25
20.1501  1.25
20.1601  1.19
20.1701  1.2
20.1801  1.14
20.1901  1.18
20.2001  1.13
20.2101  1.29
20.2201  1.25
20.2301  1.24
20.2401  1.18
20.2501  1.29
20.2601  1.08
20.2701  1.16
20.2801  1.21
20.2901  1.29
20.3001  1.31
20.3101  1.16
20.3201  1.22
20.3301  1.14
20.3401  1.1
20.3501  1.15
20.3601  1.27
20.3701  1.16
20.3801  1.36
20.3901  1.23
20.4001  1.06
20.4101  1.07
20.4201  1.08
20.4301  1.08
20.4401  1.25
20.4501  1.08
20.4601  1.34
20.4701  1.1
20.4801  1.08
20.4901  1.14
20.5001  1.16
20.5101  1.09
20.5201  1.47
20.5301  1.19
20.5401  1.49
20.5501  1.06
20.5601  1.18
20.5701  1.18
20.5801  1.25
20.5901  1.07
20.6001  1.07
20.6101  1.19
20.6201  1.27
20.6301  1.19
20.6401  1.39
20.6501  1.16
20.6601  1.11
20.6701  1.13
20.6801  1.01
20.6901  1.19
20.7001  1.27
20.7101  1.26
20.7201  1.21
20.7301  1.33
20.7401  1.11
20.7501  1.08
20.7601  1.1
20.7701  1.15
20.7801  1.22
20.7901  1.08
20.8001  0.99
20.8101  1.22
20.8201  1.32
20.8301  1.13
20.8401  1.19
20.8501  1.24
20.8601  1.1
20.8701  1.22
20.8801  1.2
20.8901  1.24
20.9001  1.26
20.9101  1.24
20.9201  1.33
20.9301  1.1
20.9401  1.27
20.9501  1.21
20.9601  1.26
20.9701  1.14
20.9801  1.25
20.9901  1.12
21.0001  0.98
21.0101  1.19
21.0201  1.13
21.0301  1.17
21.0401  1.34
21.0501  1.22
21.0601  1.21
21.0701  1.3
21.0801  1.1
21.0901  1.1
21.1001  1
21.1101  1.01
21.1201  1.19
21.1301  1.21
21.1401  1.32
21.1501  1.15
21.1601  1.2
21.1701  1.04
21.1801  1.31
21.1901  1.31
21.2001  1.35
21.2101  1.25
21.2201  1.23
21.2301  1.09
21.2401  1.16
21.2501  1.08
21.2601  1.23
21.2701  1.28
21.2801  1.23
21.2901  1.07
21.3001  0.94
21.3101  1.32
21.3201  1.11
21.3301  1.08
21.3401  1.38
21.3501  1.04
21.3601  1.4
21.3701  1.04
21.3801  1.12
21.3901  1.29
21.4001  1.19
21.4101  1.27
21.4201  1.1
21.4301  1.27
21.4401  1.17
21.4501  1.1
21.4601  1.21
21.4701  1.24
21.4801  1.22
21.4901  1.21
21.5001  1.15
21.5101  1.17
21.5201  1.3
21.5301  1.09
21.5401  1.25
21.5501  1.13
21.5601  1.08
21.5701  1.31
21.5801  1.48
21.5901  1.2
21.6001  1.25
21.6101  1.05
21.6201  1.06
21.6301  1.16
21.6401  1.25
21.6501  1.19
21.6601  1.27
21.6701  1.26
21.6801  1.23
21.6901  1.19
21.7001  1.1
21.7101  1.23
21.7201  1.15
21.7301  1.33
21.7401  1.36
21.7501  1.15
21.7601  1.16
21.7701  1.24
21.7801  1.16
21.7901  1.15
21.8001  1.23
21.8101  1.26
21.8201  1.4
21.8301  1.16
21.8401  1.33
21.8501  1.33
21.8601  1.33
21.8701  1.15
21.8801  1.22
21.8901  1.17
21.9001  1.25
21.9101  1.12
21.9201  1.3
21.9301  1
21.9401  1.13
21.9501  1.36
21.9601  1.18
21.9701  1.2
21.9801  1.21
21.9901  1.19
22.0001  1.14
22.0101  1.28
22.0201  1.14
22.0301  1.35
22.0401  1.1
22.0501  1.21
22.0601  1.22
22.0701  0.91
22.0801  1.31
22.0901  1.04
22.1001  1.2
22.1101  1.17
22.1201  1.34
22.1301  1.24
22.1401  1.05
22.1501  1.12
22.1601  1.25
22.1701  1.33
22.1801  1.16
22.1901  1.24
22.2001  1.19
22.2101  1.2
22.2201  1.33
22.2301  1.14
22.2401  1.07
22.2501  1.16
22.2601  1.46
22.2701  1.25
22.2801  1.32
22.2901  1.16
22.3001  1.16
22.3101  1.16
22.3201  1.2
22.3301  1.1
22.3401  1.2
22.3501  1.28
22.3601  1.23
22.3701  1.05
22.3801  1.2
22.3901  1.16
22.4001  1.3
22.4101  1.05
22.4201  1.3
22.4301  1.18
22.4401  1.24
22.4501  1.32
22.4601  1.22
22.4701  1.4
22.4801  1.23
22.4901  0.95
22.5001  0.99
22.5101  0.9
22.5201  1.12
22.5301  1.16
22.5401  0.94
22.5501  1.21
22.5601  1.08
22.5701  1.21
22.5801  1.2
22.5901  1.39
22.6001  1.11
22.6101  1.18
22.6201  1.07
22.6301  1.16
22.6401  1.01
22.6501  1.12
22.6601  1.15
22.6701  1.12
22.6801  1.09
22.6901  0.99
22.7001  1.31
22.7101  1.27
22.7201  1.09
22.7301  1.15
22.7401  1.11
22.7501  1.2
22.7601  1.13
22.7701  1.26
22.7801  1.28
22.7901  1.16
22.8001  1.3
22.8101  1.46
22.8201  1.23
22.8301  1.25
22.8401  0.99
22.8501  1.04
22.8601  1.12
22.8701  1.1
22.8801  1.21
22.8901  1.23
22.9001  1.37
22.9101  1.07
22.9201  1.11
22.9301  1.22
22.9401  1
22.9501  1.33
22.9601  1.24
22.9701  1.23
22.9801  1.28
22.9901  1.13
23.0001  1.12
23.0101  1.28
23.0201  1.27
23.0301  1.15
23.0401  1.21
23.0501  1.26
23.0601  1.09
23.0701  1.28
23.0801  1.19
23.0901  1.23
23.1001  1.27
23.1101  1.24
23.1201  1.2
23.1301  1.04
23.1401  1.08
23.1501  1.36
23.1601  1.12
23.1701  1.19
23.1801  1.25
23.1901  1.28
23.2001  1.26
23.2101  1.27
23.2201  1.08
23.2301  1.28
23.2401  1.17
23.2501  1.2
23.2601  1.2
23.2701  1.25
23.2801  1.29
23.2901  1.32
23.3001  1.28
23.3101  1.1
23.3201  1.07
23.3301  1.24
23.3401  1.15
23.3501  1.24
23.3601  1.2
23.3701  0.98
23.3801  1.1
23.3901  1.35
23.4001  1.26
23.4101  1.21
23.4201  1.17
23.4301  1.15
23.4401  1.09
23.4501  1.23
23.4601  1.15
23.4701  1.23
23.4801  1.35
23.4901  1.29
23.5001  1.16
23.5101  0.97
23.5201  1.19
23.5301  1.23
23.5401  1.22
23.5501  1.44
23.5601  1.25
23.5701  1.19
23.5801  1.15
23.5901  1.22
23.6001  1.08
23.6101  1.21
23.6201  1.29
23.6301  1.28
23.6401  0.93
23.6501  1.04
23.6601  1.2
23.6701  1.15
23.6801  1.06
23.6901  1.12
23.7001  1.17
23.7101  1.3
23.7201  1.3
23.7301  1.19
23.7401  1.26
23.7501  1.08
23.7601  1.32
23.7701  0.92
23.7801  1.34
23.7901  1.27
23.8001  1.15
23.8101  1.28
23.8201  1.19
23.8301  1.34
23.8401  1.17
23.8501  1.23
23.8601  1.15
23.8701  1.49
23.8801  1.14
23.8901  1.13
23.9001  1.15
23.9101  1.15
23.9201  1.08
23.9301  1.19
23.9401  1.02
23.9501  1.34
23.9601  1.21
23.9701  1.05
23.9801  1.16
23.9901  1.27
24.0001  1.28
24.0101  1.23
24.0201  1.1
24.0301  1.21
24.0401  1.14
24.0501  1.31
24.0601  1.24
24.0701  1.39
24.0801  1.5
24.0901  1.15
24.1001  1.2
24.1101  1.19
24.1201  1.15
24.1301  1.06
24.1401  1.02
24.1501  1.24
24.1601  1.32
24.1701  1.33
24.1801  1.34
24.1901  1.04
24.2001  1.21
24.2101  1.22
24.2201  1.17
24.2301  1.21
24.2401  1.09
24.2501  1.29
24.2601  1.16
24.2701  1.48
24.2801  1.17
24.2901  1.24
24.3001  1.22
24.3101  1.17
24.3201  1.25
24.3301  1
24.3401  1.29
24.3501  1.1
24.3601  1.12
24.3701  1.17
24.3801  1.16
24.3901  1.18
24.4001  1.14
24.4101  1.15
24.4201  1.17
24.4301  1.14
24.4401  1.46
24.4501  1.24
24.4601  1.14
24.4701  1.05
24.4801  1.26
24.4901  1.16
24.5001  1.17
24.5101  1.19
24.5201  1.29
24.5301  1.16
24.5401  1.25
24.5501  1.28
24.5601  1.13
24.5701  1.3
24.5801  1.19
24.5901  1.2
24.6001  1.16
24.6101  1.1
24.6201  1.19
24.6301  1.35
24.6401  1.05
24.6501  1.2
24.6601  1.21
24.6701  1.22
24.6801  1.15
24.6901  1.27
24.7001  1.18
24.7101  1.3
24.7201  1.28
24.7301  1.15
24.7401  1.31
24.7501  1.27
24.7601  0.91
24.7701  1.23
24.7801  1.04
24.7901  1.4
24.8001  1.33
24.8101  1.25
24.8201  1.2
24.8301  0.99
24.8401  1.13
24.8501  1.11
24.8601  1.17
24.8701  1.14
24.8801  1.28
24.8901  1.24
24.9001  1.15
24.9101  1.25
24.9201  1.26
24.9301  1.16
24.9401  1.26
24.9501  1.35
24.9601  1.11
24.9701  1.28
24.9801  1.05
24.9901  1.07
25.0001  1.07
25.0101  1.44
25.0201  1.11
25.0301  1.2
25.0401  1.29
25.0501  1.29
25.0601  1.39
25.0701  1.25
25.0801  1.07
25.0901  1.13
25.1001  1.2
25.1101  1.32
25.1201  1.28
25.1301  1.19
25.1401  1.2
25.1501  1.24
25.1601  1.14
25.1701  1.32
25.1801  1.21
25.1901  1.23
25.2001  1.08
25.2101  1.21
25.2201  1.01
25.2301  1.26
25.2401  1.23
25.2501  1.4
25.2601  1.25
25.2701  1.08
25.2801  1.14
25.2901  1.29
25.3001  1.18
25.3101  1.14
25.3201  1.23
25.3301  1.34
25.3401  1.26
25.3501  1.28
25.3601  1.16
25.3701  1
25.3801  1.07
25.3901  1.04
25.4001  1.39
25.4101  1.1
25.4201  1.34
25.4301  1.24
25.4401  1.2
25.4501  1.53
25.4601  1.32
25.4701  1.34
25.4801  0.93
25.4901  1.03
25.5001  1.24
25.5101  1.18
25.5201  1.34
25.5301  1.3
25.5401  1.11
25.5501  1.36
25.5601  1.25
25.5701  1.15
25.5801  1.09
25.5901  1.2
25.6001  1.18
25.6101  1.11
25.6201  1.03
25.6301  1.18
25.6401  1.07
25.6501  1.21
25.6601  1.24
25.6701  1.27
25.6801  1.22
25.6901  1.2
25.7001  1.36
25.7101  1.33
25.7201  1.05
25.7301  1.2
25.7401  1.1
25.7501  1.22
25.7601  1.24
25.7701  1.15
25.7801  1.28
25.7901  1.26
25.8001  1.06
25.8101  1.21
25.8201  1.31
25.8301  1.18
25.8401  1.11
25.8501  1.26
25.8601  1.14
25.8701  1.19
25.8801  1.27
25.8901  1.05
25.9001  1.37
25.9101  1.39
25.9201  1.04
25.9301  1.18
25.9401  1.21
25.9501  1.19
25.9601  1.33
25.9701  1.03
25.9801  1.28
25.9901  1.09
26.0001  1.15
26.0101  1.13
26.0201  1.23
26.0301  1.25
26.0401  1.21
26.0501  1.32
26.0601  1.31
26.0701  1.18
26.0801  1.37
26.0901  1.26
26.1001  1.04
26.1101  1.36
26.1201  1.38
26.1301  1.19
26.1401  1.31
26.1501  1.26
26.1601  1.08
26.1701  1.01
26.1801  1.34
26.1901  1.38
26.2001  1.16
26.2101  1.05
26.2201  1.08
26.2301  0.99
26.2401  1.05
26.2501  1.21
26.2601  1.18
26.2701  1.3
26.2801  1.08
26.2901  1.3
26.3001  1.32
26.3101  1.17
26.3201  1.27
26.3301  1.06
26.3401  1.22
26.3501  1.21
26.3601  1.1
26.3701  1.21
26.3801  1.11
26.3901  1.17
26.4001  1.28
26.4101  1.03
26.4201  1.09
26.4301  1.16
26.4401  1.28
26.4501  1.27
26.4601  1.22
26.4701  1.11
26.4801  1.09
26.4901  1.2
26.5001  1.2
26.5101  1.26
26.5201  1.17
26.5301  1.02
26.5401  1.21
26.5501  1.17
26.5601  1.2
26.5701  1.14
26.5801  1.21
26.5901  1.14
26.6001  1.18
26.6101  1.34
26.6201  1.32
26.6301  1.15
26.6401  1.08
26.6501  1.08
26.6601  1.26
26.6701  1.15
26.6801  1.28
26.6901  1.14
26.7001  1.26
26.7101  1.11
26.7201  1.09
26.7301  1.29
26.7401  1.31
26.7501  1.19
26.7601  1.27
26.7701  1.08
26.7801  1.16
26.7901  1.08
26.8001  1.22
26.8101  1.23
26.8201  1.29
26.8301  1.09
26.8401  1.19
26.8501  1.23
26.8601  1.2
26.8701  1
26.8801  1.22
26.8901  1.28
26.9001  1.13
26.9101  1.15
26.9201  1.2
26.9301  1.23
26.9401  1.35
26.9501  1.18
26.9601  1.12
26.9701  1.18
26.9801  1.55
26.9901  1.27
27.0001  1.48
27.0101  1.14
27.0201  1.16
27.0301  1.27
27.0401  1.28
27.0501  1.13
27.0601  1.16
27.0701  1.3
27.0801  1.19
27.0901  1.26
27.1001  1.41
27.1101  1.29
27.1201  1.19
27.1301  1.26
27.1401  1.2
27.1501  1.18
27.1601  1.27
27.1701  1.13
27.1801  0.99
27.1901  1.34
27.2001  1.31
27.2101  1.18
27.2201  1.1
27.2301  1.22
27.2401  1.27
27.2501  1.24
27.2601  1.08
27.2701  1.11
27.2801  1.3
27.2901  1.15
27.3001  1.13
27.3101  1.38
27.3201  1.12
27.3301  1.23
27.3401  1.13
27.3501  1.18
27.3601  1.16
27.3701  1.19
27.3801  1.31
27.3901  1.08
27.4001  1.1
27.4101  1.07
27.4201  1.26
27.4301  1.21
27.4401  1.37
27.4501  1.4
27.4601  1.15
27.4701  1.35
27.4801  1.28
27.4901  1.11
27.5001  1.3
27.5101  1.15
27.5201  1.41
27.5301  0.96
27.5401  1.35
27.5501  1.17
27.5601  1.4
27.5701  1.15
27.5801  0.93
27.5901  1.08
27.6001  1.37
27.6101  1.23
27.6201  1.14
27.6301  1.1
27.6401  1.18
27.6501  1.12
27.6601  1.25
27.6701  1.48
27.6801  1.11
27.6901  1.14
27.7001  1.27
27.7101  1.05
27.7201  1.09
27.7301  1.28
27.7401  1.22
27.7501  1.16
27.7601  1.26
27.7701  1.11
27.7801  1.16
27.7901  1.28
27.8001  1.01
27.8101  1.09
27.8201  1.34
27.8301  1.27
27.8401  1
27.8501  1.25
27.8601  1.19
27.8701  1.12
27.8801  1.37
27.8901  1.14
27.9001  1.19
27.9101  1.16
27.9201  1.25
27.9301  1.25
27.9401  1.22
27.9501  1.32
27.9601  1.31
27.9701  1.22
27.9801  1.19
27.9901  1.41
28.0001  1.08
28.0101  1.32
28.0201  1.28
28.0301  1.41
28.0401  1.24
28.0501  1.33
28.0601  1.22
28.0701  0.91
28.0801  1.22
28.0901  1.05
28.1001  1.2
28.1101  1.21
28.1201  1.26
28.1301  1.29
28.1401  1.25
28.1501  1.25
28.1601  1.14
28.1701  1.05
28.1801  1.38
28.1901  1.07
28.2001  0.97
28.2101  1.33
28.2201  1.17
28.2301  1.17
28.2401  1.19
28.2501  1.06
28.2601  1.14
28.2701  1.18
28.2801  1.21
28.2901  1.19
28.3001  1.1
28.3101  1.19
28.3201  1.06
28.3301  1.27
28.3401  1.25
28.3501  1.06
28.3601  0.94
28.3701  1.43
28.3801  1.19
28.3901  1.14
28.4001  1.29
28.4101  0.99
28.4201  1.24
28.4301  1.41
28.4401  1.34
28.4501  1.23
28.4601  1.24
28.4701  1.12
28.4801  1.11
28.4901  1.28
28.5001  1.2
28.5101  1.28
28.5201  1.43
28.5301  1.16
28.5401  1.16
28.5501  1.12
28.5601  1.09
28.5701  1.08
28.5801  1.12
28.5901  1.19
28.6001  1.13
28.6101  1.12
28.6201  1.44
28.6301  1.18
28.6401  1.23
28.6501  1.23
28.6601  1.17
28.6701  1
28.6801  1.34
28.6901  1.11
28.7001  1.23
28.7101  1.33
28.7201  1.23
28.7301  0.92
28.7401  1.11
28.7501  1.26
28.7601  1.09
28.7701  1.18
28.7801  1.25
28.7901  1.19
28.8001  1.25
28.8101  1.26
28.8201  1.39
28.8301  1.13
28.8401  1.56
28.8501  1.21
28.8601  1.05
28.8701  1.27
28.8801  1.15
28.8901  1.16
28.9001  1.19
28.9101  1.42
28.9201  1.15
28.9301  1.25
28.9401  1.22
28.9501  1.03
28.9601  1.08
28.9701  1.28
28.9801  1.04
28.9901  1.04
29.0001  1.29
29.0101  1.43
29.0201  1.27
29.0301  1.42
29.0401  1.05
29.0501  1.23
29.0601  1.15
29.0701  1.25
29.0801  1.12
29.0901  1.17
29.1001  1.36
29.1101  1.32
29.1201  1.05
29.1301  1.31
29.1401  1
29.1501  1.15
29.1601  1.06
29.1701  1.52
29.1801  1.19
29.1901  1.14
29.2001  1.18
29.2101  1.15
29.2201  1.31
29.2301  1.35
29.2401  1.09
29.2501  1.26
29.2601  1.23
29.2701  1.26
29.2801  1.07
29.2901  1.11
29.3001  1.27
29.3101  1.17
29.3201  1.09
29.3301  1.05
29.3401  1.33
29.3501  1.22
29.3601  1.32
29.3701  1.06
29.3801  1.06
29.3901  1.26
29.4001  1.04
29.4101  1.4
29.4201  1.22
29.4301  1.12
29.4401  1.25
29.4501  1.27
29.4601  1.25
29.4701  1.1
29.4801  0.95
29.4901  1.19
29.5001  1.43
29.5101  1.11
29.5201  1.21
29.5301  1.07
29.5401  1.15
29.5501  1.33
29.5601  1.28
29.5701  1.07
29.5801  1.26
29.5901  1.2
29.6001  1.1
29.6101  0.99
29.6201  1.3
29.6301  1.04
29.6401  1.3
29.6501  1.29
29.6601  1.32
29.6701  1.23
29.6801  1.01
29.6901  1.07
29.7001  1.04
29.7101  1.2
29.7201  1.07
29.7301  1.09
29.7401  1.2
29.7501  1.18
29.7601  0.94
29.7701  1.08
29.7801  1.29
29.7901  1.37
29.8001  1.23
29.8101  1.1
29.8201  1.19
29.8301  1.17
29.8401  1.14
29.8501  1.31
29.8601  1.38
29.8701  1.17
29.8801  0.97
29.8901  1.16
29.9001  0.93
29.9101  1.37
29.9201  1.18
29.9301  1.17
29.9401  1.08
29.9501  1.18
29.9601  1.3
29.9701  1.24
29.9801  1.27
29.9901  1.18
30.0001  1.34
30.0101  1.04
30.0201  1.25
30.0301  1.09
30.0401  0.98
30.0501  1.26
30.0601  1.17
30.0701  1.03
30.0801  1.26
30.0901  1.31
30.1001  1.21
30.1101  1.24
30.1201  1.14
30.1301  1.05
30.1401  1.33
30.1501  1.22
30.1601  1.4
30.1701  1.15
30.1801  1.19
30.1901  1.18
30.2001  1.32
30.2101  1.22
30.2201  1.03
30.2301  1.37
30.2401  1.11
30.2501  1.2
30.2601  1.07
30.2701  1.12
30.2801  1.25
30.2901  1.1
30.3001  1.22
30.3101  1.2
30.3201  1.38
30.3301  1.12
30.3401  1.18
30.3501  1.29
30.3601  1.32
30.3701  1.17
30.3801  1.21
30.3901  1.21
30.4001  1.5
30.4101  1.06
30.4201  1.08
30.4301  1.05
30.4401  1.2
30.4501  1.22
30.4601  0.96
30.4701  1.37
30.4801  1.03
30.4901  1.19
30.5001  1.26
30.5101  1.17
30.5201  1.28
30.5301  1.28
30.5401  1.34
30.5501  1.26
30.5601  1.09
30.5701  1.12
30.5801  1.3
30.5901  1.17
30.6001  1.11
30.6101  1.03
30.6201  1.19
30.6301  1.08
30.6401  1.24
30.6501  1.04
30.6601  1.37
30.6701  1.23
30.6801  1.16
30.6901  1.24
30.7001  1.22
30.7101  1.17
30.7201  1.34
30.7301  1.22
30.7401  0.9
30.7501  1.12
30.7601  1.12
30.7701  1.05
30.7801  1.22
30.7901  1.4
30.8001  1.38
30.8101  1.27
30.8201  1.13
30.8301  1.45
30.8401  1.2
30.8501  1.24
30.8601  1.13
30.8701  1.38
30.8801  1.2
30.8901  1.33
30.9001  1.16
30.9101  1.21
30.9201  1.22
30.9301  1.09
30.9401  1.08
30.9501  1.11
30.9601  1.16
30.9701  1.21
30.9801  1.09
30.9901  1.28
31.0001  1.12
31.0101  1.21
31.0201  1.31
31.0301  1.1
31.0401  1.31
31.0501  1.16
31.0601  1.29
31.0701  1.11
31.0801  1.15
31.0901  1.13
31.1001  1.27
31.1101  1.12
31.1201  1.14
31.1301  1.3
31.1401  1.14
31.1501  1.15
31.1601  1.05
31.1701  1.31
31.1801  1.27
31.1901  1.33
31.2001  1.19
31.2101  1.05
31.2201  1.33
31.2301  1.29
31.2401  0.97
31.2501  1.34
31.2601  1.14
31.2701  1.34
31.2801  1.11
31.2901  1.17
31.3001  1.28
31.3101  1.29
31.3201  1.12
31.3301  1.02
31.3401  1.05
31.3501  1.39
31.3601  1.14
31.3701  1.35
31.3801  0.96
31.3901  1.26
31.4001  1.25
31.4101  1.49
31.4201  1.26
31.4301  1.16
31.4401  1.09
31.4501  1.22
31.4601  1.11
31.4701  1.18
31.4801  1.18
31.4901  1.28
31.5001  1.22
31.5101  1.18
31.5201  1.37
31.5301  1.05
31.5401  1.13
31.5501  1.03
31.5601  1.25
31.5701  1.13
31.5801  1.22
31.5901  1.41
31.6001  1.18
31.6101  1.32
31.6201  1.34
31.6301  1.22
31.6401  1.08
31.6501  1.2
31.6601  1.32
31.6701  1.28
31.6801  1.14
31.6901  1.18
31.7001  1.25
31.7101  1.11
31.7201  1.23
31.7301  1.25
31.7401  1.17
31.7501  1.25
31.7601  1.32
31.7701  1.29
31.7801  1.25
31.7901  1.27
31.8001  1.19
31.8101  1.2
31.8201  1.23
31.8301  1.22
31.8401  1.28
31.8501  1.01
31.8601  1.32
31.8701  1.17
31.8801  1.32
31.8901  1.27
31.9001  1.11
31.9101  1.17
31.9201  1.16
31.9301  1.28
31.9401  1.13
31.9501  1.03
31.9601  1.47
31.9701  1.15
31.9801  1.34
31.9901  1.27
32.0001  1.29
32.0101  1.46
32.0201  1.31
32.0301  1.2
32.0401  1.13
32.0501  1.09
32.0601  1.04
32.0701  1.04
32.0801  1.1
32.0901  1.04
32.1001  1.24
32.1101  1.24
32.1201  1.22
32.1301  1.24
32.1401  1.27
32.1501  1.3
32.1601  1.22
32.1701  1.05
32.1801  1.05
32.1901  1.18
32.2001  1.25
32.2101  1.28
32.2201  1.31
32.2301  1.24
32.2401  1.17
32.2501  1.17
32.2601  1.11
32.2701  1.33
32.2801  1.26
32.2901  1.38
32.3001  1.13
32.3101  1.04
32.3201  1.09
32.3301  1.16
32.3401  1.05
32.3501  1.37
32.3601  1.26
32.3701  1.21
32.3801  1.24
32.3901  1.21
32.4001  1.28
32.4101  1.26
32.4201  1.23
32.4301  1.18
32.4401  1.11
32.4501  1.1
32.4601  1.24
32.4701  1.25
32.4801  1.31
32.4901  1.09
32.5001  1.28
32.5101  1.09
32.5201  1.13
32.5301  1.3
32.5401  1.12
32.5501  1.17
32.5601  1.23
32.5701  1.15
32.5801  1.46
32.5901  1.21
32.6001  1.13
32.6101  1.22
32.6201  1.1
32.6301  1.27
32.6401  1.05
32.6501  1.39
32.6601  1.13
32.6701  1.22
32.6801  1.1
32.6901  1.21
32.7001  0.98
32.7101  1.12
32.7201  1.4
32.7301  1.19
32.7401  1.16
32.7501  1.23
32.7601  1.19
32.7701  1.22
32.7801  1.33
32.7901  1.09
32.8001  1.12
32.8101  1.28
32.8201  1.29
32.8301  1.31
32.8401  1.1
32.8501  1.21
32.8601  1.31
32.8701  1.56
32.8801  1.11
32.8901  1.27
32.9001  1.15
32.9101  1.06
32.9201  1.4
32.9301  1.28
32.9401  0.92
32.9501  1.25
32.9601  1.25
32.9701  1.04
32.9801  1.28
32.9901  1.07
33.0001  1.49
33.0101  1.1
33.0201  1.17
33.0301  1.3
33.0401  1.28
33.0501  1.18
33.0601  1.11
33.0701  1.24
33.0801  1.11
33.0901  1.22
33.1001  1.14
33.1101  1.26
33.1201  1.2
33.1301  1.19
33.1401  1.17
33.1501  1.19
33.1601  1.04
33.1701  1.32
33.1801  1.36
33.1901  1.15
33.2001  1.28
33.2101  1.26
33.2201  1.19
33.2301  1.32
33.2401  1.15
33.2501  1.3
33.2601  1.16
33.2701  1.26
33.2801  1.25
33.2901  1.2
33.3001  1.03
33.3101  0.98
33.3201  1.39
33.3301  1.16
33.3401  1.14
33.3501  1.25
33.3601  1.37
33.3701  1.23
33.3801  1.19
33.3901  1.21
33.4001  1.1
33.4101  1.23
33.4201  1.14
33.4301  1.41
33.4401  1.25
33.4501  1.11
33.4601  1.28
33.4701  1.15
33.4801  1.19
33.4901  1.13
33.5001  1.17
33.5101  1.29
33.5201  1.18
33.5301  1.31
33.5401  1.26
33.5501  1.33
33.5601  1.17
33.5701  1.11
33.5801  1.16
33.5901  0.99
33.6001  1.24
33.6101  1.23
33.6201  1.06
33.6301  1.23
33.6401  1.06
33.6501  1.22
33.6601  1.24
33.6701  1.16
33.6801  1.1
33.6901  1.18
33.7001  1.29
33.7101  1.16
33.7201  1.26
33.7301  1.3
33.7401  1.16
33.7501  1.27
33.7601  1.24
33.7701  1.21
33.7801  1.35
33.7901  1.35
33.8001  1.15
33.8101  1.21
33.8201  1.09
33.8301  1.38
33.8401  1.06
33.8501  1.24
33.8601  0.93
33.8701  1.51
33.8801  1.2
33.8901  1.3
33.9001  1.06
33.9101  1.21
33.9201  1.37
33.9301  1.13
33.9401  1.11
33.9501  1.18
33.9601  1.23
33.9701  1.32
33.9801  1.15
33.9901  1.34
34.0001  1.21
34.0101  1
34.0201  1.27
34.0301  1.09
34.0401  1.14
34.0501  1.43
34.0601  1.01
34.0701  1.05
34.0801  1.42
34.0901  1.33
34.1001  1.28
34.1101  1.2
34.1201  1.14
34.1301  1.11
34.1401  1.05
34.1501  1.25
34.1601  1.17
34.1701  1.29
34.1801  1.3
34.1901  1.17
34.2001  1.3
34.2101  1.33
34.2201  1.11
34.2301  1.33
34.2401  1.17
34.2501  1.15
34.2601  1.07
34.2701  1.24
34.2801  1.41
34.2901  1.18
34.3001  1.17
34.3101  1.39
34.3201  0.95
34.3301  1.16
34.3401  1.26
34.3501  1.18
34.3601  1.17
34.3701  1.22
34.3801  1.08
34.3901  1.23
34.4001  1.19
34.4101  1.35
34.4201  1.19
34.4301  1.07
34.4401  1.34
34.4501  1.1
34.4601  1.28
34.4701  1.36
34.4801  1.28
34.4901  1.34
34.5  1.25
34.51  1.09
34.52  1.18
34.53  1.26
34.54  1.19
34.55  1.24
34.56  1.16
34.57  1.04
34.58  1.1
34.59  1.19
34.6  1.31
34.61  1.03
34.62  1.35
34.63  1.27
34.64  1.26
34.65  1.16
34.66  1.27
34.67  1.16
34.68  1.09
34.69  1.02
34.7  1.14
34.71  1.01
34.72  1.12
34.73  1.03
34.74  1.22
34.75  1.07
34.76  1.1
34.77  1.34
34.78  1.11
34.79  1.18
34.8  1.19
34.81  1.36
34.82  1.27
34.83  1.15
34.84  1.1
34.85  1.29
34.86  1.13
34.87  1.23
34.88  1.14
34.89  1.19
34.9  1.23
34.91  1.02
34.92  1.07
34.93  1.12
34.94  1.18
34.95  1.31
34.96  1.09
34.97  1.19
34.98  1.07
34.99  1.19
35  1.22
35.01  1.22
35.02  1.02
35.03  1.08
35.04  1.11
35.05  1.28
35.06  1.29
35.07  1.45
35.08  1.16
35.09  1.13
35.1  1.28
35.11  1.34
35.12  1.1
35.13  1.14
35.14  1.2
35.15  1.19
35.16  1.15
35.17  1.31
35.18  0.94
35.19  1.18
35.2  1.2
35.21  1.07
35.22  1.03
35.23  1.24
35.24  1.26
35.25  1.26
35.26  1.24
35.27  1.05
35.28  1.33
35.29  1.26
35.3  1.2
35.31  1.01
35.32  1.12
35.33  1.2
35.34  1.29
35.35  1.28
35.36  1.09
35.37  1.11
35.38  1.39
35.39  1.05
35.4  1.17
35.41  1.39
35.42  1.09
35.43  1.31
35.44  1.27
35.45  1.2
35.46  1.32
35.47  1.23
35.48  1.21
35.49  1.2
35.5  1.14
35.51  1.02
35.52  1.2
35.53  1.01
35.54  1.21
35.55  1.32
35.56  1.18
35.57  1.14
35.58  1.08
35.59  1.18
35.6  1.21
35.61  1.13
35.62  1.09
35.63  1.11
35.64  1.4
35.65  1.25
35.66  1.22
35.67  1.26
35.68  1.1
35.69  1.35
35.7  1.22
35.71  1.21
35.72  1.15
35.73  1.15
35.74  1.28
35.75  1.1
35.76  1.24
35.77  1.25
35.78  1.18
35.79  1.23
35.8  1.26
35.81  1.12
35.82  1.18
35.83  1.32
35.84  1.18
35.85  1.22
35.86  1.28
35.87  1.26
35.88  1.16
35.89  1.19
35.9  1.16
35.91  1.27
35.92  1.09
35.93  1.32
35.94  1.22
35.95  1.11
35.96  1.25
35.97  1.35
35.98  1.24
35.99  1.29
36  1.2
36.01  1.07
36.02  0.97
36.03  1.25
36.04  1.08
36.05  1.18
36.06  1.1
36.07  1.29
36.08  1.37
36.09  1.13
36.1  1.05
36.11  1.24
36.12  1.1
36.13  1.22
36.14  1.31
36.15  1.16
36.16  1.23
36.17  1.27
36.18  1.26
36.19  1.23
36.2  1.13
36.21  1.19
36.22  1.3
36.23  1.06
36.24  1.09
36.25  1.24
36.26  1.31
36.27  1.21
36.28  1.25
36.29  1.25
36.3  0.92
36.31  1.25
36.32  1.3
36.33  1.03
36.34  1.27
36.35  1.02
36.36  1.21
36.37  1.33
36.38  1.22
36.39  1.08
36.4  1.1
36.41  1.08
36.42  1.15
36.43  1.39
36.44  1.21
36.45  1.38
36.46  1.12
36.47  1.2
36.48  1.28
36.49  1.14
36.5  1.34
36.51  1.17
36.52  1.21
36.53  1.07
36.54  1.06
36.55  1.04
36.56  1.31
36.57  1.22
36.58  1.38
36.59  1.24
36.6  1.15
36.61  1.16
36.62  1.13
36.63  1.03
36.64  1.31
36.65  1.27
36.66  1.29
36.67  1.19
36.68  1.15
36.69  1.23
36.7  1.14
36.71  1.09
36.72  1.12
36.73  1.25
36.74  1.08
36.75  1.17
36.76  1.05
36.77  1.18
36.78  1.34
36.79  1.2
36.8  1.27
36.81  1.15
36.82  1.08
36.83  1.13
36.84  1.03
36.85  0.99
36.86  1.06
36.87  1.18
36.88  1.38
36.89  1.22
36.9  1.35
36.91  1.19
36.92  1.23
36.93  1.05
36.94  1.23
36.95  1.16
36.96  1.35
36.97  1.48
36.98  1.25
36.99  1.19
37  1.08
37.01  0.99
37.02  1.22
37.03  1.03
37.04  1.3
37.05  1.12
37.06  1.15
37.07  1.04
37.08  1.14
37.09  1.09
37.1  1.37
37.11  1.17
37.12  1.31
37.13  1.29
37.14  1.03
37.15  1.31
37.16  1.3
37.17  1.22
37.18  1.14
37.19  1.17
37.2  1.18
37.21  1.16
37.22  1.27
37.23  1.28
37.24  0.97
37.25  1.18
37.26  1.21
37.27  1.13
37.28  1.06
37.29  1.28
37.3  1.2
37.31  1.14
37.32  1.18
37.33  1.27
37.34  1.13
37.35  1.06
37.36  1.12
37.37  1.36
37.38  1.28
37.39  1.16
37.4  1.19
37.41  1.28
37.42  1.24
37.43  1.21
37.44  1.32
37.45  1.2
37.46  1.4
37.47  1.24
37.48  1.04
37.49  1.2
37.5  1.14
37.51  1.26
37.52  1.45
37.53  1.08
37.54  1.38
37.55  1.25
37.56  1.21
37.57  1.34
37.58  1.01
37.59  1.23
37.6  1
37.61  1.15
37.62  1.39
37.63  1.15
37.64  1.16
37.65  1.3
37.66  1.27
37.67  1.1
37.68  0.97
37.69  1.19
37.7  1.29
37.71  1.19
37.72  1.29
37.73  1.13
37.74  1.2
37.75  1.3
37.76  1.18
37.77  1.13
37.78  1.25
37.79  1.33
37.8  1.37
37.81  1.32
37.82  1.17
37.83  1.13
37.84  1.2
37.85  1.09
37.86  1.18
37.87  1.13
37.88  1.21
37.89  1.25
37.9  1.15
37.91  1.28
37.92  1.2
37.93  1.08
37.94  1.19
37.95  1.16
37.96  1.25
37.97  1.02
37.98  1.18
37.99  1.11
38  1.31
38.01  1.21
38.02  1.15
38.03  1.27
38.04  0.97
38.05  1.32
38.06  1.06
38.07  1.05
38.08  1.02
38.09  1.27
38.1  1.25
38.11  1.27
38.12  1.22
38.13  1.32
38.14  1.12
38.15  1.26
38.16  1.1
38.17  1.25
38.18  1.4
38.19  1.25
38.2  1.01
38.21  1.08
38.22  1.07
38.23  1.26
38.24  1.15
38.25  1.11
38.26  1.08
38.27  1.25
38.28  1.13
38.29  1.26
38.3  1.11
38.31  1.51
38.32  1.02
38.33  1.01
38.34  1.18
38.35  1.06
38.36  1.11
38.37  1.19
38.38  1.12
38.39  0.97
38.4  1.25
38.41  1.04
38.42  1.25
38.43  1
38.44  1.16
38.45  1.34
38.46  1.28
38.47  1.13
38.48  1.17
38.49  1.5
38.5  1.23
38.51  1.17
38.52  1.4
38.53  1.27
38.54  1.14
38.55  1.38
38.56  1.14
38.57  1.17
38.58  0.95
38.59  1.21
38.6  1.35
38.61  1.13
38.62  1.39
38.63  1.27
38.64  1.19
38.65  1.06
38.66  1.37
38.67  1.21
38.68  1.2
38.69  1.09
38.7  1.25
38.71  1.22
38.72  1.12
38.73  1.3
38.74  1.21
38.75  1.22
38.76  1.1
38.77  1.23
38.78  1.07
38.79  1.37
38.8  1.11
38.81  1.21
38.82  1.27
38.83  1
38.84  1.31
38.85  1.26
38.86  1.02
38.87  1.21
38.88  1.15
38.89  1.27
38.9  1.26
38.91  1.24
38.92  1.2
38.93  1.19
38.94  1.25
38.95  1.14
38.96  1.07
38.97  1.34
38.98  1.34
38.99  1.06
39  1.06
39.01  1.21
39.02  1.12
39.03  1.13
39.04  0.97
39.05  1.29
39.06  1.22
39.07  1.1
39.08  1.09
39.09  1.27
39.1  1.18
39.11  1.31
39.12  1.23
39.13  1.28
39.14  1.19
39.15  1.17
39.16  1.38
39.17  1.22
39.18  1.29
39.19  1.25
39.2  1.11
39.21  1.09
39.22  1.31
39.23  1.12
39.24  1.17
39.25  1.12
39.26  1.06
39.27  1.05
39.28  1.29
39.29  1.31
39.3  1.15
39.31  1.33
39.32  1.18
39.33  1.26
39.34  1.27
39.35  1.22
39.36  1.01
39.37  1.3
39.38  1.34
39.39  1.2
39.4  1.35
39.41  1.3
39.42  1.28
39.43  1.23
39.44  1.25
39.45  1.21
39.46  1.26
39.47  1.45
39.48  0.98
39.49  1.05
39.5  1.21
39.51  1.29
39.52  1.12
39.53  1.11
39.54  1.26
39.55  1.16
39.56  1.02
39.57  1.33
39.58  1.02
39.59  1.36
39.6  1.27
39.61  0.99
39.62  1.4
39.63  1.04
39.64  1.19
39.65  1.14
39.66  1.06
39.67  1.32
39.68  1.41
39.69  1.1
39.7  1.12
39.71  1.33
39.72  0.98
39.73  1.19
39.74  1.22
39.75  0.91
39.76  1.44
39.77  1.24
39.78  1.33
39.79  1.23
39.8  1.07
39.81  1.1
39.82  1.09
39.83  1
39.84  1.37
39.85  1.26
39.86  1.2
39.87  1.27
39.88  1.18
39.89  1.12
39.9  1.09
39.91  1.29
39.92  1.15
39.93  1.04
39.94  1.22
39.95  1.21
39.96  1.07
39.97  1.04
39.98  1.17
39.99  1.17
