-15  0
-14.99  0
-14.98  0
-14.97  0
-14.96  0
-14.95  0.04
-14.94  0
-14.93  0
-14.92  0.04
-14.91  0
-14.9  0.04
-14.89  0
-14.88  0.04
-14.87  0
-14.86  0.04
-14.85  0.04
-14.84  0
-14.83  0.08
-14.82  0.04
-14.81  0
-14.8  0.04
-14.79  0.04
-14.78  0.04
-14.77  0.04
-14.76  0.04
-14.75  0.04
-14.74  0.04
-14.73  0.04
-14.72  0.08
-14.71  0.04
-14.7  0.08
-14.69  0.04
-14.68  0.04
-14.67  0.04
-14.66  0.04
-14.65  0.08
-14.64  0.04
-14.63  0.04
-14.62  0.04
-14.61  0.16
-14.6  0.08
-14.59  0.04
-14.58  0.04
-14.57  0.08
-14.56  0.04
-14.55  0.08
-14.54  0.08
-14.53  0.04
-14.52  0.04
-14.51  0.08
-14.5  0.16
-14.49  0.04
-14.48  0.04
-14.47  0.08
-14.46  0.08
-14.45  0.04
-14.44  0.12
-14.43  0.12
-14.42  0.04
-14.41  0.08
-14.4  0.08
-14.39  0.08
-14.38  0.08
-14.37  0.08
-14.36  0.08
-14.35  0.12
-14.34  0.04
-14.33  0.04
-14.32  0.16
-14.31  0.04
-14.3  0.16
-14.29  0.08
-14.28  0.08
-14.27  0.12
-14.26  0.08
-14.25  0.08
-14.24  0.12
-14.23  0.04
-14.22  0.08
-14.21  0.12
-14.2  0.08
-14.19  0.08
-14.18  0.16
-14.17  0.04
-14.16  0.12
-14.15  0.08
-14.14  0.08
-14.13  0.16
-14.12  0.12
-14.11  0.12
-14.1  0.08
-14.09  0.08
-14.08  0.12
-14.07  0.08
-14.06  0.08
-14.05  0.16
-14.04  0.04
-14.03  0.16
-14.02  0.08
-14.01  0.12
-14  0.08
-13.99  0.12
-13.98  0.12
-13.97  0.12
-13.96  0.08
-13.95  0.16
-13.94  0.12
-13.93  0.16
-13.92  0.04
-13.91  0.12
-13.9  0.12
-13.89  0.08
-13.88  0.08
-13.87  0.12
-13.86  0.16
-13.85  0.12
-13.84  0.04
-13.83  0.16
-13.82  0.16
-13.81  0.08
-13.8  0.16
-13.79  0.04
-13.78  0.16
-13.77  0.08
-13.76  0.12
-13.75  0.2
-13.74  0.12
-13.73  0.12
-13.72  0.08
-13.71  0.16
-13.7  0.12
-13.69  0.08
-13.68  0.08
-13.67  0.12
-13.66  0.16
-13.65  0.16
-13.64  0.12
-13.63  0.08
-13.62  0.08
-13.61  0.16
-13.6  0.2
-13.59  0.08
-13.58  0.08
-13.57  0.12
-13.56  0.12
-13.55  0.12
-13.54  0.2
-13.53  0.12
-13.52  0.12
-13.51  0.08
-13.5  0.16
-13.49  0.16
-13.48  0.12
-13.47  0.16
-13.46  0.16
-13.45  0.04
-13.44  0.16
-13.43  0.12
-13.42  0.08
-13.41  0.16
-13.4  0.04
-13.39  0.12
-13.38  0.12
-13.37  0.24
-13.36  0.08
-13.35  0.2
-13.34  0.16
-13.33  0.08
-13.32  0.16
-13.31  0.16
-13.3  0.08
-13.29  0.12
-13.28  0.16
-13.27  0.12
-13.26  0.12
-13.25  0.12
-13.24  0.08
-13.23  0.16
-13.22  0.16
-13.21  0.12
-13.2  0.16
-13.19  0.08
-13.18  0.16
-13.17  0.12
-13.16  0.2
-13.15  0.08
-13.14  0.16
-13.13  0.08
-13.12  0.2
-13.11  0.16
-13.1  0.08
-13.09  0.16
-13.08  0.12
-13.07  0.12
-13.06  0.16
-13.05  0.12
-13.04  0.12
-13.03  0.16
-13.02  0.16
-13.01  0.12
-13  0.12
-12.99  0.08
-12.98  0.2
-12.97  0.08
-12.96  0.16
-12.95  0.08
-12.94  0.12
-12.93  0.24
-12.92  0.2
-12.91  0.08
-12.9  0.12
-12.89  0.12
-12.88  0.12
-12.87  0.16
-12.86  0.12
-12.85  0.24
-12.84  0.08
-12.83  0.04
-12.82  0.24
-12.81  0.12
-12.8  0.12
-12.79  0.16
-12.78  0.08
-12.77  0.16
-12.76  0.2
-12.75  0.08
-12.74  0.08
-12.73  0.2
-12.72  0.16
-12.71  0.16
-12.7  0.08
-12.69  0.12
-12.68  0.16
-12.67  0.08
-12.66  0.16
-12.65  0.16
-12.64  0.2
-12.63  0.12
-12.62  0.08
-12.61  0.08
-12.6  0.32
-12.59  0.08
-12.58  0.16
-12.57  0.04
-12.56  0.24
-12.55  0.16
-12.54  0.12
-12.53  0.12
-12.52  0.08
-12.51  0.12
-12.5  0.12
-12.49  0.16
-12.48  0.12
-12.47  0.12
-12.46  0.16
-12.45  0.16
-12.44  0.16
-12.43  0.12
-12.42  0.16
-12.41  0.12
-12.4  0.12
-12.39  0.16
-12.38  0.12
-12.37  0.24
-12.36  0.16
-12.35  0.12
-12.34  0.12
-12.33  0.12
-12.32  0.08
-12.31  0.24
-12.3  0.12
-12.29  0.12
-12.28  0.08
-12.27  0.08
-12.26  0.24
-12.25  0.08
-12.24  0.12
-12.23  0.16
-12.22  0.2
-12.21  0.12
-12.2  0.16
-12.19  0.12
-12.18  0.16
-12.17  0.12
-12.16  0.16
-12.15  0.2
-12.14  0.04
-12.13  0.12
-12.12  0.2
-12.11  0.2
-12.1  0.12
-12.09  0.12
-12.08  0.16
-12.07  0.12
-12.06  0.04
-12.05  0.24
-12.04  0.08
-12.03  0.12
-12.02  0.16
-12.01  0.12
-12  0.2
-11.99  0.08
-11.98  0.12
-11.97  0.16
-11.96  0.16
-11.95  0.16
-11.94  0.12
-11.93  0.16
-11.92  0.24
-11.91  0.04
-11.9  0.16
-11.89  0.08
-11.88  0.12
-11.87  0.16
-11.86  0.16
-11.85  0.12
-11.84  0.12
-11.83  0.12
-11.82  0.16
-11.81  0.12
-11.8  0.28
-11.79  0.12
-11.78  0.16
-11.77  0.08
-11.76  0.16
-11.75  0.12
-11.74  0.2
-11.73  0.08
-11.72  0.16
-11.71  0.12
-11.7  0.08
-11.69  0.16
-11.68  0.12
-11.67  0.12
-11.66  0.2
-11.65  0.12
-11.64  0.12
-11.63  0.12
-11.62  0.08
-11.61  0.2
-11.6  0.2
-11.59  0.16
-11.58  0.12
-11.57  0.24
-11.56  0.08
-11.55  0.12
-11.54  0.16
-11.53  0.16
-11.52  0.12
-11.51  0.08
-11.5  0.16
-11.49  0.08
-11.48  0.2
-11.47  0.12
-11.46  0.16
-11.45  0.08
-11.44  0.2
-11.43  0.12
-11.42  0.2
-11.41  0.08
-11.4  0.16
-11.39  0.08
-11.38  0.16
-11.37  0.12
-11.36  0.24
-11.35  0.04
-11.34  0.2
-11.33  0.08
-11.32  0.2
-11.31  0.04
-11.3  0.16
-11.29  0.24
-11.28  0.12
-11.27  0.12
-11.26  0.16
-11.25  0.2
-11.24  0.16
-11.23  0.12
-11.22  0.12
-11.21  0.12
-11.2  0.12
-11.19  0.08
-11.18  0.16
-11.17  0.08
-11.16  0.16
-11.15  0.16
-11.14  0.08
-11.13  0.16
-11.12  0.2
-11.11  0.2
-11.1  0.08
-11.09  0.16
-11.08  0.16
-11.07  0.08
-11.06  0.16
-11.05  0.2
-11.04  0.04
-11.03  0.24
-11.02  0.04
-11.01  0.2
-11  0.24
-10.99  0.08
-10.98  0.08
-10.97  0.16
-10.96  0.16
-10.95  0.12
-10.94  0.12
-10.93  0.16
-10.92  0.16
-10.91  0.08
-10.9  0.04
-10.89  0.24
-10.88  0.16
-10.87  0.08
-10.86  0.28
-10.85  0.08
-10.84  0.16
-10.83  0.12
-10.82  0.12
-10.81  0.16
-10.8  0.16
-10.79  0.04
-10.78  0.24
-10.77  0.04
-10.76  0.24
-10.75  0.08
-10.74  0.16
-10.73  0.04
-10.72  0.2
-10.71  0.12
-10.7  0.12
-10.69  0.2
-10.68  0.16
-10.67  0.2
-10.66  0.12
-10.65  0.12
-10.64  0.24
-10.63  0.08
-10.62  0.12
-10.61  0.2
-10.6  0.04
-10.59  0.08
-10.58  0.2
-10.57  0.16
-10.56  0.12
-10.55  0.08
-10.54  0.16
-10.53  0.2
-10.52  0.08
-10.51  0.12
-10.5  0.16
-10.49  0.2
-10.48  0.08
-10.47  0.12
-10.46  0.16
-10.45  0.2
-10.44  0.08
-10.43  0.12
-10.42  0.16
-10.41  0.2
-10.4  0.12
-10.39  0.16
-10.38  0.16
-10.37  0.12
-10.36  0.24
-10.35  0
-10.34  0.24
-10.33  0.04
-10.32  0.16
-10.31  0.16
-10.3  0.2
-10.29  0.12
-10.28  0.04
-10.27  0.16
-10.26  0.16
-10.25  0.12
-10.24  0.12
-10.23  0.16
-10.22  0.12
-10.21  0.2
-10.2  0
-10.19  0.24
-10.18  0.12
-10.17  0.16
-10.16  0.08
-10.15  0.16
-10.14  0.12
-10.13  0.16
-10.12  0.12
-10.11  0.2
-10.1  0.28
-10.09  0.04
-10.08  0.12
-10.07  0.16
-10.06  0.2
-10.05  0.08
-10.04  0.16
-10.03  0.08
-10.02  0.2
-10.01  0.12
-10  0.16
-9.99  0.04
-9.98  0.12
-9.97  0.16
-9.96  0.16
-9.95  0.04
-9.94  0.24
-9.93  0.04
-9.92  0.2
-9.91  0.16
-9.9  0.24
-9.89  0.16
-9.88  0
-9.87  0.24
-9.86  0.12
-9.85  0.12
-9.84  0.12
-9.83  0.16
-9.82  0.08
-9.81  0.16
-9.8  0.12
-9.79  0.2
-9.78  0.08
-9.77  0.2
-9.76  0.12
-9.75  0.2
-9.74  0.12
-9.73  0.08
-9.72  0.16
-9.71  0.2
-9.7  0.08
-9.69  0.2
-9.68  0.12
-9.67  0.12
-9.66  0.16
-9.65  0.12
-9.64  0.12
-9.63  0.16
-9.62  0.16
-9.61  0.12
-9.6  0.2
-9.59  0
-9.58  0.24
-9.57  0.08
-9.56  0.12
-9.55  0.12
-9.54  0.16
-9.53  0.12
-9.52  0.16
-9.51  0.12
-9.5  0.2
-9.49  0.12
-9.48  0.28
-9.47  0.04
-9.46  0.12
-9.45  0.04
-9.44  0.28
-9.43  0.24
-9.42  0.08
-9.41  0.04
-9.4  0.2
-9.39  0.08
-9.38  0.12
-9.37  0.2
-9.36  0.12
-9.35  0.16
-9.34  0.08
-9.33  0.16
-9.32  0.16
-9.31  0.16
-9.3  0.12
-9.29  0.2
-9.28  0.12
-9.27  0.08
-9.26  0.12
-9.25  0.12
-9.24  0.24
-9.23  0.04
-9.22  0.2
-9.21  0.16
-9.2  0.16
-9.19  0.04
-9.18  0.12
-9.17  0.12
-9.16  0.08
-9.15  0.12
-9.14  0.24
-9.13  0.12
-9.12  0.24
-9.11  0
-9.1  0.36
-9.09  0.12
-9.08  0.2
-9.07  0.24
-9.06  0.08
-9.05  0.04
-9.04  0.16
-9.03  0.04
-9.02  0.2
-9.01  0.08
-9  0.12
-8.99  0.12
-8.98  0.2
-8.97  0.2
-8.96  0.04
-8.95  0.08
-8.94  0.2
-8.93  0.08
-8.92  0.12
-8.91  0.16
-8.9  0.16
-8.89  0.2
-8.88  0.04
-8.87  0.24
-8.86  0.16
-8.85  0.12
-8.84  0.16
-8.83  0.12
-8.82  0.16
-8.81  0.04
-8.8  0.32
-8.79  0.08
-8.78  0.16
-8.77  0.12
-8.76  0.2
-8.75  0.04
-8.74  0.2
-8.73  0.08
-8.72  0.12
-8.71  0.16
-8.7  0.12
-8.69  0.12
-8.68  0.24
-8.67  0.08
-8.66  0.12
-8.65  0.08
-8.64  0.2
-8.63  0.12
-8.62  0.16
-8.61  0.24
-8.6  0.04
-8.59  0.16
-8.58  0.08
-8.57  0.24
-8.56  0.04
-8.55  0.24
-8.54  0.08
-8.53  0.16
-8.52  0.12
-8.51  0.12
-8.5  0.04
-8.49  0.24
-8.48  0.16
-8.47  0.12
-8.46  0.24
-8.45  0.04
-8.44  0.2
-8.43  0.04
-8.42  0.2
-8.41  0.2
-8.4  0.12
-8.39  0.12
-8.38  0.16
-8.37  0.2
-8.36  0.12
-8.35  0.04
-8.34  0.12
-8.33  0.08
-8.32  0.24
-8.31  0.2
-8.3  0.12
-8.29  0.04
-8.28  0.2
-8.27  0.16
-8.26  0.16
-8.25  0.16
-8.24  0.04
-8.23  0.2
-8.22  0.04
-8.21  0.2
-8.2  0.12
-8.19  0.16
-8.18  0.12
-8.17  0.04
-8.16  0.16
-8.15  0.24
-8.14  0.12
-8.13  0.2
-8.12  0.2
-8.11  0.12
-8.1  0.08
-8.09  0.16
-8.08  0.16
-8.07  0.12
-8.06  0.16
-8.05  0.08
-8.04  0
-8.03  0.28
-8.02  0.08
-8.01  0.24
-8  0.16
-7.99  0.2
-7.98  0.08
-7.97  0.16
-7.96  0.08
-7.95  0.2
-7.94  0.12
-7.93  0.08
-7.92  0.16
-7.91  0.16
-7.9  0.2
-7.89  0
-7.88  0.16
-7.87  0.16
-7.86  0.04
-7.85  0.24
-7.84  0.08
-7.83  0.16
-7.82  0.12
-7.81  0.16
-7.8  0.16
-7.79  0.12
-7.78  0.12
-7.77  0.16
-7.76  0.08
-7.75  0.28
-7.74  0.16
-7.73  0.12
-7.72  0.2
-7.71  0.08
-7.7  0.24
-7.69  0.16
-7.68  0
-7.67  0.24
-7.66  0.04
-7.65  0.12
-7.64  0.12
-7.63  0.12
-7.62  0.16
-7.61  0.2
-7.6  0.12
-7.59  0.16
-7.58  0.12
-7.57  0.04
-7.56  0.12
-7.55  0.24
-7.54  0.16
-7.53  0.12
-7.52  0.04
-7.51  0.28
-7.5  0.16
-7.49  0
-7.48  0.16
-7.47  0.12
-7.46  0.12
-7.45  0.28
-7.44  0.12
-7.43  0.16
-7.42  0.08
-7.41  0.12
-7.4  0.08
-7.39  0.2
-7.38  0.16
-7.37  0.08
-7.36  0.2
-7.35  0.2
-7.34  0.16
-7.33  0.12
-7.32  0.2
-7.31  0.08
-7.3  0.08
-7.29  0.16
-7.28  0.16
-7.27  0.2
-7.26  0.12
-7.25  0.12
-7.24  0.12
-7.23  0.12
-7.22  0.12
-7.21  0.12
-7.2  0.08
-7.19  0.16
-7.18  0.16
-7.17  0.2
-7.16  0.08
-7.15  0.12
-7.14  0.12
-7.13  0.16
-7.12  0.2
-7.11  0.16
-7.1  0.12
-7.09  0.16
-7.08  0.04
-7.07  0.2
-7.06  0.28
-7.05  0.04
-7.04  0.12
-7.03  0.16
-7.02  0.12
-7.01  0.12
-7  0.16
-6.99  0.16
-6.98  0.04
-6.97  0.28
-6.96  0.2
-6.95  0.04
-6.94  0.08
-6.93  0.12
-6.92  0.12
-6.91  0.16
-6.9  0.2
-6.89  0.16
-6.88  0.08
-6.87  0.28
-6.86  0.04
-6.85  0.2
-6.84  0.16
-6.83  0.08
-6.82  0.2
-6.81  0.08
-6.8  0.08
-6.79  0.12
-6.78  0.24
-6.77  0.04
-6.76  0.24
-6.75  0.08
-6.74  0.16
-6.73  0.08
-6.72  0.16
-6.71  0.16
-6.7  0.04
-6.69  0.16
-6.68  0.2
-6.67  0.12
-6.66  0.16
-6.65  0.12
-6.64  0.04
-6.63  0.2
-6.62  0.16
-6.61  0.2
-6.6  0.2
-6.59  0.24
-6.58  0.12
-6.57  0.08
-6.56  0.12
-6.55  0.24
-6.54  0.12
-6.53  0.12
-6.52  0.16
-6.51  0.04
-6.5  0.16
-6.49  0.16
-6.48  0.04
-6.47  0.08
-6.46  0.16
-6.45  0.16
-6.44  0.12
-6.43  0.12
-6.42  0.08
-6.41  0.08
-6.4  0.24
-6.39  0.2
-6.38  0.16
-6.37  0.12
-6.36  0.16
-6.35  0.12
-6.34  0.24
-6.33  0.24
-6.32  0.04
-6.31  0.08
-6.3  0.12
-6.29  0.16
-6.28  0.08
-6.27  0.24
-6.26  0.12
-6.25  0.08
-6.24  0.12
-6.23  0.08
-6.22  0.24
-6.21  0.2
-6.2  0.12
-6.19  0.24
-6.18  0.08
-6.17  0.24
-6.16  0
-6.15  0.16
-6.14  0.08
-6.13  0.08
-6.12  0.08
-6.11  0.36
-6.1  0.12
-6.09  0
-6.08  0.2
-6.07  0.28
-6.06  0.04
-6.05  0.12
-6.04  0.08
-6.03  0.2
-6.02  0.04
-6.01  0.16
-6  0.12
-5.99  0.16
-5.98  0.16
-5.97  0
-5.96  0.24
-5.95  0.2
-5.94  0.12
-5.93  0.16
-5.92  0.24
-5.91  0.08
-5.9  0.04
-5.89  0.16
-5.88  0.28
-5.87  0.12
-5.86  0.04
-5.85  0.2
-5.84  0.16
-5.83  0.16
-5.82  0.12
-5.81  0.12
-5.8  0.16
-5.79  0.16
-5.78  0.2
-5.77  0.08
-5.76  0.08
-5.75  0.12
-5.74  0.04
-5.73  0.2
-5.72  0.28
-5.71  0.12
-5.7  0.08
-5.69  0.12
-5.68  0.04
-5.67  0.08
-5.66  0.32
-5.65  0.08
-5.64  0.12
-5.63  0.08
-5.62  0.16
-5.61  0.24
-5.6  0.16
-5.59  0.16
-5.58  0.12
-5.57  0.28
-5.56  0.08
-5.55  0.08
-5.54  0.2
-5.53  0.04
-5.52  0.08
-5.51  0.16
-5.5  0.12
-5.49  0.12
-5.48  0.16
-5.47  0.12
-5.46  0.16
-5.45  0.2
-5.44  0.12
-5.43  0.28
-5.42  0.12
-5.41  0.08
-5.4  0.12
-5.39  0.16
-5.38  0.12
-5.37  0.12
-5.36  0.2
-5.35  0.16
-5.34  0.16
-5.33  0.08
-5.32  0.12
-5.31  0.08
-5.3  0.12
-5.29  0.2
-5.28  0.04
-5.27  0.24
-5.26  0.16
-5.25  0.12
-5.24  0.12
-5.23  0.16
-5.22  0.16
-5.21  0.12
-5.2  0.16
-5.19  0.12
-5.18  0.08
-5.17  0.08
-5.16  0.12
-5.15  0.2
-5.14  0.04
-5.13  0.16
-5.12  0.28
-5.11  0.16
-5.1  0.16
-5.09  0.16
-5.08  0.12
-5.07  0.12
-5.06  0.16
-5.05  0.12
-5.04  0.16
-5.03  0.2
-5.02  0.12
-5.01  0.12
-5  0.2
-4.99  0.12
-4.98  0.08
-4.97  0.24
-4.96  0.16
-4.95  0.08
-4.94  0.08
-4.93  0.08
-4.92  0.16
-4.91  0
-4.9  0.2
-4.89  0.2
-4.88  0.04
-4.87  0.2
-4.86  0.12
-4.85  0.28
-4.84  0.12
-4.83  0.08
-4.82  0.2
-4.81  0.2
-4.8  0.12
-4.79  0
-4.78  0.12
-4.77  0.2
-4.76  0.2
-4.75  0.08
-4.74  0.12
-4.73  0.12
-4.72  0.16
-4.71  0.12
-4.7  0.08
-4.69  0.16
-4.68  0.08
-4.67  0.28
-4.66  0.24
-4.65  0.2
-4.64  0.12
-4.63  0.08
-4.62  0.12
-4.61  0.08
-4.6  0.28
-4.59  0.16
-4.58  0.16
-4.57  0.08
-4.56  0.04
-4.55  0.12
-4.54  0.08
-4.53  0.24
-4.52  0.12
-4.51  0.08
-4.5  0.12
-4.49  0.16
-4.48  0.08
-4.47  0.12
-4.46  0.28
-4.45  0.08
-4.44  0.2
-4.43  0.12
-4.42  0.12
-4.41  0.12
-4.4  0.04
-4.39  0.24
-4.38  0.16
-4.37  0.2
-4.36  0.04
-4.35  0.36
-4.34  0.12
-4.33  0.08
-4.32  0.12
-4.31  0.16
-4.3  0
-4.29  0.12
-4.28  0.24
-4.27  0.24
-4.26  0
-4.25  0.08
-4.24  0.08
-4.23  0.28
-4.22  0.16
-4.21  0.12
-4.2  0.04
-4.19  0.16
-4.18  0.28
-4.17  0.12
-4.16  0.16
-4.15  0.12
-4.14  0.04
-4.13  0.08
-4.12  0.24
-4.11  0.16
-4.1  0.2
-4.09  0.16
-4.08  0.16
-4.07  0.12
-4.06  0.04
-4.05  0.12
-4.04  0.24
-4.03  0.08
-4.02  0.16
-4.01  0.04
-4  0.24
-3.99  0.08
-3.98  0.12
-3.97  0.24
-3.96  0.12
-3.95  0.04
-3.94  0.08
-3.93  0.16
-3.92  0.2
-3.91  0.12
-3.9  0.08
-3.89  0.08
-3.88  0.32
-3.87  0.16
-3.86  0.2
-3.85  0.08
-3.84  0.12
-3.83  0.16
-3.82  0.12
-3.81  0.32
-3.8  0.16
-3.79  0.08
-3.78  0.04
-3.77  0.16
-3.76  0.2
-3.75  0.04
-3.74  0.08
-3.73  0.2
-3.72  0.12
-3.71  0.2
-3.7  0.04
-3.69  0.24
-3.68  0.12
-3.67  0.04
-3.66  0.16
-3.65  0.12
-3.64  0.12
-3.63  0.12
-3.62  0.2
-3.61  0.2
-3.6  0.12
-3.59  0.16
-3.58  0.12
-3.57  0.08
-3.56  0.2
-3.55  0.12
-3.54  0.24
-3.53  0.12
-3.52  0.04
-3.51  0.12
-3.5  0.16
-3.49  0.16
-3.48  0.04
-3.47  0.16
-3.46  0.2
-3.45  0.2
-3.44  0.04
-3.43  0.16
-3.42  0.2
-3.41  0.16
-3.4  0.16
-3.39  0.12
-3.38  0.12
-3.37  0.28
-3.36  0.12
-3.35  0.08
-3.34  0.08
-3.33  0.12
-3.32  0.16
-3.31  0.08
-3.3  0.16
-3.29  0.2
-3.28  0.08
-3.27  0.2
-3.26  0.16
-3.25  0.2
-3.24  0.16
-3.23  0.08
-3.22  0.08
-3.21  0.12
-3.2  0.2
-3.19  0.12
-3.18  0.08
-3.17  0.12
-3.16  0.04
-3.15  0.16
-3.14  0.16
-3.13  0.08
-3.12  0.04
-3.11  0.24
-3.1  0.2
-3.09  0.24
-3.08  0.12
-3.07  0.16
-3.06  0.24
-3.05  0.12
-3.04  0.08
-3.03  0.12
-3.02  0.2
-3.01  0.16
-3  0.16
-2.99  0.16
-2.98  0.08
-2.97  0.24
-2.96  0.08
-2.95  0.04
-2.94  0.12
-2.93  0.12
-2.92  0.16
-2.91  0.28
-2.9  0.08
-2.89  0.08
-2.88  0.16
-2.87  0.08
-2.86  0.16
-2.85  0.08
-2.84  0.2
-2.83  0.04
-2.82  0.12
-2.81  0.08
-2.8  0.2
-2.79  0.2
-2.78  0.24
-2.77  0.08
-2.76  0.16
-2.75  0.2
-2.74  0.08
-2.73  0.24
-2.72  0.2
-2.71  0.04
-2.7  0.12
-2.69  0.16
-2.68  0.08
-2.67  0.08
-2.66  0.12
-2.65  0.16
-2.64  0.2
-2.63  0.04
-2.62  0.16
-2.61  0.32
-2.6  0.04
-2.59  0.12
-2.58  0.08
-2.57  0.24
-2.56  0.2
-2.55  0.04
-2.54  0.08
-2.53  0.28
-2.52  0.24
-2.51  0.04
-2.5  0.12
-2.49  0.12
-2.48  0.16
-2.47  0.08
-2.46  0.2
-2.45  0.16
-2.44  0.12
-2.43  0.12
-2.42  0
-2.41  0.2
-2.4  0.12
-2.39  0.16
-2.38  0.24
-2.37  0.2
-2.36  0.16
-2.35  0.08
-2.34  0.08
-2.33  0.2
-2.32  0.12
-2.31  0.04
-2.3  0.16
-2.29  0.08
-2.28  0.2
-2.27  0.16
-2.26  0.12
-2.25  0.12
-2.24  0.16
-2.23  0.08
-2.22  0.2
-2.21  0.16
-2.2  0.08
-2.19  0.16
-2.18  0.16
-2.17  0.08
-2.16  0.16
-2.15  0.24
-2.14  0.16
-2.13  0.16
-2.12  0.28
-2.11  0.12
-2.1  0.04
-2.09  0.08
-2.08  0.16
-2.07  0.2
-2.06  0.12
-2.05  0.04
-2.04  0.16
-2.03  0.2
-2.02  0.12
-2.01  0.08
-2  0.08
-1.99  0.12
-1.98  0.24
-1.97  0.12
-1.96  0
-1.95  0.24
-1.94  0.16
-1.93  0.12
-1.92  0.28
-1.91  0.12
-1.9  0.2
-1.89  0.04
-1.88  0.08
-1.87  0.16
-1.86  0.16
-1.85  0.12
-1.84  0.16
-1.83  0.04
-1.82  0.12
-1.81  0.16
-1.8  0.24
-1.79  0.04
-1.78  0.16
-1.77  0.16
-1.76  0.08
-1.75  0.12
-1.74  0.16
-1.73  0.12
-1.72  0.12
-1.71  0.16
-1.7  0.28
-1.69  0.2
-1.68  0.12
-1.67  0.2
-1.66  0.24
-1.65  0.08
-1.64  0
-1.63  0.12
-1.62  0.24
-1.61  0.16
-1.6  0.04
-1.59  0.12
-1.58  0.04
-1.57  0.24
-1.56  0.08
-1.55  0.12
-1.54  0.2
-1.53  0.2
-1.52  0.24
-1.51  0.04
-1.5  0.16
-1.49  0.12
-1.48  0.16
-1.47  0.08
-1.46  0.08
-1.45  0.04
-1.44  0.16
-1.43  0.12
-1.42  0.08
-1.41  0.2
-1.4  0.32
-1.39  0.12
-1.38  0.08
-1.37  0.16
-1.36  0.2
-1.35  0.08
-1.34  0.2
-1.33  0.04
-1.32  0.16
-1.31  0.24
-1.3  0.04
-1.29  0.2
-1.28  0.12
-1.27  0.2
-1.26  0.12
-1.25  0.12
-1.24  0.08
-1.23  0.16
-1.22  0.2
-1.21  0.16
-1.2  0.08
-1.19  0.2
-1.18  0.08
-1.17  0.16
-1.16  0.2
-1.15  0.12
-1.14  0.2
-1.13  0
-1.12  0.12
-1.11  0.16
-1.1  0.2
-1.09  0
-1.08  0.12
-1.07  0.24
-1.06  0.28
-1.05  0.08
-1.04  0
-1.03  0.28
-1.02  0.08
-1.01  0.2
-1  0.08
-0.99  0.04
-0.98  0.08
-0.97  0.16
-0.96  0.2
-0.95  0.28
-0.94  0.08
-0.93  0.12
-0.92  0.12
-0.91  0.08
-0.9  0.04
-0.89  0.12
-0.88  0.32
-0.87  0.16
-0.86  0.08
-0.85  0.16
-0.84  0.24
-0.83  0.16
-0.82  0.12
-0.81  0.12
-0.8  0.08
-0.79  0.24
-0.78  0.16
-0.77  0.16
-0.76  0.08
-0.75  0.24
-0.74  0.12
-0.73  0.12
-0.72  0.04
-0.71  0.12
-0.7  0.16
-0.69  0.12
-0.68  0.12
-0.67  0
-0.66  0.2
-0.65  0.12
-0.64  0.12
-0.63  0.16
-0.62  0.28
-0.61  0.2
-0.6  0.04
-0.59  0.24
-0.58  0.12
-0.57  0.16
-0.56  0.12
-0.55  0.12
-0.54  0.24
-0.53  0.04
-0.52  0.12
-0.51  0.04
-0.5  0.08
-0.49  0.2
-0.48  0.24
-0.47  0.04
-0.46  0.04
-0.45  0.2
-0.44  0.16
-0.43  0.16
-0.42  0.12
-0.41  0.04
-0.4  0.24
-0.39  0.2
-0.38  0.16
-0.37  0.28
-0.36  0.16
-0.35  0.08
-0.34  0.12
-0.33  0.16
-0.32  0.08
-0.31  0.04
-0.3  0.16
-0.29  0.2
-0.28  0.2
-0.27  0.08
-0.26  0.16
-0.25  0.2
-0.24  0.12
-0.23  0.16
-0.22  0.04
-0.21  0.2
-0.2  0.16
-0.19  0.12
-0.18  0.2
-0.17  0.08
-0.16  0.12
-0.15  0.08
-0.14  0.08
-0.13  0.28
-0.12  0.04
-0.11  0.28
-0.1  0.04
-0.09  0.04
-0.08  0.08
-0.07  0.08
-0.06  0.24
-0.05  0.16
-0.04  0.08
-0.03  0.16
-0.02  0.28
-0.01  0.16
-2.16197e-11  0.08
0.0001  0
0.0101  0.08
0.0201  0.08
0.0301  0.2
0.0401  0.12
0.0501  0.2
0.0601  0.16
0.0701  0.2
0.0801  0.24
0.0901  0.17
0.1001  0.12
0.1101  0.07
0.1201  0.08
0.1301  0.25
0.1401  0.07
0.1501  0.16
0.1601  0.19
0.1701  0.19
0.1801  0.17
0.1901  0.08
0.2001  0.06
0.2101  0.21
0.2201  0.12
0.2301  0.09
0.2401  0.18
0.2501  0.11
0.2601  0.14
0.2701  0.24
0.2801  0.12
0.2901  0.11
0.3001  0.05
0.3101  0.23
0.3201  0.2
0.3301  0.17
0.3401  0.15
0.3501  0.16
0.3601  0.04
0.3701  0.27
0.3801  0.23
0.3901  0.24
0.4001  0.19
0.4101  0.08
0.4201  0.14
0.4301  0.19
0.4401  0.15
0.4501  0.21
0.4601  0.14
0.4701  0.18
0.4801  0.15
0.4901  0.2
0.5001  0.24
0.5101  0.31
0.5201  0.19
0.5301  0.2
0.5401  0.21
0.5501  0.31
0.5601  0.2
0.5701  0.34
0.5801  0.16
0.5901  0.21
0.6001  0.27
0.6101  0.3
0.6201  0.29
0.6301  0.3
0.6401  0.21
0.6501  0.25
0.6601  0.19
0.6701  0.38
0.6801  0.37
0.6901  0.24
0.7001  0.19
0.7101  0.35
0.7201  0.24
0.7301  0.27
0.7401  0.27
0.7501  0.37
0.7601  0.38
0.7701  0.29
0.7801  0.29
0.7901  0.29
0.8001  0.27
0.8101  0.17
0.8201  0.39
0.8301  0.41
0.8401  0.28
0.8501  0.36
0.8601  0.39
0.8701  0.32
0.8801  0.3
0.8901  0.3
0.9001  0.29
0.9101  0.4
0.9201  0.39
0.9301  0.44
0.9401  0.45
0.9501  0.35
0.9601  0.41
0.9701  0.52
0.9801  0.48
0.9901  0.47
1.0001  0.4
1.0101  0.37
1.0201  0.39
1.0301  0.38
1.0401  0.27
1.0501  0.46
1.0601  0.36
1.0701  0.44
1.0801  0.31
1.0901  0.44
1.1001  0.39
1.1101  0.53
1.1201  0.49
1.1301  0.48
1.1401  0.52
1.1501  0.48
1.1601  0.53
1.1701  0.57
1.1801  0.53
1.1901  0.51
1.2001  0.58
1.2101  0.55
1.2201  0.48
1.2301  0.58
1.2401  0.43
1.2501  0.46
1.2601  0.54
1.2701  0.51
1.2801  0.65
1.2901  0.54
1.3001  0.58
1.3101  0.71
1.3201  0.65
1.3301  0.6
1.3401  0.53
1.3501  0.68
1.3601  0.87
1.3701  0.55
1.3801  0.78
1.3901  0.67
1.4001  0.67
1.4101  0.63
1.4201  0.68
1.4301  0.77
1.4401  0.76
1.4501  0.77
1.4601  0.77
1.4701  0.74
1.4801  0.96
1.4901  0.83
1.5001  0.74
1.5101  0.75
1.5201  0.99
1.5301  0.76
1.5401  1.01
1.5501  0.89
1.5601  1.06
1.5701  0.95
1.5801  0.81
1.5901  0.98
1.6001  0.93
1.6101  1.04
1.6201  1.04
1.6301  0.87
1.6401  0.94
1.6501  0.83
1.6601  0.96
1.6701  1.07
1.6801  1.17
1.6901  1.13
1.7001  1.28
1.7101  1.17
1.7201  1
1.7301  1.08
1.7401  1.08
1.7501  1.16
1.7601  1.02
1.7701  1.19
1.7801  1.22
1.7901  1.19
1.8001  1.23
1.8101  1.18
1.8201  1.26
1.8301  1.2
1.8401  1.08
1.8501  1.34
1.8601  1.3
1.8701  1.34
1.8801  1.39
1.8901  1.34
1.9001  1.27
1.9101  1.2
1.9201  1.35
1.9301  1.35
1.9401  1.2
1.9501  1.19
1.9601  1.46
1.9701  1.19
1.9801  1.4
1.9901  1.05
2.0001  1.47
2.0101  0.98
2.0201  1.23
2.0301  1.26
2.0401  1.13
2.0501  1.23
2.0601  1.17
2.0701  1.35
2.0801  1.41
2.0901  1.13
2.1001  1.3
2.1101  1.33
2.1201  1.26
2.1301  0.96
2.1401  1.31
2.1501  1.13
2.1601  1.22
2.1701  0.98
2.1801  1.09
2.1901  1.1
2.2001  1.18
2.2101  0.94
2.2201  1.01
2.2301  0.94
2.2401  0.87
2.2501  0.96
2.2601  1.14
2.2701  1.12
2.2801  1.05
2.2901  0.8
2.3001  0.9
2.3101  0.86
2.3201  1.03
2.3301  1.01
2.3401  1.04
2.3501  0.9
2.3601  0.81
2.3701  0.7
2.3801  1.03
2.3901  0.72
2.4001  0.86
2.4101  0.87
2.4201  0.68
2.4301  0.69
2.4401  0.84
2.4501  0.89
2.4601  1.06
2.4701  0.78
2.4801  0.77
2.4901  0.74
2.5001  0.71
2.5101  0.89
2.5201  0.81
2.5301  0.73
2.5401  0.78
2.5501  0.87
2.5601  0.77
2.5701  0.82
2.5801  0.77
2.5901  0.86
2.6001  0.85
2.6101  0.81
2.6201  0.84
2.6301  0.79
2.6401  0.7
2.6501  0.7
2.6601  0.63
2.6701  0.74
2.6801  0.81
2.6901  0.74
2.7001  0.74
2.7101  0.89
2.7201  0.79
2.7301  0.72
2.7401  0.99
2.7501  0.76
2.7601  0.67
2.7701  0.78
2.7801  0.78
2.7901  0.64
2.8001  0.76
2.8101  0.87
2.8201  0.86
2.8301  0.78
2.8401  0.76
2.8501  0.83
2.8601  0.78
2.8701  0.76
2.8801  0.73
2.8901  0.86
2.9001  0.73
2.9101  0.75
2.9201  0.88
2.9301  0.78
2.9401  0.94
2.9501  0.8
2.9601  0.75
2.9701  0.86
2.9801  0.82
2.9901  0.7
3.0001  0.76
3.0101  0.87
3.0201  0.73
3.0301  0.87
3.0401  0.99
3.0501  0.76
3.0601  0.96
3.0701  0.94
3.0801  0.68
3.0901  0.86
3.1001  0.85
3.1101  0.84
3.1201  0.91
3.1301  0.69
3.1401  0.97
3.1501  0.91
3.1601  0.79
3.1701  0.94
3.1801  1.16
3.1901  1.05
3.2001  0.95
3.2101  0.77
3.2201  0.72
3.2301  0.96
3.2401  0.84
3.2501  1.1
3.2601  0.95
3.2701  0.99
3.2801  1.06
3.2901  1.18
3.3001  1.04
3.3101  0.84
3.3201  0.95
3.3301  0.82
3.3401  0.84
3.3501  1.1
3.3601  0.99
3.3701  1.02
3.3801  0.99
3.3901  1.06
3.4001  1
3.4101  1.12
3.4201  1.1
3.4301  1.06
3.4401  1.04
3.4501  1
3.4601  1.14
3.4701  0.99
3.4801  1.16
3.4901  0.96
3.5001  1.05
3.5101  1.1
3.5201  1.03
3.5301  1.19
3.5401  0.93
3.5501  1.13
3.5601  1.04
3.5701  1.13
3.5801  1.07
3.5901  1.16
3.6001  1.07
3.6101  1.11
3.6201  1.2
3.6301  1.07
3.6401  0.94
3.6501  0.99
3.6601  1.35
3.6701  1.11
3.6801  0.91
3.6901  1.11
3.7001  1.09
3.7101  1.11
3.7201  1.14
3.7301  1.05
3.7401  1.05
3.7501  1.08
3.7601  1.05
3.7701  1.19
3.7801  1.11
3.7901  1.17
3.8001  0.92
3.8101  0.93
3.8201  1.06
3.8301  0.94
3.8401  1.13
3.8501  1.02
3.8601  1.11
3.8701  0.97
3.8801  1.07
3.8901  0.88
3.9001  1
3.9101  1.06
3.9201  1.08
3.9301  0.86
3.9401  0.86
3.9501  1.21
3.9601  0.93
3.9701  1.06
3.9801  1.21
3.9901  0.95
4.0001  0.95
4.0101  1
4.0201  0.93
4.0301  0.96
4.0401  0.89
4.0501  1
4.0601  0.85
4.0701  0.92
4.0801  0.83
4.0901  0.83
4.1001  0.92
4.1101  0.88
4.1201  0.98
4.1301  1.01
4.1401  0.98
4.1501  0.74
4.1601  0.96
4.1701  0.9
4.1801  0.85
4.1901  0.88
4.2001  0.79
4.2101  1.05
4.2201  1.01
4.2301  0.89
4.2401  0.84
4.2501  0.87
4.2601  0.91
4.2701  1.12
4.2801  0.74
4.2901  0.97
4.3001  1.01
4.3101  0.64
4.3201  0.94
4.3301  0.81
4.3401  1.14
4.3501  0.92
4.3601  0.82
4.3701  0.76
4.3801  0.82
4.3901  0.91
4.4001  0.67
4.4101  0.74
4.4201  0.93
4.4301  0.81
4.4401  0.94
4.4501  0.85
4.4601  0.97
4.4701  0.96
4.4801  0.79
4.4901  0.8
4.5001  0.97
4.5101  0.82
4.5201  0.97
4.5301  0.79
4.5401  0.81
4.5501  0.91
4.5601  0.94
4.5701  0.76
4.5801  0.83
4.5901  0.91
4.6001  0.83
4.6101  0.87
4.6201  0.93
4.6301  1.01
4.6401  0.85
4.6501  0.96
4.6601  0.85
4.6701  0.91
4.6801  0.81
4.6901  0.97
4.7001  0.9
4.7101  0.96
4.7201  0.94
4.7301  0.88
4.7401  0.84
4.7501  1
4.7601  0.75
4.7701  1.01
4.7801  0.98
4.7901  0.87
4.8001  0.74
4.8101  1
4.8201  1.16
4.8301  0.77
4.8401  0.9
4.8501  0.95
4.8601  1.05
4.8701  0.94
4.8801  0.89
4.8901  0.86
4.9001  0.95
4.9101  0.99
4.9201  1.05
4.9301  1.01
4.9401  1.02
4.9501  0.95
4.9601  1.07
4.9701  0.9
4.9801  1.1
4.9901  0.9
5.0001  0.92
5.0101  0.82
5.0201  0.96
5.0301  1.01
5.0401  1.23
5.0501  1.04
5.0601  1.02
5.0701  0.91
5.0801  1.04
5.0901  1.08
5.1001  1.05
5.1101  1.28
5.1201  0.97
5.1301  1
5.1401  0.96
5.1501  0.99
5.1601  1.01
5.1701  1.01
5.1801  1.07
5.1901  0.95
5.2001  1.01
5.2101  0.91
5.2201  1
5.2301  0.99
5.2401  0.97
5.2501  1.2
5.2601  1.12
5.2701  0.88
5.2801  1.09
5.2901  1.09
5.3001  1.15
5.3101  1.07
5.3201  1.07
5.3301  0.97
5.3401  1.07
5.3501  1.16
5.3601  1.26
5.3701  0.93
5.3801  0.95
5.3901  0.96
5.4001  1.15
5.4101  0.96
5.4201  1.08
5.4301  0.86
5.4401  1.19
5.4501  1.07
5.4601  1.1
5.4701  0.92
5.4801  1.1
5.4901  0.91
5.5001  0.95
5.5101  1.28
5.5201  0.95
5.5301  1.13
5.5401  1.11
5.5501  1.02
5.5601  0.76
5.5701  0.9
5.5801  1.19
5.5901  0.88
5.6001  0.95
5.6101  0.83
5.6201  0.93
5.6301  0.94
5.6401  0.96
5.6501  0.82
5.6601  1.01
5.6701  0.97
5.6801  1.06
5.6901  1.13
5.7001  0.98
5.7101  1.04
5.7201  0.85
5.7301  0.79
5.7401  0.94
5.7501  0.98
5.7601  0.84
5.7701  0.94
5.7801  0.95
5.7901  1.02
5.8001  1.03
5.8101  0.89
5.8201  0.88
5.8301  0.91
5.8401  1
5.8501  0.8
5.8601  1.12
5.8701  1.03
5.8801  0.81
5.8901  1.01
5.9001  0.93
5.9101  0.76
5.9201  0.92
5.9301  0.88
5.9401  0.92
5.9501  0.92
5.9601  0.83
5.9701  1.02
5.9801  0.7
5.9901  0.84
6.0001  0.81
6.0101  0.89
6.0201  0.83
6.0301  0.93
6.0401  0.78
6.0501  0.99
6.0601  1.01
6.0701  1.06
6.0801  0.83
6.0901  0.85
6.1001  0.78
6.1101  0.85
6.1201  0.79
6.1301  0.86
6.1401  0.93
6.1501  0.84
6.1601  0.85
6.1701  0.93
6.1801  0.98
6.1901  0.91
6.2001  1.04
6.2101  1.04
6.2201  0.78
6.2301  0.92
6.2401  1.08
6.2501  0.95
6.2601  0.92
6.2701  0.97
6.2801  0.83
6.2901  0.84
6.3001  1
6.3101  0.81
6.3201  0.94
6.3301  0.99
6.3401  0.98
6.3501  0.89
6.3601  1.03
6.3701  1
6.3801  0.89
6.3901  0.81
6.4001  0.99
6.4101  0.75
6.4201  1.07
6.4301  0.88
6.4401  1.15
6.4501  1.03
6.4601  0.89
6.4701  0.77
6.4801  1.12
6.4901  0.86
6.5001  0.93
6.5101  1.04
6.5201  0.82
6.5301  1.01
6.5401  0.79
6.5501  0.98
6.5601  0.96
6.5701  0.96
6.5801  0.99
6.5901  0.98
6.6001  0.95
6.6101  0.86
6.6201  1.02
6.6301  1.08
6.6401  1.19
6.6501  1.2
6.6601  1.06
6.6701  0.98
6.6801  0.96
6.6901  1.03
6.7001  1.06
6.7101  0.74
6.7201  1.03
6.7301  1.03
6.7401  0.94
6.7501  0.93
6.7601  0.92
6.7701  0.86
6.7801  1.1
6.7901  0.91
6.8001  1.1
6.8101  1.12
6.8201  1.01
6.8301  1.07
6.8401  0.98
6.8501  0.92
6.8601  0.97
6.8701  1.22
6.8801  1.03
6.8901  0.86
6.9001  1.05
6.9101  1
6.9201  1.06
6.9301  0.95
6.9401  0.94
6.9501  1.12
6.9601  0.89
6.9701  1.09
6.9801  1.04
6.9901  0.88
7.0001  0.93
7.0101  0.98
7.0201  0.96
7.0301  0.87
7.0401  1.06
7.0501  1.21
7.0601  1.03
7.0701  0.95
7.0801  0.93
7.0901  1.04
7.1001  1.06
7.1101  0.79
7.1201  0.97
7.1301  1.03
7.1401  0.97
7.1501  0.87
7.1601  1.14
7.1701  0.89
7.1801  1.11
7.1901  0.9
7.2001  0.86
7.2101  0.9
7.2201  0.96
7.2301  1.18
7.2401  0.9
7.2501  0.88
7.2601  1.09
7.2701  0.95
7.2801  1.12
7.2901  0.82
7.3001  0.83
7.3101  0.83
7.3201  1.02
7.3301  0.87
7.3401  0.93
7.3501  0.94
7.3601  0.97
7.3701  0.9
7.3801  1.02
7.3901  0.85
7.4001  0.81
7.4101  0.77
7.4201  1.01
7.4301  0.84
7.4401  1.02
7.4501  1
7.4601  0.86
7.4701  1.04
7.4801  0.87
7.4901  0.93
7.5001  1.08
7.5101  1.06
7.5201  1.04
7.5301  1.12
7.5401  0.89
7.5501  0.77
7.5601  1.02
7.5701  0.84
7.5801  0.87
7.5901  0.9
7.6001  1.02
7.6101  1.06
7.6201  0.95
7.6301  0.94
7.6401  0.9
7.6501  0.92
7.6601  0.81
7.6701  0.75
7.6801  1.13
7.6901  0.96
7.7001  1
7.7101  0.95
7.7201  0.97
7.7301  0.95
7.7401  1.1
7.7501  0.98
7.7601  0.99
7.7701  0.92
7.7801  0.93
7.7901  1.05
7.8001  0.87
7.8101  0.9
7.8201  0.99
7.8301  0.96
7.8401  0.67
7.8501  0.89
7.8601  1.02
7.8701  0.89
7.8801  0.98
7.8901  1.01
7.9001  0.89
7.9101  0.95
7.9201  0.97
7.9301  1.13
7.9401  0.88
7.9501  0.93
7.9601  0.89
7.9701  0.98
7.9801  1.1
7.9901  0.89
8.0001  1.04
8.0101  0.97
8.0201  1.01
8.0301  0.9
8.0401  1
8.0501  0.94
8.0601  0.92
8.0701  0.98
8.0801  0.9
8.0901  0.93
8.1001  0.91
8.1101  1.01
8.1201  0.86
8.1301  0.91
8.1401  0.99
8.1501  1.18
8.1601  0.93
8.1701  1.01
8.1801  0.91
8.1901  0.98
8.2001  0.99
8.2101  0.96
8.2201  0.91
8.2301  0.87
8.2401  1.19
8.2501  1.08
8.2601  1.08
8.2701  0.91
8.2801  1.03
8.2901  0.87
8.3001  1.05
8.3101  0.94
8.3201  0.88
8.3301  0.88
8.3401  0.91
8.3501  0.89
8.3601  1.01
8.3701  0.92
8.3801  0.88
8.3901  0.82
8.4001  1.07
8.4101  0.94
8.4201  0.94
8.4301  0.97
8.4401  0.83
8.4501  0.99
8.4601  0.99
8.4701  1.16
8.4801  0.97
8.4901  1.17
8.5001  1.02
8.5101  0.92
8.5201  1.02
8.5301  0.9
8.5401  0.97
8.5501  0.98
8.5601  0.91
8.5701  0.89
8.5801  0.83
8.5901  1.08
8.6001  0.95
8.6101  0.9
8.6201  1.01
8.6301  0.9
8.6401  0.99
8.6501  0.94
8.6601  1.09
8.6701  1.15
8.6801  0.9
8.6901  0.92
8.7001  0.89
8.7101  0.91
8.7201  0.84
8.7301  0.93
8.7401  0.8
8.7501  1.09
8.7601  1.05
8.7701  1
8.7801  1.03
8.7901  1.03
8.8001  1.08
8.8101  0.95
8.8201  0.8
8.8301  0.96
8.8401  0.93
8.8501  1.11
8.8601  0.84
8.8701  0.96
8.8801  0.84
8.8901  1.05
8.9001  1.07
8.9101  1.18
8.9201  0.97
8.9301  0.99
8.9401  1.11
8.9501  0.76
8.9601  0.82
8.9701  0.92
8.9801  1.03
8.9901  0.89
9.0001  0.98
9.0101  1.06
9.0201  0.89
9.0301  0.88
9.0401  0.89
9.0501  0.77
9.0601  0.91
9.0701  1.01
9.0801  0.95
9.0901  1.05
9.1001  1
9.1101  0.95
9.1201  0.96
9.1301  0.87
9.1401  0.97
9.1501  1.09
9.1601  0.81
9.1701  0.98
9.1801  0.76
9.1901  0.91
9.2001  0.96
9.2101  1.15
9.2201  0.9
9.2301  1.1
9.2401  1.15
9.2501  0.85
9.2601  1.17
9.2701  1.01
9.2801  1.07
9.2901  0.93
9.3001  1.06
9.3101  1.04
9.3201  0.99
9.3301  0.94
9.3401  1.01
9.3501  0.97
9.3601  0.96
9.3701  1.06
9.3801  0.91
9.3901  0.98
9.4001  0.81
9.4101  0.92
9.4201  0.99
9.4301  1.08
9.4401  0.83
9.4501  0.95
9.4601  0.9
9.4701  0.97
9.4801  1.01
9.4901  0.95
9.5001  0.99
9.5101  0.98
9.5201  1.09
9.5301  0.91
9.5401  1
9.5501  0.89
9.5601  0.97
9.5701  0.86
9.5801  1.13
9.5901  0.9
9.6001  0.86
9.6101  0.8
9.6201  0.86
9.6301  0.95
9.6401  0.92
9.6501  0.99
9.6601  0.82
9.6701  1.03
9.6801  1.13
9.6901  1.01
9.7001  0.99
9.7101  0.84
9.7201  0.98
9.7301  0.84
9.7401  0.85
9.7501  0.91
9.7601  1.07
9.7701  0.94
9.7801  0.82
9.7901  1.07
9.8001  0.98
9.8101  0.92
9.8201  1.04
9.8301  0.88
9.8401  0.96
9.8501  1.02
9.8601  1.02
9.8701  0.82
9.8801  0.96
9.8901  0.87
9.9001  0.92
9.9101  0.84
9.9201  0.96
9.9301  0.99
9.9401  0.9
9.9501  1.19
9.9601  0.97
9.9701  0.99
9.9801  0.84
9.9901  1.07
10.0001  0.88
10.0101  0.92
10.0201  1.01
10.0301  0.96
10.0401  0.86
10.0501  0.89
10.0601  1.15
10.0701  0.87
10.0801  0.93
10.0901  0.82
10.1001  0.99
10.1101  1.05
10.1201  1.04
10.1301  0.76
10.1401  1.2
10.1501  0.95
10.1601  0.85
10.1701  1.1
10.1801  0.88
10.1901  0.95
10.2001  1.02
10.2101  1.14
10.2201  0.82
10.2301  0.92
10.2401  0.91
10.2501  1.05
10.2601  1.01
10.2701  0.86
10.2801  1.04
10.2901  0.92
10.3001  0.87
10.3101  0.97
10.3201  0.83
10.3301  0.93
10.3401  0.95
10.3501  0.94
10.3601  1.02
10.3701  1.01
10.3801  1.03
10.3901  0.89
10.4001  0.95
10.4101  0.94
10.4201  0.87
10.4301  0.98
10.4401  0.93
10.4501  1.17
10.4601  0.95
10.4701  1.02
10.4801  0.94
10.4901  1.21
10.5001  1.06
10.5101  1.05
10.5201  0.92
10.5301  0.93
10.5401  0.88
10.5501  0.86
10.5601  0.96
10.5701  1.24
10.5801  1.05
10.5901  1.07
10.6001  1.06
10.6101  0.77
10.6201  0.93
10.6301  0.91
10.6401  0.89
10.6501  1.09
10.6601  1.06
10.6701  0.87
10.6801  0.89
10.6901  0.86
10.7001  0.98
10.7101  1.07
10.7201  0.97
10.7301  0.96
10.7401  0.83
10.7501  0.86
10.7601  1.03
10.7701  0.99
10.7801  1.04
10.7901  1.13
10.8001  1.01
10.8101  0.96
10.8201  1.05
10.8301  0.86
10.8401  0.9
10.8501  0.99
10.8601  0.94
10.8701  0.86
10.8801  0.93
10.8901  1.04
10.9001  1
10.9101  0.93
10.9201  1.09
10.9301  0.88
10.9401  0.78
10.9501  0.86
10.9601  0.89
10.9701  0.97
10.9801  0.97
10.9901  0.98
11.0001  1.05
11.0101  1.01
11.0201  0.94
11.0301  1.18
11.0401  1.15
11.0501  0.89
11.0601  0.81
11.0701  0.75
11.0801  0.8
11.0901  1.12
11.1001  0.91
11.1101  1.04
11.1201  0.98
11.1301  0.99
11.1401  1.09
11.1501  0.95
11.1601  1.03
11.1701  0.83
11.1801  0.88
11.1901  0.88
11.2001  0.98
11.2101  0.87
11.2201  0.97
11.2301  0.87
11.2401  0.9
11.2501  0.88
11.2601  1.09
11.2701  1.04
11.2801  0.75
11.2901  0.87
11.3001  0.8
11.3101  0.99
11.3201  1.03
11.3301  1.16
11.3401  0.97
11.3501  0.94
11.3601  0.96
11.3701  0.75
11.3801  1.01
11.3901  0.93
11.4001  0.88
11.4101  0.95
11.4201  1.11
11.4301  1.03
11.4401  0.99
11.4501  0.96
11.4601  1.21
11.4701  0.81
11.4801  0.85
11.4901  0.92
11.5001  0.88
11.5101  1.07
11.5201  1.01
11.5301  1.03
11.5401  0.88
11.5501  1.05
11.5601  0.92
11.5701  0.85
11.5801  0.97
11.5901  1.06
11.6001  0.65
11.6101  0.94
11.6201  1.08
11.6301  0.97
11.6401  0.85
11.6501  0.81
11.6601  0.88
11.6701  1.06
11.6801  0.95
11.6901  1.04
11.7001  1.05
11.7101  0.95
11.7201  1.02
11.7301  1.17
11.7401  1
11.7501  0.93
11.7601  1.12
11.7701  0.79
11.7801  1.06
11.7901  1.16
11.8001  0.91
11.8101  0.76
11.8201  0.88
11.8301  0.87
11.8401  1.12
11.8501  0.88
11.8601  1.08
11.8701  0.84
11.8801  1.07
11.8901  0.89
11.9001  0.89
11.9101  0.88
11.9201  0.99
11.9301  1.01
11.9401  0.87
11.9501  0.89
11.9601  0.97
11.9701  0.95
11.9801  1
11.9901  1.04
12.0001  1.02
12.0101  0.98
12.0201  0.93
12.0301  0.96
12.0401  0.9
12.0501  1.07
12.0601  1.04
12.0701  1.03
12.0801  1.06
12.0901  1.02
12.1001  0.92
12.1101  0.98
12.1201  1.08
12.1301  0.99
12.1401  0.98
12.1501  1.04
12.1601  1.05
12.1701  0.78
12.1801  0.74
12.1901  0.94
12.2001  0.81
12.2101  0.89
12.2201  0.96
12.2301  0.93
12.2401  0.81
12.2501  1.22
12.2601  0.94
12.2701  0.94
12.2801  1.11
12.2901  1.09
12.3001  0.78
12.3101  1.05
12.3201  0.98
12.3301  0.93
12.3401  0.82
12.3501  0.99
12.3601  0.82
12.3701  1.11
12.3801  0.89
12.3901  1
12.4001  0.85
12.4101  0.96
12.4201  0.95
12.4301  0.96
12.4401  0.85
12.4501  0.93
12.4601  0.92
12.4701  1.03
12.4801  0.87
12.4901  1
12.5001  0.98
12.5101  0.83
12.5201  1.05
12.5301  0.97
12.5401  0.86
12.5501  1
12.5601  0.91
12.5701  0.95
12.5801  1.14
12.5901  1.01
12.6001  1.01
12.6101  0.95
12.6201  0.83
12.6301  0.97
12.6401  0.98
12.6501  0.93
12.6601  0.94
12.6701  1.23
12.6801  1
12.6901  1.05
12.7001  0.99
12.7101  1.1
12.7201  0.94
12.7301  1.02
12.7401  1.02
12.7501  1.02
12.7601  0.7
12.7701  1.03
12.7801  0.85
12.7901  0.88
12.8001  0.89
12.8101  0.92
12.8201  0.79
12.8301  1.01
12.8401  1.02
12.8501  0.96
12.8601  0.9
12.8701  0.99
12.8801  0.91
12.8901  0.83
12.9001  0.99
12.9101  0.98
12.9201  1.05
12.9301  0.98
12.9401  0.97
12.9501  0.8
12.9601  0.99
12.9701  0.88
12.9801  0.88
12.9901  0.98
13.0001  1.04
13.0101  0.88
13.0201  1.12
13.0301  0.98
13.0401  1.01
13.0501  0.96
13.0601  1.13
13.0701  1.02
13.0801  0.9
13.0901  0.91
13.1001  0.96
13.1101  0.92
13.1201  0.89
13.1301  1.02
13.1401  0.99
13.1501  0.9
13.1601  0.92
13.1701  1.1
13.1801  0.85
13.1901  1.07
13.2001  0.82
13.2101  0.91
13.2201  0.82
13.2301  0.92
13.2401  0.95
13.2501  1.08
13.2601  1
13.2701  0.87
13.2801  0.94
13.2901  0.93
13.3001  0.9
13.3101  1.13
13.3201  0.93
13.3301  0.88
13.3401  0.99
13.3501  0.99
13.3601  0.94
13.3701  1.08
13.3801  1.06
13.3901  1
13.4001  0.91
13.4101  0.87
13.4201  0.82
13.4301  0.91
13.4401  1.15
13.4501  0.91
13.4601  0.87
13.4701  0.95
13.4801  1.15
13.4901  0.93
13.5001  0.85
13.5101  0.88
13.5201  1.05
13.5301  1.11
13.5401  1.05
13.5501  0.95
13.5601  0.94
13.5701  0.85
13.5801  1.03
13.5901  0.96
13.6001  0.89
13.6101  1.02
13.6201  0.98
13.6301  0.92
13.6401  1.12
13.6501  1.03
13.6601  0.9
13.6701  0.81
13.6801  0.89
13.6901  1.03
13.7001  0.9
13.7101  0.86
13.7201  0.86
13.7301  1.26
13.7401  0.87
13.7501  0.93
13.7601  0.87
13.7701  0.94
13.7801  1.2
13.7901  1.01
13.8001  1
13.8101  0.9
13.8201  1.02
13.8301  1.02
13.8401  0.99
13.8501  0.93
13.8601  0.9
13.8701  0.93
13.8801  0.94
13.8901  0.99
13.9001  1.02
13.9101  0.93
13.9201  1.06
13.9301  0.85
13.9401  0.96
13.9501  0.88
13.9601  0.8
13.9701  1.05
13.9801  0.92
13.9901  1.02
14.0001  0.96
14.0101  0.99
14.0201  0.81
14.0301  0.94
14.0401  0.97
14.0501  0.97
14.0601  1.01
14.0701  1.1
14.0801  0.9
14.0901  1
14.1001  1.05
14.1101  0.94
14.1201  0.95
14.1301  0.79
14.1401  0.94
14.1501  0.99
14.1601  0.98
14.1701  1.08
14.1801  0.77
14.1901  0.95
14.2001  0.86
14.2101  0.85
14.2201  0.78
14.2301  0.9
14.2401  0.89
14.2501  0.99
14.2601  1.03
14.2701  0.9
14.2801  0.85
14.2901  0.9
14.3001  0.94
14.3101  0.97
14.3201  0.86
14.3301  0.84
14.3401  1.07
14.3501  0.92
14.3601  1.12
14.3701  1.09
14.3801  0.93
14.3901  1.01
14.4001  0.93
14.4101  0.94
14.4201  1
14.4301  0.82
14.4401  0.94
14.4501  1.13
14.4601  1.1
14.4701  0.73
14.4801  0.91
14.4901  0.97
14.5001  0.92
14.5101  0.92
14.5201  1.01
14.5301  1.03
14.5401  1.03
14.5501  0.88
14.5601  0.97
14.5701  0.85
14.5801  0.81
14.5901  1
14.6001  0.9
14.6101  1.05
14.6201  0.79
14.6301  0.84
14.6401  0.97
14.6501  1
14.6601  1.04
14.6701  1.01
14.6801  1.1
14.6901  0.95
14.7001  1.04
14.7101  0.93
14.7201  1.31
14.7301  1.01
14.7401  0.76
14.7501  0.98
14.7601  0.95
14.7701  0.83
14.7801  0.88
14.7901  0.94
14.8001  0.96
14.8101  0.95
14.8201  0.81
14.8301  1.05
14.8401  0.91
14.8501  0.95
14.8601  0.92
14.8701  0.96
14.8801  1.08
14.8901  1.04
14.9001  1.02
14.9101  1.05
14.9201  1
14.9301  0.95
14.9401  0.84
14.9501  1.07
14.9601  0.91
14.9701  0.95
14.9801  1.04
14.9901  1
15.0001  0.89
15.0101  0.93
15.0201  1.07
15.0301  1.03
15.0401  0.96
15.0501  1.01
15.0601  0.9
15.0701  0.93
15.0801  1.22
15.0901  0.91
15.1001  1.07
15.1101  1.04
15.1201  1.01
15.1301  0.96
15.1401  0.93
15.1501  0.98
15.1601  0.84
15.1701  0.75
15.1801  0.78
15.1901  0.99
15.2001  1.03
15.2101  0.98
15.2201  0.79
15.2301  1
15.2401  1.14
15.2501  1.06
15.2601  1.1
15.2701  0.88
15.2801  1.09
15.2901  0.95
15.3001  0.91
15.3101  1.05
15.3201  0.94
15.3301  0.91
15.3401  0.82
15.3501  1.03
15.3601  1.04
15.3701  1.03
15.3801  1.01
15.3901  1.01
15.4001  0.89
15.4101  1.01
15.4201  0.91
15.4301  0.83
15.4401  0.85
15.4501  0.97
15.4601  1.01
15.4701  0.87
15.4801  0.96
15.4901  0.98
15.5001  0.95
15.5101  0.92
15.5201  0.78
15.5301  1.04
15.5401  1.12
15.5501  1.01
15.5601  0.93
15.5701  0.99
15.5801  0.92
15.5901  1.06
15.6001  0.92
15.6101  0.96
15.6201  1.02
15.6301  0.96
15.6401  1.14
15.6501  0.97
15.6601  0.94
15.6701  1.06
15.6801  0.8
15.6901  0.89
15.7001  1.04
15.7101  0.9
15.7201  0.98
15.7301  1.21
15.7401  0.9
15.7501  0.79
15.7601  1.13
15.7701  0.99
15.7801  0.9
15.7901  0.89
15.8001  1.1
15.8101  0.94
15.8201  0.9
15.8301  0.91
15.8401  0.99
15.8501  0.91
15.8601  1.14
15.8701  0.81
15.8801  0.95
15.8901  1.06
15.9001  0.96
15.9101  1.09
15.9201  0.93
15.9301  0.81
15.9401  0.98
15.9501  0.95
15.9601  0.9
15.9701  0.88
15.9801  1
15.9901  0.93
16.0001  0.93
16.0101  0.92
16.0201  1.1
16.0301  1.05
16.0401  0.92
16.0501  0.77
16.0601  0.77
16.0701  0.89
16.0801  1.02
16.0901  1.06
16.1001  0.95
16.1101  1.05
16.1201  1
16.1301  1
16.1401  1.01
16.1501  1.09
16.1601  0.89
16.1701  0.76
16.1801  0.99
16.1901  0.95
16.2001  1.03
16.2101  0.85
16.2201  0.97
16.2301  1.05
16.2401  1
16.2501  1.09
16.2601  0.86
16.2701  0.74
16.2801  1.04
16.2901  0.77
16.3001  0.88
16.3101  1.11
16.3201  1.15
16.3301  0.9
16.3401  0.9
16.3501  0.9
16.3601  0.84
16.3701  0.96
16.3801  0.93
16.3901  0.82
16.4001  1.02
16.4101  1.05
16.4201  0.79
16.4301  1.05
16.4401  1.05
16.4501  0.96
16.4601  0.94
16.4701  0.87
16.4801  0.89
16.4901  0.95
16.5001  0.87
16.5101  1.15
16.5201  0.99
16.5301  0.75
16.5401  1.02
16.5501  0.99
16.5601  1
16.5701  0.82
16.5801  0.85
16.5901  1.12
16.6001  0.8
16.6101  0.97
16.6201  0.89
16.6301  0.88
16.6401  0.88
16.6501  1.06
16.6601  0.98
16.6701  0.92
16.6801  0.98
16.6901  1.09
16.7001  1
16.7101  0.96
16.7201  0.81
16.7301  1.02
16.7401  0.89
16.7501  1.04
16.7601  1.08
16.7701  0.91
16.7801  0.84
16.7901  1.05
16.8001  0.89
16.8101  1.02
16.8201  0.88
16.8301  0.91
16.8401  1.01
16.8501  0.75
16.8601  0.84
16.8701  1.1
16.8801  0.98
16.8901  0.9
16.9001  0.99
16.9101  0.98
16.9201  1.09
16.9301  1.04
16.9401  0.91
16.9501  1.01
16.9601  0.96
16.9701  0.95
16.9801  1.09
16.9901  1.09
17.0001  0.96
17.0101  0.97
17.0201  0.93
17.0301  0.98
17.0401  0.91
17.0501  0.92
17.0601  0.88
17.0701  0.91
17.0801  0.93
17.0901  1.09
17.1001  1.22
17.1101  1.09
17.1201  0.94
17.1301  0.89
17.1401  1.08
17.1501  1.08
17.1601  0.89
17.1701  1
17.1801  0.8
17.1901  0.91
17.2001  0.98
17.2101  1
17.2201  0.98
17.2301  0.84
17.2401  0.86
17.2501  1.05
17.2601  0.9
17.2701  1.01
17.2801  0.89
17.2901  0.93
17.3001  0.96
17.3101  0.85
17.3201  0.82
17.3301  1.02
17.3401  1
17.3501  0.94
17.3601  1.08
17.3701  0.81
17.3801  1.02
17.3901  0.87
17.4001  1
17.4101  0.74
17.4201  0.97
17.4301  0.97
17.4401  0.8
17.4501  0.83
17.4601  1.05
17.4701  1.06
17.4801  0.89
17.4901  0.94
17.5001  0.92
17.5101  0.88
17.5201  1.02
17.5301  0.88
17.5401  0.77
17.5501  0.89
17.5601  1.07
17.5701  1.19
17.5801  0.98
17.5901  0.94
17.6001  0.84
17.6101  1.03
17.6201  0.92
17.6301  0.83
17.6401  0.98
17.6501  1.02
17.6601  0.99
17.6701  0.98
17.6801  1.02
17.6901  1.16
17.7001  0.99
17.7101  0.97
17.7201  0.76
17.7301  1.23
17.7401  0.87
17.7501  0.94
17.7601  0.97
17.7701  1.12
17.7801  1
17.7901  0.96
17.8001  1.04
17.8101  0.91
17.8201  0.8
17.8301  0.82
17.8401  0.91
17.8501  0.88
17.8601  0.84
17.8701  0.95
17.8801  0.95
17.8901  0.93
17.9001  1.07
17.9101  1.08
17.9201  1.01
17.9301  1.07
17.9401  0.87
17.9501  0.94
17.9601  0.96
17.9701  0.86
17.9801  0.95
17.9901  0.94
18.0001  1.04
18.0101  0.96
18.0201  1
18.0301  1.02
18.0401  0.97
18.0501  0.98
18.0601  1.02
18.0701  0.9
18.0801  1.16
18.0901  0.93
18.1001  1.07
18.1101  0.94
18.1201  0.86
18.1301  0.99
18.1401  1.06
18.1501  0.98
18.1601  0.89
18.1701  0.96
18.1801  0.89
18.1901  0.7
18.2001  0.82
18.2101  1.08
18.2201  1.13
18.2301  1.07
18.2401  0.91
18.2501  0.97
18.2601  0.88
18.2701  1.06
18.2801  1.09
18.2901  1.11
18.3001  1.07
18.3101  0.85
18.3201  0.92
18.3301  0.89
18.3401  0.95
18.3501  0.91
18.3601  0.99
18.3701  0.94
18.3801  0.97
18.3901  0.88
18.4001  1.03
18.4101  0.94
18.4201  0.83
18.4301  0.98
18.4401  0.86
18.4501  1.03
18.4601  1.09
18.4701  1.04
18.4801  0.9
18.4901  1.15
18.5001  0.96
18.5101  0.86
18.5201  1.01
18.5301  0.9
18.5401  0.81
18.5501  0.93
18.5601  1.05
18.5701  1.01
18.5801  0.92
18.5901  0.82
18.6001  0.94
18.6101  1.01
18.6201  1.11
18.6301  0.82
18.6401  1.01
18.6501  0.95
18.6601  0.93
18.6701  1.02
18.6801  0.87
18.6901  0.94
18.7001  1.01
18.7101  0.89
18.7201  1.02
18.7301  1.03
18.7401  0.89
18.7501  1.06
18.7601  0.94
18.7701  1.06
18.7801  0.92
18.7901  1.06
18.8001  1.01
18.8101  0.9
18.8201  1.12
18.8301  1.01
18.8401  1.11
18.8501  0.9
18.8601  0.74
18.8701  1.03
18.8801  1.19
18.8901  0.94
18.9001  0.86
18.9101  0.93
18.9201  0.8
18.9301  0.89
18.9401  0.91
18.9501  0.95
18.9601  0.98
18.9701  0.83
18.9801  1
18.9901  1.05
19.0001  1
19.0101  0.99
19.0201  0.93
19.0301  0.94
19.0401  0.85
19.0501  0.76
19.0601  0.87
19.0701  0.95
19.0801  0.93
19.0901  0.99
19.1001  1
19.1101  0.87
19.1201  1.03
19.1301  0.97
19.1401  1.25
19.1501  0.94
19.1601  0.9
19.1701  0.9
19.1801  1.02
19.1901  0.95
19.2001  1.04
19.2101  0.99
19.2201  0.99
19.2301  0.93
19.2401  1.04
19.2501  0.98
19.2601  0.81
19.2701  1.04
19.2801  0.98
19.2901  0.94
19.3001  0.75
19.3101  0.96
19.3201  0.8
19.3301  0.98
19.3401  0.94
19.3501  1.16
19.3601  1.03
19.3701  0.89
19.3801  0.84
19.3901  0.88
19.4001  1.02
19.4101  0.96
19.4201  0.77
19.4301  1.06
19.4401  0.89
19.4501  0.9
19.4601  1.03
19.4701  1.13
19.4801  0.88
19.4901  1.18
19.5001  0.85
19.5101  0.99
19.5201  0.88
19.5301  1.05
19.5401  0.92
19.5501  0.8
19.5601  0.99
19.5701  0.92
19.5801  1.04
19.5901  1.13
19.6001  0.88
19.6101  0.87
19.6201  0.93
19.6301  0.87
19.6401  1.17
19.6501  0.97
19.6601  0.94
19.6701  1
19.6801  0.95
19.6901  1
19.7001  1.02
19.7101  0.86
19.7201  1
19.7301  0.77
19.7401  0.99
19.7501  0.92
19.7601  0.91
19.7701  0.91
19.7801  0.79
19.7901  0.95
19.8001  0.93
19.8101  1.04
19.8201  1.02
19.8301  1.07
19.8401  1.01
19.8501  0.96
19.8601  0.88
19.8701  1.06
19.8801  0.83
19.8901  0.8
19.9001  0.9
19.9101  1.08
19.9201  1.06
19.9301  1.04
19.9401  0.9
19.9501  1.08
19.9601  1.05
19.9701  1.04
19.9801  1.04
19.9901  1.03
20.0001  0.9
20.0101  0.92
20.0201  1.2
20.0301  1.11
20.0401  0.99
20.0501  1.06
20.0601  0.78
20.0701  0.95
20.0801  0.98
20.0901  0.83
20.1001  0.96
20.1101  1.07
20.1201  1.16
20.1301  1.11
20.1401  0.98
20.1501  0.84
20.1601  0.86
20.1701  0.99
20.1801  1.04
20.1901  0.81
20.2001  1.04
20.2101  0.86
20.2201  0.91
20.2301  0.84
20.2401  0.91
20.2501  1.08
20.2601  0.98
20.2701  0.98
20.2801  0.9
20.2901  1.03
20.3001  0.95
20.3101  0.93
20.3201  1.01
20.3301  1.07
20.3401  1.05
20.3501  1.18
20.3601  0.9
20.3701  1.02
20.3801  1.06
20.3901  1.08
20.4001  0.85
20.4101  1
20.4201  0.81
20.4301  0.84
20.4401  1.11
20.4501  0.86
20.4601  1
20.4701  1.04
20.4801  1.01
20.4901  0.93
20.5001  0.98
20.5101  0.97
20.5201  1.03
20.5301  0.93
20.5401  0.99
20.5501  0.87
20.5601  1.04
20.5701  1.04
20.5801  0.88
20.5901  0.94
20.6001  1.04
20.6101  0.95
20.6201  1.09
20.6301  0.81
20.6401  1
20.6501  1.02
20.6601  0.88
20.6701  0.9
20.6801  1.04
20.6901  1.1
20.7001  0.96
20.7101  0.85
20.7201  1.1
20.7301  0.83
20.7401  0.82
20.7501  0.94
20.7601  0.87
20.7701  0.98
20.7801  0.94
20.7901  0.97
20.8001  0.97
20.8101  0.89
20.8201  1.15
20.8301  0.98
20.8401  0.82
20.8501  0.94
20.8601  0.89
20.8701  0.72
20.8801  1.02
20.8901  1.01
20.9001  1.01
20.9101  0.86
20.9201  0.88
20.9301  0.9
20.9401  0.77
20.9501  0.92
20.9601  0.91
20.9701  0.94
20.9801  1.14
20.9901  0.97
21.0001  0.92
21.0101  0.96
21.0201  0.9
21.0301  1.08
21.0401  0.8
21.0501  1.13
21.0601  1.07
21.0701  1
21.0801  0.83
21.0901  1.11
21.1001  0.74
21.1101  0.96
21.1201  1.09
21.1301  1.11
21.1401  0.94
21.1501  0.87
21.1601  1.12
21.1701  0.79
21.1801  0.98
21.1901  0.9
21.2001  1.05
21.2101  0.95
21.2201  1.07
21.2301  1.02
21.2401  0.98
21.2501  0.81
21.2601  0.91
21.2701  1.06
21.2801  1.05
21.2901  0.85
21.3001  0.97
21.3101  0.97
21.3201  1.01
21.3301  0.96
21.3401  0.95
21.3501  1.04
21.3601  1.19
21.3701  0.96
21.3801  0.84
21.3901  1
21.4001  0.86
21.4101  0.96
21.4201  0.88
21.4301  0.91
21.4401  0.93
21.4501  1.02
21.4601  1.01
21.4701  1.05
21.4801  0.99
21.4901  0.9
21.5001  1.05
21.5101  1.01
21.5201  1.13
21.5301  1.13
21.5401  0.92
21.5501  0.95
21.5601  0.93
21.5701  0.9
21.5801  0.78
21.5901  0.97
21.6001  0.82
21.6101  0.63
21.6201  0.84
21.6301  0.98
21.6401  1.05
21.6501  1.04
21.6601  1.04
21.6701  1.09
21.6801  0.95
21.6901  0.89
21.7001  0.92
21.7101  1
21.7201  0.85
21.7301  0.97
21.7401  0.99
21.7501  1
21.7601  0.95
21.7701  0.94
21.7801  1.07
21.7901  0.89
21.8001  1.12
21.8101  1.1
21.8201  0.85
21.8301  1.15
21.8401  0.84
21.8501  0.97
21.8601  1.07
21.8701  0.84
21.8801  1.04
21.8901  1.06
21.9001  1.05
21.9101  0.72
21.9201  1.08
21.9301  0.89
21.9401  0.82
21.9501  0.96
21.9601  0.96
21.9701  0.82
21.9801  1.05
21.9901  1.06
22.0001  1.1
22.0101  0.93
22.0201  0.84
22.0301  0.98
22.0401  0.89
22.0501  1.18
22.0601  0.88
22.0701  0.85
22.0801  0.99
22.0901  1.03
22.1001  1.02
22.1101  0.98
22.1201  0.73
22.1301  0.88
22.1401  1.12
22.1501  1.09
22.1601  1.11
22.1701  0.87
22.1801  0.82
22.1901  0.87
22.2001  1.08
22.2101  0.87
22.2201  1.02
22.2301  0.94
22.2401  1.09
22.2501  0.91
22.2601  0.95
22.2701  1.04
22.2801  0.89
22.2901  0.8
22.3001  1.01
22.3101  0.9
22.3201  0.92
22.3301  0.84
22.3401  1.11
22.3501  0.92
22.3601  0.91
22.3701  0.95
22.3801  0.8
22.3901  0.97
22.4001  1.22
22.4101  0.92
22.4201  1.02
22.4301  0.84
22.4401  0.9
22.4501  0.82
22.4601  1.09
22.4701  1.07
22.4801  0.81
22.4901  1
22.5001  1.06
22.5101  0.83
22.5201  0.84
22.5301  0.93
22.5401  0.94
22.5501  1.02
22.5601  1
22.5701  1.04
22.5801  1.05
22.5901  1.03
22.6001  1.05
22.6101  0.83
22.6201  1.05
22.6301  0.82
22.6401  1.02
22.6501  0.94
22.6601  0.91
22.6701  0.89
22.6801  1.01
22.6901  0.78
22.7001  1.1
22.7101  0.93
22.7201  1.08
22.7301  0.95
22.7401  1.13
22.7501  1.07
22.7601  0.84
22.7701  0.92
22.7801  0.98
22.7901  1.02
22.8001  0.86
22.8101  0.9
22.8201  0.91
22.8301  1.11
22.8401  1.12
22.8501  1
22.8601  0.92
22.8701  1.15
22.8801  0.93
22.8901  0.83
22.9001  0.85
22.9101  0.99
22.9201  0.89
22.9301  0.91
22.9401  0.97
22.9501  0.9
22.9601  0.93
22.9701  1.04
22.9801  0.99
22.9901  0.85
23.0001  0.97
23.0101  1.02
23.0201  0.98
23.0301  0.96
23.0401  0.95
23.0501  1.1
23.0601  0.69
23.0701  1.03
23.0801  0.93
23.0901  0.99
23.1001  0.83
23.1101  0.89
23.1201  1.03
23.1301  0.87
23.1401  0.99
23.1501  1
23.1601  1.14
23.1701  0.98
23.1801  0.89
23.1901  1.18
23.2001  0.95
23.2101  1.03
23.2201  0.93
23.2301  0.81
23.2401  0.87
23.2501  0.96
23.2601  0.98
23.2701  0.79
23.2801  1
23.2901  0.9
23.3001  0.92
23.3101  0.81
23.3201  1
23.3301  1.01
23.3401  1.03
23.3501  1.01
23.3601  0.96
23.3701  0.97
23.3801  0.98
23.3901  0.87
23.4001  0.97
23.4101  0.91
23.4201  1.02
23.4301  0.86
23.4401  0.96
23.4501  0.99
23.4601  0.9
23.4701  1.11
23.4801  0.83
23.4901  0.93
23.5001  0.94
23.5101  0.96
23.5201  0.83
23.5301  0.92
23.5401  1.09
23.5501  0.93
23.5601  0.93
23.5701  0.92
23.5801  0.95
23.5901  1.19
23.6001  0.9
23.6101  0.99
23.6201  0.9
23.6301  0.96
23.6401  0.83
23.6501  1.03
23.6601  0.94
23.6701  1.04
23.6801  1.14
23.6901  1.03
23.7001  1.02
23.7101  0.91
23.7201  1.01
23.7301  0.89
23.7401  1.01
23.7501  0.88
23.7601  0.96
23.7701  0.95
23.7801  0.86
23.7901  1.11
23.8001  1.03
23.8101  0.87
23.8201  0.95
23.8301  1.01
23.8401  1.2
23.8501  0.94
23.8601  0.93
23.8701  0.96
23.8801  0.91
23.8901  0.99
23.9001  0.79
23.9101  0.88
23.9201  1.01
23.9301  1.01
23.9401  0.95
23.9501  0.96
23.9601  0.74
23.9701  1.11
23.9801  0.84
23.9901  1.08
24.0001  0.93
24.0101  1.04
24.0201  0.82
24.0301  0.85
24.0401  0.97
24.0501  0.91
24.0601  1.07
24.0701  0.91
24.0801  1.18
24.0901  0.94
24.1001  1.04
24.1101  0.86
24.1201  0.85
24.1301  0.99
24.1401  0.78
24.1501  0.99
24.1601  0.74
24.1701  0.94
24.1801  1.04
24.1901  0.81
24.2001  0.93
24.2101  0.96
24.2201  0.92
24.2301  1.06
24.2401  0.86
24.2501  1.1
24.2601  0.93
24.2701  0.83
24.2801  1
24.2901  1.05
24.3001  0.96
24.3101  1.05
24.3201  0.93
24.3301  0.9
24.3401  1.07
24.3501  0.93
24.3601  1.02
24.3701  0.81
24.3801  1.03
24.3901  0.85
24.4001  0.89
24.4101  1
24.4201  0.93
24.4301  0.96
24.4401  0.95
24.4501  0.9
24.4601  0.89
24.4701  1.21
24.4801  0.95
24.4901  1.03
24.5001  1.06
24.5101  1.11
24.5201  1.02
24.5301  1.03
24.5401  1.03
24.5501  1.07
24.5601  0.83
24.5701  1.06
24.5801  0.83
24.5901  0.98
24.6001  0.91
24.6101  0.88
24.6201  0.81
24.6301  1
24.6401  1.09
24.6501  1.09
24.6601  0.95
24.6701  0.93
24.6801  0.98
24.6901  1.09
24.7001  0.99
24.7101  0.89
24.7201  1.12
24.7301  0.72
24.7401  1.01
24.7501  0.89
24.7601  0.93
24.7701  1
24.7801  1
24.7901  1
24.8001  1.06
24.8101  0.9
24.8201  0.86
24.8301  0.8
24.8401  1.05
24.8501  0.93
24.8601  0.95
24.8701  1.18
24.8801  1.11
24.8901  0.9
24.9001  0.95
24.9101  1.03
24.9201  0.91
24.9301  0.89
24.9401  0.91
24.9501  0.94
24.9601  0.9
24.9701  0.88
24.9801  1.19
24.9901  0.9
25.0001  1.01
25.0101  0.93
25.0201  1.07
25.0301  0.98
25.0401  0.96
25.0501  0.91
25.0601  0.9
25.0701  0.69
25.0801  0.8
25.0901  0.94
25.1001  0.98
25.1101  0.91
25.1201  0.95
25.1301  0.82
25.1401  0.87
25.1501  0.85
25.1601  1.08
25.1701  0.86
25.1801  0.98
25.1901  0.89
25.2001  1.04
25.2101  0.88
25.2201  0.88
25.2301  0.89
25.2401  0.78
25.2501  1.01
25.2601  0.84
25.2701  1
25.2801  0.88
25.2901  0.9
25.3001  0.92
25.3101  0.91
25.3201  0.98
25.3301  0.99
25.3401  1.15
25.3501  1.11
25.3601  1.01
25.3701  1
25.3801  0.98
25.3901  0.86
25.4001  0.9
25.4101  1.04
25.4201  1
25.4301  1.09
25.4401  1.1
25.4501  0.85
25.4601  0.77
25.4701  1.07
25.4801  0.79
25.4901  0.84
25.5001  0.92
25.5101  0.92
25.5201  1.02
25.5301  0.8
25.5401  0.97
25.5501  0.91
25.5601  0.82
25.5701  0.93
25.5801  0.98
25.5901  0.96
25.6001  0.82
25.6101  1.05
25.6201  1.1
25.6301  1.18
25.6401  0.78
25.6501  0.85
25.6601  1
25.6701  1.04
25.6801  0.93
25.6901  0.76
25.7001  1.07
25.7101  0.96
25.7201  0.93
25.7301  1.04
25.7401  0.86
25.7501  0.92
25.7601  0.95
25.7701  0.89
25.7801  1.01
25.7901  1.08
25.8001  0.97
25.8101  0.93
25.8201  1.04
25.8301  0.87
25.8401  1.04
25.8501  0.9
25.8601  0.96
25.8701  1
25.8801  0.85
25.8901  1.14
25.9001  0.98
25.9101  1.04
25.9201  1.02
25.9301  0.7
25.9401  1.1
25.9501  0.97
25.9601  1.02
25.9701  0.86
25.9801  0.94
25.9901  1.05
26.0001  1.02
26.0101  0.96
26.0201  0.93
26.0301  1.09
26.0401  0.96
26.0501  1.09
26.0601  1.07
26.0701  0.99
26.0801  1.02
26.0901  0.83
26.1001  0.92
26.1101  1.05
26.1201  0.99
26.1301  0.86
26.1401  0.89
26.1501  1.01
26.1601  0.84
26.1701  1.03
26.1801  1.03
26.1901  0.8
26.2001  0.94
26.2101  1.05
26.2201  0.97
26.2301  1.24
26.2401  0.84
26.2501  0.92
26.2601  1.02
26.2701  0.91
26.2801  0.96
26.2901  0.98
26.3001  1.02
26.3101  0.91
26.3201  0.96
26.3301  0.83
26.3401  0.99
26.3501  1.07
26.3601  0.97
26.3701  0.94
26.3801  1.03
26.3901  0.87
26.4001  0.92
26.4101  0.8
26.4201  0.87
26.4301  1.13
26.4401  1.13
26.4501  0.92
26.4601  0.97
26.4701  1
26.4801  0.94
26.4901  0.88
26.5001  0.95
26.5101  0.87
26.5201  0.77
26.5301  0.9
26.5401  0.97
26.5501  0.94
26.5601  0.85
26.5701  0.9
26.5801  0.91
26.5901  0.94
26.6001  0.92
26.6101  1.01
26.6201  0.97
26.6301  1.07
26.6401  0.91
26.6501  0.83
26.6601  0.81
26.6701  1.09
26.6801  1.09
26.6901  1
26.7001  0.85
26.7101  0.88
26.7201  0.96
26.7301  0.95
26.7401  0.88
26.7501  0.85
26.7601  0.75
26.7701  0.94
26.7801  1.06
26.7901  1.15
26.8001  0.92
26.8101  0.92
26.8201  1.17
26.8301  0.84
26.8401  1.06
26.8501  0.91
26.8601  0.96
26.8701  0.96
26.8801  0.94
26.8901  1.1
26.9001  0.91
26.9101  1.04
26.9201  0.84
26.9301  0.92
26.9401  0.84
26.9501  0.83
26.9601  0.95
26.9701  1.03
26.9801  1.03
26.9901  0.92
27.0001  0.99
27.0101  0.98
27.0201  1.02
27.0301  1.1
27.0401  0.9
27.0501  0.98
27.0601  0.88
27.0701  0.91
27.0801  0.91
27.0901  1.06
27.1001  0.82
27.1101  0.78
27.1201  0.9
27.1301  0.99
27.1401  0.93
27.1501  1.03
27.1601  0.83
27.1701  1.06
27.1801  1.04
27.1901  0.85
27.2001  0.8
27.2101  1.14
27.2201  0.95
27.2301  1.16
27.2401  1.02
27.2501  0.96
27.2601  0.95
27.2701  0.76
27.2801  0.94
27.2901  0.91
27.3001  1
27.3101  1.12
27.3201  0.78
27.3301  0.69
27.3401  0.85
27.3501  0.93
27.3601  0.76
27.3701  1.1
27.3801  0.96
27.3901  1.11
27.4001  0.8
27.4101  1.12
27.4201  0.91
27.4301  0.88
27.4401  0.96
27.4501  0.91
27.4601  1.14
27.4701  0.95
27.4801  0.85
27.4901  1.09
27.5001  0.92
27.5101  0.81
27.5201  1.03
27.5301  1.04
27.5401  0.87
27.5501  0.96
27.5601  0.88
27.5701  1.09
27.5801  0.74
27.5901  0.89
27.6001  0.94
27.6101  1.03
27.6201  0.84
27.6301  0.93
27.6401  1.01
27.6501  0.96
27.6601  0.93
27.6701  1.07
27.6801  1.21
27.6901  0.98
27.7001  1.05
27.7101  1.07
27.7201  1.09
27.7301  1.02
27.7401  1.09
27.7501  1.06
27.7601  1.08
27.7701  0.81
27.7801  0.83
27.7901  0.95
27.8001  0.97
27.8101  0.88
27.8201  0.9
27.8301  1.07
27.8401  0.95
27.8501  0.87
27.8601  0.68
27.8701  1.14
27.8801  0.99
27.8901  0.92
27.9001  0.99
27.9101  1.03
27.9201  1.06
27.9301  0.87
27.9401  1.03
27.9501  1.02
27.9601  1.18
27.9701  1.19
27.9801  0.96
27.9901  0.87
28.0001  1.02
28.0101  0.94
28.0201  0.91
28.0301  0.98
28.0401  0.78
28.0501  0.94
28.0601  0.76
28.0701  0.79
28.0801  1.03
28.0901  0.94
28.1001  0.87
28.1101  0.9
28.1201  1.07
28.1301  0.92
28.1401  0.96
28.1501  0.92
28.1601  0.91
28.1701  0.97
28.1801  0.83
28.1901  0.94
28.2001  0.99
28.2101  0.83
28.2201  0.98
28.2301  0.99
28.2401  0.85
28.2501  0.9
28.2601  1.02
28.2701  1.07
28.2801  0.99
28.2901  1
28.3001  0.83
28.3101  0.86
28.3201  0.94
28.3301  0.85
28.3401  1.07
28.3501  1.08
28.3601  0.89
28.3701  1.02
28.3801  0.89
28.3901  1.04
28.4001  0.91
28.4101  0.8
28.4201  0.85
28.4301  1.05
28.4401  0.98
28.4501  0.88
28.4601  0.95
28.4701  1.05
28.4801  0.96
28.4901  1.12
28.5001  1.02
28.5101  0.96
28.5201  0.83
28.5301  0.87
28.5401  1.03
28.5501  0.89
28.5601  1.02
28.5701  0.97
28.5801  0.94
28.5901  1.09
28.6001  0.98
28.6101  0.99
28.6201  0.99
28.6301  1.03
28.6401  0.87
28.6501  1.06
28.6601  1.02
28.6701  0.99
28.6801  0.86
28.6901  1.05
28.7001  0.88
28.7101  0.84
28.7201  0.89
28.7301  1.02
28.7401  0.98
28.7501  1.05
28.7601  1
28.7701  0.86
28.7801  0.87
28.7901  0.81
28.8001  1.09
28.8101  1.03
28.8201  0.74
28.8301  0.98
28.8401  1.06
28.8501  1.1
28.8601  0.92
28.8701  1.03
28.8801  0.97
28.8901  0.86
28.9001  0.94
28.9101  0.85
28.9201  1
28.9301  1
28.9401  0.96
28.9501  0.95
28.9601  0.96
28.9701  1.02
28.9801  1.01
28.9901  0.84
29.0001  0.87
29.0101  1.02
29.0201  1.05
29.0301  0.92
29.0401  1
29.0501  0.93
29.0601  0.9
29.0701  0.99
29.0801  0.92
29.0901  1.16
29.1001  0.97
29.1101  0.95
29.1201  0.85
29.1301  1.13
29.1401  1.02
29.1501  0.94
29.1601  1.08
29.1701  1.01
29.1801  1.11
29.1901  1.01
29.2001  1
29.2101  0.91
29.2201  1
29.2301  1.08
29.2401  0.87
29.2501  1.01
29.2601  0.82
29.2701  0.96
29.2801  0.97
29.2901  0.95
29.3001  1.01
29.3101  1.02
29.3201  0.97
29.3301  0.85
29.3401  1
29.3501  0.98
29.3601  0.98
29.3701  0.86
29.3801  1.02
29.3901  0.93
29.4001  1.06
29.4101  0.89
29.4201  0.92
29.4301  1
29.4401  0.96
29.4501  1.1
29.4601  0.89
29.4701  1.06
29.4801  0.84
29.4901  0.89
29.5001  1.07
29.5101  0.96
29.5201  0.83
29.5301  0.85
29.5401  0.88
29.5501  0.88
29.5601  1.05
29.5701  0.86
29.5801  0.99
29.5901  0.97
29.6001  1.1
29.6101  0.98
29.6201  0.74
29.6301  0.94
29.6401  1.15
29.6501  0.98
29.6601  0.88
29.6701  0.84
29.6801  1.15
29.6901  1.01
29.7001  1.12
29.7101  1.02
29.7201  0.91
29.7301  0.81
29.7401  1.2
29.7501  0.9
29.7601  0.89
29.7701  1.12
29.7801  0.94
29.7901  0.97
29.8001  0.94
29.8101  1.11
29.8201  0.88
29.8301  0.96
29.8401  0.9
29.8501  0.93
29.8601  0.92
29.8701  0.84
29.8801  0.99
29.8901  0.84
29.9001  0.92
29.9101  0.79
29.9201  0.95
29.9301  1.06
29.9401  0.8
29.9501  1.03
29.9601  0.87
29.9701  0.81
29.9801  0.93
29.9901  0.92
30.0001  0.98
30.0101  1.09
30.0201  1.01
30.0301  0.81
30.0401  0.96
30.0501  0.89
30.0601  0.89
30.0701  1.06
30.0801  1.15
30.0901  0.98
30.1001  0.86
30.1101  0.95
30.1201  1.09
30.1301  0.88
30.1401  0.95
30.1501  1.09
30.1601  0.72
30.1701  0.95
30.1801  0.83
30.1901  0.93
30.2001  0.97
30.2101  1.04
30.2201  1.03
30.2301  0.99
30.2401  1.02
30.2501  1.05
30.2601  0.96
30.2701  0.95
30.2801  1.01
30.2901  1
30.3001  0.82
30.3101  0.95
30.3201  1.05
30.3301  0.76
30.3401  0.88
30.3501  1.09
30.3601  1.01
30.3701  1.01
30.3801  1.05
30.3901  1
30.4001  1.02
30.4101  0.94
30.4201  0.89
30.4301  1.04
30.4401  0.96
30.4501  0.96
30.4601  0.89
30.4701  1
30.4801  1.03
30.4901  0.97
30.5001  0.95
30.5101  1.04
30.5201  0.96
30.5301  1.1
30.5401  1.05
30.5501  0.96
30.5601  0.94
30.5701  1.08
30.5801  0.92
30.5901  0.85
30.6001  0.85
30.6101  0.98
30.6201  1.06
30.6301  1.01
30.6401  1.06
30.6501  1.04
30.6601  1.05
30.6701  1.09
30.6801  0.98
30.6901  1
30.7001  1.07
30.7101  0.86
30.7201  0.83
30.7301  0.96
30.7401  1.07
30.7501  1.04
30.7601  1.05
30.7701  1
30.7801  0.96
30.7901  1.03
30.8001  0.96
30.8101  0.85
30.8201  0.99
30.8301  0.97
30.8401  0.97
30.8501  0.84
30.8601  0.99
30.8701  0.94
30.8801  1.03
30.8901  0.98
30.9001  1
30.9101  0.93
30.9201  0.88
30.9301  0.85
30.9401  0.84
30.9501  0.83
30.9601  0.84
30.9701  0.87
30.9801  1.17
30.9901  0.97
31.0001  0.96
31.0101  0.99
31.0201  1.15
31.0301  1.08
31.0401  1.06
31.0501  0.92
31.0601  0.77
31.0701  0.95
31.0801  1.01
31.0901  0.89
31.1001  0.95
31.1101  0.93
31.1201  0.81
31.1301  0.99
31.1401  1.07
31.1501  0.89
31.1601  0.97
31.1701  0.89
31.1801  1.03
31.1901  0.98
31.2001  0.93
31.2101  1.04
31.2201  0.85
31.2301  0.9
31.2401  0.95
31.2501  0.91
31.2601  0.98
31.2701  0.96
31.2801  0.77
31.2901  0.8
31.3001  0.96
31.3101  0.79
31.3201  1.1
31.3301  0.83
31.3401  0.79
31.3501  0.81
31.3601  0.86
31.3701  0.91
31.3801  0.99
31.3901  0.88
31.4001  0.91
31.4101  1.01
31.4201  1.15
31.4301  0.97
31.4401  1.17
31.4501  1.11
31.4601  0.99
31.4701  1.05
31.4801  1.01
31.4901  0.93
31.5001  0.81
31.5101  0.88
31.5201  0.83
31.5301  0.94
31.5401  0.9
31.5501  0.89
31.5601  0.98
31.5701  0.93
31.5801  1
31.5901  0.96
31.6001  1.13
31.6101  0.93
31.6201  0.9
31.6301  1.09
31.6401  0.83
31.6501  0.99
31.6601  0.99
31.6701  0.92
31.6801  0.87
31.6901  0.94
31.7001  0.76
31.7101  0.94
31.7201  0.94
31.7301  0.91
31.7401  0.94
31.7501  0.9
31.7601  0.75
31.7701  0.97
31.7801  1.04
31.7901  0.92
31.8001  0.96
31.8101  1.01
31.8201  0.96
31.8301  0.86
31.8401  0.89
31.8501  1.06
31.8601  1.03
31.8701  1.21
31.8801  0.92
31.8901  1.16
31.9001  0.99
31.9101  0.8
31.9201  0.95
31.9301  0.93
31.9401  0.95
31.9501  1.04
31.9601  1.1
31.9701  0.87
31.9801  0.84
31.9901  0.84
32.0001  0.81
32.0101  1.09
32.0201  0.99
32.0301  1.09
32.0401  1.1
32.0501  1.09
32.0601  1.01
32.0701  0.84
32.0801  0.92
32.0901  1.03
32.1001  1.07
32.1101  0.93
32.1201  0.98
32.1301  0.92
32.1401  0.93
32.1501  0.93
32.1601  1.09
32.1701  1.03
32.1801  0.79
32.1901  0.87
32.2001  1.21
32.2101  0.95
32.2201  0.99
32.2301  1.03
32.2401  0.89
32.2501  1.17
32.2601  0.91
32.2701  1.1
32.2801  1.04
32.2901  0.93
32.3001  1.05
32.3101  1.17
32.3201  0.99
32.3301  1.03
32.3401  0.83
32.3501  0.91
32.3601  0.95
32.3701  0.98
32.3801  0.83
32.3901  0.96
32.4001  1
32.4101  1.08
32.4201  0.87
32.4301  1.12
32.4401  1.1
32.4501  0.96
32.4601  1.03
32.4701  0.9
32.4801  0.85
32.4901  0.85
32.5001  0.74
32.5101  1.06
32.5201  1.16
32.5301  0.89
32.5401  0.94
32.5501  0.91
32.5601  0.85
32.5701  0.94
32.5801  0.82
32.5901  0.93
32.6001  0.78
32.6101  1.21
32.6201  1.02
32.6301  1
32.6401  0.85
32.6501  0.95
32.6601  1.01
32.6701  1.05
32.6801  0.89
32.6901  0.91
32.7001  0.98
32.7101  1.07
32.7201  0.91
32.7301  1
32.7401  0.92
32.7501  0.92
32.7601  0.87
32.7701  1.07
32.7801  0.94
32.7901  0.93
32.8001  0.92
32.8101  0.97
32.8201  0.95
32.8301  1.03
32.8401  0.94
32.8501  0.96
32.8601  1.01
32.8701  0.94
32.8801  0.93
32.8901  0.99
32.9001  0.99
32.9101  0.87
32.9201  0.97
32.9301  0.94
32.9401  1.01
32.9501  0.86
32.9601  1.04
32.9701  0.97
32.9801  0.92
32.9901  1.06
33.0001  0.79
33.0101  0.88
33.0201  0.93
33.0301  0.89
33.0401  0.95
33.0501  1.09
33.0601  0.96
33.0701  0.98
33.0801  0.88
33.0901  1.09
33.1001  1.11
33.1101  0.96
33.1201  0.87
33.1301  0.94
33.1401  0.99
33.1501  0.8
33.1601  1.03
33.1701  1
33.1801  0.97
33.1901  0.94
33.2001  0.98
33.2101  0.87
33.2201  0.81
33.2301  0.91
33.2401  0.91
33.2501  0.92
33.2601  1.16
33.2701  0.92
33.2801  0.88
33.2901  0.78
33.3001  1.03
33.3101  1.1
33.3201  0.82
33.3301  0.95
33.3401  0.94
33.3501  0.76
33.3601  1.01
33.3701  1.02
33.3801  1.03
33.3901  0.88
33.4001  0.85
33.4101  0.93
33.4201  1.1
33.4301  0.98
33.4401  0.96
33.4501  0.94
33.4601  1.03
33.4701  0.91
33.4801  0.9
33.4901  0.79
33.5001  0.91
33.5101  1.07
33.5201  0.89
33.5301  0.83
33.5401  1
33.5501  1.03
33.5601  1.1
33.5701  1.15
33.5801  1
33.5901  0.89
33.6001  0.97
33.6101  0.8
33.6201  0.93
33.6301  0.85
33.6401  0.9
33.6501  0.93
33.6601  1.01
33.6701  1.01
33.6801  0.99
33.6901  0.81
33.7001  1
33.7101  1
33.7201  0.9
33.7301  1.07
33.7401  0.99
33.7501  0.99
33.7601  1.04
33.7701  1
33.7801  0.79
33.7901  0.95
33.8001  0.94
33.8101  0.97
33.8201  1.2
33.8301  0.9
33.8401  0.91
33.8501  0.88
33.8601  0.99
33.8701  0.88
33.8801  0.9
33.8901  1.04
33.9001  0.97
33.9101  0.96
33.9201  0.99
33.9301  0.86
33.9401  1.04
33.9501  0.92
33.9601  1.15
33.9701  1.04
33.9801  0.89
33.9901  1.1
34.0001  0.93
34.0101  0.97
34.0201  0.9
34.0301  0.85
34.0401  1.07
34.0501  0.94
34.0601  0.93
34.0701  1.05
34.0801  0.96
34.0901  1.09
34.1001  0.96
34.1101  0.95
34.1201  0.91
34.1301  1.1
34.1401  0.93
34.1501  1.05
34.1601  1.14
34.1701  0.84
34.1801  1
34.1901  1.09
34.2001  1.01
34.2101  1
34.2201  0.91
34.2301  1.05
34.2401  0.98
34.2501  0.91
34.2601  0.83
34.2701  0.8
34.2801  1.02
34.2901  0.96
34.3001  0.79
34.3101  0.99
34.3201  0.99
34.3301  1.04
34.3401  0.82
34.3501  1.04
34.3601  1.01
34.3701  0.91
34.3801  0.92
34.3901  1.06
34.4001  1
34.4101  0.98
34.4201  1.05
34.4301  1.09
34.4401  0.88
34.4501  0.9
34.4601  0.93
34.4701  0.84
34.4801  0.98
34.4901  0.72
34.5  1.04
34.51  0.92
34.52  0.97
34.53  1.04
34.54  0.93
34.55  0.96
34.56  0.92
34.57  0.91
34.58  0.78
34.59  1.09
34.6  1.09
34.61  0.93
34.62  0.86
34.63  0.91
34.64  0.9
34.65  1.04
34.66  0.82
34.67  1.11
34.68  0.9
34.69  0.94
34.7  0.95
34.71  0.97
34.72  1.01
34.73  0.89
34.74  0.83
34.75  1.11
34.76  0.92
34.77  0.95
34.78  0.79
34.79  0.92
34.8  1.04
34.81  0.96
34.82  0.97
34.83  0.94
34.84  0.93
34.85  0.97
34.86  0.95
34.87  1.15
34.88  1
34.89  0.97
34.9  0.91
34.91  0.96
34.92  1.05
34.93  0.93
34.94  0.92
34.95  0.91
34.96  0.92
34.97  0.93
34.98  0.79
34.99  0.98
35  0.99
35.01  0.88
35.02  0.96
35.03  1.04
35.04  0.88
35.05  1.12
35.06  1.04
35.07  0.82
35.08  1.07
35.09  0.79
35.1  1.07
35.11  0.86
35.12  0.84
35.13  1.01
35.14  0.82
35.15  1.11
35.16  0.94
35.17  0.93
35.18  0.88
35.19  0.98
35.2  1.08
35.21  0.93
35.22  0.99
35.23  1.06
35.24  0.97
35.25  0.77
35.26  0.95
35.27  0.84
35.28  1.05
35.29  0.9
35.3  0.88
35.31  0.98
35.32  0.77
35.33  1.03
35.34  0.82
35.35  1.01
35.36  1.14
35.37  1.08
35.38  1.1
35.39  0.89
35.4  1.01
35.41  0.9
35.42  0.93
35.43  0.92
35.44  0.97
35.45  1.03
35.46  0.94
35.47  0.88
35.48  1.06
35.49  0.97
35.5  1.05
35.51  0.9
35.52  0.97
35.53  1.07
35.54  0.98
35.55  1.03
35.56  1.09
35.57  0.9
35.58  1.05
35.59  0.82
35.6  0.93
35.61  0.81
35.62  1.07
35.63  1.19
35.64  0.78
35.65  0.96
35.66  1.17
35.67  0.93
35.68  0.99
35.69  1.11
35.7  0.97
35.71  1.02
35.72  0.83
35.73  0.92
35.74  1
35.75  1.02
35.76  1.03
35.77  1.09
35.78  0.96
35.79  0.89
35.8  0.83
35.81  0.93
35.82  0.9
35.83  1.12
35.84  1.02
35.85  0.99
35.86  1.03
35.87  0.99
35.88  1.04
35.89  1.07
35.9  1.14
35.91  1
35.92  1.03
35.93  1.01
35.94  0.96
35.95  1.02
35.96  0.86
35.97  1
35.98  1.09
35.99  0.97
36  1.03
36.01  0.96
36.02  0.86
36.03  0.97
36.04  0.89
36.05  0.77
36.06  1.05
36.07  1.07
36.08  0.94
36.09  0.92
36.1  0.98
36.11  1.24
36.12  1.01
36.13  1.11
36.14  0.9
36.15  0.94
36.16  1.03
36.17  1.04
36.18  0.97
36.19  0.92
36.2  1
36.21  0.91
36.22  0.94
36.23  0.9
36.24  0.82
36.25  1.08
36.26  0.99
36.27  0.92
36.28  0.98
36.29  0.78
36.3  0.76
36.31  1.22
36.32  0.9
36.33  1.02
36.34  0.8
36.35  0.89
36.36  0.91
36.37  0.87
36.38  0.83
36.39  1.1
36.4  0.75
36.41  0.95
36.42  0.76
36.43  0.92
36.44  0.96
36.45  0.77
36.46  0.77
36.47  1.16
36.48  0.89
36.49  0.94
36.5  1.04
36.51  1.06
36.52  0.93
36.53  0.86
36.54  0.87
36.55  0.84
36.56  1.02
36.57  1.04
36.58  0.9
36.59  1.08
36.6  0.98
36.61  0.94
36.62  0.77
36.63  1.11
36.64  0.86
36.65  0.87
36.66  0.93
36.67  0.79
36.68  1.03
36.69  1.07
36.7  0.9
36.71  0.98
36.72  1
36.73  0.88
36.74  1.02
36.75  1.05
36.76  0.85
36.77  0.73
36.78  1.01
36.79  0.87
36.8  0.81
36.81  0.93
36.82  0.93
36.83  0.81
36.84  0.97
36.85  0.78
36.86  1.17
36.87  0.95
36.88  1.14
36.89  0.85
36.9  0.93
36.91  0.87
36.92  1
36.93  0.86
36.94  1
36.95  1.07
36.96  0.81
36.97  0.92
36.98  0.95
36.99  1.22
37  0.93
37.01  0.98
37.02  1.04
37.03  1
37.04  1.19
37.05  0.75
37.06  0.97
37.07  0.96
37.08  0.89
37.09  1.05
37.1  1.15
37.11  1.14
37.12  0.79
37.13  0.85
37.14  0.92
37.15  0.89
37.16  1.08
37.17  0.81
37.18  0.92
37.19  0.93
37.2  0.81
37.21  0.82
37.22  1.02
37.23  1.06
37.24  1.09
37.25  1.08
37.26  1.1
37.27  1.07
37.28  0.99
37.29  0.9
37.3  0.79
37.31  0.89
37.32  1.02
37.33  0.91
37.34  1.02
37.35  0.94
37.36  0.98
37.37  0.96
37.38  0.87
37.39  0.9
37.4  0.91
37.41  0.8
37.42  0.96
37.43  0.97
37.44  1
37.45  1.06
37.46  0.91
37.47  1.05
37.48  0.97
37.49  0.99
37.5  0.99
37.51  0.97
37.52  0.93
37.53  0.93
37.54  0.89
37.55  0.93
37.56  0.88
37.57  1.11
37.58  0.82
37.59  1.06
37.6  1.08
37.61  0.99
37.62  0.87
37.63  1.09
37.64  1.08
37.65  0.96
37.66  1.06
37.67  0.92
37.68  1.15
37.69  1.04
37.7  0.99
37.71  0.92
37.72  0.88
37.73  1.08
37.74  0.82
37.75  0.91
37.76  0.91
37.77  0.9
37.78  0.98
37.79  1.08
37.8  0.84
37.81  1.11
37.82  0.96
37.83  1.09
37.84  0.97
37.85  0.95
37.86  0.97
37.87  1.01
37.88  1.1
37.89  0.99
37.9  0.88
37.91  0.85
37.92  0.93
37.93  0.89
37.94  0.95
37.95  0.96
37.96  1.07
37.97  0.95
37.98  1.18
37.99  0.91
38  0.81
38.01  0.96
38.02  0.97
38.03  0.98
38.04  0.96
38.05  0.96
38.06  1.09
38.07  0.71
38.08  1
38.09  0.92
38.1  1.05
38.11  1.1
38.12  1.06
38.13  1.05
38.14  0.81
38.15  1.01
38.16  0.98
38.17  1.13
38.18  1.04
38.19  1.02
38.2  0.8
38.21  1.06
38.22  0.94
38.23  0.9
38.24  0.93
38.25  0.86
38.26  1.02
38.27  0.85
38.28  0.81
38.29  0.84
38.3  0.93
38.31  1.12
38.32  0.95
38.33  0.8
38.34  0.82
38.35  0.87
38.36  1.04
38.37  1
38.38  1.18
38.39  0.92
38.4  0.85
38.41  1.05
38.42  1.11
38.43  0.92
38.44  0.9
38.45  0.97
38.46  0.84
38.47  0.96
38.48  0.9
38.49  0.74
38.5  0.95
38.51  1.16
38.52  0.83
38.53  0.79
38.54  1.07
38.55  0.97
38.56  1.04
38.57  0.74
38.58  0.94
38.59  0.85
38.6  0.87
38.61  0.98
38.62  0.72
38.63  1.1
38.64  0.97
38.65  1.08
38.66  0.77
38.67  0.86
38.68  0.97
38.69  0.89
38.7  1.04
38.71  0.98
38.72  0.79
38.73  1.11
38.74  1.07
38.75  1.02
38.76  1.08
38.77  0.95
38.78  0.89
38.79  0.95
38.8  0.97
38.81  0.88
38.82  1.08
38.83  0.84
38.84  0.83
38.85  0.98
38.86  1.06
38.87  1.17
38.88  0.95
38.89  0.92
38.9  0.91
38.91  0.94
38.92  0.92
38.93  0.97
38.94  0.84
38.95  1.05
38.96  1.11
38.97  0.96
38.98  1.06
38.99  0.9
39  0.89
39.01  1.01
39.02  1
39.03  0.78
39.04  0.93
39.05  0.9
39.06  0.9
39.07  1.1
39.08  1.05
39.09  1.19
39.1  1.08
39.11  0.83
39.12  1.04
39.13  0.92
39.14  0.92
39.15  0.9
39.16  0.95
39.17  0.88
39.18  0.84
39.19  0.97
39.2  0.95
39.21  0.97
39.22  0.89
39.23  1.08
39.24  0.93
39.25  1.04
39.26  1.04
39.27  1.07
39.28  0.93
39.29  0.82
39.3  0.91
39.31  0.98
39.32  0.95
39.33  0.86
39.34  0.98
39.35  0.97
39.36  0.92
39.37  1.01
39.38  1.06
39.39  0.89
39.4  1.07
39.41  0.95
39.42  1.02
39.43  1.05
39.44  0.94
39.45  1.05
39.46  1.01
39.47  1.06
39.48  1.07
39.49  1.11
39.5  0.79
39.51  0.91
39.52  0.79
39.53  1.16
39.54  0.91
39.55  1.13
39.56  1.17
39.57  0.94
39.58  1.02
39.59  0.79
39.6  0.92
39.61  0.84
39.62  1.17
39.63  1.02
39.64  0.76
39.65  0.87
39.66  1.07
39.67  0.93
39.68  0.88
39.69  1
39.7  0.89
39.71  1.01
39.72  0.83
39.73  0.83
39.74  0.82
39.75  0.96
39.76  0.84
39.77  0.87
39.78  1.02
39.79  0.93
39.8  0.91
39.81  1.01
39.82  0.82
39.83  0.96
39.84  1.02
39.85  1.06
39.86  1.03
39.87  1.03
39.88  0.97
39.89  1.05
39.9  1.02
39.91  0.81
39.92  0.96
39.93  0.98
39.94  0.98
39.95  0.87
39.96  0.84
39.97  0.97
39.98  0.99
39.99  1.08
