-15  0
-14.99  0
-14.98  0
-14.97  0
-14.96  0
-14.95  0.04
-14.94  0
-14.93  0.04
-14.92  0
-14.91  0.04
-14.9  0.04
-14.89  0
-14.88  0.04
-14.87  0.04
-14.86  0.08
-14.85  0.04
-14.84  0.08
-14.83  0.08
-14.82  0.04
-14.81  0.08
-14.8  0.08
-14.79  0.08
-14.78  0.12
-14.77  0.12
-14.76  0.12
-14.75  0.16
-14.74  0.12
-14.73  0.2
-14.72  0.24
-14.71  0.2
-14.7  0.24
-14.69  0.24
-14.68  0.32
-14.67  0.36
-14.66  0.4
-14.65  0.48
-14.64  0.6
-14.63  0.68
-14.62  0.92
-14.61  1.08
-14.6  1.36
-14.59  1.8
-14.58  2.6
-14.57  3.68
-14.56  5.72
-14.55  9
-14.54  13.16
-14.53  14.48
-14.52  11.04
-14.51  7.16
-14.5  4.52
-14.49  3.08
-14.48  2.12
-14.47  1.6
-14.46  1.28
-14.45  0.96
-14.44  0.76
-14.43  0.64
-14.42  0.56
-14.41  0.44
-14.4  0.44
-14.39  0.4
-14.38  0.28
-14.37  0.28
-14.36  0.28
-14.35  0.24
-14.34  0.24
-14.33  0.2
-14.32  0.2
-14.31  0.16
-14.3  0.24
-14.29  0.12
-14.28  0.16
-14.27  0.16
-14.26  0.16
-14.25  0.16
-14.24  0.16
-14.23  0.12
-14.22  0.12
-14.21  0.12
-14.2  0.08
-14.19  0.16
-14.18  0.12
-14.17  0.12
-14.16  0.16
-14.15  0.16
-14.14  0.16
-14.13  0.08
-14.12  0.12
-14.11  0.16
-14.1  0.12
-14.09  0.16
-14.08  0.12
-14.07  0.12
-14.06  0.16
-14.05  0.12
-14.04  0.16
-14.03  0.12
-14.02  0.24
-14.01  0.12
-14  0.16
-13.99  0.2
-13.98  0.12
-13.97  0.24
-13.96  0.2
-13.95  0.24
-13.94  0.2
-13.93  0.16
-13.92  0.28
-13.91  0.2
-13.9  0.28
-13.89  0.24
-13.88  0.28
-13.87  0.24
-13.86  0.36
-13.85  0.28
-13.84  0.44
-13.83  0.4
-13.82  0.4
-13.81  0.4
-13.8  0.52
-13.79  0.52
-13.78  0.56
-13.77  0.56
-13.76  0.64
-13.75  0.76
-13.74  0.84
-13.73  0.88
-13.72  1
-13.71  1.16
-13.7  1.28
-13.69  1.44
-13.68  1.76
-13.67  1.96
-13.66  2.24
-13.65  2.64
-13.64  3.08
-13.63  3.56
-13.62  4.08
-13.61  4.44
-13.6  4.88
-13.59  5.08
-13.58  4.92
-13.57  4.64
-13.56  4.24
-13.55  3.72
-13.54  3.2
-13.53  2.84
-13.52  2.4
-13.51  2.08
-13.5  1.76
-13.49  1.6
-13.48  1.32
-13.47  1.16
-13.46  1.2
-13.45  0.92
-13.44  0.84
-13.43  0.8
-13.42  0.72
-13.41  0.6
-13.4  0.76
-13.39  0.56
-13.38  0.56
-13.37  0.48
-13.36  0.48
-13.35  0.4
-13.34  0.44
-13.33  0.36
-13.32  0.36
-13.31  0.32
-13.3  0.4
-13.29  0.32
-13.28  0.44
-13.27  0.28
-13.26  0.28
-13.25  0.28
-13.24  0.32
-13.23  0.28
-13.22  0.28
-13.21  0.32
-13.2  0.28
-13.19  0.32
-13.18  0.28
-13.17  0.32
-13.16  0.28
-13.15  0.28
-13.14  0.24
-13.13  0.28
-13.12  0.24
-13.11  0.36
-13.1  0.28
-13.09  0.28
-13.08  0.24
-13.07  0.24
-13.06  0.48
-13.05  0.28
-13.04  0.36
-13.03  0.32
-13.02  0.36
-13.01  0.32
-13  0.36
-12.99  0.32
-12.98  0.4
-12.97  0.4
-12.96  0.48
-12.95  0.48
-12.94  0.44
-12.93  0.4
-12.92  0.48
-12.91  0.56
-12.9  0.6
-12.89  0.56
-12.88  0.64
-12.87  0.64
-12.86  0.68
-12.85  0.76
-12.84  0.84
-12.83  0.88
-12.82  0.84
-12.81  0.92
-12.8  1.04
-12.79  1.16
-12.78  1.32
-12.77  1.32
-12.76  1.48
-12.75  1.64
-12.74  1.72
-12.73  2
-12.72  2.12
-12.71  2.2
-12.7  2.48
-12.69  2.56
-12.68  2.84
-12.67  2.92
-12.66  2.96
-12.65  3.08
-12.64  3.12
-12.63  3.04
-12.62  2.96
-12.61  2.84
-12.6  2.6
-12.59  2.6
-12.58  2.24
-12.57  2.24
-12.56  1.88
-12.55  1.84
-12.54  1.56
-12.53  1.64
-12.52  1.36
-12.51  1.32
-12.5  1.24
-12.49  1.08
-12.48  1.04
-12.47  0.92
-12.46  0.92
-12.45  0.92
-12.44  0.84
-12.43  0.64
-12.42  0.76
-12.41  0.6
-12.4  0.72
-12.39  0.56
-12.38  0.6
-12.37  0.52
-12.36  0.52
-12.35  0.56
-12.34  0.44
-12.33  0.6
-12.32  0.52
-12.31  0.44
-12.3  0.4
-12.29  0.44
-12.28  0.52
-12.27  0.36
-12.26  0.48
-12.25  0.52
-12.24  0.36
-12.23  0.44
-12.22  0.4
-12.21  0.36
-12.2  0.48
-12.19  0.36
-12.18  0.4
-12.17  0.48
-12.16  0.4
-12.15  0.4
-12.14  0.48
-12.13  0.44
-12.12  0.44
-12.11  0.4
-12.1  0.4
-12.09  0.44
-12.08  0.52
-12.07  0.56
-12.06  0.52
-12.05  0.52
-12.04  0.48
-12.03  0.56
-12.02  0.48
-12.01  0.6
-12  0.6
-11.99  0.68
-11.98  0.64
-11.97  0.76
-11.96  0.6
-11.95  0.8
-11.94  0.72
-11.93  0.76
-11.92  0.8
-11.91  0.84
-11.9  0.96
-11.89  0.96
-11.88  1.04
-11.87  1.16
-11.86  1.12
-11.85  1.24
-11.84  1.32
-11.83  1.32
-11.82  1.52
-11.81  1.52
-11.8  1.64
-11.79  1.64
-11.78  1.8
-11.77  1.88
-11.76  2
-11.75  2.16
-11.74  2.12
-11.73  2.24
-11.72  2.24
-11.71  2.24
-11.7  2.36
-11.69  2.24
-11.68  2.24
-11.67  2.28
-11.66  2.12
-11.65  2.04
-11.64  2
-11.63  1.96
-11.62  1.84
-11.61  1.72
-11.6  1.68
-11.59  1.48
-11.58  1.48
-11.57  1.4
-11.56  1.4
-11.55  1.2
-11.54  1.12
-11.53  1.16
-11.52  1.04
-11.51  1.16
-11.5  0.92
-11.49  1
-11.48  0.8
-11.47  0.88
-11.46  0.84
-11.45  0.76
-11.44  0.68
-11.43  0.72
-11.42  0.68
-11.41  0.64
-11.4  0.76
-11.39  0.64
-11.38  0.68
-11.37  0.52
-11.36  0.64
-11.35  0.6
-11.34  0.52
-11.33  0.56
-11.32  0.6
-11.31  0.48
-11.3  0.6
-11.29  0.52
-11.28  0.48
-11.27  0.68
-11.26  0.48
-11.25  0.6
-11.24  0.52
-11.23  0.52
-11.22  0.52
-11.21  0.56
-11.2  0.52
-11.19  0.64
-11.18  0.56
-11.17  0.6
-11.16  0.52
-11.15  0.52
-11.14  0.56
-11.13  0.6
-11.12  0.64
-11.11  0.6
-11.1  0.56
-11.09  0.64
-11.08  0.72
-11.07  0.72
-11.06  0.68
-11.05  0.8
-11.04  0.72
-11.03  0.76
-11.02  0.8
-11.01  0.76
-11  0.88
-10.99  0.92
-10.98  0.92
-10.97  0.92
-10.96  0.92
-10.95  1.08
-10.94  1.12
-10.93  1.12
-10.92  1.16
-10.91  1.24
-10.9  1.36
-10.89  1.2
-10.88  1.48
-10.87  1.44
-10.86  1.48
-10.85  1.44
-10.84  1.64
-10.83  1.6
-10.82  1.72
-10.81  1.68
-10.8  1.72
-10.79  1.8
-10.78  1.88
-10.77  1.92
-10.76  1.76
-10.75  2
-10.74  1.8
-10.73  1.96
-10.72  1.76
-10.71  1.68
-10.7  1.84
-10.69  1.68
-10.68  1.64
-10.67  1.64
-10.66  1.56
-10.65  1.44
-10.64  1.6
-10.63  1.24
-10.62  1.4
-10.61  1.24
-10.6  1.2
-10.59  1.2
-10.58  1.08
-10.57  1.24
-10.56  1.08
-10.55  1.12
-10.54  0.96
-10.53  0.96
-10.52  0.84
-10.51  0.92
-10.5  0.88
-10.49  0.84
-10.48  0.84
-10.47  0.76
-10.46  0.76
-10.45  0.72
-10.44  0.84
-10.43  0.64
-10.42  0.76
-10.41  0.72
-10.4  0.64
-10.39  0.64
-10.38  0.76
-10.37  0.72
-10.36  0.72
-10.35  0.6
-10.34  0.64
-10.33  0.64
-10.32  0.6
-10.31  0.72
-10.3  0.56
-10.29  0.68
-10.28  0.64
-10.27  0.56
-10.26  0.68
-10.25  0.6
-10.24  0.72
-10.23  0.6
-10.22  0.72
-10.21  0.52
-10.2  0.76
-10.19  0.72
-10.18  0.76
-10.17  0.68
-10.16  0.76
-10.15  0.64
-10.14  0.8
-10.13  0.72
-10.12  0.88
-10.11  0.84
-10.1  0.84
-10.09  0.72
-10.08  0.96
-10.07  0.88
-10.06  0.92
-10.05  0.88
-10.04  1
-10.03  0.96
-10.02  1.16
-10.01  0.92
-10  1.08
-9.99  1.08
-9.98  1.12
-9.97  1.24
-9.96  1.2
-9.95  1.32
-9.94  1.24
-9.93  1.28
-9.92  1.48
-9.91  1.36
-9.9  1.4
-9.89  1.56
-9.88  1.44
-9.87  1.52
-9.86  1.56
-9.85  1.52
-9.84  1.64
-9.83  1.6
-9.82  1.68
-9.81  1.68
-9.8  1.64
-9.79  1.52
-9.78  1.6
-9.77  1.6
-9.76  1.48
-9.75  1.52
-9.74  1.56
-9.73  1.4
-9.72  1.44
-9.71  1.44
-9.7  1.4
-9.69  1.36
-9.68  1.28
-9.67  1.28
-9.66  1.24
-9.65  1.12
-9.64  1.2
-9.63  1.2
-9.62  1.16
-9.61  1.08
-9.6  0.92
-9.59  1.12
-9.58  1
-9.57  0.92
-9.56  1
-9.55  0.92
-9.54  0.84
-9.53  0.84
-9.52  0.8
-9.51  0.96
-9.5  0.84
-9.49  0.8
-9.48  0.88
-9.47  0.84
-9.46  0.8
-9.45  0.72
-9.44  0.76
-9.43  0.8
-9.42  0.76
-9.41  0.6
-9.4  0.84
-9.39  0.76
-9.38  0.64
-9.37  0.76
-9.36  0.72
-9.35  0.68
-9.34  0.68
-9.33  0.84
-9.32  0.8
-9.31  0.68
-9.3  0.68
-9.29  0.84
-9.28  0.76
-9.27  0.68
-9.26  0.84
-9.25  0.72
-9.24  0.8
-9.23  0.72
-9.22  0.84
-9.21  0.76
-9.2  0.76
-9.19  0.76
-9.18  0.96
-9.17  1
-9.16  0.84
-9.15  0.88
-9.14  0.76
-9.13  0.92
-9.12  1.04
-9.11  0.96
-9.1  1.04
-9.09  1.04
-9.08  0.96
-9.07  1.04
-9.06  1.08
-9.05  1.12
-9.04  1.2
-9.03  1.08
-9.02  1.2
-9.01  1.24
-9  1.16
-8.99  1.24
-8.98  1.28
-8.97  1.28
-8.96  1.32
-8.95  1.4
-8.94  1.32
-8.93  1.4
-8.92  1.44
-8.91  1.44
-8.9  1.4
-8.89  1.44
-8.88  1.48
-8.87  1.4
-8.86  1.6
-8.85  1.32
-8.84  1.52
-8.83  1.48
-8.82  1.44
-8.81  1.4
-8.8  1.28
-8.79  1.32
-8.78  1.36
-8.77  1.24
-8.76  1.36
-8.75  1.32
-8.74  1.24
-8.73  1.36
-8.72  1.16
-8.71  1.28
-8.7  1.08
-8.69  1.16
-8.68  1.12
-8.67  1.2
-8.66  1
-8.65  1.08
-8.64  1.04
-8.63  0.88
-8.62  1.08
-8.61  1.08
-8.6  0.96
-8.59  0.88
-8.58  1
-8.57  0.92
-8.56  0.92
-8.55  0.88
-8.54  0.88
-8.53  0.8
-8.52  0.92
-8.51  0.8
-8.5  0.84
-8.49  0.76
-8.48  0.8
-8.47  0.92
-8.46  0.76
-8.45  0.8
-8.44  0.8
-8.43  0.76
-8.42  0.76
-8.41  0.72
-8.4  0.88
-8.39  0.92
-8.38  0.8
-8.37  0.8
-8.36  0.76
-8.35  0.8
-8.34  0.84
-8.33  0.76
-8.32  0.88
-8.31  0.8
-8.3  0.84
-8.29  0.84
-8.28  0.92
-8.27  0.8
-8.26  0.88
-8.25  0.88
-8.24  0.88
-8.23  0.96
-8.22  0.84
-8.21  0.92
-8.2  0.88
-8.19  0.96
-8.18  1
-8.17  1.12
-8.16  1
-8.15  0.96
-8.14  1.12
-8.13  1.04
-8.12  1.04
-8.11  1.08
-8.1  1.08
-8.09  1.12
-8.08  1.16
-8.07  1.08
-8.06  1.24
-8.05  1.2
-8.04  1.28
-8.03  1.24
-8.02  1.24
-8.01  1.12
-8  1.4
-7.99  1.28
-7.98  1.2
-7.97  1.32
-7.96  1.28
-7.95  1.44
-7.94  1.36
-7.93  1.32
-7.92  1.44
-7.91  1.36
-7.9  1.24
-7.89  1.28
-7.88  1.48
-7.87  1.24
-7.86  1.2
-7.85  1.36
-7.84  1.28
-7.83  1.24
-7.82  1.24
-7.81  1.24
-7.8  1.24
-7.79  1.16
-7.78  1.2
-7.77  1.24
-7.76  1.16
-7.75  1.08
-7.74  1.16
-7.73  1.16
-7.72  1.12
-7.71  1.04
-7.7  1.12
-7.69  1
-7.68  1.04
-7.67  1.04
-7.66  1
-7.65  0.88
-7.64  0.88
-7.63  1
-7.62  1
-7.61  1
-7.6  0.92
-7.59  0.84
-7.58  0.96
-7.57  1
-7.56  0.88
-7.55  0.92
-7.54  0.92
-7.53  0.84
-7.52  0.92
-7.51  0.8
-7.5  0.8
-7.49  0.84
-7.48  0.88
-7.47  0.76
-7.46  1
-7.45  0.84
-7.44  0.84
-7.43  0.88
-7.42  0.84
-7.41  0.8
-7.4  0.92
-7.39  0.88
-7.38  0.76
-7.37  0.88
-7.36  0.92
-7.35  0.84
-7.34  0.88
-7.33  1
-7.32  0.84
-7.31  1
-7.3  0.96
-7.29  0.96
-7.28  0.84
-7.27  1
-7.26  0.96
-7.25  1.04
-7.24  1
-7.23  1
-7.22  0.92
-7.21  0.96
-7.2  1.08
-7.19  1.08
-7.18  1.12
-7.17  1
-7.16  1.08
-7.15  1.32
-7.14  1.08
-7.13  1.12
-7.12  1.04
-7.11  1.12
-7.1  1.16
-7.09  1.2
-7.08  1.2
-7.07  1.16
-7.06  1.28
-7.05  1.16
-7.04  1.24
-7.03  1.2
-7.02  1.12
-7.01  1.36
-7  1.24
-6.99  1.28
-6.98  1.28
-6.97  1.44
-6.96  1.28
-6.95  1.32
-6.94  1.2
-6.93  1.28
-6.92  1.28
-6.91  1.2
-6.9  1.08
-6.89  1.2
-6.88  1.2
-6.87  1.28
-6.86  1.16
-6.85  1.16
-6.84  1.16
-6.83  1.24
-6.82  1
-6.81  1.16
-6.8  1.04
-6.79  1.2
-6.78  1.12
-6.77  1.04
-6.76  1
-6.75  1.12
-6.74  1
-6.73  1.2
-6.72  0.96
-6.71  0.96
-6.7  1.04
-6.69  1.04
-6.68  1
-6.67  0.88
-6.66  1
-6.65  0.88
-6.64  0.96
-6.63  0.92
-6.62  0.96
-6.61  1
-6.6  0.92
-6.59  0.92
-6.58  0.92
-6.57  0.92
-6.56  0.88
-6.55  0.88
-6.54  1
-6.53  0.88
-6.52  0.84
-6.51  0.84
-6.5  1
-6.49  0.88
-6.48  0.88
-6.47  0.92
-6.46  0.88
-6.45  0.88
-6.44  0.96
-6.43  0.84
-6.42  0.96
-6.41  0.96
-6.4  0.96
-6.39  0.96
-6.38  0.92
-6.37  0.92
-6.36  0.96
-6.35  0.92
-6.34  1.16
-6.33  0.84
-6.32  1.04
-6.31  0.92
-6.3  1
-6.29  0.96
-6.28  0.96
-6.27  1
-6.26  1.08
-6.25  1.12
-6.24  1.04
-6.23  1.12
-6.22  1.08
-6.21  1.08
-6.2  1.12
-6.19  1.16
-6.18  1.12
-6.17  1.16
-6.16  1.16
-6.15  1.16
-6.14  1.12
-6.13  1.16
-6.12  1.16
-6.11  1.12
-6.1  1.16
-6.09  1.16
-6.08  1.12
-6.07  1.32
-6.06  1.2
-6.05  1.08
-6.04  1.2
-6.03  1.28
-6.02  1.24
-6.01  1.08
-6  1.2
-5.99  1.24
-5.98  1.2
-5.97  1.32
-5.96  1.12
-5.95  1.2
-5.94  1.24
-5.93  1.12
-5.92  1.16
-5.91  1.16
-5.9  1.16
-5.89  1.16
-5.88  1.12
-5.87  1.12
-5.86  1
-5.85  1.28
-5.84  1.04
-5.83  1.08
-5.82  1.04
-5.81  1.08
-5.8  1.04
-5.79  1.04
-5.78  1.04
-5.77  0.92
-5.76  1
-5.75  1.16
-5.74  0.84
-5.73  1.12
-5.72  1.04
-5.71  0.96
-5.7  1.04
-5.69  0.84
-5.68  0.96
-5.67  0.96
-5.66  0.96
-5.65  0.88
-5.64  0.96
-5.63  1.04
-5.62  1
-5.61  0.88
-5.6  0.96
-5.59  0.96
-5.58  0.96
-5.57  0.96
-5.56  0.88
-5.55  0.92
-5.54  0.96
-5.53  0.96
-5.52  0.96
-5.51  1.04
-5.5  0.84
-5.49  0.92
-5.48  0.96
-5.47  0.92
-5.46  1.08
-5.45  0.96
-5.44  0.96
-5.43  0.96
-5.42  0.84
-5.41  1.04
-5.4  1.04
-5.39  1
-5.38  0.96
-5.37  0.92
-5.36  1
-5.35  1.08
-5.34  0.96
-5.33  1
-5.32  1.04
-5.31  0.96
-5.3  1.16
-5.29  1.16
-5.28  1.12
-5.27  1.08
-5.26  1.08
-5.25  1.12
-5.24  1.04
-5.23  1.16
-5.22  0.96
-5.21  1.16
-5.2  1.16
-5.19  1.12
-5.18  1.16
-5.17  1.2
-5.16  1.2
-5.15  1.04
-5.14  1.12
-5.13  1.16
-5.12  1.24
-5.11  1.12
-5.1  1.08
-5.09  1.2
-5.08  1.2
-5.07  1.24
-5.06  1.08
-5.05  1.08
-5.04  1.08
-5.03  1.2
-5.02  1.24
-5.01  1.16
-5  1.2
-4.99  1.2
-4.98  1.04
-4.97  1.12
-4.96  1.16
-4.95  1.12
-4.94  1.08
-4.93  1.04
-4.92  1.12
-4.91  1
-4.9  1.24
-4.89  1.08
-4.88  1.24
-4.87  0.96
-4.86  1
-4.85  1.04
-4.84  1.16
-4.83  0.92
-4.82  1.12
-4.81  1.04
-4.8  1.08
-4.79  0.84
-4.78  1.04
-4.77  1
-4.76  0.92
-4.75  1
-4.74  1.04
-4.73  1.04
-4.72  1
-4.71  1
-4.7  1
-4.69  0.88
-4.68  0.96
-4.67  1.08
-4.66  0.92
-4.65  0.92
-4.64  0.92
-4.63  1.08
-4.62  1
-4.61  0.88
-4.6  0.96
-4.59  0.96
-4.58  0.96
-4.57  0.88
-4.56  0.88
-4.55  1
-4.54  0.96
-4.53  1.12
-4.52  0.96
-4.51  1.08
-4.5  0.8
-4.49  1.08
-4.48  0.96
-4.47  1.08
-4.46  1.04
-4.45  1.04
-4.44  1.08
-4.43  0.92
-4.42  1
-4.41  1.04
-4.4  1
-4.39  1.12
-4.38  1
-4.37  1.04
-4.36  1.08
-4.35  1
-4.34  1.16
-4.33  0.96
-4.32  1.08
-4.31  1.04
-4.3  1.04
-4.29  1.2
-4.28  1.04
-4.27  1.08
-4.26  1.08
-4.25  1.2
-4.24  1.04
-4.23  1.16
-4.22  1.04
-4.21  1.2
-4.2  1.08
-4.19  1.08
-4.18  1.2
-4.17  1.08
-4.16  1.2
-4.15  1.08
-4.14  1.2
-4.13  1.08
-4.12  1.2
-4.11  1.16
-4.1  1.12
-4.09  1.08
-4.08  1.12
-4.07  1.12
-4.06  1.2
-4.05  1.2
-4.04  1.16
-4.03  1.04
-4.02  1.04
-4.01  1.12
-4  1.12
-3.99  1.08
-3.98  1.12
-3.97  1
-3.96  1.12
-3.95  1
-3.94  1.08
-3.93  1.04
-3.92  1.08
-3.91  1.04
-3.9  1
-3.89  1.08
-3.88  1.12
-3.87  0.92
-3.86  1.04
-3.85  1.08
-3.84  0.92
-3.83  1.04
-3.82  1.08
-3.81  1.08
-3.8  1.08
-3.79  1.12
-3.78  0.88
-3.77  0.96
-3.76  1
-3.75  1.04
-3.74  0.96
-3.73  1.16
-3.72  1.08
-3.71  0.84
-3.7  0.92
-3.69  1
-3.68  0.88
-3.67  1.04
-3.66  0.84
-3.65  1.04
-3.64  1
-3.63  0.92
-3.62  1.08
-3.61  1.08
-3.6  1
-3.59  0.92
-3.58  0.88
-3.57  1.12
-3.56  1.08
-3.55  1.04
-3.54  0.96
-3.53  0.92
-3.52  1
-3.51  1.12
-3.5  0.96
-3.49  1.08
-3.48  1.04
-3.47  1
-3.46  0.96
-3.45  1
-3.44  0.92
-3.43  1.08
-3.42  1.12
-3.41  1
-3.4  1.12
-3.39  1.08
-3.38  1.04
-3.37  1.2
-3.36  1
-3.35  0.96
-3.34  1.2
-3.33  1.08
-3.32  1.16
-3.31  1.04
-3.3  1.16
-3.29  1.08
-3.28  1.04
-3.27  1.04
-3.26  1.12
-3.25  1.16
-3.24  1.12
-3.23  1.12
-3.22  1.12
-3.21  0.96
-3.2  1.24
-3.19  1.2
-3.18  1.04
-3.17  1.12
-3.16  1.04
-3.15  1.08
-3.14  1.16
-3.13  1.16
-3.12  1
-3.11  1.12
-3.1  1.16
-3.09  1.04
-3.08  1.12
-3.07  1.08
-3.06  1.2
-3.05  1.08
-3.04  1.08
-3.03  1.16
-3.02  0.96
-3.01  1.04
-3  0.96
-2.99  1.2
-2.98  1.04
-2.97  1.04
-2.96  1.04
-2.95  1.16
-2.94  1.12
-2.93  0.96
-2.92  0.96
-2.91  1.16
-2.9  1.04
-2.89  0.92
-2.88  1.08
-2.87  0.96
-2.86  1
-2.85  1.16
-2.84  0.92
-2.83  0.96
-2.82  1.08
-2.81  1.08
-2.8  1
-2.79  1.04
-2.78  0.96
-2.77  0.92
-2.76  1
-2.75  1.08
-2.74  1.08
-2.73  0.96
-2.72  0.84
-2.71  1.12
-2.7  0.92
-2.69  0.96
-2.68  1.2
-2.67  0.92
-2.66  1
-2.65  1.04
-2.64  0.96
-2.63  0.96
-2.62  1.16
-2.61  1
-2.6  1.04
-2.59  1.12
-2.58  0.92
-2.57  1.04
-2.56  1.04
-2.55  0.96
-2.54  1
-2.53  1.12
-2.52  0.96
-2.51  1.04
-2.5  0.96
-2.49  1.04
-2.48  1.2
-2.47  0.92
-2.46  1
-2.45  1.16
-2.44  1.08
-2.43  1
-2.42  1.12
-2.41  1.12
-2.4  1.08
-2.39  1.04
-2.38  1
-2.37  1.08
-2.36  1.08
-2.35  1
-2.34  1.12
-2.33  1.04
-2.32  1.04
-2.31  1.2
-2.3  1.16
-2.29  1.28
-2.28  0.92
-2.27  1.08
-2.26  1.16
-2.25  1.12
-2.24  1.2
-2.23  0.96
-2.22  1.16
-2.21  1.12
-2.2  1
-2.19  1.28
-2.18  0.96
-2.17  1.08
-2.16  1.08
-2.15  0.96
-2.14  1.2
-2.13  1.04
-2.12  1.08
-2.11  1.04
-2.1  1.08
-2.09  1.08
-2.08  1.08
-2.07  1
-2.06  1.16
-2.05  1.12
-2.04  1
-2.03  1.08
-2.02  1.08
-2.01  0.96
-2  1.12
-1.99  1.04
-1.98  1.12
-1.97  1.08
-1.96  0.96
-1.95  1.04
-1.94  1
-1.93  1.04
-1.92  1.04
-1.91  1.12
-1.9  1
-1.89  0.96
-1.88  1
-1.87  1.08
-1.86  1.08
-1.85  1.04
-1.84  0.96
-1.83  1
-1.82  1.04
-1.81  1
-1.8  1
-1.79  0.96
-1.78  0.96
-1.77  1
-1.76  1.08
-1.75  1.16
-1.74  1
-1.73  1
-1.72  0.96
-1.71  1
-1.7  1.04
-1.69  1.04
-1.68  0.96
-1.67  0.96
-1.66  1.04
-1.65  0.92
-1.64  1.2
-1.63  1.12
-1.62  1.04
-1.61  1.08
-1.6  0.96
-1.59  0.96
-1.58  1.04
-1.57  1.04
-1.56  1.04
-1.55  1.04
-1.54  0.96
-1.53  1.12
-1.52  0.96
-1.51  1.2
-1.5  1.12
-1.49  1
-1.48  1.12
-1.47  1.04
-1.46  1.04
-1.45  1.04
-1.44  1
-1.43  1.2
-1.42  0.96
-1.41  1.2
-1.4  1.24
-1.39  1
-1.38  1.08
-1.37  1
-1.36  1.04
-1.35  1.12
-1.34  1
-1.33  1.08
-1.32  1.04
-1.31  1.16
-1.3  1.08
-1.29  1.12
-1.28  1.08
-1.27  1.04
-1.26  1.16
-1.25  1
-1.24  1.16
-1.23  1.04
-1.22  1.12
-1.21  1.2
-1.2  1
-1.19  0.96
-1.18  1.04
-1.17  1.2
-1.16  0.96
-1.15  1.08
-1.14  1.12
-1.13  0.96
-1.12  1.2
-1.11  1
-1.1  1.16
-1.09  0.92
-1.08  1.12
-1.07  1.24
-1.06  1.08
-1.05  1.08
-1.04  1.04
-1.03  0.96
-1.02  1
-1.01  1
-1  0.96
-0.99  1
-0.98  1.16
-0.97  1.04
-0.96  1.04
-0.95  0.92
-0.94  1.12
-0.93  1.04
-0.92  1.2
-0.91  0.8
-0.9  1
-0.89  1.08
-0.88  1
-0.87  0.88
-0.86  1.08
-0.85  1.04
-0.84  1.04
-0.83  1.04
-0.82  1.04
-0.81  0.96
-0.8  1.16
-0.79  1
-0.78  0.96
-0.77  1.04
-0.76  0.96
-0.75  1
-0.74  1.04
-0.73  1
-0.72  1.2
-0.71  1
-0.7  1.04
-0.69  1
-0.68  1.04
-0.67  1.08
-0.66  1.04
-0.65  1.08
-0.64  1
-0.63  1
-0.62  1.12
-0.61  1.04
-0.6  1.04
-0.59  1.04
-0.58  1.04
-0.57  1
-0.56  1.08
-0.55  1
-0.54  1.12
-0.53  1.16
-0.52  1.12
-0.51  1.04
-0.5  1.08
-0.49  0.92
-0.48  1.08
-0.47  1.04
-0.46  1.08
-0.45  1.04
-0.44  1.04
-0.43  1.12
-0.42  1.08
-0.41  1.04
-0.4  1.12
-0.39  1.12
-0.38  0.96
-0.37  1.08
-0.36  1.16
-0.35  1.16
-0.34  1.04
-0.33  1.16
-0.32  0.96
-0.31  1.16
-0.3  1
-0.29  1.16
-0.28  1.08
-0.27  1.04
-0.26  1
-0.25  1.04
-0.24  1.16
-0.23  1
-0.22  1.12
-0.21  1.08
-0.2  0.96
-0.19  1.08
-0.18  1.08
-0.17  1.08
-0.16  1.04
-0.15  1.24
-0.14  1.08
-0.13  1
-0.12  0.96
-0.11  1.08
-0.1  1
-0.09  1
-0.08  1.16
-0.07  1
-0.06  0.96
-0.05  1
-0.04  1.16
-0.03  1.04
-0.02  0.96
-0.01  1
-2.16197e-11  1.08
0.0001  0
0.0101  1.08
0.0201  1.05
0.0301  1
0.0401  1.12
0.0501  1.08
0.0601  1.17
0.0701  1.07
0.0801  0.99
0.0901  0.97
0.1001  1.38
0.1101  1.02
0.1201  1.14
0.1301  1.18
0.1401  1.27
0.1501  1.2
0.1601  1.16
0.1701  1.25
0.1801  1.47
0.1901  1.24
0.2001  1.42
0.2101  1.28
0.2201  1.2
0.2301  1.4
0.2401  1.45
0.2501  1.17
0.2601  1.33
0.2701  1.28
0.2801  1.22
0.2901  1.58
0.3001  1.34
0.3101  1.58
0.3201  1.35
0.3301  1.26
0.3401  1.31
0.3501  1.47
0.3601  1.43
0.3701  1.52
0.3801  1.39
0.3901  1.53
0.4001  1.36
0.4101  1.48
0.4201  1.49
0.4301  1.34
0.4401  1.56
0.4501  1.3
0.4601  1.61
0.4701  1.55
0.4801  1.52
0.4901  1.43
0.5001  1.32
0.5101  1.69
0.5201  1.25
0.5301  1.5
0.5401  1.43
0.5501  1.73
0.5601  1.5
0.5701  1.76
0.5801  1.58
0.5901  1.62
0.6001  1.64
0.6101  1.55
0.6201  1.51
0.6301  1.61
0.6401  1.56
0.6501  1.47
0.6601  1.78
0.6701  1.7
0.6801  1.66
0.6901  1.69
0.7001  1.59
0.7101  1.56
0.7201  1.9
0.7301  1.62
0.7401  1.85
0.7501  1.86
0.7601  1.7
0.7701  1.65
0.7801  1.74
0.7901  1.56
0.8001  1.79
0.8101  1.5
0.8201  1.5
0.8301  1.83
0.8401  1.67
0.8501  1.66
0.8601  1.62
0.8701  1.54
0.8801  1.76
0.8901  1.86
0.9001  1.82
0.9101  1.64
0.9201  1.65
0.9301  1.86
0.9401  1.64
0.9501  1.7
0.9601  1.52
0.9701  1.48
0.9801  1.81
0.9901  1.68
1.0001  1.74
1.0101  1.65
1.0201  1.72
1.0301  1.76
1.0401  1.63
1.0501  1.67
1.0601  1.5
1.0701  1.65
1.0801  1.71
1.0901  1.68
1.1001  1.5
1.1101  1.59
1.1201  1.62
1.1301  1.54
1.1401  1.8
1.1501  1.56
1.1601  1.54
1.1701  1.47
1.1801  1.52
1.1901  1.42
1.2001  1.53
1.2101  1.4
1.2201  1.6
1.2301  1.67
1.2401  1.57
1.2501  1.46
1.2601  1.45
1.2701  1.34
1.2801  1.67
1.2901  1.39
1.3001  1.35
1.3101  1.65
1.3201  1.34
1.3301  1.44
1.3401  1.66
1.3501  1.63
1.3601  1.59
1.3701  1.27
1.3801  1.31
1.3901  1.59
1.4001  1.63
1.4101  1.51
1.4201  1.37
1.4301  1.42
1.4401  1.39
1.4501  1.47
1.4601  1.61
1.4701  1.48
1.4801  1.42
1.4901  1.5
1.5001  1.41
1.5101  1.41
1.5201  1.34
1.5301  1.69
1.5401  1.44
1.5501  1.62
1.5601  1.58
1.5701  1.53
1.5801  1.54
1.5901  1.44
1.6001  1.52
1.6101  1.58
1.6201  1.44
1.6301  1.49
1.6401  1.65
1.6501  1.26
1.6601  1.77
1.6701  1.3
1.6801  1.67
1.6901  1.83
1.7001  1.57
1.7101  1.67
1.7201  1.58
1.7301  1.58
1.7401  1.66
1.7501  1.52
1.7601  1.48
1.7701  1.7
1.7801  1.81
1.7901  1.61
1.8001  1.58
1.8101  1.6
1.8201  1.43
1.8301  1.68
1.8401  1.65
1.8501  1.7
1.8601  1.68
1.8701  1.95
1.8801  1.58
1.8901  1.96
1.9001  1.75
1.9101  1.51
1.9201  1.78
1.9301  1.67
1.9401  1.96
1.9501  1.95
1.9601  1.67
1.9701  1.73
1.9801  1.74
1.9901  1.69
2.0001  1.63
2.0101  1.58
2.0201  1.64
2.0301  1.67
2.0401  1.54
2.0501  1.89
2.0601  1.57
2.0701  1.62
2.0801  1.81
2.0901  1.67
2.1001  1.65
2.1101  1.79
2.1201  1.6
2.1301  1.8
2.1401  1.76
2.1501  1.48
2.1601  1.45
2.1701  1.61
2.1801  1.55
2.1901  1.86
2.2001  1.73
2.2101  1.6
2.2201  1.74
2.2301  1.7
2.2401  1.75
2.2501  1.5
2.2601  1.75
2.2701  1.59
2.2801  1.59
2.2901  1.6
2.3001  1.54
2.3101  1.52
2.3201  1.48
2.3301  1.77
2.3401  1.59
2.3501  1.6
2.3601  1.4
2.3701  1.61
2.3801  1.57
2.3901  1.6
2.4001  1.5
2.4101  1.4
2.4201  1.49
2.4301  1.45
2.4401  1.62
2.4501  1.5
2.4601  1.62
2.4701  1.39
2.4801  1.35
2.4901  1.73
2.5001  1.61
2.5101  1.63
2.5201  1.65
2.5301  1.58
2.5401  1.5
2.5501  1.67
2.5601  1.5
2.5701  1.68
2.5801  1.59
2.5901  1.74
2.6001  1.74
2.6101  1.6
2.6201  1.52
2.6301  1.31
2.6401  1.48
2.6501  1.55
2.6601  1.72
2.6701  1.56
2.6801  1.36
2.6901  1.69
2.7001  1.58
2.7101  1.71
2.7201  1.6
2.7301  1.69
2.7401  1.43
2.7501  1.65
2.7601  1.76
2.7701  1.51
2.7801  1.69
2.7901  1.72
2.8001  1.5
2.8101  1.71
2.8201  1.5
2.8301  1.68
2.8401  1.46
2.8501  1.55
2.8601  1.58
2.8701  1.5
2.8801  1.57
2.8901  1.68
2.9001  1.66
2.9101  1.78
2.9201  1.55
2.9301  1.92
2.9401  1.55
2.9501  1.28
2.9601  1.39
2.9701  1.8
2.9801  1.64
2.9901  1.59
3.0001  1.76
3.0101  1.71
3.0201  1.62
3.0301  1.81
3.0401  1.64
3.0501  1.78
3.0601  1.84
3.0701  1.79
3.0801  1.68
3.0901  1.69
3.1001  1.46
3.1101  1.78
3.1201  1.5
3.1301  1.65
3.1401  1.62
3.1501  1.63
3.1601  1.75
3.1701  1.63
3.1801  1.73
3.1901  1.5
3.2001  1.83
3.2101  1.73
3.2201  1.61
3.2301  1.7
3.2401  1.59
3.2501  1.73
3.2601  1.67
3.2701  1.62
3.2801  1.5
3.2901  1.69
3.3001  1.48
3.3101  1.57
3.3201  1.79
3.3301  1.85
3.3401  1.63
3.3501  1.79
3.3601  1.5
3.3701  1.56
3.3801  1.73
3.3901  1.43
3.4001  1.64
3.4101  1.59
3.4201  1.55
3.4301  1.54
3.4401  1.69
3.4501  1.48
3.4601  1.64
3.4701  1.71
3.4801  1.62
3.4901  1.62
3.5001  1.73
3.5101  1.57
3.5201  1.41
3.5301  1.8
3.5401  1.56
3.5501  1.55
3.5601  1.62
3.5701  1.6
3.5801  1.51
3.5901  1.28
3.6001  1.49
3.6101  1.57
3.6201  1.55
3.6301  1.79
3.6401  1.58
3.6501  1.61
3.6601  1.49
3.6701  1.49
3.6801  1.52
3.6901  1.63
3.7001  1.69
3.7101  1.62
3.7201  1.53
3.7301  1.63
3.7401  1.54
3.7501  1.55
3.7601  1.29
3.7701  1.72
3.7801  1.72
3.7901  1.56
3.8001  1.72
3.8101  1.63
3.8201  1.32
3.8301  1.52
3.8401  1.72
3.8501  1.5
3.8601  1.69
3.8701  1.44
3.8801  1.67
3.8901  1.48
3.9001  1.53
3.9101  1.52
3.9201  1.76
3.9301  1.66
3.9401  1.61
3.9501  1.58
3.9601  1.58
3.9701  1.74
3.9801  1.49
3.9901  1.75
4.0001  1.66
4.0101  1.68
4.0201  1.44
4.0301  1.55
4.0401  1.59
4.0501  1.87
4.0601  1.72
4.0701  1.59
4.0801  1.96
4.0901  1.69
4.1001  1.5
4.1101  1.56
4.1201  1.77
4.1301  1.5
4.1401  1.59
4.1501  1.76
4.1601  1.68
4.1701  1.51
4.1801  1.74
4.1901  1.62
4.2001  1.62
4.2101  1.6
4.2201  1.73
4.2301  1.75
4.2401  1.64
4.2501  1.46
4.2601  1.67
4.2701  1.69
4.2801  1.7
4.2901  1.66
4.3001  1.78
4.3101  1.63
4.3201  1.79
4.3301  1.59
4.3401  1.89
4.3501  1.65
4.3601  1.51
4.3701  1.59
4.3801  1.45
4.3901  1.43
4.4001  1.7
4.4101  1.56
4.4201  1.68
4.4301  1.55
4.4401  1.88
4.4501  1.57
4.4601  1.39
4.4701  1.7
4.4801  1.63
4.4901  1.45
4.5001  1.67
4.5101  1.64
4.5201  1.76
4.5301  1.82
4.5401  1.56
4.5501  1.75
4.5601  1.59
4.5701  1.59
4.5801  1.6
4.5901  1.63
4.6001  1.83
4.6101  1.62
4.6201  1.47
4.6301  1.53
4.6401  1.71
4.6501  1.66
4.6601  1.51
4.6701  1.73
4.6801  1.73
4.6901  1.43
4.7001  1.43
4.7101  1.79
4.7201  1.61
4.7301  1.76
4.7401  1.58
4.7501  1.49
4.7601  1.47
4.7701  1.95
4.7801  1.7
4.7901  1.6
4.8001  1.48
4.8101  1.82
4.8201  1.26
4.8301  1.57
4.8401  1.62
4.8501  1.59
4.8601  1.65
4.8701  1.58
4.8801  1.64
4.8901  1.59
4.9001  1.6
4.9101  1.73
4.9201  1.8
4.9301  1.42
4.9401  1.55
4.9501  1.28
4.9601  1.53
4.9701  1.72
4.9801  1.54
4.9901  1.67
5.0001  1.78
5.0101  1.69
5.0201  1.54
5.0301  1.66
5.0401  1.61
5.0501  1.51
5.0601  1.7
5.0701  1.48
5.0801  1.75
5.0901  1.45
5.1001  1.72
5.1101  1.56
5.1201  1.48
5.1301  1.74
5.1401  1.72
5.1501  1.82
5.1601  1.64
5.1701  1.64
5.1801  1.78
5.1901  1.74
5.2001  1.36
5.2101  1.65
5.2201  1.68
5.2301  1.52
5.2401  1.56
5.2501  1.75
5.2601  1.49
5.2701  1.71
5.2801  1.54
5.2901  1.79
5.3001  1.75
5.3101  1.76
5.3201  1.67
5.3301  1.83
5.3401  1.64
5.3501  1.75
5.3601  1.58
5.3701  1.79
5.3801  1.73
5.3901  1.73
5.4001  1.66
5.4101  1.97
5.4201  1.61
5.4301  1.76
5.4401  1.67
5.4501  1.37
5.4601  1.86
5.4701  1.33
5.4801  1.65
5.4901  1.64
5.5001  1.56
5.5101  1.81
5.5201  1.83
5.5301  1.91
5.5401  1.59
5.5501  1.6
5.5601  1.55
5.5701  1.81
5.5801  1.62
5.5901  1.91
5.6001  1.68
5.6101  1.59
5.6201  1.47
5.6301  1.74
5.6401  1.7
5.6501  1.48
5.6601  1.41
5.6701  1.58
5.6801  1.59
5.6901  1.87
5.7001  1.45
5.7101  1.54
5.7201  1.67
5.7301  1.62
5.7401  1.65
5.7501  1.63
5.7601  1.63
5.7701  1.61
5.7801  1.44
5.7901  1.53
5.8001  1.66
5.8101  1.76
5.8201  1.91
5.8301  1.64
5.8401  1.57
5.8501  1.57
5.8601  1.59
5.8701  1.74
5.8801  1.41
5.8901  1.79
5.9001  1.52
5.9101  1.58
5.9201  1.3
5.9301  1.71
5.9401  1.55
5.9501  1.61
5.9601  1.45
5.9701  1.9
5.9801  1.63
5.9901  1.53
6.0001  1.72
6.0101  1.66
6.0201  1.52
6.0301  1.62
6.0401  1.56
6.0501  1.43
6.0601  1.75
6.0701  1.65
6.0801  1.45
6.0901  1.45
6.1001  1.71
6.1101  1.59
6.1201  1.76
6.1301  1.67
6.1401  1.44
6.1501  1.72
6.1601  1.44
6.1701  1.47
6.1801  1.69
6.1901  1.37
6.2001  1.52
6.2101  1.69
6.2201  1.69
6.2301  1.86
6.2401  1.77
6.2501  1.59
6.2601  1.47
6.2701  1.48
6.2801  1.58
6.2901  1.8
6.3001  1.67
6.3101  1.64
6.3201  1.59
6.3301  1.4
6.3401  1.69
6.3501  1.51
6.3601  1.52
6.3701  1.93
6.3801  1.67
6.3901  1.63
6.4001  1.78
6.4101  1.73
6.4201  1.68
6.4301  1.56
6.4401  1.7
6.4501  1.6
6.4601  1.49
6.4701  1.65
6.4801  1.7
6.4901  1.62
6.5001  1.49
6.5101  1.8
6.5201  1.77
6.5301  1.68
6.5401  1.63
6.5501  1.76
6.5601  1.53
6.5701  1.66
6.5801  1.69
6.5901  1.83
6.6001  1.6
6.6101  1.73
6.6201  1.52
6.6301  1.36
6.6401  1.6
6.6501  1.69
6.6601  1.65
6.6701  1.73
6.6801  1.55
6.6901  1.55
6.7001  1.69
6.7101  1.58
6.7201  1.58
6.7301  1.67
6.7401  1.69
6.7501  1.64
6.7601  1.81
6.7701  1.55
6.7801  1.63
6.7901  1.62
6.8001  1.79
6.8101  1.48
6.8201  1.55
6.8301  1.67
6.8401  1.79
6.8501  1.57
6.8601  1.63
6.8701  1.68
6.8801  1.53
6.8901  1.71
6.9001  1.57
6.9101  1.63
6.9201  1.54
6.9301  1.54
6.9401  1.83
6.9501  1.82
6.9601  1.52
6.9701  1.4
6.9801  1.47
6.9901  1.72
7.0001  1.59
7.0101  1.43
7.0201  1.62
7.0301  1.73
7.0401  1.52
7.0501  1.6
7.0601  1.41
7.0701  1.64
7.0801  1.76
7.0901  1.78
7.1001  1.63
7.1101  1.55
7.1201  1.62
7.1301  1.7
7.1401  1.57
7.1501  1.47
7.1601  1.69
7.1701  1.62
7.1801  1.52
7.1901  1.8
7.2001  1.62
7.2101  1.49
7.2201  1.77
7.2301  1.48
7.2401  1.78
7.2501  1.7
7.2601  1.71
7.2701  1.59
7.2801  1.52
7.2901  1.49
7.3001  1.58
7.3101  1.75
7.3201  1.42
7.3301  1.72
7.3401  1.49
7.3501  1.59
7.3601  1.76
7.3701  1.54
7.3801  1.3
7.3901  1.46
7.4001  1.72
7.4101  1.92
7.4201  1.42
7.4301  1.67
7.4401  1.58
7.4501  1.59
7.4601  1.57
7.4701  1.64
7.4801  1.58
7.4901  1.69
7.5001  1.57
7.5101  1.62
7.5201  1.69
7.5301  1.5
7.5401  1.49
7.5501  1.67
7.5601  1.42
7.5701  1.8
7.5801  1.63
7.5901  1.43
7.6001  1.49
7.6101  1.54
7.6201  1.94
7.6301  1.7
7.6401  1.44
7.6501  1.47
7.6601  1.61
7.6701  1.71
7.6801  1.61
7.6901  1.57
7.7001  1.46
7.7101  1.56
7.7201  1.37
7.7301  1.47
7.7401  1.61
7.7501  1.7
7.7601  1.54
7.7701  1.63
7.7801  1.43
7.7901  1.47
7.8001  1.83
7.8101  1.66
7.8201  1.51
7.8301  1.5
7.8401  1.64
7.8501  1.71
7.8601  1.58
7.8701  1.68
7.8801  1.53
7.8901  1.49
7.9001  1.61
7.9101  1.5
7.9201  1.68
7.9301  1.78
7.9401  1.83
7.9501  1.74
7.9601  1.52
7.9701  1.82
7.9801  1.55
7.9901  1.54
8.0001  1.44
8.0101  1.63
8.0201  1.74
8.0301  1.53
8.0401  1.81
8.0501  1.69
8.0601  1.68
8.0701  1.45
8.0801  1.66
8.0901  1.77
8.1001  1.45
8.1101  1.76
8.1201  1.75
8.1301  1.86
8.1401  1.44
8.1501  1.66
8.1601  1.66
8.1701  1.48
8.1801  1.49
8.1901  1.72
8.2001  1.6
8.2101  1.68
8.2201  1.71
8.2301  1.79
8.2401  1.57
8.2501  1.63
8.2601  1.66
8.2701  1.64
8.2801  1.52
8.2901  1.67
8.3001  1.7
8.3101  1.54
8.3201  1.47
8.3301  1.85
8.3401  1.6
8.3501  1.72
8.3601  1.77
8.3701  1.63
8.3801  1.47
8.3901  1.52
8.4001  1.74
8.4101  1.62
8.4201  1.58
8.4301  1.71
8.4401  2.11
8.4501  1.7
8.4601  1.57
8.4701  1.72
8.4801  1.64
8.4901  1.46
8.5001  1.36
8.5101  1.67
8.5201  1.6
8.5301  1.55
8.5401  1.5
8.5501  1.7
8.5601  1.69
8.5701  1.75
8.5801  1.74
8.5901  1.62
8.6001  1.44
8.6101  1.71
8.6201  1.71
8.6301  1.66
8.6401  1.36
8.6501  1.39
8.6601  1.4
8.6701  1.92
8.6801  1.39
8.6901  1.49
8.7001  1.66
8.7101  1.63
8.7201  1.5
8.7301  1.56
8.7401  1.84
8.7501  1.56
8.7601  1.91
8.7701  1.5
8.7801  1.69
8.7901  1.77
8.8001  1.41
8.8101  1.65
8.8201  1.45
8.8301  1.5
8.8401  1.84
8.8501  1.71
8.8601  1.37
8.8701  1.69
8.8801  1.46
8.8901  1.46
8.9001  1.69
8.9101  1.58
8.9201  1.6
8.9301  1.69
8.9401  1.75
8.9501  1.69
8.9601  1.54
8.9701  1.68
8.9801  1.42
8.9901  1.77
9.0001  1.54
9.0101  1.81
9.0201  1.61
9.0301  1.32
9.0401  1.46
9.0501  1.58
9.0601  1.51
9.0701  1.57
9.0801  1.68
9.0901  1.77
9.1001  1.64
9.1101  1.95
9.1201  1.64
9.1301  1.78
9.1401  1.61
9.1501  1.79
9.1601  1.58
9.1701  2.12
9.1801  1.66
9.1901  1.7
9.2001  1.47
9.2101  1.74
9.2201  1.71
9.2301  1.69
9.2401  1.58
9.2501  1.46
9.2601  1.73
9.2701  1.67
9.2801  1.66
9.2901  1.56
9.3001  1.73
9.3101  1.64
9.3201  1.56
9.3301  1.66
9.3401  1.63
9.3501  1.62
9.3601  1.73
9.3701  1.57
9.3801  1.41
9.3901  1.49
9.4001  1.61
9.4101  1.63
9.4201  1.93
9.4301  1.42
9.4401  1.7
9.4501  1.67
9.4601  1.76
9.4701  1.63
9.4801  1.77
9.4901  1.59
9.5001  1.56
9.5101  1.56
9.5201  1.47
9.5301  1.75
9.5401  1.69
9.5501  1.6
9.5601  1.53
9.5701  1.46
9.5801  1.49
9.5901  1.52
9.6001  1.5
9.6101  1.37
9.6201  1.73
9.6301  1.74
9.6401  1.66
9.6501  1.59
9.6601  1.59
9.6701  1.69
9.6801  1.52
9.6901  1.89
9.7001  1.57
9.7101  1.68
9.7201  1.53
9.7301  1.6
9.7401  1.63
9.7501  1.8
9.7601  1.53
9.7701  1.59
9.7801  1.87
9.7901  1.64
9.8001  1.66
9.8101  1.61
9.8201  1.69
9.8301  1.49
9.8401  1.72
9.8501  1.63
9.8601  1.63
9.8701  1.49
9.8801  1.31
9.8901  1.4
9.9001  1.42
9.9101  1.6
9.9201  1.64
9.9301  1.91
9.9401  1.56
9.9501  1.57
9.9601  1.58
9.9701  1.8
9.9801  1.54
9.9901  1.49
10.0001  1.99
10.0101  1.72
10.0201  1.55
10.0301  1.77
10.0401  1.7
10.0501  1.78
10.0601  1.53
10.0701  1.46
10.0801  1.47
10.0901  1.71
10.1001  1.66
10.1101  1.71
10.1201  1.81
10.1301  1.67
10.1401  1.58
10.1501  1.53
10.1601  1.75
10.1701  1.57
10.1801  1.57
10.1901  1.83
10.2001  1.55
10.2101  1.5
10.2201  1.69
10.2301  1.77
10.2401  1.5
10.2501  1.6
10.2601  1.57
10.2701  1.94
10.2801  1.46
10.2901  1.58
10.3001  1.55
10.3101  1.73
10.3201  1.62
10.3301  1.75
10.3401  1.71
10.3501  1.61
10.3601  1.69
10.3701  1.64
10.3801  1.57
10.3901  1.47
10.4001  1.92
10.4101  1.58
10.4201  1.62
10.4301  1.77
10.4401  1.6
10.4501  1.81
10.4601  1.5
10.4701  1.37
10.4801  1.73
10.4901  1.57
10.5001  1.76
10.5101  1.54
10.5201  1.6
10.5301  1.55
10.5401  1.61
10.5501  1.62
10.5601  1.6
10.5701  1.61
10.5801  1.42
10.5901  1.76
10.6001  1.76
10.6101  1.56
10.6201  1.63
10.6301  1.78
10.6401  1.71
10.6501  1.51
10.6601  1.62
10.6701  1.65
10.6801  1.47
10.6901  1.53
10.7001  1.55
10.7101  1.6
10.7201  1.6
10.7301  1.62
10.7401  1.6
10.7501  1.57
10.7601  1.44
10.7701  1.55
10.7801  1.74
10.7901  1.84
10.8001  1.57
10.8101  1.68
10.8201  1.66
10.8301  1.35
10.8401  1.82
10.8501  1.46
10.8601  1.43
10.8701  1.62
10.8801  1.49
10.8901  1.56
10.9001  1.46
10.9101  1.7
10.9201  1.6
10.9301  1.48
10.9401  1.85
10.9501  1.58
10.9601  1.59
10.9701  1.73
10.9801  1.75
10.9901  1.64
11.0001  1.76
11.0101  1.43
11.0201  1.44
11.0301  1.55
11.0401  1.5
11.0501  1.64
11.0601  1.76
11.0701  1.64
11.0801  1.62
11.0901  1.54
11.1001  1.62
11.1101  1.53
11.1201  1.43
11.1301  1.87
11.1401  1.73
11.1501  1.71
11.1601  1.66
11.1701  1.72
11.1801  1.46
11.1901  1.56
11.2001  1.61
11.2101  1.51
11.2201  1.71
11.2301  1.68
11.2401  1.61
11.2501  1.45
11.2601  1.67
11.2701  1.8
11.2801  1.55
11.2901  1.64
11.3001  1.62
11.3101  1.66
11.3201  1.48
11.3301  1.71
11.3401  1.72
11.3501  1.69
11.3601  1.98
11.3701  1.46
11.3801  1.54
11.3901  1.35
11.4001  1.99
11.4101  1.45
11.4201  1.59
11.4301  1.63
11.4401  1.79
11.4501  1.66
11.4601  1.69
11.4701  1.59
11.4801  1.61
11.4901  1.64
11.5001  1.64
11.5101  1.6
11.5201  1.46
11.5301  1.56
11.5401  1.57
11.5501  1.58
11.5601  1.72
11.5701  1.89
11.5801  1.7
11.5901  1.78
11.6001  1.41
11.6101  1.73
11.6201  1.57
11.6301  1.63
11.6401  1.57
11.6501  1.6
11.6601  1.41
11.6701  1.77
11.6801  1.39
11.6901  1.63
11.7001  1.45
11.7101  1.55
11.7201  1.79
11.7301  1.49
11.7401  1.87
11.7501  1.53
11.7601  1.67
11.7701  1.64
11.7801  1.68
11.7901  1.65
11.8001  1.42
11.8101  1.7
11.8201  1.72
11.8301  1.5
11.8401  1.65
11.8501  1.65
11.8601  1.53
11.8701  1.72
11.8801  1.46
11.8901  1.55
11.9001  1.53
11.9101  1.58
11.9201  1.34
11.9301  1.71
11.9401  1.49
11.9501  1.53
11.9601  1.56
11.9701  1.59
11.9801  1.44
11.9901  1.83
12.0001  1.6
12.0101  1.54
12.0201  1.43
12.0301  1.48
12.0401  1.8
12.0501  1.47
12.0601  1.44
12.0701  1.57
12.0801  1.88
12.0901  1.56
12.1001  1.53
12.1101  1.67
12.1201  1.66
12.1301  1.4
12.1401  1.64
12.1501  1.88
12.1601  1.39
12.1701  1.79
12.1801  1.32
12.1901  1.72
12.2001  1.78
12.2101  1.59
12.2201  1.65
12.2301  1.57
12.2401  1.89
12.2501  1.68
12.2601  1.59
12.2701  1.69
12.2801  1.47
12.2901  1.7
12.3001  1.62
12.3101  1.79
12.3201  1.66
12.3301  1.54
12.3401  1.66
12.3501  1.62
12.3601  1.53
12.3701  2.02
12.3801  1.51
12.3901  1.7
12.4001  1.61
12.4101  1.76
12.4201  1.57
12.4301  1.62
12.4401  1.74
12.4501  1.74
12.4601  1.52
12.4701  1.94
12.4801  1.49
12.4901  1.71
12.5001  1.69
12.5101  1.65
12.5201  1.77
12.5301  1.73
12.5401  1.52
12.5501  1.48
12.5601  1.47
12.5701  1.5
12.5801  1.59
12.5901  1.67
12.6001  1.71
12.6101  1.86
12.6201  1.48
12.6301  1.83
12.6401  1.81
12.6501  1.65
12.6601  1.56
12.6701  1.58
12.6801  1.51
12.6901  1.51
12.7001  1.62
12.7101  1.66
12.7201  1.68
12.7301  1.59
12.7401  1.71
12.7501  1.71
12.7601  1.71
12.7701  1.49
12.7801  1.53
12.7901  1.48
12.8001  1.93
12.8101  1.49
12.8201  1.47
12.8301  1.72
12.8401  1.62
12.8501  1.62
12.8601  1.69
12.8701  1.51
12.8801  1.55
12.8901  1.63
12.9001  1.72
12.9101  1.72
12.9201  1.66
12.9301  1.57
12.9401  1.39
12.9501  1.49
12.9601  1.65
12.9701  1.58
12.9801  1.51
12.9901  1.55
13.0001  1.59
13.0101  1.65
13.0201  1.52
13.0301  1.38
13.0401  1.42
13.0501  1.57
13.0601  1.67
13.0701  1.58
13.0801  1.66
13.0901  1.86
13.1001  1.79
13.1101  1.56
13.1201  1.62
13.1301  1.61
13.1401  1.35
13.1501  1.53
13.1601  1.63
13.1701  1.55
13.1801  1.44
13.1901  1.6
13.2001  1.61
13.2101  1.79
13.2201  1.59
13.2301  1.53
13.2401  1.35
13.2501  1.71
13.2601  1.77
13.2701  1.8
13.2801  1.77
13.2901  1.79
13.3001  1.6
13.3101  1.59
13.3201  1.53
13.3301  1.73
13.3401  1.62
13.3501  1.42
13.3601  1.76
13.3701  1.53
13.3801  1.49
13.3901  1.68
13.4001  1.75
13.4101  1.83
13.4201  1.44
13.4301  1.56
13.4401  1.79
13.4501  1.62
13.4601  1.71
13.4701  1.52
13.4801  1.85
13.4901  1.63
13.5001  1.7
13.5101  1.77
13.5201  1.68
13.5301  1.7
13.5401  1.65
13.5501  1.5
13.5601  1.64
13.5701  1.51
13.5801  1.56
13.5901  1.61
13.6001  1.84
13.6101  1.58
13.6201  1.75
13.6301  1.41
13.6401  1.7
13.6501  1.91
13.6601  1.63
13.6701  1.54
13.6801  1.69
13.6901  1.8
13.7001  1.65
13.7101  1.62
13.7201  1.51
13.7301  1.41
13.7401  1.63
13.7501  1.61
13.7601  1.54
13.7701  1.61
13.7801  1.64
13.7901  1.57
13.8001  1.5
13.8101  1.57
13.8201  1.78
13.8301  1.61
13.8401  1.69
13.8501  1.6
13.8601  1.79
13.8701  1.54
13.8801  1.77
13.8901  1.54
13.9001  1.75
13.9101  1.53
13.9201  1.62
13.9301  1.64
13.9401  1.51
13.9501  1.55
13.9601  1.91
13.9701  1.59
13.9801  1.54
13.9901  1.75
14.0001  1.7
14.0101  1.51
14.0201  2.04
14.0301  1.33
14.0401  1.6
14.0501  1.54
14.0601  1.67
14.0701  1.68
14.0801  1.79
14.0901  1.64
14.1001  1.51
14.1101  1.56
14.1201  1.77
14.1301  1.46
14.1401  1.8
14.1501  1.53
14.1601  1.67
14.1701  1.93
14.1801  1.52
14.1901  1.46
14.2001  1.42
14.2101  1.58
14.2201  1.76
14.2301  1.86
14.2401  1.85
14.2501  1.55
14.2601  1.59
14.2701  1.48
14.2801  1.73
14.2901  1.5
14.3001  1.75
14.3101  1.58
14.3201  1.68
14.3301  1.53
14.3401  1.82
14.3501  1.84
14.3601  1.52
14.3701  1.57
14.3801  1.4
14.3901  1.67
14.4001  1.62
14.4101  1.44
14.4201  1.56
14.4301  1.47
14.4401  1.48
14.4501  1.73
14.4601  1.71
14.4701  1.58
14.4801  1.4
14.4901  1.55
14.5001  1.69
14.5101  1.44
14.5201  1.71
14.5301  1.7
14.5401  1.55
14.5501  1.72
14.5601  1.67
14.5701  1.99
14.5801  1.79
14.5901  1.55
14.6001  1.62
14.6101  1.61
14.6201  1.81
14.6301  1.46
14.6401  1.57
14.6501  1.67
14.6601  1.56
14.6701  1.76
14.6801  1.57
14.6901  1.66
14.7001  1.36
14.7101  1.57
14.7201  1.66
14.7301  1.88
14.7401  1.5
14.7501  1.58
14.7601  1.96
14.7701  1.71
14.7801  1.58
14.7901  1.77
14.8001  1.66
14.8101  1.76
14.8201  1.57
14.8301  1.75
14.8401  1.66
14.8501  1.54
14.8601  1.49
14.8701  1.71
14.8801  1.62
14.8901  1.7
14.9001  1.65
14.9101  1.67
14.9201  1.61
14.9301  1.69
14.9401  1.67
14.9501  2.01
14.9601  1.73
14.9701  1.41
14.9801  1.64
14.9901  1.42
15.0001  1.48
15.0101  1.78
15.0201  1.62
15.0301  1.67
15.0401  1.66
15.0501  1.81
15.0601  1.64
15.0701  1.46
15.0801  1.65
15.0901  1.46
15.1001  1.56
15.1101  1.61
15.1201  1.61
15.1301  1.58
15.1401  1.46
15.1501  1.71
15.1601  1.81
15.1701  1.45
15.1801  1.69
15.1901  1.66
15.2001  1.55
15.2101  1.83
15.2201  1.82
15.2301  1.46
15.2401  1.78
15.2501  1.73
15.2601  1.72
15.2701  1.59
15.2801  1.62
15.2901  1.49
15.3001  1.55
15.3101  1.43
15.3201  1.47
15.3301  1.65
15.3401  1.83
15.3501  1.59
15.3601  1.62
15.3701  1.64
15.3801  1.44
15.3901  1.68
15.4001  1.68
15.4101  1.56
15.4201  1.72
15.4301  1.79
15.4401  1.62
15.4501  1.81
15.4601  1.87
15.4701  1.63
15.4801  1.56
15.4901  1.63
15.5001  1.62
15.5101  1.72
15.5201  1.45
15.5301  1.57
15.5401  1.46
15.5501  1.6
15.5601  1.75
15.5701  1.53
15.5801  1.86
15.5901  1.63
15.6001  1.83
15.6101  1.38
15.6201  1.6
15.6301  1.59
15.6401  1.56
15.6501  1.62
15.6601  1.51
15.6701  1.81
15.6801  1.49
15.6901  1.52
15.7001  1.7
15.7101  1.66
15.7201  1.5
15.7301  1.81
15.7401  1.6
15.7501  1.56
15.7601  1.63
15.7701  1.78
15.7801  1.81
15.7901  1.62
15.8001  1.6
15.8101  1.74
15.8201  1.34
15.8301  1.5
15.8401  1.77
15.8501  1.51
15.8601  1.56
15.8701  1.59
15.8801  1.59
15.8901  1.59
15.9001  1.66
15.9101  1.51
15.9201  1.48
15.9301  1.76
15.9401  1.65
15.9501  1.67
15.9601  1.58
15.9701  1.62
15.9801  1.7
15.9901  1.66
16.0001  1.67
16.0101  1.6
16.0201  1.78
16.0301  1.6
16.0401  1.44
16.0501  1.46
16.0601  1.68
16.0701  1.54
16.0801  1.54
16.0901  1.54
16.1001  1.67
16.1101  1.64
16.1201  1.61
16.1301  1.59
16.1401  1.75
16.1501  1.42
16.1601  1.81
16.1701  1.41
16.1801  1.64
16.1901  1.52
16.2001  1.64
16.2101  1.51
16.2201  1.32
16.2301  1.6
16.2401  1.67
16.2501  1.53
16.2601  1.86
16.2701  1.74
16.2801  1.42
16.2901  1.51
16.3001  1.62
16.3101  1.86
16.3201  1.48
16.3301  1.65
16.3401  1.78
16.3501  1.56
16.3601  1.57
16.3701  1.92
16.3801  1.45
16.3901  1.68
16.4001  1.52
16.4101  1.49
16.4201  1.71
16.4301  1.56
16.4401  1.77
16.4501  1.54
16.4601  1.72
16.4701  1.39
16.4801  1.77
16.4901  1.64
16.5001  1.72
16.5101  1.64
16.5201  1.69
16.5301  1.68
16.5401  1.82
16.5501  1.51
16.5601  1.65
16.5701  1.72
16.5801  1.78
16.5901  1.59
16.6001  1.54
16.6101  1.81
16.6201  1.58
16.6301  1.72
16.6401  1.67
16.6501  1.55
16.6601  1.53
16.6701  1.64
16.6801  1.74
16.6901  1.68
16.7001  1.44
16.7101  1.57
16.7201  1.54
16.7301  1.61
16.7401  1.79
16.7501  1.62
16.7601  1.61
16.7701  1.49
16.7801  1.7
16.7901  1.53
16.8001  1.52
16.8101  1.82
16.8201  1.55
16.8301  1.7
16.8401  1.89
16.8501  1.65
16.8601  1.64
16.8701  1.92
16.8801  1.5
16.8901  1.42
16.9001  1.61
16.9101  1.6
16.9201  1.58
16.9301  1.4
16.9401  1.47
16.9501  1.69
16.9601  1.43
16.9701  1.72
16.9801  1.78
16.9901  1.49
17.0001  1.66
17.0101  1.88
17.0201  1.54
17.0301  1.72
17.0401  1.42
17.0501  1.55
17.0601  1.42
17.0701  1.57
17.0801  1.45
17.0901  1.76
17.1001  1.76
17.1101  1.39
17.1201  1.69
17.1301  1.64
17.1401  1.65
17.1501  1.72
17.1601  1.55
17.1701  1.54
17.1801  1.39
17.1901  1.83
17.2001  1.65
17.2101  1.64
17.2201  1.49
17.2301  1.76
17.2401  1.6
17.2501  1.53
17.2601  1.74
17.2701  1.62
17.2801  1.49
17.2901  1.76
17.3001  1.44
17.3101  1.48
17.3201  1.67
17.3301  1.39
17.3401  1.83
17.3501  1.63
17.3601  1.64
17.3701  1.57
17.3801  1.65
17.3901  1.68
17.4001  1.73
17.4101  1.63
17.4201  1.86
17.4301  1.5
17.4401  1.45
17.4501  1.71
17.4601  1.56
17.4701  1.58
17.4801  1.67
17.4901  1.58
17.5001  1.67
17.5101  1.48
17.5201  1.52
17.5301  1.64
17.5401  1.72
17.5501  1.77
17.5601  1.8
17.5701  1.64
17.5801  1.73
17.5901  1.66
17.6001  1.38
17.6101  1.55
17.6201  1.68
17.6301  1.7
17.6401  1.54
17.6501  1.58
17.6601  1.51
17.6701  1.58
17.6801  1.74
17.6901  1.76
17.7001  1.6
17.7101  1.55
17.7201  1.77
17.7301  1.78
17.7401  1.63
17.7501  1.84
17.7601  1.33
17.7701  1.78
17.7801  1.66
17.7901  1.67
17.8001  1.54
17.8101  1.38
17.8201  1.5
17.8301  1.72
17.8401  1.47
17.8501  1.62
17.8601  1.79
17.8701  1.49
17.8801  1.41
17.8901  1.76
17.9001  1.87
17.9101  1.73
17.9201  1.76
17.9301  1.72
17.9401  1.37
17.9501  1.61
17.9601  1.65
17.9701  1.71
17.9801  1.57
17.9901  1.52
18.0001  1.96
18.0101  1.42
18.0201  1.58
18.0301  1.74
18.0401  1.62
18.0501  1.66
18.0601  1.53
18.0701  1.47
18.0801  1.46
18.0901  1.74
18.1001  1.49
18.1101  1.73
18.1201  1.61
18.1301  1.61
18.1401  1.89
18.1501  1.67
18.1601  1.7
18.1701  1.44
18.1801  1.72
18.1901  1.6
18.2001  1.48
18.2101  1.65
18.2201  1.77
18.2301  1.51
18.2401  1.64
18.2501  1.73
18.2601  1.48
18.2701  1.85
18.2801  1.58
18.2901  1.71
18.3001  1.68
18.3101  1.36
18.3201  1.59
18.3301  1.66
18.3401  1.61
18.3501  1.51
18.3601  1.54
18.3701  1.54
18.3801  1.62
18.3901  1.57
18.4001  1.45
18.4101  1.68
18.4201  1.96
18.4301  1.69
18.4401  1.76
18.4501  1.47
18.4601  1.37
18.4701  1.57
18.4801  1.62
18.4901  1.66
18.5001  1.71
18.5101  1.64
18.5201  1.53
18.5301  1.6
18.5401  1.59
18.5501  1.85
18.5601  1.62
18.5701  1.74
18.5801  1.78
18.5901  1.64
18.6001  1.57
18.6101  1.27
18.6201  1.72
18.6301  1.54
18.6401  1.5
18.6501  1.69
18.6601  1.57
18.6701  1.46
18.6801  1.74
18.6901  1.7
18.7001  1.53
18.7101  1.69
18.7201  1.49
18.7301  1.57
18.7401  1.67
18.7501  1.73
18.7601  1.49
18.7701  1.49
18.7801  1.73
18.7901  1.44
18.8001  1.64
18.8101  1.66
18.8201  1.65
18.8301  1.85
18.8401  1.58
18.8501  1.63
18.8601  1.58
18.8701  1.57
18.8801  1.55
18.8901  1.46
18.9001  1.52
18.9101  1.49
18.9201  1.55
18.9301  1.85
18.9401  1.57
18.9501  1.56
18.9601  1.62
18.9701  1.6
18.9801  1.73
18.9901  1.6
19.0001  1.46
19.0101  1.66
19.0201  1.51
19.0301  1.64
19.0401  1.77
19.0501  1.6
19.0601  1.52
19.0701  1.52
19.0801  1.49
19.0901  1.7
19.1001  1.42
19.1101  1.59
19.1201  1.79
19.1301  1.74
19.1401  1.56
19.1501  1.73
19.1601  1.48
19.1701  1.76
19.1801  1.63
19.1901  1.62
19.2001  1.56
19.2101  1.43
19.2201  1.51
19.2301  1.62
19.2401  1.62
19.2501  1.49
19.2601  1.59
19.2701  1.55
19.2801  1.73
19.2901  1.6
19.3001  1.59
19.3101  1.68
19.3201  1.57
19.3301  1.64
19.3401  1.77
19.3501  1.82
19.3601  1.5
19.3701  1.57
19.3801  1.86
19.3901  1.56
19.4001  1.81
19.4101  1.38
19.4201  1.69
19.4301  1.38
19.4401  1.55
19.4501  1.72
19.4601  1.73
19.4701  1.46
19.4801  1.65
19.4901  1.66
19.5001  1.61
19.5101  1.74
19.5201  1.55
19.5301  1.61
19.5401  1.48
19.5501  1.75
19.5601  1.67
19.5701  1.46
19.5801  1.76
19.5901  1.7
19.6001  1.4
19.6101  1.5
19.6201  1.58
19.6301  1.85
19.6401  1.53
19.6501  1.85
19.6601  1.63
19.6701  1.75
19.6801  1.86
19.6901  1.5
19.7001  1.53
19.7101  1.67
19.7201  1.87
19.7301  1.81
19.7401  1.72
19.7501  1.69
19.7601  1.52
19.7701  1.58
19.7801  1.57
19.7901  1.66
19.8001  1.63
19.8101  1.89
19.8201  1.58
19.8301  1.46
19.8401  1.72
19.8501  1.44
19.8601  1.79
19.8701  1.54
19.8801  1.65
19.8901  1.54
19.9001  1.79
19.9101  1.71
19.9201  1.6
19.9301  1.59
19.9401  1.7
19.9501  1.58
19.9601  1.72
19.9701  1.57
19.9801  1.74
19.9901  1.63
20.0001  1.67
20.0101  1.65
20.0201  1.56
20.0301  1.68
20.0401  1.74
20.0501  1.68
20.0601  1.47
20.0701  1.59
20.0801  1.54
20.0901  1.58
20.1001  1.57
20.1101  1.59
20.1201  1.51
20.1301  1.66
20.1401  1.66
20.1501  1.64
20.1601  1.71
20.1701  1.65
20.1801  1.44
20.1901  1.66
20.2001  1.75
20.2101  1.67
20.2201  1.54
20.2301  1.55
20.2401  1.57
20.2501  1.39
20.2601  1.53
20.2701  1.61
20.2801  1.6
20.2901  1.54
20.3001  1.66
20.3101  1.65
20.3201  1.44
20.3301  1.56
20.3401  1.7
20.3501  1.41
20.3601  1.86
20.3701  1.6
20.3801  1.56
20.3901  1.75
20.4001  1.74
20.4101  1.56
20.4201  1.61
20.4301  1.6
20.4401  1.43
20.4501  1.58
20.4601  1.46
20.4701  1.54
20.4801  1.77
20.4901  1.64
20.5001  1.76
20.5101  1.54
20.5201  1.54
20.5301  1.66
20.5401  1.5
20.5501  1.65
20.5601  1.58
20.5701  1.77
20.5801  1.72
20.5901  1.67
20.6001  1.74
20.6101  1.54
20.6201  1.52
20.6301  1.61
20.6401  1.73
20.6501  1.35
20.6601  1.31
20.6701  1.97
20.6801  1.35
20.6901  1.55
20.7001  1.7
20.7101  1.54
20.7201  1.56
20.7301  1.61
20.7401  1.76
20.7501  1.58
20.7601  1.74
20.7701  1.59
20.7801  1.43
20.7901  1.46
20.8001  1.52
20.8101  1.61
20.8201  1.59
20.8301  1.56
20.8401  1.69
20.8501  1.73
20.8601  1.5
20.8701  1.84
20.8801  1.67
20.8901  1.69
20.9001  1.48
20.9101  1.52
20.9201  1.48
20.9301  1.76
20.9401  1.73
20.9501  1.6
20.9601  1.66
20.9701  1.57
20.9801  1.46
20.9901  1.61
21.0001  1.59
21.0101  1.38
21.0201  1.47
21.0301  1.65
21.0401  1.56
21.0501  1.64
21.0601  1.8
21.0701  1.84
21.0801  1.44
21.0901  1.43
21.1001  1.78
21.1101  1.79
21.1201  1.97
21.1301  1.6
21.1401  1.79
21.1501  1.67
21.1601  1.41
21.1701  1.55
21.1801  1.57
21.1901  1.64
21.2001  1.68
21.2101  1.6
21.2201  1.69
21.2301  1.68
21.2401  1.64
21.2501  1.64
21.2601  1.82
21.2701  1.64
21.2801  1.64
21.2901  1.53
21.3001  1.57
21.3101  1.38
21.3201  1.61
21.3301  1.65
21.3401  1.74
21.3501  1.7
21.3601  1.64
21.3701  1.39
21.3801  1.75
21.3901  1.44
21.4001  1.67
21.4101  1.58
21.4201  1.72
21.4301  1.6
21.4401  1.43
21.4501  1.74
21.4601  1.56
21.4701  1.67
21.4801  1.78
21.4901  1.57
21.5001  1.59
21.5101  1.66
21.5201  1.51
21.5301  1.51
21.5401  1.56
21.5501  1.64
21.5601  1.56
21.5701  1.73
21.5801  1.57
21.5901  1.49
21.6001  1.71
21.6101  1.76
21.6201  1.7
21.6301  1.46
21.6401  1.59
21.6501  1.45
21.6601  1.77
21.6701  1.64
21.6801  1.48
21.6901  1.53
21.7001  1.5
21.7101  1.68
21.7201  1.59
21.7301  1.47
21.7401  1.9
21.7501  1.45
21.7601  1.47
21.7701  1.65
21.7801  1.56
21.7901  1.53
21.8001  1.7
21.8101  1.54
21.8201  1.58
21.8301  1.52
21.8401  1.35
21.8501  1.58
21.8601  1.71
21.8701  1.72
21.8801  1.84
21.8901  1.82
21.9001  1.65
21.9101  1.33
21.9201  1.56
21.9301  1.81
21.9401  1.82
21.9501  1.43
21.9601  1.77
21.9701  1.6
21.9801  1.71
21.9901  1.64
22.0001  1.77
22.0101  1.4
22.0201  1.65
22.0301  1.53
22.0401  1.87
22.0501  1.49
22.0601  1.77
22.0701  1.63
22.0801  1.59
22.0901  1.69
22.1001  1.59
22.1101  1.73
22.1201  1.41
22.1301  1.66
22.1401  1.81
22.1501  1.72
22.1601  1.91
22.1701  1.52
22.1801  1.42
22.1901  1.64
22.2001  1.84
22.2101  1.45
22.2201  1.44
22.2301  1.53
22.2401  1.71
22.2501  1.45
22.2601  1.61
22.2701  1.67
22.2801  1.73
22.2901  1.65
22.3001  1.83
22.3101  1.76
22.3201  1.55
22.3301  1.75
22.3401  1.35
22.3501  1.58
22.3601  1.66
22.3701  1.64
22.3801  1.57
22.3901  1.66
22.4001  1.55
22.4101  1.59
22.4201  1.6
22.4301  1.74
22.4401  1.62
22.4501  1.66
22.4601  1.85
22.4701  1.75
22.4801  1.51
22.4901  1.58
22.5001  1.69
22.5101  1.49
22.5201  1.66
22.5301  1.62
22.5401  1.6
22.5501  1.37
22.5601  1.7
22.5701  1.64
22.5801  1.52
22.5901  1.42
22.6001  1.45
22.6101  1.6
22.6201  1.43
22.6301  1.52
22.6401  1.59
22.6501  1.58
22.6601  1.63
22.6701  1.77
22.6801  1.48
22.6901  1.73
22.7001  1.33
22.7101  1.63
22.7201  1.61
22.7301  1.59
22.7401  1.65
22.7501  1.65
22.7601  1.63
22.7701  1.46
22.7801  1.65
22.7901  1.68
22.8001  1.72
22.8101  1.52
22.8201  1.6
22.8301  1.55
22.8401  1.76
22.8501  1.7
22.8601  1.66
22.8701  1.5
22.8801  1.66
22.8901  1.52
22.9001  1.68
22.9101  1.63
22.9201  1.72
22.9301  1.57
22.9401  1.54
22.9501  1.73
22.9601  1.85
22.9701  1.76
22.9801  1.68
22.9901  1.6
23.0001  1.78
23.0101  1.46
23.0201  1.69
23.0301  1.58
23.0401  2.05
23.0501  1.64
23.0601  1.43
23.0701  1.68
23.0801  1.74
23.0901  1.69
23.1001  1.58
23.1101  1.78
23.1201  1.85
23.1301  1.72
23.1401  1.7
23.1501  1.63
23.1601  1.74
23.1701  1.74
23.1801  1.67
23.1901  1.64
23.2001  1.62
23.2101  1.79
23.2201  1.71
23.2301  1.83
23.2401  1.73
23.2501  1.6
23.2601  1.48
23.2701  1.5
23.2801  1.61
23.2901  1.56
23.3001  1.61
23.3101  1.44
23.3201  1.55
23.3301  1.5
23.3401  1.68
23.3501  1.72
23.3601  1.71
23.3701  1.67
23.3801  1.61
23.3901  1.5
23.4001  1.69
23.4101  1.74
23.4201  1.69
23.4301  1.6
23.4401  1.74
23.4501  1.67
23.4601  1.78
23.4701  1.53
23.4801  1.66
23.4901  1.57
23.5001  1.63
23.5101  1.46
23.5201  1.78
23.5301  1.44
23.5401  1.65
23.5501  1.62
23.5601  1.74
23.5701  1.52
23.5801  1.79
23.5901  1.62
23.6001  1.5
23.6101  1.55
23.6201  1.58
23.6301  1.48
23.6401  1.51
23.6501  1.61
23.6601  1.63
23.6701  1.51
23.6801  1.8
23.6901  1.37
23.7001  1.68
23.7101  1.64
23.7201  1.44
23.7301  1.5
23.7401  1.59
23.7501  1.71
23.7601  1.57
23.7701  1.77
23.7801  1.52
23.7901  1.61
23.8001  1.63
23.8101  1.8
23.8201  1.48
23.8301  1.52
23.8401  1.43
23.8501  1.56
23.8601  1.66
23.8701  1.56
23.8801  1.63
23.8901  1.44
23.9001  1.61
23.9101  1.63
23.9201  1.78
23.9301  1.62
23.9401  1.51
23.9501  1.63
23.9601  1.74
23.9701  1.78
23.9801  1.46
23.9901  1.52
24.0001  1.71
24.0101  1.71
24.0201  1.44
24.0301  1.72
24.0401  1.71
24.0501  1.52
24.0601  1.69
24.0701  1.72
24.0801  1.55
24.0901  1.67
24.1001  1.61
24.1101  1.55
24.1201  1.51
24.1301  1.69
24.1401  1.69
24.1501  1.51
24.1601  1.79
24.1701  1.72
24.1801  1.53
24.1901  1.47
24.2001  1.8
24.2101  1.78
24.2201  1.62
24.2301  1.7
24.2401  1.68
24.2501  1.45
24.2601  1.63
24.2701  1.54
24.2801  1.64
24.2901  1.62
24.3001  1.65
24.3101  1.61
24.3201  1.76
24.3301  1.8
24.3401  1.67
24.3501  1.49
24.3601  1.76
24.3701  1.41
24.3801  1.84
24.3901  1.56
24.4001  1.6
24.4101  1.35
24.4201  1.53
24.4301  1.48
24.4401  1.67
24.4501  1.73
24.4601  1.64
24.4701  1.7
24.4801  1.76
24.4901  1.36
24.5001  1.63
24.5101  1.78
24.5201  1.64
24.5301  1.49
24.5401  1.52
24.5501  1.69
24.5601  1.57
24.5701  1.71
24.5801  1.87
24.5901  1.52
24.6001  1.65
24.6101  1.65
24.6201  1.59
24.6301  1.75
24.6401  1.54
24.6501  1.49
24.6601  1.6
24.6701  1.47
24.6801  1.56
24.6901  1.59
24.7001  1.87
24.7101  1.84
24.7201  1.46
24.7301  1.63
24.7401  1.49
24.7501  1.7
24.7601  1.8
24.7701  1.69
24.7801  1.59
24.7901  1.72
24.8001  1.44
24.8101  1.56
24.8201  1.54
24.8301  1.73
24.8401  1.77
24.8501  1.6
24.8601  1.37
24.8701  1.4
24.8801  1.67
24.8901  1.73
24.9001  1.37
24.9101  1.67
24.9201  1.76
24.9301  1.7
24.9401  1.47
24.9501  1.74
24.9601  1.56
24.9701  1.66
24.9801  1.43
24.9901  1.7
25.0001  1.56
25.0101  1.78
25.0201  1.62
25.0301  1.52
25.0401  1.62
25.0501  1.82
25.0601  1.71
25.0701  1.44
25.0801  1.39
25.0901  1.72
25.1001  1.65
25.1101  1.6
25.1201  1.78
25.1301  1.54
25.1401  1.47
25.1501  1.6
25.1601  1.43
25.1701  1.63
25.1801  1.61
25.1901  1.66
25.2001  1.53
25.2101  1.53
25.2201  1.63
25.2301  1.62
25.2401  1.72
25.2501  1.63
25.2601  1.7
25.2701  1.49
25.2801  1.33
25.2901  1.68
25.3001  1.63
25.3101  1.6
25.3201  1.56
25.3301  1.58
25.3401  1.81
25.3501  1.75
25.3601  1.42
25.3701  1.88
25.3801  1.65
25.3901  1.69
25.4001  1.52
25.4101  1.69
25.4201  1.67
25.4301  1.59
25.4401  1.64
25.4501  1.63
25.4601  1.59
25.4701  1.68
25.4801  1.8
25.4901  1.71
25.5001  1.51
25.5101  1.65
25.5201  1.68
25.5301  1.66
25.5401  1.79
25.5501  1.61
25.5601  1.82
25.5701  1.91
25.5801  1.66
25.5901  1.75
25.6001  1.51
25.6101  1.6
25.6201  1.71
25.6301  1.62
25.6401  1.59
25.6501  1.61
25.6601  1.53
25.6701  1.66
25.6801  1.55
25.6901  1.69
25.7001  1.66
25.7101  1.77
25.7201  1.7
25.7301  1.61
25.7401  1.65
25.7501  1.58
25.7601  1.54
25.7701  1.84
25.7801  1.59
25.7901  1.78
25.8001  1.71
25.8101  1.59
25.8201  1.52
25.8301  1.6
25.8401  1.53
25.8501  1.62
25.8601  1.62
25.8701  1.58
25.8801  1.57
25.8901  1.41
25.9001  1.59
25.9101  1.54
25.9201  1.6
25.9301  1.82
25.9401  1.48
25.9501  1.68
25.9601  1.58
25.9701  1.7
25.9801  1.7
25.9901  1.67
26.0001  1.44
26.0101  1.66
26.0201  1.55
26.0301  1.4
26.0401  1.65
26.0501  1.56
26.0601  1.45
26.0701  1.49
26.0801  1.58
26.0901  1.39
26.1001  1.78
26.1101  1.75
26.1201  1.84
26.1301  1.44
26.1401  1.51
26.1501  1.39
26.1601  1.59
26.1701  1.57
26.1801  1.64
26.1901  1.56
26.2001  1.64
26.2101  1.65
26.2201  1.58
26.2301  1.7
26.2401  1.71
26.2501  1.55
26.2601  1.61
26.2701  1.52
26.2801  1.7
26.2901  1.54
26.3001  1.59
26.3101  1.64
26.3201  1.73
26.3301  1.57
26.3401  1.46
26.3501  1.41
26.3601  1.62
26.3701  1.41
26.3801  1.57
26.3901  1.76
26.4001  1.85
26.4101  1.54
26.4201  1.8
26.4301  1.7
26.4401  1.51
26.4501  1.76
26.4601  1.62
26.4701  1.67
26.4801  1.56
26.4901  1.42
26.5001  1.49
26.5101  1.67
26.5201  1.64
26.5301  1.54
26.5401  1.72
26.5501  1.55
26.5601  1.71
26.5701  1.65
26.5801  1.68
26.5901  1.59
26.6001  1.43
26.6101  1.45
26.6201  1.8
26.6301  1.51
26.6401  1.73
26.6501  1.64
26.6601  1.59
26.6701  1.64
26.6801  1.7
26.6901  1.79
26.7001  1.54
26.7101  1.55
26.7201  1.69
26.7301  1.58
26.7401  1.78
26.7501  1.64
26.7601  1.69
26.7701  1.44
26.7801  1.61
26.7901  1.68
26.8001  1.84
26.8101  1.62
26.8201  1.67
26.8301  1.53
26.8401  1.85
26.8501  1.82
26.8601  1.69
26.8701  1.64
26.8801  1.74
26.8901  1.67
26.9001  1.57
26.9101  1.5
26.9201  1.55
26.9301  1.68
26.9401  1.65
26.9501  1.72
26.9601  1.57
26.9701  1.39
26.9801  1.92
26.9901  1.67
27.0001  1.76
27.0101  1.49
27.0201  1.84
27.0301  1.57
27.0401  1.52
27.0501  1.68
27.0601  1.61
27.0701  1.62
27.0801  1.62
27.0901  1.77
27.1001  1.56
27.1101  1.61
27.1201  1.63
27.1301  1.61
27.1401  1.72
27.1501  1.64
27.1601  1.69
27.1701  1.61
27.1801  1.79
27.1901  1.74
27.2001  1.61
27.2101  1.46
27.2201  1.66
27.2301  1.38
27.2401  1.6
27.2501  1.52
27.2601  1.8
27.2701  1.73
27.2801  1.53
27.2901  1.7
27.3001  1.68
27.3101  1.7
27.3201  1.59
27.3301  1.49
27.3401  1.66
27.3501  1.3
27.3601  1.76
27.3701  1.47
27.3801  1.71
27.3901  1.53
27.4001  1.42
27.4101  1.78
27.4201  1.5
27.4301  1.52
27.4401  1.62
27.4501  1.63
27.4601  1.61
27.4701  1.36
27.4801  1.81
27.4901  1.44
27.5001  1.71
27.5101  1.68
27.5201  1.52
27.5301  1.62
27.5401  1.76
27.5501  1.56
27.5601  1.52
27.5701  1.41
27.5801  1.57
27.5901  1.6
27.6001  1.47
27.6101  1.67
27.6201  1.79
27.6301  1.51
27.6401  1.59
27.6501  1.54
27.6601  1.79
27.6701  1.48
27.6801  1.65
27.6901  1.44
27.7001  1.59
27.7101  1.66
27.7201  1.78
27.7301  1.64
27.7401  1.4
27.7501  1.66
27.7601  1.7
27.7701  2.06
27.7801  1.75
27.7901  1.92
27.8001  1.49
27.8101  1.67
27.8201  1.51
27.8301  1.32
27.8401  1.92
27.8501  1.5
27.8601  1.74
27.8701  1.78
27.8801  1.82
27.8901  1.61
27.9001  1.88
27.9101  1.53
27.9201  1.71
27.9301  1.92
27.9401  1.77
27.9501  1.79
27.9601  1.5
27.9701  1.68
27.9801  1.64
27.9901  1.55
28.0001  1.6
28.0101  1.66
28.0201  1.59
28.0301  1.55
28.0401  1.61
28.0501  1.59
28.0601  1.67
28.0701  1.77
28.0801  1.49
28.0901  1.64
28.1001  1.55
28.1101  1.83
28.1201  1.71
28.1301  1.6
28.1401  1.41
28.1501  1.64
28.1601  1.7
28.1701  1.74
28.1801  1.67
28.1901  1.62
28.2001  1.68
28.2101  1.57
28.2201  1.58
28.2301  1.57
28.2401  1.59
28.2501  1.78
28.2601  1.71
28.2701  1.4
28.2801  1.63
28.2901  1.66
28.3001  1.52
28.3101  1.69
28.3201  1.39
28.3301  1.47
28.3401  1.48
28.3501  1.82
28.3601  1.77
28.3701  1.56
28.3801  1.74
28.3901  1.49
28.4001  1.77
28.4101  1.69
28.4201  1.56
28.4301  1.32
28.4401  1.84
28.4501  1.59
28.4601  1.44
28.4701  1.69
28.4801  1.64
28.4901  1.44
28.5001  1.68
28.5101  1.61
28.5201  1.76
28.5301  1.7
28.5401  1.68
28.5501  1.53
28.5601  1.65
28.5701  1.6
28.5801  1.79
28.5901  1.42
28.6001  1.4
28.6101  1.83
28.6201  1.63
28.6301  1.67
28.6401  1.66
28.6501  1.46
28.6601  1.54
28.6701  1.78
28.6801  1.41
28.6901  1.87
28.7001  1.5
28.7101  1.55
28.7201  1.47
28.7301  1.49
28.7401  1.46
28.7501  1.45
28.7601  1.67
28.7701  1.67
28.7801  1.64
28.7901  1.54
28.8001  1.72
28.8101  1.56
28.8201  1.75
28.8301  1.63
28.8401  1.59
28.8501  1.5
28.8601  1.79
28.8701  1.64
28.8801  1.6
28.8901  1.49
28.9001  1.77
28.9101  1.72
28.9201  1.62
28.9301  1.59
28.9401  1.44
28.9501  1.73
28.9601  1.38
28.9701  1.73
28.9801  1.52
28.9901  1.5
29.0001  1.77
29.0101  1.6
29.0201  1.63
29.0301  1.61
29.0401  1.64
29.0501  1.94
29.0601  1.4
29.0701  1.97
29.0801  1.75
29.0901  1.74
29.1001  1.71
29.1101  1.59
29.1201  1.81
29.1301  1.77
29.1401  1.59
29.1501  1.58
29.1601  1.55
29.1701  1.45
29.1801  1.81
29.1901  1.7
29.2001  1.58
29.2101  1.83
29.2201  1.74
29.2301  1.54
29.2401  1.48
29.2501  1.69
29.2601  1.7
29.2701  1.64
29.2801  1.42
29.2901  1.61
29.3001  1.42
29.3101  1.75
29.3201  1.72
29.3301  1.59
29.3401  1.75
29.3501  1.6
29.3601  1.81
29.3701  1.7
29.3801  1.71
29.3901  1.63
29.4001  1.82
29.4101  1.49
29.4201  1.63
29.4301  1.52
29.4401  1.73
29.4501  1.53
29.4601  1.89
29.4701  1.61
29.4801  1.45
29.4901  1.72
29.5001  1.82
29.5101  1.62
29.5201  1.49
29.5301  1.52
29.5401  1.74
29.5501  1.43
29.5601  1.59
29.5701  1.48
29.5801  1.63
29.5901  1.89
29.6001  1.61
29.6101  1.44
29.6201  1.65
29.6301  1.84
29.6401  1.7
29.6501  1.57
29.6601  1.55
29.6701  1.52
29.6801  1.69
29.6901  1.63
29.7001  1.5
29.7101  1.7
29.7201  1.66
29.7301  1.69
29.7401  1.45
29.7501  1.95
29.7601  1.42
29.7701  1.57
29.7801  1.72
29.7901  1.72
29.8001  1.38
29.8101  1.48
29.8201  1.48
29.8301  1.63
29.8401  1.7
29.8501  1.59
29.8601  1.72
29.8701  2
29.8801  1.68
29.8901  1.59
29.9001  1.77
29.9101  1.54
29.9201  1.71
29.9301  1.49
29.9401  1.47
29.9501  1.63
29.9601  1.44
29.9701  1.5
29.9801  1.45
29.9901  1.44
30.0001  1.65
30.0101  1.76
30.0201  1.77
30.0301  1.38
30.0401  1.74
30.0501  1.57
30.0601  1.77
30.0701  1.49
30.0801  1.69
30.0901  1.66
30.1001  1.54
30.1101  1.74
30.1201  1.45
30.1301  1.62
30.1401  1.64
30.1501  1.78
30.1601  1.64
30.1701  1.58
30.1801  1.79
30.1901  1.52
30.2001  1.58
30.2101  1.53
30.2201  1.46
30.2301  1.66
30.2401  1.73
30.2501  1.74
30.2601  1.47
30.2701  1.82
30.2801  1.55
30.2901  1.73
30.3001  1.59
30.3101  1.64
30.3201  1.56
30.3301  1.82
30.3401  1.54
30.3501  1.82
30.3601  1.3
30.3701  1.76
30.3801  1.55
30.3901  1.62
30.4001  1.53
30.4101  1.39
30.4201  1.66
30.4301  1.49
30.4401  1.57
30.4501  1.78
30.4601  1.49
30.4701  1.56
30.4801  1.7
30.4901  1.84
30.5001  1.65
30.5101  1.37
30.5201  1.72
30.5301  1.49
30.5401  1.58
30.5501  1.6
30.5601  1.75
30.5701  1.57
30.5801  1.72
30.5901  1.55
30.6001  1.73
30.6101  1.54
30.6201  1.72
30.6301  1.76
30.6401  1.58
30.6501  1.81
30.6601  1.77
30.6701  1.65
30.6801  1.74
30.6901  1.36
30.7001  1.46
30.7101  1.4
30.7201  1.65
30.7301  1.48
30.7401  1.79
30.7501  1.79
30.7601  1.64
30.7701  1.82
30.7801  1.58
30.7901  1.55
30.8001  1.51
30.8101  1.52
30.8201  1.49
30.8301  1.68
30.8401  1.44
30.8501  1.84
30.8601  1.65
30.8701  1.58
30.8801  1.64
30.8901  1.63
30.9001  1.67
30.9101  1.72
30.9201  1.65
30.9301  1.63
30.9401  1.81
30.9501  1.46
30.9601  1.57
30.9701  1.44
30.9801  1.56
30.9901  1.57
31.0001  1.5
31.0101  1.8
31.0201  1.55
31.0301  1.91
31.0401  1.59
31.0501  1.55
31.0601  1.67
31.0701  1.49
31.0801  1.71
31.0901  1.35
31.1001  1.74
31.1101  1.67
31.1201  1.62
31.1301  1.71
31.1401  1.79
31.1501  1.44
31.1601  1.82
31.1701  1.64
31.1801  1.78
31.1901  1.77
31.2001  1.66
31.2101  1.68
31.2201  1.57
31.2301  1.69
31.2401  1.71
31.2501  1.47
31.2601  1.55
31.2701  1.62
31.2801  1.67
31.2901  1.71
31.3001  1.78
31.3101  1.6
31.3201  1.58
31.3301  1.65
31.3401  1.75
31.3501  1.56
31.3601  1.63
31.3701  1.55
31.3801  1.67
31.3901  1.62
31.4001  1.61
31.4101  1.73
31.4201  1.69
31.4301  1.49
31.4401  1.32
31.4501  1.76
31.4601  1.53
31.4701  1.7
31.4801  1.52
31.4901  1.75
31.5001  1.79
31.5101  1.58
31.5201  1.46
31.5301  1.68
31.5401  1.61
31.5501  1.65
31.5601  1.7
31.5701  1.52
31.5801  1.63
31.5901  1.38
31.6001  1.54
31.6101  1.92
31.6201  1.73
31.6301  1.46
31.6401  1.77
31.6501  1.36
31.6601  1.41
31.6701  1.57
31.6801  1.63
31.6901  1.53
31.7001  1.65
31.7101  1.66
31.7201  1.75
31.7301  1.62
31.7401  1.38
31.7501  1.56
31.7601  1.83
31.7701  1.64
31.7801  1.65
31.7901  1.66
31.8001  1.65
31.8101  1.54
31.8201  1.64
31.8301  1.59
31.8401  1.68
31.8501  1.38
31.8601  1.5
31.8701  1.56
31.8801  1.61
31.8901  1.73
31.9001  1.84
31.9101  1.81
31.9201  1.62
31.9301  1.51
31.9401  1.39
31.9501  1.52
31.9601  1.66
31.9701  1.55
31.9801  1.53
31.9901  1.58
32.0001  1.64
32.0101  1.75
32.0201  1.59
32.0301  1.57
32.0401  1.62
32.0501  1.76
32.0601  1.62
32.0701  1.4
32.0801  1.7
32.0901  1.75
32.1001  1.63
32.1101  1.67
32.1201  1.74
32.1301  1.77
32.1401  1.72
32.1501  1.56
32.1601  1.35
32.1701  1.57
32.1801  1.64
32.1901  1.64
32.2001  1.75
32.2101  1.75
32.2201  1.74
32.2301  1.81
32.2401  1.59
32.2501  1.7
32.2601  1.39
32.2701  1.63
32.2801  1.57
32.2901  1.54
32.3001  1.61
32.3101  1.58
32.3201  1.71
32.3301  1.78
32.3401  1.55
32.3501  1.63
32.3601  1.31
32.3701  1.6
32.3801  1.77
32.3901  1.59
32.4001  1.62
32.4101  1.65
32.4201  1.63
32.4301  1.56
32.4401  1.64
32.4501  1.7
32.4601  1.58
32.4701  1.63
32.4801  1.69
32.4901  1.7
32.5001  1.67
32.5101  1.54
32.5201  1.7
32.5301  1.61
32.5401  1.52
32.5501  1.72
32.5601  1.76
32.5701  1.6
32.5801  1.67
32.5901  1.78
32.6001  1.51
32.6101  1.61
32.6201  1.55
32.6301  1.52
32.6401  1.46
32.6501  1.44
32.6601  1.49
32.6701  1.89
32.6801  1.63
32.6901  1.76
32.7001  1.79
32.7101  1.53
32.7201  1.43
32.7301  1.67
32.7401  1.36
32.7501  1.61
32.7601  1.74
32.7701  1.75
32.7801  1.45
32.7901  1.74
32.8001  1.58
32.8101  1.58
32.8201  1.71
32.8301  1.62
32.8401  1.69
32.8501  1.65
32.8601  1.53
32.8701  1.65
32.8801  1.57
32.8901  1.63
32.9001  1.59
32.9101  1.5
32.9201  1.63
32.9301  1.54
32.9401  1.45
32.9501  1.44
32.9601  1.77
32.9701  1.75
32.9801  1.65
32.9901  1.41
33.0001  1.85
33.0101  1.62
33.0201  1.69
33.0301  1.7
33.0401  1.57
33.0501  1.59
33.0601  1.54
33.0701  1.63
33.0801  1.5
33.0901  1.52
33.1001  1.54
33.1101  1.66
33.1201  1.71
33.1301  1.74
33.1401  1.59
33.1501  1.59
33.1601  1.72
33.1701  1.43
33.1801  1.47
33.1901  1.71
33.2001  1.79
33.2101  1.62
33.2201  1.76
33.2301  1.58
33.2401  1.6
33.2501  1.58
33.2601  1.66
33.2701  1.52
33.2801  1.7
33.2901  1.37
33.3001  1.65
33.3101  1.55
33.3201  1.86
33.3301  1.67
33.3401  1.83
33.3501  1.46
33.3601  1.69
33.3701  1.5
33.3801  1.62
33.3901  1.46
33.4001  1.59
33.4101  1.66
33.4201  1.57
33.4301  1.65
33.4401  1.47
33.4501  1.69
33.4601  1.72
33.4701  1.55
33.4801  1.72
33.4901  1.61
33.5001  1.56
33.5101  1.46
33.5201  1.72
33.5301  1.45
33.5401  1.63
33.5501  1.66
33.5601  1.57
33.5701  1.57
33.5801  1.35
33.5901  1.7
33.6001  1.55
33.6101  1.54
33.6201  1.94
33.6301  1.54
33.6401  1.59
33.6501  1.49
33.6601  1.7
33.6701  1.76
33.6801  1.38
33.6901  1.52
33.7001  1.75
33.7101  1.8
33.7201  1.22
33.7301  1.48
33.7401  1.59
33.7501  1.53
33.7601  1.6
33.7701  1.64
33.7801  1.57
33.7901  1.52
33.8001  1.77
33.8101  1.63
33.8201  1.35
33.8301  1.57
33.8401  1.88
33.8501  1.73
33.8601  1.63
33.8701  1.68
33.8801  1.42
33.8901  1.46
33.9001  1.69
33.9101  1.69
33.9201  1.8
33.9301  1.59
33.9401  1.62
33.9501  1.49
33.9601  1.78
33.9701  1.53
33.9801  1.34
33.9901  1.68
34.0001  1.63
34.0101  1.78
34.0201  1.9
34.0301  1.51
34.0401  1.75
34.0501  1.69
34.0601  1.73
34.0701  1.62
34.0801  1.52
34.0901  1.57
34.1001  1.49
34.1101  1.53
34.1201  1.74
34.1301  1.59
34.1401  1.47
34.1501  1.61
34.1601  1.72
34.1701  1.59
34.1801  1.66
34.1901  1.66
34.2001  1.84
34.2101  1.72
34.2201  1.51
34.2301  1.81
34.2401  1.52
34.2501  1.56
34.2601  1.84
34.2701  1.42
34.2801  1.88
34.2901  1.54
34.3001  1.5
34.3101  1.65
34.3201  1.88
34.3301  1.59
34.3401  1.7
34.3501  1.67
34.3601  1.5
34.3701  1.46
34.3801  1.54
34.3901  1.68
34.4001  1.76
34.4101  1.54
34.4201  1.78
34.4301  1.57
34.4401  1.66
34.4501  1.59
34.4601  1.59
34.4701  1.49
34.4801  1.54
34.4901  1.46
34.5  1.72
34.51  1.59
34.52  1.64
34.53  1.48
34.54  1.69
34.55  1.97
34.56  1.58
34.57  1.61
34.58  1.62
34.59  1.52
34.6  1.56
34.61  1.48
34.62  1.47
34.63  1.4
34.64  1.78
34.65  1.55
34.66  1.48
34.67  1.59
34.68  1.77
34.69  1.46
34.7  1.53
34.71  1.93
34.72  1.74
34.73  1.76
34.74  1.52
34.75  1.79
34.76  1.45
34.77  1.55
34.78  1.51
34.79  1.44
34.8  1.7
34.81  1.98
34.82  1.41
34.83  1.58
34.84  1.67
34.85  1.7
34.86  1.6
34.87  1.48
34.88  1.47
34.89  1.72
34.9  1.63
34.91  1.8
34.92  1.46
34.93  1.53
34.94  1.49
34.95  1.7
34.96  1.77
34.97  1.63
34.98  1.91
34.99  1.43
35  1.56
35.01  1.71
35.02  1.71
35.03  1.62
35.04  1.53
35.05  1.7
35.06  1.66
35.07  1.63
35.08  1.53
35.09  1.69
35.1  1.58
35.11  1.77
35.12  1.67
35.13  1.62
35.14  1.49
35.15  1.51
35.16  1.64
35.17  1.41
35.18  1.66
35.19  1.57
35.2  1.74
35.21  1.58
35.22  1.73
35.23  1.6
35.24  1.7
35.25  1.53
35.26  1.75
35.27  1.78
35.28  1.59
35.29  1.6
35.3  1.6
35.31  1.65
35.32  1.73
35.33  1.58
35.34  1.58
35.35  1.65
35.36  1.59
35.37  1.56
35.38  1.58
35.39  1.49
35.4  1.53
35.41  1.62
35.42  1.72
35.43  1.85
35.44  1.7
35.45  1.56
35.46  1.71
35.47  1.64
35.48  1.76
35.49  1.58
35.5  1.56
35.51  1.41
35.52  1.55
35.53  1.54
35.54  1.61
35.55  1.81
35.56  1.46
35.57  1.55
35.58  1.62
35.59  1.76
35.6  1.93
35.61  1.63
35.62  1.54
35.63  1.68
35.64  1.34
35.65  1.69
35.66  1.61
35.67  1.29
35.68  1.66
35.69  1.55
35.7  1.65
35.71  1.73
35.72  1.59
35.73  1.75
35.74  1.69
35.75  1.76
35.76  1.45
35.77  1.82
35.78  1.73
35.79  1.55
35.8  1.54
35.81  1.45
35.82  1.61
35.83  1.61
35.84  1.57
35.85  1.5
35.86  1.53
35.87  1.44
35.88  1.59
35.89  1.64
35.9  1.73
35.91  1.74
35.92  1.68
35.93  1.7
35.94  1.52
35.95  1.6
35.96  1.66
35.97  1.53
35.98  1.53
35.99  1.76
36  1.71
36.01  1.81
36.02  1.71
36.03  1.66
36.04  1.38
36.05  1.6
36.06  1.81
36.07  1.86
36.08  1.66
36.09  1.42
36.1  1.62
36.11  1.59
36.12  1.67
36.13  1.78
36.14  1.52
36.15  1.71
36.16  1.63
36.17  1.68
36.18  1.57
36.19  1.87
36.2  1.62
36.21  1.61
36.22  1.68
36.23  1.59
36.24  1.72
36.25  1.75
36.26  1.52
36.27  1.54
36.28  1.73
36.29  1.7
36.3  1.56
36.31  1.58
36.32  1.68
36.33  1.81
36.34  1.78
36.35  1.78
36.36  1.78
36.37  1.44
36.38  1.47
36.39  1.72
36.4  1.54
36.41  1.59
36.42  1.66
36.43  1.68
36.44  1.66
36.45  1.63
36.46  1.51
36.47  1.41
36.48  1.59
36.49  1.54
36.5  1.38
36.51  1.54
36.52  1.63
36.53  1.52
36.54  1.6
36.55  1.58
36.56  1.76
36.57  1.67
36.58  1.63
36.59  1.36
36.6  1.77
36.61  1.59
36.62  1.68
36.63  1.58
36.64  1.56
36.65  1.49
36.66  1.54
36.67  1.62
36.68  1.72
36.69  1.64
36.7  1.7
36.71  1.72
36.72  1.56
36.73  1.48
36.74  1.81
36.75  1.76
36.76  1.53
36.77  1.68
36.78  1.65
36.79  1.75
36.8  1.73
36.81  1.65
36.82  1.6
36.83  1.7
36.84  1.74
36.85  1.43
36.86  1.67
36.87  1.53
36.88  1.75
36.89  1.59
36.9  1.59
36.91  1.47
36.92  1.43
36.93  1.57
36.94  1.78
36.95  1.5
36.96  1.67
36.97  1.72
36.98  1.64
36.99  1.81
37  1.69
37.01  1.45
37.02  1.52
37.03  1.67
37.04  1.87
37.05  1.72
37.06  1.66
37.07  1.57
37.08  1.68
37.09  1.89
37.1  1.65
37.11  1.55
37.12  1.61
37.13  1.56
37.14  1.65
37.15  1.35
37.16  1.68
37.17  1.77
37.18  1.62
37.19  1.83
37.2  1.52
37.21  1.52
37.22  1.57
37.23  1.88
37.24  1.55
37.25  1.66
37.26  1.75
37.27  1.74
37.28  1.71
37.29  1.73
37.3  1.71
37.31  1.67
37.32  1.53
37.33  1.48
37.34  1.71
37.35  1.57
37.36  1.54
37.37  1.48
37.38  1.8
37.39  1.47
37.4  1.55
37.41  1.67
37.42  1.87
37.43  1.74
37.44  1.8
37.45  1.34
37.46  1.55
37.47  1.6
37.48  1.76
37.49  1.59
37.5  1.68
37.51  1.63
37.52  1.77
37.53  1.77
37.54  1.52
37.55  1.72
37.56  1.66
37.57  1.53
37.58  1.45
37.59  1.83
37.6  1.47
37.61  1.5
37.62  1.59
37.63  1.69
37.64  1.66
37.65  1.44
37.66  1.78
37.67  2.01
37.68  1.53
37.69  1.66
37.7  1.9
37.71  1.31
37.72  1.7
37.73  1.59
37.74  1.57
37.75  1.57
37.76  1.58
37.77  1.49
37.78  1.76
37.79  1.88
37.8  1.62
37.81  1.38
37.82  1.58
37.83  1.68
37.84  1.63
37.85  1.54
37.86  1.58
37.87  1.63
37.88  1.83
37.89  1.62
37.9  1.54
37.91  1.78
37.92  1.5
37.93  1.49
37.94  1.51
37.95  1.4
37.96  1.57
37.97  1.44
37.98  1.64
37.99  1.92
38  1.68
38.01  1.44
38.02  1.61
38.03  1.68
38.04  1.52
38.05  1.73
38.06  1.62
38.07  1.68
38.08  1.64
38.09  1.32
38.1  1.65
38.11  1.51
38.12  1.69
38.13  1.75
38.14  1.6
38.15  1.61
38.16  1.67
38.17  1.62
38.18  1.35
38.19  1.51
38.2  1.47
38.21  1.71
38.22  1.57
38.23  1.73
38.24  1.67
38.25  1.65
38.26  1.77
38.27  1.42
38.28  1.71
38.29  1.81
38.3  1.68
38.31  1.65
38.32  1.43
38.33  1.36
38.34  1.81
38.35  1.76
38.36  1.48
38.37  1.77
38.38  1.69
38.39  1.8
38.4  1.72
38.41  1.41
38.42  1.69
38.43  1.42
38.44  1.96
38.45  1.53
38.46  1.33
38.47  1.5
38.48  1.7
38.49  1.8
38.5  1.69
38.51  1.77
38.52  1.72
38.53  1.76
38.54  1.7
38.55  1.5
38.56  1.43
38.57  1.77
38.58  1.7
38.59  1.77
38.6  1.73
38.61  1.97
38.62  1.69
38.63  1.43
38.64  1.9
38.65  1.52
38.66  1.57
38.67  1.38
38.68  1.83
38.69  1.6
38.7  1.56
38.71  1.64
38.72  1.51
38.73  1.63
38.74  1.68
38.75  1.59
38.76  1.59
38.77  1.85
38.78  1.65
38.79  1.63
38.8  1.94
38.81  1.5
38.82  1.72
38.83  1.64
38.84  1.39
38.85  1.75
38.86  1.58
38.87  1.73
38.88  1.46
38.89  1.56
38.9  1.49
38.91  1.86
38.92  1.51
38.93  1.77
38.94  1.55
38.95  1.38
38.96  1.59
38.97  1.61
38.98  1.65
38.99  1.44
39  1.78
39.01  1.86
39.02  1.5
39.03  1.77
39.04  1.78
39.05  1.55
39.06  1.55
39.07  1.42
39.08  1.49
39.09  1.45
39.1  1.53
39.11  1.64
39.12  1.68
39.13  1.75
39.14  1.63
39.15  1.62
39.16  1.36
39.17  1.51
39.18  1.69
39.19  1.51
39.2  1.65
39.21  1.54
39.22  1.68
39.23  1.76
39.24  1.73
39.25  1.49
39.26  1.59
39.27  1.75
39.28  1.68
39.29  1.75
39.3  1.64
39.31  1.63
39.32  1.56
39.33  1.52
39.34  1.63
39.35  1.44
39.36  1.71
39.37  1.63
39.38  1.79
39.39  1.6
39.4  1.52
39.41  1.6
39.42  1.64
39.43  1.63
39.44  1.65
39.45  1.78
39.46  1.58
39.47  1.57
39.48  1.49
39.49  1.58
39.5  1.54
39.51  1.63
39.52  1.57
39.53  1.55
39.54  1.94
39.55  1.69
39.56  1.69
39.57  1.38
39.58  1.62
39.59  1.77
39.6  1.71
39.61  1.83
39.62  1.57
39.63  1.6
39.64  1.8
39.65  1.53
39.66  1.52
39.67  1.51
39.68  1.66
39.69  1.61
39.7  1.49
39.71  1.48
39.72  1.69
39.73  1.58
39.74  1.76
39.75  1.69
39.76  1.5
39.77  1.81
39.78  1.7
39.79  1.69
39.8  1.61
39.81  1.56
39.82  1.58
39.83  1.57
39.84  1.55
39.85  1.68
39.86  1.62
39.87  1.45
39.88  1.75
39.89  1.53
39.9  1.97
39.91  1.66
39.92  1.81
39.93  1.61
39.94  1.61
39.95  1.67
39.96  1.44
39.97  1.71
39.98  1.69
39.99  1.43
