-15  0
-14.99  0
-14.98  0
-14.97  0
-14.96  0
-14.95  0.04
-14.94  0
-14.93  0.04
-14.92  0
-14.91  0.04
-14.9  0.04
-14.89  0
-14.88  0.04
-14.87  0.04
-14.86  0.08
-14.85  0.04
-14.84  0.08
-14.83  0.08
-14.82  0.04
-14.81  0.08
-14.8  0.08
-14.79  0.08
-14.78  0.12
-14.77  0.12
-14.76  0.12
-14.75  0.16
-14.74  0.12
-14.73  0.2
-14.72  0.24
-14.71  0.2
-14.7  0.24
-14.69  0.24
-14.68  0.32
-14.67  0.36
-14.66  0.4
-14.65  0.48
-14.64  0.6
-14.63  0.68
-14.62  0.92
-14.61  1.08
-14.6  1.36
-14.59  1.8
-14.58  2.6
-14.57  3.68
-14.56  5.72
-14.55  9
-14.54  13.16
-14.53  14.48
-14.52  11.04
-14.51  7.16
-14.5  4.52
-14.49  3.08
-14.48  2.12
-14.47  1.6
-14.46  1.28
-14.45  0.96
-14.44  0.76
-14.43  0.64
-14.42  0.56
-14.41  0.44
-14.4  0.44
-14.39  0.4
-14.38  0.28
-14.37  0.28
-14.36  0.28
-14.35  0.24
-14.34  0.24
-14.33  0.2
-14.32  0.2
-14.31  0.16
-14.3  0.24
-14.29  0.12
-14.28  0.16
-14.27  0.16
-14.26  0.16
-14.25  0.16
-14.24  0.16
-14.23  0.12
-14.22  0.12
-14.21  0.12
-14.2  0.08
-14.19  0.16
-14.18  0.12
-14.17  0.12
-14.16  0.16
-14.15  0.16
-14.14  0.16
-14.13  0.08
-14.12  0.12
-14.11  0.16
-14.1  0.12
-14.09  0.16
-14.08  0.12
-14.07  0.12
-14.06  0.16
-14.05  0.12
-14.04  0.16
-14.03  0.12
-14.02  0.24
-14.01  0.12
-14  0.16
-13.99  0.2
-13.98  0.12
-13.97  0.24
-13.96  0.2
-13.95  0.24
-13.94  0.2
-13.93  0.16
-13.92  0.28
-13.91  0.2
-13.9  0.28
-13.89  0.24
-13.88  0.28
-13.87  0.24
-13.86  0.36
-13.85  0.28
-13.84  0.44
-13.83  0.4
-13.82  0.4
-13.81  0.4
-13.8  0.52
-13.79  0.52
-13.78  0.56
-13.77  0.56
-13.76  0.64
-13.75  0.76
-13.74  0.84
-13.73  0.88
-13.72  1
-13.71  1.16
-13.7  1.28
-13.69  1.44
-13.68  1.76
-13.67  1.96
-13.66  2.24
-13.65  2.64
-13.64  3.08
-13.63  3.56
-13.62  4.08
-13.61  4.44
-13.6  4.88
-13.59  5.08
-13.58  4.92
-13.57  4.64
-13.56  4.24
-13.55  3.72
-13.54  3.2
-13.53  2.84
-13.52  2.4
-13.51  2.08
-13.5  1.76
-13.49  1.6
-13.48  1.32
-13.47  1.16
-13.46  1.2
-13.45  0.92
-13.44  0.84
-13.43  0.8
-13.42  0.72
-13.41  0.6
-13.4  0.76
-13.39  0.56
-13.38  0.56
-13.37  0.48
-13.36  0.48
-13.35  0.4
-13.34  0.44
-13.33  0.36
-13.32  0.36
-13.31  0.32
-13.3  0.4
-13.29  0.32
-13.28  0.44
-13.27  0.28
-13.26  0.28
-13.25  0.28
-13.24  0.32
-13.23  0.28
-13.22  0.28
-13.21  0.32
-13.2  0.28
-13.19  0.32
-13.18  0.28
-13.17  0.32
-13.16  0.28
-13.15  0.28
-13.14  0.24
-13.13  0.28
-13.12  0.24
-13.11  0.36
-13.1  0.28
-13.09  0.28
-13.08  0.24
-13.07  0.24
-13.06  0.48
-13.05  0.28
-13.04  0.36
-13.03  0.32
-13.02  0.36
-13.01  0.32
-13  0.36
-12.99  0.32
-12.98  0.4
-12.97  0.4
-12.96  0.48
-12.95  0.48
-12.94  0.44
-12.93  0.4
-12.92  0.48
-12.91  0.56
-12.9  0.6
-12.89  0.56
-12.88  0.64
-12.87  0.64
-12.86  0.68
-12.85  0.76
-12.84  0.84
-12.83  0.88
-12.82  0.84
-12.81  0.92
-12.8  1.04
-12.79  1.16
-12.78  1.32
-12.77  1.32
-12.76  1.48
-12.75  1.64
-12.74  1.72
-12.73  2
-12.72  2.12
-12.71  2.2
-12.7  2.48
-12.69  2.56
-12.68  2.84
-12.67  2.92
-12.66  2.96
-12.65  3.08
-12.64  3.12
-12.63  3.04
-12.62  2.96
-12.61  2.84
-12.6  2.6
-12.59  2.6
-12.58  2.24
-12.57  2.24
-12.56  1.88
-12.55  1.84
-12.54  1.56
-12.53  1.64
-12.52  1.36
-12.51  1.32
-12.5  1.24
-12.49  1.08
-12.48  1.04
-12.47  0.92
-12.46  0.92
-12.45  0.92
-12.44  0.84
-12.43  0.64
-12.42  0.76
-12.41  0.6
-12.4  0.72
-12.39  0.56
-12.38  0.6
-12.37  0.52
-12.36  0.52
-12.35  0.56
-12.34  0.44
-12.33  0.6
-12.32  0.52
-12.31  0.44
-12.3  0.4
-12.29  0.44
-12.28  0.52
-12.27  0.36
-12.26  0.48
-12.25  0.52
-12.24  0.36
-12.23  0.44
-12.22  0.4
-12.21  0.36
-12.2  0.48
-12.19  0.36
-12.18  0.4
-12.17  0.48
-12.16  0.4
-12.15  0.4
-12.14  0.48
-12.13  0.44
-12.12  0.44
-12.11  0.4
-12.1  0.4
-12.09  0.44
-12.08  0.52
-12.07  0.56
-12.06  0.52
-12.05  0.52
-12.04  0.48
-12.03  0.56
-12.02  0.48
-12.01  0.6
-12  0.6
-11.99  0.68
-11.98  0.64
-11.97  0.76
-11.96  0.6
-11.95  0.8
-11.94  0.72
-11.93  0.76
-11.92  0.8
-11.91  0.84
-11.9  0.96
-11.89  0.96
-11.88  1.04
-11.87  1.16
-11.86  1.12
-11.85  1.24
-11.84  1.32
-11.83  1.32
-11.82  1.52
-11.81  1.52
-11.8  1.64
-11.79  1.64
-11.78  1.8
-11.77  1.88
-11.76  2
-11.75  2.16
-11.74  2.12
-11.73  2.24
-11.72  2.24
-11.71  2.24
-11.7  2.36
-11.69  2.24
-11.68  2.24
-11.67  2.28
-11.66  2.12
-11.65  2.04
-11.64  2
-11.63  1.96
-11.62  1.84
-11.61  1.72
-11.6  1.68
-11.59  1.48
-11.58  1.48
-11.57  1.4
-11.56  1.4
-11.55  1.2
-11.54  1.12
-11.53  1.16
-11.52  1.04
-11.51  1.16
-11.5  0.92
-11.49  1
-11.48  0.8
-11.47  0.88
-11.46  0.84
-11.45  0.76
-11.44  0.68
-11.43  0.72
-11.42  0.68
-11.41  0.64
-11.4  0.76
-11.39  0.64
-11.38  0.68
-11.37  0.52
-11.36  0.64
-11.35  0.6
-11.34  0.52
-11.33  0.56
-11.32  0.6
-11.31  0.48
-11.3  0.6
-11.29  0.52
-11.28  0.48
-11.27  0.68
-11.26  0.48
-11.25  0.6
-11.24  0.52
-11.23  0.52
-11.22  0.52
-11.21  0.56
-11.2  0.52
-11.19  0.64
-11.18  0.56
-11.17  0.6
-11.16  0.52
-11.15  0.52
-11.14  0.56
-11.13  0.6
-11.12  0.64
-11.11  0.6
-11.1  0.56
-11.09  0.64
-11.08  0.72
-11.07  0.72
-11.06  0.68
-11.05  0.8
-11.04  0.72
-11.03  0.76
-11.02  0.8
-11.01  0.76
-11  0.88
-10.99  0.92
-10.98  0.92
-10.97  0.92
-10.96  0.92
-10.95  1.08
-10.94  1.12
-10.93  1.12
-10.92  1.16
-10.91  1.24
-10.9  1.36
-10.89  1.2
-10.88  1.48
-10.87  1.44
-10.86  1.48
-10.85  1.44
-10.84  1.64
-10.83  1.6
-10.82  1.72
-10.81  1.68
-10.8  1.72
-10.79  1.8
-10.78  1.88
-10.77  1.92
-10.76  1.76
-10.75  2
-10.74  1.8
-10.73  1.96
-10.72  1.76
-10.71  1.68
-10.7  1.84
-10.69  1.68
-10.68  1.64
-10.67  1.64
-10.66  1.56
-10.65  1.44
-10.64  1.6
-10.63  1.24
-10.62  1.4
-10.61  1.24
-10.6  1.2
-10.59  1.2
-10.58  1.08
-10.57  1.24
-10.56  1.08
-10.55  1.12
-10.54  0.96
-10.53  0.96
-10.52  0.84
-10.51  0.92
-10.5  0.88
-10.49  0.84
-10.48  0.84
-10.47  0.76
-10.46  0.76
-10.45  0.72
-10.44  0.84
-10.43  0.64
-10.42  0.76
-10.41  0.72
-10.4  0.64
-10.39  0.64
-10.38  0.76
-10.37  0.72
-10.36  0.72
-10.35  0.6
-10.34  0.64
-10.33  0.64
-10.32  0.6
-10.31  0.72
-10.3  0.56
-10.29  0.68
-10.28  0.64
-10.27  0.56
-10.26  0.68
-10.25  0.6
-10.24  0.72
-10.23  0.6
-10.22  0.72
-10.21  0.52
-10.2  0.76
-10.19  0.72
-10.18  0.76
-10.17  0.68
-10.16  0.76
-10.15  0.64
-10.14  0.8
-10.13  0.72
-10.12  0.88
-10.11  0.84
-10.1  0.84
-10.09  0.72
-10.08  0.96
-10.07  0.88
-10.06  0.92
-10.05  0.88
-10.04  1
-10.03  0.96
-10.02  1.16
-10.01  0.92
-10  1.08
-9.99  1.08
-9.98  1.12
-9.97  1.24
-9.96  1.2
-9.95  1.32
-9.94  1.24
-9.93  1.28
-9.92  1.48
-9.91  1.36
-9.9  1.4
-9.89  1.56
-9.88  1.44
-9.87  1.52
-9.86  1.56
-9.85  1.52
-9.84  1.64
-9.83  1.6
-9.82  1.68
-9.81  1.68
-9.8  1.64
-9.79  1.52
-9.78  1.6
-9.77  1.6
-9.76  1.48
-9.75  1.52
-9.74  1.56
-9.73  1.4
-9.72  1.44
-9.71  1.44
-9.7  1.4
-9.69  1.36
-9.68  1.28
-9.67  1.28
-9.66  1.24
-9.65  1.12
-9.64  1.2
-9.63  1.2
-9.62  1.16
-9.61  1.08
-9.6  0.92
-9.59  1.12
-9.58  1
-9.57  0.92
-9.56  1
-9.55  0.92
-9.54  0.84
-9.53  0.84
-9.52  0.8
-9.51  0.96
-9.5  0.84
-9.49  0.8
-9.48  0.88
-9.47  0.84
-9.46  0.8
-9.45  0.72
-9.44  0.76
-9.43  0.8
-9.42  0.76
-9.41  0.6
-9.4  0.84
-9.39  0.76
-9.38  0.64
-9.37  0.76
-9.36  0.72
-9.35  0.68
-9.34  0.68
-9.33  0.84
-9.32  0.8
-9.31  0.68
-9.3  0.68
-9.29  0.84
-9.28  0.76
-9.27  0.68
-9.26  0.84
-9.25  0.72
-9.24  0.8
-9.23  0.72
-9.22  0.84
-9.21  0.76
-9.2  0.76
-9.19  0.76
-9.18  0.96
-9.17  1
-9.16  0.84
-9.15  0.88
-9.14  0.76
-9.13  0.92
-9.12  1.04
-9.11  0.96
-9.1  1.04
-9.09  1.04
-9.08  0.96
-9.07  1.04
-9.06  1.08
-9.05  1.12
-9.04  1.2
-9.03  1.08
-9.02  1.2
-9.01  1.24
-9  1.16
-8.99  1.24
-8.98  1.28
-8.97  1.28
-8.96  1.32
-8.95  1.4
-8.94  1.32
-8.93  1.4
-8.92  1.44
-8.91  1.44
-8.9  1.4
-8.89  1.44
-8.88  1.48
-8.87  1.4
-8.86  1.6
-8.85  1.32
-8.84  1.52
-8.83  1.48
-8.82  1.44
-8.81  1.4
-8.8  1.28
-8.79  1.32
-8.78  1.36
-8.77  1.24
-8.76  1.36
-8.75  1.32
-8.74  1.24
-8.73  1.36
-8.72  1.16
-8.71  1.28
-8.7  1.08
-8.69  1.16
-8.68  1.12
-8.67  1.2
-8.66  1
-8.65  1.08
-8.64  1.04
-8.63  0.88
-8.62  1.08
-8.61  1.08
-8.6  0.96
-8.59  0.88
-8.58  1
-8.57  0.92
-8.56  0.92
-8.55  0.88
-8.54  0.88
-8.53  0.8
-8.52  0.92
-8.51  0.8
-8.5  0.84
-8.49  0.76
-8.48  0.8
-8.47  0.92
-8.46  0.76
-8.45  0.8
-8.44  0.8
-8.43  0.76
-8.42  0.76
-8.41  0.72
-8.4  0.88
-8.39  0.92
-8.38  0.8
-8.37  0.8
-8.36  0.76
-8.35  0.8
-8.34  0.84
-8.33  0.76
-8.32  0.88
-8.31  0.8
-8.3  0.84
-8.29  0.84
-8.28  0.92
-8.27  0.8
-8.26  0.88
-8.25  0.88
-8.24  0.88
-8.23  0.96
-8.22  0.84
-8.21  0.92
-8.2  0.88
-8.19  0.96
-8.18  1
-8.17  1.12
-8.16  1
-8.15  0.96
-8.14  1.12
-8.13  1.04
-8.12  1.04
-8.11  1.08
-8.1  1.08
-8.09  1.12
-8.08  1.16
-8.07  1.08
-8.06  1.24
-8.05  1.2
-8.04  1.28
-8.03  1.24
-8.02  1.24
-8.01  1.12
-8  1.4
-7.99  1.28
-7.98  1.2
-7.97  1.32
-7.96  1.28
-7.95  1.44
-7.94  1.36
-7.93  1.32
-7.92  1.44
-7.91  1.36
-7.9  1.24
-7.89  1.28
-7.88  1.48
-7.87  1.24
-7.86  1.2
-7.85  1.36
-7.84  1.28
-7.83  1.24
-7.82  1.24
-7.81  1.24
-7.8  1.24
-7.79  1.16
-7.78  1.2
-7.77  1.24
-7.76  1.16
-7.75  1.08
-7.74  1.16
-7.73  1.16
-7.72  1.12
-7.71  1.04
-7.7  1.12
-7.69  1
-7.68  1.04
-7.67  1.04
-7.66  1
-7.65  0.88
-7.64  0.88
-7.63  1
-7.62  1
-7.61  1
-7.6  0.92
-7.59  0.84
-7.58  0.96
-7.57  1
-7.56  0.88
-7.55  0.92
-7.54  0.92
-7.53  0.84
-7.52  0.92
-7.51  0.8
-7.5  0.8
-7.49  0.84
-7.48  0.88
-7.47  0.76
-7.46  1
-7.45  0.84
-7.44  0.84
-7.43  0.88
-7.42  0.84
-7.41  0.8
-7.4  0.92
-7.39  0.88
-7.38  0.76
-7.37  0.88
-7.36  0.92
-7.35  0.84
-7.34  0.88
-7.33  1
-7.32  0.84
-7.31  1
-7.3  0.96
-7.29  0.96
-7.28  0.84
-7.27  1
-7.26  0.96
-7.25  1.04
-7.24  1
-7.23  1
-7.22  0.92
-7.21  0.96
-7.2  1.08
-7.19  1.08
-7.18  1.12
-7.17  1
-7.16  1.08
-7.15  1.32
-7.14  1.08
-7.13  1.12
-7.12  1.04
-7.11  1.12
-7.1  1.16
-7.09  1.2
-7.08  1.2
-7.07  1.16
-7.06  1.28
-7.05  1.16
-7.04  1.24
-7.03  1.2
-7.02  1.12
-7.01  1.36
-7  1.24
-6.99  1.28
-6.98  1.28
-6.97  1.44
-6.96  1.28
-6.95  1.32
-6.94  1.2
-6.93  1.28
-6.92  1.28
-6.91  1.2
-6.9  1.08
-6.89  1.2
-6.88  1.2
-6.87  1.28
-6.86  1.16
-6.85  1.16
-6.84  1.16
-6.83  1.24
-6.82  1
-6.81  1.16
-6.8  1.04
-6.79  1.2
-6.78  1.12
-6.77  1.04
-6.76  1
-6.75  1.12
-6.74  1
-6.73  1.2
-6.72  0.96
-6.71  0.96
-6.7  1.04
-6.69  1.04
-6.68  1
-6.67  0.88
-6.66  1
-6.65  0.88
-6.64  0.96
-6.63  0.92
-6.62  0.96
-6.61  1
-6.6  0.92
-6.59  0.92
-6.58  0.92
-6.57  0.92
-6.56  0.88
-6.55  0.88
-6.54  1
-6.53  0.88
-6.52  0.84
-6.51  0.84
-6.5  1
-6.49  0.88
-6.48  0.88
-6.47  0.92
-6.46  0.88
-6.45  0.88
-6.44  0.96
-6.43  0.84
-6.42  0.96
-6.41  0.96
-6.4  0.96
-6.39  0.96
-6.38  0.92
-6.37  0.92
-6.36  0.96
-6.35  0.92
-6.34  1.16
-6.33  0.84
-6.32  1.04
-6.31  0.92
-6.3  1
-6.29  0.96
-6.28  0.96
-6.27  1
-6.26  1.08
-6.25  1.12
-6.24  1.04
-6.23  1.12
-6.22  1.08
-6.21  1.08
-6.2  1.12
-6.19  1.16
-6.18  1.12
-6.17  1.16
-6.16  1.16
-6.15  1.16
-6.14  1.12
-6.13  1.16
-6.12  1.16
-6.11  1.12
-6.1  1.16
-6.09  1.16
-6.08  1.12
-6.07  1.32
-6.06  1.2
-6.05  1.08
-6.04  1.2
-6.03  1.28
-6.02  1.24
-6.01  1.08
-6  1.2
-5.99  1.24
-5.98  1.2
-5.97  1.32
-5.96  1.12
-5.95  1.2
-5.94  1.24
-5.93  1.12
-5.92  1.16
-5.91  1.16
-5.9  1.16
-5.89  1.16
-5.88  1.12
-5.87  1.12
-5.86  1
-5.85  1.28
-5.84  1.04
-5.83  1.08
-5.82  1.04
-5.81  1.08
-5.8  1.04
-5.79  1.04
-5.78  1.04
-5.77  0.92
-5.76  1
-5.75  1.16
-5.74  0.84
-5.73  1.12
-5.72  1.04
-5.71  0.96
-5.7  1.04
-5.69  0.84
-5.68  0.96
-5.67  0.96
-5.66  0.96
-5.65  0.88
-5.64  0.96
-5.63  1.04
-5.62  1
-5.61  0.88
-5.6  0.96
-5.59  0.96
-5.58  0.96
-5.57  0.96
-5.56  0.88
-5.55  0.92
-5.54  0.96
-5.53  0.96
-5.52  0.96
-5.51  1.04
-5.5  0.84
-5.49  0.92
-5.48  0.96
-5.47  0.92
-5.46  1.08
-5.45  0.96
-5.44  0.96
-5.43  0.96
-5.42  0.84
-5.41  1.04
-5.4  1.04
-5.39  1
-5.38  0.96
-5.37  0.92
-5.36  1
-5.35  1.08
-5.34  0.96
-5.33  1
-5.32  1.04
-5.31  0.96
-5.3  1.16
-5.29  1.16
-5.28  1.12
-5.27  1.08
-5.26  1.08
-5.25  1.12
-5.24  1.04
-5.23  1.16
-5.22  0.96
-5.21  1.16
-5.2  1.16
-5.19  1.12
-5.18  1.16
-5.17  1.2
-5.16  1.2
-5.15  1.04
-5.14  1.12
-5.13  1.16
-5.12  1.24
-5.11  1.12
-5.1  1.08
-5.09  1.2
-5.08  1.2
-5.07  1.24
-5.06  1.08
-5.05  1.08
-5.04  1.08
-5.03  1.2
-5.02  1.24
-5.01  1.16
-5  1.2
-4.99  1.2
-4.98  1.04
-4.97  1.12
-4.96  1.16
-4.95  1.12
-4.94  1.08
-4.93  1.04
-4.92  1.12
-4.91  1
-4.9  1.24
-4.89  1.08
-4.88  1.24
-4.87  0.96
-4.86  1
-4.85  1.04
-4.84  1.16
-4.83  0.92
-4.82  1.12
-4.81  1.04
-4.8  1.08
-4.79  0.84
-4.78  1.04
-4.77  1
-4.76  0.92
-4.75  1
-4.74  1.04
-4.73  1.04
-4.72  1
-4.71  1
-4.7  1
-4.69  0.88
-4.68  0.96
-4.67  1.08
-4.66  0.92
-4.65  0.92
-4.64  0.92
-4.63  1.08
-4.62  1
-4.61  0.88
-4.6  0.96
-4.59  0.96
-4.58  0.96
-4.57  0.88
-4.56  0.88
-4.55  1
-4.54  0.96
-4.53  1.12
-4.52  0.96
-4.51  1.08
-4.5  0.8
-4.49  1.08
-4.48  0.96
-4.47  1.08
-4.46  1.04
-4.45  1.04
-4.44  1.08
-4.43  0.92
-4.42  1
-4.41  1.04
-4.4  1
-4.39  1.12
-4.38  1
-4.37  1.04
-4.36  1.08
-4.35  1
-4.34  1.16
-4.33  0.96
-4.32  1.08
-4.31  1.04
-4.3  1.04
-4.29  1.2
-4.28  1.04
-4.27  1.08
-4.26  1.08
-4.25  1.2
-4.24  1.04
-4.23  1.16
-4.22  1.04
-4.21  1.2
-4.2  1.08
-4.19  1.08
-4.18  1.2
-4.17  1.08
-4.16  1.2
-4.15  1.08
-4.14  1.2
-4.13  1.08
-4.12  1.2
-4.11  1.16
-4.1  1.12
-4.09  1.08
-4.08  1.12
-4.07  1.12
-4.06  1.2
-4.05  1.2
-4.04  1.16
-4.03  1.04
-4.02  1.04
-4.01  1.12
-4  1.12
-3.99  1.08
-3.98  1.12
-3.97  1
-3.96  1.12
-3.95  1
-3.94  1.08
-3.93  1.04
-3.92  1.08
-3.91  1.04
-3.9  1
-3.89  1.08
-3.88  1.12
-3.87  0.92
-3.86  1.04
-3.85  1.08
-3.84  0.92
-3.83  1.04
-3.82  1.08
-3.81  1.08
-3.8  1.08
-3.79  1.12
-3.78  0.88
-3.77  0.96
-3.76  1
-3.75  1.04
-3.74  0.96
-3.73  1.16
-3.72  1.08
-3.71  0.84
-3.7  0.92
-3.69  1
-3.68  0.88
-3.67  1.04
-3.66  0.84
-3.65  1.04
-3.64  1
-3.63  0.92
-3.62  1.08
-3.61  1.08
-3.6  1
-3.59  0.92
-3.58  0.88
-3.57  1.12
-3.56  1.08
-3.55  1.04
-3.54  0.96
-3.53  0.92
-3.52  1
-3.51  1.12
-3.5  0.96
-3.49  1.08
-3.48  1.04
-3.47  1
-3.46  0.96
-3.45  1
-3.44  0.92
-3.43  1.08
-3.42  1.12
-3.41  1
-3.4  1.12
-3.39  1.08
-3.38  1.04
-3.37  1.2
-3.36  1
-3.35  0.96
-3.34  1.2
-3.33  1.08
-3.32  1.16
-3.31  1.04
-3.3  1.16
-3.29  1.08
-3.28  1.04
-3.27  1.04
-3.26  1.12
-3.25  1.16
-3.24  1.12
-3.23  1.12
-3.22  1.12
-3.21  0.96
-3.2  1.24
-3.19  1.2
-3.18  1.04
-3.17  1.12
-3.16  1.04
-3.15  1.08
-3.14  1.16
-3.13  1.16
-3.12  1
-3.11  1.12
-3.1  1.16
-3.09  1.04
-3.08  1.12
-3.07  1.08
-3.06  1.2
-3.05  1.08
-3.04  1.08
-3.03  1.16
-3.02  0.96
-3.01  1.04
-3  0.96
-2.99  1.2
-2.98  1.04
-2.97  1.04
-2.96  1.04
-2.95  1.16
-2.94  1.12
-2.93  0.96
-2.92  0.96
-2.91  1.16
-2.9  1.04
-2.89  0.92
-2.88  1.08
-2.87  0.96
-2.86  1
-2.85  1.16
-2.84  0.92
-2.83  0.96
-2.82  1.08
-2.81  1.08
-2.8  1
-2.79  1.04
-2.78  0.96
-2.77  0.92
-2.76  1
-2.75  1.08
-2.74  1.08
-2.73  0.96
-2.72  0.84
-2.71  1.12
-2.7  0.92
-2.69  0.96
-2.68  1.2
-2.67  0.92
-2.66  1
-2.65  1.04
-2.64  0.96
-2.63  0.96
-2.62  1.16
-2.61  1
-2.6  1.04
-2.59  1.12
-2.58  0.92
-2.57  1.04
-2.56  1.04
-2.55  0.96
-2.54  1
-2.53  1.12
-2.52  0.96
-2.51  1.04
-2.5  0.96
-2.49  1.04
-2.48  1.2
-2.47  0.92
-2.46  1
-2.45  1.16
-2.44  1.08
-2.43  1
-2.42  1.12
-2.41  1.12
-2.4  1.08
-2.39  1.04
-2.38  1
-2.37  1.08
-2.36  1.08
-2.35  1
-2.34  1.12
-2.33  1.04
-2.32  1.04
-2.31  1.2
-2.3  1.16
-2.29  1.28
-2.28  0.92
-2.27  1.08
-2.26  1.16
-2.25  1.12
-2.24  1.2
-2.23  0.96
-2.22  1.16
-2.21  1.12
-2.2  1
-2.19  1.28
-2.18  0.96
-2.17  1.08
-2.16  1.08
-2.15  0.96
-2.14  1.2
-2.13  1.04
-2.12  1.08
-2.11  1.04
-2.1  1.08
-2.09  1.08
-2.08  1.08
-2.07  1
-2.06  1.16
-2.05  1.12
-2.04  1
-2.03  1.08
-2.02  1.08
-2.01  0.96
-2  1.12
-1.99  1.04
-1.98  1.12
-1.97  1.08
-1.96  0.96
-1.95  1.04
-1.94  1
-1.93  1.04
-1.92  1.04
-1.91  1.12
-1.9  1
-1.89  0.96
-1.88  1
-1.87  1.08
-1.86  1.08
-1.85  1.04
-1.84  0.96
-1.83  1
-1.82  1.04
-1.81  1
-1.8  1
-1.79  0.96
-1.78  0.96
-1.77  1
-1.76  1.08
-1.75  1.16
-1.74  1
-1.73  1
-1.72  0.96
-1.71  1
-1.7  1.04
-1.69  1.04
-1.68  0.96
-1.67  0.96
-1.66  1.04
-1.65  0.92
-1.64  1.2
-1.63  1.12
-1.62  1.04
-1.61  1.08
-1.6  0.96
-1.59  0.96
-1.58  1.04
-1.57  1.04
-1.56  1.04
-1.55  1.04
-1.54  0.96
-1.53  1.12
-1.52  0.96
-1.51  1.2
-1.5  1.12
-1.49  1
-1.48  1.12
-1.47  1.04
-1.46  1.04
-1.45  1.04
-1.44  1
-1.43  1.2
-1.42  0.96
-1.41  1.2
-1.4  1.24
-1.39  1
-1.38  1.08
-1.37  1
-1.36  1.04
-1.35  1.12
-1.34  1
-1.33  1.08
-1.32  1.04
-1.31  1.16
-1.3  1.08
-1.29  1.12
-1.28  1.08
-1.27  1.04
-1.26  1.16
-1.25  1
-1.24  1.16
-1.23  1.04
-1.22  1.12
-1.21  1.2
-1.2  1
-1.19  0.96
-1.18  1.04
-1.17  1.2
-1.16  0.96
-1.15  1.08
-1.14  1.12
-1.13  0.96
-1.12  1.2
-1.11  1
-1.1  1.16
-1.09  0.92
-1.08  1.12
-1.07  1.24
-1.06  1.08
-1.05  1.08
-1.04  1.04
-1.03  0.96
-1.02  1
-1.01  1
-1  0.96
-0.99  1
-0.98  1.16
-0.97  1.04
-0.96  1.04
-0.95  0.92
-0.94  1.12
-0.93  1.04
-0.92  1.2
-0.91  0.8
-0.9  1
-0.89  1.08
-0.88  1
-0.87  0.88
-0.86  1.08
-0.85  1.04
-0.84  1.04
-0.83  1.04
-0.82  1.04
-0.81  0.96
-0.8  1.16
-0.79  1
-0.78  0.96
-0.77  1.04
-0.76  0.96
-0.75  1
-0.74  1.04
-0.73  1
-0.72  1.2
-0.71  1
-0.7  1.04
-0.69  1
-0.68  1.04
-0.67  1.08
-0.66  1.04
-0.65  1.08
-0.64  1
-0.63  1
-0.62  1.12
-0.61  1.04
-0.6  1.04
-0.59  1.04
-0.58  1.04
-0.57  1
-0.56  1.08
-0.55  1
-0.54  1.12
-0.53  1.16
-0.52  1.12
-0.51  1.04
-0.5  1.08
-0.49  0.92
-0.48  1.08
-0.47  1.04
-0.46  1.08
-0.45  1.04
-0.44  1.04
-0.43  1.12
-0.42  1.08
-0.41  1.04
-0.4  1.12
-0.39  1.12
-0.38  0.96
-0.37  1.08
-0.36  1.16
-0.35  1.16
-0.34  1.04
-0.33  1.16
-0.32  0.96
-0.31  1.16
-0.3  1
-0.29  1.16
-0.28  1.08
-0.27  1.04
-0.26  1
-0.25  1.04
-0.24  1.16
-0.23  1
-0.22  1.12
-0.21  1.08
-0.2  0.96
-0.19  1.08
-0.18  1.08
-0.17  1.08
-0.16  1.04
-0.15  1.24
-0.14  1.08
-0.13  1
-0.12  0.96
-0.11  1.08
-0.1  1
-0.09  1
-0.08  1.16
-0.07  1
-0.06  0.96
-0.05  1
-0.04  1.16
-0.03  1.04
-0.02  0.96
-0.01  1
-2.16197e-11  1.08
0.0001  0
0.0101  1.08
0.0201  1.05
0.0301  1.01
0.0401  1.12
0.0501  1.08
0.0601  1.15
0.0701  1.06
0.0801  0.94
0.0901  0.99
0.1001  1.4
0.1101  0.98
0.1201  1.14
0.1301  1.21
0.1401  1.13
0.1501  1.31
0.1601  1.1
0.1701  1.28
0.1801  1.36
0.1901  1.29
0.2001  1.43
0.2101  1.31
0.2201  1.15
0.2301  1.24
0.2401  1.47
0.2501  1.29
0.2601  1.3
0.2701  1.22
0.2801  1.24
0.2901  1.39
0.3001  1.35
0.3101  1.38
0.3201  1.43
0.3301  1.4
0.3401  1.42
0.3501  1.51
0.3601  1.01
0.3701  1.44
0.3801  1.55
0.3901  1.39
0.4001  1.47
0.4101  1.56
0.4201  1.51
0.4301  1.48
0.4401  1.39
0.4501  1.37
0.4601  1.28
0.4701  1.55
0.4801  1.53
0.4901  1.56
0.5001  1.44
0.5101  1.39
0.5201  1.33
0.5301  1.63
0.5401  1.63
0.5501  1.56
0.5601  1.59
0.5701  1.69
0.5801  1.51
0.5901  1.58
0.6001  1.49
0.6101  1.49
0.6201  1.88
0.6301  1.68
0.6401  1.57
0.6501  1.73
0.6601  1.66
0.6701  1.68
0.6801  1.54
0.6901  1.66
0.7001  1.75
0.7101  1.62
0.7201  1.67
0.7301  1.69
0.7401  1.62
0.7501  1.68
0.7601  1.59
0.7701  1.97
0.7801  1.75
0.7901  1.7
0.8001  1.62
0.8101  1.5
0.8201  1.59
0.8301  1.52
0.8401  1.87
0.8501  1.52
0.8601  1.63
0.8701  1.66
0.8801  1.82
0.8901  1.76
0.9001  1.75
0.9101  1.69
0.9201  1.69
0.9301  1.51
0.9401  1.87
0.9501  1.62
0.9601  1.58
0.9701  1.49
0.9801  1.62
0.9901  1.46
1.0001  1.78
1.0101  1.69
1.0201  1.59
1.0301  1.89
1.0401  1.74
1.0501  1.64
1.0601  1.8
1.0701  1.44
1.0801  1.51
1.0901  1.65
1.1001  1.48
1.1101  1.54
1.1201  1.62
1.1301  1.55
1.1401  1.74
1.1501  1.74
1.1601  1.51
1.1701  1.39
1.1801  1.59
1.1901  1.37
1.2001  1.3
1.2101  1.3
1.2201  1.51
1.2301  1.65
1.2401  1.62
1.2501  1.66
1.2601  1.46
1.2701  1.47
1.2801  1.42
1.2901  1.42
1.3001  1.54
1.3101  1.53
1.3201  1.55
1.3301  1.49
1.3401  1.49
1.3501  1.46
1.3601  1.56
1.3701  1.44
1.3801  1.34
1.3901  1.39
1.4001  1.51
1.4101  1.6
1.4201  1.6
1.4301  1.46
1.4401  1.47
1.4501  1.4
1.4601  1.53
1.4701  1.46
1.4801  1.51
1.4901  1.31
1.5001  1.31
1.5101  1.47
1.5201  1.4
1.5301  1.39
1.5401  1.46
1.5501  1.62
1.5601  1.48
1.5701  1.49
1.5801  1.4
1.5901  1.48
1.6001  1.41
1.6101  1.56
1.6201  1.36
1.6301  1.51
1.6401  1.41
1.6501  1.71
1.6601  1.54
1.6701  1.53
1.6801  1.35
1.6901  1.48
1.7001  1.57
1.7101  1.55
1.7201  1.55
1.7301  1.53
1.7401  1.43
1.7501  1.74
1.7601  1.76
1.7701  1.65
1.7801  1.85
1.7901  1.5
1.8001  1.7
1.8101  1.74
1.8201  1.5
1.8301  1.61
1.8401  1.78
1.8501  1.56
1.8601  1.74
1.8701  1.66
1.8801  1.58
1.8901  1.63
1.9001  1.6
1.9101  1.56
1.9201  1.59
1.9301  1.59
1.9401  1.63
1.9501  1.9
1.9601  1.71
1.9701  1.64
1.9801  1.82
1.9901  1.62
2.0001  1.68
2.0101  1.82
2.0201  1.71
2.0301  1.76
2.0401  1.8
2.0501  1.54
2.0601  1.67
2.0701  1.6
2.0801  1.58
2.0901  1.73
2.1001  1.7
2.1101  1.72
2.1201  1.88
2.1301  1.65
2.1401  1.86
2.1501  1.5
2.1601  1.68
2.1701  1.68
2.1801  1.63
2.1901  1.49
2.2001  1.64
2.2101  1.51
2.2201  1.63
2.2301  1.67
2.2401  1.61
2.2501  1.81
2.2601  1.61
2.2701  1.51
2.2801  1.45
2.2901  1.81
2.3001  1.47
2.3101  1.68
2.3201  1.56
2.3301  1.65
2.3401  1.71
2.3501  1.41
2.3601  1.8
2.3701  1.79
2.3801  1.68
2.3901  1.49
2.4001  1.71
2.4101  1.34
2.4201  1.64
2.4301  1.53
2.4401  1.35
2.4501  1.51
2.4601  1.63
2.4701  1.51
2.4801  1.68
2.4901  1.47
2.5001  1.61
2.5101  1.44
2.5201  1.47
2.5301  1.41
2.5401  1.63
2.5501  1.54
2.5601  1.67
2.5701  1.56
2.5801  1.55
2.5901  1.67
2.6001  1.57
2.6101  1.18
2.6201  1.73
2.6301  1.52
2.6401  1.43
2.6501  1.66
2.6601  1.52
2.6701  1.55
2.6801  1.5
2.6901  1.58
2.7001  1.51
2.7101  1.48
2.7201  1.38
2.7301  1.62
2.7401  1.53
2.7501  1.4
2.7601  1.48
2.7701  1.64
2.7801  1.34
2.7901  1.47
2.8001  1.62
2.8101  1.75
2.8201  1.68
2.8301  1.61
2.8401  1.75
2.8501  1.66
2.8601  1.47
2.8701  1.63
2.8801  1.71
2.8901  1.51
2.9001  1.42
2.9101  1.51
2.9201  1.42
2.9301  1.65
2.9401  1.61
2.9501  1.53
2.9601  1.57
2.9701  1.61
2.9801  1.77
2.9901  1.54
3.0001  1.58
3.0101  1.66
3.0201  1.47
3.0301  1.71
3.0401  1.67
3.0501  1.51
3.0601  1.69
3.0701  1.5
3.0801  1.57
3.0901  1.53
3.1001  1.77
3.1101  1.73
3.1201  1.56
3.1301  1.74
3.1401  1.67
3.1501  1.73
3.1601  1.58
3.1701  1.9
3.1801  1.49
3.1901  1.7
3.2001  1.54
3.2101  1.7
3.2201  1.48
3.2301  1.89
3.2401  1.46
3.2501  1.62
3.2601  1.65
3.2701  1.43
3.2801  1.98
3.2901  1.58
3.3001  1.82
3.3101  1.76
3.3201  1.54
3.3301  1.82
3.3401  1.35
3.3501  1.42
3.3601  1.63
3.3701  1.69
3.3801  1.62
3.3901  1.79
3.4001  1.59
3.4101  1.51
3.4201  1.73
3.4301  1.59
3.4401  1.53
3.4501  1.61
3.4601  1.55
3.4701  1.63
3.4801  1.72
3.4901  1.9
3.5001  1.75
3.5101  1.6
3.5201  1.58
3.5301  1.64
3.5401  1.62
3.5501  1.7
3.5601  1.56
3.5701  1.61
3.5801  1.48
3.5901  1.62
3.6001  1.49
3.6101  1.6
3.6201  1.57
3.6301  1.77
3.6401  1.59
3.6501  1.67
3.6601  1.72
3.6701  1.67
3.6801  1.48
3.6901  1.53
3.7001  1.57
3.7101  1.69
3.7201  1.4
3.7301  1.56
3.7401  1.36
3.7501  1.41
3.7601  1.73
3.7701  1.53
3.7801  1.54
3.7901  1.71
3.8001  1.47
3.8101  1.51
3.8201  1.65
3.8301  1.67
3.8401  1.56
3.8501  1.44
3.8601  1.47
3.8701  1.54
3.8801  1.8
3.8901  1.55
3.9001  1.58
3.9101  1.35
3.9201  1.46
3.9301  1.67
3.9401  1.57
3.9501  1.61
3.9601  1.48
3.9701  1.52
3.9801  1.35
3.9901  1.72
4.0001  1.71
4.0101  1.64
4.0201  1.6
4.0301  1.7
4.0401  1.51
4.0501  1.48
4.0601  1.65
4.0701  1.56
4.0801  1.37
4.0901  1.71
4.1001  1.58
4.1101  1.41
4.1201  1.54
4.1301  1.66
4.1401  1.61
4.1501  1.5
4.1601  1.62
4.1701  1.74
4.1801  1.47
4.1901  1.36
4.2001  1.91
4.2101  1.95
4.2201  1.63
4.2301  1.37
4.2401  1.58
4.2501  1.58
4.2601  1.35
4.2701  1.56
4.2801  1.77
4.2901  1.2
4.3001  1.62
4.3101  1.67
4.3201  2.02
4.3301  1.6
4.3401  1.72
4.3501  1.6
4.3601  2
4.3701  1.56
4.3801  1.78
4.3901  1.4
4.4001  1.63
4.4101  1.67
4.4201  1.69
4.4301  1.59
4.4401  1.95
4.4501  1.39
4.4601  1.6
4.4701  1.55
4.4801  1.51
4.4901  1.72
4.5001  1.64
4.5101  1.51
4.5201  1.55
4.5301  1.7
4.5401  1.62
4.5501  1.78
4.5601  1.78
4.5701  1.55
4.5801  1.82
4.5901  1.53
4.6001  1.57
4.6101  1.55
4.6201  1.62
4.6301  1.66
4.6401  1.72
4.6501  1.59
4.6601  1.78
4.6701  1.48
4.6801  1.7
4.6901  1.49
4.7001  1.62
4.7101  1.51
4.7201  1.76
4.7301  1.55
4.7401  1.63
4.7501  1.66
4.7601  1.64
4.7701  1.54
4.7801  1.75
4.7901  1.7
4.8001  1.49
4.8101  1.48
4.8201  1.52
4.8301  1.67
4.8401  1.52
4.8501  1.54
4.8601  1.57
4.8701  1.65
4.8801  1.49
4.8901  1.51
4.9001  1.61
4.9101  1.47
4.9201  1.55
4.9301  1.66
4.9401  1.8
4.9501  1.74
4.9601  1.5
4.9701  1.62
4.9801  1.55
4.9901  1.43
5.0001  1.48
5.0101  1.58
5.0201  1.69
5.0301  1.38
5.0401  1.77
5.0501  1.84
5.0601  1.46
5.0701  1.62
5.0801  1.3
5.0901  1.63
5.1001  1.46
5.1101  1.45
5.1201  1.78
5.1301  1.51
5.1401  1.53
5.1501  1.85
5.1601  1.55
5.1701  1.57
5.1801  1.72
5.1901  1.67
5.2001  1.67
5.2101  1.57
5.2201  1.63
5.2301  1.55
5.2401  1.62
5.2501  1.58
5.2601  1.64
5.2701  1.54
5.2801  1.72
5.2901  1.6
5.3001  1.61
5.3101  1.7
5.3201  1.48
5.3301  1.6
5.3401  1.41
5.3501  1.52
5.3601  1.56
5.3701  1.67
5.3801  1.53
5.3901  1.65
5.4001  1.62
5.4101  1.43
5.4201  1.74
5.4301  1.88
5.4401  1.68
5.4501  1.55
5.4601  1.48
5.4701  1.53
5.4801  1.54
5.4901  1.59
5.5001  1.21
5.5101  1.58
5.5201  1.75
5.5301  1.5
5.5401  1.71
5.5501  1.59
5.5601  1.49
5.5701  1.84
5.5801  1.6
5.5901  1.81
5.6001  1.56
5.6101  1.52
5.6201  1.72
5.6301  1.68
5.6401  1.63
5.6501  1.53
5.6601  1.4
5.6701  1.49
5.6801  1.41
5.6901  1.58
5.7001  1.74
5.7101  1.59
5.7201  1.62
5.7301  1.4
5.7401  1.7
5.7501  1.78
5.7601  1.73
5.7701  1.55
5.7801  1.54
5.7901  1.55
5.8001  1.79
5.8101  1.64
5.8201  1.45
5.8301  1.55
5.8401  1.63
5.8501  1.79
5.8601  1.47
5.8701  1.58
5.8801  1.81
5.8901  1.71
5.9001  1.58
5.9101  1.44
5.9201  1.64
5.9301  1.7
5.9401  1.86
5.9501  1.53
5.9601  1.53
5.9701  1.62
5.9801  1.44
5.9901  1.61
6.0001  1.68
6.0101  1.62
6.0201  1.75
6.0301  1.76
6.0401  1.64
6.0501  1.7
6.0601  1.66
6.0701  1.35
6.0801  1.57
6.0901  1.64
6.1001  1.47
6.1101  1.7
6.1201  1.6
6.1301  1.68
6.1401  1.59
6.1501  1.57
6.1601  1.57
6.1701  1.61
6.1801  1.64
6.1901  1.89
6.2001  1.5
6.2101  1.6
6.2201  1.65
6.2301  1.57
6.2401  1.81
6.2501  1.66
6.2601  1.52
6.2701  1.47
6.2801  1.66
6.2901  1.58
6.3001  1.46
6.3101  1.63
6.3201  1.55
6.3301  1.64
6.3401  1.7
6.3501  1.71
6.3601  1.72
6.3701  1.61
6.3801  1.34
6.3901  1.58
6.4001  1.55
6.4101  1.77
6.4201  1.51
6.4301  1.48
6.4401  1.56
6.4501  1.4
6.4601  1.55
6.4701  1.4
6.4801  1.7
6.4901  1.53
6.5001  1.73
6.5101  1.54
6.5201  1.6
6.5301  1.53
6.5401  1.37
6.5501  1.56
6.5601  1.56
6.5701  1.66
6.5801  1.52
6.5901  1.81
6.6001  1.6
6.6101  1.53
6.6201  1.44
6.6301  1.63
6.6401  1.54
6.6501  1.77
6.6601  1.46
6.6701  1.45
6.6801  1.65
6.6901  1.55
6.7001  1.49
6.7101  1.84
6.7201  1.66
6.7301  1.55
6.7401  1.7
6.7501  1.53
6.7601  1.74
6.7701  1.6
6.7801  1.63
6.7901  1.44
6.8001  1.7
6.8101  1.7
6.8201  1.59
6.8301  1.46
6.8401  1.62
6.8501  1.55
6.8601  1.55
6.8701  1.76
6.8801  1.54
6.8901  1.7
6.9001  1.44
6.9101  1.8
6.9201  1.87
6.9301  1.65
6.9401  1.55
6.9501  1.59
6.9601  1.67
6.9701  1.55
6.9801  1.62
6.9901  1.69
7.0001  1.71
7.0101  1.68
7.0201  1.94
7.0301  1.65
7.0401  1.6
7.0501  1.57
7.0601  1.5
7.0701  1.4
7.0801  1.48
7.0901  1.82
7.1001  1.5
7.1101  1.66
7.1201  1.66
7.1301  1.42
7.1401  1.61
7.1501  1.61
7.1601  1.67
7.1701  1.65
7.1801  1.66
7.1901  1.75
7.2001  1.7
7.2101  1.67
7.2201  1.48
7.2301  1.52
7.2401  1.44
7.2501  1.69
7.2601  1.65
7.2701  1.58
7.2801  1.46
7.2901  1.48
7.3001  1.7
7.3101  1.61
7.3201  1.48
7.3301  1.48
7.3401  1.78
7.3501  1.33
7.3601  1.57
7.3701  1.76
7.3801  1.76
7.3901  1.67
7.4001  1.49
7.4101  1.66
7.4201  1.79
7.4301  1.79
7.4401  1.46
7.4501  1.59
7.4601  1.67
7.4701  1.6
7.4801  1.59
7.4901  1.43
7.5001  1.54
7.5101  1.59
7.5201  1.67
7.5301  1.45
7.5401  1.56
7.5501  1.55
7.5601  1.53
7.5701  1.62
7.5801  1.54
7.5901  1.62
7.6001  1.49
7.6101  1.54
7.6201  1.75
7.6301  1.64
7.6401  1.74
7.6501  1.67
7.6601  1.43
7.6701  1.61
7.6801  1.68
7.6901  1.46
7.7001  1.56
7.7101  1.68
7.7201  1.69
7.7301  1.41
7.7401  1.41
7.7501  1.58
7.7601  1.49
7.7701  1.59
7.7801  1.54
7.7901  1.56
7.8001  1.71
7.8101  1.48
7.8201  1.84
7.8301  1.53
7.8401  1.69
7.8501  1.36
7.8601  1.73
7.8701  1.53
7.8801  1.4
7.8901  1.61
7.9001  1.56
7.9101  1.68
7.9201  1.71
7.9301  1.72
7.9401  1.4
7.9501  1.51
7.9601  1.59
7.9701  1.57
7.9801  1.61
7.9901  1.5
8.0001  1.85
8.0101  1.56
8.0201  1.71
8.0301  1.74
8.0401  1.64
8.0501  1.72
8.0601  1.58
8.0701  1.61
8.0801  1.59
8.0901  1.68
8.1001  1.64
8.1101  1.82
8.1201  1.73
8.1301  1.55
8.1401  1.36
8.1501  1.68
8.1601  1.58
8.1701  1.48
8.1801  1.76
8.1901  1.54
8.2001  1.57
8.2101  1.44
8.2201  1.52
8.2301  1.53
8.2401  1.45
8.2501  1.8
8.2601  1.68
8.2701  1.7
8.2801  1.66
8.2901  1.58
8.3001  1.64
8.3101  1.61
8.3201  1.43
8.3301  1.76
8.3401  1.38
8.3501  1.61
8.3601  1.57
8.3701  1.69
8.3801  1.63
8.3901  1.73
8.4001  1.56
8.4101  1.57
8.4201  1.61
8.4301  1.54
8.4401  1.58
8.4501  1.53
8.4601  1.51
8.4701  1.67
8.4801  1.62
8.4901  1.62
8.5001  1.59
8.5101  1.65
8.5201  1.8
8.5301  1.49
8.5401  1.49
8.5501  1.59
8.5601  1.54
8.5701  1.6
8.5801  1.73
8.5901  1.54
8.6001  1.37
8.6101  1.5
8.6201  1.44
8.6301  1.54
8.6401  1.73
8.6501  1.82
8.6601  1.71
8.6701  1.59
8.6801  1.64
8.6901  1.51
8.7001  1.61
8.7101  1.79
8.7201  1.68
8.7301  1.55
8.7401  1.41
8.7501  1.44
8.7601  1.43
8.7701  1.66
8.7801  1.63
8.7901  1.67
8.8001  1.7
8.8101  1.74
8.8201  1.55
8.8301  1.75
8.8401  1.56
8.8501  1.55
8.8601  1.48
8.8701  1.62
8.8801  1.59
8.8901  1.95
8.9001  1.65
8.9101  1.54
8.9201  1.55
8.9301  1.66
8.9401  1.36
8.9501  1.41
8.9601  1.5
8.9701  1.69
8.9801  1.72
8.9901  1.72
9.0001  1.51
9.0101  1.59
9.0201  1.7
9.0301  1.47
9.0401  1.7
9.0501  1.54
9.0601  1.52
9.0701  1.64
9.0801  1.49
9.0901  1.67
9.1001  1.69
9.1101  1.55
9.1201  1.7
9.1301  1.7
9.1401  1.74
9.1501  1.53
9.1601  1.52
9.1701  1.62
9.1801  1.66
9.1901  1.56
9.2001  1.75
9.2101  1.52
9.2201  1.38
9.2301  1.6
9.2401  1.72
9.2501  1.52
9.2601  1.67
9.2701  1.53
9.2801  1.67
9.2901  1.7
9.3001  1.28
9.3101  1.65
9.3201  1.55
9.3301  1.51
9.3401  1.48
9.3501  1.62
9.3601  1.54
9.3701  1.62
9.3801  1.62
9.3901  1.65
9.4001  1.59
9.4101  1.74
9.4201  1.68
9.4301  1.67
9.4401  1.47
9.4501  1.6
9.4601  1.6
9.4701  1.51
9.4801  1.75
9.4901  1.36
9.5001  1.54
9.5101  1.45
9.5201  1.67
9.5301  1.58
9.5401  1.62
9.5501  1.65
9.5601  1.75
9.5701  1.62
9.5801  1.47
9.5901  1.61
9.6001  1.63
9.6101  1.63
9.6201  1.54
9.6301  1.56
9.6401  1.51
9.6501  1.49
9.6601  1.53
9.6701  1.7
9.6801  1.58
9.6901  1.7
9.7001  1.61
9.7101  1.49
9.7201  1.42
9.7301  1.92
9.7401  1.51
9.7501  1.61
9.7601  1.83
9.7701  1.63
9.7801  1.4
9.7901  1.71
9.8001  1.64
9.8101  1.57
9.8201  1.53
9.8301  1.29
9.8401  1.71
9.8501  1.71
9.8601  1.65
9.8701  1.56
9.8801  1.52
9.8901  1.48
9.9001  1.58
9.9101  1.73
9.9201  1.64
9.9301  1.46
9.9401  1.85
9.9501  1.48
9.9601  1.41
9.9701  1.81
9.9801  1.54
9.9901  1.6
10.0001  1.76
10.0101  1.52
10.0201  1.62
10.0301  1.56
10.0401  1.56
10.0501  1.67
10.0601  1.74
10.0701  1.5
10.0801  1.76
10.0901  1.29
10.1001  1.57
10.1101  1.67
10.1201  1.55
10.1301  1.64
10.1401  1.79
10.1501  1.46
10.1601  1.6
10.1701  1.39
10.1801  1.53
10.1901  1.44
10.2001  1.85
10.2101  1.72
10.2201  1.48
10.2301  1.77
10.2401  1.66
10.2501  1.44
10.2601  1.46
10.2701  1.56
10.2801  1.47
10.2901  1.55
10.3001  1.69
10.3101  1.65
10.3201  1.67
10.3301  1.39
10.3401  1.62
10.3501  1.66
10.3601  1.74
10.3701  1.61
10.3801  1.45
10.3901  1.26
10.4001  1.36
10.4101  1.44
10.4201  1.78
10.4301  1.5
10.4401  1.82
10.4501  1.62
10.4601  1.38
10.4701  1.78
10.4801  1.46
10.4901  1.52
10.5001  1.55
10.5101  1.53
10.5201  1.58
10.5301  1.72
10.5401  1.67
10.5501  1.66
10.5601  1.43
10.5701  1.54
10.5801  1.67
10.5901  1.69
10.6001  1.63
10.6101  1.67
10.6201  1.56
10.6301  1.3
10.6401  1.57
10.6501  1.6
10.6601  1.54
10.6701  1.42
10.6801  1.77
10.6901  1.46
10.7001  1.53
10.7101  1.77
10.7201  1.52
10.7301  1.76
10.7401  1.66
10.7501  1.64
10.7601  1.46
10.7701  1.57
10.7801  1.59
10.7901  1.54
10.8001  1.61
10.8101  1.49
10.8201  1.49
10.8301  1.61
10.8401  1.59
10.8501  1.72
10.8601  1.63
10.8701  1.69
10.8801  1.68
10.8901  1.67
10.9001  1.41
10.9101  1.79
10.9201  1.75
10.9301  1.64
10.9401  1.54
10.9501  1.71
10.9601  1.61
10.9701  1.58
10.9801  1.64
10.9901  1.69
11.0001  1.53
11.0101  1.58
11.0201  1.67
11.0301  1.72
11.0401  1.79
11.0501  1.62
11.0601  1.71
11.0701  1.64
11.0801  1.21
11.0901  1.49
11.1001  1.68
11.1101  1.55
11.1201  1.52
11.1301  1.65
11.1401  1.85
11.1501  1.75
11.1601  1.46
11.1701  1.56
11.1801  1.54
11.1901  1.75
11.2001  1.58
11.2101  1.45
11.2201  1.6
11.2301  1.7
11.2401  1.82
11.2501  1.48
11.2601  1.71
11.2701  1.55
11.2801  1.48
11.2901  1.64
11.3001  1.4
11.3101  1.55
11.3201  1.68
11.3301  1.7
11.3401  1.4
11.3501  1.58
11.3601  1.56
11.3701  1.63
11.3801  1.69
11.3901  1.36
11.4001  1.71
11.4101  1.43
11.4201  1.51
11.4301  1.69
11.4401  1.93
11.4501  1.44
11.4601  1.64
11.4701  1.58
11.4801  1.44
11.4901  1.55
11.5001  1.48
11.5101  1.67
11.5201  1.69
11.5301  1.45
11.5401  1.56
11.5501  1.51
11.5601  1.54
11.5701  1.78
11.5801  1.43
11.5901  1.69
11.6001  1.48
11.6101  1.39
11.6201  1.32
11.6301  1.43
11.6401  1.6
11.6501  1.88
11.6601  1.67
11.6701  1.69
11.6801  1.63
11.6901  1.5
11.7001  1.49
11.7101  1.58
11.7201  1.63
11.7301  1.37
11.7401  1.7
11.7501  1.92
11.7601  1.56
11.7701  1.52
11.7801  1.61
11.7901  1.65
11.8001  1.35
11.8101  1.5
11.8201  1.67
11.8301  1.53
11.8401  1.66
11.8501  1.55
11.8601  1.44
11.8701  1.56
11.8801  1.78
11.8901  1.53
11.9001  1.62
11.9101  1.51
11.9201  1.74
11.9301  1.6
11.9401  1.61
11.9501  1.6
11.9601  1.36
11.9701  1.67
11.9801  1.68
11.9901  1.78
12.0001  1.49
12.0101  1.67
12.0201  1.61
12.0301  1.55
12.0401  1.48
12.0501  1.6
12.0601  1.55
12.0701  1.67
12.0801  1.81
12.0901  1.37
12.1001  1.44
12.1101  1.53
12.1201  1.58
12.1301  1.71
12.1401  1.58
12.1501  1.84
12.1601  1.6
12.1701  1.94
12.1801  1.76
12.1901  1.54
12.2001  1.59
12.2101  1.63
12.2201  1.67
12.2301  1.57
12.2401  1.38
12.2501  1.8
12.2601  1.56
12.2701  1.54
12.2801  1.44
12.2901  1.73
12.3001  1.73
12.3101  1.62
12.3201  1.57
12.3301  1.62
12.3401  1.41
12.3501  1.66
12.3601  1.46
12.3701  1.72
12.3801  1.57
12.3901  1.9
12.4001  1.51
12.4101  1.47
12.4201  1.63
12.4301  1.68
12.4401  1.62
12.4501  1.63
12.4601  1.4
12.4701  1.6
12.4801  1.49
12.4901  1.47
12.5001  1.67
12.5101  1.52
12.5201  1.63
12.5301  1.92
12.5401  1.62
12.5501  1.49
12.5601  1.61
12.5701  1.48
12.5801  1.54
12.5901  1.44
12.6001  1.48
12.6101  1.7
12.6201  1.77
12.6301  1.47
12.6401  1.46
12.6501  1.49
12.6601  1.64
12.6701  1.77
12.6801  1.5
12.6901  1.47
12.7001  1.71
12.7101  1.44
12.7201  1.73
12.7301  1.63
12.7401  1.55
12.7501  1.32
12.7601  1.86
12.7701  1.46
12.7801  1.55
12.7901  1.64
12.8001  1.44
12.8101  1.45
12.8201  1.65
12.8301  1.67
12.8401  1.7
12.8501  1.88
12.8601  1.54
12.8701  1.47
12.8801  1.68
12.8901  1.69
12.9001  1.41
12.9101  1.54
12.9201  1.58
12.9301  1.64
12.9401  1.62
12.9501  1.53
12.9601  1.73
12.9701  1.76
12.9801  1.61
12.9901  1.74
13.0001  1.83
13.0101  1.45
13.0201  1.63
13.0301  1.45
13.0401  1.38
13.0501  1.46
13.0601  1.74
13.0701  1.52
13.0801  1.72
13.0901  1.58
13.1001  1.64
13.1101  1.63
13.1201  1.74
13.1301  1.61
13.1401  1.75
13.1501  1.76
13.1601  1.75
13.1701  1.48
13.1801  1.78
13.1901  1.7
13.2001  1.94
13.2101  1.62
13.2201  1.63
13.2301  1.48
13.2401  1.46
13.2501  1.61
13.2601  1.78
13.2701  1.63
13.2801  1.68
13.2901  1.5
13.3001  1.57
13.3101  1.67
13.3201  1.59
13.3301  1.76
13.3401  1.67
13.3501  1.73
13.3601  1.6
13.3701  1.6
13.3801  1.66
13.3901  1.56
13.4001  1.78
13.4101  1.35
13.4201  1.44
13.4301  1.59
13.4401  1.75
13.4501  1.67
13.4601  1.77
13.4701  1.35
13.4801  1.72
13.4901  1.62
13.5001  1.51
13.5101  1.45
13.5201  1.55
13.5301  1.49
13.5401  1.65
13.5501  1.63
13.5601  1.37
13.5701  1.64
13.5801  1.57
13.5901  1.75
13.6001  1.52
13.6101  1.6
13.6201  1.58
13.6301  1.67
13.6401  1.67
13.6501  1.53
13.6601  1.55
13.6701  1.58
13.6801  1.51
13.6901  1.61
13.7001  1.87
13.7101  1.62
13.7201  1.42
13.7301  1.57
13.7401  1.52
13.7501  1.24
13.7601  1.69
13.7701  1.51
13.7801  1.42
13.7901  1.56
13.8001  1.49
13.8101  1.52
13.8201  1.68
13.8301  1.89
13.8401  1.72
13.8501  1.76
13.8601  1.44
13.8701  1.69
13.8801  1.42
13.8901  1.66
13.9001  1.51
13.9101  1.68
13.9201  1.41
13.9301  1.48
13.9401  1.67
13.9501  1.35
13.9601  1.65
13.9701  1.47
13.9801  1.57
13.9901  1.76
14.0001  1.68
14.0101  1.73
14.0201  1.44
14.0301  1.62
14.0401  1.7
14.0501  1.39
14.0601  1.59
14.0701  1.63
14.0801  1.46
14.0901  1.77
14.1001  1.56
14.1101  1.59
14.1201  1.52
14.1301  1.55
14.1401  1.81
14.1501  1.49
14.1601  1.79
14.1701  1.7
14.1801  1.59
14.1901  1.73
14.2001  1.68
14.2101  1.67
14.2201  1.62
14.2301  1.71
14.2401  1.74
14.2501  1.67
14.2601  1.75
14.2701  1.52
14.2801  1.85
14.2901  1.59
14.3001  1.76
14.3101  1.66
14.3201  1.66
14.3301  1.55
14.3401  1.52
14.3501  1.69
14.3601  1.53
14.3701  1.81
14.3801  1.52
14.3901  1.69
14.4001  1.6
14.4101  1.57
14.4201  1.77
14.4301  1.75
14.4401  1.58
14.4501  1.53
14.4601  1.5
14.4701  1.79
14.4801  1.63
14.4901  1.48
14.5001  1.79
14.5101  1.58
14.5201  1.93
14.5301  1.86
14.5401  1.68
14.5501  1.72
14.5601  1.75
14.5701  1.51
14.5801  1.64
14.5901  1.7
14.6001  1.64
14.6101  1.48
14.6201  1.44
14.6301  1.64
14.6401  1.36
14.6501  1.49
14.6601  1.84
14.6701  1.93
14.6801  1.43
14.6901  1.55
14.7001  1.6
14.7101  1.69
14.7201  1.47
14.7301  1.84
14.7401  1.5
14.7501  1.69
14.7601  1.59
14.7701  1.56
14.7801  1.7
14.7901  1.67
14.8001  1.32
14.8101  1.81
14.8201  1.64
14.8301  1.49
14.8401  1.38
14.8501  1.4
14.8601  1.69
14.8701  1.52
14.8801  1.72
14.8901  1.85
14.9001  1.49
14.9101  1.82
14.9201  1.57
14.9301  1.5
14.9401  1.52
14.9501  1.54
14.9601  1.5
14.9701  1.41
14.9801  1.71
14.9901  1.71
15.0001  1.71
15.0101  1.42
15.0201  1.69
15.0301  1.35
15.0401  1.54
15.0501  1.58
15.0601  1.59
15.0701  1.65
15.0801  1.54
15.0901  1.32
15.1001  1.66
15.1101  1.79
15.1201  1.47
15.1301  1.4
15.1401  1.68
15.1501  1.74
15.1601  1.63
15.1701  1.69
15.1801  1.45
15.1901  1.47
15.2001  1.53
15.2101  1.71
15.2201  1.68
15.2301  1.45
15.2401  1.61
15.2501  1.65
15.2601  1.61
15.2701  1.54
15.2801  1.53
15.2901  1.52
15.3001  1.54
15.3101  1.74
15.3201  1.66
15.3301  1.72
15.3401  1.62
15.3501  1.59
15.3601  1.55
15.3701  1.59
15.3801  1.63
15.3901  1.73
15.4001  1.68
15.4101  1.73
15.4201  1.54
15.4301  1.52
15.4401  1.65
15.4501  1.56
15.4601  1.58
15.4701  1.51
15.4801  1.55
15.4901  1.57
15.5001  1.71
15.5101  1.54
15.5201  1.43
15.5301  1.65
15.5401  1.61
15.5501  1.76
15.5601  1.57
15.5701  1.67
15.5801  1.54
15.5901  1.73
15.6001  1.76
15.6101  1.48
15.6201  1.47
15.6301  1.62
15.6401  1.72
15.6501  1.56
15.6601  1.79
15.6701  1.63
15.6801  1.46
15.6901  1.41
15.7001  1.66
15.7101  1.69
15.7201  1.41
15.7301  1.68
15.7401  1.44
15.7501  1.5
15.7601  1.53
15.7701  1.55
15.7801  1.61
15.7901  1.57
15.8001  1.64
15.8101  1.46
15.8201  1.76
15.8301  1.54
15.8401  1.67
15.8501  1.74
15.8601  1.37
15.8701  1.65
15.8801  1.48
15.8901  1.59
15.9001  1.61
15.9101  1.74
15.9201  1.46
15.9301  1.39
15.9401  1.58
15.9501  1.68
15.9601  1.78
15.9701  1.47
15.9801  1.42
15.9901  1.67
16.0001  1.75
16.0101  1.37
16.0201  1.6
16.0301  1.46
16.0401  1.48
16.0501  1.66
16.0601  1.65
16.0701  1.57
16.0801  1.52
16.0901  1.49
16.1001  1.74
16.1101  1.47
16.1201  1.76
16.1301  1.7
16.1401  1.55
16.1501  1.58
16.1601  1.43
16.1701  1.67
16.1801  1.68
16.1901  1.79
16.2001  1.54
16.2101  1.65
16.2201  1.53
16.2301  1.5
16.2401  1.39
16.2501  1.66
16.2601  1.37
16.2701  1.61
16.2801  1.69
16.2901  1.62
16.3001  1.73
16.3101  1.6
16.3201  1.53
16.3301  1.69
16.3401  1.71
16.3501  1.69
16.3601  1.66
16.3701  1.53
16.3801  1.56
16.3901  1.64
16.4001  1.48
16.4101  1.48
16.4201  1.66
16.4301  1.41
16.4401  1.69
16.4501  1.7
16.4601  1.6
16.4701  1.68
16.4801  1.72
16.4901  1.58
16.5001  1.55
16.5101  1.66
16.5201  1.58
16.5301  1.4
16.5401  1.64
16.5501  1.57
16.5601  1.65
16.5701  1.49
16.5801  1.65
16.5901  1.66
16.6001  1.67
16.6101  1.56
16.6201  1.52
16.6301  1.78
16.6401  1.6
16.6501  1.65
16.6601  1.48
16.6701  1.43
16.6801  1.58
16.6901  1.71
16.7001  1.57
16.7101  1.85
16.7201  1.85
16.7301  1.56
16.7401  1.58
16.7501  1.41
16.7601  1.61
16.7701  1.77
16.7801  1.6
16.7901  1.41
16.8001  1.75
16.8101  1.78
16.8201  1.47
16.8301  1.72
16.8401  1.45
16.8501  1.77
16.8601  1.44
16.8701  1.59
16.8801  1.61
16.8901  1.56
16.9001  1.69
16.9101  1.65
16.9201  1.59
16.9301  1.67
16.9401  1.6
16.9501  1.61
16.9601  1.8
16.9701  1.33
16.9801  1.56
16.9901  1.69
17.0001  1.67
17.0101  1.5
17.0201  1.57
17.0301  1.72
17.0401  1.61
17.0501  1.58
17.0601  1.62
17.0701  1.43
17.0801  1.6
17.0901  1.72
17.1001  1.56
17.1101  1.62
17.1201  1.67
17.1301  1.73
17.1401  1.65
17.1501  1.66
17.1601  1.6
17.1701  1.57
17.1801  1.85
17.1901  1.68
17.2001  1.68
17.2101  1.54
17.2201  1.44
17.2301  1.67
17.2401  1.46
17.2501  1.78
17.2601  1.77
17.2701  1.67
17.2801  1.6
17.2901  1.74
17.3001  1.52
17.3101  1.69
17.3201  1.6
17.3301  1.57
17.3401  1.61
17.3501  1.57
17.3601  1.58
17.3701  1.67
17.3801  1.59
17.3901  1.55
17.4001  1.66
17.4101  1.53
17.4201  1.64
17.4301  1.71
17.4401  1.4
17.4501  1.65
17.4601  1.56
17.4701  1.69
17.4801  1.59
17.4901  1.52
17.5001  1.55
17.5101  1.49
17.5201  1.78
17.5301  1.67
17.5401  1.57
17.5501  1.74
17.5601  1.5
17.5701  1.53
17.5801  2.01
17.5901  1.46
17.6001  1.52
17.6101  1.85
17.6201  1.7
17.6301  1.57
17.6401  1.83
17.6501  1.49
17.6601  1.54
17.6701  1.44
17.6801  1.49
17.6901  1.57
17.7001  1.63
17.7101  1.51
17.7201  1.7
17.7301  1.61
17.7401  1.82
17.7501  1.65
17.7601  1.69
17.7701  1.59
17.7801  1.47
17.7901  1.73
17.8001  1.51
17.8101  1.56
17.8201  1.59
17.8301  1.52
17.8401  1.57
17.8501  1.66
17.8601  1.75
17.8701  1.55
17.8801  1.69
17.8901  1.74
17.9001  1.83
17.9101  1.39
17.9201  1.72
17.9301  1.58
17.9401  1.65
17.9501  1.66
17.9601  1.51
17.9701  1.56
17.9801  1.62
17.9901  1.47
18.0001  1.85
18.0101  1.53
18.0201  1.79
18.0301  1.4
18.0401  1.7
18.0501  1.59
18.0601  1.78
18.0701  1.66
18.0801  1.39
18.0901  1.63
18.1001  1.78
18.1101  1.58
18.1201  1.71
18.1301  1.45
18.1401  1.74
18.1501  1.5
18.1601  1.47
18.1701  1.81
18.1801  1.58
18.1901  1.62
18.2001  1.48
18.2101  1.43
18.2201  1.53
18.2301  1.5
18.2401  1.85
18.2501  1.42
18.2601  1.52
18.2701  1.65
18.2801  1.77
18.2901  1.58
18.3001  1.64
18.3101  1.47
18.3201  1.44
18.3301  1.4
18.3401  1.62
18.3501  1.33
18.3601  1.66
18.3701  1.62
18.3801  1.48
18.3901  1.7
18.4001  1.78
18.4101  1.69
18.4201  1.63
18.4301  1.7
18.4401  1.58
18.4501  1.56
18.4601  1.57
18.4701  1.53
18.4801  1.39
18.4901  1.66
18.5001  1.56
18.5101  1.46
18.5201  1.62
18.5301  1.94
18.5401  1.7
18.5501  1.6
18.5601  1.64
18.5701  1.6
18.5801  1.73
18.5901  1.54
18.6001  1.48
18.6101  1.56
18.6201  1.51
18.6301  1.6
18.6401  1.74
18.6501  1.43
18.6601  1.62
18.6701  1.74
18.6801  1.63
18.6901  1.63
18.7001  1.76
18.7101  1.69
18.7201  1.46
18.7301  1.65
18.7401  1.6
18.7501  1.63
18.7601  1.77
18.7701  1.79
18.7801  1.71
18.7901  1.46
18.8001  1.77
18.8101  1.71
18.8201  1.51
18.8301  1.65
18.8401  1.55
18.8501  1.83
18.8601  1.59
18.8701  1.48
18.8801  1.39
18.8901  1.63
18.9001  1.86
18.9101  1.98
18.9201  1.55
18.9301  1.53
18.9401  1.47
18.9501  1.8
18.9601  1.56
18.9701  1.71
18.9801  1.67
18.9901  1.54
19.0001  1.43
19.0101  1.55
19.0201  1.53
19.0301  1.64
19.0401  1.71
19.0501  1.81
19.0601  1.66
19.0701  1.65
19.0801  1.57
19.0901  1.58
19.1001  1.57
19.1101  1.72
19.1201  1.55
19.1301  1.68
19.1401  1.48
19.1501  1.65
19.1601  1.48
19.1701  1.55
19.1801  1.51
19.1901  1.45
19.2001  1.48
19.2101  1.54
19.2201  1.53
19.2301  1.62
19.2401  1.47
19.2501  1.82
19.2601  1.56
19.2701  1.56
19.2801  1.5
19.2901  1.62
19.3001  1.48
19.3101  1.32
19.3201  1.5
19.3301  1.7
19.3401  1.53
19.3501  1.45
19.3601  1.65
19.3701  1.65
19.3801  1.53
19.3901  1.85
19.4001  1.58
19.4101  1.56
19.4201  1.54
19.4301  1.47
19.4401  1.64
19.4501  1.52
19.4601  1.76
19.4701  1.55
19.4801  1.46
19.4901  1.6
19.5001  1.66
19.5101  1.38
19.5201  1.58
19.5301  1.63
19.5401  1.62
19.5501  1.82
19.5601  1.73
19.5701  1.58
19.5801  1.56
19.5901  1.63
19.6001  1.56
19.6101  1.95
19.6201  1.62
19.6301  1.48
19.6401  1.57
19.6501  1.5
19.6601  1.5
19.6701  1.42
19.6801  1.53
19.6901  1.71
19.7001  1.68
19.7101  1.8
19.7201  1.25
19.7301  1.62
19.7401  1.77
19.7501  1.65
19.7601  1.72
19.7701  1.58
19.7801  1.49
19.7901  1.75
19.8001  1.46
19.8101  1.58
19.8201  1.66
19.8301  1.81
19.8401  1.55
19.8501  1.72
19.8601  1.7
19.8701  1.64
19.8801  1.55
19.8901  1.78
19.9001  1.83
19.9101  1.57
19.9201  1.57
19.9301  1.65
19.9401  1.65
19.9501  1.59
19.9601  1.63
19.9701  1.56
19.9801  1.55
19.9901  1.5
20.0001  1.82
20.0101  1.73
20.0201  1.64
20.0301  1.66
20.0401  1.67
20.0501  1.46
20.0601  1.73
20.0701  1.68
20.0801  1.58
20.0901  1.78
20.1001  1.49
20.1101  1.36
20.1201  1.51
20.1301  1.77
20.1401  1.83
20.1501  1.97
20.1601  1.66
20.1701  1.59
20.1801  1.82
20.1901  1.72
20.2001  1.41
20.2101  1.47
20.2201  1.59
20.2301  1.59
20.2401  1.46
20.2501  1.55
20.2601  1.81
20.2701  1.58
20.2801  1.6
20.2901  1.5
20.3001  1.73
20.3101  1.67
20.3201  1.37
20.3301  1.6
20.3401  1.71
20.3501  1.58
20.3601  1.59
20.3701  1.71
20.3801  1.69
20.3901  1.77
20.4001  1.62
20.4101  1.42
20.4201  1.41
20.4301  1.83
20.4401  1.53
20.4501  1.71
20.4601  1.52
20.4701  1.66
20.4801  1.75
20.4901  1.83
20.5001  1.4
20.5101  1.58
20.5201  1.6
20.5301  1.72
20.5401  1.53
20.5501  1.47
20.5601  1.49
20.5701  1.37
20.5801  1.59
20.5901  1.81
20.6001  1.41
20.6101  1.53
20.6201  1.62
20.6301  1.58
20.6401  1.77
20.6501  1.7
20.6601  1.49
20.6701  1.49
20.6801  1.46
20.6901  1.58
20.7001  1.54
20.7101  1.66
20.7201  1.71
20.7301  1.63
20.7401  1.44
20.7501  1.81
20.7601  1.42
20.7701  1.49
20.7801  1.58
20.7901  1.64
20.8001  1.45
20.8101  1.78
20.8201  1.69
20.8301  1.71
20.8401  1.65
20.8501  1.61
20.8601  1.42
20.8701  1.63
20.8801  1.63
20.8901  1.52
20.9001  1.69
20.9101  1.39
20.9201  1.62
20.9301  1.53
20.9401  1.8
20.9501  1.97
20.9601  1.5
20.9701  1.49
20.9801  1.56
20.9901  1.6
21.0001  1.64
21.0101  1.67
21.0201  1.63
21.0301  1.59
21.0401  1.71
21.0501  1.78
21.0601  1.5
21.0701  1.8
21.0801  1.47
21.0901  1.54
21.1001  1.62
21.1101  1.63
21.1201  1.58
21.1301  1.67
21.1401  1.66
21.1501  1.62
21.1601  1.68
21.1701  1.51
21.1801  1.62
21.1901  1.48
21.2001  1.52
21.2101  1.77
21.2201  1.91
21.2301  1.59
21.2401  1.58
21.2501  1.64
21.2601  1.56
21.2701  1.58
21.2801  1.46
21.2901  1.67
21.3001  1.46
21.3101  1.76
21.3201  1.48
21.3301  1.66
21.3401  1.56
21.3501  1.71
21.3601  1.4
21.3701  1.47
21.3801  1.46
21.3901  1.72
21.4001  1.65
21.4101  1.47
21.4201  1.51
21.4301  1.66
21.4401  1.78
21.4501  1.71
21.4601  1.46
21.4701  1.47
21.4801  1.62
21.4901  1.67
21.5001  1.58
21.5101  1.84
21.5201  1.64
21.5301  1.42
21.5401  1.64
21.5501  1.49
21.5601  1.5
21.5701  1.67
21.5801  1.59
21.5901  1.51
21.6001  1.4
21.6101  1.73
21.6201  1.76
21.6301  1.79
21.6401  1.72
21.6501  1.71
21.6601  1.7
21.6701  1.76
21.6801  1.63
21.6901  1.4
21.7001  1.65
21.7101  1.52
21.7201  1.45
21.7301  1.66
21.7401  1.39
21.7501  1.63
21.7601  1.52
21.7701  1.67
21.7801  1.55
21.7901  1.76
21.8001  1.48
21.8101  1.44
21.8201  1.72
21.8301  1.65
21.8401  1.51
21.8501  1.67
21.8601  1.85
21.8701  1.45
21.8801  1.58
21.8901  1.77
21.9001  1.57
21.9101  1.8
21.9201  1.82
21.9301  1.56
21.9401  1.62
21.9501  1.51
21.9601  1.62
21.9701  1.6
21.9801  1.55
21.9901  1.7
22.0001  1.78
22.0101  1.67
22.0201  1.71
22.0301  1.67
22.0401  1.86
22.0501  1.41
22.0601  1.66
22.0701  1.62
22.0801  1.48
22.0901  1.53
22.1001  1.52
22.1101  1.64
22.1201  1.74
22.1301  1.84
22.1401  1.54
22.1501  1.83
22.1601  1.51
22.1701  1.37
22.1801  1.7
22.1901  1.63
22.2001  1.72
22.2101  1.46
22.2201  1.43
22.2301  1.69
22.2401  1.53
22.2501  1.56
22.2601  1.7
22.2701  1.6
22.2801  1.59
22.2901  1.43
22.3001  1.62
22.3101  1.52
22.3201  1.68
22.3301  1.75
22.3401  1.47
22.3501  1.77
22.3601  1.47
22.3701  1.53
22.3801  1.57
22.3901  1.63
22.4001  1.86
22.4101  1.78
22.4201  1.75
22.4301  1.34
22.4401  1.52
22.4501  1.6
22.4601  1.45
22.4701  1.68
22.4801  1.65
22.4901  1.59
22.5001  1.59
22.5101  1.69
22.5201  1.64
22.5301  1.64
22.5401  1.6
22.5501  1.46
22.5601  1.77
22.5701  1.59
22.5801  1.56
22.5901  1.58
22.6001  1.59
22.6101  1.82
22.6201  1.59
22.6301  1.55
22.6401  1.55
22.6501  1.53
22.6601  1.55
22.6701  1.6
22.6801  1.57
22.6901  1.59
22.7001  1.47
22.7101  1.66
22.7201  1.74
22.7301  1.58
22.7401  1.63
22.7501  1.51
22.7601  1.73
22.7701  1.65
22.7801  1.56
22.7901  1.53
22.8001  1.46
22.8101  1.47
22.8201  1.69
22.8301  1.84
22.8401  1.64
22.8501  1.51
22.8601  1.67
22.8701  1.46
22.8801  1.79
22.8901  1.64
22.9001  1.83
22.9101  1.52
22.9201  1.77
22.9301  1.68
22.9401  1.51
22.9501  1.53
22.9601  1.63
22.9701  1.65
22.9801  1.59
22.9901  1.62
23.0001  1.66
23.0101  1.56
23.0201  1.39
23.0301  1.44
23.0401  1.73
23.0501  1.58
23.0601  1.45
23.0701  1.84
23.0801  1.7
23.0901  1.61
23.1001  1.52
23.1101  1.5
23.1201  1.68
23.1301  1.84
23.1401  1.45
23.1501  1.66
23.1601  1.74
23.1701  1.35
23.1801  1.69
23.1901  1.5
23.2001  1.7
23.2101  1.74
23.2201  1.42
23.2301  1.54
23.2401  1.6
23.2501  1.54
23.2601  1.64
23.2701  1.45
23.2801  1.49
23.2901  1.51
23.3001  1.91
23.3101  1.6
23.3201  1.59
23.3301  1.68
23.3401  1.33
23.3501  1.69
23.3601  1.64
23.3701  1.69
23.3801  1.55
23.3901  1.65
23.4001  1.47
23.4101  1.42
23.4201  1.61
23.4301  1.84
23.4401  1.46
23.4501  1.55
23.4601  1.52
23.4701  1.45
23.4801  1.39
23.4901  1.67
23.5001  1.47
23.5101  1.64
23.5201  1.51
23.5301  1.57
23.5401  1.67
23.5501  1.63
23.5601  1.66
23.5701  1.51
23.5801  1.7
23.5901  1.55
23.6001  1.57
23.6101  1.65
23.6201  1.6
23.6301  1.38
23.6401  1.55
23.6501  1.76
23.6601  1.43
23.6701  1.64
23.6801  1.63
23.6901  1.69
23.7001  1.7
23.7101  1.64
23.7201  1.45
23.7301  1.51
23.7401  1.46
23.7501  1.56
23.7601  1.63
23.7701  1.59
23.7801  1.64
23.7901  1.45
23.8001  1.68
23.8101  1.34
23.8201  1.69
23.8301  1.47
23.8401  1.42
23.8501  1.78
23.8601  1.72
23.8701  1.81
23.8801  1.84
23.8901  1.77
23.9001  1.44
23.9101  1.63
23.9201  1.47
23.9301  1.58
23.9401  1.49
23.9501  1.64
23.9601  1.55
23.9701  1.8
23.9801  1.56
23.9901  1.64
24.0001  1.56
24.0101  1.55
24.0201  1.71
24.0301  1.62
24.0401  1.51
24.0501  1.45
24.0601  1.66
24.0701  1.64
24.0801  1.61
24.0901  1.75
24.1001  1.87
24.1101  1.64
24.1201  1.44
24.1301  1.67
24.1401  1.6
24.1501  1.68
24.1601  1.61
24.1701  1.64
24.1801  1.38
24.1901  1.7
24.2001  1.44
24.2101  1.89
24.2201  1.54
24.2301  1.82
24.2401  1.62
24.2501  1.72
24.2601  1.43
24.2701  1.55
24.2801  1.56
24.2901  1.61
24.3001  1.23
24.3101  1.6
24.3201  1.61
24.3301  1.69
24.3401  1.43
24.3501  1.46
24.3601  1.73
24.3701  1.6
24.3801  1.6
24.3901  1.53
24.4001  1.48
24.4101  1.59
24.4201  1.85
24.4301  1.52
24.4401  1.64
24.4501  1.64
24.4601  1.9
24.4701  1.53
24.4801  1.72
24.4901  1.63
24.5001  1.41
24.5101  1.24
24.5201  1.51
24.5301  1.57
24.5401  1.74
24.5501  1.75
24.5601  1.67
24.5701  1.68
24.5801  1.63
24.5901  1.75
24.6001  1.56
24.6101  1.5
24.6201  1.53
24.6301  1.82
24.6401  1.64
24.6501  1.47
24.6601  1.55
24.6701  1.55
24.6801  1.49
24.6901  1.8
24.7001  1.48
24.7101  1.51
24.7201  1.62
24.7301  1.63
24.7401  1.54
24.7501  1.41
24.7601  1.49
24.7701  1.43
24.7801  1.63
24.7901  1.69
24.8001  1.78
24.8101  1.73
24.8201  1.56
24.8301  1.64
24.8401  1.57
24.8501  1.57
24.8601  1.55
24.8701  1.39
24.8801  1.67
24.8901  1.66
24.9001  1.84
24.9101  1.8
24.9201  1.73
24.9301  1.7
24.9401  1.75
24.9501  1.63
24.9601  1.6
24.9701  1.84
24.9801  1.39
24.9901  1.58
25.0001  1.76
25.0101  1.43
25.0201  1.57
25.0301  1.46
25.0401  1.49
25.0501  1.5
25.0601  1.55
25.0701  1.71
25.0801  1.67
25.0901  1.55
25.1001  1.75
25.1101  1.66
25.1201  1.67
25.1301  1.82
25.1401  1.44
25.1501  1.68
25.1601  1.79
25.1701  1.47
25.1801  1.67
25.1901  1.58
25.2001  1.65
25.2101  1.5
25.2201  1.49
25.2301  1.56
25.2401  1.58
25.2501  1.88
25.2601  1.54
25.2701  1.55
25.2801  1.67
25.2901  1.57
25.3001  1.56
25.3101  1.61
25.3201  1.64
25.3301  1.55
25.3401  1.65
25.3501  1.63
25.3601  1.67
25.3701  1.47
25.3801  1.71
25.3901  1.58
25.4001  1.56
25.4101  1.63
25.4201  1.74
25.4301  1.5
25.4401  1.66
25.4501  1.53
25.4601  1.68
25.4701  1.39
25.4801  1.57
25.4901  1.81
25.5001  1.56
25.5101  1.53
25.5201  1.49
25.5301  1.69
25.5401  1.64
25.5501  1.79
25.5601  1.44
25.5701  1.51
25.5801  1.58
25.5901  1.5
25.6001  1.72
25.6101  1.64
25.6201  1.59
25.6301  1.63
25.6401  1.5
25.6501  1.74
25.6601  1.5
25.6701  1.47
25.6801  1.49
25.6901  1.62
25.7001  1.48
25.7101  1.75
25.7201  1.42
25.7301  1.64
25.7401  1.5
25.7501  1.59
25.7601  1.39
25.7701  1.48
25.7801  1.67
25.7901  1.47
25.8001  1.75
25.8101  1.74
25.8201  1.57
25.8301  1.41
25.8401  1.77
25.8501  1.84
25.8601  1.61
25.8701  1.82
25.8801  1.67
25.8901  1.45
25.9001  1.47
25.9101  1.7
25.9201  1.48
25.9301  1.79
25.9401  1.49
25.9501  1.9
25.9601  1.31
25.9701  1.5
25.9801  1.7
25.9901  1.59
26.0001  1.72
26.0101  1.71
26.0201  1.53
26.0301  1.61
26.0401  1.77
26.0501  1.52
26.0601  1.48
26.0701  1.89
26.0801  1.48
26.0901  1.69
26.1001  1.75
26.1101  1.61
26.1201  1.66
26.1301  1.77
26.1401  1.7
26.1501  1.45
26.1601  1.54
26.1701  1.61
26.1801  1.56
26.1901  1.48
26.2001  1.59
26.2101  1.76
26.2201  1.75
26.2301  1.9
26.2401  1.42
26.2501  1.81
26.2601  1.71
26.2701  1.78
26.2801  1.86
26.2901  1.76
26.3001  1.45
26.3101  1.62
26.3201  1.46
26.3301  1.65
26.3401  1.56
26.3501  1.61
26.3601  1.54
26.3701  1.58
26.3801  1.49
26.3901  1.51
26.4001  1.68
26.4101  1.5
26.4201  1.5
26.4301  1.77
26.4401  1.65
26.4501  1.53
26.4601  1.77
26.4701  1.55
26.4801  1.61
26.4901  1.7
26.5001  1.51
26.5101  1.58
26.5201  1.67
26.5301  1.66
26.5401  1.53
26.5501  1.57
26.5601  1.5
26.5701  1.37
26.5801  1.51
26.5901  1.71
26.6001  1.54
26.6101  1.42
26.6201  1.77
26.6301  1.55
26.6401  1.41
26.6501  1.47
26.6601  1.66
26.6701  1.64
26.6801  1.8
26.6901  1.46
26.7001  1.63
26.7101  1.44
26.7201  1.47
26.7301  1.43
26.7401  1.66
26.7501  1.73
26.7601  1.67
26.7701  1.54
26.7801  1.56
26.7901  1.47
26.8001  1.68
26.8101  1.59
26.8201  1.38
26.8301  1.47
26.8401  1.6
26.8501  1.66
26.8601  1.46
26.8701  1.63
26.8801  1.64
26.8901  1.58
26.9001  1.4
26.9101  1.58
26.9201  1.5
26.9301  1.44
26.9401  1.7
26.9501  1.7
26.9601  1.56
26.9701  1.66
26.9801  1.43
26.9901  1.64
27.0001  1.6
27.0101  1.49
27.0201  1.66
27.0301  1.62
27.0401  1.68
27.0501  1.65
27.0601  1.87
27.0701  1.58
27.0801  1.71
27.0901  1.79
27.1001  1.43
27.1101  1.75
27.1201  1.53
27.1301  1.49
27.1401  1.35
27.1501  1.91
27.1601  1.38
27.1701  1.71
27.1801  1.68
27.1901  1.48
27.2001  1.7
27.2101  1.62
27.2201  1.51
27.2301  1.78
27.2401  1.64
27.2501  1.8
27.2601  1.6
27.2701  1.45
27.2801  1.7
27.2901  1.76
27.3001  1.51
27.3101  1.65
27.3201  1.62
27.3301  1.73
27.3401  1.71
27.3501  1.59
27.3601  1.74
27.3701  1.73
27.3801  1.77
27.3901  1.53
27.4001  1.49
27.4101  1.59
27.4201  1.74
27.4301  1.69
27.4401  1.65
27.4501  1.77
27.4601  1.37
27.4701  1.54
27.4801  1.54
27.4901  1.53
27.5001  1.6
27.5101  1.66
27.5201  1.63
27.5301  1.47
27.5401  1.61
27.5501  1.42
27.5601  1.74
27.5701  1.6
27.5801  1.39
27.5901  1.53
27.6001  1.64
27.6101  1.65
27.6201  1.5
27.6301  1.62
27.6401  1.6
27.6501  1.54
27.6601  1.36
27.6701  1.66
27.6801  1.43
27.6901  1.51
27.7001  1.78
27.7101  1.51
27.7201  1.55
27.7301  1.45
27.7401  1.62
27.7501  1.55
27.7601  1.7
27.7701  1.59
27.7801  1.48
27.7901  1.53
27.8001  1.43
27.8101  1.82
27.8201  1.71
27.8301  1.48
27.8401  1.71
27.8501  1.22
27.8601  1.82
27.8701  1.43
27.8801  1.62
27.8901  1.5
27.9001  1.62
27.9101  1.54
27.9201  1.54
27.9301  1.35
27.9401  1.57
27.9501  1.52
27.9601  1.66
27.9701  1.57
27.9801  1.47
27.9901  1.77
28.0001  1.47
28.0101  1.5
28.0201  1.51
28.0301  1.47
28.0401  1.47
28.0501  1.4
28.0601  1.8
28.0701  1.43
28.0801  1.6
28.0901  1.6
28.1001  1.7
28.1101  1.77
28.1201  1.44
28.1301  1.45
28.1401  1.52
28.1501  1.46
28.1601  1.71
28.1701  1.64
28.1801  1.62
28.1901  1.61
28.2001  1.63
28.2101  1.6
28.2201  1.49
28.2301  1.66
28.2401  1.55
28.2501  1.59
28.2601  1.46
28.2701  1.78
28.2801  1.61
28.2901  1.79
28.3001  1.75
28.3101  1.53
28.3201  1.49
28.3301  1.94
28.3401  1.61
28.3501  1.67
28.3601  1.58
28.3701  1.57
28.3801  1.59
28.3901  1.69
28.4001  1.44
28.4101  1.61
28.4201  1.6
28.4301  1.65
28.4401  1.66
28.4501  1.71
28.4601  1.43
28.4701  1.5
28.4801  1.64
28.4901  1.47
28.5001  1.56
28.5101  1.82
28.5201  1.8
28.5301  1.56
28.5401  1.65
28.5501  1.86
28.5601  1.61
28.5701  1.51
28.5801  1.66
28.5901  1.62
28.6001  1.44
28.6101  1.55
28.6201  1.8
28.6301  1.68
28.6401  1.73
28.6501  1.66
28.6601  1.54
28.6701  1.66
28.6801  1.47
28.6901  1.52
28.7001  1.79
28.7101  1.52
28.7201  1.31
28.7301  1.43
28.7401  1.52
28.7501  1.44
28.7601  1.78
28.7701  1.42
28.7801  1.52
28.7901  1.54
28.8001  1.45
28.8101  1.66
28.8201  1.69
28.8301  1.65
28.8401  1.59
28.8501  1.53
28.8601  1.74
28.8701  1.48
28.8801  1.55
28.8901  1.47
28.9001  1.65
28.9101  1.62
28.9201  1.52
28.9301  1.65
28.9401  1.44
28.9501  1.63
28.9601  1.63
28.9701  1.4
28.9801  1.66
28.9901  1.71
29.0001  1.72
29.0101  1.78
29.0201  1.56
29.0301  1.44
29.0401  1.69
29.0501  1.48
29.0601  1.79
29.0701  1.57
29.0801  1.64
29.0901  1.34
29.1001  1.53
29.1101  1.75
29.1201  1.46
29.1301  1.4
29.1401  1.69
29.1501  1.53
29.1601  1.9
29.1701  1.25
29.1801  1.46
29.1901  1.8
29.2001  1.71
29.2101  1.68
29.2201  1.77
29.2301  1.59
29.2401  1.7
29.2501  1.49
29.2601  1.54
29.2701  1.65
29.2801  1.74
29.2901  1.33
29.3001  1.64
29.3101  1.58
29.3201  1.76
29.3301  1.7
29.3401  1.71
29.3501  1.74
29.3601  1.59
29.3701  1.99
29.3801  1.58
29.3901  1.49
29.4001  1.61
29.4101  1.75
29.4201  1.57
29.4301  1.43
29.4401  1.54
29.4501  1.58
29.4601  1.73
29.4701  1.42
29.4801  1.67
29.4901  1.63
29.5001  1.55
29.5101  1.82
29.5201  1.51
29.5301  1.89
29.5401  1.57
29.5501  1.64
29.5601  1.55
29.5701  1.52
29.5801  1.69
29.5901  1.73
29.6001  1.92
29.6101  1.57
29.6201  1.57
29.6301  1.6
29.6401  1.54
29.6501  1.57
29.6601  1.64
29.6701  1.6
29.6801  1.59
29.6901  1.69
29.7001  1.56
29.7101  1.61
29.7201  1.78
29.7301  1.48
29.7401  1.69
29.7501  1.59
29.7601  1.57
29.7701  1.6
29.7801  1.63
29.7901  1.73
29.8001  1.69
29.8101  1.57
29.8201  1.67
29.8301  1.64
29.8401  1.72
29.8501  1.59
29.8601  1.41
29.8701  1.44
29.8801  1.78
29.8901  1.83
29.9001  1.55
29.9101  1.8
29.9201  1.52
29.9301  1.7
29.9401  1.67
29.9501  1.45
29.9601  1.65
29.9701  1.62
29.9801  1.48
29.9901  1.55
30.0001  1.68
30.0101  1.53
30.0201  1.52
30.0301  1.63
30.0401  1.64
30.0501  1.49
30.0601  1.46
30.0701  1.75
30.0801  1.66
30.0901  1.76
30.1001  1.68
30.1101  1.55
30.1201  1.54
30.1301  1.71
30.1401  1.71
30.1501  1.62
30.1601  1.47
30.1701  1.56
30.1801  1.45
30.1901  1.94
30.2001  1.69
30.2101  1.58
30.2201  1.53
30.2301  1.64
30.2401  1.48
30.2501  1.46
30.2601  1.58
30.2701  1.69
30.2801  1.64
30.2901  1.7
30.3001  1.66
30.3101  1.82
30.3201  1.68
30.3301  1.41
30.3401  1.61
30.3501  1.55
30.3601  1.62
30.3701  1.65
30.3801  1.41
30.3901  1.69
30.4001  1.55
30.4101  1.71
30.4201  1.54
30.4301  1.54
30.4401  1.45
30.4501  1.4
30.4601  1.68
30.4701  1.54
30.4801  1.47
30.4901  1.59
30.5001  1.83
30.5101  1.6
30.5201  1.63
30.5301  1.45
30.5401  1.59
30.5501  1.74
30.5601  1.55
30.5701  1.76
30.5801  1.68
30.5901  1.62
30.6001  1.57
30.6101  1.83
30.6201  1.81
30.6301  1.4
30.6401  1.53
30.6501  1.58
30.6601  1.71
30.6701  1.67
30.6801  1.51
30.6901  1.37
30.7001  1.53
30.7101  1.72
30.7201  1.6
30.7301  1.65
30.7401  1.5
30.7501  1.78
30.7601  1.44
30.7701  1.59
30.7801  1.55
30.7901  1.83
30.8001  1.89
30.8101  1.69
30.8201  1.45
30.8301  1.64
30.8401  1.77
30.8501  1.64
30.8601  1.77
30.8701  1.45
30.8801  1.52
30.8901  1.64
30.9001  1.46
30.9101  1.55
30.9201  1.73
30.9301  1.39
30.9401  1.59
30.9501  1.74
30.9601  1.57
30.9701  1.49
30.9801  1.84
30.9901  1.55
31.0001  1.7
31.0101  1.47
31.0201  1.65
31.0301  1.57
31.0401  1.64
31.0501  1.81
31.0601  1.76
31.0701  1.52
31.0801  1.61
31.0901  1.48
31.1001  1.73
31.1101  1.45
31.1201  1.36
31.1301  1.51
31.1401  1.51
31.1501  1.74
31.1601  1.82
31.1701  1.65
31.1801  1.55
31.1901  1.39
31.2001  1.51
31.2101  1.75
31.2201  1.48
31.2301  1.44
31.2401  1.7
31.2501  1.76
31.2601  1.42
31.2701  1.81
31.2801  1.44
31.2901  1.6
31.3001  1.52
31.3101  1.63
31.3201  1.7
31.3301  1.64
31.3401  1.36
31.3501  1.65
31.3601  1.77
31.3701  1.57
31.3801  1.47
31.3901  1.79
31.4001  1.79
31.4101  1.31
31.4201  1.58
31.4301  1.54
31.4401  1.71
31.4501  1.5
31.4601  1.44
31.4701  1.67
31.4801  1.76
31.4901  1.52
31.5001  1.6
31.5101  1.52
31.5201  1.67
31.5301  1.77
31.5401  1.82
31.5501  1.65
31.5601  1.53
31.5701  1.7
31.5801  1.53
31.5901  1.55
31.6001  1.46
31.6101  1.53
31.6201  1.43
31.6301  1.61
31.6401  1.54
31.6501  1.75
31.6601  1.56
31.6701  1.86
31.6801  1.45
31.6901  1.76
31.7001  1.66
31.7101  1.73
31.7201  1.48
31.7301  1.42
31.7401  1.44
31.7501  1.62
31.7601  1.95
31.7701  1.44
31.7801  1.65
31.7901  1.47
31.8001  1.75
31.8101  1.7
31.8201  1.74
31.8301  1.8
31.8401  1.74
31.8501  1.75
31.8601  1.52
31.8701  1.5
31.8801  1.57
31.8901  1.62
31.9001  1.63
31.9101  1.55
31.9201  1.72
31.9301  1.67
31.9401  1.69
31.9501  1.46
31.9601  1.63
31.9701  1.66
31.9801  1.55
31.9901  1.58
32.0001  1.65
32.0101  1.65
32.0201  1.64
32.0301  1.58
32.0401  1.69
32.0501  1.56
32.0601  1.74
32.0701  1.43
32.0801  1.75
32.0901  1.76
32.1001  1.78
32.1101  1.59
32.1201  1.35
32.1301  1.47
32.1401  1.52
32.1501  1.37
32.1601  1.58
32.1701  1.8
32.1801  1.52
32.1901  1.66
32.2001  1.46
32.2101  1.95
32.2201  1.55
32.2301  1.5
32.2401  1.82
32.2501  1.47
32.2601  1.41
32.2701  1.54
32.2801  1.72
32.2901  1.62
32.3001  1.4
32.3101  1.48
32.3201  1.5
32.3301  1.75
32.3401  1.39
32.3501  1.65
32.3601  1.39
32.3701  1.79
32.3801  1.61
32.3901  1.73
32.4001  1.64
32.4101  1.41
32.4201  1.52
32.4301  1.41
32.4401  1.79
32.4501  1.5
32.4601  1.65
32.4701  1.39
32.4801  1.58
32.4901  1.48
32.5001  1.69
32.5101  1.43
32.5201  1.46
32.5301  1.46
32.5401  1.72
32.5501  1.56
32.5601  1.47
32.5701  1.69
32.5801  1.71
32.5901  1.29
32.6001  1.56
32.6101  1.62
32.6201  1.8
32.6301  1.37
32.6401  1.54
32.6501  1.5
32.6601  1.7
32.6701  1.58
32.6801  1.66
32.6901  1.65
32.7001  1.58
32.7101  1.58
32.7201  1.65
32.7301  1.5
32.7401  1.39
32.7501  1.56
32.7601  1.48
32.7701  1.59
32.7801  1.64
32.7901  1.51
32.8001  1.52
32.8101  1.75
32.8201  1.63
32.8301  1.8
32.8401  1.69
32.8501  1.77
32.8601  1.62
32.8701  1.66
32.8801  1.52
32.8901  1.46
32.9001  1.52
32.9101  1.61
32.9201  1.48
32.9301  1.66
32.9401  1.7
32.9501  1.58
32.9601  1.68
32.9701  1.85
32.9801  1.68
32.9901  1.4
33.0001  1.79
33.0101  1.63
33.0201  1.54
33.0301  1.6
33.0401  1.62
33.0501  1.53
33.0601  1.76
33.0701  1.52
33.0801  1.64
33.0901  1.58
33.1001  1.39
33.1101  1.63
33.1201  1.6
33.1301  1.64
33.1401  1.85
33.1501  1.45
33.1601  1.65
33.1701  1.6
33.1801  1.67
33.1901  1.57
33.2001  1.82
33.2101  1.55
33.2201  1.48
33.2301  1.76
33.2401  1.75
33.2501  1.33
33.2601  1.82
33.2701  1.55
33.2801  1.52
33.2901  1.62
33.3001  1.64
33.3101  1.76
33.3201  1.62
33.3301  1.52
33.3401  1.47
33.3501  1.56
33.3601  1.67
33.3701  1.51
33.3801  1.62
33.3901  1.63
33.4001  1.59
33.4101  1.52
33.4201  1.57
33.4301  1.53
33.4401  1.69
33.4501  1.59
33.4601  1.75
33.4701  1.59
33.4801  1.74
33.4901  1.57
33.5001  1.61
33.5101  1.42
33.5201  1.53
33.5301  1.52
33.5401  1.51
33.5501  1.39
33.5601  1.34
33.5701  1.46
33.5801  1.78
33.5901  1.51
33.6001  1.7
33.6101  1.47
33.6201  1.78
33.6301  1.69
33.6401  1.38
33.6501  1.72
33.6601  1.65
33.6701  1.5
33.6801  1.41
33.6901  1.61
33.7001  1.7
33.7101  1.43
33.7201  1.4
33.7301  1.67
33.7401  1.47
33.7501  1.71
33.7601  1.34
33.7701  1.74
33.7801  1.54
33.7901  1.58
33.8001  1.49
33.8101  1.64
33.8201  1.62
33.8301  1.67
33.8401  1.51
33.8501  1.48
33.8601  1.52
33.8701  1.53
33.8801  1.49
33.8901  1.63
33.9001  1.53
33.9101  1.55
33.9201  1.78
33.9301  1.65
33.9401  1.62
33.9501  1.49
33.9601  1.57
33.9701  1.66
33.9801  1.69
33.9901  1.72
34.0001  1.6
34.0101  1.41
34.0201  1.47
34.0301  1.54
34.0401  1.68
34.0501  1.8
34.0601  1.52
34.0701  1.87
34.0801  1.6
34.0901  1.63
34.1001  1.61
34.1101  1.69
34.1201  1.58
34.1301  1.45
34.1401  1.6
34.1501  1.55
34.1601  1.62
34.1701  1.84
34.1801  1.69
34.1901  1.62
34.2001  1.79
34.2101  1.66
34.2201  1.61
34.2301  1.58
34.2401  1.76
34.2501  1.51
34.2601  1.49
34.2701  1.72
34.2801  1.56
34.2901  1.55
34.3001  1.76
34.3101  1.6
34.3201  1.74
34.3301  1.69
34.3401  1.55
34.3501  1.57
34.3601  1.5
34.3701  1.71
34.3801  1.57
34.3901  1.54
34.4001  1.61
34.4101  1.49
34.4201  1.88
34.4301  1.6
34.4401  1.74
34.4501  1.5
34.4601  1.53
34.4701  1.69
34.4801  1.52
34.4901  1.37
34.5  1.52
34.51  1.72
34.52  1.42
34.53  1.96
34.54  1.43
34.55  1.58
34.56  1.73
34.57  1.66
34.58  1.41
34.59  1.62
34.6  1.52
34.61  1.57
34.62  1.59
34.63  1.6
34.64  1.7
34.65  1.31
34.66  1.58
34.67  1.58
34.68  1.73
34.69  1.41
34.7  1.76
34.71  1.61
34.72  1.43
34.73  1.47
34.74  1.6
34.75  1.62
34.76  1.52
34.77  1.58
34.78  1.49
34.79  1.79
34.8  1.51
34.81  1.64
34.82  1.49
34.83  1.73
34.84  1.5
34.85  1.67
34.86  1.49
34.87  1.8
34.88  1.57
34.89  1.73
34.9  1.42
34.91  1.57
34.92  1.47
34.93  1.58
34.94  1.63
34.95  1.73
34.96  1.43
34.97  1.64
34.98  1.41
34.99  1.36
35  1.49
35.01  1.65
35.02  1.66
35.03  1.65
35.04  1.85
35.05  1.63
35.06  1.62
35.07  1.59
35.08  1.63
35.09  1.4
35.1  1.56
35.11  1.65
35.12  1.61
35.13  1.6
35.14  1.39
35.15  1.66
35.16  1.46
35.17  1.4
35.18  1.47
35.19  1.66
35.2  1.8
35.21  1.98
35.22  1.49
35.23  1.56
35.24  1.53
35.25  1.57
35.26  1.58
35.27  1.29
35.28  1.48
35.29  1.55
35.3  1.74
35.31  1.78
35.32  1.47
35.33  1.63
35.34  1.42
35.35  1.73
35.36  1.43
35.37  1.52
35.38  1.7
35.39  1.54
35.4  1.68
35.41  1.61
35.42  1.61
35.43  1.7
35.44  1.62
35.45  1.58
35.46  1.68
35.47  1.68
35.48  1.58
35.49  1.5
35.5  1.67
35.51  1.69
35.52  1.8
35.53  1.66
35.54  1.71
35.55  1.35
35.56  1.48
35.57  1.56
35.58  1.58
35.59  1.59
35.6  1.4
35.61  1.49
35.62  1.39
35.63  1.73
35.64  1.91
35.65  1.67
35.66  1.65
35.67  1.65
35.68  1.62
35.69  1.57
35.7  1.56
35.71  1.58
35.72  1.43
35.73  1.62
35.74  1.67
35.75  1.49
35.76  1.58
35.77  1.53
35.78  1.55
35.79  1.63
35.8  1.61
35.81  1.5
35.82  1.67
35.83  1.54
35.84  1.4
35.85  1.45
35.86  1.81
35.87  1.76
35.88  1.66
35.89  1.44
35.9  1.69
35.91  1.6
35.92  1.61
35.93  1.67
35.94  1.47
35.95  1.33
35.96  1.64
35.97  1.5
35.98  1.64
35.99  1.39
36  1.85
36.01  1.77
36.02  1.43
36.03  1.61
36.04  1.6
36.05  1.67
36.06  1.47
36.07  1.39
36.08  1.48
36.09  1.45
36.1  1.48
36.11  1.61
36.12  1.57
36.13  1.57
36.14  1.68
36.15  1.63
36.16  1.77
36.17  1.58
36.18  1.46
36.19  1.49
36.2  1.67
36.21  1.87
36.22  1.58
36.23  1.56
36.24  1.62
36.25  1.53
36.26  1.49
36.27  1.42
36.28  1.61
36.29  1.53
36.3  1.53
36.31  1.68
36.32  1.45
36.33  1.64
36.34  1.62
36.35  1.55
36.36  1.61
36.37  1.64
36.38  1.43
36.39  1.8
36.4  1.67
36.41  1.83
36.42  1.47
36.43  1.56
36.44  1.68
36.45  1.58
36.46  1.56
36.47  1.76
36.48  1.34
36.49  1.57
36.5  1.81
36.51  1.63
36.52  1.67
36.53  1.53
36.54  1.54
36.55  1.89
36.56  1.65
36.57  1.68
36.58  1.48
36.59  1.6
36.6  1.53
36.61  1.86
36.62  1.67
36.63  1.52
36.64  1.45
36.65  1.61
36.66  1.72
36.67  1.78
36.68  1.61
36.69  1.62
36.7  1.77
36.71  1.44
36.72  1.75
36.73  1.71
36.74  1.68
36.75  1.56
36.76  1.59
36.77  1.62
36.78  1.46
36.79  1.67
36.8  1.78
36.81  1.74
36.82  1.52
36.83  1.54
36.84  1.37
36.85  1.63
36.86  1.7
36.87  1.56
36.88  1.53
36.89  1.77
36.9  1.42
36.91  1.78
36.92  1.59
36.93  1.76
36.94  1.65
36.95  1.44
36.96  1.53
36.97  1.49
36.98  1.56
36.99  1.82
37  1.72
37.01  1.58
37.02  1.56
37.03  1.58
37.04  1.7
37.05  1.62
37.06  1.76
37.07  1.59
37.08  1.69
37.09  1.53
37.1  1.54
37.11  1.58
37.12  1.7
37.13  1.53
37.14  1.55
37.15  1.39
37.16  1.75
37.17  1.57
37.18  1.56
37.19  1.45
37.2  1.56
37.21  1.52
37.22  1.68
37.23  1.85
37.24  1.93
37.25  1.73
37.26  1.57
37.27  1.65
37.28  1.38
37.29  1.79
37.3  1.81
37.31  1.57
37.32  1.6
37.33  1.69
37.34  1.54
37.35  1.68
37.36  1.67
37.37  1.95
37.38  1.59
37.39  1.39
37.4  1.46
37.41  1.52
37.42  1.53
37.43  1.63
37.44  1.94
37.45  1.71
37.46  1.54
37.47  1.52
37.48  1.86
37.49  1.48
37.5  1.67
37.51  1.59
37.52  1.65
37.53  1.5
37.54  1.44
37.55  1.57
37.56  1.79
37.57  1.64
37.58  1.63
37.59  1.88
37.6  1.5
37.61  1.6
37.62  1.42
37.63  1.54
37.64  1.74
37.65  1.59
37.66  1.53
37.67  1.53
37.68  1.68
37.69  1.47
37.7  1.76
37.71  1.64
37.72  1.4
37.73  1.53
37.74  1.54
37.75  1.47
37.76  1.5
37.77  1.63
37.78  1.52
37.79  1.61
37.8  1.34
37.81  1.8
37.82  1.66
37.83  1.62
37.84  1.71
37.85  1.59
37.86  1.59
37.87  1.63
37.88  1.7
37.89  1.65
37.9  1.65
37.91  1.81
37.92  1.44
37.93  1.68
37.94  1.39
37.95  1.49
37.96  1.66
37.97  1.63
37.98  1.46
37.99  1.73
38  1.5
38.01  1.5
38.02  1.71
38.03  1.67
38.04  1.66
38.05  1.56
38.06  1.41
38.07  1.59
38.08  1.49
38.09  1.47
38.1  1.48
38.11  1.77
38.12  1.63
38.13  1.69
38.14  1.66
38.15  1.65
38.16  1.69
38.17  1.5
38.18  1.49
38.19  1.33
38.2  1.84
38.21  1.82
38.22  1.63
38.23  1.82
38.24  1.49
38.25  1.75
38.26  1.66
38.27  1.58
38.28  1.38
38.29  1.62
38.3  1.81
38.31  1.69
38.32  1.36
38.33  1.77
38.34  1.59
38.35  1.62
38.36  1.35
38.37  1.64
38.38  1.46
38.39  1.56
38.4  1.65
38.41  1.73
38.42  1.48
38.43  1.67
38.44  1.74
38.45  1.7
38.46  1.65
38.47  1.43
38.48  1.47
38.49  1.48
38.5  1.57
38.51  1.55
38.52  1.54
38.53  1.49
38.54  1.8
38.55  1.77
38.56  1.66
38.57  1.67
38.58  1.58
38.59  1.65
38.6  1.62
38.61  1.61
38.62  1.52
38.63  1.73
38.64  1.72
38.65  1.66
38.66  1.57
38.67  1.65
38.68  1.57
38.69  1.42
38.7  1.58
38.71  1.9
38.72  1.51
38.73  1.76
38.74  1.66
38.75  1.73
38.76  1.55
38.77  1.59
38.78  1.7
38.79  1.48
38.8  1.39
38.81  1.68
38.82  1.6
38.83  1.56
38.84  1.52
38.85  1.53
38.86  1.76
38.87  1.68
38.88  1.44
38.89  1.78
38.9  1.78
38.91  1.58
38.92  1.88
38.93  1.74
38.94  1.75
38.95  1.6
38.96  1.72
38.97  1.71
38.98  1.63
38.99  1.46
39  1.52
39.01  1.32
39.02  1.5
39.03  1.53
39.04  1.58
39.05  1.64
39.06  1.72
39.07  1.31
39.08  1.59
39.09  1.67
39.1  1.48
39.11  1.72
39.12  1.4
39.13  1.55
39.14  1.67
39.15  1.51
39.16  1.38
39.17  1.46
39.18  1.73
39.19  1.44
39.2  1.49
39.21  1.78
39.22  1.63
39.23  1.54
39.24  1.45
39.25  1.55
39.26  1.6
39.27  1.63
39.28  1.71
39.29  1.65
39.3  1.5
39.31  1.5
39.32  1.8
39.33  1.44
39.34  1.64
39.35  1.58
39.36  1.34
39.37  1.67
39.38  1.59
39.39  1.69
39.4  1.74
39.41  1.78
39.42  1.63
39.43  1.48
39.44  1.62
39.45  1.71
39.46  1.65
39.47  1.62
39.48  1.36
39.49  1.63
39.5  1.64
39.51  1.72
39.52  1.69
39.53  1.61
39.54  1.56
39.55  1.67
39.56  1.26
39.57  1.42
39.58  1.38
39.59  1.9
39.6  1.63
39.61  1.69
39.62  1.7
39.63  1.64
39.64  1.67
39.65  1.77
39.66  1.78
39.67  1.52
39.68  1.43
39.69  1.61
39.7  1.64
39.71  1.63
39.72  1.71
39.73  1.79
39.74  1.79
39.75  1.52
39.76  1.65
39.77  1.45
39.78  1.67
39.79  1.55
39.8  1.56
39.81  1.52
39.82  1.73
39.83  1.62
39.84  1.59
39.85  1.56
39.86  1.59
39.87  1.55
39.88  1.71
39.89  1.74
39.9  1.78
39.91  1.49
39.92  1.62
39.93  1.6
39.94  1.74
39.95  1.62
39.96  1.62
39.97  1.47
39.98  1.64
39.99  1.8
