-15  0
-14.99  0
-14.98  0
-14.97  0
-14.96  0
-14.95  0.04
-14.94  0
-14.93  0.04
-14.92  0
-14.91  0.04
-14.9  0.04
-14.89  0.04
-14.88  0.04
-14.87  0.04
-14.86  0.04
-14.85  0.04
-14.84  0.12
-14.83  0.04
-14.82  0.08
-14.81  0.12
-14.8  0.08
-14.79  0.12
-14.78  0.12
-14.77  0.16
-14.76  0.16
-14.75  0.16
-14.74  0.24
-14.73  0.28
-14.72  0.32
-14.71  0.32
-14.7  0.44
-14.69  0.48
-14.68  0.68
-14.67  0.84
-14.66  1.16
-14.65  1.64
-14.64  2.4
-14.63  4
-14.62  7.6
-14.61  15.28
-14.6  22.6
-14.59  15.56
-14.58  7.64
-14.57  4.04
-14.56  2.52
-14.55  1.6
-14.54  1.24
-14.53  0.84
-14.52  0.68
-14.51  0.56
-14.5  0.44
-14.49  0.36
-14.48  0.32
-14.47  0.36
-14.46  0.24
-14.45  0.2
-14.44  0.2
-14.43  0.16
-14.42  0.16
-14.41  0.2
-14.4  0.16
-14.39  0.12
-14.38  0.12
-14.37  0.12
-14.36  0.16
-14.35  0.16
-14.34  0.08
-14.33  0.08
-14.32  0.12
-14.31  0.16
-14.3  0.08
-14.29  0.12
-14.28  0.08
-14.27  0.16
-14.26  0.08
-14.25  0.08
-14.24  0.12
-14.23  0.12
-14.22  0.12
-14.21  0.08
-14.2  0.16
-14.19  0.08
-14.18  0.12
-14.17  0.16
-14.16  0.2
-14.15  0.12
-14.14  0.16
-14.13  0.16
-14.12  0.12
-14.11  0.16
-14.1  0.2
-14.09  0.16
-14.08  0.2
-14.07  0.16
-14.06  0.24
-14.05  0.24
-14.04  0.28
-14.03  0.28
-14.02  0.24
-14.01  0.28
-14  0.32
-13.99  0.36
-13.98  0.4
-13.97  0.44
-13.96  0.44
-13.95  0.52
-13.94  0.6
-13.93  0.68
-13.92  0.76
-13.91  0.84
-13.9  0.92
-13.89  1.2
-13.88  1.32
-13.87  1.68
-13.86  2.04
-13.85  2.48
-13.84  3.24
-13.83  4.12
-13.82  5.2
-13.81  6.28
-13.8  7.48
-13.79  7.96
-13.78  7.36
-13.77  6.36
-13.76  5.2
-13.75  4
-13.74  3.2
-13.73  2.56
-13.72  2
-13.71  1.64
-13.7  1.4
-13.69  1.2
-13.68  1.04
-13.67  0.88
-13.66  0.72
-13.65  0.68
-13.64  0.6
-13.63  0.56
-13.62  0.48
-13.61  0.6
-13.6  0.4
-13.59  0.36
-13.58  0.44
-13.57  0.28
-13.56  0.32
-13.55  0.36
-13.54  0.24
-13.53  0.32
-13.52  0.28
-13.51  0.24
-13.5  0.24
-13.49  0.28
-13.48  0.32
-13.47  0.28
-13.46  0.24
-13.45  0.16
-13.44  0.32
-13.43  0.16
-13.42  0.24
-13.41  0.28
-13.4  0.28
-13.39  0.32
-13.38  0.24
-13.37  0.2
-13.36  0.28
-13.35  0.24
-13.34  0.28
-13.33  0.24
-13.32  0.28
-13.31  0.28
-13.3  0.32
-13.29  0.32
-13.28  0.32
-13.27  0.28
-13.26  0.36
-13.25  0.4
-13.24  0.36
-13.23  0.44
-13.22  0.48
-13.21  0.52
-13.2  0.52
-13.19  0.48
-13.18  0.64
-13.17  0.64
-13.16  0.68
-13.15  0.68
-13.14  0.8
-13.13  0.88
-13.12  0.96
-13.11  1.04
-13.1  1.28
-13.09  1.4
-13.08  1.56
-13.07  1.84
-13.06  2.12
-13.05  2.32
-13.04  2.72
-13.03  3.28
-13.02  3.52
-13.01  4.04
-13  4.48
-12.99  4.68
-12.98  4.8
-12.97  4.72
-12.96  4.48
-12.95  3.96
-12.94  3.64
-12.93  3.12
-12.92  2.72
-12.91  2.44
-12.9  2.04
-12.89  1.8
-12.88  1.6
-12.87  1.32
-12.86  1.32
-12.85  1.12
-12.84  0.96
-12.83  0.92
-12.82  0.84
-12.81  0.84
-12.8  0.72
-12.79  0.68
-12.78  0.56
-12.77  0.56
-12.76  0.6
-12.75  0.48
-12.74  0.52
-12.73  0.48
-12.72  0.48
-12.71  0.4
-12.7  0.4
-12.69  0.36
-12.68  0.44
-12.67  0.44
-12.66  0.36
-12.65  0.4
-12.64  0.36
-12.63  0.36
-12.62  0.32
-12.61  0.4
-12.6  0.36
-12.59  0.4
-12.58  0.36
-12.57  0.32
-12.56  0.32
-12.55  0.44
-12.54  0.36
-12.53  0.44
-12.52  0.44
-12.51  0.4
-12.5  0.4
-12.49  0.44
-12.48  0.52
-12.47  0.44
-12.46  0.48
-12.45  0.48
-12.44  0.48
-12.43  0.48
-12.42  0.6
-12.41  0.6
-12.4  0.64
-12.39  0.64
-12.38  0.8
-12.37  0.72
-12.36  0.76
-12.35  0.92
-12.34  0.88
-12.33  0.96
-12.32  1.12
-12.31  1.24
-12.3  1.4
-12.29  1.44
-12.28  1.56
-12.27  1.8
-12.26  1.88
-12.25  2.12
-12.24  2.32
-12.23  2.56
-12.22  2.84
-12.21  2.88
-12.2  3.2
-12.19  3.32
-12.18  3.56
-12.17  3.56
-12.16  3.36
-12.15  3.52
-12.14  3.08
-12.13  3
-12.12  2.72
-12.11  2.56
-12.1  2.4
-12.09  2.04
-12.08  2
-12.07  1.76
-12.06  1.56
-12.05  1.4
-12.04  1.4
-12.03  1.24
-12.02  1.12
-12.01  1
-12  1
-11.99  0.84
-11.98  0.84
-11.97  0.76
-11.96  0.8
-11.95  0.72
-11.94  0.76
-11.93  0.56
-11.92  0.64
-11.91  0.6
-11.9  0.6
-11.89  0.52
-11.88  0.52
-11.87  0.6
-11.86  0.4
-11.85  0.56
-11.84  0.52
-11.83  0.44
-11.82  0.56
-11.81  0.52
-11.8  0.48
-11.79  0.44
-11.78  0.4
-11.77  0.68
-11.76  0.4
-11.75  0.44
-11.74  0.56
-11.73  0.44
-11.72  0.48
-11.71  0.56
-11.7  0.52
-11.69  0.48
-11.68  0.64
-11.67  0.56
-11.66  0.56
-11.65  0.6
-11.64  0.6
-11.63  0.68
-11.62  0.64
-11.61  0.72
-11.6  0.76
-11.59  0.72
-11.58  0.76
-11.57  0.8
-11.56  0.92
-11.55  0.96
-11.54  1.04
-11.53  1.08
-11.52  1.28
-11.51  1.16
-11.5  1.28
-11.49  1.36
-11.48  1.6
-11.47  1.56
-11.46  1.8
-11.45  1.96
-11.44  2
-11.43  2.16
-11.42  2.16
-11.41  2.48
-11.4  2.6
-11.39  2.68
-11.38  2.68
-11.37  2.8
-11.36  2.76
-11.35  2.84
-11.34  2.72
-11.33  2.72
-11.32  2.48
-11.31  2.52
-11.3  2.24
-11.29  2.16
-11.28  1.96
-11.27  2
-11.26  1.72
-11.25  1.6
-11.24  1.52
-11.23  1.44
-11.22  1.24
-11.21  1.36
-11.2  1.2
-11.19  1.04
-11.18  1.08
-11.17  0.88
-11.16  0.96
-11.15  0.88
-11.14  0.92
-11.13  0.8
-11.12  0.72
-11.11  0.76
-11.1  0.72
-11.09  0.64
-11.08  0.68
-11.07  0.64
-11.06  0.68
-11.05  0.68
-11.04  0.64
-11.03  0.6
-11.02  0.6
-11.01  0.52
-11  0.68
-10.99  0.6
-10.98  0.56
-10.97  0.64
-10.96  0.64
-10.95  0.56
-10.94  0.56
-10.93  0.52
-10.92  0.52
-10.91  0.68
-10.9  0.68
-10.89  0.56
-10.88  0.6
-10.87  0.72
-10.86  0.68
-10.85  0.68
-10.84  0.64
-10.83  0.8
-10.82  0.8
-10.81  0.76
-10.8  0.84
-10.79  0.8
-10.78  0.84
-10.77  1
-10.76  0.84
-10.75  1.04
-10.74  1.12
-10.73  1.08
-10.72  1.24
-10.71  1.16
-10.7  1.36
-10.69  1.32
-10.68  1.4
-10.67  1.4
-10.66  1.68
-10.65  1.68
-10.64  1.84
-10.63  1.96
-10.62  1.96
-10.61  2.12
-10.6  2.12
-10.59  2.36
-10.58  2.2
-10.57  2.32
-10.56  2.24
-10.55  2.56
-10.54  2.24
-10.53  2.36
-10.52  2.32
-10.51  2.16
-10.5  2.24
-10.49  1.96
-10.48  1.96
-10.47  2
-10.46  1.68
-10.45  1.68
-10.44  1.76
-10.43  1.52
-10.42  1.48
-10.41  1.44
-10.4  1.24
-10.39  1.4
-10.38  1.04
-10.37  1.2
-10.36  1.08
-10.35  0.92
-10.34  0.92
-10.33  0.96
-10.32  1
-10.31  0.84
-10.3  0.92
-10.29  0.84
-10.28  0.8
-10.27  0.72
-10.26  0.72
-10.25  0.76
-10.24  0.76
-10.23  0.68
-10.22  0.84
-10.21  0.64
-10.2  0.64
-10.19  0.76
-10.18  0.68
-10.17  0.64
-10.16  0.68
-10.15  0.72
-10.14  0.64
-10.13  0.72
-10.12  0.84
-10.11  0.72
-10.1  0.6
-10.09  0.64
-10.08  0.76
-10.07  0.68
-10.06  0.8
-10.05  0.68
-10.04  0.76
-10.03  0.84
-10.02  0.76
-10.01  0.8
-10  1
-9.99  0.88
-9.98  0.8
-9.97  1.04
-9.96  1
-9.95  1.08
-9.94  1.08
-9.93  1.08
-9.92  1.16
-9.91  1.2
-9.9  1.28
-9.89  1.32
-9.88  1.48
-9.87  1.36
-9.86  1.52
-9.85  1.64
-9.84  1.56
-9.83  1.76
-9.82  1.76
-9.81  1.84
-9.8  1.96
-9.79  1.84
-9.78  2.08
-9.77  1.96
-9.76  2.08
-9.75  2.04
-9.74  2.08
-9.73  2.16
-9.72  2.04
-9.71  1.88
-9.7  2.08
-9.69  1.96
-9.68  1.96
-9.67  1.76
-9.66  1.8
-9.65  1.68
-9.64  1.64
-9.63  1.68
-9.62  1.44
-9.61  1.52
-9.6  1.44
-9.59  1.36
-9.58  1.24
-9.57  1.28
-9.56  1.12
-9.55  1.12
-9.54  1
-9.53  1.08
-9.52  1.08
-9.51  0.96
-9.5  0.96
-9.49  0.96
-9.48  0.92
-9.47  0.88
-9.46  0.92
-9.45  0.84
-9.44  0.76
-9.43  0.84
-9.42  0.84
-9.41  0.88
-9.4  0.72
-9.39  0.72
-9.38  0.8
-9.37  0.76
-9.36  0.68
-9.35  0.84
-9.34  0.84
-9.33  0.72
-9.32  0.72
-9.31  0.76
-9.3  0.8
-9.29  0.72
-9.28  0.96
-9.27  0.76
-9.26  0.88
-9.25  0.8
-9.24  0.8
-9.23  0.88
-9.22  0.8
-9.21  0.92
-9.2  0.84
-9.19  1.04
-9.18  0.92
-9.17  1.08
-9.16  1
-9.15  0.92
-9.14  1.04
-9.13  1.08
-9.12  1.32
-9.11  1.12
-9.1  1.32
-9.09  1.32
-9.08  1.32
-9.07  1.52
-9.06  1.32
-9.05  1.52
-9.04  1.52
-9.03  1.64
-9.02  1.44
-9.01  1.8
-9  1.56
-8.99  1.72
-8.98  1.96
-8.97  1.88
-8.96  1.64
-8.95  2
-8.94  1.76
-8.93  1.96
-8.92  1.84
-8.91  1.84
-8.9  1.84
-8.89  2
-8.88  1.76
-8.87  1.68
-8.86  1.72
-8.85  1.76
-8.84  1.52
-8.83  1.52
-8.82  1.52
-8.81  1.48
-8.8  1.52
-8.79  1.32
-8.78  1.28
-8.77  1.36
-8.76  1.2
-8.75  1.2
-8.74  1.2
-8.73  1.24
-8.72  1.12
-8.71  1.12
-8.7  1
-8.69  1
-8.68  1.08
-8.67  1.04
-8.66  0.92
-8.65  1
-8.64  1
-8.63  0.8
-8.62  0.96
-8.61  0.88
-8.6  0.76
-8.59  0.8
-8.58  0.88
-8.57  0.84
-8.56  0.92
-8.55  0.84
-8.54  0.84
-8.53  0.8
-8.52  0.8
-8.51  0.88
-8.5  0.88
-8.49  0.76
-8.48  0.8
-8.47  0.96
-8.46  0.8
-8.45  0.92
-8.44  0.88
-8.43  0.96
-8.42  0.84
-8.41  1.04
-8.4  1.04
-8.39  0.88
-8.38  1.12
-8.37  0.84
-8.36  1.08
-8.35  1.24
-8.34  1.08
-8.33  1.04
-8.32  1.12
-8.31  1.2
-8.3  1.2
-8.29  1.32
-8.28  1.16
-8.27  1.36
-8.26  1.48
-8.25  1.28
-8.24  1.36
-8.23  1.44
-8.22  1.72
-8.21  1.56
-8.2  1.44
-8.19  1.6
-8.18  1.68
-8.17  1.8
-8.16  1.64
-8.15  1.76
-8.14  1.64
-8.13  1.76
-8.12  1.8
-8.11  1.6
-8.1  1.8
-8.09  1.76
-8.08  1.72
-8.07  1.52
-8.06  1.68
-8.05  1.64
-8.04  1.6
-8.03  1.44
-8.02  1.56
-8.01  1.52
-8  1.44
-7.99  1.52
-7.98  1.32
-7.97  1.4
-7.96  1.28
-7.95  1.24
-7.94  1.28
-7.93  1.16
-7.92  1.12
-7.91  1.16
-7.9  1.08
-7.89  1.16
-7.88  1.12
-7.87  1.08
-7.86  1.04
-7.85  0.92
-7.84  1.04
-7.83  0.88
-7.82  0.96
-7.81  1
-7.8  0.88
-7.79  1.04
-7.78  0.96
-7.77  0.96
-7.76  0.88
-7.75  0.92
-7.74  0.96
-7.73  0.84
-7.72  0.92
-7.71  0.88
-7.7  0.88
-7.69  0.8
-7.68  0.96
-7.67  0.92
-7.66  0.84
-7.65  0.96
-7.64  1
-7.63  0.96
-7.62  1
-7.61  0.96
-7.6  0.96
-7.59  1.16
-7.58  1
-7.57  1
-7.56  1.04
-7.55  0.96
-7.54  1.16
-7.53  1.2
-7.52  1.2
-7.51  1.08
-7.5  1.32
-7.49  1.16
-7.48  1.2
-7.47  1.24
-7.46  1.28
-7.45  1.52
-7.44  1.32
-7.43  1.44
-7.42  1.4
-7.41  1.6
-7.4  1.44
-7.39  1.56
-7.38  1.48
-7.37  1.68
-7.36  1.48
-7.35  1.6
-7.34  1.56
-7.33  1.68
-7.32  1.52
-7.31  1.64
-7.3  1.68
-7.29  1.6
-7.28  1.56
-7.27  1.52
-7.26  1.64
-7.25  1.4
-7.24  1.72
-7.23  1.4
-7.22  1.6
-7.21  1.4
-7.2  1.56
-7.19  1.4
-7.18  1.4
-7.17  1.28
-7.16  1.4
-7.15  1.16
-7.14  1.4
-7.13  1.24
-7.12  1.32
-7.11  1.16
-7.1  1.12
-7.09  1.16
-7.08  1.2
-7.07  1.04
-7.06  1.04
-7.05  1.04
-7.04  1.08
-7.03  1.28
-7.02  0.92
-7.01  1.04
-7  0.92
-6.99  1
-6.98  0.96
-6.97  0.96
-6.96  1
-6.95  0.96
-6.94  0.92
-6.93  0.96
-6.92  0.88
-6.91  1
-6.9  1
-6.89  0.8
-6.88  1.16
-6.87  0.84
-6.86  1.12
-6.85  0.92
-6.84  0.92
-6.83  0.96
-6.82  1.16
-6.81  0.92
-6.8  1.12
-6.79  1
-6.78  1
-6.77  1.16
-6.76  1.08
-6.75  1.08
-6.74  1.16
-6.73  1.12
-6.72  1.2
-6.71  1.16
-6.7  1.08
-6.69  1.32
-6.68  1.08
-6.67  1.28
-6.66  1.24
-6.65  1.36
-6.64  1.48
-6.63  1.32
-6.62  1.28
-6.61  1.44
-6.6  1.4
-6.59  1.44
-6.58  1.28
-6.57  1.68
-6.56  1.4
-6.55  1.52
-6.54  1.52
-6.53  1.6
-6.52  1.44
-6.51  1.6
-6.5  1.64
-6.49  1.48
-6.48  1.48
-6.47  1.56
-6.46  1.6
-6.45  1.36
-6.44  1.56
-6.43  1.52
-6.42  1.52
-6.41  1.4
-6.4  1.4
-6.39  1.32
-6.38  1.48
-6.37  1.28
-6.36  1.32
-6.35  1.16
-6.34  1.52
-6.33  1.2
-6.32  1.16
-6.31  1.28
-6.3  1.36
-6.29  1.24
-6.28  1.12
-6.27  1.12
-6.26  1.12
-6.25  1.16
-6.24  1.08
-6.23  1.12
-6.22  1
-6.21  1.08
-6.2  1.12
-6.19  1.04
-6.18  1.04
-6.17  0.96
-6.16  1.12
-6.15  1
-6.14  0.92
-6.13  1.08
-6.12  1
-6.11  0.92
-6.1  1.12
-6.09  1.08
-6.08  1.04
-6.07  1
-6.06  0.96
-6.05  1.2
-6.04  0.96
-6.03  0.92
-6.02  1
-6.01  1
-6  1.12
-5.99  1.12
-5.98  1.04
-5.97  1.08
-5.96  0.96
-5.95  1.16
-5.94  1.12
-5.93  1.08
-5.92  1.24
-5.91  1.08
-5.9  1.2
-5.89  1.2
-5.88  1.32
-5.87  1.24
-5.86  1.2
-5.85  1.24
-5.84  1.28
-5.83  1.48
-5.82  1.36
-5.81  1.36
-5.8  1.28
-5.79  1.4
-5.78  1.36
-5.77  1.48
-5.76  1.48
-5.75  1.44
-5.74  1.36
-5.73  1.44
-5.72  1.44
-5.71  1.68
-5.7  1.36
-5.69  1.44
-5.68  1.52
-5.67  1.48
-5.66  1.28
-5.65  1.44
-5.64  1.56
-5.63  1.44
-5.62  1.36
-5.61  1.48
-5.6  1.36
-5.59  1.4
-5.58  1.44
-5.57  1.36
-5.56  1.24
-5.55  1.36
-5.54  1.32
-5.53  1.24
-5.52  1.32
-5.51  1.24
-5.5  1.16
-5.49  1.24
-5.48  1.16
-5.47  1.16
-5.46  1.32
-5.45  1.24
-5.44  1.2
-5.43  1.12
-5.42  1.08
-5.41  1.24
-5.4  0.96
-5.39  1.12
-5.38  1.12
-5.37  1
-5.36  1.08
-5.35  1.04
-5.34  0.92
-5.33  1.16
-5.32  1.04
-5.31  1.04
-5.3  1
-5.29  1.16
-5.28  1.04
-5.27  1.04
-5.26  1
-5.25  1
-5.24  1
-5.23  1.12
-5.22  1.04
-5.21  1.12
-5.2  1.08
-5.19  1
-5.18  1.16
-5.17  1.2
-5.16  1.04
-5.15  1.04
-5.14  1.12
-5.13  1.16
-5.12  1.28
-5.11  1.16
-5.1  1.2
-5.09  1.2
-5.08  1.2
-5.07  1.2
-5.06  1.2
-5.05  1.24
-5.04  1.2
-5.03  1.4
-5.02  1.36
-5.01  1.28
-5  1.36
-4.99  1.24
-4.98  1.36
-4.97  1.48
-4.96  1.36
-4.95  1.4
-4.94  1.36
-4.93  1.32
-4.92  1.36
-4.91  1.52
-4.9  1.44
-4.89  1.36
-4.88  1.44
-4.87  1.48
-4.86  1.36
-4.85  1.44
-4.84  1.36
-4.83  1.4
-4.82  1.4
-4.81  1.4
-4.8  1.44
-4.79  1.4
-4.78  1.4
-4.77  1.28
-4.76  1.36
-4.75  1.32
-4.74  1.24
-4.73  1.4
-4.72  1.24
-4.71  1.24
-4.7  1.28
-4.69  1.04
-4.68  1.36
-4.67  1.16
-4.66  1.24
-4.65  1.24
-4.64  1.2
-4.63  1.04
-4.62  1.24
-4.61  1.2
-4.6  1.04
-4.59  1.16
-4.58  1.12
-4.57  1.08
-4.56  1
-4.55  1.2
-4.54  1.2
-4.53  1
-4.52  1.12
-4.51  1.12
-4.5  1.12
-4.49  0.96
-4.48  1
-4.47  1
-4.46  1
-4.45  1.08
-4.44  1.04
-4.43  1.16
-4.42  1.16
-4.41  1.16
-4.4  1.2
-4.39  1.04
-4.38  1.16
-4.37  1.08
-4.36  1.2
-4.35  1.12
-4.34  1.2
-4.33  1.08
-4.32  1.2
-4.31  1.16
-4.3  1.12
-4.29  1.2
-4.28  1.28
-4.27  1.2
-4.26  1.24
-4.25  1.24
-4.24  1.24
-4.23  1.2
-4.22  1.24
-4.21  1.32
-4.2  1.32
-4.19  1.28
-4.18  1.4
-4.17  1.24
-4.16  1.44
-4.15  1.28
-4.14  1.4
-4.13  1.28
-4.12  1.28
-4.11  1.4
-4.1  1.32
-4.09  1.48
-4.08  1.48
-4.07  1.52
-4.06  1.24
-4.05  1.28
-4.04  1.36
-4.03  1.48
-4.02  1.56
-4.01  1.2
-4  1.32
-3.99  1.52
-3.98  1.2
-3.97  1.44
-3.96  1.24
-3.95  1.16
-3.94  1.56
-3.93  1.2
-3.92  1.28
-3.91  1.36
-3.9  1.12
-3.89  1.28
-3.88  1.2
-3.87  1.32
-3.86  1.08
-3.85  1.16
-3.84  1.08
-3.83  1.36
-3.82  1.12
-3.81  1.24
-3.8  1.16
-3.79  1.24
-3.78  1.16
-3.77  1.08
-3.76  1.16
-3.75  1.16
-3.74  1.16
-3.73  1.04
-3.72  1.16
-3.71  1.04
-3.7  1.24
-3.69  0.96
-3.68  1.12
-3.67  1.28
-3.66  0.96
-3.65  1.2
-3.64  0.96
-3.63  1.2
-3.62  1
-3.61  1.24
-3.6  1.08
-3.59  1.08
-3.58  1.12
-3.57  1.04
-3.56  1.2
-3.55  1.12
-3.54  1.24
-3.53  1.04
-3.52  1.24
-3.51  1.08
-3.5  1.28
-3.49  1.16
-3.48  1.32
-3.47  1
-3.46  1.32
-3.45  1.16
-3.44  1.24
-3.43  1.4
-3.42  1.24
-3.41  1.32
-3.4  1.24
-3.39  1.4
-3.38  1.12
-3.37  1.28
-3.36  1.28
-3.35  1.28
-3.34  1.24
-3.33  1.48
-3.32  1.44
-3.31  1.32
-3.3  1.52
-3.29  1.24
-3.28  1.32
-3.27  1.28
-3.26  1.32
-3.25  1.36
-3.24  1.28
-3.23  1.32
-3.22  1.48
-3.21  1.28
-3.2  1.4
-3.19  1.4
-3.18  1.32
-3.17  1.2
-3.16  1.28
-3.15  1.36
-3.14  1.28
-3.13  1.32
-3.12  1.32
-3.11  1.36
-3.1  1.28
-3.09  1.2
-3.08  1.2
-3.07  1.28
-3.06  1.2
-3.05  1.12
-3.04  1.28
-3.03  1.16
-3.02  1.04
-3.01  1.36
-3  1.16
-2.99  1.24
-2.98  1.24
-2.97  1.04
-2.96  1.24
-2.95  1.24
-2.94  1.08
-2.93  1.16
-2.92  1.12
-2.91  1.12
-2.9  1.04
-2.89  1.08
-2.88  1.16
-2.87  1.2
-2.86  1.04
-2.85  1.24
-2.84  1.08
-2.83  1.08
-2.82  1.16
-2.81  1.12
-2.8  1.16
-2.79  1.2
-2.78  1.04
-2.77  1.12
-2.76  1.04
-2.75  1.2
-2.74  1.2
-2.73  1.08
-2.72  1.24
-2.71  1.24
-2.7  1.32
-2.69  1.16
-2.68  1.32
-2.67  1.16
-2.66  1.24
-2.65  1.12
-2.64  1.24
-2.63  1.24
-2.62  1.16
-2.61  1.28
-2.6  1.28
-2.59  1.32
-2.58  1.2
-2.57  1.28
-2.56  1.4
-2.55  1.24
-2.54  1.36
-2.53  1.2
-2.52  1.32
-2.51  1.32
-2.5  1.44
-2.49  1.28
-2.48  1.36
-2.47  1.32
-2.46  1.36
-2.45  1.24
-2.44  1.32
-2.43  1.24
-2.42  1.44
-2.41  1.24
-2.4  1.32
-2.39  1.44
-2.38  1.2
-2.37  1.36
-2.36  1.28
-2.35  1.28
-2.34  1.2
-2.33  1.32
-2.32  1.32
-2.31  1.28
-2.3  1.32
-2.29  1.24
-2.28  1.24
-2.27  1.24
-2.26  1.2
-2.25  1.24
-2.24  1.16
-2.23  1.4
-2.22  1.16
-2.21  1.36
-2.2  1.12
-2.19  1.24
-2.18  1.16
-2.17  1.2
-2.16  1.04
-2.15  1.2
-2.14  1.16
-2.13  1.16
-2.12  1.04
-2.11  1.04
-2.1  1.24
-2.09  1.16
-2.08  1.28
-2.07  1.16
-2.06  1.2
-2.05  1.08
-2.04  1.16
-2.03  1.16
-2.02  1.04
-2.01  1.2
-2  1.16
-1.99  1.04
-1.98  1.16
-1.97  1.08
-1.96  1.24
-1.95  1.2
-1.94  1.12
-1.93  1.24
-1.92  1.28
-1.91  1.08
-1.9  1.08
-1.89  1.24
-1.88  1.2
-1.87  1.24
-1.86  1.28
-1.85  1.4
-1.84  1.2
-1.83  1.2
-1.82  1.12
-1.81  1.24
-1.8  1.12
-1.79  1.4
-1.78  1.2
-1.77  1.4
-1.76  1.16
-1.75  1.32
-1.74  1.28
-1.73  1.32
-1.72  1.28
-1.71  1.24
-1.7  1.28
-1.69  1.36
-1.68  1.2
-1.67  1.2
-1.66  1.28
-1.65  1.4
-1.64  1.4
-1.63  1.2
-1.62  1.24
-1.61  1.4
-1.6  1.4
-1.59  1.28
-1.58  1.4
-1.57  1.32
-1.56  1.24
-1.55  1.24
-1.54  1.36
-1.53  1.36
-1.52  1.16
-1.51  1.28
-1.5  1.28
-1.49  1.12
-1.48  1.24
-1.47  1.2
-1.46  1.36
-1.45  1.16
-1.44  1.28
-1.43  1.24
-1.42  1.28
-1.41  1.12
-1.4  1.32
-1.39  1.12
-1.38  1.28
-1.37  1.16
-1.36  1.08
-1.35  1.24
-1.34  1.12
-1.33  1.2
-1.32  1.28
-1.31  1.16
-1.3  1.12
-1.29  1.08
-1.28  1.32
-1.27  1.16
-1.26  1.12
-1.25  1.12
-1.24  1.04
-1.23  1.32
-1.22  1.2
-1.21  1.12
-1.2  1.16
-1.19  1.2
-1.18  1.16
-1.17  1.08
-1.16  1.24
-1.15  1.36
-1.14  1.04
-1.13  1.08
-1.12  1.2
-1.11  1.4
-1.1  1.08
-1.09  1.16
-1.08  1.24
-1.07  1.08
-1.06  1.32
-1.05  1.12
-1.04  1.24
-1.03  1.16
-1.02  1.36
-1.01  1.32
-1  1.24
-0.99  1.2
-0.98  1.2
-0.97  1.2
-0.96  1.2
-0.95  1.44
-0.94  1.28
-0.93  1.24
-0.92  1.2
-0.91  1.36
-0.9  1.24
-0.89  1.24
-0.88  1.28
-0.87  1.32
-0.86  1.2
-0.85  1.32
-0.84  1.2
-0.83  1.36
-0.82  1.28
-0.81  1.44
-0.8  1.24
-0.79  1.32
-0.78  1.24
-0.77  1.24
-0.76  1.4
-0.75  1.16
-0.74  1.32
-0.73  1.32
-0.72  1.24
-0.71  1.44
-0.7  1.24
-0.69  1.28
-0.68  1.16
-0.67  1.24
-0.66  1.28
-0.65  1.16
-0.64  1.32
-0.63  1.2
-0.62  1.24
-0.61  1.16
-0.6  1.24
-0.59  1.16
-0.58  1.24
-0.57  1.12
-0.56  1.2
-0.55  1.28
-0.54  1.08
-0.53  1.28
-0.52  1.2
-0.51  1.28
-0.5  0.96
-0.49  1.24
-0.48  1.16
-0.47  1.24
-0.46  1.12
-0.45  1.24
-0.44  1.12
-0.43  1.16
-0.42  1.2
-0.41  1.24
-0.4  1
-0.39  1.16
-0.38  1.28
-0.37  1.24
-0.36  1.24
-0.35  1.2
-0.34  1.24
-0.33  1.16
-0.32  1.12
-0.31  1.36
-0.3  1.04
-0.29  1.36
-0.28  1.12
-0.27  1.16
-0.26  1.16
-0.25  1.24
-0.24  1.24
-0.23  1.08
-0.22  1.32
-0.21  1.16
-0.2  1.12
-0.19  1.4
-0.18  1.32
-0.17  1.12
-0.16  1.36
-0.15  1.08
-0.14  1.48
-0.13  1.08
-0.12  1.36
-0.11  1.2
-0.1  1.24
-0.09  1.36
-0.08  1.2
-0.07  1.44
-0.06  1.28
-0.05  1.28
-0.04  1.2
-0.03  1.16
-0.02  1.44
-0.01  1.16
-2.16197e-11  1.24
0.0001  0.04
0.0101  1.36
0.0201  1.43
0.0301  1.21
0.0401  1.37
0.0501  1.27
0.0601  1.35
0.0701  1.08
0.0801  1.48
0.0901  1.32
0.1001  1.28
0.1101  1.39
0.1201  1.44
0.1301  1.52
0.1401  1.4
0.1501  1.32
0.1601  1.37
0.1701  1.6
0.1801  1.6
0.1901  1.56
0.2001  1.48
0.2101  1.33
0.2201  1.65
0.2301  1.67
0.2401  1.43
0.2501  1.76
0.2601  1.85
0.2701  1.53
0.2801  1.5
0.2901  1.67
0.3001  1.56
0.3101  1.52
0.3201  1.5
0.3301  1.82
0.3401  1.66
0.3501  1.63
0.3601  1.8
0.3701  1.73
0.3801  1.69
0.3901  1.94
0.4001  1.6
0.4101  1.54
0.4201  1.62
0.4301  1.65
0.4401  1.48
0.4501  1.68
0.4601  1.71
0.4701  1.5
0.4801  1.45
0.4901  1.77
0.5001  1.65
0.5101  1.67
0.5201  1.69
0.5301  1.82
0.5401  1.71
0.5501  1.81
0.5601  1.64
0.5701  1.79
0.5801  1.62
0.5901  1.54
0.6001  1.79
0.6101  1.5
0.6201  1.75
0.6301  1.76
0.6401  1.47
0.6501  1.48
0.6601  1.4
0.6701  1.52
0.6801  1.46
0.6901  1.32
0.7001  1.46
0.7101  1.54
0.7201  1.71
0.7301  1.7
0.7401  1.29
0.7501  1.52
0.7601  1.57
0.7701  1.46
0.7801  1.34
0.7901  1.74
0.8001  1.36
0.8101  1.35
0.8201  1.5
0.8301  1.5
0.8401  1.5
0.8501  1.57
0.8601  1.52
0.8701  1.48
0.8801  1.85
0.8901  1.65
0.9001  1.44
0.9101  1.41
0.9201  1.33
0.9301  1.51
0.9401  1.6
0.9501  1.64
0.9601  1.46
0.9701  1.5
0.9801  1.58
0.9901  1.39
1.0001  1.45
1.0101  1.42
1.0201  1.62
1.0301  1.6
1.0401  1.39
1.0501  1.6
1.0601  1.62
1.0701  1.45
1.0801  1.56
1.0901  1.57
1.1001  1.58
1.1101  1.46
1.1201  1.63
1.1301  1.63
1.1401  1.51
1.1501  1.62
1.1601  1.37
1.1701  1.64
1.1801  1.64
1.1901  1.67
1.2001  1.61
1.2101  1.78
1.2201  1.6
1.2301  1.68
1.2401  1.65
1.2501  1.51
1.2601  1.62
1.2701  1.87
1.2801  1.7
1.2901  1.52
1.3001  1.36
1.3101  1.53
1.3201  1.79
1.3301  1.72
1.3401  2.05
1.3501  1.79
1.3601  1.5
1.3701  1.55
1.3801  1.53
1.3901  1.64
1.4001  1.57
1.4101  1.66
1.4201  1.8
1.4301  1.74
1.4401  1.52
1.4501  1.78
1.4601  1.65
1.4701  1.68
1.4801  1.72
1.4901  1.52
1.5001  1.48
1.5101  1.45
1.5201  1.66
1.5301  1.43
1.5401  1.62
1.5501  1.72
1.5601  1.75
1.5701  1.57
1.5801  1.53
1.5901  1.64
1.6001  1.48
1.6101  1.71
1.6201  1.59
1.6301  1.49
1.6401  1.67
1.6501  1.5
1.6601  1.75
1.6701  1.35
1.6801  1.72
1.6901  1.54
1.7001  1.72
1.7101  1.65
1.7201  1.51
1.7301  1.26
1.7401  1.63
1.7501  1.29
1.7601  1.6
1.7701  1.68
1.7801  1.63
1.7901  1.38
1.8001  1.76
1.8101  1.48
1.8201  1.53
1.8301  1.53
1.8401  1.42
1.8501  1.71
1.8601  1.41
1.8701  1.6
1.8801  1.71
1.8901  1.79
1.9001  1.38
1.9101  1.46
1.9201  1.52
1.9301  1.58
1.9401  1.4
1.9501  1.51
1.9601  1.6
1.9701  1.63
1.9801  1.61
1.9901  1.6
2.0001  1.54
2.0101  1.53
2.0201  1.55
2.0301  1.71
2.0401  1.95
2.0501  1.54
2.0601  1.49
2.0701  1.69
2.0801  1.51
2.0901  1.76
2.1001  1.58
2.1101  1.57
2.1201  1.61
2.1301  1.67
2.1401  1.53
2.1501  1.53
2.1601  1.8
2.1701  1.61
2.1801  1.42
2.1901  1.61
2.2001  1.58
2.2101  1.69
2.2201  1.62
2.2301  1.72
2.2401  1.68
2.2501  1.61
2.2601  1.42
2.2701  1.7
2.2801  1.54
2.2901  1.53
2.3001  1.49
2.3101  1.57
2.3201  1.64
2.3301  1.64
2.3401  1.69
2.3501  1.71
2.3601  1.78
2.3701  1.69
2.3801  1.65
2.3901  1.55
2.4001  1.61
2.4101  1.64
2.4201  1.36
2.4301  1.76
2.4401  1.55
2.4501  1.42
2.4601  1.53
2.4701  1.56
2.4801  1.7
2.4901  1.62
2.5001  1.58
2.5101  1.65
2.5201  1.86
2.5301  1.79
2.5401  1.7
2.5501  1.44
2.5601  1.7
2.5701  1.65
2.5801  1.46
2.5901  1.81
2.6001  1.48
2.6101  1.55
2.6201  1.63
2.6301  1.67
2.6401  1.63
2.6501  1.43
2.6601  1.43
2.6701  1.68
2.6801  1.5
2.6901  1.53
2.7001  1.43
2.7101  1.53
2.7201  1.66
2.7301  1.59
2.7401  1.56
2.7501  1.63
2.7601  1.68
2.7701  1.48
2.7801  1.59
2.7901  1.61
2.8001  1.39
2.8101  1.59
2.8201  1.62
2.8301  1.69
2.8401  1.65
2.8501  1.58
2.8601  1.63
2.8701  1.55
2.8801  1.37
2.8901  1.41
2.9001  1.64
2.9101  1.67
2.9201  1.62
2.9301  1.5
2.9401  1.53
2.9501  1.57
2.9601  1.62
2.9701  1.59
2.9801  1.54
2.9901  1.67
3.0001  1.57
3.0101  1.65
3.0201  1.54
3.0301  1.59
3.0401  1.69
3.0501  1.49
3.0601  1.63
3.0701  1.77
3.0801  1.79
3.0901  1.42
3.1001  1.39
3.1101  1.67
3.1201  1.64
3.1301  1.73
3.1401  1.61
3.1501  1.87
3.1601  1.61
3.1701  1.57
3.1801  1.74
3.1901  1.63
3.2001  1.9
3.2101  1.52
3.2201  1.52
3.2301  1.47
3.2401  1.54
3.2501  1.54
3.2601  1.48
3.2701  1.69
3.2801  1.79
3.2901  1.47
3.3001  1.82
3.3101  1.66
3.3201  1.68
3.3301  1.48
3.3401  1.69
3.3501  1.58
3.3601  1.65
3.3701  1.58
3.3801  1.63
3.3901  1.6
3.4001  1.58
3.4101  1.7
3.4201  1.74
3.4301  1.65
3.4401  1.64
3.4501  1.52
3.4601  1.83
3.4701  1.6
3.4801  1.45
3.4901  1.63
3.5001  1.46
3.5101  1.65
3.5201  1.63
3.5301  1.76
3.5401  1.62
3.5501  1.74
3.5601  1.62
3.5701  1.63
3.5801  1.66
3.5901  1.53
3.6001  1.52
3.6101  1.49
3.6201  1.62
3.6301  1.54
3.6401  1.5
3.6501  1.4
3.6601  1.45
3.6701  1.69
3.6801  1.68
3.6901  1.62
3.7001  1.51
3.7101  1.8
3.7201  1.48
3.7301  1.45
3.7401  1.74
3.7501  1.63
3.7601  1.56
3.7701  1.5
3.7801  1.27
3.7901  1.48
3.8001  1.59
3.8101  1.55
3.8201  1.51
3.8301  1.64
3.8401  1.6
3.8501  1.73
3.8601  1.36
3.8701  1.64
3.8801  1.67
3.8901  1.52
3.9001  1.54
3.9101  1.6
3.9201  1.43
3.9301  1.49
3.9401  1.77
3.9501  1.8
3.9601  1.68
3.9701  1.65
3.9801  1.52
3.9901  1.36
4.0001  1.61
4.0101  1.71
4.0201  1.69
4.0301  1.56
4.0401  1.73
4.0501  1.51
4.0601  1.62
4.0701  1.61
4.0801  1.62
4.0901  1.68
4.1001  1.46
4.1101  1.86
4.1201  1.48
4.1301  1.64
4.1401  1.71
4.1501  1.88
4.1601  1.93
4.1701  1.52
4.1801  1.56
4.1901  1.77
4.2001  1.52
4.2101  1.6
4.2201  1.79
4.2301  1.68
4.2401  1.72
4.2501  1.78
4.2601  1.56
4.2701  1.67
4.2801  1.74
4.2901  1.61
4.3001  1.62
4.3101  1.68
4.3201  1.44
4.3301  1.51
4.3401  1.69
4.3501  1.69
4.3601  1.99
4.3701  1.58
4.3801  1.76
4.3901  1.61
4.4001  1.5
4.4101  1.49
4.4201  1.74
4.4301  1.49
4.4401  1.8
4.4501  1.4
4.4601  1.62
4.4701  1.62
4.4801  1.25
4.4901  1.54
4.5001  1.41
4.5101  1.67
4.5201  1.43
4.5301  1.67
4.5401  1.44
4.5501  1.52
4.5601  1.5
4.5701  1.62
4.5801  1.49
4.5901  1.59
4.6001  1.79
4.6101  1.6
4.6201  1.49
4.6301  1.48
4.6401  1.45
4.6501  1.67
4.6601  1.53
4.6701  1.44
4.6801  1.51
4.6901  1.62
4.7001  1.52
4.7101  1.44
4.7201  1.62
4.7301  1.74
4.7401  1.47
4.7501  1.62
4.7601  1.61
4.7701  1.64
4.7801  1.35
4.7901  1.67
4.8001  1.57
4.8101  1.49
4.8201  1.68
4.8301  1.47
4.8401  1.71
4.8501  1.69
4.8601  1.62
4.8701  1.57
4.8801  1.66
4.8901  1.59
4.9001  1.67
4.9101  1.57
4.9201  1.71
4.9301  1.59
4.9401  1.66
4.9501  1.69
4.9601  1.64
4.9701  1.51
4.9801  1.54
4.9901  1.7
5.0001  1.6
5.0101  1.64
5.0201  1.59
5.0301  1.65
5.0401  1.65
5.0501  1.82
5.0601  1.77
5.0701  1.88
5.0801  1.66
5.0901  1.69
5.1001  1.36
5.1101  1.78
5.1201  1.46
5.1301  1.85
5.1401  1.38
5.1501  1.77
5.1601  1.69
5.1701  1.5
5.1801  1.85
5.1901  1.65
5.2001  1.61
5.2101  1.63
5.2201  1.72
5.2301  1.72
5.2401  1.71
5.2501  1.56
5.2601  1.61
5.2701  1.65
5.2801  1.68
5.2901  1.74
5.3001  1.47
5.3101  1.43
5.3201  1.71
5.3301  1.6
5.3401  1.79
5.3501  1.46
5.3601  1.45
5.3701  1.62
5.3801  1.63
5.3901  1.37
5.4001  1.69
5.4101  1.76
5.4201  1.51
5.4301  1.88
5.4401  1.45
5.4501  1.64
5.4601  1.38
5.4701  1.39
5.4801  1.44
5.4901  1.43
5.5001  1.62
5.5101  1.58
5.5201  1.57
5.5301  1.77
5.5401  1.86
5.5501  1.85
5.5601  1.42
5.5701  1.59
5.5801  1.57
5.5901  1.22
5.6001  1.6
5.6101  1.62
5.6201  1.38
5.6301  1.33
5.6401  1.54
5.6501  1.41
5.6601  1.6
5.6701  1.87
5.6801  1.42
5.6901  1.47
5.7001  1.73
5.7101  1.65
5.7201  1.5
5.7301  1.52
5.7401  1.55
5.7501  1.78
5.7601  1.54
5.7701  1.47
5.7801  1.57
5.7901  1.65
5.8001  1.67
5.8101  1.59
5.8201  1.78
5.8301  1.64
5.8401  1.49
5.8501  1.58
5.8601  1.56
5.8701  1.86
5.8801  1.53
5.8901  1.58
5.9001  1.82
5.9101  1.48
5.9201  1.51
5.9301  1.7
5.9401  1.79
5.9501  1.82
5.9601  1.55
5.9701  1.46
5.9801  1.7
5.9901  1.84
6.0001  1.78
6.0101  1.69
6.0201  1.66
6.0301  1.58
6.0401  1.87
6.0501  1.66
6.0601  1.65
6.0701  1.57
6.0801  1.53
6.0901  1.62
6.1001  1.52
6.1101  1.81
6.1201  1.59
6.1301  1.73
6.1401  1.54
6.1501  1.89
6.1601  1.55
6.1701  1.66
6.1801  1.77
6.1901  1.53
6.2001  1.43
6.2101  1.6
6.2201  1.54
6.2301  1.49
6.2401  1.48
6.2501  1.59
6.2601  1.79
6.2701  1.51
6.2801  1.66
6.2901  1.51
6.3001  1.62
6.3101  1.43
6.3201  1.62
6.3301  1.57
6.3401  1.54
6.3501  1.66
6.3601  1.58
6.3701  1.53
6.3801  1.66
6.3901  1.54
6.4001  1.69
6.4101  1.65
6.4201  1.4
6.4301  1.55
6.4401  1.58
6.4501  1.42
6.4601  1.39
6.4701  1.44
6.4801  1.66
6.4901  1.62
6.5001  1.51
6.5101  1.58
6.5201  1.51
6.5301  1.51
6.5401  1.51
6.5501  1.58
6.5601  1.58
6.5701  1.66
6.5801  1.48
6.5901  1.58
6.6001  1.58
6.6101  1.71
6.6201  1.71
6.6301  1.56
6.6401  1.58
6.6501  1.6
6.6601  1.65
6.6701  1.66
6.6801  1.46
6.6901  1.5
6.7001  1.63
6.7101  1.65
6.7201  1.5
6.7301  1.87
6.7401  1.62
6.7501  1.53
6.7601  1.6
6.7701  1.58
6.7801  1.69
6.7901  1.74
6.8001  1.63
6.8101  1.64
6.8201  1.69
6.8301  1.67
6.8401  1.54
6.8501  1.7
6.8601  1.63
6.8701  1.6
6.8801  1.75
6.8901  1.66
6.9001  1.49
6.9101  1.78
6.9201  1.65
6.9301  1.69
6.9401  1.44
6.9501  1.71
6.9601  1.67
6.9701  1.67
6.9801  1.81
6.9901  1.63
7.0001  1.59
7.0101  1.71
7.0201  1.66
7.0301  1.74
7.0401  1.48
7.0501  1.55
7.0601  1.59
7.0701  1.57
7.0801  1.68
7.0901  1.55
7.1001  1.57
7.1101  1.56
7.1201  1.58
7.1301  1.71
7.1401  1.61
7.1501  1.47
7.1601  1.56
7.1701  1.81
7.1801  1.36
7.1901  1.59
7.2001  1.62
7.2101  1.62
7.2201  1.4
7.2301  1.56
7.2401  1.41
7.2501  1.44
7.2601  1.51
7.2701  1.59
7.2801  1.46
7.2901  1.49
7.3001  1.68
7.3101  1.71
7.3201  1.59
7.3301  1.52
7.3401  1.51
7.3501  1.64
7.3601  1.64
7.3701  1.58
7.3801  1.69
7.3901  1.65
7.4001  1.62
7.4101  1.67
7.4201  1.66
7.4301  1.7
7.4401  1.39
7.4501  1.78
7.4601  1.5
7.4701  1.61
7.4801  1.68
7.4901  1.74
7.5001  1.74
7.5101  1.44
7.5201  1.69
7.5301  1.64
7.5401  1.6
7.5501  1.66
7.5601  1.66
7.5701  1.59
7.5801  1.78
7.5901  1.41
7.6001  1.62
7.6101  1.63
7.6201  1.59
7.6301  1.25
7.6401  1.84
7.6501  1.51
7.6601  1.46
7.6701  1.86
7.6801  1.74
7.6901  1.6
7.7001  1.71
7.7101  1.76
7.7201  1.59
7.7301  1.76
7.7401  1.51
7.7501  1.63
7.7601  1.47
7.7701  1.84
7.7801  1.37
7.7901  1.83
7.8001  1.59
7.8101  1.56
7.8201  1.56
7.8301  1.64
7.8401  1.62
7.8501  1.61
7.8601  1.51
7.8701  1.72
7.8801  1.52
7.8901  1.54
7.9001  1.52
7.9101  1.43
7.9201  1.56
7.9301  1.88
7.9401  1.48
7.9501  1.62
7.9601  1.45
7.9701  1.56
7.9801  1.85
7.9901  1.51
8.0001  1.66
8.0101  1.59
8.0201  1.64
8.0301  1.64
8.0401  1.57
8.0501  1.51
8.0601  1.7
8.0701  1.58
8.0801  1.7
8.0901  1.51
8.1001  1.83
8.1101  1.73
8.1201  1.58
8.1301  1.76
8.1401  1.5
8.1501  1.4
8.1601  1.58
8.1701  1.6
8.1801  1.54
8.1901  1.45
8.2001  1.55
8.2101  1.67
8.2201  1.66
8.2301  1.63
8.2401  1.69
8.2501  1.59
8.2601  1.62
8.2701  1.68
8.2801  1.47
8.2901  1.65
8.3001  1.58
8.3101  1.62
8.3201  1.6
8.3301  1.53
8.3401  1.66
8.3501  1.55
8.3601  1.51
8.3701  1.67
8.3801  1.7
8.3901  1.53
8.4001  1.63
8.4101  1.53
8.4201  1.51
8.4301  1.69
8.4401  1.4
8.4501  1.3
8.4601  1.76
8.4701  1.77
8.4801  1.66
8.4901  1.77
8.5001  1.54
8.5101  1.47
8.5201  1.58
8.5301  1.62
8.5401  1.57
8.5501  1.75
8.5601  1.59
8.5701  1.77
8.5801  1.65
8.5901  1.53
8.6001  1.58
8.6101  1.42
8.6201  1.58
8.6301  1.74
8.6401  1.72
8.6501  1.46
8.6601  1.85
8.6701  1.71
8.6801  1.73
8.6901  1.67
8.7001  1.45
8.7101  1.59
8.7201  1.8
8.7301  1.39
8.7401  1.53
8.7501  1.61
8.7601  1.49
8.7701  1.55
8.7801  1.68
8.7901  1.64
8.8001  1.62
8.8101  1.76
8.8201  1.64
8.8301  1.56
8.8401  1.66
8.8501  1.66
8.8601  1.61
8.8701  1.58
8.8801  1.68
8.8901  1.87
8.9001  1.44
8.9101  1.49
8.9201  1.52
8.9301  1.43
8.9401  1.66
8.9501  1.51
8.9601  1.62
8.9701  1.8
8.9801  1.67
8.9901  1.7
9.0001  1.51
9.0101  1.76
9.0201  1.55
9.0301  1.57
9.0401  1.55
9.0501  1.49
9.0601  1.64
9.0701  1.48
9.0801  1.65
9.0901  1.81
9.1001  1.65
9.1101  1.63
9.1201  1.46
9.1301  1.38
9.1401  1.7
9.1501  1.61
9.1601  1.54
9.1701  1.58
9.1801  1.71
9.1901  1.7
9.2001  1.54
9.2101  1.62
9.2201  1.7
9.2301  1.8
9.2401  1.64
9.2501  1.6
9.2601  1.6
9.2701  1.67
9.2801  1.76
9.2901  1.41
9.3001  1.57
9.3101  1.93
9.3201  1.61
9.3301  1.47
9.3401  1.71
9.3501  1.61
9.3601  1.23
9.3701  1.49
9.3801  1.5
9.3901  1.65
9.4001  1.32
9.4101  1.96
9.4201  1.44
9.4301  1.56
9.4401  1.51
9.4501  1.47
9.4601  1.7
9.4701  1.74
9.4801  1.74
9.4901  1.73
9.5001  1.65
9.5101  1.49
9.5201  1.55
9.5301  1.52
9.5401  1.85
9.5501  1.5
9.5601  1.64
9.5701  1.66
9.5801  1.57
9.5901  1.68
9.6001  1.37
9.6101  1.44
9.6201  1.65
9.6301  1.77
9.6401  1.71
9.6501  1.77
9.6601  1.41
9.6701  1.65
9.6801  1.5
9.6901  1.61
9.7001  1.39
9.7101  1.6
9.7201  1.49
9.7301  1.6
9.7401  1.62
9.7501  1.45
9.7601  1.76
9.7701  1.73
9.7801  1.54
9.7901  1.96
9.8001  1.63
9.8101  1.35
9.8201  1.69
9.8301  1.65
9.8401  1.63
9.8501  1.84
9.8601  1.57
9.8701  1.62
9.8801  1.35
9.8901  1.66
9.9001  1.69
9.9101  1.5
9.9201  1.46
9.9301  1.59
9.9401  1.41
9.9501  1.58
9.9601  1.86
9.9701  1.53
9.9801  1.4
9.9901  1.47
10.0001  1.91
10.0101  1.66
10.0201  1.73
10.0301  1.64
10.0401  1.69
10.0501  1.72
10.0601  1.73
10.0701  1.88
10.0801  1.82
10.0901  1.59
10.1001  1.62
10.1101  1.44
10.1201  1.53
10.1301  1.74
10.1401  1.64
10.1501  1.64
10.1601  1.71
10.1701  1.38
10.1801  1.42
10.1901  1.73
10.2001  1.55
10.2101  1.6
10.2201  1.54
10.2301  1.61
10.2401  1.88
10.2501  1.5
10.2601  1.48
10.2701  1.57
10.2801  1.54
10.2901  1.7
10.3001  1.66
10.3101  1.82
10.3201  1.53
10.3301  1.67
10.3401  1.52
10.3501  1.32
10.3601  1.54
10.3701  1.57
10.3801  1.76
10.3901  1.67
10.4001  1.68
10.4101  1.53
10.4201  1.66
10.4301  1.75
10.4401  1.4
10.4501  1.59
10.4601  1.6
10.4701  1.23
10.4801  1.47
10.4901  1.69
10.5001  1.59
10.5101  1.76
10.5201  1.48
10.5301  1.79
10.5401  1.57
10.5501  1.49
10.5601  1.7
10.5701  1.47
10.5801  1.47
10.5901  1.58
10.6001  1.47
10.6101  1.66
10.6201  1.73
10.6301  1.56
10.6401  1.58
10.6501  1.71
10.6601  1.83
10.6701  1.73
10.6801  1.72
10.6901  1.43
10.7001  1.81
10.7101  1.49
10.7201  1.68
10.7301  1.42
10.7401  1.67
10.7501  1.58
10.7601  1.65
10.7701  1.55
10.7801  1.52
10.7901  1.78
10.8001  1.64
10.8101  1.68
10.8201  1.51
10.8301  1.63
10.8401  1.5
10.8501  1.44
10.8601  1.81
10.8701  1.6
10.8801  1.61
10.8901  1.4
10.9001  1.62
10.9101  1.65
10.9201  1.79
10.9301  1.73
10.9401  1.68
10.9501  1.42
10.9601  1.46
10.9701  1.54
10.9801  1.53
10.9901  1.84
11.0001  1.77
11.0101  1.62
11.0201  1.64
11.0301  1.62
11.0401  1.56
11.0501  1.59
11.0601  1.39
11.0701  1.54
11.0801  1.6
11.0901  1.75
11.1001  1.87
11.1101  1.52
11.1201  1.44
11.1301  1.6
11.1401  1.61
11.1501  1.82
11.1601  1.57
11.1701  1.66
11.1801  1.63
11.1901  1.76
11.2001  1.64
11.2101  1.39
11.2201  1.82
11.2301  1.65
11.2401  1.49
11.2501  1.53
11.2601  1.7
11.2701  1.61
11.2801  1.6
11.2901  1.69
11.3001  1.76
11.3101  1.75
11.3201  1.53
11.3301  1.71
11.3401  1.45
11.3501  1.54
11.3601  1.39
11.3701  1.82
11.3801  1.71
11.3901  1.7
11.4001  1.45
11.4101  1.5
11.4201  1.53
11.4301  1.47
11.4401  1.57
11.4501  1.66
11.4601  1.53
11.4701  1.58
11.4801  1.61
11.4901  1.69
11.5001  1.62
11.5101  1.54
11.5201  1.7
11.5301  1.8
11.5401  1.37
11.5501  1.62
11.5601  1.62
11.5701  1.75
11.5801  1.58
11.5901  1.81
11.6001  1.51
11.6101  1.77
11.6201  1.46
11.6301  1.39
11.6401  1.51
11.6501  1.58
11.6601  1.79
11.6701  1.72
11.6801  1.53
11.6901  1.55
11.7001  1.75
11.7101  1.41
11.7201  1.55
11.7301  1.42
11.7401  1.52
11.7501  1.69
11.7601  1.77
11.7701  1.59
11.7801  1.56
11.7901  1.61
11.8001  1.71
11.8101  1.75
11.8201  1.64
11.8301  1.56
11.8401  1.79
11.8501  1.66
11.8601  1.82
11.8701  1.65
11.8801  1.7
11.8901  1.41
11.9001  1.59
11.9101  1.64
11.9201  1.46
11.9301  1.49
11.9401  1.48
11.9501  1.62
11.9601  1.66
11.9701  1.63
11.9801  1.65
11.9901  1.81
12.0001  1.62
12.0101  1.72
12.0201  1.68
12.0301  1.73
12.0401  1.66
12.0501  1.42
12.0601  1.75
12.0701  1.43
12.0801  1.56
12.0901  1.48
12.1001  1.69
12.1101  1.6
12.1201  1.71
12.1301  1.7
12.1401  1.84
12.1501  1.4
12.1601  1.68
12.1701  1.7
12.1801  1.63
12.1901  1.62
12.2001  1.47
12.2101  1.48
12.2201  1.84
12.2301  1.67
12.2401  1.66
12.2501  1.6
12.2601  1.71
12.2701  1.51
12.2801  1.28
12.2901  1.56
12.3001  1.56
12.3101  1.58
12.3201  1.7
12.3301  1.54
12.3401  1.67
12.3501  1.55
12.3601  1.49
12.3701  1.71
12.3801  1.46
12.3901  1.85
12.4001  1.51
12.4101  1.64
12.4201  1.6
12.4301  1.72
12.4401  1.67
12.4501  1.63
12.4601  1.5
12.4701  1.51
12.4801  1.6
12.4901  1.77
12.5001  1.59
12.5101  1.56
12.5201  1.62
12.5301  1.49
12.5401  1.58
12.5501  1.78
12.5601  1.59
12.5701  1.64
12.5801  1.61
12.5901  1.64
12.6001  1.6
12.6101  1.41
12.6201  1.43
12.6301  1.72
12.6401  1.44
12.6501  1.57
12.6601  1.42
12.6701  1.62
12.6801  1.65
12.6901  1.94
12.7001  1.64
12.7101  1.56
12.7201  1.66
12.7301  1.6
12.7401  1.54
12.7501  1.64
12.7601  1.39
12.7701  1.67
12.7801  1.62
12.7901  1.59
12.8001  1.61
12.8101  1.5
12.8201  1.67
12.8301  1.77
12.8401  1.47
12.8501  1.61
12.8601  1.56
12.8701  1.72
12.8801  1.72
12.8901  1.95
12.9001  1.52
12.9101  1.5
12.9201  1.58
12.9301  1.68
12.9401  1.58
12.9501  1.57
12.9601  1.54
12.9701  1.59
12.9801  1.61
12.9901  1.6
13.0001  1.44
13.0101  1.55
13.0201  1.75
13.0301  1.65
13.0401  1.79
13.0501  1.63
13.0601  1.72
13.0701  1.8
13.0801  1.36
13.0901  1.78
13.1001  1.54
13.1101  1.5
13.1201  1.62
13.1301  1.57
13.1401  1.39
13.1501  1.84
13.1601  1.64
13.1701  1.55
13.1801  1.84
13.1901  1.56
13.2001  1.63
13.2101  1.46
13.2201  1.42
13.2301  1.78
13.2401  1.59
13.2501  1.5
13.2601  1.67
13.2701  1.69
13.2801  1.47
13.2901  1.73
13.3001  1.58
13.3101  1.57
13.3201  1.83
13.3301  1.66
13.3401  1.62
13.3501  1.36
13.3601  1.63
13.3701  1.8
13.3801  1.53
13.3901  1.81
13.4001  1.53
13.4101  1.76
13.4201  1.6
13.4301  1.43
13.4401  1.54
13.4501  1.46
13.4601  1.52
13.4701  1.33
13.4801  1.37
13.4901  1.7
13.5001  1.59
13.5101  1.53
13.5201  1.64
13.5301  1.78
13.5401  1.65
13.5501  1.62
13.5601  1.55
13.5701  1.61
13.5801  1.63
13.5901  1.75
13.6001  1.67
13.6101  1.69
13.6201  1.57
13.6301  1.69
13.6401  1.57
13.6501  1.61
13.6601  1.62
13.6701  1.61
13.6801  1.64
13.6901  1.41
13.7001  1.77
13.7101  1.57
13.7201  1.71
13.7301  1.79
13.7401  1.44
13.7501  1.78
13.7601  1.59
13.7701  1.38
13.7801  1.62
13.7901  1.52
13.8001  1.57
13.8101  1.57
13.8201  1.52
13.8301  1.54
13.8401  1.82
13.8501  1.6
13.8601  1.7
13.8701  1.84
13.8801  1.65
13.8901  1.72
13.9001  1.84
13.9101  1.55
13.9201  1.52
13.9301  1.71
13.9401  1.5
13.9501  1.65
13.9601  1.91
13.9701  1.77
13.9801  1.6
13.9901  1.73
14.0001  1.5
14.0101  1.49
14.0201  1.54
14.0301  1.57
14.0401  1.56
14.0501  1.64
14.0601  1.56
14.0701  1.75
14.0801  1.46
14.0901  1.38
14.1001  1.5
14.1101  1.68
14.1201  1.53
14.1301  1.79
14.1401  1.6
14.1501  1.48
14.1601  1.73
14.1701  1.57
14.1801  1.46
14.1901  1.56
14.2001  1.74
14.2101  1.48
14.2201  1.79
14.2301  1.4
14.2401  1.53
14.2501  1.68
14.2601  1.54
14.2701  1.56
14.2801  1.61
14.2901  1.63
14.3001  1.51
14.3101  1.66
14.3201  1.56
14.3301  1.81
14.3401  1.4
14.3501  1.64
14.3601  1.49
14.3701  1.56
14.3801  1.69
14.3901  1.55
14.4001  1.58
14.4101  1.41
14.4201  1.5
14.4301  1.83
14.4401  1.66
14.4501  1.61
14.4601  1.53
14.4701  1.62
14.4801  1.69
14.4901  1.59
14.5001  1.79
14.5101  1.47
14.5201  1.63
14.5301  1.72
14.5401  1.71
14.5501  1.53
14.5601  1.66
14.5701  1.8
14.5801  1.21
14.5901  1.61
14.6001  1.65
14.6101  1.56
14.6201  1.55
14.6301  1.93
14.6401  1.72
14.6501  1.61
14.6601  1.64
14.6701  1.55
14.6801  1.69
14.6901  1.58
14.7001  1.82
14.7101  1.68
14.7201  1.42
14.7301  1.73
14.7401  1.51
14.7501  1.61
14.7601  1.73
14.7701  1.59
14.7801  1.39
14.7901  1.4
14.8001  1.65
14.8101  1.73
14.8201  1.81
14.8301  1.56
14.8401  1.5
14.8501  1.67
14.8601  1.7
14.8701  1.73
14.8801  1.55
14.8901  1.74
14.9001  1.6
14.9101  1.52
14.9201  1.55
14.9301  1.7
14.9401  1.53
14.9501  1.6
14.9601  1.8
14.9701  1.45
14.9801  1.59
14.9901  1.7
15.0001  1.49
15.0101  1.61
15.0201  1.81
15.0301  1.54
15.0401  1.58
15.0501  1.55
15.0601  1.52
15.0701  1.57
15.0801  1.35
15.0901  1.75
15.1001  1.7
15.1101  1.73
15.1201  1.47
15.1301  1.71
15.1401  1.65
15.1501  1.83
15.1601  1.53
15.1701  1.51
15.1801  1.72
15.1901  1.48
15.2001  1.65
15.2101  1.42
15.2201  1.59
15.2301  1.78
15.2401  1.59
15.2501  1.66
15.2601  1.69
15.2701  1.34
15.2801  1.54
15.2901  1.53
15.3001  1.59
15.3101  1.53
15.3201  1.55
15.3301  1.55
15.3401  1.72
15.3501  1.51
15.3601  1.66
15.3701  1.68
15.3801  1.72
15.3901  1.58
15.4001  1.75
15.4101  1.76
15.4201  1.35
15.4301  1.74
15.4401  1.84
15.4501  1.41
15.4601  1.6
15.4701  1.36
15.4801  1.49
15.4901  1.66
15.5001  1.43
15.5101  1.47
15.5201  1.73
15.5301  1.61
15.5401  1.82
15.5501  1.55
15.5601  1.59
15.5701  1.81
15.5801  1.54
15.5901  1.72
15.6001  1.61
15.6101  1.68
15.6201  1.62
15.6301  1.61
15.6401  1.68
15.6501  1.78
15.6601  1.6
15.6701  1.68
15.6801  1.46
15.6901  1.67
15.7001  1.53
15.7101  1.69
15.7201  1.57
15.7301  1.59
15.7401  1.51
15.7501  1.68
15.7601  1.54
15.7701  1.63
15.7801  1.68
15.7901  1.44
15.8001  1.6
15.8101  1.76
15.8201  1.78
15.8301  1.61
15.8401  1.52
15.8501  1.59
15.8601  1.63
15.8701  1.66
15.8801  1.74
15.8901  1.57
15.9001  1.49
15.9101  1.5
15.9201  1.83
15.9301  1.33
15.9401  1.61
15.9501  1.83
15.9601  1.8
15.9701  1.48
15.9801  1.7
15.9901  1.54
16.0001  1.71
16.0101  1.65
16.0201  1.62
16.0301  1.51
16.0401  1.5
16.0501  1.74
16.0601  1.52
16.0701  1.75
16.0801  1.63
16.0901  1.29
16.1001  1.35
16.1101  1.58
16.1201  1.48
16.1301  1.58
16.1401  1.6
16.1501  1.72
16.1601  1.81
16.1701  1.69
16.1801  1.6
16.1901  1.68
16.2001  1.56
16.2101  1.75
16.2201  1.66
16.2301  1.73
16.2401  1.82
16.2501  1.63
16.2601  1.64
16.2701  1.38
16.2801  1.6
16.2901  1.42
16.3001  1.41
16.3101  1.38
16.3201  1.67
16.3301  1.43
16.3401  1.47
16.3501  1.57
16.3601  1.86
16.3701  1.75
16.3801  1.52
16.3901  1.33
16.4001  1.68
16.4101  1.62
16.4201  1.78
16.4301  1.54
16.4401  1.65
16.4501  1.54
16.4601  1.52
16.4701  1.65
16.4801  1.64
16.4901  1.7
16.5001  1.65
16.5101  1.7
16.5201  1.65
16.5301  1.62
16.5401  1.65
16.5501  1.68
16.5601  1.62
16.5701  1.4
16.5801  1.61
16.5901  1.83
16.6001  1.68
16.6101  1.56
16.6201  1.63
16.6301  1.57
16.6401  1.66
16.6501  1.58
16.6601  1.51
16.6701  1.49
16.6801  1.61
16.6901  1.6
16.7001  1.59
16.7101  1.53
16.7201  1.66
16.7301  1.63
16.7401  1.77
16.7501  1.6
16.7601  1.64
16.7701  1.62
16.7801  1.66
16.7901  1.6
16.8001  1.47
16.8101  1.51
16.8201  1.7
16.8301  1.67
16.8401  1.74
16.8501  1.45
16.8601  1.67
16.8701  1.71
16.8801  1.65
16.8901  1.51
16.9001  1.65
16.9101  1.69
16.9201  1.48
16.9301  1.81
16.9401  1.45
16.9501  1.68
16.9601  1.67
16.9701  1.49
16.9801  1.62
16.9901  1.58
17.0001  1.76
17.0101  1.67
17.0201  1.7
17.0301  1.54
17.0401  1.6
17.0501  1.73
17.0601  1.49
17.0701  1.78
17.0801  1.59
17.0901  1.68
17.1001  1.55
17.1101  1.68
17.1201  1.78
17.1301  1.65
17.1401  1.52
17.1501  1.69
17.1601  1.69
17.1701  1.44
17.1801  1.57
17.1901  1.49
17.2001  1.49
17.2101  1.69
17.2201  1.47
17.2301  1.66
17.2401  1.66
17.2501  1.57
17.2601  1.49
17.2701  1.54
17.2801  1.63
17.2901  1.69
17.3001  1.66
17.3101  1.73
17.3201  1.66
17.3301  1.53
17.3401  1.37
17.3501  1.53
17.3601  1.61
17.3701  1.53
17.3801  1.8
17.3901  1.55
17.4001  1.63
17.4101  1.51
17.4201  1.63
17.4301  1.52
17.4401  1.76
17.4501  1.66
17.4601  1.66
17.4701  1.6
17.4801  1.79
17.4901  1.65
17.5001  1.54
17.5101  1.72
17.5201  1.6
17.5301  1.47
17.5401  1.38
17.5501  1.59
17.5601  1.53
17.5701  1.51
17.5801  1.42
17.5901  1.59
17.6001  1.68
17.6101  1.73
17.6201  1.65
17.6301  1.69
17.6401  1.64
17.6501  1.51
17.6601  1.51
17.6701  1.77
17.6801  1.86
17.6901  1.42
17.7001  1.69
17.7101  1.72
17.7201  1.65
17.7301  1.52
17.7401  1.46
17.7501  1.73
17.7601  1.67
17.7701  1.61
17.7801  1.64
17.7901  1.8
17.8001  1.52
17.8101  1.5
17.8201  1.6
17.8301  1.72
17.8401  1.76
17.8501  1.41
17.8601  1.8
17.8701  1.49
17.8801  1.72
17.8901  1.78
17.9001  1.47
17.9101  1.52
17.9201  1.63
17.9301  1.62
17.9401  1.75
17.9501  1.66
17.9601  1.66
17.9701  1.68
17.9801  1.7
17.9901  1.38
18.0001  1.64
18.0101  1.59
18.0201  1.67
18.0301  1.56
18.0401  1.85
18.0501  1.48
18.0601  1.44
18.0701  1.69
18.0801  1.37
18.0901  1.58
18.1001  1.42
18.1101  1.61
18.1201  1.99
18.1301  1.64
18.1401  1.79
18.1501  1.45
18.1601  1.46
18.1701  1.35
18.1801  1.66
18.1901  1.75
18.2001  1.59
18.2101  1.62
18.2201  1.55
18.2301  1.63
18.2401  1.7
18.2501  1.56
18.2601  1.64
18.2701  1.62
18.2801  1.72
18.2901  1.56
18.3001  1.59
18.3101  1.42
18.3201  1.68
18.3301  1.73
18.3401  1.58
18.3501  1.46
18.3601  1.59
18.3701  1.62
18.3801  1.4
18.3901  1.6
18.4001  1.49
18.4101  1.63
18.4201  1.51
18.4301  1.81
18.4401  1.8
18.4501  1.68
18.4601  1.58
18.4701  1.58
18.4801  1.54
18.4901  1.5
18.5001  1.87
18.5101  1.47
18.5201  1.82
18.5301  1.41
18.5401  1.6
18.5501  1.44
18.5601  1.62
18.5701  1.36
18.5801  1.9
18.5901  1.71
18.6001  1.75
18.6101  1.38
18.6201  1.62
18.6301  1.46
18.6401  1.47
18.6501  1.71
18.6601  1.75
18.6701  1.76
18.6801  1.67
18.6901  1.55
18.7001  1.58
18.7101  1.53
18.7201  1.72
18.7301  1.81
18.7401  1.73
18.7501  1.72
18.7601  1.49
18.7701  1.69
18.7801  1.55
18.7901  1.39
18.8001  1.66
18.8101  1.56
18.8201  1.72
18.8301  1.74
18.8401  1.55
18.8501  1.56
18.8601  1.48
18.8701  1.67
18.8801  1.66
18.8901  1.47
18.9001  1.75
18.9101  1.8
18.9201  1.81
18.9301  1.48
18.9401  1.59
18.9501  1.64
18.9601  1.39
18.9701  1.57
18.9801  1.6
18.9901  1.55
19.0001  1.71
19.0101  1.48
19.0201  1.71
19.0301  1.62
19.0401  1.7
19.0501  1.83
19.0601  1.57
19.0701  1.48
19.0801  1.5
19.0901  1.36
19.1001  1.63
19.1101  1.73
19.1201  1.8
19.1301  1.24
19.1401  1.57
19.1501  1.45
19.1601  1.46
19.1701  1.6
19.1801  1.51
19.1901  1.72
19.2001  1.54
19.2101  1.67
19.2201  1.59
19.2301  1.53
19.2401  1.65
19.2501  1.63
19.2601  1.52
19.2701  1.61
19.2801  1.53
19.2901  1.58
19.3001  1.55
19.3101  1.57
19.3201  1.81
19.3301  1.66
19.3401  1.65
19.3501  1.6
19.3601  1.72
19.3701  1.49
19.3801  1.54
19.3901  1.63
19.4001  1.4
19.4101  1.53
19.4201  1.74
19.4301  1.72
19.4401  1.66
19.4501  1.65
19.4601  1.61
19.4701  1.8
19.4801  1.61
19.4901  1.63
19.5001  1.68
19.5101  1.7
19.5201  1.48
19.5301  1.35
19.5401  1.69
19.5501  1.39
19.5601  1.74
19.5701  1.59
19.5801  1.62
19.5901  1.71
19.6001  1.76
19.6101  1.57
19.6201  1.61
19.6301  1.7
19.6401  1.41
19.6501  1.99
19.6601  1.56
19.6701  1.61
19.6801  1.41
19.6901  1.82
19.7001  1.64
19.7101  1.76
19.7201  1.71
19.7301  1.74
19.7401  1.62
19.7501  1.75
19.7601  1.51
19.7701  1.53
19.7801  1.38
19.7901  1.48
19.8001  1.42
19.8101  1.49
19.8201  1.76
19.8301  1.5
19.8401  1.59
19.8501  1.51
19.8601  1.9
19.8701  1.32
19.8801  1.58
19.8901  1.51
19.9001  1.86
19.9101  1.54
19.9201  1.58
19.9301  1.61
19.9401  1.73
19.9501  1.4
19.9601  1.69
19.9701  1.46
19.9801  1.58
19.9901  1.48
20.0001  1.65
20.0101  1.75
20.0201  1.61
20.0301  1.75
20.0401  1.48
20.0501  1.7
20.0601  1.44
20.0701  1.39
20.0801  1.65
20.0901  1.65
20.1001  1.82
20.1101  1.5
20.1201  1.6
20.1301  1.42
20.1401  1.67
20.1501  1.49
20.1601  1.65
20.1701  1.76
20.1801  1.64
20.1901  1.45
20.2001  1.53
20.2101  1.72
20.2201  1.71
20.2301  1.71
20.2401  1.57
20.2501  1.85
20.2601  1.65
20.2701  1.58
20.2801  1.42
20.2901  1.42
20.3001  1.85
20.3101  1.54
20.3201  1.61
20.3301  1.62
20.3401  1.61
20.3501  1.71
20.3601  1.4
20.3701  1.62
20.3801  1.76
20.3901  1.48
20.4001  1.61
20.4101  1.5
20.4201  1.69
20.4301  1.76
20.4401  1.68
20.4501  1.53
20.4601  1.66
20.4701  1.54
20.4801  1.62
20.4901  1.79
20.5001  1.57
20.5101  1.7
20.5201  1.55
20.5301  1.32
20.5401  1.81
20.5501  1.72
20.5601  1.51
20.5701  1.62
20.5801  1.43
20.5901  1.6
20.6001  1.56
20.6101  1.53
20.6201  1.67
20.6301  1.7
20.6401  1.64
20.6501  1.84
20.6601  1.53
20.6701  1.54
20.6801  1.66
20.6901  1.45
20.7001  1.66
20.7101  1.53
20.7201  1.57
20.7301  1.61
20.7401  1.48
20.7501  1.81
20.7601  1.59
20.7701  1.7
20.7801  1.59
20.7901  1.66
20.8001  1.7
20.8101  1.6
20.8201  1.53
20.8301  1.54
20.8401  1.54
20.8501  1.48
20.8601  1.72
20.8701  1.72
20.8801  1.45
20.8901  1.65
20.9001  1.6
20.9101  1.59
20.9201  1.63
20.9301  1.6
20.9401  1.61
20.9501  1.42
20.9601  1.66
20.9701  1.66
20.9801  1.68
20.9901  1.54
21.0001  1.72
21.0101  1.56
21.0201  1.68
21.0301  1.68
21.0401  1.29
21.0501  1.56
21.0601  1.57
21.0701  1.58
21.0801  1.66
21.0901  1.78
21.1001  1.49
21.1101  1.36
21.1201  1.5
21.1301  1.56
21.1401  1.61
21.1501  1.68
21.1601  1.59
21.1701  1.68
21.1801  1.7
21.1901  1.61
21.2001  1.75
21.2101  1.51
21.2201  1.57
21.2301  1.8
21.2401  1.6
21.2501  1.41
21.2601  1.59
21.2701  1.64
21.2801  1.5
21.2901  1.56
21.3001  1.68
21.3101  1.63
21.3201  1.45
21.3301  1.6
21.3401  1.69
21.3501  1.78
21.3601  1.72
21.3701  1.5
21.3801  1.66
21.3901  1.69
21.4001  1.49
21.4101  1.56
21.4201  1.69
21.4301  1.48
21.4401  1.55
21.4501  1.56
21.4601  1.67
21.4701  1.7
21.4801  1.84
21.4901  1.47
21.5001  1.76
21.5101  1.7
21.5201  1.71
21.5301  1.49
21.5401  1.7
21.5501  1.68
21.5601  1.52
21.5701  1.64
21.5801  1.56
21.5901  1.62
21.6001  1.53
21.6101  1.61
21.6201  1.77
21.6301  1.52
21.6401  1.91
21.6501  1.28
21.6601  1.48
21.6701  1.72
21.6801  1.75
21.6901  1.39
21.7001  1.58
21.7101  1.44
21.7201  1.61
21.7301  1.83
21.7401  1.56
21.7501  1.53
21.7601  1.75
21.7701  1.52
21.7801  1.73
21.7901  1.61
21.8001  1.47
21.8101  1.56
21.8201  1.77
21.8301  1.47
21.8401  1.49
21.8501  1.44
21.8601  1.68
21.8701  1.59
21.8801  1.63
21.8901  1.38
21.9001  1.89
21.9101  1.39
21.9201  1.62
21.9301  1.84
21.9401  1.48
21.9501  1.65
21.9601  1.63
21.9701  1.58
21.9801  1.6
21.9901  1.54
22.0001  1.51
22.0101  1.75
22.0201  1.64
22.0301  1.72
22.0401  1.62
22.0501  1.35
22.0601  1.58
22.0701  1.67
22.0801  1.35
22.0901  1.69
22.1001  1.56
22.1101  1.72
22.1201  1.44
22.1301  1.44
22.1401  1.59
22.1501  1.72
22.1601  1.45
22.1701  1.72
22.1801  1.85
22.1901  1.61
22.2001  1.55
22.2101  1.75
22.2201  1.41
22.2301  1.43
22.2401  1.69
22.2501  1.57
22.2601  1.75
22.2701  1.45
22.2801  1.67
22.2901  1.71
22.3001  1.52
22.3101  1.61
22.3201  1.52
22.3301  1.64
22.3401  1.57
22.3501  1.55
22.3601  1.51
22.3701  1.66
22.3801  1.81
22.3901  1.51
22.4001  1.89
22.4101  1.46
22.4201  1.35
22.4301  1.5
22.4401  1.7
22.4501  1.63
22.4601  1.49
22.4701  1.66
22.4801  1.76
22.4901  1.63
22.5001  1.78
22.5101  1.66
22.5201  1.61
22.5301  1.65
22.5401  1.73
22.5501  1.76
22.5601  1.56
22.5701  1.65
22.5801  1.57
22.5901  1.51
22.6001  1.6
22.6101  1.56
22.6201  1.58
22.6301  1.4
22.6401  1.57
22.6501  1.75
22.6601  1.93
22.6701  1.75
22.6801  1.57
22.6901  1.29
22.7001  1.75
22.7101  1.51
22.7201  1.62
22.7301  1.57
22.7401  1.73
22.7501  1.57
22.7601  1.85
22.7701  1.52
22.7801  1.71
22.7901  1.59
22.8001  1.51
22.8101  1.56
22.8201  1.56
22.8301  1.81
22.8401  1.79
22.8501  1.45
22.8601  1.68
22.8701  1.42
22.8801  1.48
22.8901  1.75
22.9001  1.73
22.9101  1.38
22.9201  1.38
22.9301  1.55
22.9401  1.82
22.9501  1.7
22.9601  1.39
22.9701  1.59
22.9801  1.45
22.9901  1.41
23.0001  1.52
23.0101  1.69
23.0201  1.44
23.0301  1.56
23.0401  1.68
23.0501  1.86
23.0601  1.71
23.0701  1.45
23.0801  1.42
23.0901  1.61
23.1001  1.79
23.1101  1.56
23.1201  1.66
23.1301  1.52
23.1401  1.51
23.1501  1.5
23.1601  1.79
23.1701  1.58
23.1801  1.31
23.1901  1.7
23.2001  1.69
23.2101  1.54
23.2201  1.64
23.2301  1.63
23.2401  1.52
23.2501  1.58
23.2601  1.61
23.2701  1.53
23.2801  1.83
23.2901  1.67
23.3001  1.56
23.3101  1.73
23.3201  1.55
23.3301  1.52
23.3401  1.41
23.3501  1.84
23.3601  1.75
23.3701  1.47
23.3801  1.72
23.3901  1.64
23.4001  1.91
23.4101  1.71
23.4201  1.52
23.4301  1.57
23.4401  1.84
23.4501  1.63
23.4601  1.56
23.4701  1.62
23.4801  1.7
23.4901  1.63
23.5001  1.54
23.5101  1.37
23.5201  1.55
23.5301  1.59
23.5401  1.71
23.5501  1.63
23.5601  1.54
23.5701  1.35
23.5801  1.77
23.5901  1.65
23.6001  1.68
23.6101  1.54
23.6201  1.57
23.6301  1.53
23.6401  1.72
23.6501  1.7
23.6601  1.41
23.6701  1.45
23.6801  1.73
23.6901  1.66
23.7001  1.64
23.7101  1.8
23.7201  1.44
23.7301  1.63
23.7401  1.53
23.7501  1.49
23.7601  1.55
23.7701  1.55
23.7801  1.71
23.7901  1.41
23.8001  1.5
23.8101  1.71
23.8201  1.63
23.8301  1.65
23.8401  1.44
23.8501  1.7
23.8601  1.53
23.8701  1.49
23.8801  1.94
23.8901  1.57
23.9001  1.64
23.9101  1.71
23.9201  1.65
23.9301  1.51
23.9401  1.51
23.9501  1.3
23.9601  1.62
23.9701  1.73
23.9801  1.7
23.9901  1.7
24.0001  1.77
24.0101  1.54
24.0201  1.58
24.0301  1.84
24.0401  1.51
24.0501  1.54
24.0601  1.76
24.0701  1.49
24.0801  1.56
24.0901  1.57
24.1001  1.62
24.1101  1.42
24.1201  1.73
24.1301  1.56
24.1401  1.45
24.1501  1.76
24.1601  1.49
24.1701  1.52
24.1801  1.64
24.1901  1.71
24.2001  1.5
24.2101  1.67
24.2201  1.66
24.2301  1.58
24.2401  1.59
24.2501  1.76
24.2601  1.68
24.2701  1.64
24.2801  1.59
24.2901  1.78
24.3001  1.64
24.3101  1.51
24.3201  1.5
24.3301  1.58
24.3401  1.61
24.3501  1.62
24.3601  1.66
24.3701  1.42
24.3801  1.63
24.3901  1.65
24.4001  1.77
24.4101  1.46
24.4201  1.59
24.4301  1.7
24.4401  1.67
24.4501  1.59
24.4601  1.49
24.4701  1.47
24.4801  1.72
24.4901  1.81
24.5001  1.67
24.5101  1.41
24.5201  1.51
24.5301  1.47
24.5401  1.6
24.5501  1.82
24.5601  1.44
24.5701  1.56
24.5801  1.48
24.5901  1.62
24.6001  1.67
24.6101  1.72
24.6201  1.46
24.6301  1.85
24.6401  1.58
24.6501  1.58
24.6601  1.72
24.6701  1.67
24.6801  1.56
24.6901  1.54
24.7001  1.61
24.7101  1.5
24.7201  1.69
24.7301  1.69
24.7401  1.71
24.7501  1.83
24.7601  1.55
24.7701  1.52
24.7801  1.65
24.7901  1.69
24.8001  1.67
24.8101  1.64
24.8201  1.61
24.8301  1.55
24.8401  1.35
24.8501  1.46
24.8601  1.61
24.8701  1.75
24.8801  1.73
24.8901  1.45
24.9001  1.59
24.9101  1.71
24.9201  1.7
24.9301  1.43
24.9401  1.53
24.9501  1.62
24.9601  1.55
24.9701  1.99
24.9801  1.53
24.9901  1.68
25.0001  1.76
25.0101  1.6
25.0201  1.41
25.0301  1.55
25.0401  1.8
25.0501  1.61
25.0601  1.54
25.0701  1.44
25.0801  1.52
25.0901  1.46
25.1001  1.65
25.1101  1.68
25.1201  1.48
25.1301  1.54
25.1401  1.58
25.1501  1.51
25.1601  1.78
25.1701  1.74
25.1801  1.49
25.1901  1.61
25.2001  1.54
25.2101  1.72
25.2201  1.58
25.2301  1.34
25.2401  1.68
25.2501  1.54
25.2601  1.48
25.2701  1.68
25.2801  1.6
25.2901  1.61
25.3001  1.46
25.3101  1.61
25.3201  1.82
25.3301  1.47
25.3401  1.64
25.3501  1.69
25.3601  1.49
25.3701  1.49
25.3801  1.77
25.3901  1.68
25.4001  1.53
25.4101  1.7
25.4201  1.55
25.4301  1.64
25.4401  1.57
25.4501  1.68
25.4601  1.69
25.4701  1.51
25.4801  1.89
25.4901  1.92
25.5001  1.53
25.5101  1.65
25.5201  1.74
25.5301  1.62
25.5401  1.64
25.5501  1.36
25.5601  1.51
25.5701  1.56
25.5801  1.72
25.5901  1.43
25.6001  1.75
25.6101  1.64
25.6201  1.63
25.6301  1.64
25.6401  1.75
25.6501  1.44
25.6601  1.43
25.6701  1.57
25.6801  1.68
25.6901  1.75
25.7001  1.74
25.7101  1.71
25.7201  1.58
25.7301  1.48
25.7401  1.71
25.7501  1.61
25.7601  1.59
25.7701  1.76
25.7801  1.48
25.7901  1.57
25.8001  1.76
25.8101  1.58
25.8201  1.52
25.8301  1.44
25.8401  1.75
25.8501  1.62
25.8601  1.52
25.8701  1.58
25.8801  1.54
25.8901  1.51
25.9001  1.78
25.9101  1.5
25.9201  1.47
25.9301  1.48
25.9401  1.42
25.9501  1.6
25.9601  1.71
25.9701  1.44
25.9801  1.56
25.9901  1.59
26.0001  1.62
26.0101  1.57
26.0201  1.79
26.0301  1.51
26.0401  1.84
26.0501  1.61
26.0601  1.73
26.0701  1.44
26.0801  1.56
26.0901  1.62
26.1001  1.74
26.1101  1.46
26.1201  1.64
26.1301  1.37
26.1401  1.64
26.1501  1.47
26.1601  1.82
26.1701  1.68
26.1801  1.67
26.1901  1.58
26.2001  1.66
26.2101  1.71
26.2201  1.75
26.2301  1.62
26.2401  1.64
26.2501  1.58
26.2601  1.61
26.2701  1.68
26.2801  1.58
26.2901  1.49
26.3001  1.9
26.3101  1.65
26.3201  1.73
26.3301  1.71
26.3401  1.43
26.3501  1.4
26.3601  1.96
26.3701  1.51
26.3801  1.48
26.3901  1.6
26.4001  1.46
26.4101  1.55
26.4201  1.66
26.4301  1.51
26.4401  1.87
26.4501  1.55
26.4601  1.74
26.4701  1.66
26.4801  1.49
26.4901  1.56
26.5001  1.68
26.5101  1.61
26.5201  1.81
26.5301  1.57
26.5401  1.78
26.5501  1.6
26.5601  1.64
26.5701  1.66
26.5801  1.34
26.5901  1.48
26.6001  1.5
26.6101  1.54
26.6201  1.67
26.6301  1.76
26.6401  1.59
26.6501  1.65
26.6601  1.64
26.6701  1.41
26.6801  1.65
26.6901  1.83
26.7001  1.56
26.7101  1.6
26.7201  1.46
26.7301  1.41
26.7401  1.79
26.7501  1.57
26.7601  1.44
26.7701  1.34
26.7801  1.68
26.7901  1.83
26.8001  1.67
26.8101  1.55
26.8201  1.64
26.8301  1.59
26.8401  1.57
26.8501  1.66
26.8601  1.5
26.8701  1.45
26.8801  1.52
26.8901  1.36
26.9001  1.7
26.9101  1.66
26.9201  1.69
26.9301  1.67
26.9401  1.69
26.9501  1.4
26.9601  1.88
26.9701  1.46
26.9801  1.47
26.9901  1.71
27.0001  1.66
27.0101  1.55
27.0201  1.67
27.0301  1.68
27.0401  1.63
27.0501  1.43
27.0601  1.51
27.0701  1.6
27.0801  1.91
27.0901  1.61
27.1001  1.69
27.1101  1.72
27.1201  1.42
27.1301  1.52
27.1401  1.71
27.1501  1.76
27.1601  1.57
27.1701  1.47
27.1801  1.52
27.1901  1.49
27.2001  1.57
27.2101  1.68
27.2201  1.73
27.2301  1.59
27.2401  1.84
27.2501  1.83
27.2601  1.95
27.2701  1.57
27.2801  1.79
27.2901  1.63
27.3001  1.64
27.3101  1.77
27.3201  1.62
27.3301  1.62
27.3401  1.46
27.3501  1.55
27.3601  1.43
27.3701  1.83
27.3801  1.58
27.3901  1.72
27.4001  1.73
27.4101  1.59
27.4201  1.81
27.4301  1.71
27.4401  1.46
27.4501  1.34
27.4601  1.47
27.4701  1.55
27.4801  1.64
27.4901  1.84
27.5001  1.49
27.5101  1.64
27.5201  1.5
27.5301  1.69
27.5401  1.55
27.5501  1.57
27.5601  1.48
27.5701  1.4
27.5801  1.86
27.5901  1.63
27.6001  1.67
27.6101  1.54
27.6201  1.45
27.6301  1.53
27.6401  1.52
27.6501  1.29
27.6601  1.53
27.6701  1.74
27.6801  1.97
27.6901  1.47
27.7001  1.56
27.7101  1.57
27.7201  1.51
27.7301  1.62
27.7401  1.55
27.7501  1.7
27.7601  1.48
27.7701  1.53
27.7801  1.55
27.7901  1.61
27.8001  1.77
27.8101  1.47
27.8201  1.63
27.8301  1.89
27.8401  1.79
27.8501  1.44
27.8601  1.7
27.8701  1.38
27.8801  1.9
27.8901  1.47
27.9001  1.84
27.9101  1.66
27.9201  1.73
27.9301  1.52
27.9401  1.47
27.9501  1.64
27.9601  1.65
27.9701  1.57
27.9801  1.52
27.9901  1.6
28.0001  1.45
28.0101  1.72
28.0201  1.6
28.0301  1.79
28.0401  1.84
28.0501  1.48
28.0601  1.63
28.0701  1.62
28.0801  1.61
28.0901  1.63
28.1001  1.74
28.1101  1.72
28.1201  1.68
28.1301  1.61
28.1401  1.55
28.1501  1.64
28.1601  1.54
28.1701  1.49
28.1801  1.7
28.1901  1.5
28.2001  1.63
28.2101  1.74
28.2201  1.54
28.2301  1.59
28.2401  1.62
28.2501  1.67
28.2601  1.66
28.2701  1.44
28.2801  1.62
28.2901  1.72
28.3001  1.85
28.3101  1.71
28.3201  1.82
28.3301  1.41
28.3401  1.5
28.3501  1.52
28.3601  1.8
28.3701  1.62
28.3801  1.5
28.3901  1.46
28.4001  1.6
28.4101  1.59
28.4201  1.61
28.4301  1.51
28.4401  1.88
28.4501  1.68
28.4601  1.47
28.4701  1.78
28.4801  1.71
28.4901  1.6
28.5001  1.82
28.5101  1.48
28.5201  1.57
28.5301  1.6
28.5401  1.54
28.5501  1.59
28.5601  1.55
28.5701  1.43
28.5801  1.4
28.5901  1.51
28.6001  1.87
28.6101  1.81
28.6201  1.68
28.6301  1.56
28.6401  1.68
28.6501  1.45
28.6601  1.54
28.6701  1.58
28.6801  1.49
28.6901  1.44
28.7001  1.48
28.7101  1.27
28.7201  1.82
28.7301  1.46
28.7401  1.53
28.7501  1.72
28.7601  1.66
28.7701  1.58
28.7801  1.54
28.7901  1.51
28.8001  1.69
28.8101  1.64
28.8201  1.62
28.8301  1.67
28.8401  1.84
28.8501  1.64
28.8601  1.48
28.8701  1.72
28.8801  1.68
28.8901  1.58
28.9001  1.57
28.9101  1.66
28.9201  1.79
28.9301  1.46
28.9401  1.53
28.9501  1.52
28.9601  1.56
28.9701  1.67
28.9801  1.57
28.9901  1.55
29.0001  1.61
29.0101  1.79
29.0201  1.77
29.0301  1.48
29.0401  1.64
29.0501  1.97
29.0601  1.64
29.0701  1.55
29.0801  1.48
29.0901  1.58
29.1001  1.83
29.1101  1.81
29.1201  1.77
29.1301  1.64
29.1401  1.89
29.1501  1.48
29.1601  1.54
29.1701  1.71
29.1801  1.59
29.1901  1.62
29.2001  1.66
29.2101  1.61
29.2201  1.44
29.2301  1.59
29.2401  1.66
29.2501  1.33
29.2601  1.46
29.2701  1.66
29.2801  1.7
29.2901  1.66
29.3001  1.73
29.3101  1.58
29.3201  1.57
29.3301  1.5
29.3401  1.6
29.3501  1.57
29.3601  1.55
29.3701  1.38
29.3801  1.49
29.3901  1.42
29.4001  1.6
29.4101  1.6
29.4201  1.6
29.4301  1.66
29.4401  1.63
29.4501  1.79
29.4601  1.51
29.4701  1.82
29.4801  1.85
29.4901  1.54
29.5001  1.53
29.5101  1.64
29.5201  1.59
29.5301  1.58
29.5401  1.51
29.5501  1.66
29.5601  1.46
29.5701  1.43
29.5801  1.6
29.5901  1.69
29.6001  1.58
29.6101  1.6
29.6201  1.54
29.6301  1.51
29.6401  1.87
29.6501  1.6
29.6601  1.68
29.6701  1.69
29.6801  1.74
29.6901  1.59
29.7001  1.68
29.7101  1.49
29.7201  1.61
29.7301  1.67
29.7401  1.63
29.7501  1.72
29.7601  1.88
29.7701  1.56
29.7801  1.58
29.7901  1.42
29.8001  1.55
29.8101  1.36
29.8201  1.93
29.8301  1.81
29.8401  1.61
29.8501  1.68
29.8601  1.7
29.8701  1.38
29.8801  1.57
29.8901  1.72
29.9001  1.68
29.9101  1.62
29.9201  1.64
29.9301  1.72
29.9401  1.75
29.9501  1.56
29.9601  1.56
29.9701  1.68
29.9801  1.5
29.9901  1.7
30.0001  1.4
30.0101  1.57
30.0201  1.73
30.0301  1.5
30.0401  1.53
30.0501  1.46
30.0601  1.63
30.0701  1.58
30.0801  1.65
30.0901  1.53
30.1001  1.76
30.1101  1.64
30.1201  1.61
30.1301  1.69
30.1401  1.54
30.1501  1.22
30.1601  1.59
30.1701  1.43
30.1801  1.8
30.1901  1.58
30.2001  1.59
30.2101  1.84
30.2201  1.58
30.2301  1.73
30.2401  1.79
30.2501  1.54
30.2601  1.8
30.2701  1.67
30.2801  1.47
30.2901  1.68
30.3001  1.54
30.3101  1.6
30.3201  1.54
30.3301  1.4
30.3401  1.69
30.3501  1.71
30.3601  1.83
30.3701  1.72
30.3801  1.58
30.3901  1.59
30.4001  1.7
30.4101  1.42
30.4201  1.59
30.4301  1.71
30.4401  1.65
30.4501  1.71
30.4601  1.65
30.4701  1.5
30.4801  1.59
30.4901  1.56
30.5001  1.65
30.5101  1.52
30.5201  1.46
30.5301  1.79
30.5401  1.66
30.5501  1.72
30.5601  1.82
30.5701  1.96
30.5801  1.69
30.5901  1.6
30.6001  1.62
30.6101  1.52
30.6201  1.75
30.6301  1.62
30.6401  1.47
30.6501  1.83
30.6601  1.59
30.6701  1.4
30.6801  1.47
30.6901  1.54
30.7001  1.65
30.7101  1.41
30.7201  1.75
30.7301  1.57
30.7401  1.58
30.7501  1.62
30.7601  1.76
30.7701  1.65
30.7801  1.52
30.7901  1.7
30.8001  1.7
30.8101  1.67
30.8201  1.56
30.8301  1.51
30.8401  1.63
30.8501  1.67
30.8601  1.61
30.8701  1.68
30.8801  1.62
30.8901  1.54
30.9001  1.83
30.9101  1.77
30.9201  1.68
30.9301  1.6
30.9401  1.68
30.9501  1.56
30.9601  1.44
30.9701  1.64
30.9801  1.47
30.9901  1.64
31.0001  1.56
31.0101  1.53
31.0201  1.6
31.0301  1.5
31.0401  1.57
31.0501  1.68
31.0601  1.59
31.0701  1.5
31.0801  1.85
31.0901  1.59
31.1001  1.46
31.1101  1.74
31.1201  1.63
31.1301  1.72
31.1401  1.78
31.1501  1.43
31.1601  1.49
31.1701  1.42
31.1801  1.67
31.1901  1.6
31.2001  1.67
31.2101  1.8
31.2201  1.6
31.2301  1.77
31.2401  1.55
31.2501  1.47
31.2601  1.74
31.2701  1.75
31.2801  1.68
31.2901  1.63
31.3001  1.55
31.3101  1.56
31.3201  1.56
31.3301  1.5
31.3401  1.46
31.3501  1.64
31.3601  1.58
31.3701  1.61
31.3801  1.94
31.3901  1.99
31.4001  1.56
31.4101  1.52
31.4201  1.64
31.4301  1.61
31.4401  1.53
31.4501  1.73
31.4601  1.57
31.4701  1.65
31.4801  1.54
31.4901  1.57
31.5001  1.57
31.5101  1.65
31.5201  1.68
31.5301  1.87
31.5401  1.56
31.5501  1.72
31.5601  1.6
31.5701  1.51
31.5801  1.5
31.5901  1.44
31.6001  1.46
31.6101  1.81
31.6201  1.58
31.6301  1.62
31.6401  1.63
31.6501  1.62
31.6601  1.64
31.6701  1.49
31.6801  1.88
31.6901  1.74
31.7001  1.68
31.7101  1.74
31.7201  1.57
31.7301  1.48
31.7401  1.57
31.7501  1.8
31.7601  1.3
31.7701  1.4
31.7801  1.76
31.7901  1.69
31.8001  1.42
31.8101  1.7
31.8201  1.61
31.8301  1.69
31.8401  1.49
31.8501  1.7
31.8601  1.41
31.8701  1.67
31.8801  1.63
31.8901  1.71
31.9001  1.56
31.9101  1.68
31.9201  1.4
31.9301  1.57
31.9401  1.74
31.9501  2
31.9601  1.61
31.9701  1.57
31.9801  1.6
31.9901  1.43
32.0001  1.71
32.0101  1.53
32.0201  1.72
32.0301  1.63
32.0401  1.6
32.0501  1.55
32.0601  1.61
32.0701  1.69
32.0801  1.67
32.0901  1.55
32.1001  1.46
32.1101  1.41
32.1201  1.51
32.1301  1.85
32.1401  1.54
32.1501  1.69
32.1601  1.66
32.1701  1.66
32.1801  1.74
32.1901  1.51
32.2001  1.4
32.2101  1.48
32.2201  1.53
32.2301  1.71
32.2401  1.51
32.2501  1.61
32.2601  1.53
32.2701  1.93
32.2801  1.49
32.2901  1.81
32.3001  1.73
32.3101  1.52
32.3201  1.64
32.3301  1.63
32.3401  1.58
32.3501  1.66
32.3601  1.62
32.3701  1.45
32.3801  1.74
32.3901  1.51
32.4001  1.45
32.4101  1.66
32.4201  1.63
32.4301  1.66
32.4401  1.65
32.4501  1.7
32.4601  1.48
32.4701  1.46
32.4801  1.66
32.4901  1.55
32.5001  1.82
32.5101  1.84
32.5201  1.47
32.5301  1.77
32.5401  1.48
32.5501  1.67
32.5601  1.51
32.5701  1.63
32.5801  1.76
32.5901  1.59
32.6001  1.48
32.6101  1.69
32.6201  1.47
32.6301  1.74
32.6401  1.44
32.6501  1.64
32.6601  1.31
32.6701  1.61
32.6801  1.62
32.6901  1.8
32.7001  1.63
32.7101  1.64
32.7201  1.44
32.7301  1.54
32.7401  1.73
32.7501  1.55
32.7601  1.47
32.7701  1.47
32.7801  1.57
32.7901  1.9
32.8001  1.53
32.8101  1.58
32.8201  1.8
32.8301  1.58
32.8401  1.62
32.8501  1.59
32.8601  1.73
32.8701  1.64
32.8801  1.87
32.8901  1.59
32.9001  1.67
32.9101  1.6
32.9201  1.57
32.9301  1.46
32.9401  1.54
32.9501  1.71
32.9601  1.51
32.9701  1.62
32.9801  1.52
32.9901  1.67
33.0001  1.55
33.0101  1.47
33.0201  1.66
33.0301  1.58
33.0401  1.55
33.0501  1.54
33.0601  1.63
33.0701  1.8
33.0801  1.54
33.0901  1.52
33.1001  1.4
33.1101  1.71
33.1201  1.72
33.1301  1.56
33.1401  1.56
33.1501  1.73
33.1601  1.69
33.1701  1.62
33.1801  1.51
33.1901  1.54
33.2001  1.42
33.2101  1.6
33.2201  1.67
33.2301  1.68
33.2401  1.52
33.2501  1.8
33.2601  1.74
33.2701  1.91
33.2801  1.7
33.2901  1.53
33.3001  1.44
33.3101  1.68
33.3201  1.56
33.3301  1.51
33.3401  1.46
33.3501  1.78
33.3601  1.48
33.3701  1.62
33.3801  1.53
33.3901  1.59
33.4001  1.65
33.4101  1.64
33.4201  1.7
33.4301  1.23
33.4401  1.77
33.4501  1.84
33.4601  1.65
33.4701  1.7
33.4801  1.64
33.4901  1.74
33.5001  1.61
33.5101  1.67
33.5201  1.52
33.5301  1.64
33.5401  1.34
33.5501  1.74
33.5601  1.61
33.5701  1.39
33.5801  1.52
33.5901  1.5
33.6001  1.69
33.6101  1.5
33.6201  1.78
33.6301  1.81
33.6401  1.6
33.6501  1.68
33.6601  1.41
33.6701  1.71
33.6801  1.66
33.6901  1.89
33.7001  1.48
33.7101  1.74
33.7201  1.4
33.7301  1.66
33.7401  1.61
33.7501  1.78
33.7601  1.72
33.7701  1.59
33.7801  1.7
33.7901  1.51
33.8001  1.78
33.8101  1.48
33.8201  1.64
33.8301  1.53
33.8401  1.42
33.8501  1.66
33.8601  1.92
33.8701  1.55
33.8801  1.61
33.8901  1.86
33.9001  1.66
33.9101  1.49
33.9201  1.59
33.9301  1.65
33.9401  1.65
33.9501  1.77
33.9601  1.6
33.9701  1.8
33.9801  1.46
33.9901  1.59
34.0001  1.59
34.0101  1.58
34.0201  1.45
34.0301  1.78
34.0401  1.68
34.0501  1.44
34.0601  1.61
34.0701  1.78
34.0801  1.89
34.0901  1.54
34.1001  1.58
34.1101  1.67
34.1201  1.58
34.1301  1.65
34.1401  1.76
34.1501  1.34
34.1601  1.45
34.1701  1.43
34.1801  1.7
34.1901  1.5
34.2001  1.53
34.2101  1.74
34.2201  1.77
34.2301  1.64
34.2401  1.49
34.2501  1.53
34.2601  1.74
34.2701  1.5
34.2801  1.7
34.2901  1.41
34.3001  1.7
34.3101  1.8
34.3201  1.5
34.3301  1.57
34.3401  1.44
34.3501  1.78
34.3601  1.41
34.3701  1.83
34.3801  1.62
34.3901  1.68
34.4001  1.6
34.4101  1.53
34.4201  1.51
34.4301  1.66
34.4401  1.67
34.4501  1.67
34.4601  1.66
34.4701  1.49
34.4801  1.54
34.4901  1.61
34.5  1.54
34.51  1.68
34.52  1.69
34.53  1.59
34.54  1.63
34.55  1.57
34.56  1.54
34.57  1.71
34.58  1.98
34.59  1.76
34.6  1.55
34.61  1.65
34.62  1.59
34.63  1.65
34.64  1.64
34.65  1.42
34.66  1.58
34.67  1.44
34.68  1.67
34.69  1.61
34.7  1.29
34.71  1.64
34.72  1.66
34.73  1.58
34.74  1.57
34.75  1.52
34.76  1.57
34.77  1.6
34.78  1.62
34.79  1.52
34.8  1.67
34.81  1.67
34.82  1.55
34.83  1.81
34.84  1.74
34.85  1.67
34.86  1.55
34.87  1.48
34.88  1.9
34.89  1.53
34.9  1.55
34.91  1.63
34.92  1.64
34.93  1.44
34.94  1.59
34.95  1.58
34.96  1.48
34.97  1.51
34.98  1.36
34.99  1.64
35  1.61
35.01  1.42
35.02  1.87
35.03  1.58
35.04  1.56
35.05  1.61
35.06  1.81
35.07  1.56
35.08  1.62
35.09  1.63
35.1  1.69
35.11  1.71
35.12  1.84
35.13  1.66
35.14  1.48
35.15  1.78
35.16  1.45
35.17  1.38
35.18  1.63
35.19  1.47
35.2  1.74
35.21  1.59
35.22  1.76
35.23  1.82
35.24  1.48
35.25  1.68
35.26  1.63
35.27  1.68
35.28  1.75
35.29  1.76
35.3  1.55
35.31  1.58
35.32  1.66
35.33  1.49
35.34  1.44
35.35  1.62
35.36  1.74
35.37  1.53
35.38  1.43
35.39  1.56
35.4  1.49
35.41  1.64
35.42  1.7
35.43  1.51
35.44  1.58
35.45  1.6
35.46  1.56
35.47  1.64
35.48  1.64
35.49  1.6
35.5  1.64
35.51  1.55
35.52  1.59
35.53  1.56
35.54  1.46
35.55  1.82
35.56  1.55
35.57  1.66
35.58  1.28
35.59  1.62
35.6  1.54
35.61  1.67
35.62  1.53
35.63  1.78
35.64  1.71
35.65  1.59
35.66  1.53
35.67  1.43
35.68  1.65
35.69  1.47
35.7  1.66
35.71  1.58
35.72  1.61
35.73  1.74
35.74  1.43
35.75  1.51
35.76  1.65
35.77  1.84
35.78  1.58
35.79  1.91
35.8  1.65
35.81  1.56
35.82  1.66
35.83  1.6
35.84  1.76
35.85  1.73
35.86  1.32
35.87  1.72
35.88  1.64
35.89  1.44
35.9  1.76
35.91  1.74
35.92  1.48
35.93  1.71
35.94  1.71
35.95  1.95
35.96  1.33
35.97  1.58
35.98  1.53
35.99  1.63
36  1.41
36.01  1.75
36.02  1.59
36.03  1.58
36.04  1.76
36.05  1.7
36.06  1.76
36.07  1.44
36.08  1.66
36.09  1.79
36.1  1.53
36.11  1.6
36.12  1.24
36.13  1.67
36.14  1.62
36.15  1.39
36.16  1.45
36.17  1.41
36.18  1.76
36.19  1.65
36.2  1.68
36.21  1.78
36.22  1.56
36.23  1.59
36.24  1.57
36.25  1.7
36.26  1.39
36.27  1.58
36.28  1.71
36.29  1.45
36.3  1.49
36.31  1.51
36.32  1.65
36.33  1.67
36.34  1.33
36.35  1.41
36.36  1.41
36.37  1.48
36.38  1.49
36.39  1.44
36.4  1.54
36.41  1.73
36.42  1.5
36.43  1.74
36.44  1.65
36.45  1.56
36.46  1.71
36.47  1.7
36.48  1.58
36.49  1.69
36.5  1.67
36.51  1.66
36.52  1.61
36.53  1.57
36.54  1.67
36.55  1.68
36.56  1.67
36.57  1.6
36.58  1.7
36.59  1.5
36.6  1.77
36.61  1.59
36.62  1.38
36.63  1.84
36.64  1.64
36.65  1.5
36.66  1.65
36.67  1.57
36.68  1.74
36.69  1.81
36.7  1.51
36.71  1.48
36.72  1.53
36.73  1.72
36.74  1.68
36.75  1.72
36.76  1.64
36.77  1.68
36.78  1.46
36.79  1.65
36.8  1.63
36.81  1.81
36.82  1.68
36.83  1.77
36.84  1.47
36.85  1.68
36.86  1.46
36.87  1.61
36.88  1.8
36.89  1.56
36.9  1.59
36.91  1.39
36.92  1.58
36.93  1.46
36.94  1.68
36.95  1.58
36.96  1.57
36.97  1.53
36.98  1.41
36.99  1.84
37  1.49
37.01  1.72
37.02  1.68
37.03  1.52
37.04  1.63
37.05  1.56
37.06  1.54
37.07  1.51
37.08  1.53
37.09  1.64
37.1  1.42
37.11  1.38
37.12  1.41
37.13  1.59
37.14  1.68
37.15  1.7
37.16  1.55
37.17  1.71
37.18  1.3
37.19  1.71
37.2  1.76
37.21  1.64
37.22  1.65
37.23  1.53
37.24  1.61
37.25  1.47
37.26  1.68
37.27  1.67
37.28  1.4
37.29  1.64
37.3  1.61
37.31  1.58
37.32  1.55
37.33  1.56
37.34  1.68
37.35  1.58
37.36  1.41
37.37  1.66
37.38  1.52
37.39  1.58
37.4  1.55
37.41  1.81
37.42  1.66
37.43  1.64
37.44  1.59
37.45  1.81
37.46  1.42
37.47  1.7
37.48  1.56
37.49  1.47
37.5  1.48
37.51  1.61
37.52  1.64
37.53  1.61
37.54  1.5
37.55  1.51
37.56  1.85
37.57  1.64
37.58  1.81
37.59  1.75
37.6  1.53
37.61  1.82
37.62  1.4
37.63  1.74
37.64  1.49
37.65  1.5
37.66  1.4
37.67  1.69
37.68  1.76
37.69  1.6
37.7  1.52
37.71  1.62
37.72  1.74
37.73  1.66
37.74  1.57
37.75  1.55
37.76  1.92
37.77  1.72
37.78  1.58
37.79  1.61
37.8  1.76
37.81  1.68
37.82  1.6
37.83  1.62
37.84  1.25
37.85  1.58
37.86  1.64
37.87  1.58
37.88  1.69
37.89  1.37
37.9  1.64
37.91  1.67
37.92  1.37
37.93  1.64
37.94  1.71
37.95  1.78
37.96  1.75
37.97  1.66
37.98  1.54
37.99  1.65
38  1.61
38.01  1.84
38.02  1.48
38.03  1.5
38.04  1.62
38.05  1.66
38.06  1.49
38.07  1.47
38.08  1.66
38.09  1.52
38.1  1.62
38.11  1.51
38.12  1.64
38.13  1.39
38.14  1.89
38.15  1.52
38.16  1.66
38.17  1.77
38.18  1.61
38.19  1.61
38.2  1.35
38.21  1.52
38.22  1.61
38.23  1.65
38.24  1.57
38.25  1.41
38.26  1.65
38.27  1.42
38.28  1.45
38.29  1.79
38.3  1.83
38.31  1.57
38.32  1.4
38.33  1.56
38.34  1.59
38.35  1.67
38.36  1.67
38.37  1.84
38.38  1.4
38.39  1.49
38.4  1.92
38.41  1.62
38.42  1.7
38.43  1.39
38.44  1.57
38.45  1.64
38.46  1.45
38.47  1.73
38.48  1.51
38.49  1.56
38.5  1.86
38.51  1.59
38.52  1.63
38.53  1.54
38.54  1.54
38.55  1.51
38.56  1.66
38.57  1.65
38.58  1.69
38.59  1.52
38.6  1.69
38.61  1.72
38.62  1.57
38.63  1.76
38.64  1.41
38.65  1.9
38.66  1.65
38.67  1.57
38.68  1.33
38.69  1.62
38.7  1.75
38.71  1.59
38.72  1.65
38.73  1.65
38.74  1.46
38.75  1.59
38.76  1.66
38.77  1.49
38.78  1.62
38.79  1.79
38.8  1.45
38.81  1.7
38.82  1.31
38.83  1.77
38.84  1.63
38.85  1.8
38.86  1.37
38.87  1.95
38.88  1.61
38.89  1.51
38.9  1.46
38.91  1.63
38.92  1.69
38.93  1.6
38.94  1.48
38.95  1.49
38.96  1.46
38.97  1.52
38.98  1.88
38.99  1.76
39  1.56
39.01  1.42
39.02  1.55
39.03  1.62
39.04  1.74
39.05  1.45
39.06  1.45
39.07  1.63
39.08  1.65
39.09  1.69
39.1  1.54
39.11  1.82
39.12  1.54
39.13  1.55
39.14  1.87
39.15  1.57
39.16  1.48
39.17  1.61
39.18  1.47
39.19  1.62
39.2  1.63
39.21  1.73
39.22  1.5
39.23  1.33
39.24  1.59
39.25  1.57
39.26  1.38
39.27  1.77
39.28  1.7
39.29  1.67
39.3  1.65
39.31  1.53
39.32  1.74
39.33  1.85
39.34  1.59
39.35  1.73
39.36  1.62
39.37  1.58
39.38  1.86
39.39  1.61
39.4  1.66
39.41  1.42
39.42  1.78
39.43  1.35
39.44  1.47
39.45  1.66
39.46  1.41
39.47  1.44
39.48  1.61
39.49  1.73
39.5  1.55
39.51  1.74
39.52  1.46
39.53  1.71
39.54  1.37
39.55  1.63
39.56  1.82
39.57  1.72
39.58  1.73
39.59  1.54
39.6  1.5
39.61  1.77
39.62  1.63
39.63  1.66
39.64  1.39
39.65  1.8
39.66  1.92
39.67  1.48
39.68  1.36
39.69  1.68
39.7  1.62
39.71  1.63
39.72  1.52
39.73  1.71
39.74  1.61
39.75  1.66
39.76  1.56
39.77  1.69
39.78  1.5
39.79  1.68
39.8  1.49
39.81  1.67
39.82  1.58
39.83  1.75
39.84  1.49
39.85  1.49
39.86  1.69
39.87  1.69
39.88  1.82
39.89  1.73
39.9  1.43
39.91  1.46
39.92  1.53
39.93  1.67
39.94  1.78
39.95  1.53
39.96  1.72
39.97  1.58
39.98  1.48
39.99  1.66
