-15  0
-14.99  0
-14.98  0
-14.97  0
-14.96  0
-14.95  0.04
-14.94  0
-14.93  0
-14.92  0.04
-14.91  0
-14.9  0.04
-14.89  0
-14.88  0.04
-14.87  0
-14.86  0.04
-14.85  0
-14.84  0.04
-14.83  0.08
-14.82  0.04
-14.81  0
-14.8  0.04
-14.79  0.04
-14.78  0.04
-14.77  0
-14.76  0.08
-14.75  0.04
-14.74  0.04
-14.73  0.04
-14.72  0.08
-14.71  0.04
-14.7  0.08
-14.69  0.04
-14.68  0.04
-14.67  0.04
-14.66  0.04
-14.65  0.04
-14.64  0.08
-14.63  0.04
-14.62  0.04
-14.61  0.12
-14.6  0.08
-14.59  0.04
-14.58  0.04
-14.57  0.08
-14.56  0.04
-14.55  0.04
-14.54  0.04
-14.53  0.08
-14.52  0.04
-14.51  0.12
-14.5  0.12
-14.49  0.04
-14.48  0.04
-14.47  0.04
-14.46  0.08
-14.45  0.04
-14.44  0.12
-14.43  0.12
-14.42  0.04
-14.41  0.04
-14.4  0.08
-14.39  0.08
-14.38  0.08
-14.37  0.08
-14.36  0.08
-14.35  0.04
-14.34  0.12
-14.33  0.04
-14.32  0.12
-14.31  0.04
-14.3  0.08
-14.29  0.16
-14.28  0.04
-14.27  0.08
-14.26  0.08
-14.25  0.08
-14.24  0.12
-14.23  0.04
-14.22  0.04
-14.21  0.12
-14.2  0.08
-14.19  0.08
-14.18  0.08
-14.17  0.04
-14.16  0.16
-14.15  0.04
-14.14  0.08
-14.13  0.12
-14.12  0.16
-14.11  0.08
-14.1  0.04
-14.09  0.08
-14.08  0.12
-14.07  0.08
-14.06  0.04
-14.05  0.12
-14.04  0.04
-14.03  0.16
-14.02  0.08
-14.01  0.08
-14  0.04
-13.99  0.12
-13.98  0.12
-13.97  0.08
-13.96  0.08
-13.95  0.04
-13.94  0.24
-13.93  0.08
-13.92  0.08
-13.91  0.04
-13.9  0.08
-13.89  0.12
-13.88  0.08
-13.87  0.04
-13.86  0.16
-13.85  0.08
-13.84  0.12
-13.83  0.08
-13.82  0.08
-13.81  0.12
-13.8  0.08
-13.79  0.08
-13.78  0.12
-13.77  0.08
-13.76  0.12
-13.75  0.08
-13.74  0.08
-13.73  0.16
-13.72  0.08
-13.71  0.16
-13.7  0.04
-13.69  0.12
-13.68  0.04
-13.67  0.08
-13.66  0.04
-13.65  0.2
-13.64  0.08
-13.63  0.12
-13.62  0.08
-13.61  0.12
-13.6  0.12
-13.59  0.08
-13.58  0.12
-13.57  0.04
-13.56  0.08
-13.55  0.04
-13.54  0.2
-13.53  0.12
-13.52  0.08
-13.51  0.12
-13.5  0.08
-13.49  0.16
-13.48  0.04
-13.47  0.2
-13.46  0.04
-13.45  0.12
-13.44  0.08
-13.43  0.08
-13.42  0.08
-13.41  0.12
-13.4  0.08
-13.39  0.04
-13.38  0.12
-13.37  0.08
-13.36  0.16
-13.35  0.16
-13.34  0.16
-13.33  0.08
-13.32  0.04
-13.31  0.12
-13.3  0.12
-13.29  0.04
-13.28  0.16
-13.27  0.08
-13.26  0.08
-13.25  0.12
-13.24  0.08
-13.23  0.08
-13.22  0.08
-13.21  0.12
-13.2  0.12
-13.19  0.12
-13.18  0.12
-13.17  0.04
-13.16  0.08
-13.15  0.16
-13.14  0.12
-13.13  0.04
-13.12  0.16
-13.11  0.16
-13.1  0.04
-13.09  0.16
-13.08  0.04
-13.07  0.08
-13.06  0.12
-13.05  0.08
-13.04  0.2
-13.03  0.04
-13.02  0.12
-13.01  0.12
-13  0.08
-12.99  0.12
-12.98  0
-12.97  0.16
-12.96  0.12
-12.95  0.08
-12.94  0.12
-12.93  0.04
-12.92  0.12
-12.91  0.12
-12.9  0.2
-12.89  0.12
-12.88  0
-12.87  0.08
-12.86  0.2
-12.85  0.12
-12.84  0.04
-12.83  0.12
-12.82  0.12
-12.81  0.12
-12.8  0.08
-12.79  0.08
-12.78  0.04
-12.77  0.16
-12.76  0.12
-12.75  0.12
-12.74  0.12
-12.73  0
-12.72  0.16
-12.71  0.16
-12.7  0.08
-12.69  0.12
-12.68  0.04
-12.67  0.08
-12.66  0.08
-12.65  0.16
-12.64  0.04
-12.63  0.2
-12.62  0.12
-12.61  0.08
-12.6  0.08
-12.59  0.16
-12.58  0.08
-12.57  0.16
-12.56  0.04
-12.55  0.16
-12.54  0.04
-12.53  0.16
-12.52  0.08
-12.51  0.08
-12.5  0.12
-12.49  0.04
-12.48  0.12
-12.47  0.04
-12.46  0.12
-12.45  0.08
-12.44  0.2
-12.43  0.04
-12.42  0.16
-12.41  0.12
-12.4  0
-12.39  0.16
-12.38  0.16
-12.37  0.16
-12.36  0.12
-12.35  0.04
-12.34  0.16
-12.33  0
-12.32  0.12
-12.31  0.08
-12.3  0.12
-12.29  0.12
-12.28  0.08
-12.27  0.12
-12.26  0.16
-12.25  0.08
-12.24  0.04
-12.23  0.12
-12.22  0.08
-12.21  0.12
-12.2  0.12
-12.19  0.08
-12.18  0.16
-12.17  0.08
-12.16  0.08
-12.15  0.2
-12.14  0.04
-12.13  0.12
-12.12  0.04
-12.11  0.08
-12.1  0.24
-12.09  0.12
-12.08  0.08
-12.07  0.08
-12.06  0.08
-12.05  0.08
-12.04  0.12
-12.03  0.12
-12.02  0.12
-12.01  0
-12  0.12
-11.99  0.16
-11.98  0.08
-11.97  0.16
-11.96  0.04
-11.95  0.16
-11.94  0.08
-11.93  0.08
-11.92  0.12
-11.91  0.12
-11.9  0.08
-11.89  0.16
-11.88  0.04
-11.87  0.16
-11.86  0.04
-11.85  0.12
-11.84  0.12
-11.83  0
-11.82  0.24
-11.81  0.04
-11.8  0.16
-11.79  0.08
-11.78  0.08
-11.77  0.16
-11.76  0.16
-11.75  0.04
-11.74  0.16
-11.73  0.04
-11.72  0.16
-11.71  0
-11.7  0.12
-11.69  0.12
-11.68  0.08
-11.67  0.12
-11.66  0.04
-11.65  0.08
-11.64  0.12
-11.63  0.08
-11.62  0.16
-11.61  0.12
-11.6  0.16
-11.59  0.12
-11.58  0.12
-11.57  0.04
-11.56  0.16
-11.55  0.04
-11.54  0.2
-11.53  0.04
-11.52  0.16
-11.51  0.08
-11.5  0.08
-11.49  0.08
-11.48  0.08
-11.47  0.16
-11.46  0.08
-11.45  0
-11.44  0.2
-11.43  0.04
-11.42  0.16
-11.41  0.2
-11.4  0.08
-11.39  0.04
-11.38  0.08
-11.37  0.08
-11.36  0.12
-11.35  0.12
-11.34  0.12
-11.33  0.08
-11.32  0.16
-11.31  0.08
-11.3  0.08
-11.29  0.08
-11.28  0.12
-11.27  0.12
-11.26  0.16
-11.25  0.12
-11.24  0.04
-11.23  0.08
-11.22  0.2
-11.21  0.16
-11.2  0.04
-11.19  0.08
-11.18  0.08
-11.17  0.12
-11.16  0
-11.15  0.2
-11.14  0.04
-11.13  0.12
-11.12  0.08
-11.11  0.04
-11.1  0.16
-11.09  0.08
-11.08  0.32
-11.07  0.04
-11.06  0.04
-11.05  0.08
-11.04  0.08
-11.03  0.12
-11.02  0.12
-11.01  0.12
-11  0.2
-10.99  0.04
-10.98  0.08
-10.97  0.2
-10.96  0.04
-10.95  0.04
-10.94  0.16
-10.93  0.08
-10.92  0.16
-10.91  0.04
-10.9  0.08
-10.89  0.16
-10.88  0.04
-10.87  0.12
-10.86  0
-10.85  0.28
-10.84  0.08
-10.83  0.16
-10.82  0
-10.81  0.12
-10.8  0.16
-10.79  0.08
-10.78  0.04
-10.77  0.16
-10.76  0.08
-10.75  0.12
-10.74  0.04
-10.73  0.08
-10.72  0.08
-10.71  0.2
-10.7  0.08
-10.69  0.08
-10.68  0.12
-10.67  0.16
-10.66  0.12
-10.65  0.12
-10.64  0.04
-10.63  0.2
-10.62  0.12
-10.61  0.04
-10.6  0.16
-10.59  0.08
-10.58  0.12
-10.57  0.12
-10.56  0.04
-10.55  0.04
-10.54  0.08
-10.53  0.16
-10.52  0.04
-10.51  0.04
-10.5  0.16
-10.49  0.08
-10.48  0.2
-10.47  0.12
-10.46  0.12
-10.45  0.08
-10.44  0.12
-10.43  0.12
-10.42  0.04
-10.41  0.12
-10.4  0.08
-10.39  0.12
-10.38  0.08
-10.37  0.08
-10.36  0.2
-10.35  0.16
-10.34  0.04
-10.33  0.2
-10.32  0.12
-10.31  0
-10.3  0.12
-10.29  0.08
-10.28  0.04
-10.27  0.08
-10.26  0.16
-10.25  0.12
-10.24  0.12
-10.23  0.08
-10.22  0.08
-10.21  0.16
-10.2  0
-10.19  0.12
-10.18  0.12
-10.17  0.16
-10.16  0.08
-10.15  0.12
-10.14  0.04
-10.13  0.2
-10.12  0.08
-10.11  0
-10.1  0.16
-10.09  0.08
-10.08  0.16
-10.07  0.12
-10.06  0.08
-10.05  0.12
-10.04  0.16
-10.03  0.08
-10.02  0.24
-10.01  0.04
-10  0.04
-9.99  0.08
-9.98  0.08
-9.97  0.04
-9.96  0.16
-9.95  0.16
-9.94  0.04
-9.93  0.04
-9.92  0.04
-9.91  0.28
-9.9  0.08
-9.89  0.08
-9.88  0.08
-9.87  0.08
-9.86  0.16
-9.85  0.2
-9.84  0.08
-9.83  0
-9.82  0.16
-9.81  0.12
-9.8  0.12
-9.79  0.08
-9.78  0.16
-9.77  0.04
-9.76  0.04
-9.75  0.08
-9.74  0.08
-9.73  0.12
-9.72  0.16
-9.71  0.16
-9.7  0.08
-9.69  0.2
-9.68  0.08
-9.67  0.12
-9.66  0.08
-9.65  0.08
-9.64  0.08
-9.63  0.12
-9.62  0.08
-9.61  0.04
-9.6  0.2
-9.59  0.04
-9.58  0.04
-9.57  0.2
-9.56  0.12
-9.55  0.08
-9.54  0.08
-9.53  0.2
-9.52  0.04
-9.51  0.04
-9.5  0.12
-9.49  0.04
-9.48  0.16
-9.47  0.12
-9.46  0.12
-9.45  0.2
-9.44  0.04
-9.43  0.08
-9.42  0.16
-9.41  0.08
-9.4  0.12
-9.39  0.16
-9.38  0.08
-9.37  0.04
-9.36  0.04
-9.35  0.32
-9.34  0
-9.33  0.04
-9.32  0.12
-9.31  0.08
-9.3  0.08
-9.29  0.08
-9.28  0.28
-9.27  0
-9.26  0.16
-9.25  0.04
-9.24  0.08
-9.23  0.16
-9.22  0.08
-9.21  0.2
-9.2  0.08
-9.19  0.04
-9.18  0.08
-9.17  0.04
-9.16  0.12
-9.15  0.08
-9.14  0.12
-9.13  0.16
-9.12  0.04
-9.11  0.04
-9.1  0.2
-9.09  0.16
-9.08  0.12
-9.07  0.12
-9.06  0.12
-9.05  0.2
-9.04  0.08
-9.03  0.08
-9.02  0.04
-9.01  0.2
-9  0.12
-8.99  0.04
-8.98  0.04
-8.97  0.08
-8.96  0.12
-8.95  0.08
-8.94  0.04
-8.93  0.08
-8.92  0.08
-8.91  0.08
-8.9  0.16
-8.89  0.32
-8.88  0
-8.87  0.12
-8.86  0.04
-8.85  0.16
-8.84  0
-8.83  0.2
-8.82  0.04
-8.81  0.16
-8.8  0.08
-8.79  0.12
-8.78  0.12
-8.77  0.04
-8.76  0.16
-8.75  0.04
-8.74  0.2
-8.73  0.16
-8.72  0.16
-8.71  0
-8.7  0.16
-8.69  0.04
-8.68  0.12
-8.67  0.04
-8.66  0.08
-8.65  0.08
-8.64  0.04
-8.63  0.24
-8.62  0.04
-8.61  0.16
-8.6  0.08
-8.59  0.16
-8.58  0.08
-8.57  0.16
-8.56  0.08
-8.55  0.08
-8.54  0.12
-8.53  0.04
-8.52  0.12
-8.51  0.12
-8.5  0.16
-8.49  0
-8.48  0.12
-8.47  0.08
-8.46  0
-8.45  0.16
-8.44  0.24
-8.43  0.08
-8.42  0.04
-8.41  0.08
-8.4  0.16
-8.39  0.04
-8.38  0.16
-8.37  0.16
-8.36  0.16
-8.35  0.16
-8.34  0.04
-8.33  0.08
-8.32  0.08
-8.31  0.16
-8.3  0.04
-8.29  0.12
-8.28  0.08
-8.27  0.04
-8.26  0.2
-8.25  0.12
-8.24  0
-8.23  0.08
-8.22  0.16
-8.21  0.2
-8.2  0.04
-8.19  0.04
-8.18  0.08
-8.17  0.08
-8.16  0.16
-8.15  0
-8.14  0.16
-8.13  0.2
-8.12  0.12
-8.11  0.2
-8.1  0.12
-8.09  0.08
-8.08  0
-8.07  0.04
-8.06  0.16
-8.05  0.08
-8.04  0.12
-8.03  0.04
-8.02  0.08
-8.01  0.2
-8  0.16
-7.99  0.12
-7.98  0.12
-7.97  0.04
-7.96  0.08
-7.95  0.16
-7.94  0.12
-7.93  0.04
-7.92  0.08
-7.91  0.08
-7.9  0.24
-7.89  0.08
-7.88  0.04
-7.87  0.12
-7.86  0.08
-7.85  0.08
-7.84  0.12
-7.83  0.08
-7.82  0.2
-7.81  0.08
-7.8  0.08
-7.79  0.04
-7.78  0.12
-7.77  0.04
-7.76  0.08
-7.75  0.08
-7.74  0.16
-7.73  0.12
-7.72  0.08
-7.71  0.12
-7.7  0.24
-7.69  0.16
-7.68  0.04
-7.67  0.16
-7.66  0.16
-7.65  0.12
-7.64  0.08
-7.63  0.04
-7.62  0.08
-7.61  0.08
-7.6  0.12
-7.59  0.08
-7.58  0.12
-7.57  0.04
-7.56  0.12
-7.55  0.04
-7.54  0.12
-7.53  0.08
-7.52  0.16
-7.51  0.08
-7.5  0.08
-7.49  0.28
-7.48  0.04
-7.47  0.12
-7.46  0.04
-7.45  0.04
-7.44  0.12
-7.43  0.12
-7.42  0.08
-7.41  0.12
-7.4  0.24
-7.39  0.04
-7.38  0.08
-7.37  0.12
-7.36  0
-7.35  0
-7.34  0.16
-7.33  0.32
-7.32  0.16
-7.31  0
-7.3  0.16
-7.29  0.08
-7.28  0.12
-7.27  0.08
-7.26  0.12
-7.25  0.04
-7.24  0.16
-7.23  0.08
-7.22  0.04
-7.21  0.08
-7.2  0.16
-7.19  0.08
-7.18  0.04
-7.17  0.16
-7.16  0.04
-7.15  0.28
-7.14  0.04
-7.13  0.04
-7.12  0.08
-7.11  0.28
-7.1  0.08
-7.09  0.08
-7.08  0
-7.07  0.2
-7.06  0.04
-7.05  0.04
-7.04  0.12
-7.03  0.08
-7.02  0.16
-7.01  0.12
-7  0.08
-6.99  0.08
-6.98  0.08
-6.97  0.2
-6.96  0.16
-6.95  0.04
-6.94  0.2
-6.93  0.08
-6.92  0
-6.91  0.24
-6.9  0.08
-6.89  0.08
-6.88  0.04
-6.87  0.08
-6.86  0.12
-6.85  0.08
-6.84  0.08
-6.83  0.08
-6.82  0.32
-6.81  0.08
-6.8  0.12
-6.79  0.04
-6.78  0.04
-6.77  0.08
-6.76  0.16
-6.75  0.08
-6.74  0.04
-6.73  0.24
-6.72  0.08
-6.71  0.04
-6.7  0.08
-6.69  0.12
-6.68  0.2
-6.67  0.04
-6.66  0.12
-6.65  0.08
-6.64  0
-6.63  0.12
-6.62  0.12
-6.61  0.04
-6.6  0.12
-6.59  0.2
-6.58  0.08
-6.57  0.16
-6.56  0.04
-6.55  0.12
-6.54  0.24
-6.53  0.16
-6.52  0.08
-6.51  0.08
-6.5  0.08
-6.49  0.2
-6.48  0.12
-6.47  0.04
-6.46  0
-6.45  0
-6.44  0.24
-6.43  0.08
-6.42  0.08
-6.41  0.04
-6.4  0.04
-6.39  0.16
-6.38  0.16
-6.37  0.12
-6.36  0.08
-6.35  0.08
-6.34  0.2
-6.33  0.12
-6.32  0.08
-6.31  0.08
-6.3  0
-6.29  0.12
-6.28  0.08
-6.27  0.08
-6.26  0.12
-6.25  0.2
-6.24  0.08
-6.23  0.12
-6.22  0.12
-6.21  0.08
-6.2  0.12
-6.19  0.24
-6.18  0.12
-6.17  0.08
-6.16  0.08
-6.15  0.12
-6.14  0.08
-6.13  0.04
-6.12  0.08
-6.11  0.04
-6.1  0.16
-6.09  0.08
-6.08  0.12
-6.07  0.12
-6.06  0.16
-6.05  0.08
-6.04  0.08
-6.03  0.04
-6.02  0.12
-6.01  0.08
-6  0.12
-5.99  0.24
-5.98  0.12
-5.97  0.04
-5.96  0.04
-5.95  0.12
-5.94  0.16
-5.93  0
-5.92  0.12
-5.91  0.16
-5.9  0.08
-5.89  0.08
-5.88  0.08
-5.87  0.12
-5.86  0.08
-5.85  0.16
-5.84  0.16
-5.83  0.12
-5.82  0.04
-5.81  0.04
-5.8  0.08
-5.79  0.28
-5.78  0.04
-5.77  0.16
-5.76  0.08
-5.75  0.08
-5.74  0.12
-5.73  0.12
-5.72  0.08
-5.71  0.08
-5.7  0.2
-5.69  0.08
-5.68  0.08
-5.67  0.04
-5.66  0.08
-5.65  0.08
-5.64  0.12
-5.63  0.16
-5.62  0.12
-5.61  0.08
-5.6  0.08
-5.59  0.16
-5.58  0.12
-5.57  0.08
-5.56  0.08
-5.55  0
-5.54  0.16
-5.53  0.12
-5.52  0.2
-5.51  0.08
-5.5  0.08
-5.49  0.04
-5.48  0.16
-5.47  0.04
-5.46  0.12
-5.45  0.04
-5.44  0.08
-5.43  0.24
-5.42  0.12
-5.41  0.2
-5.4  0
-5.39  0.04
-5.38  0.08
-5.37  0.08
-5.36  0.2
-5.35  0.08
-5.34  0.12
-5.33  0.12
-5.32  0.16
-5.31  0.08
-5.3  0.08
-5.29  0.08
-5.28  0.12
-5.27  0.12
-5.26  0.04
-5.25  0.16
-5.24  0.12
-5.23  0.12
-5.22  0.16
-5.21  0.16
-5.2  0.08
-5.19  0
-5.18  0.08
-5.17  0.12
-5.16  0.08
-5.15  0.2
-5.14  0
-5.13  0.04
-5.12  0.12
-5.11  0.04
-5.1  0.04
-5.09  0.2
-5.08  0.08
-5.07  0.12
-5.06  0.12
-5.05  0.08
-5.04  0.08
-5.03  0.12
-5.02  0.24
-5.01  0.12
-5  0.04
-4.99  0.16
-4.98  0.16
-4.97  0.12
-4.96  0.16
-4.95  0.2
-4.94  0.04
-4.93  0
-4.92  0.08
-4.91  0.08
-4.9  0.16
-4.89  0.04
-4.88  0.04
-4.87  0.16
-4.86  0.04
-4.85  0.12
-4.84  0.16
-4.83  0.08
-4.82  0.12
-4.81  0.04
-4.8  0.2
-4.79  0.08
-4.78  0.08
-4.77  0.04
-4.76  0.04
-4.75  0.2
-4.74  0.08
-4.73  0.04
-4.72  0.2
-4.71  0.08
-4.7  0.08
-4.69  0.08
-4.68  0.16
-4.67  0.2
-4.66  0
-4.65  0.16
-4.64  0.04
-4.63  0.2
-4.62  0.16
-4.61  0.08
-4.6  0.04
-4.59  0.08
-4.58  0.08
-4.57  0.12
-4.56  0.16
-4.55  0.2
-4.54  0.12
-4.53  0.08
-4.52  0.08
-4.51  0.04
-4.5  0.12
-4.49  0.12
-4.48  0
-4.47  0.04
-4.46  0.16
-4.45  0.12
-4.44  0.16
-4.43  0.12
-4.42  0.16
-4.41  0.04
-4.4  0.16
-4.39  0.04
-4.38  0.08
-4.37  0.12
-4.36  0.04
-4.35  0.12
-4.34  0.12
-4.33  0.2
-4.32  0.08
-4.31  0.08
-4.3  0
-4.29  0.12
-4.28  0.04
-4.27  0.16
-4.26  0.16
-4.25  0.08
-4.24  0.16
-4.23  0.08
-4.22  0
-4.21  0.16
-4.2  0.12
-4.19  0.16
-4.18  0.16
-4.17  0.08
-4.16  0.04
-4.15  0.04
-4.14  0.16
-4.13  0.24
-4.12  0.12
-4.11  0.04
-4.1  0.04
-4.09  0.2
-4.08  0.12
-4.07  0
-4.06  0.12
-4.05  0.16
-4.04  0.08
-4.03  0.04
-4.02  0.04
-4.01  0.24
-4  0.08
-3.99  0.12
-3.98  0.12
-3.97  0.04
-3.96  0.04
-3.95  0.08
-3.94  0.16
-3.93  0.12
-3.92  0.12
-3.91  0.16
-3.9  0.08
-3.89  0.08
-3.88  0
-3.87  0
-3.86  0.2
-3.85  0.2
-3.84  0.12
-3.83  0.12
-3.82  0.12
-3.81  0.04
-3.8  0.08
-3.79  0.2
-3.78  0.04
-3.77  0.08
-3.76  0.12
-3.75  0.08
-3.74  0.12
-3.73  0.16
-3.72  0.04
-3.71  0.08
-3.7  0.12
-3.69  0.08
-3.68  0.2
-3.67  0.08
-3.66  0.2
-3.65  0.12
-3.64  0.08
-3.63  0.16
-3.62  0
-3.61  0.04
-3.6  0.08
-3.59  0.16
-3.58  0.24
-3.57  0.08
-3.56  0.12
-3.55  0
-3.54  0.12
-3.53  0.08
-3.52  0.08
-3.51  0.08
-3.5  0.04
-3.49  0.12
-3.48  0.08
-3.47  0.2
-3.46  0.12
-3.45  0.12
-3.44  0
-3.43  0.16
-3.42  0.04
-3.41  0.16
-3.4  0.04
-3.39  0.08
-3.38  0.2
-3.37  0.08
-3.36  0.12
-3.35  0.16
-3.34  0.08
-3.33  0.12
-3.32  0.04
-3.31  0.16
-3.3  0.24
-3.29  0.08
-3.28  0.08
-3.27  0.16
-3.26  0
-3.25  0.08
-3.24  0.12
-3.23  0.08
-3.22  0.12
-3.21  0
-3.2  0.12
-3.19  0.2
-3.18  0.12
-3.17  0.04
-3.16  0.08
-3.15  0.16
-3.14  0.04
-3.13  0.16
-3.12  0.08
-3.11  0
-3.1  0.04
-3.09  0.16
-3.08  0.24
-3.07  0.08
-3.06  0.08
-3.05  0.04
-3.04  0.16
-3.03  0.12
-3.02  0.12
-3.01  0.12
-3  0.08
-2.99  0.08
-2.98  0.2
-2.97  0.04
-2.96  0.12
-2.95  0.12
-2.94  0.12
-2.93  0.08
-2.92  0.08
-2.91  0.12
-2.9  0.08
-2.89  0.2
-2.88  0.12
-2.87  0.04
-2.86  0.16
-2.85  0.04
-2.84  0.08
-2.83  0.16
-2.82  0.04
-2.81  0.12
-2.8  0.12
-2.79  0.16
-2.78  0.04
-2.77  0.08
-2.76  0.08
-2.75  0.24
-2.74  0.08
-2.73  0.04
-2.72  0.2
-2.71  0
-2.7  0.08
-2.69  0.16
-2.68  0.12
-2.67  0
-2.66  0.08
-2.65  0
-2.64  0.12
-2.63  0.08
-2.62  0.16
-2.61  0.36
-2.6  0.08
-2.59  0.04
-2.58  0.04
-2.57  0.08
-2.56  0.08
-2.55  0.16
-2.54  0.16
-2.53  0.08
-2.52  0.12
-2.51  0.16
-2.5  0.04
-2.49  0.08
-2.48  0.16
-2.47  0
-2.46  0.16
-2.45  0.04
-2.44  0.08
-2.43  0.08
-2.42  0.16
-2.41  0.24
-2.4  0.12
-2.39  0.04
-2.38  0.04
-2.37  0.16
-2.36  0.04
-2.35  0.12
-2.34  0.12
-2.33  0.12
-2.32  0.16
-2.31  0.08
-2.3  0.2
-2.29  0.04
-2.28  0.08
-2.27  0.16
-2.26  0.04
-2.25  0.24
-2.24  0
-2.23  0.2
-2.22  0
-2.21  0
-2.2  0.2
-2.19  0.08
-2.18  0.08
-2.17  0.08
-2.16  0
-2.15  0.04
-2.14  0.08
-2.13  0.2
-2.12  0.04
-2.11  0.28
-2.1  0.08
-2.09  0.16
-2.08  0.12
-2.07  0.08
-2.06  0.08
-2.05  0.08
-2.04  0.16
-2.03  0.12
-2.02  0.16
-2.01  0.08
-2  0
-1.99  0.2
-1.98  0.08
-1.97  0.04
-1.96  0.16
-1.95  0.08
-1.94  0.12
-1.93  0.08
-1.92  0.24
-1.91  0.04
-1.9  0.12
-1.89  0.08
-1.88  0.16
-1.87  0.04
-1.86  0.08
-1.85  0.24
-1.84  0.08
-1.83  0.04
-1.82  0
-1.81  0.04
-1.8  0.08
-1.79  0.04
-1.78  0.04
-1.77  0.16
-1.76  0.28
-1.75  0.2
-1.74  0.04
-1.73  0.08
-1.72  0.04
-1.71  0.04
-1.7  0.08
-1.69  0.2
-1.68  0.08
-1.67  0.2
-1.66  0.04
-1.65  0.12
-1.64  0.16
-1.63  0.16
-1.62  0.12
-1.61  0.08
-1.6  0.04
-1.59  0.08
-1.58  0.12
-1.57  0.12
-1.56  0.28
-1.55  0
-1.54  0.04
-1.53  0.12
-1.52  0
-1.51  0.16
-1.5  0.08
-1.49  0.12
-1.48  0.2
-1.47  0
-1.46  0.12
-1.45  0.16
-1.44  0.16
-1.43  0.04
-1.42  0.12
-1.41  0.2
-1.4  0.08
-1.39  0.04
-1.38  0.12
-1.37  0.04
-1.36  0.04
-1.35  0.12
-1.34  0.12
-1.33  0.2
-1.32  0.04
-1.31  0.12
-1.3  0
-1.29  0.16
-1.28  0.12
-1.27  0.04
-1.26  0.16
-1.25  0.12
-1.24  0.12
-1.23  0
-1.22  0.08
-1.21  0.12
-1.2  0.12
-1.19  0.16
-1.18  0.12
-1.17  0.08
-1.16  0.16
-1.15  0.08
-1.14  0.08
-1.13  0.16
-1.12  0.12
-1.11  0.12
-1.1  0.16
-1.09  0.04
-1.08  0.2
-1.07  0.12
-1.06  0.08
-1.05  0
-1.04  0.12
-1.03  0.12
-1.02  0
-1.01  0.12
-1  0.16
-0.99  0.12
-0.98  0.04
-0.97  0.04
-0.96  0.08
-0.95  0.24
-0.94  0
-0.93  0.12
-0.92  0.16
-0.91  0.04
-0.9  0
-0.89  0.2
-0.88  0.2
-0.87  0.16
-0.86  0.08
-0.85  0.04
-0.84  0.04
-0.83  0.16
-0.82  0.12
-0.81  0.08
-0.8  0.04
-0.79  0.2
-0.78  0.12
-0.77  0.04
-0.76  0.2
-0.75  0.04
-0.74  0.08
-0.73  0.24
-0.72  0.04
-0.71  0.12
-0.7  0.04
-0.69  0.04
-0.68  0.12
-0.67  0
-0.66  0.12
-0.65  0.16
-0.64  0.08
-0.63  0.12
-0.62  0.24
-0.61  0.04
-0.6  0.16
-0.59  0
-0.58  0.08
-0.57  0.16
-0.56  0.2
-0.55  0.12
-0.54  0.12
-0.53  0.16
-0.52  0.16
-0.51  0.16
-0.5  0.08
-0.49  0.08
-0.48  0.12
-0.47  0.04
-0.46  0.08
-0.45  0
-0.44  0.08
-0.43  0.04
-0.42  0.08
-0.41  0.16
-0.4  0
-0.39  0.16
-0.38  0.08
-0.37  0.16
-0.36  0.04
-0.35  0.12
-0.34  0.12
-0.33  0.08
-0.32  0.16
-0.31  0.12
-0.3  0.04
-0.29  0.08
-0.28  0.16
-0.27  0.12
-0.26  0.24
-0.25  0.16
-0.24  0.04
-0.23  0.04
-0.22  0.16
-0.21  0.04
-0.2  0.08
-0.19  0.08
-0.18  0.16
-0.17  0.24
-0.16  0.12
-0.15  0.08
-0.14  0
-0.13  0.08
-0.12  0.2
-0.11  0.08
-0.1  0.12
-0.09  0.08
-0.08  0.12
-0.07  0.04
-0.06  0.16
-0.05  0
-0.04  0.08
-0.03  0.04
-0.02  0.08
-0.01  0.16
-2.16197e-11  0.16
0.0001  0
0.0101  0.08
0.0201  0.16
0.0301  0.2
0.0401  0.04
0.0501  0.08
0.0601  0.01
0.0701  0.19
0.0801  0.08
0.0901  0.08
0.1001  0.08
0.1101  0.18
0.1201  0.07
0.1301  0.05
0.1401  0.09
0.1501  0.23
0.1601  0.1
0.1701  0.13
0.1801  0.14
0.1901  0.11
0.2001  0.1
0.2101  0.14
0.2201  0.12
0.2301  0.18
0.2401  0.12
0.2501  0.01
0.2601  0.09
0.2701  0.19
0.2801  0.24
0.2901  0.15
0.3001  0.1
0.3101  0.14
0.3201  0.09
0.3301  0.19
0.3401  0.12
0.3501  0.18
0.3601  0.27
0.3701  0.23
0.3801  0.17
0.3901  0.25
0.4001  0.25
0.4101  0.19
0.4201  0.28
0.4301  0.24
0.4401  0.19
0.4501  0.21
0.4601  0.27
0.4701  0.22
0.4801  0.28
0.4901  0.38
0.5001  0.32
0.5101  0.18
0.5201  0.24
0.5301  0.27
0.5401  0.36
0.5501  0.33
0.5601  0.44
0.5701  0.43
0.5801  0.42
0.5901  0.34
0.6001  0.47
0.6101  0.35
0.6201  0.35
0.6301  0.46
0.6401  0.41
0.6501  0.51
0.6601  0.44
0.6701  0.57
0.6801  0.54
0.6901  0.47
0.7001  0.49
0.7101  0.58
0.7201  0.61
0.7301  0.45
0.7401  0.58
0.7501  0.75
0.7601  0.69
0.7701  0.74
0.7801  0.73
0.7901  0.65
0.8001  0.82
0.8101  0.87
0.8201  0.97
0.8301  0.84
0.8401  0.68
0.8501  0.83
0.8601  1.04
0.8701  1.04
0.8801  1.14
0.8901  1.08
0.9001  1.13
0.9101  1.46
0.9201  1.01
0.9301  1.16
0.9401  1.34
0.9501  1.36
0.9601  1.65
0.9701  1.64
0.9801  1.53
0.9901  1.77
1.0001  1.82
1.0101  1.91
1.0201  2.09
1.0301  2.11
1.0401  2.38
1.0501  2.4
1.0601  2.77
1.0701  2.52
1.0801  2.65
1.0901  2.69
1.1001  2.89
1.1101  3.29
1.1201  3.6
1.1301  3.35
1.1401  3.77
1.1501  3.78
1.1601  3.97
1.1701  3.82
1.1801  3.58
1.1901  3.88
1.2001  3.64
1.2101  3.44
1.2201  3.5
1.2301  2.82
1.2401  2.73
1.2501  2.6
1.2601  2.46
1.2701  1.93
1.2801  1.9
1.2901  1.96
1.3001  1.65
1.3101  1.61
1.3201  1.62
1.3301  1.37
1.3401  1.4
1.3501  1.43
1.3601  1.52
1.3701  1.4
1.3801  1.4
1.3901  1.38
1.4001  1.31
1.4101  1.15
1.4201  1.38
1.4301  1.23
1.4401  1.26
1.4501  1.18
1.4601  1.17
1.4701  1.13
1.4801  1.11
1.4901  1.14
1.5001  1.07
1.5101  0.99
1.5201  0.94
1.5301  1.34
1.5401  1.18
1.5501  1.1
1.5601  1.06
1.5701  1.21
1.5801  1.17
1.5901  1.17
1.6001  1.21
1.6101  0.92
1.6201  1.24
1.6301  1.26
1.6401  1.23
1.6501  1.36
1.6601  1.14
1.6701  1.52
1.6801  1.36
1.6901  1.31
1.7001  1.28
1.7101  1.14
1.7201  1.47
1.7301  1.55
1.7401  1.46
1.7501  1.65
1.7601  1.87
1.7701  1.77
1.7801  1.62
1.7901  2.07
1.8001  1.58
1.8101  2.04
1.8201  1.96
1.8301  2.23
1.8401  2.12
1.8501  2.27
1.8601  2.52
1.8701  2.67
1.8801  2.58
1.8901  2.76
1.9001  3.14
1.9101  2.97
1.9201  2.92
1.9301  2.9
1.9401  3
1.9501  3.37
1.9601  3.19
1.9701  3.19
1.9801  3.32
1.9901  3.3
2.0001  3.33
2.0101  3.01
2.0201  2.98
2.0301  3.01
2.0401  2.61
2.0501  2.34
2.0601  2.82
2.0701  2.13
2.0801  2.13
2.0901  1.81
2.1001  2.13
2.1101  1.88
2.1201  2.15
2.1301  1.84
2.1401  1.66
2.1501  1.63
2.1601  1.86
2.1701  1.59
2.1801  1.6
2.1901  1.53
2.2001  1.51
2.2101  1.61
2.2201  1.42
2.2301  1.37
2.2401  1.32
2.2501  1.51
2.2601  1.26
2.2701  1.32
2.2801  1.33
2.2901  1.32
2.3001  1.36
2.3101  1.3
2.3201  1.27
2.3301  1.44
2.3401  1.41
2.3501  1.26
2.3601  1.31
2.3701  1.33
2.3801  1.35
2.3901  1.38
2.4001  1.23
2.4101  1.42
2.4201  1.45
2.4301  1.56
2.4401  1.53
2.4501  1.5
2.4601  1.54
2.4701  1.73
2.4801  1.54
2.4901  1.63
2.5001  1.71
2.5101  1.67
2.5201  1.69
2.5301  2.13
2.5401  1.65
2.5501  2
2.5601  2.24
2.5701  2.26
2.5801  2.31
2.5901  2.08
2.6001  2
2.6101  2.37
2.6201  2.5
2.6301  2.45
2.6401  2.5
2.6501  2.68
2.6601  2.74
2.6701  2.74
2.6801  2.69
2.6901  2.87
2.7001  2.82
2.7101  2.99
2.7201  2.97
2.7301  3.1
2.7401  3.2
2.7501  2.76
2.7601  3.06
2.7701  2.41
2.7801  2.42
2.7901  2.51
2.8001  2.69
2.8101  2.47
2.8201  2.41
2.8301  2.26
2.8401  2.24
2.8501  2.25
2.8601  2.27
2.8701  2
2.8801  2.07
2.8901  1.93
2.9001  1.69
2.9101  1.8
2.9201  1.85
2.9301  1.59
2.9401  1.5
2.9501  1.63
2.9601  1.56
2.9701  1.65
2.9801  1.67
2.9901  1.6
3.0001  1.66
3.0101  1.54
3.0201  1.55
3.0301  1.37
3.0401  1.39
3.0501  1.66
3.0601  1.29
3.0701  1.54
3.0801  1.45
3.0901  1.53
3.1001  1.43
3.1101  1.44
3.1201  1.82
3.1301  1.53
3.1401  1.82
3.1501  1.41
3.1601  1.5
3.1701  1.89
3.1801  1.57
3.1901  1.77
3.2001  1.47
3.2101  1.92
3.2201  1.79
3.2301  1.59
3.2401  1.98
3.2501  1.71
3.2601  1.89
3.2701  2.1
3.2801  1.82
3.2901  1.93
3.3001  2.06
3.3101  2.16
3.3201  2.31
3.3301  2.04
3.3401  2.21
3.3501  2.12
3.3601  2.31
3.3701  2.58
3.3801  2.58
3.3901  2.39
3.4001  2.45
3.4101  2.68
3.4201  2.68
3.4301  2.5
3.4401  2.9
3.4501  2.83
3.4601  2.43
3.4701  2.82
3.4801  2.69
3.4901  2.68
3.5001  2.71
3.5101  2.35
3.5201  2.71
3.5301  2.3
3.5401  2.34
3.5501  2.58
3.5601  2.18
3.5701  2.22
3.5801  2.16
3.5901  2.11
3.6001  2.15
3.6101  2.17
3.6201  2.11
3.6301  2.1
3.6401  2.21
3.6501  1.89
3.6601  1.88
3.6701  1.8
3.6801  1.81
3.6901  1.66
3.7001  1.74
3.7101  2.01
3.7201  1.76
3.7301  1.7
3.7401  1.64
3.7501  1.62
3.7601  1.7
3.7701  1.92
3.7801  1.52
3.7901  1.7
3.8001  1.63
3.8101  1.7
3.8201  1.5
3.8301  1.39
3.8401  1.51
3.8501  1.42
3.8601  1.76
3.8701  1.68
3.8801  1.94
3.8901  1.6
3.9001  1.69
3.9101  1.48
3.9201  1.78
3.9301  1.94
3.9401  1.78
3.9501  1.64
3.9601  1.84
3.9701  1.87
3.9801  1.83
3.9901  2.08
4.0001  1.98
4.0101  2.01
4.0201  1.7
4.0301  2.1
4.0401  2.31
4.0501  2.5
4.0601  2.17
4.0701  2.02
4.0801  2.24
4.0901  2.3
4.1001  2.47
4.1101  2.51
4.1201  2.36
4.1301  2.34
4.1401  2.59
4.1501  2.47
4.1601  2.53
4.1701  2.8
4.1801  2.62
4.1901  2.54
4.2001  2.6
4.2101  2.47
4.2201  2.44
4.2301  2.27
4.2401  2.47
4.2501  2.64
4.2601  2.38
4.2701  2.2
4.2801  2.21
4.2901  2.19
4.3001  2.4
4.3101  2.31
4.3201  2.04
4.3301  2.31
4.3401  2.14
4.3501  2.13
4.3601  2.01
4.3701  1.99
4.3801  1.92
4.3901  1.75
4.4001  1.9
4.4101  2.01
4.4201  2.08
4.4301  1.57
4.4401  1.79
4.4501  1.52
4.4601  2.01
4.4701  1.99
4.4801  1.88
4.4901  1.5
4.5001  1.56
4.5101  1.74
4.5201  1.73
4.5301  1.69
4.5401  1.75
4.5501  1.94
4.5601  1.77
4.5701  1.79
4.5801  1.66
4.5901  1.85
4.6001  1.59
4.6101  1.74
4.6201  1.8
4.6301  1.66
4.6401  1.72
4.6501  1.95
4.6601  1.79
4.6701  1.92
4.6801  2.21
4.6901  2.02
4.7001  2.07
4.7101  2.06
4.7201  1.78
4.7301  2.07
4.7401  2.07
4.7501  2.04
4.7601  2.03
4.7701  2.18
4.7801  2.33
4.7901  2.25
4.8001  2.33
4.8101  2.34
4.8201  2.31
4.8301  2.3
4.8401  2.37
4.8501  1.88
4.8601  2.43
4.8701  2.39
4.8801  2.39
4.8901  2.38
4.9001  2.48
4.9101  2.52
4.9201  2.43
4.9301  2.55
4.9401  2.6
4.9501  2.33
4.9601  2.24
4.9701  2.32
4.9801  2.19
4.9901  2.08
5.0001  2.06
5.0101  2.26
5.0201  2.3
5.0301  2.39
5.0401  2.03
5.0501  2.42
5.0601  2.17
5.0701  2.01
5.0801  2.06
5.0901  2.21
5.1001  1.96
5.1101  1.89
5.1201  2.07
5.1301  1.94
5.1401  1.97
5.1501  2.03
5.1601  1.99
5.1701  1.89
5.1801  1.93
5.1901  1.75
5.2001  1.72
5.2101  1.9
5.2201  1.82
5.2301  1.58
5.2401  1.96
5.2501  1.91
5.2601  1.84
5.2701  1.78
5.2801  1.91
5.2901  1.62
5.3001  1.83
5.3101  1.59
5.3201  1.85
5.3301  1.97
5.3401  1.74
5.3501  1.92
5.3601  1.82
5.3701  2.27
5.3801  1.94
5.3901  1.66
5.4001  1.97
5.4101  1.9
5.4201  1.96
5.4301  1.86
5.4401  2.12
5.4501  1.99
5.4601  2.05
5.4701  1.89
5.4801  2
5.4901  1.84
5.5001  2.1
5.5101  2.04
5.5201  2.24
5.5301  2.16
5.5401  2.26
5.5501  2.41
5.5601  2.51
5.5701  2.01
5.5801  2.34
5.5901  2.35
5.6001  2.23
5.6101  2.2
5.6201  2.41
5.6301  1.97
5.6401  2.43
5.6501  2.64
5.6601  2.22
5.6701  2.18
5.6801  2.28
5.6901  2.35
5.7001  2.14
5.7101  2.47
5.7201  2.24
5.7301  2.16
5.7401  2.31
5.7501  2.12
5.7601  2.48
5.7701  2.04
5.7801  2.25
5.7901  1.85
5.8001  2.06
5.8101  2.05
5.8201  2.14
5.8301  2.03
5.8401  1.85
5.8501  1.99
5.8601  1.89
5.8701  2
5.8801  1.99
5.8901  2.04
5.9001  1.81
5.9101  1.85
5.9201  1.97
5.9301  1.86
5.9401  2.07
5.9501  1.72
5.9601  1.78
5.9701  1.71
5.9801  1.75
5.9901  1.77
6.0001  1.89
6.0101  2.02
6.0201  1.84
6.0301  1.81
6.0401  1.88
6.0501  2.12
6.0601  2.02
6.0701  1.93
6.0801  1.8
6.0901  1.91
6.1001  1.77
6.1101  2.19
6.1201  1.85
6.1301  1.75
6.1401  1.79
6.1501  2.16
6.1601  1.85
6.1701  2.07
6.1801  2.42
6.1901  2.09
6.2001  1.88
6.2101  2.12
6.2201  2.27
6.2301  2.09
6.2401  2.06
6.2501  2.01
6.2601  2.39
6.2701  2.28
6.2801  2.5
6.2901  2.1
6.3001  2.14
6.3101  2.02
6.3201  2.3
6.3301  2.17
6.3401  2.33
6.3501  2.24
6.3601  2.55
6.3701  2.39
6.3801  2.32
6.3901  2.16
6.4001  2.06
6.4101  2.25
6.4201  2.21
6.4301  2.39
6.4401  2.1
6.4501  2.13
6.4601  2.09
6.4701  2.12
6.4801  2.17
6.4901  1.95
6.5001  2.08
6.5101  2.29
6.5201  2.01
6.5301  2.27
6.5401  1.95
6.5501  1.86
6.5601  2.11
6.5701  1.99
6.5801  2.07
6.5901  2.13
6.6001  2.14
6.6101  1.93
6.6201  1.86
6.6301  1.92
6.6401  1.65
6.6501  1.83
6.6601  1.81
6.6701  2.07
6.6801  1.84
6.6901  1.99
6.7001  2.13
6.7101  2.05
6.7201  1.9
6.7301  1.76
6.7401  1.82
6.7501  1.95
6.7601  1.87
6.7701  1.97
6.7801  1.62
6.7901  1.93
6.8001  2.1
6.8101  1.94
6.8201  1.84
6.8301  2.08
6.8401  1.96
6.8501  1.85
6.8601  1.97
6.8701  2.16
6.8801  2.07
6.8901  1.91
6.9001  1.91
6.9101  2.02
6.9201  2.29
6.9301  2.08
6.9401  2.17
6.9501  1.83
6.9601  2.31
6.9701  2.16
6.9801  2.06
6.9901  2.25
7.0001  2.04
7.0101  2.45
7.0201  2.39
7.0301  1.94
7.0401  2.29
7.0501  2.14
7.0601  2.2
7.0701  2.14
7.0801  2.24
7.0901  1.97
7.1001  2.55
7.1101  2.35
7.1201  2.14
7.1301  2.17
7.1401  2.28
7.1501  2.28
7.1601  2.35
7.1701  2.44
7.1801  2.08
7.1901  2.3
7.2001  2.17
7.2101  2.21
7.2201  2.08
7.2301  1.98
7.2401  1.94
7.2501  2.13
7.2601  1.78
7.2701  2.05
7.2801  2.13
7.2901  1.98
7.3001  2.01
7.3101  1.98
7.3201  1.94
7.3301  1.99
7.3401  1.75
7.3501  2.16
7.3601  2.01
7.3701  2.25
7.3801  1.95
7.3901  2.05
7.4001  1.81
7.4101  1.79
7.4201  1.8
7.4301  1.86
7.4401  1.98
7.4501  2.01
7.4601  1.9
7.4701  1.96
7.4801  2.1
7.4901  1.91
7.5001  1.74
7.5101  2.04
7.5201  2.04
7.5301  2.1
7.5401  2.07
7.5501  1.98
7.5601  2.1
7.5701  2.18
7.5801  1.95
7.5901  2.01
7.6001  1.94
7.6101  1.93
7.6201  2.13
7.6301  2.23
7.6401  1.95
7.6501  2.03
7.6601  2.25
7.6701  2.11
7.6801  1.93
7.6901  1.93
7.7001  2.49
7.7101  2.43
7.7201  2.32
7.7301  1.92
7.7401  2.33
7.7501  2.25
7.7601  2.35
7.7701  2.3
7.7801  2.05
7.7901  2.25
7.8001  2.22
7.8101  2.18
7.8201  2.11
7.8301  2.19
7.8401  2.29
7.8501  1.9
7.8601  2.35
7.8701  1.98
7.8801  2.35
7.8901  1.95
7.9001  1.99
7.9101  1.99
7.9201  2.05
7.9301  2.24
7.9401  2.29
7.9501  1.99
7.9601  2.36
7.9701  1.98
7.9801  1.99
7.9901  1.85
8.0001  1.99
8.0101  1.86
8.0201  2.03
8.0301  1.98
8.0401  1.93
8.0501  2.02
8.0601  2.21
8.0701  1.99
8.0801  2.02
8.0901  1.95
8.1001  2.28
8.1101  1.85
8.1201  1.93
8.1301  2.02
8.1401  1.91
8.1501  1.99
8.1601  1.85
8.1701  1.97
8.1801  1.88
8.1901  1.89
8.2001  1.88
8.2101  1.76
8.2201  1.94
8.2301  1.98
8.2401  2.17
8.2501  2.02
8.2601  1.94
8.2701  2.32
8.2801  2.03
8.2901  1.83
8.3001  2.09
8.3101  1.99
8.3201  1.97
8.3301  2.07
8.3401  2.19
8.3501  2.06
8.3601  2.07
8.3701  2.05
8.3801  2.39
8.3901  1.99
8.4001  2.01
8.4101  1.83
8.4201  2.01
8.4301  2.2
8.4401  2.26
8.4501  2.23
8.4601  2.22
8.4701  2.36
8.4801  1.73
8.4901  2.23
8.5001  2.19
8.5101  2.22
8.5201  2.21
8.5301  2.07
8.5401  2.37
8.5501  2.15
8.5601  2.24
8.5701  1.93
8.5801  2.21
8.5901  2.13
8.6001  2.07
8.6101  1.9
8.6201  2.31
8.6301  2.1
8.6401  2.02
8.6501  2.18
8.6601  2.27
8.6701  2.15
8.6801  1.92
8.6901  1.89
8.7001  2.01
8.7101  2.15
8.7201  2.03
8.7301  1.81
8.7401  1.99
8.7501  1.87
8.7601  1.97
8.7701  2.03
8.7801  1.88
8.7901  2.1
8.8001  1.89
8.8101  1.87
8.8201  2.06
8.8301  2.07
8.8401  1.9
8.8501  2.1
8.8601  1.87
8.8701  2.08
8.8801  2.06
8.8901  1.95
8.9001  1.99
8.9101  1.91
8.9201  2.1
8.9301  1.98
8.9401  1.99
8.9501  2.11
8.9601  1.92
8.9701  2.06
8.9801  1.9
8.9901  1.88
9.0001  1.89
9.0101  2.11
9.0201  1.98
9.0301  2.14
9.0401  2.13
9.0501  1.88
9.0601  2.04
9.0701  2.09
9.0801  1.96
9.0901  2.11
9.1001  2.09
9.1101  1.98
9.1201  2.29
9.1301  2.05
9.1401  1.92
9.1501  2.13
9.1601  2.2
9.1701  2.19
9.1801  2.38
9.1901  2.25
9.2001  2.28
9.2101  2.27
9.2201  2.48
9.2301  1.99
9.2401  2.15
9.2501  2.28
9.2601  2.05
9.2701  2.07
9.2801  2.25
9.2901  2.02
9.3001  2.03
9.3101  2.35
9.3201  1.92
9.3301  2.04
9.3401  2.05
9.3501  2.31
9.3601  2.07
9.3701  2.14
9.3801  2.05
9.3901  2.02
9.4001  2.04
9.4101  1.98
9.4201  2.01
9.4301  2.42
9.4401  2.13
9.4501  1.82
9.4601  1.92
9.4701  2.18
9.4801  1.91
9.4901  2.02
9.5001  1.82
9.5101  2.18
9.5201  1.87
9.5301  2.08
9.5401  1.92
9.5501  1.87
9.5601  2.04
9.5701  1.9
9.5801  1.85
9.5901  1.99
9.6001  2.11
9.6101  2.16
9.6201  1.93
9.6301  1.92
9.6401  1.9
9.6501  1.91
9.6601  1.76
9.6701  2.19
9.6801  2.1
9.6901  1.81
9.7001  2.19
9.7101  2.08
9.7201  2.13
9.7301  2.1
9.7401  2.01
9.7501  2.21
9.7601  2.15
9.7701  1.99
9.7801  2.05
9.7901  2.07
9.8001  2.01
9.8101  2.11
9.8201  2.24
9.8301  2.27
9.8401  2.22
9.8501  1.99
9.8601  2.17
9.8701  2.03
9.8801  2.09
9.8901  2.2
9.9001  2.02
9.9101  2.2
9.9201  1.95
9.9301  2.05
9.9401  2.15
9.9501  2.33
9.9601  2.49
9.9701  2.25
9.9801  2.11
9.9901  1.94
10.0001  2.25
10.0101  2.21
10.0201  2.21
10.0301  2
10.0401  2.17
10.0501  2.17
10.0601  2.09
10.0701  1.95
10.0801  2.12
10.0901  1.93
10.1001  2.07
10.1101  1.95
10.1201  1.89
10.1301  2.24
10.1401  1.96
10.1501  2.18
10.1601  2.1
10.1701  1.85
10.1801  1.98
10.1901  2.24
10.2001  1.99
10.2101  2.11
10.2201  2.22
10.2301  1.86
10.2401  1.93
10.2501  1.93
10.2601  2.14
10.2701  2.01
10.2801  2.1
10.2901  1.83
10.3001  1.88
10.3101  1.8
10.3201  1.88
10.3301  2.19
10.3401  2.04
10.3501  1.98
10.3601  2.07
10.3701  1.65
10.3801  2.07
10.3901  1.9
10.4001  2.08
10.4101  1.79
10.4201  2
10.4301  1.97
10.4401  2.13
10.4501  1.97
10.4601  1.97
10.4701  1.96
10.4801  2.05
10.4901  2.16
10.5001  2.03
10.5101  1.97
10.5201  2.28
10.5301  1.94
10.5401  2.44
10.5501  2.05
10.5601  1.93
10.5701  1.99
10.5801  2.15
10.5901  2.28
10.6001  1.85
10.6101  2.12
10.6201  2.19
10.6301  2.25
10.6401  2.13
10.6501  2.17
10.6601  2.32
10.6701  2.19
10.6801  1.93
10.6901  2.29
10.7001  2.23
10.7101  2.26
10.7201  2.06
10.7301  2.08
10.7401  2.32
10.7501  2.32
10.7601  2.05
10.7701  2.25
10.7801  2.17
10.7901  1.96
10.8001  2.26
10.8101  2.24
10.8201  2.04
10.8301  1.78
10.8401  1.91
10.8501  2.18
10.8601  2
10.8701  2
10.8801  2.11
10.8901  1.99
10.9001  2.01
10.9101  1.7
10.9201  2.27
10.9301  1.88
10.9401  1.64
10.9501  2.11
10.9601  1.84
10.9701  2.19
10.9801  2.02
10.9901  1.87
11.0001  2.08
11.0101  2.15
11.0201  2.23
11.0301  1.89
11.0401  1.97
11.0501  1.8
11.0601  1.98
11.0701  2.21
11.0801  1.96
11.0901  1.99
11.1001  1.83
11.1101  1.77
11.1201  2.13
11.1301  2.1
11.1401  1.96
11.1501  1.91
11.1601  2
11.1701  2.12
11.1801  2.02
11.1901  2.1
11.2001  2
11.2101  2.1
11.2201  2.09
11.2301  2.1
11.2401  1.97
11.2501  2.09
11.2601  2.01
11.2701  2.17
11.2801  2.01
11.2901  2.09
11.3001  2.17
11.3101  2.5
11.3201  2.16
11.3301  2.08
11.3401  2.38
11.3501  1.94
11.3601  2.07
11.3701  2.18
11.3801  2.29
11.3901  2.24
11.4001  1.94
11.4101  1.98
11.4201  2.1
11.4301  2.25
11.4401  1.98
11.4501  2.14
11.4601  2.11
11.4701  2.01
11.4801  1.99
11.4901  2.18
11.5001  2.01
11.5101  2.12
11.5201  2.23
11.5301  2.08
11.5401  1.96
11.5501  2.15
11.5601  2.11
11.5701  2.21
11.5801  2.03
11.5901  1.91
11.6001  1.98
11.6101  2.18
11.6201  1.94
11.6301  1.95
11.6401  1.95
11.6501  2
11.6601  2.1
11.6701  2.04
11.6801  2.1
11.6901  2.16
11.7001  1.81
11.7101  2.06
11.7201  2.27
11.7301  1.9
11.7401  1.89
11.7501  2.11
11.7601  1.97
11.7701  1.82
11.7801  1.96
11.7901  1.91
11.8001  2.05
11.8101  1.93
11.8201  2.15
11.8301  2
11.8401  2.22
11.8501  1.91
11.8601  2.02
11.8701  2.08
11.8801  1.99
11.8901  1.85
11.9001  2.18
11.9101  2.11
11.9201  2.06
11.9301  2.29
11.9401  2.03
11.9501  1.89
11.9601  2.1
11.9701  2.03
11.9801  2.02
11.9901  1.86
12.0001  2.09
12.0101  2.24
12.0201  2.03
12.0301  2.02
12.0401  2.17
12.0501  2.17
12.0601  2.13
12.0701  2.13
12.0801  2.04
12.0901  2.03
12.1001  1.8
12.1101  2.12
12.1201  1.97
12.1301  2.34
12.1401  2.28
12.1501  2.09
12.1601  2.25
12.1701  2.25
12.1801  2.18
12.1901  2.23
12.2001  2.14
12.2101  2
12.2201  1.96
12.2301  2.08
12.2401  2.01
12.2501  2.33
12.2601  1.93
12.2701  1.86
12.2801  2.22
12.2901  1.95
12.3001  1.95
12.3101  1.82
12.3201  2.23
12.3301  2.24
12.3401  2.22
12.3501  2.04
12.3601  2.07
12.3701  2.26
12.3801  1.86
12.3901  2.01
12.4001  2.08
12.4101  1.79
12.4201  2.1
12.4301  2.07
12.4401  1.97
12.4501  1.91
12.4601  1.79
12.4701  2.26
12.4801  2.23
12.4901  1.99
12.5001  2.02
12.5101  2
12.5201  2.25
12.5301  1.95
12.5401  1.71
12.5501  1.95
12.5601  2.07
12.5701  1.93
12.5801  1.81
12.5901  2.07
12.6001  2.1
12.6101  1.97
12.6201  1.88
12.6301  1.95
12.6401  2.08
12.6501  2.21
12.6601  2.2
12.6701  1.94
12.6801  2.01
12.6901  1.82
12.7001  2.11
12.7101  2.18
12.7201  2
12.7301  2.23
12.7401  1.99
12.7501  1.99
12.7601  2.21
12.7701  2.36
12.7801  1.85
12.7901  2.11
12.8001  2.11
12.8101  2.11
12.8201  1.91
12.8301  2.26
12.8401  1.93
12.8501  2.05
12.8601  1.89
12.8701  2.39
12.8801  2.29
12.8901  1.94
12.9001  1.98
12.9101  2.24
12.9201  2.15
12.9301  2.2
12.9401  2.26
12.9501  1.98
12.9601  1.94
12.9701  2.24
12.9801  2.24
12.9901  2.14
13.0001  1.93
13.0101  2.13
13.0201  2.03
13.0301  1.9
13.0401  2.17
13.0501  2.25
13.0601  2.09
13.0701  1.97
13.0801  2.08
13.0901  2.16
13.1001  1.96
13.1101  1.96
13.1201  2.03
13.1301  2.25
13.1401  2.08
13.1501  1.87
13.1601  2.07
13.1701  1.95
13.1801  2.22
13.1901  1.94
13.2001  1.91
13.2101  2.08
13.2201  1.88
13.2301  1.94
13.2401  2.2
13.2501  2
13.2601  1.83
13.2701  2.01
13.2801  2.12
13.2901  1.8
13.3001  2.06
13.3101  1.76
13.3201  2.15
13.3301  2.16
13.3401  1.86
13.3501  2.19
13.3601  2
13.3701  2.18
13.3801  2.31
13.3901  2.03
13.4001  1.62
13.4101  1.8
13.4201  2.17
13.4301  2.05
13.4401  1.92
13.4501  1.82
13.4601  2.15
13.4701  2.31
13.4801  2.12
13.4901  1.97
13.5001  2.12
13.5101  2.14
13.5201  2.03
13.5301  2.08
13.5401  1.84
13.5501  2.05
13.5601  2.09
13.5701  2.08
13.5801  2.42
13.5901  2.21
13.6001  1.83
13.6101  2.18
13.6201  2
13.6301  2.18
13.6401  2.3
13.6501  2.11
13.6601  2.15
13.6701  2.03
13.6801  2.11
13.6901  2.51
13.7001  1.83
13.7101  1.83
13.7201  2.03
13.7301  2.08
13.7401  2.04
13.7501  1.81
13.7601  1.98
13.7701  2.12
13.7801  1.88
13.7901  2.05
13.8001  2.13
13.8101  2.26
13.8201  2
13.8301  1.87
13.8401  2.11
13.8501  2.04
13.8601  2.11
13.8701  2.18
13.8801  2.21
13.8901  2.01
13.9001  2.01
13.9101  1.99
13.9201  1.86
13.9301  2.19
13.9401  2.05
13.9501  2.06
13.9601  2
13.9701  1.92
13.9801  2.17
13.9901  2.02
14.0001  2.08
14.0101  1.82
14.0201  2.19
14.0301  2.02
14.0401  2.08
14.0501  2.08
14.0601  2.03
14.0701  1.7
14.0801  2.15
14.0901  2.1
14.1001  1.92
14.1101  2.1
14.1201  2.02
14.1301  1.97
14.1401  2.34
14.1501  2.19
14.1601  2.21
14.1701  2.1
14.1801  2.38
14.1901  1.98
14.2001  1.79
14.2101  1.86
14.2201  2
14.2301  2.17
14.2401  2.05
14.2501  2.13
14.2601  1.93
14.2701  2.12
14.2801  2.06
14.2901  2.21
14.3001  1.99
14.3101  1.9
14.3201  2.12
14.3301  1.99
14.3401  2.16
14.3501  1.96
14.3601  2.02
14.3701  2.04
14.3801  2.15
14.3901  2.01
14.4001  2.29
14.4101  2.15
14.4201  2.01
14.4301  2.24
14.4401  2.09
14.4501  1.93
14.4601  2.2
14.4701  2.01
14.4801  2.12
14.4901  2.22
14.5001  2.27
14.5101  1.75
14.5201  2.03
14.5301  2
14.5401  2.15
14.5501  1.99
14.5601  2.11
14.5701  2.07
14.5801  1.96
14.5901  2.04
14.6001  1.73
14.6101  2.1
14.6201  2.03
14.6301  2.09
14.6401  2.05
14.6501  2.16
14.6601  2.07
14.6701  1.92
14.6801  1.92
14.6901  2.12
14.7001  2.02
14.7101  2.02
14.7201  2.18
14.7301  2.21
14.7401  2.06
14.7501  2.11
14.7601  2.1
14.7701  1.92
14.7801  2.24
14.7901  1.96
14.8001  2.19
14.8101  1.97
14.8201  1.94
14.8301  1.78
14.8401  1.96
14.8501  2.01
14.8601  2.14
14.8701  2.09
14.8801  2.1
14.8901  2.04
14.9001  2.07
14.9101  2.05
14.9201  1.85
14.9301  2.37
14.9401  1.96
14.9501  2.25
14.9601  2.05
14.9701  2.1
14.9801  1.9
14.9901  2.09
15.0001  2.13
15.0101  2.21
15.0201  2.13
15.0301  2.08
15.0401  2.07
15.0501  2
15.0601  1.95
15.0701  2.19
15.0801  2.34
15.0901  1.85
15.1001  1.84
15.1101  2.01
15.1201  2.01
15.1301  1.99
15.1401  2.25
15.1501  2.2
15.1601  2.02
15.1701  2.02
15.1801  2.11
15.1901  2.17
15.2001  2.1
15.2101  2.24
15.2201  2.17
15.2301  2.12
15.2401  2.07
15.2501  1.88
15.2601  2.07
15.2701  1.9
15.2801  2.04
15.2901  1.93
15.3001  2.01
15.3101  1.98
15.3201  1.98
15.3301  2.1
15.3401  2.17
15.3501  2.04
15.3601  2.03
15.3701  2.11
15.3801  2.1
15.3901  2.01
15.4001  2.23
15.4101  2.15
15.4201  1.99
15.4301  2.08
15.4401  1.9
15.4501  1.94
15.4601  1.94
15.4701  2.21
15.4801  2.01
15.4901  1.96
15.5001  2.09
15.5101  2.15
15.5201  2.01
15.5301  2.1
15.5401  2.18
15.5501  2.18
15.5601  1.85
15.5701  2.04
15.5801  1.9
15.5901  2.07
15.6001  2.07
15.6101  1.89
15.6201  2.16
15.6301  2.3
15.6401  2.1
15.6501  2.08
15.6601  1.96
15.6701  2.29
15.6801  2.03
15.6901  1.89
15.7001  2.1
15.7101  2.04
15.7201  2.15
15.7301  2.04
15.7401  2.28
15.7501  2.23
15.7601  1.99
15.7701  2.31
15.7801  1.77
15.7901  1.9
15.8001  1.8
15.8101  2.02
15.8201  2.49
15.8301  1.77
15.8401  2.19
15.8501  2.18
15.8601  2.17
15.8701  1.78
15.8801  2.08
15.8901  2.09
15.9001  2.2
15.9101  2.05
15.9201  2.1
15.9301  2.07
15.9401  2.35
15.9501  2.15
15.9601  2.13
15.9701  2.05
15.9801  2.17
15.9901  2.02
16.0001  2.01
16.0101  1.79
16.0201  1.93
16.0301  2.12
16.0401  2.06
16.0501  1.96
16.0601  2.11
16.0701  2.02
16.0801  2.08
16.0901  2.06
16.1001  2.01
16.1101  2.14
16.1201  2
16.1301  1.89
16.1401  2.17
16.1501  2.19
16.1601  1.95
16.1701  1.99
16.1801  2.24
16.1901  2.09
16.2001  2.18
16.2101  2.02
16.2201  2.07
16.2301  1.95
16.2401  2.16
16.2501  2.01
16.2601  1.98
16.2701  2.11
16.2801  2
16.2901  2.17
16.3001  1.94
16.3101  2.16
16.3201  1.91
16.3301  2.1
16.3401  2.15
16.3501  1.88
16.3601  2.09
16.3701  2.09
16.3801  2.11
16.3901  1.95
16.4001  1.97
16.4101  1.79
16.4201  2.09
16.4301  2.1
16.4401  2.06
16.4501  2.13
16.4601  2.3
16.4701  2.04
16.4801  2.11
16.4901  2.09
16.5001  2.03
16.5101  2.17
16.5201  1.92
16.5301  2.17
16.5401  2.14
16.5501  1.94
16.5601  2.1
16.5701  2.06
16.5801  2.09
16.5901  1.96
16.6001  2.1
16.6101  2.22
16.6201  2.27
16.6301  2.11
16.6401  2
16.6501  1.93
16.6601  2.06
16.6701  2.17
16.6801  2.38
16.6901  1.86
16.7001  1.76
16.7101  2.01
16.7201  1.95
16.7301  2.2
16.7401  2.19
16.7501  2.12
16.7601  2.17
16.7701  1.89
16.7801  1.95
16.7901  2.28
16.8001  1.89
16.8101  2.11
16.8201  2.1
16.8301  2.17
16.8401  1.98
16.8501  2.09
16.8601  1.89
16.8701  1.97
16.8801  2.44
16.8901  1.98
16.9001  1.77
16.9101  2.05
16.9201  2.12
16.9301  1.99
16.9401  2.15
16.9501  2.07
16.9601  2.09
16.9701  2.11
16.9801  2.12
16.9901  2.11
17.0001  1.94
17.0101  1.97
17.0201  1.89
17.0301  2.12
17.0401  2.03
17.0501  2.13
17.0601  1.92
17.0701  2.12
17.0801  2.03
17.0901  2.07
17.1001  2.09
17.1101  2.27
17.1201  2.11
17.1301  2.07
17.1401  2.1
17.1501  2.08
17.1601  2.24
17.1701  2.12
17.1801  1.9
17.1901  2.06
17.2001  2.15
17.2101  2.17
17.2201  1.76
17.2301  2.06
17.2401  2.07
17.2501  1.83
17.2601  2.12
17.2701  2.11
17.2801  2.11
17.2901  2.03
17.3001  1.98
17.3101  2.05
17.3201  2.22
17.3301  2.15
17.3401  1.95
17.3501  1.99
17.3601  2.05
17.3701  2.27
17.3801  1.76
17.3901  2.21
17.4001  2.17
17.4101  2.05
17.4201  1.92
17.4301  2.05
17.4401  1.77
17.4501  1.99
17.4601  2.29
17.4701  2.26
17.4801  2.01
17.4901  1.92
17.5001  1.98
17.5101  1.98
17.5201  2.13
17.5301  2.23
17.5401  2.14
17.5501  2.04
17.5601  2.13
17.5701  2.02
17.5801  2.1
17.5901  2.13
17.6001  2.04
17.6101  2.37
17.6201  2.01
17.6301  1.95
17.6401  1.89
17.6501  2.07
17.6601  2.03
17.6701  2.17
17.6801  1.91
17.6901  2.04
17.7001  2.15
17.7101  2.21
17.7201  1.84
17.7301  2.02
17.7401  1.86
17.7501  2.23
17.7601  2.13
17.7701  2.28
17.7801  2.03
17.7901  2.02
17.8001  2.06
17.8101  2.06
17.8201  1.85
17.8301  1.94
17.8401  2.16
17.8501  2.25
17.8601  2
17.8701  2.08
17.8801  1.89
17.8901  2.2
17.9001  1.83
17.9101  2.02
17.9201  1.97
17.9301  1.94
17.9401  2.15
17.9501  2.36
17.9601  2.06
17.9701  1.97
17.9801  2.04
17.9901  2.14
18.0001  2
18.0101  2.08
18.0201  1.93
18.0301  2.17
18.0401  1.87
18.0501  2.16
18.0601  2.09
18.0701  2.37
18.0801  2.1
18.0901  2.05
18.1001  2.08
18.1101  2.15
18.1201  2.05
18.1301  2.04
18.1401  2.08
18.1501  2.11
18.1601  1.92
18.1701  2.04
18.1801  2.24
18.1901  1.91
18.2001  1.97
18.2101  2.08
18.2201  2.3
18.2301  1.98
18.2401  1.96
18.2501  2.19
18.2601  2.14
18.2701  1.95
18.2801  2.21
18.2901  2.04
18.3001  2.05
18.3101  2.14
18.3201  2.13
18.3301  2.07
18.3401  2.05
18.3501  1.81
18.3601  2.12
18.3701  2.18
18.3801  1.78
18.3901  2.3
18.4001  1.63
18.4101  2.21
18.4201  1.88
18.4301  2.04
18.4401  1.9
18.4501  2.27
18.4601  2.24
18.4701  2.06
18.4801  1.9
18.4901  1.99
18.5001  1.94
18.5101  1.95
18.5201  2.13
18.5301  2.19
18.5401  1.98
18.5501  2.11
18.5601  2.2
18.5701  1.88
18.5801  2.07
18.5901  1.87
18.6001  2.14
18.6101  2.21
18.6201  2.03
18.6301  1.99
18.6401  1.81
18.6501  2.03
18.6601  1.96
18.6701  2.3
18.6801  2.17
18.6901  2.17
18.7001  2.1
18.7101  2.13
18.7201  2.01
18.7301  1.83
18.7401  2.05
18.7501  1.93
18.7601  2
18.7701  2.2
18.7801  1.98
18.7901  2.06
18.8001  2.3
18.8101  1.92
18.8201  2.23
18.8301  1.84
18.8401  2.29
18.8501  2.2
18.8601  2.07
18.8701  2.13
18.8801  2.15
18.8901  1.94
18.9001  2.14
18.9101  2.19
18.9201  2.03
18.9301  1.9
18.9401  2.15
18.9501  2.09
18.9601  2.05
18.9701  2.06
18.9801  2.21
18.9901  2.15
19.0001  1.97
19.0101  1.88
19.0201  2.32
19.0301  1.91
19.0401  2.33
19.0501  2.03
19.0601  2.04
19.0701  2.04
19.0801  2.12
19.0901  2.17
19.1001  1.84
19.1101  1.92
19.1201  1.96
19.1301  2.1
19.1401  2.06
19.1501  2.05
19.1601  2.33
19.1701  2.06
19.1801  2.13
19.1901  2.15
19.2001  2.01
19.2101  1.93
19.2201  1.84
19.2301  2.02
19.2401  2.05
19.2501  1.85
19.2601  1.96
19.2701  2
19.2801  2.29
19.2901  1.95
19.3001  1.77
19.3101  2.16
19.3201  2.13
19.3301  1.99
19.3401  1.87
19.3501  1.89
19.3601  2.09
19.3701  2.21
19.3801  2.08
19.3901  2.01
19.4001  1.97
19.4101  2.22
19.4201  1.87
19.4301  2.04
19.4401  2.02
19.4501  2.17
19.4601  2.24
19.4701  2.11
19.4801  2.32
19.4901  2.13
19.5001  1.9
19.5101  2.04
19.5201  2.17
19.5301  1.91
19.5401  2.25
19.5501  2.07
19.5601  2.11
19.5701  2.18
19.5801  2.04
19.5901  2.15
19.6001  1.92
19.6101  2.05
19.6201  2.18
19.6301  2.38
19.6401  2.12
19.6501  2.15
19.6601  2.04
19.6701  2
19.6801  2.22
19.6901  2.11
19.7001  1.96
19.7101  1.97
19.7201  2.03
19.7301  2.11
19.7401  2.24
19.7501  2.09
19.7601  2.08
19.7701  2.06
19.7801  2.04
19.7901  1.88
19.8001  2.03
19.8101  2.16
19.8201  2.26
19.8301  2.07
19.8401  2.16
19.8501  1.96
19.8601  1.96
19.8701  1.97
19.8801  1.8
19.8901  2.3
19.9001  2.09
19.9101  1.88
19.9201  2.26
19.9301  1.86
19.9401  1.77
19.9501  2.06
19.9601  2
19.9701  2.18
19.9801  2
19.9901  1.96
20.0001  2.06
20.0101  1.97
20.0201  2.18
20.0301  2.01
20.0401  2.16
20.0501  1.98
20.0601  2.26
20.0701  2.14
20.0801  1.83
20.0901  2.11
20.1001  2.11
20.1101  2.11
20.1201  1.82
20.1301  2.24
20.1401  2.01
20.1501  1.78
20.1601  2.2
20.1701  2.07
20.1801  2.08
20.1901  1.96
20.2001  2.23
20.2101  2.14
20.2201  2.22
20.2301  2.1
20.2401  1.96
20.2501  2.37
20.2601  2
20.2701  2.06
20.2801  2.06
20.2901  2.13
20.3001  1.85
20.3101  2.24
20.3201  2.14
20.3301  1.9
20.3401  2.26
20.3501  2.1
20.3601  1.91
20.3701  2.11
20.3801  2.08
20.3901  2.23
20.4001  2.17
20.4101  2.08
20.4201  2.28
20.4301  2.12
20.4401  1.81
20.4501  2.12
20.4601  2.23
20.4701  1.92
20.4801  2.08
20.4901  2.03
20.5001  2.07
20.5101  1.97
20.5201  2.17
20.5301  1.91
20.5401  2.16
20.5501  2.06
20.5601  2.11
20.5701  1.85
20.5801  2.4
20.5901  2.01
20.6001  1.97
20.6101  2.11
20.6201  2.01
20.6301  1.94
20.6401  2.06
20.6501  1.99
20.6601  1.98
20.6701  2.12
20.6801  1.91
20.6901  2.02
20.7001  2.22
20.7101  2.09
20.7201  2.08
20.7301  1.99
20.7401  2.09
20.7501  2.22
20.7601  1.8
20.7701  2.31
20.7801  1.75
20.7901  1.97
20.8001  2.16
20.8101  1.81
20.8201  2.11
20.8301  2
20.8401  1.86
20.8501  2.35
20.8601  2.05
20.8701  1.98
20.8801  2.11
20.8901  1.99
20.9001  2.11
20.9101  1.95
20.9201  1.94
20.9301  2.04
20.9401  2.22
20.9501  2.13
20.9601  2.12
20.9701  2
20.9801  2.15
20.9901  1.76
21.0001  2.07
21.0101  2.06
21.0201  2.25
21.0301  2.23
21.0401  2.16
21.0501  2.17
21.0601  2.19
21.0701  1.88
21.0801  2.36
21.0901  1.87
21.1001  2.06
21.1101  2.07
21.1201  2.12
21.1301  2.16
21.1401  2.04
21.1501  2.29
21.1601  2.02
21.1701  1.88
21.1801  2.11
21.1901  2
21.2001  2.05
21.2101  2.14
21.2201  2.12
21.2301  2.31
21.2401  1.87
21.2501  2.06
21.2601  2.27
21.2701  2.08
21.2801  2.34
21.2901  1.82
21.3001  1.95
21.3101  2.11
21.3201  2.17
21.3301  2.12
21.3401  2.02
21.3501  2.01
21.3601  1.86
21.3701  1.95
21.3801  1.9
21.3901  2.09
21.4001  2.1
21.4101  2.32
21.4201  2.02
21.4301  2.22
21.4401  1.79
21.4501  1.99
21.4601  1.92
21.4701  2.24
21.4801  2.19
21.4901  2.02
21.5001  1.93
21.5101  2.4
21.5201  1.82
21.5301  2.17
21.5401  2.13
21.5501  2.02
21.5601  1.76
21.5701  2.07
21.5801  1.85
21.5901  2.11
21.6001  2.17
21.6101  2.12
21.6201  1.96
21.6301  1.96
21.6401  2.13
21.6501  1.97
21.6601  1.83
21.6701  2.09
21.6801  2.19
21.6901  2
21.7001  1.77
21.7101  2.22
21.7201  2.19
21.7301  2.11
21.7401  2.11
21.7501  2.06
21.7601  2.27
21.7701  2.36
21.7801  2.08
21.7901  2.03
21.8001  2.14
21.8101  2.1
21.8201  2.09
21.8301  2.1
21.8401  1.84
21.8501  2.15
21.8601  2.26
21.8701  1.88
21.8801  2.01
21.8901  2.03
21.9001  2.04
21.9101  2.03
21.9201  2.24
21.9301  2.16
21.9401  2.13
21.9501  2.27
21.9601  1.95
21.9701  1.92
21.9801  2.01
21.9901  1.93
22.0001  2.13
22.0101  2
22.0201  2.09
22.0301  2.26
22.0401  2.39
22.0501  2.19
22.0601  2.01
22.0701  1.95
22.0801  2.06
22.0901  1.92
22.1001  2.05
22.1101  2.29
22.1201  2.04
22.1301  1.97
22.1401  1.94
22.1501  2.05
22.1601  1.99
22.1701  2.02
22.1801  2.13
22.1901  2.1
22.2001  1.97
22.2101  2.15
22.2201  2.07
22.2301  2.16
22.2401  2
22.2501  2.05
22.2601  1.93
22.2701  2.02
22.2801  2.01
22.2901  2.27
22.3001  1.88
22.3101  2
22.3201  1.91
22.3301  2.02
22.3401  1.84
22.3501  2.05
22.3601  2.27
22.3701  2.22
22.3801  2.08
22.3901  2.18
22.4001  2.09
22.4101  2.17
22.4201  1.97
22.4301  1.94
22.4401  1.86
22.4501  2.11
22.4601  1.96
22.4701  2.13
22.4801  1.93
22.4901  2.12
22.5001  2.07
22.5101  2.24
22.5201  2.02
22.5301  2
22.5401  2.03
22.5501  1.84
22.5601  2.1
22.5701  2.15
22.5801  2.09
22.5901  2.19
22.6001  2.34
22.6101  1.91
22.6201  2.05
22.6301  2.18
22.6401  1.99
22.6501  2.01
22.6601  1.93
22.6701  2.48
22.6801  2.07
22.6901  1.86
22.7001  1.93
22.7101  2.14
22.7201  2.23
22.7301  2.19
22.7401  1.7
22.7501  2.02
22.7601  1.98
22.7701  2.09
22.7801  2.29
22.7901  1.97
22.8001  2
22.8101  2.24
22.8201  2.15
22.8301  2.19
22.8401  1.92
22.8501  2.03
22.8601  1.85
22.8701  2.01
22.8801  1.96
22.8901  2.16
22.9001  1.95
22.9101  2.36
22.9201  1.85
22.9301  2.05
22.9401  2.19
22.9501  2.04
22.9601  1.93
22.9701  1.85
22.9801  2.14
22.9901  2.09
23.0001  1.9
23.0101  2.15
23.0201  2.04
23.0301  2.01
23.0401  1.75
23.0501  2.28
23.0601  1.94
23.0701  2.05
23.0801  2.15
23.0901  2.24
23.1001  2.22
23.1101  1.78
23.1201  1.94
23.1301  2.08
23.1401  1.95
23.1501  2.05
23.1601  2.1
23.1701  2.31
23.1801  2.11
23.1901  2.27
23.2001  1.9
23.2101  2.25
23.2201  2.16
23.2301  2.07
23.2401  2.08
23.2501  2.1
23.2601  2.09
23.2701  1.91
23.2801  2.2
23.2901  2.03
23.3001  1.82
23.3101  2.04
23.3201  1.9
23.3301  2.1
23.3401  1.96
23.3501  2.05
23.3601  2.27
23.3701  2.09
23.3801  2.21
23.3901  2.19
23.4001  1.97
23.4101  2.35
23.4201  2.14
23.4301  2.18
23.4401  1.81
23.4501  2.05
23.4601  1.83
23.4701  1.96
23.4801  2.17
23.4901  2.1
23.5001  2.08
23.5101  2.17
23.5201  1.8
23.5301  1.77
23.5401  1.9
23.5501  1.92
23.5601  2.03
23.5701  2.19
23.5801  1.87
23.5901  2.16
23.6001  2.08
23.6101  1.9
23.6201  2.06
23.6301  2.02
23.6401  2.19
23.6501  2.07
23.6601  2.04
23.6701  2.07
23.6801  2.09
23.6901  2.06
23.7001  1.94
23.7101  2.04
23.7201  2.11
23.7301  1.87
23.7401  2.03
23.7501  2.16
23.7601  1.94
23.7701  2.11
23.7801  2.27
23.7901  1.94
23.8001  1.98
23.8101  2.12
23.8201  1.99
23.8301  2.14
23.8401  2.05
23.8501  1.9
23.8601  2.21
23.8701  2.29
23.8801  2.08
23.8901  2
23.9001  2.06
23.9101  1.98
23.9201  2.25
23.9301  1.85
23.9401  1.97
23.9501  2.04
23.9601  1.87
23.9701  2.25
23.9801  2.14
23.9901  2.16
24.0001  1.99
24.0101  2.09
24.0201  2.15
24.0301  1.93
24.0401  2.11
24.0501  2.13
24.0601  1.95
24.0701  2.04
24.0801  2.09
24.0901  1.96
24.1001  2.17
24.1101  2.11
24.1201  1.99
24.1301  2.27
24.1401  1.82
24.1501  2.29
24.1601  2
24.1701  2.12
24.1801  2.07
24.1901  1.94
24.2001  1.82
24.2101  2.02
24.2201  2.15
24.2301  2.05
24.2401  2.03
24.2501  2.22
24.2601  2.04
24.2701  1.92
24.2801  2.2
24.2901  2.09
24.3001  1.84
24.3101  2.01
24.3201  1.93
24.3301  1.91
24.3401  2.17
24.3501  2.07
24.3601  2.02
24.3701  2.14
24.3801  1.87
24.3901  1.95
24.4001  1.91
24.4101  1.83
24.4201  2.13
24.4301  2.13
24.4401  2.24
24.4501  2
24.4601  2.14
24.4701  2.1
24.4801  2.16
24.4901  1.86
24.5001  2.11
24.5101  1.99
24.5201  1.94
24.5301  2.41
24.5401  1.94
24.5501  2.16
24.5601  1.84
24.5701  1.76
24.5801  1.86
24.5901  2.2
24.6001  2.05
24.6101  2
24.6201  2.03
24.6301  1.84
24.6401  2.29
24.6501  2.11
24.6601  2.15
24.6701  2.14
24.6801  2.09
24.6901  1.96
24.7001  1.68
24.7101  2.06
24.7201  2.16
24.7301  2.28
24.7401  2.09
24.7501  2.17
24.7601  2.34
24.7701  2.02
24.7801  2
24.7901  2.12
24.8001  2.06
24.8101  2.34
24.8201  1.78
24.8301  1.94
24.8401  2.25
24.8501  2.13
24.8601  2.01
24.8701  2.07
24.8801  2.24
24.8901  2.03
24.9001  2.43
24.9101  2.18
24.9201  1.83
24.9301  2.03
24.9401  1.87
24.9501  2.12
24.9601  2.1
24.9701  2.1
24.9801  1.98
24.9901  2.1
25.0001  1.76
25.0101  2.14
25.0201  1.84
25.0301  1.89
25.0401  1.79
25.0501  2.16
25.0601  2.35
25.0701  2.16
25.0801  2.05
25.0901  2.15
25.1001  2.08
25.1101  2.06
25.1201  2.04
25.1301  1.8
25.1401  2.03
25.1501  1.91
25.1601  1.96
25.1701  2.17
25.1801  1.98
25.1901  2.21
25.2001  1.93
25.2101  2.03
25.2201  2.07
25.2301  2.05
25.2401  2.09
25.2501  1.92
25.2601  2.05
25.2701  2.2
25.2801  1.99
25.2901  2.12
25.3001  2.21
25.3101  2.1
25.3201  1.97
25.3301  2.32
25.3401  2.15
25.3501  2.11
25.3601  1.99
25.3701  2.15
25.3801  2.28
25.3901  1.95
25.4001  1.74
25.4101  2.28
25.4201  2.08
25.4301  2.17
25.4401  2.17
25.4501  1.76
25.4601  1.92
25.4701  2.13
25.4801  2.21
25.4901  1.83
25.5001  2.11
25.5101  2.18
25.5201  2.15
25.5301  1.98
25.5401  1.97
25.5501  2.02
25.5601  2.06
25.5701  2.08
25.5801  1.92
25.5901  2.24
25.6001  1.99
25.6101  2.14
25.6201  2.13
25.6301  1.97
25.6401  2.22
25.6501  1.76
25.6601  1.99
25.6701  2.03
25.6801  1.95
25.6901  1.99
25.7001  2.15
25.7101  2.11
25.7201  2.23
25.7301  2.17
25.7401  2.08
25.7501  2.04
25.7601  1.98
25.7701  2.07
25.7801  2
25.7901  2.29
25.8001  1.96
25.8101  2
25.8201  1.94
25.8301  2.03
25.8401  2.22
25.8501  1.81
25.8601  2.23
25.8701  2.22
25.8801  2.01
25.8901  1.92
25.9001  1.88
25.9101  2.32
25.9201  2.11
25.9301  1.95
25.9401  2.04
25.9501  2
25.9601  2.41
25.9701  1.87
25.9801  2.24
25.9901  1.93
26.0001  2.1
26.0101  1.74
26.0201  2.06
26.0301  2.26
26.0401  1.84
26.0501  1.88
26.0601  2.12
26.0701  2.31
26.0801  2.24
26.0901  1.87
26.1001  2.09
26.1101  1.89
26.1201  1.82
26.1301  2.05
26.1401  2.1
26.1501  2.13
26.1601  2.22
26.1701  1.87
26.1801  2.08
26.1901  2.17
26.2001  1.91
26.2101  2.09
26.2201  2.37
26.2301  1.8
26.2401  2.15
26.2501  2.08
26.2601  2.22
26.2701  2.26
26.2801  1.92
26.2901  2.06
26.3001  1.94
26.3101  2.19
26.3201  2.05
26.3301  2.18
26.3401  1.72
26.3501  1.99
26.3601  2.12
26.3701  2.07
26.3801  1.98
26.3901  2.14
26.4001  2.1
26.4101  2.14
26.4201  2.19
26.4301  1.95
26.4401  1.98
26.4501  2.19
26.4601  2.22
26.4701  1.98
26.4801  1.9
26.4901  2.13
26.5001  2.04
26.5101  2.1
26.5201  2.03
26.5301  2.27
26.5401  2.05
26.5501  1.98
26.5601  2.13
26.5701  2.07
26.5801  1.88
26.5901  1.83
26.6001  1.92
26.6101  2.18
26.6201  2.12
26.6301  2.2
26.6401  1.98
26.6501  2.07
26.6601  1.87
26.6701  1.98
26.6801  2.02
26.6901  2.01
26.7001  1.75
26.7101  2.07
26.7201  2.29
26.7301  2.06
26.7401  2.03
26.7501  2.34
26.7601  2.02
26.7701  2.06
26.7801  2.11
26.7901  2.19
26.8001  1.81
26.8101  2.13
26.8201  2.01
26.8301  2.04
26.8401  2.03
26.8501  2.17
26.8601  2.15
26.8701  1.93
26.8801  1.93
26.8901  1.83
26.9001  2.08
26.9101  2.12
26.9201  1.91
26.9301  2.08
26.9401  2.15
26.9501  1.91
26.9601  2.31
26.9701  2.17
26.9801  2.28
26.9901  2.14
27.0001  2.05
27.0101  2.22
27.0201  2.08
27.0301  1.97
27.0401  2.03
27.0501  2.04
27.0601  2.08
27.0701  2.05
27.0801  2.13
27.0901  1.98
27.1001  1.94
27.1101  2.19
27.1201  2.08
27.1301  2.14
27.1401  1.84
27.1501  2
27.1601  2.19
27.1701  2.15
27.1801  2.06
27.1901  2.28
27.2001  1.83
27.2101  2.11
27.2201  2.17
27.2301  2.07
27.2401  1.93
27.2501  1.89
27.2601  2.31
27.2701  2.26
27.2801  1.95
27.2901  1.84
27.3001  2.14
27.3101  2.14
27.3201  2.16
27.3301  2.28
27.3401  1.97
27.3501  1.81
27.3601  1.96
27.3701  1.93
27.3801  2.06
27.3901  2.04
27.4001  2.02
27.4101  2.07
27.4201  2.25
27.4301  1.99
27.4401  1.9
27.4501  2.15
27.4601  2.1
27.4701  1.96
27.4801  2.11
27.4901  1.89
27.5001  1.87
27.5101  2.23
27.5201  1.97
27.5301  2.18
27.5401  2.16
27.5501  1.97
27.5601  1.85
27.5701  2.15
27.5801  2.25
27.5901  2.08
27.6001  2.12
27.6101  1.94
27.6201  2.03
27.6301  1.94
27.6401  1.99
27.6501  2.08
27.6601  2.14
27.6701  1.91
27.6801  2.15
27.6901  2.12
27.7001  2.08
27.7101  2.04
27.7201  2.16
27.7301  1.88
27.7401  2.14
27.7501  2.31
27.7601  2.21
27.7701  1.99
27.7801  1.95
27.7901  1.96
27.8001  1.99
27.8101  2.08
27.8201  2.18
27.8301  2.33
27.8401  2.08
27.8501  2.1
27.8601  2.35
27.8701  2.07
27.8801  2.15
27.8901  1.93
27.9001  1.89
27.9101  2.29
27.9201  2.15
27.9301  2.03
27.9401  1.87
27.9501  2.37
27.9601  2.23
27.9701  1.92
27.9801  1.85
27.9901  2.17
28.0001  2.04
28.0101  2.15
28.0201  2
28.0301  2.1
28.0401  2.07
28.0501  2.09
28.0601  2.16
28.0701  2
28.0801  2.02
28.0901  1.76
28.1001  2.02
28.1101  1.98
28.1201  1.88
28.1301  2.08
28.1401  2.08
28.1501  2
28.1601  2.15
28.1701  2.09
28.1801  1.98
28.1901  2.11
28.2001  2.22
28.2101  1.96
28.2201  2.03
28.2301  2.07
28.2401  2.09
28.2501  1.95
28.2601  1.92
28.2701  1.9
28.2801  2.07
28.2901  2.15
28.3001  2.13
28.3101  2.05
28.3201  2.01
28.3301  2.36
28.3401  1.95
28.3501  2.23
28.3601  2.35
28.3701  2.03
28.3801  2.2
28.3901  1.96
28.4001  2.1
28.4101  1.81
28.4201  2.13
28.4301  2.11
28.4401  2.25
28.4501  1.86
28.4601  1.97
28.4701  2.11
28.4801  2.06
28.4901  2.17
28.5001  2.2
28.5101  2.18
28.5201  2.1
28.5301  2.19
28.5401  2
28.5501  2.25
28.5601  1.98
28.5701  2.14
28.5801  2.04
28.5901  2.1
28.6001  2.2
28.6101  2.05
28.6201  1.79
28.6301  2.03
28.6401  1.99
28.6501  2.16
28.6601  2.01
28.6701  2.07
28.6801  1.97
28.6901  2.35
28.7001  2.21
28.7101  1.87
28.7201  1.78
28.7301  2.19
28.7401  2.03
28.7501  2.02
28.7601  2.38
28.7701  2.11
28.7801  1.99
28.7901  1.77
28.8001  2.12
28.8101  2.07
28.8201  1.88
28.8301  2.04
28.8401  2.23
28.8501  2.09
28.8601  2.2
28.8701  1.93
28.8801  2.22
28.8901  2.19
28.9001  1.86
28.9101  1.98
28.9201  1.89
28.9301  2.14
28.9401  2.13
28.9501  2.08
28.9601  1.85
28.9701  2.05
28.9801  2.3
28.9901  2.22
29.0001  1.93
29.0101  2.35
29.0201  2.24
29.0301  1.96
29.0401  2.08
29.0501  2.18
29.0601  2.25
29.0701  1.97
29.0801  1.99
29.0901  2.09
29.1001  1.94
29.1101  1.93
29.1201  2.13
29.1301  1.99
29.1401  2.37
29.1501  2.16
29.1601  2.07
29.1701  1.84
29.1801  2.16
29.1901  2.03
29.2001  2.15
29.2101  2.07
29.2201  2.07
29.2301  1.95
29.2401  2.21
29.2501  1.95
29.2601  2.04
29.2701  2.14
29.2801  2.14
29.2901  2.14
29.3001  2.04
29.3101  2.11
29.3201  1.97
29.3301  2.06
29.3401  2.01
29.3501  2.13
29.3601  1.83
29.3701  2.11
29.3801  2.19
29.3901  1.96
29.4001  1.98
29.4101  2.15
29.4201  2.13
29.4301  2.21
29.4401  2.12
29.4501  2.18
29.4601  2.05
29.4701  2.16
29.4801  1.85
29.4901  2.21
29.5001  1.98
29.5101  2.18
29.5201  1.75
29.5301  2.22
29.5401  2.21
29.5501  1.9
29.5601  2.18
29.5701  2.1
29.5801  2.28
29.5901  2.01
29.6001  2.08
29.6101  2.13
29.6201  2.07
29.6301  1.9
29.6401  2.11
29.6501  2.1
29.6601  2.09
29.6701  2
29.6801  1.93
29.6901  2.14
29.7001  2.2
29.7101  1.95
29.7201  2.23
29.7301  2.17
29.7401  1.9
29.7501  2.06
29.7601  2.18
29.7701  1.91
29.7801  1.86
29.7901  2.2
29.8001  2.01
29.8101  2.05
29.8201  1.91
29.8301  2.12
29.8401  2.27
29.8501  2.06
29.8601  2.17
29.8701  1.87
29.8801  2.03
29.8901  2.33
29.9001  2.29
29.9101  2.04
29.9201  1.98
29.9301  2.06
29.9401  2.06
29.9501  2.13
29.9601  1.86
29.9701  2.03
29.9801  2.05
29.9901  2.04
30.0001  2.04
30.0101  1.98
30.0201  2.24
30.0301  2.17
30.0401  2.17
30.0501  2.04
30.0601  2.01
30.0701  2.14
30.0801  2.36
30.0901  1.81
30.1001  1.84
30.1101  2.06
30.1201  1.96
30.1301  1.93
30.1401  2.07
30.1501  2.29
30.1601  2.16
30.1701  2.05
30.1801  2.2
30.1901  2.08
30.2001  2.06
30.2101  1.86
30.2201  2.09
30.2301  2.03
30.2401  1.99
30.2501  2
30.2601  2.17
30.2701  1.85
30.2801  2.06
30.2901  2.02
30.3001  2.08
30.3101  2.22
30.3201  2.25
30.3301  2.17
30.3401  2.11
30.3501  1.91
30.3601  2.05
30.3701  2.17
30.3801  2.18
30.3901  2.23
30.4001  1.91
30.4101  1.97
30.4201  1.97
30.4301  2.24
30.4401  1.83
30.4501  2.11
30.4601  2.27
30.4701  2.15
30.4801  2.18
30.4901  1.98
30.5001  2.21
30.5101  2.39
30.5201  2.12
30.5301  2.14
30.5401  1.99
30.5501  1.87
30.5601  2.1
30.5701  2.08
30.5801  2.07
30.5901  1.94
30.6001  2.08
30.6101  2.08
30.6201  1.8
30.6301  2.12
30.6401  2.03
30.6501  2.15
30.6601  2.1
30.6701  2.01
30.6801  1.99
30.6901  2.23
30.7001  1.99
30.7101  1.95
30.7201  1.85
30.7301  2.13
30.7401  1.9
30.7501  2.19
30.7601  2.04
30.7701  2.11
30.7801  2
30.7901  2.02
30.8001  1.96
30.8101  2.09
30.8201  1.99
30.8301  2.2
30.8401  1.99
30.8501  2.02
30.8601  2.01
30.8701  1.92
30.8801  2.21
30.8901  2.02
30.9001  1.93
30.9101  2.41
30.9201  1.86
30.9301  2.13
30.9401  2.06
30.9501  2.23
30.9601  1.93
30.9701  2.44
30.9801  2.35
30.9901  2.04
31.0001  1.9
31.0101  2.01
31.0201  2.24
31.0301  1.77
31.0401  1.94
31.0501  2.19
31.0601  2.36
31.0701  2.09
31.0801  2.01
31.0901  2.15
31.1001  2.02
31.1101  2.12
31.1201  2.06
31.1301  2.11
31.1401  2.14
31.1501  1.91
31.1601  2.07
31.1701  1.95
31.1801  2.2
31.1901  2.14
31.2001  1.98
31.2101  2.22
31.2201  1.88
31.2301  1.94
31.2401  2.14
31.2501  2.22
31.2601  2.06
31.2701  2.12
31.2801  1.91
31.2901  2.03
31.3001  2.17
31.3101  1.77
31.3201  2.02
31.3301  2.25
31.3401  2.17
31.3501  1.98
31.3601  2.17
31.3701  2.03
31.3801  1.88
31.3901  2.05
31.4001  2.19
31.4101  2
31.4201  2.02
31.4301  2.02
31.4401  2.07
31.4501  1.91
31.4601  1.97
31.4701  2.16
31.4801  2.09
31.4901  1.88
31.5001  2.32
31.5101  2
31.5201  2.06
31.5301  2.33
31.5401  1.86
31.5501  2.05
31.5601  1.95
31.5701  2.18
31.5801  2.06
31.5901  2.21
31.6001  1.93
31.6101  2.08
31.6201  1.97
31.6301  2.21
31.6401  1.91
31.6501  2.26
31.6601  1.93
31.6701  2.08
31.6801  2.12
31.6901  1.98
31.7001  2.33
31.7101  1.91
31.7201  2.08
31.7301  1.79
31.7401  2.31
31.7501  2.28
31.7601  2.06
31.7701  1.97
31.7801  2.11
31.7901  1.97
31.8001  1.83
31.8101  2.27
31.8201  2.27
31.8301  2.24
31.8401  1.95
31.8501  2.17
31.8601  2.11
31.8701  2.18
31.8801  2.02
31.8901  1.88
31.9001  2.07
31.9101  2.27
31.9201  2.09
31.9301  2.18
31.9401  2.14
31.9501  1.94
31.9601  1.84
31.9701  2.06
31.9801  2.3
31.9901  2.02
32.0001  1.91
32.0101  2.33
32.0201  1.77
32.0301  1.99
32.0401  1.9
32.0501  1.98
32.0601  2.18
32.0701  2.15
32.0801  2.09
32.0901  2.07
32.1001  1.9
32.1101  2.17
32.1201  2.06
32.1301  2.08
32.1401  2.03
32.1501  2.08
32.1601  2.05
32.1701  1.95
32.1801  1.98
32.1901  1.88
32.2001  2.26
32.2101  2.03
32.2201  1.83
32.2301  1.93
32.2401  1.91
32.2501  2.1
32.2601  2.1
32.2701  1.91
32.2801  2.07
32.2901  2.33
32.3001  2.04
32.3101  2.06
32.3201  2.17
32.3301  2.16
32.3401  2.18
32.3501  2.04
32.3601  2.24
32.3701  2.01
32.3801  2.02
32.3901  2.2
32.4001  2.19
32.4101  1.94
32.4201  2.22
32.4301  2.23
32.4401  2.09
32.4501  2.06
32.4601  2.11
32.4701  2.14
32.4801  2.03
32.4901  1.95
32.5001  1.99
32.5101  2.14
32.5201  1.86
32.5301  2.13
32.5401  2.12
32.5501  2.04
32.5601  2.23
32.5701  2.29
32.5801  1.96
32.5901  2.13
32.6001  2.27
32.6101  1.98
32.6201  1.93
32.6301  2.04
32.6401  2.1
32.6501  1.97
32.6601  2.15
32.6701  2.12
32.6801  2.04
32.6901  2.13
32.7001  2.2
32.7101  1.94
32.7201  2
32.7301  1.8
32.7401  1.96
32.7501  2.04
32.7601  2.01
32.7701  2.29
32.7801  1.96
32.7901  2.23
32.8001  2.05
32.8101  2.09
32.8201  2.1
32.8301  2.29
32.8401  2.11
32.8501  1.69
32.8601  1.99
32.8701  2.07
32.8801  2.08
32.8901  2.08
32.9001  2.16
32.9101  1.99
32.9201  2.01
32.9301  2.17
32.9401  1.98
32.9501  2
32.9601  1.91
32.9701  2.15
32.9801  2.16
32.9901  1.99
33.0001  1.99
33.0101  1.93
33.0201  2.05
33.0301  1.91
33.0401  1.92
33.0501  2.09
33.0601  2.32
33.0701  2.14
33.0801  1.9
33.0901  2.01
33.1001  2.02
33.1101  2.03
33.1201  2.2
33.1301  2.15
33.1401  1.91
33.1501  2.13
33.1601  2.1
33.1701  1.92
33.1801  2.24
33.1901  1.99
33.2001  2.1
33.2101  2
33.2201  1.97
33.2301  2.12
33.2401  1.95
33.2501  2.16
33.2601  1.84
33.2701  2.14
33.2801  2.07
33.2901  2.36
33.3001  2.2
33.3101  2.07
33.3201  2.06
33.3301  2.11
33.3401  2.06
33.3501  2.06
33.3601  2.05
33.3701  2
33.3801  2.06
33.3901  2.11
33.4001  1.92
33.4101  2.09
33.4201  2.17
33.4301  1.78
33.4401  2.12
33.4501  2.1
33.4601  1.89
33.4701  2
33.4801  1.96
33.4901  2.14
33.5001  2
33.5101  2.31
33.5201  2.08
33.5301  2.14
33.5401  2.25
33.5501  1.92
33.5601  2.24
33.5701  2.22
33.5801  1.83
33.5901  2.05
33.6001  2.03
33.6101  2.07
33.6201  2.21
33.6301  1.97
33.6401  2.08
33.6501  2.13
33.6601  1.96
33.6701  2.05
33.6801  2.04
33.6901  1.77
33.7001  1.78
33.7101  2.22
33.7201  1.95
33.7301  2.05
33.7401  2.1
33.7501  2.24
33.7601  2.06
33.7701  2.24
33.7801  2.06
33.7901  2.11
33.8001  2.34
33.8101  2.16
33.8201  2.06
33.8301  1.98
33.8401  1.85
33.8501  2.05
33.8601  2.18
33.8701  2.09
33.8801  1.92
33.8901  1.92
33.9001  2.24
33.9101  2.01
33.9201  2.08
33.9301  2.14
33.9401  2
33.9501  1.89
33.9601  2.17
33.9701  2.16
33.9801  2.12
33.9901  2.11
34.0001  1.94
34.0101  2.16
34.0201  2.01
34.0301  2.16
34.0401  2.22
34.0501  2.29
34.0601  2.26
34.0701  1.85
34.0801  2.08
34.0901  2.1
34.1001  2
34.1101  2
34.1201  2.21
34.1301  2.06
34.1401  2.02
34.1501  1.98
34.1601  2.28
34.1701  1.91
34.1801  2.22
34.1901  1.94
34.2001  2.17
34.2101  2.07
34.2201  2.12
34.2301  1.91
34.2401  2.07
34.2501  2.11
34.2601  1.94
34.2701  2.03
34.2801  2.26
34.2901  1.9
34.3001  2.1
34.3101  2.05
34.3201  2.34
34.3301  2.04
34.3401  2.1
34.3501  1.91
34.3601  2.13
34.3701  1.91
34.3801  2.24
34.3901  2.12
34.4001  2.02
34.4101  2.07
34.4201  2
34.4301  2.26
34.4401  2.1
34.4501  2.07
34.4601  2.15
34.4701  2
34.4801  2.04
34.4901  1.96
34.5  2.34
34.51  1.99
34.52  1.93
34.53  2.17
34.54  1.98
34.55  2.03
34.56  1.89
34.57  2.13
34.58  2.11
34.59  2.13
34.6  2.07
34.61  2.2
34.62  1.91
34.63  2.07
34.64  2.12
34.65  2.1
34.66  2.18
34.67  1.91
34.68  2
34.69  1.92
34.7  1.89
34.71  2.26
34.72  2.14
34.73  2.07
34.74  2.09
34.75  2.17
34.76  2.03
34.77  1.79
34.78  2.01
34.79  2.31
34.8  2.06
34.81  1.95
34.82  2.04
34.83  1.96
34.84  2.21
34.85  2.18
34.86  2.03
34.87  2.08
34.88  2.12
34.89  1.75
34.9  2.18
34.91  2.1
34.92  2.03
34.93  2.12
34.94  1.93
34.95  2.16
34.96  2.02
34.97  1.98
34.98  2.15
34.99  2.02
35  1.98
35.01  2.01
35.02  2.04
35.03  2.14
35.04  2.25
35.05  1.81
35.06  2.07
35.07  2.3
35.08  2.36
35.09  2.15
35.1  2.18
35.11  1.86
35.12  2.11
35.13  2.24
35.14  2
35.15  1.87
35.16  2.14
35.17  1.92
35.18  1.91
35.19  2.16
35.2  2.19
35.21  1.98
35.22  2.07
35.23  2.11
35.24  2.02
35.25  2.24
35.26  2.01
35.27  2.03
35.28  2.32
35.29  2.12
35.3  1.98
35.31  2.07
35.32  2.19
35.33  2.2
35.34  1.91
35.35  2.01
35.36  1.93
35.37  2.01
35.38  2.15
35.39  2.09
35.4  2.19
35.41  1.98
35.42  2.09
35.43  2.05
35.44  1.91
35.45  1.81
35.46  1.93
35.47  2.24
35.48  1.93
35.49  1.77
35.5  2.03
35.51  2.04
35.52  2.09
35.53  2.02
35.54  2.37
35.55  1.83
35.56  1.97
35.57  2.21
35.58  1.97
35.59  1.88
35.6  1.95
35.61  1.92
35.62  2.13
35.63  2.02
35.64  1.89
35.65  2.23
35.66  2.29
35.67  2.13
35.68  2.19
35.69  2.12
35.7  1.9
35.71  1.98
35.72  2.01
35.73  2.1
35.74  2.09
35.75  1.84
35.76  2.16
35.77  2.23
35.78  1.99
35.79  1.86
35.8  2.22
35.81  2.09
35.82  2.19
35.83  2.09
35.84  2.1
35.85  2.05
35.86  2.06
35.87  2.03
35.88  2.11
35.89  2.46
35.9  2.35
35.91  1.99
35.92  2.16
35.93  1.94
35.94  1.94
35.95  2.15
35.96  2.16
35.97  2.01
35.98  2.26
35.99  1.82
36  2.23
36.01  1.57
36.02  2.12
36.03  2.14
36.04  2.09
36.05  2.27
36.06  2.04
36.07  2.22
36.08  2.09
36.09  2.11
36.1  2
36.11  2.14
36.12  1.9
36.13  1.98
36.14  1.92
36.15  1.97
36.16  1.86
36.17  2.06
36.18  2.01
36.19  2.14
36.2  2.08
36.21  1.92
36.22  1.95
36.23  1.78
36.24  2.14
36.25  2.07
36.26  2.06
36.27  1.98
36.28  1.93
36.29  2.1
36.3  2.23
36.31  2.02
36.32  2.09
36.33  2.09
36.34  1.78
36.35  1.77
36.36  2.02
36.37  2.09
36.38  2.17
36.39  2.39
36.4  2.03
36.41  2.14
36.42  1.89
36.43  1.92
36.44  2.15
36.45  2.08
36.46  1.97
36.47  1.97
36.48  2.18
36.49  2.34
36.5  2.34
36.51  2.23
36.52  2.03
36.53  2.14
36.54  2.21
36.55  1.97
36.56  2.13
36.57  2.11
36.58  1.96
36.59  2.11
36.6  2.06
36.61  2.19
36.62  2.12
36.63  2.1
36.64  2.14
36.65  2.02
36.66  2.1
36.67  2.18
36.68  2.02
36.69  2.03
36.7  2.24
36.71  2.16
36.72  1.99
36.73  2.17
36.74  2.27
36.75  1.91
36.76  2.18
36.77  2
36.78  2.34
36.79  1.87
36.8  1.99
36.81  2.11
36.82  2
36.83  1.99
36.84  2.03
36.85  1.99
36.86  1.89
36.87  1.87
36.88  1.94
36.89  1.97
36.9  2.08
36.91  1.88
36.92  2.07
36.93  2.01
36.94  2.23
36.95  1.89
36.96  2
36.97  2.01
36.98  2.19
36.99  2.05
37  2.01
37.01  2.16
37.02  1.99
37.03  1.92
37.04  2.08
37.05  2.18
37.06  1.97
37.07  2.27
37.08  2
37.09  1.68
37.1  1.94
37.11  2.06
37.12  2.32
37.13  2.14
37.14  2.48
37.15  2.29
37.16  2.11
37.17  2.06
37.18  1.71
37.19  1.97
37.2  2.1
37.21  1.94
37.22  2.22
37.23  2.23
37.24  2.26
37.25  2.08
37.26  2.31
37.27  2.03
37.28  2.02
37.29  2.07
37.3  2.16
37.31  2.04
37.32  2.4
37.33  2.18
37.34  1.9
37.35  1.93
37.36  2.09
37.37  1.89
37.38  2.09
37.39  2.04
37.4  2.17
37.41  2.03
37.42  2.26
37.43  2.01
37.44  1.84
37.45  2.09
37.46  2.06
37.47  2.25
37.48  1.96
37.49  2.15
37.5  1.98
37.51  2.15
37.52  2.1
37.53  2.04
37.54  1.84
37.55  2.21
37.56  2.21
37.57  1.94
37.58  2.26
37.59  1.9
37.6  1.86
37.61  2.06
37.62  1.63
37.63  2.14
37.64  2.08
37.65  1.82
37.66  2.12
37.67  1.81
37.68  1.86
37.69  2.12
37.7  2.36
37.71  1.91
37.72  2.06
37.73  2.25
37.74  2.23
37.75  2.23
37.76  1.8
37.77  1.91
37.78  2.07
37.79  1.93
37.8  2
37.81  1.97
37.82  2.2
37.83  2.22
37.84  1.99
37.85  1.79
37.86  2.29
37.87  1.85
37.88  1.99
37.89  2.18
37.9  2.29
37.91  2.11
37.92  2.24
37.93  1.99
37.94  2.11
37.95  1.88
37.96  1.91
37.97  2.46
37.98  2.13
37.99  2.13
38  2.29
38.01  2.23
38.02  2.02
38.03  1.89
38.04  2.18
38.05  2.1
38.06  1.8
38.07  2.04
38.08  2.24
38.09  1.86
38.1  1.98
38.11  2
38.12  2.25
38.13  1.94
38.14  1.96
38.15  2.11
38.16  2.05
38.17  2.05
38.18  2.07
38.19  1.86
38.2  2.12
38.21  2.09
38.22  2.13
38.23  2.2
38.24  2.18
38.25  2.22
38.26  2.16
38.27  2.12
38.28  1.82
38.29  1.94
38.3  2.02
38.31  2.1
38.32  1.89
38.33  2.19
38.34  1.9
38.35  1.89
38.36  2.05
38.37  2.26
38.38  2.14
38.39  1.62
38.4  2.11
38.41  2.09
38.42  2.21
38.43  1.99
38.44  1.78
38.45  2.28
38.46  2.04
38.47  2.05
38.48  1.98
38.49  2.15
38.5  2.09
38.51  1.89
38.52  2.18
38.53  1.89
38.54  2.12
38.55  2.23
38.56  1.97
38.57  2.07
38.58  2.04
38.59  2
38.6  2.1
38.61  1.9
38.62  2.2
38.63  1.87
38.64  2.26
38.65  2.17
38.66  2.16
38.67  2.25
38.68  1.88
38.69  2.06
38.7  2.04
38.71  2.23
38.72  2.17
38.73  1.78
38.74  2.01
38.75  2.24
38.76  2.02
38.77  1.96
38.78  2.05
38.79  2.16
38.8  2.15
38.81  2.16
38.82  2.29
38.83  2.09
38.84  2.28
38.85  1.97
38.86  1.99
38.87  2.26
38.88  1.89
38.89  1.86
38.9  2.15
38.91  2.05
38.92  2.1
38.93  1.99
38.94  2.14
38.95  2.01
38.96  1.95
38.97  1.86
38.98  1.68
38.99  2.12
39  2.2
39.01  2
39.02  2
39.03  1.84
39.04  2.07
39.05  2.04
39.06  2.19
39.07  2.19
39.08  1.88
39.09  2.25
39.1  1.86
39.11  1.97
39.12  2
39.13  1.95
39.14  1.93
39.15  2.01
39.16  2.14
39.17  1.82
39.18  2.14
39.19  2.09
39.2  2.1
39.21  2.2
39.22  2.11
39.23  2
39.24  2.15
39.25  2.33
39.26  1.96
39.27  2.06
39.28  2.21
39.29  2.1
39.3  1.89
39.31  2.2
39.32  1.93
39.33  2.27
39.34  1.92
39.35  2.13
39.36  2.04
39.37  2.06
39.38  2.41
39.39  2.04
39.4  2.05
39.41  2.29
39.42  2.01
39.43  2.05
39.44  2.13
39.45  2.04
39.46  2.01
39.47  1.83
39.48  1.92
39.49  2.11
39.5  1.98
39.51  2.13
39.52  2.13
39.53  1.93
39.54  2.07
39.55  2.19
39.56  1.79
39.57  2.12
39.58  2.3
39.59  2.13
39.6  1.83
39.61  1.97
39.62  2.08
39.63  1.84
39.64  1.81
39.65  2.03
39.66  1.99
39.67  1.94
39.68  2.28
39.69  2.03
39.7  2.17
39.71  1.76
39.72  1.95
39.73  2.12
39.74  2.05
39.75  2.07
39.76  2.05
39.77  2.17
39.78  2.05
39.79  2.05
39.8  1.97
39.81  1.91
39.82  2.04
39.83  1.81
39.84  2.07
39.85  1.75
39.86  2.19
39.87  2.16
39.88  2.4
39.89  2.06
39.9  2.07
39.91  1.9
39.92  2.3
39.93  2.17
39.94  2.19
39.95  2.03
39.96  2.05
39.97  1.9
39.98  2
39.99  2.01
