-15  0
-14.99  0
-14.98  0
-14.97  0
-14.96  0
-14.95  0.04
-14.94  0
-14.93  0
-14.92  0.04
-14.91  0
-14.9  0.04
-14.89  0
-14.88  0.04
-14.87  0
-14.86  0.04
-14.85  0
-14.84  0.04
-14.83  0.08
-14.82  0.04
-14.81  0
-14.8  0.04
-14.79  0.04
-14.78  0.04
-14.77  0
-14.76  0.08
-14.75  0.04
-14.74  0.04
-14.73  0.04
-14.72  0.08
-14.71  0.04
-14.7  0.08
-14.69  0.04
-14.68  0.04
-14.67  0.04
-14.66  0.04
-14.65  0.04
-14.64  0.08
-14.63  0.04
-14.62  0.04
-14.61  0.12
-14.6  0.08
-14.59  0.04
-14.58  0.04
-14.57  0.08
-14.56  0.04
-14.55  0.04
-14.54  0.04
-14.53  0.08
-14.52  0.04
-14.51  0.12
-14.5  0.12
-14.49  0.04
-14.48  0.04
-14.47  0.04
-14.46  0.08
-14.45  0.04
-14.44  0.12
-14.43  0.12
-14.42  0.04
-14.41  0.04
-14.4  0.08
-14.39  0.08
-14.38  0.08
-14.37  0.08
-14.36  0.08
-14.35  0.04
-14.34  0.12
-14.33  0.04
-14.32  0.12
-14.31  0.04
-14.3  0.08
-14.29  0.16
-14.28  0.04
-14.27  0.08
-14.26  0.08
-14.25  0.08
-14.24  0.12
-14.23  0.04
-14.22  0.04
-14.21  0.12
-14.2  0.08
-14.19  0.08
-14.18  0.08
-14.17  0.04
-14.16  0.16
-14.15  0.04
-14.14  0.08
-14.13  0.12
-14.12  0.16
-14.11  0.08
-14.1  0.04
-14.09  0.08
-14.08  0.12
-14.07  0.08
-14.06  0.04
-14.05  0.12
-14.04  0.04
-14.03  0.16
-14.02  0.08
-14.01  0.08
-14  0.04
-13.99  0.12
-13.98  0.12
-13.97  0.08
-13.96  0.08
-13.95  0.04
-13.94  0.24
-13.93  0.08
-13.92  0.08
-13.91  0.04
-13.9  0.08
-13.89  0.12
-13.88  0.08
-13.87  0.04
-13.86  0.16
-13.85  0.08
-13.84  0.12
-13.83  0.08
-13.82  0.08
-13.81  0.12
-13.8  0.08
-13.79  0.08
-13.78  0.12
-13.77  0.08
-13.76  0.12
-13.75  0.08
-13.74  0.08
-13.73  0.16
-13.72  0.08
-13.71  0.16
-13.7  0.04
-13.69  0.12
-13.68  0.04
-13.67  0.08
-13.66  0.04
-13.65  0.2
-13.64  0.08
-13.63  0.12
-13.62  0.08
-13.61  0.12
-13.6  0.12
-13.59  0.08
-13.58  0.12
-13.57  0.04
-13.56  0.08
-13.55  0.04
-13.54  0.2
-13.53  0.12
-13.52  0.08
-13.51  0.12
-13.5  0.08
-13.49  0.16
-13.48  0.04
-13.47  0.2
-13.46  0.04
-13.45  0.12
-13.44  0.08
-13.43  0.08
-13.42  0.08
-13.41  0.12
-13.4  0.08
-13.39  0.04
-13.38  0.12
-13.37  0.08
-13.36  0.16
-13.35  0.16
-13.34  0.16
-13.33  0.08
-13.32  0.04
-13.31  0.12
-13.3  0.12
-13.29  0.04
-13.28  0.16
-13.27  0.08
-13.26  0.08
-13.25  0.12
-13.24  0.08
-13.23  0.08
-13.22  0.08
-13.21  0.12
-13.2  0.12
-13.19  0.12
-13.18  0.12
-13.17  0.04
-13.16  0.08
-13.15  0.16
-13.14  0.12
-13.13  0.04
-13.12  0.16
-13.11  0.16
-13.1  0.04
-13.09  0.16
-13.08  0.04
-13.07  0.08
-13.06  0.12
-13.05  0.08
-13.04  0.2
-13.03  0.04
-13.02  0.12
-13.01  0.12
-13  0.08
-12.99  0.12
-12.98  0
-12.97  0.16
-12.96  0.12
-12.95  0.08
-12.94  0.12
-12.93  0.04
-12.92  0.12
-12.91  0.12
-12.9  0.2
-12.89  0.12
-12.88  0
-12.87  0.08
-12.86  0.2
-12.85  0.12
-12.84  0.04
-12.83  0.12
-12.82  0.12
-12.81  0.12
-12.8  0.08
-12.79  0.08
-12.78  0.04
-12.77  0.16
-12.76  0.12
-12.75  0.12
-12.74  0.12
-12.73  0
-12.72  0.16
-12.71  0.16
-12.7  0.08
-12.69  0.12
-12.68  0.04
-12.67  0.08
-12.66  0.08
-12.65  0.16
-12.64  0.04
-12.63  0.2
-12.62  0.12
-12.61  0.08
-12.6  0.08
-12.59  0.16
-12.58  0.08
-12.57  0.16
-12.56  0.04
-12.55  0.16
-12.54  0.04
-12.53  0.16
-12.52  0.08
-12.51  0.08
-12.5  0.12
-12.49  0.04
-12.48  0.12
-12.47  0.04
-12.46  0.12
-12.45  0.08
-12.44  0.2
-12.43  0.04
-12.42  0.16
-12.41  0.12
-12.4  0
-12.39  0.16
-12.38  0.16
-12.37  0.16
-12.36  0.12
-12.35  0.04
-12.34  0.16
-12.33  0
-12.32  0.12
-12.31  0.08
-12.3  0.12
-12.29  0.12
-12.28  0.08
-12.27  0.12
-12.26  0.16
-12.25  0.08
-12.24  0.04
-12.23  0.12
-12.22  0.08
-12.21  0.12
-12.2  0.12
-12.19  0.08
-12.18  0.16
-12.17  0.08
-12.16  0.08
-12.15  0.2
-12.14  0.04
-12.13  0.12
-12.12  0.04
-12.11  0.08
-12.1  0.24
-12.09  0.12
-12.08  0.08
-12.07  0.08
-12.06  0.08
-12.05  0.08
-12.04  0.12
-12.03  0.12
-12.02  0.12
-12.01  0
-12  0.12
-11.99  0.16
-11.98  0.08
-11.97  0.16
-11.96  0.04
-11.95  0.16
-11.94  0.08
-11.93  0.08
-11.92  0.12
-11.91  0.12
-11.9  0.08
-11.89  0.16
-11.88  0.04
-11.87  0.16
-11.86  0.04
-11.85  0.12
-11.84  0.12
-11.83  0
-11.82  0.24
-11.81  0.04
-11.8  0.16
-11.79  0.08
-11.78  0.08
-11.77  0.16
-11.76  0.16
-11.75  0.04
-11.74  0.16
-11.73  0.04
-11.72  0.16
-11.71  0
-11.7  0.12
-11.69  0.12
-11.68  0.08
-11.67  0.12
-11.66  0.04
-11.65  0.08
-11.64  0.12
-11.63  0.08
-11.62  0.16
-11.61  0.12
-11.6  0.16
-11.59  0.12
-11.58  0.12
-11.57  0.04
-11.56  0.16
-11.55  0.04
-11.54  0.2
-11.53  0.04
-11.52  0.16
-11.51  0.08
-11.5  0.08
-11.49  0.08
-11.48  0.08
-11.47  0.16
-11.46  0.08
-11.45  0
-11.44  0.2
-11.43  0.04
-11.42  0.16
-11.41  0.2
-11.4  0.08
-11.39  0.04
-11.38  0.08
-11.37  0.08
-11.36  0.12
-11.35  0.12
-11.34  0.12
-11.33  0.08
-11.32  0.16
-11.31  0.08
-11.3  0.08
-11.29  0.08
-11.28  0.12
-11.27  0.12
-11.26  0.16
-11.25  0.12
-11.24  0.04
-11.23  0.08
-11.22  0.2
-11.21  0.16
-11.2  0.04
-11.19  0.08
-11.18  0.08
-11.17  0.12
-11.16  0
-11.15  0.2
-11.14  0.04
-11.13  0.12
-11.12  0.08
-11.11  0.04
-11.1  0.16
-11.09  0.08
-11.08  0.32
-11.07  0.04
-11.06  0.04
-11.05  0.08
-11.04  0.08
-11.03  0.12
-11.02  0.12
-11.01  0.12
-11  0.2
-10.99  0.04
-10.98  0.08
-10.97  0.2
-10.96  0.04
-10.95  0.04
-10.94  0.16
-10.93  0.08
-10.92  0.16
-10.91  0.04
-10.9  0.08
-10.89  0.16
-10.88  0.04
-10.87  0.12
-10.86  0
-10.85  0.28
-10.84  0.08
-10.83  0.16
-10.82  0
-10.81  0.12
-10.8  0.16
-10.79  0.08
-10.78  0.04
-10.77  0.16
-10.76  0.08
-10.75  0.12
-10.74  0.04
-10.73  0.08
-10.72  0.08
-10.71  0.2
-10.7  0.08
-10.69  0.08
-10.68  0.12
-10.67  0.16
-10.66  0.12
-10.65  0.12
-10.64  0.04
-10.63  0.2
-10.62  0.12
-10.61  0.04
-10.6  0.16
-10.59  0.08
-10.58  0.12
-10.57  0.12
-10.56  0.04
-10.55  0.04
-10.54  0.08
-10.53  0.16
-10.52  0.04
-10.51  0.04
-10.5  0.16
-10.49  0.08
-10.48  0.2
-10.47  0.12
-10.46  0.12
-10.45  0.08
-10.44  0.12
-10.43  0.12
-10.42  0.04
-10.41  0.12
-10.4  0.08
-10.39  0.12
-10.38  0.08
-10.37  0.08
-10.36  0.2
-10.35  0.16
-10.34  0.04
-10.33  0.2
-10.32  0.12
-10.31  0
-10.3  0.12
-10.29  0.08
-10.28  0.04
-10.27  0.08
-10.26  0.16
-10.25  0.12
-10.24  0.12
-10.23  0.08
-10.22  0.08
-10.21  0.16
-10.2  0
-10.19  0.12
-10.18  0.12
-10.17  0.16
-10.16  0.08
-10.15  0.12
-10.14  0.04
-10.13  0.2
-10.12  0.08
-10.11  0
-10.1  0.16
-10.09  0.08
-10.08  0.16
-10.07  0.12
-10.06  0.08
-10.05  0.12
-10.04  0.16
-10.03  0.08
-10.02  0.24
-10.01  0.04
-10  0.04
-9.99  0.08
-9.98  0.08
-9.97  0.04
-9.96  0.16
-9.95  0.16
-9.94  0.04
-9.93  0.04
-9.92  0.04
-9.91  0.28
-9.9  0.08
-9.89  0.08
-9.88  0.08
-9.87  0.08
-9.86  0.16
-9.85  0.2
-9.84  0.08
-9.83  0
-9.82  0.16
-9.81  0.12
-9.8  0.12
-9.79  0.08
-9.78  0.16
-9.77  0.04
-9.76  0.04
-9.75  0.08
-9.74  0.08
-9.73  0.12
-9.72  0.16
-9.71  0.16
-9.7  0.08
-9.69  0.2
-9.68  0.08
-9.67  0.12
-9.66  0.08
-9.65  0.08
-9.64  0.08
-9.63  0.12
-9.62  0.08
-9.61  0.04
-9.6  0.2
-9.59  0.04
-9.58  0.04
-9.57  0.2
-9.56  0.12
-9.55  0.08
-9.54  0.08
-9.53  0.2
-9.52  0.04
-9.51  0.04
-9.5  0.12
-9.49  0.04
-9.48  0.16
-9.47  0.12
-9.46  0.12
-9.45  0.2
-9.44  0.04
-9.43  0.08
-9.42  0.16
-9.41  0.08
-9.4  0.12
-9.39  0.16
-9.38  0.08
-9.37  0.04
-9.36  0.04
-9.35  0.32
-9.34  0
-9.33  0.04
-9.32  0.12
-9.31  0.08
-9.3  0.08
-9.29  0.08
-9.28  0.28
-9.27  0
-9.26  0.16
-9.25  0.04
-9.24  0.08
-9.23  0.16
-9.22  0.08
-9.21  0.2
-9.2  0.08
-9.19  0.04
-9.18  0.08
-9.17  0.04
-9.16  0.12
-9.15  0.08
-9.14  0.12
-9.13  0.16
-9.12  0.04
-9.11  0.04
-9.1  0.2
-9.09  0.16
-9.08  0.12
-9.07  0.12
-9.06  0.12
-9.05  0.2
-9.04  0.08
-9.03  0.08
-9.02  0.04
-9.01  0.2
-9  0.12
-8.99  0.04
-8.98  0.04
-8.97  0.08
-8.96  0.12
-8.95  0.08
-8.94  0.04
-8.93  0.08
-8.92  0.08
-8.91  0.08
-8.9  0.16
-8.89  0.32
-8.88  0
-8.87  0.12
-8.86  0.04
-8.85  0.16
-8.84  0
-8.83  0.2
-8.82  0.04
-8.81  0.16
-8.8  0.08
-8.79  0.12
-8.78  0.12
-8.77  0.04
-8.76  0.16
-8.75  0.04
-8.74  0.2
-8.73  0.16
-8.72  0.16
-8.71  0
-8.7  0.16
-8.69  0.04
-8.68  0.12
-8.67  0.04
-8.66  0.08
-8.65  0.08
-8.64  0.04
-8.63  0.24
-8.62  0.04
-8.61  0.16
-8.6  0.08
-8.59  0.16
-8.58  0.08
-8.57  0.16
-8.56  0.08
-8.55  0.08
-8.54  0.12
-8.53  0.04
-8.52  0.12
-8.51  0.12
-8.5  0.16
-8.49  0
-8.48  0.12
-8.47  0.08
-8.46  0
-8.45  0.16
-8.44  0.24
-8.43  0.08
-8.42  0.04
-8.41  0.08
-8.4  0.16
-8.39  0.04
-8.38  0.16
-8.37  0.16
-8.36  0.16
-8.35  0.16
-8.34  0.04
-8.33  0.08
-8.32  0.08
-8.31  0.16
-8.3  0.04
-8.29  0.12
-8.28  0.08
-8.27  0.04
-8.26  0.2
-8.25  0.12
-8.24  0
-8.23  0.08
-8.22  0.16
-8.21  0.2
-8.2  0.04
-8.19  0.04
-8.18  0.08
-8.17  0.08
-8.16  0.16
-8.15  0
-8.14  0.16
-8.13  0.2
-8.12  0.12
-8.11  0.2
-8.1  0.12
-8.09  0.08
-8.08  0
-8.07  0.04
-8.06  0.16
-8.05  0.08
-8.04  0.12
-8.03  0.04
-8.02  0.08
-8.01  0.2
-8  0.16
-7.99  0.12
-7.98  0.12
-7.97  0.04
-7.96  0.08
-7.95  0.16
-7.94  0.12
-7.93  0.04
-7.92  0.08
-7.91  0.08
-7.9  0.24
-7.89  0.08
-7.88  0.04
-7.87  0.12
-7.86  0.08
-7.85  0.08
-7.84  0.12
-7.83  0.08
-7.82  0.2
-7.81  0.08
-7.8  0.08
-7.79  0.04
-7.78  0.12
-7.77  0.04
-7.76  0.08
-7.75  0.08
-7.74  0.16
-7.73  0.12
-7.72  0.08
-7.71  0.12
-7.7  0.24
-7.69  0.16
-7.68  0.04
-7.67  0.16
-7.66  0.16
-7.65  0.12
-7.64  0.08
-7.63  0.04
-7.62  0.08
-7.61  0.08
-7.6  0.12
-7.59  0.08
-7.58  0.12
-7.57  0.04
-7.56  0.12
-7.55  0.04
-7.54  0.12
-7.53  0.08
-7.52  0.16
-7.51  0.08
-7.5  0.08
-7.49  0.28
-7.48  0.04
-7.47  0.12
-7.46  0.04
-7.45  0.04
-7.44  0.12
-7.43  0.12
-7.42  0.08
-7.41  0.12
-7.4  0.24
-7.39  0.04
-7.38  0.08
-7.37  0.12
-7.36  0
-7.35  0
-7.34  0.16
-7.33  0.32
-7.32  0.16
-7.31  0
-7.3  0.16
-7.29  0.08
-7.28  0.12
-7.27  0.08
-7.26  0.12
-7.25  0.04
-7.24  0.16
-7.23  0.08
-7.22  0.04
-7.21  0.08
-7.2  0.16
-7.19  0.08
-7.18  0.04
-7.17  0.16
-7.16  0.04
-7.15  0.28
-7.14  0.04
-7.13  0.04
-7.12  0.08
-7.11  0.28
-7.1  0.08
-7.09  0.08
-7.08  0
-7.07  0.2
-7.06  0.04
-7.05  0.04
-7.04  0.12
-7.03  0.08
-7.02  0.16
-7.01  0.12
-7  0.08
-6.99  0.08
-6.98  0.08
-6.97  0.2
-6.96  0.16
-6.95  0.04
-6.94  0.2
-6.93  0.08
-6.92  0
-6.91  0.24
-6.9  0.08
-6.89  0.08
-6.88  0.04
-6.87  0.08
-6.86  0.12
-6.85  0.08
-6.84  0.08
-6.83  0.08
-6.82  0.32
-6.81  0.08
-6.8  0.12
-6.79  0.04
-6.78  0.04
-6.77  0.08
-6.76  0.16
-6.75  0.08
-6.74  0.04
-6.73  0.24
-6.72  0.08
-6.71  0.04
-6.7  0.08
-6.69  0.12
-6.68  0.2
-6.67  0.04
-6.66  0.12
-6.65  0.08
-6.64  0
-6.63  0.12
-6.62  0.12
-6.61  0.04
-6.6  0.12
-6.59  0.2
-6.58  0.08
-6.57  0.16
-6.56  0.04
-6.55  0.12
-6.54  0.24
-6.53  0.16
-6.52  0.08
-6.51  0.08
-6.5  0.08
-6.49  0.2
-6.48  0.12
-6.47  0.04
-6.46  0
-6.45  0
-6.44  0.24
-6.43  0.08
-6.42  0.08
-6.41  0.04
-6.4  0.04
-6.39  0.16
-6.38  0.16
-6.37  0.12
-6.36  0.08
-6.35  0.08
-6.34  0.2
-6.33  0.12
-6.32  0.08
-6.31  0.08
-6.3  0
-6.29  0.12
-6.28  0.08
-6.27  0.08
-6.26  0.12
-6.25  0.2
-6.24  0.08
-6.23  0.12
-6.22  0.12
-6.21  0.08
-6.2  0.12
-6.19  0.24
-6.18  0.12
-6.17  0.08
-6.16  0.08
-6.15  0.12
-6.14  0.08
-6.13  0.04
-6.12  0.08
-6.11  0.04
-6.1  0.16
-6.09  0.08
-6.08  0.12
-6.07  0.12
-6.06  0.16
-6.05  0.08
-6.04  0.08
-6.03  0.04
-6.02  0.12
-6.01  0.08
-6  0.12
-5.99  0.24
-5.98  0.12
-5.97  0.04
-5.96  0.04
-5.95  0.12
-5.94  0.16
-5.93  0
-5.92  0.12
-5.91  0.16
-5.9  0.08
-5.89  0.08
-5.88  0.08
-5.87  0.12
-5.86  0.08
-5.85  0.16
-5.84  0.16
-5.83  0.12
-5.82  0.04
-5.81  0.04
-5.8  0.08
-5.79  0.28
-5.78  0.04
-5.77  0.16
-5.76  0.08
-5.75  0.08
-5.74  0.12
-5.73  0.12
-5.72  0.08
-5.71  0.08
-5.7  0.2
-5.69  0.08
-5.68  0.08
-5.67  0.04
-5.66  0.08
-5.65  0.08
-5.64  0.12
-5.63  0.16
-5.62  0.12
-5.61  0.08
-5.6  0.08
-5.59  0.16
-5.58  0.12
-5.57  0.08
-5.56  0.08
-5.55  0
-5.54  0.16
-5.53  0.12
-5.52  0.2
-5.51  0.08
-5.5  0.08
-5.49  0.04
-5.48  0.16
-5.47  0.04
-5.46  0.12
-5.45  0.04
-5.44  0.08
-5.43  0.24
-5.42  0.12
-5.41  0.2
-5.4  0
-5.39  0.04
-5.38  0.08
-5.37  0.08
-5.36  0.2
-5.35  0.08
-5.34  0.12
-5.33  0.12
-5.32  0.16
-5.31  0.08
-5.3  0.08
-5.29  0.08
-5.28  0.12
-5.27  0.12
-5.26  0.04
-5.25  0.16
-5.24  0.12
-5.23  0.12
-5.22  0.16
-5.21  0.16
-5.2  0.08
-5.19  0
-5.18  0.08
-5.17  0.12
-5.16  0.08
-5.15  0.2
-5.14  0
-5.13  0.04
-5.12  0.12
-5.11  0.04
-5.1  0.04
-5.09  0.2
-5.08  0.08
-5.07  0.12
-5.06  0.12
-5.05  0.08
-5.04  0.08
-5.03  0.12
-5.02  0.24
-5.01  0.12
-5  0.04
-4.99  0.16
-4.98  0.16
-4.97  0.12
-4.96  0.16
-4.95  0.2
-4.94  0.04
-4.93  0
-4.92  0.08
-4.91  0.08
-4.9  0.16
-4.89  0.04
-4.88  0.04
-4.87  0.16
-4.86  0.04
-4.85  0.12
-4.84  0.16
-4.83  0.08
-4.82  0.12
-4.81  0.04
-4.8  0.2
-4.79  0.08
-4.78  0.08
-4.77  0.04
-4.76  0.04
-4.75  0.2
-4.74  0.08
-4.73  0.04
-4.72  0.2
-4.71  0.08
-4.7  0.08
-4.69  0.08
-4.68  0.16
-4.67  0.2
-4.66  0
-4.65  0.16
-4.64  0.04
-4.63  0.2
-4.62  0.16
-4.61  0.08
-4.6  0.04
-4.59  0.08
-4.58  0.08
-4.57  0.12
-4.56  0.16
-4.55  0.2
-4.54  0.12
-4.53  0.08
-4.52  0.08
-4.51  0.04
-4.5  0.12
-4.49  0.12
-4.48  0
-4.47  0.04
-4.46  0.16
-4.45  0.12
-4.44  0.16
-4.43  0.12
-4.42  0.16
-4.41  0.04
-4.4  0.16
-4.39  0.04
-4.38  0.08
-4.37  0.12
-4.36  0.04
-4.35  0.12
-4.34  0.12
-4.33  0.2
-4.32  0.08
-4.31  0.08
-4.3  0
-4.29  0.12
-4.28  0.04
-4.27  0.16
-4.26  0.16
-4.25  0.08
-4.24  0.16
-4.23  0.08
-4.22  0
-4.21  0.16
-4.2  0.12
-4.19  0.16
-4.18  0.16
-4.17  0.08
-4.16  0.04
-4.15  0.04
-4.14  0.16
-4.13  0.24
-4.12  0.12
-4.11  0.04
-4.1  0.04
-4.09  0.2
-4.08  0.12
-4.07  0
-4.06  0.12
-4.05  0.16
-4.04  0.08
-4.03  0.04
-4.02  0.04
-4.01  0.24
-4  0.08
-3.99  0.12
-3.98  0.12
-3.97  0.04
-3.96  0.04
-3.95  0.08
-3.94  0.16
-3.93  0.12
-3.92  0.12
-3.91  0.16
-3.9  0.08
-3.89  0.08
-3.88  0
-3.87  0
-3.86  0.2
-3.85  0.2
-3.84  0.12
-3.83  0.12
-3.82  0.12
-3.81  0.04
-3.8  0.08
-3.79  0.2
-3.78  0.04
-3.77  0.08
-3.76  0.12
-3.75  0.08
-3.74  0.12
-3.73  0.16
-3.72  0.04
-3.71  0.08
-3.7  0.12
-3.69  0.08
-3.68  0.2
-3.67  0.08
-3.66  0.2
-3.65  0.12
-3.64  0.08
-3.63  0.16
-3.62  0
-3.61  0.04
-3.6  0.08
-3.59  0.16
-3.58  0.24
-3.57  0.08
-3.56  0.12
-3.55  0
-3.54  0.12
-3.53  0.08
-3.52  0.08
-3.51  0.08
-3.5  0.04
-3.49  0.12
-3.48  0.08
-3.47  0.2
-3.46  0.12
-3.45  0.12
-3.44  0
-3.43  0.16
-3.42  0.04
-3.41  0.16
-3.4  0.04
-3.39  0.08
-3.38  0.2
-3.37  0.08
-3.36  0.12
-3.35  0.16
-3.34  0.08
-3.33  0.12
-3.32  0.04
-3.31  0.16
-3.3  0.24
-3.29  0.08
-3.28  0.08
-3.27  0.16
-3.26  0
-3.25  0.08
-3.24  0.12
-3.23  0.08
-3.22  0.12
-3.21  0
-3.2  0.12
-3.19  0.2
-3.18  0.12
-3.17  0.04
-3.16  0.08
-3.15  0.16
-3.14  0.04
-3.13  0.16
-3.12  0.08
-3.11  0
-3.1  0.04
-3.09  0.16
-3.08  0.24
-3.07  0.08
-3.06  0.08
-3.05  0.04
-3.04  0.16
-3.03  0.12
-3.02  0.12
-3.01  0.12
-3  0.08
-2.99  0.08
-2.98  0.2
-2.97  0.04
-2.96  0.12
-2.95  0.12
-2.94  0.12
-2.93  0.08
-2.92  0.08
-2.91  0.12
-2.9  0.08
-2.89  0.2
-2.88  0.12
-2.87  0.04
-2.86  0.16
-2.85  0.04
-2.84  0.08
-2.83  0.16
-2.82  0.04
-2.81  0.12
-2.8  0.12
-2.79  0.16
-2.78  0.04
-2.77  0.08
-2.76  0.08
-2.75  0.24
-2.74  0.08
-2.73  0.04
-2.72  0.2
-2.71  0
-2.7  0.08
-2.69  0.16
-2.68  0.12
-2.67  0
-2.66  0.08
-2.65  0
-2.64  0.12
-2.63  0.08
-2.62  0.16
-2.61  0.36
-2.6  0.08
-2.59  0.04
-2.58  0.04
-2.57  0.08
-2.56  0.08
-2.55  0.16
-2.54  0.16
-2.53  0.08
-2.52  0.12
-2.51  0.16
-2.5  0.04
-2.49  0.08
-2.48  0.16
-2.47  0
-2.46  0.16
-2.45  0.04
-2.44  0.08
-2.43  0.08
-2.42  0.16
-2.41  0.24
-2.4  0.12
-2.39  0.04
-2.38  0.04
-2.37  0.16
-2.36  0.04
-2.35  0.12
-2.34  0.12
-2.33  0.12
-2.32  0.16
-2.31  0.08
-2.3  0.2
-2.29  0.04
-2.28  0.08
-2.27  0.16
-2.26  0.04
-2.25  0.24
-2.24  0
-2.23  0.2
-2.22  0
-2.21  0
-2.2  0.2
-2.19  0.08
-2.18  0.08
-2.17  0.08
-2.16  0
-2.15  0.04
-2.14  0.08
-2.13  0.2
-2.12  0.04
-2.11  0.28
-2.1  0.08
-2.09  0.16
-2.08  0.12
-2.07  0.08
-2.06  0.08
-2.05  0.08
-2.04  0.16
-2.03  0.12
-2.02  0.16
-2.01  0.08
-2  0
-1.99  0.2
-1.98  0.08
-1.97  0.04
-1.96  0.16
-1.95  0.08
-1.94  0.12
-1.93  0.08
-1.92  0.24
-1.91  0.04
-1.9  0.12
-1.89  0.08
-1.88  0.16
-1.87  0.04
-1.86  0.08
-1.85  0.24
-1.84  0.08
-1.83  0.04
-1.82  0
-1.81  0.04
-1.8  0.08
-1.79  0.04
-1.78  0.04
-1.77  0.16
-1.76  0.28
-1.75  0.2
-1.74  0.04
-1.73  0.08
-1.72  0.04
-1.71  0.04
-1.7  0.08
-1.69  0.2
-1.68  0.08
-1.67  0.2
-1.66  0.04
-1.65  0.12
-1.64  0.16
-1.63  0.16
-1.62  0.12
-1.61  0.08
-1.6  0.04
-1.59  0.08
-1.58  0.12
-1.57  0.12
-1.56  0.28
-1.55  0
-1.54  0.04
-1.53  0.12
-1.52  0
-1.51  0.16
-1.5  0.08
-1.49  0.12
-1.48  0.2
-1.47  0
-1.46  0.12
-1.45  0.16
-1.44  0.16
-1.43  0.04
-1.42  0.12
-1.41  0.2
-1.4  0.08
-1.39  0.04
-1.38  0.12
-1.37  0.04
-1.36  0.04
-1.35  0.12
-1.34  0.12
-1.33  0.2
-1.32  0.04
-1.31  0.12
-1.3  0
-1.29  0.16
-1.28  0.12
-1.27  0.04
-1.26  0.16
-1.25  0.12
-1.24  0.12
-1.23  0
-1.22  0.08
-1.21  0.12
-1.2  0.12
-1.19  0.16
-1.18  0.12
-1.17  0.08
-1.16  0.16
-1.15  0.08
-1.14  0.08
-1.13  0.16
-1.12  0.12
-1.11  0.12
-1.1  0.16
-1.09  0.04
-1.08  0.2
-1.07  0.12
-1.06  0.08
-1.05  0
-1.04  0.12
-1.03  0.12
-1.02  0
-1.01  0.12
-1  0.16
-0.99  0.12
-0.98  0.04
-0.97  0.04
-0.96  0.08
-0.95  0.24
-0.94  0
-0.93  0.12
-0.92  0.16
-0.91  0.04
-0.9  0
-0.89  0.2
-0.88  0.2
-0.87  0.16
-0.86  0.08
-0.85  0.04
-0.84  0.04
-0.83  0.16
-0.82  0.12
-0.81  0.08
-0.8  0.04
-0.79  0.2
-0.78  0.12
-0.77  0.04
-0.76  0.2
-0.75  0.04
-0.74  0.08
-0.73  0.24
-0.72  0.04
-0.71  0.12
-0.7  0.04
-0.69  0.04
-0.68  0.12
-0.67  0
-0.66  0.12
-0.65  0.16
-0.64  0.08
-0.63  0.12
-0.62  0.24
-0.61  0.04
-0.6  0.16
-0.59  0
-0.58  0.08
-0.57  0.16
-0.56  0.2
-0.55  0.12
-0.54  0.12
-0.53  0.16
-0.52  0.16
-0.51  0.16
-0.5  0.08
-0.49  0.08
-0.48  0.12
-0.47  0.04
-0.46  0.08
-0.45  0
-0.44  0.08
-0.43  0.04
-0.42  0.08
-0.41  0.16
-0.4  0
-0.39  0.16
-0.38  0.08
-0.37  0.16
-0.36  0.04
-0.35  0.12
-0.34  0.12
-0.33  0.08
-0.32  0.16
-0.31  0.12
-0.3  0.04
-0.29  0.08
-0.28  0.16
-0.27  0.12
-0.26  0.24
-0.25  0.16
-0.24  0.04
-0.23  0.04
-0.22  0.16
-0.21  0.04
-0.2  0.08
-0.19  0.08
-0.18  0.16
-0.17  0.24
-0.16  0.12
-0.15  0.08
-0.14  0
-0.13  0.08
-0.12  0.2
-0.11  0.08
-0.1  0.12
-0.09  0.08
-0.08  0.12
-0.07  0.04
-0.06  0.16
-0.05  0
-0.04  0.08
-0.03  0.04
-0.02  0.08
-0.01  0.16
-2.16197e-11  0.16
0.0001  0
0.0101  0.08
0.0201  0.16
0.0301  0.2
0.0401  0.04
0.0501  0.08
0.0601  0
0.0701  0.2
0.0801  0.08
0.0901  0.08
0.1001  0.08
0.1101  0.17
0.1201  0.07
0.1301  0.05
0.1401  0.09
0.1501  0.19
0.1601  0.11
0.1701  0.14
0.1801  0.15
0.1901  0.1
0.2001  0.08
0.2101  0.16
0.2201  0.11
0.2301  0.12
0.2401  0.11
0.2501  0.04
0.2601  0.13
0.2701  0.13
0.2801  0.16
0.2901  0.16
0.3001  0.07
0.3101  0.17
0.3201  0.1
0.3301  0.11
0.3401  0.06
0.3501  0.13
0.3601  0.2
0.3701  0.2
0.3801  0.06
0.3901  0.21
0.4001  0.16
0.4101  0.13
0.4201  0.13
0.4301  0.14
0.4401  0.06
0.4501  0.16
0.4601  0.2
0.4701  0.16
0.4801  0.16
0.4901  0.18
0.5001  0.17
0.5101  0.19
0.5201  0.13
0.5301  0.2
0.5401  0.27
0.5501  0.24
0.5601  0.22
0.5701  0.2
0.5801  0.23
0.5901  0.19
0.6001  0.16
0.6101  0.15
0.6201  0.2
0.6301  0.25
0.6401  0.23
0.6501  0.29
0.6601  0.16
0.6701  0.24
0.6801  0.24
0.6901  0.29
0.7001  0.23
0.7101  0.29
0.7201  0.42
0.7301  0.28
0.7401  0.26
0.7501  0.27
0.7601  0.29
0.7701  0.38
0.7801  0.33
0.7901  0.25
0.8001  0.24
0.8101  0.22
0.8201  0.37
0.8301  0.35
0.8401  0.33
0.8501  0.32
0.8601  0.33
0.8701  0.33
0.8801  0.39
0.8901  0.33
0.9001  0.44
0.9101  0.37
0.9201  0.35
0.9301  0.35
0.9401  0.31
0.9501  0.35
0.9601  0.24
0.9701  0.36
0.9801  0.46
0.9901  0.39
1.0001  0.44
1.0101  0.42
1.0201  0.44
1.0301  0.41
1.0401  0.43
1.0501  0.45
1.0601  0.48
1.0701  0.4
1.0801  0.53
1.0901  0.43
1.1001  0.48
1.1101  0.42
1.1201  0.48
1.1301  0.45
1.1401  0.6
1.1501  0.57
1.1601  0.63
1.1701  0.74
1.1801  0.46
1.1901  0.63
1.2001  0.62
1.2101  0.74
1.2201  0.56
1.2301  0.74
1.2401  0.58
1.2501  0.6
1.2601  0.86
1.2701  0.82
1.2801  0.59
1.2901  0.73
1.3001  0.96
1.3101  0.7
1.3201  0.9
1.3301  0.87
1.3401  0.97
1.3501  0.87
1.3601  0.85
1.3701  0.86
1.3801  0.88
1.3901  0.88
1.4001  1.19
1.4101  1.11
1.4201  0.91
1.4301  1.05
1.4401  1.03
1.4501  1.22
1.4601  1.13
1.4701  1.3
1.4801  1.19
1.4901  1.38
1.5001  1.48
1.5101  1.51
1.5201  1.47
1.5301  1.14
1.5401  1.49
1.5501  1.45
1.5601  1.57
1.5701  1.61
1.5801  1.66
1.5901  1.65
1.6001  1.91
1.6101  1.68
1.6201  2.05
1.6301  1.99
1.6401  2.16
1.6501  1.9
1.6601  1.81
1.6701  2.16
1.6801  2.01
1.6901  2.2
1.7001  2.2
1.7101  2.14
1.7201  2.19
1.7301  1.99
1.7401  2.3
1.7501  2.22
1.7601  2.35
1.7701  1.99
1.7801  2.11
1.7901  2.08
1.8001  2.29
1.8101  2.33
1.8201  2.06
1.8301  2.01
1.8401  2.02
1.8501  1.99
1.8601  2
1.8701  2.12
1.8801  1.79
1.8901  1.71
1.9001  1.66
1.9101  1.55
1.9201  1.55
1.9301  1.93
1.9401  1.4
1.9501  1.42
1.9601  1.4
1.9701  1.32
1.9801  1.21
1.9901  1.17
2.0001  1.43
2.0101  1.33
2.0201  1.19
2.0301  1.23
2.0401  1.13
2.0501  1.2
2.0601  1.14
2.0701  1.02
2.0801  1.02
2.0901  1.05
2.1001  1.14
2.1101  1.11
2.1201  1.05
2.1301  0.86
2.1401  0.88
2.1501  0.99
2.1601  1.02
2.1701  0.79
2.1801  1.08
2.1901  1.02
2.2001  1.12
2.2101  0.97
2.2201  0.89
2.2301  1.1
2.2401  0.93
2.2501  1.04
2.2601  0.87
2.2701  1.04
2.2801  0.94
2.2901  0.91
2.3001  1.08
2.3101  0.98
2.3201  0.92
2.3301  0.74
2.3401  1.05
2.3501  0.92
2.3601  1.1
2.3701  0.94
2.3801  1.12
2.3901  1.01
2.4001  1.04
2.4101  1.01
2.4201  1.13
2.4301  1.05
2.4401  1
2.4501  1.1
2.4601  0.95
2.4701  0.97
2.4801  1.21
2.4901  1.06
2.5001  1.17
2.5101  1.03
2.5201  1.14
2.5301  1.19
2.5401  1.44
2.5501  1.18
2.5601  1.22
2.5701  1.56
2.5801  1.34
2.5901  1.23
2.6001  1.35
2.6101  1.32
2.6201  1.71
2.6301  1.36
2.6401  1.36
2.6501  1.59
2.6601  1.49
2.6701  1.5
2.6801  1.57
2.6901  1.73
2.7001  1.55
2.7101  1.61
2.7201  1.6
2.7301  1.6
2.7401  1.68
2.7501  1.85
2.7601  1.84
2.7701  2.07
2.7801  1.94
2.7901  1.84
2.8001  2
2.8101  2.17
2.8201  1.81
2.8301  1.98
2.8401  1.67
2.8501  1.95
2.8601  1.7
2.8701  2.06
2.8801  2.08
2.8901  1.85
2.9001  1.88
2.9101  1.94
2.9201  1.83
2.9301  1.93
2.9401  1.77
2.9501  1.92
2.9601  1.89
2.9701  2.03
2.9801  1.69
2.9901  1.62
3.0001  1.73
3.0101  1.79
3.0201  1.8
3.0301  1.61
3.0401  1.65
3.0501  1.54
3.0601  1.41
3.0701  1.42
3.0801  1.59
3.0901  1.36
3.1001  1.18
3.1101  1.51
3.1201  1.6
3.1301  1.18
3.1401  1.58
3.1501  1.44
3.1601  1.31
3.1701  1.41
3.1801  1.4
3.1901  1.22
3.2001  1.27
3.2101  1.19
3.2201  1.29
3.2301  1.19
3.2401  1.11
3.2501  1.37
3.2601  1.17
3.2701  1.14
3.2801  1.11
3.2901  1.12
3.3001  1.3
3.3101  1.16
3.3201  1.33
3.3301  1.13
3.3401  1.17
3.3501  1.17
3.3601  1.22
3.3701  1.11
3.3801  1.01
3.3901  1.07
3.4001  1.03
3.4101  1.23
3.4201  1.13
3.4301  1.01
3.4401  1.19
3.4501  1.25
3.4601  0.95
3.4701  1.06
3.4801  1.43
3.4901  1.2
3.5001  1.24
3.5101  1.07
3.5201  1.3
3.5301  1.42
3.5401  1.22
3.5501  1.4
3.5601  1.13
3.5701  1.18
3.5801  1.22
3.5901  1.28
3.6001  1.14
3.6101  1.44
3.6201  1.32
3.6301  1.28
3.6401  1.49
3.6501  1.59
3.6601  1.47
3.6701  1.31
3.6801  1.33
3.6901  1.41
3.7001  1.62
3.7101  1.59
3.7201  1.48
3.7301  1.49
3.7401  1.52
3.7501  1.4
3.7601  1.57
3.7701  1.52
3.7801  1.57
3.7901  1.71
3.8001  1.79
3.8101  1.69
3.8201  1.47
3.8301  1.52
3.8401  1.7
3.8501  1.77
3.8601  1.84
3.8701  1.62
3.8801  1.78
3.8901  1.68
3.9001  1.7
3.9101  1.74
3.9201  1.9
3.9301  1.75
3.9401  1.96
3.9501  1.64
3.9601  1.8
3.9701  1.86
3.9801  1.77
3.9901  1.55
4.0001  1.67
4.0101  1.7
4.0201  1.7
4.0301  1.69
4.0401  1.85
4.0501  1.74
4.0601  1.52
4.0701  1.5
4.0801  1.79
4.0901  1.6
4.1001  1.63
4.1101  1.54
4.1201  1.29
4.1301  1.59
4.1401  1.41
4.1501  1.57
4.1601  1.36
4.1701  1.37
4.1801  1.51
4.1901  1.62
4.2001  1.28
4.2101  1.48
4.2201  1.36
4.2301  1.54
4.2401  1.29
4.2501  1.34
4.2601  1.41
4.2701  1.45
4.2801  1.28
4.2901  1.35
4.3001  1.21
4.3101  1.36
4.3201  1.43
4.3301  1.4
4.3401  1.25
4.3501  1.26
4.3601  1.42
4.3701  1.23
4.3801  1.15
4.3901  1.23
4.4001  1.12
4.4101  1.1
4.4201  1.1
4.4301  1.28
4.4401  1.1
4.4501  1.22
4.4601  1.22
4.4701  1.39
4.4801  1.26
4.4901  1.19
4.5001  1.24
4.5101  1.34
4.5201  1.31
4.5301  1.08
4.5401  1.28
4.5501  1.39
4.5601  1.47
4.5701  1.3
4.5801  1.3
4.5901  1.24
4.6001  1.24
4.6101  1.34
4.6201  1.5
4.6301  1.26
4.6401  1.18
4.6501  1.63
4.6601  1.46
4.6701  1.2
4.6801  1.34
4.6901  1.41
4.7001  1.46
4.7101  1.54
4.7201  1.72
4.7301  1.7
4.7401  1.36
4.7501  1.37
4.7601  1.39
4.7701  1.55
4.7801  1.51
4.7901  1.59
4.8001  1.41
4.8101  1.34
4.8201  1.96
4.8301  1.64
4.8401  1.66
4.8501  1.59
4.8601  1.53
4.8701  1.84
4.8801  1.69
4.8901  1.55
4.9001  1.62
4.9101  1.53
4.9201  1.62
4.9301  1.46
4.9401  1.82
4.9501  1.55
4.9601  1.87
4.9701  1.71
4.9801  1.79
4.9901  1.59
5.0001  1.76
5.0101  1.71
5.0201  1.64
5.0301  1.61
5.0401  1.59
5.0501  1.66
5.0601  1.75
5.0701  1.83
5.0801  1.53
5.0901  1.47
5.1001  1.67
5.1101  1.52
5.1201  1.59
5.1301  1.7
5.1401  1.52
5.1501  1.46
5.1601  1.43
5.1701  1.49
5.1801  1.53
5.1901  1.33
5.2001  1.38
5.2101  1.68
5.2201  1.41
5.2301  1.32
5.2401  1.46
5.2501  1.43
5.2601  1.51
5.2701  1.39
5.2801  1.36
5.2901  1.49
5.3001  1.51
5.3101  1.45
5.3201  1.43
5.3301  1.1
5.3401  1.43
5.3501  1.28
5.3601  1.21
5.3701  1.37
5.3801  1.46
5.3901  1.29
5.4001  1.27
5.4101  1.39
5.4201  1.37
5.4301  1.48
5.4401  1.35
5.4501  1.39
5.4601  1.05
5.4701  1.37
5.4801  1.47
5.4901  1.38
5.5001  1.33
5.5101  1.39
5.5201  1.57
5.5301  1.08
5.5401  1.38
5.5501  1.52
5.5601  1.21
5.5701  1.4
5.5801  1.48
5.5901  1.25
5.6001  1.26
5.6101  1.4
5.6201  1.36
5.6301  1.21
5.6401  1.44
5.6501  1.42
5.6601  1.32
5.6701  1.47
5.6801  1.52
5.6901  1.29
5.7001  1.27
5.7101  1.48
5.7201  1.46
5.7301  1.55
5.7401  1.32
5.7501  1.4
5.7601  1.57
5.7701  1.42
5.7801  1.64
5.7901  1.51
5.8001  1.6
5.8101  1.53
5.8201  1.3
5.8301  1.53
5.8401  1.61
5.8501  1.55
5.8601  1.38
5.8701  1.71
5.8801  1.28
5.8901  1.72
5.9001  1.7
5.9101  1.53
5.9201  1.5
5.9301  1.74
5.9401  1.51
5.9501  1.46
5.9601  1.53
5.9701  1.77
5.9801  1.61
5.9901  1.41
6.0001  1.47
6.0101  1.81
6.0201  1.57
6.0301  1.55
6.0401  1.49
6.0501  1.63
6.0601  1.69
6.0701  1.55
6.0801  1.56
6.0901  1.49
6.1001  1.53
6.1101  1.56
6.1201  1.68
6.1301  1.52
6.1401  1.72
6.1501  1.74
6.1601  1.59
6.1701  1.64
6.1801  1.32
6.1901  1.64
6.2001  1.58
6.2101  1.5
6.2201  1.5
6.2301  1.5
6.2401  1.54
6.2501  1.36
6.2601  1.53
6.2701  1.57
6.2801  1.38
6.2901  1.48
6.3001  1.37
6.3101  1.23
6.3201  1.57
6.3301  1.46
6.3401  1.43
6.3501  1.55
6.3601  1.44
6.3701  1.47
6.3801  1.5
6.3901  1.35
6.4001  1.49
6.4101  1.42
6.4201  1.41
6.4301  1.37
6.4401  1.35
6.4501  1.28
6.4601  1.34
6.4701  1.33
6.4801  1.29
6.4901  1.32
6.5001  1.5
6.5101  1.36
6.5201  1.4
6.5301  1.42
6.5401  1.25
6.5501  1.51
6.5601  1.45
6.5701  1.29
6.5801  1.35
6.5901  1.31
6.6001  1.44
6.6101  1.63
6.6201  1.45
6.6301  1.37
6.6401  1.38
6.6501  1.3
6.6601  1.46
6.6701  1.18
6.6801  1.45
6.6901  1.44
6.7001  1.31
6.7101  1.63
6.7201  1.41
6.7301  1.47
6.7401  1.33
6.7501  1.37
6.7601  1.44
6.7701  1.63
6.7801  1.47
6.7901  1.49
6.8001  1.44
6.8101  1.44
6.8201  1.4
6.8301  1.62
6.8401  1.36
6.8501  1.57
6.8601  1.54
6.8701  1.58
6.8801  1.38
6.8901  1.42
6.9001  1.54
6.9101  1.4
6.9201  1.39
6.9301  1.55
6.9401  1.47
6.9501  1.68
6.9601  1.49
6.9701  1.49
6.9801  1.46
6.9901  1.47
7.0001  1.66
7.0101  1.69
7.0201  1.6
7.0301  1.63
7.0401  1.7
7.0501  1.59
7.0601  1.59
7.0701  1.42
7.0801  1.36
7.0901  1.31
7.1001  1.28
7.1101  1.48
7.1201  1.43
7.1301  1.59
7.1401  1.53
7.1501  1.62
7.1601  1.59
7.1701  1.72
7.1801  1.66
7.1901  1.72
7.2001  1.53
7.2101  1.32
7.2201  1.53
7.2301  1.44
7.2401  1.76
7.2501  1.52
7.2601  1.31
7.2701  1.58
7.2801  1.56
7.2901  1.57
7.3001  1.34
7.3101  1.44
7.3201  1.6
7.3301  1.48
7.3401  1.39
7.3501  1.4
7.3601  1.51
7.3701  1.48
7.3801  1.73
7.3901  1.44
7.4001  1.57
7.4101  1.5
7.4201  1.29
7.4301  1.47
7.4401  1.36
7.4501  1.86
7.4601  1.58
7.4701  1.35
7.4801  1.33
7.4901  1.19
7.5001  1.43
7.5101  1.45
7.5201  1.54
7.5301  1.51
7.5401  1.17
7.5501  1.33
7.5601  1.3
7.5701  1.58
7.5801  1.31
7.5901  1.34
7.6001  1.63
7.6101  1.46
7.6201  1.57
7.6301  1.37
7.6401  1.51
7.6501  1.35
7.6601  1.25
7.6701  1.36
7.6801  1.38
7.6901  1.4
7.7001  1.38
7.7101  1.51
7.7201  1.46
7.7301  1.47
7.7401  1.31
7.7501  1.3
7.7601  1.54
7.7701  1.51
7.7801  1.2
7.7901  1.49
7.8001  1.48
7.8101  1.52
7.8201  1.62
7.8301  1.55
7.8401  1.4
7.8501  1.74
7.8601  1.31
7.8701  1.65
7.8801  1.46
7.8901  1.65
7.9001  1.26
7.9101  1.47
7.9201  1.42
7.9301  1.51
7.9401  1.72
7.9501  1.55
7.9601  1.16
7.9701  1.37
7.9801  1.45
7.9901  1.59
8.0001  1.46
8.0101  1.46
8.0201  1.62
8.0301  1.57
8.0401  1.53
8.0501  1.49
8.0601  1.6
8.0701  1.52
8.0801  1.36
8.0901  1.47
8.1001  1.6
8.1101  1.75
8.1201  1.59
8.1301  1.52
8.1401  1.49
8.1501  1.52
8.1601  1.53
8.1701  1.56
8.1801  1.48
8.1901  1.71
8.2001  1.56
8.2101  1.6
8.2201  1.57
8.2301  1.56
8.2401  1.45
8.2501  1.6
8.2601  1.54
8.2701  1.38
8.2801  1.52
8.2901  1.68
8.3001  1.34
8.3101  1.43
8.3201  1.39
8.3301  1.48
8.3401  1.45
8.3501  1.32
8.3601  1.5
8.3701  1.46
8.3801  1.76
8.3901  1.53
8.4001  1.56
8.4101  1.62
8.4201  1.46
8.4301  1.25
8.4401  1.36
8.4501  1.54
8.4601  1.25
8.4701  1.33
8.4801  1.38
8.4901  1.45
8.5001  1.55
8.5101  1.54
8.5201  1.36
8.5301  1.69
8.5401  1.56
8.5501  1.35
8.5601  1.48
8.5701  1.46
8.5801  1.46
8.5901  1.38
8.6001  1.27
8.6101  1.42
8.6201  1.52
8.6301  1.27
8.6401  1.44
8.6501  1.37
8.6601  1.36
8.6701  1.37
8.6801  1.35
8.6901  1.3
8.7001  1.26
8.7101  1.54
8.7201  1.63
8.7301  1.38
8.7401  1.48
8.7501  1.49
8.7601  1.53
8.7701  1.34
8.7801  1.4
8.7901  1.42
8.8001  1.53
8.8101  1.35
8.8201  1.49
8.8301  1.4
8.8401  1.66
8.8501  1.5
8.8601  1.41
8.8701  1.55
8.8801  1.56
8.8901  1.47
8.9001  1.3
8.9101  1.48
8.9201  1.35
8.9301  1.37
8.9401  1.52
8.9501  1.4
8.9601  1.55
8.9701  1.45
8.9801  1.77
8.9901  1.53
9.0001  1.35
9.0101  1.49
9.0201  1.47
9.0301  1.51
9.0401  1.61
9.0501  1.39
9.0601  1.42
9.0701  1.42
9.0801  1.39
9.0901  1.76
9.1001  1.59
9.1101  1.63
9.1201  1.59
9.1301  1.33
9.1401  1.5
9.1501  1.33
9.1601  1.72
9.1701  1.48
9.1801  1.45
9.1901  1.39
9.2001  1.55
9.2101  1.55
9.2201  1.42
9.2301  1.44
9.2401  1.52
9.2501  1.68
9.2601  1.63
9.2701  1.62
9.2801  1.56
9.2901  1.59
9.3001  1.51
9.3101  1.62
9.3201  1.44
9.3301  1.26
9.3401  1.44
9.3501  1.47
9.3601  1.43
9.3701  1.27
9.3801  1.72
9.3901  1.34
9.4001  1.51
9.4101  1.66
9.4201  1.38
9.4301  1.61
9.4401  1.3
9.4501  1.57
9.4601  1.35
9.4701  1.67
9.4801  1.52
9.4901  1.43
9.5001  1.42
9.5101  1.6
9.5201  1.65
9.5301  1.45
9.5401  1.1
9.5501  1.56
9.5601  1.28
9.5701  1.41
9.5801  1.31
9.5901  1.45
9.6001  1.54
9.6101  1.31
9.6201  1.38
9.6301  1.35
9.6401  1.44
9.6501  1.55
9.6601  1.41
9.6701  1.48
9.6801  1.64
9.6901  1.41
9.7001  1.31
9.7101  1.29
9.7201  1.45
9.7301  1.33
9.7401  1.52
9.7501  1.51
9.7601  1.37
9.7701  1.48
9.7801  1.56
9.7901  1.58
9.8001  1.47
9.8101  1.53
9.8201  1.41
9.8301  1.41
9.8401  1.52
9.8501  1.45
9.8601  1.34
9.8701  1.2
9.8801  1.52
9.8901  1.46
9.9001  1.51
9.9101  1.45
9.9201  1.3
9.9301  1.58
9.9401  1.49
9.9501  1.5
9.9601  1.54
9.9701  1.4
9.9801  1.31
9.9901  1.31
10.0001  1.6
10.0101  1.45
10.0201  1.66
10.0301  1.5
10.0401  1.35
10.0501  1.45
10.0601  1.47
10.0701  1.6
10.0801  1.4
10.0901  1.44
10.1001  1.24
10.1101  1.37
10.1201  1.42
10.1301  1.53
10.1401  1.55
10.1501  1.47
10.1601  1.72
10.1701  1.32
10.1801  1.59
10.1901  1.48
10.2001  1.67
10.2101  1.58
10.2201  1.65
10.2301  1.51
10.2401  1.56
10.2501  1.31
10.2601  1.46
10.2701  1.56
10.2801  1.45
10.2901  1.45
10.3001  1.43
10.3101  1.53
10.3201  1.43
10.3301  1.53
10.3401  1.58
10.3501  1.31
10.3601  1.38
10.3701  1.53
10.3801  1.38
10.3901  1.5
10.4001  1.55
10.4101  1.4
10.4201  1.46
10.4301  1.57
10.4401  1.68
10.4501  1.48
10.4601  1.54
10.4701  1.34
10.4801  1.54
10.4901  1.47
10.5001  1.67
10.5101  1.42
10.5201  1.53
10.5301  1.41
10.5401  1.39
10.5501  1.38
10.5601  1.54
10.5701  1.57
10.5801  1.52
10.5901  1.46
10.6001  1.39
10.6101  1.45
10.6201  1.43
10.6301  1.56
10.6401  1.55
10.6501  1.44
10.6601  1.4
10.6701  1.5
10.6801  1.35
10.6901  1.64
10.7001  1.48
10.7101  1.58
10.7201  1.58
10.7301  1.32
10.7401  1.31
10.7501  1.34
10.7601  1.38
10.7701  1.39
10.7801  1.3
10.7901  1.48
10.8001  1.61
10.8101  1.33
10.8201  1.61
10.8301  1.18
10.8401  1.55
10.8501  1.29
10.8601  1.51
10.8701  1.4
10.8801  1.45
10.8901  1.3
10.9001  1.23
10.9101  1.55
10.9201  1.45
10.9301  1.38
10.9401  1.52
10.9501  1.53
10.9601  1.43
10.9701  1.43
10.9801  1.45
10.9901  1.61
11.0001  1.37
11.0101  1.3
11.0201  1.26
11.0301  1.38
11.0401  1.45
11.0501  1.71
11.0601  1.42
11.0701  1.27
11.0801  1.43
11.0901  1.56
11.1001  1.57
11.1101  1.41
11.1201  1.42
11.1301  1.54
11.1401  1.73
11.1501  1.46
11.1601  1.5
11.1701  1.36
11.1801  1.43
11.1901  1.37
11.2001  1.5
11.2101  1.53
11.2201  1.45
11.2301  1.48
11.2401  1.6
11.2501  1.38
11.2601  1.62
11.2701  1.49
11.2801  1.62
11.2901  1.44
11.3001  1.42
11.3101  1.35
11.3201  1.78
11.3301  1.4
11.3401  1.52
11.3501  1.43
11.3601  1.53
11.3701  1.48
11.3801  1.44
11.3901  1.65
11.4001  1.51
11.4101  1.36
11.4201  1.4
11.4301  1.61
11.4401  1.31
11.4501  1.65
11.4601  1.48
11.4701  1.5
11.4801  1.5
11.4901  1.78
11.5001  1.37
11.5101  1.57
11.5201  1.48
11.5301  1.42
11.5401  1.53
11.5501  1.21
11.5601  1.52
11.5701  1.36
11.5801  1.46
11.5901  1.41
11.6001  1.61
11.6101  1.52
11.6201  1.33
11.6301  1.36
11.6401  1.7
11.6501  1.42
11.6601  1.46
11.6701  1.45
11.6801  1.4
11.6901  1.65
11.7001  1.36
11.7101  1.32
11.7201  1.51
11.7301  1.44
11.7401  1.51
11.7501  1.91
11.7601  1.44
11.7701  1.33
11.7801  1.39
11.7901  1.49
11.8001  1.36
11.8101  1.5
11.8201  1.56
11.8301  1.24
11.8401  1.42
11.8501  1.59
11.8601  1.41
11.8701  1.61
11.8801  1.16
11.8901  1.42
11.9001  1.5
11.9101  1.48
11.9201  1.4
11.9301  1.37
11.9401  1.47
11.9501  1.52
11.9601  1.41
11.9701  1.45
11.9801  1.51
11.9901  1.39
12.0001  1.27
12.0101  1.36
12.0201  1.51
12.0301  1.35
12.0401  1.56
12.0501  1.45
12.0601  1.36
12.0701  1.67
12.0801  1.42
12.0901  1.4
12.1001  1.51
12.1101  1.44
12.1201  1.34
12.1301  1.48
12.1401  1.28
12.1501  1.47
12.1601  1.36
12.1701  1.37
12.1801  1.48
12.1901  1.49
12.2001  1.63
12.2101  1.46
12.2201  1.32
12.2301  1.6
12.2401  1.35
12.2501  1.39
12.2601  1.49
12.2701  1.55
12.2801  1.47
12.2901  1.35
12.3001  1.57
12.3101  1.54
12.3201  1.63
12.3301  1.33
12.3401  1.72
12.3501  1.64
12.3601  1.64
12.3701  1.53
12.3801  1.21
12.3901  1.45
12.4001  1.6
12.4101  1.47
12.4201  1.49
12.4301  1.42
12.4401  1.47
12.4501  1.52
12.4601  1.39
12.4701  1.44
12.4801  1.68
12.4901  1.46
12.5001  1.55
12.5101  1.61
12.5201  1.57
12.5301  1.54
12.5401  1.38
12.5501  1.54
12.5601  1.67
12.5701  1.47
12.5801  1.31
12.5901  1.45
12.6001  1.41
12.6101  1.56
12.6201  1.34
12.6301  1.31
12.6401  1.49
12.6501  1.39
12.6601  1.61
12.6701  1.5
12.6801  1.47
12.6901  1.53
12.7001  1.64
12.7101  1.42
12.7201  1.43
12.7301  1.46
12.7401  1.57
12.7501  1.63
12.7601  1.34
12.7701  1.38
12.7801  1.46
12.7901  1.3
12.8001  1.41
12.8101  1.45
12.8201  1.46
12.8301  1.36
12.8401  1.6
12.8501  1.41
12.8601  1.43
12.8701  1.38
12.8801  1.56
12.8901  1.46
12.9001  1.31
12.9101  1.47
12.9201  1.56
12.9301  1.48
12.9401  1.22
12.9501  1.26
12.9601  1.52
12.9701  1.45
12.9801  1.48
12.9901  1.44
13.0001  1.31
13.0101  1.56
13.0201  1.4
13.0301  1.57
13.0401  1.39
13.0501  1.57
13.0601  1.7
13.0701  1.48
13.0801  1.63
13.0901  1.18
13.1001  1.46
13.1101  1.47
13.1201  1.59
13.1301  1.52
13.1401  1.29
13.1501  1.45
13.1601  1.64
13.1701  1.37
13.1801  1.32
13.1901  1.5
13.2001  1.42
13.2101  1.46
13.2201  1.38
13.2301  1.42
13.2401  1.62
13.2501  1.61
13.2601  1.55
13.2701  1.71
13.2801  1.5
13.2901  1.64
13.3001  1.43
13.3101  1.54
13.3201  1.49
13.3301  1.54
13.3401  1.49
13.3501  1.55
13.3601  1.41
13.3701  1.37
13.3801  1.5
13.3901  1.37
13.4001  1.47
13.4101  1.47
13.4201  1.55
13.4301  1.51
13.4401  1.56
13.4501  1.51
13.4601  1.46
13.4701  1.45
13.4801  1.45
13.4901  1.35
13.5001  1.66
13.5101  1.65
13.5201  1.56
13.5301  1.6
13.5401  1.46
13.5501  1.32
13.5601  1.6
13.5701  1.3
13.5801  1.58
13.5901  1.37
13.6001  1.38
13.6101  1.4
13.6201  1.46
13.6301  1.6
13.6401  1.46
13.6501  1.57
13.6601  1.49
13.6701  1.49
13.6801  1.4
13.6901  1.45
13.7001  1.32
13.7101  1.62
13.7201  1.55
13.7301  1.55
13.7401  1.38
13.7501  1.52
13.7601  1.59
13.7701  1.29
13.7801  1.47
13.7901  1.26
13.8001  1.55
13.8101  1.27
13.8201  1.36
13.8301  1.27
13.8401  1.49
13.8501  1.44
13.8601  1.52
13.8701  1.5
13.8801  1.33
13.8901  1.5
13.9001  1.65
13.9101  1.51
13.9201  1.58
13.9301  1.47
13.9401  1.47
13.9501  1.51
13.9601  1.47
13.9701  1.25
13.9801  1.45
13.9901  1.37
14.0001  1.46
14.0101  1.53
14.0201  1.43
14.0301  1.5
14.0401  1.51
14.0501  1.44
14.0601  1.55
14.0701  1.31
14.0801  1.31
14.0901  1.46
14.1001  1.56
14.1101  1.64
14.1201  1.4
14.1301  1.33
14.1401  1.44
14.1501  1.54
14.1601  1.3
14.1701  1.53
14.1801  1.45
14.1901  1.48
14.2001  1.44
14.2101  1.48
14.2201  1.29
14.2301  1.46
14.2401  1.44
14.2501  1.5
14.2601  1.31
14.2701  1.53
14.2801  1.41
14.2901  1.51
14.3001  1.44
14.3101  1.7
14.3201  1.43
14.3301  1.49
14.3401  1.53
14.3501  1.53
14.3601  1.7
14.3701  1.49
14.3801  1.35
14.3901  1.4
14.4001  1.5
14.4101  1.43
14.4201  1.43
14.4301  1.5
14.4401  1.33
14.4501  1.42
14.4601  1.64
14.4701  1.36
14.4801  1.35
14.4901  1.53
14.5001  1.61
14.5101  1.46
14.5201  1.62
14.5301  1.55
14.5401  1.29
14.5501  1.41
14.5601  1.57
14.5701  1.45
14.5801  1.36
14.5901  1.5
14.6001  1.56
14.6101  1.51
14.6201  1.43
14.6301  1.59
14.6401  1.56
14.6501  1.46
14.6601  1.38
14.6701  1.36
14.6801  1.42
14.6901  1.6
14.7001  1.29
14.7101  1.66
14.7201  1.39
14.7301  1.33
14.7401  1.6
14.7501  1.2
14.7601  1.52
14.7701  1.56
14.7801  1.35
14.7901  1.52
14.8001  1.42
14.8101  1.4
14.8201  1.78
14.8301  1.58
14.8401  1.56
14.8501  1.44
14.8601  1.46
14.8701  1.59
14.8801  1.67
14.8901  1.37
14.9001  1.47
14.9101  1.35
14.9201  1.45
14.9301  1.32
14.9401  1.37
14.9501  1.3
14.9601  1.45
14.9701  1.36
14.9801  1.4
14.9901  1.48
15.0001  1.52
15.0101  1.4
15.0201  1.52
15.0301  1.39
15.0401  1.44
15.0501  1.35
15.0601  1.4
15.0701  1.41
15.0801  1.53
15.0901  1.31
15.1001  1.47
15.1101  1.45
15.1201  1.34
15.1301  1.44
15.1401  1.41
15.1501  1.44
15.1601  1.64
15.1701  1.5
15.1801  1.51
15.1901  1.35
15.2001  1.38
15.2101  1.57
15.2201  1.33
15.2301  1.5
15.2401  1.39
15.2501  1.51
15.2601  1.49
15.2701  1.36
15.2801  1.3
15.2901  1.53
15.3001  1.44
15.3101  1.29
15.3201  1.25
15.3301  1.29
15.3401  1.53
15.3501  1.65
15.3601  1.31
15.3701  1.6
15.3801  1.75
15.3901  1.57
15.4001  1.62
15.4101  1.42
15.4201  1.49
15.4301  1.42
15.4401  1.48
15.4501  1.42
15.4601  1.46
15.4701  1.62
15.4801  1.37
15.4901  1.5
15.5001  1.47
15.5101  1.46
15.5201  1.59
15.5301  1.51
15.5401  1.42
15.5501  1.34
15.5601  1.29
15.5701  1.5
15.5801  1.57
15.5901  1.57
15.6001  1.59
15.6101  1.67
15.6201  1.51
15.6301  1.65
15.6401  1.26
15.6501  1.46
15.6601  1.47
15.6701  1.62
15.6801  1.41
15.6901  1.64
15.7001  1.35
15.7101  1.4
15.7201  1.39
15.7301  1.46
15.7401  1.46
15.7501  1.69
15.7601  1.49
15.7701  1.41
15.7801  1.44
15.7901  1.35
15.8001  1.71
15.8101  1.29
15.8201  1.49
15.8301  1.6
15.8401  1.22
15.8501  1.38
15.8601  1.44
15.8701  1.47
15.8801  1.55
15.8901  1.45
15.9001  1.62
15.9101  1.36
15.9201  1.5
15.9301  1.31
15.9401  1.56
15.9501  1.55
15.9601  1.29
15.9701  1.54
15.9801  1.45
15.9901  1.58
16.0001  1.39
16.0101  1.41
16.0201  1.51
16.0301  1.22
16.0401  1.25
16.0501  1.49
16.0601  1.44
16.0701  1.74
16.0801  1.4
16.0901  1.46
16.1001  1.43
16.1101  1.56
16.1201  1.3
16.1301  1.34
16.1401  1.59
16.1501  1.46
16.1601  1.33
16.1701  1.53
16.1801  1.65
16.1901  1.24
16.2001  1.31
16.2101  1.32
16.2201  1.78
16.2301  1.35
16.2401  1.32
16.2501  1.37
16.2601  1.41
16.2701  1.55
16.2801  1.69
16.2901  1.57
16.3001  1.52
16.3101  1.39
16.3201  1.69
16.3301  1.35
16.3401  1.44
16.3501  1.35
16.3601  1.36
16.3701  1.67
16.3801  1.54
16.3901  1.31
16.4001  1.45
16.4101  1.63
16.4201  1.43
16.4301  1.53
16.4401  1.59
16.4501  1.44
16.4601  1.32
16.4701  1.64
16.4801  1.42
16.4901  1.42
16.5001  1.27
16.5101  1.42
16.5201  1.49
16.5301  1.44
16.5401  1.57
16.5501  1.79
16.5601  1.48
16.5701  1.48
16.5801  1.38
16.5901  1.38
16.6001  1.46
16.6101  1.4
16.6201  1.46
16.6301  1.5
16.6401  1.4
16.6501  1.56
16.6601  1.47
16.6701  1.45
16.6801  1.68
16.6901  1.5
16.7001  1.42
16.7101  1.56
16.7201  1.42
16.7301  1.43
16.7401  1.33
16.7501  1.63
16.7601  1.48
16.7701  1.61
16.7801  1.49
16.7901  1.5
16.8001  1.57
16.8101  1.37
16.8201  1.46
16.8301  1.49
16.8401  1.38
16.8501  1.36
16.8601  1.53
16.8701  1.55
16.8801  1.3
16.8901  1.45
16.9001  1.48
16.9101  1.61
16.9201  1.39
16.9301  1.43
16.9401  1.28
16.9501  1.39
16.9601  1.55
16.9701  1.34
16.9801  1.71
16.9901  1.34
17.0001  1.36
17.0101  1.56
17.0201  1.51
17.0301  1.52
17.0401  1.42
17.0501  1.55
17.0601  1.45
17.0701  1.47
17.0801  1.4
17.0901  1.37
17.1001  1.43
17.1101  1.3
17.1201  1.61
17.1301  1.22
17.1401  1.55
17.1501  1.44
17.1601  1.35
17.1701  1.53
17.1801  1.55
17.1901  1.6
17.2001  1.25
17.2101  1.48
17.2201  1.53
17.2301  1.31
17.2401  1.48
17.2501  1.43
17.2601  1.48
17.2701  1.3
17.2801  1.28
17.2901  1.56
17.3001  1.67
17.3101  1.54
17.3201  1.64
17.3301  1.67
17.3401  1.59
17.3501  1.42
17.3601  1.51
17.3701  1.36
17.3801  1.42
17.3901  1.51
17.4001  1.42
17.4101  1.31
17.4201  1.43
17.4301  1.45
17.4401  1.36
17.4501  1.36
17.4601  1.63
17.4701  1.29
17.4801  1.58
17.4901  1.33
17.5001  1.47
17.5101  1.49
17.5201  1.47
17.5301  1.61
17.5401  1.32
17.5501  1.68
17.5601  1.6
17.5701  1.36
17.5801  1.49
17.5901  1.4
17.6001  1.53
17.6101  1.71
17.6201  1.34
17.6301  1.36
17.6401  1.43
17.6501  1.51
17.6601  1.51
17.6701  1.39
17.6801  1.44
17.6901  1.49
17.7001  1.35
17.7101  1.36
17.7201  1.42
17.7301  1.77
17.7401  1.44
17.7501  1.3
17.7601  1.38
17.7701  1.61
17.7801  1.42
17.7901  1.43
17.8001  1.42
17.8101  1.56
17.8201  1.64
17.8301  1.56
17.8401  1.46
17.8501  1.55
17.8601  1.38
17.8701  1.43
17.8801  1.46
17.8901  1.56
17.9001  1.32
17.9101  1.35
17.9201  1.66
17.9301  1.52
17.9401  1.44
17.9501  1.34
17.9601  1.42
17.9701  1.55
17.9801  1.57
17.9901  1.66
18.0001  1.69
18.0101  1.49
18.0201  1.29
18.0301  1.36
18.0401  1.6
18.0501  1.45
18.0601  1.36
18.0701  1.63
18.0801  1.45
18.0901  1.6
18.1001  1.25
18.1101  1.69
18.1201  1.37
18.1301  1.32
18.1401  1.54
18.1501  1.56
18.1601  1.39
18.1701  1.27
18.1801  1.5
18.1901  1.68
18.2001  1.49
18.2101  1.54
18.2201  1.35
18.2301  1.24
18.2401  1.36
18.2501  1.44
18.2601  1.24
18.2701  1.35
18.2801  1.57
18.2901  1.54
18.3001  1.52
18.3101  1.57
18.3201  1.32
18.3301  1.25
18.3401  1.6
18.3501  1.52
18.3601  1.58
18.3701  1.51
18.3801  1.65
18.3901  1.47
18.4001  1.52
18.4101  1.66
18.4201  1.38
18.4301  1.32
18.4401  1.42
18.4501  1.54
18.4601  1.28
18.4701  1.47
18.4801  1.48
18.4901  1.41
18.5001  1.45
18.5101  1.43
18.5201  1.7
18.5301  1.34
18.5401  1.34
18.5501  1.33
18.5601  1.56
18.5701  1.56
18.5801  1.42
18.5901  1.55
18.6001  1.43
18.6101  1.55
18.6201  1.57
18.6301  1.48
18.6401  1.46
18.6501  1.58
18.6601  1.37
18.6701  1.45
18.6801  1.55
18.6901  1.41
18.7001  1.39
18.7101  1.49
18.7201  1.36
18.7301  1.56
18.7401  1.59
18.7501  1.4
18.7601  1.43
18.7701  1.59
18.7801  1.48
18.7901  1.47
18.8001  1.42
18.8101  1.64
18.8201  1.57
18.8301  1.3
18.8401  1.39
18.8501  1.32
18.8601  1.95
18.8701  1.42
18.8801  1.42
18.8901  1.52
18.9001  1.11
18.9101  1.54
18.9201  1.37
18.9301  1.56
18.9401  1.3
18.9501  1.35
18.9601  1.49
18.9701  1.58
18.9801  1.39
18.9901  1.4
19.0001  1.48
19.0101  1.47
19.0201  1.53
19.0301  1.5
19.0401  1.6
19.0501  1.32
19.0601  1.43
19.0701  1.62
19.0801  1.48
19.0901  1.31
19.1001  1.38
19.1101  1.49
19.1201  1.33
19.1301  1.55
19.1401  1.3
19.1501  1.38
19.1601  1.57
19.1701  1.7
19.1801  1.5
19.1901  1.44
19.2001  1.54
19.2101  1.49
19.2201  1.5
19.2301  1.42
19.2401  1.44
19.2501  1.49
19.2601  1.68
19.2701  1.43
19.2801  1.47
19.2901  1.32
19.3001  1.43
19.3101  1.33
19.3201  1.52
19.3301  1.59
19.3401  1.54
19.3501  1.59
19.3601  1.47
19.3701  1.79
19.3801  1.48
19.3901  1.28
19.4001  1.4
19.4101  1.39
19.4201  1.41
19.4301  1.46
19.4401  1.5
19.4501  1.59
19.4601  1.39
19.4701  1.33
19.4801  1.5
19.4901  1.37
19.5001  1.35
19.5101  1.58
19.5201  1.49
19.5301  1.63
19.5401  1.62
19.5501  1.42
19.5601  1.47
19.5701  1.37
19.5801  1.42
19.5901  1.45
19.6001  1.64
19.6101  1.44
19.6201  1.42
19.6301  1.49
19.6401  1.66
19.6501  1.46
19.6601  1.61
19.6701  1.42
19.6801  1.31
19.6901  1.39
19.7001  1.61
19.7101  1.23
19.7201  1.59
19.7301  1.45
19.7401  1.46
19.7501  1.5
19.7601  1.55
19.7701  1.44
19.7801  1.54
19.7901  1.58
19.8001  1.45
19.8101  1.15
19.8201  1.37
19.8301  1.35
19.8401  1.51
19.8501  1.46
19.8601  1.56
19.8701  1.45
19.8801  1.65
19.8901  1.28
19.9001  1.57
19.9101  1.46
19.9201  1.44
19.9301  1.64
19.9401  1.59
19.9501  1.35
19.9601  1.46
19.9701  1.47
19.9801  1.27
19.9901  1.27
20.0001  1.51
20.0101  1.49
20.0201  1.35
20.0301  1.62
20.0401  1.36
20.0501  1.55
20.0601  1.25
20.0701  1.51
20.0801  1.62
20.0901  1.66
20.1001  1.56
20.1101  1.44
20.1201  1.45
20.1301  1.44
20.1401  1.57
20.1501  1.25
20.1601  1.5
20.1701  1.49
20.1801  1.5
20.1901  1.45
20.2001  1.39
20.2101  1.37
20.2201  1.57
20.2301  1.37
20.2401  1.48
20.2501  1.54
20.2601  1.61
20.2701  1.47
20.2801  1.2
20.2901  1.4
20.3001  1.56
20.3101  1.34
20.3201  1.31
20.3301  1.63
20.3401  1.7
20.3501  1.33
20.3601  1.51
20.3701  1.67
20.3801  1.56
20.3901  1.43
20.4001  1.38
20.4101  1.71
20.4201  1.27
20.4301  1.35
20.4401  1.85
20.4501  1.38
20.4601  1.33
20.4701  1.53
20.4801  1.57
20.4901  1.23
20.5001  1.42
20.5101  1.62
20.5201  1.65
20.5301  1.51
20.5401  1.49
20.5501  1.34
20.5601  1.59
20.5701  1.63
20.5801  1.37
20.5901  1.45
20.6001  1.44
20.6101  1.45
20.6201  1.44
20.6301  1.36
20.6401  1.43
20.6501  1.59
20.6601  1.41
20.6701  1.56
20.6801  1.23
20.6901  1.28
20.7001  1.5
20.7101  1.62
20.7201  1.45
20.7301  1.37
20.7401  1.5
20.7501  1.53
20.7601  1.48
20.7701  1.46
20.7801  1.43
20.7901  1.54
20.8001  1.4
20.8101  1.55
20.8201  1.58
20.8301  1.4
20.8401  1.44
20.8501  1.39
20.8601  1.51
20.8701  1.52
20.8801  1.53
20.8901  1.62
20.9001  1.47
20.9101  1.47
20.9201  1.28
20.9301  1.3
20.9401  1.36
20.9501  1.48
20.9601  1.59
20.9701  1.56
20.9801  1.57
20.9901  1.36
21.0001  1.36
21.0101  1.68
21.0201  1.6
21.0301  1.34
21.0401  1.26
21.0501  1.54
21.0601  1.47
21.0701  1.55
21.0801  1.29
21.0901  1.82
21.1001  1.29
21.1101  1.65
21.1201  1.37
21.1301  1.44
21.1401  1.4
21.1501  1.5
21.1601  1.61
21.1701  1.5
21.1801  1.48
21.1901  1.42
21.2001  1.53
21.2101  1.53
21.2201  1.32
21.2301  1.36
21.2401  1.43
21.2501  1.45
21.2601  1.62
21.2701  1.5
21.2801  1.47
21.2901  1.49
21.3001  1.57
21.3101  1.44
21.3201  1.47
21.3301  1.55
21.3401  1.5
21.3501  1.33
21.3601  1.55
21.3701  1.59
21.3801  1.56
21.3901  1.41
21.4001  1.4
21.4101  1.46
21.4201  1.3
21.4301  1.46
21.4401  1.26
21.4501  1.49
21.4601  1.35
21.4701  1.44
21.4801  1.43
21.4901  1.73
21.5001  1.57
21.5101  1.45
21.5201  1.33
21.5301  1.44
21.5401  1.31
21.5501  1.48
21.5601  1.5
21.5701  1.55
21.5801  1.44
21.5901  1.48
21.6001  1.42
21.6101  1.4
21.6201  1.46
21.6301  1.57
21.6401  1.36
21.6501  1.55
21.6601  1.26
21.6701  1.39
21.6801  1.5
21.6901  1.55
21.7001  1.51
21.7101  1.4
21.7201  1.41
21.7301  1.48
21.7401  1.43
21.7501  1.39
21.7601  1.45
21.7701  1.5
21.7801  1.32
21.7901  1.48
21.8001  1.41
21.8101  1.47
21.8201  1.71
21.8301  1.52
21.8401  1.47
21.8501  1.55
21.8601  1.35
21.8701  1.52
21.8801  1.56
21.8901  1.5
21.9001  1.51
21.9101  1.37
21.9201  1.62
21.9301  1.45
21.9401  1.44
21.9501  1.55
21.9601  1.29
21.9701  1.39
21.9801  1.3
21.9901  1.4
22.0001  1.65
22.0101  1.45
22.0201  1.63
22.0301  1.57
22.0401  1.56
22.0501  1.47
22.0601  1.65
22.0701  1.6
22.0801  1.52
22.0901  1.61
22.1001  1.28
22.1101  1.47
22.1201  1.32
22.1301  1.63
22.1401  1.42
22.1501  1.42
22.1601  1.39
22.1701  1.41
22.1801  1.4
22.1901  1.5
22.2001  1.5
22.2101  1.53
22.2201  1.51
22.2301  1.6
22.2401  1.5
22.2501  1.46
22.2601  1.65
22.2701  1.35
22.2801  1.1
22.2901  1.4
22.3001  1.69
22.3101  1.3
22.3201  1.59
22.3301  1.58
22.3401  1.5
22.3501  1.58
22.3601  1.37
22.3701  1.41
22.3801  1.53
22.3901  1.51
22.4001  1.49
22.4101  1.42
22.4201  1.16
22.4301  1.57
22.4401  1.47
22.4501  1.37
22.4601  1.6
22.4701  1.51
22.4801  1.55
22.4901  1.58
22.5001  1.4
22.5101  1.46
22.5201  1.25
22.5301  1.35
22.5401  1.48
22.5501  1.52
22.5601  1.5
22.5701  1.31
22.5801  1.54
22.5901  1.52
22.6001  1.35
22.6101  1.39
22.6201  1.45
22.6301  1.4
22.6401  1.46
22.6501  1.78
22.6601  1.58
22.6701  1.35
22.6801  1.58
22.6901  1.4
22.7001  1.38
22.7101  1.29
22.7201  1.46
22.7301  1.54
22.7401  1.48
22.7501  1.35
22.7601  1.58
22.7701  1.53
22.7801  1.53
22.7901  1.51
22.8001  1.46
22.8101  1.59
22.8201  1.39
22.8301  1.26
22.8401  1.52
22.8501  1.61
22.8601  1.5
22.8701  1.56
22.8801  1.45
22.8901  1.28
22.9001  1.44
22.9101  1.46
22.9201  1.54
22.9301  1.59
22.9401  1.49
22.9501  1.34
22.9601  1.36
22.9701  1.59
22.9801  1.85
22.9901  1.6
23.0001  1.46
23.0101  1.63
23.0201  1.41
23.0301  1.5
23.0401  1.54
23.0501  1.56
23.0601  1.59
23.0701  1.35
23.0801  1.47
23.0901  1.4
23.1001  1.37
23.1101  1.47
23.1201  1.41
23.1301  1.47
23.1401  1.55
23.1501  1.43
23.1601  1.52
23.1701  1.53
23.1801  1.33
23.1901  1.28
23.2001  1.45
23.2101  1.31
23.2201  1.57
23.2301  1.44
23.2401  1.64
23.2501  1.61
23.2601  1.51
23.2701  1.47
23.2801  1.45
23.2901  1.45
23.3001  1.54
23.3101  1.1
23.3201  1.47
23.3301  1.39
23.3401  1.68
23.3501  1.49
23.3601  1.54
23.3701  1.31
23.3801  1.65
23.3901  1.34
23.4001  1.31
23.4101  1.54
23.4201  1.5
23.4301  1.5
23.4401  1.37
23.4501  1.59
23.4601  1.08
23.4701  1.3
23.4801  1.46
23.4901  1.37
23.5001  1.63
23.5101  1.66
23.5201  1.39
23.5301  1.71
23.5401  1.55
23.5501  1.4
23.5601  1.52
23.5701  1.47
23.5801  1.47
23.5901  1.48
23.6001  1.37
23.6101  1.58
23.6201  1.39
23.6301  1.59
23.6401  1.67
23.6501  1.48
23.6601  1.67
23.6701  1.34
23.6801  1.54
23.6901  1.5
23.7001  1.34
23.7101  1.43
23.7201  1.5
23.7301  1.38
23.7401  1.6
23.7501  1.33
23.7601  1.42
23.7701  1.63
23.7801  1.56
23.7901  1.54
23.8001  1.53
23.8101  1.71
23.8201  1.46
23.8301  1.56
23.8401  1.32
23.8501  1.56
23.8601  1.47
23.8701  1.5
23.8801  1.39
23.8901  1.42
23.9001  1.34
23.9101  1.58
23.9201  1.52
23.9301  1.38
23.9401  1.58
23.9501  1.46
23.9601  1.67
23.9701  1.37
23.9801  1.68
23.9901  1.38
24.0001  1.4
24.0101  1.54
24.0201  1.41
24.0301  1.51
24.0401  1.24
24.0501  1.26
24.0601  1.57
24.0701  1.5
24.0801  1.35
24.0901  1.45
24.1001  1.39
24.1101  1.46
24.1201  1.4
24.1301  1.65
24.1401  1.26
24.1501  1.38
24.1601  1.62
24.1701  1.32
24.1801  1.6
24.1901  1.49
24.2001  1.41
24.2101  1.37
24.2201  1.76
24.2301  1.3
24.2401  1.48
24.2501  1.44
24.2601  1.37
24.2701  1.62
24.2801  1.45
24.2901  1.53
24.3001  1.28
24.3101  1.48
24.3201  1.53
24.3301  1.56
24.3401  1.41
24.3501  1.48
24.3601  1.36
24.3701  1.4
24.3801  1.43
24.3901  1.36
24.4001  1.4
24.4101  1.55
24.4201  1.62
24.4301  1.51
24.4401  1.48
24.4501  1.35
24.4601  1.44
24.4701  1.63
24.4801  1.56
24.4901  1.41
24.5001  1.57
24.5101  1.36
24.5201  1.44
24.5301  1.44
24.5401  1.39
24.5501  1.51
24.5601  1.34
24.5701  1.54
24.5801  1.48
24.5901  1.58
24.6001  1.43
24.6101  1.63
24.6201  1.61
24.6301  1.51
24.6401  1.29
24.6501  1.41
24.6601  1.32
24.6701  1.43
24.6801  1.47
24.6901  1.38
24.7001  1.56
24.7101  1.37
24.7201  1.49
24.7301  1.42
24.7401  1.39
24.7501  1.47
24.7601  1.46
24.7701  1.69
24.7801  1.5
24.7901  1.51
24.8001  1.37
24.8101  1.6
24.8201  1.36
24.8301  1.38
24.8401  1.53
24.8501  1.48
24.8601  1.64
24.8701  1.47
24.8801  1.58
24.8901  1.28
24.9001  1.37
24.9101  1.4
24.9201  1.64
24.9301  1.6
24.9401  1.39
24.9501  1.49
24.9601  1.55
24.9701  1.57
24.9801  1.38
24.9901  1.39
25.0001  1.49
25.0101  1.5
25.0201  1.6
25.0301  1.55
25.0401  1.42
25.0501  1.52
25.0601  1.36
25.0701  1.47
25.0801  1.53
25.0901  1.47
25.1001  1.42
25.1101  1.58
25.1201  1.4
25.1301  1.5
25.1401  1.72
25.1501  1.26
25.1601  1.42
25.1701  1.48
25.1801  1.59
25.1901  1.3
25.2001  1.58
25.2101  1.48
25.2201  1.36
25.2301  1.53
25.2401  1.43
25.2501  1.35
25.2601  1.54
25.2701  1.4
25.2801  1.41
25.2901  1.3
25.3001  1.5
25.3101  1.59
25.3201  1.44
25.3301  1.52
25.3401  1.52
25.3501  1.35
25.3601  1.4
25.3701  1.52
25.3801  1.67
25.3901  1.57
25.4001  1.38
25.4101  1.44
25.4201  1.42
25.4301  1.36
25.4401  1.5
25.4501  1.67
25.4601  1.66
25.4701  1.4
25.4801  1.61
25.4901  1.38
25.5001  1.5
25.5101  1.32
25.5201  1.4
25.5301  1.38
25.5401  1.42
25.5501  1.33
25.5601  1.43
25.5701  1.33
25.5801  1.64
25.5901  1.55
25.6001  1.49
25.6101  1.46
25.6201  1.57
25.6301  1.57
25.6401  1.43
25.6501  1.43
25.6601  1.58
25.6701  1.46
25.6801  1.73
25.6901  1.79
25.7001  1.44
25.7101  1.37
25.7201  1.4
25.7301  1.44
25.7401  1.4
25.7501  1.41
25.7601  1.75
25.7701  1.37
25.7801  1.5
25.7901  1.48
25.8001  1.37
25.8101  1.39
25.8201  1.62
25.8301  1.43
25.8401  1.42
25.8501  1.39
25.8601  1.48
25.8701  1.42
25.8801  1.54
25.8901  1.32
25.9001  1.52
25.9101  1.35
25.9201  1.68
25.9301  1.32
25.9401  1.38
25.9501  1.32
25.9601  1.65
25.9701  1.59
25.9801  1.64
25.9901  1.6
26.0001  1.52
26.0101  1.53
26.0201  1.51
26.0301  1.5
26.0401  1.42
26.0501  1.54
26.0601  1.36
26.0701  1.33
26.0801  1.43
26.0901  1.51
26.1001  1.41
26.1101  1.72
26.1201  1.45
26.1301  1.09
26.1401  1.52
26.1501  1.73
26.1601  1.55
26.1701  1.35
26.1801  1.41
26.1901  1.4
26.2001  1.6
26.2101  1.66
26.2201  1.55
26.2301  1.35
26.2401  1.49
26.2501  1.68
26.2601  1.5
26.2701  1.34
26.2801  1.21
26.2901  1.34
26.3001  1.49
26.3101  1.48
26.3201  1.37
26.3301  1.37
26.3401  1.36
26.3501  1.6
26.3601  1.57
26.3701  1.38
26.3801  1.38
26.3901  1.44
26.4001  1.51
26.4101  1.63
26.4201  1.39
26.4301  1.4
26.4401  1.66
26.4501  1.56
26.4601  1.59
26.4701  1.51
26.4801  1.38
26.4901  1.36
26.5001  1.43
26.5101  1.46
26.5201  1.38
26.5301  1.46
26.5401  1.23
26.5501  1.37
26.5601  1.49
26.5701  1.57
26.5801  1.36
26.5901  1.41
26.6001  1.43
26.6101  1.48
26.6201  1.51
26.6301  1.69
26.6401  1.69
26.6501  1.43
26.6601  1.47
26.6701  1.38
26.6801  1.33
26.6901  1.61
26.7001  1.48
26.7101  1.38
26.7201  1.51
26.7301  1.26
26.7401  1.53
26.7501  1.47
26.7601  1.33
26.7701  1.63
26.7801  1.3
26.7901  1.43
26.8001  1.5
26.8101  1.66
26.8201  1.62
26.8301  1.4
26.8401  1.43
26.8501  1.4
26.8601  1.61
26.8701  1.54
26.8801  1.61
26.8901  1.55
26.9001  1.45
26.9101  1.55
26.9201  1.65
26.9301  1.46
26.9401  1.45
26.9501  1.36
26.9601  1.45
26.9701  1.52
26.9801  1.56
26.9901  1.41
27.0001  1.53
27.0101  1.31
27.0201  1.43
27.0301  1.64
27.0401  1.65
27.0501  1.5
27.0601  1.41
27.0701  1.48
27.0801  1.66
27.0901  1.29
27.1001  1.27
27.1101  1.34
27.1201  1.69
27.1301  1.58
27.1401  1.41
27.1501  1.57
27.1601  1.45
27.1701  1.59
27.1801  1.37
27.1901  1.65
27.2001  1.57
27.2101  1.31
27.2201  1.66
27.2301  1.49
27.2401  1.38
27.2501  1.52
27.2601  1.57
27.2701  1.52
27.2801  1.35
27.2901  1.33
27.3001  1.42
27.3101  1.54
27.3201  1.34
27.3301  1.45
27.3401  1.51
27.3501  1.32
27.3601  1.54
27.3701  1.38
27.3801  1.47
27.3901  1.57
27.4001  1.46
27.4101  1.54
27.4201  1.4
27.4301  1.16
27.4401  1.45
27.4501  1.62
27.4601  1.7
27.4701  1.31
27.4801  1.49
27.4901  1.57
27.5001  1.42
27.5101  1.5
27.5201  1.43
27.5301  1.67
27.5401  1.31
27.5501  1.67
27.5601  1.31
27.5701  1.28
27.5801  1.44
27.5901  1.65
27.6001  1.25
27.6101  1.45
27.6201  1.58
27.6301  1.45
27.6401  1.23
27.6501  1.71
27.6601  1.38
27.6701  1.44
27.6801  1.44
27.6901  1.53
27.7001  1.65
27.7101  1.51
27.7201  1.3
27.7301  1.48
27.7401  1.16
27.7501  1.36
27.7601  1.11
27.7701  1.58
27.7801  1.48
27.7901  1.42
27.8001  1.47
27.8101  1.51
27.8201  1.43
27.8301  1.49
27.8401  1.45
27.8501  1.5
27.8601  1.68
27.8701  1.54
27.8801  1.43
27.8901  1.71
27.9001  1.41
27.9101  1.58
27.9201  1.53
27.9301  1.39
27.9401  1.4
27.9501  1.53
27.9601  1.48
27.9701  1.38
27.9801  1.37
27.9901  1.61
28.0001  1.72
28.0101  1.33
28.0201  1.23
28.0301  1.52
28.0401  1.37
28.0501  1.52
28.0601  1.47
28.0701  1.49
28.0801  1.6
28.0901  1.17
28.1001  1.65
28.1101  1.41
28.1201  1.31
28.1301  1.52
28.1401  1.56
28.1501  1.71
28.1601  1.37
28.1701  1.58
28.1801  1.33
28.1901  1.42
28.2001  1.45
28.2101  1.39
28.2201  1.55
28.2301  1.26
28.2401  1.44
28.2501  1.67
28.2601  1.45
28.2701  1.74
28.2801  1.36
28.2901  1.45
28.3001  1.45
28.3101  1.57
28.3201  1.32
28.3301  1.5
28.3401  1.67
28.3501  1.37
28.3601  1.55
28.3701  1.43
28.3801  1.5
28.3901  1.56
28.4001  1.29
28.4101  1.43
28.4201  1.37
28.4301  1.4
28.4401  1.54
28.4501  1.32
28.4601  1.42
28.4701  1.51
28.4801  1.59
28.4901  1.55
28.5001  1.38
28.5101  1.28
28.5201  1.45
28.5301  1.57
28.5401  1.41
28.5501  1.35
28.5601  1.52
28.5701  1.5
28.5801  1.34
28.5901  1.46
28.6001  1.32
28.6101  1.39
28.6201  1.5
28.6301  1.54
28.6401  1.39
28.6501  1.62
28.6601  1.45
28.6701  1.58
28.6801  1.38
28.6901  1.36
28.7001  1.55
28.7101  1.58
28.7201  1.45
28.7301  1.34
28.7401  1.42
28.7501  1.47
28.7601  1.53
28.7701  1.52
28.7801  1.47
28.7901  1.51
28.8001  1.42
28.8101  1.52
28.8201  1.46
28.8301  1.51
28.8401  1.6
28.8501  1.38
28.8601  1.44
28.8701  1.37
28.8801  1.39
28.8901  1.45
28.9001  1.3
28.9101  1.47
28.9201  1.43
28.9301  1.37
28.9401  1.6
28.9501  1.48
28.9601  1.42
28.9701  1.35
28.9801  1.64
28.9901  1.53
29.0001  1.47
29.0101  1.59
29.0201  1.77
29.0301  1.4
29.0401  1.46
29.0501  1.38
29.0601  1.49
29.0701  1.47
29.0801  1.27
29.0901  1.47
29.1001  1.59
29.1101  1.49
29.1201  1.74
29.1301  1.35
29.1401  1.5
29.1501  1.4
29.1601  1.56
29.1701  1.42
29.1801  1.62
29.1901  1.42
29.2001  1.36
29.2101  1.34
29.2201  1.46
29.2301  1.21
29.2401  1.56
29.2501  1.57
29.2601  1.42
29.2701  1.51
29.2801  1.31
29.2901  1.71
29.3001  1.55
29.3101  1.45
29.3201  1.41
29.3301  1.44
29.3401  1.44
29.3501  1.55
29.3601  1.41
29.3701  1.37
29.3801  1.47
29.3901  1.72
29.4001  1.53
29.4101  1.44
29.4201  1.28
29.4301  1.62
29.4401  1.62
29.4501  1.35
29.4601  1.44
29.4701  1.38
29.4801  1.38
29.4901  1.43
29.5001  1.43
29.5101  1.55
29.5201  1.55
29.5301  1.45
29.5401  1.49
29.5501  1.47
29.5601  1.72
29.5701  1.41
29.5801  1.49
29.5901  1.41
29.6001  1.27
29.6101  1.44
29.6201  1.51
29.6301  1.45
29.6401  1.45
29.6501  1.53
29.6601  1.6
29.6701  1.57
29.6801  1.28
29.6901  1.35
29.7001  1.42
29.7101  1.42
29.7201  1.24
29.7301  1.4
29.7401  1.33
29.7501  1.41
29.7601  1.6
29.7701  1.62
29.7801  1.55
29.7901  1.39
29.8001  1.4
29.8101  1.45
29.8201  1.46
29.8301  1.44
29.8401  1.71
29.8501  1.42
29.8601  1.43
29.8701  1.61
29.8801  1.32
29.8901  1.59
29.9001  1.48
29.9101  1.53
29.9201  1.58
29.9301  1.44
29.9401  1.46
29.9501  1.43
29.9601  1.37
29.9701  1.54
29.9801  1.45
29.9901  1.69
30.0001  1.45
30.0101  1.46
30.0201  1.43
30.0301  1.42
30.0401  1.21
30.0501  1.41
30.0601  1.37
30.0701  1.37
30.0801  1.69
30.0901  1.5
30.1001  1.54
30.1101  1.48
30.1201  1.35
30.1301  1.67
30.1401  1.45
30.1501  1.57
30.1601  1.6
30.1701  1.41
30.1801  1.45
30.1901  1.58
30.2001  1.57
30.2101  1.64
30.2201  1.6
30.2301  1.44
30.2401  1.63
30.2501  1.49
30.2601  1.43
30.2701  1.55
30.2801  1.56
30.2901  1.43
30.3001  1.45
30.3101  1.39
30.3201  1.46
30.3301  1.51
30.3401  1.51
30.3501  1.4
30.3601  1.41
30.3701  1.56
30.3801  1.54
30.3901  1.42
30.4001  1.5
30.4101  1.51
30.4201  1.34
30.4301  1.5
30.4401  1.38
30.4501  1.23
30.4601  1.47
30.4701  1.36
30.4801  1.32
30.4901  1.59
30.5001  1.38
30.5101  1.35
30.5201  1.22
30.5301  1.76
30.5401  1.47
30.5501  1.69
30.5601  1.65
30.5701  1.45
30.5801  1.39
30.5901  1.49
30.6001  1.55
30.6101  1.31
30.6201  1.24
30.6301  1.43
30.6401  1.39
30.6501  1.5
30.6601  1.36
30.6701  1.52
30.6801  1.45
30.6901  1.23
30.7001  1.33
30.7101  1.37
30.7201  1.3
30.7301  1.54
30.7401  1.62
30.7501  1.25
30.7601  1.75
30.7701  1.69
30.7801  1.61
30.7901  1.62
30.8001  1.4
30.8101  1.4
30.8201  1.46
30.8301  1.47
30.8401  1.37
30.8501  1.53
30.8601  1.64
30.8701  1.4
30.8801  1.28
30.8901  1.61
30.9001  1.34
30.9101  1.64
30.9201  1.46
30.9301  1.26
30.9401  1.76
30.9501  1.67
30.9601  1.5
30.9701  1.55
30.9801  1.31
30.9901  1.43
31.0001  1.6
31.0101  1.39
31.0201  1.52
31.0301  1.48
31.0401  1.46
31.0501  1.4
31.0601  1.58
31.0701  1.49
31.0801  1.6
31.0901  1.74
31.1001  1.39
31.1101  1.45
31.1201  1.36
31.1301  1.51
31.1401  1.41
31.1501  1.4
31.1601  1.68
31.1701  1.56
31.1801  1.65
31.1901  1.53
31.2001  1.5
31.2101  1.4
31.2201  1.43
31.2301  1.58
31.2401  1.35
31.2501  1.44
31.2601  1.34
31.2701  1.38
31.2801  1.31
31.2901  1.46
31.3001  1.56
31.3101  1.41
31.3201  1.38
31.3301  1.49
31.3401  1.52
31.3501  1.42
31.3601  1.71
31.3701  1.53
31.3801  1.64
31.3901  1.32
31.4001  1.42
31.4101  1.49
31.4201  1.61
31.4301  1.41
31.4401  1.4
31.4501  1.34
31.4601  1.46
31.4701  1.41
31.4801  1.36
31.4901  1.4
31.5001  1.38
31.5101  1.4
31.5201  1.43
31.5301  1.48
31.5401  1.41
31.5501  1.45
31.5601  1.43
31.5701  1.3
31.5801  1.63
31.5901  1.51
31.6001  1.43
31.6101  1.45
31.6201  1.43
31.6301  1.56
31.6401  1.65
31.6501  1.38
31.6601  1.47
31.6701  1.47
31.6801  1.31
31.6901  1.42
31.7001  1.48
31.7101  1.36
31.7201  1.54
31.7301  1.25
31.7401  1.45
31.7501  1.46
31.7601  1.42
31.7701  1.41
31.7801  1.33
31.7901  1.57
31.8001  1.6
31.8101  1.5
31.8201  1.48
31.8301  1.38
31.8401  1.26
31.8501  1.58
31.8601  1.45
31.8701  1.45
31.8801  1.27
31.8901  1.64
31.9001  1.59
31.9101  1.55
31.9201  1.33
31.9301  1.51
31.9401  1.5
31.9501  1.19
31.9601  1.48
31.9701  1.83
31.9801  1.6
31.9901  1.42
32.0001  1.66
32.0101  1.72
32.0201  1.5
32.0301  1.43
32.0401  1.51
32.0501  1.37
32.0601  1.54
32.0701  1.49
32.0801  1.54
32.0901  1.33
32.1001  1.45
32.1101  1.62
32.1201  1.58
32.1301  1.55
32.1401  1.42
32.1501  1.45
32.1601  1.62
32.1701  1.61
32.1801  1.73
32.1901  1.55
32.2001  1.26
32.2101  1.46
32.2201  1.45
32.2301  1.53
32.2401  1.55
32.2501  1.44
32.2601  1.35
32.2701  1.52
32.2801  1.19
32.2901  1.7
32.3001  1.54
32.3101  1.51
32.3201  1.59
32.3301  1.48
32.3401  1.45
32.3501  1.43
32.3601  1.41
32.3701  1.59
32.3801  1.31
32.3901  1.38
32.4001  1.38
32.4101  1.39
32.4201  1.62
32.4301  1.34
32.4401  1.59
32.4501  1.51
32.4601  1.41
32.4701  1.5
32.4801  1.29
32.4901  1.4
32.5001  1.38
32.5101  1.44
32.5201  1.35
32.5301  1.53
32.5401  1.38
32.5501  1.59
32.5601  1.61
32.5701  1.49
32.5801  1.39
32.5901  1.51
32.6001  1.33
32.6101  1.41
32.6201  1.57
32.6301  1.21
32.6401  1.36
32.6501  1.47
32.6601  1.59
32.6701  1.56
32.6801  1.48
32.6901  1.35
32.7001  1.53
32.7101  1.56
32.7201  1.3
32.7301  1.47
32.7401  1.74
32.7501  1.47
32.7601  1.43
32.7701  1.42
32.7801  1.55
32.7901  1.37
32.8001  1.37
32.8101  1.58
32.8201  1.39
32.8301  1.35
32.8401  1.47
32.8501  1.31
32.8601  1.4
32.8701  1.33
32.8801  1.61
32.8901  1.44
32.9001  1.58
32.9101  1.54
32.9201  1.63
32.9301  1.24
32.9401  1.77
32.9501  1.49
32.9601  1.58
32.9701  1.47
32.9801  1.38
32.9901  1.57
33.0001  1.44
33.0101  1.48
33.0201  1.75
33.0301  1.5
33.0401  1.37
33.0501  1.52
33.0601  1.61
33.0701  1.13
33.0801  1.35
33.0901  1.55
33.1001  1.45
33.1101  1.46
33.1201  1.36
33.1301  1.47
33.1401  1.59
33.1501  1.39
33.1601  1.72
33.1701  1.38
33.1801  1.47
33.1901  1.42
33.2001  1.58
33.2101  1.57
33.2201  1.58
33.2301  1.33
33.2401  1.37
33.2501  1.31
33.2601  1.38
33.2701  1.57
33.2801  1.44
33.2901  1.47
33.3001  1.56
33.3101  1.7
33.3201  1.34
33.3301  1.31
33.3401  1.66
33.3501  1.17
33.3601  1.62
33.3701  1.36
33.3801  1.43
33.3901  1.65
33.4001  1.37
33.4101  1.38
33.4201  1.55
33.4301  1.37
33.4401  1.56
33.4501  1.7
33.4601  1.38
33.4701  1.55
33.4801  1.53
33.4901  1.54
33.5001  1.28
33.5101  1.63
33.5201  1.55
33.5301  1.54
33.5401  1.45
33.5501  1.52
33.5601  1.25
33.5701  1.31
33.5801  1.36
33.5901  1.46
33.6001  1.57
33.6101  1.43
33.6201  1.48
33.6301  1.34
33.6401  1.33
33.6501  1.44
33.6601  1.58
33.6701  1.77
33.6801  1.27
33.6901  1.38
33.7001  1.37
33.7101  1.55
33.7201  1.53
33.7301  1.51
33.7401  1.35
33.7501  1.34
33.7601  1.39
33.7701  1.47
33.7801  1.38
33.7901  1.56
33.8001  1.5
33.8101  1.36
33.8201  1.37
33.8301  1.66
33.8401  1.52
33.8501  1.48
33.8601  1.46
33.8701  1.48
33.8801  1.54
33.8901  1.41
33.9001  1.48
33.9101  1.46
33.9201  1.46
33.9301  1.4
33.9401  1.66
33.9501  1.44
33.9601  1.26
33.9701  1.49
33.9801  1.28
33.9901  1.4
34.0001  1.46
34.0101  1.59
34.0201  1.56
34.0301  1.54
34.0401  1.52
34.0501  1.46
34.0601  1.46
34.0701  1.42
34.0801  1.37
34.0901  1.44
34.1001  1.53
34.1101  1.6
34.1201  1.33
34.1301  1.58
34.1401  1.64
34.1501  1.43
34.1601  1.33
34.1701  1.41
34.1801  1.57
34.1901  1.65
34.2001  1.24
34.2101  1.64
34.2201  1.52
34.2301  1.45
34.2401  1.34
34.2501  1.37
34.2601  1.48
34.2701  1.41
34.2801  1.47
34.2901  1.53
34.3001  1.46
34.3101  1.42
34.3201  1.64
34.3301  1.53
34.3401  1.25
34.3501  1.52
34.3601  1.43
34.3701  1.53
34.3801  1.57
34.3901  1.36
34.4001  1.54
34.4101  1.45
34.4201  1.48
34.4301  1.5
34.4401  1.62
34.4501  1.41
34.4601  1.37
34.4701  1.38
34.4801  1.62
34.4901  1.26
34.5  1.46
34.51  1.52
34.52  1.39
34.53  1.23
34.54  1.68
34.55  1.61
34.56  1.53
34.57  1.4
34.58  1.83
34.59  1.54
34.6  1.46
34.61  1.24
34.62  1.61
34.63  1.47
34.64  1.57
34.65  1.48
34.66  1.37
34.67  1.57
34.68  1.18
34.69  1.56
34.7  1.43
34.71  1.32
34.72  1.31
34.73  1.43
34.74  1.59
34.75  1.37
34.76  1.58
34.77  1.49
34.78  1.35
34.79  1.49
34.8  1.38
34.81  1.51
34.82  1.58
34.83  1.48
34.84  1.65
34.85  1.14
34.86  1.32
34.87  1.56
34.88  1.48
34.89  1.38
34.9  1.5
34.91  1.34
34.92  1.41
34.93  1.61
34.94  1.68
34.95  1.35
34.96  1.53
34.97  1.61
34.98  1.48
34.99  1.45
35  1.62
35.01  1.29
35.02  1.27
35.03  1.48
35.04  1.38
35.05  1.3
35.06  1.39
35.07  1.48
35.08  1.53
35.09  1.61
35.1  1.49
35.11  1.68
35.12  1.5
35.13  1.29
35.14  1.52
35.15  1.44
35.16  1.33
35.17  1.63
35.18  1.42
35.19  1.42
35.2  1.5
35.21  1.64
35.22  1.54
35.23  1.43
35.24  1.59
35.25  1.62
35.26  1.4
35.27  1.41
35.28  1.34
35.29  1.38
35.3  1.34
35.31  1.35
35.32  1.59
35.33  1.54
35.34  1.63
35.35  1.42
35.36  1.54
35.37  1.42
35.38  1.46
35.39  1.44
35.4  1.42
35.41  1.27
35.42  1.6
35.43  1.38
35.44  1.49
35.45  1.58
35.46  1.7
35.47  1.31
35.48  1.42
35.49  1.46
35.5  1.45
35.51  1.4
35.52  1.37
35.53  1.5
35.54  1.53
35.55  1.5
35.56  1.39
35.57  1.47
35.58  1.48
35.59  1.47
35.6  1.42
35.61  1.39
35.62  1.51
35.63  1.47
35.64  1.62
35.65  1.56
35.66  1.33
35.67  1.46
35.68  1.5
35.69  1.3
35.7  1.33
35.71  1.51
35.72  1.39
35.73  1.66
35.74  1.53
35.75  1.43
35.76  1.41
35.77  1.52
35.78  1.37
35.79  1.38
35.8  1.3
35.81  1.4
35.82  1.47
35.83  1.57
35.84  1.24
35.85  1.48
35.86  1.62
35.87  1.47
35.88  1.34
35.89  1.38
35.9  1.52
35.91  1.57
35.92  1.55
35.93  1.62
35.94  1.31
35.95  1.4
35.96  1.6
35.97  1.53
35.98  1.44
35.99  1.28
36  1.5
36.01  1.26
36.02  1.42
36.03  1.6
36.04  1.63
36.05  1.56
36.06  1.29
36.07  1.44
36.08  1.64
36.09  1.48
36.1  1.37
36.11  1.38
36.12  1.49
36.13  1.49
36.14  1.41
36.15  1.53
36.16  1.45
36.17  1.26
36.18  1.61
36.19  1.4
36.2  1.52
36.21  1.54
36.22  1.46
36.23  1.61
36.24  1.36
36.25  1.17
36.26  1.67
36.27  1.59
36.28  1.58
36.29  1.58
36.3  1.52
36.31  1.45
36.32  1.69
36.33  1.45
36.34  1.59
36.35  1.62
36.36  1.25
36.37  1.5
36.38  1.26
36.39  1.43
36.4  1.59
36.41  1.44
36.42  1.4
36.43  1.55
36.44  1.45
36.45  1.37
36.46  1.61
36.47  1.32
36.48  1.44
36.49  1.61
36.5  1.46
36.51  1.51
36.52  1.52
36.53  1.49
36.54  1.64
36.55  1.46
36.56  1.4
36.57  1.55
36.58  1.41
36.59  1.46
36.6  1.59
36.61  1.42
36.62  1.29
36.63  1.47
36.64  1.23
36.65  1.47
36.66  1.49
36.67  1.55
36.68  1.59
36.69  1.8
36.7  1.44
36.71  1.51
36.72  1.26
36.73  1.46
36.74  1.38
36.75  1.43
36.76  1.44
36.77  1.4
36.78  1.46
36.79  1.31
36.8  1.47
36.81  1.55
36.82  1.49
36.83  1.34
36.84  1.54
36.85  1.38
36.86  1.25
36.87  1.53
36.88  1.54
36.89  1.43
36.9  1.27
36.91  1.37
36.92  1.55
36.93  1.4
36.94  1.34
36.95  1.34
36.96  1.43
36.97  1.53
36.98  1.53
36.99  1.45
37  1.6
37.01  1.44
37.02  1.55
37.03  1.77
37.04  1.65
37.05  1.46
37.06  1.42
37.07  1.68
37.08  1.42
37.09  1.29
37.1  1.49
37.11  1.43
37.12  1.32
37.13  1.45
37.14  1.5
37.15  1.42
37.16  1.71
37.17  1.47
37.18  1.37
37.19  1.44
37.2  1.56
37.21  1.4
37.22  1.45
37.23  1.36
37.24  1.48
37.25  1.51
37.26  1.41
37.27  1.46
37.28  1.72
37.29  1.63
37.3  1.8
37.31  1.59
37.32  1.31
37.33  1.59
37.34  1.66
37.35  1.61
37.36  1.44
37.37  1.42
37.38  1.21
37.39  1.45
37.4  1.57
37.41  1.54
37.42  1.53
37.43  1.51
37.44  1.45
37.45  1.47
37.46  1.37
37.47  1.54
37.48  1.48
37.49  1.49
37.5  1.34
37.51  1.29
37.52  1.51
37.53  1.34
37.54  1.54
37.55  1.36
37.56  1.36
37.57  1.48
37.58  1.46
37.59  1.29
37.6  1.42
37.61  1.44
37.62  1.29
37.63  1.37
37.64  1.41
37.65  1.53
37.66  1.65
37.67  1.53
37.68  1.4
37.69  1.82
37.7  1.25
37.71  1.44
37.72  1.34
37.73  1.39
37.74  1.53
37.75  1.34
37.76  1.52
37.77  1.56
37.78  1.49
37.79  1.68
37.8  1.44
37.81  1.63
37.82  1.45
37.83  1.47
37.84  1.21
37.85  1.45
37.86  1.43
37.87  1.38
37.88  1.67
37.89  1.19
37.9  1.51
37.91  1.58
37.92  1.58
37.93  1.61
37.94  1.44
37.95  1.64
37.96  1.51
37.97  1.49
37.98  1.35
37.99  1.48
38  1.48
38.01  1.51
38.02  1.55
38.03  1.43
38.04  1.28
38.05  1.43
38.06  1.49
38.07  1.33
38.08  1.41
38.09  1.34
38.1  1.63
38.11  1.6
38.12  1.63
38.13  1.64
38.14  1.26
38.15  1.39
38.16  1.58
38.17  1.63
38.18  1.37
38.19  1.51
38.2  1.54
38.21  1.61
38.22  1.43
38.23  1.23
38.24  1.41
38.25  1.42
38.26  1.4
38.27  1.5
38.28  1.4
38.29  1.37
38.3  1.38
38.31  1.33
38.32  1.33
38.33  1.43
38.34  1.51
38.35  1.4
38.36  1.65
38.37  1.29
38.38  1.45
38.39  1.56
38.4  1.37
38.41  1.48
38.42  1.58
38.43  1.46
38.44  1.72
38.45  1.57
38.46  1.49
38.47  1.6
38.48  1.48
38.49  1.29
38.5  1.61
38.51  1.53
38.52  1.22
38.53  1.23
38.54  1.41
38.55  1.66
38.56  1.56
38.57  1.6
38.58  1.42
38.59  1.62
38.6  1.4
38.61  1.55
38.62  1.59
38.63  1.42
38.64  1.56
38.65  1.38
38.66  1.29
38.67  1.46
38.68  1.22
38.69  1.34
38.7  1.57
38.71  1.49
38.72  1.55
38.73  1.51
38.74  1.44
38.75  1.25
38.76  1.61
38.77  1.36
38.78  1.54
38.79  1.5
38.8  1.38
38.81  1.34
38.82  1.35
38.83  1.61
38.84  1.4
38.85  1.53
38.86  1.39
38.87  1.49
38.88  1.3
38.89  1.72
38.9  1.49
38.91  1.5
38.92  1.57
38.93  1.54
38.94  1.22
38.95  1.58
38.96  1.28
38.97  1.21
38.98  1.06
38.99  1.68
39  1.5
39.01  1.52
39.02  1.55
39.03  1.56
39.04  1.43
39.05  1.4
39.06  1.6
39.07  1.39
39.08  1.62
39.09  1.45
39.1  1.39
39.11  1.49
39.12  1.42
39.13  1.37
39.14  1.5
39.15  1.4
39.16  1.51
39.17  1.42
39.18  1.48
39.19  1.38
39.2  1.4
39.21  1.43
39.22  1.33
39.23  1.51
39.24  1.62
39.25  1.58
39.26  1.42
39.27  1.43
39.28  1.61
39.29  1.49
39.3  1.42
39.31  1.54
39.32  1.38
39.33  1.63
39.34  1.52
39.35  1.33
39.36  1.48
39.37  1.39
39.38  1.56
39.39  1.63
39.4  1.16
39.41  1.48
39.42  1.4
39.43  1.66
39.44  1.5
39.45  1.55
39.46  1.47
39.47  1.53
39.48  1.26
39.49  1.57
39.5  1.53
39.51  1.27
39.52  1.6
39.53  1.16
39.54  1.53
39.55  1.67
39.56  1.47
39.57  1.5
39.58  1.38
39.59  1.69
39.6  1.38
39.61  1.39
39.62  1.61
39.63  1.3
39.64  1.25
39.65  1.47
39.66  1.49
39.67  1.55
39.68  1.5
39.69  1.41
39.7  1.36
39.71  1.57
39.72  1.43
39.73  1.6
39.74  1.41
39.75  1.37
39.76  1.46
39.77  1.41
39.78  1.3
39.79  1.43
39.8  1.39
39.81  1.5
39.82  1.29
39.83  1.32
39.84  1.48
39.85  1.64
39.86  1.34
39.87  1.4
39.88  1.59
39.89  1.58
39.9  1.56
39.91  1.44
39.92  1.68
39.93  1.26
39.94  1.35
39.95  1.6
39.96  1.27
39.97  1.46
39.98  1.47
39.99  1.47
