-15  0
-14.99  0
-14.98  0
-14.97  0
-14.96  0
-14.95  0.04
-14.94  0
-14.93  0.04
-14.92  0
-14.91  0.04
-14.9  0.04
-14.89  0
-14.88  0.04
-14.87  0.04
-14.86  0.04
-14.85  0.08
-14.84  0.08
-14.83  0.04
-14.82  0.08
-14.81  0.08
-14.8  0.04
-14.79  0.08
-14.78  0.12
-14.77  0.12
-14.76  0.12
-14.75  0.08
-14.74  0.12
-14.73  0.2
-14.72  0.2
-14.71  0.16
-14.7  0.16
-14.69  0.2
-14.68  0.28
-14.67  0.24
-14.66  0.28
-14.65  0.28
-14.64  0.4
-14.63  0.4
-14.62  0.56
-14.61  0.56
-14.6  0.64
-14.59  0.76
-14.58  0.92
-14.57  1.12
-14.56  1.36
-14.55  1.8
-14.54  2.28
-14.53  3.16
-14.52  4.24
-14.51  6.04
-14.5  8.4
-14.49  10.4
-14.48  10.8
-14.47  9
-14.46  6.76
-14.45  4.72
-14.44  3.4
-14.43  2.52
-14.42  1.92
-14.41  1.52
-14.4  1.2
-14.39  1.04
-14.38  0.76
-14.37  0.72
-14.36  0.6
-14.35  0.48
-14.34  0.56
-14.33  0.4
-14.32  0.36
-14.31  0.32
-14.3  0.36
-14.29  0.28
-14.28  0.28
-14.27  0.24
-14.26  0.2
-14.25  0.24
-14.24  0.2
-14.23  0.2
-14.22  0.16
-14.21  0.2
-14.2  0.16
-14.19  0.16
-14.18  0.12
-14.17  0.2
-14.16  0.16
-14.15  0.2
-14.14  0.16
-14.13  0.16
-14.12  0.08
-14.11  0.16
-14.1  0.12
-14.09  0.16
-14.08  0.12
-14.07  0.16
-14.06  0.12
-14.05  0.16
-14.04  0.16
-14.03  0.12
-14.02  0.16
-14.01  0.2
-14  0.08
-13.99  0.16
-13.98  0.16
-13.97  0.12
-13.96  0.2
-13.95  0.2
-13.94  0.16
-13.93  0.16
-13.92  0.12
-13.91  0.2
-13.9  0.16
-13.89  0.24
-13.88  0.2
-13.87  0.12
-13.86  0.24
-13.85  0.16
-13.84  0.36
-13.83  0.16
-13.82  0.28
-13.81  0.24
-13.8  0.24
-13.79  0.32
-13.78  0.24
-13.77  0.28
-13.76  0.32
-13.75  0.28
-13.74  0.4
-13.73  0.36
-13.72  0.36
-13.71  0.4
-13.7  0.4
-13.69  0.48
-13.68  0.48
-13.67  0.56
-13.66  0.52
-13.65  0.64
-13.64  0.64
-13.63  0.68
-13.62  0.76
-13.61  0.84
-13.6  0.88
-13.59  1
-13.58  1.12
-13.57  1.24
-13.56  1.32
-13.55  1.52
-13.54  1.64
-13.53  1.84
-13.52  2.12
-13.51  2.28
-13.5  2.68
-13.49  2.84
-13.48  3.08
-13.47  3.32
-13.46  3.6
-13.45  3.72
-13.44  3.72
-13.43  3.8
-13.42  3.52
-13.41  3.28
-13.4  3.08
-13.39  2.84
-13.38  2.52
-13.37  2.4
-13.36  2.04
-13.35  1.8
-13.34  1.64
-13.33  1.44
-13.32  1.36
-13.31  1.2
-13.3  1.04
-13.29  1
-13.28  1
-13.27  0.8
-13.26  0.84
-13.25  0.68
-13.24  0.68
-13.23  0.6
-13.22  0.56
-13.21  0.64
-13.2  0.52
-13.19  0.52
-13.18  0.48
-13.17  0.48
-13.16  0.52
-13.15  0.4
-13.14  0.4
-13.13  0.36
-13.12  0.36
-13.11  0.36
-13.1  0.32
-13.09  0.36
-13.08  0.28
-13.07  0.44
-13.06  0.32
-13.05  0.36
-13.04  0.28
-13.03  0.36
-13.02  0.28
-13.01  0.36
-13  0.28
-12.99  0.24
-12.98  0.36
-12.97  0.24
-12.96  0.28
-12.95  0.36
-12.94  0.36
-12.93  0.32
-12.92  0.32
-12.91  0.32
-12.9  0.32
-12.89  0.28
-12.88  0.4
-12.87  0.28
-12.86  0.36
-12.85  0.32
-12.84  0.36
-12.83  0.36
-12.82  0.36
-12.81  0.36
-12.8  0.36
-12.79  0.4
-12.78  0.36
-12.77  0.36
-12.76  0.52
-12.75  0.4
-12.74  0.52
-12.73  0.6
-12.72  0.48
-12.71  0.44
-12.7  0.56
-12.69  0.6
-12.68  0.52
-12.67  0.56
-12.66  0.64
-12.65  0.68
-12.64  0.68
-12.63  0.8
-12.62  0.8
-12.61  0.8
-12.6  0.84
-12.59  0.92
-12.58  1.04
-12.57  1
-12.56  1.08
-12.55  1.16
-12.54  1.2
-12.53  1.28
-12.52  1.44
-12.51  1.44
-12.5  1.76
-12.49  1.72
-12.48  1.76
-12.47  1.96
-12.46  1.92
-12.45  2.08
-12.44  2.24
-12.43  2.24
-12.42  2.28
-12.41  2.36
-12.4  2.28
-12.39  2.44
-12.38  2.2
-12.37  2.24
-12.36  2.12
-12.35  2.12
-12.34  2.04
-12.33  1.96
-12.32  1.76
-12.31  1.76
-12.3  1.72
-12.29  1.52
-12.28  1.52
-12.27  1.4
-12.26  1.28
-12.25  1.28
-12.24  1.04
-12.23  1.12
-12.22  1.04
-12.21  1
-12.2  0.88
-12.19  0.88
-12.18  0.84
-12.17  0.8
-12.16  0.72
-12.15  0.72
-12.14  0.76
-12.13  0.64
-12.12  0.64
-12.11  0.6
-12.1  0.64
-12.09  0.56
-12.08  0.52
-12.07  0.6
-12.06  0.6
-12.05  0.48
-12.04  0.56
-12.03  0.48
-12.02  0.52
-12.01  0.48
-12  0.48
-11.99  0.4
-11.98  0.48
-11.97  0.56
-11.96  0.44
-11.95  0.48
-11.94  0.44
-11.93  0.44
-11.92  0.44
-11.91  0.44
-11.9  0.44
-11.89  0.36
-11.88  0.44
-11.87  0.44
-11.86  0.52
-11.85  0.48
-11.84  0.48
-11.83  0.44
-11.82  0.52
-11.81  0.52
-11.8  0.44
-11.79  0.48
-11.78  0.48
-11.77  0.48
-11.76  0.48
-11.75  0.52
-11.74  0.56
-11.73  0.56
-11.72  0.52
-11.71  0.72
-11.7  0.6
-11.69  0.52
-11.68  0.68
-11.67  0.64
-11.66  0.68
-11.65  0.72
-11.64  0.64
-11.63  0.8
-11.62  0.8
-11.61  0.8
-11.6  0.76
-11.59  0.84
-11.58  0.84
-11.57  0.92
-11.56  1
-11.55  0.92
-11.54  1.16
-11.53  0.96
-11.52  1.12
-11.51  1.16
-11.5  1.4
-11.49  1.28
-11.48  1.32
-11.47  1.28
-11.46  1.52
-11.45  1.32
-11.44  1.72
-11.43  1.52
-11.42  1.68
-11.41  1.56
-11.4  1.68
-11.39  1.72
-11.38  1.72
-11.37  1.72
-11.36  1.76
-11.35  1.72
-11.34  1.88
-11.33  1.68
-11.32  1.76
-11.31  1.64
-11.3  1.64
-11.29  1.56
-11.28  1.6
-11.27  1.52
-11.26  1.48
-11.25  1.44
-11.24  1.4
-11.23  1.28
-11.22  1.28
-11.21  1.32
-11.2  1.12
-11.19  1.2
-11.18  1.16
-11.17  1.16
-11.16  0.96
-11.15  0.96
-11.14  0.96
-11.13  0.8
-11.12  0.84
-11.11  1.04
-11.1  0.8
-11.09  0.76
-11.08  0.76
-11.07  0.76
-11.06  0.72
-11.05  0.72
-11.04  0.68
-11.03  0.76
-11.02  0.64
-11.01  0.76
-11  0.6
-10.99  0.64
-10.98  0.56
-10.97  0.64
-10.96  0.64
-10.95  0.6
-10.94  0.52
-10.93  0.64
-10.92  0.52
-10.91  0.72
-10.9  0.52
-10.89  0.68
-10.88  0.48
-10.87  0.64
-10.86  0.48
-10.85  0.48
-10.84  0.64
-10.83  0.6
-10.82  0.64
-10.81  0.48
-10.8  0.56
-10.79  0.52
-10.78  0.6
-10.77  0.6
-10.76  0.64
-10.75  0.6
-10.74  0.56
-10.73  0.64
-10.72  0.68
-10.71  0.56
-10.7  0.8
-10.69  0.6
-10.68  0.64
-10.67  0.64
-10.66  0.64
-10.65  0.8
-10.64  0.72
-10.63  0.76
-10.62  0.76
-10.61  0.84
-10.6  0.68
-10.59  0.84
-10.58  0.88
-10.57  0.8
-10.56  0.84
-10.55  1
-10.54  0.92
-10.53  0.88
-10.52  1.08
-10.51  1
-10.5  1.04
-10.49  1.08
-10.48  1.16
-10.47  1.16
-10.46  1.08
-10.45  1.12
-10.44  1.2
-10.43  1.24
-10.42  1.36
-10.41  1.28
-10.4  1.28
-10.39  1.48
-10.38  1.36
-10.37  1.36
-10.36  1.4
-10.35  1.4
-10.34  1.48
-10.33  1.48
-10.32  1.44
-10.31  1.52
-10.3  1.44
-10.29  1.44
-10.28  1.6
-10.27  1.32
-10.26  1.44
-10.25  1.44
-10.24  1.32
-10.23  1.24
-10.22  1.36
-10.21  1.32
-10.2  1.16
-10.19  1.28
-10.18  1.16
-10.17  1.36
-10.16  1.16
-10.15  1.08
-10.14  1.08
-10.13  1.04
-10.12  1.08
-10.11  1.04
-10.1  1
-10.09  1.04
-10.08  0.96
-10.07  0.84
-10.06  1
-10.05  0.84
-10.04  0.92
-10.03  0.88
-10.02  0.8
-10.01  0.84
-10  0.76
-9.99  0.76
-9.98  0.72
-9.97  0.72
-9.96  0.72
-9.95  0.84
-9.94  0.8
-9.93  0.68
-9.92  0.68
-9.91  0.72
-9.9  0.6
-9.89  0.68
-9.88  0.72
-9.87  0.72
-9.86  0.6
-9.85  0.64
-9.84  0.76
-9.83  0.72
-9.82  0.68
-9.81  0.6
-9.8  0.72
-9.79  0.64
-9.78  0.68
-9.77  0.56
-9.76  0.88
-9.75  0.64
-9.74  0.68
-9.73  0.68
-9.72  0.68
-9.71  0.64
-9.7  0.72
-9.69  0.72
-9.68  0.64
-9.67  0.72
-9.66  0.64
-9.65  0.72
-9.64  0.72
-9.63  0.76
-9.62  0.92
-9.61  0.8
-9.6  0.76
-9.59  0.88
-9.58  0.72
-9.57  0.84
-9.56  0.72
-9.55  1
-9.54  0.92
-9.53  0.88
-9.52  0.84
-9.51  0.84
-9.5  1.08
-9.49  0.92
-9.48  1
-9.47  1
-9.46  1.04
-9.45  1.08
-9.44  1.08
-9.43  1.04
-9.42  1.12
-9.41  1.12
-9.4  1.12
-9.39  1.16
-9.38  1.28
-9.37  1.12
-9.36  1.24
-9.35  1.2
-9.34  1.2
-9.33  1.28
-9.32  1.16
-9.31  1.4
-9.3  1.2
-9.29  1.2
-9.28  1.32
-9.27  1.32
-9.26  1.4
-9.25  1.16
-9.24  1.24
-9.23  1.24
-9.22  1.32
-9.21  1.24
-9.2  1.2
-9.19  1.32
-9.18  1.24
-9.17  1.2
-9.16  1.24
-9.15  1.24
-9.14  1.08
-9.13  1.08
-9.12  1.12
-9.11  1.04
-9.1  1.12
-9.09  1.04
-9.08  0.96
-9.07  1.08
-9.06  1.12
-9.05  1
-9.04  0.96
-9.03  1
-9.02  1.04
-9.01  0.88
-9  0.84
-8.99  0.88
-8.98  0.88
-8.97  0.8
-8.96  0.84
-8.95  0.88
-8.94  0.84
-8.93  0.84
-8.92  0.76
-8.91  0.92
-8.9  0.72
-8.89  0.72
-8.88  0.76
-8.87  0.8
-8.86  0.76
-8.85  0.72
-8.84  0.8
-8.83  0.84
-8.82  0.84
-8.81  0.8
-8.8  0.8
-8.79  0.68
-8.78  0.72
-8.77  0.76
-8.76  0.76
-8.75  0.72
-8.74  0.64
-8.73  0.76
-8.72  0.72
-8.71  0.76
-8.7  0.68
-8.69  0.72
-8.68  0.8
-8.67  0.8
-8.66  0.72
-8.65  0.84
-8.64  0.72
-8.63  0.76
-8.62  0.88
-8.61  0.76
-8.6  0.72
-8.59  0.8
-8.58  0.96
-8.57  0.8
-8.56  0.84
-8.55  0.72
-8.54  0.88
-8.53  0.96
-8.52  0.84
-8.51  0.84
-8.5  1
-8.49  0.92
-8.48  0.92
-8.47  1
-8.46  0.92
-8.45  0.88
-8.44  1.04
-8.43  0.92
-8.42  1.04
-8.41  0.96
-8.4  1.04
-8.39  1.04
-8.38  1.08
-8.37  1
-8.36  1.12
-8.35  1.04
-8.34  1.32
-8.33  1.08
-8.32  1.04
-8.31  1.12
-8.3  1.08
-8.29  1.2
-8.28  1.16
-8.27  1.16
-8.26  1.24
-8.25  1.04
-8.24  1.16
-8.23  1.36
-8.22  1.08
-8.21  1.24
-8.2  1.04
-8.19  1.2
-8.18  1.2
-8.17  1.24
-8.16  1.24
-8.15  1.08
-8.14  1.16
-8.13  1
-8.12  1.16
-8.11  1.08
-8.1  1.12
-8.09  1
-8.08  1.16
-8.07  1.12
-8.06  1.12
-8.05  1.04
-8.04  0.92
-8.03  1.08
-8.02  0.92
-8.01  1.12
-8  0.84
-7.99  1.04
-7.98  0.96
-7.97  0.84
-7.96  0.96
-7.95  0.96
-7.94  0.84
-7.93  0.96
-7.92  0.88
-7.91  0.92
-7.9  0.88
-7.89  0.96
-7.88  0.88
-7.87  0.76
-7.86  0.88
-7.85  0.8
-7.84  0.92
-7.83  0.88
-7.82  0.76
-7.81  0.8
-7.8  0.8
-7.79  0.72
-7.78  0.8
-7.77  0.92
-7.76  0.84
-7.75  0.84
-7.74  0.76
-7.73  0.72
-7.72  0.88
-7.71  0.76
-7.7  0.84
-7.69  0.76
-7.68  0.72
-7.67  0.8
-7.66  0.84
-7.65  0.72
-7.64  0.8
-7.63  0.92
-7.62  0.76
-7.61  0.92
-7.6  0.76
-7.59  0.8
-7.58  0.88
-7.57  0.76
-7.56  0.88
-7.55  0.84
-7.54  0.8
-7.53  0.8
-7.52  0.92
-7.51  0.88
-7.5  0.96
-7.49  0.92
-7.48  0.88
-7.47  0.92
-7.46  1.04
-7.45  0.88
-7.44  0.96
-7.43  0.92
-7.42  0.92
-7.41  0.92
-7.4  1.04
-7.39  0.92
-7.38  0.96
-7.37  1
-7.36  0.96
-7.35  1.04
-7.34  1
-7.33  1.04
-7.32  1
-7.31  1.12
-7.3  1
-7.29  1.12
-7.28  1.08
-7.27  1.12
-7.26  1
-7.25  1.08
-7.24  1.08
-7.23  1.12
-7.22  1.12
-7.21  1.16
-7.2  1.04
-7.19  1.12
-7.18  1.08
-7.17  1.12
-7.16  1.12
-7.15  1.2
-7.14  1.08
-7.13  1.16
-7.12  1.04
-7.11  1.08
-7.1  1.04
-7.09  1.08
-7.08  1.04
-7.07  1.04
-7.06  1
-7.05  1.08
-7.04  1.16
-7.03  0.92
-7.02  1
-7.01  1.04
-7  1.04
-6.99  0.96
-6.98  1.04
-6.97  1.04
-6.96  0.88
-6.95  1
-6.94  1.04
-6.93  0.92
-6.92  1
-6.91  0.92
-6.9  0.84
-6.89  1
-6.88  0.92
-6.87  0.84
-6.86  0.92
-6.85  0.88
-6.84  0.92
-6.83  1.08
-6.82  0.84
-6.81  1.04
-6.8  0.76
-6.79  0.8
-6.78  0.84
-6.77  0.84
-6.76  0.88
-6.75  0.84
-6.74  0.76
-6.73  0.92
-6.72  0.8
-6.71  0.8
-6.7  0.76
-6.69  0.84
-6.68  1.04
-6.67  0.84
-6.66  0.8
-6.65  0.8
-6.64  0.92
-6.63  0.76
-6.62  0.88
-6.61  0.92
-6.6  0.8
-6.59  0.8
-6.58  0.84
-6.57  0.8
-6.56  0.96
-6.55  0.76
-6.54  0.84
-6.53  0.96
-6.52  0.88
-6.51  0.88
-6.5  0.88
-6.49  0.92
-6.48  0.76
-6.47  0.92
-6.46  0.96
-6.45  0.84
-6.44  0.96
-6.43  0.88
-6.42  0.92
-6.41  0.88
-6.4  1.12
-6.39  0.96
-6.38  0.92
-6.37  0.96
-6.36  0.96
-6.35  1
-6.34  0.92
-6.33  1
-6.32  1
-6.31  0.92
-6.3  1
-6.29  1.12
-6.28  0.92
-6.27  1
-6.26  0.92
-6.25  1.16
-6.24  1.04
-6.23  1
-6.22  0.88
-6.21  1.04
-6.2  1.2
-6.19  1.04
-6.18  1.12
-6.17  1.04
-6.16  1.16
-6.15  1.04
-6.14  0.96
-6.13  1.16
-6.12  1.04
-6.11  1.04
-6.1  1.16
-6.09  0.96
-6.08  0.92
-6.07  1.08
-6.06  1.08
-6.05  1.08
-6.04  1.08
-6.03  0.96
-6.02  1
-6.01  1
-6  1.08
-5.99  0.96
-5.98  1.04
-5.97  1
-5.96  0.96
-5.95  1
-5.94  0.96
-5.93  1
-5.92  1
-5.91  1.04
-5.9  1
-5.89  1.04
-5.88  0.88
-5.87  0.96
-5.86  0.92
-5.85  0.84
-5.84  0.88
-5.83  0.96
-5.82  0.88
-5.81  1.04
-5.8  0.88
-5.79  0.96
-5.78  0.96
-5.77  0.92
-5.76  0.96
-5.75  0.84
-5.74  0.84
-5.73  0.92
-5.72  0.88
-5.71  0.92
-5.7  0.88
-5.69  0.72
-5.68  0.92
-5.67  0.88
-5.66  0.76
-5.65  1
-5.64  0.88
-5.63  0.8
-5.62  0.84
-5.61  0.92
-5.6  1
-5.59  0.76
-5.58  0.8
-5.57  0.96
-5.56  0.88
-5.55  0.84
-5.54  0.84
-5.53  0.96
-5.52  0.84
-5.51  0.84
-5.5  0.96
-5.49  0.92
-5.48  0.84
-5.47  0.8
-5.46  0.92
-5.45  0.8
-5.44  1.04
-5.43  0.92
-5.42  1.04
-5.41  0.92
-5.4  0.88
-5.39  0.96
-5.38  0.88
-5.37  0.96
-5.36  0.88
-5.35  1.08
-5.34  0.92
-5.33  0.92
-5.32  0.92
-5.31  1
-5.3  0.96
-5.29  1
-5.28  0.88
-5.27  1
-5.26  0.92
-5.25  1.16
-5.24  0.88
-5.23  1.04
-5.22  1
-5.21  0.96
-5.2  1.04
-5.19  1
-5.18  0.92
-5.17  0.96
-5.16  1.12
-5.15  0.96
-5.14  0.96
-5.13  1.24
-5.12  1.08
-5.11  1
-5.1  0.96
-5.09  1.08
-5.08  1
-5.07  1.08
-5.06  0.96
-5.05  1
-5.04  1.12
-5.03  0.88
-5.02  1.08
-5.01  1.04
-5  0.84
-4.99  1.12
-4.98  0.96
-4.97  0.96
-4.96  1
-4.95  1.2
-4.94  0.92
-4.93  0.96
-4.92  0.92
-4.91  1.04
-4.9  0.96
-4.89  1.04
-4.88  0.8
-4.87  1.12
-4.86  0.92
-4.85  1
-4.84  0.96
-4.83  1.04
-4.82  0.92
-4.81  0.8
-4.8  0.96
-4.79  1.04
-4.78  0.92
-4.77  0.96
-4.76  0.76
-4.75  0.96
-4.74  0.96
-4.73  0.88
-4.72  0.92
-4.71  0.92
-4.7  0.88
-4.69  0.96
-4.68  0.96
-4.67  0.88
-4.66  0.96
-4.65  0.96
-4.64  0.88
-4.63  0.84
-4.62  0.92
-4.61  0.84
-4.6  1.12
-4.59  0.76
-4.58  0.92
-4.57  0.92
-4.56  0.8
-4.55  0.88
-4.54  0.8
-4.53  0.84
-4.52  0.92
-4.51  0.84
-4.5  0.84
-4.49  1.04
-4.48  1
-4.47  0.8
-4.46  1
-4.45  0.8
-4.44  1.04
-4.43  0.96
-4.42  0.96
-4.41  0.76
-4.4  0.92
-4.39  0.88
-4.38  0.88
-4.37  0.96
-4.36  1.04
-4.35  0.92
-4.34  0.92
-4.33  1
-4.32  0.84
-4.31  0.96
-4.3  1.08
-4.29  0.92
-4.28  1
-4.27  0.96
-4.26  0.92
-4.25  1
-4.24  0.96
-4.23  0.92
-4.22  1
-4.21  1.04
-4.2  0.88
-4.19  1
-4.18  0.96
-4.17  1
-4.16  0.96
-4.15  0.88
-4.14  1.04
-4.13  1
-4.12  1.08
-4.11  0.92
-4.1  0.96
-4.09  0.96
-4.08  1.12
-4.07  0.92
-4.06  1
-4.05  0.92
-4.04  1.12
-4.03  0.88
-4.02  1.12
-4.01  1.12
-4  1.04
-3.99  0.96
-3.98  1.04
-3.97  0.96
-3.96  1.08
-3.95  1
-3.94  0.96
-3.93  0.96
-3.92  1.08
-3.91  0.88
-3.9  0.96
-3.89  1.04
-3.88  0.84
-3.87  0.92
-3.86  0.96
-3.85  1.04
-3.84  0.88
-3.83  1
-3.82  1.04
-3.81  0.96
-3.8  0.96
-3.79  0.92
-3.78  0.96
-3.77  0.96
-3.76  0.96
-3.75  0.92
-3.74  1
-3.73  0.88
-3.72  0.92
-3.71  0.96
-3.7  0.92
-3.69  1
-3.68  0.88
-3.67  0.92
-3.66  0.96
-3.65  0.88
-3.64  0.84
-3.63  0.96
-3.62  0.92
-3.61  0.96
-3.6  0.92
-3.59  1
-3.58  0.76
-3.57  1.04
-3.56  0.92
-3.55  0.88
-3.54  0.84
-3.53  1
-3.52  1
-3.51  0.92
-3.5  0.96
-3.49  0.92
-3.48  0.76
-3.47  0.92
-3.46  0.92
-3.45  0.84
-3.44  1
-3.43  0.84
-3.42  0.92
-3.41  0.88
-3.4  0.92
-3.39  1
-3.38  0.88
-3.37  0.84
-3.36  0.88
-3.35  1
-3.34  1
-3.33  0.92
-3.32  0.96
-3.31  0.96
-3.3  0.88
-3.29  1
-3.28  0.84
-3.27  1
-3.26  0.92
-3.25  1
-3.24  0.88
-3.23  1.12
-3.22  0.88
-3.21  1.04
-3.2  1
-3.19  0.84
-3.18  0.88
-3.17  1
-3.16  1.04
-3.15  0.96
-3.14  1.08
-3.13  1
-3.12  0.88
-3.11  0.96
-3.1  0.92
-3.09  1
-3.08  1
-3.07  1.04
-3.06  0.96
-3.05  1
-3.04  0.84
-3.03  1
-3.02  0.88
-3.01  1.2
-3  1.04
-2.99  0.84
-2.98  1
-2.97  1.04
-2.96  1.04
-2.95  0.96
-2.94  1.08
-2.93  0.92
-2.92  0.96
-2.91  1
-2.9  0.96
-2.89  0.92
-2.88  1
-2.87  1.04
-2.86  0.96
-2.85  0.92
-2.84  0.92
-2.83  1
-2.82  1
-2.81  1.04
-2.8  0.88
-2.79  0.96
-2.78  1.08
-2.77  0.96
-2.76  0.92
-2.75  0.92
-2.74  0.96
-2.73  1
-2.72  0.96
-2.71  0.92
-2.7  0.8
-2.69  0.96
-2.68  0.92
-2.67  1.08
-2.66  0.88
-2.65  0.96
-2.64  0.88
-2.63  0.96
-2.62  0.96
-2.61  0.92
-2.6  1.04
-2.59  0.84
-2.58  0.96
-2.57  0.8
-2.56  0.96
-2.55  0.84
-2.54  0.96
-2.53  0.88
-2.52  0.92
-2.51  0.8
-2.5  1.04
-2.49  1
-2.48  0.84
-2.47  1
-2.46  0.88
-2.45  1.08
-2.44  0.96
-2.43  0.84
-2.42  1
-2.41  0.84
-2.4  1
-2.39  0.8
-2.38  1.08
-2.37  0.88
-2.36  0.92
-2.35  0.84
-2.34  0.92
-2.33  1
-2.32  0.92
-2.31  0.88
-2.3  0.88
-2.29  1.08
-2.28  0.96
-2.27  1
-2.26  0.96
-2.25  0.84
-2.24  0.88
-2.23  0.96
-2.22  0.96
-2.21  0.88
-2.2  0.96
-2.19  1
-2.18  1
-2.17  0.92
-2.16  1.04
-2.15  1.04
-2.14  0.84
-2.13  1
-2.12  1
-2.11  0.8
-2.1  1
-2.09  1.16
-2.08  0.88
-2.07  0.96
-2.06  0.92
-2.05  0.92
-2.04  1.12
-2.03  0.88
-2.02  1.08
-2.01  1
-2  0.92
-1.99  0.96
-1.98  0.92
-1.97  0.96
-1.96  0.88
-1.95  0.96
-1.94  1.04
-1.93  1.04
-1.92  1
-1.91  0.96
-1.9  1
-1.89  0.88
-1.88  0.96
-1.87  1.04
-1.86  0.92
-1.85  1
-1.84  0.92
-1.83  1.04
-1.82  1.04
-1.81  0.92
-1.8  0.92
-1.79  0.96
-1.78  1.08
-1.77  0.96
-1.76  0.88
-1.75  0.88
-1.74  1.08
-1.73  0.96
-1.72  0.84
-1.71  1
-1.7  1.08
-1.69  0.84
-1.68  1
-1.67  0.88
-1.66  0.92
-1.65  1.08
-1.64  0.92
-1.63  1
-1.62  0.88
-1.61  0.88
-1.6  1
-1.59  0.92
-1.58  0.96
-1.57  0.92
-1.56  1
-1.55  0.96
-1.54  0.84
-1.53  0.96
-1.52  0.88
-1.51  0.96
-1.5  0.84
-1.49  1
-1.48  1
-1.47  0.96
-1.46  0.88
-1.45  0.96
-1.44  0.8
-1.43  0.96
-1.42  0.88
-1.41  1.04
-1.4  1
-1.39  0.88
-1.38  0.96
-1.37  0.88
-1.36  0.96
-1.35  0.92
-1.34  1
-1.33  0.76
-1.32  0.96
-1.31  1
-1.3  0.8
-1.29  1
-1.28  0.92
-1.27  1.08
-1.26  0.92
-1.25  0.92
-1.24  1.04
-1.23  0.92
-1.22  1
-1.21  0.96
-1.2  1
-1.19  0.8
-1.18  0.92
-1.17  0.92
-1.16  1
-1.15  1.08
-1.14  0.84
-1.13  0.96
-1.12  0.92
-1.11  1
-1.1  0.76
-1.09  0.92
-1.08  1.04
-1.07  0.96
-1.06  0.96
-1.05  1.04
-1.04  0.96
-1.03  1.04
-1.02  0.84
-1.01  1.12
-1  0.84
-0.99  0.84
-0.98  1.08
-0.97  1
-0.96  1
-0.95  0.88
-0.94  1
-0.93  1.04
-0.92  0.88
-0.91  0.96
-0.9  1
-0.89  0.92
-0.88  1
-0.87  1.04
-0.86  1.04
-0.85  0.8
-0.84  1.2
-0.83  0.92
-0.82  1.04
-0.81  0.88
-0.8  0.92
-0.79  0.92
-0.78  1.08
-0.77  0.76
-0.76  1.04
-0.75  0.96
-0.74  0.92
-0.73  1
-0.72  0.88
-0.71  1.04
-0.7  0.96
-0.69  0.96
-0.68  1
-0.67  1.04
-0.66  0.8
-0.65  1
-0.64  0.88
-0.63  0.88
-0.62  1
-0.61  1.04
-0.6  0.8
-0.59  0.92
-0.58  0.88
-0.57  1.16
-0.56  0.96
-0.55  0.88
-0.54  0.96
-0.53  0.92
-0.52  0.92
-0.51  0.88
-0.5  1
-0.49  1.16
-0.48  0.88
-0.47  0.92
-0.46  0.96
-0.45  0.92
-0.44  0.92
-0.43  0.88
-0.42  0.96
-0.41  0.92
-0.4  1
-0.39  0.84
-0.38  0.96
-0.37  1
-0.36  0.92
-0.35  0.92
-0.34  1
-0.33  1.04
-0.32  0.76
-0.31  0.96
-0.3  1.04
-0.29  0.8
-0.28  1.08
-0.27  0.88
-0.26  0.84
-0.25  1.2
-0.24  0.8
-0.23  0.84
-0.22  0.92
-0.21  1.04
-0.2  0.88
-0.19  0.92
-0.18  1
-0.17  0.96
-0.16  0.96
-0.15  1
-0.14  0.72
-0.13  0.92
-0.12  1.04
-0.11  0.96
-0.1  1
-0.09  1.16
-0.08  0.96
-0.07  0.92
-0.06  1
-0.05  0.92
-0.04  0.92
-0.03  0.92
-0.02  0.92
-0.01  1.04
-2.16197e-11  0.92
0.0001  0
0.0101  0.92
0.0201  1.01
0.0301  0.97
0.0401  0.91
0.0501  0.93
0.0601  1.06
0.0701  0.91
0.0801  0.88
0.0901  1.03
0.1001  0.87
0.1101  0.87
0.1201  1.02
0.1301  0.92
0.1401  1.15
0.1501  1.02
0.1601  0.91
0.1701  1.05
0.1801  0.92
0.1901  1.03
0.2001  1.04
0.2101  1.14
0.2201  0.88
0.2301  1.17
0.2401  1.02
0.2501  0.9
0.2601  0.84
0.2701  0.96
0.2801  0.89
0.2901  0.98
0.3001  1.16
0.3101  1.07
0.3201  0.97
0.3301  0.97
0.3401  0.97
0.3501  0.95
0.3601  1.02
0.3701  1.11
0.3801  0.93
0.3901  1.1
0.4001  0.93
0.4101  1.04
0.4201  0.9
0.4301  1.13
0.4401  0.92
0.4501  0.95
0.4601  0.98
0.4701  0.97
0.4801  0.79
0.4901  0.83
0.5001  0.91
0.5101  0.99
0.5201  0.75
0.5301  0.9
0.5401  1.02
0.5501  0.82
0.5601  0.96
0.5701  0.78
0.5801  0.82
0.5901  0.91
0.6001  0.7
0.6101  0.79
0.6201  0.81
0.6301  0.98
0.6401  0.85
0.6501  0.75
0.6601  1.01
0.6701  0.88
0.6801  0.84
0.6901  0.73
0.7001  0.99
0.7101  0.93
0.7201  0.87
0.7301  0.9
0.7401  0.72
0.7501  0.91
0.7601  0.76
0.7701  0.86
0.7801  0.8
0.7901  0.95
0.8001  0.97
0.8101  0.88
0.8201  0.9
0.8301  0.94
0.8401  0.84
0.8501  0.74
0.8601  0.77
0.8701  0.85
0.8801  0.91
0.8901  0.73
0.9001  0.75
0.9101  1.02
0.9201  0.83
0.9301  0.85
0.9401  0.85
0.9501  0.71
0.9601  0.92
0.9701  1.04
0.9801  0.79
0.9901  0.98
1.0001  0.82
1.0101  0.82
1.0201  1.21
1.0301  0.78
1.0401  0.72
1.0501  0.79
1.0601  1.05
1.0701  1.03
1.0801  0.94
1.0901  0.81
1.1001  0.84
1.1101  0.91
1.1201  0.9
1.1301  1
1.1401  0.83
1.1501  0.82
1.1601  1.01
1.1701  1.01
1.1801  1
1.1901  0.88
1.2001  0.9
1.2101  0.87
1.2201  0.87
1.2301  0.87
1.2401  0.91
1.2501  0.85
1.2601  0.87
1.2701  0.77
1.2801  0.93
1.2901  1.01
1.3001  1.04
1.3101  0.98
1.3201  1.09
1.3301  0.82
1.3401  0.92
1.3501  1.05
1.3601  0.84
1.3701  0.98
1.3801  1
1.3901  1.01
1.4001  1.16
1.4101  0.98
1.4201  0.97
1.4301  0.95
1.4401  1.04
1.4501  0.94
1.4601  1.06
1.4701  1.18
1.4801  1.15
1.4901  0.95
1.5001  1.19
1.5101  0.97
1.5201  0.89
1.5301  0.94
1.5401  1.17
1.5501  1.01
1.5601  0.8
1.5701  1.01
1.5801  0.96
1.5901  1.07
1.6001  0.97
1.6101  1.03
1.6201  1.23
1.6301  0.99
1.6401  1.05
1.6501  0.92
1.6601  1.03
1.6701  1.12
1.6801  1.09
1.6901  0.86
1.7001  1.05
1.7101  1.08
1.7201  0.93
1.7301  1.1
1.7401  0.9
1.7501  1.23
1.7601  1.07
1.7701  0.92
1.7801  1.09
1.7901  0.93
1.8001  0.92
1.8101  1.04
1.8201  0.93
1.8301  0.88
1.8401  1.03
1.8501  0.93
1.8601  0.97
1.8701  1.01
1.8801  1.05
1.8901  0.98
1.9001  0.91
1.9101  1.03
1.9201  0.93
1.9301  1.01
1.9401  0.96
1.9501  1.06
1.9601  0.9
1.9701  1.08
1.9801  0.88
1.9901  0.91
2.0001  0.81
2.0101  1.05
2.0201  0.92
2.0301  0.94
2.0401  0.99
2.0501  0.98
2.0601  1.01
2.0701  0.83
2.0801  0.85
2.0901  1.11
2.1001  0.94
2.1101  1.16
2.1201  0.9
2.1301  0.95
2.1401  0.8
2.1501  0.96
2.1601  1.02
2.1701  1.06
2.1801  0.81
2.1901  1.1
2.2001  0.8
2.2101  0.87
2.2201  1
2.2301  0.86
2.2401  0.79
2.2501  0.93
2.2601  1.1
2.2701  0.79
2.2801  1.01
2.2901  0.9
2.3001  1.01
2.3101  0.97
2.3201  0.93
2.3301  0.92
2.3401  0.84
2.3501  0.97
2.3601  0.97
2.3701  0.98
2.3801  0.93
2.3901  0.99
2.4001  0.9
2.4101  0.86
2.4201  0.99
2.4301  0.89
2.4401  0.84
2.4501  1.03
2.4601  0.86
2.4701  0.87
2.4801  0.93
2.4901  1.16
2.5001  0.85
2.5101  0.76
2.5201  0.99
2.5301  0.96
2.5401  1.07
2.5501  0.94
2.5601  0.99
2.5701  0.97
2.5801  1.08
2.5901  1.01
2.6001  0.93
2.6101  0.91
2.6201  0.91
2.6301  0.83
2.6401  0.97
2.6501  0.93
2.6601  0.95
2.6701  0.9
2.6801  0.72
2.6901  1.02
2.7001  0.93
2.7101  0.87
2.7201  0.97
2.7301  1.02
2.7401  0.98
2.7501  0.96
2.7601  1.08
2.7701  0.82
2.7801  0.9
2.7901  1.06
2.8001  0.94
2.8101  1.03
2.8201  0.88
2.8301  1.01
2.8401  1.09
2.8501  1.07
2.8601  0.98
2.8701  1.14
2.8801  0.99
2.8901  1.15
2.9001  0.9
2.9101  0.93
2.9201  0.99
2.9301  0.95
2.9401  0.86
2.9501  1.08
2.9601  1.01
2.9701  1.06
2.9801  0.97
2.9901  0.87
3.0001  0.85
3.0101  0.96
3.0201  1.04
3.0301  0.9
3.0401  1.09
3.0501  1.02
3.0601  1.02
3.0701  0.77
3.0801  1.04
3.0901  1.03
3.1001  0.76
3.1101  0.89
3.1201  0.9
3.1301  0.96
3.1401  0.99
3.1501  1.2
3.1601  1.16
3.1701  1.06
3.1801  0.86
3.1901  1
3.2001  0.85
3.2101  0.71
3.2201  0.88
3.2301  1.05
3.2401  1.04
3.2501  1.1
3.2601  0.96
3.2701  1.02
3.2801  1.02
3.2901  1.15
3.3001  1.08
3.3101  0.94
3.3201  0.86
3.3301  1.08
3.3401  0.92
3.3501  1.07
3.3601  0.8
3.3701  0.88
3.3801  0.94
3.3901  1.03
3.4001  1.15
3.4101  1
3.4201  1.05
3.4301  0.8
3.4401  1.07
3.4501  0.88
3.4601  0.94
3.4701  1.05
3.4801  0.91
3.4901  1.18
3.5001  0.82
3.5101  1.09
3.5201  0.87
3.5301  1.01
3.5401  1.16
3.5501  0.92
3.5601  1
3.5701  0.93
3.5801  0.9
3.5901  1.15
3.6001  0.89
3.6101  0.87
3.6201  0.94
3.6301  0.94
3.6401  1.11
3.6501  0.97
3.6601  1.02
3.6701  0.93
3.6801  0.78
3.6901  0.99
3.7001  0.84
3.7101  0.85
3.7201  0.95
3.7301  0.81
3.7401  1.08
3.7501  0.94
3.7601  1.06
3.7701  0.99
3.7801  0.98
3.7901  0.91
3.8001  0.94
3.8101  1.14
3.8201  0.93
3.8301  0.94
3.8401  1.01
3.8501  0.84
3.8601  0.96
3.8701  0.94
3.8801  1.03
3.8901  1
3.9001  0.78
3.9101  1.01
3.9201  0.96
3.9301  0.95
3.9401  1.08
3.9501  1.03
3.9601  0.94
3.9701  0.92
3.9801  0.89
3.9901  0.93
4.0001  1.03
4.0101  0.9
4.0201  0.92
4.0301  0.86
4.0401  1.11
4.0501  1.02
4.0601  1.09
4.0701  0.93
4.0801  0.95
4.0901  0.96
4.1001  0.88
4.1101  0.96
4.1201  0.96
4.1301  1
4.1401  0.87
4.1501  0.91
4.1601  1.1
4.1701  0.86
4.1801  0.87
4.1901  0.83
4.2001  0.95
4.2101  1.01
4.2201  0.91
4.2301  1.09
4.2401  0.91
4.2501  0.9
4.2601  0.8
4.2701  0.98
4.2801  0.92
4.2901  0.91
4.3001  0.85
4.3101  1.02
4.3201  0.85
4.3301  0.94
4.3401  0.91
4.3501  0.9
4.3601  0.88
4.3701  1.05
4.3801  1.07
4.3901  1.11
4.4001  0.86
4.4101  0.98
4.4201  1.16
4.4301  0.77
4.4401  0.98
4.4501  0.78
4.4601  1
4.4701  0.89
4.4801  0.98
4.4901  1.1
4.5001  0.94
4.5101  1.16
4.5201  0.94
4.5301  0.76
4.5401  0.92
4.5501  0.91
4.5601  1.01
4.5701  0.83
4.5801  1.01
4.5901  0.94
4.6001  0.89
4.6101  0.92
4.6201  1.01
4.6301  1.02
4.6401  1.01
4.6501  1.08
4.6601  0.85
4.6701  1.13
4.6801  0.83
4.6901  0.93
4.7001  0.82
4.7101  0.96
4.7201  0.94
4.7301  1.05
4.7401  1.08
4.7501  0.85
4.7601  0.93
4.7701  0.74
4.7801  0.99
4.7901  1.01
4.8001  0.91
4.8101  0.96
4.8201  0.92
4.8301  1.08
4.8401  1.08
4.8501  0.92
4.8601  0.7
4.8701  0.86
4.8801  1.09
4.8901  0.94
4.9001  0.96
4.9101  1.03
4.9201  0.99
4.9301  1.09
4.9401  0.83
4.9501  1.11
4.9601  1.07
4.9701  1.04
4.9801  0.72
4.9901  0.91
5.0001  0.98
5.0101  1.12
5.0201  0.95
5.0301  1.13
5.0401  0.96
5.0501  0.96
5.0601  1.07
5.0701  0.92
5.0801  0.9
5.0901  0.99
5.1001  0.93
5.1101  1.06
5.1201  0.98
5.1301  1
5.1401  1.09
5.1501  0.98
5.1601  1.04
5.1701  1.06
5.1801  0.96
5.1901  1.06
5.2001  1.03
5.2101  0.75
5.2201  0.85
5.2301  0.88
5.2401  0.97
5.2501  0.91
5.2601  0.92
5.2701  0.89
5.2801  0.9
5.2901  1.01
5.3001  0.89
5.3101  0.88
5.3201  1.04
5.3301  0.87
5.3401  1.19
5.3501  1.03
5.3601  0.98
5.3701  1.07
5.3801  0.9
5.3901  1.05
5.4001  0.96
5.4101  1.09
5.4201  1
5.4301  1.04
5.4401  0.99
5.4501  1.08
5.4601  0.85
5.4701  0.95
5.4801  0.9
5.4901  1.02
5.5001  0.99
5.5101  0.89
5.5201  1
5.5301  0.86
5.5401  1.12
5.5501  0.98
5.5601  0.9
5.5701  0.88
5.5801  0.77
5.5901  1.05
5.6001  1.16
5.6101  0.93
5.6201  0.92
5.6301  1.09
5.6401  0.89
5.6501  0.98
5.6601  1.14
5.6701  0.93
5.6801  0.91
5.6901  0.82
5.7001  0.86
5.7101  1.1
5.7201  1.12
5.7301  0.88
5.7401  0.87
5.7501  1.03
5.7601  0.84
5.7701  1.11
5.7801  1.03
5.7901  0.96
5.8001  0.75
5.8101  0.96
5.8201  0.85
5.8301  1.04
5.8401  1.1
5.8501  0.97
5.8601  0.78
5.8701  1.05
5.8801  0.79
5.8901  0.84
5.9001  0.98
5.9101  0.9
5.9201  1.06
5.9301  1.14
5.9401  0.93
5.9501  0.98
5.9601  0.92
5.9701  1.06
5.9801  0.93
5.9901  1.08
6.0001  0.98
6.0101  0.91
6.0201  0.97
6.0301  0.86
6.0401  0.77
6.0501  0.83
6.0601  0.98
6.0701  0.99
6.0801  0.93
6.0901  0.95
6.1001  0.94
6.1101  0.95
6.1201  0.93
6.1301  1
6.1401  0.81
6.1501  0.88
6.1601  1.03
6.1701  1.05
6.1801  0.98
6.1901  0.83
6.2001  0.89
6.2101  1.09
6.2201  0.8
6.2301  1.13
6.2401  1.01
6.2501  0.98
6.2601  0.92
6.2701  0.88
6.2801  1.04
6.2901  0.98
6.3001  0.89
6.3101  0.84
6.3201  0.94
6.3301  0.9
6.3401  0.97
6.3501  1.02
6.3601  0.9
6.3701  0.81
6.3801  1.1
6.3901  0.93
6.4001  1.1
6.4101  0.91
6.4201  0.91
6.4301  0.92
6.4401  0.91
6.4501  0.83
6.4601  0.77
6.4701  0.85
6.4801  0.9
6.4901  1.07
6.5001  0.96
6.5101  0.98
6.5201  1.11
6.5301  0.92
6.5401  0.88
6.5501  0.87
6.5601  0.85
6.5701  1.02
6.5801  0.93
6.5901  1.01
6.6001  1.03
6.6101  0.95
6.6201  0.81
6.6301  0.79
6.6401  1.02
6.6501  0.93
6.6601  1.04
6.6701  0.95
6.6801  1.28
6.6901  0.99
6.7001  0.94
6.7101  1.09
6.7201  0.9
6.7301  0.95
6.7401  0.88
6.7501  0.96
6.7601  0.93
6.7701  0.84
6.7801  1.04
6.7901  0.94
6.8001  0.94
6.8101  0.89
6.8201  0.99
6.8301  1.26
6.8401  1.03
6.8501  0.98
6.8601  0.89
6.8701  0.94
6.8801  1.04
6.8901  1.06
6.9001  0.97
6.9101  1
6.9201  1.06
6.9301  1.07
6.9401  0.96
6.9501  0.97
6.9601  0.91
6.9701  0.98
6.9801  0.92
6.9901  1.14
7.0001  0.99
7.0101  1
7.0201  1.11
7.0301  0.95
7.0401  0.98
7.0501  1.04
7.0601  1
7.0701  0.82
7.0801  0.99
7.0901  1.36
7.1001  1.07
7.1101  0.91
7.1201  0.82
7.1301  0.93
7.1401  1
7.1501  1.13
7.1601  1.2
7.1701  0.91
7.1801  1.08
7.1901  0.96
7.2001  0.75
7.2101  0.97
7.2201  1.1
7.2301  0.9
7.2401  0.86
7.2501  0.82
7.2601  1.03
7.2701  0.85
7.2801  1.17
7.2901  1.07
7.3001  1.08
7.3101  1.09
7.3201  0.99
7.3301  0.99
7.3401  0.8
7.3501  1
7.3601  0.92
7.3701  1
7.3801  0.95
7.3901  1.14
7.4001  0.92
7.4101  0.9
7.4201  1.01
7.4301  0.93
7.4401  1.01
7.4501  0.99
7.4601  1
7.4701  1.11
7.4801  1
7.4901  1
7.5001  0.92
7.5101  0.95
7.5201  0.76
7.5301  0.84
7.5401  1.1
7.5501  1.04
7.5601  0.82
7.5701  0.89
7.5801  0.96
7.5901  0.82
7.6001  0.9
7.6101  1.03
7.6201  0.95
7.6301  0.98
7.6401  0.84
7.6501  0.75
7.6601  0.92
7.6701  0.84
7.6801  0.82
7.6901  0.74
7.7001  1.11
7.7101  0.99
7.7201  1.15
7.7301  0.97
7.7401  1.03
7.7501  0.93
7.7601  0.89
7.7701  0.98
7.7801  1.15
7.7901  1.06
7.8001  0.91
7.8101  1.04
7.8201  1.04
7.8301  1.02
7.8401  1.04
7.8501  0.9
7.8601  0.91
7.8701  0.7
7.8801  0.73
7.8901  0.93
7.9001  1.06
7.9101  1.09
7.9201  0.98
7.9301  0.76
7.9401  0.98
7.9501  0.92
7.9601  0.99
7.9701  1.01
7.9801  1.06
7.9901  0.96
8.0001  0.99
8.0101  0.91
8.0201  0.94
8.0301  1.06
8.0401  0.89
8.0501  0.87
8.0601  0.96
8.0701  0.94
8.0801  0.83
8.0901  0.97
8.1001  0.9
8.1101  1.04
8.1201  1
8.1301  0.94
8.1401  1.04
8.1501  1.09
8.1601  1.08
8.1701  0.97
8.1801  0.87
8.1901  0.98
8.2001  1.01
8.2101  0.94
8.2201  0.89
8.2301  0.89
8.2401  1.06
8.2501  0.89
8.2601  0.92
8.2701  1.02
8.2801  0.98
8.2901  1.01
8.3001  1
8.3101  0.91
8.3201  1.15
8.3301  1.01
8.3401  0.96
8.3501  0.92
8.3601  0.95
8.3701  0.93
8.3801  1.12
8.3901  1.05
8.4001  0.96
8.4101  0.94
8.4201  1.06
8.4301  0.97
8.4401  1
8.4501  0.97
8.4601  0.96
8.4701  0.85
8.4801  0.96
8.4901  0.94
8.5001  0.92
8.5101  0.89
8.5201  1.05
8.5301  0.96
8.5401  0.99
8.5501  1.05
8.5601  1.1
8.5701  0.89
8.5801  0.98
8.5901  0.69
8.6001  1.08
8.6101  1.02
8.6201  1
8.6301  0.89
8.6401  0.92
8.6501  0.89
8.6601  0.95
8.6701  0.95
8.6801  0.93
8.6901  0.9
8.7001  0.99
8.7101  1.01
8.7201  0.94
8.7301  1.06
8.7401  1
8.7501  0.79
8.7601  1.02
8.7701  1.07
8.7801  0.9
8.7901  1.05
8.8001  0.9
8.8101  0.92
8.8201  0.97
8.8301  0.99
8.8401  0.91
8.8501  0.95
8.8601  0.96
8.8701  0.88
8.8801  1.01
8.8901  0.98
8.9001  0.87
8.9101  0.84
8.9201  1.16
8.9301  0.89
8.9401  0.93
8.9501  0.93
8.9601  0.95
8.9701  1.08
8.9801  0.92
8.9901  0.94
9.0001  0.97
9.0101  0.78
9.0201  1.05
9.0301  0.91
9.0401  1.11
9.0501  1.08
9.0601  0.9
9.0701  1.07
9.0801  0.87
9.0901  0.93
9.1001  0.96
9.1101  0.98
9.1201  1.08
9.1301  1.14
9.1401  0.91
9.1501  1
9.1601  1.02
9.1701  0.86
9.1801  0.97
9.1901  0.84
9.2001  0.98
9.2101  0.9
9.2201  0.93
9.2301  1
9.2401  0.89
9.2501  0.81
9.2601  1
9.2701  0.96
9.2801  1.14
9.2901  0.93
9.3001  0.9
9.3101  0.99
9.3201  0.9
9.3301  1.14
9.3401  0.79
9.3501  0.97
9.3601  1.01
9.3701  0.82
9.3801  1.14
9.3901  1.01
9.4001  1.03
9.4101  1.07
9.4201  0.77
9.4301  0.84
9.4401  1.09
9.4501  1.06
9.4601  1.01
9.4701  0.93
9.4801  0.78
9.4901  0.87
9.5001  0.9
9.5101  1.04
9.5201  0.9
9.5301  0.99
9.5401  0.89
9.5501  1
9.5601  1.04
9.5701  0.84
9.5801  0.89
9.5901  1
9.6001  0.94
9.6101  0.86
9.6201  0.95
9.6301  1.01
9.6401  0.99
9.6501  0.75
9.6601  0.98
9.6701  1.18
9.6801  0.99
9.6901  1
9.7001  0.93
9.7101  1.03
9.7201  0.94
9.7301  1.04
9.7401  0.83
9.7501  0.94
9.7601  1.06
9.7701  0.76
9.7801  0.99
9.7901  1.04
9.8001  1.02
9.8101  1
9.8201  0.99
9.8301  1.18
9.8401  0.87
9.8501  1.01
9.8601  0.93
9.8701  0.95
9.8801  0.84
9.8901  0.88
9.9001  1.08
9.9101  1.09
9.9201  0.82
9.9301  1
9.9401  1.16
9.9501  0.94
9.9601  0.97
9.9701  1
9.9801  0.84
9.9901  0.69
10.0001  1.1
10.0101  0.85
10.0201  0.95
10.0301  0.91
10.0401  0.85
10.0501  0.93
10.0601  0.89
10.0701  1.12
10.0801  0.88
10.0901  0.94
10.1001  0.95
10.1101  0.98
10.1201  1.02
10.1301  1.02
10.1401  1.14
10.1501  0.94
10.1601  0.91
10.1701  0.96
10.1801  0.97
10.1901  1.08
10.2001  0.92
10.2101  0.98
10.2201  0.91
10.2301  1.09
10.2401  0.96
10.2501  0.91
10.2601  0.88
10.2701  1.1
10.2801  0.99
10.2901  0.84
10.3001  1.01
10.3101  1.19
10.3201  0.88
10.3301  0.91
10.3401  0.98
10.3501  0.9
10.3601  1.04
10.3701  0.97
10.3801  1.06
10.3901  0.81
10.4001  1.13
10.4101  0.92
10.4201  0.88
10.4301  0.97
10.4401  0.9
10.4501  1.01
10.4601  0.99
10.4701  0.97
10.4801  0.98
10.4901  1.02
10.5001  0.84
10.5101  0.96
10.5201  0.95
10.5301  0.87
10.5401  1.03
10.5501  1.07
10.5601  1.08
10.5701  1.05
10.5801  1.03
10.5901  1.16
10.6001  0.94
10.6101  1.05
10.6201  0.87
10.6301  0.78
10.6401  0.93
10.6501  1.04
10.6601  0.87
10.6701  0.95
10.6801  1.11
10.6901  0.82
10.7001  0.92
10.7101  0.93
10.7201  0.92
10.7301  0.94
10.7401  0.94
10.7501  0.91
10.7601  1.12
10.7701  1.03
10.7801  0.93
10.7901  0.96
10.8001  0.98
10.8101  0.86
10.8201  1.07
10.8301  0.81
10.8401  0.92
10.8501  0.78
10.8601  0.97
10.8701  0.91
10.8801  1.01
10.8901  1.04
10.9001  1.16
10.9101  0.91
10.9201  1.09
10.9301  1.09
10.9401  1.04
10.9501  0.9
10.9601  0.9
10.9701  0.9
10.9801  0.86
10.9901  0.91
11.0001  0.98
11.0101  1.12
11.0201  1.04
11.0301  0.93
11.0401  1.02
11.0501  0.9
11.0601  1.02
11.0701  0.98
11.0801  1.1
11.0901  0.85
11.1001  0.9
11.1101  0.98
11.1201  0.79
11.1301  0.9
11.1401  1.14
11.1501  0.84
11.1601  1.1
11.1701  1.03
11.1801  1.04
11.1901  0.84
11.2001  1.1
11.2101  1.02
11.2201  0.99
11.2301  0.96
11.2401  1.06
11.2501  1.04
11.2601  0.96
11.2701  1.08
11.2801  0.93
11.2901  1.05
11.3001  0.97
11.3101  0.93
11.3201  0.94
11.3301  0.98
11.3401  0.98
11.3501  1.08
11.3601  0.92
11.3701  0.92
11.3801  0.89
11.3901  0.87
11.4001  0.82
11.4101  0.79
11.4201  1.01
11.4301  0.9
11.4401  0.9
11.4501  1.12
11.4601  1.05
11.4701  0.9
11.4801  1.05
11.4901  0.93
11.5001  1
11.5101  1.01
11.5201  1.14
11.5301  0.96
11.5401  1.01
11.5501  0.87
11.5601  0.93
11.5701  1.05
11.5801  0.99
11.5901  1.03
11.6001  1
11.6101  0.98
11.6201  0.65
11.6301  0.94
11.6401  0.73
11.6501  0.96
11.6601  1
11.6701  0.94
11.6801  0.84
11.6901  1.22
11.7001  1.07
11.7101  1.15
11.7201  0.84
11.7301  1.06
11.7401  0.88
11.7501  0.96
11.7601  0.93
11.7701  0.96
11.7801  1.08
11.7901  0.91
11.8001  1
11.8101  0.88
11.8201  1.08
11.8301  0.98
11.8401  0.95
11.8501  0.85
11.8601  0.98
11.8701  0.9
11.8801  1.18
11.8901  0.79
11.9001  0.97
11.9101  1.09
11.9201  0.93
11.9301  1.11
11.9401  1.05
11.9501  0.69
11.9601  0.99
11.9701  0.98
11.9801  1.02
11.9901  1.12
12.0001  1.01
12.0101  0.9
12.0201  0.8
12.0301  0.82
12.0401  1.11
12.0501  0.94
12.0601  0.84
12.0701  0.84
12.0801  0.91
12.0901  0.86
12.1001  1.13
12.1101  1.02
12.1201  0.92
12.1301  0.93
12.1401  1
12.1501  1.07
12.1601  1.14
12.1701  1.1
12.1801  1.04
12.1901  0.97
12.2001  1.03
12.2101  0.99
12.2201  1.05
12.2301  0.85
12.2401  0.91
12.2501  1
12.2601  0.91
12.2701  1.01
12.2801  0.96
12.2901  0.98
12.3001  0.92
12.3101  0.93
12.3201  1.15
12.3301  1.11
12.3401  0.91
12.3501  0.86
12.3601  1.02
12.3701  0.91
12.3801  0.93
12.3901  0.83
12.4001  0.89
12.4101  0.96
12.4201  0.83
12.4301  1.02
12.4401  0.96
12.4501  0.91
12.4601  1.13
12.4701  0.89
12.4801  0.99
12.4901  0.97
12.5001  1.14
12.5101  0.98
12.5201  0.89
12.5301  0.94
12.5401  1.17
12.5501  0.96
12.5601  0.96
12.5701  0.96
12.5801  0.79
12.5901  1.07
12.6001  1.03
12.6101  1.04
12.6201  0.98
12.6301  0.86
12.6401  0.84
12.6501  0.89
12.6601  0.8
12.6701  1.02
12.6801  0.96
12.6901  0.79
12.7001  0.91
12.7101  1.14
12.7201  1.21
12.7301  0.89
12.7401  1.05
12.7501  0.96
12.7601  1.04
12.7701  0.98
12.7801  0.9
12.7901  1.01
12.8001  0.94
12.8101  0.8
12.8201  1.09
12.8301  1.2
12.8401  1
12.8501  0.87
12.8601  0.87
12.8701  1
12.8801  0.97
12.8901  0.94
12.9001  0.88
12.9101  0.97
12.9201  0.79
12.9301  1
12.9401  0.97
12.9501  0.99
12.9601  1.11
12.9701  0.87
12.9801  0.8
12.9901  0.9
13.0001  0.94
13.0101  0.9
13.0201  0.85
13.0301  1.05
13.0401  0.8
13.0501  0.98
13.0601  0.92
13.0701  0.84
13.0801  0.94
13.0901  0.87
13.1001  1.18
13.1101  1.26
13.1201  1
13.1301  0.99
13.1401  0.85
13.1501  1.04
13.1601  0.97
13.1701  0.67
13.1801  0.98
13.1901  0.82
13.2001  0.99
13.2101  0.9
13.2201  0.86
13.2301  1.05
13.2401  1.09
13.2501  1.03
13.2601  0.96
13.2701  0.85
13.2801  0.93
13.2901  1.02
13.3001  0.92
13.3101  0.94
13.3201  1.05
13.3301  1.03
13.3401  0.91
13.3501  1.19
13.3601  0.86
13.3701  0.98
13.3801  0.86
13.3901  0.89
13.4001  0.91
13.4101  1.04
13.4201  1.12
13.4301  1.06
13.4401  1.1
13.4501  0.82
13.4601  0.91
13.4701  0.83
13.4801  1.02
13.4901  0.94
13.5001  0.92
13.5101  0.94
13.5201  1
13.5301  0.95
13.5401  0.99
13.5501  1.01
13.5601  0.98
13.5701  1.01
13.5801  0.88
13.5901  0.83
13.6001  1.04
13.6101  0.84
13.6201  0.86
13.6301  1.13
13.6401  0.91
13.6501  0.84
13.6601  0.93
13.6701  0.95
13.6801  0.97
13.6901  1.03
13.7001  1.13
13.7101  0.93
13.7201  0.94
13.7301  1.02
13.7401  1.06
13.7501  1.11
13.7601  0.8
13.7701  0.91
13.7801  1.1
13.7901  0.93
13.8001  0.91
13.8101  1.07
13.8201  0.9
13.8301  1.11
13.8401  0.98
13.8501  0.81
13.8601  0.96
13.8701  1.02
13.8801  1.07
13.8901  1
13.9001  0.92
13.9101  1.02
13.9201  1.05
13.9301  1.13
13.9401  0.92
13.9501  1.01
13.9601  0.95
13.9701  0.86
13.9801  1.01
13.9901  0.83
14.0001  0.82
14.0101  0.92
14.0201  0.92
14.0301  0.96
14.0401  1
14.0501  1.02
14.0601  1
14.0701  0.96
14.0801  1.01
14.0901  0.98
14.1001  1
14.1101  0.87
14.1201  0.93
14.1301  1.08
14.1401  0.93
14.1501  0.93
14.1601  1.05
14.1701  0.89
14.1801  1.03
14.1901  1.05
14.2001  1.06
14.2101  1.01
14.2201  1
14.2301  0.95
14.2401  0.84
14.2501  1.01
14.2601  0.99
14.2701  0.89
14.2801  0.99
14.2901  1.12
14.3001  0.91
14.3101  0.94
14.3201  0.94
14.3301  1.08
14.3401  0.91
14.3501  0.91
14.3601  1.04
14.3701  1.05
14.3801  1.08
14.3901  0.83
14.4001  0.95
14.4101  0.94
14.4201  0.96
14.4301  0.88
14.4401  0.85
14.4501  1.03
14.4601  0.96
14.4701  1.02
14.4801  0.9
14.4901  0.96
14.5001  1.14
14.5101  1.03
14.5201  1.05
14.5301  1.07
14.5401  0.95
14.5501  0.78
14.5601  0.66
14.5701  0.91
14.5801  0.99
14.5901  1.09
14.6001  0.86
14.6101  1
14.6201  1.02
14.6301  1
14.6401  1.06
14.6501  1
14.6601  0.99
14.6701  0.98
14.6801  0.95
14.6901  1.12
14.7001  0.91
14.7101  1.01
14.7201  0.97
14.7301  0.96
14.7401  1.08
14.7501  1.03
14.7601  0.91
14.7701  0.91
14.7801  0.96
14.7901  0.87
14.8001  1
14.8101  1.08
14.8201  0.84
14.8301  1.3
14.8401  1.06
14.8501  0.85
14.8601  0.88
14.8701  0.94
14.8801  0.75
14.8901  0.85
14.9001  0.95
14.9101  0.94
14.9201  0.93
14.9301  1.04
14.9401  0.95
14.9501  1.01
14.9601  1.06
14.9701  1.02
14.9801  1.08
14.9901  0.96
15.0001  1.12
15.0101  0.86
15.0201  1.04
15.0301  0.9
15.0401  0.98
15.0501  0.96
15.0601  0.89
15.0701  1.2
15.0801  1.05
15.0901  0.97
15.1001  0.73
15.1101  1.06
15.1201  0.79
15.1301  0.98
15.1401  0.89
15.1501  1.06
15.1601  1.16
15.1701  1.01
15.1801  0.87
15.1901  0.9
15.2001  0.86
15.2101  0.87
15.2201  0.87
15.2301  0.91
15.2401  0.85
15.2501  1
15.2601  0.85
15.2701  0.95
15.2801  0.91
15.2901  1.15
15.3001  1.11
15.3101  0.9
15.3201  0.82
15.3301  0.98
15.3401  1.09
15.3501  0.93
15.3601  0.85
15.3701  1.02
15.3801  0.9
15.3901  1.05
15.4001  1.01
15.4101  0.99
15.4201  0.79
15.4301  0.94
15.4401  0.82
15.4501  0.87
15.4601  1.02
15.4701  0.98
15.4801  1.02
15.4901  1.05
15.5001  0.92
15.5101  0.82
15.5201  1.01
15.5301  0.96
15.5401  1.01
15.5501  0.87
15.5601  1
15.5701  0.99
15.5801  0.92
15.5901  1.18
15.6001  1.06
15.6101  0.97
15.6201  0.85
15.6301  0.89
15.6401  1
15.6501  0.84
15.6601  0.88
15.6701  1.07
15.6801  1
15.6901  0.97
15.7001  0.82
15.7101  0.92
15.7201  0.89
15.7301  0.92
15.7401  0.84
15.7501  0.85
15.7601  1.01
15.7701  1.01
15.7801  1.02
15.7901  0.94
15.8001  1.03
15.8101  0.89
15.8201  1.08
15.8301  1.1
15.8401  1.17
15.8501  1.03
15.8601  0.81
15.8701  1.07
15.8801  1.04
15.8901  1.12
15.9001  1.04
15.9101  0.93
15.9201  0.99
15.9301  0.93
15.9401  1.1
15.9501  0.9
15.9601  1
15.9701  1.07
15.9801  0.78
15.9901  1.05
16.0001  0.66
16.0101  1.06
16.0201  1.13
16.0301  0.86
16.0401  1.02
16.0501  0.91
16.0601  0.99
16.0701  1.02
16.0801  1.02
16.0901  1.18
16.1001  1.07
16.1101  1
16.1201  1.07
16.1301  0.91
16.1401  0.9
16.1501  0.92
16.1601  1.07
16.1701  0.85
16.1801  0.85
16.1901  0.96
16.2001  0.78
16.2101  0.98
16.2201  1.12
16.2301  0.9
16.2401  0.85
16.2501  1.07
16.2601  0.93
16.2701  1.1
16.2801  0.95
16.2901  0.99
16.3001  0.96
16.3101  1.19
16.3201  0.94
16.3301  0.92
16.3401  1
16.3501  1
16.3601  1.13
16.3701  0.89
16.3801  0.79
16.3901  0.83
16.4001  0.77
16.4101  0.96
16.4201  0.91
16.4301  1
16.4401  0.95
16.4501  1.05
16.4601  0.92
16.4701  0.85
16.4801  0.99
16.4901  0.98
16.5001  0.96
16.5101  1
16.5201  0.94
16.5301  1.13
16.5401  0.82
16.5501  0.96
16.5601  0.98
16.5701  1.04
16.5801  0.83
16.5901  0.99
16.6001  0.94
16.6101  1.12
16.6201  0.93
16.6301  1.04
16.6401  0.91
16.6501  0.99
16.6601  0.81
16.6701  0.89
16.6801  1.11
16.6901  0.99
16.7001  0.96
16.7101  1.15
16.7201  0.91
16.7301  0.78
16.7401  0.82
16.7501  1.11
16.7601  0.85
16.7701  1
16.7801  0.79
16.7901  0.93
16.8001  0.92
16.8101  0.92
16.8201  0.72
16.8301  1.11
16.8401  1.02
16.8501  0.92
16.8601  1.08
16.8701  0.98
16.8801  0.92
16.8901  0.96
16.9001  0.99
16.9101  1.07
16.9201  1.06
16.9301  1.03
16.9401  0.91
16.9501  1
16.9601  1.06
16.9701  0.92
16.9801  1.09
16.9901  1.05
17.0001  0.9
17.0101  1.02
17.0201  0.96
17.0301  1.09
17.0401  0.84
17.0501  1.1
17.0601  1.04
17.0701  1
17.0801  0.95
17.0901  0.96
17.1001  0.99
17.1101  0.95
17.1201  0.84
17.1301  1.01
17.1401  1.11
17.1501  1.01
17.1601  0.95
17.1701  0.84
17.1801  0.99
17.1901  0.85
17.2001  1.02
17.2101  0.85
17.2201  0.97
17.2301  1.08
17.2401  1.12
17.2501  0.87
17.2601  0.78
17.2701  1.01
17.2801  0.94
17.2901  0.81
17.3001  0.91
17.3101  0.97
17.3201  1.13
17.3301  1.01
17.3401  1.01
17.3501  0.88
17.3601  0.99
17.3701  1.06
17.3801  0.9
17.3901  0.86
17.4001  0.92
17.4101  0.86
17.4201  0.92
17.4301  1.11
17.4401  0.84
17.4501  1.17
17.4601  0.87
17.4701  1.09
17.4801  0.93
17.4901  1
17.5001  1.05
17.5101  0.95
17.5201  0.98
17.5301  0.99
17.5401  0.76
17.5501  0.97
17.5601  0.83
17.5701  0.97
17.5801  0.9
17.5901  0.99
17.6001  0.96
17.6101  1
17.6201  1.08
17.6301  0.97
17.6401  0.94
17.6501  0.96
17.6601  0.91
17.6701  1.12
17.6801  0.83
17.6901  0.94
17.7001  0.95
17.7101  1.09
17.7201  1.09
17.7301  0.81
17.7401  1.02
17.7501  0.99
17.7601  0.77
17.7701  1.01
17.7801  0.84
17.7901  0.99
17.8001  1.04
17.8101  0.98
17.8201  0.96
17.8301  0.88
17.8401  1.14
17.8501  0.9
17.8601  1.11
17.8701  1.01
17.8801  0.84
17.8901  0.91
17.9001  0.93
17.9101  0.81
17.9201  1.09
17.9301  0.96
17.9401  0.85
17.9501  1.09
17.9601  0.89
17.9701  0.94
17.9801  1.07
17.9901  1.11
18.0001  0.89
18.0101  0.83
18.0201  1.04
18.0301  0.89
18.0401  0.91
18.0501  0.97
18.0601  1.1
18.0701  0.9
18.0801  1.08
18.0901  0.89
18.1001  1.1
18.1101  0.93
18.1201  0.75
18.1301  0.99
18.1401  1.06
18.1501  1.13
18.1601  0.99
18.1701  1.05
18.1801  0.88
18.1901  0.88
18.2001  0.77
18.2101  0.94
18.2201  1.01
18.2301  1.06
18.2401  0.89
18.2501  0.94
18.2601  0.88
18.2701  0.86
18.2801  0.97
18.2901  1.02
18.3001  1.06
18.3101  0.97
18.3201  0.96
18.3301  0.9
18.3401  0.88
18.3501  0.96
18.3601  1.06
18.3701  1.05
18.3801  0.86
18.3901  1.16
18.4001  0.91
18.4101  0.98
18.4201  1.06
18.4301  0.97
18.4401  1.01
18.4501  0.69
18.4601  0.89
18.4701  0.98
18.4801  1.12
18.4901  0.96
18.5001  1.04
18.5101  1
18.5201  1.04
18.5301  0.94
18.5401  0.88
18.5501  0.87
18.5601  0.91
18.5701  0.9
18.5801  1.08
18.5901  0.87
18.6001  0.95
18.6101  0.82
18.6201  1.04
18.6301  0.99
18.6401  0.95
18.6501  0.78
18.6601  0.97
18.6701  0.97
18.6801  0.92
18.6901  0.96
18.7001  1.12
18.7101  1.06
18.7201  1
18.7301  1.12
18.7401  1.03
18.7501  0.9
18.7601  0.95
18.7701  0.87
18.7801  0.92
18.7901  0.85
18.8001  0.97
18.8101  0.94
18.8201  1.04
18.8301  1.06
18.8401  0.87
18.8501  0.72
18.8601  1.07
18.8701  0.82
18.8801  1.03
18.8901  0.78
18.9001  0.78
18.9101  1.06
18.9201  0.87
18.9301  0.95
18.9401  1.09
18.9501  1
18.9601  0.96
18.9701  0.86
18.9801  1.09
18.9901  1.03
19.0001  1.04
19.0101  0.99
19.0201  0.97
19.0301  1.06
19.0401  0.94
19.0501  0.94
19.0601  0.83
19.0701  0.93
19.0801  0.95
19.0901  0.89
19.1001  0.91
19.1101  0.86
19.1201  0.99
19.1301  1.01
19.1401  1.05
19.1501  1.06
19.1601  0.94
19.1701  0.79
19.1801  1.01
19.1901  0.99
19.2001  0.91
19.2101  0.99
19.2201  0.95
19.2301  1.11
19.2401  1.26
19.2501  0.95
19.2601  0.89
19.2701  0.87
19.2801  0.8
19.2901  1.07
19.3001  1.01
19.3101  0.95
19.3201  1.14
19.3301  0.88
19.3401  0.98
19.3501  0.85
19.3601  0.99
19.3701  0.95
19.3801  1.02
19.3901  1.06
19.4001  1.08
19.4101  0.98
19.4201  1.02
19.4301  0.76
19.4401  1.04
19.4501  1.01
19.4601  0.94
19.4701  1.14
19.4801  1.14
19.4901  1.08
19.5001  0.94
19.5101  0.97
19.5201  0.89
19.5301  1.02
19.5401  0.72
19.5501  0.95
19.5601  1.07
19.5701  0.84
19.5801  0.96
19.5901  0.86
19.6001  0.93
19.6101  1
19.6201  1.05
19.6301  0.95
19.6401  0.92
19.6501  0.86
19.6601  0.85
19.6701  1.04
19.6801  0.88
19.6901  1.18
19.7001  0.95
19.7101  0.99
19.7201  0.83
19.7301  0.96
19.7401  1.06
19.7501  1.11
19.7601  1.02
19.7701  0.82
19.7801  0.89
19.7901  1.01
19.8001  1.02
19.8101  1.02
19.8201  1.14
19.8301  0.92
19.8401  0.89
19.8501  0.87
19.8601  0.97
19.8701  0.88
19.8801  1.21
19.8901  0.99
19.9001  0.81
19.9101  0.94
19.9201  1.13
19.9301  0.94
19.9401  0.92
19.9501  0.96
19.9601  1.08
19.9701  0.74
19.9801  1.21
19.9901  0.9
20.0001  0.74
20.0101  1.06
20.0201  0.9
20.0301  0.97
20.0401  1.05
20.0501  1.02
20.0601  0.98
20.0701  0.97
20.0801  1.06
20.0901  0.91
20.1001  0.97
20.1101  1.11
20.1201  0.93
20.1301  0.79
20.1401  0.76
20.1501  0.89
20.1601  0.99
20.1701  0.87
20.1801  0.87
20.1901  1.16
20.2001  1.01
20.2101  0.89
20.2201  1.1
20.2301  0.92
20.2401  0.9
20.2501  0.9
20.2601  0.86
20.2701  0.98
20.2801  1.02
20.2901  0.96
20.3001  0.97
20.3101  1.21
20.3201  1.06
20.3301  0.9
20.3401  0.99
20.3501  1
20.3601  0.96
20.3701  0.87
20.3801  0.85
20.3901  0.86
20.4001  1.02
20.4101  0.83
20.4201  1.04
20.4301  0.89
20.4401  1.04
20.4501  0.83
20.4601  1.01
20.4701  0.81
20.4801  0.89
20.4901  0.91
20.5001  0.97
20.5101  0.87
20.5201  0.98
20.5301  1.18
20.5401  1.04
20.5501  1.05
20.5601  1.03
20.5701  1.04
20.5801  0.71
20.5901  1.09
20.6001  0.96
20.6101  0.96
20.6201  1.02
20.6301  1.1
20.6401  1.05
20.6501  1.09
20.6601  1.03
20.6701  1.08
20.6801  0.98
20.6901  1.01
20.7001  1.02
20.7101  1.09
20.7201  0.88
20.7301  1.02
20.7401  0.85
20.7501  0.92
20.7601  1.07
20.7701  0.93
20.7801  0.92
20.7901  0.94
20.8001  1
20.8101  0.92
20.8201  0.91
20.8301  1.08
20.8401  0.9
20.8501  1.02
20.8601  1.06
20.8701  1
20.8801  0.96
20.8901  0.82
20.9001  1.01
20.9101  0.98
20.9201  0.92
20.9301  1.02
20.9401  1
20.9501  0.79
20.9601  1.08
20.9701  0.96
20.9801  0.86
20.9901  1.03
21.0001  0.9
21.0101  1.14
21.0201  0.81
21.0301  1.17
21.0401  0.93
21.0501  0.94
21.0601  1
21.0701  0.97
21.0801  0.95
21.0901  0.92
21.1001  0.93
21.1101  0.99
21.1201  0.94
21.1301  1.03
21.1401  1.01
21.1501  0.98
21.1601  0.94
21.1701  0.89
21.1801  1.07
21.1901  0.83
21.2001  0.81
21.2101  0.93
21.2201  1.06
21.2301  0.8
21.2401  0.93
21.2501  0.92
21.2601  0.98
21.2701  0.9
21.2801  0.85
21.2901  1.09
21.3001  1.15
21.3101  0.86
21.3201  0.83
21.3301  0.98
21.3401  0.82
21.3501  1.06
21.3601  1.04
21.3701  0.89
21.3801  1.03
21.3901  1.01
21.4001  1.16
21.4101  0.85
21.4201  0.98
21.4301  1.02
21.4401  1.03
21.4501  1.04
21.4601  0.93
21.4701  1.01
21.4801  0.99
21.4901  0.94
21.5001  0.87
21.5101  1
21.5201  0.99
21.5301  0.88
21.5401  0.88
21.5501  1.11
21.5601  0.96
21.5701  0.97
21.5801  0.92
21.5901  1.08
21.6001  0.96
21.6101  0.97
21.6201  1.05
21.6301  0.97
21.6401  0.87
21.6501  1.18
21.6601  0.76
21.6701  1.04
21.6801  0.91
21.6901  0.91
21.7001  0.97
21.7101  0.99
21.7201  0.87
21.7301  0.84
21.7401  1.07
21.7501  0.98
21.7601  1.07
21.7701  1.1
21.7801  0.91
21.7901  0.91
21.8001  0.93
21.8101  0.81
21.8201  0.91
21.8301  1.29
21.8401  1
21.8501  0.85
21.8601  0.95
21.8701  1.07
21.8801  1.01
21.8901  0.98
21.9001  1.01
21.9101  1.18
21.9201  0.96
21.9301  1.04
21.9401  0.94
21.9501  0.92
21.9601  0.87
21.9701  0.89
21.9801  0.9
21.9901  0.83
22.0001  0.96
22.0101  1.04
22.0201  1.1
22.0301  0.94
22.0401  0.9
22.0501  1.14
22.0601  1.06
22.0701  0.85
22.0801  1.15
22.0901  0.8
22.1001  1.2
22.1101  0.99
22.1201  1
22.1301  0.93
22.1401  1.03
22.1501  0.94
22.1601  1.16
22.1701  0.82
22.1801  0.88
22.1901  1.06
22.2001  0.92
22.2101  0.91
22.2201  1.02
22.2301  0.91
22.2401  0.97
22.2501  0.91
22.2601  0.98
22.2701  1.02
22.2801  1.03
22.2901  0.86
22.3001  0.75
22.3101  1.12
22.3201  0.94
22.3301  0.91
22.3401  0.81
22.3501  0.93
22.3601  0.97
22.3701  1
22.3801  0.91
22.3901  0.95
22.4001  0.85
22.4101  1.06
22.4201  0.96
22.4301  1.18
22.4401  0.92
22.4501  1.08
22.4601  0.91
22.4701  0.82
22.4801  0.98
22.4901  1.05
22.5001  0.87
22.5101  0.98
22.5201  0.76
22.5301  1.05
22.5401  0.79
22.5501  0.9
22.5601  0.9
22.5701  0.97
22.5801  0.94
22.5901  0.9
22.6001  0.96
22.6101  0.89
22.6201  0.9
22.6301  0.93
22.6401  0.97
22.6501  0.84
22.6601  1
22.6701  0.9
22.6801  0.84
22.6901  0.98
22.7001  1.02
22.7101  1.03
22.7201  0.84
22.7301  0.96
22.7401  1.03
22.7501  0.91
22.7601  0.99
22.7701  0.97
22.7801  0.98
22.7901  1.01
22.8001  1.03
22.8101  0.88
22.8201  0.82
22.8301  1
22.8401  0.98
22.8501  0.98
22.8601  1.03
22.8701  0.81
22.8801  0.95
22.8901  1.01
22.9001  0.96
22.9101  1.06
22.9201  0.83
22.9301  1.1
22.9401  0.86
22.9501  1
22.9601  0.79
22.9701  0.98
22.9801  1
22.9901  1.01
23.0001  0.75
23.0101  1.01
23.0201  1.08
23.0301  0.88
23.0401  0.98
23.0501  0.94
23.0601  1
23.0701  1.07
23.0801  1.02
23.0901  0.84
23.1001  0.93
23.1101  0.94
23.1201  0.98
23.1301  1.1
23.1401  0.93
23.1501  0.92
23.1601  0.97
23.1701  0.94
23.1801  0.9
23.1901  1.02
23.2001  1.03
23.2101  1.06
23.2201  0.99
23.2301  1.08
23.2401  1.02
23.2501  0.89
23.2601  0.94
23.2701  0.94
23.2801  0.88
23.2901  0.87
23.3001  0.91
23.3101  1.06
23.3201  0.95
23.3301  0.95
23.3401  0.84
23.3501  1.03
23.3601  0.91
23.3701  1.01
23.3801  1.07
23.3901  0.94
23.4001  0.85
23.4101  0.87
23.4201  1.09
23.4301  1.16
23.4401  0.95
23.4501  1.15
23.4601  1.04
23.4701  0.82
23.4801  0.99
23.4901  0.92
23.5001  0.87
23.5101  1.05
23.5201  1.06
23.5301  0.87
23.5401  0.97
23.5501  1.02
23.5601  1.08
23.5701  0.87
23.5801  0.97
23.5901  0.97
23.6001  0.94
23.6101  0.84
23.6201  1.2
23.6301  1.13
23.6401  0.9
23.6501  1.01
23.6601  0.88
23.6701  0.96
23.6801  0.98
23.6901  0.93
23.7001  1.08
23.7101  0.95
23.7201  1.11
23.7301  0.92
23.7401  0.93
23.7501  0.9
23.7601  0.88
23.7701  1.04
23.7801  0.89
23.7901  0.87
23.8001  1.06
23.8101  1.02
23.8201  0.99
23.8301  0.93
23.8401  0.92
23.8501  1.11
23.8601  1.02
23.8701  1
23.8801  0.81
23.8901  1
23.9001  1.08
23.9101  0.88
23.9201  0.87
23.9301  1.03
23.9401  0.97
23.9501  0.81
23.9601  1.1
23.9701  0.87
23.9801  0.95
23.9901  1.16
24.0001  0.99
24.0101  1.09
24.0201  0.88
24.0301  0.91
24.0401  0.93
24.0501  0.91
24.0601  1
24.0701  1.06
24.0801  0.97
24.0901  0.86
24.1001  0.85
24.1101  0.92
24.1201  0.92
24.1301  0.87
24.1401  0.91
24.1501  0.96
24.1601  1.04
24.1701  0.91
24.1801  0.97
24.1901  1.01
24.2001  1.04
24.2101  0.83
24.2201  0.82
24.2301  0.97
24.2401  0.85
24.2501  0.9
24.2601  1.04
24.2701  0.85
24.2801  1.1
24.2901  0.94
24.3001  0.98
24.3101  1.07
24.3201  0.88
24.3301  0.95
24.3401  0.83
24.3501  0.94
24.3601  0.91
24.3701  1.14
24.3801  0.79
24.3901  1.03
24.4001  0.85
24.4101  0.99
24.4201  0.86
24.4301  0.95
24.4401  0.81
24.4501  0.93
24.4601  1.03
24.4701  1.03
24.4801  1.12
24.4901  0.99
24.5001  0.91
24.5101  0.83
24.5201  0.99
24.5301  0.99
24.5401  0.84
24.5501  1.03
24.5601  1.01
24.5701  1.02
24.5801  1.04
24.5901  0.94
24.6001  0.89
24.6101  0.83
24.6201  0.92
24.6301  0.83
24.6401  1.02
24.6501  1.19
24.6601  0.98
24.6701  0.97
24.6801  0.9
24.6901  1.03
24.7001  1.05
24.7101  1.01
24.7201  0.78
24.7301  0.77
24.7401  1.24
24.7501  1.02
24.7601  0.94
24.7701  1.09
24.7801  1.01
24.7901  1.14
24.8001  1.08
24.8101  0.89
24.8201  0.87
24.8301  0.99
24.8401  0.9
24.8501  1.14
24.8601  1.18
24.8701  0.75
24.8801  0.95
24.8901  0.88
24.9001  1.12
24.9101  0.86
24.9201  0.91
24.9301  0.87
24.9401  1.11
24.9501  0.91
24.9601  1.08
24.9701  0.87
24.9801  0.86
24.9901  0.97
25.0001  1.03
25.0101  1.06
25.0201  1.04
25.0301  0.8
25.0401  0.89
25.0501  0.97
25.0601  0.97
25.0701  0.95
25.0801  0.87
25.0901  1.27
25.1001  0.88
25.1101  0.89
25.1201  0.93
25.1301  1.08
25.1401  1.07
25.1501  1.01
25.1601  1.08
25.1701  1.02
25.1801  1.1
25.1901  1.02
25.2001  0.77
25.2101  0.88
25.2201  0.99
25.2301  0.91
25.2401  1.01
25.2501  1.09
25.2601  0.86
25.2701  0.98
25.2801  0.94
25.2901  0.77
25.3001  1.12
25.3101  1.08
25.3201  0.85
25.3301  0.9
25.3401  0.99
25.3501  0.98
25.3601  0.93
25.3701  1.07
25.3801  0.92
25.3901  1.07
25.4001  0.89
25.4101  1.03
25.4201  0.88
25.4301  1.09
25.4401  0.87
25.4501  0.9
25.4601  0.91
25.4701  0.91
25.4801  1.11
25.4901  1.05
25.5001  0.94
25.5101  0.91
25.5201  1
25.5301  0.91
25.5401  1.06
25.5501  1
25.5601  0.95
25.5701  1.08
25.5801  0.87
25.5901  0.97
25.6001  1.01
25.6101  1.15
25.6201  0.93
25.6301  1.07
25.6401  0.7
25.6501  0.93
25.6601  0.97
25.6701  1.1
25.6801  0.99
25.6901  0.93
25.7001  0.94
25.7101  0.88
25.7201  1.05
25.7301  0.9
25.7401  0.97
25.7501  0.9
25.7601  1.03
25.7701  0.88
25.7801  1.05
25.7901  0.94
25.8001  0.77
25.8101  0.94
25.8201  0.96
25.8301  1.13
25.8401  0.94
25.8501  0.98
25.8601  1.04
25.8701  1.14
25.8801  0.96
25.8901  0.99
25.9001  1.06
25.9101  1.08
25.9201  0.97
25.9301  0.82
25.9401  1.03
25.9501  1.03
25.9601  1.12
25.9701  0.72
25.9801  0.97
25.9901  1.04
26.0001  0.98
26.0101  1.04
26.0201  0.9
26.0301  0.89
26.0401  0.94
26.0501  1.1
26.0601  0.73
26.0701  0.91
26.0801  1.02
26.0901  0.99
26.1001  1.05
26.1101  0.98
26.1201  1.13
26.1301  0.98
26.1401  1.03
26.1501  0.88
26.1601  1.11
26.1701  1.04
26.1801  0.89
26.1901  1
26.2001  0.88
26.2101  0.96
26.2201  0.95
26.2301  0.97
26.2401  0.72
26.2501  0.94
26.2601  0.97
26.2701  1.09
26.2801  0.9
26.2901  0.85
26.3001  0.93
26.3101  1.07
26.3201  0.95
26.3301  0.96
26.3401  1.03
26.3501  1.21
26.3601  0.9
26.3701  0.89
26.3801  0.96
26.3901  0.88
26.4001  1.02
26.4101  0.82
26.4201  0.92
26.4301  1
26.4401  0.85
26.4501  0.96
26.4601  1
26.4701  0.89
26.4801  0.96
26.4901  0.97
26.5001  1.05
26.5101  1.1
26.5201  0.79
26.5301  0.97
26.5401  1.04
26.5501  0.98
26.5601  0.75
26.5701  0.94
26.5801  1.02
26.5901  0.96
26.6001  1.09
26.6101  0.86
26.6201  0.91
26.6301  0.92
26.6401  0.98
26.6501  0.82
26.6601  1.12
26.6701  0.89
26.6801  1.02
26.6901  1.03
26.7001  1.06
26.7101  1.05
26.7201  1.02
26.7301  1.02
26.7401  0.95
26.7501  0.96
26.7601  1
26.7701  0.98
26.7801  0.91
26.7901  0.92
26.8001  1.08
26.8101  0.82
26.8201  0.73
26.8301  0.87
26.8401  1.15
26.8501  1.03
26.8601  1.1
26.8701  1.05
26.8801  0.91
26.8901  0.97
26.9001  0.9
26.9101  1.13
26.9201  0.88
26.9301  0.92
26.9401  0.84
26.9501  0.93
26.9601  0.81
26.9701  0.92
26.9801  1.06
26.9901  0.96
27.0001  0.91
27.0101  0.94
27.0201  1
27.0301  0.99
27.0401  0.98
27.0501  0.87
27.0601  0.97
27.0701  0.91
27.0801  1.08
27.0901  0.97
27.1001  0.83
27.1101  1.15
27.1201  1.04
27.1301  0.89
27.1401  1.05
27.1501  1.02
27.1601  0.84
27.1701  0.97
27.1801  0.98
27.1901  0.89
27.2001  0.93
27.2101  0.99
27.2201  0.89
27.2301  0.97
27.2401  1.05
27.2501  1.01
27.2601  0.93
27.2701  0.85
27.2801  1.17
27.2901  0.84
27.3001  1.08
27.3101  1.05
27.3201  1.05
27.3301  1.06
27.3401  0.95
27.3501  0.98
27.3601  1.04
27.3701  0.97
27.3801  0.9
27.3901  1.09
27.4001  1.01
27.4101  1
27.4201  1.02
27.4301  1.03
27.4401  0.89
27.4501  0.93
27.4601  1.02
27.4701  0.91
27.4801  0.99
27.4901  0.93
27.5001  0.76
27.5101  1.11
27.5201  1.05
27.5301  0.82
27.5401  0.92
27.5501  0.84
27.5601  0.89
27.5701  1.05
27.5801  1.1
27.5901  0.95
27.6001  0.92
27.6101  0.99
27.6201  0.91
27.6301  0.99
27.6401  0.88
27.6501  0.9
27.6601  0.94
27.6701  1.12
27.6801  0.95
27.6901  0.93
27.7001  1.07
27.7101  1.03
27.7201  0.96
27.7301  0.79
27.7401  0.81
27.7501  0.93
27.7601  0.9
27.7701  1
27.7801  0.89
27.7901  0.88
27.8001  1.01
27.8101  0.85
27.8201  1.04
27.8301  0.77
27.8401  1.02
27.8501  0.93
27.8601  1
27.8701  1.03
27.8801  0.85
27.8901  1.06
27.9001  1.09
27.9101  0.91
27.9201  0.92
27.9301  0.99
27.9401  1.02
27.9501  1.04
27.9601  0.79
27.9701  1
27.9801  0.9
27.9901  1.1
28.0001  1.01
28.0101  0.94
28.0201  0.92
28.0301  1.1
28.0401  0.87
28.0501  1.1
28.0601  1.18
28.0701  0.97
28.0801  0.92
28.0901  0.9
28.1001  0.84
28.1101  0.99
28.1201  0.97
28.1301  1.2
28.1401  0.91
28.1501  0.98
28.1601  0.94
28.1701  1.07
28.1801  0.93
28.1901  0.81
28.2001  0.89
28.2101  1.06
28.2201  1.09
28.2301  1.05
28.2401  1.05
28.2501  0.98
28.2601  0.93
28.2701  0.89
28.2801  0.92
28.2901  1.01
28.3001  0.89
28.3101  0.93
28.3201  1.09
28.3301  1.03
28.3401  1.03
28.3501  0.95
28.3601  0.8
28.3701  1.13
28.3801  1.01
28.3901  0.99
28.4001  1.11
28.4101  0.98
28.4201  0.93
28.4301  0.99
28.4401  1.08
28.4501  0.89
28.4601  1.03
28.4701  0.98
28.4801  0.81
28.4901  0.8
28.5001  1.04
28.5101  1
28.5201  0.97
28.5301  0.97
28.5401  1.03
28.5501  1.15
28.5601  1.06
28.5701  1.13
28.5801  0.84
28.5901  1.04
28.6001  1.04
28.6101  1.01
28.6201  1.02
28.6301  1.07
28.6401  1.03
28.6501  1.04
28.6601  0.79
28.6701  0.87
28.6801  0.85
28.6901  1.05
28.7001  0.87
28.7101  0.97
28.7201  0.96
28.7301  0.76
28.7401  0.98
28.7501  0.99
28.7601  0.89
28.7701  0.83
28.7801  0.98
28.7901  0.89
28.8001  0.96
28.8101  0.65
28.8201  1.06
28.8301  1
28.8401  1.05
28.8501  0.97
28.8601  0.78
28.8701  0.91
28.8801  0.97
28.8901  0.92
28.9001  0.9
28.9101  1.1
28.9201  1.02
28.9301  1.01
28.9401  0.94
28.9501  1.02
28.9601  1.01
28.9701  0.76
28.9801  0.86
28.9901  0.93
29.0001  0.96
29.0101  1.11
29.0201  1.02
29.0301  0.85
29.0401  1.04
29.0501  1
29.0601  0.96
29.0701  0.95
29.0801  0.82
29.0901  0.93
29.1001  0.94
29.1101  1.1
29.1201  1.02
29.1301  0.91
29.1401  0.88
29.1501  1.06
29.1601  0.9
29.1701  0.77
29.1801  0.97
29.1901  0.99
29.2001  0.9
29.2101  0.72
29.2201  0.99
29.2301  0.72
29.2401  1.17
29.2501  0.87
29.2601  0.96
29.2701  0.85
29.2801  0.89
29.2901  0.92
29.3001  0.9
29.3101  1.02
29.3201  0.81
29.3301  0.96
29.3401  1.13
29.3501  0.87
29.3601  1.08
29.3701  0.96
29.3801  0.89
29.3901  0.99
29.4001  1.14
29.4101  1.06
29.4201  0.91
29.4301  0.93
29.4401  0.99
29.4501  1.12
29.4601  0.86
29.4701  1.05
29.4801  0.91
29.4901  1.07
29.5001  1.06
29.5101  0.86
29.5201  1.05
29.5301  1.07
29.5401  1.13
29.5501  1.01
29.5601  1.01
29.5701  1.1
29.5801  0.94
29.5901  0.82
29.6001  0.94
29.6101  0.89
29.6201  0.98
29.6301  0.95
29.6401  0.85
29.6501  1.09
29.6601  1.04
29.6701  1.04
29.6801  1.12
29.6901  1.01
29.7001  0.99
29.7101  0.86
29.7201  0.91
29.7301  0.91
29.7401  0.97
29.7501  1.06
29.7601  0.92
29.7701  1.08
29.7801  1.07
29.7901  1.15
29.8001  0.85
29.8101  1.08
29.8201  0.94
29.8301  0.91
29.8401  1.2
29.8501  0.92
29.8601  0.92
29.8701  0.91
29.8801  1
29.8901  1.02
29.9001  1.04
29.9101  0.93
29.9201  0.97
29.9301  0.94
29.9401  1.08
29.9501  0.88
29.9601  0.94
29.9701  1.06
29.9801  1.06
29.9901  0.9
30.0001  1.04
30.0101  0.96
30.0201  0.87
30.0301  1.09
30.0401  1.09
30.0501  1.03
30.0601  0.95
30.0701  0.86
30.0801  1.06
30.0901  0.94
30.1001  0.95
30.1101  0.87
30.1201  0.91
30.1301  1.12
30.1401  1
30.1501  0.89
30.1601  0.71
30.1701  0.88
30.1801  0.93
30.1901  0.76
30.2001  0.99
30.2101  0.89
30.2201  1.06
30.2301  0.92
30.2401  0.97
30.2501  1.16
30.2601  1.1
30.2701  1.01
30.2801  0.93
30.2901  0.86
30.3001  0.86
30.3101  0.91
30.3201  0.88
30.3301  0.98
30.3401  1
30.3501  1
30.3601  1
30.3701  0.96
30.3801  1.02
30.3901  0.8
30.4001  0.89
30.4101  0.79
30.4201  1.08
30.4301  0.92
30.4401  1.06
30.4501  0.93
30.4601  1.04
30.4701  1.04
30.4801  0.93
30.4901  0.86
30.5001  0.89
30.5101  0.97
30.5201  0.89
30.5301  0.93
30.5401  0.84
30.5501  0.91
30.5601  1.08
30.5701  0.93
30.5801  1
30.5901  0.98
30.6001  0.93
30.6101  0.92
30.6201  0.83
30.6301  0.83
30.6401  0.83
30.6501  0.83
30.6601  0.91
30.6701  0.99
30.6801  0.91
30.6901  1.05
30.7001  0.72
30.7101  1.13
30.7201  0.79
30.7301  1.07
30.7401  1
30.7501  0.81
30.7601  1.18
30.7701  1.06
30.7801  0.81
30.7901  0.87
30.8001  0.91
30.8101  0.89
30.8201  1.07
30.8301  0.87
30.8401  0.91
30.8501  1.08
30.8601  0.98
30.8701  0.89
30.8801  0.87
30.8901  0.78
30.9001  1.06
30.9101  1.24
30.9201  0.9
30.9301  0.97
30.9401  0.95
30.9501  0.92
30.9601  1.01
30.9701  0.85
30.9801  0.94
30.9901  1.05
31.0001  0.96
31.0101  0.87
31.0201  0.88
31.0301  0.92
31.0401  1.01
31.0501  0.81
31.0601  1.08
31.0701  0.88
31.0801  0.95
31.0901  0.84
31.1001  0.93
31.1101  1.12
31.1201  1
31.1301  1.11
31.1401  0.97
31.1501  0.94
31.1601  0.85
31.1701  1.07
31.1801  0.95
31.1901  0.97
31.2001  1.29
31.2101  0.84
31.2201  1.09
31.2301  0.97
31.2401  1.1
31.2501  0.96
31.2601  0.92
31.2701  1.04
31.2801  1.09
31.2901  1.13
31.3001  0.95
31.3101  0.71
31.3201  0.81
31.3301  0.95
31.3401  1.09
31.3501  0.95
31.3601  1.12
31.3701  1.04
31.3801  0.93
31.3901  0.92
31.4001  1.05
31.4101  1.04
31.4201  1.05
31.4301  0.96
31.4401  1.11
31.4501  0.91
31.4601  0.93
31.4701  1.02
31.4801  0.98
31.4901  1.19
31.5001  0.95
31.5101  1.04
31.5201  0.93
31.5301  0.84
31.5401  0.86
31.5501  0.85
31.5601  0.99
31.5701  0.98
31.5801  1.01
31.5901  0.97
31.6001  0.86
31.6101  0.96
31.6201  0.96
31.6301  1.16
31.6401  1.02
31.6501  0.96
31.6601  0.8
31.6701  0.87
31.6801  0.88
31.6901  0.9
31.7001  0.94
31.7101  1.01
31.7201  0.91
31.7301  0.95
31.7401  0.94
31.7501  0.98
31.7601  0.9
31.7701  0.96
31.7801  0.92
31.7901  0.95
31.8001  1.08
31.8101  0.98
31.8201  0.96
31.8301  0.8
31.8401  1.07
31.8501  0.82
31.8601  0.96
31.8701  1.12
31.8801  0.95
31.8901  0.82
31.9001  0.94
31.9101  0.94
31.9201  0.92
31.9301  0.82
31.9401  1.1
31.9501  0.92
31.9601  0.85
31.9701  0.91
31.9801  1.02
31.9901  0.74
32.0001  1.08
32.0101  0.84
32.0201  0.96
32.0301  1.11
32.0401  0.94
32.0501  0.94
32.0601  1.05
32.0701  0.97
32.0801  0.94
32.0901  0.96
32.1001  0.99
32.1101  0.91
32.1201  0.81
32.1301  1.01
32.1401  0.92
32.1501  1.12
32.1601  0.84
32.1701  1.05
32.1801  0.74
32.1901  1.05
32.2001  1.13
32.2101  1.09
32.2201  0.84
32.2301  0.87
32.2401  0.89
32.2501  0.99
32.2601  0.89
32.2701  0.88
32.2801  0.79
32.2901  0.96
32.3001  1
32.3101  0.99
32.3201  0.98
32.3301  1.02
32.3401  0.93
32.3501  0.93
32.3601  0.88
32.3701  0.93
32.3801  1.04
32.3901  0.81
32.4001  0.95
32.4101  1
32.4201  1.01
32.4301  0.98
32.4401  1.06
32.4501  1.01
32.4601  1.02
32.4701  0.96
32.4801  1.06
32.4901  1.12
32.5001  0.92
32.5101  0.97
32.5201  0.99
32.5301  1.04
32.5401  0.85
32.5501  1.17
32.5601  0.86
32.5701  0.85
32.5801  0.92
32.5901  1.02
32.6001  0.93
32.6101  0.81
32.6201  1.09
32.6301  0.96
32.6401  0.93
32.6501  0.7
32.6601  1.07
32.6701  1.02
32.6801  1.08
32.6901  1.14
32.7001  0.94
32.7101  1.11
32.7201  0.99
32.7301  0.95
32.7401  0.81
32.7501  1.04
32.7601  0.9
32.7701  1.11
32.7801  1.06
32.7901  1.04
32.8001  1.02
32.8101  1.02
32.8201  0.95
32.8301  0.85
32.8401  1.03
32.8501  1.03
32.8601  0.84
32.8701  1.02
32.8801  1
32.8901  1.02
32.9001  0.99
32.9101  1.05
32.9201  0.98
32.9301  1.03
32.9401  1
32.9501  0.9
32.9601  0.9
32.9701  1.14
32.9801  1
32.9901  0.83
33.0001  0.99
33.0101  1
33.0201  0.86
33.0301  0.97
33.0401  0.91
33.0501  0.95
33.0601  0.92
33.0701  0.91
33.0801  0.84
33.0901  0.98
33.1001  0.98
33.1101  0.97
33.1201  1.16
33.1301  1
33.1401  0.98
33.1501  0.91
33.1601  1.01
33.1701  1.05
33.1801  0.88
33.1901  0.77
33.2001  1.09
33.2101  1.07
33.2201  1.05
33.2301  1
33.2401  1.01
33.2501  0.91
33.2601  0.82
33.2701  0.82
33.2801  0.93
33.2901  0.96
33.3001  0.72
33.3101  1.03
33.3201  1.01
33.3301  1.04
33.3401  0.95
33.3501  1.03
33.3601  1.05
33.3701  1.01
33.3801  0.98
33.3901  0.93
33.4001  0.89
33.4101  0.81
33.4201  1.03
33.4301  0.86
33.4401  0.87
33.4501  0.94
33.4601  1.09
33.4701  1.04
33.4801  0.83
33.4901  1.04
33.5001  0.99
33.5101  0.89
33.5201  1.11
33.5301  0.93
33.5401  0.98
33.5501  0.92
33.5601  0.86
33.5701  0.92
33.5801  0.92
33.5901  0.94
33.6001  1.02
33.6101  0.9
33.6201  0.96
33.6301  1.04
33.6401  1.09
33.6501  0.84
33.6601  1.14
33.6701  1.11
33.6801  0.9
33.6901  0.9
33.7001  0.99
33.7101  0.93
33.7201  0.81
33.7301  1.01
33.7401  0.98
33.7501  0.73
33.7601  0.97
33.7701  0.82
33.7801  1.08
33.7901  1.03
33.8001  1.07
33.8101  0.98
33.8201  0.92
33.8301  1.13
33.8401  0.74
33.8501  0.72
33.8601  0.98
33.8701  0.96
33.8801  0.91
33.8901  1.03
33.9001  0.81
33.9101  0.94
33.9201  0.89
33.9301  0.97
33.9401  0.95
33.9501  0.99
33.9601  0.91
33.9701  0.88
33.9801  1.01
33.9901  1.03
34.0001  1.08
34.0101  1.03
34.0201  0.84
34.0301  1.06
34.0401  0.92
34.0501  0.93
34.0601  1.03
34.0701  0.91
34.0801  0.96
34.0901  0.87
34.1001  0.93
34.1101  0.94
34.1201  0.99
34.1301  1.02
34.1401  1.07
34.1501  0.93
34.1601  1.07
34.1701  0.87
34.1801  0.81
34.1901  0.85
34.2001  0.92
34.2101  0.94
34.2201  0.92
34.2301  1.12
34.2401  0.97
34.2501  0.81
34.2601  0.91
34.2701  0.8
34.2801  1.07
34.2901  0.96
34.3001  0.99
34.3101  0.94
34.3201  0.89
34.3301  0.98
34.3401  1.11
34.3501  0.87
34.3601  1.1
34.3701  1.14
34.3801  0.89
34.3901  0.95
34.4001  1.08
34.4101  0.91
34.4201  1.13
34.4301  1.11
34.4401  0.99
34.4501  0.86
34.4601  1.12
34.4701  1.09
34.4801  0.85
34.4901  1.06
34.5  0.92
34.51  1
34.52  0.91
34.53  0.87
34.54  0.98
34.55  1.13
34.56  0.83
34.57  0.94
34.58  0.96
34.59  0.76
34.6  1.1
34.61  1.14
34.62  1.12
34.63  1.13
34.64  1
34.65  1
34.66  0.89
34.67  1
34.68  1.13
34.69  1.01
34.7  1.09
34.71  0.84
34.72  1.03
34.73  0.91
34.74  1.03
34.75  1.09
34.76  0.9
34.77  0.86
34.78  0.9
34.79  0.86
34.8  0.88
34.81  1
34.82  0.94
34.83  0.88
34.84  0.9
34.85  0.94
34.86  0.97
34.87  1.01
34.88  1.03
34.89  0.87
34.9  0.98
34.91  0.89
34.92  1.06
34.93  0.93
34.94  1.07
34.95  0.97
34.96  1.04
34.97  0.83
34.98  0.98
34.99  0.91
35  1
35.01  0.99
35.02  0.76
35.03  0.94
35.04  0.98
35.05  0.93
35.06  1.03
35.07  1.06
35.08  0.91
35.09  1.04
35.1  0.96
35.11  0.99
35.12  0.82
35.13  0.94
35.14  0.92
35.15  0.99
35.16  0.95
35.17  0.93
35.18  0.96
35.19  1.13
35.2  0.92
35.21  0.83
35.22  1.23
35.23  1.01
35.24  0.67
35.25  1.21
35.26  0.97
35.27  0.91
35.28  1.02
35.29  0.95
35.3  0.9
35.31  1
35.32  0.92
35.33  0.86
35.34  0.89
35.35  1.01
35.36  0.87
35.37  0.89
35.38  1.03
35.39  0.97
35.4  0.97
35.41  0.92
35.42  1
35.43  1.03
35.44  0.9
35.45  0.91
35.46  1.1
35.47  0.85
35.48  0.8
35.49  0.91
35.5  0.95
35.51  0.97
35.52  0.93
35.53  0.88
35.54  0.85
35.55  1.09
35.56  1.05
35.57  1.18
35.58  1.18
35.59  0.82
35.6  1.1
35.61  0.91
35.62  1.02
35.63  0.93
35.64  0.94
35.65  0.8
35.66  0.9
35.67  1.01
35.68  0.93
35.69  1.06
35.7  0.85
35.71  0.85
35.72  1.13
35.73  1.11
35.74  0.9
35.75  1.1
35.76  0.87
35.77  0.89
35.78  1.01
35.79  0.92
35.8  1.03
35.81  0.9
35.82  1
35.83  0.89
35.84  1.04
35.85  0.78
35.86  0.87
35.87  1.02
35.88  0.98
35.89  1.01
35.9  1
35.91  0.94
35.92  1.05
35.93  0.85
35.94  0.97
35.95  1.17
35.96  1.07
35.97  0.89
35.98  0.83
35.99  0.88
36  1.09
36.01  1.08
36.02  0.94
36.03  0.87
36.04  0.95
36.05  0.89
36.06  0.88
36.07  0.98
36.08  0.9
36.09  0.91
36.1  1.14
36.11  1.14
36.12  0.84
36.13  1.02
36.14  1.14
36.15  1.01
36.16  1.04
36.17  0.97
36.18  0.88
36.19  0.88
36.2  0.99
36.21  1
36.22  1.06
36.23  0.87
36.24  0.87
36.25  1.09
36.26  0.85
36.27  1.28
36.28  1.17
36.29  0.89
36.3  0.93
36.31  0.74
36.32  1.01
36.33  1.15
36.34  0.87
36.35  0.87
36.36  0.88
36.37  0.9
36.38  0.88
36.39  1.02
36.4  0.96
36.41  1.11
36.42  1.06
36.43  0.9
36.44  0.94
36.45  0.74
36.46  0.99
36.47  0.97
36.48  0.85
36.49  1.02
36.5  0.84
36.51  1.04
36.52  0.88
36.53  1.15
36.54  1.04
36.55  1.02
36.56  0.87
36.57  1.08
36.58  0.98
36.59  0.86
36.6  1.06
36.61  0.92
36.62  0.86
36.63  0.88
36.64  0.95
36.65  0.87
36.66  0.9
36.67  0.89
36.68  0.98
36.69  0.85
36.7  1.02
36.71  1.16
36.72  1.09
36.73  1.07
36.74  1.07
36.75  1.03
36.76  0.95
36.77  0.98
36.78  1
36.79  0.95
36.8  1.1
36.81  1.02
36.82  1
36.83  0.99
36.84  1.13
36.85  1.13
36.86  0.88
36.87  0.82
36.88  0.95
36.89  0.99
36.9  0.95
36.91  0.9
36.92  1.1
36.93  0.99
36.94  0.93
36.95  0.82
36.96  0.84
36.97  0.97
36.98  1.01
36.99  0.98
37  0.82
37.01  1.06
37.02  0.93
37.03  1.04
37.04  0.98
37.05  1.06
37.06  0.95
37.07  1
37.08  0.84
37.09  0.93
37.1  1.01
37.11  0.9
37.12  1.13
37.13  1.14
37.14  1.09
37.15  1.02
37.16  1.01
37.17  1
37.18  1.02
37.19  0.74
37.2  1.02
37.21  0.99
37.22  0.88
37.23  0.9
37.24  0.85
37.25  0.96
37.26  1.01
37.27  1.15
37.28  0.99
37.29  0.71
37.3  0.82
37.31  0.95
37.32  1.03
37.33  0.96
37.34  0.93
37.35  0.96
37.36  0.94
37.37  0.94
37.38  0.91
37.39  1.02
37.4  1.02
37.41  1.06
37.42  1.05
37.43  0.97
37.44  0.96
37.45  0.92
37.46  1.07
37.47  1.09
37.48  0.96
37.49  0.84
37.5  1.12
37.51  1.03
37.52  0.92
37.53  0.83
37.54  0.75
37.55  0.93
37.56  0.96
37.57  1
37.58  0.9
37.59  0.77
37.6  0.84
37.61  0.84
37.62  1
37.63  1.02
37.64  1.06
37.65  1.25
37.66  1.08
37.67  0.82
37.68  0.94
37.69  0.97
37.7  0.89
37.71  1
37.72  0.96
37.73  0.96
37.74  0.96
37.75  0.95
37.76  0.87
37.77  0.92
37.78  0.83
37.79  0.84
37.8  1
37.81  0.95
37.82  0.98
37.83  1.02
37.84  0.84
37.85  1.15
37.86  0.84
37.87  0.89
37.88  0.99
37.89  0.99
37.9  1.04
37.91  1.12
37.92  0.91
37.93  1.25
37.94  0.84
37.95  0.92
37.96  0.95
37.97  0.97
37.98  0.92
37.99  0.93
38  1.06
38.01  0.91
38.02  1.11
38.03  1.07
38.04  0.98
38.05  0.83
38.06  0.88
38.07  1.03
38.08  0.85
38.09  1.16
38.1  1.07
38.11  0.89
38.12  0.83
38.13  1.13
38.14  1.12
38.15  0.97
38.16  0.91
38.17  0.92
38.18  0.89
38.19  0.82
38.2  1.22
38.21  0.94
38.22  0.89
38.23  0.98
38.24  0.95
38.25  1
38.26  0.8
38.27  1.06
38.28  1.03
38.29  1.05
38.3  0.95
38.31  0.93
38.32  0.91
38.33  0.96
38.34  0.9
38.35  1.14
38.36  1.04
38.37  1.02
38.38  0.83
38.39  1.05
38.4  1.09
38.41  0.89
38.42  0.94
38.43  0.99
38.44  1.01
38.45  1.02
38.46  1.11
38.47  1.04
38.48  0.98
38.49  0.82
38.5  1
38.51  1.13
38.52  1.07
38.53  0.9
38.54  0.97
38.55  1.13
38.56  1.08
38.57  1.02
38.58  0.9
38.59  0.93
38.6  0.75
38.61  0.96
38.62  1.04
38.63  1.05
38.64  0.62
38.65  1.01
38.66  0.96
38.67  0.96
38.68  1.15
38.69  1.03
38.7  0.8
38.71  0.96
38.72  1.02
38.73  1.16
38.74  0.78
38.75  1.11
38.76  0.98
38.77  0.92
38.78  0.92
38.79  0.84
38.8  1.07
38.81  1
38.82  0.94
38.83  1.1
38.84  0.97
38.85  0.79
38.86  0.87
38.87  0.94
38.88  0.78
38.89  1.05
38.9  0.97
38.91  0.84
38.92  0.95
38.93  1.08
38.94  0.98
38.95  0.99
38.96  1.04
38.97  0.96
38.98  1.19
38.99  0.88
39  0.94
39.01  0.98
39.02  0.73
39.03  0.91
39.04  0.91
39.05  0.79
39.06  1.13
39.07  0.75
39.08  0.94
39.09  1.03
39.1  1.02
39.11  1.15
39.12  0.97
39.13  1.15
39.14  0.79
39.15  0.99
39.16  1.14
39.17  0.93
39.18  0.92
39.19  0.78
39.2  0.93
39.21  0.84
39.22  1.19
39.23  0.76
39.24  1.14
39.25  0.86
39.26  0.87
39.27  0.76
39.28  1.12
39.29  0.98
39.3  0.85
39.31  0.93
39.32  0.91
39.33  0.79
39.34  0.96
39.35  1.01
39.36  0.93
39.37  0.94
39.38  0.92
39.39  0.98
39.4  0.86
39.41  0.88
39.42  0.86
39.43  1.27
39.44  1.04
39.45  0.88
39.46  0.91
39.47  0.89
39.48  0.94
39.49  0.91
39.5  0.89
39.51  1.04
39.52  1.02
39.53  1.12
39.54  0.97
39.55  1.01
39.56  1.09
39.57  1.04
39.58  0.95
39.59  0.8
39.6  0.93
39.61  0.99
39.62  0.98
39.63  1.1
39.64  0.99
39.65  0.86
39.66  0.89
39.67  1
39.68  1.16
39.69  1.11
39.7  1.17
39.71  1.09
39.72  0.78
39.73  0.85
39.74  0.96
39.75  1.11
39.76  1.1
39.77  0.79
39.78  0.88
39.79  0.87
39.8  0.86
39.81  1.05
39.82  0.93
39.83  1.04
39.84  0.99
39.85  0.81
39.86  1
39.87  0.99
39.88  0.86
39.89  0.95
39.9  0.94
39.91  1.05
39.92  0.84
39.93  1.12
39.94  0.96
39.95  0.99
39.96  0.95
39.97  1.05
39.98  1.01
39.99  0.82
