-15  0
-14.99  0
-14.98  0
-14.97  0
-14.96  0
-14.95  0.04
-14.94  0
-14.93  0
-14.92  0.04
-14.91  0
-14.9  0.04
-14.89  0
-14.88  0.04
-14.87  0
-14.86  0.04
-14.85  0
-14.84  0.04
-14.83  0.08
-14.82  0.04
-14.81  0
-14.8  0.04
-14.79  0.04
-14.78  0.04
-14.77  0
-14.76  0.08
-14.75  0.04
-14.74  0.04
-14.73  0.04
-14.72  0.08
-14.71  0.04
-14.7  0.08
-14.69  0.04
-14.68  0.04
-14.67  0.04
-14.66  0.04
-14.65  0.04
-14.64  0.08
-14.63  0.04
-14.62  0.04
-14.61  0.12
-14.6  0.08
-14.59  0.04
-14.58  0.04
-14.57  0.08
-14.56  0.04
-14.55  0.04
-14.54  0.04
-14.53  0.08
-14.52  0.04
-14.51  0.12
-14.5  0.12
-14.49  0.04
-14.48  0.04
-14.47  0.04
-14.46  0.08
-14.45  0.04
-14.44  0.12
-14.43  0.12
-14.42  0.04
-14.41  0.04
-14.4  0.08
-14.39  0.08
-14.38  0.08
-14.37  0.08
-14.36  0.08
-14.35  0.04
-14.34  0.12
-14.33  0.04
-14.32  0.12
-14.31  0.04
-14.3  0.08
-14.29  0.16
-14.28  0.04
-14.27  0.08
-14.26  0.08
-14.25  0.08
-14.24  0.12
-14.23  0.04
-14.22  0.04
-14.21  0.12
-14.2  0.08
-14.19  0.08
-14.18  0.08
-14.17  0.04
-14.16  0.16
-14.15  0.04
-14.14  0.08
-14.13  0.12
-14.12  0.16
-14.11  0.08
-14.1  0.04
-14.09  0.08
-14.08  0.12
-14.07  0.08
-14.06  0.04
-14.05  0.12
-14.04  0.04
-14.03  0.16
-14.02  0.08
-14.01  0.08
-14  0.04
-13.99  0.12
-13.98  0.12
-13.97  0.08
-13.96  0.08
-13.95  0.04
-13.94  0.24
-13.93  0.08
-13.92  0.08
-13.91  0.04
-13.9  0.08
-13.89  0.12
-13.88  0.08
-13.87  0.04
-13.86  0.16
-13.85  0.08
-13.84  0.12
-13.83  0.08
-13.82  0.08
-13.81  0.12
-13.8  0.08
-13.79  0.08
-13.78  0.12
-13.77  0.08
-13.76  0.12
-13.75  0.08
-13.74  0.08
-13.73  0.16
-13.72  0.08
-13.71  0.16
-13.7  0.04
-13.69  0.12
-13.68  0.04
-13.67  0.08
-13.66  0.04
-13.65  0.2
-13.64  0.08
-13.63  0.12
-13.62  0.08
-13.61  0.12
-13.6  0.12
-13.59  0.08
-13.58  0.12
-13.57  0.04
-13.56  0.08
-13.55  0.04
-13.54  0.2
-13.53  0.12
-13.52  0.08
-13.51  0.12
-13.5  0.08
-13.49  0.16
-13.48  0.04
-13.47  0.2
-13.46  0.04
-13.45  0.12
-13.44  0.08
-13.43  0.08
-13.42  0.08
-13.41  0.12
-13.4  0.08
-13.39  0.04
-13.38  0.12
-13.37  0.08
-13.36  0.16
-13.35  0.16
-13.34  0.16
-13.33  0.08
-13.32  0.04
-13.31  0.12
-13.3  0.12
-13.29  0.04
-13.28  0.16
-13.27  0.08
-13.26  0.08
-13.25  0.12
-13.24  0.08
-13.23  0.08
-13.22  0.08
-13.21  0.12
-13.2  0.12
-13.19  0.12
-13.18  0.12
-13.17  0.04
-13.16  0.08
-13.15  0.16
-13.14  0.12
-13.13  0.04
-13.12  0.16
-13.11  0.16
-13.1  0.04
-13.09  0.16
-13.08  0.04
-13.07  0.08
-13.06  0.12
-13.05  0.08
-13.04  0.2
-13.03  0.04
-13.02  0.12
-13.01  0.12
-13  0.08
-12.99  0.12
-12.98  0
-12.97  0.16
-12.96  0.12
-12.95  0.08
-12.94  0.12
-12.93  0.04
-12.92  0.12
-12.91  0.12
-12.9  0.2
-12.89  0.12
-12.88  0
-12.87  0.08
-12.86  0.2
-12.85  0.12
-12.84  0.04
-12.83  0.12
-12.82  0.12
-12.81  0.12
-12.8  0.08
-12.79  0.08
-12.78  0.04
-12.77  0.16
-12.76  0.12
-12.75  0.12
-12.74  0.12
-12.73  0
-12.72  0.16
-12.71  0.16
-12.7  0.08
-12.69  0.12
-12.68  0.04
-12.67  0.08
-12.66  0.08
-12.65  0.16
-12.64  0.04
-12.63  0.2
-12.62  0.12
-12.61  0.08
-12.6  0.08
-12.59  0.16
-12.58  0.08
-12.57  0.16
-12.56  0.04
-12.55  0.16
-12.54  0.04
-12.53  0.16
-12.52  0.08
-12.51  0.08
-12.5  0.12
-12.49  0.04
-12.48  0.12
-12.47  0.04
-12.46  0.12
-12.45  0.08
-12.44  0.2
-12.43  0.04
-12.42  0.16
-12.41  0.12
-12.4  0
-12.39  0.16
-12.38  0.16
-12.37  0.16
-12.36  0.12
-12.35  0.04
-12.34  0.16
-12.33  0
-12.32  0.12
-12.31  0.08
-12.3  0.12
-12.29  0.12
-12.28  0.08
-12.27  0.12
-12.26  0.16
-12.25  0.08
-12.24  0.04
-12.23  0.12
-12.22  0.08
-12.21  0.12
-12.2  0.12
-12.19  0.08
-12.18  0.16
-12.17  0.08
-12.16  0.08
-12.15  0.2
-12.14  0.04
-12.13  0.12
-12.12  0.04
-12.11  0.08
-12.1  0.24
-12.09  0.12
-12.08  0.08
-12.07  0.08
-12.06  0.08
-12.05  0.08
-12.04  0.12
-12.03  0.12
-12.02  0.12
-12.01  0
-12  0.12
-11.99  0.16
-11.98  0.08
-11.97  0.16
-11.96  0.04
-11.95  0.16
-11.94  0.08
-11.93  0.08
-11.92  0.12
-11.91  0.12
-11.9  0.08
-11.89  0.16
-11.88  0.04
-11.87  0.16
-11.86  0.04
-11.85  0.12
-11.84  0.12
-11.83  0
-11.82  0.24
-11.81  0.04
-11.8  0.16
-11.79  0.08
-11.78  0.08
-11.77  0.16
-11.76  0.16
-11.75  0.04
-11.74  0.16
-11.73  0.04
-11.72  0.16
-11.71  0
-11.7  0.12
-11.69  0.12
-11.68  0.08
-11.67  0.12
-11.66  0.04
-11.65  0.08
-11.64  0.12
-11.63  0.08
-11.62  0.16
-11.61  0.12
-11.6  0.16
-11.59  0.12
-11.58  0.12
-11.57  0.04
-11.56  0.16
-11.55  0.04
-11.54  0.2
-11.53  0.04
-11.52  0.16
-11.51  0.08
-11.5  0.08
-11.49  0.08
-11.48  0.08
-11.47  0.16
-11.46  0.08
-11.45  0
-11.44  0.2
-11.43  0.04
-11.42  0.16
-11.41  0.2
-11.4  0.08
-11.39  0.04
-11.38  0.08
-11.37  0.08
-11.36  0.12
-11.35  0.12
-11.34  0.12
-11.33  0.08
-11.32  0.16
-11.31  0.08
-11.3  0.08
-11.29  0.08
-11.28  0.12
-11.27  0.12
-11.26  0.16
-11.25  0.12
-11.24  0.04
-11.23  0.08
-11.22  0.2
-11.21  0.16
-11.2  0.04
-11.19  0.08
-11.18  0.08
-11.17  0.12
-11.16  0
-11.15  0.2
-11.14  0.04
-11.13  0.12
-11.12  0.08
-11.11  0.04
-11.1  0.16
-11.09  0.08
-11.08  0.32
-11.07  0.04
-11.06  0.04
-11.05  0.08
-11.04  0.08
-11.03  0.12
-11.02  0.12
-11.01  0.12
-11  0.2
-10.99  0.04
-10.98  0.08
-10.97  0.2
-10.96  0.04
-10.95  0.04
-10.94  0.16
-10.93  0.08
-10.92  0.16
-10.91  0.04
-10.9  0.08
-10.89  0.16
-10.88  0.04
-10.87  0.12
-10.86  0
-10.85  0.28
-10.84  0.08
-10.83  0.16
-10.82  0
-10.81  0.12
-10.8  0.16
-10.79  0.08
-10.78  0.04
-10.77  0.16
-10.76  0.08
-10.75  0.12
-10.74  0.04
-10.73  0.08
-10.72  0.08
-10.71  0.2
-10.7  0.08
-10.69  0.08
-10.68  0.12
-10.67  0.16
-10.66  0.12
-10.65  0.12
-10.64  0.04
-10.63  0.2
-10.62  0.12
-10.61  0.04
-10.6  0.16
-10.59  0.08
-10.58  0.12
-10.57  0.12
-10.56  0.04
-10.55  0.04
-10.54  0.08
-10.53  0.16
-10.52  0.04
-10.51  0.04
-10.5  0.16
-10.49  0.08
-10.48  0.2
-10.47  0.12
-10.46  0.12
-10.45  0.08
-10.44  0.12
-10.43  0.12
-10.42  0.04
-10.41  0.12
-10.4  0.08
-10.39  0.12
-10.38  0.08
-10.37  0.08
-10.36  0.2
-10.35  0.16
-10.34  0.04
-10.33  0.2
-10.32  0.12
-10.31  0
-10.3  0.12
-10.29  0.08
-10.28  0.04
-10.27  0.08
-10.26  0.16
-10.25  0.12
-10.24  0.12
-10.23  0.08
-10.22  0.08
-10.21  0.16
-10.2  0
-10.19  0.12
-10.18  0.12
-10.17  0.16
-10.16  0.08
-10.15  0.12
-10.14  0.04
-10.13  0.2
-10.12  0.08
-10.11  0
-10.1  0.16
-10.09  0.08
-10.08  0.16
-10.07  0.12
-10.06  0.08
-10.05  0.12
-10.04  0.16
-10.03  0.08
-10.02  0.24
-10.01  0.04
-10  0.04
-9.99  0.08
-9.98  0.08
-9.97  0.04
-9.96  0.16
-9.95  0.16
-9.94  0.04
-9.93  0.04
-9.92  0.04
-9.91  0.28
-9.9  0.08
-9.89  0.08
-9.88  0.08
-9.87  0.08
-9.86  0.16
-9.85  0.2
-9.84  0.08
-9.83  0
-9.82  0.16
-9.81  0.12
-9.8  0.12
-9.79  0.08
-9.78  0.16
-9.77  0.04
-9.76  0.04
-9.75  0.08
-9.74  0.08
-9.73  0.12
-9.72  0.16
-9.71  0.16
-9.7  0.08
-9.69  0.2
-9.68  0.08
-9.67  0.12
-9.66  0.08
-9.65  0.08
-9.64  0.08
-9.63  0.12
-9.62  0.08
-9.61  0.04
-9.6  0.2
-9.59  0.04
-9.58  0.04
-9.57  0.2
-9.56  0.12
-9.55  0.08
-9.54  0.08
-9.53  0.2
-9.52  0.04
-9.51  0.04
-9.5  0.12
-9.49  0.04
-9.48  0.16
-9.47  0.12
-9.46  0.12
-9.45  0.2
-9.44  0.04
-9.43  0.08
-9.42  0.16
-9.41  0.08
-9.4  0.12
-9.39  0.16
-9.38  0.08
-9.37  0.04
-9.36  0.04
-9.35  0.32
-9.34  0
-9.33  0.04
-9.32  0.12
-9.31  0.08
-9.3  0.08
-9.29  0.08
-9.28  0.28
-9.27  0
-9.26  0.16
-9.25  0.04
-9.24  0.08
-9.23  0.16
-9.22  0.08
-9.21  0.2
-9.2  0.08
-9.19  0.04
-9.18  0.08
-9.17  0.04
-9.16  0.12
-9.15  0.08
-9.14  0.12
-9.13  0.16
-9.12  0.04
-9.11  0.04
-9.1  0.2
-9.09  0.16
-9.08  0.12
-9.07  0.12
-9.06  0.12
-9.05  0.2
-9.04  0.08
-9.03  0.08
-9.02  0.04
-9.01  0.2
-9  0.12
-8.99  0.04
-8.98  0.04
-8.97  0.08
-8.96  0.12
-8.95  0.08
-8.94  0.04
-8.93  0.08
-8.92  0.08
-8.91  0.08
-8.9  0.16
-8.89  0.32
-8.88  0
-8.87  0.12
-8.86  0.04
-8.85  0.16
-8.84  0
-8.83  0.2
-8.82  0.04
-8.81  0.16
-8.8  0.08
-8.79  0.12
-8.78  0.12
-8.77  0.04
-8.76  0.16
-8.75  0.04
-8.74  0.2
-8.73  0.16
-8.72  0.16
-8.71  0
-8.7  0.16
-8.69  0.04
-8.68  0.12
-8.67  0.04
-8.66  0.08
-8.65  0.08
-8.64  0.04
-8.63  0.24
-8.62  0.04
-8.61  0.16
-8.6  0.08
-8.59  0.16
-8.58  0.08
-8.57  0.16
-8.56  0.08
-8.55  0.08
-8.54  0.12
-8.53  0.04
-8.52  0.12
-8.51  0.12
-8.5  0.16
-8.49  0
-8.48  0.12
-8.47  0.08
-8.46  0
-8.45  0.16
-8.44  0.24
-8.43  0.08
-8.42  0.04
-8.41  0.08
-8.4  0.16
-8.39  0.04
-8.38  0.16
-8.37  0.16
-8.36  0.16
-8.35  0.16
-8.34  0.04
-8.33  0.08
-8.32  0.08
-8.31  0.16
-8.3  0.04
-8.29  0.12
-8.28  0.08
-8.27  0.04
-8.26  0.2
-8.25  0.12
-8.24  0
-8.23  0.08
-8.22  0.16
-8.21  0.2
-8.2  0.04
-8.19  0.04
-8.18  0.08
-8.17  0.08
-8.16  0.16
-8.15  0
-8.14  0.16
-8.13  0.2
-8.12  0.12
-8.11  0.2
-8.1  0.12
-8.09  0.08
-8.08  0
-8.07  0.04
-8.06  0.16
-8.05  0.08
-8.04  0.12
-8.03  0.04
-8.02  0.08
-8.01  0.2
-8  0.16
-7.99  0.12
-7.98  0.12
-7.97  0.04
-7.96  0.08
-7.95  0.16
-7.94  0.12
-7.93  0.04
-7.92  0.08
-7.91  0.08
-7.9  0.24
-7.89  0.08
-7.88  0.04
-7.87  0.12
-7.86  0.08
-7.85  0.08
-7.84  0.12
-7.83  0.08
-7.82  0.2
-7.81  0.08
-7.8  0.08
-7.79  0.04
-7.78  0.12
-7.77  0.04
-7.76  0.08
-7.75  0.08
-7.74  0.16
-7.73  0.12
-7.72  0.08
-7.71  0.12
-7.7  0.24
-7.69  0.16
-7.68  0.04
-7.67  0.16
-7.66  0.16
-7.65  0.12
-7.64  0.08
-7.63  0.04
-7.62  0.08
-7.61  0.08
-7.6  0.12
-7.59  0.08
-7.58  0.12
-7.57  0.04
-7.56  0.12
-7.55  0.04
-7.54  0.12
-7.53  0.08
-7.52  0.16
-7.51  0.08
-7.5  0.08
-7.49  0.28
-7.48  0.04
-7.47  0.12
-7.46  0.04
-7.45  0.04
-7.44  0.12
-7.43  0.12
-7.42  0.08
-7.41  0.12
-7.4  0.24
-7.39  0.04
-7.38  0.08
-7.37  0.12
-7.36  0
-7.35  0
-7.34  0.16
-7.33  0.32
-7.32  0.16
-7.31  0
-7.3  0.16
-7.29  0.08
-7.28  0.12
-7.27  0.08
-7.26  0.12
-7.25  0.04
-7.24  0.16
-7.23  0.08
-7.22  0.04
-7.21  0.08
-7.2  0.16
-7.19  0.08
-7.18  0.04
-7.17  0.16
-7.16  0.04
-7.15  0.28
-7.14  0.04
-7.13  0.04
-7.12  0.08
-7.11  0.28
-7.1  0.08
-7.09  0.08
-7.08  0
-7.07  0.2
-7.06  0.04
-7.05  0.04
-7.04  0.12
-7.03  0.08
-7.02  0.16
-7.01  0.12
-7  0.08
-6.99  0.08
-6.98  0.08
-6.97  0.2
-6.96  0.16
-6.95  0.04
-6.94  0.2
-6.93  0.08
-6.92  0
-6.91  0.24
-6.9  0.08
-6.89  0.08
-6.88  0.04
-6.87  0.08
-6.86  0.12
-6.85  0.08
-6.84  0.08
-6.83  0.08
-6.82  0.32
-6.81  0.08
-6.8  0.12
-6.79  0.04
-6.78  0.04
-6.77  0.08
-6.76  0.16
-6.75  0.08
-6.74  0.04
-6.73  0.24
-6.72  0.08
-6.71  0.04
-6.7  0.08
-6.69  0.12
-6.68  0.2
-6.67  0.04
-6.66  0.12
-6.65  0.08
-6.64  0
-6.63  0.12
-6.62  0.12
-6.61  0.04
-6.6  0.12
-6.59  0.2
-6.58  0.08
-6.57  0.16
-6.56  0.04
-6.55  0.12
-6.54  0.24
-6.53  0.16
-6.52  0.08
-6.51  0.08
-6.5  0.08
-6.49  0.2
-6.48  0.12
-6.47  0.04
-6.46  0
-6.45  0
-6.44  0.24
-6.43  0.08
-6.42  0.08
-6.41  0.04
-6.4  0.04
-6.39  0.16
-6.38  0.16
-6.37  0.12
-6.36  0.08
-6.35  0.08
-6.34  0.2
-6.33  0.12
-6.32  0.08
-6.31  0.08
-6.3  0
-6.29  0.12
-6.28  0.08
-6.27  0.08
-6.26  0.12
-6.25  0.2
-6.24  0.08
-6.23  0.12
-6.22  0.12
-6.21  0.08
-6.2  0.12
-6.19  0.24
-6.18  0.12
-6.17  0.08
-6.16  0.08
-6.15  0.12
-6.14  0.08
-6.13  0.04
-6.12  0.08
-6.11  0.04
-6.1  0.16
-6.09  0.08
-6.08  0.12
-6.07  0.12
-6.06  0.16
-6.05  0.08
-6.04  0.08
-6.03  0.04
-6.02  0.12
-6.01  0.08
-6  0.12
-5.99  0.24
-5.98  0.12
-5.97  0.04
-5.96  0.04
-5.95  0.12
-5.94  0.16
-5.93  0
-5.92  0.12
-5.91  0.16
-5.9  0.08
-5.89  0.08
-5.88  0.08
-5.87  0.12
-5.86  0.08
-5.85  0.16
-5.84  0.16
-5.83  0.12
-5.82  0.04
-5.81  0.04
-5.8  0.08
-5.79  0.28
-5.78  0.04
-5.77  0.16
-5.76  0.08
-5.75  0.08
-5.74  0.12
-5.73  0.12
-5.72  0.08
-5.71  0.08
-5.7  0.2
-5.69  0.08
-5.68  0.08
-5.67  0.04
-5.66  0.08
-5.65  0.08
-5.64  0.12
-5.63  0.16
-5.62  0.12
-5.61  0.08
-5.6  0.08
-5.59  0.16
-5.58  0.12
-5.57  0.08
-5.56  0.08
-5.55  0
-5.54  0.16
-5.53  0.12
-5.52  0.2
-5.51  0.08
-5.5  0.08
-5.49  0.04
-5.48  0.16
-5.47  0.04
-5.46  0.12
-5.45  0.04
-5.44  0.08
-5.43  0.24
-5.42  0.12
-5.41  0.2
-5.4  0
-5.39  0.04
-5.38  0.08
-5.37  0.08
-5.36  0.2
-5.35  0.08
-5.34  0.12
-5.33  0.12
-5.32  0.16
-5.31  0.08
-5.3  0.08
-5.29  0.08
-5.28  0.12
-5.27  0.12
-5.26  0.04
-5.25  0.16
-5.24  0.12
-5.23  0.12
-5.22  0.16
-5.21  0.16
-5.2  0.08
-5.19  0
-5.18  0.08
-5.17  0.12
-5.16  0.08
-5.15  0.2
-5.14  0
-5.13  0.04
-5.12  0.12
-5.11  0.04
-5.1  0.04
-5.09  0.2
-5.08  0.08
-5.07  0.12
-5.06  0.12
-5.05  0.08
-5.04  0.08
-5.03  0.12
-5.02  0.24
-5.01  0.12
-5  0.04
-4.99  0.16
-4.98  0.16
-4.97  0.12
-4.96  0.16
-4.95  0.2
-4.94  0.04
-4.93  0
-4.92  0.08
-4.91  0.08
-4.9  0.16
-4.89  0.04
-4.88  0.04
-4.87  0.16
-4.86  0.04
-4.85  0.12
-4.84  0.16
-4.83  0.08
-4.82  0.12
-4.81  0.04
-4.8  0.2
-4.79  0.08
-4.78  0.08
-4.77  0.04
-4.76  0.04
-4.75  0.2
-4.74  0.08
-4.73  0.04
-4.72  0.2
-4.71  0.08
-4.7  0.08
-4.69  0.08
-4.68  0.16
-4.67  0.2
-4.66  0
-4.65  0.16
-4.64  0.04
-4.63  0.2
-4.62  0.16
-4.61  0.08
-4.6  0.04
-4.59  0.08
-4.58  0.08
-4.57  0.12
-4.56  0.16
-4.55  0.2
-4.54  0.12
-4.53  0.08
-4.52  0.08
-4.51  0.04
-4.5  0.12
-4.49  0.12
-4.48  0
-4.47  0.04
-4.46  0.16
-4.45  0.12
-4.44  0.16
-4.43  0.12
-4.42  0.16
-4.41  0.04
-4.4  0.16
-4.39  0.04
-4.38  0.08
-4.37  0.12
-4.36  0.04
-4.35  0.12
-4.34  0.12
-4.33  0.2
-4.32  0.08
-4.31  0.08
-4.3  0
-4.29  0.12
-4.28  0.04
-4.27  0.16
-4.26  0.16
-4.25  0.08
-4.24  0.16
-4.23  0.08
-4.22  0
-4.21  0.16
-4.2  0.12
-4.19  0.16
-4.18  0.16
-4.17  0.08
-4.16  0.04
-4.15  0.04
-4.14  0.16
-4.13  0.24
-4.12  0.12
-4.11  0.04
-4.1  0.04
-4.09  0.2
-4.08  0.12
-4.07  0
-4.06  0.12
-4.05  0.16
-4.04  0.08
-4.03  0.04
-4.02  0.04
-4.01  0.24
-4  0.08
-3.99  0.12
-3.98  0.12
-3.97  0.04
-3.96  0.04
-3.95  0.08
-3.94  0.16
-3.93  0.12
-3.92  0.12
-3.91  0.16
-3.9  0.08
-3.89  0.08
-3.88  0
-3.87  0
-3.86  0.2
-3.85  0.2
-3.84  0.12
-3.83  0.12
-3.82  0.12
-3.81  0.04
-3.8  0.08
-3.79  0.2
-3.78  0.04
-3.77  0.08
-3.76  0.12
-3.75  0.08
-3.74  0.12
-3.73  0.16
-3.72  0.04
-3.71  0.08
-3.7  0.12
-3.69  0.08
-3.68  0.2
-3.67  0.08
-3.66  0.2
-3.65  0.12
-3.64  0.08
-3.63  0.16
-3.62  0
-3.61  0.04
-3.6  0.08
-3.59  0.16
-3.58  0.24
-3.57  0.08
-3.56  0.12
-3.55  0
-3.54  0.12
-3.53  0.08
-3.52  0.08
-3.51  0.08
-3.5  0.04
-3.49  0.12
-3.48  0.08
-3.47  0.2
-3.46  0.12
-3.45  0.12
-3.44  0
-3.43  0.16
-3.42  0.04
-3.41  0.16
-3.4  0.04
-3.39  0.08
-3.38  0.2
-3.37  0.08
-3.36  0.12
-3.35  0.16
-3.34  0.08
-3.33  0.12
-3.32  0.04
-3.31  0.16
-3.3  0.24
-3.29  0.08
-3.28  0.08
-3.27  0.16
-3.26  0
-3.25  0.08
-3.24  0.12
-3.23  0.08
-3.22  0.12
-3.21  0
-3.2  0.12
-3.19  0.2
-3.18  0.12
-3.17  0.04
-3.16  0.08
-3.15  0.16
-3.14  0.04
-3.13  0.16
-3.12  0.08
-3.11  0
-3.1  0.04
-3.09  0.16
-3.08  0.24
-3.07  0.08
-3.06  0.08
-3.05  0.04
-3.04  0.16
-3.03  0.12
-3.02  0.12
-3.01  0.12
-3  0.08
-2.99  0.08
-2.98  0.2
-2.97  0.04
-2.96  0.12
-2.95  0.12
-2.94  0.12
-2.93  0.08
-2.92  0.08
-2.91  0.12
-2.9  0.08
-2.89  0.2
-2.88  0.12
-2.87  0.04
-2.86  0.16
-2.85  0.04
-2.84  0.08
-2.83  0.16
-2.82  0.04
-2.81  0.12
-2.8  0.12
-2.79  0.16
-2.78  0.04
-2.77  0.08
-2.76  0.08
-2.75  0.24
-2.74  0.08
-2.73  0.04
-2.72  0.2
-2.71  0
-2.7  0.08
-2.69  0.16
-2.68  0.12
-2.67  0
-2.66  0.08
-2.65  0
-2.64  0.12
-2.63  0.08
-2.62  0.16
-2.61  0.36
-2.6  0.08
-2.59  0.04
-2.58  0.04
-2.57  0.08
-2.56  0.08
-2.55  0.16
-2.54  0.16
-2.53  0.08
-2.52  0.12
-2.51  0.16
-2.5  0.04
-2.49  0.08
-2.48  0.16
-2.47  0
-2.46  0.16
-2.45  0.04
-2.44  0.08
-2.43  0.08
-2.42  0.16
-2.41  0.24
-2.4  0.12
-2.39  0.04
-2.38  0.04
-2.37  0.16
-2.36  0.04
-2.35  0.12
-2.34  0.12
-2.33  0.12
-2.32  0.16
-2.31  0.08
-2.3  0.2
-2.29  0.04
-2.28  0.08
-2.27  0.16
-2.26  0.04
-2.25  0.24
-2.24  0
-2.23  0.2
-2.22  0
-2.21  0
-2.2  0.2
-2.19  0.08
-2.18  0.08
-2.17  0.08
-2.16  0
-2.15  0.04
-2.14  0.08
-2.13  0.2
-2.12  0.04
-2.11  0.28
-2.1  0.08
-2.09  0.16
-2.08  0.12
-2.07  0.08
-2.06  0.08
-2.05  0.08
-2.04  0.16
-2.03  0.12
-2.02  0.16
-2.01  0.08
-2  0
-1.99  0.2
-1.98  0.08
-1.97  0.04
-1.96  0.16
-1.95  0.08
-1.94  0.12
-1.93  0.08
-1.92  0.24
-1.91  0.04
-1.9  0.12
-1.89  0.08
-1.88  0.16
-1.87  0.04
-1.86  0.08
-1.85  0.24
-1.84  0.08
-1.83  0.04
-1.82  0
-1.81  0.04
-1.8  0.08
-1.79  0.04
-1.78  0.04
-1.77  0.16
-1.76  0.28
-1.75  0.2
-1.74  0.04
-1.73  0.08
-1.72  0.04
-1.71  0.04
-1.7  0.08
-1.69  0.2
-1.68  0.08
-1.67  0.2
-1.66  0.04
-1.65  0.12
-1.64  0.16
-1.63  0.16
-1.62  0.12
-1.61  0.08
-1.6  0.04
-1.59  0.08
-1.58  0.12
-1.57  0.12
-1.56  0.28
-1.55  0
-1.54  0.04
-1.53  0.12
-1.52  0
-1.51  0.16
-1.5  0.08
-1.49  0.12
-1.48  0.2
-1.47  0
-1.46  0.12
-1.45  0.16
-1.44  0.16
-1.43  0.04
-1.42  0.12
-1.41  0.2
-1.4  0.08
-1.39  0.04
-1.38  0.12
-1.37  0.04
-1.36  0.04
-1.35  0.12
-1.34  0.12
-1.33  0.2
-1.32  0.04
-1.31  0.12
-1.3  0
-1.29  0.16
-1.28  0.12
-1.27  0.04
-1.26  0.16
-1.25  0.12
-1.24  0.12
-1.23  0
-1.22  0.08
-1.21  0.12
-1.2  0.12
-1.19  0.16
-1.18  0.12
-1.17  0.08
-1.16  0.16
-1.15  0.08
-1.14  0.08
-1.13  0.16
-1.12  0.12
-1.11  0.12
-1.1  0.16
-1.09  0.04
-1.08  0.2
-1.07  0.12
-1.06  0.08
-1.05  0
-1.04  0.12
-1.03  0.12
-1.02  0
-1.01  0.12
-1  0.16
-0.99  0.12
-0.98  0.04
-0.97  0.04
-0.96  0.08
-0.95  0.24
-0.94  0
-0.93  0.12
-0.92  0.16
-0.91  0.04
-0.9  0
-0.89  0.2
-0.88  0.2
-0.87  0.16
-0.86  0.08
-0.85  0.04
-0.84  0.04
-0.83  0.16
-0.82  0.12
-0.81  0.08
-0.8  0.04
-0.79  0.2
-0.78  0.12
-0.77  0.04
-0.76  0.2
-0.75  0.04
-0.74  0.08
-0.73  0.24
-0.72  0.04
-0.71  0.12
-0.7  0.04
-0.69  0.04
-0.68  0.12
-0.67  0
-0.66  0.12
-0.65  0.16
-0.64  0.08
-0.63  0.12
-0.62  0.24
-0.61  0.04
-0.6  0.16
-0.59  0
-0.58  0.08
-0.57  0.16
-0.56  0.2
-0.55  0.12
-0.54  0.12
-0.53  0.16
-0.52  0.16
-0.51  0.16
-0.5  0.08
-0.49  0.08
-0.48  0.12
-0.47  0.04
-0.46  0.08
-0.45  0
-0.44  0.08
-0.43  0.04
-0.42  0.08
-0.41  0.16
-0.4  0
-0.39  0.16
-0.38  0.08
-0.37  0.16
-0.36  0.04
-0.35  0.12
-0.34  0.12
-0.33  0.08
-0.32  0.16
-0.31  0.12
-0.3  0.04
-0.29  0.08
-0.28  0.16
-0.27  0.12
-0.26  0.24
-0.25  0.16
-0.24  0.04
-0.23  0.04
-0.22  0.16
-0.21  0.04
-0.2  0.08
-0.19  0.08
-0.18  0.16
-0.17  0.24
-0.16  0.12
-0.15  0.08
-0.14  0
-0.13  0.08
-0.12  0.2
-0.11  0.08
-0.1  0.12
-0.09  0.08
-0.08  0.12
-0.07  0.04
-0.06  0.16
-0.05  0
-0.04  0.08
-0.03  0.04
-0.02  0.08
-0.01  0.16
-2.16197e-11  0.16
0.0001  0
0.0101  0.08
0.0201  0.16
0.0301  0.2
0.0401  0.04
0.0501  0.08
0.0601  0
0.0701  0.2
0.0801  0.08
0.0901  0.08
0.1001  0.08
0.1101  0.16
0.1201  0.08
0.1301  0.04
0.1401  0.08
0.1501  0.2
0.1601  0.1
0.1701  0.11
0.1801  0.14
0.1901  0.11
0.2001  0.08
0.2101  0.16
0.2201  0.12
0.2301  0.1
0.2401  0.09
0.2501  0.04
0.2601  0.09
0.2701  0.14
0.2801  0.16
0.2901  0.12
0.3001  0.04
0.3101  0.17
0.3201  0.07
0.3301  0.08
0.3401  0.07
0.3501  0.1
0.3601  0.21
0.3701  0.19
0.3801  0.04
0.3901  0.11
0.4001  0.15
0.4101  0.13
0.4201  0.17
0.4301  0.06
0.4401  0.05
0.4501  0.06
0.4601  0.11
0.4701  0.08
0.4801  0.12
0.4901  0.05
0.5001  0.09
0.5101  0.07
0.5201  0.11
0.5301  0.1
0.5401  0.19
0.5501  0.18
0.5601  0.06
0.5701  0.27
0.5801  0.14
0.5901  0.07
0.6001  0.15
0.6101  0.08
0.6201  0.05
0.6301  0.14
0.6401  0.09
0.6501  0.2
0.6601  0.1
0.6701  0.13
0.6801  0.09
0.6901  0.03
0.7001  0.05
0.7101  0.12
0.7201  0.2
0.7301  0.21
0.7401  0.14
0.7501  0.13
0.7601  0.14
0.7701  0.14
0.7801  0.13
0.7901  0.11
0.8001  0.03
0.8101  0.05
0.8201  0.21
0.8301  0.09
0.8401  0.1
0.8501  0.07
0.8601  0.06
0.8701  0.07
0.8801  0.09
0.8901  0.21
0.9001  0.08
0.9101  0.18
0.9201  0.24
0.9301  0.14
0.9401  0.14
0.9501  0.21
0.9601  0.08
0.9701  0.09
0.9801  0.12
0.9901  0.09
1.0001  0.15
1.0101  0.13
1.0201  0.08
1.0301  0.05
1.0401  0.11
1.0501  0.17
1.0601  0.15
1.0701  0.06
1.0801  0.13
1.0901  0.21
1.1001  0.1
1.1101  0.11
1.1201  0.09
1.1301  0.14
1.1401  0.09
1.1501  0.03
1.1601  0.14
1.1701  0.21
1.1801  0.15
1.1901  0.17
1.2001  0.14
1.2101  0.16
1.2201  0.14
1.2301  0.07
1.2401  0.21
1.2501  0.1
1.2601  0.11
1.2701  0.14
1.2801  0.19
1.2901  0.15
1.3001  0.05
1.3101  0.1
1.3201  0.11
1.3301  0.18
1.3401  0.14
1.3501  0.16
1.3601  0.23
1.3701  0.16
1.3801  0.05
1.3901  0.13
1.4001  0.09
1.4101  0.16
1.4201  0.13
1.4301  0.14
1.4401  0.12
1.4501  0.12
1.4601  0.1
1.4701  0.16
1.4801  0.04
1.4901  0.06
1.5001  0.07
1.5101  0.21
1.5201  0.14
1.5301  0.12
1.5401  0.14
1.5501  0.05
1.5601  0.25
1.5701  0.15
1.5801  0.13
1.5901  0.1
1.6001  0.1
1.6101  0.12
1.6201  0.12
1.6301  0.09
1.6401  0.17
1.6501  0.15
1.6601  0.11
1.6701  0.18
1.6801  0.24
1.6901  0.08
1.7001  0.12
1.7101  0.12
1.7201  0.16
1.7301  0.16
1.7401  0.11
1.7501  0.19
1.7601  0.13
1.7701  0.12
1.7801  0.12
1.7901  0.1
1.8001  0.14
1.8101  0.13
1.8201  0.1
1.8301  0.13
1.8401  0.17
1.8501  0.12
1.8601  0.11
1.8701  0.05
1.8801  0.07
1.8901  0.25
1.9001  0.13
1.9101  0.1
1.9201  0.12
1.9301  0.15
1.9401  0.16
1.9501  0.2
1.9601  0.19
1.9701  0.13
1.9801  0.11
1.9901  0.24
2.0001  0.1
2.0101  0.08
2.0201  0.13
2.0301  0.12
2.0401  0.08
2.0501  0.11
2.0601  0.14
2.0701  0.11
2.0801  0.14
2.0901  0.17
2.1001  0.2
2.1101  0.16
2.1201  0.06
2.1301  0.17
2.1401  0.16
2.1501  0.18
2.1601  0.11
2.1701  0.15
2.1801  0.24
2.1901  0.13
2.2001  0.16
2.2101  0.15
2.2201  0.13
2.2301  0.11
2.2401  0.05
2.2501  0.11
2.2601  0.1
2.2701  0.14
2.2801  0.03
2.2901  0.13
2.3001  0.08
2.3101  0.1
2.3201  0.1
2.3301  0.13
2.3401  0.1
2.3501  0.18
2.3601  0.18
2.3701  0.1
2.3801  0.17
2.3901  0.16
2.4001  0.2
2.4101  0.13
2.4201  0.17
2.4301  0.13
2.4401  0.16
2.4501  0.13
2.4601  0.17
2.4701  0.19
2.4801  0.08
2.4901  0.15
2.5001  0.08
2.5101  0.05
2.5201  0.18
2.5301  0.25
2.5401  0.14
2.5501  0.14
2.5601  0.1
2.5701  0.08
2.5801  0.14
2.5901  0.14
2.6001  0.14
2.6101  0.13
2.6201  0.13
2.6301  0.06
2.6401  0.13
2.6501  0.18
2.6601  0.14
2.6701  0.13
2.6801  0.17
2.6901  0.17
2.7001  0.13
2.7101  0.11
2.7201  0.15
2.7301  0.09
2.7401  0.15
2.7501  0.18
2.7601  0.13
2.7701  0.06
2.7801  0.16
2.7901  0.17
2.8001  0.13
2.8101  0.12
2.8201  0.15
2.8301  0.2
2.8401  0.08
2.8501  0.18
2.8601  0.09
2.8701  0.13
2.8801  0.1
2.8901  0.14
2.9001  0.11
2.9101  0.14
2.9201  0.1
2.9301  0.07
2.9401  0.2
2.9501  0.1
2.9601  0.18
2.9701  0.16
2.9801  0.09
2.9901  0.16
3.0001  0.19
3.0101  0.17
3.0201  0.1
3.0301  0.14
3.0401  0.12
3.0501  0.15
3.0601  0.12
3.0701  0.21
3.0801  0.09
3.0901  0.18
3.1001  0.21
3.1101  0.12
3.1201  0.12
3.1301  0.15
3.1401  0.16
3.1501  0.13
3.1601  0.12
3.1701  0.23
3.1801  0.14
3.1901  0.09
3.2001  0.16
3.2101  0.14
3.2201  0.07
3.2301  0.06
3.2401  0.12
3.2501  0.15
3.2601  0.12
3.2701  0.07
3.2801  0.17
3.2901  0.19
3.3001  0.17
3.3101  0.15
3.3201  0.11
3.3301  0.13
3.3401  0.18
3.3501  0.07
3.3601  0.13
3.3701  0.17
3.3801  0.11
3.3901  0.1
3.4001  0.15
3.4101  0.17
3.4201  0.17
3.4301  0.14
3.4401  0.17
3.4501  0.11
3.4601  0.09
3.4701  0.16
3.4801  0.17
3.4901  0.11
3.5001  0.14
3.5101  0.13
3.5201  0.08
3.5301  0.11
3.5401  0.1
3.5501  0.1
3.5601  0.12
3.5701  0.24
3.5801  0.19
3.5901  0.08
3.6001  0.12
3.6101  0.12
3.6201  0.12
3.6301  0.16
3.6401  0.12
3.6501  0.13
3.6601  0.15
3.6701  0.13
3.6801  0.17
3.6901  0.18
3.7001  0.12
3.7101  0.17
3.7201  0.09
3.7301  0.16
3.7401  0.17
3.7501  0.13
3.7601  0.18
3.7701  0.1
3.7801  0.08
3.7901  0.11
3.8001  0.18
3.8101  0.13
3.8201  0.11
3.8301  0.12
3.8401  0.11
3.8501  0.1
3.8601  0.12
3.8701  0.15
3.8801  0.2
3.8901  0.19
3.9001  0.07
3.9101  0.2
3.9201  0.16
3.9301  0.11
3.9401  0.16
3.9501  0.11
3.9601  0.1
3.9701  0.12
3.9801  0.2
3.9901  0.08
4.0001  0.11
4.0101  0.15
4.0201  0.14
4.0301  0.15
4.0401  0.2
4.0501  0.08
4.0601  0.15
4.0701  0.13
4.0801  0.23
4.0901  0.1
4.1001  0.17
4.1101  0.15
4.1201  0.13
4.1301  0.11
4.1401  0.15
4.1501  0.18
4.1601  0.15
4.1701  0.17
4.1801  0.06
4.1901  0.17
4.2001  0.17
4.2101  0.07
4.2201  0.09
4.2301  0.18
4.2401  0.12
4.2501  0.14
4.2601  0.07
4.2701  0.17
4.2801  0.09
4.2901  0.11
4.3001  0.11
4.3101  0.12
4.3201  0.11
4.3301  0.12
4.3401  0.15
4.3501  0.12
4.3601  0.21
4.3701  0.19
4.3801  0.19
4.3901  0.17
4.4001  0.06
4.4101  0.2
4.4201  0.14
4.4301  0.15
4.4401  0.11
4.4501  0.12
4.4601  0.16
4.4701  0.17
4.4801  0.11
4.4901  0.11
4.5001  0.09
4.5101  0.1
4.5201  0.21
4.5301  0.07
4.5401  0.11
4.5501  0.14
4.5601  0.09
4.5701  0.09
4.5801  0.2
4.5901  0.17
4.6001  0.09
4.6101  0.12
4.6201  0.16
4.6301  0.15
4.6401  0.21
4.6501  0.22
4.6601  0.16
4.6701  0.15
4.6801  0.13
4.6901  0.16
4.7001  0.13
4.7101  0.09
4.7201  0.06
4.7301  0.08
4.7401  0.13
4.7501  0.15
4.7601  0.19
4.7701  0.09
4.7801  0.14
4.7901  0.15
4.8001  0.14
4.8101  0.13
4.8201  0.11
4.8301  0.12
4.8401  0.16
4.8501  0.16
4.8601  0.13
4.8701  0.08
4.8801  0.14
4.8901  0.13
4.9001  0.15
4.9101  0.19
4.9201  0.12
4.9301  0.11
4.9401  0.06
4.9501  0.12
4.9601  0.16
4.9701  0.16
4.9801  0.1
4.9901  0.16
5.0001  0.11
5.0101  0.18
5.0201  0.21
5.0301  0.19
5.0401  0.15
5.0501  0.17
5.0601  0.15
5.0701  0.11
5.0801  0.17
5.0901  0.12
5.1001  0.23
5.1101  0.11
5.1201  0.05
5.1301  0.1
5.1401  0.14
5.1501  0.15
5.1601  0.16
5.1701  0.12
5.1801  0.2
5.1901  0.13
5.2001  0.16
5.2101  0.12
5.2201  0.14
5.2301  0.18
5.2401  0.11
5.2501  0.14
5.2601  0.13
5.2701  0.1
5.2801  0.13
5.2901  0.05
5.3001  0.19
5.3101  0.13
5.3201  0.08
5.3301  0.06
5.3401  0.12
5.3501  0.08
5.3601  0.18
5.3701  0.06
5.3801  0.14
5.3901  0.11
5.4001  0.19
5.4101  0.13
5.4201  0.17
5.4301  0.17
5.4401  0.11
5.4501  0.11
5.4601  0.22
5.4701  0.14
5.4801  0.13
5.4901  0.12
5.5001  0.11
5.5101  0.16
5.5201  0.15
5.5301  0.15
5.5401  0.13
5.5501  0.12
5.5601  0.07
5.5701  0.11
5.5801  0.13
5.5901  0.18
5.6001  0.06
5.6101  0.18
5.6201  0.25
5.6301  0.14
5.6401  0.15
5.6501  0.15
5.6601  0.18
5.6701  0.17
5.6801  0.16
5.6901  0.18
5.7001  0.14
5.7101  0.11
5.7201  0.15
5.7301  0.15
5.7401  0.15
5.7501  0.19
5.7601  0.12
5.7701  0.11
5.7801  0.18
5.7901  0.05
5.8001  0.18
5.8101  0.18
5.8201  0.13
5.8301  0.12
5.8401  0.1
5.8501  0.09
5.8601  0.08
5.8701  0.18
5.8801  0.1
5.8901  0.19
5.9001  0.12
5.9101  0.11
5.9201  0.09
5.9301  0.25
5.9401  0.18
5.9501  0.14
5.9601  0.14
5.9701  0.14
5.9801  0.15
5.9901  0.09
6.0001  0.22
6.0101  0.09
6.0201  0.08
6.0301  0.13
6.0401  0.07
6.0501  0.09
6.0601  0.11
6.0701  0.11
6.0801  0.22
6.0901  0.19
6.1001  0.19
6.1101  0.18
6.1201  0.18
6.1301  0.19
6.1401  0.1
6.1501  0.17
6.1601  0.12
6.1701  0.18
6.1801  0.19
6.1901  0.1
6.2001  0.21
6.2101  0.15
6.2201  0.16
6.2301  0.1
6.2401  0.17
6.2501  0.1
6.2601  0.12
6.2701  0.14
6.2801  0.1
6.2901  0.12
6.3001  0.12
6.3101  0.13
6.3201  0.09
6.3301  0.14
6.3401  0.16
6.3501  0.09
6.3601  0.13
6.3701  0.15
6.3801  0.12
6.3901  0.13
6.4001  0.13
6.4101  0.17
6.4201  0.16
6.4301  0.16
6.4401  0.14
6.4501  0.07
6.4601  0.11
6.4701  0.08
6.4801  0.11
6.4901  0.17
6.5001  0.07
6.5101  0.1
6.5201  0.06
6.5301  0.16
6.5401  0.17
6.5501  0.14
6.5601  0.17
6.5701  0.2
6.5801  0.17
6.5901  0.17
6.6001  0.12
6.6101  0.15
6.6201  0.06
6.6301  0.14
6.6401  0.14
6.6501  0.16
6.6601  0.13
6.6701  0.11
6.6801  0.13
6.6901  0.1
6.7001  0.14
6.7101  0.22
6.7201  0.15
6.7301  0.2
6.7401  0.18
6.7501  0.18
6.7601  0.24
6.7701  0.17
6.7801  0.1
6.7901  0.2
6.8001  0.09
6.8101  0.17
6.8201  0.14
6.8301  0.15
6.8401  0.16
6.8501  0.13
6.8601  0.13
6.8701  0.24
6.8801  0.15
6.8901  0.11
6.9001  0.09
6.9101  0.12
6.9201  0.11
6.9301  0.12
6.9401  0.12
6.9501  0.13
6.9601  0.11
6.9701  0.13
6.9801  0.16
6.9901  0.11
7.0001  0.12
7.0101  0.08
7.0201  0.12
7.0301  0.11
7.0401  0.14
7.0501  0.15
7.0601  0.06
7.0701  0.14
7.0801  0.08
7.0901  0.13
7.1001  0.16
7.1101  0.15
7.1201  0.14
7.1301  0.09
7.1401  0.15
7.1501  0.17
7.1601  0.17
7.1701  0.16
7.1801  0.11
7.1901  0.11
7.2001  0.18
7.2101  0.13
7.2201  0.15
7.2301  0.09
7.2401  0.15
7.2501  0.21
7.2601  0.12
7.2701  0.16
7.2801  0.11
7.2901  0.12
7.3001  0.17
7.3101  0.15
7.3201  0.13
7.3301  0.09
7.3401  0.14
7.3501  0.14
7.3601  0.16
7.3701  0.11
7.3801  0.15
7.3901  0.11
7.4001  0.16
7.4101  0.11
7.4201  0.12
7.4301  0.14
7.4401  0.12
7.4501  0.09
7.4601  0.1
7.4701  0.12
7.4801  0.1
7.4901  0.15
7.5001  0.1
7.5101  0.13
7.5201  0.14
7.5301  0.09
7.5401  0.2
7.5501  0.08
7.5601  0.11
7.5701  0.16
7.5801  0.13
7.5901  0.13
7.6001  0.13
7.6101  0.06
7.6201  0.14
7.6301  0.1
7.6401  0.14
7.6501  0.17
7.6601  0.15
7.6701  0.2
7.6801  0.17
7.6901  0.1
7.7001  0.21
7.7101  0.18
7.7201  0.16
7.7301  0.17
7.7401  0.12
7.7501  0.19
7.7601  0.14
7.7701  0.21
7.7801  0.13
7.7901  0.1
7.8001  0.13
7.8101  0.09
7.8201  0.17
7.8301  0.17
7.8401  0.08
7.8501  0.07
7.8601  0.11
7.8701  0.13
7.8801  0.16
7.8901  0.06
7.9001  0.11
7.9101  0.15
7.9201  0.12
7.9301  0.2
7.9401  0.23
7.9501  0.12
7.9601  0.14
7.9701  0.1
7.9801  0.14
7.9901  0.13
8.0001  0.17
8.0101  0.1
8.0201  0.12
8.0301  0.11
8.0401  0.06
8.0501  0.11
8.0601  0.1
8.0701  0.09
8.0801  0.19
8.0901  0.15
8.1001  0.17
8.1101  0.13
8.1201  0.07
8.1301  0.16
8.1401  0.19
8.1501  0.16
8.1601  0.22
8.1701  0.11
8.1801  0.14
8.1901  0.07
8.2001  0.09
8.2101  0.14
8.2201  0.11
8.2301  0.08
8.2401  0.15
8.2501  0.1
8.2601  0.11
8.2701  0.14
8.2801  0.07
8.2901  0.14
8.3001  0.19
8.3101  0.16
8.3201  0.24
8.3301  0.21
8.3401  0.17
8.3501  0.14
8.3601  0.14
8.3701  0.14
8.3801  0.16
8.3901  0.13
8.4001  0.16
8.4101  0.13
8.4201  0.14
8.4301  0.12
8.4401  0.16
8.4501  0.14
8.4601  0.17
8.4701  0.11
8.4801  0.13
8.4901  0.14
8.5001  0.13
8.5101  0.13
8.5201  0.18
8.5301  0.09
8.5401  0.12
8.5501  0.11
8.5601  0.12
8.5701  0.15
8.5801  0.15
8.5901  0.15
8.6001  0.12
8.6101  0.17
8.6201  0.1
8.6301  0.13
8.6401  0.11
8.6501  0.18
8.6601  0.11
8.6701  0.12
8.6801  0.12
8.6901  0.06
8.7001  0.1
8.7101  0.15
8.7201  0.11
8.7301  0.18
8.7401  0.14
8.7501  0.12
8.7601  0.14
8.7701  0.24
8.7801  0.13
8.7901  0.14
8.8001  0.18
8.8101  0.1
8.8201  0.13
8.8301  0.13
8.8401  0.17
8.8501  0.15
8.8601  0.12
8.8701  0.13
8.8801  0.16
8.8901  0.15
8.9001  0.16
8.9101  0.1
8.9201  0.1
8.9301  0.18
8.9401  0.18
8.9501  0.17
8.9601  0.12
8.9701  0.15
8.9801  0.13
8.9901  0.17
9.0001  0.12
9.0101  0.1
9.0201  0.14
9.0301  0.18
9.0401  0.1
9.0501  0.15
9.0601  0.13
9.0701  0.14
9.0801  0.08
9.0901  0.18
9.1001  0.15
9.1101  0.18
9.1201  0.09
9.1301  0.14
9.1401  0.11
9.1501  0.14
9.1601  0.14
9.1701  0.17
9.1801  0.14
9.1901  0.1
9.2001  0.12
9.2101  0.17
9.2201  0.14
9.2301  0.13
9.2401  0.12
9.2501  0.08
9.2601  0.14
9.2701  0.12
9.2801  0.18
9.2901  0.15
9.3001  0.16
9.3101  0.14
9.3201  0.14
9.3301  0.17
9.3401  0.17
9.3501  0.1
9.3601  0.07
9.3701  0.13
9.3801  0.11
9.3901  0.16
9.4001  0.12
9.4101  0.15
9.4201  0.13
9.4301  0.13
9.4401  0.18
9.4501  0.19
9.4601  0.15
9.4701  0.16
9.4801  0.11
9.4901  0.16
9.5001  0.16
9.5101  0.18
9.5201  0.12
9.5301  0.11
9.5401  0.08
9.5501  0.18
9.5601  0.2
9.5701  0.13
9.5801  0.1
9.5901  0.07
9.6001  0.15
9.6101  0.17
9.6201  0.11
9.6301  0.08
9.6401  0.09
9.6501  0.15
9.6601  0.11
9.6701  0.23
9.6801  0.13
9.6901  0.17
9.7001  0.1
9.7101  0.18
9.7201  0.11
9.7301  0.13
9.7401  0.2
9.7501  0.16
9.7601  0.11
9.7701  0.17
9.7801  0.21
9.7901  0.12
9.8001  0.16
9.8101  0.09
9.8201  0.15
9.8301  0.14
9.8401  0.14
9.8501  0.11
9.8601  0.1
9.8701  0.13
9.8801  0.14
9.8901  0.13
9.9001  0.16
9.9101  0.1
9.9201  0.09
9.9301  0.16
9.9401  0.11
9.9501  0.13
9.9601  0.06
9.9701  0.14
9.9801  0.11
9.9901  0.12
10.0001  0.1
10.0101  0.11
10.0201  0.16
10.0301  0.17
10.0401  0.14
10.0501  0.08
10.0601  0.12
10.0701  0.13
10.0801  0.15
10.0901  0.14
10.1001  0.15
10.1101  0.1
10.1201  0.14
10.1301  0.14
10.1401  0.15
10.1501  0.14
10.1601  0.16
10.1701  0.11
10.1801  0.15
10.1901  0.2
10.2001  0.15
10.2101  0.2
10.2201  0.15
10.2301  0.09
10.2401  0.08
10.2501  0.15
10.2601  0.14
10.2701  0.18
10.2801  0.1
10.2901  0.11
10.3001  0.12
10.3101  0.13
10.3201  0.16
10.3301  0.1
10.3401  0.14
10.3501  0.17
10.3601  0.17
10.3701  0.17
10.3801  0.12
10.3901  0.12
10.4001  0.2
10.4101  0.19
10.4201  0.12
10.4301  0.15
10.4401  0.11
10.4501  0.21
10.4601  0.17
10.4701  0.13
10.4801  0.1
10.4901  0.24
10.5001  0.14
10.5101  0.15
10.5201  0.13
10.5301  0.16
10.5401  0.07
10.5501  0.16
10.5601  0.14
10.5701  0.12
10.5801  0.11
10.5901  0.12
10.6001  0.13
10.6101  0.2
10.6201  0.15
10.6301  0.16
10.6401  0.18
10.6501  0.19
10.6601  0.13
10.6701  0.21
10.6801  0.15
10.6901  0.12
10.7001  0.13
10.7101  0.11
10.7201  0.12
10.7301  0.09
10.7401  0.13
10.7501  0.1
10.7601  0.13
10.7701  0.11
10.7801  0.18
10.7901  0.14
10.8001  0.11
10.8101  0.08
10.8201  0.15
10.8301  0.16
10.8401  0.15
10.8501  0.15
10.8601  0.1
10.8701  0.11
10.8801  0.13
10.8901  0.15
10.9001  0.17
10.9101  0.1
10.9201  0.08
10.9301  0.14
10.9401  0.15
10.9501  0.14
10.9601  0.12
10.9701  0.15
10.9801  0.14
10.9901  0.15
11.0001  0.17
11.0101  0.17
11.0201  0.15
11.0301  0.15
11.0401  0.07
11.0501  0.2
11.0601  0.17
11.0701  0.15
11.0801  0.1
11.0901  0.09
11.1001  0.18
11.1101  0.11
11.1201  0.13
11.1301  0.16
11.1401  0.12
11.1501  0.21
11.1601  0.12
11.1701  0.11
11.1801  0.13
11.1901  0.16
11.2001  0.14
11.2101  0.12
11.2201  0.12
11.2301  0.11
11.2401  0.18
11.2501  0.18
11.2601  0.12
11.2701  0.11
11.2801  0.17
11.2901  0.1
11.3001  0.15
11.3101  0.13
11.3201  0.13
11.3301  0.22
11.3401  0.11
11.3501  0.1
11.3601  0.16
11.3701  0.13
11.3801  0.16
11.3901  0.14
11.4001  0.17
11.4101  0.11
11.4201  0.12
11.4301  0.09
11.4401  0.08
11.4501  0.14
11.4601  0.19
11.4701  0.16
11.4801  0.14
11.4901  0.14
11.5001  0.12
11.5101  0.15
11.5201  0.08
11.5301  0.18
11.5401  0.08
11.5501  0.14
11.5601  0.16
11.5701  0.2
11.5801  0.15
11.5901  0.1
11.6001  0.13
11.6101  0.15
11.6201  0.14
11.6301  0.1
11.6401  0.1
11.6501  0.08
11.6601  0.09
11.6701  0.14
11.6801  0.16
11.6901  0.18
11.7001  0.11
11.7101  0.11
11.7201  0.19
11.7301  0.11
11.7401  0.06
11.7501  0.13
11.7601  0.21
11.7701  0.11
11.7801  0.1
11.7901  0.13
11.8001  0.12
11.8101  0.09
11.8201  0.14
11.8301  0.12
11.8401  0.17
11.8501  0.08
11.8601  0.11
11.8701  0.15
11.8801  0.12
11.8901  0.15
11.9001  0.11
11.9101  0.21
11.9201  0.13
11.9301  0.13
11.9401  0.15
11.9501  0.25
11.9601  0.15
11.9701  0.16
11.9801  0.16
11.9901  0.11
12.0001  0.16
12.0101  0.19
12.0201  0.1
12.0301  0.09
12.0401  0.19
12.0501  0.16
12.0601  0.05
12.0701  0.12
12.0801  0.13
12.0901  0.11
12.1001  0.11
12.1101  0.09
12.1201  0.2
12.1301  0.12
12.1401  0.13
12.1501  0.13
12.1601  0.13
12.1701  0.27
12.1801  0.12
12.1901  0.14
12.2001  0.09
12.2101  0.13
12.2201  0.06
12.2301  0.2
12.2401  0.19
12.2501  0.12
12.2601  0.16
12.2701  0.14
12.2801  0.16
12.2901  0.1
12.3001  0.07
12.3101  0.15
12.3201  0.15
12.3301  0.12
12.3401  0.14
12.3501  0.17
12.3601  0.19
12.3701  0.12
12.3801  0.13
12.3901  0.16
12.4001  0.18
12.4101  0.11
12.4201  0.14
12.4301  0.06
12.4401  0.12
12.4501  0.16
12.4601  0.14
12.4701  0.14
12.4801  0.09
12.4901  0.18
12.5001  0.12
12.5101  0.09
12.5201  0.13
12.5301  0.19
12.5401  0.16
12.5501  0.15
12.5601  0.23
12.5701  0.13
12.5801  0.16
12.5901  0.18
12.6001  0.07
12.6101  0.12
12.6201  0.09
12.6301  0.1
12.6401  0.12
12.6501  0.16
12.6601  0.13
12.6701  0.12
12.6801  0.11
12.6901  0.14
12.7001  0.09
12.7101  0.17
12.7201  0.14
12.7301  0.2
12.7401  0.23
12.7501  0.13
12.7601  0.09
12.7701  0.15
12.7801  0.11
12.7901  0.21
12.8001  0.15
12.8101  0.12
12.8201  0.18
12.8301  0.09
12.8401  0.17
12.8501  0.14
12.8601  0.13
12.8701  0.14
12.8801  0.11
12.8901  0.11
12.9001  0.13
12.9101  0.21
12.9201  0.12
12.9301  0.17
12.9401  0.18
12.9501  0.19
12.9601  0.12
12.9701  0.05
12.9801  0.17
12.9901  0.09
13.0001  0.07
13.0101  0.15
13.0201  0.11
13.0301  0.19
13.0401  0.17
13.0501  0.07
13.0601  0.12
13.0701  0.1
13.0801  0.13
13.0901  0.15
13.1001  0.09
13.1101  0.09
13.1201  0.15
13.1301  0.18
13.1401  0.18
13.1501  0.1
13.1601  0.13
13.1701  0.16
13.1801  0.16
13.1901  0.14
13.2001  0.09
13.2101  0.12
13.2201  0.08
13.2301  0.17
13.2401  0.14
13.2501  0.17
13.2601  0.19
13.2701  0.15
13.2801  0.14
13.2901  0.13
13.3001  0.16
13.3101  0.1
13.3201  0.12
13.3301  0.13
13.3401  0.17
13.3501  0.14
13.3601  0.14
13.3701  0.12
13.3801  0.14
13.3901  0.09
13.4001  0.17
13.4101  0.12
13.4201  0.17
13.4301  0.15
13.4401  0.09
13.4501  0.13
13.4601  0.2
13.4701  0.15
13.4801  0.15
13.4901  0.1
13.5001  0.23
13.5101  0.19
13.5201  0.13
13.5301  0.14
13.5401  0.15
13.5501  0.13
13.5601  0.09
13.5701  0.09
13.5801  0.13
13.5901  0.07
13.6001  0.15
13.6101  0.07
13.6201  0.16
13.6301  0.08
13.6401  0.2
13.6501  0.16
13.6601  0.08
13.6701  0.17
13.6801  0.15
13.6901  0.22
13.7001  0.13
13.7101  0.15
13.7201  0.12
13.7301  0.19
13.7401  0.14
13.7501  0.14
13.7601  0.17
13.7701  0.12
13.7801  0.07
13.7901  0.13
13.8001  0.11
13.8101  0.12
13.8201  0.14
13.8301  0.18
13.8401  0.05
13.8501  0.12
13.8601  0.09
13.8701  0.15
13.8801  0.09
13.8901  0.14
13.9001  0.17
13.9101  0.17
13.9201  0.2
13.9301  0.14
13.9401  0.16
13.9501  0.15
13.9601  0.1
13.9701  0.21
13.9801  0.12
13.9901  0.18
14.0001  0.11
14.0101  0.17
14.0201  0.17
14.0301  0.15
14.0401  0.18
14.0501  0.19
14.0601  0.18
14.0701  0.08
14.0801  0.12
14.0901  0.11
14.1001  0.16
14.1101  0.14
14.1201  0.12
14.1301  0.18
14.1401  0.23
14.1501  0.17
14.1601  0.14
14.1701  0.11
14.1801  0.17
14.1901  0.13
14.2001  0.04
14.2101  0.12
14.2201  0.17
14.2301  0.11
14.2401  0.21
14.2501  0.07
14.2601  0.08
14.2701  0.14
14.2801  0.1
14.2901  0.12
14.3001  0.18
14.3101  0.11
14.3201  0.11
14.3301  0.12
14.3401  0.15
14.3501  0.1
14.3601  0.13
14.3701  0.1
14.3801  0.09
14.3901  0.12
14.4001  0.19
14.4101  0.17
14.4201  0.19
14.4301  0.13
14.4401  0.11
14.4501  0.21
14.4601  0.12
14.4701  0.19
14.4801  0.16
14.4901  0.21
14.5001  0.1
14.5101  0.1
14.5201  0.16
14.5301  0.16
14.5401  0.11
14.5501  0.14
14.5601  0.07
14.5701  0.14
14.5801  0.17
14.5901  0.15
14.6001  0.16
14.6101  0.15
14.6201  0.17
14.6301  0.14
14.6401  0.21
14.6501  0.18
14.6601  0.09
14.6701  0.12
14.6801  0.13
14.6901  0.17
14.7001  0.14
14.7101  0.1
14.7201  0.1
14.7301  0.13
14.7401  0.1
14.7501  0.13
14.7601  0.18
14.7701  0.07
14.7801  0.09
14.7901  0.07
14.8001  0.07
14.8101  0.18
14.8201  0.15
14.8301  0.1
14.8401  0.15
14.8501  0.12
14.8601  0.07
14.8701  0.16
14.8801  0.16
14.8901  0.1
14.9001  0.1
14.9101  0.17
14.9201  0.13
14.9301  0.11
14.9401  0.14
14.9501  0.19
14.9601  0.1
14.9701  0.14
14.9801  0.11
14.9901  0.12
15.0001  0.18
15.0101  0.14
15.0201  0.14
15.0301  0.19
15.0401  0.16
15.0501  0.16
15.0601  0.11
15.0701  0.19
15.0801  0.15
15.0901  0.11
15.1001  0.17
15.1101  0.12
15.1201  0.13
15.1301  0.15
15.1401  0.16
15.1501  0.08
15.1601  0.15
15.1701  0.11
15.1801  0.13
15.1901  0.06
15.2001  0.15
15.2101  0.17
15.2201  0.16
15.2301  0.2
15.2401  0.15
15.2501  0.19
15.2601  0.15
15.2701  0.15
15.2801  0.09
15.2901  0.18
15.3001  0.15
15.3101  0.11
15.3201  0.09
15.3301  0.09
15.3401  0.1
15.3501  0.12
15.3601  0.18
15.3701  0.18
15.3801  0.08
15.3901  0.17
15.4001  0.15
15.4101  0.1
15.4201  0.12
15.4301  0.06
15.4401  0.11
15.4501  0.16
15.4601  0.14
15.4701  0.09
15.4801  0.21
15.4901  0.14
15.5001  0.14
15.5101  0.15
15.5201  0.14
15.5301  0.09
15.5401  0.09
15.5501  0.15
15.5601  0.1
15.5701  0.22
15.5801  0.13
15.5901  0.08
15.6001  0.16
15.6101  0.14
15.6201  0.18
15.6301  0.12
15.6401  0.14
15.6501  0.24
15.6601  0.15
15.6701  0.17
15.6801  0.12
15.6901  0.13
15.7001  0.15
15.7101  0.16
15.7201  0.19
15.7301  0.08
15.7401  0.09
15.7501  0.12
15.7601  0.15
15.7701  0.12
15.7801  0.15
15.7901  0.09
15.8001  0.15
15.8101  0.12
15.8201  0.14
15.8301  0.16
15.8401  0.13
15.8501  0.18
15.8601  0.11
15.8701  0.13
15.8801  0.13
15.8901  0.14
15.9001  0.16
15.9101  0.13
15.9201  0.17
15.9301  0.11
15.9401  0.12
15.9501  0.12
15.9601  0.13
15.9701  0.15
15.9801  0.12
15.9901  0.13
16.0001  0.14
16.0101  0.08
16.0201  0.1
16.0301  0.17
16.0401  0.12
16.0501  0.12
16.0601  0.14
16.0701  0.07
16.0801  0.11
16.0901  0.07
16.1001  0.12
16.1101  0.18
16.1201  0.16
16.1301  0.15
16.1401  0.18
16.1501  0.18
16.1601  0.11
16.1701  0.12
16.1801  0.12
16.1901  0.23
16.2001  0.11
16.2101  0.07
16.2201  0.14
16.2301  0.11
16.2401  0.16
16.2501  0.16
16.2601  0.13
16.2701  0.17
16.2801  0.12
16.2901  0.16
16.3001  0.1
16.3101  0.1
16.3201  0.12
16.3301  0.18
16.3401  0.1
16.3501  0.18
16.3601  0.12
16.3701  0.09
16.3801  0.13
16.3901  0.14
16.4001  0.14
16.4101  0.14
16.4201  0.17
16.4301  0.16
16.4401  0.1
16.4501  0.1
16.4601  0.13
16.4701  0.13
16.4801  0.14
16.4901  0.15
16.5001  0.14
16.5101  0.14
16.5201  0.13
16.5301  0.2
16.5401  0.13
16.5501  0.09
16.5601  0.06
16.5701  0.21
16.5801  0.11
16.5901  0.19
16.6001  0.22
16.6101  0.09
16.6201  0.15
16.6301  0.17
16.6401  0.15
16.6501  0.13
16.6601  0.13
16.6701  0.15
16.6801  0.16
16.6901  0.13
16.7001  0.1
16.7101  0.2
16.7201  0.15
16.7301  0.11
16.7401  0.11
16.7501  0.1
16.7601  0.14
16.7701  0.11
16.7801  0.16
16.7901  0.19
16.8001  0.13
16.8101  0.15
16.8201  0.14
16.8301  0.14
16.8401  0.16
16.8501  0.16
16.8601  0.17
16.8701  0.16
16.8801  0.1
16.8901  0.14
16.9001  0.11
16.9101  0.12
16.9201  0.13
16.9301  0.2
16.9401  0.12
16.9501  0.16
16.9601  0.07
16.9701  0.17
16.9801  0.19
16.9901  0.12
17.0001  0.16
17.0101  0.16
17.0201  0.14
17.0301  0.18
17.0401  0.14
17.0501  0.16
17.0601  0.09
17.0701  0.12
17.0801  0.14
17.0901  0.13
17.1001  0.1
17.1101  0.12
17.1201  0.11
17.1301  0.13
17.1401  0.18
17.1501  0.19
17.1601  0.17
17.1701  0.18
17.1801  0.12
17.1901  0.15
17.2001  0.19
17.2101  0.06
17.2201  0.15
17.2301  0.11
17.2401  0.12
17.2501  0.06
17.2601  0.09
17.2701  0.06
17.2801  0.14
17.2901  0.12
17.3001  0.15
17.3101  0.19
17.3201  0.17
17.3301  0.12
17.3401  0.13
17.3501  0.08
17.3601  0.14
17.3701  0.2
17.3801  0.15
17.3901  0.13
17.4001  0.12
17.4101  0.21
17.4201  0.09
17.4301  0.12
17.4401  0.12
17.4501  0.17
17.4601  0.13
17.4701  0.15
17.4801  0.14
17.4901  0.22
17.5001  0.15
17.5101  0.14
17.5201  0.11
17.5301  0.13
17.5401  0.12
17.5501  0.09
17.5601  0.13
17.5701  0.14
17.5801  0.12
17.5901  0.15
17.6001  0.19
17.6101  0.19
17.6201  0.06
17.6301  0.13
17.6401  0.13
17.6501  0.14
17.6601  0.12
17.6701  0.17
17.6801  0.07
17.6901  0.13
17.7001  0.14
17.7101  0.14
17.7201  0.16
17.7301  0.13
17.7401  0.13
17.7501  0.18
17.7601  0.1
17.7701  0.13
17.7801  0.15
17.7901  0.12
17.8001  0.27
17.8101  0.23
17.8201  0.2
17.8301  0.17
17.8401  0.1
17.8501  0.14
17.8601  0.13
17.8701  0.11
17.8801  0.12
17.8901  0.08
17.9001  0.15
17.9101  0.14
17.9201  0.16
17.9301  0.18
17.9401  0.22
17.9501  0.09
17.9601  0.14
17.9701  0.18
17.9801  0.15
17.9901  0.12
18.0001  0.12
18.0101  0.07
18.0201  0.12
18.0301  0.1
18.0401  0.14
18.0501  0.13
18.0601  0.14
18.0701  0.15
18.0801  0.12
18.0901  0.08
18.1001  0.16
18.1101  0.15
18.1201  0.1
18.1301  0.07
18.1401  0.11
18.1501  0.18
18.1601  0.17
18.1701  0.13
18.1801  0.16
18.1901  0.17
18.2001  0.14
18.2101  0.11
18.2201  0.13
18.2301  0.11
18.2401  0.13
18.2501  0.15
18.2601  0.17
18.2701  0.07
18.2801  0.1
18.2901  0.1
18.3001  0.13
18.3101  0.12
18.3201  0.14
18.3301  0.14
18.3401  0.11
18.3501  0.16
18.3601  0.17
18.3701  0.21
18.3801  0.14
18.3901  0.16
18.4001  0.14
18.4101  0.14
18.4201  0.13
18.4301  0.12
18.4401  0.11
18.4501  0.12
18.4601  0.06
18.4701  0.13
18.4801  0.16
18.4901  0.18
18.5001  0.14
18.5101  0.14
18.5201  0.09
18.5301  0.16
18.5401  0.14
18.5501  0.09
18.5601  0.11
18.5701  0.15
18.5801  0.08
18.5901  0.13
18.6001  0.15
18.6101  0.14
18.6201  0.16
18.6301  0.1
18.6401  0.16
18.6501  0.12
18.6601  0.1
18.6701  0.21
18.6801  0.13
18.6901  0.12
18.7001  0.13
18.7101  0.14
18.7201  0.17
18.7301  0.18
18.7401  0.19
18.7501  0.09
18.7601  0.08
18.7701  0.15
18.7801  0.09
18.7901  0.16
18.8001  0.1
18.8101  0.13
18.8201  0.16
18.8301  0.18
18.8401  0.08
18.8501  0.16
18.8601  0.14
18.8701  0.16
18.8801  0.1
18.8901  0.14
18.9001  0.18
18.9101  0.16
18.9201  0.11
18.9301  0.18
18.9401  0.19
18.9501  0.16
18.9601  0.15
18.9701  0.09
18.9801  0.18
18.9901  0.14
19.0001  0.13
19.0101  0.12
19.0201  0.13
19.0301  0.13
19.0401  0.18
19.0501  0.22
19.0601  0.13
19.0701  0.13
19.0801  0.14
19.0901  0.15
19.1001  0.12
19.1101  0.13
19.1201  0.12
19.1301  0.12
19.1401  0.12
19.1501  0.12
19.1601  0.11
19.1701  0.13
19.1801  0.1
19.1901  0.15
19.2001  0.06
19.2101  0.1
19.2201  0.06
19.2301  0.14
19.2401  0.13
19.2501  0.12
19.2601  0.13
19.2701  0.13
19.2801  0.13
19.2901  0.14
19.3001  0.11
19.3101  0.13
19.3201  0.16
19.3301  0.14
19.3401  0.14
19.3501  0.15
19.3601  0.17
19.3701  0.19
19.3801  0.18
19.3901  0.19
19.4001  0.14
19.4101  0.16
19.4201  0.15
19.4301  0.12
19.4401  0.07
19.4501  0.09
19.4601  0.14
19.4701  0.14
19.4801  0.11
19.4901  0.18
19.5001  0.13
19.5101  0.15
19.5201  0.14
19.5301  0.17
19.5401  0.11
19.5501  0.12
19.5601  0.1
19.5701  0.11
19.5801  0.04
19.5901  0.12
19.6001  0.15
19.6101  0.14
19.6201  0.11
19.6301  0.1
19.6401  0.17
19.6501  0.19
19.6601  0.09
19.6701  0.16
19.6801  0.09
19.6901  0.22
19.7001  0.14
19.7101  0.12
19.7201  0.11
19.7301  0.19
19.7401  0.16
19.7501  0.14
19.7601  0.15
19.7701  0.1
19.7801  0.12
19.7901  0.09
19.8001  0.16
19.8101  0.15
19.8201  0.17
19.8301  0.08
19.8401  0.24
19.8501  0.16
19.8601  0.12
19.8701  0.11
19.8801  0.12
19.8901  0.16
19.9001  0.11
19.9101  0.08
19.9201  0.12
19.9301  0.19
19.9401  0.17
19.9501  0.18
19.9601  0.1
19.9701  0.13
19.9801  0.19
19.9901  0.15
20.0001  0.18
20.0101  0.14
20.0201  0.15
20.0301  0.13
20.0401  0.16
20.0501  0.13
20.0601  0.1
20.0701  0.08
20.0801  0.19
20.0901  0.18
20.1001  0.13
20.1101  0.14
20.1201  0.19
20.1301  0.17
20.1401  0.12
20.1501  0.13
20.1601  0.11
20.1701  0.17
20.1801  0.12
20.1901  0.16
20.2001  0.17
20.2101  0.21
20.2201  0.1
20.2301  0.15
20.2401  0.11
20.2501  0.12
20.2601  0.13
20.2701  0.18
20.2801  0.22
20.2901  0.14
20.3001  0.2
20.3101  0.14
20.3201  0.18
20.3301  0.1
20.3401  0.11
20.3501  0.16
20.3601  0.13
20.3701  0.12
20.3801  0.18
20.3901  0.14
20.4001  0.15
20.4101  0.12
20.4201  0.09
20.4301  0.2
20.4401  0.16
20.4501  0.14
20.4601  0.1
20.4701  0.13
20.4801  0.11
20.4901  0.12
20.5001  0.11
20.5101  0.11
20.5201  0.15
20.5301  0.14
20.5401  0.09
20.5501  0.09
20.5601  0.1
20.5701  0.09
20.5801  0.13
20.5901  0.11
20.6001  0.16
20.6101  0.16
20.6201  0.15
20.6301  0.08
20.6401  0.23
20.6501  0.18
20.6601  0.13
20.6701  0.14
20.6801  0.07
20.6901  0.16
20.7001  0.14
20.7101  0.12
20.7201  0.17
20.7301  0.17
20.7401  0.13
20.7501  0.14
20.7601  0.19
20.7701  0.12
20.7801  0.06
20.7901  0.16
20.8001  0.14
20.8101  0.15
20.8201  0.13
20.8301  0.18
20.8401  0.09
20.8501  0.14
20.8601  0.14
20.8701  0.13
20.8801  0.11
20.8901  0.11
20.9001  0.12
20.9101  0.23
20.9201  0.12
20.9301  0.06
20.9401  0.14
20.9501  0.17
20.9601  0.1
20.9701  0.11
20.9801  0.11
20.9901  0.13
21.0001  0.12
21.0101  0.09
21.0201  0.14
21.0301  0.1
21.0401  0.09
21.0501  0.11
21.0601  0.15
21.0701  0.18
21.0801  0.16
21.0901  0.08
21.1001  0.19
21.1101  0.12
21.1201  0.13
21.1301  0.11
21.1401  0.17
21.1501  0.15
21.1601  0.11
21.1701  0.1
21.1801  0.13
21.1901  0.1
21.2001  0.16
21.2101  0.1
21.2201  0.11
21.2301  0.18
21.2401  0.17
21.2501  0.16
21.2601  0.13
21.2701  0.12
21.2801  0.17
21.2901  0.15
21.3001  0.12
21.3101  0.13
21.3201  0.12
21.3301  0.14
21.3401  0.11
21.3501  0.13
21.3601  0.09
21.3701  0.19
21.3801  0.18
21.3901  0.21
21.4001  0.14
21.4101  0.08
21.4201  0.12
21.4301  0.15
21.4401  0.17
21.4501  0.07
21.4601  0.17
21.4701  0.1
21.4801  0.19
21.4901  0.09
21.5001  0.13
21.5101  0.13
21.5201  0.1
21.5301  0.07
21.5401  0.13
21.5501  0.09
21.5601  0.12
21.5701  0.17
21.5801  0.15
21.5901  0.18
21.6001  0.14
21.6101  0.17
21.6201  0.09
21.6301  0.17
21.6401  0.06
21.6501  0.1
21.6601  0.15
21.6701  0.11
21.6801  0.13
21.6901  0.13
21.7001  0.14
21.7101  0.22
21.7201  0.15
21.7301  0.13
21.7401  0.16
21.7501  0.12
21.7601  0.13
21.7701  0.17
21.7801  0.12
21.7901  0.13
21.8001  0.19
21.8101  0.11
21.8201  0.14
21.8301  0.1
21.8401  0.19
21.8501  0.18
21.8601  0.15
21.8701  0.2
21.8801  0.13
21.8901  0.2
21.9001  0.08
21.9101  0.15
21.9201  0.12
21.9301  0.19
21.9401  0.12
21.9501  0.19
21.9601  0.16
21.9701  0.16
21.9801  0.13
21.9901  0.16
22.0001  0.09
22.0101  0.16
22.0201  0.22
22.0301  0.08
22.0401  0.11
22.0501  0.11
22.0601  0.16
22.0701  0.07
22.0801  0.14
22.0901  0.09
22.1001  0.16
22.1101  0.07
22.1201  0.14
22.1301  0.13
22.1401  0.19
22.1501  0.17
22.1601  0.15
22.1701  0.16
22.1801  0.18
22.1901  0.15
22.2001  0.13
22.2101  0.16
22.2201  0.2
22.2301  0.12
22.2401  0.14
22.2501  0.11
22.2601  0.11
22.2701  0.18
22.2801  0.16
22.2901  0.13
22.3001  0.13
22.3101  0.08
22.3201  0.11
22.3301  0.15
22.3401  0.14
22.3501  0.18
22.3601  0.11
22.3701  0.17
22.3801  0.13
22.3901  0.17
22.4001  0.13
22.4101  0.16
22.4201  0.14
22.4301  0.12
22.4401  0.17
22.4501  0.15
22.4601  0.07
22.4701  0.15
22.4801  0.21
22.4901  0.13
22.5001  0.16
22.5101  0.17
22.5201  0.17
22.5301  0.11
22.5401  0.12
22.5501  0.06
22.5601  0.11
22.5701  0.11
22.5801  0.1
22.5901  0.08
22.6001  0.13
22.6101  0.1
22.6201  0.19
22.6301  0.18
22.6401  0.2
22.6501  0.13
22.6601  0.16
22.6701  0.17
22.6801  0.14
22.6901  0.14
22.7001  0.1
22.7101  0.11
22.7201  0.07
22.7301  0.09
22.7401  0.16
22.7501  0.2
22.7601  0.1
22.7701  0.15
22.7801  0.16
22.7901  0.17
22.8001  0.2
22.8101  0.09
22.8201  0.18
22.8301  0.14
22.8401  0.17
22.8501  0.12
22.8601  0.16
22.8701  0.12
22.8801  0.17
22.8901  0.14
22.9001  0.1
22.9101  0.12
22.9201  0.1
22.9301  0.08
22.9401  0.11
22.9501  0.09
22.9601  0.18
22.9701  0.1
22.9801  0.12
22.9901  0.14
23.0001  0.07
23.0101  0.12
23.0201  0.16
23.0301  0.12
23.0401  0.17
23.0501  0.14
23.0601  0.14
23.0701  0.12
23.0801  0.17
23.0901  0.16
23.1001  0.18
23.1101  0.15
23.1201  0.14
23.1301  0.1
23.1401  0.08
23.1501  0.09
23.1601  0.13
23.1701  0.14
23.1801  0.23
23.1901  0.15
23.2001  0.16
23.2101  0.15
23.2201  0.14
23.2301  0.11
23.2401  0.11
23.2501  0.16
23.2601  0.09
23.2701  0.19
23.2801  0.12
23.2901  0.2
23.3001  0.15
23.3101  0.18
23.3201  0.1
23.3301  0.13
23.3401  0.17
23.3501  0.15
23.3601  0.13
23.3701  0.12
23.3801  0.13
23.3901  0.07
23.4001  0.1
23.4101  0.12
23.4201  0.12
23.4301  0.17
23.4401  0.13
23.4501  0.15
23.4601  0.15
23.4701  0.12
23.4801  0.09
23.4901  0.1
23.5001  0.09
23.5101  0.13
23.5201  0.13
23.5301  0.15
23.5401  0.15
23.5501  0.13
23.5601  0.09
23.5701  0.13
23.5801  0.08
23.5901  0.1
23.6001  0.13
23.6101  0.19
23.6201  0.11
23.6301  0.19
23.6401  0.2
23.6501  0.1
23.6601  0.06
23.6701  0.15
23.6801  0.14
23.6901  0.16
23.7001  0.1
23.7101  0.14
23.7201  0.13
23.7301  0.1
23.7401  0.17
23.7501  0.11
23.7601  0.14
23.7701  0.12
23.7801  0.11
23.7901  0.11
23.8001  0.14
23.8101  0.17
23.8201  0.17
23.8301  0.17
23.8401  0.13
23.8501  0.14
23.8601  0.12
23.8701  0.18
23.8801  0.12
23.8901  0.1
23.9001  0.09
23.9101  0.09
23.9201  0.16
23.9301  0.26
23.9401  0.11
23.9501  0.19
23.9601  0.12
23.9701  0.12
23.9801  0.11
23.9901  0.14
24.0001  0.14
24.0101  0.14
24.0201  0.15
24.0301  0.12
24.0401  0.07
24.0501  0.15
24.0601  0.15
24.0701  0.19
24.0801  0.17
24.0901  0.16
24.1001  0.14
24.1101  0.07
24.1201  0.15
24.1301  0.11
24.1401  0.16
24.1501  0.09
24.1601  0.16
24.1701  0.12
24.1801  0.18
24.1901  0.17
24.2001  0.16
24.2101  0.11
24.2201  0.17
24.2301  0.07
24.2401  0.23
24.2501  0.13
24.2601  0.18
24.2701  0.13
24.2801  0.16
24.2901  0.12
24.3001  0.09
24.3101  0.14
24.3201  0.16
24.3301  0.12
24.3401  0.12
24.3501  0.09
24.3601  0.18
24.3701  0.17
24.3801  0.15
24.3901  0.12
24.4001  0.11
24.4101  0.13
24.4201  0.12
24.4301  0.09
24.4401  0.15
24.4501  0.12
24.4601  0.12
24.4701  0.21
24.4801  0.12
24.4901  0.09
24.5001  0.15
24.5101  0.13
24.5201  0.2
24.5301  0.18
24.5401  0.13
24.5501  0.13
24.5601  0.21
24.5701  0.14
24.5801  0.18
24.5901  0.12
24.6001  0.14
24.6101  0.08
24.6201  0.17
24.6301  0.17
24.6401  0.17
24.6501  0.09
24.6601  0.1
24.6701  0.15
24.6801  0.16
24.6901  0.09
24.7001  0.12
24.7101  0.18
24.7201  0.18
24.7301  0.18
24.7401  0.13
24.7501  0.11
24.7601  0.16
24.7701  0.12
24.7801  0.13
24.7901  0.1
24.8001  0.18
24.8101  0.13
24.8201  0.13
24.8301  0.21
24.8401  0.1
24.8501  0.23
24.8601  0.19
24.8701  0.16
24.8801  0.22
24.8901  0.11
24.9001  0.11
24.9101  0.11
24.9201  0.16
24.9301  0.12
24.9401  0.13
24.9501  0.15
24.9601  0.13
24.9701  0.13
24.9801  0.17
24.9901  0.12
25.0001  0.12
25.0101  0.13
25.0201  0.08
25.0301  0.08
25.0401  0.2
25.0501  0.11
25.0601  0.11
25.0701  0.09
25.0801  0.2
25.0901  0.16
25.1001  0.21
25.1101  0.16
25.1201  0.11
25.1301  0.16
25.1401  0.12
25.1501  0.06
25.1601  0.14
25.1701  0.11
25.1801  0.18
25.1901  0.18
25.2001  0.13
25.2101  0.11
25.2201  0.13
25.2301  0.2
25.2401  0.1
25.2501  0.17
25.2601  0.12
25.2701  0.1
25.2801  0.11
25.2901  0.11
25.3001  0.17
25.3101  0.11
25.3201  0.12
25.3301  0.13
25.3401  0.1
25.3501  0.16
25.3601  0.15
25.3701  0.15
25.3801  0.13
25.3901  0.16
25.4001  0.11
25.4101  0.17
25.4201  0.14
25.4301  0.09
25.4401  0.13
25.4501  0.06
25.4601  0.09
25.4701  0.15
25.4801  0.15
25.4901  0.11
25.5001  0.14
25.5101  0.15
25.5201  0.17
25.5301  0.17
25.5401  0.1
25.5501  0.15
25.5601  0.14
25.5701  0.17
25.5801  0.17
25.5901  0.18
25.6001  0.15
25.6101  0.07
25.6201  0.11
25.6301  0.25
25.6401  0.12
25.6501  0.15
25.6601  0.16
25.6701  0.14
25.6801  0.11
25.6901  0.18
25.7001  0.17
25.7101  0.15
25.7201  0.12
25.7301  0.11
25.7401  0.14
25.7501  0.13
25.7601  0.13
25.7701  0.11
25.7801  0.14
25.7901  0.09
25.8001  0.11
25.8101  0.11
25.8201  0.21
25.8301  0.1
25.8401  0.07
25.8501  0.1
25.8601  0.1
25.8701  0.17
25.8801  0.19
25.8901  0.11
25.9001  0.16
25.9101  0.16
25.9201  0.16
25.9301  0.17
25.9401  0.19
25.9501  0.15
25.9601  0.11
25.9701  0.11
25.9801  0.14
25.9901  0.2
26.0001  0.19
26.0101  0.09
26.0201  0.09
26.0301  0.1
26.0401  0.12
26.0501  0.11
26.0601  0.12
26.0701  0.11
26.0801  0.13
26.0901  0.08
26.1001  0.11
26.1101  0.15
26.1201  0.16
26.1301  0.23
26.1401  0.05
26.1501  0.03
26.1601  0.11
26.1701  0.13
26.1801  0.1
26.1901  0.16
26.2001  0.12
26.2101  0.14
26.2201  0.09
26.2301  0.14
26.2401  0.11
26.2501  0.13
26.2601  0.16
26.2701  0.16
26.2801  0.15
26.2901  0.13
26.3001  0.16
26.3101  0.17
26.3201  0.18
26.3301  0.14
26.3401  0.15
26.3501  0.15
26.3601  0.08
26.3701  0.07
26.3801  0.17
26.3901  0.16
26.4001  0.11
26.4101  0.1
26.4201  0.13
26.4301  0.16
26.4401  0.15
26.4501  0.17
26.4601  0.16
26.4701  0.12
26.4801  0.15
26.4901  0.18
26.5001  0.1
26.5101  0.13
26.5201  0.18
26.5301  0.15
26.5401  0.17
26.5501  0.14
26.5601  0.11
26.5701  0.14
26.5801  0.18
26.5901  0.13
26.6001  0.1
26.6101  0.13
26.6201  0.14
26.6301  0.17
26.6401  0.11
26.6501  0.12
26.6601  0.14
26.6701  0.11
26.6801  0.12
26.6901  0.18
26.7001  0.11
26.7101  0.16
26.7201  0.12
26.7301  0.1
26.7401  0.18
26.7501  0.14
26.7601  0.15
26.7701  0.14
26.7801  0.07
26.7901  0.11
26.8001  0.14
26.8101  0.13
26.8201  0.11
26.8301  0.12
26.8401  0.2
26.8501  0.16
26.8601  0.17
26.8701  0.12
26.8801  0.14
26.8901  0.15
26.9001  0.22
26.9101  0.1
26.9201  0.22
26.9301  0.13
26.9401  0.13
26.9501  0.15
26.9601  0.15
26.9701  0.14
26.9801  0.12
26.9901  0.14
27.0001  0.15
27.0101  0.12
27.0201  0.09
27.0301  0.11
27.0401  0.11
27.0501  0.13
27.0601  0.2
27.0701  0.16
27.0801  0.16
27.0901  0.17
27.1001  0.1
27.1101  0.19
27.1201  0.1
27.1301  0.16
27.1401  0.12
27.1501  0.15
27.1601  0.17
27.1701  0.12
27.1801  0.23
27.1901  0.14
27.2001  0.08
27.2101  0.1
27.2201  0.11
27.2301  0.19
27.2401  0.2
27.2501  0.15
27.2601  0.14
27.2701  0.2
27.2801  0.13
27.2901  0.15
27.3001  0.17
27.3101  0.15
27.3201  0.12
27.3301  0.08
27.3401  0.15
27.3501  0.13
27.3601  0.08
27.3701  0.11
27.3801  0.15
27.3901  0.19
27.4001  0.09
27.4101  0.18
27.4201  0.17
27.4301  0.12
27.4401  0.14
27.4501  0.15
27.4601  0.15
27.4701  0.08
27.4801  0.1
27.4901  0.12
27.5001  0.14
27.5101  0.14
27.5201  0.17
27.5301  0.11
27.5401  0.14
27.5501  0.22
27.5601  0.13
27.5701  0.24
27.5801  0.09
27.5901  0.11
27.6001  0.14
27.6101  0.08
27.6201  0.11
27.6301  0.1
27.6401  0.11
27.6501  0.07
27.6601  0.12
27.6701  0.08
27.6801  0.14
27.6901  0.1
27.7001  0.07
27.7101  0.19
27.7201  0.2
27.7301  0.14
27.7401  0.13
27.7501  0.12
27.7601  0.16
27.7701  0.12
27.7801  0.15
27.7901  0.2
27.8001  0.11
27.8101  0.22
27.8201  0.08
27.8301  0.09
27.8401  0.17
27.8501  0.12
27.8601  0.18
27.8701  0.19
27.8801  0.17
27.8901  0.21
27.9001  0.1
27.9101  0.19
27.9201  0.13
27.9301  0.13
27.9401  0.14
27.9501  0.15
27.9601  0.13
27.9701  0.14
27.9801  0.17
27.9901  0.17
28.0001  0.17
28.0101  0.14
28.0201  0.16
28.0301  0.06
28.0401  0.19
28.0501  0.12
28.0601  0.1
28.0701  0.07
28.0801  0.19
28.0901  0.08
28.1001  0.1
28.1101  0.2
28.1201  0.11
28.1301  0.15
28.1401  0.14
28.1501  0.12
28.1601  0.15
28.1701  0.1
28.1801  0.18
28.1901  0.18
28.2001  0.1
28.2101  0.12
28.2201  0.18
28.2301  0.13
28.2401  0.1
28.2501  0.13
28.2601  0.16
28.2701  0.12
28.2801  0.1
28.2901  0.15
28.3001  0.14
28.3101  0.15
28.3201  0.1
28.3301  0.12
28.3401  0.12
28.3501  0.16
28.3601  0.09
28.3701  0.17
28.3801  0.14
28.3901  0.14
28.4001  0.15
28.4101  0.07
28.4201  0.11
28.4301  0.19
28.4401  0.14
28.4501  0.12
28.4601  0.14
28.4701  0.13
28.4801  0.1
28.4901  0.1
28.5001  0.15
28.5101  0.15
28.5201  0.14
28.5301  0.12
28.5401  0.22
28.5501  0.16
28.5601  0.2
28.5701  0.11
28.5801  0.15
28.5901  0.06
28.6001  0.12
28.6101  0.11
28.6201  0.22
28.6301  0.13
28.6401  0.15
28.6501  0.16
28.6601  0.18
28.6701  0.12
28.6801  0.11
28.6901  0.16
28.7001  0.13
28.7101  0.1
28.7201  0.17
28.7301  0.13
28.7401  0.17
28.7501  0.15
28.7601  0.1
28.7701  0.11
28.7801  0.19
28.7901  0.19
28.8001  0.12
28.8101  0.13
28.8201  0.07
28.8301  0.08
28.8401  0.13
28.8501  0.13
28.8601  0.13
28.8701  0.1
28.8801  0.15
28.8901  0.12
28.9001  0.14
28.9101  0.07
28.9201  0.07
28.9301  0.12
28.9401  0.1
28.9501  0.13
28.9601  0.11
28.9701  0.24
28.9801  0.14
28.9901  0.12
29.0001  0.14
29.0101  0.16
29.0201  0.13
29.0301  0.15
29.0401  0.13
29.0501  0.19
29.0601  0.06
29.0701  0.15
29.0801  0.1
29.0901  0.13
29.1001  0.16
29.1101  0.2
29.1201  0.1
29.1301  0.12
29.1401  0.18
29.1501  0.12
29.1601  0.12
29.1701  0.13
29.1801  0.11
29.1901  0.16
29.2001  0.18
29.2101  0.15
29.2201  0.08
29.2301  0.15
29.2401  0.12
29.2501  0.09
29.2601  0.2
29.2701  0.13
29.2801  0.14
29.2901  0.16
29.3001  0.14
29.3101  0.12
29.3201  0.1
29.3301  0.13
29.3401  0.22
29.3501  0.14
29.3601  0.12
29.3701  0.11
29.3801  0.13
29.3901  0.02
29.4001  0.16
29.4101  0.13
29.4201  0.16
29.4301  0.16
29.4401  0.16
29.4501  0.19
29.4601  0.12
29.4701  0.16
29.4801  0.1
29.4901  0.14
29.5001  0.18
29.5101  0.09
29.5201  0.13
29.5301  0.09
29.5401  0.2
29.5501  0.19
29.5601  0.15
29.5701  0.15
29.5801  0.19
29.5901  0.18
29.6001  0.1
29.6101  0.08
29.6201  0.16
29.6301  0.19
29.6401  0.12
29.6501  0.15
29.6601  0.11
29.6701  0.11
29.6801  0.15
29.6901  0.11
29.7001  0.1
29.7101  0.15
29.7201  0.17
29.7301  0.12
29.7401  0.18
29.7501  0.11
29.7601  0.16
29.7701  0.14
29.7801  0.13
29.7901  0.16
29.8001  0.1
29.8101  0.2
29.8201  0.16
29.8301  0.14
29.8401  0.12
29.8501  0.06
29.8601  0.1
29.8701  0.16
29.8801  0.19
29.8901  0.1
29.9001  0.17
29.9101  0.15
29.9201  0.14
29.9301  0.15
29.9401  0.1
29.9501  0.13
29.9601  0.17
29.9701  0.08
29.9801  0.08
29.9901  0.17
30.0001  0.16
30.0101  0.14
30.0201  0.18
30.0301  0.1
30.0401  0.19
30.0501  0.14
30.0601  0.08
30.0701  0.09
30.0801  0.14
30.0901  0.12
30.1001  0.12
30.1101  0.17
30.1201  0.21
30.1301  0.16
30.1401  0.13
30.1501  0.09
30.1601  0.15
30.1701  0.15
30.1801  0.13
30.1901  0.15
30.2001  0.1
30.2101  0.12
30.2201  0.15
30.2301  0.16
30.2401  0.15
30.2501  0.1
30.2601  0.11
30.2701  0.12
30.2801  0.17
30.2901  0.11
30.3001  0.12
30.3101  0.13
30.3201  0.08
30.3301  0.1
30.3401  0.15
30.3501  0.16
30.3601  0.22
30.3701  0.13
30.3801  0.12
30.3901  0.13
30.4001  0.17
30.4101  0.14
30.4201  0.11
30.4301  0.16
30.4401  0.22
30.4501  0.1
30.4601  0.1
30.4701  0.12
30.4801  0.15
30.4901  0.14
30.5001  0.11
30.5101  0.18
30.5201  0.13
30.5301  0.11
30.5401  0.11
30.5501  0.15
30.5601  0.16
30.5701  0.23
30.5801  0.11
30.5901  0.18
30.6001  0.2
30.6101  0.16
30.6201  0.14
30.6301  0.16
30.6401  0.11
30.6501  0.13
30.6601  0.15
30.6701  0.14
30.6801  0.17
30.6901  0.12
30.7001  0.2
30.7101  0.2
30.7201  0.14
30.7301  0.13
30.7401  0.14
30.7501  0.12
30.7601  0.14
30.7701  0.07
30.7801  0.17
30.7901  0.12
30.8001  0.11
30.8101  0.13
30.8201  0.14
30.8301  0.09
30.8401  0.14
30.8501  0.05
30.8601  0.09
30.8701  0.17
30.8801  0.1
30.8901  0.13
30.9001  0.12
30.9101  0.16
30.9201  0.14
30.9301  0.15
30.9401  0.14
30.9501  0.14
30.9601  0.13
30.9701  0.09
30.9801  0.09
30.9901  0.19
31.0001  0.2
31.0101  0.15
31.0201  0.15
31.0301  0.13
31.0401  0.17
31.0501  0.14
31.0601  0.13
31.0701  0.11
31.0801  0.17
31.0901  0.15
31.1001  0.09
31.1101  0.19
31.1201  0.13
31.1301  0.19
31.1401  0.08
31.1501  0.09
31.1601  0.11
31.1701  0.19
31.1801  0.2
31.1901  0.14
31.2001  0.17
31.2101  0.14
31.2201  0.18
31.2301  0.18
31.2401  0.1
31.2501  0.07
31.2601  0.15
31.2701  0.11
31.2801  0.17
31.2901  0.12
31.3001  0.15
31.3101  0.16
31.3201  0.13
31.3301  0.1
31.3401  0.17
31.3501  0.16
31.3601  0.18
31.3701  0.08
31.3801  0.14
31.3901  0.1
31.4001  0.1
31.4101  0.1
31.4201  0.11
31.4301  0.08
31.4401  0.09
31.4501  0.13
31.4601  0.09
31.4701  0.22
31.4801  0.15
31.4901  0.1
31.5001  0.16
31.5101  0.16
31.5201  0.13
31.5301  0.1
31.5401  0.21
31.5501  0.1
31.5601  0.11
31.5701  0.13
31.5801  0.21
31.5901  0.11
31.6001  0.14
31.6101  0.06
31.6201  0.14
31.6301  0.1
31.6401  0.12
31.6501  0.09
31.6601  0.28
31.6701  0.1
31.6801  0.12
31.6901  0.13
31.7001  0.16
31.7101  0.11
31.7201  0.1
31.7301  0.13
31.7401  0.09
31.7501  0.18
31.7601  0.19
31.7701  0.12
31.7801  0.14
31.7901  0.14
31.8001  0.15
31.8101  0.17
31.8201  0.12
31.8301  0.1
31.8401  0.16
31.8501  0.1
31.8601  0.12
31.8701  0.12
31.8801  0.09
31.8901  0.17
31.9001  0.18
31.9101  0.11
31.9201  0.14
31.9301  0.12
31.9401  0.14
31.9501  0.17
31.9601  0.13
31.9701  0.18
31.9801  0.12
31.9901  0.1
32.0001  0.13
32.0101  0.13
32.0201  0.17
32.0301  0.12
32.0401  0.12
32.0501  0.15
32.0601  0.09
32.0701  0.13
32.0801  0.11
32.0901  0.13
32.1001  0.23
32.1101  0.13
32.1201  0.14
32.1301  0.1
32.1401  0.16
32.1501  0.15
32.1601  0.11
32.1701  0.09
32.1801  0.12
32.1901  0.21
32.2001  0.21
32.2101  0.16
32.2201  0.11
32.2301  0.15
32.2401  0.18
32.2501  0.18
32.2601  0.11
32.2701  0.12
32.2801  0.14
32.2901  0.07
32.3001  0.17
32.3101  0.11
32.3201  0.08
32.3301  0.14
32.3401  0.12
32.3501  0.14
32.3601  0.2
32.3701  0.12
32.3801  0.11
32.3901  0.15
32.4001  0.15
32.4101  0.12
32.4201  0.18
32.4301  0.18
32.4401  0.17
32.4501  0.13
32.4601  0.08
32.4701  0.11
32.4801  0.14
32.4901  0.25
32.5001  0.07
32.5101  0.16
32.5201  0.15
32.5301  0.11
32.5401  0.11
32.5501  0.12
32.5601  0.1
32.5701  0.15
32.5801  0.19
32.5901  0.12
32.6001  0.17
32.6101  0.17
32.6201  0.19
32.6301  0.13
32.6401  0.07
32.6501  0.15
32.6601  0.13
32.6701  0.13
32.6801  0.14
32.6901  0.17
32.7001  0.15
32.7101  0.17
32.7201  0.1
32.7301  0.15
32.7401  0.09
32.7501  0.15
32.7601  0.15
32.7701  0.14
32.7801  0.17
32.7901  0.22
32.8001  0.07
32.8101  0.13
32.8201  0.16
32.8301  0.14
32.8401  0.14
32.8501  0.17
32.8601  0.08
32.8701  0.17
32.8801  0.13
32.8901  0.08
32.9001  0.15
32.9101  0.12
32.9201  0.24
32.9301  0.08
32.9401  0.13
32.9501  0.19
32.9601  0.18
32.9701  0.15
32.9801  0.16
32.9901  0.14
33.0001  0.13
33.0101  0.12
33.0201  0.23
33.0301  0.15
33.0401  0.11
33.0501  0.13
33.0601  0.11
33.0701  0.15
33.0801  0.12
33.0901  0.11
33.1001  0.08
33.1101  0.06
33.1201  0.11
33.1301  0.11
33.1401  0.21
33.1501  0.12
33.1601  0.15
33.1701  0.05
33.1801  0.12
33.1901  0.14
33.2001  0.08
33.2101  0.16
33.2201  0.11
33.2301  0.16
33.2401  0.11
33.2501  0.15
33.2601  0.16
33.2701  0.15
33.2801  0.12
33.2901  0.14
33.3001  0.11
33.3101  0.13
33.3201  0.13
33.3301  0.08
33.3401  0.23
33.3501  0.11
33.3601  0.17
33.3701  0.16
33.3801  0.08
33.3901  0.16
33.4001  0.16
33.4101  0.08
33.4201  0.1
33.4301  0.17
33.4401  0.12
33.4501  0.2
33.4601  0.14
33.4701  0.12
33.4801  0.16
33.4901  0.12
33.5001  0.14
33.5101  0.12
33.5201  0.18
33.5301  0.11
33.5401  0.12
33.5501  0.11
33.5601  0.11
33.5701  0.17
33.5801  0.16
33.5901  0.16
33.6001  0.26
33.6101  0.16
33.6201  0.12
33.6301  0.15
33.6401  0.15
33.6501  0.11
33.6601  0.11
33.6701  0.13
33.6801  0.14
33.6901  0.17
33.7001  0.19
33.7101  0.15
33.7201  0.14
33.7301  0.1
33.7401  0.08
33.7501  0.1
33.7601  0.11
33.7701  0.12
33.7801  0.15
33.7901  0.19
33.8001  0.11
33.8101  0.19
33.8201  0.13
33.8301  0.12
33.8401  0.18
33.8501  0.14
33.8601  0.18
33.8701  0.12
33.8801  0.14
33.8901  0.21
33.9001  0.11
33.9101  0.15
33.9201  0.15
33.9301  0.13
33.9401  0.12
33.9501  0.16
33.9601  0.16
33.9701  0.11
33.9801  0.18
33.9901  0.13
34.0001  0.1
34.0101  0.14
34.0201  0.12
34.0301  0.23
34.0401  0.15
34.0501  0.15
34.0601  0.13
34.0701  0.09
34.0801  0.15
34.0901  0.14
34.1001  0.09
34.1101  0.09
34.1201  0.14
34.1301  0.16
34.1401  0.11
34.1501  0.08
34.1601  0.1
34.1701  0.24
34.1801  0.19
34.1901  0.13
34.2001  0.13
34.2101  0.2
34.2201  0.1
34.2301  0.15
34.2401  0.11
34.2501  0.15
34.2601  0.1
34.2701  0.2
34.2801  0.14
34.2901  0.12
34.3001  0.12
34.3101  0.19
34.3201  0.12
34.3301  0.12
34.3401  0.17
34.3501  0.14
34.3601  0.16
34.3701  0.14
34.3801  0.17
34.3901  0.11
34.4001  0.16
34.4101  0.09
34.4201  0.14
34.4301  0.11
34.4401  0.2
34.4501  0.11
34.4601  0.15
34.4701  0.14
34.4801  0.18
34.4901  0.14
34.5  0.16
34.51  0.17
34.52  0.17
34.53  0.1
34.54  0.15
34.55  0.13
34.56  0.13
34.57  0.12
34.58  0.14
34.59  0.09
34.6  0.15
34.61  0.11
34.62  0.16
34.63  0.16
34.64  0.12
34.65  0.14
34.66  0.19
34.67  0.11
34.68  0.12
34.69  0.15
34.7  0.15
34.71  0.06
34.72  0.18
34.73  0.13
34.74  0.1
34.75  0.15
34.76  0.07
34.77  0.12
34.78  0.13
34.79  0.12
34.8  0.15
34.81  0.12
34.82  0.13
34.83  0.16
34.84  0.16
34.85  0.08
34.86  0.17
34.87  0.17
34.88  0.11
34.89  0.15
34.9  0.09
34.91  0.15
34.92  0.14
34.93  0.12
34.94  0.2
34.95  0.1
34.96  0.11
34.97  0.12
34.98  0.16
34.99  0.07
35  0.17
35.01  0.13
35.02  0.12
35.03  0.16
35.04  0.1
35.05  0.14
35.06  0.14
35.07  0.14
35.08  0.13
35.09  0.18
35.1  0.1
35.11  0.13
35.12  0.13
35.13  0.21
35.14  0.22
35.15  0.13
35.16  0.1
35.17  0.11
35.18  0.2
35.19  0.15
35.2  0.18
35.21  0.15
35.22  0.2
35.23  0.08
35.24  0.16
35.25  0.18
35.26  0.11
35.27  0.15
35.28  0.15
35.29  0.17
35.3  0.04
35.31  0.19
35.32  0.14
35.33  0.1
35.34  0.14
35.35  0.1
35.36  0.15
35.37  0.21
35.38  0.14
35.39  0.1
35.4  0.12
35.41  0.11
35.42  0.11
35.43  0.2
35.44  0.1
35.45  0.16
35.46  0.09
35.47  0.11
35.48  0.1
35.49  0.19
35.5  0.08
35.51  0.11
35.52  0.13
35.53  0.13
35.54  0.11
35.55  0.13
35.56  0.15
35.57  0.15
35.58  0.13
35.59  0.12
35.6  0.2
35.61  0.08
35.62  0.13
35.63  0.16
35.64  0.1
35.65  0.16
35.66  0.09
35.67  0.11
35.68  0.16
35.69  0.13
35.7  0.13
35.71  0.16
35.72  0.21
35.73  0.2
35.74  0.15
35.75  0.13
35.76  0.17
35.77  0.08
35.78  0.14
35.79  0.15
35.8  0.16
35.81  0.16
35.82  0.17
35.83  0.12
35.84  0.12
35.85  0.12
35.86  0.13
35.87  0.19
35.88  0.12
35.89  0.07
35.9  0.18
35.91  0.11
35.92  0.18
35.93  0.11
35.94  0.13
35.95  0.07
35.96  0.17
35.97  0.11
35.98  0.17
35.99  0.07
36  0.09
36.01  0.16
36.02  0.17
36.03  0.09
36.04  0.2
36.05  0.07
36.06  0.14
36.07  0.17
36.08  0.15
36.09  0.26
36.1  0.17
36.11  0.18
36.12  0.18
36.13  0.13
36.14  0.14
36.15  0.15
36.16  0.13
36.17  0.06
36.18  0.17
36.19  0.15
36.2  0.09
36.21  0.09
36.22  0.11
36.23  0.12
36.24  0.06
36.25  0.17
36.26  0.13
36.27  0.13
36.28  0.1
36.29  0.12
36.3  0.15
36.31  0.11
36.32  0.14
36.33  0.11
36.34  0.14
36.35  0.15
36.36  0.17
36.37  0.08
36.38  0.09
36.39  0.17
36.4  0.15
36.41  0.1
36.42  0.07
36.43  0.14
36.44  0.17
36.45  0.13
36.46  0.08
36.47  0.19
36.48  0.22
36.49  0.15
36.5  0.12
36.51  0.1
36.52  0.05
36.53  0.14
36.54  0.1
36.55  0.22
36.56  0.15
36.57  0.14
36.58  0.12
36.59  0.16
36.6  0.2
36.61  0.15
36.62  0.08
36.63  0.11
36.64  0.06
36.65  0.11
36.66  0.19
36.67  0.15
36.68  0.15
36.69  0.13
36.7  0.14
36.71  0.16
36.72  0.21
36.73  0.11
36.74  0.19
36.75  0.11
36.76  0.18
36.77  0.13
36.78  0.16
36.79  0.15
36.8  0.15
36.81  0.13
36.82  0.17
36.83  0.12
36.84  0.22
36.85  0.17
36.86  0.12
36.87  0.13
36.88  0.08
36.89  0.08
36.9  0.12
36.91  0.23
36.92  0.15
36.93  0.15
36.94  0.11
36.95  0.09
36.96  0.07
36.97  0.14
36.98  0.13
36.99  0.12
37  0.11
37.01  0.07
37.02  0.15
37.03  0.05
37.04  0.14
37.05  0.12
37.06  0.14
37.07  0.17
37.08  0.06
37.09  0.11
37.1  0.11
37.11  0.14
37.12  0.09
37.13  0.13
37.14  0.15
37.15  0.15
37.16  0.2
37.17  0.16
37.18  0.08
37.19  0.1
37.2  0.19
37.21  0.16
37.22  0.11
37.23  0.13
37.24  0.15
37.25  0.17
37.26  0.13
37.27  0.12
37.28  0.11
37.29  0.16
37.3  0.17
37.31  0.12
37.32  0.09
37.33  0.11
37.34  0.18
37.35  0.16
37.36  0.16
37.37  0.17
37.38  0.17
37.39  0.18
37.4  0.13
37.41  0.13
37.42  0.07
37.43  0.12
37.44  0.13
37.45  0.11
37.46  0.16
37.47  0.16
37.48  0.07
37.49  0.16
37.5  0.1
37.51  0.16
37.52  0.13
37.53  0.11
37.54  0.14
37.55  0.15
37.56  0.14
37.57  0.09
37.58  0.19
37.59  0.15
37.6  0.17
37.61  0.14
37.62  0.1
37.63  0.07
37.64  0.14
37.65  0.16
37.66  0.16
37.67  0.09
37.68  0.07
37.69  0.13
37.7  0.13
37.71  0.17
37.72  0.12
37.73  0.08
37.74  0.15
37.75  0.09
37.76  0.13
37.77  0.17
37.78  0.12
37.79  0.19
37.8  0.07
37.81  0.16
37.82  0.18
37.83  0.17
37.84  0.22
37.85  0.16
37.86  0.1
37.87  0.11
37.88  0.17
37.89  0.15
37.9  0.12
37.91  0.11
37.92  0.14
37.93  0.2
37.94  0.17
37.95  0.12
37.96  0.2
37.97  0.21
37.98  0.13
37.99  0.17
38  0.11
38.01  0.18
38.02  0.11
38.03  0.16
38.04  0.18
38.05  0.13
38.06  0.08
38.07  0.14
38.08  0.15
38.09  0.15
38.1  0.13
38.11  0.13
38.12  0.16
38.13  0.17
38.14  0.15
38.15  0.1
38.16  0.17
38.17  0.08
38.18  0.15
38.19  0.15
38.2  0.16
38.21  0.17
38.22  0.14
38.23  0.19
38.24  0.13
38.25  0.1
38.26  0.14
38.27  0.11
38.28  0.13
38.29  0.18
38.3  0.13
38.31  0.15
38.32  0.14
38.33  0.16
38.34  0.07
38.35  0.19
38.36  0.13
38.37  0.1
38.38  0.19
38.39  0.11
38.4  0.11
38.41  0.16
38.42  0.1
38.43  0.13
38.44  0.16
38.45  0.1
38.46  0.15
38.47  0.16
38.48  0.2
38.49  0.14
38.5  0.11
38.51  0.16
38.52  0.14
38.53  0.07
38.54  0.12
38.55  0.13
38.56  0.17
38.57  0.13
38.58  0.13
38.59  0.14
38.6  0.14
38.61  0.14
38.62  0.16
38.63  0.18
38.64  0.08
38.65  0.07
38.66  0.13
38.67  0.16
38.68  0.18
38.69  0.14
38.7  0.08
38.71  0.22
38.72  0.14
38.73  0.13
38.74  0.15
38.75  0.17
38.76  0.14
38.77  0.12
38.78  0.15
38.79  0.11
38.8  0.13
38.81  0.11
38.82  0.18
38.83  0.15
38.84  0.11
38.85  0.16
38.86  0.15
38.87  0.17
38.88  0.12
38.89  0.07
38.9  0.06
38.91  0.15
38.92  0.12
38.93  0.21
38.94  0.22
38.95  0.11
38.96  0.15
38.97  0.14
38.98  0.1
38.99  0.14
39  0.16
39.01  0.15
39.02  0.12
39.03  0.17
39.04  0.15
39.05  0.11
39.06  0.18
39.07  0.17
39.08  0.14
39.09  0.15
39.1  0.13
39.11  0.1
39.12  0.13
39.13  0.17
39.14  0.07
39.15  0.1
39.16  0.12
39.17  0.11
39.18  0.12
39.19  0.12
39.2  0.1
39.21  0.09
39.22  0.1
39.23  0.19
39.24  0.1
39.25  0.16
39.26  0.15
39.27  0.17
39.28  0.18
39.29  0.17
39.3  0.17
39.31  0.1
39.32  0.16
39.33  0.15
39.34  0.15
39.35  0.08
39.36  0.19
39.37  0.11
39.38  0.16
39.39  0.12
39.4  0.14
39.41  0.2
39.42  0.13
39.43  0.14
39.44  0.11
39.45  0.12
39.46  0.1
39.47  0.1
39.48  0.05
39.49  0.14
39.5  0.12
39.51  0.1
39.52  0.17
39.53  0.14
39.54  0.15
39.55  0.16
39.56  0.23
39.57  0.14
39.58  0.13
39.59  0.15
39.6  0.13
39.61  0.18
39.62  0.12
39.63  0.16
39.64  0.12
39.65  0.14
39.66  0.2
39.67  0.11
39.68  0.14
39.69  0.1
39.7  0.19
39.71  0.2
39.72  0.16
39.73  0.11
39.74  0.16
39.75  0.09
39.76  0.14
39.77  0.13
39.78  0.17
39.79  0.12
39.8  0.07
39.81  0.11
39.82  0.23
39.83  0.15
39.84  0.19
39.85  0.13
39.86  0.14
39.87  0.1
39.88  0.07
39.89  0.09
39.9  0.16
39.91  0.12
39.92  0.04
39.93  0.18
39.94  0.13
39.95  0.18
39.96  0.09
39.97  0.18
39.98  0.13
39.99  0.12
