-15  0
-14.99  0
-14.98  0
-14.97  0
-14.96  0
-14.95  0.04
-14.94  0
-14.93  0.04
-14.92  0
-14.91  0.04
-14.9  0.04
-14.89  0.04
-14.88  0.04
-14.87  0.04
-14.86  0.04
-14.85  0.08
-14.84  0.12
-14.83  0.08
-14.82  0.08
-14.81  0.12
-14.8  0.12
-14.79  0.12
-14.78  0.16
-14.77  0.24
-14.76  0.24
-14.75  0.32
-14.74  0.36
-14.73  0.52
-14.72  0.64
-14.71  0.88
-14.7  1.28
-14.69  2.08
-14.68  3.76
-14.67  8.72
-14.66  24.68
-14.65  29.32
-14.64  10.96
-14.63  4.48
-14.62  2.44
-14.61  1.4
-14.6  0.96
-14.59  0.68
-14.58  0.52
-14.57  0.4
-14.56  0.32
-14.55  0.28
-14.54  0.28
-14.53  0.2
-14.52  0.16
-14.51  0.2
-14.5  0.16
-14.49  0.08
-14.48  0.16
-14.47  0.2
-14.46  0.04
-14.45  0.12
-14.44  0.08
-14.43  0.12
-14.42  0.12
-14.41  0.08
-14.4  0.12
-14.39  0.08
-14.38  0.08
-14.37  0.12
-14.36  0.04
-14.35  0.12
-14.34  0.08
-14.33  0.12
-14.32  0.08
-14.31  0.12
-14.3  0.12
-14.29  0.12
-14.28  0.12
-14.27  0.08
-14.26  0.16
-14.25  0.16
-14.24  0.08
-14.23  0.16
-14.22  0.12
-14.21  0.16
-14.2  0.16
-14.19  0.16
-14.18  0.24
-14.17  0.24
-14.16  0.28
-14.15  0.24
-14.14  0.2
-14.13  0.32
-14.12  0.28
-14.11  0.44
-14.1  0.36
-14.09  0.48
-14.08  0.48
-14.07  0.64
-14.06  0.68
-14.05  0.96
-14.04  1.04
-14.03  1.24
-14.02  1.6
-14.01  2.12
-14  2.88
-13.99  4
-13.98  5.84
-13.97  8.32
-13.96  11.08
-13.95  12
-13.94  10
-13.93  7.16
-13.92  4.92
-13.91  3.44
-13.9  2.52
-13.89  1.92
-13.88  1.48
-13.87  1.16
-13.86  1.04
-13.85  0.88
-13.84  0.68
-13.83  0.6
-13.82  0.52
-13.81  0.44
-13.8  0.44
-13.79  0.4
-13.78  0.36
-13.77  0.32
-13.76  0.24
-13.75  0.32
-13.74  0.24
-13.73  0.28
-13.72  0.28
-13.71  0.28
-13.7  0.2
-13.69  0.24
-13.68  0.2
-13.67  0.2
-13.66  0.2
-13.65  0.2
-13.64  0.16
-13.63  0.24
-13.62  0.24
-13.61  0.32
-13.6  0.16
-13.59  0.2
-13.58  0.28
-13.57  0.16
-13.56  0.2
-13.55  0.24
-13.54  0.28
-13.53  0.28
-13.52  0.24
-13.51  0.32
-13.5  0.32
-13.49  0.24
-13.48  0.48
-13.47  0.32
-13.46  0.36
-13.45  0.36
-13.44  0.48
-13.43  0.44
-13.42  0.6
-13.41  0.6
-13.4  0.64
-13.39  0.84
-13.38  0.76
-13.37  0.92
-13.36  1.04
-13.35  1.36
-13.34  1.48
-13.33  1.72
-13.32  2.12
-13.31  2.64
-13.3  3.24
-13.29  4.12
-13.28  5.04
-13.27  6.16
-13.26  6.92
-13.25  7.32
-13.24  7.08
-13.23  6
-13.22  5
-13.21  4.08
-13.2  3.24
-13.19  2.6
-13.18  2.16
-13.17  1.72
-13.16  1.44
-13.15  1.32
-13.14  1.08
-13.13  0.92
-13.12  0.88
-13.11  0.68
-13.1  0.68
-13.09  0.72
-13.08  0.52
-13.07  0.56
-13.06  0.44
-13.05  0.52
-13.04  0.44
-13.03  0.4
-13.02  0.36
-13.01  0.36
-13  0.36
-12.99  0.4
-12.98  0.32
-12.97  0.4
-12.96  0.36
-12.95  0.32
-12.94  0.32
-12.93  0.32
-12.92  0.28
-12.91  0.28
-12.9  0.32
-12.89  0.36
-12.88  0.32
-12.87  0.28
-12.86  0.4
-12.85  0.4
-12.84  0.36
-12.83  0.4
-12.82  0.32
-12.81  0.44
-12.8  0.4
-12.79  0.4
-12.78  0.48
-12.77  0.6
-12.76  0.48
-12.75  0.56
-12.74  0.68
-12.73  0.64
-12.72  0.64
-12.71  0.72
-12.7  0.96
-12.69  0.88
-12.68  1.12
-12.67  1.2
-12.66  1.28
-12.65  1.48
-12.64  1.76
-12.63  1.92
-12.62  2.4
-12.61  2.68
-12.6  3.2
-12.59  3.68
-12.58  4.2
-12.57  4.68
-12.56  5.2
-12.55  5.32
-12.54  5.2
-12.53  4.88
-12.52  4.44
-12.51  3.8
-12.5  3.32
-12.49  2.84
-12.48  2.4
-12.47  2.16
-12.46  1.84
-12.45  1.64
-12.44  1.36
-12.43  1.24
-12.42  1.08
-12.41  1
-12.4  0.88
-12.39  0.84
-12.38  0.8
-12.37  0.6
-12.36  0.72
-12.35  0.6
-12.34  0.56
-12.33  0.6
-12.32  0.6
-12.31  0.6
-12.3  0.48
-12.29  0.44
-12.28  0.44
-12.27  0.48
-12.26  0.36
-12.25  0.48
-12.24  0.44
-12.23  0.4
-12.22  0.4
-12.21  0.36
-12.2  0.44
-12.19  0.48
-12.18  0.4
-12.17  0.44
-12.16  0.44
-12.15  0.48
-12.14  0.52
-12.13  0.48
-12.12  0.6
-12.11  0.44
-12.1  0.56
-12.09  0.48
-12.08  0.6
-12.07  0.68
-12.06  0.68
-12.05  0.64
-12.04  0.76
-12.03  0.8
-12.02  0.8
-12.01  0.96
-12  1
-11.99  1.08
-11.98  1.24
-11.97  1.32
-11.96  1.52
-11.95  1.56
-11.94  1.76
-11.93  2.2
-11.92  2.36
-11.91  2.6
-11.9  2.92
-11.89  3.16
-11.88  3.72
-11.87  3.8
-11.86  4.08
-11.85  4.24
-11.84  4.16
-11.83  4.08
-11.82  3.68
-11.81  3.6
-11.8  3.08
-11.79  2.84
-11.78  2.4
-11.77  2.28
-11.76  1.96
-11.75  1.88
-11.74  1.6
-11.73  1.44
-11.72  1.28
-11.71  1.16
-11.7  1.24
-11.69  1
-11.68  0.88
-11.67  0.88
-11.66  0.84
-11.65  0.72
-11.64  0.72
-11.63  0.64
-11.62  0.64
-11.61  0.72
-11.6  0.64
-11.59  0.56
-11.58  0.6
-11.57  0.6
-11.56  0.52
-11.55  0.6
-11.54  0.56
-11.53  0.52
-11.52  0.48
-11.51  0.52
-11.5  0.56
-11.49  0.56
-11.48  0.48
-11.47  0.48
-11.46  0.52
-11.45  0.6
-11.44  0.52
-11.43  0.6
-11.42  0.6
-11.41  0.6
-11.4  0.6
-11.39  0.76
-11.38  0.72
-11.37  0.8
-11.36  0.64
-11.35  0.88
-11.34  0.88
-11.33  0.84
-11.32  1.04
-11.31  0.92
-11.3  1.28
-11.29  1.16
-11.28  1.28
-11.27  1.48
-11.26  1.44
-11.25  1.76
-11.24  1.92
-11.23  2.08
-11.22  2.16
-11.21  2.52
-11.2  2.6
-11.19  3.04
-11.18  3
-11.17  3.28
-11.16  3.4
-11.15  3.6
-11.14  3.32
-11.13  3.56
-11.12  3.28
-11.11  3.08
-11.1  2.88
-11.09  2.64
-11.08  2.6
-11.07  2.32
-11.06  2.08
-11.05  1.92
-11.04  1.68
-11.03  1.48
-11.02  1.52
-11.01  1.36
-11  1.2
-10.99  1.16
-10.98  1.04
-10.97  1.08
-10.96  0.96
-10.95  0.88
-10.94  0.84
-10.93  0.8
-10.92  0.8
-10.91  0.72
-10.9  0.76
-10.89  0.68
-10.88  0.72
-10.87  0.56
-10.86  0.76
-10.85  0.6
-10.84  0.64
-10.83  0.6
-10.82  0.64
-10.81  0.64
-10.8  0.6
-10.79  0.6
-10.78  0.64
-10.77  0.68
-10.76  0.68
-10.75  0.64
-10.74  0.64
-10.73  0.64
-10.72  0.76
-10.71  0.6
-10.7  0.76
-10.69  0.68
-10.68  0.84
-10.67  0.8
-10.66  0.8
-10.65  1
-10.64  0.92
-10.63  1.12
-10.62  1.08
-10.61  1.08
-10.6  1.2
-10.59  1.36
-10.58  1.36
-10.57  1.4
-10.56  1.48
-10.55  1.88
-10.54  1.84
-10.53  2.04
-10.52  2.16
-10.51  2.28
-10.5  2.52
-10.49  2.48
-10.48  2.76
-10.47  2.96
-10.46  2.88
-10.45  3
-10.44  3.12
-10.43  3.08
-10.42  2.92
-10.41  2.92
-10.4  2.56
-10.39  2.48
-10.38  2.32
-10.37  2.28
-10.36  2.04
-10.35  1.84
-10.34  1.8
-10.33  1.8
-10.32  1.44
-10.31  1.52
-10.3  1.44
-10.29  1.2
-10.28  1.2
-10.27  1
-10.26  1.24
-10.25  1.04
-10.24  0.96
-10.23  0.84
-10.22  0.96
-10.21  0.76
-10.2  0.92
-10.19  0.84
-10.18  0.68
-10.17  0.84
-10.16  0.68
-10.15  0.72
-10.14  0.68
-10.13  0.64
-10.12  0.76
-10.11  0.68
-10.1  0.72
-10.09  0.76
-10.08  0.68
-10.07  0.76
-10.06  0.64
-10.05  0.84
-10.04  0.72
-10.03  0.72
-10.02  0.76
-10.01  0.8
-10  0.92
-9.99  0.76
-9.98  0.96
-9.97  0.84
-9.96  1.04
-9.95  0.84
-9.94  1.2
-9.93  1.12
-9.92  1.12
-9.91  1.12
-9.9  1.24
-9.89  1.24
-9.88  1.44
-9.87  1.56
-9.86  1.6
-9.85  1.72
-9.84  1.88
-9.83  1.8
-9.82  2.08
-9.81  2.24
-9.8  2.2
-9.79  2.4
-9.78  2.56
-9.77  2.52
-9.76  2.72
-9.75  2.68
-9.74  2.56
-9.73  2.76
-9.72  2.68
-9.71  2.56
-9.7  2.48
-9.69  2.48
-9.68  2.2
-9.67  2.08
-9.66  2.08
-9.65  1.88
-9.64  1.72
-9.63  1.76
-9.62  1.52
-9.61  1.56
-9.6  1.52
-9.59  1.28
-9.58  1.2
-9.57  1.28
-9.56  1.08
-9.55  1.16
-9.54  1.12
-9.53  0.96
-9.52  1.04
-9.51  0.84
-9.5  0.96
-9.49  0.84
-9.48  0.92
-9.47  0.8
-9.46  0.8
-9.45  0.8
-9.44  0.8
-9.43  1
-9.42  0.84
-9.41  0.72
-9.4  0.76
-9.39  0.76
-9.38  0.76
-9.37  0.8
-9.36  0.84
-9.35  0.72
-9.34  0.88
-9.33  0.88
-9.32  0.88
-9.31  0.8
-9.3  0.92
-9.29  0.88
-9.28  1
-9.27  0.96
-9.26  0.96
-9.25  1.2
-9.24  1.08
-9.23  1.08
-9.22  1.12
-9.21  1.32
-9.2  1.2
-9.19  1.44
-9.18  1.48
-9.17  1.48
-9.16  1.6
-9.15  1.6
-9.14  1.84
-9.13  1.88
-9.12  1.92
-9.11  2.12
-9.1  2.12
-9.09  2.28
-9.08  2.32
-9.07  2.32
-9.06  2.32
-9.05  2.36
-9.04  2.56
-9.03  2.48
-9.02  2.32
-9.01  2.32
-9  2.36
-8.99  2.24
-8.98  2.12
-8.97  2
-8.96  1.96
-8.95  2.04
-8.94  1.72
-8.93  1.8
-8.92  1.56
-8.91  1.56
-8.9  1.48
-8.89  1.4
-8.88  1.24
-8.87  1.44
-8.86  1.16
-8.85  1.24
-8.84  1.08
-8.83  1.12
-8.82  1.08
-8.81  1
-8.8  0.96
-8.79  1.04
-8.78  0.88
-8.77  0.92
-8.76  0.92
-8.75  0.92
-8.74  0.96
-8.73  0.88
-8.72  0.88
-8.71  0.84
-8.7  0.76
-8.69  0.88
-8.68  0.88
-8.67  0.84
-8.66  0.88
-8.65  0.88
-8.64  0.88
-8.63  0.84
-8.62  0.96
-8.61  1
-8.6  1
-8.59  0.92
-8.58  0.92
-8.57  1.12
-8.56  1.12
-8.55  1.04
-8.54  1.24
-8.53  1.24
-8.52  1.32
-8.51  1.24
-8.5  1.28
-8.49  1.4
-8.48  1.36
-8.47  1.52
-8.46  1.64
-8.45  1.68
-8.44  1.64
-8.43  1.8
-8.42  1.92
-8.41  1.92
-8.4  2.04
-8.39  2.12
-8.38  2.08
-8.37  2.16
-8.36  2.12
-8.35  2.28
-8.34  2.12
-8.33  2.36
-8.32  2.24
-8.31  2.28
-8.3  2.16
-8.29  2.12
-8.28  1.96
-8.27  2
-8.26  1.96
-8.25  1.92
-8.24  1.84
-8.23  1.6
-8.22  1.64
-8.21  1.64
-8.2  1.48
-8.19  1.52
-8.18  1.28
-8.17  1.36
-8.16  1.24
-8.15  1.24
-8.14  1.12
-8.13  1.24
-8.12  1.04
-8.11  1.04
-8.1  1.04
-8.09  1.16
-8.08  1.04
-8.07  1
-8.06  0.92
-8.05  1
-8.04  0.92
-8.03  0.92
-8.02  1
-8.01  0.96
-8  0.88
-7.99  1
-7.98  1
-7.97  0.84
-7.96  1
-7.95  0.84
-7.94  0.96
-7.93  0.96
-7.92  1.08
-7.91  0.84
-7.9  1.16
-7.89  1.08
-7.88  0.92
-7.87  1.12
-7.86  1.12
-7.85  1.16
-7.84  1.36
-7.83  1.16
-7.82  1.12
-7.81  1.28
-7.8  1.44
-7.79  1.4
-7.78  1.44
-7.77  1.6
-7.76  1.48
-7.75  1.68
-7.74  1.72
-7.73  1.76
-7.72  1.64
-7.71  1.84
-7.7  1.96
-7.69  1.88
-7.68  2.04
-7.67  2.16
-7.66  2.08
-7.65  2.12
-7.64  2.04
-7.63  2.08
-7.62  2.12
-7.61  2.12
-7.6  2
-7.59  1.92
-7.58  2
-7.57  1.76
-7.56  2.04
-7.55  1.76
-7.54  1.76
-7.53  1.68
-7.52  1.52
-7.51  1.64
-7.5  1.56
-7.49  1.52
-7.48  1.36
-7.47  1.44
-7.46  1.4
-7.45  1.2
-7.44  1.32
-7.43  1.12
-7.42  1.08
-7.41  1.12
-7.4  1.2
-7.39  1.16
-7.38  1.12
-7.37  1.12
-7.36  0.92
-7.35  1.08
-7.34  1.04
-7.33  0.96
-7.32  0.96
-7.31  1
-7.3  1
-7.29  1
-7.28  1
-7.27  1.16
-7.26  0.84
-7.25  1.12
-7.24  1.12
-7.23  0.88
-7.22  1.04
-7.21  1.04
-7.2  1.08
-7.19  1.08
-7.18  1.04
-7.17  1.08
-7.16  1.12
-7.15  1.24
-7.14  1.24
-7.13  1.2
-7.12  1.28
-7.11  1.32
-7.1  1.48
-7.09  1.36
-7.08  1.56
-7.07  1.48
-7.06  1.48
-7.05  1.68
-7.04  1.6
-7.03  1.64
-7.02  1.76
-7.01  1.76
-7  1.96
-6.99  1.92
-6.98  1.88
-6.97  1.88
-6.96  1.88
-6.95  2.12
-6.94  1.96
-6.93  1.92
-6.92  1.96
-6.91  2.12
-6.9  1.76
-6.89  2
-6.88  1.76
-6.87  1.96
-6.86  1.68
-6.85  1.68
-6.84  1.84
-6.83  1.64
-6.82  1.64
-6.81  1.64
-6.8  1.52
-6.79  1.44
-6.78  1.4
-6.77  1.48
-6.76  1.2
-6.75  1.4
-6.74  1.4
-6.73  1.2
-6.72  1.2
-6.71  1.4
-6.7  1.08
-6.69  1.12
-6.68  1.12
-6.67  1.12
-6.66  1.2
-6.65  1.12
-6.64  1
-6.63  0.96
-6.62  1.08
-6.61  0.96
-6.6  1.12
-6.59  1
-6.58  1.08
-6.57  0.92
-6.56  1.2
-6.55  0.96
-6.54  1.08
-6.53  1.16
-6.52  1.04
-6.51  1
-6.5  1.16
-6.49  1.12
-6.48  1.16
-6.47  1.2
-6.46  1.16
-6.45  1.32
-6.44  1.2
-6.43  1.24
-6.42  1.32
-6.41  1.48
-6.4  1.36
-6.39  1.36
-6.38  1.44
-6.37  1.44
-6.36  1.6
-6.35  1.6
-6.34  1.68
-6.33  1.72
-6.32  1.56
-6.31  1.64
-6.3  1.88
-6.29  1.72
-6.28  1.8
-6.27  1.76
-6.26  1.84
-6.25  1.88
-6.24  1.96
-6.23  1.96
-6.22  1.8
-6.21  1.8
-6.2  1.92
-6.19  1.8
-6.18  1.84
-6.17  1.88
-6.16  1.8
-6.15  1.6
-6.14  1.68
-6.13  1.6
-6.12  1.72
-6.11  1.6
-6.1  1.56
-6.09  1.4
-6.08  1.52
-6.07  1.36
-6.06  1.28
-6.05  1.44
-6.04  1.36
-6.03  1.16
-6.02  1.32
-6.01  1.24
-6  1.36
-5.99  1.12
-5.98  1.28
-5.97  1.16
-5.96  1.16
-5.95  1.16
-5.94  1.12
-5.93  1.04
-5.92  1.12
-5.91  1.04
-5.9  1.12
-5.89  1
-5.88  1
-5.87  1.24
-5.86  1.2
-5.85  1.04
-5.84  1.04
-5.83  1.12
-5.82  1.12
-5.81  1
-5.8  1.2
-5.79  1.28
-5.78  1.16
-5.77  1.2
-5.76  1.2
-5.75  1.36
-5.74  1.24
-5.73  1.2
-5.72  1.4
-5.71  1.48
-5.7  1.36
-5.69  1.44
-5.68  1.36
-5.67  1.48
-5.66  1.52
-5.65  1.56
-5.64  1.48
-5.63  1.68
-5.62  1.68
-5.61  1.76
-5.6  1.68
-5.59  1.72
-5.58  1.76
-5.57  1.68
-5.56  1.76
-5.55  1.88
-5.54  1.84
-5.53  1.8
-5.52  1.6
-5.51  1.8
-5.5  1.88
-5.49  1.8
-5.48  1.84
-5.47  1.64
-5.46  1.64
-5.45  1.64
-5.44  1.68
-5.43  1.72
-5.42  1.72
-5.41  1.4
-5.4  1.56
-5.39  1.56
-5.38  1.48
-5.37  1.44
-5.36  1.4
-5.35  1.32
-5.34  1.4
-5.33  1.32
-5.32  1.2
-5.31  1.36
-5.3  1.2
-5.29  1.24
-5.28  1.16
-5.27  1.24
-5.26  1.24
-5.25  1
-5.24  1.24
-5.23  1.2
-5.22  1.16
-5.21  1.16
-5.2  1.12
-5.19  1.2
-5.18  1.16
-5.17  1.04
-5.16  1.04
-5.15  1.28
-5.14  1.04
-5.13  1.28
-5.12  1.04
-5.11  1.08
-5.1  1.28
-5.09  1.24
-5.08  1.24
-5.07  1.28
-5.06  1.16
-5.05  1.28
-5.04  1.36
-5.03  1.36
-5.02  1.32
-5.01  1.52
-5  1.32
-4.99  1.4
-4.98  1.4
-4.97  1.32
-4.96  1.6
-4.95  1.52
-4.94  1.44
-4.93  1.68
-4.92  1.6
-4.91  1.56
-4.9  1.76
-4.89  1.72
-4.88  1.68
-4.87  1.6
-4.86  1.8
-4.85  1.76
-4.84  1.64
-4.83  1.88
-4.82  1.76
-4.81  1.64
-4.8  1.8
-4.79  1.76
-4.78  1.64
-4.77  1.72
-4.76  1.6
-4.75  1.68
-4.74  1.8
-4.73  1.56
-4.72  1.48
-4.71  1.6
-4.7  1.48
-4.69  1.52
-4.68  1.56
-4.67  1.32
-4.66  1.48
-4.65  1.44
-4.64  1.24
-4.63  1.36
-4.62  1.44
-4.61  1.24
-4.6  1.24
-4.59  1.28
-4.58  1.12
-4.57  1.32
-4.56  1.2
-4.55  1.28
-4.54  1.16
-4.53  1.12
-4.52  1.2
-4.51  1.28
-4.5  1.08
-4.49  1.2
-4.48  1.2
-4.47  1.16
-4.46  1.24
-4.45  1.32
-4.44  1.12
-4.43  1.12
-4.42  1.32
-4.41  1.12
-4.4  1.24
-4.39  1.08
-4.38  1.32
-4.37  1.2
-4.36  1.28
-4.35  1.36
-4.34  1.28
-4.33  1.36
-4.32  1.28
-4.31  1.48
-4.3  1.44
-4.29  1.28
-4.28  1.56
-4.27  1.4
-4.26  1.52
-4.25  1.48
-4.24  1.56
-4.23  1.48
-4.22  1.56
-4.21  1.64
-4.2  1.56
-4.19  1.56
-4.18  1.64
-4.17  1.68
-4.16  1.76
-4.15  1.76
-4.14  1.68
-4.13  1.6
-4.12  1.76
-4.11  1.64
-4.1  1.64
-4.09  1.8
-4.08  1.56
-4.07  1.6
-4.06  1.76
-4.05  1.6
-4.04  1.52
-4.03  1.64
-4.02  1.68
-4.01  1.4
-4  1.68
-3.99  1.52
-3.98  1.44
-3.97  1.32
-3.96  1.4
-3.95  1.4
-3.94  1.52
-3.93  1.28
-3.92  1.32
-3.91  1.32
-3.9  1.36
-3.89  1.32
-3.88  1.24
-3.87  1.24
-3.86  1.16
-3.85  1.36
-3.84  1.16
-3.83  1.36
-3.82  1.12
-3.81  1.2
-3.8  1.24
-3.79  1.2
-3.78  1.24
-3.77  1.08
-3.76  1.2
-3.75  1.2
-3.74  1.16
-3.73  1.32
-3.72  1.28
-3.71  1.16
-3.7  1.32
-3.69  1.28
-3.68  1.48
-3.67  1.2
-3.66  1.16
-3.65  1.36
-3.64  1.28
-3.63  1.4
-3.62  1.44
-3.61  1.28
-3.6  1.36
-3.59  1.52
-3.58  1.32
-3.57  1.44
-3.56  1.4
-3.55  1.52
-3.54  1.52
-3.53  1.52
-3.52  1.52
-3.51  1.56
-3.5  1.64
-3.49  1.52
-3.48  1.64
-3.47  1.6
-3.46  1.6
-3.45  1.64
-3.44  1.6
-3.43  1.92
-3.42  1.52
-3.41  1.68
-3.4  1.6
-3.39  1.72
-3.38  1.6
-3.37  1.8
-3.36  1.56
-3.35  1.64
-3.34  1.44
-3.33  1.68
-3.32  1.68
-3.31  1.44
-3.3  1.48
-3.29  1.4
-3.28  1.44
-3.27  1.44
-3.26  1.44
-3.25  1.24
-3.24  1.52
-3.23  1.44
-3.22  1.32
-3.21  1.32
-3.2  1.28
-3.19  1.36
-3.18  1.28
-3.17  1.32
-3.16  1.36
-3.15  1.28
-3.14  1.28
-3.13  1.12
-3.12  1.2
-3.11  1.28
-3.1  1.24
-3.09  1.24
-3.08  1.16
-3.07  1.2
-3.06  1.36
-3.05  1.28
-3.04  1.28
-3.03  1.24
-3.02  1.24
-3.01  1.32
-3  1.24
-2.99  1.24
-2.98  1.36
-2.97  1.2
-2.96  1.24
-2.95  1.28
-2.94  1.4
-2.93  1.2
-2.92  1.6
-2.91  1.4
-2.9  1.32
-2.89  1.44
-2.88  1.44
-2.87  1.48
-2.86  1.36
-2.85  1.52
-2.84  1.48
-2.83  1.48
-2.82  1.6
-2.81  1.44
-2.8  1.68
-2.79  1.56
-2.78  1.56
-2.77  1.6
-2.76  1.44
-2.75  1.72
-2.74  1.6
-2.73  1.64
-2.72  1.56
-2.71  1.6
-2.7  1.6
-2.69  1.6
-2.68  1.68
-2.67  1.6
-2.66  1.68
-2.65  1.36
-2.64  1.64
-2.63  1.68
-2.62  1.44
-2.61  1.6
-2.6  1.4
-2.59  1.52
-2.58  1.56
-2.57  1.52
-2.56  1.4
-2.55  1.32
-2.54  1.36
-2.53  1.36
-2.52  1.4
-2.51  1.32
-2.5  1.28
-2.49  1.32
-2.48  1.4
-2.47  1.32
-2.46  1.36
-2.45  1.28
-2.44  1.24
-2.43  1.28
-2.42  1.36
-2.41  1.12
-2.4  1.4
-2.39  1.12
-2.38  1.28
-2.37  1.36
-2.36  1.16
-2.35  1.24
-2.34  1.36
-2.33  1.32
-2.32  1.2
-2.31  1.32
-2.3  1.2
-2.29  1.28
-2.28  1.48
-2.27  1.24
-2.26  1.36
-2.25  1.32
-2.24  1.32
-2.23  1.24
-2.22  1.4
-2.21  1.52
-2.2  1.48
-2.19  1.32
-2.18  1.36
-2.17  1.48
-2.16  1.4
-2.15  1.48
-2.14  1.56
-2.13  1.52
-2.12  1.4
-2.11  1.44
-2.1  1.72
-2.09  1.52
-2.08  1.56
-2.07  1.4
-2.06  1.52
-2.05  1.64
-2.04  1.6
-2.03  1.56
-2.02  1.64
-2.01  1.48
-2  1.8
-1.99  1.52
-1.98  1.68
-1.97  1.4
-1.96  1.48
-1.95  1.6
-1.94  1.56
-1.93  1.56
-1.92  1.52
-1.91  1.44
-1.9  1.48
-1.89  1.6
-1.88  1.6
-1.87  1.36
-1.86  1.36
-1.85  1.44
-1.84  1.44
-1.83  1.32
-1.82  1.48
-1.81  1.4
-1.8  1.24
-1.79  1.44
-1.78  1.28
-1.77  1.32
-1.76  1.24
-1.75  1.32
-1.74  1.36
-1.73  1.28
-1.72  1.24
-1.71  1.24
-1.7  1.48
-1.69  1.24
-1.68  1.2
-1.67  1.12
-1.66  1.48
-1.65  1.36
-1.64  1.24
-1.63  1.36
-1.62  1.24
-1.61  1.24
-1.6  1.32
-1.59  1.4
-1.58  1.32
-1.57  1.4
-1.56  1.32
-1.55  1.24
-1.54  1.44
-1.53  1.36
-1.52  1.36
-1.51  1.48
-1.5  1.4
-1.49  1.32
-1.48  1.44
-1.47  1.32
-1.46  1.48
-1.45  1.44
-1.44  1.4
-1.43  1.48
-1.42  1.48
-1.41  1.52
-1.4  1.52
-1.39  1.56
-1.38  1.56
-1.37  1.56
-1.36  1.48
-1.35  1.68
-1.34  1.36
-1.33  1.6
-1.32  1.52
-1.31  1.68
-1.3  1.56
-1.29  1.56
-1.28  1.44
-1.27  1.72
-1.26  1.64
-1.25  1.56
-1.24  1.48
-1.23  1.6
-1.22  1.4
-1.21  1.52
-1.2  1.4
-1.19  1.56
-1.18  1.36
-1.17  1.48
-1.16  1.36
-1.15  1.48
-1.14  1.44
-1.13  1.28
-1.12  1.36
-1.11  1.48
-1.1  1.24
-1.09  1.64
-1.08  1.28
-1.07  1.4
-1.06  1.24
-1.05  1.32
-1.04  1.32
-1.03  1.28
-1.02  1.28
-1.01  1.2
-1  1.48
-0.99  1.32
-0.98  1.36
-0.97  1.28
-0.96  1.32
-0.95  1.24
-0.94  1.28
-0.93  1.48
-0.92  1.28
-0.91  1.24
-0.9  1.32
-0.89  1.32
-0.88  1.4
-0.87  1.24
-0.86  1.28
-0.85  1.44
-0.84  1.32
-0.83  1.4
-0.82  1.44
-0.81  1.4
-0.8  1.4
-0.79  1.36
-0.78  1.4
-0.77  1.52
-0.76  1.48
-0.75  1.32
-0.74  1.52
-0.73  1.48
-0.72  1.56
-0.71  1.36
-0.7  1.56
-0.69  1.56
-0.68  1.4
-0.67  1.52
-0.66  1.6
-0.65  1.44
-0.64  1.68
-0.63  1.48
-0.62  1.6
-0.61  1.4
-0.6  1.56
-0.59  1.6
-0.58  1.52
-0.57  1.68
-0.56  1.52
-0.55  1.52
-0.54  1.36
-0.53  1.4
-0.52  1.64
-0.51  1.44
-0.5  1.36
-0.49  1.6
-0.48  1.52
-0.47  1.4
-0.46  1.56
-0.45  1.44
-0.44  1.32
-0.43  1.4
-0.42  1.36
-0.41  1.28
-0.4  1.36
-0.39  1.44
-0.38  1.32
-0.37  1.36
-0.36  1.4
-0.35  1.36
-0.34  1.4
-0.33  1.36
-0.32  1.32
-0.31  1.24
-0.3  1.4
-0.29  1.28
-0.28  1.4
-0.27  1.24
-0.26  1.32
-0.25  1.28
-0.24  1.36
-0.23  1.28
-0.22  1.2
-0.21  1.44
-0.2  1.4
-0.19  1.28
-0.18  1.4
-0.17  1.24
-0.16  1.36
-0.15  1.4
-0.14  1.48
-0.13  1.48
-0.12  1.4
-0.11  1.44
-0.1  1.28
-0.09  1.36
-0.08  1.44
-0.07  1.32
-0.06  1.4
-0.05  1.48
-0.04  1.48
-0.03  1.6
-0.02  1.4
-0.01  1.44
-2.16197e-11  1.56
0.0001  0
0.0101  1.42
0.0201  1.54
0.0301  1.42
0.0401  1.6
0.0501  1.4
0.0601  1.62
0.0701  1.83
0.0801  1.68
0.0901  1.7
0.1001  1.68
0.1101  1.8
0.1201  2.11
0.1301  2.01
0.1401  2.38
0.1501  2.23
0.1601  1.9
0.1701  2.22
0.1801  2.51
0.1901  2.11
0.2001  2.27
0.2101  2.27
0.2201  2.29
0.2301  2.28
0.2401  2.27
0.2501  2.49
0.2601  2.26
0.2701  2.59
0.2801  2.5
0.2901  2.52
0.3001  2.4
0.3101  2.45
0.3201  2.47
0.3301  2.42
0.3401  2.37
0.3501  2.41
0.3601  2.39
0.3701  2.58
0.3801  2.61
0.3901  2.54
0.4001  2.33
0.4101  2.37
0.4201  2.34
0.4301  2.23
0.4401  2.14
0.4501  2.18
0.4601  2.15
0.4701  2.01
0.4801  1.97
0.4901  1.83
0.5001  1.78
0.5101  1.72
0.5201  1.92
0.5301  1.93
0.5401  1.74
0.5501  1.89
0.5601  1.44
0.5701  1.81
0.5801  1.91
0.5901  1.93
0.6001  1.85
0.6101  2.06
0.6201  1.87
0.6301  1.78
0.6401  1.98
0.6501  1.91
0.6601  1.86
0.6701  1.71
0.6801  1.71
0.6901  1.61
0.7001  1.7
0.7101  1.91
0.7201  1.67
0.7301  1.79
0.7401  1.7
0.7501  1.7
0.7601  2
0.7701  2
0.7801  1.93
0.7901  1.82
0.8001  1.73
0.8101  2.06
0.8201  2.12
0.8301  1.91
0.8401  1.96
0.8501  1.97
0.8601  2.29
0.8701  2.24
0.8801  2.03
0.8901  2.28
0.9001  2.13
0.9101  2.39
0.9201  2.24
0.9301  2.3
0.9401  2.28
0.9501  2.18
0.9601  2.25
0.9701  2.29
0.9801  2.54
0.9901  2.57
1.0001  2.36
1.0101  2.56
1.0201  2.47
1.0301  2.41
1.0401  2.53
1.0501  2.47
1.0601  2.26
1.0701  2.75
1.0801  2.47
1.0901  2.09
1.1001  2.34
1.1101  2.17
1.1201  2.06
1.1301  2.29
1.1401  2.38
1.1501  2.17
1.1601  1.94
1.1701  2.18
1.1801  2.33
1.1901  2.03
1.2001  2.17
1.2101  2.07
1.2201  2.33
1.2301  2.03
1.2401  2.04
1.2501  1.93
1.2601  1.97
1.2701  1.97
1.2801  1.77
1.2901  1.76
1.3001  1.92
1.3101  1.91
1.3201  1.77
1.3301  2.02
1.3401  1.74
1.3501  1.85
1.3601  1.89
1.3701  1.86
1.3801  1.94
1.3901  1.78
1.4001  1.73
1.4101  1.87
1.4201  1.76
1.4301  2.21
1.4401  1.97
1.4501  1.8
1.4601  1.94
1.4701  2.03
1.4801  2.11
1.4901  1.94
1.5001  2.05
1.5101  1.9
1.5201  2.04
1.5301  2.07
1.5401  1.89
1.5501  2.28
1.5601  2.23
1.5701  2.13
1.5801  2.32
1.5901  2.28
1.6001  2.15
1.6101  2.35
1.6201  2.05
1.6301  2.26
1.6401  2.45
1.6501  2.24
1.6601  2.17
1.6701  2.13
1.6801  2.5
1.6901  2.47
1.7001  2.19
1.7101  2.34
1.7201  2.58
1.7301  2.52
1.7401  2.36
1.7501  2.07
1.7601  2.42
1.7701  2.3
1.7801  2.68
1.7901  2.11
1.8001  2.22
1.8101  2.09
1.8201  2.34
1.8301  2.3
1.8401  2.23
1.8501  2.33
1.8601  2.21
1.8701  1.97
1.8801  2.21
1.8901  2.12
1.9001  2.02
1.9101  1.94
1.9201  2.05
1.9301  2.06
1.9401  1.91
1.9501  2.07
1.9601  2.15
1.9701  2.06
1.9801  1.77
1.9901  2.11
2.0001  2.03
2.0101  1.87
2.0201  1.87
2.0301  1.79
2.0401  1.87
2.0501  2.09
2.0601  1.9
2.0701  2.1
2.0801  1.89
2.0901  1.82
2.1001  2.02
2.1101  1.95
2.1201  1.91
2.1301  2.04
2.1401  2.24
2.1501  1.89
2.1601  2.05
2.1701  2
2.1801  1.75
2.1901  2.01
2.2001  2.16
2.2101  2.02
2.2201  2.12
2.2301  2.11
2.2401  2.05
2.2501  2.06
2.2601  2.03
2.2701  2.22
2.2801  2.22
2.2901  2.2
2.3001  2.46
2.3101  2.16
2.3201  2.29
2.3301  2.29
2.3401  2.48
2.3501  2.15
2.3601  2.27
2.3701  2.07
2.3801  2.66
2.3901  2.21
2.4001  2.34
2.4101  2.57
2.4201  2.59
2.4301  2.23
2.4401  2.28
2.4501  2.37
2.4601  2.41
2.4701  2.17
2.4801  2.25
2.4901  2.41
2.5001  1.81
2.5101  2.14
2.5201  2.24
2.5301  2.29
2.5401  2.41
2.5501  2.03
2.5601  2.16
2.5701  2.2
2.5801  1.94
2.5901  2.11
2.6001  2.3
2.6101  1.92
2.6201  1.9
2.6301  2.01
2.6401  2.44
2.6501  1.95
2.6601  2.01
2.6701  2.07
2.6801  1.95
2.6901  1.98
2.7001  1.93
2.7101  1.94
2.7201  2.01
2.7301  2.08
2.7401  2.1
2.7501  1.94
2.7601  2.01
2.7701  1.98
2.7801  2.24
2.7901  2.02
2.8001  1.84
2.8101  2.22
2.8201  1.91
2.8301  2.05
2.8401  2.1
2.8501  1.93
2.8601  2.24
2.8701  1.95
2.8801  1.96
2.8901  1.96
2.9001  2.17
2.9101  2.14
2.9201  2.15
2.9301  2.27
2.9401  2.07
2.9501  2.34
2.9601  2.24
2.9701  2.32
2.9801  2.4
2.9901  2.3
3.0001  2.24
3.0101  2.27
3.0201  1.98
3.0301  2.39
3.0401  2.19
3.0501  2.54
3.0601  2.17
3.0701  2.58
3.0801  2.63
3.0901  2.22
3.1001  2.13
3.1101  2.25
3.1201  1.78
3.1301  2.34
3.1401  2.34
3.1501  2.28
3.1601  2.27
3.1701  2.12
3.1801  2.24
3.1901  2.38
3.2001  2.18
3.2101  2.34
3.2201  2.17
3.2301  2.06
3.2401  2.1
3.2501  2.12
3.2601  2.14
3.2701  2.31
3.2801  1.65
3.2901  1.92
3.3001  2.21
3.3101  2.09
3.3201  2.08
3.3301  2.14
3.3401  2.21
3.3501  2.12
3.3601  2.02
3.3701  1.91
3.3801  1.93
3.3901  2.08
3.4001  2.01
3.4101  1.96
3.4201  2.03
3.4301  1.97
3.4401  1.9
3.4501  2.04
3.4601  2.2
3.4701  2.08
3.4801  2.1
3.4901  2.19
3.5001  2.2
3.5101  2.14
3.5201  2.14
3.5301  2.16
3.5401  1.92
3.5501  2.35
3.5601  1.99
3.5701  2.02
3.5801  2.41
3.5901  2.19
3.6001  1.89
3.6101  2.09
3.6201  2.49
3.6301  1.93
3.6401  2.27
3.6501  2.3
3.6601  2.6
3.6701  2.26
3.6801  2.15
3.6901  2.11
3.7001  2.12
3.7101  2.12
3.7201  2.03
3.7301  2.28
3.7401  2.39
3.7501  2.38
3.7601  2.35
3.7701  2.24
3.7801  2.19
3.7901  2.29
3.8001  2.07
3.8101  2.32
3.8201  2.19
3.8301  2.26
3.8401  2.18
3.8501  2.13
3.8601  2.37
3.8701  2.11
3.8801  2.08
3.8901  2.15
3.9001  1.97
3.9101  1.99
3.9201  2.2
3.9301  2.18
3.9401  2.02
3.9501  2.25
3.9601  2.04
3.9701  2.2
3.9801  2.02
3.9901  2.34
4.0001  1.96
4.0101  2.06
4.0201  2.3
4.0301  1.96
4.0401  2.11
4.0501  1.86
4.0601  2.09
4.0701  2.1
4.0801  2.08
4.0901  2.01
4.1001  2.2
4.1101  1.88
4.1201  2.28
4.1301  2.01
4.1401  1.97
4.1501  1.89
4.1601  2.15
4.1701  1.82
4.1801  2.16
4.1901  1.95
4.2001  2.16
4.2101  2.15
4.2201  2.11
4.2301  2.25
4.2401  2.09
4.2501  1.99
4.2601  2.09
4.2701  2.03
4.2801  2.11
4.2901  2.36
4.3001  2.35
4.3101  2.15
4.3201  2.05
4.3301  2.1
4.3401  2.19
4.3501  2.16
4.3601  2.21
4.3701  2.36
4.3801  2.26
4.3901  2.39
4.4001  2.22
4.4101  2.32
4.4201  2.09
4.4301  2.4
4.4401  2.25
4.4501  2.4
4.4601  2.08
4.4701  2.15
4.4801  2.27
4.4901  2.18
4.5001  2.37
4.5101  2.39
4.5201  2.19
4.5301  2.17
4.5401  2.11
4.5501  2.15
4.5601  2.15
4.5701  2.14
4.5801  2.14
4.5901  1.95
4.6001  2.18
4.6101  2.06
4.6201  1.95
4.6301  2.13
4.6401  2.17
4.6501  2.08
4.6601  2.39
4.6701  2.12
4.6801  1.97
4.6901  2.06
4.7001  2.13
4.7101  1.82
4.7201  2.15
4.7301  2.03
4.7401  1.87
4.7501  2.1
4.7601  2.12
4.7701  1.75
4.7801  2.08
4.7901  2.25
4.8001  2.24
4.8101  2.06
4.8201  2
4.8301  2.01
4.8401  2.02
4.8501  2.04
4.8601  1.91
4.8701  2.22
4.8801  2.14
4.8901  2.39
4.9001  2.01
4.9101  2.21
4.9201  2.22
4.9301  2.04
4.9401  1.95
4.9501  2.26
4.9601  2.07
4.9701  2.12
4.9801  2.23
4.9901  2.28
5.0001  2.14
5.0101  2.26
5.0201  2.11
5.0301  2.02
5.0401  2.12
5.0501  2.29
5.0601  2.25
5.0701  2.07
5.0801  2.43
5.0901  2.31
5.1001  2.24
5.1101  2.23
5.1201  2.3
5.1301  2.29
5.1401  2.33
5.1501  2.3
5.1601  2.09
5.1701  2.2
5.1801  2.41
5.1901  2.1
5.2001  2.02
5.2101  2.2
5.2201  2.31
5.2301  2.2
5.2401  2.11
5.2501  2.12
5.2601  2.07
5.2701  2.32
5.2801  2.3
5.2901  2.01
5.3001  1.96
5.3101  2.2
5.3201  2.27
5.3301  1.97
5.3401  2.15
5.3501  2.19
5.3601  2.22
5.3701  2.14
5.3801  2.08
5.3901  2.05
5.4001  1.93
5.4101  2.02
5.4201  1.91
5.4301  2.07
5.4401  2.15
5.4501  2.12
5.4601  1.99
5.4701  2.08
5.4801  1.97
5.4901  2.14
5.5001  2.2
5.5101  2.14
5.5201  1.84
5.5301  2.1
5.5401  1.81
5.5501  1.92
5.5601  2.32
5.5701  2
5.5801  2.05
5.5901  2.26
5.6001  2.27
5.6101  2.05
5.6201  2.38
5.6301  2.24
5.6401  2.25
5.6501  1.89
5.6601  2.18
5.6701  1.98
5.6801  2.38
5.6901  2.15
5.7001  2.06
5.7101  2.14
5.7201  2.32
5.7301  2.22
5.7401  2.11
5.7501  2.15
5.7601  2.24
5.7701  2.29
5.7801  2.31
5.7901  2.28
5.8001  2.24
5.8101  2.24
5.8201  2.21
5.8301  2.26
5.8401  1.94
5.8501  2.13
5.8601  2.19
5.8701  2.2
5.8801  2.28
5.8901  2.05
5.9001  2.24
5.9101  2.21
5.9201  2.29
5.9301  2.14
5.9401  2.13
5.9501  2.06
5.9601  2.15
5.9701  2.28
5.9801  2.36
5.9901  2.09
6.0001  2.06
6.0101  2.07
6.0201  1.83
6.0301  1.99
6.0401  2.25
6.0501  1.94
6.0601  2.01
6.0701  2.11
6.0801  2.23
6.0901  2.34
6.1001  1.9
6.1101  2.3
6.1201  2.03
6.1301  1.89
6.1401  2.23
6.1501  2.09
6.1601  2.02
6.1701  2.22
6.1801  1.84
6.1901  2.14
6.2001  1.98
6.2101  1.96
6.2201  1.88
6.2301  1.84
6.2401  2.49
6.2501  1.89
6.2601  2.2
6.2701  2.25
6.2801  2.27
6.2901  2.26
6.3001  1.96
6.3101  1.68
6.3201  2.05
6.3301  2.17
6.3401  2.27
6.3501  2.32
6.3601  2.26
6.3701  2.15
6.3801  2.07
6.3901  2.19
6.4001  2.17
6.4101  2.21
6.4201  2.2
6.4301  2.18
6.4401  2.08
6.4501  2.02
6.4601  2.22
6.4701  2.09
6.4801  2.05
6.4901  2.26
6.5001  2.39
6.5101  2.29
6.5201  2.18
6.5301  2.31
6.5401  2.04
6.5501  2.22
6.5601  2.24
6.5701  2.06
6.5801  2.22
6.5901  2.19
6.6001  2.1
6.6101  2.19
6.6201  1.99
6.6301  2.06
6.6401  2.09
6.6501  2.42
6.6601  1.86
6.6701  2.16
6.6801  2.37
6.6901  2.04
6.7001  2.17
6.7101  2.04
6.7201  2.21
6.7301  2.03
6.7401  2
6.7501  2.19
6.7601  2.29
6.7701  2.18
6.7801  2.01
6.7901  1.95
6.8001  2.15
6.8101  2.28
6.8201  2.15
6.8301  2.15
6.8401  1.89
6.8501  1.94
6.8601  2.02
6.8701  2
6.8801  2.17
6.8901  2.08
6.9001  2.03
6.9101  2.07
6.9201  2.24
6.9301  2.12
6.9401  2.22
6.9501  2.02
6.9601  2.14
6.9701  1.87
6.9801  2.15
6.9901  2.14
7.0001  1.94
7.0101  2.24
7.0201  2.27
7.0301  2.2
7.0401  2.16
7.0501  2.23
7.0601  1.87
7.0701  2.4
7.0801  2.17
7.0901  2.16
7.1001  2.02
7.1101  2.32
7.1201  2.16
7.1301  2.11
7.1401  2.31
7.1501  2.1
7.1601  2.22
7.1701  2.16
7.1801  2.32
7.1901  2.25
7.2001  2.27
7.2101  2.05
7.2201  2.23
7.2301  2.36
7.2401  2.28
7.2501  2.47
7.2601  2.29
7.2701  1.97
7.2801  2.17
7.2901  2.17
7.3001  2.12
7.3101  2.06
7.3201  2.07
7.3301  1.79
7.3401  2.28
7.3501  2.07
7.3601  2.3
7.3701  2.05
7.3801  2
7.3901  2.25
7.4001  1.89
7.4101  2.21
7.4201  2.09
7.4301  2.08
7.4401  2.21
7.4501  1.8
7.4601  2.06
7.4701  2.06
7.4801  2.41
7.4901  2.2
7.5001  2.06
7.5101  1.91
7.5201  2.05
7.5301  1.99
7.5401  2.09
7.5501  1.95
7.5601  2.06
7.5701  2.17
7.5801  2.25
7.5901  2.09
7.6001  2.14
7.6101  2.04
7.6201  2.32
7.6301  2.03
7.6401  2.2
7.6501  2.25
7.6601  2.05
7.6701  2.25
7.6801  2.23
7.6901  2.14
7.7001  2.17
7.7101  2.2
7.7201  2.41
7.7301  2.15
7.7401  2.12
7.7501  2.38
7.7601  2.24
7.7701  2.22
7.7801  2.09
7.7901  2.23
7.8001  2.24
7.8101  2.04
7.8201  2.15
7.8301  2.15
7.8401  2.08
7.8501  2.19
7.8601  2.18
7.8701  2.13
7.8801  2.08
7.8901  2.15
7.9001  2.44
7.9101  2.08
7.9201  2.11
7.9301  2.08
7.9401  2.13
7.9501  2.34
7.9601  1.98
7.9701  2.12
7.9801  2.12
7.9901  2.04
8.0001  2.03
8.0101  2.09
8.0201  2.08
8.0301  2.16
8.0401  2.47
8.0501  2.16
8.0601  2.23
8.0701  2.03
8.0801  1.87
8.0901  2.04
8.1001  2.36
8.1101  2.11
8.1201  2.34
8.1301  2.26
8.1401  1.97
8.1501  2.06
8.1601  1.97
8.1701  2.05
8.1801  2.22
8.1901  2.29
8.2001  2.11
8.2101  2.05
8.2201  2.24
8.2301  1.93
8.2401  2.27
8.2501  1.89
8.2601  2.13
8.2701  2.29
8.2801  2.23
8.2901  2.11
8.3001  1.99
8.3101  2.26
8.3201  2.03
8.3301  2.18
8.3401  2.22
8.3501  2.35
8.3601  2.42
8.3701  2.18
8.3801  2.28
8.3901  2.08
8.4001  2.13
8.4101  2.07
8.4201  2.11
8.4301  2.28
8.4401  2.03
8.4501  2.36
8.4601  2.17
8.4701  2.3
8.4801  2.3
8.4901  2.07
8.5001  2.11
8.5101  2.24
8.5201  2.01
8.5301  2.32
8.5401  2.02
8.5501  2.39
8.5601  2.55
8.5701  2.02
8.5801  2.2
8.5901  2.14
8.6001  2.18
8.6101  2.14
8.6201  1.97
8.6301  2.19
8.6401  2.36
8.6501  1.9
8.6601  2.07
8.6701  2.32
8.6801  1.87
8.6901  1.83
8.7001  2.08
8.7101  2.06
8.7201  2.28
8.7301  2.11
8.7401  2.01
8.7501  2
8.7601  2.27
8.7701  2.18
8.7801  2.04
8.7901  2.23
8.8001  2.01
8.8101  2.02
8.8201  2.01
8.8301  2.04
8.8401  2.2
8.8501  2.03
8.8601  2.24
8.8701  2.19
8.8801  2.23
8.8901  2.47
8.9001  2.03
8.9101  2.09
8.9201  2.18
8.9301  2.13
8.9401  2.15
8.9501  2.1
8.9601  2.24
8.9701  2.14
8.9801  2.06
8.9901  2.31
9.0001  2.16
9.0101  2.31
9.0201  2.15
9.0301  2.34
9.0401  2.11
9.0501  2.23
9.0601  2.15
9.0701  2.2
9.0801  2.25
9.0901  2.33
9.1001  2.32
9.1101  1.94
9.1201  2.18
9.1301  2.48
9.1401  2.12
9.1501  2.25
9.1601  2.28
9.1701  1.91
9.1801  2.28
9.1901  2.21
9.2001  2.06
9.2101  1.99
9.2201  2.09
9.2301  2.18
9.2401  1.79
9.2501  1.99
9.2601  2.09
9.2701  2.21
9.2801  2.1
9.2901  2.03
9.3001  1.99
9.3101  2.27
9.3201  1.99
9.3301  2.14
9.3401  2.26
9.3501  1.99
9.3601  2.23
9.3701  2.31
9.3801  1.98
9.3901  2.19
9.4001  2.1
9.4101  2.21
9.4201  2.19
9.4301  2.11
9.4401  2.11
9.4501  2
9.4601  2.24
9.4701  2.11
9.4801  2.2
9.4901  1.87
9.5001  2.07
9.5101  2.47
9.5201  2.04
9.5301  2.14
9.5401  1.98
9.5501  2.19
9.5601  2.01
9.5701  2.32
9.5801  2.36
9.5901  2.02
9.6001  2.11
9.6101  2.17
9.6201  2.03
9.6301  2.45
9.6401  1.98
9.6501  2.27
9.6601  2.3
9.6701  2.16
9.6801  2.01
9.6901  2.13
9.7001  2.14
9.7101  2.34
9.7201  2.19
9.7301  1.83
9.7401  2.34
9.7501  2.27
9.7601  2.17
9.7701  2.18
9.7801  2.07
9.7901  2.08
9.8001  2.22
9.8101  2.04
9.8201  2.4
9.8301  2.21
9.8401  2.29
9.8501  2.28
9.8601  1.99
9.8701  2.39
9.8801  2.01
9.8901  2.16
9.9001  2.34
9.9101  2.19
9.9201  2.12
9.9301  2.03
9.9401  2.15
9.9501  2.11
9.9601  2.09
9.9701  1.99
9.9801  2.16
9.9901  2.13
10.0001  2.16
10.0101  1.87
10.0201  2.26
10.0301  2.25
10.0401  2.03
10.0501  2.32
10.0601  2.21
10.0701  1.86
10.0801  2.12
10.0901  2.21
10.1001  2.11
10.1101  1.99
10.1201  2.05
10.1301  2.16
10.1401  1.96
10.1501  2.09
10.1601  2.18
10.1701  2.24
10.1801  1.9
10.1901  2.08
10.2001  2.15
10.2101  2.29
10.2201  1.99
10.2301  2.01
10.2401  1.98
10.2501  2.35
10.2601  2.36
10.2701  2.18
10.2801  2.16
10.2901  2.13
10.3001  2.1
10.3101  2
10.3201  2.22
10.3301  2.13
10.3401  2.25
10.3501  2.13
10.3601  2.43
10.3701  2.39
10.3801  2.1
10.3901  2.23
10.4001  2
10.4101  2.09
10.4201  2.18
10.4301  2.2
10.4401  2.13
10.4501  2.3
10.4601  2.27
10.4701  2.1
10.4801  2.31
10.4901  2.09
10.5001  2.27
10.5101  2.02
10.5201  2.4
10.5301  2.33
10.5401  1.83
10.5501  2.06
10.5601  2.32
10.5701  2.13
10.5801  2.02
10.5901  1.68
10.6001  2.26
10.6101  2.12
10.6201  2.29
10.6301  2.12
10.6401  2.41
10.6501  1.96
10.6601  2.06
10.6701  2.02
10.6801  2.25
10.6901  2.23
10.7001  1.86
10.7101  2.02
10.7201  2.35
10.7301  1.99
10.7401  2.01
10.7501  2.15
10.7601  2.05
10.7701  2.16
10.7801  2.27
10.7901  2.29
10.8001  2.1
10.8101  2.03
10.8201  2.19
10.8301  2.04
10.8401  2.11
10.8501  2.25
10.8601  2.04
10.8701  1.97
10.8801  1.95
10.8901  2.25
10.9001  2.02
10.9101  2.26
10.9201  2.29
10.9301  2.32
10.9401  1.95
10.9501  2.21
10.9601  2.12
10.9701  2.14
10.9801  2.04
10.9901  2.21
11.0001  2.19
11.0101  2.17
11.0201  2.32
11.0301  1.96
11.0401  2.1
11.0501  2.35
11.0601  2.17
11.0701  1.87
11.0801  2.27
11.0901  2.38
11.1001  2.24
11.1101  2.1
11.1201  2.18
11.1301  2.09
11.1401  2.32
11.1501  2.31
11.1601  2.2
11.1701  2.33
11.1801  2.04
11.1901  2.01
11.2001  2.33
11.2101  2.37
11.2201  2.2
11.2301  2.12
11.2401  2.04
11.2501  1.91
11.2601  2.11
11.2701  2.03
11.2801  2.25
11.2901  2.29
11.3001  2.31
11.3101  2.08
11.3201  2.16
11.3301  2
11.3401  2.21
11.3501  2.1
11.3601  1.86
11.3701  2.26
11.3801  2.1
11.3901  2.13
11.4001  2.13
11.4101  2.19
11.4201  1.97
11.4301  2.08
11.4401  2.08
11.4501  2.13
11.4601  2.05
11.4701  2.07
11.4801  2.15
11.4901  2.22
11.5001  1.97
11.5101  1.95
11.5201  2.22
11.5301  2.16
11.5401  2.06
11.5501  1.93
11.5601  2.3
11.5701  2.04
11.5801  1.97
11.5901  2.23
11.6001  2.12
11.6101  2.1
11.6201  2.32
11.6301  2.17
11.6401  2.3
11.6501  2.27
11.6601  2.11
11.6701  2.3
11.6801  2.33
11.6901  2.25
11.7001  2.08
11.7101  2.36
11.7201  2.19
11.7301  2.1
11.7401  2.36
11.7501  2.25
11.7601  2.14
11.7701  2.26
11.7801  2.17
11.7901  1.94
11.8001  2.36
11.8101  2.08
11.8201  2.48
11.8301  2.16
11.8401  2.09
11.8501  2.24
11.8601  2.35
11.8701  2.02
11.8801  2.17
11.8901  2.1
11.9001  2.19
11.9101  2.25
11.9201  2.3
11.9301  2.13
11.9401  1.98
11.9501  1.96
11.9601  2.16
11.9701  2.15
11.9801  1.97
11.9901  2.12
12.0001  2.37
12.0101  2.05
12.0201  2.05
12.0301  2.13
12.0401  2.01
12.0501  1.96
12.0601  2.02
12.0701  1.94
12.0801  2.11
12.0901  2.37
12.1001  2.09
12.1101  1.88
12.1201  2.18
12.1301  2.14
12.1401  2.19
12.1501  2.21
12.1601  1.85
12.1701  1.87
12.1801  2.08
12.1901  1.93
12.2001  2.09
12.2101  2.31
12.2201  2.5
12.2301  1.92
12.2401  2.2
12.2501  1.96
12.2601  2.28
12.2701  2.13
12.2801  2.51
12.2901  2.1
12.3001  2.15
12.3101  2.41
12.3201  2.25
12.3301  2.06
12.3401  2.29
12.3501  2.11
12.3601  2.29
12.3701  2.17
12.3801  2.07
12.3901  2.06
12.4001  2.23
12.4101  2.41
12.4201  2.1
12.4301  2.49
12.4401  2.27
12.4501  2.3
12.4601  2.16
12.4701  2.02
12.4801  2.06
12.4901  2.21
12.5001  2.09
12.5101  2.44
12.5201  2.16
12.5301  2.12
12.5401  2.19
12.5501  2.08
12.5601  2.35
12.5701  2.22
12.5801  2.27
12.5901  2.07
12.6001  2.01
12.6101  2.05
12.6201  1.97
12.6301  1.87
12.6401  2.05
12.6501  2.14
12.6601  2.09
12.6701  2.32
12.6801  2.32
12.6901  1.87
12.7001  2.16
12.7101  2.12
12.7201  2.22
12.7301  2.17
12.7401  2.17
12.7501  2.07
12.7601  1.94
12.7701  1.88
12.7801  2.23
12.7901  1.89
12.8001  2.44
12.8101  2.09
12.8201  2.08
12.8301  2.19
12.8401  1.94
12.8501  2.03
12.8601  2.05
12.8701  2.08
12.8801  2.31
12.8901  2
12.9001  2.41
12.9101  2.09
12.9201  2.04
12.9301  2.06
12.9401  2.13
12.9501  2.24
12.9601  2.19
12.9701  2.21
12.9801  2.31
12.9901  2.06
13.0001  2.29
13.0101  2.09
13.0201  2.25
13.0301  2.08
13.0401  2.54
13.0501  2.06
13.0601  2.15
13.0701  2.3
13.0801  2.09
13.0901  2.14
13.1001  2.11
13.1101  2.28
13.1201  2.37
13.1301  2.33
13.1401  2.33
13.1501  1.85
13.1601  2.29
13.1701  2.42
13.1801  2.38
13.1901  2.17
13.2001  2.08
13.2101  2.21
13.2201  2.09
13.2301  2.03
13.2401  2.12
13.2501  2.14
13.2601  2.12
13.2701  2.26
13.2801  2.17
13.2901  2.11
13.3001  2.09
13.3101  2.06
13.3201  2.13
13.3301  1.93
13.3401  1.92
13.3501  2.12
13.3601  2.16
13.3701  2.02
13.3801  2.24
13.3901  2.11
13.4001  2.16
13.4101  1.93
13.4201  1.8
13.4301  2.24
13.4401  1.85
13.4501  2.15
13.4601  2.23
13.4701  2.14
13.4801  2.24
13.4901  2.1
13.5001  2.21
13.5101  2.21
13.5201  1.93
13.5301  2.19
13.5401  2.29
13.5501  2.02
13.5601  2.25
13.5701  1.95
13.5801  2.25
13.5901  2.21
13.6001  2.38
13.6101  2.14
13.6201  2.08
13.6301  2.26
13.6401  2.05
13.6501  2.31
13.6601  2.1
13.6701  2.24
13.6801  2.18
13.6901  2.45
13.7001  1.94
13.7101  2.35
13.7201  2.24
13.7301  2.18
13.7401  2.27
13.7501  2.17
13.7601  2.2
13.7701  2.33
13.7801  2.21
13.7901  2.09
13.8001  2.27
13.8101  2.1
13.8201  2.25
13.8301  1.9
13.8401  2
13.8501  2.14
13.8601  2.25
13.8701  2.33
13.8801  2.14
13.8901  2.19
13.9001  2.02
13.9101  2.02
13.9201  2.18
13.9301  2.06
13.9401  2.19
13.9501  2.08
13.9601  2.05
13.9701  1.91
13.9801  2.28
13.9901  2.04
14.0001  2.38
14.0101  1.87
14.0201  2.01
14.0301  2.2
14.0401  2.29
14.0501  2.14
14.0601  1.78
14.0701  2.17
14.0801  2.19
14.0901  2.13
14.1001  2.28
14.1101  2.06
14.1201  2.14
14.1301  1.95
14.1401  1.89
14.1501  1.92
14.1601  2.09
14.1701  2.24
14.1801  2.14
14.1901  2.03
14.2001  2.16
14.2101  2.08
14.2201  2.28
14.2301  2.27
14.2401  1.84
14.2501  2.28
14.2601  2.42
14.2701  2.14
14.2801  2.07
14.2901  2.07
14.3001  2.32
14.3101  2.09
14.3201  1.96
14.3301  2.23
14.3401  2.13
14.3501  2.19
14.3601  2.6
14.3701  1.91
14.3801  2.1
14.3901  2.28
14.4001  2.32
14.4101  2.04
14.4201  2.1
14.4301  2.34
14.4401  2.06
14.4501  2.27
14.4601  2.17
14.4701  2.15
14.4801  2.48
14.4901  2.27
14.5001  2.24
14.5101  2.03
14.5201  2.09
14.5301  2.22
14.5401  2.08
14.5501  2.26
14.5601  2.08
14.5701  2.1
14.5801  2.09
14.5901  1.75
14.6001  2.34
14.6101  2.25
14.6201  1.98
14.6301  2.11
14.6401  2.1
14.6501  2.09
14.6601  1.96
14.6701  2.12
14.6801  1.91
14.6901  1.94
14.7001  2.08
14.7101  2.21
14.7201  2.05
14.7301  2.25
14.7401  2.33
14.7501  2.11
14.7601  2.08
14.7701  1.94
14.7801  2.09
14.7901  1.86
14.8001  2.06
14.8101  2.09
14.8201  2.09
14.8301  2.27
14.8401  1.96
14.8501  2.17
14.8601  2.09
14.8701  2.15
14.8801  2.36
14.8901  1.94
14.9001  2.03
14.9101  2.1
14.9201  2.16
14.9301  2.15
14.9401  2.22
14.9501  2.27
14.9601  2.22
14.9701  2.25
14.9801  2.3
14.9901  1.95
15.0001  1.98
15.0101  2.14
15.0201  2.26
15.0301  2.4
15.0401  2.37
15.0501  2.23
15.0601  1.93
15.0701  2.12
15.0801  2.24
15.0901  2.23
15.1001  2.24
15.1101  2.05
15.1201  2.18
15.1301  2.3
15.1401  2.14
15.1501  2.23
15.1601  2.24
15.1701  2.43
15.1801  2.04
15.1901  1.95
15.2001  2.22
15.2101  2.04
15.2201  2.02
15.2301  2.25
15.2401  1.95
15.2501  2.13
15.2601  1.95
15.2701  2.29
15.2801  2.03
15.2901  1.9
15.3001  2.2
15.3101  2.14
15.3201  2.07
15.3301  1.88
15.3401  2.07
15.3501  1.99
15.3601  1.86
15.3701  2.15
15.3801  2.21
15.3901  2.11
15.4001  2.15
15.4101  2.19
15.4201  1.83
15.4301  2.06
15.4401  2.22
15.4501  2.14
15.4601  1.97
15.4701  2.08
15.4801  2.06
15.4901  1.96
15.5001  2.15
15.5101  2.31
15.5201  2.02
15.5301  2.18
15.5401  2.3
15.5501  1.76
15.5601  2.2
15.5701  2.59
15.5801  2.11
15.5901  2.14
15.6001  2.25
15.6101  2.13
15.6201  2.15
15.6301  2.27
15.6401  2.39
15.6501  2.25
15.6601  2.33
15.6701  2.13
15.6801  2.09
15.6901  2.37
15.7001  2.29
15.7101  1.98
15.7201  2.25
15.7301  1.97
15.7401  2.34
15.7501  2.16
15.7601  2.08
15.7701  2.21
15.7801  2.24
15.7901  2.29
15.8001  1.96
15.8101  2.17
15.8201  2.23
15.8301  2.03
15.8401  2.23
15.8501  2.19
15.8601  2.24
15.8701  1.99
15.8801  1.95
15.8901  1.94
15.9001  2.16
15.9101  1.93
15.9201  2.23
15.9301  2.5
15.9401  2.08
15.9501  2.14
15.9601  2.01
15.9701  2.03
15.9801  2.17
15.9901  2.39
16.0001  2.1
16.0101  2.03
16.0201  1.99
16.0301  2.1
16.0401  2.29
16.0501  2.21
16.0601  2.27
16.0701  2.23
16.0801  2.07
16.0901  1.97
16.1001  1.81
16.1101  2.09
16.1201  2.3
16.1301  2.04
16.1401  1.98
16.1501  1.97
16.1601  2.38
16.1701  2.24
16.1801  2.01
16.1901  2.15
16.2001  2.09
16.2101  2.27
16.2201  2.14
16.2301  2.26
16.2401  2.14
16.2501  2.33
16.2601  2.07
16.2701  1.87
16.2801  2.12
16.2901  2.15
16.3001  2.26
16.3101  2.29
16.3201  2.14
16.3301  2.11
16.3401  2.09
16.3501  2.39
16.3601  1.99
16.3701  2.1
16.3801  2.21
16.3901  2.15
16.4001  2.22
16.4101  2.44
16.4201  2.21
16.4301  2.14
16.4401  2.38
16.4501  2.04
16.4601  2.31
16.4701  2.12
16.4801  2.24
16.4901  2.36
16.5001  2.54
16.5101  2.13
16.5201  2.24
16.5301  2.06
16.5401  2.11
16.5501  2.3
16.5601  1.9
16.5701  2.11
16.5801  1.81
16.5901  1.99
16.6001  2.04
16.6101  2.29
16.6201  2.26
16.6301  2.29
16.6401  2.2
16.6501  2.03
16.6601  2.1
16.6701  1.77
16.6801  2.14
16.6901  1.88
16.7001  2.07
16.7101  2.2
16.7201  2.07
16.7301  2.08
16.7401  2.2
16.7501  1.94
16.7601  2.26
16.7701  2.02
16.7801  2
16.7901  2.29
16.8001  2.03
16.8101  2.35
16.8201  2.06
16.8301  1.96
16.8401  2.26
16.8501  2.09
16.8601  2.15
16.8701  1.9
16.8801  2.24
16.8901  2.15
16.9001  2.16
16.9101  2.01
16.9201  2.39
16.9301  2.2
16.9401  2.21
16.9501  2.18
16.9601  2.35
16.9701  2.14
16.9801  2.25
16.9901  2.05
17.0001  2.1
17.0101  2.29
17.0201  2.19
17.0301  2.23
17.0401  2.23
17.0501  2.35
17.0601  1.99
17.0701  2.29
17.0801  2.27
17.0901  2.1
17.1001  2.24
17.1101  2.24
17.1201  1.83
17.1301  2.21
17.1401  2.12
17.1501  2.22
17.1601  2.2
17.1701  2.1
17.1801  2.08
17.1901  2.36
17.2001  2.31
17.2101  2.12
17.2201  1.9
17.2301  1.88
17.2401  2.1
17.2501  2.1
17.2601  2.18
17.2701  2.37
17.2801  2.22
17.2901  2.14
17.3001  2.08
17.3101  2.08
17.3201  2.02
17.3301  2.06
17.3401  1.98
17.3501  1.89
17.3601  2
17.3701  2.31
17.3801  2.18
17.3901  2.21
17.4001  2.08
17.4101  1.97
17.4201  2.02
17.4301  2.27
17.4401  1.9
17.4501  2.36
17.4601  2.04
17.4701  2.19
17.4801  2.05
17.4901  1.98
17.5001  2.23
17.5101  2.32
17.5201  1.93
17.5301  1.95
17.5401  2.1
17.5501  2.34
17.5601  2.42
17.5701  1.97
17.5801  2.09
17.5901  2.41
17.6001  2.4
17.6101  2.4
17.6201  2.22
17.6301  2.3
17.6401  2.1
17.6501  2.36
17.6601  2.28
17.6701  2.11
17.6801  2.18
17.6901  2.46
17.7001  1.99
17.7101  2.2
17.7201  2.15
17.7301  2.32
17.7401  2.27
17.7501  2.11
17.7601  2.04
17.7701  2.41
17.7801  2.05
17.7901  2.06
17.8001  2
17.8101  2.24
17.8201  2.28
17.8301  1.98
17.8401  1.86
17.8501  2.12
17.8601  2.22
17.8701  2.09
17.8801  2.15
17.8901  2.25
17.9001  2.34
17.9101  1.86
17.9201  2.13
17.9301  1.98
17.9401  2.15
17.9501  2.09
17.9601  1.91
17.9701  1.91
17.9801  2.12
17.9901  2.06
18.0001  2.02
18.0101  2.42
18.0201  2.11
18.0301  1.88
18.0401  2.2
18.0501  2.1
18.0601  2.11
18.0701  2.29
18.0801  2.21
18.0901  2.16
18.1001  2.07
18.1101  2.12
18.1201  2.21
18.1301  2.1
18.1401  1.96
18.1501  2.19
18.1601  2.48
18.1701  2.01
18.1801  2.32
18.1901  1.97
18.2001  2.03
18.2101  2.4
18.2201  2.21
18.2301  2.08
18.2401  2.45
18.2501  2.21
18.2601  2.27
18.2701  2.28
18.2801  2.1
18.2901  2.31
18.3001  2.25
18.3101  2.2
18.3201  2.3
18.3301  2.13
18.3401  2.16
18.3501  2.16
18.3601  2.26
18.3701  2.16
18.3801  2.28
18.3901  1.93
18.4001  2.03
18.4101  2.22
18.4201  2.17
18.4301  2.34
18.4401  2.32
18.4501  2.18
18.4601  2.06
18.4701  2.24
18.4801  1.96
18.4901  2.13
18.5001  2.01
18.5101  2.08
18.5201  2.15
18.5301  2.23
18.5401  2.06
18.5501  2.1
18.5601  2.02
18.5701  2.09
18.5801  2.39
18.5901  2.06
18.6001  2.1
18.6101  1.78
18.6201  2.32
18.6301  1.89
18.6401  1.93
18.6501  2.1
18.6601  2.32
18.6701  1.98
18.6801  2.17
18.6901  2.12
18.7001  2.26
18.7101  2.11
18.7201  2.24
18.7301  1.91
18.7401  2.06
18.7501  2.15
18.7601  2.16
18.7701  1.98
18.7801  2.21
18.7901  2.15
18.8001  2.2
18.8101  2.2
18.8201  2.23
18.8301  2.09
18.8401  2.01
18.8501  2.35
18.8601  2.42
18.8701  2.25
18.8801  2.16
18.8901  2.23
18.9001  1.85
18.9101  2.13
18.9201  2.15
18.9301  2.38
18.9401  2.37
18.9501  2.05
18.9601  2.2
18.9701  2.26
18.9801  2.39
18.9901  2.28
19.0001  1.86
19.0101  2.28
19.0201  2.03
19.0301  2.38
19.0401  2.28
19.0501  2.02
19.0601  2.02
19.0701  2.08
19.0801  2.17
19.0901  2.51
19.1001  1.9
19.1101  2.04
19.1201  2.23
19.1301  2.01
19.1401  2.06
19.1501  2.39
19.1601  1.98
19.1701  2.03
19.1801  1.98
19.1901  2.31
19.2001  2.3
19.2101  2.31
19.2201  2.16
19.2301  1.72
19.2401  1.97
19.2501  1.86
19.2601  2.1
19.2701  2.15
19.2801  2.08
19.2901  2.05
19.3001  2.26
19.3101  1.91
19.3201  2.23
19.3301  2.15
19.3401  2.39
19.3501  1.92
19.3601  1.85
19.3701  2.06
19.3801  2.05
19.3901  2.11
19.4001  2.18
19.4101  2.19
19.4201  2.48
19.4301  2.31
19.4401  2.27
19.4501  2.23
19.4601  1.93
19.4701  2.01
19.4801  2.14
19.4901  2.22
19.5001  2.15
19.5101  1.97
19.5201  2.11
19.5301  2.05
19.5401  2.38
19.5501  2.35
19.5601  2.37
19.5701  2.14
19.5801  2.17
19.5901  2.14
19.6001  2.26
19.6101  1.99
19.6201  2.25
19.6301  2.23
19.6401  1.9
19.6501  2.04
19.6601  2.18
19.6701  2.48
19.6801  2.18
19.6901  2.11
19.7001  2.33
19.7101  2.01
19.7201  2.27
19.7301  2.37
19.7401  2
19.7501  2.26
19.7601  1.94
19.7701  2
19.7801  2.17
19.7901  2.25
19.8001  2.01
19.8101  2
19.8201  2.16
19.8301  1.89
19.8401  2.27
19.8501  2.35
19.8601  2.23
19.8701  2.21
19.8801  2.33
19.8901  1.85
19.9001  2.06
19.9101  1.97
19.9201  2.06
19.9301  2.13
19.9401  2.02
19.9501  2.04
19.9601  1.98
19.9701  2.16
19.9801  2.04
19.9901  2.16
20.0001  2.09
20.0101  2.08
20.0201  2.18
20.0301  2.26
20.0401  2.33
20.0501  2
20.0601  2.01
20.0701  2.16
20.0801  2.06
20.0901  2.01
20.1001  2.03
20.1101  2.42
20.1201  2.19
20.1301  1.88
20.1401  2.07
20.1501  2.29
20.1601  2.2
20.1701  2.24
20.1801  2.24
20.1901  2.07
20.2001  2.32
20.2101  2.19
20.2201  1.9
20.2301  2.36
20.2401  2.34
20.2501  1.94
20.2601  2.16
20.2701  2.27
20.2801  2.13
20.2901  2.28
20.3001  2.28
20.3101  2.13
20.3201  2.5
20.3301  2.14
20.3401  2.24
20.3501  1.87
20.3601  2.32
20.3701  2.12
20.3801  2.22
20.3901  2.11
20.4001  2.34
20.4101  2.23
20.4201  2.17
20.4301  1.96
20.4401  2.13
20.4501  2.04
20.4601  2.14
20.4701  2.04
20.4801  1.87
20.4901  2.31
20.5001  2.15
20.5101  1.99
20.5201  2.13
20.5301  2.21
20.5401  2.23
20.5501  2.17
20.5601  1.84
20.5701  2.15
20.5801  2.45
20.5901  2.09
20.6001  1.94
20.6101  2.22
20.6201  1.77
20.6301  1.98
20.6401  2.08
20.6501  2.23
20.6601  1.88
20.6701  2.35
20.6801  2.14
20.6901  2.23
20.7001  2.17
20.7101  2.36
20.7201  1.89
20.7301  2.17
20.7401  2.22
20.7501  2.14
20.7601  2
20.7701  2.27
20.7801  2.09
20.7901  2.08
20.8001  1.97
20.8101  2.57
20.8201  2.19
20.8301  2.27
20.8401  2.23
20.8501  2.24
20.8601  2.1
20.8701  2.1
20.8801  2.02
20.8901  1.82
20.9001  2.22
20.9101  2.45
20.9201  2.16
20.9301  2.21
20.9401  2.28
20.9501  2.06
20.9601  2.08
20.9701  2.14
20.9801  2.35
20.9901  2.33
21.0001  2.03
21.0101  2.3
21.0201  2.12
21.0301  2.04
21.0401  2.31
21.0501  1.95
21.0601  2.44
21.0701  2.03
21.0801  2.3
21.0901  2.34
21.1001  2.12
21.1101  1.82
21.1201  2.29
21.1301  2.09
21.1401  2.06
21.1501  2.21
21.1601  1.94
21.1701  2.06
21.1801  2.29
21.1901  1.93
21.2001  1.99
21.2101  2.25
21.2201  2.19
21.2301  2.04
21.2401  2.08
21.2501  1.87
21.2601  2.06
21.2701  2.3
21.2801  2.27
21.2901  2.28
21.3001  2.17
21.3101  1.95
21.3201  1.99
21.3301  2.26
21.3401  1.9
21.3501  2.12
21.3601  2.1
21.3701  1.89
21.3801  2.05
21.3901  2.1
21.4001  2.22
21.4101  2.34
21.4201  2.09
21.4301  2.18
21.4401  2.34
21.4501  1.94
21.4601  2.13
21.4701  2.08
21.4801  2.2
21.4901  2.18
21.5001  2.17
21.5101  2.12
21.5201  2.07
21.5301  2.26
21.5401  2.17
21.5501  2.33
21.5601  2.33
21.5701  2.18
21.5801  2.15
21.5901  2.24
21.6001  2.06
21.6101  2.28
21.6201  2.1
21.6301  2.5
21.6401  2.14
21.6501  2.21
21.6601  2.14
21.6701  2.16
21.6801  2.21
21.6901  2.23
21.7001  2.2
21.7101  2.04
21.7201  1.97
21.7301  2.31
21.7401  2.18
21.7501  2.1
21.7601  2.17
21.7701  2.22
21.7801  2.24
21.7901  2.06
21.8001  2.28
21.8101  2.11
21.8201  2.17
21.8301  1.99
21.8401  2.04
21.8501  1.94
21.8601  2.12
21.8701  2.06
21.8801  1.91
21.8901  2.08
21.9001  2.23
21.9101  2.08
21.9201  2.24
21.9301  2.08
21.9401  2.04
21.9501  2.1
21.9601  2.22
21.9701  2.03
21.9801  1.94
21.9901  1.95
22.0001  2.31
22.0101  2.07
22.0201  2.03
22.0301  2.08
22.0401  2.26
22.0501  1.81
22.0601  2.23
22.0701  2.18
22.0801  2.16
22.0901  2.23
22.1001  2.26
22.1101  2.2
22.1201  2.22
22.1301  2.12
22.1401  2.16
22.1501  2.16
22.1601  2.16
22.1701  2.28
22.1801  2.25
22.1901  2.12
22.2001  2.4
22.2101  2.05
22.2201  2.29
22.2301  2.14
22.2401  2.16
22.2501  2.1
22.2601  1.94
22.2701  1.98
22.2801  2.27
22.2901  2.42
22.3001  2.33
22.3101  2.08
22.3201  2.21
22.3301  2.36
22.3401  2.14
22.3501  2.13
22.3601  2.3
22.3701  2.13
22.3801  2.17
22.3901  2.21
22.4001  2.16
22.4101  2.27
22.4201  2.16
22.4301  2.08
22.4401  2.21
22.4501  2.4
22.4601  2.14
22.4701  2.01
22.4801  2
22.4901  2.35
22.5001  1.9
22.5101  2.22
22.5201  2.21
22.5301  2.05
22.5401  1.98
22.5501  2.32
22.5601  2.12
22.5701  2.02
22.5801  2.12
22.5901  2.33
22.6001  2.28
22.6101  2.2
22.6201  2
22.6301  2.03
22.6401  1.98
22.6501  2.03
22.6601  2.08
22.6701  2.2
22.6801  2.21
22.6901  1.97
22.7001  2.07
22.7101  1.99
22.7201  2.1
22.7301  1.94
22.7401  2.18
22.7501  2.48
22.7601  2.34
22.7701  1.85
22.7801  2.2
22.7901  2.07
22.8001  2.38
22.8101  2.29
22.8201  2.23
22.8301  2.1
22.8401  1.94
22.8501  2.26
22.8601  2.08
22.8701  2.4
22.8801  2.22
22.8901  1.95
22.9001  2.17
22.9101  2.22
22.9201  2.13
22.9301  2.4
22.9401  2.14
22.9501  2.25
22.9601  2.17
22.9701  2.38
22.9801  2.34
22.9901  2.05
23.0001  2.24
23.0101  2.26
23.0201  2.49
23.0301  2.14
23.0401  2.28
23.0501  2.1
23.0601  2.19
23.0701  2.06
23.0801  2.16
23.0901  2.09
23.1001  2.21
23.1101  2.08
23.1201  2.11
23.1301  2.28
23.1401  2.36
23.1501  2.42
23.1601  1.87
23.1701  2.15
23.1801  1.99
23.1901  2.07
23.2001  2.01
23.2101  1.85
23.2201  2.18
23.2301  2.24
23.2401  1.98
23.2501  2.06
23.2601  2.14
23.2701  2.04
23.2801  2.08
23.2901  2.17
23.3001  2.32
23.3101  2.19
23.3201  2.03
23.3301  2.08
23.3401  2.23
23.3501  2.07
23.3601  2.03
23.3701  2.19
23.3801  2.01
23.3901  2.14
23.4001  1.97
23.4101  2.12
23.4201  2.16
23.4301  1.98
23.4401  2.57
23.4501  2.1
23.4601  2.19
23.4701  2.02
23.4801  2.33
23.4901  2.06
23.5001  2.3
23.5101  2.29
23.5201  2.23
23.5301  2.22
23.5401  2
23.5501  1.96
23.5601  1.91
23.5701  2.38
23.5801  2.3
23.5901  2.16
23.6001  2.06
23.6101  2.2
23.6201  2.31
23.6301  2.01
23.6401  2.21
23.6501  2.27
23.6601  2.44
23.6701  2.25
23.6801  2.4
23.6901  1.88
23.7001  2.12
23.7101  1.81
23.7201  2.1
23.7301  2.43
23.7401  2.17
23.7501  2.31
23.7601  2.14
23.7701  2.51
23.7801  2.11
23.7901  2.02
23.8001  2.03
23.8101  2.1
23.8201  1.86
23.8301  2.12
23.8401  2.28
23.8501  2.07
23.8601  1.98
23.8701  2.07
23.8801  2.06
23.8901  2.31
23.9001  2.12
23.9101  2.24
23.9201  2.12
23.9301  2.26
23.9401  2.37
23.9501  2.07
23.9601  2.17
23.9701  2.12
23.9801  1.94
23.9901  2.16
24.0001  2.09
24.0101  2.15
24.0201  1.97
24.0301  2.26
24.0401  2.06
24.0501  2.1
24.0601  2.09
24.0701  1.98
24.0801  2.07
24.0901  2.19
24.1001  2.06
24.1101  2.09
24.1201  2.14
24.1301  2.23
24.1401  1.98
24.1501  2.05
24.1601  2.3
24.1701  2.13
24.1801  2.35
24.1901  2.32
24.2001  1.88
24.2101  2.26
24.2201  2.67
24.2301  2.04
24.2401  2.15
24.2501  2.19
24.2601  1.81
24.2701  2.1
24.2801  2.23
24.2901  2.26
24.3001  2.29
24.3101  2.33
24.3201  2.32
24.3301  2.05
24.3401  2.15
24.3501  2.15
24.3601  2.07
24.3701  2.15
24.3801  2.28
24.3901  2.31
24.4001  2.06
24.4101  2.34
24.4201  1.95
24.4301  1.99
24.4401  1.94
24.4501  2.14
24.4601  2.11
24.4701  2.14
24.4801  2.42
24.4901  2.15
24.5001  2.2
24.5101  2.18
24.5201  2.12
24.5301  1.88
24.5401  2.28
24.5501  2.16
24.5601  2.1
24.5701  2.18
24.5801  1.91
24.5901  2.02
24.6001  2
24.6101  2.29
24.6201  1.83
24.6301  2.24
24.6401  1.94
24.6501  2.04
24.6601  2.36
24.6701  2.08
24.6801  1.81
24.6901  2.13
24.7001  2.17
24.7101  2.08
24.7201  2.49
24.7301  2.19
24.7401  2.1
24.7501  2.12
24.7601  2.17
24.7701  2.27
24.7801  2.24
24.7901  2.15
24.8001  2.26
24.8101  2.4
24.8201  2.08
24.8301  2.11
24.8401  2.21
24.8501  2.26
24.8601  2
24.8701  1.88
24.8801  1.85
24.8901  2.37
24.9001  2.06
24.9101  2.13
24.9201  2.23
24.9301  2.3
24.9401  2.23
24.9501  2.31
24.9601  2.34
24.9701  2.04
24.9801  1.91
24.9901  2.39
25.0001  2.27
25.0101  2.37
25.0201  2.15
25.0301  2.08
25.0401  2.33
25.0501  2.07
25.0601  2.22
25.0701  2.23
25.0801  2.09
25.0901  2.06
25.1001  2.06
25.1101  2.01
25.1201  1.86
25.1301  2.02
25.1401  2.07
25.1501  1.84
25.1601  2.17
25.1701  2.19
25.1801  2.13
25.1901  2.33
25.2001  2.32
25.2101  2.15
25.2201  2.08
25.2301  2.18
25.2401  2.1
25.2501  2.08
25.2601  2.15
25.2701  2.07
25.2801  2.21
25.2901  1.69
25.3001  2.04
25.3101  2.06
25.3201  2.16
25.3301  2.2
25.3401  2.14
25.3501  2.16
25.3601  2.09
25.3701  2.1
25.3801  2.35
25.3901  2.05
25.4001  1.97
25.4101  2.26
25.4201  2.22
25.4301  2.04
25.4401  2.11
25.4501  2.19
25.4601  2.2
25.4701  2.46
25.4801  2.42
25.4901  2.1
25.5001  2.18
25.5101  2.17
25.5201  2.28
25.5301  2.07
25.5401  2.16
25.5501  2
25.5601  2.34
25.5701  2.13
25.5801  2.45
25.5901  2.09
25.6001  2.12
25.6101  2.18
25.6201  2.23
25.6301  2.03
25.6401  2.08
25.6501  2.04
25.6601  2.15
25.6701  2.1
25.6801  2.19
25.6901  2.34
25.7001  1.96
25.7101  2.27
25.7201  2.23
25.7301  2.18
25.7401  2.08
25.7501  2.19
25.7601  2.37
25.7701  1.8
25.7801  2.53
25.7901  2.15
25.8001  1.85
25.8101  2.09
25.8201  1.94
25.8301  2.33
25.8401  2.05
25.8501  2.01
25.8601  1.99
25.8701  2.23
25.8801  2.23
25.8901  2.13
25.9001  1.96
25.9101  2.25
25.9201  2.05
25.9301  2.19
25.9401  2.13
25.9501  2.08
25.9601  2.04
25.9701  2.03
25.9801  2.18
25.9901  1.89
26.0001  2.05
26.0101  2.37
26.0201  2.03
26.0301  2.11
26.0401  2.16
26.0501  2.11
26.0601  1.97
26.0701  2.1
26.0801  2.39
26.0901  2.03
26.1001  2.24
26.1101  2.05
26.1201  2.2
26.1301  2.24
26.1401  2.12
26.1501  2.24
26.1601  1.98
26.1701  2.43
26.1801  2.11
26.1901  2.25
26.2001  2.19
26.2101  2.27
26.2201  1.94
26.2301  2.17
26.2401  2.12
26.2501  2.03
26.2601  2.34
26.2701  2.04
26.2801  2.23
26.2901  1.99
26.3001  2.28
26.3101  2.36
26.3201  2.09
26.3301  2.3
26.3401  2.07
26.3501  2.45
26.3601  2.05
26.3701  2.34
26.3801  2.17
26.3901  1.92
26.4001  2.4
26.4101  2.14
26.4201  2.11
26.4301  2.17
26.4401  2.12
26.4501  2.33
26.4601  2
26.4701  2.02
26.4801  1.93
26.4901  2.18
26.5001  2.25
26.5101  2.09
26.5201  1.97
26.5301  1.91
26.5401  2.16
26.5501  2.12
26.5601  2.02
26.5701  2.28
26.5801  2.23
26.5901  2.15
26.6001  1.99
26.6101  2.13
26.6201  2.07
26.6301  2.01
26.6401  2.1
26.6501  2.19
26.6601  2.23
26.6701  2.12
26.6801  2
26.6901  2.11
26.7001  2.06
26.7101  2.1
26.7201  2.05
26.7301  2.18
26.7401  1.77
26.7501  2.18
26.7601  2
26.7701  2.18
26.7801  2.19
26.7901  2.43
26.8001  2.01
26.8101  2.37
26.8201  2.07
26.8301  2.19
26.8401  2.2
26.8501  2.27
26.8601  2.2
26.8701  2.13
26.8801  2.15
26.8901  1.92
26.9001  2.22
26.9101  1.97
26.9201  2.35
26.9301  2.27
26.9401  2.3
26.9501  1.98
26.9601  2.35
26.9701  1.99
26.9801  2.21
26.9901  2.08
27.0001  2.13
27.0101  2.31
27.0201  2.04
27.0301  2.29
27.0401  2.12
27.0501  2.26
27.0601  2.28
27.0701  2.08
27.0801  2.17
27.0901  1.84
27.1001  2.04
27.1101  2.25
27.1201  2.21
27.1301  1.96
27.1401  2.03
27.1501  2.25
27.1601  2.15
27.1701  2.07
27.1801  2.11
27.1901  1.9
27.2001  2.04
27.2101  2.36
27.2201  2.01
27.2301  2.26
27.2401  2.04
27.2501  2.48
27.2601  2.17
27.2701  2.31
27.2801  1.96
27.2901  2.01
27.3001  2.16
27.3101  2.06
27.3201  1.8
27.3301  1.81
27.3401  2.24
27.3501  2.08
27.3601  1.93
27.3701  2.11
27.3801  2.09
27.3901  2.32
27.4001  2.26
27.4101  2.13
27.4201  2.26
27.4301  2.06
27.4401  2.11
27.4501  2.02
27.4601  2.12
27.4701  1.88
27.4801  2.26
27.4901  2.14
27.5001  2.09
27.5101  2.14
27.5201  2.43
27.5301  1.92
27.5401  2.06
27.5501  2.11
27.5601  2.21
27.5701  2.13
27.5801  2.4
27.5901  2.37
27.6001  1.97
27.6101  2.2
27.6201  2.25
27.6301  2.26
27.6401  2.05
27.6501  2.02
27.6601  2.05
27.6701  2.06
27.6801  2.16
27.6901  2.4
27.7001  2.24
27.7101  2.02
27.7201  2.08
27.7301  2.01
27.7401  2.13
27.7501  2.32
27.7601  2.48
27.7701  2.04
27.7801  2.01
27.7901  2.33
27.8001  1.95
27.8101  2.26
27.8201  2.07
27.8301  2.05
27.8401  2.21
27.8501  2.15
27.8601  2.25
27.8701  1.96
27.8801  2.29
27.8901  2.12
27.9001  2.08
27.9101  2
27.9201  2.06
27.9301  2.07
27.9401  2.26
27.9501  2.15
27.9601  1.9
27.9701  2.36
27.9801  2.06
27.9901  1.94
28.0001  2.2
28.0101  2.01
28.0201  2.28
28.0301  2.36
28.0401  2.07
28.0501  2.29
28.0601  2.11
28.0701  1.99
28.0801  2.15
28.0901  2.01
28.1001  2.33
28.1101  2.04
28.1201  2.27
28.1301  2
28.1401  2.16
28.1501  1.94
28.1601  2.16
28.1701  2.04
28.1801  1.96
28.1901  2.34
28.2001  2.02
28.2101  2.21
28.2201  1.73
28.2301  2.1
28.2401  2.21
28.2501  2.39
28.2601  2.12
28.2701  2.46
28.2801  1.75
28.2901  2.24
28.3001  1.88
28.3101  2.14
28.3201  2.26
28.3301  1.97
28.3401  2.15
28.3501  2.24
28.3601  2.15
28.3701  2.18
28.3801  2.11
28.3901  2.06
28.4001  2.05
28.4101  2.22
28.4201  2.37
28.4301  2.42
28.4401  2
28.4501  2.23
28.4601  2.04
28.4701  2.32
28.4801  2.23
28.4901  2.24
28.5001  2.33
28.5101  2.01
28.5201  2.19
28.5301  2.22
28.5401  2.33
28.5501  1.99
28.5601  2.46
28.5701  2.1
28.5801  2.28
28.5901  2.1
28.6001  2.2
28.6101  2.29
28.6201  1.93
28.6301  2.29
28.6401  2.03
28.6501  2.11
28.6601  2.05
28.6701  1.85
28.6801  2.12
28.6901  2.27
28.7001  2.26
28.7101  2.06
28.7201  2.22
28.7301  2.01
28.7401  1.87
28.7501  1.98
28.7601  2.15
28.7701  2.19
28.7801  2.16
28.7901  2.03
28.8001  2.02
28.8101  1.99
28.8201  2.32
28.8301  2.09
28.8401  1.98
28.8501  1.99
28.8601  2.15
28.8701  2.23
28.8801  1.88
28.8901  2.18
28.9001  1.91
28.9101  1.98
28.9201  2.24
28.9301  2.21
28.9401  2.34
28.9501  2.39
28.9601  2.21
28.9701  1.93
28.9801  2.06
28.9901  2.23
29.0001  2.23
29.0101  2.09
29.0201  1.94
29.0301  1.97
29.0401  2.32
29.0501  2.14
29.0601  2.04
29.0701  2.09
29.0801  2.15
29.0901  2.24
29.1001  2.34
29.1101  2.21
29.1201  2.13
29.1301  2.27
29.1401  2.32
29.1501  2.15
29.1601  2.31
29.1701  2.16
29.1801  2.21
29.1901  2.02
29.2001  1.95
29.2101  2.46
29.2201  1.95
29.2301  2.12
29.2401  2.21
29.2501  2.13
29.2601  2.25
29.2701  2.09
29.2801  2.23
29.2901  2.17
29.3001  2.26
29.3101  2.2
29.3201  1.97
29.3301  2.07
29.3401  2.32
29.3501  2.13
29.3601  2.15
29.3701  2.29
29.3801  1.82
29.3901  2.07
29.4001  2.16
29.4101  2.13
29.4201  2.06
29.4301  2.12
29.4401  1.93
29.4501  2.02
29.4601  2.07
29.4701  2.23
29.4801  2.12
29.4901  1.96
29.5001  2.19
29.5101  2.03
29.5201  2.3
29.5301  2.19
29.5401  2.25
29.5501  1.93
29.5601  2.17
29.5701  1.95
29.5801  2.28
29.5901  1.91
29.6001  2.26
29.6101  2.24
29.6201  1.99
29.6301  1.98
29.6401  2.13
29.6501  2.12
29.6601  2.24
29.6701  2.2
29.6801  2.16
29.6901  2.24
29.7001  2.13
29.7101  2.24
29.7201  2.17
29.7301  2.27
29.7401  2.11
29.7501  2.27
29.7601  2.03
29.7701  2.19
29.7801  2.15
29.7901  2.22
29.8001  2.04
29.8101  2.31
29.8201  2.24
29.8301  2.12
29.8401  2.28
29.8501  2.14
29.8601  2.13
29.8701  2.01
29.8801  2.35
29.8901  2.07
29.9001  2.35
29.9101  2.23
29.9201  2.19
29.9301  2.11
29.9401  2.1
29.9501  2.29
29.9601  2.4
29.9701  2.14
29.9801  1.97
29.9901  2.23
30.0001  2.2
30.0101  2.11
30.0201  1.98
30.0301  2.24
30.0401  2.08
30.0501  2.15
30.0601  2.06
30.0701  2.01
30.0801  2.16
30.0901  2
30.1001  2.23
30.1101  1.87
30.1201  2.45
30.1301  1.94
30.1401  2.35
30.1501  1.88
30.1601  2.08
30.1701  2.14
30.1801  1.94
30.1901  2.28
30.2001  2.12
30.2101  2.21
30.2201  2.11
30.2301  2.11
30.2401  2.22
30.2501  1.82
30.2601  2.22
30.2701  2.35
30.2801  1.78
30.2901  2.23
30.3001  1.79
30.3101  2
30.3201  2.28
30.3301  2.15
30.3401  2.2
30.3501  2.08
30.3601  2.25
30.3701  2.27
30.3801  2.35
30.3901  2.03
30.4001  2.04
30.4101  2.05
30.4201  2.19
30.4301  2.12
30.4401  2.06
30.4501  2.11
30.4601  2.19
30.4701  2.25
30.4801  2.41
30.4901  2.12
30.5001  1.97
30.5101  2.55
30.5201  2.28
30.5301  2.13
30.5401  2.33
30.5501  2.11
30.5601  2.23
30.5701  2.19
30.5801  2.07
30.5901  2.2
30.6001  2.23
30.6101  2.35
30.6201  2.06
30.6301  1.99
30.6401  2.18
30.6501  2.33
30.6601  2.24
30.6701  2.27
30.6801  2.13
30.6901  2.43
30.7001  2.48
30.7101  2.17
30.7201  2.2
30.7301  1.93
30.7401  1.96
30.7501  2.33
30.7601  1.95
30.7701  1.89
30.7801  2.23
30.7901  2.15
30.8001  2.07
30.8101  2.01
30.8201  1.97
30.8301  2.31
30.8401  2.28
30.8501  1.99
30.8601  1.85
30.8701  1.84
30.8801  2.02
30.8901  2.23
30.9001  2.22
30.9101  2.11
30.9201  2.13
30.9301  2.12
30.9401  2.26
30.9501  2.25
30.9601  1.93
30.9701  2.04
30.9801  2.17
30.9901  2.24
31.0001  1.91
31.0101  2.21
31.0201  2.23
31.0301  1.97
31.0401  2.19
31.0501  2.11
31.0601  2.08
31.0701  2.26
31.0801  2.13
31.0901  2.11
31.1001  2.15
31.1101  2.02
31.1201  2.2
31.1301  2.29
31.1401  2.5
31.1501  2.2
31.1601  2.14
31.1701  2.35
31.1801  2.03
31.1901  2.16
31.2001  2
31.2101  2.4
31.2201  2.13
31.2301  2.21
31.2401  2.11
31.2501  2.12
31.2601  2.37
31.2701  2.16
31.2801  2.32
31.2901  1.98
31.3001  1.98
31.3101  2.25
31.3201  1.99
31.3301  2.2
31.3401  2.37
31.3501  2.26
31.3601  2.4
31.3701  2.08
31.3801  2.33
31.3901  1.98
31.4001  2.3
31.4101  2.22
31.4201  2.36
31.4301  2.33
31.4401  1.96
31.4501  1.79
31.4601  1.91
31.4701  2.01
31.4801  2.13
31.4901  2.09
31.5001  2.09
31.5101  2.38
31.5201  2.3
31.5301  2.24
31.5401  2.12
31.5501  1.91
31.5601  2.2
31.5701  2.03
31.5801  2.02
31.5901  2
31.6001  2.21
31.6101  2.1
31.6201  2.17
31.6301  2.12
31.6401  2.2
31.6501  2.21
31.6601  1.9
31.6701  1.78
31.6801  2.37
31.6901  1.84
31.7001  2.03
31.7101  2.05
31.7201  2.08
31.7301  2.2
31.7401  2.38
31.7501  2.15
31.7601  2.29
31.7701  2.11
31.7801  2.04
31.7901  2.24
31.8001  2.32
31.8101  2.19
31.8201  2.22
31.8301  2.15
31.8401  2.13
31.8501  2.03
31.8601  2.22
31.8701  2.09
31.8801  2.27
31.8901  2.26
31.9001  2.12
31.9101  2.19
31.9201  2.22
31.9301  1.98
31.9401  2.55
31.9501  2.09
31.9601  2.13
31.9701  1.84
31.9801  2.26
31.9901  2.24
32.0001  2.1
32.0101  2.3
32.0201  2.3
32.0301  2.23
32.0401  1.9
32.0501  2.12
32.0601  2.78
32.0701  2.14
32.0801  2.05
32.0901  2.16
32.1001  2.2
32.1101  2.34
32.1201  1.95
32.1301  2.37
32.1401  2.27
32.1501  2.05
32.1601  1.77
32.1701  2.01
32.1801  2.05
32.1901  2.12
32.2001  2.04
32.2101  2.18
32.2201  2.13
32.2301  2.15
32.2401  2.2
32.2501  2.27
32.2601  2.06
32.2701  1.78
32.2801  2.16
32.2901  2.21
32.3001  2.09
32.3101  1.99
32.3201  2.17
32.3301  2.06
32.3401  2.08
32.3501  2.08
32.3601  2.01
32.3701  2.23
32.3801  2.07
32.3901  1.92
32.4001  2.33
32.4101  2.07
32.4201  2
32.4301  2.11
32.4401  2.21
32.4501  2.3
32.4601  2.08
32.4701  2.14
32.4801  2.01
32.4901  2.21
32.5001  2.1
32.5101  2.24
32.5201  2.1
32.5301  2.29
32.5401  1.95
32.5501  2.21
32.5601  2.26
32.5701  2.36
32.5801  2.32
32.5901  2.01
32.6001  2.11
32.6101  2.13
32.6201  2.29
32.6301  2.17
32.6401  2.27
32.6501  2.71
32.6601  2.15
32.6701  2.09
32.6801  1.86
32.6901  2.1
32.7001  2.2
32.7101  2.08
32.7201  2.05
32.7301  2.09
32.7401  2.35
32.7501  1.86
32.7601  2.28
32.7701  2.19
32.7801  2.06
32.7901  2.25
32.8001  2.18
32.8101  2.29
32.8201  2.17
32.8301  1.91
32.8401  2.41
32.8501  2.13
32.8601  2.08
32.8701  2.15
32.8801  2.26
32.8901  2.06
32.9001  2.14
32.9101  1.92
32.9201  2.1
32.9301  2.24
32.9401  2.25
32.9501  1.96
32.9601  2.1
32.9701  1.98
32.9801  1.99
32.9901  1.84
33.0001  1.95
33.0101  2.08
33.0201  1.94
33.0301  2.26
33.0401  2.16
33.0501  2.22
33.0601  2.01
33.0701  2.23
33.0801  2.16
33.0901  2.08
33.1001  1.88
33.1101  2.17
33.1201  2.14
33.1301  2.36
33.1401  2.25
33.1501  1.7
33.1601  2.23
33.1701  1.97
33.1801  2.37
33.1901  2.04
33.2001  2.4
33.2101  1.69
33.2201  2.26
33.2301  2.14
33.2401  2.29
33.2501  1.98
33.2601  2.41
33.2701  2.33
33.2801  2.16
33.2901  2.37
33.3001  2.12
33.3101  2.28
33.3201  2.29
33.3301  2.18
33.3401  1.85
33.3501  2.14
33.3601  2.2
33.3701  2.17
33.3801  2.22
33.3901  2.25
33.4001  2.25
33.4101  1.96
33.4201  2.19
33.4301  2.02
33.4401  2.27
33.4501  2.06
33.4601  1.95
33.4701  2.5
33.4801  2.04
33.4901  2.2
33.5001  2.29
33.5101  2.19
33.5201  2.4
33.5301  2.3
33.5401  2.04
33.5501  2.13
33.5601  2.12
33.5701  2
33.5801  1.92
33.5901  2.2
33.6001  2.18
33.6101  2.23
33.6201  2.27
33.6301  1.97
33.6401  1.9
33.6501  1.96
33.6601  1.9
33.6701  2.19
33.6801  2.3
33.6901  2
33.7001  2.12
33.7101  2.3
33.7201  2.18
33.7301  2.22
33.7401  2.25
33.7501  2.07
33.7601  2.19
33.7701  2.09
33.7801  2.18
33.7901  2.07
33.8001  2.1
33.8101  2.08
33.8201  2.06
33.8301  2.04
33.8401  2.22
33.8501  1.96
33.8601  2.12
33.8701  2.12
33.8801  2.25
33.8901  2.1
33.9001  2.08
33.9101  1.95
33.9201  2.3
33.9301  2.1
33.9401  2.11
33.9501  2.27
33.9601  2.25
33.9701  2.09
33.9801  2.22
33.9901  2.19
34.0001  1.97
34.0101  2.11
34.0201  2.02
34.0301  2.15
34.0401  2.06
34.0501  2.19
34.0601  1.99
34.0701  2.47
34.0801  2.06
34.0901  2.48
34.1001  2.4
34.1101  1.95
34.1201  2.36
34.1301  2.2
34.1401  1.82
34.1501  2.46
34.1601  2.59
34.1701  2.05
34.1801  2.15
34.1901  2.26
34.2001  2.12
34.2101  2.03
34.2201  2.06
34.2301  2.13
34.2401  2.14
34.2501  1.95
34.2601  2.26
34.2701  2.02
34.2801  2.19
34.2901  2.02
34.3001  2.34
34.3101  1.98
34.3201  2.3
34.3301  2.02
34.3401  2.16
34.3501  2.27
34.3601  1.93
34.3701  2.11
34.3801  2.16
34.3901  2.24
34.4001  1.9
34.4101  1.93
34.4201  2.14
34.4301  2.12
34.4401  2.03
34.4501  2.08
34.4601  1.98
34.4701  1.9
34.4801  2.19
34.4901  2.08
34.5  2.05
34.51  2.17
34.52  2.08
34.53  2.35
34.54  2.3
34.55  2.03
34.56  2.21
34.57  1.97
34.58  2.06
34.59  2.27
34.6  2.51
34.61  2.13
34.62  2.22
34.63  2.01
34.64  2.3
34.65  2.24
34.66  2.02
34.67  2.29
34.68  2.1
34.69  1.86
34.7  2.35
34.71  2.26
34.72  2.06
34.73  2.12
34.74  2.37
34.75  2.11
34.76  2.47
34.77  2.14
34.78  2.11
34.79  2.11
34.8  2.01
34.81  2.26
34.82  1.9
34.83  2.12
34.84  2.18
34.85  2.18
34.86  2.24
34.87  2.11
34.88  2.32
34.89  2.25
34.9  2.14
34.91  1.87
34.92  2.1
34.93  2.1
34.94  1.93
34.95  2.36
34.96  2.17
34.97  2.1
34.98  2.2
34.99  2.08
35  2.07
35.01  2.27
35.02  2.11
35.03  2.26
35.04  2.1
35.05  2.41
35.06  2.17
35.07  2.1
35.08  1.98
35.09  2.08
35.1  1.85
35.11  1.7
35.12  2.2
35.13  2.4
35.14  2.11
35.15  2.29
35.16  2.06
35.17  2.1
35.18  2.02
35.19  1.87
35.2  2.17
35.21  2.41
35.22  2.01
35.23  2.09
35.24  2.02
35.25  2.17
35.26  2.24
35.27  1.98
35.28  2.19
35.29  1.92
35.3  2.15
35.31  2.25
35.32  2.43
35.33  2.23
35.34  2.09
35.35  2.18
35.36  1.88
35.37  2.25
35.38  2.17
35.39  2.24
35.4  2.16
35.41  2.14
35.42  2.28
35.43  2.44
35.44  2.17
35.45  2.32
35.46  2.13
35.47  2.19
35.48  2.12
35.49  2.13
35.5  2.34
35.51  2.05
35.52  2.25
35.53  1.99
35.54  2.04
35.55  2.2
35.56  2.34
35.57  2.09
35.58  2.19
35.59  2.26
35.6  2.16
35.61  2.3
35.62  2.27
35.63  1.95
35.64  1.89
35.65  2.11
35.66  2.29
35.67  2.11
35.68  2.06
35.69  2.13
35.7  2.1
35.71  2.29
35.72  2.01
35.73  1.8
35.74  2.07
35.75  2.09
35.76  2.08
35.77  2.15
35.78  1.99
35.79  2.19
35.8  1.94
35.81  1.88
35.82  1.96
35.83  2.05
35.84  2.34
35.85  2.25
35.86  2.28
35.87  2.2
35.88  2.14
35.89  2.19
35.9  2.14
35.91  2.15
35.92  2.18
35.93  2.09
35.94  2.25
35.95  2.19
35.96  2.02
35.97  2.24
35.98  2.01
35.99  2
36  2.27
36.01  2.38
36.02  2.05
36.03  2.42
36.04  2.09
36.05  1.99
36.06  2.22
36.07  2.24
36.08  2.29
36.09  2.32
36.1  2.23
36.11  2.33
36.12  2.21
36.13  2.38
36.14  2.09
36.15  2.11
36.16  2.31
36.17  2.13
36.18  2.26
36.19  2.18
36.2  2.1
36.21  2.13
36.22  1.99
36.23  1.99
36.24  1.93
36.25  2.35
36.26  1.97
36.27  2.34
36.28  1.98
36.29  2.19
36.3  2.1
36.31  2.33
36.32  2.2
36.33  2.01
36.34  2.28
36.35  2.23
36.36  1.91
36.37  1.98
36.38  2.25
36.39  2.13
36.4  1.99
36.41  2
36.42  1.98
36.43  2.11
36.44  2.09
36.45  2.15
36.46  2.19
36.47  1.96
36.48  2.04
36.49  2.01
36.5  1.87
36.51  2.2
36.52  2.29
36.53  1.87
36.54  2.29
36.55  2.22
36.56  2.37
36.57  2.09
36.58  2.44
36.59  2.22
36.6  2.16
36.61  2.17
36.62  1.89
36.63  1.97
36.64  2.29
36.65  2.18
36.66  2.17
36.67  2.19
36.68  2.41
36.69  2.09
36.7  2.08
36.71  2.24
36.72  2.37
36.73  2.12
36.74  2.26
36.75  2.34
36.76  2.2
36.77  2.22
36.78  1.98
36.79  2.26
36.8  2.31
36.81  2.19
36.82  2.31
36.83  2.23
36.84  2.22
36.85  2.36
36.86  2.16
36.87  1.89
36.88  1.66
36.89  2.14
36.9  2.37
36.91  1.86
36.92  2.05
36.93  2.39
36.94  2.21
36.95  2.04
36.96  1.91
36.97  1.99
36.98  2.34
36.99  1.98
37  2.19
37.01  2.41
37.02  2.14
37.03  2.19
37.04  1.97
37.05  2.14
37.06  2.31
37.07  1.96
37.08  2.02
37.09  2.16
37.1  2.23
37.11  2.07
37.12  2.27
37.13  2
37.14  2.39
37.15  2.31
37.16  1.99
37.17  2.16
37.18  2.13
37.19  2.08
37.2  2.15
37.21  2.15
37.22  1.94
37.23  2.2
37.24  2.41
37.25  2.07
37.26  1.93
37.27  2.05
37.28  1.95
37.29  2.5
37.3  2.08
37.31  2.05
37.32  2.1
37.33  2.16
37.34  2.13
37.35  2.22
37.36  2.21
37.37  2.32
37.38  2.13
37.39  2.28
37.4  1.85
37.41  2.35
37.42  2.22
37.43  2.24
37.44  2.37
37.45  1.96
37.46  1.98
37.47  2.31
37.48  2.09
37.49  2.06
37.5  2.22
37.51  2.26
37.52  2.22
37.53  2.4
37.54  2.29
37.55  2.28
37.56  2.23
37.57  1.92
37.58  1.94
37.59  2.1
37.6  2.07
37.61  2.12
37.62  2.28
37.63  2.15
37.64  1.85
37.65  2.16
37.66  2.07
37.67  2.08
37.68  1.98
37.69  2.2
37.7  2.28
37.71  1.93
37.72  2.23
37.73  2.05
37.74  2.26
37.75  2.15
37.76  2.06
37.77  1.9
37.78  2.14
37.79  1.89
37.8  2.22
37.81  1.79
37.82  2.11
37.83  2.42
37.84  2.14
37.85  2.5
37.86  2.27
37.87  2.14
37.88  2.1
37.89  2.27
37.9  2.14
37.91  2.08
37.92  2.15
37.93  2.03
37.94  2.21
37.95  2.31
37.96  2.14
37.97  2.27
37.98  2.28
37.99  2.16
38  1.83
38.01  2.44
38.02  2.17
38.03  2.39
38.04  2.06
38.05  2.11
38.06  2.4
38.07  2.3
38.08  1.96
38.09  2.39
38.1  1.92
38.11  1.96
38.12  2.17
38.13  2.09
38.14  2.38
38.15  2.21
38.16  2.23
38.17  1.91
38.18  2.32
38.19  1.92
38.2  1.93
38.21  2.1
38.22  2.02
38.23  1.99
38.24  2.31
38.25  2.01
38.26  2.12
38.27  2.27
38.28  2.14
38.29  1.99
38.3  2.05
38.31  2.23
38.32  1.89
38.33  2.3
38.34  2.34
38.35  2.14
38.36  2.04
38.37  1.96
38.38  2.35
38.39  2.05
38.4  2.07
38.41  2.26
38.42  2.13
38.43  2.01
38.44  2.17
38.45  2.23
38.46  2.01
38.47  2.26
38.48  2.31
38.49  2.55
38.5  2.09
38.51  2.34
38.52  1.93
38.53  2.14
38.54  2.15
38.55  2.05
38.56  2.11
38.57  2.31
38.58  2.49
38.59  1.92
38.6  2.07
38.61  2.2
38.62  2.2
38.63  2.08
38.64  1.97
38.65  2.09
38.66  2.14
38.67  2.13
38.68  2.12
38.69  2.13
38.7  2.23
38.71  2.33
38.72  2.29
38.73  2.23
38.74  1.92
38.75  2.25
38.76  2.09
38.77  2.06
38.78  2.14
38.79  2.19
38.8  2.2
38.81  2.09
38.82  2.26
38.83  2.19
38.84  2.08
38.85  2.04
38.86  1.98
38.87  2.58
38.88  2.02
38.89  2.21
38.9  2.32
38.91  2.04
38.92  2.19
38.93  2.26
38.94  1.96
38.95  2.15
38.96  2
38.97  1.94
38.98  2.09
38.99  2.41
39  2.29
39.01  2.3
39.02  2.4
39.03  2.31
39.04  2.13
39.05  1.97
39.06  1.89
39.07  2.23
39.08  1.77
39.09  1.8
39.1  2.2
39.11  1.98
39.12  2.2
39.13  2.08
39.14  2.25
39.15  2.26
39.16  2.41
39.17  2.18
39.18  1.99
39.19  1.96
39.2  2.29
39.21  2.21
39.22  2.19
39.23  2.14
39.24  2.23
39.25  1.98
39.26  2.23
39.27  2.31
39.28  2.11
39.29  2.25
39.3  2.1
39.31  2.2
39.32  2.08
39.33  2.16
39.34  2.09
39.35  2.16
39.36  2.37
39.37  2.21
39.38  2.06
39.39  2.13
39.4  2.11
39.41  2.47
39.42  2.01
39.43  2.03
39.44  2.31
39.45  2.22
39.46  2.22
39.47  1.85
39.48  2.24
39.49  2.15
39.5  2.12
39.51  2.08
39.52  2.03
39.53  1.88
39.54  2.17
39.55  2.39
39.56  2.2
39.57  2.02
39.58  2.06
39.59  2.09
39.6  2.26
39.61  2.15
39.62  2.28
39.63  2.11
39.64  2.41
39.65  2.03
39.66  2.05
39.67  2.18
39.68  1.85
39.69  2.12
39.7  2.15
39.71  2.36
39.72  2.02
39.73  2.36
39.74  2.16
39.75  1.97
39.76  2.28
39.77  2.04
39.78  2.18
39.79  2.2
39.8  2.24
39.81  2.19
39.82  2.17
39.83  1.93
39.84  2.23
39.85  2.35
39.86  2.34
39.87  2.27
39.88  2.17
39.89  1.98
39.9  2.07
39.91  1.87
39.92  2.17
39.93  2.11
39.94  1.91
39.95  2.26
39.96  2.53
39.97  2.31
39.98  2.33
39.99  2.1
