-15  0
-14.99  0
-14.98  0
-14.97  0
-14.96  0
-14.95  0.04
-14.94  0
-14.93  0
-14.92  0.04
-14.91  0
-14.9  0.04
-14.89  0
-14.88  0.04
-14.87  0
-14.86  0.04
-14.85  0.04
-14.84  0
-14.83  0.08
-14.82  0.04
-14.81  0
-14.8  0.04
-14.79  0.04
-14.78  0.04
-14.77  0.04
-14.76  0.04
-14.75  0.04
-14.74  0.04
-14.73  0.04
-14.72  0.08
-14.71  0.04
-14.7  0.08
-14.69  0.04
-14.68  0.04
-14.67  0.04
-14.66  0.04
-14.65  0.08
-14.64  0.04
-14.63  0.04
-14.62  0.04
-14.61  0.16
-14.6  0.08
-14.59  0.04
-14.58  0.04
-14.57  0.08
-14.56  0.04
-14.55  0.08
-14.54  0.08
-14.53  0.04
-14.52  0.04
-14.51  0.08
-14.5  0.16
-14.49  0.04
-14.48  0.04
-14.47  0.08
-14.46  0.08
-14.45  0.04
-14.44  0.12
-14.43  0.12
-14.42  0.04
-14.41  0.08
-14.4  0.08
-14.39  0.08
-14.38  0.08
-14.37  0.08
-14.36  0.08
-14.35  0.12
-14.34  0.04
-14.33  0.04
-14.32  0.16
-14.31  0.04
-14.3  0.16
-14.29  0.08
-14.28  0.08
-14.27  0.12
-14.26  0.08
-14.25  0.08
-14.24  0.12
-14.23  0.04
-14.22  0.08
-14.21  0.12
-14.2  0.08
-14.19  0.08
-14.18  0.16
-14.17  0.04
-14.16  0.12
-14.15  0.08
-14.14  0.08
-14.13  0.16
-14.12  0.12
-14.11  0.12
-14.1  0.08
-14.09  0.08
-14.08  0.12
-14.07  0.08
-14.06  0.08
-14.05  0.16
-14.04  0.04
-14.03  0.16
-14.02  0.08
-14.01  0.12
-14  0.08
-13.99  0.12
-13.98  0.12
-13.97  0.12
-13.96  0.08
-13.95  0.16
-13.94  0.12
-13.93  0.16
-13.92  0.04
-13.91  0.12
-13.9  0.12
-13.89  0.08
-13.88  0.08
-13.87  0.12
-13.86  0.16
-13.85  0.12
-13.84  0.04
-13.83  0.16
-13.82  0.16
-13.81  0.08
-13.8  0.16
-13.79  0.04
-13.78  0.16
-13.77  0.08
-13.76  0.12
-13.75  0.2
-13.74  0.12
-13.73  0.12
-13.72  0.08
-13.71  0.16
-13.7  0.12
-13.69  0.08
-13.68  0.08
-13.67  0.12
-13.66  0.16
-13.65  0.16
-13.64  0.12
-13.63  0.08
-13.62  0.08
-13.61  0.16
-13.6  0.2
-13.59  0.08
-13.58  0.08
-13.57  0.12
-13.56  0.12
-13.55  0.12
-13.54  0.2
-13.53  0.12
-13.52  0.12
-13.51  0.08
-13.5  0.16
-13.49  0.16
-13.48  0.12
-13.47  0.16
-13.46  0.16
-13.45  0.04
-13.44  0.16
-13.43  0.12
-13.42  0.08
-13.41  0.16
-13.4  0.04
-13.39  0.12
-13.38  0.12
-13.37  0.24
-13.36  0.08
-13.35  0.2
-13.34  0.16
-13.33  0.08
-13.32  0.16
-13.31  0.16
-13.3  0.08
-13.29  0.12
-13.28  0.16
-13.27  0.12
-13.26  0.12
-13.25  0.12
-13.24  0.08
-13.23  0.16
-13.22  0.16
-13.21  0.12
-13.2  0.16
-13.19  0.08
-13.18  0.16
-13.17  0.12
-13.16  0.2
-13.15  0.08
-13.14  0.16
-13.13  0.08
-13.12  0.2
-13.11  0.16
-13.1  0.08
-13.09  0.16
-13.08  0.12
-13.07  0.12
-13.06  0.16
-13.05  0.12
-13.04  0.12
-13.03  0.16
-13.02  0.16
-13.01  0.12
-13  0.12
-12.99  0.08
-12.98  0.2
-12.97  0.08
-12.96  0.16
-12.95  0.08
-12.94  0.12
-12.93  0.24
-12.92  0.2
-12.91  0.08
-12.9  0.12
-12.89  0.12
-12.88  0.12
-12.87  0.16
-12.86  0.12
-12.85  0.24
-12.84  0.08
-12.83  0.04
-12.82  0.24
-12.81  0.12
-12.8  0.12
-12.79  0.16
-12.78  0.08
-12.77  0.16
-12.76  0.2
-12.75  0.08
-12.74  0.08
-12.73  0.2
-12.72  0.16
-12.71  0.16
-12.7  0.08
-12.69  0.12
-12.68  0.16
-12.67  0.08
-12.66  0.16
-12.65  0.16
-12.64  0.2
-12.63  0.12
-12.62  0.08
-12.61  0.08
-12.6  0.32
-12.59  0.08
-12.58  0.16
-12.57  0.04
-12.56  0.24
-12.55  0.16
-12.54  0.12
-12.53  0.12
-12.52  0.08
-12.51  0.12
-12.5  0.12
-12.49  0.16
-12.48  0.12
-12.47  0.12
-12.46  0.16
-12.45  0.16
-12.44  0.16
-12.43  0.12
-12.42  0.16
-12.41  0.12
-12.4  0.12
-12.39  0.16
-12.38  0.12
-12.37  0.24
-12.36  0.16
-12.35  0.12
-12.34  0.12
-12.33  0.12
-12.32  0.08
-12.31  0.24
-12.3  0.12
-12.29  0.12
-12.28  0.08
-12.27  0.08
-12.26  0.24
-12.25  0.08
-12.24  0.12
-12.23  0.16
-12.22  0.2
-12.21  0.12
-12.2  0.16
-12.19  0.12
-12.18  0.16
-12.17  0.12
-12.16  0.16
-12.15  0.2
-12.14  0.04
-12.13  0.12
-12.12  0.2
-12.11  0.2
-12.1  0.12
-12.09  0.12
-12.08  0.16
-12.07  0.12
-12.06  0.04
-12.05  0.24
-12.04  0.08
-12.03  0.12
-12.02  0.16
-12.01  0.12
-12  0.2
-11.99  0.08
-11.98  0.12
-11.97  0.16
-11.96  0.16
-11.95  0.16
-11.94  0.12
-11.93  0.16
-11.92  0.24
-11.91  0.04
-11.9  0.16
-11.89  0.08
-11.88  0.12
-11.87  0.16
-11.86  0.16
-11.85  0.12
-11.84  0.12
-11.83  0.12
-11.82  0.16
-11.81  0.12
-11.8  0.28
-11.79  0.12
-11.78  0.16
-11.77  0.08
-11.76  0.16
-11.75  0.12
-11.74  0.2
-11.73  0.08
-11.72  0.16
-11.71  0.12
-11.7  0.08
-11.69  0.16
-11.68  0.12
-11.67  0.12
-11.66  0.2
-11.65  0.12
-11.64  0.12
-11.63  0.12
-11.62  0.08
-11.61  0.2
-11.6  0.2
-11.59  0.16
-11.58  0.12
-11.57  0.24
-11.56  0.08
-11.55  0.12
-11.54  0.16
-11.53  0.16
-11.52  0.12
-11.51  0.08
-11.5  0.16
-11.49  0.08
-11.48  0.2
-11.47  0.12
-11.46  0.16
-11.45  0.08
-11.44  0.2
-11.43  0.12
-11.42  0.2
-11.41  0.08
-11.4  0.16
-11.39  0.08
-11.38  0.16
-11.37  0.12
-11.36  0.24
-11.35  0.04
-11.34  0.2
-11.33  0.08
-11.32  0.2
-11.31  0.04
-11.3  0.16
-11.29  0.24
-11.28  0.12
-11.27  0.12
-11.26  0.16
-11.25  0.2
-11.24  0.16
-11.23  0.12
-11.22  0.12
-11.21  0.12
-11.2  0.12
-11.19  0.08
-11.18  0.16
-11.17  0.08
-11.16  0.16
-11.15  0.16
-11.14  0.08
-11.13  0.16
-11.12  0.2
-11.11  0.2
-11.1  0.08
-11.09  0.16
-11.08  0.16
-11.07  0.08
-11.06  0.16
-11.05  0.2
-11.04  0.04
-11.03  0.24
-11.02  0.04
-11.01  0.2
-11  0.24
-10.99  0.08
-10.98  0.08
-10.97  0.16
-10.96  0.16
-10.95  0.12
-10.94  0.12
-10.93  0.16
-10.92  0.16
-10.91  0.08
-10.9  0.04
-10.89  0.24
-10.88  0.16
-10.87  0.08
-10.86  0.28
-10.85  0.08
-10.84  0.16
-10.83  0.12
-10.82  0.12
-10.81  0.16
-10.8  0.16
-10.79  0.04
-10.78  0.24
-10.77  0.04
-10.76  0.24
-10.75  0.08
-10.74  0.16
-10.73  0.04
-10.72  0.2
-10.71  0.12
-10.7  0.12
-10.69  0.2
-10.68  0.16
-10.67  0.2
-10.66  0.12
-10.65  0.12
-10.64  0.24
-10.63  0.08
-10.62  0.12
-10.61  0.2
-10.6  0.04
-10.59  0.08
-10.58  0.2
-10.57  0.16
-10.56  0.12
-10.55  0.08
-10.54  0.16
-10.53  0.2
-10.52  0.08
-10.51  0.12
-10.5  0.16
-10.49  0.2
-10.48  0.08
-10.47  0.12
-10.46  0.16
-10.45  0.2
-10.44  0.08
-10.43  0.12
-10.42  0.16
-10.41  0.2
-10.4  0.12
-10.39  0.16
-10.38  0.16
-10.37  0.12
-10.36  0.24
-10.35  0
-10.34  0.24
-10.33  0.04
-10.32  0.16
-10.31  0.16
-10.3  0.2
-10.29  0.12
-10.28  0.04
-10.27  0.16
-10.26  0.16
-10.25  0.12
-10.24  0.12
-10.23  0.16
-10.22  0.12
-10.21  0.2
-10.2  0
-10.19  0.24
-10.18  0.12
-10.17  0.16
-10.16  0.08
-10.15  0.16
-10.14  0.12
-10.13  0.16
-10.12  0.12
-10.11  0.2
-10.1  0.28
-10.09  0.04
-10.08  0.12
-10.07  0.16
-10.06  0.2
-10.05  0.08
-10.04  0.16
-10.03  0.08
-10.02  0.2
-10.01  0.12
-10  0.16
-9.99  0.04
-9.98  0.12
-9.97  0.16
-9.96  0.16
-9.95  0.04
-9.94  0.24
-9.93  0.04
-9.92  0.2
-9.91  0.16
-9.9  0.24
-9.89  0.16
-9.88  0
-9.87  0.24
-9.86  0.12
-9.85  0.12
-9.84  0.12
-9.83  0.16
-9.82  0.08
-9.81  0.16
-9.8  0.12
-9.79  0.2
-9.78  0.08
-9.77  0.2
-9.76  0.12
-9.75  0.2
-9.74  0.12
-9.73  0.08
-9.72  0.16
-9.71  0.2
-9.7  0.08
-9.69  0.2
-9.68  0.12
-9.67  0.12
-9.66  0.16
-9.65  0.12
-9.64  0.12
-9.63  0.16
-9.62  0.16
-9.61  0.12
-9.6  0.2
-9.59  0
-9.58  0.24
-9.57  0.08
-9.56  0.12
-9.55  0.12
-9.54  0.16
-9.53  0.12
-9.52  0.16
-9.51  0.12
-9.5  0.2
-9.49  0.12
-9.48  0.28
-9.47  0.04
-9.46  0.12
-9.45  0.04
-9.44  0.28
-9.43  0.24
-9.42  0.08
-9.41  0.04
-9.4  0.2
-9.39  0.08
-9.38  0.12
-9.37  0.2
-9.36  0.12
-9.35  0.16
-9.34  0.08
-9.33  0.16
-9.32  0.16
-9.31  0.16
-9.3  0.12
-9.29  0.2
-9.28  0.12
-9.27  0.08
-9.26  0.12
-9.25  0.12
-9.24  0.24
-9.23  0.04
-9.22  0.2
-9.21  0.16
-9.2  0.16
-9.19  0.04
-9.18  0.12
-9.17  0.12
-9.16  0.08
-9.15  0.12
-9.14  0.24
-9.13  0.12
-9.12  0.24
-9.11  0
-9.1  0.36
-9.09  0.12
-9.08  0.2
-9.07  0.24
-9.06  0.08
-9.05  0.04
-9.04  0.16
-9.03  0.04
-9.02  0.2
-9.01  0.08
-9  0.12
-8.99  0.12
-8.98  0.2
-8.97  0.2
-8.96  0.04
-8.95  0.08
-8.94  0.2
-8.93  0.08
-8.92  0.12
-8.91  0.16
-8.9  0.16
-8.89  0.2
-8.88  0.04
-8.87  0.24
-8.86  0.16
-8.85  0.12
-8.84  0.16
-8.83  0.12
-8.82  0.16
-8.81  0.04
-8.8  0.32
-8.79  0.08
-8.78  0.16
-8.77  0.12
-8.76  0.2
-8.75  0.04
-8.74  0.2
-8.73  0.08
-8.72  0.12
-8.71  0.16
-8.7  0.12
-8.69  0.12
-8.68  0.24
-8.67  0.08
-8.66  0.12
-8.65  0.08
-8.64  0.2
-8.63  0.12
-8.62  0.16
-8.61  0.24
-8.6  0.04
-8.59  0.16
-8.58  0.08
-8.57  0.24
-8.56  0.04
-8.55  0.24
-8.54  0.08
-8.53  0.16
-8.52  0.12
-8.51  0.12
-8.5  0.04
-8.49  0.24
-8.48  0.16
-8.47  0.12
-8.46  0.24
-8.45  0.04
-8.44  0.2
-8.43  0.04
-8.42  0.2
-8.41  0.2
-8.4  0.12
-8.39  0.12
-8.38  0.16
-8.37  0.2
-8.36  0.12
-8.35  0.04
-8.34  0.12
-8.33  0.08
-8.32  0.24
-8.31  0.2
-8.3  0.12
-8.29  0.04
-8.28  0.2
-8.27  0.16
-8.26  0.16
-8.25  0.16
-8.24  0.04
-8.23  0.2
-8.22  0.04
-8.21  0.2
-8.2  0.12
-8.19  0.16
-8.18  0.12
-8.17  0.04
-8.16  0.16
-8.15  0.24
-8.14  0.12
-8.13  0.2
-8.12  0.2
-8.11  0.12
-8.1  0.08
-8.09  0.16
-8.08  0.16
-8.07  0.12
-8.06  0.16
-8.05  0.08
-8.04  0
-8.03  0.28
-8.02  0.08
-8.01  0.24
-8  0.16
-7.99  0.2
-7.98  0.08
-7.97  0.16
-7.96  0.08
-7.95  0.2
-7.94  0.12
-7.93  0.08
-7.92  0.16
-7.91  0.16
-7.9  0.2
-7.89  0
-7.88  0.16
-7.87  0.16
-7.86  0.04
-7.85  0.24
-7.84  0.08
-7.83  0.16
-7.82  0.12
-7.81  0.16
-7.8  0.16
-7.79  0.12
-7.78  0.12
-7.77  0.16
-7.76  0.08
-7.75  0.28
-7.74  0.16
-7.73  0.12
-7.72  0.2
-7.71  0.08
-7.7  0.24
-7.69  0.16
-7.68  0
-7.67  0.24
-7.66  0.04
-7.65  0.12
-7.64  0.12
-7.63  0.12
-7.62  0.16
-7.61  0.2
-7.6  0.12
-7.59  0.16
-7.58  0.12
-7.57  0.04
-7.56  0.12
-7.55  0.24
-7.54  0.16
-7.53  0.12
-7.52  0.04
-7.51  0.28
-7.5  0.16
-7.49  0
-7.48  0.16
-7.47  0.12
-7.46  0.12
-7.45  0.28
-7.44  0.12
-7.43  0.16
-7.42  0.08
-7.41  0.12
-7.4  0.08
-7.39  0.2
-7.38  0.16
-7.37  0.08
-7.36  0.2
-7.35  0.2
-7.34  0.16
-7.33  0.12
-7.32  0.2
-7.31  0.08
-7.3  0.08
-7.29  0.16
-7.28  0.16
-7.27  0.2
-7.26  0.12
-7.25  0.12
-7.24  0.12
-7.23  0.12
-7.22  0.12
-7.21  0.12
-7.2  0.08
-7.19  0.16
-7.18  0.16
-7.17  0.2
-7.16  0.08
-7.15  0.12
-7.14  0.12
-7.13  0.16
-7.12  0.2
-7.11  0.16
-7.1  0.12
-7.09  0.16
-7.08  0.04
-7.07  0.2
-7.06  0.28
-7.05  0.04
-7.04  0.12
-7.03  0.16
-7.02  0.12
-7.01  0.12
-7  0.16
-6.99  0.16
-6.98  0.04
-6.97  0.28
-6.96  0.2
-6.95  0.04
-6.94  0.08
-6.93  0.12
-6.92  0.12
-6.91  0.16
-6.9  0.2
-6.89  0.16
-6.88  0.08
-6.87  0.28
-6.86  0.04
-6.85  0.2
-6.84  0.16
-6.83  0.08
-6.82  0.2
-6.81  0.08
-6.8  0.08
-6.79  0.12
-6.78  0.24
-6.77  0.04
-6.76  0.24
-6.75  0.08
-6.74  0.16
-6.73  0.08
-6.72  0.16
-6.71  0.16
-6.7  0.04
-6.69  0.16
-6.68  0.2
-6.67  0.12
-6.66  0.16
-6.65  0.12
-6.64  0.04
-6.63  0.2
-6.62  0.16
-6.61  0.2
-6.6  0.2
-6.59  0.24
-6.58  0.12
-6.57  0.08
-6.56  0.12
-6.55  0.24
-6.54  0.12
-6.53  0.12
-6.52  0.16
-6.51  0.04
-6.5  0.16
-6.49  0.16
-6.48  0.04
-6.47  0.08
-6.46  0.16
-6.45  0.16
-6.44  0.12
-6.43  0.12
-6.42  0.08
-6.41  0.08
-6.4  0.24
-6.39  0.2
-6.38  0.16
-6.37  0.12
-6.36  0.16
-6.35  0.12
-6.34  0.24
-6.33  0.24
-6.32  0.04
-6.31  0.08
-6.3  0.12
-6.29  0.16
-6.28  0.08
-6.27  0.24
-6.26  0.12
-6.25  0.08
-6.24  0.12
-6.23  0.08
-6.22  0.24
-6.21  0.2
-6.2  0.12
-6.19  0.24
-6.18  0.08
-6.17  0.24
-6.16  0
-6.15  0.16
-6.14  0.08
-6.13  0.08
-6.12  0.08
-6.11  0.36
-6.1  0.12
-6.09  0
-6.08  0.2
-6.07  0.28
-6.06  0.04
-6.05  0.12
-6.04  0.08
-6.03  0.2
-6.02  0.04
-6.01  0.16
-6  0.12
-5.99  0.16
-5.98  0.16
-5.97  0
-5.96  0.24
-5.95  0.2
-5.94  0.12
-5.93  0.16
-5.92  0.24
-5.91  0.08
-5.9  0.04
-5.89  0.16
-5.88  0.28
-5.87  0.12
-5.86  0.04
-5.85  0.2
-5.84  0.16
-5.83  0.16
-5.82  0.12
-5.81  0.12
-5.8  0.16
-5.79  0.16
-5.78  0.2
-5.77  0.08
-5.76  0.08
-5.75  0.12
-5.74  0.04
-5.73  0.2
-5.72  0.28
-5.71  0.12
-5.7  0.08
-5.69  0.12
-5.68  0.04
-5.67  0.08
-5.66  0.32
-5.65  0.08
-5.64  0.12
-5.63  0.08
-5.62  0.16
-5.61  0.24
-5.6  0.16
-5.59  0.16
-5.58  0.12
-5.57  0.28
-5.56  0.08
-5.55  0.08
-5.54  0.2
-5.53  0.04
-5.52  0.08
-5.51  0.16
-5.5  0.12
-5.49  0.12
-5.48  0.16
-5.47  0.12
-5.46  0.16
-5.45  0.2
-5.44  0.12
-5.43  0.28
-5.42  0.12
-5.41  0.08
-5.4  0.12
-5.39  0.16
-5.38  0.12
-5.37  0.12
-5.36  0.2
-5.35  0.16
-5.34  0.16
-5.33  0.08
-5.32  0.12
-5.31  0.08
-5.3  0.12
-5.29  0.2
-5.28  0.04
-5.27  0.24
-5.26  0.16
-5.25  0.12
-5.24  0.12
-5.23  0.16
-5.22  0.16
-5.21  0.12
-5.2  0.16
-5.19  0.12
-5.18  0.08
-5.17  0.08
-5.16  0.12
-5.15  0.2
-5.14  0.04
-5.13  0.16
-5.12  0.28
-5.11  0.16
-5.1  0.16
-5.09  0.16
-5.08  0.12
-5.07  0.12
-5.06  0.16
-5.05  0.12
-5.04  0.16
-5.03  0.2
-5.02  0.12
-5.01  0.12
-5  0.2
-4.99  0.12
-4.98  0.08
-4.97  0.24
-4.96  0.16
-4.95  0.08
-4.94  0.08
-4.93  0.08
-4.92  0.16
-4.91  0
-4.9  0.2
-4.89  0.2
-4.88  0.04
-4.87  0.2
-4.86  0.12
-4.85  0.28
-4.84  0.12
-4.83  0.08
-4.82  0.2
-4.81  0.2
-4.8  0.12
-4.79  0
-4.78  0.12
-4.77  0.2
-4.76  0.2
-4.75  0.08
-4.74  0.12
-4.73  0.12
-4.72  0.16
-4.71  0.12
-4.7  0.08
-4.69  0.16
-4.68  0.08
-4.67  0.28
-4.66  0.24
-4.65  0.2
-4.64  0.12
-4.63  0.08
-4.62  0.12
-4.61  0.08
-4.6  0.28
-4.59  0.16
-4.58  0.16
-4.57  0.08
-4.56  0.04
-4.55  0.12
-4.54  0.08
-4.53  0.24
-4.52  0.12
-4.51  0.08
-4.5  0.12
-4.49  0.16
-4.48  0.08
-4.47  0.12
-4.46  0.28
-4.45  0.08
-4.44  0.2
-4.43  0.12
-4.42  0.12
-4.41  0.12
-4.4  0.04
-4.39  0.24
-4.38  0.16
-4.37  0.2
-4.36  0.04
-4.35  0.36
-4.34  0.12
-4.33  0.08
-4.32  0.12
-4.31  0.16
-4.3  0
-4.29  0.12
-4.28  0.24
-4.27  0.24
-4.26  0
-4.25  0.08
-4.24  0.08
-4.23  0.28
-4.22  0.16
-4.21  0.12
-4.2  0.04
-4.19  0.16
-4.18  0.28
-4.17  0.12
-4.16  0.16
-4.15  0.12
-4.14  0.04
-4.13  0.08
-4.12  0.24
-4.11  0.16
-4.1  0.2
-4.09  0.16
-4.08  0.16
-4.07  0.12
-4.06  0.04
-4.05  0.12
-4.04  0.24
-4.03  0.08
-4.02  0.16
-4.01  0.04
-4  0.24
-3.99  0.08
-3.98  0.12
-3.97  0.24
-3.96  0.12
-3.95  0.04
-3.94  0.08
-3.93  0.16
-3.92  0.2
-3.91  0.12
-3.9  0.08
-3.89  0.08
-3.88  0.32
-3.87  0.16
-3.86  0.2
-3.85  0.08
-3.84  0.12
-3.83  0.16
-3.82  0.12
-3.81  0.32
-3.8  0.16
-3.79  0.08
-3.78  0.04
-3.77  0.16
-3.76  0.2
-3.75  0.04
-3.74  0.08
-3.73  0.2
-3.72  0.12
-3.71  0.2
-3.7  0.04
-3.69  0.24
-3.68  0.12
-3.67  0.04
-3.66  0.16
-3.65  0.12
-3.64  0.12
-3.63  0.12
-3.62  0.2
-3.61  0.2
-3.6  0.12
-3.59  0.16
-3.58  0.12
-3.57  0.08
-3.56  0.2
-3.55  0.12
-3.54  0.24
-3.53  0.12
-3.52  0.04
-3.51  0.12
-3.5  0.16
-3.49  0.16
-3.48  0.04
-3.47  0.16
-3.46  0.2
-3.45  0.2
-3.44  0.04
-3.43  0.16
-3.42  0.2
-3.41  0.16
-3.4  0.16
-3.39  0.12
-3.38  0.12
-3.37  0.28
-3.36  0.12
-3.35  0.08
-3.34  0.08
-3.33  0.12
-3.32  0.16
-3.31  0.08
-3.3  0.16
-3.29  0.2
-3.28  0.08
-3.27  0.2
-3.26  0.16
-3.25  0.2
-3.24  0.16
-3.23  0.08
-3.22  0.08
-3.21  0.12
-3.2  0.2
-3.19  0.12
-3.18  0.08
-3.17  0.12
-3.16  0.04
-3.15  0.16
-3.14  0.16
-3.13  0.08
-3.12  0.04
-3.11  0.24
-3.1  0.2
-3.09  0.24
-3.08  0.12
-3.07  0.16
-3.06  0.24
-3.05  0.12
-3.04  0.08
-3.03  0.12
-3.02  0.2
-3.01  0.16
-3  0.16
-2.99  0.16
-2.98  0.08
-2.97  0.24
-2.96  0.08
-2.95  0.04
-2.94  0.12
-2.93  0.12
-2.92  0.16
-2.91  0.28
-2.9  0.08
-2.89  0.08
-2.88  0.16
-2.87  0.08
-2.86  0.16
-2.85  0.08
-2.84  0.2
-2.83  0.04
-2.82  0.12
-2.81  0.08
-2.8  0.2
-2.79  0.2
-2.78  0.24
-2.77  0.08
-2.76  0.16
-2.75  0.2
-2.74  0.08
-2.73  0.24
-2.72  0.2
-2.71  0.04
-2.7  0.12
-2.69  0.16
-2.68  0.08
-2.67  0.08
-2.66  0.12
-2.65  0.16
-2.64  0.2
-2.63  0.04
-2.62  0.16
-2.61  0.32
-2.6  0.04
-2.59  0.12
-2.58  0.08
-2.57  0.24
-2.56  0.2
-2.55  0.04
-2.54  0.08
-2.53  0.28
-2.52  0.24
-2.51  0.04
-2.5  0.12
-2.49  0.12
-2.48  0.16
-2.47  0.08
-2.46  0.2
-2.45  0.16
-2.44  0.12
-2.43  0.12
-2.42  0
-2.41  0.2
-2.4  0.12
-2.39  0.16
-2.38  0.24
-2.37  0.2
-2.36  0.16
-2.35  0.08
-2.34  0.08
-2.33  0.2
-2.32  0.12
-2.31  0.04
-2.3  0.16
-2.29  0.08
-2.28  0.2
-2.27  0.16
-2.26  0.12
-2.25  0.12
-2.24  0.16
-2.23  0.08
-2.22  0.2
-2.21  0.16
-2.2  0.08
-2.19  0.16
-2.18  0.16
-2.17  0.08
-2.16  0.16
-2.15  0.24
-2.14  0.16
-2.13  0.16
-2.12  0.28
-2.11  0.12
-2.1  0.04
-2.09  0.08
-2.08  0.16
-2.07  0.2
-2.06  0.12
-2.05  0.04
-2.04  0.16
-2.03  0.2
-2.02  0.12
-2.01  0.08
-2  0.08
-1.99  0.12
-1.98  0.24
-1.97  0.12
-1.96  0
-1.95  0.24
-1.94  0.16
-1.93  0.12
-1.92  0.28
-1.91  0.12
-1.9  0.2
-1.89  0.04
-1.88  0.08
-1.87  0.16
-1.86  0.16
-1.85  0.12
-1.84  0.16
-1.83  0.04
-1.82  0.12
-1.81  0.16
-1.8  0.24
-1.79  0.04
-1.78  0.16
-1.77  0.16
-1.76  0.08
-1.75  0.12
-1.74  0.16
-1.73  0.12
-1.72  0.12
-1.71  0.16
-1.7  0.28
-1.69  0.2
-1.68  0.12
-1.67  0.2
-1.66  0.24
-1.65  0.08
-1.64  0
-1.63  0.12
-1.62  0.24
-1.61  0.16
-1.6  0.04
-1.59  0.12
-1.58  0.04
-1.57  0.24
-1.56  0.08
-1.55  0.12
-1.54  0.2
-1.53  0.2
-1.52  0.24
-1.51  0.04
-1.5  0.16
-1.49  0.12
-1.48  0.16
-1.47  0.08
-1.46  0.08
-1.45  0.04
-1.44  0.16
-1.43  0.12
-1.42  0.08
-1.41  0.2
-1.4  0.32
-1.39  0.12
-1.38  0.08
-1.37  0.16
-1.36  0.2
-1.35  0.08
-1.34  0.2
-1.33  0.04
-1.32  0.16
-1.31  0.24
-1.3  0.04
-1.29  0.2
-1.28  0.12
-1.27  0.2
-1.26  0.12
-1.25  0.12
-1.24  0.08
-1.23  0.16
-1.22  0.2
-1.21  0.16
-1.2  0.08
-1.19  0.2
-1.18  0.08
-1.17  0.16
-1.16  0.2
-1.15  0.12
-1.14  0.2
-1.13  0
-1.12  0.12
-1.11  0.16
-1.1  0.2
-1.09  0
-1.08  0.12
-1.07  0.24
-1.06  0.28
-1.05  0.08
-1.04  0
-1.03  0.28
-1.02  0.08
-1.01  0.2
-1  0.08
-0.99  0.04
-0.98  0.08
-0.97  0.16
-0.96  0.2
-0.95  0.28
-0.94  0.08
-0.93  0.12
-0.92  0.12
-0.91  0.08
-0.9  0.04
-0.89  0.12
-0.88  0.32
-0.87  0.16
-0.86  0.08
-0.85  0.16
-0.84  0.24
-0.83  0.16
-0.82  0.12
-0.81  0.12
-0.8  0.08
-0.79  0.24
-0.78  0.16
-0.77  0.16
-0.76  0.08
-0.75  0.24
-0.74  0.12
-0.73  0.12
-0.72  0.04
-0.71  0.12
-0.7  0.16
-0.69  0.12
-0.68  0.12
-0.67  0
-0.66  0.2
-0.65  0.12
-0.64  0.12
-0.63  0.16
-0.62  0.28
-0.61  0.2
-0.6  0.04
-0.59  0.24
-0.58  0.12
-0.57  0.16
-0.56  0.12
-0.55  0.12
-0.54  0.24
-0.53  0.04
-0.52  0.12
-0.51  0.04
-0.5  0.08
-0.49  0.2
-0.48  0.24
-0.47  0.04
-0.46  0.04
-0.45  0.2
-0.44  0.16
-0.43  0.16
-0.42  0.12
-0.41  0.04
-0.4  0.24
-0.39  0.2
-0.38  0.16
-0.37  0.28
-0.36  0.16
-0.35  0.08
-0.34  0.12
-0.33  0.16
-0.32  0.08
-0.31  0.04
-0.3  0.16
-0.29  0.2
-0.28  0.2
-0.27  0.08
-0.26  0.16
-0.25  0.2
-0.24  0.12
-0.23  0.16
-0.22  0.04
-0.21  0.2
-0.2  0.16
-0.19  0.12
-0.18  0.2
-0.17  0.08
-0.16  0.12
-0.15  0.08
-0.14  0.08
-0.13  0.28
-0.12  0.04
-0.11  0.28
-0.1  0.04
-0.09  0.04
-0.08  0.08
-0.07  0.08
-0.06  0.24
-0.05  0.16
-0.04  0.08
-0.03  0.16
-0.02  0.28
-0.01  0.16
-2.16197e-11  0.08
0.0001  0
0.0101  0.08
0.0201  0.08
0.0301  0.2
0.0401  0.12
0.0501  0.2
0.0601  0.16
0.0701  0.2
0.0801  0.26
0.0901  0.14
0.1001  0.13
0.1101  0.07
0.1201  0.08
0.1301  0.26
0.1401  0.06
0.1501  0.18
0.1601  0.22
0.1701  0.22
0.1801  0.14
0.1901  0.11
0.2001  0.11
0.2101  0.25
0.2201  0.12
0.2301  0.11
0.2401  0.18
0.2501  0.18
0.2601  0.17
0.2701  0.34
0.2801  0.24
0.2901  0.15
0.3001  0.24
0.3101  0.36
0.3201  0.35
0.3301  0.16
0.3401  0.26
0.3501  0.25
0.3601  0.21
0.3701  0.3
0.3801  0.38
0.3901  0.45
0.4001  0.3
0.4101  0.46
0.4201  0.44
0.4301  0.44
0.4401  0.42
0.4501  0.5
0.4601  0.45
0.4701  0.55
0.4801  0.43
0.4901  0.57
0.5001  0.62
0.5101  0.57
0.5201  0.48
0.5301  0.65
0.5401  0.76
0.5501  0.91
0.5601  0.79
0.5701  0.81
0.5801  0.76
0.5901  0.77
0.6001  0.94
0.6101  0.81
0.6201  1.05
0.6301  0.86
0.6401  1.04
0.6501  0.96
0.6601  0.98
0.6701  1.23
0.6801  1.3
0.6901  1.33
0.7001  1.47
0.7101  1.67
0.7201  1.7
0.7301  1.67
0.7401  1.91
0.7501  1.82
0.7601  2.12
0.7701  2.27
0.7801  2.23
0.7901  2.88
0.8001  2.21
0.8101  3
0.8201  2.62
0.8301  2.84
0.8401  3.21
0.8501  3.89
0.8601  3.57
0.8701  3.86
0.8801  3.9
0.8901  4.26
0.9001  4.37
0.9101  3.94
0.9201  3.72
0.9301  4.16
0.9401  3.88
0.9501  3.63
0.9601  3.47
0.9701  3.07
0.9801  2.58
0.9901  2.21
1.0001  2.15
1.0101  1.82
1.0201  1.84
1.0301  1.72
1.0401  1.56
1.0501  1.44
1.0601  1.31
1.0701  1.37
1.0801  1.18
1.0901  1.47
1.1001  1.38
1.1101  1.41
1.1201  1.14
1.1301  1.33
1.1401  1.11
1.1501  1.17
1.1601  1.13
1.1701  1.16
1.1801  1.17
1.1901  1.09
1.2001  1.1
1.2101  1.14
1.2201  1.24
1.2301  1.06
1.2401  1.13
1.2501  1.1
1.2601  1.16
1.2701  1.11
1.2801  1.14
1.2901  1.18
1.3001  1.27
1.3101  1.14
1.3201  1.04
1.3301  1.18
1.3401  1.11
1.3501  0.93
1.3601  1.17
1.3701  1.41
1.3801  1.42
1.3901  1.31
1.4001  1.19
1.4101  1.19
1.4201  1.62
1.4301  1.69
1.4401  1.56
1.4501  1.39
1.4601  1.64
1.4701  1.85
1.4801  1.55
1.4901  1.81
1.5001  1.65
1.5101  2.04
1.5201  1.82
1.5301  2.15
1.5401  2.12
1.5501  2.38
1.5601  2.24
1.5701  2.32
1.5801  2.43
1.5901  2.56
1.6001  2.65
1.6101  2.75
1.6201  3.59
1.6301  3.19
1.6401  3.11
1.6501  3.09
1.6601  3.33
1.6701  3.59
1.6801  3.4
1.6901  3.45
1.7001  3.39
1.7101  3.23
1.7201  3.24
1.7301  3.05
1.7401  3.16
1.7501  2.67
1.7601  2.8
1.7701  2.44
1.7801  2.22
1.7901  2.23
1.8001  2.14
1.8101  1.77
1.8201  1.92
1.8301  1.72
1.8401  1.89
1.8501  1.85
1.8601  1.6
1.8701  1.76
1.8801  1.69
1.8901  1.54
1.9001  1.58
1.9101  1.58
1.9201  1.62
1.9301  1.38
1.9401  1.32
1.9501  1.56
1.9601  1.39
1.9701  1.46
1.9801  1.23
1.9901  1.32
2.0001  1.45
2.0101  1.31
2.0201  1.2
2.0301  1.37
2.0401  1.18
2.0501  1.39
2.0601  1.3
2.0701  1.38
2.0801  1.21
2.0901  1.42
2.1001  1.51
2.1101  1.44
2.1201  1.66
2.1301  1.33
2.1401  1.71
2.1501  1.64
2.1601  1.44
2.1701  1.76
2.1801  1.84
2.1901  1.66
2.2001  1.81
2.2101  1.65
2.2201  1.87
2.2301  2.03
2.2401  1.99
2.2501  1.77
2.2601  2.33
2.2701  2.18
2.2801  2.62
2.2901  2.25
2.3001  2.26
2.3101  2.43
2.3201  2.64
2.3301  2.78
2.3401  2.92
2.3501  2.92
2.3601  2.92
2.3701  2.95
2.3801  3.14
2.3901  3
2.4001  3.26
2.4101  2.99
2.4201  3.02
2.4301  2.89
2.4401  2.89
2.4501  2.73
2.4601  2.75
2.4701  2.63
2.4801  2.43
2.4901  2.63
2.5001  2.56
2.5101  2.17
2.5201  2.31
2.5301  2.17
2.5401  2.18
2.5501  1.97
2.5601  1.91
2.5701  2.2
2.5801  2.01
2.5901  1.98
2.6001  1.64
2.6101  1.69
2.6201  1.7
2.6301  1.68
2.6401  1.54
2.6501  1.63
2.6601  1.59
2.6701  1.49
2.6801  1.4
2.6901  1.55
2.7001  1.77
2.7101  1.55
2.7201  1.37
2.7301  1.56
2.7401  1.41
2.7501  1.32
2.7601  1.59
2.7701  1.69
2.7801  1.66
2.7901  1.38
2.8001  1.66
2.8101  1.48
2.8201  1.55
2.8301  1.52
2.8401  1.87
2.8501  1.68
2.8601  1.73
2.8701  1.57
2.8801  1.73
2.8901  1.82
2.9001  1.98
2.9101  1.9
2.9201  1.78
2.9301  1.85
2.9401  2.11
2.9501  2.2
2.9601  2.37
2.9701  2.11
2.9801  2.22
2.9901  2.18
3.0001  2.36
3.0101  2.28
3.0201  2.47
3.0301  2.59
3.0401  2.85
3.0501  2.8
3.0601  2.42
3.0701  2.82
3.0801  2.57
3.0901  2.8
3.1001  2.84
3.1101  3.12
3.1201  2.64
3.1301  2.7
3.1401  2.81
3.1501  2.87
3.1601  2.81
3.1701  2.33
3.1801  2.62
3.1901  2.37
3.2001  2.61
3.2101  2.44
3.2201  2.32
3.2301  2.24
3.2401  1.86
3.2501  2.14
3.2601  2.02
3.2701  2.23
3.2801  1.85
3.2901  2
3.3001  1.88
3.3101  1.92
3.3201  1.7
3.3301  1.76
3.3401  1.78
3.3501  1.81
3.3601  1.41
3.3701  1.87
3.3801  1.78
3.3901  1.75
3.4001  1.66
3.4101  1.59
3.4201  1.52
3.4301  1.64
3.4401  1.59
3.4501  1.85
3.4601  1.67
3.4701  1.53
3.4801  1.77
3.4901  1.84
3.5001  1.58
3.5101  1.61
3.5201  1.58
3.5301  1.45
3.5401  1.82
3.5501  1.52
3.5601  1.84
3.5701  1.88
3.5801  1.86
3.5901  1.81
3.6001  2
3.6101  1.74
3.6201  1.97
3.6301  2.29
3.6401  2.17
3.6501  2.27
3.6601  2.21
3.6701  1.98
3.6801  2.2
3.6901  2.31
3.7001  2.66
3.7101  2
3.7201  2.36
3.7301  2.3
3.7401  2.72
3.7501  2.75
3.7601  2.21
3.7701  2.84
3.7801  2.44
3.7901  2.9
3.8001  2.33
3.8101  2.73
3.8201  2.37
3.8301  2.63
3.8401  2.63
3.8501  2.56
3.8601  2.44
3.8701  2.61
3.8801  2.59
3.8901  2.27
3.9001  2.39
3.9101  2.36
3.9201  2.31
3.9301  2.39
3.9401  2.23
3.9501  2.13
3.9601  2.26
3.9701  2.12
3.9801  2.04
3.9901  1.87
4.0001  1.79
4.0101  2.12
4.0201  1.9
4.0301  1.81
4.0401  1.62
4.0501  1.92
4.0601  1.91
4.0701  1.72
4.0801  1.64
4.0901  1.79
4.1001  1.94
4.1101  1.65
4.1201  1.93
4.1301  1.82
4.1401  2.02
4.1501  1.67
4.1601  1.68
4.1701  1.8
4.1801  1.7
4.1901  1.93
4.2001  1.72
4.2101  1.94
4.2201  1.65
4.2301  1.89
4.2401  1.62
4.2501  1.8
4.2601  1.79
4.2701  1.84
4.2801  2.01
4.2901  1.68
4.3001  2.14
4.3101  2.14
4.3201  1.83
4.3301  2.09
4.3401  2.02
4.3501  2.27
4.3601  2.09
4.3701  2.22
4.3801  2.4
4.3901  2.02
4.4001  2.65
4.4101  2.3
4.4201  2.35
4.4301  2.44
4.4401  2.29
4.4501  2.19
4.4601  2.42
4.4701  2.49
4.4801  2.52
4.4901  2.22
4.5001  2.42
4.5101  2.52
4.5201  2.29
4.5301  2.61
4.5401  2.46
4.5501  2.38
4.5601  2.51
4.5701  2.66
4.5801  2.54
4.5901  2.48
4.6001  2.32
4.6101  2.35
4.6201  2.25
4.6301  2.23
4.6401  2.1
4.6501  2.15
4.6601  1.92
4.6701  2.14
4.6801  2.03
4.6901  2.03
4.7001  2.23
4.7101  1.92
4.7201  1.89
4.7301  1.88
4.7401  1.89
4.7501  2.09
4.7601  2.13
4.7701  1.92
4.7801  2.02
4.7901  1.89
4.8001  1.81
4.8101  1.69
4.8201  1.83
4.8301  1.7
4.8401  1.6
4.8501  1.96
4.8601  1.84
4.8701  1.9
4.8801  2.06
4.8901  1.71
4.9001  1.87
4.9101  1.64
4.9201  1.82
4.9301  1.93
4.9401  1.92
4.9501  1.88
4.9601  1.76
4.9701  2.15
4.9801  1.89
4.9901  2.01
5.0001  1.93
5.0101  2.17
5.0201  2.19
5.0301  2.04
5.0401  2.18
5.0501  2.17
5.0601  2.17
5.0701  2.04
5.0801  2.11
5.0901  1.97
5.1001  2.43
5.1101  2.31
5.1201  2.13
5.1301  2.42
5.1401  2.32
5.1501  2.38
5.1601  2.48
5.1701  2.72
5.1801  2.26
5.1901  2.23
5.2001  2.7
5.2101  2.48
5.2201  2.52
5.2301  2.24
5.2401  2.23
5.2501  2.37
5.2601  2.69
5.2701  2.55
5.2801  2.08
5.2901  2.12
5.3001  2.29
5.3101  2.35
5.3201  2.12
5.3301  2.08
5.3401  2.3
5.3501  1.87
5.3601  2.14
5.3701  2.37
5.3801  2
5.3901  1.98
5.4001  2.2
5.4101  1.83
5.4201  1.94
5.4301  1.94
5.4401  1.75
5.4501  2.07
5.4601  2.11
5.4701  2.18
5.4801  2.01
5.4901  1.94
5.5001  2.19
5.5101  1.94
5.5201  2.18
5.5301  1.65
5.5401  1.76
5.5501  1.6
5.5601  1.89
5.5701  1.86
5.5801  1.93
5.5901  1.84
5.6001  1.77
5.6101  2.07
5.6201  1.95
5.6301  2.08
5.6401  2.09
5.6501  2.05
5.6601  1.71
5.6701  1.98
5.6801  1.83
5.6901  2.26
5.7001  1.84
5.7101  1.96
5.7201  2.09
5.7301  1.95
5.7401  2.12
5.7501  2.04
5.7601  2.43
5.7701  2.31
5.7801  2.28
5.7901  2.13
5.8001  2.32
5.8101  2.06
5.8201  2.45
5.8301  2.11
5.8401  2.23
5.8501  2.16
5.8601  2.52
5.8701  2.43
5.8801  2.17
5.8901  2.24
5.9001  2.53
5.9101  2.59
5.9201  2.21
5.9301  2.2
5.9401  2.5
5.9501  2.22
5.9601  2.4
5.9701  2.48
5.9801  2.34
5.9901  2.11
6.0001  2.24
6.0101  2.21
6.0201  2.41
6.0301  2.05
6.0401  2.16
6.0501  2.1
6.0601  2.2
6.0701  2.17
6.0801  2.11
6.0901  2
6.1001  2.31
6.1101  1.8
6.1201  2.16
6.1301  2.05
6.1401  2.08
6.1501  1.68
6.1601  1.75
6.1701  2.17
6.1801  1.81
6.1901  1.94
6.2001  1.86
6.2101  1.98
6.2201  1.98
6.2301  2.02
6.2401  1.96
6.2501  1.87
6.2601  2.16
6.2701  1.92
6.2801  1.73
6.2901  1.91
6.3001  1.9
6.3101  1.73
6.3201  2.01
6.3301  1.85
6.3401  1.94
6.3501  1.91
6.3601  2.03
6.3701  2.01
6.3801  1.91
6.3901  2.4
6.4001  1.99
6.4101  2
6.4201  2.15
6.4301  2.22
6.4401  1.89
6.4501  2.02
6.4601  2.36
6.4701  2.31
6.4801  2.36
6.4901  2.15
6.5001  2.17
6.5101  2.16
6.5201  2.11
6.5301  2.43
6.5401  2.01
6.5501  2.64
6.5601  2.26
6.5701  1.97
6.5801  2.35
6.5901  2.47
6.6001  2.37
6.6101  2.39
6.6201  2.34
6.6301  2.21
6.6401  2.16
6.6501  2.25
6.6601  2.17
6.6701  2.18
6.6801  2.22
6.6901  2.3
6.7001  2.07
6.7101  2.19
6.7201  2.6
6.7301  2.28
6.7401  2.16
6.7501  2.12
6.7601  2.25
6.7701  2.38
6.7801  2.04
6.7901  2.02
6.8001  1.99
6.8101  1.98
6.8201  1.87
6.8301  2.07
6.8401  2.02
6.8501  1.94
6.8601  1.85
6.8701  2.17
6.8801  2
6.8901  2.08
6.9001  1.87
6.9101  1.94
6.9201  2.05
6.9301  2.05
6.9401  2.1
6.9501  1.88
6.9601  2.18
6.9701  2.17
6.9801  1.95
6.9901  1.64
7.0001  1.77
7.0101  1.98
7.0201  2.1
7.0301  2.07
7.0401  1.96
7.0501  2.05
7.0601  1.92
7.0701  2.13
7.0801  1.91
7.0901  2.03
7.1001  2.25
7.1101  2.08
7.1201  2.23
7.1301  2.29
7.1401  2.07
7.1501  2.47
7.1601  1.99
7.1701  2.17
7.1801  1.99
7.1901  2.13
7.2001  2.13
7.2101  2.17
7.2201  2.14
7.2301  2.15
7.2401  1.89
7.2501  2.24
7.2601  2.23
7.2701  2.28
7.2801  2.28
7.2901  2.38
7.3001  2.35
7.3101  2.24
7.3201  2.47
7.3301  2.3
7.3401  2.36
7.3501  2.25
7.3601  2.18
7.3701  2.07
7.3801  2.34
7.3901  2.06
7.4001  2.03
7.4101  2.33
7.4201  2.1
7.4301  2.16
7.4401  2.04
7.4501  2.06
7.4601  2.32
7.4701  2.23
7.4801  2.47
7.4901  2.1
7.5001  2.1
7.5101  2.26
7.5201  2.03
7.5301  2.1
7.5401  1.97
7.5501  1.8
7.5601  1.93
7.5701  2.3
7.5801  1.95
7.5901  2.01
7.6001  1.82
7.6101  2.18
7.6201  2.06
7.6301  1.88
7.6401  1.76
7.6501  1.89
7.6601  1.84
7.6701  2.24
7.6801  2
7.6901  1.89
7.7001  2.03
7.7101  1.97
7.7201  2.13
7.7301  2.25
7.7401  2.2
7.7501  2.05
7.7601  1.96
7.7701  1.95
7.7801  2.16
7.7901  1.92
7.8001  2.02
7.8101  1.84
7.8201  1.96
7.8301  2.34
7.8401  2.19
7.8501  2.1
7.8601  2.12
7.8701  2.1
7.8801  2.06
7.8901  2.18
7.9001  2
7.9101  2.62
7.9201  2.09
7.9301  2.29
7.9401  2.29
7.9501  2.14
7.9601  2.03
7.9701  2.19
7.9801  2.21
7.9901  2.2
8.0001  2.26
8.0101  2.5
8.0201  2.18
8.0301  2.12
8.0401  2.3
8.0501  2.29
8.0601  2.23
8.0701  2.28
8.0801  2.33
8.0901  2.12
8.1001  1.92
8.1101  2.12
8.1201  2.29
8.1301  2.15
8.1401  2.21
8.1501  2.14
8.1601  2.08
8.1701  2.08
8.1801  2.11
8.1901  2.07
8.2001  1.95
8.2101  2.15
8.2201  2.16
8.2301  2.4
8.2401  1.92
8.2501  1.93
8.2601  1.91
8.2701  1.95
8.2801  2.12
8.2901  2.08
8.3001  2.1
8.3101  1.87
8.3201  2
8.3301  1.99
8.3401  1.99
8.3501  2.23
8.3601  1.97
8.3701  2.08
8.3801  2.05
8.3901  2
8.4001  1.97
8.4101  2.18
8.4201  2.12
8.4301  2.23
8.4401  1.69
8.4501  1.77
8.4601  1.67
8.4701  2.19
8.4801  2.21
8.4901  2.29
8.5001  2.46
8.5101  2.03
8.5201  1.88
8.5301  2.27
8.5401  2.04
8.5501  2.1
8.5601  2.21
8.5701  2.13
8.5801  1.98
8.5901  2.3
8.6001  2.26
8.6101  2.04
8.6201  2.31
8.6301  2.22
8.6401  2.28
8.6501  2.24
8.6601  2.09
8.6701  2.19
8.6801  2.06
8.6901  2.01
8.7001  2.15
8.7101  2.48
8.7201  2.13
8.7301  2.45
8.7401  2.23
8.7501  2.21
8.7601  2.27
8.7701  2.01
8.7801  2.29
8.7901  2.26
8.8001  2
8.8101  2.01
8.8201  2.21
8.8301  2.13
8.8401  2.27
8.8501  2.28
8.8601  2.28
8.8701  1.87
8.8801  2.12
8.8901  2.29
8.9001  1.96
8.9101  2.27
8.9201  1.88
8.9301  2.13
8.9401  2.23
8.9501  2.06
8.9601  1.9
8.9701  2.07
8.9801  1.99
8.9901  1.96
9.0001  1.99
9.0101  2.17
9.0201  2.2
9.0301  2.2
9.0401  1.82
9.0501  2.06
9.0601  1.99
9.0701  2.02
9.0801  2.01
9.0901  2.16
9.1001  1.68
9.1101  1.92
9.1201  2.01
9.1301  1.85
9.1401  2.15
9.1501  2.19
9.1601  2.09
9.1701  2.28
9.1801  1.93
9.1901  2.1
9.2001  2.11
9.2101  2.16
9.2201  2.15
9.2301  2.24
9.2401  2.09
9.2501  1.94
9.2601  2.45
9.2701  2.06
9.2801  2.1
9.2901  2.1
9.3001  1.95
9.3101  1.89
9.3201  2.24
9.3301  2.27
9.3401  2.37
9.3501  2.23
9.3601  2.13
9.3701  2.4
9.3801  2.45
9.3901  1.78
9.4001  2.16
9.4101  1.97
9.4201  2.29
9.4301  2.3
9.4401  2.27
9.4501  2.18
9.4601  2.3
9.4701  2.06
9.4801  2.25
9.4901  1.92
9.5001  1.86
9.5101  2.21
9.5201  2.22
9.5301  1.96
9.5401  1.98
9.5501  2.06
9.5601  2.01
9.5701  2.03
9.5801  2.09
9.5901  2.27
9.6001  2.16
9.6101  2.21
9.6201  2
9.6301  2.13
9.6401  1.92
9.6501  2.26
9.6601  2.14
9.6701  2.12
9.6801  1.86
9.6901  1.83
9.7001  2.08
9.7101  2.18
9.7201  2.3
9.7301  2.28
9.7401  1.83
9.7501  2.16
9.7601  1.88
9.7701  2.16
9.7801  2.01
9.7901  1.98
9.8001  2.09
9.8101  2.13
9.8201  2.05
9.8301  1.98
9.8401  1.79
9.8501  2.24
9.8601  2.31
9.8701  2.15
9.8801  1.9
9.8901  2.09
9.9001  2.17
9.9101  2.25
9.9201  2.16
9.9301  2.29
9.9401  2.15
9.9501  2.22
9.9601  1.97
9.9701  2.07
9.9801  2.06
9.9901  2.09
10.0001  1.73
10.0101  2.04
10.0201  2.11
10.0301  2.18
10.0401  2.32
10.0501  2.18
10.0601  2.42
10.0701  2.04
10.0801  2.13
10.0901  2.03
10.1001  1.91
10.1101  2.15
10.1201  2.14
10.1301  2.19
10.1401  2.13
10.1501  2.06
10.1601  2.3
10.1701  2.4
10.1801  2.23
10.1901  2.12
10.2001  2.18
10.2101  2.06
10.2201  2.03
10.2301  2.23
10.2401  2.16
10.2501  2.1
10.2601  1.85
10.2701  2.19
10.2801  2.22
10.2901  1.82
10.3001  2.04
10.3101  1.85
10.3201  2.2
10.3301  2.11
10.3401  2.14
10.3501  2.06
10.3601  2.23
10.3701  2.04
10.3801  2.09
10.3901  2.01
10.4001  2.08
10.4101  1.89
10.4201  2.05
10.4301  2.26
10.4401  1.85
10.4501  1.97
10.4601  2.21
10.4701  2.12
10.4801  1.93
10.4901  2.24
10.5001  1.94
10.5101  2.2
10.5201  1.95
10.5301  1.93
10.5401  2.13
10.5501  2.19
10.5601  2.32
10.5701  2.01
10.5801  1.82
10.5901  1.97
10.6001  2.24
10.6101  2.26
10.6201  2.24
10.6301  2.3
10.6401  2.18
10.6501  2.13
10.6601  2.49
10.6701  1.98
10.6801  2.16
10.6901  2.1
10.7001  2.24
10.7101  2.29
10.7201  2.18
10.7301  2.18
10.7401  2.04
10.7501  2.19
10.7601  1.94
10.7701  2.08
10.7801  1.97
10.7901  2.19
10.8001  2.08
10.8101  2.19
10.8201  2.02
10.8301  2.09
10.8401  2.12
10.8501  2.03
10.8601  1.9
10.8701  2.08
10.8801  2.22
10.8901  2.23
10.9001  2.11
10.9101  2.14
10.9201  2.03
10.9301  1.9
10.9401  2.22
10.9501  1.97
10.9601  2.11
10.9701  2.06
10.9801  2.16
10.9901  2.12
11.0001  2.01
11.0101  2.1
11.0201  2.15
11.0301  2.24
11.0401  2.2
11.0501  1.92
11.0601  1.96
11.0701  2.12
11.0801  1.81
11.0901  2.03
11.1001  2.31
11.1101  2.19
11.1201  2.22
11.1301  2.49
11.1401  1.92
11.1501  1.98
11.1601  2.04
11.1701  2.13
11.1801  2.11
11.1901  2.04
11.2001  2.03
11.2101  2.12
11.2201  1.97
11.2301  2.23
11.2401  2.43
11.2501  2.09
11.2601  2.33
11.2701  2.06
11.2801  2.08
11.2901  1.95
11.3001  2.05
11.3101  2.17
11.3201  1.96
11.3301  2.19
11.3401  2.08
11.3501  2.2
11.3601  2.06
11.3701  1.92
11.3801  2.31
11.3901  2.07
11.4001  2.07
11.4101  2.13
11.4201  2.14
11.4301  2.08
11.4401  2.2
11.4501  2.24
11.4601  2.16
11.4701  2.07
11.4801  2.04
11.4901  2.19
11.5001  1.97
11.5101  2.14
11.5201  1.81
11.5301  2.07
11.5401  2.02
11.5501  2.15
11.5601  1.75
11.5701  2.12
11.5801  2.21
11.5901  2.26
11.6001  2.35
11.6101  1.86
11.6201  2.11
11.6301  2.2
11.6401  2.03
11.6501  2.21
11.6601  1.92
11.6701  2.56
11.6801  2.07
11.6901  2.19
11.7001  1.93
11.7101  2.06
11.7201  1.86
11.7301  2.02
11.7401  2.14
11.7501  2.13
11.7601  2
11.7701  2.35
11.7801  2.24
11.7901  2.17
11.8001  2.07
11.8101  2.13
11.8201  2.28
11.8301  2.18
11.8401  2.08
11.8501  2.16
11.8601  2.03
11.8701  1.79
11.8801  2.13
11.8901  2.3
11.9001  2.02
11.9101  1.98
11.9201  2.18
11.9301  2.16
11.9401  2.26
11.9501  2.07
11.9601  1.82
11.9701  2.14
11.9801  1.84
11.9901  2.33
12.0001  2.16
12.0101  2.26
12.0201  1.9
12.0301  2.2
12.0401  2.16
12.0501  2.13
12.0601  1.97
12.0701  2.08
12.0801  1.94
12.0901  2.24
12.1001  2.14
12.1101  1.95
12.1201  2.01
12.1301  2.28
12.1401  2.28
12.1501  2.13
12.1601  2.16
12.1701  1.88
12.1801  1.72
12.1901  1.99
12.2001  2.29
12.2101  1.69
12.2201  2.07
12.2301  2.18
12.2401  2.12
12.2501  1.98
12.2601  2.27
12.2701  2.19
12.2801  2.23
12.2901  2.1
12.3001  2.18
12.3101  2.14
12.3201  2.04
12.3301  2.06
12.3401  2.21
12.3501  2.36
12.3601  1.99
12.3701  1.96
12.3801  2.26
12.3901  1.96
12.4001  2.17
12.4101  2.16
12.4201  2.19
12.4301  2.05
12.4401  2.19
12.4501  1.92
12.4601  2.23
12.4701  2.14
12.4801  2.14
12.4901  2.03
12.5001  2.33
12.5101  1.96
12.5201  2.28
12.5301  2.1
12.5401  2.34
12.5501  2.23
12.5601  2.15
12.5701  1.99
12.5801  2.04
12.5901  2.02
12.6001  2.09
12.6101  2.16
12.6201  2.16
12.6301  1.92
12.6401  2.12
12.6501  2.26
12.6601  2.16
12.6701  2.2
12.6801  2.15
12.6901  1.87
12.7001  2.23
12.7101  1.98
12.7201  1.97
12.7301  1.98
12.7401  2.01
12.7501  2.05
12.7601  2.24
12.7701  2.26
12.7801  2.15
12.7901  2.16
12.8001  1.85
12.8101  1.85
12.8201  2.01
12.8301  2.18
12.8401  2.04
12.8501  2.07
12.8601  2.18
12.8701  2.14
12.8801  2.17
12.8901  2.05
12.9001  2.08
12.9101  2.18
12.9201  2.32
12.9301  2.1
12.9401  2.05
12.9501  2.14
12.9601  1.89
12.9701  2.01
12.9801  2.11
12.9901  2.27
13.0001  2.24
13.0101  1.97
13.0201  2.12
13.0301  2.27
13.0401  2.26
13.0501  1.97
13.0601  2.28
13.0701  1.9
13.0801  2.23
13.0901  2.32
13.1001  2.17
13.1101  1.98
13.1201  2.04
13.1301  2.16
13.1401  2.25
13.1501  2.17
13.1601  1.94
13.1701  2.17
13.1801  2.15
13.1901  2.38
13.2001  2.12
13.2101  2.19
13.2201  2.12
13.2301  2.22
13.2401  1.92
13.2501  2.23
13.2601  1.98
13.2701  2.14
13.2801  2.23
13.2901  2.11
13.3001  2.05
13.3101  1.92
13.3201  2.18
13.3301  2
13.3401  2.26
13.3501  2.38
13.3601  2.21
13.3701  2.1
13.3801  1.94
13.3901  1.97
13.4001  2.17
13.4101  2.06
13.4201  1.9
13.4301  2.02
13.4401  2.02
13.4501  1.84
13.4601  2.13
13.4701  1.96
13.4801  2.03
13.4901  2
13.5001  2.07
13.5101  2.16
13.5201  1.92
13.5301  2.29
13.5401  2.41
13.5501  2.56
13.5601  2.24
13.5701  2.25
13.5801  1.81
13.5901  2.04
13.6001  2.31
13.6101  2.14
13.6201  2.02
13.6301  1.92
13.6401  2.05
13.6501  2.2
13.6601  2.24
13.6701  2.04
13.6801  2.18
13.6901  2.17
13.7001  2.18
13.7101  2.28
13.7201  2.3
13.7301  2.02
13.7401  2.08
13.7501  1.87
13.7601  2.19
13.7701  2.21
13.7801  2.12
13.7901  2.21
13.8001  2.29
13.8101  2.17
13.8201  2.18
13.8301  2.32
13.8401  2
13.8501  2.19
13.8601  2.03
13.8701  2.28
13.8801  1.9
13.8901  2.1
13.9001  2.06
13.9101  2.19
13.9201  1.95
13.9301  2.1
13.9401  2.19
13.9501  1.83
13.9601  2.37
13.9701  2.06
13.9801  2.06
13.9901  2.37
14.0001  2.09
14.0101  2.23
14.0201  2.14
14.0301  1.95
14.0401  2.12
14.0501  1.9
14.0601  2.18
14.0701  2.4
14.0801  1.96
14.0901  2.32
14.1001  2.13
14.1101  1.87
14.1201  2.06
14.1301  1.97
14.1401  2.1
14.1501  2.17
14.1601  2
14.1701  1.83
14.1801  2.09
14.1901  2.02
14.2001  1.95
14.2101  2.09
14.2201  2.22
14.2301  2.18
14.2401  2.35
14.2501  2.37
14.2601  2.03
14.2701  2.06
14.2801  2.13
14.2901  1.9
14.3001  2.09
14.3101  1.89
14.3201  2.11
14.3301  2.11
14.3401  2.17
14.3501  2.08
14.3601  2.35
14.3701  2.17
14.3801  2.16
14.3901  2.11
14.4001  1.97
14.4101  2.1
14.4201  2.42
14.4301  2.26
14.4401  2.05
14.4501  2.39
14.4601  2.05
14.4701  2.02
14.4801  2.01
14.4901  2.15
14.5001  2.36
14.5101  1.92
14.5201  2.06
14.5301  2.35
14.5401  2.24
14.5501  2.04
14.5601  2
14.5701  2.16
14.5801  2.13
14.5901  2.16
14.6001  2.24
14.6101  2.31
14.6201  2.29
14.6301  1.95
14.6401  2.19
14.6501  2.13
14.6601  2.16
14.6701  1.85
14.6801  1.99
14.6901  2.17
14.7001  2.03
14.7101  2.04
14.7201  1.89
14.7301  2.2
14.7401  2.03
14.7501  1.98
14.7601  2.15
14.7701  2.13
14.7801  2.24
14.7901  2.06
14.8001  2.05
14.8101  2.03
14.8201  2.08
14.8301  2.09
14.8401  2.04
14.8501  1.9
14.8601  2.19
14.8701  2.16
14.8801  1.8
14.8901  2.21
14.9001  1.99
14.9101  1.98
14.9201  2
14.9301  2.36
14.9401  1.97
14.9501  2.22
14.9601  2.21
14.9701  2.13
14.9801  2.31
14.9901  2.36
15.0001  1.95
15.0101  2.04
15.0201  2.09
15.0301  2.22
15.0401  2.13
15.0501  2.11
15.0601  1.93
15.0701  2.1
15.0801  2.31
15.0901  1.92
15.1001  2.25
15.1101  2.44
15.1201  2.13
15.1301  1.97
15.1401  2.35
15.1501  2.15
15.1601  2.31
15.1701  2.07
15.1801  2.29
15.1901  2.06
15.2001  2.16
15.2101  2.22
15.2201  2
15.2301  2.11
15.2401  2.08
15.2501  2.07
15.2601  2.06
15.2701  2.02
15.2801  2.45
15.2901  2.08
15.3001  2.01
15.3101  1.94
15.3201  1.91
15.3301  1.99
15.3401  2.15
15.3501  2.16
15.3601  2.11
15.3701  2.03
15.3801  2.32
15.3901  1.74
15.4001  2.14
15.4101  2.02
15.4201  2.15
15.4301  2.13
15.4401  2.07
15.4501  2.14
15.4601  1.99
15.4701  1.92
15.4801  1.99
15.4901  1.97
15.5001  2.04
15.5101  2.06
15.5201  2.1
15.5301  2.09
15.5401  2.17
15.5501  2.06
15.5601  2.06
15.5701  2.13
15.5801  2.4
15.5901  2.3
15.6001  1.99
15.6101  2.03
15.6201  1.94
15.6301  2.12
15.6401  1.99
15.6501  2.23
15.6601  2
15.6701  2.03
15.6801  2.2
15.6901  2.13
15.7001  2.18
15.7101  2.07
15.7201  2.36
15.7301  2.15
15.7401  2.01
15.7501  2.3
15.7601  2.09
15.7701  2.07
15.7801  2.13
15.7901  2.21
15.8001  2.06
15.8101  2.15
15.8201  2.34
15.8301  2.1
15.8401  2.07
15.8501  2.04
15.8601  1.9
15.8701  2.4
15.8801  1.94
15.8901  2.36
15.9001  1.96
15.9101  1.84
15.9201  2.26
15.9301  2.32
15.9401  2.09
15.9501  2.29
15.9601  2.36
15.9701  2
15.9801  2.06
15.9901  2.28
16.0001  1.86
16.0101  1.97
16.0201  2.01
16.0301  2.18
16.0401  2.34
16.0501  2.05
16.0601  2.26
16.0701  2.12
16.0801  2.31
16.0901  2.3
16.1001  1.96
16.1101  2.12
16.1201  2.11
16.1301  1.82
16.1401  1.95
16.1501  2.19
16.1601  2.02
16.1701  1.99
16.1801  2.23
16.1901  2.11
16.2001  1.92
16.2101  2.15
16.2201  2.1
16.2301  2.16
16.2401  2.06
16.2501  1.77
16.2601  2.24
16.2701  2.01
16.2801  1.91
16.2901  2.05
16.3001  2.33
16.3101  2.08
16.3201  2.19
16.3301  1.86
16.3401  1.95
16.3501  2.1
16.3601  2.34
16.3701  2.15
16.3801  1.97
16.3901  2.18
16.4001  2.07
16.4101  2.2
16.4201  2.24
16.4301  2.14
16.4401  2.07
16.4501  2.07
16.4601  1.93
16.4701  2.41
16.4801  2.12
16.4901  2.35
16.5001  1.95
16.5101  2.12
16.5201  1.93
16.5301  2.43
16.5401  2.52
16.5501  2.17
16.5601  2.11
16.5701  2.38
16.5801  2.08
16.5901  2.1
16.6001  2.09
16.6101  2.07
16.6201  2.03
16.6301  2.25
16.6401  2.04
16.6501  2.07
16.6601  2.18
16.6701  2.16
16.6801  2.08
16.6901  2.04
16.7001  2.04
16.7101  1.84
16.7201  2.21
16.7301  2.34
16.7401  2.06
16.7501  2.09
16.7601  2
16.7701  2.22
16.7801  2.02
16.7901  1.98
16.8001  2.08
16.8101  2.24
16.8201  2.16
16.8301  2.02
16.8401  1.99
16.8501  1.81
16.8601  2.07
16.8701  1.87
16.8801  2.13
16.8901  1.96
16.9001  2.11
16.9101  2.01
16.9201  1.9
16.9301  2.14
16.9401  2.17
16.9501  2.16
16.9601  2
16.9701  2.2
16.9801  2.05
16.9901  1.92
17.0001  2.13
17.0101  1.96
17.0201  2.1
17.0301  2.02
17.0401  2.19
17.0501  2.36
17.0601  2.05
17.0701  2.16
17.0801  2.24
17.0901  2.21
17.1001  2.05
17.1101  2.18
17.1201  2.15
17.1301  2.08
17.1401  1.98
17.1501  2.32
17.1601  2.02
17.1701  2.38
17.1801  2.14
17.1901  2.04
17.2001  2.14
17.2101  2.19
17.2201  2.01
17.2301  2.12
17.2401  2.14
17.2501  2.3
17.2601  2.12
17.2701  2.35
17.2801  2.08
17.2901  2.44
17.3001  1.93
17.3101  2.27
17.3201  2.22
17.3301  2.12
17.3401  1.94
17.3501  1.95
17.3601  2.31
17.3701  2.09
17.3801  1.92
17.3901  2.02
17.4001  2.17
17.4101  1.94
17.4201  2.01
17.4301  2.01
17.4401  2.33
17.4501  2.03
17.4601  2.08
17.4701  1.93
17.4801  2.09
17.4901  2.13
17.5001  2.16
17.5101  1.89
17.5201  2.02
17.5301  2.17
17.5401  2.05
17.5501  1.87
17.5601  2.24
17.5701  2.01
17.5801  1.97
17.5901  1.9
17.6001  2.06
17.6101  2.01
17.6201  2.03
17.6301  1.88
17.6401  2.21
17.6501  2.13
17.6601  1.98
17.6701  2.17
17.6801  2.11
17.6901  2.02
17.7001  2.09
17.7101  2.27
17.7201  2.12
17.7301  2.04
17.7401  2.09
17.7501  2.13
17.7601  2.09
17.7701  1.9
17.7801  2.11
17.7901  2.06
17.8001  2.18
17.8101  2.24
17.8201  2.36
17.8301  2.33
17.8401  1.98
17.8501  2.12
17.8601  2.21
17.8701  2.23
17.8801  2.17
17.8901  1.99
17.9001  2.2
17.9101  1.9
17.9201  2.22
17.9301  2.22
17.9401  2.09
17.9501  2.16
17.9601  2.25
17.9701  1.86
17.9801  2.11
17.9901  2.07
18.0001  2.23
18.0101  2.15
18.0201  2.04
18.0301  2.31
18.0401  2.15
18.0501  2.18
18.0601  2.11
18.0701  2.06
18.0801  2
18.0901  2.33
18.1001  2.14
18.1101  2.05
18.1201  1.99
18.1301  2.14
18.1401  2.08
18.1501  2.32
18.1601  1.94
18.1701  2.14
18.1801  1.93
18.1901  1.76
18.2001  2
18.2101  2.08
18.2201  2.16
18.2301  2.08
18.2401  2.04
18.2501  2.21
18.2601  2.07
18.2701  2.3
18.2801  1.98
18.2901  2.21
18.3001  1.86
18.3101  1.96
18.3201  2.03
18.3301  1.95
18.3401  1.98
18.3501  2.27
18.3601  2.08
18.3701  1.69
18.3801  2.17
18.3901  1.88
18.4001  2.11
18.4101  2.24
18.4201  2.26
18.4301  2.07
18.4401  2.07
18.4501  1.81
18.4601  2.02
18.4701  2.09
18.4801  2.19
18.4901  1.93
18.5001  2.18
18.5101  2.31
18.5201  2.32
18.5301  2.26
18.5401  2.18
18.5501  1.95
18.5601  2.18
18.5701  2.13
18.5801  2.27
18.5901  2.11
18.6001  2.19
18.6101  2.35
18.6201  2.22
18.6301  2.04
18.6401  2.08
18.6501  2.26
18.6601  1.95
18.6701  2.12
18.6801  2.28
18.6901  2.22
18.7001  2.09
18.7101  2.15
18.7201  2.41
18.7301  2.19
18.7401  2.09
18.7501  2.03
18.7601  1.94
18.7701  1.96
18.7801  2.16
18.7901  2.03
18.8001  2.13
18.8101  1.78
18.8201  2.17
18.8301  2.12
18.8401  2.18
18.8501  2.1
18.8601  1.84
18.8701  1.95
18.8801  2.08
18.8901  2
18.9001  2.12
18.9101  2.33
18.9201  2.12
18.9301  1.96
18.9401  1.85
18.9501  2.14
18.9601  1.96
18.9701  1.93
18.9801  2.28
18.9901  2.01
19.0001  1.93
19.0101  2.21
19.0201  2.06
19.0301  2.1
19.0401  2.2
19.0501  2.01
19.0601  2.06
19.0701  1.92
19.0801  2.18
19.0901  2.04
19.1001  2.05
19.1101  2.22
19.1201  2.07
19.1301  2.01
19.1401  1.93
19.1501  2.1
19.1601  2.42
19.1701  2.31
19.1801  2.26
19.1901  2.08
19.2001  1.96
19.2101  2.08
19.2201  2.17
19.2301  1.98
19.2401  2.17
19.2501  2.38
19.2601  1.99
19.2701  2.15
19.2801  2
19.2901  1.96
19.3001  2.41
19.3101  2.07
19.3201  2.12
19.3301  2.14
19.3401  2.28
19.3501  2.03
19.3601  2.16
19.3701  2.11
19.3801  2.01
19.3901  1.89
19.4001  2.04
19.4101  2.48
19.4201  2.1
19.4301  2.1
19.4401  2.22
19.4501  2.22
19.4601  1.95
19.4701  2.18
19.4801  2.01
19.4901  1.99
19.5001  2.45
19.5101  2.12
19.5201  2.02
19.5301  2.15
19.5401  2.01
19.5501  2.1
19.5601  1.97
19.5701  2.39
19.5801  2.01
19.5901  1.89
19.6001  2.01
19.6101  1.76
19.6201  2.24
19.6301  1.92
19.6401  1.84
19.6501  2.09
19.6601  2.07
19.6701  1.73
19.6801  2.08
19.6901  2.3
19.7001  2.31
19.7101  2.2
19.7201  2.09
19.7301  2.05
19.7401  2.01
19.7501  1.94
19.7601  2.22
19.7701  2.11
19.7801  1.94
19.7901  2.26
19.8001  2.12
19.8101  2.07
19.8201  2.08
19.8301  2.1
19.8401  2.31
19.8501  2.14
19.8601  2.26
19.8701  1.92
19.8801  2
19.8901  1.92
19.9001  1.94
19.9101  2.15
19.9201  2.04
19.9301  2.31
19.9401  2.51
19.9501  2.05
19.9601  2.29
19.9701  2.18
19.9801  2.36
19.9901  2.15
20.0001  2.32
20.0101  2.47
20.0201  2.28
20.0301  2.03
20.0401  2.2
20.0501  2.08
20.0601  1.95
20.0701  2.11
20.0801  2.06
20.0901  1.86
20.1001  2.37
20.1101  1.98
20.1201  2.19
20.1301  1.99
20.1401  2.43
20.1501  1.96
20.1601  2.04
20.1701  2.05
20.1801  2.12
20.1901  2.06
20.2001  2.11
20.2101  2.06
20.2201  2.12
20.2301  1.99
20.2401  1.95
20.2501  2.06
20.2601  2.07
20.2701  2.32
20.2801  2.15
20.2901  1.98
20.3001  1.7
20.3101  1.96
20.3201  1.96
20.3301  1.97
20.3401  2.27
20.3501  1.92
20.3601  2.49
20.3701  1.97
20.3801  2.07
20.3901  2
20.4001  2.01
20.4101  2.2
20.4201  2.12
20.4301  2.13
20.4401  2.24
20.4501  2.2
20.4601  2.17
20.4701  2.06
20.4801  2.11
20.4901  1.91
20.5001  2.03
20.5101  2.39
20.5201  2.54
20.5301  2.11
20.5401  2.13
20.5501  2.01
20.5601  2.14
20.5701  2.4
20.5801  2.19
20.5901  2.29
20.6001  2.3
20.6101  2.27
20.6201  1.99
20.6301  1.99
20.6401  1.96
20.6501  2.14
20.6601  2.15
20.6701  2.06
20.6801  1.81
20.6901  2.03
20.7001  2.24
20.7101  1.99
20.7201  2.13
20.7301  2.13
20.7401  2.24
20.7501  2.35
20.7601  2.29
20.7701  2.06
20.7801  2.09
20.7901  1.73
20.8001  1.93
20.8101  2.16
20.8201  1.99
20.8301  2.02
20.8401  2
20.8501  2.09
20.8601  2.33
20.8701  2.11
20.8801  2.02
20.8901  1.92
20.9001  1.85
20.9101  2.05
20.9201  2.22
20.9301  2.3
20.9401  1.98
20.9501  2.07
20.9601  2.04
20.9701  2.22
20.9801  2.21
20.9901  2.32
21.0001  1.91
21.0101  2.2
21.0201  2.06
21.0301  2.01
21.0401  2.08
21.0501  2.1
21.0601  2.17
21.0701  2.11
21.0801  2.14
21.0901  2.07
21.1001  2.02
21.1101  2.21
21.1201  2.04
21.1301  2.14
21.1401  2.05
21.1501  2.23
21.1601  1.95
21.1701  2.25
21.1801  2.14
21.1901  2.3
21.2001  2.19
21.2101  1.98
21.2201  2.14
21.2301  2.08
21.2401  2.09
21.2501  2.07
21.2601  2.12
21.2701  2.1
21.2801  1.97
21.2901  2.06
21.3001  2.34
21.3101  2.18
21.3201  2.09
21.3301  2
21.3401  2.17
21.3501  2.29
21.3601  2.29
21.3701  1.96
21.3801  2.17
21.3901  2.18
21.4001  2.03
21.4101  2.18
21.4201  2.13
21.4301  2.13
21.4401  2.23
21.4501  2.28
21.4601  2.12
21.4701  1.99
21.4801  1.78
21.4901  2.21
21.5001  2.15
21.5101  1.96
21.5201  2.01
21.5301  2.13
21.5401  2.18
21.5501  1.85
21.5601  1.79
21.5701  2.17
21.5801  2.29
21.5901  2.07
21.6001  2.19
21.6101  2.38
21.6201  2.14
21.6301  2.05
21.6401  1.78
21.6501  2.01
21.6601  2.08
21.6701  2.13
21.6801  2.04
21.6901  2.06
21.7001  2.26
21.7101  2.03
21.7201  2.29
21.7301  2
21.7401  2.08
21.7501  1.9
21.7601  2.11
21.7701  2.11
21.7801  1.95
21.7901  2.01
21.8001  2.11
21.8101  2.47
21.8201  2.18
21.8301  2.47
21.8401  2.05
21.8501  2.11
21.8601  2.09
21.8701  2.25
21.8801  2.3
21.8901  1.97
21.9001  1.86
21.9101  2.23
21.9201  2.06
21.9301  2.15
21.9401  2.1
21.9501  2.38
21.9601  2.1
21.9701  2.19
21.9801  2.18
21.9901  1.98
22.0001  2.1
22.0101  1.98
22.0201  2.11
22.0301  2.03
22.0401  2.21
22.0501  2.01
22.0601  2.41
22.0701  2.2
22.0801  1.95
22.0901  2.29
22.1001  2.22
22.1101  1.94
22.1201  2.11
22.1301  2.11
22.1401  2.06
22.1501  2.1
22.1601  2.15
22.1701  2.1
22.1801  2.09
22.1901  1.93
22.2001  2
22.2101  2.09
22.2201  1.98
22.2301  2.02
22.2401  2.34
22.2501  2.22
22.2601  1.81
22.2701  2.07
22.2801  2.05
22.2901  1.95
22.3001  2.13
22.3101  2.16
22.3201  1.97
22.3301  2.08
22.3401  2.27
22.3501  2.02
22.3601  2.1
22.3701  2.2
22.3801  1.92
22.3901  1.99
22.4001  2.09
22.4101  2.17
22.4201  2.02
22.4301  1.95
22.4401  2.26
22.4501  2.26
22.4601  2.31
22.4701  2.25
22.4801  2.26
22.4901  2.04
22.5001  2.07
22.5101  2.2
22.5201  2.16
22.5301  2.04
22.5401  1.85
22.5501  2.26
22.5601  1.98
22.5701  1.97
22.5801  2.23
22.5901  2.08
22.6001  1.92
22.6101  2.25
22.6201  2.44
22.6301  2.31
22.6401  2.04
22.6501  2.07
22.6601  2.04
22.6701  2.27
22.6801  2.12
22.6901  2.02
22.7001  2.31
22.7101  2.23
22.7201  2.15
22.7301  2
22.7401  2.34
22.7501  1.95
22.7601  1.96
22.7701  2.21
22.7801  1.98
22.7901  2.08
22.8001  2.15
22.8101  2.06
22.8201  2.14
22.8301  2.06
22.8401  1.92
22.8501  2
22.8601  1.98
22.8701  2.09
22.8801  2.09
22.8901  2.22
22.9001  2.11
22.9101  2.14
22.9201  2.14
22.9301  2.05
22.9401  2.42
22.9501  2.14
22.9601  2.03
22.9701  1.94
22.9801  2.09
22.9901  2.24
23.0001  2
23.0101  1.92
23.0201  2.25
23.0301  2.13
23.0401  2.22
23.0501  2.11
23.0601  1.94
23.0701  2.27
23.0801  2.05
23.0901  2.18
23.1001  2.1
23.1101  2.2
23.1201  2.18
23.1301  2.16
23.1401  2.03
23.1501  2.07
23.1601  2.06
23.1701  1.88
23.1801  2.33
23.1901  2.13
23.2001  2.05
23.2101  2.08
23.2201  2.21
23.2301  2.04
23.2401  1.96
23.2501  2.04
23.2601  2.29
23.2701  2.12
23.2801  2.18
23.2901  2.1
23.3001  2.27
23.3101  2.02
23.3201  1.99
23.3301  2.1
23.3401  2.29
23.3501  1.9
23.3601  2.11
23.3701  1.88
23.3801  2.29
23.3901  1.93
23.4001  2.28
23.4101  2.11
23.4201  1.95
23.4301  1.96
23.4401  2.3
23.4501  2.11
23.4601  2.11
23.4701  2.24
23.4801  2.04
23.4901  2.19
23.5001  1.78
23.5101  2.35
23.5201  2.21
23.5301  2.21
23.5401  2.13
23.5501  1.86
23.5601  2.24
23.5701  1.93
23.5801  2.13
23.5901  2.39
23.6001  2.2
23.6101  2.24
23.6201  2
23.6301  1.89
23.6401  2.32
23.6501  2.25
23.6601  2.35
23.6701  2.15
23.6801  2.27
23.6901  2.13
23.7001  1.98
23.7101  2.34
23.7201  1.97
23.7301  2.14
23.7401  1.87
23.7501  1.75
23.7601  2.2
23.7701  2.31
23.7801  2.19
23.7901  2.23
23.8001  1.95
23.8101  2.21
23.8201  1.89
23.8301  2.13
23.8401  2.28
23.8501  2.01
23.8601  1.93
23.8701  2.11
23.8801  2.28
23.8901  2.22
23.9001  2.13
23.9101  2.18
23.9201  2.24
23.9301  1.8
23.9401  2.02
23.9501  2.05
23.9601  1.95
23.9701  1.88
23.9801  1.98
23.9901  2.32
24.0001  1.99
24.0101  2
24.0201  2.08
24.0301  2.31
24.0401  2.17
24.0501  2.04
24.0601  2.01
24.0701  2.2
24.0801  2.29
24.0901  1.95
24.1001  1.98
24.1101  2.29
24.1201  2.2
24.1301  2.14
24.1401  2.05
24.1501  2.13
24.1601  2.29
24.1701  2.18
24.1801  2.26
24.1901  1.84
24.2001  1.98
24.2101  2.12
24.2201  2.11
24.2301  2.15
24.2401  2.27
24.2501  2.27
24.2601  2
24.2701  2.34
24.2801  1.98
24.2901  2.24
24.3001  2.05
24.3101  2.19
24.3201  2.27
24.3301  2.07
24.3401  2.26
24.3501  2.08
24.3601  2.11
24.3701  2.33
24.3801  2.28
24.3901  2.07
24.4001  2.08
24.4101  1.78
24.4201  1.98
24.4301  1.98
24.4401  2.18
24.4501  2.16
24.4601  1.92
24.4701  2.14
24.4801  2.32
24.4901  2.02
24.5001  2.25
24.5101  2.23
24.5201  2.01
24.5301  2.22
24.5401  1.69
24.5501  2.06
24.5601  2.21
24.5701  2.06
24.5801  1.97
24.5901  2.07
24.6001  2.12
24.6101  2.03
24.6201  1.99
24.6301  2.31
24.6401  1.84
24.6501  2.38
24.6601  1.97
24.6701  2.06
24.6801  2.08
24.6901  2.14
24.7001  2.18
24.7101  1.98
24.7201  2.3
24.7301  2.39
24.7401  1.9
24.7501  2.21
24.7601  2.15
24.7701  1.9
24.7801  1.97
24.7901  2.03
24.8001  2.35
24.8101  2.25
24.8201  2.1
24.8301  2.15
24.8401  2.32
24.8501  2.1
24.8601  2.03
24.8701  2.52
24.8801  1.87
24.8901  1.9
24.9001  2.2
24.9101  2.12
24.9201  1.99
24.9301  1.86
24.9401  2.03
24.9501  2.43
24.9601  2.38
24.9701  2.38
24.9801  1.99
24.9901  2.23
25.0001  2.05
25.0101  2.24
25.0201  2.06
25.0301  1.93
25.0401  2.37
25.0501  1.99
25.0601  2
25.0701  2
25.0801  2.26
25.0901  2.02
25.1001  1.81
25.1101  2.15
25.1201  2.09
25.1301  2.27
25.1401  2.04
25.1501  2.2
25.1601  2.06
25.1701  2.07
25.1801  2.2
25.1901  2.13
25.2001  2.2
25.2101  2.08
25.2201  2.03
25.2301  2.38
25.2401  2.24
25.2501  2.16
25.2601  1.96
25.2701  2.15
25.2801  2.11
25.2901  2.12
25.3001  1.89
25.3101  1.91
25.3201  2.17
25.3301  2
25.3401  2.17
25.3501  2.25
25.3601  1.98
25.3701  2.1
25.3801  2.03
25.3901  2.19
25.4001  1.99
25.4101  1.9
25.4201  2.13
25.4301  1.93
25.4401  2.29
25.4501  2.28
25.4601  2.23
25.4701  2.16
25.4801  1.93
25.4901  1.96
25.5001  1.94
25.5101  2.17
25.5201  2.35
25.5301  2.1
25.5401  2.25
25.5501  2.13
25.5601  2.15
25.5701  2
25.5801  2.11
25.5901  2.23
25.6001  2.22
25.6101  2.29
25.6201  2.14
25.6301  2.12
25.6401  2.12
25.6501  2.07
25.6601  2.19
25.6701  2.24
25.6801  2.14
25.6901  2.27
25.7001  2.1
25.7101  2.12
25.7201  2.1
25.7301  2.46
25.7401  2.32
25.7501  2.14
25.7601  1.76
25.7701  2.06
25.7801  2.09
25.7901  2
25.8001  2.3
25.8101  2.04
25.8201  1.93
25.8301  2.09
25.8401  2.15
25.8501  2.04
25.8601  2.15
25.8701  2.02
25.8801  2.08
25.8901  2.44
25.9001  2.16
25.9101  1.9
25.9201  2.1
25.9301  2.03
25.9401  2.01
25.9501  2.16
25.9601  2.13
25.9701  1.92
25.9801  2.05
25.9901  2.16
26.0001  2.16
26.0101  2.14
26.0201  2.15
26.0301  1.85
26.0401  2.32
26.0501  1.98
26.0601  2.19
26.0701  1.92
26.0801  2.12
26.0901  2.21
26.1001  1.86
26.1101  1.91
26.1201  2.1
26.1301  2.18
26.1401  2.31
26.1501  2.11
26.1601  1.89
26.1701  2.19
26.1801  2.19
26.1901  2.1
26.2001  2.2
26.2101  1.93
26.2201  2.24
26.2301  1.93
26.2401  2.19
26.2501  2.28
26.2601  2.13
26.2701  2.14
26.2801  2.16
26.2901  1.93
26.3001  2.31
26.3101  2.08
26.3201  2
26.3301  2.21
26.3401  2.22
26.3501  2.17
26.3601  1.97
26.3701  2.41
26.3801  2.28
26.3901  2.39
26.4001  2.2
26.4101  2
26.4201  2.06
26.4301  2.02
26.4401  1.8
26.4501  2.24
26.4601  2.17
26.4701  2.27
26.4801  2.11
26.4901  2.05
26.5001  2.29
26.5101  2.21
26.5201  1.99
26.5301  1.88
26.5401  2.14
26.5501  2.37
26.5601  2.18
26.5701  2.25
26.5801  1.97
26.5901  1.86
26.6001  2.02
26.6101  1.92
26.6201  2.14
26.6301  1.9
26.6401  1.98
26.6501  2.01
26.6601  2.05
26.6701  2.18
26.6801  2.09
26.6901  2
26.7001  1.97
26.7101  2.15
26.7201  2.06
26.7301  2.31
26.7401  1.92
26.7501  2.25
26.7601  1.76
26.7701  2.08
26.7801  2.05
26.7901  2.11
26.8001  2.27
26.8101  2.27
26.8201  2.05
26.8301  2.17
26.8401  2.05
26.8501  2.28
26.8601  2.19
26.8701  2.15
26.8801  1.88
26.8901  2.24
26.9001  1.95
26.9101  2.16
26.9201  2.28
26.9301  2.05
26.9401  2.05
26.9501  1.97
26.9601  2.27
26.9701  2.1
26.9801  2.28
26.9901  2.33
27.0001  2.23
27.0101  2.27
27.0201  2.2
27.0301  1.83
27.0401  2.2
27.0501  2.03
27.0601  2.15
27.0701  2.12
27.0801  2.23
27.0901  2.1
27.1001  1.9
27.1101  2.06
27.1201  2.19
27.1301  2.11
27.1401  2.27
27.1501  1.95
27.1601  2.17
27.1701  1.97
27.1801  1.92
27.1901  2.21
27.2001  1.98
27.2101  2.37
27.2201  2.2
27.2301  2.19
27.2401  1.86
27.2501  2.24
27.2601  2.02
27.2701  2.14
27.2801  2.01
27.2901  2.25
27.3001  2.13
27.3101  1.8
27.3201  2.32
27.3301  2.21
27.3401  2.13
27.3501  1.8
27.3601  2.03
27.3701  2.15
27.3801  1.99
27.3901  2.12
27.4001  1.99
27.4101  2.18
27.4201  2.15
27.4301  2.01
27.4401  1.95
27.4501  2.23
27.4601  2.25
27.4701  2.07
27.4801  1.9
27.4901  2.22
27.5001  1.94
27.5101  1.81
27.5201  2.26
27.5301  2.31
27.5401  2.05
27.5501  2.34
27.5601  1.95
27.5701  2.18
27.5801  1.99
27.5901  2.24
27.6001  1.93
27.6101  1.89
27.6201  2.25
27.6301  2.22
27.6401  2.32
27.6501  2.36
27.6601  2.01
27.6701  2.11
27.6801  2.26
27.6901  2.26
27.7001  2.2
27.7101  2.14
27.7201  2.08
27.7301  1.96
27.7401  2.1
27.7501  1.89
27.7601  1.95
27.7701  2.27
27.7801  2.21
27.7901  1.93
27.8001  2.32
27.8101  2.22
27.8201  2.15
27.8301  2.01
27.8401  2.23
27.8501  2.21
27.8601  1.86
27.8701  2.15
27.8801  2.03
27.8901  2.04
27.9001  2.21
27.9101  2.11
27.9201  2.16
27.9301  2.09
27.9401  2.15
27.9501  2.11
27.9601  2.08
27.9701  2.02
27.9801  1.94
27.9901  1.88
28.0001  1.96
28.0101  2.01
28.0201  2.18
28.0301  1.85
28.0401  2.25
28.0501  2.18
28.0601  2.38
28.0701  2.07
28.0801  2.12
28.0901  2.12
28.1001  2.08
28.1101  1.92
28.1201  1.98
28.1301  2.24
28.1401  2.09
28.1501  1.98
28.1601  2.03
28.1701  2.05
28.1801  1.99
28.1901  2.07
28.2001  2.15
28.2101  2.1
28.2201  2.07
28.2301  2.05
28.2401  2.13
28.2501  2.09
28.2601  2.08
28.2701  2.01
28.2801  2.04
28.2901  2.1
28.3001  2.21
28.3101  2.14
28.3201  2.43
28.3301  2.01
28.3401  2.05
28.3501  2.14
28.3601  1.98
28.3701  2.06
28.3801  2.32
28.3901  2.17
28.4001  1.99
28.4101  2.22
28.4201  2.16
28.4301  2.03
28.4401  2.15
28.4501  2.19
28.4601  2.01
28.4701  1.97
28.4801  2.13
28.4901  2.09
28.5001  2.03
28.5101  2.21
28.5201  2.14
28.5301  2.27
28.5401  2.15
28.5501  1.92
28.5601  1.96
28.5701  2.16
28.5801  2.12
28.5901  2.09
28.6001  2.12
28.6101  2.05
28.6201  2
28.6301  2.2
28.6401  2.04
28.6501  2.02
28.6601  1.94
28.6701  2.16
28.6801  2.09
28.6901  2.15
28.7001  2.22
28.7101  2
28.7201  1.83
28.7301  2.17
28.7401  2.14
28.7501  2.16
28.7601  1.94
28.7701  1.98
28.7801  2.13
28.7901  2.21
28.8001  2.01
28.8101  2.03
28.8201  2
28.8301  2.28
28.8401  2.08
28.8501  1.8
28.8601  2.01
28.8701  2.08
28.8801  2.1
28.8901  2.04
28.9001  2.24
28.9101  2.26
28.9201  2.07
28.9301  2.24
28.9401  2.14
28.9501  2.21
28.9601  2.13
28.9701  2.17
28.9801  2.22
28.9901  2.46
29.0001  2.08
29.0101  2
29.0201  1.96
29.0301  2.07
29.0401  2
29.0501  2.14
29.0601  1.99
29.0701  2.34
29.0801  2.23
29.0901  2.13
29.1001  2.4
29.1101  1.91
29.1201  2.11
29.1301  1.89
29.1401  2.06
29.1501  2.43
29.1601  2.17
29.1701  2.11
29.1801  2.07
29.1901  2.06
29.2001  2.03
29.2101  2.23
29.2201  2.08
29.2301  2.2
29.2401  1.95
29.2501  2.05
29.2601  1.98
29.2701  1.85
29.2801  1.88
29.2901  1.89
29.3001  1.97
29.3101  2.19
29.3201  2.01
29.3301  2.27
29.3401  1.89
29.3501  2.28
29.3601  2.11
29.3701  2.18
29.3801  2.07
29.3901  1.91
29.4001  2.24
29.4101  1.99
29.4201  2.13
29.4301  2.04
29.4401  2.24
29.4501  2.02
29.4601  2.17
29.4701  2.06
29.4801  1.92
29.4901  2.26
29.5001  2.14
29.5101  2.02
29.5201  2.09
29.5301  2.17
29.5401  1.84
29.5501  2.29
29.5601  2.31
29.5701  2.15
29.5801  2.21
29.5901  2.16
29.6001  1.96
29.6101  2.16
29.6201  2.26
29.6301  1.99
29.6401  2.24
29.6501  2.22
29.6601  2.13
29.6701  1.95
29.6801  2.18
29.6901  2.12
29.7001  2.1
29.7101  2.14
29.7201  1.93
29.7301  2.08
29.7401  1.98
29.7501  2.04
29.7601  2.12
29.7701  2.09
29.7801  1.95
29.7901  2.19
29.8001  2.17
29.8101  2.27
29.8201  2.12
29.8301  2.1
29.8401  2.22
29.8501  2.1
29.8601  1.92
29.8701  2.11
29.8801  2.12
29.8901  2.14
29.9001  2.09
29.9101  2.26
29.9201  2.21
29.9301  1.93
29.9401  2.34
29.9501  1.84
29.9601  1.83
29.9701  2.18
29.9801  1.98
29.9901  1.93
30.0001  2.24
30.0101  2.11
30.0201  2.12
30.0301  2.19
30.0401  2.09
30.0501  2.27
30.0601  2.26
30.0701  1.91
30.0801  2.12
30.0901  2.09
30.1001  2.32
30.1101  1.93
30.1201  1.93
30.1301  2.21
30.1401  2.24
30.1501  1.92
30.1601  2.08
30.1701  1.96
30.1801  1.92
30.1901  2.23
30.2001  2.09
30.2101  2.22
30.2201  2.04
30.2301  2.24
30.2401  1.98
30.2501  2.06
30.2601  2.26
30.2701  2.01
30.2801  2.05
30.2901  2.19
30.3001  1.94
30.3101  2.05
30.3201  2.1
30.3301  2.37
30.3401  2.3
30.3501  2.38
30.3601  2.12
30.3701  1.96
30.3801  2.09
30.3901  2.09
30.4001  1.97
30.4101  2.04
30.4201  2.36
30.4301  2.25
30.4401  2.14
30.4501  2
30.4601  2.18
30.4701  2.21
30.4801  2.21
30.4901  2.26
30.5001  2.24
30.5101  2.03
30.5201  2.13
30.5301  2.11
30.5401  2.16
30.5501  2.15
30.5601  2.29
30.5701  2.2
30.5801  2.03
30.5901  2.2
30.6001  2.13
30.6101  2.01
30.6201  2.14
30.6301  2.01
30.6401  2.21
30.6501  1.81
30.6601  2.17
30.6701  1.98
30.6801  2.08
30.6901  1.89
30.7001  2.03
30.7101  2.07
30.7201  2.05
30.7301  2.24
30.7401  2.24
30.7501  2.17
30.7601  2.09
30.7701  1.95
30.7801  2.17
30.7901  2.24
30.8001  2.12
30.8101  2.14
30.8201  1.83
30.8301  2.01
30.8401  1.69
30.8501  1.97
30.8601  2.19
30.8701  2
30.8801  2.08
30.8901  2.16
30.9001  2.04
30.9101  2.1
30.9201  2.29
30.9301  1.96
30.9401  2.08
30.9501  2.18
30.9601  2.08
30.9701  2.01
30.9801  2.2
30.9901  2.2
31.0001  2.15
31.0101  2.22
31.0201  2.57
31.0301  2.25
31.0401  2.03
31.0501  2.25
31.0601  2.01
31.0701  2.21
31.0801  1.84
31.0901  2.15
31.1001  1.91
31.1101  2.12
31.1201  2.22
31.1301  2.09
31.1401  2.33
31.1501  2.34
31.1601  2.39
31.1701  2.21
31.1801  2.09
31.1901  2.16
31.2001  2.3
31.2101  2.18
31.2201  2.02
31.2301  2.2
31.2401  2.02
31.2501  2.24
31.2601  1.89
31.2701  2.12
31.2801  1.94
31.2901  2.05
31.3001  2.35
31.3101  1.74
31.3201  2.15
31.3301  1.99
31.3401  2.35
31.3501  2.01
31.3601  1.91
31.3701  2.19
31.3801  2.13
31.3901  1.97
31.4001  2.13
31.4101  1.88
31.4201  2.11
31.4301  2.07
31.4401  2.1
31.4501  2.08
31.4601  2.16
31.4701  2.27
31.4801  2.07
31.4901  2.43
31.5001  1.96
31.5101  2.13
31.5201  2.1
31.5301  2.21
31.5401  1.94
31.5501  1.87
31.5601  2.04
31.5701  1.84
31.5801  2.18
31.5901  2.03
31.6001  2.12
31.6101  2.08
31.6201  1.98
31.6301  2.16
31.6401  2.17
31.6501  1.97
31.6601  2.18
31.6701  2.08
31.6801  2.37
31.6901  2.15
31.7001  2.13
31.7101  2.38
31.7201  2.13
31.7301  1.94
31.7401  2.05
31.7501  1.95
31.7601  1.96
31.7701  2
31.7801  2.39
31.7901  2.34
31.8001  2.05
31.8101  2.32
31.8201  2.05
31.8301  2.38
31.8401  2.07
31.8501  2.18
31.8601  2.07
31.8701  1.78
31.8801  2.26
31.8901  2.17
31.9001  1.92
31.9101  2.2
31.9201  2.1
31.9301  2.12
31.9401  2.38
31.9501  2.33
31.9601  2.11
31.9701  2.06
31.9801  2.01
31.9901  2.28
32.0001  2.01
32.0101  2.04
32.0201  1.99
32.0301  1.88
32.0401  2.24
32.0501  2.11
32.0601  1.88
32.0701  1.99
32.0801  2.09
32.0901  1.95
32.1001  1.97
32.1101  2.06
32.1201  2.17
32.1301  1.87
32.1401  1.97
32.1501  2.19
32.1601  1.87
32.1701  2.15
32.1801  2.03
32.1901  2.11
32.2001  2.33
32.2101  2.08
32.2201  2.13
32.2301  1.96
32.2401  2.21
32.2501  2.26
32.2601  2.09
32.2701  2.18
32.2801  2.12
32.2901  1.96
32.3001  2.12
32.3101  2.23
32.3201  2.16
32.3301  1.9
32.3401  2.03
32.3501  2.03
32.3601  2.3
32.3701  1.95
32.3801  2.21
32.3901  2.23
32.4001  2.03
32.4101  2.14
32.4201  2.16
32.4301  2.13
32.4401  2.58
32.4501  2.18
32.4601  2.09
32.4701  2.21
32.4801  2.01
32.4901  1.91
32.5001  2.01
32.5101  2.24
32.5201  2.35
32.5301  2.17
32.5401  2.11
32.5501  2.07
32.5601  2.16
32.5701  2
32.5801  2
32.5901  2.06
32.6001  2.25
32.6101  2.11
32.6201  2.21
32.6301  2.2
32.6401  1.99
32.6501  2.07
32.6601  2.27
32.6701  2.23
32.6801  1.84
32.6901  1.93
32.7001  2.1
32.7101  2.19
32.7201  1.94
32.7301  1.89
32.7401  2.17
32.7501  2.27
32.7601  2.22
32.7701  2.11
32.7801  2.04
32.7901  2.4
32.8001  2.24
32.8101  2.06
32.8201  2.01
32.8301  1.96
32.8401  2.1
32.8501  2.17
32.8601  2.07
32.8701  2.21
32.8801  2.04
32.8901  1.92
32.9001  2.08
32.9101  2.04
32.9201  1.87
32.9301  2.46
32.9401  2.1
32.9501  1.79
32.9601  2
32.9701  2.22
32.9801  2.3
32.9901  2.18
33.0001  2.16
33.0101  2.07
33.0201  1.99
33.0301  2.05
33.0401  2.3
33.0501  1.99
33.0601  2.04
33.0701  2.3
33.0801  2.24
33.0901  2.28
33.1001  2.19
33.1101  2.4
33.1201  2.08
33.1301  2
33.1401  2.04
33.1501  2.04
33.1601  2.02
33.1701  2.12
33.1801  2.22
33.1901  2.22
33.2001  2.16
33.2101  2.07
33.2201  2.03
33.2301  2.24
33.2401  2.2
33.2501  2.02
33.2601  1.93
33.2701  2.35
33.2801  2.27
33.2901  2.02
33.3001  2.09
33.3101  2.07
33.3201  2.05
33.3301  2.29
33.3401  2.01
33.3501  2.05
33.3601  2.44
33.3701  1.86
33.3801  2.27
33.3901  2.32
33.4001  2.09
33.4101  2.05
33.4201  1.98
33.4301  2.02
33.4401  2.06
33.4501  2.01
33.4601  2.15
33.4701  2.21
33.4801  2.16
33.4901  2.14
33.5001  1.95
33.5101  2.38
33.5201  2.38
33.5301  2.09
33.5401  1.85
33.5501  2.33
33.5601  2.18
33.5701  2.04
33.5801  2.18
33.5901  2.09
33.6001  1.95
33.6101  2.1
33.6201  2.12
33.6301  1.89
33.6401  2.06
33.6501  2.1
33.6601  2.21
33.6701  2.14
33.6801  2.11
33.6901  2.22
33.7001  2.11
33.7101  2.08
33.7201  2.18
33.7301  2.2
33.7401  1.86
33.7501  2.08
33.7601  1.92
33.7701  2.29
33.7801  2.02
33.7901  2.06
33.8001  2.18
33.8101  2.23
33.8201  2.07
33.8301  1.91
33.8401  2
33.8501  1.92
33.8601  2.56
33.8701  2.4
33.8801  2.1
33.8901  2.21
33.9001  2
33.9101  2.25
33.9201  1.98
33.9301  2.05
33.9401  2.27
33.9501  1.95
33.9601  2.09
33.9701  2.24
33.9801  2.12
33.9901  2.37
34.0001  2.34
34.0101  2.13
34.0201  2.17
34.0301  2.27
34.0401  2.29
34.0501  2.1
34.0601  2.13
34.0701  1.87
34.0801  2.21
34.0901  1.91
34.1001  2.2
34.1101  1.94
34.1201  2.16
34.1301  2.48
34.1401  1.88
34.1501  2.02
34.1601  2.1
34.1701  1.94
34.1801  2.26
34.1901  2.06
34.2001  1.95
34.2101  2.2
34.2201  1.92
34.2301  2.15
34.2401  2.08
34.2501  2.17
34.2601  1.82
34.2701  2.03
34.2801  2.11
34.2901  2.1
34.3001  2.21
34.3101  2.28
34.3201  2.13
34.3301  2.01
34.3401  2.21
34.3501  2.07
34.3601  2
34.3701  1.85
34.3801  1.98
34.3901  2
34.4001  2.22
34.4101  2.16
34.4201  2.14
34.4301  1.97
34.4401  1.85
34.4501  2.15
34.4601  2
34.4701  2.29
34.4801  2.27
34.4901  2.25
34.5  2.25
34.51  2.19
34.52  2.16
34.53  2
34.54  2.14
34.55  2.19
34.56  2.35
34.57  1.91
34.58  2.31
34.59  2.33
34.6  2.04
34.61  1.95
34.62  2.16
34.63  2.19
34.64  2.18
34.65  2.26
34.66  2.03
34.67  2.01
34.68  1.97
34.69  2.29
34.7  2
34.71  2.12
34.72  2.13
34.73  2.27
34.74  1.91
34.75  2.13
34.76  2.39
34.77  2.33
34.78  2.03
34.79  2.19
34.8  2.05
34.81  2.38
34.82  2.09
34.83  2.18
34.84  2.07
34.85  2.05
34.86  2.13
34.87  1.82
34.88  2.04
34.89  2.14
34.9  2.06
34.91  2.16
34.92  1.95
34.93  1.98
34.94  2.15
34.95  2.07
34.96  2
34.97  1.92
34.98  2.16
34.99  2.02
35  1.92
35.01  2.11
35.02  2.2
35.03  2.04
35.04  2.23
35.05  2.29
35.06  2.03
35.07  2.12
35.08  2.13
35.09  2.13
35.1  2.29
35.11  2.22
35.12  1.66
35.13  2.02
35.14  1.96
35.15  2.01
35.16  1.96
35.17  1.71
35.18  2.4
35.19  2.21
35.2  2.01
35.21  2.27
35.22  2.24
35.23  2.1
35.24  2.17
35.25  2.09
35.26  2.22
35.27  2.08
35.28  1.94
35.29  2.11
35.3  2.32
35.31  2.16
35.32  2.07
35.33  2.17
35.34  2.16
35.35  2.22
35.36  2.06
35.37  1.93
35.38  2.31
35.39  2.11
35.4  2.42
35.41  2.36
35.42  2.1
35.43  2.08
35.44  2.23
35.45  1.91
35.46  2.01
35.47  2.25
35.48  2.1
35.49  2.15
35.5  2.01
35.51  2.24
35.52  2
35.53  1.94
35.54  1.97
35.55  2.06
35.56  2.32
35.57  2.27
35.58  2.15
35.59  2.23
35.6  2.09
35.61  2.33
35.62  2.12
35.63  2.08
35.64  2.1
35.65  1.96
35.66  2.07
35.67  2.21
35.68  1.87
35.69  2.17
35.7  1.83
35.71  2.03
35.72  2.22
35.73  2.05
35.74  2.05
35.75  2.15
35.76  2.06
35.77  2.12
35.78  2.18
35.79  1.94
35.8  1.87
35.81  2.11
35.82  1.92
35.83  1.93
35.84  2.09
35.85  2.19
35.86  2.05
35.87  1.97
35.88  2.22
35.89  2.29
35.9  2.23
35.91  2.08
35.92  2.1
35.93  1.98
35.94  2.24
35.95  2.14
35.96  2.22
35.97  2.01
35.98  1.81
35.99  2.28
36  2.08
36.01  2.07
36.02  2.28
36.03  2.01
36.04  2.34
36.05  2.14
36.06  2.43
36.07  2.42
36.08  2.18
36.09  1.99
36.1  2
36.11  2.09
36.12  2.05
36.13  2.35
36.14  2.22
36.15  2.1
36.16  2.08
36.17  2.19
36.18  2.29
36.19  2.17
36.2  2.46
36.21  2.22
36.22  1.95
36.23  1.88
36.24  1.98
36.25  2.1
36.26  2.17
36.27  1.99
36.28  1.99
36.29  2.23
36.3  1.88
36.31  2.09
36.32  2.07
36.33  2.37
36.34  1.96
36.35  2.07
36.36  2.15
36.37  2.07
36.38  2.08
36.39  1.85
36.4  2.18
36.41  2.26
36.42  2.02
36.43  2.1
36.44  1.99
36.45  1.91
36.46  2.12
36.47  2.2
36.48  1.94
36.49  2.08
36.5  2.44
36.51  1.86
36.52  1.97
36.53  2.24
36.54  2.14
36.55  1.72
36.56  2.26
36.57  2.23
36.58  1.94
36.59  2.22
36.6  2.12
36.61  2.22
36.62  2.09
36.63  2.12
36.64  1.98
36.65  2.09
36.66  2.13
36.67  2.11
36.68  2.26
36.69  2.27
36.7  2.24
36.71  2.1
36.72  1.88
36.73  2.23
36.74  2.22
36.75  2.19
36.76  2.34
36.77  2.09
36.78  1.85
36.79  2.22
36.8  2.11
36.81  2.05
36.82  2.4
36.83  2.08
36.84  2.23
36.85  2.21
36.86  2.03
36.87  2.31
36.88  2.04
36.89  1.93
36.9  2.17
36.91  2.07
36.92  2.27
36.93  1.99
36.94  2.28
36.95  1.98
36.96  2.21
36.97  2.06
36.98  2.03
36.99  1.75
37  1.88
37.01  2.19
37.02  2.27
37.03  1.96
37.04  2.32
37.05  2.04
37.06  2.02
37.07  2.03
37.08  2.19
37.09  1.95
37.1  1.94
37.11  1.95
37.12  2.31
37.13  1.99
37.14  2.18
37.15  2.17
37.16  2.05
37.17  2.09
37.18  2.2
37.19  2.16
37.2  2.15
37.21  2.15
37.22  2.09
37.23  1.97
37.24  2.07
37.25  2.09
37.26  2.17
37.27  1.89
37.28  1.98
37.29  2.07
37.3  2.26
37.31  2.24
37.32  2.23
37.33  2.12
37.34  2.09
37.35  1.93
37.36  2.37
37.37  2.08
37.38  2.35
37.39  1.97
37.4  2.41
37.41  2.03
37.42  2.07
37.43  2.09
37.44  2.22
37.45  2.09
37.46  2.03
37.47  2.12
37.48  1.92
37.49  2.05
37.5  2.36
37.51  2.13
37.52  1.93
37.53  2.39
37.54  2.08
37.55  2.15
37.56  2.04
37.57  2.26
37.58  1.96
37.59  2.11
37.6  1.98
37.61  2.01
37.62  2.03
37.63  2.06
37.64  2.09
37.65  2.01
37.66  1.99
37.67  2.25
37.68  2.06
37.69  2.09
37.7  2.18
37.71  1.92
37.72  1.86
37.73  2.35
37.74  1.71
37.75  2.4
37.76  2.15
37.77  2.22
37.78  2.3
37.79  2.03
37.8  1.99
37.81  2.14
37.82  2.09
37.83  1.97
37.84  1.99
37.85  2.24
37.86  2.07
37.87  2.21
37.88  2.11
37.89  2.05
37.9  2.23
37.91  2.08
37.92  2.1
37.93  2.15
37.94  2.2
37.95  2.18
37.96  1.95
37.97  2.25
37.98  2.25
37.99  2.14
38  2.06
38.01  2.18
38.02  2.3
38.03  1.86
38.04  2.08
38.05  2.03
38.06  1.98
38.07  2.09
38.08  2.07
38.09  2.09
38.1  2.2
38.11  2.21
38.12  2.01
38.13  1.96
38.14  2.29
38.15  2.07
38.16  1.85
38.17  1.87
38.18  2.44
38.19  2.12
38.2  2.17
38.21  2.11
38.22  2.02
38.23  2.18
38.24  2.15
38.25  2.34
38.26  2
38.27  1.78
38.28  1.97
38.29  2.22
38.3  2.13
38.31  2.02
38.32  2.19
38.33  1.95
38.34  2.42
38.35  1.92
38.36  2.28
38.37  2.4
38.38  1.95
38.39  1.9
38.4  2.3
38.41  2.09
38.42  2.13
38.43  2.11
38.44  2.07
38.45  1.95
38.46  1.98
38.47  2.18
38.48  2.22
38.49  2.1
38.5  2.08
38.51  1.95
38.52  2.12
38.53  2.25
38.54  2.02
38.55  2.18
38.56  1.98
38.57  2.15
38.58  2.18
38.59  1.9
38.6  2.1
38.61  2.12
38.62  2.1
38.63  2.17
38.64  2.14
38.65  1.8
38.66  2.14
38.67  2.28
38.68  2.3
38.69  2.24
38.7  1.75
38.71  2.18
38.72  2.14
38.73  1.99
38.74  2.19
38.75  2.1
38.76  1.8
38.77  2.16
38.78  2.14
38.79  2.3
38.8  1.99
38.81  2.05
38.82  1.93
38.83  2.11
38.84  2
38.85  1.93
38.86  2.31
38.87  2.23
38.88  2.33
38.89  2.26
38.9  2.15
38.91  2.35
38.92  1.87
38.93  2.2
38.94  2.27
38.95  1.99
38.96  1.97
38.97  2.16
38.98  2.25
38.99  2.07
39  2.02
39.01  2.02
39.02  2.25
39.03  2.02
39.04  2.13
39.05  2.21
39.06  2.27
39.07  2.21
39.08  2.03
39.09  2.07
39.1  2.27
39.11  1.9
39.12  2.18
39.13  1.91
39.14  2.13
39.15  2.04
39.16  2.1
39.17  2.19
39.18  2.08
39.19  2.01
39.2  2.26
39.21  2.09
39.22  2.2
39.23  2.07
39.24  2
39.25  2.08
39.26  2
39.27  2.27
39.28  2.08
39.29  2.37
39.3  2.17
39.31  2
39.32  2.04
39.33  2.05
39.34  2.15
39.35  1.97
39.36  1.91
39.37  2.02
39.38  2.02
39.39  2.31
39.4  1.89
39.41  2.3
39.42  2.09
39.43  2
39.44  2.16
39.45  2.05
39.46  2.3
39.47  2.12
39.48  2.25
39.49  2.14
39.5  2.02
39.51  2.06
39.52  2.06
39.53  2.26
39.54  2.03
39.55  2.1
39.56  2.22
39.57  2.09
39.58  2.21
39.59  2.22
39.6  1.86
39.61  2.22
39.62  2.04
39.63  2.13
39.64  1.92
39.65  1.98
39.66  2.17
39.67  2.1
39.68  2.28
39.69  2.17
39.7  2.19
39.71  2.04
39.72  2.19
39.73  2.1
39.74  2.1
39.75  2.06
39.76  2.22
39.77  2.11
39.78  2.27
39.79  2.17
39.8  1.96
39.81  2.04
39.82  2.06
39.83  2.46
39.84  2.05
39.85  1.88
39.86  1.82
39.87  2.35
39.88  2.28
39.89  2.27
39.9  2.11
39.91  2.1
39.92  2.02
39.93  2
39.94  1.9
39.95  2.11
39.96  2.12
39.97  2.12
39.98  1.95
39.99  2.38
