-15  0
-14.99  0
-14.98  0
-14.97  0
-14.96  0
-14.95  0.04
-14.94  0
-14.93  0.04
-14.92  0
-14.91  0.04
-14.9  0.04
-14.89  0
-14.88  0.04
-14.87  0.04
-14.86  0.04
-14.85  0.04
-14.84  0.12
-14.83  0.04
-14.82  0.08
-14.81  0.04
-14.8  0.08
-14.79  0.08
-14.78  0.08
-14.77  0.12
-14.76  0.12
-14.75  0.08
-14.74  0.12
-14.73  0.16
-14.72  0.2
-14.71  0.12
-14.7  0.16
-14.69  0.2
-14.68  0.24
-14.67  0.2
-14.66  0.24
-14.65  0.24
-14.64  0.32
-14.63  0.36
-14.62  0.4
-14.61  0.48
-14.6  0.48
-14.59  0.52
-14.58  0.64
-14.57  0.72
-14.56  0.88
-14.55  1.04
-14.54  1.24
-14.53  1.56
-14.52  1.96
-14.51  2.44
-14.5  3.28
-14.49  4.24
-14.48  5.72
-14.47  7.32
-14.46  8.92
-14.45  9.16
-14.44  8.16
-14.43  6.48
-14.42  4.92
-14.41  3.64
-14.4  2.88
-14.39  2.16
-14.38  1.76
-14.37  1.4
-14.36  1.12
-14.35  0.96
-14.34  0.88
-14.33  0.68
-14.32  0.64
-14.31  0.52
-14.3  0.52
-14.29  0.44
-14.28  0.44
-14.27  0.32
-14.26  0.32
-14.25  0.36
-14.24  0.28
-14.23  0.24
-14.22  0.2
-14.21  0.28
-14.2  0.2
-14.19  0.2
-14.18  0.16
-14.17  0.24
-14.16  0.16
-14.15  0.32
-14.14  0.16
-14.13  0.16
-14.12  0.16
-14.11  0.12
-14.1  0.16
-14.09  0.16
-14.08  0.16
-14.07  0.12
-14.06  0.2
-14.05  0.16
-14.04  0.08
-14.03  0.16
-14.02  0.2
-14.01  0.12
-14  0.16
-13.99  0.16
-13.98  0.16
-13.97  0.16
-13.96  0.16
-13.95  0.16
-13.94  0.2
-13.93  0.08
-13.92  0.2
-13.91  0.16
-13.9  0.16
-13.89  0.2
-13.88  0.12
-13.87  0.2
-13.86  0.16
-13.85  0.16
-13.84  0.2
-13.83  0.24
-13.82  0.2
-13.81  0.2
-13.8  0.24
-13.79  0.2
-13.78  0.28
-13.77  0.2
-13.76  0.2
-13.75  0.24
-13.74  0.24
-13.73  0.32
-13.72  0.32
-13.71  0.24
-13.7  0.28
-13.69  0.32
-13.68  0.36
-13.67  0.4
-13.66  0.32
-13.65  0.36
-13.64  0.44
-13.63  0.44
-13.62  0.4
-13.61  0.48
-13.6  0.56
-13.59  0.52
-13.58  0.56
-13.57  0.64
-13.56  0.68
-13.55  0.68
-13.54  0.76
-13.53  0.76
-13.52  1
-13.51  0.88
-13.5  1.04
-13.49  1.16
-13.48  1.28
-13.47  1.32
-13.46  1.44
-13.45  1.64
-13.44  1.84
-13.43  2.04
-13.42  2.12
-13.41  2.32
-13.4  2.52
-13.39  2.8
-13.38  2.92
-13.37  3.08
-13.36  3.12
-13.35  3.16
-13.34  3.12
-13.33  3.04
-13.32  2.96
-13.31  2.8
-13.3  2.6
-13.29  2.4
-13.28  2.24
-13.27  2.04
-13.26  1.92
-13.25  1.72
-13.24  1.56
-13.23  1.4
-13.22  1.24
-13.21  1.24
-13.2  1.16
-13.19  0.96
-13.18  1.04
-13.17  0.84
-13.16  0.88
-13.15  0.76
-13.14  0.72
-13.13  0.64
-13.12  0.6
-13.11  0.64
-13.1  0.52
-13.09  0.56
-13.08  0.52
-13.07  0.44
-13.06  0.52
-13.05  0.48
-13.04  0.48
-13.03  0.36
-13.02  0.44
-13.01  0.4
-13  0.44
-12.99  0.36
-12.98  0.36
-12.97  0.28
-12.96  0.44
-12.95  0.28
-12.94  0.4
-12.93  0.4
-12.92  0.32
-12.91  0.28
-12.9  0.36
-12.89  0.32
-12.88  0.28
-12.87  0.36
-12.86  0.36
-12.85  0.28
-12.84  0.36
-12.83  0.28
-12.82  0.4
-12.81  0.24
-12.8  0.36
-12.79  0.36
-12.78  0.24
-12.77  0.32
-12.76  0.36
-12.75  0.32
-12.74  0.36
-12.73  0.48
-12.72  0.32
-12.71  0.4
-12.7  0.4
-12.69  0.32
-12.68  0.4
-12.67  0.4
-12.66  0.4
-12.65  0.36
-12.64  0.44
-12.63  0.48
-12.62  0.4
-12.61  0.56
-12.6  0.44
-12.59  0.52
-12.58  0.48
-12.57  0.52
-12.56  0.6
-12.55  0.56
-12.54  0.56
-12.53  0.6
-12.52  0.6
-12.51  0.64
-12.5  0.72
-12.49  0.88
-12.48  0.76
-12.47  0.8
-12.46  0.8
-12.45  0.88
-12.44  1
-12.43  1.04
-12.42  0.96
-12.41  1.08
-12.4  1.16
-12.39  1.24
-12.38  1.28
-12.37  1.24
-12.36  1.44
-12.35  1.44
-12.34  1.52
-12.33  1.56
-12.32  1.68
-12.31  1.76
-12.3  1.84
-12.29  1.8
-12.28  1.96
-12.27  2.04
-12.26  1.96
-12.25  2
-12.24  2.04
-12.23  1.88
-12.22  2
-12.21  1.92
-12.2  1.88
-12.19  1.76
-12.18  1.84
-12.17  1.8
-12.16  1.52
-12.15  1.64
-12.14  1.44
-12.13  1.52
-12.12  1.28
-12.11  1.36
-12.1  1.2
-12.09  1.2
-12.08  1.12
-12.07  1.04
-12.06  1.12
-12.05  0.92
-12.04  1
-12.03  0.88
-12.02  0.84
-12.01  0.76
-12  0.8
-11.99  0.84
-11.98  0.68
-11.97  0.76
-11.96  0.72
-11.95  0.68
-11.94  0.6
-11.93  0.6
-11.92  0.64
-11.91  0.56
-11.9  0.56
-11.89  0.56
-11.88  0.56
-11.87  0.48
-11.86  0.56
-11.85  0.48
-11.84  0.44
-11.83  0.56
-11.82  0.6
-11.81  0.4
-11.8  0.56
-11.79  0.48
-11.78  0.48
-11.77  0.4
-11.76  0.48
-11.75  0.44
-11.74  0.44
-11.73  0.56
-11.72  0.48
-11.71  0.4
-11.7  0.48
-11.69  0.52
-11.68  0.52
-11.67  0.48
-11.66  0.4
-11.65  0.56
-11.64  0.44
-11.63  0.4
-11.62  0.56
-11.61  0.56
-11.6  0.48
-11.59  0.52
-11.58  0.44
-11.57  0.6
-11.56  0.48
-11.55  0.48
-11.54  0.56
-11.53  0.64
-11.52  0.6
-11.51  0.48
-11.5  0.6
-11.49  0.76
-11.48  0.68
-11.47  0.64
-11.46  0.64
-11.45  0.68
-11.44  0.72
-11.43  0.72
-11.42  0.76
-11.41  0.72
-11.4  0.92
-11.39  0.84
-11.38  0.76
-11.37  0.88
-11.36  0.92
-11.35  0.88
-11.34  0.96
-11.33  1.04
-11.32  1.12
-11.31  1
-11.3  1.2
-11.29  1
-11.28  1.28
-11.27  1.12
-11.26  1.28
-11.25  1.28
-11.24  1.28
-11.23  1.28
-11.22  1.44
-11.21  1.4
-11.2  1.36
-11.19  1.48
-11.18  1.6
-11.17  1.44
-11.16  1.64
-11.15  1.44
-11.14  1.6
-11.13  1.48
-11.12  1.48
-11.11  1.48
-11.1  1.44
-11.09  1.44
-11.08  1.48
-11.07  1.44
-11.06  1.4
-11.05  1.32
-11.04  1.4
-11.03  1.24
-11.02  1.28
-11.01  1.24
-11  1.2
-10.99  1.16
-10.98  1.04
-10.97  1.24
-10.96  1.04
-10.95  1
-10.94  1.08
-10.93  0.84
-10.92  0.96
-10.91  1.08
-10.9  0.84
-10.89  0.88
-10.88  0.88
-10.87  0.88
-10.86  0.72
-10.85  0.76
-10.84  0.76
-10.83  0.8
-10.82  0.68
-10.81  0.72
-10.8  0.68
-10.79  0.68
-10.78  0.72
-10.77  0.72
-10.76  0.56
-10.75  0.72
-10.74  0.6
-10.73  0.6
-10.72  0.64
-10.71  0.68
-10.7  0.56
-10.69  0.64
-10.68  0.56
-10.67  0.56
-10.66  0.64
-10.65  0.52
-10.64  0.6
-10.63  0.56
-10.62  0.64
-10.61  0.56
-10.6  0.64
-10.59  0.52
-10.58  0.6
-10.57  0.56
-10.56  0.6
-10.55  0.6
-10.54  0.6
-10.53  0.56
-10.52  0.68
-10.51  0.64
-10.5  0.6
-10.49  0.6
-10.48  0.56
-10.47  0.68
-10.46  0.56
-10.45  0.64
-10.44  0.72
-10.43  0.68
-10.42  0.64
-10.41  0.6
-10.4  0.72
-10.39  0.72
-10.38  0.76
-10.37  0.68
-10.36  0.76
-10.35  0.84
-10.34  0.76
-10.33  0.72
-10.32  0.84
-10.31  0.8
-10.3  0.92
-10.29  0.84
-10.28  0.96
-10.27  0.92
-10.26  0.84
-10.25  1
-10.24  1
-10.23  0.96
-10.22  0.92
-10.21  1.04
-10.2  1.04
-10.19  1
-10.18  1.08
-10.17  1.04
-10.16  1.16
-10.15  1.12
-10.14  1.24
-10.13  1.24
-10.12  1.2
-10.11  1.16
-10.1  1.2
-10.09  1.36
-10.08  1.16
-10.07  1.28
-10.06  1.2
-10.05  1.32
-10.04  1.28
-10.03  1.28
-10.02  1.28
-10.01  1.24
-10  1.32
-9.99  1.28
-9.98  1.24
-9.97  1.24
-9.96  1.12
-9.95  1.32
-9.94  1.16
-9.93  1.2
-9.92  1.12
-9.91  1.2
-9.9  1.08
-9.89  1.12
-9.88  1
-9.87  1.08
-9.86  1.12
-9.85  0.96
-9.84  1.08
-9.83  0.92
-9.82  0.96
-9.81  0.92
-9.8  1
-9.79  0.84
-9.78  1.12
-9.77  0.84
-9.76  0.84
-9.75  0.68
-9.74  0.96
-9.73  0.84
-9.72  0.84
-9.71  0.8
-9.7  0.8
-9.69  0.8
-9.68  0.72
-9.67  0.8
-9.66  0.68
-9.65  0.76
-9.64  0.64
-9.63  0.68
-9.62  0.8
-9.61  0.64
-9.6  0.72
-9.59  0.64
-9.58  0.76
-9.57  0.76
-9.56  0.68
-9.55  0.6
-9.54  0.76
-9.53  0.64
-9.52  0.68
-9.51  0.72
-9.5  0.6
-9.49  0.56
-9.48  0.76
-9.47  0.68
-9.46  0.76
-9.45  0.72
-9.44  0.64
-9.43  0.6
-9.42  0.76
-9.41  0.64
-9.4  0.8
-9.39  0.64
-9.38  0.68
-9.37  0.68
-9.36  0.72
-9.35  0.8
-9.34  0.68
-9.33  0.68
-9.32  0.68
-9.31  0.84
-9.3  0.72
-9.29  0.76
-9.28  0.84
-9.27  0.8
-9.26  0.72
-9.25  0.8
-9.24  0.84
-9.23  0.72
-9.22  0.84
-9.21  1.04
-9.2  0.76
-9.19  0.88
-9.18  0.96
-9.17  0.8
-9.16  0.92
-9.15  1.04
-9.14  0.88
-9.13  1
-9.12  0.92
-9.11  0.96
-9.1  1.04
-9.09  1
-9.08  0.96
-9.07  1.04
-9.06  1
-9.05  1.08
-9.04  1.12
-9.03  1.08
-9.02  1.08
-9.01  1.12
-9  1.12
-8.99  1.2
-8.98  1.12
-8.97  1
-8.96  1.16
-8.95  1.12
-8.94  1.2
-8.93  1.16
-8.92  1.04
-8.91  1.08
-8.9  1.16
-8.89  1
-8.88  1.12
-8.87  1.24
-8.86  1.2
-8.85  1.04
-8.84  1.04
-8.83  1.12
-8.82  1.12
-8.81  1.04
-8.8  1.04
-8.79  1.08
-8.78  1.2
-8.77  1
-8.76  1.08
-8.75  0.96
-8.74  1
-8.73  0.88
-8.72  0.96
-8.71  0.92
-8.7  1
-8.69  0.92
-8.68  0.88
-8.67  0.92
-8.66  0.8
-8.65  0.92
-8.64  0.76
-8.63  0.96
-8.62  0.84
-8.61  0.88
-8.6  0.88
-8.59  0.84
-8.58  0.76
-8.57  0.84
-8.56  0.88
-8.55  0.8
-8.54  0.72
-8.53  0.84
-8.52  0.68
-8.51  0.84
-8.5  0.84
-8.49  0.84
-8.48  0.64
-8.47  0.68
-8.46  0.76
-8.45  0.8
-8.44  0.72
-8.43  0.72
-8.42  0.84
-8.41  0.68
-8.4  0.76
-8.39  0.72
-8.38  0.76
-8.37  0.76
-8.36  0.72
-8.35  0.72
-8.34  0.72
-8.33  0.72
-8.32  0.68
-8.31  0.84
-8.3  0.68
-8.29  0.8
-8.28  0.76
-8.27  0.76
-8.26  0.8
-8.25  0.84
-8.24  0.68
-8.23  0.8
-8.22  0.68
-8.21  0.84
-8.2  0.76
-8.19  0.8
-8.18  0.84
-8.17  0.84
-8.16  0.88
-8.15  0.84
-8.14  0.8
-8.13  0.88
-8.12  0.84
-8.11  0.88
-8.1  0.84
-8.09  0.8
-8.08  1.04
-8.07  0.84
-8.06  0.92
-8.05  0.88
-8.04  1
-8.03  1.04
-8.02  0.8
-8.01  0.88
-8  1.04
-7.99  1
-7.98  0.92
-7.97  1.04
-7.96  0.96
-7.95  1
-7.94  0.92
-7.93  1.04
-7.92  1.08
-7.91  1
-7.9  1.08
-7.89  0.96
-7.88  1.08
-7.87  1.08
-7.86  0.96
-7.85  1.08
-7.84  1.08
-7.83  0.96
-7.82  1.16
-7.81  1
-7.8  1
-7.79  1.28
-7.78  0.92
-7.77  1.2
-7.76  0.88
-7.75  1.04
-7.74  1.08
-7.73  1
-7.72  1
-7.71  1
-7.7  1.04
-7.69  0.96
-7.68  1.04
-7.67  1.04
-7.66  1
-7.65  0.88
-7.64  1
-7.63  0.92
-7.62  0.84
-7.61  1.04
-7.6  0.96
-7.59  0.88
-7.58  0.96
-7.57  1
-7.56  0.88
-7.55  0.88
-7.54  0.84
-7.53  0.88
-7.52  0.92
-7.51  0.88
-7.5  0.84
-7.49  0.88
-7.48  0.76
-7.47  0.96
-7.46  0.84
-7.45  0.84
-7.44  0.96
-7.43  0.84
-7.42  0.76
-7.41  0.76
-7.4  0.8
-7.39  0.8
-7.38  0.92
-7.37  0.68
-7.36  0.8
-7.35  0.92
-7.34  0.76
-7.33  0.64
-7.32  0.76
-7.31  0.76
-7.3  0.84
-7.29  0.76
-7.28  0.88
-7.27  0.8
-7.26  0.8
-7.25  0.8
-7.24  0.8
-7.23  0.68
-7.22  0.76
-7.21  0.8
-7.2  0.72
-7.19  0.92
-7.18  0.68
-7.17  0.96
-7.16  0.92
-7.15  0.76
-7.14  0.72
-7.13  0.84
-7.12  0.96
-7.11  0.8
-7.1  0.72
-7.09  0.84
-7.08  0.84
-7.07  0.76
-7.06  0.88
-7.05  0.92
-7.04  0.8
-7.03  0.88
-7.02  0.8
-7.01  1
-7  0.76
-6.99  0.76
-6.98  0.84
-6.97  1.08
-6.96  0.88
-6.95  0.84
-6.94  0.96
-6.93  0.92
-6.92  0.96
-6.91  0.96
-6.9  0.92
-6.89  1
-6.88  0.96
-6.87  0.96
-6.86  0.88
-6.85  0.96
-6.84  0.96
-6.83  1
-6.82  1
-6.81  0.92
-6.8  0.92
-6.79  1.08
-6.78  0.96
-6.77  1.08
-6.76  1.04
-6.75  0.88
-6.74  1
-6.73  1.04
-6.72  1.08
-6.71  0.92
-6.7  1.04
-6.69  0.96
-6.68  0.92
-6.67  0.96
-6.66  1.08
-6.65  1
-6.64  0.88
-6.63  0.96
-6.62  1.08
-6.61  1.04
-6.6  1.08
-6.59  0.92
-6.58  0.96
-6.57  0.88
-6.56  1
-6.55  0.84
-6.54  1.04
-6.53  1.08
-6.52  0.88
-6.51  1
-6.5  0.92
-6.49  0.92
-6.48  0.84
-6.47  0.88
-6.46  0.8
-6.45  0.96
-6.44  1
-6.43  0.84
-6.42  0.88
-6.41  0.92
-6.4  0.88
-6.39  0.84
-6.38  0.96
-6.37  0.92
-6.36  0.76
-6.35  0.88
-6.34  0.84
-6.33  0.88
-6.32  0.88
-6.31  0.84
-6.3  0.8
-6.29  0.88
-6.28  0.72
-6.27  1
-6.26  0.76
-6.25  0.84
-6.24  0.72
-6.23  0.88
-6.22  0.84
-6.21  0.8
-6.2  0.76
-6.19  0.84
-6.18  0.76
-6.17  0.84
-6.16  0.92
-6.15  0.76
-6.14  0.84
-6.13  0.84
-6.12  0.84
-6.11  0.96
-6.1  0.76
-6.09  0.76
-6.08  0.92
-6.07  0.88
-6.06  0.72
-6.05  0.84
-6.04  0.92
-6.03  0.8
-6.02  0.84
-6.01  0.72
-6  0.96
-5.99  0.76
-5.98  0.8
-5.97  0.84
-5.96  0.84
-5.95  1
-5.94  0.88
-5.93  0.88
-5.92  0.76
-5.91  0.8
-5.9  1
-5.89  0.92
-5.88  0.88
-5.87  1
-5.86  0.88
-5.85  0.84
-5.84  0.92
-5.83  0.88
-5.82  0.84
-5.81  0.88
-5.8  0.92
-5.79  0.96
-5.78  0.92
-5.77  1
-5.76  1
-5.75  1
-5.74  0.92
-5.73  0.88
-5.72  1
-5.71  0.96
-5.7  1.04
-5.69  0.92
-5.68  0.92
-5.67  0.84
-5.66  1.04
-5.65  1.04
-5.64  0.88
-5.63  0.92
-5.62  1.04
-5.61  0.84
-5.6  1
-5.59  0.92
-5.58  0.96
-5.57  1.04
-5.56  1
-5.55  0.88
-5.54  1
-5.53  0.92
-5.52  0.84
-5.51  1.04
-5.5  0.88
-5.49  1
-5.48  0.88
-5.47  1
-5.46  1.12
-5.45  0.8
-5.44  1.08
-5.43  0.84
-5.42  0.88
-5.41  0.92
-5.4  1
-5.39  0.96
-5.38  0.88
-5.37  1.04
-5.36  0.84
-5.35  0.88
-5.34  0.92
-5.33  0.88
-5.32  0.96
-5.31  0.8
-5.3  0.84
-5.29  0.92
-5.28  1.04
-5.27  0.76
-5.26  0.84
-5.25  0.92
-5.24  0.92
-5.23  0.84
-5.22  0.8
-5.21  0.84
-5.2  0.84
-5.19  0.92
-5.18  0.88
-5.17  0.84
-5.16  0.92
-5.15  0.84
-5.14  0.8
-5.13  0.88
-5.12  0.76
-5.11  0.84
-5.1  0.84
-5.09  0.92
-5.08  0.8
-5.07  0.96
-5.06  0.76
-5.05  0.8
-5.04  0.92
-5.03  0.76
-5.02  1.04
-5.01  0.72
-5  0.88
-4.99  0.84
-4.98  0.84
-4.97  0.96
-4.96  0.72
-4.95  0.88
-4.94  0.8
-4.93  0.92
-4.92  0.84
-4.91  0.92
-4.9  0.84
-4.89  0.76
-4.88  0.88
-4.87  0.92
-4.86  0.68
-4.85  1.08
-4.84  0.88
-4.83  0.92
-4.82  0.92
-4.81  0.76
-4.8  0.84
-4.79  1
-4.78  0.96
-4.77  0.88
-4.76  0.84
-4.75  0.88
-4.74  0.88
-4.73  0.88
-4.72  0.84
-4.71  0.88
-4.7  0.88
-4.69  0.92
-4.68  0.96
-4.67  0.84
-4.66  1
-4.65  0.92
-4.64  0.96
-4.63  0.96
-4.62  0.92
-4.61  1.08
-4.6  0.92
-4.59  0.96
-4.58  0.88
-4.57  1
-4.56  0.88
-4.55  1
-4.54  0.92
-4.53  0.88
-4.52  0.92
-4.51  0.88
-4.5  0.92
-4.49  0.96
-4.48  0.96
-4.47  0.96
-4.46  0.92
-4.45  0.92
-4.44  0.96
-4.43  0.96
-4.42  0.88
-4.41  0.96
-4.4  1
-4.39  0.84
-4.38  0.96
-4.37  0.88
-4.36  0.92
-4.35  0.96
-4.34  0.84
-4.33  1
-4.32  1
-4.31  0.88
-4.3  1.04
-4.29  0.8
-4.28  0.96
-4.27  0.96
-4.26  0.92
-4.25  0.96
-4.24  0.84
-4.23  0.96
-4.22  0.84
-4.21  0.84
-4.2  0.92
-4.19  0.92
-4.18  0.92
-4.17  0.92
-4.16  0.84
-4.15  0.84
-4.14  0.84
-4.13  0.96
-4.12  0.8
-4.11  0.84
-4.1  0.96
-4.09  0.8
-4.08  0.88
-4.07  0.84
-4.06  0.88
-4.05  0.88
-4.04  0.88
-4.03  0.84
-4.02  0.8
-4.01  0.88
-4  0.88
-3.99  0.88
-3.98  0.84
-3.97  0.96
-3.96  0.84
-3.95  0.92
-3.94  0.92
-3.93  0.84
-3.92  0.76
-3.91  0.92
-3.9  0.8
-3.89  0.92
-3.88  1
-3.87  0.84
-3.86  0.76
-3.85  0.8
-3.84  0.96
-3.83  0.76
-3.82  0.96
-3.81  0.84
-3.8  0.88
-3.79  0.76
-3.78  0.8
-3.77  0.88
-3.76  1.12
-3.75  0.8
-3.74  0.84
-3.73  0.84
-3.72  0.84
-3.71  0.96
-3.7  0.88
-3.69  0.92
-3.68  0.88
-3.67  0.88
-3.66  0.96
-3.65  0.84
-3.64  1.04
-3.63  0.8
-3.62  1
-3.61  0.84
-3.6  0.88
-3.59  0.88
-3.58  0.88
-3.57  0.76
-3.56  0.96
-3.55  0.88
-3.54  0.96
-3.53  1.08
-3.52  0.76
-3.51  1
-3.5  1
-3.49  0.92
-3.48  1.04
-3.47  0.88
-3.46  0.92
-3.45  1.04
-3.44  0.76
-3.43  0.84
-3.42  1.04
-3.41  0.8
-3.4  1
-3.39  0.88
-3.38  0.92
-3.37  0.96
-3.36  0.96
-3.35  0.8
-3.34  1.04
-3.33  0.88
-3.32  1
-3.31  0.92
-3.3  0.84
-3.29  0.92
-3.28  0.84
-3.27  1.08
-3.26  0.88
-3.25  0.88
-3.24  0.88
-3.23  0.88
-3.22  1.16
-3.21  0.84
-3.2  0.96
-3.19  0.96
-3.18  0.8
-3.17  0.84
-3.16  0.96
-3.15  0.88
-3.14  0.84
-3.13  1
-3.12  1.04
-3.11  0.84
-3.1  0.84
-3.09  1.04
-3.08  0.84
-3.07  0.84
-3.06  0.88
-3.05  0.88
-3.04  0.88
-3.03  0.92
-3.02  0.8
-3.01  0.92
-3  0.88
-2.99  0.8
-2.98  0.88
-2.97  0.84
-2.96  0.96
-2.95  0.96
-2.94  0.8
-2.93  0.88
-2.92  0.92
-2.91  0.88
-2.9  0.92
-2.89  0.84
-2.88  0.96
-2.87  0.68
-2.86  0.88
-2.85  0.84
-2.84  0.84
-2.83  0.8
-2.82  0.92
-2.81  0.96
-2.8  1
-2.79  0.64
-2.78  0.96
-2.77  0.88
-2.76  0.84
-2.75  0.84
-2.74  0.92
-2.73  1
-2.72  1
-2.71  0.84
-2.7  0.88
-2.69  0.84
-2.68  0.96
-2.67  0.92
-2.66  0.76
-2.65  0.88
-2.64  0.8
-2.63  0.8
-2.62  1.04
-2.61  0.84
-2.6  0.92
-2.59  0.92
-2.58  0.84
-2.57  0.88
-2.56  0.92
-2.55  0.88
-2.54  0.88
-2.53  0.84
-2.52  0.88
-2.51  0.96
-2.5  0.84
-2.49  0.96
-2.48  0.84
-2.47  0.88
-2.46  0.84
-2.45  1.04
-2.44  0.92
-2.43  0.96
-2.42  0.92
-2.41  0.92
-2.4  0.92
-2.39  0.92
-2.38  0.92
-2.37  0.88
-2.36  1
-2.35  0.8
-2.34  0.88
-2.33  1.12
-2.32  0.84
-2.31  0.92
-2.3  0.88
-2.29  0.88
-2.28  0.96
-2.27  0.88
-2.26  0.92
-2.25  1.16
-2.24  0.8
-2.23  0.96
-2.22  0.84
-2.21  0.88
-2.2  0.92
-2.19  0.84
-2.18  0.96
-2.17  0.84
-2.16  0.96
-2.15  0.92
-2.14  0.84
-2.13  0.92
-2.12  0.84
-2.11  1
-2.1  0.88
-2.09  0.88
-2.08  0.92
-2.07  1
-2.06  0.8
-2.05  1.04
-2.04  0.92
-2.03  0.72
-2.02  1
-2.01  0.92
-2  0.92
-1.99  0.84
-1.98  1.08
-1.97  0.84
-1.96  0.88
-1.95  0.8
-1.94  0.88
-1.93  0.96
-1.92  1.04
-1.91  0.72
-1.9  0.84
-1.89  0.92
-1.88  0.92
-1.87  0.76
-1.86  1.04
-1.85  0.8
-1.84  0.84
-1.83  0.84
-1.82  0.92
-1.81  0.84
-1.8  0.84
-1.79  1
-1.78  0.92
-1.77  0.72
-1.76  1
-1.75  0.92
-1.74  0.96
-1.73  0.84
-1.72  0.84
-1.71  0.92
-1.7  0.8
-1.69  0.88
-1.68  0.96
-1.67  0.76
-1.66  0.92
-1.65  0.92
-1.64  0.8
-1.63  0.92
-1.62  0.88
-1.61  0.84
-1.6  0.96
-1.59  0.92
-1.58  0.84
-1.57  1.04
-1.56  0.72
-1.55  0.92
-1.54  0.96
-1.53  0.76
-1.52  1.04
-1.51  0.88
-1.5  0.88
-1.49  0.88
-1.48  0.96
-1.47  0.88
-1.46  0.88
-1.45  0.8
-1.44  0.88
-1.43  0.8
-1.42  0.92
-1.41  1
-1.4  0.88
-1.39  0.92
-1.38  0.96
-1.37  0.88
-1.36  0.84
-1.35  0.92
-1.34  0.88
-1.33  0.88
-1.32  0.96
-1.31  0.84
-1.3  0.96
-1.29  0.8
-1.28  1
-1.27  0.88
-1.26  1.08
-1.25  0.84
-1.24  0.76
-1.23  0.96
-1.22  0.96
-1.21  0.88
-1.2  0.88
-1.19  0.96
-1.18  0.84
-1.17  0.92
-1.16  1.08
-1.15  0.8
-1.14  0.96
-1.13  0.84
-1.12  1.04
-1.11  0.84
-1.1  0.92
-1.09  0.88
-1.08  0.96
-1.07  0.84
-1.06  0.84
-1.05  0.92
-1.04  0.88
-1.03  1.12
-1.02  0.96
-1.01  0.8
-1  0.92
-0.99  0.92
-0.98  0.88
-0.97  0.76
-0.96  1.04
-0.95  0.84
-0.94  0.84
-0.93  0.8
-0.92  0.92
-0.91  0.88
-0.9  0.96
-0.89  0.96
-0.88  0.92
-0.87  0.88
-0.86  0.92
-0.85  0.8
-0.84  0.96
-0.83  1
-0.82  0.88
-0.81  1.04
-0.8  0.68
-0.79  1
-0.78  0.88
-0.77  0.88
-0.76  0.88
-0.75  0.88
-0.74  0.96
-0.73  0.88
-0.72  0.88
-0.71  0.84
-0.7  0.88
-0.69  1
-0.68  0.72
-0.67  1
-0.66  0.84
-0.65  0.88
-0.64  0.88
-0.63  0.84
-0.62  0.88
-0.61  0.88
-0.6  0.92
-0.59  0.84
-0.58  0.92
-0.57  0.84
-0.56  0.88
-0.55  1.08
-0.54  0.8
-0.53  0.8
-0.52  0.84
-0.51  0.88
-0.5  0.8
-0.49  0.96
-0.48  1.04
-0.47  0.8
-0.46  0.88
-0.45  0.88
-0.44  0.88
-0.43  0.96
-0.42  0.88
-0.41  0.88
-0.4  0.88
-0.39  0.84
-0.38  1.04
-0.37  0.92
-0.36  0.8
-0.35  0.84
-0.34  0.88
-0.33  0.88
-0.32  1
-0.31  1
-0.3  1.04
-0.29  0.8
-0.28  0.8
-0.27  1
-0.26  0.88
-0.25  0.96
-0.24  0.88
-0.23  0.84
-0.22  0.84
-0.21  0.76
-0.2  0.96
-0.19  0.88
-0.18  0.88
-0.17  0.92
-0.16  0.88
-0.15  0.88
-0.14  0.84
-0.13  0.88
-0.12  1
-0.11  1.04
-0.1  0.88
-0.09  0.88
-0.08  0.92
-0.07  0.96
-0.06  0.84
-0.05  0.96
-0.04  1
-0.03  0.8
-0.02  0.84
-0.01  0.88
-2.16197e-11  1
0.0001  0
0.0101  0.88
0.0201  0.88
0.0301  0.93
0.0401  0.92
0.0501  0.8
0.0601  1.04
0.0701  0.94
0.0801  0.94
0.0901  0.85
0.1001  0.81
0.1101  1.05
0.1201  0.79
0.1301  0.96
0.1401  0.8
0.1501  0.86
0.1601  0.9
0.1701  0.98
0.1801  1.1
0.1901  1.09
0.2001  0.8
0.2101  0.86
0.2201  0.87
0.2301  0.92
0.2401  0.88
0.2501  0.68
0.2601  0.96
0.2701  0.83
0.2801  1
0.2901  0.88
0.3001  0.8
0.3101  0.86
0.3201  0.94
0.3301  0.89
0.3401  0.74
0.3501  1.03
0.3601  0.78
0.3701  0.81
0.3801  0.87
0.3901  0.85
0.4001  0.81
0.4101  0.89
0.4201  0.93
0.4301  0.98
0.4401  0.96
0.4501  0.78
0.4601  0.74
0.4701  0.91
0.4801  0.68
0.4901  0.79
0.5001  0.94
0.5101  0.85
0.5201  0.76
0.5301  0.81
0.5401  0.67
0.5501  0.76
0.5601  0.64
0.5701  0.65
0.5801  0.76
0.5901  0.67
0.6001  0.8
0.6101  0.75
0.6201  0.81
0.6301  0.71
0.6401  0.84
0.6501  0.77
0.6601  0.74
0.6701  0.6
0.6801  0.77
0.6901  0.63
0.7001  0.61
0.7101  0.66
0.7201  0.57
0.7301  0.75
0.7401  0.77
0.7501  0.82
0.7601  0.88
0.7701  0.72
0.7801  0.66
0.7901  0.7
0.8001  0.72
0.8101  0.67
0.8201  0.85
0.8301  0.79
0.8401  0.75
0.8501  0.72
0.8601  0.63
0.8701  0.66
0.8801  0.6
0.8901  0.54
0.9001  0.59
0.9101  0.75
0.9201  0.77
0.9301  0.65
0.9401  0.65
0.9501  0.86
0.9601  0.59
0.9701  0.58
0.9801  0.61
0.9901  0.71
1.0001  0.74
1.0101  0.56
1.0201  0.76
1.0301  0.48
1.0401  0.62
1.0501  0.78
1.0601  0.87
1.0701  0.81
1.0801  0.57
1.0901  0.68
1.1001  0.63
1.1101  0.84
1.1201  0.73
1.1301  0.71
1.1401  0.68
1.1501  0.73
1.1601  0.69
1.1701  0.68
1.1801  0.81
1.1901  0.72
1.2001  0.64
1.2101  0.68
1.2201  0.73
1.2301  0.51
1.2401  0.54
1.2501  0.81
1.2601  0.74
1.2701  0.59
1.2801  0.64
1.2901  0.76
1.3001  0.65
1.3101  0.74
1.3201  0.92
1.3301  0.69
1.3401  0.72
1.3501  0.71
1.3601  0.64
1.3701  0.83
1.3801  0.72
1.3901  0.76
1.4001  0.68
1.4101  0.78
1.4201  0.74
1.4301  0.76
1.4401  0.71
1.4501  0.68
1.4601  0.71
1.4701  0.75
1.4801  0.82
1.4901  0.76
1.5001  0.72
1.5101  0.7
1.5201  0.8
1.5301  0.69
1.5401  0.79
1.5501  0.76
1.5601  0.72
1.5701  0.64
1.5801  0.9
1.5901  0.7
1.6001  0.77
1.6101  0.82
1.6201  0.7
1.6301  0.74
1.6401  0.76
1.6501  0.82
1.6601  0.88
1.6701  0.87
1.6801  0.73
1.6901  0.82
1.7001  0.64
1.7101  0.86
1.7201  0.73
1.7301  0.74
1.7401  0.96
1.7501  0.68
1.7601  0.96
1.7701  0.95
1.7801  1.05
1.7901  1
1.8001  0.76
1.8101  0.79
1.8201  0.91
1.8301  0.88
1.8401  0.76
1.8501  0.71
1.8601  0.76
1.8701  0.77
1.8801  0.67
1.8901  0.76
1.9001  0.89
1.9101  0.88
1.9201  0.94
1.9301  0.98
1.9401  0.82
1.9501  0.85
1.9601  0.7
1.9701  0.76
1.9801  0.98
1.9901  0.78
2.0001  0.99
2.0101  0.77
2.0201  0.92
2.0301  0.74
2.0401  0.83
2.0501  0.83
2.0601  0.87
2.0701  0.89
2.0801  0.94
2.0901  0.73
2.1001  0.89
2.1101  0.94
2.1201  0.7
2.1301  0.88
2.1401  0.9
2.1501  0.92
2.1601  0.76
2.1701  0.97
2.1801  0.88
2.1901  0.76
2.2001  1.01
2.2101  0.94
2.2201  0.83
2.2301  0.97
2.2401  0.96
2.2501  0.78
2.2601  0.93
2.2701  0.85
2.2801  0.99
2.2901  1.03
2.3001  0.94
2.3101  0.89
2.3201  0.8
2.3301  0.82
2.3401  0.88
2.3501  0.85
2.3601  0.79
2.3701  0.87
2.3801  0.87
2.3901  0.93
2.4001  0.87
2.4101  0.87
2.4201  0.89
2.4301  0.88
2.4401  0.96
2.4501  0.78
2.4601  0.85
2.4701  0.81
2.4801  0.77
2.4901  1.01
2.5001  0.8
2.5101  1
2.5201  0.97
2.5301  0.86
2.5401  0.92
2.5501  0.86
2.5601  0.95
2.5701  0.86
2.5801  0.81
2.5901  0.95
2.6001  1.01
2.6101  0.88
2.6201  0.77
2.6301  0.83
2.6401  0.75
2.6501  0.83
2.6601  0.88
2.6701  0.8
2.6801  0.73
2.6901  0.9
2.7001  0.88
2.7101  0.79
2.7201  0.87
2.7301  0.95
2.7401  0.77
2.7501  0.74
2.7601  0.77
2.7701  0.95
2.7801  1.08
2.7901  1.01
2.8001  0.88
2.8101  0.75
2.8201  0.74
2.8301  0.85
2.8401  0.75
2.8501  0.85
2.8601  0.76
2.8701  0.78
2.8801  0.92
2.8901  0.77
2.9001  0.82
2.9101  0.72
2.9201  0.72
2.9301  0.68
2.9401  1.08
2.9501  0.96
2.9601  0.62
2.9701  0.9
2.9801  0.95
2.9901  0.86
3.0001  0.72
3.0101  0.85
3.0201  0.78
3.0301  0.84
3.0401  0.87
3.0501  0.69
3.0601  0.94
3.0701  0.71
3.0801  0.77
3.0901  0.82
3.1001  0.86
3.1101  0.89
3.1201  0.71
3.1301  0.87
3.1401  0.82
3.1501  0.97
3.1601  0.76
3.1701  0.75
3.1801  0.75
3.1901  0.79
3.2001  0.84
3.2101  0.79
3.2201  0.65
3.2301  0.83
3.2401  0.98
3.2501  0.73
3.2601  0.88
3.2701  0.71
3.2801  0.86
3.2901  0.75
3.3001  0.76
3.3101  0.72
3.3201  0.89
3.3301  0.9
3.3401  0.93
3.3501  0.82
3.3601  0.79
3.3701  0.83
3.3801  0.89
3.3901  0.85
3.4001  0.77
3.4101  0.76
3.4201  0.74
3.4301  0.79
3.4401  0.96
3.4501  0.64
3.4601  0.78
3.4701  0.6
3.4801  0.78
3.4901  0.83
3.5001  0.89
3.5101  0.85
3.5201  0.8
3.5301  0.78
3.5401  0.76
3.5501  0.93
3.5601  0.79
3.5701  0.77
3.5801  0.86
3.5901  0.86
3.6001  0.61
3.6101  0.79
3.6201  0.83
3.6301  0.84
3.6401  0.84
3.6501  0.69
3.6601  0.83
3.6701  0.94
3.6801  0.79
3.6901  0.8
3.7001  0.75
3.7101  0.9
3.7201  0.72
3.7301  0.77
3.7401  0.77
3.7501  0.96
3.7601  0.77
3.7701  0.75
3.7801  0.71
3.7901  0.88
3.8001  0.74
3.8101  0.67
3.8201  0.75
3.8301  0.87
3.8401  0.88
3.8501  0.75
3.8601  0.8
3.8701  0.74
3.8801  0.69
3.8901  0.7
3.9001  0.89
3.9101  0.82
3.9201  0.89
3.9301  0.8
3.9401  0.85
3.9501  0.94
3.9601  0.91
3.9701  0.81
3.9801  0.69
3.9901  0.73
4.0001  0.71
4.0101  0.63
4.0201  0.8
4.0301  0.75
4.0401  0.86
4.0501  0.88
4.0601  0.79
4.0701  0.72
4.0801  0.92
4.0901  0.72
4.1001  0.92
4.1101  0.77
4.1201  0.9
4.1301  0.71
4.1401  0.71
4.1501  0.82
4.1601  0.94
4.1701  0.82
4.1801  0.79
4.1901  0.75
4.2001  0.7
4.2101  0.9
4.2201  0.93
4.2301  0.96
4.2401  0.81
4.2501  0.8
4.2601  0.93
4.2701  0.84
4.2801  0.93
4.2901  0.76
4.3001  0.77
4.3101  0.78
4.3201  0.75
4.3301  0.82
4.3401  0.75
4.3501  0.71
4.3601  0.86
4.3701  0.82
4.3801  0.99
4.3901  0.73
4.4001  0.98
4.4101  0.84
4.4201  0.88
4.4301  0.77
4.4401  0.81
4.4501  0.99
4.4601  0.87
4.4701  0.97
4.4801  1.05
4.4901  0.86
4.5001  0.68
4.5101  0.83
4.5201  0.8
4.5301  0.59
4.5401  0.75
4.5501  0.89
4.5601  1
4.5701  0.82
4.5801  0.93
4.5901  0.74
4.6001  0.85
4.6101  0.86
4.6201  0.87
4.6301  0.78
4.6401  0.85
4.6501  0.73
4.6601  0.82
4.6701  0.7
4.6801  0.73
4.6901  0.93
4.7001  0.93
4.7101  0.81
4.7201  0.82
4.7301  0.93
4.7401  0.72
4.7501  0.84
4.7601  0.74
4.7701  0.73
4.7801  0.76
4.7901  0.91
4.8001  0.86
4.8101  0.81
4.8201  0.8
4.8301  0.82
4.8401  0.78
4.8501  0.79
4.8601  0.86
4.8701  0.87
4.8801  0.9
4.8901  0.71
4.9001  0.74
4.9101  0.86
4.9201  0.83
4.9301  0.74
4.9401  0.72
4.9501  0.63
4.9601  0.73
4.9701  0.95
4.9801  0.9
4.9901  1.02
5.0001  0.81
5.0101  0.88
5.0201  0.94
5.0301  0.7
5.0401  0.96
5.0501  0.77
5.0601  0.95
5.0701  0.76
5.0801  0.79
5.0901  0.84
5.1001  0.78
5.1101  0.8
5.1201  0.82
5.1301  0.92
5.1401  0.9
5.1501  0.85
5.1601  0.8
5.1701  0.65
5.1801  0.84
5.1901  0.98
5.2001  1.1
5.2101  0.72
5.2201  0.7
5.2301  0.79
5.2401  0.76
5.2501  0.79
5.2601  0.73
5.2701  0.89
5.2801  1
5.2901  0.74
5.3001  0.76
5.3101  0.77
5.3201  0.81
5.3301  0.73
5.3401  0.87
5.3501  0.77
5.3601  0.9
5.3701  0.8
5.3801  0.67
5.3901  0.83
5.4001  0.77
5.4101  0.86
5.4201  0.82
5.4301  0.71
5.4401  0.9
5.4501  0.76
5.4601  0.77
5.4701  0.69
5.4801  0.61
5.4901  0.84
5.5001  0.9
5.5101  0.8
5.5201  0.86
5.5301  0.88
5.5401  0.95
5.5501  0.76
5.5601  0.81
5.5701  0.87
5.5801  0.82
5.5901  0.8
5.6001  0.86
5.6101  0.88
5.6201  1
5.6301  0.79
5.6401  0.72
5.6501  0.77
5.6601  0.81
5.6701  0.78
5.6801  1.01
5.6901  0.84
5.7001  0.72
5.7101  0.76
5.7201  0.76
5.7301  0.9
5.7401  0.76
5.7501  0.83
5.7601  0.75
5.7701  0.8
5.7801  0.93
5.7901  0.94
5.8001  0.79
5.8101  0.82
5.8201  0.8
5.8301  0.61
5.8401  0.98
5.8501  0.88
5.8601  0.92
5.8701  0.87
5.8801  0.88
5.8901  0.87
5.9001  0.97
5.9101  0.96
5.9201  0.82
5.9301  0.84
5.9401  0.96
5.9501  0.66
5.9601  0.71
5.9701  0.78
5.9801  0.7
5.9901  0.95
6.0001  0.85
6.0101  0.76
6.0201  0.83
6.0301  0.64
6.0401  0.77
6.0501  0.78
6.0601  0.8
6.0701  0.78
6.0801  0.93
6.0901  0.72
6.1001  0.83
6.1101  0.83
6.1201  0.7
6.1301  0.94
6.1401  0.76
6.1501  0.85
6.1601  0.93
6.1701  0.76
6.1801  0.75
6.1901  0.78
6.2001  0.89
6.2101  0.89
6.2201  0.67
6.2301  0.94
6.2401  0.76
6.2501  0.85
6.2601  0.79
6.2701  0.88
6.2801  0.86
6.2901  1.01
6.3001  0.89
6.3101  0.86
6.3201  0.76
6.3301  0.84
6.3401  0.95
6.3501  0.93
6.3601  0.69
6.3701  0.95
6.3801  0.89
6.3901  0.78
6.4001  0.9
6.4101  0.88
6.4201  0.7
6.4301  0.69
6.4401  0.85
6.4501  0.8
6.4601  0.84
6.4701  0.9
6.4801  0.83
6.4901  0.91
6.5001  0.83
6.5101  0.77
6.5201  0.87
6.5301  0.83
6.5401  0.78
6.5501  0.84
6.5601  0.81
6.5701  0.96
6.5801  0.86
6.5901  0.94
6.6001  0.83
6.6101  0.72
6.6201  0.76
6.6301  0.84
6.6401  0.8
6.6501  0.89
6.6601  0.82
6.6701  0.74
6.6801  0.87
6.6901  0.9
6.7001  0.97
6.7101  0.82
6.7201  0.89
6.7301  0.85
6.7401  0.9
6.7501  0.99
6.7601  0.72
6.7701  0.85
6.7801  0.76
6.7901  0.75
6.8001  0.71
6.8101  0.81
6.8201  0.85
6.8301  0.74
6.8401  0.85
6.8501  0.85
6.8601  0.87
6.8701  0.72
6.8801  0.84
6.8901  0.89
6.9001  0.9
6.9101  1.1
6.9201  0.81
6.9301  0.77
6.9401  0.91
6.9501  0.73
6.9601  0.75
6.9701  0.93
6.9801  0.83
6.9901  0.91
7.0001  0.87
7.0101  0.69
7.0201  0.73
7.0301  0.67
7.0401  0.87
7.0501  1.11
7.0601  0.84
7.0701  0.92
7.0801  0.79
7.0901  0.83
7.1001  0.87
7.1101  0.83
7.1201  0.92
7.1301  0.66
7.1401  0.75
7.1501  0.91
7.1601  1.05
7.1701  0.75
7.1801  0.93
7.1901  0.83
7.2001  0.81
7.2101  0.71
7.2201  0.79
7.2301  0.76
7.2401  0.78
7.2501  0.65
7.2601  0.84
7.2701  0.95
7.2801  0.93
7.2901  0.86
7.3001  0.71
7.3101  0.94
7.3201  0.77
7.3301  0.84
7.3401  0.9
7.3501  0.88
7.3601  0.66
7.3701  0.94
7.3801  0.87
7.3901  0.77
7.4001  0.79
7.4101  0.75
7.4201  0.72
7.4301  0.87
7.4401  0.73
7.4501  0.81
7.4601  0.8
7.4701  0.97
7.4801  0.85
7.4901  0.83
7.5001  0.72
7.5101  0.96
7.5201  0.79
7.5301  0.88
7.5401  0.75
7.5501  0.7
7.5601  0.72
7.5701  0.82
7.5801  0.84
7.5901  0.87
7.6001  0.89
7.6101  0.88
7.6201  0.95
7.6301  0.77
7.6401  0.88
7.6501  0.87
7.6601  1.03
7.6701  0.74
7.6801  0.65
7.6901  0.82
7.7001  0.71
7.7101  0.87
7.7201  0.95
7.7301  0.85
7.7401  0.79
7.7501  0.84
7.7601  0.78
7.7701  0.83
7.7801  0.83
7.7901  0.76
7.8001  0.94
7.8101  0.64
7.8201  0.86
7.8301  0.98
7.8401  0.79
7.8501  0.78
7.8601  0.88
7.8701  0.83
7.8801  0.76
7.8901  0.99
7.9001  1
7.9101  0.71
7.9201  0.93
7.9301  0.71
7.9401  0.76
7.9501  0.92
7.9601  0.93
7.9701  0.92
7.9801  0.77
7.9901  0.94
8.0001  0.92
8.0101  0.77
8.0201  0.8
8.0301  0.76
8.0401  0.98
8.0501  0.85
8.0601  0.74
8.0701  0.77
8.0801  0.9
8.0901  0.82
8.1001  0.81
8.1101  0.79
8.1201  0.86
8.1301  0.84
8.1401  0.77
8.1501  0.82
8.1601  0.91
8.1701  0.77
8.1801  0.75
8.1901  0.94
8.2001  0.84
8.2101  0.85
8.2201  0.96
8.2301  0.81
8.2401  0.78
8.2501  0.91
8.2601  0.65
8.2701  0.71
8.2801  0.85
8.2901  0.79
8.3001  0.78
8.3101  0.86
8.3201  0.84
8.3301  0.88
8.3401  0.97
8.3501  0.81
8.3601  0.85
8.3701  0.76
8.3801  0.8
8.3901  0.8
8.4001  0.83
8.4101  0.93
8.4201  0.76
8.4301  0.81
8.4401  0.88
8.4501  0.9
8.4601  0.86
8.4701  0.94
8.4801  0.65
8.4901  0.85
8.5001  0.92
8.5101  0.94
8.5201  0.65
8.5301  0.87
8.5401  0.8
8.5501  0.85
8.5601  0.85
8.5701  0.76
8.5801  0.77
8.5901  0.81
8.6001  0.91
8.6101  0.78
8.6201  0.9
8.6301  0.78
8.6401  0.81
8.6501  0.99
8.6601  0.84
8.6701  0.91
8.6801  0.7
8.6901  0.86
8.7001  0.92
8.7101  0.92
8.7201  0.83
8.7301  0.7
8.7401  0.75
8.7501  0.9
8.7601  0.79
8.7701  0.91
8.7801  0.66
8.7901  0.68
8.8001  0.84
8.8101  0.82
8.8201  0.8
8.8301  0.82
8.8401  0.83
8.8501  0.99
8.8601  0.81
8.8701  0.76
8.8801  0.81
8.8901  0.8
8.9001  0.99
8.9101  1.03
8.9201  0.76
8.9301  0.82
8.9401  0.78
8.9501  0.98
8.9601  0.9
8.9701  0.88
8.9801  0.67
8.9901  0.69
9.0001  0.87
9.0101  0.9
9.0201  0.99
9.0301  0.75
9.0401  0.88
9.0501  0.82
9.0601  0.8
9.0701  0.96
9.0801  0.86
9.0901  0.81
9.1001  0.8
9.1101  0.7
9.1201  0.86
9.1301  0.82
9.1401  0.79
9.1501  0.87
9.1601  0.95
9.1701  0.78
9.1801  0.67
9.1901  0.82
9.2001  0.8
9.2101  0.72
9.2201  0.74
9.2301  0.74
9.2401  0.84
9.2501  0.93
9.2601  0.84
9.2701  0.8
9.2801  0.77
9.2901  0.72
9.3001  0.84
9.3101  0.79
9.3201  1.01
9.3301  0.86
9.3401  0.7
9.3501  1
9.3601  0.84
9.3701  0.81
9.3801  0.74
9.3901  0.92
9.4001  0.8
9.4101  0.89
9.4201  0.83
9.4301  0.67
9.4401  0.95
9.4501  0.9
9.4601  0.79
9.4701  0.9
9.4801  0.91
9.4901  0.84
9.5001  0.83
9.5101  0.8
9.5201  0.78
9.5301  0.73
9.5401  0.83
9.5501  0.82
9.5601  0.87
9.5701  0.96
9.5801  0.79
9.5901  0.8
9.6001  0.74
9.6101  0.77
9.6201  0.88
9.6301  0.63
9.6401  0.84
9.6501  0.9
9.6601  0.84
9.6701  0.59
9.6801  0.72
9.6901  0.72
9.7001  0.84
9.7101  0.92
9.7201  0.83
9.7301  0.77
9.7401  0.87
9.7501  0.82
9.7601  0.79
9.7701  0.9
9.7801  0.74
9.7901  0.68
9.8001  0.78
9.8101  0.89
9.8201  0.78
9.8301  0.73
9.8401  0.86
9.8501  0.77
9.8601  0.86
9.8701  0.78
9.8801  0.7
9.8901  0.86
9.9001  0.76
9.9101  0.79
9.9201  0.95
9.9301  0.8
9.9401  0.8
9.9501  1
9.9601  0.96
9.9701  0.69
9.9801  0.85
9.9901  0.88
10.0001  0.69
10.0101  0.88
10.0201  0.78
10.0301  0.83
10.0401  0.8
10.0501  0.75
10.0601  0.78
10.0701  0.75
10.0801  0.86
10.0901  0.75
10.1001  0.96
10.1101  0.81
10.1201  0.8
10.1301  0.83
10.1401  0.84
10.1501  0.74
10.1601  0.75
10.1701  0.71
10.1801  0.67
10.1901  0.94
10.2001  0.81
10.2101  0.75
10.2201  0.78
10.2301  0.68
10.2401  0.68
10.2501  0.94
10.2601  0.76
10.2701  0.73
10.2801  0.99
10.2901  0.84
10.3001  0.75
10.3101  0.94
10.3201  0.89
10.3301  0.7
10.3401  0.81
10.3501  0.79
10.3601  0.74
10.3701  0.84
10.3801  0.92
10.3901  0.8
10.4001  0.8
10.4101  0.87
10.4201  0.91
10.4301  0.84
10.4401  0.81
10.4501  0.67
10.4601  0.91
10.4701  0.87
10.4801  0.71
10.4901  0.84
10.5001  0.83
10.5101  0.77
10.5201  0.82
10.5301  0.91
10.5401  0.85
10.5501  0.83
10.5601  0.75
10.5701  0.64
10.5801  0.8
10.5901  0.87
10.6001  0.91
10.6101  0.72
10.6201  0.89
10.6301  0.94
10.6401  0.82
10.6501  0.85
10.6601  0.92
10.6701  0.79
10.6801  0.9
10.6901  0.85
10.7001  0.87
10.7101  0.71
10.7201  0.71
10.7301  0.78
10.7401  0.83
10.7501  0.96
10.7601  0.73
10.7701  0.89
10.7801  0.95
10.7901  0.59
10.8001  1.01
10.8101  0.79
10.8201  0.7
10.8301  0.9
10.8401  1.07
10.8501  1.01
10.8601  0.9
10.8701  0.83
10.8801  0.71
10.8901  0.87
10.9001  0.82
10.9101  0.87
10.9201  0.88
10.9301  0.82
10.9401  0.7
10.9501  0.71
10.9601  0.87
10.9701  0.84
10.9801  0.79
10.9901  0.75
11.0001  0.81
11.0101  0.94
11.0201  0.87
11.0301  0.76
11.0401  0.84
11.0501  0.8
11.0601  0.92
11.0701  0.74
11.0801  0.73
11.0901  0.95
11.1001  0.9
11.1101  1.04
11.1201  1
11.1301  0.67
11.1401  0.84
11.1501  1.08
11.1601  0.78
11.1701  0.81
11.1801  0.79
11.1901  0.93
11.2001  0.72
11.2101  0.84
11.2201  0.82
11.2301  0.84
11.2401  0.76
11.2501  0.9
11.2601  0.94
11.2701  0.79
11.2801  1.01
11.2901  0.83
11.3001  0.93
11.3101  0.9
11.3201  0.73
11.3301  0.64
11.3401  0.86
11.3501  0.77
11.3601  0.68
11.3701  0.75
11.3801  0.75
11.3901  0.95
11.4001  0.84
11.4101  0.84
11.4201  0.8
11.4301  0.8
11.4401  0.95
11.4501  0.87
11.4601  0.86
11.4701  0.91
11.4801  0.84
11.4901  0.76
11.5001  0.79
11.5101  0.93
11.5201  0.95
11.5301  0.61
11.5401  0.86
11.5501  0.9
11.5601  0.96
11.5701  0.93
11.5801  0.78
11.5901  0.71
11.6001  0.73
11.6101  0.8
11.6201  0.94
11.6301  0.91
11.6401  0.84
11.6501  0.93
11.6601  0.69
11.6701  0.82
11.6801  0.82
11.6901  0.85
11.7001  0.75
11.7101  0.93
11.7201  0.74
11.7301  0.99
11.7401  0.78
11.7501  0.81
11.7601  0.83
11.7701  0.77
11.7801  0.82
11.7901  1.11
11.8001  0.75
11.8101  0.8
11.8201  0.65
11.8301  0.86
11.8401  0.69
11.8501  0.77
11.8601  0.81
11.8701  0.77
11.8801  0.82
11.8901  0.86
11.9001  0.85
11.9101  0.91
11.9201  0.7
11.9301  0.75
11.9401  0.71
11.9501  0.93
11.9601  0.91
11.9701  0.83
11.9801  0.8
11.9901  0.69
12.0001  0.83
12.0101  0.86
12.0201  0.72
12.0301  0.73
12.0401  0.72
12.0501  0.81
12.0601  0.93
12.0701  0.73
12.0801  0.87
12.0901  0.77
12.1001  0.88
12.1101  0.77
12.1201  0.86
12.1301  0.83
12.1401  0.76
12.1501  0.77
12.1601  0.92
12.1701  0.96
12.1801  0.84
12.1901  0.93
12.2001  0.79
12.2101  0.72
12.2201  0.79
12.2301  0.83
12.2401  0.84
12.2501  0.78
12.2601  0.8
12.2701  0.76
12.2801  0.84
12.2901  0.77
12.3001  0.89
12.3101  0.68
12.3201  0.79
12.3301  0.5
12.3401  0.75
12.3501  0.91
12.3601  0.81
12.3701  0.81
12.3801  0.67
12.3901  0.72
12.4001  0.84
12.4101  1.02
12.4201  0.83
12.4301  0.87
12.4401  0.81
12.4501  0.81
12.4601  0.76
12.4701  0.78
12.4801  0.98
12.4901  0.81
12.5001  0.9
12.5101  0.89
12.5201  0.91
12.5301  0.95
12.5401  0.85
12.5501  0.86
12.5601  0.74
12.5701  0.66
12.5801  0.8
12.5901  0.93
12.6001  0.72
12.6101  0.89
12.6201  0.85
12.6301  0.7
12.6401  0.72
12.6501  0.82
12.6601  0.87
12.6701  0.76
12.6801  0.86
12.6901  0.78
12.7001  0.78
12.7101  0.88
12.7201  0.77
12.7301  0.86
12.7401  0.8
12.7501  0.84
12.7601  0.78
12.7701  0.92
12.7801  0.86
12.7901  0.84
12.8001  0.88
12.8101  0.74
12.8201  0.98
12.8301  0.88
12.8401  0.99
12.8501  1
12.8601  0.79
12.8701  0.81
12.8801  0.72
12.8901  0.83
12.9001  0.81
12.9101  0.85
12.9201  1.04
12.9301  0.94
12.9401  0.83
12.9501  0.95
12.9601  0.76
12.9701  0.86
12.9801  0.72
12.9901  0.65
13.0001  0.63
13.0101  0.85
13.0201  0.84
13.0301  0.89
13.0401  0.93
13.0501  0.94
13.0601  1.13
13.0701  0.87
13.0801  0.65
13.0901  0.84
13.1001  0.85
13.1101  0.81
13.1201  0.82
13.1301  0.85
13.1401  0.86
13.1501  0.93
13.1601  0.81
13.1701  0.87
13.1801  0.82
13.1901  0.76
13.2001  0.87
13.2101  0.91
13.2201  0.97
13.2301  0.81
13.2401  0.75
13.2501  1.03
13.2601  0.84
13.2701  0.82
13.2801  0.87
13.2901  0.75
13.3001  0.76
13.3101  0.74
13.3201  0.84
13.3301  0.92
13.3401  0.88
13.3501  0.84
13.3601  0.78
13.3701  0.91
13.3801  0.92
13.3901  0.83
13.4001  1.02
13.4101  0.81
13.4201  0.72
13.4301  0.68
13.4401  0.96
13.4501  0.87
13.4601  0.71
13.4701  0.71
13.4801  0.89
13.4901  0.96
13.5001  0.93
13.5101  0.69
13.5201  0.84
13.5301  0.78
13.5401  0.82
13.5501  0.87
13.5601  1.05
13.5701  0.9
13.5801  0.88
13.5901  0.7
13.6001  0.83
13.6101  0.8
13.6201  0.77
13.6301  0.65
13.6401  0.66
13.6501  0.83
13.6601  0.91
13.6701  0.82
13.6801  0.75
13.6901  0.92
13.7001  0.9
13.7101  0.9
13.7201  0.81
13.7301  0.78
13.7401  0.81
13.7501  0.74
13.7601  0.7
13.7701  0.85
13.7801  0.87
13.7901  0.77
13.8001  0.81
13.8101  0.79
13.8201  0.91
13.8301  0.8
13.8401  0.98
13.8501  0.93
13.8601  0.62
13.8701  0.8
13.8801  0.77
13.8901  0.79
13.9001  0.8
13.9101  0.73
13.9201  0.79
13.9301  0.74
13.9401  0.9
13.9501  0.77
13.9601  0.94
13.9701  0.7
13.9801  0.87
13.9901  0.77
14.0001  0.73
14.0101  0.86
14.0201  0.94
14.0301  0.95
14.0401  0.78
14.0501  0.66
14.0601  0.73
14.0701  0.79
14.0801  0.77
14.0901  0.91
14.1001  0.81
14.1101  0.74
14.1201  0.82
14.1301  0.84
14.1401  0.78
14.1501  0.88
14.1601  0.91
14.1701  0.87
14.1801  0.9
14.1901  0.61
14.2001  0.89
14.2101  0.79
14.2201  0.82
14.2301  0.97
14.2401  0.92
14.2501  0.72
14.2601  0.85
14.2701  0.91
14.2801  0.59
14.2901  0.95
14.3001  0.82
14.3101  0.76
14.3201  0.89
14.3301  0.9
14.3401  0.81
14.3501  0.74
14.3601  0.79
14.3701  0.83
14.3801  0.71
14.3901  0.8
14.4001  0.74
14.4101  0.83
14.4201  0.8
14.4301  0.85
14.4401  0.75
14.4501  0.74
14.4601  0.66
14.4701  0.8
14.4801  0.86
14.4901  0.85
14.5001  0.88
14.5101  0.61
14.5201  0.84
14.5301  0.88
14.5401  0.92
14.5501  0.62
14.5601  0.89
14.5701  0.92
14.5801  0.72
14.5901  0.68
14.6001  0.97
14.6101  0.69
14.6201  0.8
14.6301  0.84
14.6401  0.81
14.6501  0.83
14.6601  0.86
14.6701  0.81
14.6801  0.66
14.6901  0.83
14.7001  0.96
14.7101  0.86
14.7201  0.9
14.7301  0.9
14.7401  0.92
14.7501  0.83
14.7601  0.78
14.7701  0.8
14.7801  0.81
14.7901  0.83
14.8001  0.86
14.8101  0.85
14.8201  0.95
14.8301  0.68
14.8401  0.96
14.8501  0.97
14.8601  0.81
14.8701  0.79
14.8801  0.89
14.8901  0.87
14.9001  0.78
14.9101  0.73
14.9201  0.7
14.9301  0.86
14.9401  0.85
14.9501  0.81
14.9601  0.6
14.9701  0.66
14.9801  0.83
14.9901  0.79
15.0001  0.65
15.0101  0.83
15.0201  0.78
15.0301  1.01
15.0401  0.7
15.0501  0.78
15.0601  0.96
15.0701  0.78
15.0801  0.72
15.0901  0.8
15.1001  0.91
15.1101  0.81
15.1201  0.82
15.1301  0.76
15.1401  0.85
15.1501  0.88
15.1601  0.79
15.1701  0.83
15.1801  0.77
15.1901  0.79
15.2001  0.74
15.2101  0.74
15.2201  0.85
15.2301  0.82
15.2401  0.94
15.2501  0.77
15.2601  0.63
15.2701  0.89
15.2801  0.74
15.2901  1
15.3001  0.82
15.3101  0.83
15.3201  0.9
15.3301  0.79
15.3401  0.84
15.3501  0.73
15.3601  0.86
15.3701  0.77
15.3801  0.79
15.3901  0.91
15.4001  0.93
15.4101  0.96
15.4201  0.84
15.4301  0.9
15.4401  0.89
15.4501  0.69
15.4601  0.8
15.4701  0.75
15.4801  0.81
15.4901  0.68
15.5001  0.91
15.5101  0.94
15.5201  0.77
15.5301  0.89
15.5401  0.76
15.5501  0.87
15.5601  0.84
15.5701  0.82
15.5801  0.88
15.5901  0.86
15.6001  0.77
15.6101  0.74
15.6201  0.93
15.6301  0.86
15.6401  0.86
15.6501  1.06
15.6601  0.77
15.6701  0.91
15.6801  0.72
15.6901  0.76
15.7001  0.85
15.7101  0.9
15.7201  1.06
15.7301  0.82
15.7401  0.92
15.7501  0.86
15.7601  0.87
15.7701  0.82
15.7801  0.74
15.7901  0.8
15.8001  0.7
15.8101  0.86
15.8201  0.89
15.8301  0.87
15.8401  1.03
15.8501  0.76
15.8601  0.8
15.8701  0.79
15.8801  0.73
15.8901  0.82
15.9001  0.8
15.9101  0.98
15.9201  0.89
15.9301  0.85
15.9401  0.77
15.9501  0.91
15.9601  0.79
15.9701  0.86
15.9801  0.96
15.9901  0.8
16.0001  0.63
16.0101  0.82
16.0201  0.76
16.0301  0.92
16.0401  0.84
16.0501  0.92
16.0601  0.82
16.0701  0.69
16.0801  0.91
16.0901  0.73
16.1001  0.7
16.1101  0.81
16.1201  0.84
16.1301  0.84
16.1401  0.87
16.1501  0.72
16.1601  0.92
16.1701  0.71
16.1801  0.8
16.1901  0.8
16.2001  0.87
16.2101  0.85
16.2201  0.89
16.2301  0.82
16.2401  0.83
16.2501  0.77
16.2601  0.89
16.2701  0.74
16.2801  0.93
16.2901  0.94
16.3001  0.79
16.3101  0.95
16.3201  0.74
16.3301  0.74
16.3401  0.79
16.3501  0.99
16.3601  0.83
16.3701  1.01
16.3801  0.62
16.3901  0.9
16.4001  0.79
16.4101  0.71
16.4201  0.52
16.4301  0.99
16.4401  0.76
16.4501  0.76
16.4601  0.84
16.4701  0.91
16.4801  0.8
16.4901  0.76
16.5001  0.65
16.5101  0.71
16.5201  0.83
16.5301  0.72
16.5401  1.1
16.5501  0.89
16.5601  0.78
16.5701  0.72
16.5801  0.8
16.5901  0.81
16.6001  0.93
16.6101  0.78
16.6201  0.87
16.6301  0.75
16.6401  0.7
16.6501  0.89
16.6601  0.83
16.6701  0.78
16.6801  0.84
16.6901  0.86
16.7001  0.67
16.7101  0.88
16.7201  0.91
16.7301  0.98
16.7401  0.88
16.7501  0.7
16.7601  0.86
16.7701  0.89
16.7801  0.93
16.7901  0.62
16.8001  0.83
16.8101  0.85
16.8201  0.86
16.8301  0.74
16.8401  0.75
16.8501  0.81
16.8601  0.96
16.8701  0.76
16.8801  0.77
16.8901  0.93
16.9001  0.88
16.9101  0.67
16.9201  0.7
16.9301  0.82
16.9401  0.67
16.9501  1.18
16.9601  0.87
16.9701  0.91
16.9801  0.82
16.9901  0.76
17.0001  0.85
17.0101  0.69
17.0201  0.93
17.0301  0.82
17.0401  0.88
17.0501  0.75
17.0601  0.82
17.0701  0.66
17.0801  0.84
17.0901  0.77
17.1001  0.81
17.1101  0.68
17.1201  0.75
17.1301  0.94
17.1401  0.79
17.1501  0.88
17.1601  0.91
17.1701  0.79
17.1801  0.86
17.1901  0.83
17.2001  0.83
17.2101  0.73
17.2201  0.63
17.2301  0.8
17.2401  0.89
17.2501  1
17.2601  0.82
17.2701  0.78
17.2801  0.74
17.2901  0.72
17.3001  0.75
17.3101  0.72
17.3201  0.84
17.3301  0.8
17.3401  0.81
17.3501  0.89
17.3601  0.74
17.3701  0.85
17.3801  0.95
17.3901  0.91
17.4001  0.98
17.4101  0.77
17.4201  0.82
17.4301  0.84
17.4401  0.77
17.4501  0.76
17.4601  0.88
17.4701  1
17.4801  1.06
17.4901  0.91
17.5001  0.82
17.5101  0.91
17.5201  0.69
17.5301  0.83
17.5401  0.82
17.5501  0.84
17.5601  0.83
17.5701  0.83
17.5801  0.69
17.5901  0.72
17.6001  0.83
17.6101  0.69
17.6201  0.94
17.6301  0.69
17.6401  0.91
17.6501  0.79
17.6601  0.7
17.6701  0.7
17.6801  0.88
17.6901  0.97
17.7001  0.74
17.7101  0.84
17.7201  0.91
17.7301  0.85
17.7401  0.85
17.7501  0.83
17.7601  0.82
17.7701  0.74
17.7801  0.7
17.7901  0.82
17.8001  0.82
17.8101  0.7
17.8201  0.74
17.8301  0.8
17.8401  0.82
17.8501  0.71
17.8601  0.91
17.8701  0.9
17.8801  0.95
17.8901  0.88
17.9001  0.78
17.9101  0.87
17.9201  0.85
17.9301  0.93
17.9401  0.75
17.9501  0.79
17.9601  0.87
17.9701  0.85
17.9801  0.78
17.9901  0.8
18.0001  0.79
18.0101  0.96
18.0201  0.62
18.0301  0.91
18.0401  0.88
18.0501  0.85
18.0601  0.9
18.0701  0.96
18.0801  0.84
18.0901  0.78
18.1001  0.7
18.1101  0.68
18.1201  0.86
18.1301  0.74
18.1401  0.89
18.1501  0.71
18.1601  0.79
18.1701  0.87
18.1801  0.88
18.1901  0.77
18.2001  0.86
18.2101  0.66
18.2201  0.71
18.2301  0.77
18.2401  0.89
18.2501  0.91
18.2601  0.75
18.2701  0.79
18.2801  0.82
18.2901  0.83
18.3001  0.9
18.3101  0.75
18.3201  0.93
18.3301  0.8
18.3401  0.84
18.3501  0.81
18.3601  0.82
18.3701  0.8
18.3801  0.72
18.3901  0.8
18.4001  0.73
18.4101  0.8
18.4201  0.88
18.4301  0.89
18.4401  0.71
18.4501  0.79
18.4601  0.88
18.4701  0.85
18.4801  0.82
18.4901  0.84
18.5001  0.85
18.5101  0.77
18.5201  0.9
18.5301  0.71
18.5401  0.68
18.5501  0.68
18.5601  1
18.5701  0.76
18.5801  0.86
18.5901  0.71
18.6001  0.66
18.6101  0.82
18.6201  0.95
18.6301  0.98
18.6401  0.83
18.6501  0.72
18.6601  0.77
18.6701  0.89
18.6801  0.88
18.6901  0.71
18.7001  0.74
18.7101  0.93
18.7201  1.02
18.7301  0.9
18.7401  1
18.7501  0.99
18.7601  0.85
18.7701  0.85
18.7801  0.77
18.7901  0.86
18.8001  0.84
18.8101  0.83
18.8201  0.81
18.8301  0.8
18.8401  0.84
18.8501  0.72
18.8601  0.77
18.8701  0.9
18.8801  0.95
18.8901  0.8
18.9001  0.9
18.9101  0.92
18.9201  0.71
18.9301  0.71
18.9401  0.82
18.9501  1.01
18.9601  0.89
18.9701  0.73
18.9801  1.01
18.9901  0.79
19.0001  0.74
19.0101  0.84
19.0201  0.9
19.0301  0.77
19.0401  0.71
19.0501  0.79
19.0601  0.8
19.0701  0.86
19.0801  1
19.0901  0.93
19.1001  0.92
19.1101  0.71
19.1201  0.81
19.1301  0.78
19.1401  0.88
19.1501  0.78
19.1601  0.79
19.1701  0.96
19.1801  0.81
19.1901  0.97
19.2001  0.77
19.2101  0.88
19.2201  0.71
19.2301  0.89
19.2401  0.78
19.2501  0.82
19.2601  0.93
19.2701  0.86
19.2801  0.86
19.2901  0.74
19.3001  0.84
19.3101  0.82
19.3201  0.75
19.3301  0.69
19.3401  0.84
19.3501  0.87
19.3601  0.79
19.3701  0.73
19.3801  0.9
19.3901  0.78
19.4001  0.95
19.4101  0.76
19.4201  1.02
19.4301  0.79
19.4401  0.82
19.4501  0.92
19.4601  0.74
19.4701  0.73
19.4801  0.97
19.4901  1.03
19.5001  0.68
19.5101  0.87
19.5201  0.77
19.5301  0.83
19.5401  0.84
19.5501  0.96
19.5601  0.73
19.5701  0.91
19.5801  0.74
19.5901  0.68
19.6001  0.69
19.6101  0.93
19.6201  0.74
19.6301  0.83
19.6401  0.67
19.6501  0.9
19.6601  0.78
19.6701  0.77
19.6801  0.84
19.6901  0.74
19.7001  0.78
19.7101  0.86
19.7201  0.88
19.7301  0.92
19.7401  0.94
19.7501  0.69
19.7601  0.91
19.7701  0.77
19.7801  0.83
19.7901  0.69
19.8001  0.83
19.8101  0.88
19.8201  0.72
19.8301  0.85
19.8401  0.98
19.8501  0.68
19.8601  0.83
19.8701  0.87
19.8801  0.71
19.8901  0.88
19.9001  0.86
19.9101  0.78
19.9201  0.72
19.9301  0.75
19.9401  0.75
19.9501  0.87
19.9601  0.65
19.9701  0.79
19.9801  0.75
19.9901  0.79
20.0001  0.75
20.0101  0.91
20.0201  0.71
20.0301  0.82
20.0401  1.08
20.0501  0.88
20.0601  0.78
20.0701  0.84
20.0801  0.82
20.0901  0.79
20.1001  0.79
20.1101  0.96
20.1201  0.7
20.1301  0.79
20.1401  0.82
20.1501  0.76
20.1601  0.82
20.1701  0.96
20.1801  0.8
20.1901  0.9
20.2001  0.87
20.2101  0.91
20.2201  0.78
20.2301  0.88
20.2401  0.66
20.2501  0.77
20.2601  0.93
20.2701  0.75
20.2801  1
20.2901  0.9
20.3001  0.68
20.3101  0.86
20.3201  0.87
20.3301  0.82
20.3401  1.03
20.3501  0.85
20.3601  0.96
20.3701  0.75
20.3801  0.91
20.3901  0.83
20.4001  0.83
20.4101  0.76
20.4201  1.03
20.4301  0.64
20.4401  0.86
20.4501  0.88
20.4601  0.87
20.4701  0.85
20.4801  0.77
20.4901  0.8
20.5001  0.72
20.5101  1
20.5201  0.95
20.5301  0.8
20.5401  0.71
20.5501  0.81
20.5601  0.75
20.5701  0.97
20.5801  0.97
20.5901  0.72
20.6001  0.81
20.6101  1
20.6201  1.07
20.6301  0.83
20.6401  0.72
20.6501  0.83
20.6601  0.79
20.6701  0.73
20.6801  0.86
20.6901  0.88
20.7001  0.7
20.7101  0.74
20.7201  0.9
20.7301  0.81
20.7401  0.73
20.7501  0.9
20.7601  0.98
20.7701  0.75
20.7801  0.89
20.7901  0.92
20.8001  0.9
20.8101  0.85
20.8201  0.75
20.8301  0.73
20.8401  0.86
20.8501  0.81
20.8601  0.85
20.8701  0.83
20.8801  0.74
20.8901  0.85
20.9001  0.78
20.9101  0.79
20.9201  0.7
20.9301  0.97
20.9401  0.86
20.9501  0.87
20.9601  0.93
20.9701  0.76
20.9801  0.87
20.9901  0.93
21.0001  0.94
21.0101  0.8
21.0201  0.68
21.0301  0.64
21.0401  0.8
21.0501  0.89
21.0601  0.73
21.0701  1.03
21.0801  0.96
21.0901  0.71
21.1001  0.89
21.1101  0.76
21.1201  0.86
21.1301  0.89
21.1401  0.72
21.1501  0.83
21.1601  0.71
21.1701  0.88
21.1801  0.77
21.1901  0.76
21.2001  0.8
21.2101  0.74
21.2201  0.78
21.2301  0.81
21.2401  0.87
21.2501  0.78
21.2601  0.92
21.2701  0.87
21.2801  0.98
21.2901  0.83
21.3001  0.83
21.3101  0.82
21.3201  0.71
21.3301  0.93
21.3401  0.97
21.3501  0.85
21.3601  0.96
21.3701  0.73
21.3801  0.77
21.3901  0.84
21.4001  0.73
21.4101  0.79
21.4201  0.87
21.4301  0.74
21.4401  0.79
21.4501  0.8
21.4601  0.85
21.4701  0.73
21.4801  0.92
21.4901  0.71
21.5001  0.86
21.5101  0.84
21.5201  0.72
21.5301  0.92
21.5401  0.87
21.5501  0.87
21.5601  0.79
21.5701  0.91
21.5801  0.92
21.5901  0.81
21.6001  0.77
21.6101  0.75
21.6201  0.86
21.6301  0.79
21.6401  0.84
21.6501  0.83
21.6601  0.68
21.6701  0.91
21.6801  0.9
21.6901  0.93
21.7001  0.76
21.7101  0.91
21.7201  0.59
21.7301  0.85
21.7401  0.69
21.7501  0.79
21.7601  0.83
21.7701  0.76
21.7801  0.93
21.7901  0.88
21.8001  0.85
21.8101  0.84
21.8201  0.74
21.8301  0.72
21.8401  0.96
21.8501  0.84
21.8601  0.85
21.8701  0.82
21.8801  0.75
21.8901  0.74
21.9001  0.7
21.9101  0.82
21.9201  0.94
21.9301  0.89
21.9401  0.66
21.9501  0.99
21.9601  0.8
21.9701  0.68
21.9801  0.85
21.9901  0.86
22.0001  0.82
22.0101  0.75
22.0201  0.84
22.0301  0.76
22.0401  0.91
22.0501  0.91
22.0601  0.88
22.0701  0.88
22.0801  0.86
22.0901  0.6
22.1001  0.91
22.1101  0.77
22.1201  0.91
22.1301  0.83
22.1401  0.73
22.1501  0.83
22.1601  0.85
22.1701  0.92
22.1801  0.71
22.1901  0.88
22.2001  0.88
22.2101  0.79
22.2201  0.89
22.2301  0.76
22.2401  0.9
22.2501  0.77
22.2601  0.83
22.2701  0.81
22.2801  0.76
22.2901  0.85
22.3001  0.79
22.3101  0.76
22.3201  0.76
22.3301  0.86
22.3401  0.85
22.3501  0.84
22.3601  0.77
22.3701  0.81
22.3801  0.93
22.3901  0.84
22.4001  0.79
22.4101  0.84
22.4201  0.75
22.4301  0.89
22.4401  0.92
22.4501  0.89
22.4601  0.83
22.4701  0.67
22.4801  0.82
22.4901  0.83
22.5001  0.89
22.5101  0.81
22.5201  0.93
22.5301  0.82
22.5401  0.81
22.5501  0.87
22.5601  0.9
22.5701  0.73
22.5801  0.76
22.5901  0.84
22.6001  0.99
22.6101  0.8
22.6201  0.84
22.6301  0.66
22.6401  0.85
22.6501  0.84
22.6601  0.86
22.6701  0.8
22.6801  0.95
22.6901  0.71
22.7001  0.79
22.7101  0.82
22.7201  0.86
22.7301  0.76
22.7401  0.79
22.7501  0.79
22.7601  0.84
22.7701  0.79
22.7801  0.69
22.7901  0.74
22.8001  0.93
22.8101  0.77
22.8201  0.86
22.8301  0.61
22.8401  0.87
22.8501  0.95
22.8601  0.95
22.8701  0.74
22.8801  0.76
22.8901  0.86
22.9001  0.97
22.9101  0.92
22.9201  0.71
22.9301  0.86
22.9401  0.79
22.9501  0.77
22.9601  0.81
22.9701  0.91
22.9801  0.87
22.9901  0.93
23.0001  0.94
23.0101  0.86
23.0201  0.86
23.0301  0.8
23.0401  0.79
23.0501  0.84
23.0601  0.89
23.0701  0.81
23.0801  0.7
23.0901  0.79
23.1001  0.89
23.1101  0.73
23.1201  0.82
23.1301  0.84
23.1401  0.85
23.1501  0.92
23.1601  0.87
23.1701  0.83
23.1801  0.86
23.1901  0.79
23.2001  0.84
23.2101  0.81
23.2201  0.97
23.2301  0.8
23.2401  0.97
23.2501  0.65
23.2601  0.86
23.2701  0.8
23.2801  0.94
23.2901  0.85
23.3001  0.84
23.3101  0.86
23.3201  0.87
23.3301  0.87
23.3401  0.82
23.3501  1.07
23.3601  0.74
23.3701  0.87
23.3801  0.88
23.3901  0.85
23.4001  0.86
23.4101  0.9
23.4201  0.65
23.4301  1
23.4401  0.67
23.4501  0.7
23.4601  1
23.4701  0.7
23.4801  0.78
23.4901  0.69
23.5001  0.73
23.5101  0.74
23.5201  0.75
23.5301  0.71
23.5401  1.01
23.5501  0.79
23.5601  0.81
23.5701  0.91
23.5801  0.75
23.5901  0.93
23.6001  1.01
23.6101  0.81
23.6201  0.88
23.6301  0.79
23.6401  0.85
23.6501  0.87
23.6601  0.79
23.6701  0.83
23.6801  0.89
23.6901  0.78
23.7001  0.86
23.7101  0.74
23.7201  0.82
23.7301  0.74
23.7401  0.79
23.7501  0.89
23.7601  0.92
23.7701  0.81
23.7801  0.83
23.7901  0.75
23.8001  0.72
23.8101  0.75
23.8201  0.86
23.8301  0.77
23.8401  0.74
23.8501  0.88
23.8601  0.82
23.8701  0.73
23.8801  0.83
23.8901  0.71
23.9001  0.83
23.9101  0.8
23.9201  0.88
23.9301  0.75
23.9401  0.93
23.9501  0.82
23.9601  0.95
23.9701  0.73
23.9801  0.87
23.9901  0.88
24.0001  0.83
24.0101  0.8
24.0201  0.7
24.0301  0.82
24.0401  0.82
24.0501  0.87
24.0601  0.63
24.0701  0.67
24.0801  0.69
24.0901  0.93
24.1001  0.75
24.1101  0.95
24.1201  0.76
24.1301  0.69
24.1401  0.77
24.1501  0.92
24.1601  0.9
24.1701  0.72
24.1801  0.81
24.1901  0.92
24.2001  0.86
24.2101  0.87
24.2201  0.8
24.2301  0.8
24.2401  0.88
24.2501  0.75
24.2601  0.81
24.2701  0.98
24.2801  0.83
24.2901  0.76
24.3001  0.78
24.3101  0.91
24.3201  1.1
24.3301  0.76
24.3401  0.89
24.3501  0.77
24.3601  0.72
24.3701  0.83
24.3801  0.69
24.3901  0.6
24.4001  0.83
24.4101  0.73
24.4201  0.77
24.4301  0.68
24.4401  0.75
24.4501  0.72
24.4601  0.8
24.4701  0.91
24.4801  0.87
24.4901  0.83
24.5001  0.92
24.5101  0.75
24.5201  0.95
24.5301  0.82
24.5401  0.69
24.5501  0.72
24.5601  0.95
24.5701  0.77
24.5801  0.75
24.5901  0.93
24.6001  0.97
24.6101  0.81
24.6201  0.66
24.6301  0.79
24.6401  0.7
24.6501  0.92
24.6601  0.81
24.6701  0.68
24.6801  0.94
24.6901  0.77
24.7001  0.78
24.7101  0.69
24.7201  0.93
24.7301  0.76
24.7401  0.72
24.7501  0.86
24.7601  0.87
24.7701  0.88
24.7801  0.88
24.7901  0.87
24.8001  0.79
24.8101  0.9
24.8201  0.94
24.8301  0.9
24.8401  0.95
24.8501  0.8
24.8601  0.79
24.8701  0.85
24.8801  0.74
24.8901  0.88
24.9001  0.78
24.9101  0.83
24.9201  0.92
24.9301  0.83
24.9401  0.67
24.9501  0.82
24.9601  0.88
24.9701  0.86
24.9801  0.77
24.9901  0.74
25.0001  0.93
25.0101  0.73
25.0201  0.9
25.0301  0.9
25.0401  1.01
25.0501  0.96
25.0601  0.84
25.0701  0.94
25.0801  0.79
25.0901  0.87
25.1001  0.87
25.1101  0.74
25.1201  0.82
25.1301  0.72
25.1401  0.76
25.1501  0.95
25.1601  0.81
25.1701  0.86
25.1801  0.8
25.1901  0.8
25.2001  0.82
25.2101  0.92
25.2201  0.85
25.2301  0.79
25.2401  0.88
25.2501  0.91
25.2601  0.76
25.2701  1.08
25.2801  0.75
25.2901  0.84
25.3001  0.85
25.3101  0.93
25.3201  0.95
25.3301  0.74
25.3401  0.95
25.3501  0.82
25.3601  0.81
25.3701  0.66
25.3801  1.07
25.3901  0.87
25.4001  0.77
25.4101  0.82
25.4201  0.79
25.4301  0.88
25.4401  0.8
25.4501  0.7
25.4601  0.75
25.4701  0.87
25.4801  0.77
25.4901  0.77
25.5001  0.83
25.5101  0.84
25.5201  1.08
25.5301  0.65
25.5401  0.74
25.5501  0.8
25.5601  0.9
25.5701  0.88
25.5801  0.94
25.5901  0.77
25.6001  0.78
25.6101  0.91
25.6201  0.7
25.6301  0.99
25.6401  0.84
25.6501  0.73
25.6601  0.76
25.6701  0.84
25.6801  0.86
25.6901  0.93
25.7001  0.77
25.7101  0.81
25.7201  0.79
25.7301  0.92
25.7401  0.71
25.7501  0.82
25.7601  0.79
25.7701  0.93
25.7801  0.75
25.7901  0.73
25.8001  0.79
25.8101  0.69
25.8201  0.84
25.8301  0.94
25.8401  0.7
25.8501  1.18
25.8601  0.9
25.8701  0.6
25.8801  0.68
25.8901  0.76
25.9001  0.8
25.9101  0.83
25.9201  0.69
25.9301  0.92
25.9401  0.8
25.9501  0.87
25.9601  0.88
25.9701  0.73
25.9801  0.8
25.9901  0.92
26.0001  0.83
26.0101  0.86
26.0201  0.97
26.0301  0.88
26.0401  0.77
26.0501  0.85
26.0601  0.68
26.0701  0.78
26.0801  0.76
26.0901  0.9
26.1001  0.78
26.1101  0.76
26.1201  0.79
26.1301  0.82
26.1401  0.74
26.1501  0.87
26.1601  0.84
26.1701  1.05
26.1801  0.87
26.1901  0.93
26.2001  0.79
26.2101  0.8
26.2201  1.02
26.2301  0.74
26.2401  0.92
26.2501  0.72
26.2601  0.74
26.2701  0.65
26.2801  0.8
26.2901  0.75
26.3001  0.81
26.3101  0.85
26.3201  0.84
26.3301  0.81
26.3401  0.83
26.3501  0.86
26.3601  0.78
26.3701  0.88
26.3801  0.83
26.3901  0.84
26.4001  0.85
26.4101  0.88
26.4201  0.65
26.4301  0.91
26.4401  0.64
26.4501  0.78
26.4601  0.81
26.4701  0.78
26.4801  0.8
26.4901  0.84
26.5001  0.75
26.5101  0.85
26.5201  0.85
26.5301  0.83
26.5401  0.89
26.5501  0.79
26.5601  0.74
26.5701  0.84
26.5801  0.82
26.5901  0.87
26.6001  0.87
26.6101  0.76
26.6201  0.64
26.6301  0.82
26.6401  0.9
26.6501  0.68
26.6601  0.83
26.6701  0.82
26.6801  0.81
26.6901  0.81
26.7001  0.74
26.7101  0.87
26.7201  1.07
26.7301  0.76
26.7401  0.74
26.7501  0.85
26.7601  0.75
26.7701  0.87
26.7801  0.78
26.7901  0.8
26.8001  0.79
26.8101  0.84
26.8201  0.99
26.8301  0.71
26.8401  0.82
26.8501  0.84
26.8601  0.82
26.8701  0.8
26.8801  0.78
26.8901  0.98
26.9001  0.71
26.9101  0.71
26.9201  0.73
26.9301  0.73
26.9401  0.8
26.9501  1.04
26.9601  0.77
26.9701  0.92
26.9801  0.91
26.9901  0.91
27.0001  0.79
27.0101  0.64
27.0201  0.83
27.0301  0.78
27.0401  0.81
27.0501  0.97
27.0601  0.92
27.0701  0.68
27.0801  0.94
27.0901  0.93
27.1001  0.88
27.1101  0.85
27.1201  0.8
27.1301  0.88
27.1401  0.96
27.1501  0.8
27.1601  0.87
27.1701  0.86
27.1801  0.72
27.1901  0.93
27.2001  0.56
27.2101  0.83
27.2201  0.67
27.2301  0.96
27.2401  0.76
27.2501  0.7
27.2601  0.85
27.2701  0.71
27.2801  0.82
27.2901  1.06
27.3001  0.8
27.3101  0.78
27.3201  0.92
27.3301  0.86
27.3401  0.84
27.3501  0.83
27.3601  0.83
27.3701  1.07
27.3801  0.81
27.3901  0.78
27.4001  0.92
27.4101  0.77
27.4201  0.78
27.4301  0.84
27.4401  0.7
27.4501  0.88
27.4601  0.8
27.4701  0.92
27.4801  0.84
27.4901  1.12
27.5001  0.95
27.5101  0.71
27.5201  0.86
27.5301  0.88
27.5401  0.81
27.5501  0.98
27.5601  0.74
27.5701  0.66
27.5801  0.76
27.5901  0.93
27.6001  0.76
27.6101  0.79
27.6201  0.77
27.6301  0.92
27.6401  0.74
27.6501  0.91
27.6601  0.82
27.6701  0.83
27.6801  0.78
27.6901  0.92
27.7001  0.84
27.7101  0.93
27.7201  1.01
27.7301  0.73
27.7401  0.97
27.7501  0.88
27.7601  0.71
27.7701  1.05
27.7801  0.75
27.7901  0.71
27.8001  0.81
27.8101  0.73
27.8201  0.86
27.8301  0.7
27.8401  0.69
27.8501  0.84
27.8601  0.81
27.8701  1.01
27.8801  0.76
27.8901  0.99
27.9001  0.86
27.9101  0.81
27.9201  0.74
27.9301  0.85
27.9401  0.78
27.9501  0.89
27.9601  0.99
27.9701  0.71
27.9801  0.85
27.9901  0.74
28.0001  0.79
28.0101  0.76
28.0201  0.68
28.0301  0.86
28.0401  0.87
28.0501  0.87
28.0601  0.78
28.0701  0.8
28.0801  0.78
28.0901  0.86
28.1001  0.98
28.1101  0.87
28.1201  0.87
28.1301  0.74
28.1401  0.86
28.1501  0.96
28.1601  0.88
28.1701  0.93
28.1801  0.84
28.1901  0.74
28.2001  0.79
28.2101  0.81
28.2201  0.81
28.2301  0.8
28.2401  0.97
28.2501  0.83
28.2601  0.91
28.2701  0.8
28.2801  0.86
28.2901  0.77
28.3001  0.94
28.3101  0.87
28.3201  0.86
28.3301  0.82
28.3401  0.84
28.3501  0.9
28.3601  0.72
28.3701  0.58
28.3801  0.91
28.3901  0.85
28.4001  0.66
28.4101  0.83
28.4201  0.7
28.4301  0.66
28.4401  0.78
28.4501  0.92
28.4601  0.83
28.4701  0.95
28.4801  0.74
28.4901  0.76
28.5001  0.82
28.5101  0.87
28.5201  0.97
28.5301  0.85
28.5401  0.92
28.5501  0.79
28.5601  0.82
28.5701  0.87
28.5801  0.93
28.5901  0.87
28.6001  0.8
28.6101  0.79
28.6201  0.81
28.6301  0.97
28.6401  0.75
28.6501  1
28.6601  0.67
28.6701  0.7
28.6801  0.75
28.6901  0.81
28.7001  0.98
28.7101  0.68
28.7201  0.85
28.7301  0.85
28.7401  0.82
28.7501  0.85
28.7601  0.77
28.7701  0.89
28.7801  0.85
28.7901  0.69
28.8001  0.71
28.8101  0.8
28.8201  0.87
28.8301  0.87
28.8401  0.77
28.8501  0.96
28.8601  0.76
28.8701  0.72
28.8801  0.89
28.8901  0.81
28.9001  0.77
28.9101  0.73
28.9201  1.04
28.9301  0.95
28.9401  0.79
28.9501  0.82
28.9601  0.88
28.9701  0.78
28.9801  0.69
28.9901  0.67
29.0001  0.82
29.0101  0.73
29.0201  1.11
29.0301  0.89
29.0401  0.76
29.0501  0.87
29.0601  0.79
29.0701  0.74
29.0801  0.75
29.0901  1.02
29.1001  0.86
29.1101  0.82
29.1201  0.77
29.1301  0.63
29.1401  1.17
29.1501  0.83
29.1601  0.72
29.1701  0.58
29.1801  0.74
29.1901  0.86
29.2001  0.92
29.2101  0.76
29.2201  0.82
29.2301  0.85
29.2401  0.76
29.2501  0.6
29.2601  0.88
29.2701  0.78
29.2801  0.68
29.2901  0.75
29.3001  0.81
29.3101  0.92
29.3201  0.9
29.3301  0.76
29.3401  0.71
29.3501  0.81
29.3601  0.83
29.3701  0.92
29.3801  0.91
29.3901  0.89
29.4001  0.86
29.4101  0.77
29.4201  0.83
29.4301  0.8
29.4401  0.83
29.4501  0.78
29.4601  0.69
29.4701  0.78
29.4801  0.72
29.4901  0.97
29.5001  0.83
29.5101  0.81
29.5201  0.75
29.5301  0.87
29.5401  0.79
29.5501  0.94
29.5601  0.63
29.5701  0.73
29.5801  0.76
29.5901  0.8
29.6001  0.86
29.6101  0.8
29.6201  0.89
29.6301  0.82
29.6401  0.85
29.6501  0.93
29.6601  0.8
29.6701  0.89
29.6801  0.85
29.6901  0.59
29.7001  0.88
29.7101  0.8
29.7201  0.69
29.7301  0.94
29.7401  0.78
29.7501  0.88
29.7601  0.8
29.7701  0.85
29.7801  0.87
29.7901  0.99
29.8001  0.83
29.8101  0.9
29.8201  0.9
29.8301  0.93
29.8401  0.92
29.8501  1.06
29.8601  0.81
29.8701  0.99
29.8801  0.73
29.8901  0.61
29.9001  0.9
29.9101  0.82
29.9201  0.81
29.9301  0.69
29.9401  0.72
29.9501  0.99
29.9601  0.62
29.9701  0.8
29.9801  0.79
29.9901  0.65
30.0001  0.69
30.0101  0.92
30.0201  0.87
30.0301  0.88
30.0401  0.82
30.0501  0.79
30.0601  0.97
30.0701  0.83
30.0801  0.91
30.0901  0.71
30.1001  0.81
30.1101  0.99
30.1201  0.87
30.1301  0.69
30.1401  0.71
30.1501  0.8
30.1601  0.9
30.1701  0.75
30.1801  0.9
30.1901  0.81
30.2001  0.59
30.2101  0.8
30.2201  0.84
30.2301  1.03
30.2401  0.77
30.2501  0.77
30.2601  1.04
30.2701  0.69
30.2801  0.92
30.2901  0.84
30.3001  0.82
30.3101  0.82
30.3201  0.77
30.3301  0.8
30.3401  0.69
30.3501  0.77
30.3601  0.89
30.3701  0.78
30.3801  0.92
30.3901  0.92
30.4001  0.78
30.4101  0.76
30.4201  0.85
30.4301  0.87
30.4401  0.7
30.4501  0.89
30.4601  0.86
30.4701  0.7
30.4801  0.92
30.4901  0.9
30.5001  0.94
30.5101  0.63
30.5201  0.93
30.5301  0.79
30.5401  0.9
30.5501  0.87
30.5601  0.77
30.5701  0.6
30.5801  0.75
30.5901  0.81
30.6001  0.74
30.6101  0.92
30.6201  0.95
30.6301  0.69
30.6401  0.77
30.6501  0.94
30.6601  0.96
30.6701  0.93
30.6801  0.98
30.6901  0.76
30.7001  0.82
30.7101  0.83
30.7201  0.88
30.7301  0.65
30.7401  0.85
30.7501  0.79
30.7601  0.84
30.7701  0.92
30.7801  0.91
30.7901  0.84
30.8001  0.77
30.8101  0.94
30.8201  0.83
30.8301  0.88
30.8401  0.76
30.8501  0.66
30.8601  0.73
30.8701  0.86
30.8801  0.72
30.8901  0.8
30.9001  1
30.9101  0.88
30.9201  0.84
30.9301  0.76
30.9401  0.86
30.9501  0.81
30.9601  0.85
30.9701  0.94
30.9801  0.72
30.9901  0.97
31.0001  0.93
31.0101  0.78
31.0201  0.76
31.0301  0.89
31.0401  0.85
31.0501  0.86
31.0601  0.94
31.0701  0.83
31.0801  0.9
31.0901  0.64
31.1001  0.91
31.1101  0.94
31.1201  0.91
31.1301  0.82
31.1401  0.81
31.1501  0.84
31.1601  0.76
31.1701  0.76
31.1801  0.82
31.1901  0.87
31.2001  0.87
31.2101  0.92
31.2201  0.84
31.2301  0.72
31.2401  0.8
31.2501  0.66
31.2601  1.03
31.2701  0.84
31.2801  0.79
31.2901  0.89
31.3001  0.93
31.3101  0.9
31.3201  0.84
31.3301  0.81
31.3401  0.83
31.3501  0.8
31.3601  0.87
31.3701  0.83
31.3801  0.8
31.3901  0.63
31.4001  0.8
31.4101  0.83
31.4201  0.85
31.4301  0.85
31.4401  0.83
31.4501  1.08
31.4601  0.81
31.4701  0.74
31.4801  0.88
31.4901  0.68
31.5001  0.87
31.5101  0.82
31.5201  0.84
31.5301  0.99
31.5401  0.84
31.5501  0.86
31.5601  0.69
31.5701  0.77
31.5801  0.8
31.5901  0.56
31.6001  0.92
31.6101  0.89
31.6201  0.9
31.6301  0.89
31.6401  0.92
31.6501  0.8
31.6601  0.67
31.6701  0.89
31.6801  0.82
31.6901  0.83
31.7001  0.81
31.7101  0.91
31.7201  0.84
31.7301  0.95
31.7401  0.79
31.7501  0.73
31.7601  0.7
31.7701  0.62
31.7801  0.71
31.7901  0.87
31.8001  0.86
31.8101  0.85
31.8201  0.81
31.8301  0.72
31.8401  0.82
31.8501  0.83
31.8601  0.69
31.8701  0.78
31.8801  0.87
31.8901  0.86
31.9001  0.76
31.9101  0.69
31.9201  0.85
31.9301  0.73
31.9401  0.72
31.9501  0.79
31.9601  0.77
31.9701  0.93
31.9801  0.99
31.9901  0.76
32.0001  0.75
32.0101  0.64
32.0201  0.81
32.0301  0.8
32.0401  0.76
32.0501  1.02
32.0601  0.75
32.0701  0.7
32.0801  0.76
32.0901  0.86
32.1001  0.8
32.1101  0.79
32.1201  0.87
32.1301  0.61
32.1401  0.82
32.1501  0.96
32.1601  0.89
32.1701  0.8
32.1801  0.79
32.1901  0.84
32.2001  0.71
32.2101  0.78
32.2201  0.94
32.2301  0.77
32.2401  0.86
32.2501  0.62
32.2601  0.67
32.2701  0.71
32.2801  0.87
32.2901  0.85
32.3001  0.82
32.3101  0.78
32.3201  0.67
32.3301  0.74
32.3401  0.81
32.3501  0.81
32.3601  0.9
32.3701  0.92
32.3801  0.83
32.3901  0.9
32.4001  0.76
32.4101  0.71
32.4201  0.89
32.4301  0.7
32.4401  0.72
32.4501  0.9
32.4601  0.93
32.4701  0.83
32.4801  0.85
32.4901  0.84
32.5001  0.89
32.5101  0.68
32.5201  0.7
32.5301  0.83
32.5401  0.8
32.5501  0.77
32.5601  0.95
32.5701  0.8
32.5801  0.91
32.5901  0.8
32.6001  0.81
32.6101  0.86
32.6201  0.63
32.6301  0.77
32.6401  0.76
32.6501  0.79
32.6601  0.74
32.6701  0.94
32.6801  0.82
32.6901  1
32.7001  0.84
32.7101  0.88
32.7201  0.82
32.7301  0.76
32.7401  0.93
32.7501  0.67
32.7601  0.84
32.7701  0.85
32.7801  0.89
32.7901  0.81
32.8001  0.86
32.8101  0.65
32.8201  0.78
32.8301  0.86
32.8401  0.82
32.8501  1.01
32.8601  0.87
32.8701  0.82
32.8801  0.78
32.8901  0.61
32.9001  0.78
32.9101  0.9
32.9201  0.82
32.9301  0.73
32.9401  0.92
32.9501  0.93
32.9601  0.84
32.9701  0.82
32.9801  0.73
32.9901  0.73
33.0001  0.77
33.0101  0.68
33.0201  0.74
33.0301  0.8
33.0401  0.9
33.0501  0.8
33.0601  0.96
33.0701  0.94
33.0801  0.9
33.0901  0.91
33.1001  1.03
33.1101  0.86
33.1201  0.83
33.1301  0.8
33.1401  0.88
33.1501  0.72
33.1601  0.78
33.1701  0.81
33.1801  1
33.1901  0.83
33.2001  0.79
33.2101  0.86
33.2201  0.86
33.2301  0.81
33.2401  0.81
33.2501  0.83
33.2601  0.8
33.2701  0.8
33.2801  0.77
33.2901  0.84
33.3001  0.93
33.3101  0.86
33.3201  0.96
33.3301  0.87
33.3401  0.81
33.3501  0.76
33.3601  0.75
33.3701  0.75
33.3801  0.79
33.3901  0.9
33.4001  0.89
33.4101  1.08
33.4201  0.67
33.4301  0.83
33.4401  0.87
33.4501  0.89
33.4601  0.84
33.4701  0.74
33.4801  0.9
33.4901  0.76
33.5001  0.67
33.5101  0.94
33.5201  0.79
33.5301  0.84
33.5401  0.72
33.5501  0.91
33.5601  0.7
33.5701  0.84
33.5801  0.87
33.5901  0.74
33.6001  0.9
33.6101  0.8
33.6201  0.82
33.6301  0.83
33.6401  0.98
33.6501  0.75
33.6601  0.85
33.6701  0.65
33.6801  0.71
33.6901  0.86
33.7001  0.71
33.7101  0.84
33.7201  0.92
33.7301  0.84
33.7401  0.79
33.7501  0.83
33.7601  0.76
33.7701  0.58
33.7801  0.99
33.7901  0.81
33.8001  0.85
33.8101  0.84
33.8201  0.95
33.8301  0.79
33.8401  0.89
33.8501  0.69
33.8601  0.73
33.8701  0.87
33.8801  0.88
33.8901  0.83
33.9001  0.79
33.9101  0.81
33.9201  0.76
33.9301  0.8
33.9401  0.82
33.9501  0.79
33.9601  0.98
33.9701  0.75
33.9801  0.77
33.9901  0.78
34.0001  0.89
34.0101  0.73
34.0201  0.74
34.0301  0.84
34.0401  0.83
34.0501  0.77
34.0601  0.91
34.0701  0.88
34.0801  0.75
34.0901  0.66
34.1001  0.88
34.1101  0.88
34.1201  0.89
34.1301  0.78
34.1401  0.76
34.1501  0.81
34.1601  0.75
34.1701  0.7
34.1801  0.74
34.1901  0.9
34.2001  0.85
34.2101  0.81
34.2201  0.77
34.2301  0.89
34.2401  0.84
34.2501  0.74
34.2601  0.73
34.2701  0.88
34.2801  1.02
34.2901  0.93
34.3001  0.78
34.3101  0.75
34.3201  0.89
34.3301  0.78
34.3401  0.67
34.3501  0.82
34.3601  0.86
34.3701  0.85
34.3801  0.69
34.3901  0.88
34.4001  0.89
34.4101  0.88
34.4201  0.72
34.4301  0.72
34.4401  1.07
34.4501  0.88
34.4601  0.91
34.4701  0.67
34.4801  0.97
34.4901  0.91
34.5  0.76
34.51  0.8
34.52  0.76
34.53  0.81
34.54  0.76
34.55  0.81
34.56  0.79
34.57  0.64
34.58  0.79
34.59  0.82
34.6  0.92
34.61  0.79
34.62  0.85
34.63  0.7
34.64  1
34.65  0.69
34.66  0.95
34.67  0.83
34.68  0.82
34.69  0.82
34.7  0.83
34.71  0.87
34.72  0.8
34.73  0.67
34.74  0.87
34.75  0.97
34.76  0.78
34.77  1.12
34.78  0.85
34.79  0.72
34.8  0.83
34.81  0.99
34.82  0.85
34.83  0.82
34.84  0.82
34.85  0.71
34.86  0.75
34.87  0.82
34.88  1.04
34.89  0.72
34.9  1.02
34.91  0.81
34.92  0.84
34.93  0.8
34.94  0.86
34.95  0.85
34.96  0.88
34.97  0.78
34.98  0.9
34.99  0.81
35  0.9
35.01  0.69
35.02  0.92
35.03  0.81
35.04  0.9
35.05  0.85
35.06  0.72
35.07  0.87
35.08  0.85
35.09  0.71
35.1  0.67
35.11  0.81
35.12  0.85
35.13  0.9
35.14  0.89
35.15  0.85
35.16  0.91
35.17  0.81
35.18  0.81
35.19  0.6
35.2  0.88
35.21  0.87
35.22  0.85
35.23  0.93
35.24  0.67
35.25  0.67
35.26  0.96
35.27  0.67
35.28  0.82
35.29  1.04
35.3  0.77
35.31  0.88
35.32  0.76
35.33  0.81
35.34  0.78
35.35  0.93
35.36  0.88
35.37  0.88
35.38  0.85
35.39  1.01
35.4  0.93
35.41  0.79
35.42  0.86
35.43  0.79
35.44  0.73
35.45  0.95
35.46  0.81
35.47  0.91
35.48  0.71
35.49  0.67
35.5  0.85
35.51  0.74
35.52  0.94
35.53  0.84
35.54  0.85
35.55  0.79
35.56  0.91
35.57  0.73
35.58  0.72
35.59  0.73
35.6  0.85
35.61  0.87
35.62  0.77
35.63  0.67
35.64  0.83
35.65  0.84
35.66  0.85
35.67  0.85
35.68  1.03
35.69  0.89
35.7  0.87
35.71  0.74
35.72  0.82
35.73  0.73
35.74  0.85
35.75  0.76
35.76  0.92
35.77  0.68
35.78  0.7
35.79  0.75
35.8  0.93
35.81  0.79
35.82  0.98
35.83  0.82
35.84  0.58
35.85  0.83
35.86  0.84
35.87  0.97
35.88  0.88
35.89  0.68
35.9  0.85
35.91  0.8
35.92  0.78
35.93  0.83
35.94  0.87
35.95  0.82
35.96  0.89
35.97  0.75
35.98  0.73
35.99  0.8
36  0.78
36.01  0.84
36.02  0.94
36.03  0.71
36.04  0.68
36.05  0.93
36.06  0.86
36.07  0.77
36.08  0.75
36.09  0.74
36.1  0.69
36.11  1
36.12  0.88
36.13  1.13
36.14  0.71
36.15  0.95
36.16  0.95
36.17  0.79
36.18  0.97
36.19  0.9
36.2  0.79
36.21  0.83
36.22  0.71
36.23  0.82
36.24  0.91
36.25  0.85
36.26  0.99
36.27  0.73
36.28  0.84
36.29  0.78
36.3  0.61
36.31  0.87
36.32  0.82
36.33  0.9
36.34  0.71
36.35  0.82
36.36  0.86
36.37  0.86
36.38  0.84
36.39  0.79
36.4  0.77
36.41  0.78
36.42  0.88
36.43  0.87
36.44  1.06
36.45  0.92
36.46  0.85
36.47  0.76
36.48  0.84
36.49  0.81
36.5  0.91
36.51  0.87
36.52  0.75
36.53  0.81
36.54  0.62
36.55  0.74
36.56  0.83
36.57  0.9
36.58  0.85
36.59  0.54
36.6  0.74
36.61  0.74
36.62  0.86
36.63  0.77
36.64  1.01
36.65  0.73
36.66  0.9
36.67  0.81
36.68  0.94
36.69  0.96
36.7  0.86
36.71  0.86
36.72  0.85
36.73  0.7
36.74  0.91
36.75  0.88
36.76  0.89
36.77  0.81
36.78  0.83
36.79  0.78
36.8  0.91
36.81  0.68
36.82  0.73
36.83  0.78
36.84  0.91
36.85  0.84
36.86  0.83
36.87  0.86
36.88  0.8
36.89  0.83
36.9  0.96
36.91  0.89
36.92  0.86
36.93  0.67
36.94  0.86
36.95  0.72
36.96  0.92
36.97  0.81
36.98  0.88
36.99  0.78
37  0.89
37.01  0.8
37.02  0.7
37.03  0.93
37.04  0.82
37.05  0.83
37.06  0.73
37.07  0.95
37.08  0.68
37.09  0.83
37.1  0.84
37.11  0.85
37.12  0.71
37.13  1.01
37.14  0.76
37.15  0.91
37.16  0.58
37.17  0.58
37.18  0.82
37.19  0.89
37.2  0.77
37.21  0.72
37.22  0.9
37.23  0.82
37.24  0.92
37.25  0.86
37.26  0.8
37.27  0.99
37.28  0.84
37.29  0.78
37.3  0.67
37.31  0.96
37.32  0.87
37.33  0.69
37.34  0.7
37.35  1
37.36  0.95
37.37  0.9
37.38  0.94
37.39  0.92
37.4  0.72
37.41  0.74
37.42  0.86
37.43  0.92
37.44  0.7
37.45  0.86
37.46  0.91
37.47  0.79
37.48  0.66
37.49  0.83
37.5  0.78
37.51  0.92
37.52  0.87
37.53  0.76
37.54  0.84
37.55  0.87
37.56  0.74
37.57  0.87
37.58  0.78
37.59  0.75
37.6  0.9
37.61  0.75
37.62  0.77
37.63  0.8
37.64  0.75
37.65  0.74
37.66  0.83
37.67  0.79
37.68  0.83
37.69  0.71
37.7  0.68
37.71  0.6
37.72  0.79
37.73  0.86
37.74  0.83
37.75  0.91
37.76  0.78
37.77  0.8
37.78  0.8
37.79  0.78
37.8  0.77
37.81  0.83
37.82  0.79
37.83  0.7
37.84  0.87
37.85  0.65
37.86  0.79
37.87  0.97
37.88  0.91
37.89  0.75
37.9  0.87
37.91  0.79
37.92  0.72
37.93  0.99
37.94  0.69
37.95  0.85
37.96  0.74
37.97  0.83
37.98  0.75
37.99  0.9
38  0.79
38.01  0.91
38.02  0.69
38.03  0.79
38.04  1
38.05  0.72
38.06  0.77
38.07  0.84
38.08  0.74
38.09  0.79
38.1  0.82
38.11  0.91
38.12  0.88
38.13  0.95
38.14  0.74
38.15  0.68
38.16  0.88
38.17  0.84
38.18  0.77
38.19  0.92
38.2  0.85
38.21  0.72
38.22  0.76
38.23  0.87
38.24  0.96
38.25  0.86
38.26  0.82
38.27  0.85
38.28  0.74
38.29  0.78
38.3  0.93
38.31  0.85
38.32  0.82
38.33  0.79
38.34  0.71
38.35  0.75
38.36  0.77
38.37  0.87
38.38  0.83
38.39  0.83
38.4  0.64
38.41  0.98
38.42  1.06
38.43  0.92
38.44  0.95
38.45  0.93
38.46  0.69
38.47  0.76
38.48  0.78
38.49  0.74
38.5  0.75
38.51  0.97
38.52  0.98
38.53  0.88
38.54  0.85
38.55  0.85
38.56  0.67
38.57  0.72
38.58  0.76
38.59  0.81
38.6  0.8
38.61  0.75
38.62  0.81
38.63  0.87
38.64  0.82
38.65  0.75
38.66  0.74
38.67  0.72
38.68  0.91
38.69  0.99
38.7  0.75
38.71  0.72
38.72  0.74
38.73  0.83
38.74  0.89
38.75  0.78
38.76  0.84
38.77  0.76
38.78  0.88
38.79  0.96
38.8  0.96
38.81  0.84
38.82  0.87
38.83  0.86
38.84  0.72
38.85  0.74
38.86  0.8
38.87  1.03
38.88  0.85
38.89  1
38.9  0.86
38.91  0.67
38.92  0.76
38.93  0.96
38.94  0.77
38.95  0.87
38.96  0.62
38.97  0.82
38.98  1
38.99  0.82
39  0.75
39.01  0.81
39.02  0.88
39.03  0.86
39.04  0.81
39.05  0.79
39.06  0.91
39.07  0.85
39.08  1
39.09  0.81
39.1  0.75
39.11  0.9
39.12  0.79
39.13  0.76
39.14  0.84
39.15  0.9
39.16  0.97
39.17  0.88
39.18  0.89
39.19  0.72
39.2  0.84
39.21  0.78
39.22  0.82
39.23  0.9
39.24  0.86
39.25  0.82
39.26  0.91
39.27  0.87
39.28  0.8
39.29  0.89
39.3  0.71
39.31  0.79
39.32  0.86
39.33  0.73
39.34  0.75
39.35  0.89
39.36  0.78
39.37  0.9
39.38  0.89
39.39  0.79
39.4  1
39.41  0.78
39.42  1.03
39.43  0.82
39.44  0.83
39.45  0.74
39.46  0.7
39.47  0.63
39.48  0.81
39.49  0.78
39.5  0.78
39.51  1.01
39.52  0.79
39.53  0.82
39.54  0.8
39.55  0.72
39.56  1
39.57  0.95
39.58  0.83
39.59  0.8
39.6  0.74
39.61  0.86
39.62  0.8
39.63  0.89
39.64  0.83
39.65  0.87
39.66  0.87
39.67  0.83
39.68  0.81
39.69  0.85
39.7  0.75
39.71  0.8
39.72  0.87
39.73  0.9
39.74  0.63
39.75  0.91
39.76  0.74
39.77  0.85
39.78  0.76
39.79  0.8
39.8  0.89
39.81  0.85
39.82  0.84
39.83  0.71
39.84  0.76
39.85  0.83
39.86  0.89
39.87  0.82
39.88  0.85
39.89  0.93
39.9  0.87
39.91  0.74
39.92  0.91
39.93  0.9
39.94  0.64
39.95  0.77
39.96  0.86
39.97  0.86
39.98  0.87
39.99  0.74
