-15  0
-14.99  0
-14.98  0
-14.97  0
-14.96  0
-14.95  0.04
-14.94  0
-14.93  0.04
-14.92  0
-14.91  0.04
-14.9  0
-14.89  0.04
-14.88  0.04
-14.87  0.04
-14.86  0.04
-14.85  0.04
-14.84  0.08
-14.83  0.08
-14.82  0.04
-14.81  0.08
-14.8  0.04
-14.79  0.08
-14.78  0.08
-14.77  0.08
-14.76  0.12
-14.75  0.08
-14.74  0.08
-14.73  0.16
-14.72  0.12
-14.71  0.12
-14.7  0.12
-14.69  0.12
-14.68  0.12
-14.67  0.2
-14.66  0.16
-14.65  0.16
-14.64  0.2
-14.63  0.2
-14.62  0.2
-14.61  0.32
-14.6  0.24
-14.59  0.28
-14.58  0.24
-14.57  0.36
-14.56  0.28
-14.55  0.36
-14.54  0.4
-14.53  0.44
-14.52  0.48
-14.51  0.48
-14.5  0.6
-14.49  0.6
-14.48  0.68
-14.47  0.76
-14.46  0.84
-14.45  1
-14.44  1.04
-14.43  1.2
-14.42  1.32
-14.41  1.56
-14.4  1.76
-14.39  2.16
-14.38  2.32
-14.37  2.76
-14.36  3.16
-14.35  3.6
-14.34  4.04
-14.33  4.4
-14.32  4.6
-14.31  4.64
-14.3  4.52
-14.29  4.24
-14.28  3.84
-14.27  3.4
-14.26  2.96
-14.25  2.52
-14.24  2.28
-14.23  1.96
-14.22  1.68
-14.21  1.44
-14.2  1.28
-14.19  1.2
-14.18  1
-14.17  0.96
-14.16  0.76
-14.15  0.8
-14.14  0.76
-14.13  0.6
-14.12  0.56
-14.11  0.56
-14.1  0.44
-14.09  0.44
-14.08  0.4
-14.07  0.48
-14.06  0.36
-14.05  0.36
-14.04  0.32
-14.03  0.32
-14.02  0.28
-14.01  0.36
-14  0.28
-13.99  0.28
-13.98  0.2
-13.97  0.32
-13.96  0.2
-13.95  0.28
-13.94  0.24
-13.93  0.24
-13.92  0.2
-13.91  0.2
-13.9  0.2
-13.89  0.24
-13.88  0.2
-13.87  0.16
-13.86  0.24
-13.85  0.16
-13.84  0.12
-13.83  0.28
-13.82  0.16
-13.81  0.24
-13.8  0.2
-13.79  0.16
-13.78  0.2
-13.77  0.12
-13.76  0.28
-13.75  0.2
-13.74  0.12
-13.73  0.2
-13.72  0.16
-13.71  0.24
-13.7  0.2
-13.69  0.2
-13.68  0.12
-13.67  0.24
-13.66  0.2
-13.65  0.2
-13.64  0.2
-13.63  0.2
-13.62  0.2
-13.61  0.28
-13.6  0.12
-13.59  0.24
-13.58  0.16
-13.57  0.28
-13.56  0.24
-13.55  0.24
-13.54  0.24
-13.53  0.2
-13.52  0.28
-13.51  0.28
-13.5  0.28
-13.49  0.16
-13.48  0.32
-13.47  0.28
-13.46  0.24
-13.45  0.28
-13.44  0.24
-13.43  0.28
-13.42  0.32
-13.41  0.32
-13.4  0.4
-13.39  0.28
-13.38  0.4
-13.37  0.32
-13.36  0.44
-13.35  0.32
-13.34  0.36
-13.33  0.44
-13.32  0.4
-13.31  0.4
-13.3  0.44
-13.29  0.48
-13.28  0.4
-13.27  0.52
-13.26  0.56
-13.25  0.52
-13.24  0.52
-13.23  0.48
-13.22  0.68
-13.21  0.6
-13.2  0.64
-13.19  0.76
-13.18  0.64
-13.17  0.76
-13.16  0.76
-13.15  0.8
-13.14  0.8
-13.13  1
-13.12  0.88
-13.11  0.88
-13.1  1.04
-13.09  1.04
-13.08  1.04
-13.07  1.12
-13.06  1.16
-13.05  1.32
-13.04  1.28
-13.03  1.28
-13.02  1.48
-13.01  1.4
-13  1.48
-12.99  1.56
-12.98  1.52
-12.97  1.56
-12.96  1.6
-12.95  1.6
-12.94  1.72
-12.93  1.6
-12.92  1.64
-12.91  1.68
-12.9  1.56
-12.89  1.72
-12.88  1.6
-12.87  1.52
-12.86  1.4
-12.85  1.52
-12.84  1.44
-12.83  1.36
-12.82  1.28
-12.81  1.32
-12.8  1.24
-12.79  1.16
-12.78  1.16
-12.77  1.04
-12.76  1.08
-12.75  0.96
-12.74  1
-12.73  0.96
-12.72  0.96
-12.71  0.8
-12.7  0.84
-12.69  0.8
-12.68  0.84
-12.67  0.68
-12.66  0.68
-12.65  0.68
-12.64  0.68
-12.63  0.56
-12.62  0.6
-12.61  0.64
-12.6  0.64
-12.59  0.56
-12.58  0.56
-12.57  0.52
-12.56  0.56
-12.55  0.52
-12.54  0.48
-12.53  0.48
-12.52  0.4
-12.51  0.48
-12.5  0.48
-12.49  0.44
-12.48  0.52
-12.47  0.36
-12.46  0.44
-12.45  0.44
-12.44  0.4
-12.43  0.44
-12.42  0.48
-12.41  0.4
-12.4  0.36
-12.39  0.44
-12.38  0.4
-12.37  0.4
-12.36  0.36
-12.35  0.36
-12.34  0.32
-12.33  0.44
-12.32  0.32
-12.31  0.4
-12.3  0.32
-12.29  0.4
-12.28  0.36
-12.27  0.4
-12.26  0.48
-12.25  0.4
-12.24  0.32
-12.23  0.48
-12.22  0.32
-12.21  0.4
-12.2  0.36
-12.19  0.44
-12.18  0.36
-12.17  0.44
-12.16  0.44
-12.15  0.4
-12.14  0.36
-12.13  0.36
-12.12  0.4
-12.11  0.52
-12.1  0.4
-12.09  0.52
-12.08  0.4
-12.07  0.4
-12.06  0.48
-12.05  0.44
-12.04  0.52
-12.03  0.4
-12.02  0.48
-12.01  0.52
-12  0.48
-11.99  0.52
-11.98  0.48
-11.97  0.56
-11.96  0.52
-11.95  0.6
-11.94  0.64
-11.93  0.56
-11.92  0.56
-11.91  0.6
-11.9  0.52
-11.89  0.68
-11.88  0.56
-11.87  0.64
-11.86  0.64
-11.85  0.64
-11.84  0.72
-11.83  0.76
-11.82  0.76
-11.81  0.72
-11.8  0.76
-11.79  0.76
-11.78  0.8
-11.77  0.76
-11.76  0.92
-11.75  0.76
-11.74  0.84
-11.73  0.84
-11.72  0.96
-11.71  0.88
-11.7  0.92
-11.69  1.04
-11.68  0.88
-11.67  0.96
-11.66  1.04
-11.65  1.04
-11.64  1.04
-11.63  1
-11.62  1
-11.61  1.2
-11.6  1
-11.59  1.12
-11.58  1.16
-11.57  1
-11.56  1.12
-11.55  1
-11.54  1.08
-11.53  1.12
-11.52  1.04
-11.51  1.08
-11.5  1.08
-11.49  1.08
-11.48  1.08
-11.47  1.2
-11.46  1.04
-11.45  1.04
-11.44  1
-11.43  0.96
-11.42  1.04
-11.41  1
-11.4  1
-11.39  0.96
-11.38  1
-11.37  0.96
-11.36  0.84
-11.35  0.88
-11.34  0.92
-11.33  0.84
-11.32  0.84
-11.31  0.84
-11.3  0.8
-11.29  0.72
-11.28  0.84
-11.27  0.88
-11.26  0.72
-11.25  0.76
-11.24  0.68
-11.23  0.72
-11.22  0.64
-11.21  0.72
-11.2  0.72
-11.19  0.72
-11.18  0.52
-11.17  0.76
-11.16  0.64
-11.15  0.64
-11.14  0.56
-11.13  0.56
-11.12  0.64
-11.11  0.68
-11.1  0.6
-11.09  0.6
-11.08  0.64
-11.07  0.48
-11.06  0.56
-11.05  0.6
-11.04  0.52
-11.03  0.48
-11.02  0.52
-11.01  0.56
-11  0.52
-10.99  0.56
-10.98  0.56
-10.97  0.48
-10.96  0.52
-10.95  0.6
-10.94  0.48
-10.93  0.6
-10.92  0.44
-10.91  0.52
-10.9  0.52
-10.89  0.52
-10.88  0.44
-10.87  0.56
-10.86  0.56
-10.85  0.52
-10.84  0.52
-10.83  0.56
-10.82  0.48
-10.81  0.56
-10.8  0.48
-10.79  0.48
-10.78  0.44
-10.77  0.56
-10.76  0.48
-10.75  0.64
-10.74  0.48
-10.73  0.56
-10.72  0.48
-10.71  0.68
-10.7  0.52
-10.69  0.6
-10.68  0.56
-10.67  0.56
-10.66  0.48
-10.65  0.56
-10.64  0.64
-10.63  0.56
-10.62  0.52
-10.61  0.56
-10.6  0.68
-10.59  0.6
-10.58  0.52
-10.57  0.72
-10.56  0.56
-10.55  0.72
-10.54  0.72
-10.53  0.64
-10.52  0.68
-10.51  0.64
-10.5  0.64
-10.49  0.72
-10.48  0.68
-10.47  0.76
-10.46  0.68
-10.45  0.64
-10.44  0.72
-10.43  0.76
-10.42  0.68
-10.41  0.76
-10.4  0.68
-10.39  0.84
-10.38  0.8
-10.37  0.76
-10.36  0.76
-10.35  0.76
-10.34  0.84
-10.33  0.8
-10.32  0.88
-10.31  0.8
-10.3  0.76
-10.29  0.92
-10.28  0.84
-10.27  0.88
-10.26  0.88
-10.25  0.88
-10.24  0.92
-10.23  0.88
-10.22  0.84
-10.21  0.84
-10.2  0.88
-10.19  0.96
-10.18  0.92
-10.17  0.92
-10.16  0.84
-10.15  0.84
-10.14  0.92
-10.13  0.92
-10.12  0.88
-10.11  0.88
-10.1  0.84
-10.09  0.84
-10.08  0.88
-10.07  0.88
-10.06  1
-10.05  0.92
-10.04  0.8
-10.03  0.84
-10.02  0.8
-10.01  0.84
-10  0.88
-9.99  0.84
-9.98  0.88
-9.97  0.92
-9.96  0.72
-9.95  0.8
-9.94  0.8
-9.93  0.96
-9.92  0.72
-9.91  0.72
-9.9  0.76
-9.89  0.72
-9.88  0.84
-9.87  0.68
-9.86  0.84
-9.85  0.68
-9.84  0.68
-9.83  0.76
-9.82  0.72
-9.81  0.84
-9.8  0.64
-9.79  0.72
-9.78  0.6
-9.77  0.72
-9.76  0.76
-9.75  0.68
-9.74  0.68
-9.73  0.64
-9.72  0.6
-9.71  0.72
-9.7  0.72
-9.69  0.56
-9.68  0.56
-9.67  0.68
-9.66  0.56
-9.65  0.72
-9.64  0.64
-9.63  0.6
-9.62  0.6
-9.61  0.76
-9.6  0.64
-9.59  0.6
-9.58  0.52
-9.57  0.64
-9.56  0.6
-9.55  0.64
-9.54  0.56
-9.53  0.56
-9.52  0.64
-9.51  0.52
-9.5  0.56
-9.49  0.68
-9.48  0.6
-9.47  0.68
-9.46  0.52
-9.45  0.6
-9.44  0.56
-9.43  0.56
-9.42  0.56
-9.41  0.68
-9.4  0.6
-9.39  0.6
-9.38  0.76
-9.37  0.56
-9.36  0.6
-9.35  0.6
-9.34  0.6
-9.33  0.52
-9.32  0.68
-9.31  0.56
-9.3  0.64
-9.29  0.64
-9.28  0.6
-9.27  0.72
-9.26  0.6
-9.25  0.68
-9.24  0.72
-9.23  0.56
-9.22  0.56
-9.21  0.8
-9.2  0.52
-9.19  0.64
-9.18  0.56
-9.17  0.76
-9.16  0.68
-9.15  0.68
-9.14  0.72
-9.13  0.64
-9.12  0.72
-9.11  0.72
-9.1  0.6
-9.09  0.68
-9.08  0.8
-9.07  0.56
-9.06  0.72
-9.05  0.76
-9.04  0.72
-9.03  0.8
-9.02  0.68
-9.01  0.84
-9  0.68
-8.99  0.76
-8.98  0.8
-8.97  0.76
-8.96  0.84
-8.95  0.8
-8.94  0.64
-8.93  0.8
-8.92  0.76
-8.91  0.72
-8.9  0.72
-8.89  0.84
-8.88  0.76
-8.87  0.76
-8.86  0.68
-8.85  0.92
-8.84  0.72
-8.83  0.84
-8.82  0.84
-8.81  0.8
-8.8  0.84
-8.79  0.8
-8.78  0.8
-8.77  0.8
-8.76  0.76
-8.75  0.8
-8.74  0.84
-8.73  0.84
-8.72  0.72
-8.71  0.92
-8.7  0.72
-8.69  0.76
-8.68  0.88
-8.67  0.84
-8.66  0.8
-8.65  0.8
-8.64  0.88
-8.63  0.68
-8.62  0.72
-8.61  0.84
-8.6  0.8
-8.59  0.76
-8.58  0.76
-8.57  0.76
-8.56  0.72
-8.55  0.68
-8.54  0.76
-8.53  0.92
-8.52  0.68
-8.51  0.8
-8.5  0.84
-8.49  0.76
-8.48  0.68
-8.47  0.76
-8.46  0.68
-8.45  0.72
-8.44  0.64
-8.43  0.76
-8.42  0.72
-8.41  0.72
-8.4  0.76
-8.39  0.76
-8.38  0.68
-8.37  0.76
-8.36  0.56
-8.35  0.72
-8.34  0.76
-8.33  0.76
-8.32  0.64
-8.31  0.64
-8.3  0.6
-8.29  0.72
-8.28  0.64
-8.27  0.64
-8.26  0.76
-8.25  0.68
-8.24  0.68
-8.23  0.64
-8.22  0.64
-8.21  0.6
-8.2  0.76
-8.19  0.64
-8.18  0.64
-8.17  0.64
-8.16  0.56
-8.15  0.76
-8.14  0.72
-8.13  0.56
-8.12  0.64
-8.11  0.6
-8.1  0.68
-8.09  0.6
-8.08  0.64
-8.07  0.6
-8.06  0.72
-8.05  0.68
-8.04  0.6
-8.03  0.72
-8.02  0.8
-8.01  0.64
-8  0.72
-7.99  0.56
-7.98  0.64
-7.97  0.56
-7.96  0.68
-7.95  0.6
-7.94  0.64
-7.93  0.64
-7.92  0.68
-7.91  0.72
-7.9  0.68
-7.89  0.72
-7.88  0.6
-7.87  0.6
-7.86  0.68
-7.85  0.68
-7.84  0.68
-7.83  0.64
-7.82  0.72
-7.81  0.64
-7.8  0.64
-7.79  0.68
-7.78  0.76
-7.77  0.68
-7.76  0.68
-7.75  0.68
-7.74  0.72
-7.73  0.72
-7.72  0.64
-7.71  0.64
-7.7  0.76
-7.69  0.72
-7.68  0.76
-7.67  0.68
-7.66  0.76
-7.65  0.68
-7.64  0.76
-7.63  0.76
-7.62  0.8
-7.61  0.68
-7.6  0.68
-7.59  0.72
-7.58  0.8
-7.57  0.72
-7.56  0.64
-7.55  0.84
-7.54  0.64
-7.53  0.84
-7.52  0.64
-7.51  0.72
-7.5  0.76
-7.49  0.64
-7.48  0.8
-7.47  0.8
-7.46  0.72
-7.45  0.84
-7.44  0.72
-7.43  0.76
-7.42  0.76
-7.41  0.72
-7.4  0.72
-7.39  0.76
-7.38  0.84
-7.37  0.92
-7.36  0.76
-7.35  0.68
-7.34  0.76
-7.33  0.76
-7.32  0.76
-7.31  0.72
-7.3  0.72
-7.29  0.72
-7.28  0.84
-7.27  0.72
-7.26  0.76
-7.25  0.84
-7.24  0.76
-7.23  0.76
-7.22  0.72
-7.21  0.68
-7.2  0.68
-7.19  0.76
-7.18  0.72
-7.17  0.72
-7.16  0.64
-7.15  0.92
-7.14  0.76
-7.13  0.68
-7.12  0.76
-7.11  0.72
-7.1  0.76
-7.09  0.8
-7.08  0.64
-7.07  0.72
-7.06  0.72
-7.05  0.68
-7.04  0.88
-7.03  0.68
-7.02  0.6
-7.01  0.76
-7  0.68
-6.99  0.64
-6.98  0.84
-6.97  0.8
-6.96  0.68
-6.95  0.6
-6.94  0.68
-6.93  0.84
-6.92  0.68
-6.91  0.56
-6.9  0.72
-6.89  0.68
-6.88  0.72
-6.87  0.68
-6.86  0.68
-6.85  0.64
-6.84  0.72
-6.83  0.64
-6.82  0.68
-6.81  0.76
-6.8  0.64
-6.79  0.64
-6.78  0.8
-6.77  0.72
-6.76  0.64
-6.75  0.68
-6.74  0.64
-6.73  0.64
-6.72  0.72
-6.71  0.72
-6.7  0.72
-6.69  0.64
-6.68  0.76
-6.67  0.6
-6.66  0.64
-6.65  0.64
-6.64  0.64
-6.63  0.64
-6.62  0.68
-6.61  0.72
-6.6  0.72
-6.59  0.68
-6.58  0.68
-6.57  0.6
-6.56  0.72
-6.55  0.84
-6.54  0.6
-6.53  0.72
-6.52  0.6
-6.51  0.56
-6.5  0.84
-6.49  0.64
-6.48  0.76
-6.47  0.6
-6.46  0.8
-6.45  0.68
-6.44  0.68
-6.43  0.64
-6.42  0.76
-6.41  0.64
-6.4  0.64
-6.39  0.72
-6.38  0.6
-6.37  0.72
-6.36  0.6
-6.35  0.72
-6.34  0.72
-6.33  0.68
-6.32  0.84
-6.31  0.72
-6.3  0.8
-6.29  0.68
-6.28  0.72
-6.27  0.68
-6.26  0.8
-6.25  0.8
-6.24  0.68
-6.23  0.68
-6.22  0.64
-6.21  0.72
-6.2  0.68
-6.19  0.76
-6.18  0.64
-6.17  0.72
-6.16  0.8
-6.15  0.64
-6.14  0.76
-6.13  0.76
-6.12  0.56
-6.11  0.76
-6.1  0.84
-6.09  0.72
-6.08  0.68
-6.07  0.76
-6.06  0.8
-6.05  0.72
-6.04  0.72
-6.03  0.76
-6.02  0.8
-6.01  0.6
-6  0.8
-5.99  0.64
-5.98  0.84
-5.97  0.64
-5.96  0.68
-5.95  0.84
-5.94  0.8
-5.93  0.68
-5.92  0.8
-5.91  0.72
-5.9  0.8
-5.89  0.72
-5.88  0.68
-5.87  0.88
-5.86  0.64
-5.85  0.76
-5.84  0.72
-5.83  0.68
-5.82  0.72
-5.81  0.72
-5.8  0.76
-5.79  0.68
-5.78  0.76
-5.77  0.76
-5.76  0.76
-5.75  0.64
-5.74  0.76
-5.73  0.76
-5.72  0.68
-5.71  0.6
-5.7  0.8
-5.69  0.68
-5.68  0.64
-5.67  0.64
-5.66  0.72
-5.65  0.88
-5.64  0.68
-5.63  0.8
-5.62  0.72
-5.61  0.76
-5.6  0.72
-5.59  0.8
-5.58  0.6
-5.57  0.72
-5.56  0.6
-5.55  0.72
-5.54  0.84
-5.53  0.6
-5.52  0.8
-5.51  0.72
-5.5  0.68
-5.49  0.64
-5.48  0.72
-5.47  0.6
-5.46  0.84
-5.45  0.64
-5.44  0.76
-5.43  0.68
-5.42  0.72
-5.41  0.6
-5.4  0.68
-5.39  0.68
-5.38  0.72
-5.37  0.6
-5.36  0.76
-5.35  0.88
-5.34  0.64
-5.33  0.56
-5.32  0.84
-5.31  0.6
-5.3  0.64
-5.29  0.6
-5.28  0.84
-5.27  0.8
-5.26  0.6
-5.25  0.6
-5.24  0.76
-5.23  0.6
-5.22  0.72
-5.21  0.72
-5.2  0.76
-5.19  0.6
-5.18  0.8
-5.17  0.64
-5.16  0.68
-5.15  0.8
-5.14  0.8
-5.13  0.6
-5.12  0.6
-5.11  0.68
-5.1  0.68
-5.09  0.76
-5.08  0.72
-5.07  0.68
-5.06  0.68
-5.05  0.76
-5.04  0.68
-5.03  0.72
-5.02  0.72
-5.01  0.68
-5  0.6
-4.99  0.72
-4.98  0.56
-4.97  0.84
-4.96  0.68
-4.95  0.68
-4.94  0.76
-4.93  0.72
-4.92  0.68
-4.91  0.76
-4.9  0.76
-4.89  0.76
-4.88  0.6
-4.87  0.76
-4.86  0.64
-4.85  0.6
-4.84  0.68
-4.83  0.8
-4.82  0.72
-4.81  0.72
-4.8  0.76
-4.79  0.64
-4.78  0.8
-4.77  0.84
-4.76  0.64
-4.75  0.72
-4.74  0.8
-4.73  0.6
-4.72  0.76
-4.71  0.72
-4.7  0.8
-4.69  0.76
-4.68  0.72
-4.67  0.68
-4.66  0.8
-4.65  0.6
-4.64  0.6
-4.63  0.8
-4.62  0.6
-4.61  0.76
-4.6  0.72
-4.59  0.72
-4.58  0.8
-4.57  0.84
-4.56  0.6
-4.55  0.72
-4.54  0.76
-4.53  0.64
-4.52  0.68
-4.51  0.84
-4.5  0.6
-4.49  0.72
-4.48  0.8
-4.47  0.72
-4.46  0.68
-4.45  0.68
-4.44  0.88
-4.43  0.68
-4.42  0.8
-4.41  0.76
-4.4  0.76
-4.39  0.76
-4.38  0.6
-4.37  0.72
-4.36  0.72
-4.35  0.68
-4.34  0.76
-4.33  0.76
-4.32  0.64
-4.31  0.72
-4.3  0.68
-4.29  0.68
-4.28  0.64
-4.27  0.84
-4.26  0.56
-4.25  0.8
-4.24  0.68
-4.23  0.68
-4.22  0.76
-4.21  0.8
-4.2  0.68
-4.19  0.76
-4.18  0.68
-4.17  0.64
-4.16  0.72
-4.15  0.76
-4.14  0.6
-4.13  0.6
-4.12  0.88
-4.11  0.72
-4.1  0.76
-4.09  0.76
-4.08  0.72
-4.07  0.64
-4.06  0.6
-4.05  0.72
-4.04  0.76
-4.03  0.76
-4.02  0.72
-4.01  0.72
-4  0.76
-3.99  0.6
-3.98  0.76
-3.97  0.68
-3.96  0.68
-3.95  0.68
-3.94  0.64
-3.93  0.72
-3.92  0.6
-3.91  0.68
-3.9  0.8
-3.89  0.76
-3.88  0.72
-3.87  0.76
-3.86  0.6
-3.85  0.68
-3.84  0.8
-3.83  0.56
-3.82  0.76
-3.81  0.56
-3.8  0.84
-3.79  0.76
-3.78  0.68
-3.77  0.64
-3.76  0.72
-3.75  0.8
-3.74  0.64
-3.73  0.76
-3.72  0.68
-3.71  0.52
-3.7  0.76
-3.69  0.68
-3.68  0.72
-3.67  0.8
-3.66  0.68
-3.65  0.64
-3.64  0.68
-3.63  0.8
-3.62  0.72
-3.61  0.64
-3.6  0.76
-3.59  0.72
-3.58  0.76
-3.57  0.56
-3.56  0.8
-3.55  0.8
-3.54  0.64
-3.53  0.6
-3.52  0.68
-3.51  0.76
-3.5  0.72
-3.49  0.76
-3.48  0.64
-3.47  0.92
-3.46  0.68
-3.45  0.6
-3.44  0.76
-3.43  0.64
-3.42  0.64
-3.41  0.76
-3.4  0.64
-3.39  0.68
-3.38  0.72
-3.37  0.64
-3.36  0.96
-3.35  0.68
-3.34  0.68
-3.33  0.8
-3.32  0.72
-3.31  0.72
-3.3  0.6
-3.29  0.76
-3.28  0.6
-3.27  0.68
-3.26  0.76
-3.25  0.88
-3.24  0.68
-3.23  0.72
-3.22  0.8
-3.21  0.68
-3.2  0.76
-3.19  0.68
-3.18  0.56
-3.17  0.84
-3.16  0.68
-3.15  0.72
-3.14  0.8
-3.13  0.72
-3.12  0.56
-3.11  0.8
-3.1  0.76
-3.09  0.56
-3.08  0.76
-3.07  0.8
-3.06  0.64
-3.05  0.68
-3.04  0.76
-3.03  0.72
-3.02  0.84
-3.01  0.68
-3  0.76
-2.99  0.64
-2.98  0.76
-2.97  0.72
-2.96  0.76
-2.95  0.52
-2.94  0.72
-2.93  0.68
-2.92  0.72
-2.91  0.76
-2.9  0.68
-2.89  0.72
-2.88  0.64
-2.87  0.88
-2.86  0.68
-2.85  0.8
-2.84  0.72
-2.83  0.68
-2.82  0.8
-2.81  0.68
-2.8  0.72
-2.79  0.72
-2.78  0.84
-2.77  0.68
-2.76  0.68
-2.75  0.6
-2.74  0.64
-2.73  0.8
-2.72  0.64
-2.71  0.6
-2.7  0.8
-2.69  0.76
-2.68  0.6
-2.67  0.8
-2.66  0.68
-2.65  0.6
-2.64  0.72
-2.63  0.68
-2.62  0.76
-2.61  0.64
-2.6  0.68
-2.59  0.68
-2.58  0.72
-2.57  0.88
-2.56  0.64
-2.55  0.72
-2.54  0.8
-2.53  0.64
-2.52  0.64
-2.51  0.72
-2.5  0.68
-2.49  0.8
-2.48  0.72
-2.47  0.72
-2.46  0.72
-2.45  0.8
-2.44  0.56
-2.43  0.68
-2.42  0.68
-2.41  0.76
-2.4  0.68
-2.39  0.72
-2.38  0.72
-2.37  0.72
-2.36  0.8
-2.35  0.6
-2.34  0.64
-2.33  0.68
-2.32  0.76
-2.31  0.76
-2.3  0.56
-2.29  0.92
-2.28  0.6
-2.27  0.68
-2.26  0.56
-2.25  0.84
-2.24  0.76
-2.23  0.76
-2.22  0.68
-2.21  0.64
-2.2  0.68
-2.19  0.68
-2.18  0.8
-2.17  0.68
-2.16  0.64
-2.15  0.64
-2.14  0.72
-2.13  0.8
-2.12  0.76
-2.11  0.68
-2.1  0.84
-2.09  0.64
-2.08  0.64
-2.07  0.8
-2.06  0.72
-2.05  0.6
-2.04  0.76
-2.03  0.72
-2.02  0.88
-2.01  0.68
-2  0.72
-1.99  0.6
-1.98  0.64
-1.97  0.72
-1.96  0.64
-1.95  0.76
-1.94  0.64
-1.93  0.6
-1.92  0.92
-1.91  0.68
-1.9  0.84
-1.89  0.72
-1.88  0.72
-1.87  0.72
-1.86  0.64
-1.85  0.76
-1.84  0.72
-1.83  0.6
-1.82  0.72
-1.81  0.76
-1.8  0.76
-1.79  0.72
-1.78  0.68
-1.77  0.56
-1.76  0.84
-1.75  0.72
-1.74  0.68
-1.73  0.72
-1.72  0.72
-1.71  0.72
-1.7  0.6
-1.69  0.88
-1.68  0.68
-1.67  0.72
-1.66  0.6
-1.65  0.72
-1.64  0.84
-1.63  0.64
-1.62  0.72
-1.61  0.84
-1.6  0.72
-1.59  0.72
-1.58  0.72
-1.57  0.68
-1.56  0.76
-1.55  0.6
-1.54  0.72
-1.53  0.8
-1.52  0.64
-1.51  0.64
-1.5  0.8
-1.49  0.68
-1.48  0.72
-1.47  0.8
-1.46  0.76
-1.45  0.64
-1.44  0.6
-1.43  0.84
-1.42  0.64
-1.41  0.64
-1.4  0.8
-1.39  0.68
-1.38  0.56
-1.37  0.8
-1.36  0.68
-1.35  0.64
-1.34  0.76
-1.33  0.84
-1.32  0.6
-1.31  0.72
-1.3  0.8
-1.29  0.72
-1.28  0.76
-1.27  0.72
-1.26  0.68
-1.25  0.72
-1.24  0.68
-1.23  0.76
-1.22  0.6
-1.21  0.8
-1.2  0.72
-1.19  0.68
-1.18  0.56
-1.17  0.76
-1.16  0.76
-1.15  0.68
-1.14  0.88
-1.13  0.68
-1.12  0.64
-1.11  0.8
-1.1  0.64
-1.09  0.64
-1.08  0.68
-1.07  0.6
-1.06  0.76
-1.05  0.72
-1.04  0.6
-1.03  0.68
-1.02  0.96
-1.01  0.72
-1  0.72
-0.99  0.6
-0.98  0.8
-0.97  0.56
-0.96  0.6
-0.95  0.84
-0.94  0.72
-0.93  0.72
-0.92  0.72
-0.91  0.72
-0.9  0.76
-0.89  0.6
-0.88  0.6
-0.87  0.72
-0.86  0.76
-0.85  0.68
-0.84  0.8
-0.83  0.68
-0.82  0.84
-0.81  0.68
-0.8  0.8
-0.79  0.52
-0.78  0.72
-0.77  0.92
-0.76  0.6
-0.75  0.68
-0.74  0.76
-0.73  0.64
-0.72  0.68
-0.71  0.8
-0.7  0.68
-0.69  0.76
-0.68  0.72
-0.67  0.72
-0.66  0.72
-0.65  0.68
-0.64  0.56
-0.63  0.8
-0.62  0.52
-0.61  0.72
-0.6  0.84
-0.59  0.56
-0.58  0.76
-0.57  0.68
-0.56  0.84
-0.55  0.68
-0.54  0.8
-0.53  0.76
-0.52  0.64
-0.51  0.8
-0.5  0.68
-0.49  0.76
-0.48  0.68
-0.47  0.64
-0.46  0.72
-0.45  0.6
-0.44  0.72
-0.43  0.72
-0.42  0.8
-0.41  0.76
-0.4  0.68
-0.39  0.72
-0.38  0.72
-0.37  0.84
-0.36  0.68
-0.35  0.72
-0.34  0.72
-0.33  0.64
-0.32  0.68
-0.31  0.8
-0.3  0.52
-0.29  0.8
-0.28  0.64
-0.27  0.76
-0.26  0.6
-0.25  0.68
-0.24  0.8
-0.23  0.56
-0.22  0.84
-0.21  0.76
-0.2  0.72
-0.19  0.72
-0.18  0.72
-0.17  0.64
-0.16  0.84
-0.15  0.84
-0.14  0.6
-0.13  0.72
-0.12  0.72
-0.11  0.68
-0.1  0.72
-0.09  0.64
-0.08  0.68
-0.07  0.68
-0.06  0.68
-0.05  0.72
-0.04  0.68
-0.03  0.68
-0.02  0.76
-0.01  0.76
-2.16197e-11  0.84
0.0001  0.04
0.0101  0.68
0.0201  0.56
0.0301  0.76
0.0401  0.66
0.0501  0.72
0.0601  0.74
0.0701  0.77
0.0801  0.64
0.0901  0.74
0.1001  0.71
0.1101  0.74
0.1201  0.61
0.1301  0.78
0.1401  0.53
0.1501  0.7
0.1601  0.69
0.1701  0.78
0.1801  0.66
0.1901  0.66
0.2001  0.66
0.2101  0.81
0.2201  0.64
0.2301  0.68
0.2401  0.54
0.2501  0.66
0.2601  0.8
0.2701  0.78
0.2801  0.68
0.2901  0.71
0.3001  0.53
0.3101  0.63
0.3201  0.57
0.3301  0.71
0.3401  0.53
0.3501  0.7
0.3601  0.53
0.3701  0.64
0.3801  0.6
0.3901  0.55
0.4001  0.63
0.4101  0.56
0.4201  0.49
0.4301  0.76
0.4401  0.66
0.4501  0.67
0.4601  0.57
0.4701  0.54
0.4801  0.65
0.4901  0.53
0.5001  0.61
0.5101  0.56
0.5201  0.59
0.5301  0.58
0.5401  0.57
0.5501  0.5
0.5601  0.55
0.5701  0.55
0.5801  0.54
0.5901  0.59
0.6001  0.55
0.6101  0.48
0.6201  0.39
0.6301  0.47
0.6401  0.53
0.6501  0.44
0.6601  0.49
0.6701  0.51
0.6801  0.63
0.6901  0.53
0.7001  0.47
0.7101  0.54
0.7201  0.64
0.7301  0.6
0.7401  0.44
0.7501  0.48
0.7601  0.46
0.7701  0.59
0.7801  0.53
0.7901  0.5
0.8001  0.42
0.8101  0.4
0.8201  0.49
0.8301  0.44
0.8401  0.49
0.8501  0.49
0.8601  0.49
0.8701  0.51
0.8801  0.58
0.8901  0.44
0.9001  0.5
0.9101  0.51
0.9201  0.41
0.9301  0.58
0.9401  0.5
0.9501  0.48
0.9601  0.43
0.9701  0.42
0.9801  0.39
0.9901  0.5
1.0001  0.38
1.0101  0.39
1.0201  0.4
1.0301  0.58
1.0401  0.51
1.0501  0.44
1.0601  0.42
1.0701  0.45
1.0801  0.44
1.0901  0.53
1.1001  0.48
1.1101  0.37
1.1201  0.35
1.1301  0.4
1.1401  0.51
1.1501  0.41
1.1601  0.52
1.1701  0.49
1.1801  0.34
1.1901  0.47
1.2001  0.48
1.2101  0.55
1.2201  0.4
1.2301  0.37
1.2401  0.5
1.2501  0.32
1.2601  0.47
1.2701  0.45
1.2801  0.43
1.2901  0.39
1.3001  0.42
1.3101  0.45
1.3201  0.4
1.3301  0.47
1.3401  0.52
1.3501  0.45
1.3601  0.44
1.3701  0.53
1.3801  0.47
1.3901  0.36
1.4001  0.55
1.4101  0.43
1.4201  0.44
1.4301  0.62
1.4401  0.42
1.4501  0.47
1.4601  0.3
1.4701  0.53
1.4801  0.49
1.4901  0.46
1.5001  0.39
1.5101  0.33
1.5201  0.57
1.5301  0.45
1.5401  0.53
1.5501  0.53
1.5601  0.47
1.5701  0.53
1.5801  0.55
1.5901  0.43
1.6001  0.46
1.6101  0.46
1.6201  0.55
1.6301  0.4
1.6401  0.43
1.6501  0.46
1.6601  0.51
1.6701  0.39
1.6801  0.41
1.6901  0.48
1.7001  0.35
1.7101  0.51
1.7201  0.41
1.7301  0.52
1.7401  0.53
1.7501  0.53
1.7601  0.42
1.7701  0.54
1.7801  0.51
1.7901  0.54
1.8001  0.51
1.8101  0.45
1.8201  0.58
1.8301  0.49
1.8401  0.47
1.8501  0.47
1.8601  0.45
1.8701  0.4
1.8801  0.58
1.8901  0.44
1.9001  0.35
1.9101  0.65
1.9201  0.64
1.9301  0.44
1.9401  0.53
1.9501  0.46
1.9601  0.62
1.9701  0.38
1.9801  0.5
1.9901  0.67
2.0001  0.47
2.0101  0.51
2.0201  0.55
2.0301  0.56
2.0401  0.49
2.0501  0.65
2.0601  0.72
2.0701  0.65
2.0801  0.38
2.0901  0.59
2.1001  0.62
2.1101  0.46
2.1201  0.49
2.1301  0.49
2.1401  0.4
2.1501  0.45
2.1601  0.57
2.1701  0.58
2.1801  0.4
2.1901  0.53
2.2001  0.44
2.2101  0.57
2.2201  0.69
2.2301  0.56
2.2401  0.52
2.2501  0.5
2.2601  0.52
2.2701  0.66
2.2801  0.7
2.2901  0.58
2.3001  0.57
2.3101  0.58
2.3201  0.51
2.3301  0.56
2.3401  0.62
2.3501  0.62
2.3601  0.55
2.3701  0.45
2.3801  0.52
2.3901  0.54
2.4001  0.51
2.4101  0.54
2.4201  0.53
2.4301  0.51
2.4401  0.6
2.4501  0.62
2.4601  0.46
2.4701  0.53
2.4801  0.55
2.4901  0.62
2.5001  0.63
2.5101  0.49
2.5201  0.53
2.5301  0.55
2.5401  0.51
2.5501  0.68
2.5601  0.46
2.5701  0.44
2.5801  0.69
2.5901  0.48
2.6001  0.54
2.6101  0.67
2.6201  0.62
2.6301  0.51
2.6401  0.52
2.6501  0.67
2.6601  0.45
2.6701  0.46
2.6801  0.6
2.6901  0.57
2.7001  0.66
2.7101  0.62
2.7201  0.53
2.7301  0.7
2.7401  0.65
2.7501  0.49
2.7601  0.58
2.7701  0.47
2.7801  0.63
2.7901  0.6
2.8001  0.53
2.8101  0.47
2.8201  0.6
2.8301  0.45
2.8401  0.46
2.8501  0.43
2.8601  0.53
2.8701  0.49
2.8801  0.59
2.8901  0.61
2.9001  0.63
2.9101  0.54
2.9201  0.53
2.9301  0.44
2.9401  0.52
2.9501  0.62
2.9601  0.41
2.9701  0.61
2.9801  0.54
2.9901  0.55
3.0001  0.68
3.0101  0.51
3.0201  0.64
3.0301  0.61
3.0401  0.45
3.0501  0.51
3.0601  0.5
3.0701  0.64
3.0801  0.56
3.0901  0.58
3.1001  0.65
3.1101  0.58
3.1201  0.58
3.1301  0.47
3.1401  0.53
3.1501  0.51
3.1601  0.69
3.1701  0.58
3.1801  0.51
3.1901  0.48
3.2001  0.52
3.2101  0.62
3.2201  0.55
3.2301  0.46
3.2401  0.51
3.2501  0.54
3.2601  0.73
3.2701  0.53
3.2801  0.48
3.2901  0.44
3.3001  0.55
3.3101  0.56
3.3201  0.6
3.3301  0.48
3.3401  0.54
3.3501  0.4
3.3601  0.51
3.3701  0.55
3.3801  0.51
3.3901  0.57
3.4001  0.62
3.4101  0.44
3.4201  0.63
3.4301  0.44
3.4401  0.58
3.4501  0.6
3.4601  0.45
3.4701  0.41
3.4801  0.49
3.4901  0.47
3.5001  0.46
3.5101  0.56
3.5201  0.5
3.5301  0.48
3.5401  0.59
3.5501  0.48
3.5601  0.51
3.5701  0.55
3.5801  0.5
3.5901  0.5
3.6001  0.63
3.6101  0.52
3.6201  0.54
3.6301  0.57
3.6401  0.58
3.6501  0.57
3.6601  0.58
3.6701  0.48
3.6801  0.52
3.6901  0.35
3.7001  0.51
3.7101  0.46
3.7201  0.63
3.7301  0.56
3.7401  0.33
3.7501  0.5
3.7601  0.57
3.7701  0.59
3.7801  0.5
3.7901  0.57
3.8001  0.48
3.8101  0.48
3.8201  0.5
3.8301  0.44
3.8401  0.43
3.8501  0.47
3.8601  0.76
3.8701  0.6
3.8801  0.46
3.8901  0.6
3.9001  0.56
3.9101  0.61
3.9201  0.62
3.9301  0.5
3.9401  0.62
3.9501  0.49
3.9601  0.55
3.9701  0.48
3.9801  0.5
3.9901  0.5
4.0001  0.51
4.0101  0.41
4.0201  0.55
4.0301  0.53
4.0401  0.6
4.0501  0.5
4.0601  0.53
4.0701  0.5
4.0801  0.6
4.0901  0.45
4.1001  0.46
4.1101  0.53
4.1201  0.48
4.1301  0.51
4.1401  0.66
4.1501  0.44
4.1601  0.54
4.1701  0.54
4.1801  0.52
4.1901  0.53
4.2001  0.5
4.2101  0.47
4.2201  0.55
4.2301  0.62
4.2401  0.48
4.2501  0.64
4.2601  0.48
4.2701  0.47
4.2801  0.55
4.2901  0.34
4.3001  0.51
4.3101  0.54
4.3201  0.52
4.3301  0.5
4.3401  0.57
4.3501  0.43
4.3601  0.63
4.3701  0.53
4.3801  0.49
4.3901  0.55
4.4001  0.44
4.4101  0.48
4.4201  0.43
4.4301  0.51
4.4401  0.48
4.4501  0.67
4.4601  0.64
4.4701  0.48
4.4801  0.58
4.4901  0.61
4.5001  0.53
4.5101  0.43
4.5201  0.57
4.5301  0.63
4.5401  0.47
4.5501  0.62
4.5601  0.54
4.5701  0.53
4.5801  0.49
4.5901  0.46
4.6001  0.52
4.6101  0.58
4.6201  0.48
4.6301  0.57
4.6401  0.55
4.6501  0.56
4.6601  0.59
4.6701  0.59
4.6801  0.55
4.6901  0.34
4.7001  0.53
4.7101  0.59
4.7201  0.56
4.7301  0.53
4.7401  0.48
4.7501  0.47
4.7601  0.47
4.7701  0.55
4.7801  0.62
4.7901  0.43
4.8001  0.58
4.8101  0.55
4.8201  0.53
4.8301  0.58
4.8401  0.58
4.8501  0.58
4.8601  0.5
4.8701  0.49
4.8801  0.53
4.8901  0.62
4.9001  0.57
4.9101  0.61
4.9201  0.44
4.9301  0.51
4.9401  0.5
4.9501  0.53
4.9601  0.49
4.9701  0.44
4.9801  0.54
4.9901  0.59
5.0001  0.53
5.0101  0.66
5.0201  0.75
5.0301  0.52
5.0401  0.46
5.0501  0.48
5.0601  0.59
5.0701  0.53
5.0801  0.46
5.0901  0.49
5.1001  0.47
5.1101  0.55
5.1201  0.57
5.1301  0.47
5.1401  0.57
5.1501  0.53
5.1601  0.52
5.1701  0.48
5.1801  0.46
5.1901  0.51
5.2001  0.65
5.2101  0.53
5.2201  0.51
5.2301  0.55
5.2401  0.54
5.2501  0.54
5.2601  0.48
5.2701  0.53
5.2801  0.48
5.2901  0.59
5.3001  0.5
5.3101  0.49
5.3201  0.54
5.3301  0.56
5.3401  0.54
5.3501  0.68
5.3601  0.5
5.3701  0.6
5.3801  0.44
5.3901  0.42
5.4001  0.5
5.4101  0.59
5.4201  0.59
5.4301  0.41
5.4401  0.53
5.4501  0.58
5.4601  0.47
5.4701  0.68
5.4801  0.57
5.4901  0.5
5.5001  0.47
5.5101  0.56
5.5201  0.57
5.5301  0.52
5.5401  0.42
5.5501  0.61
5.5601  0.6
5.5701  0.59
5.5801  0.46
5.5901  0.54
5.6001  0.58
5.6101  0.59
5.6201  0.52
5.6301  0.62
5.6401  0.51
5.6501  0.6
5.6601  0.41
5.6701  0.59
5.6801  0.5
5.6901  0.62
5.7001  0.57
5.7101  0.44
5.7201  0.5
5.7301  0.57
5.7401  0.6
5.7501  0.46
5.7601  0.58
5.7701  0.53
5.7801  0.48
5.7901  0.56
5.8001  0.48
5.8101  0.46
5.8201  0.61
5.8301  0.46
5.8401  0.56
5.8501  0.56
5.8601  0.44
5.8701  0.52
5.8801  0.64
5.8901  0.51
5.9001  0.57
5.9101  0.57
5.9201  0.54
5.9301  0.51
5.9401  0.64
5.9501  0.41
5.9601  0.46
5.9701  0.45
5.9801  0.64
5.9901  0.54
6.0001  0.57
6.0101  0.58
6.0201  0.53
6.0301  0.62
6.0401  0.49
6.0501  0.58
6.0601  0.47
6.0701  0.51
6.0801  0.61
6.0901  0.61
6.1001  0.54
6.1101  0.5
6.1201  0.49
6.1301  0.54
6.1401  0.62
6.1501  0.48
6.1601  0.46
6.1701  0.58
6.1801  0.51
6.1901  0.4
6.2001  0.47
6.2101  0.5
6.2201  0.62
6.2301  0.52
6.2401  0.51
6.2501  0.56
6.2601  0.48
6.2701  0.77
6.2801  0.48
6.2901  0.55
6.3001  0.51
6.3101  0.39
6.3201  0.48
6.3301  0.6
6.3401  0.6
6.3501  0.62
6.3601  0.41
6.3701  0.51
6.3801  0.64
6.3901  0.45
6.4001  0.52
6.4101  0.4
6.4201  0.63
6.4301  0.57
6.4401  0.59
6.4501  0.44
6.4601  0.53
6.4701  0.56
6.4801  0.6
6.4901  0.6
6.5001  0.51
6.5101  0.55
6.5201  0.58
6.5301  0.52
6.5401  0.56
6.5501  0.45
6.5601  0.51
6.5701  0.56
6.5801  0.41
6.5901  0.53
6.6001  0.58
6.6101  0.45
6.6201  0.51
6.6301  0.43
6.6401  0.65
6.6501  0.58
6.6601  0.48
6.6701  0.48
6.6801  0.57
6.6901  0.54
6.7001  0.39
6.7101  0.46
6.7201  0.52
6.7301  0.62
6.7401  0.6
6.7501  0.59
6.7601  0.47
6.7701  0.51
6.7801  0.55
6.7901  0.62
6.8001  0.49
6.8101  0.49
6.8201  0.47
6.8301  0.54
6.8401  0.63
6.8501  0.62
6.8601  0.64
6.8701  0.62
6.8801  0.53
6.8901  0.5
6.9001  0.58
6.9101  0.38
6.9201  0.56
6.9301  0.61
6.9401  0.49
6.9501  0.57
6.9601  0.59
6.9701  0.4
6.9801  0.52
6.9901  0.58
7.0001  0.49
7.0101  0.6
7.0201  0.52
7.0301  0.56
7.0401  0.55
7.0501  0.5
7.0601  0.49
7.0701  0.52
7.0801  0.51
7.0901  0.6
7.1001  0.5
7.1101  0.44
7.1201  0.55
7.1301  0.51
7.1401  0.5
7.1501  0.53
7.1601  0.49
7.1701  0.6
7.1801  0.45
7.1901  0.69
7.2001  0.49
7.2101  0.5
7.2201  0.57
7.2301  0.54
7.2401  0.66
7.2501  0.48
7.2601  0.51
7.2701  0.45
7.2801  0.55
7.2901  0.62
7.3001  0.52
7.3101  0.55
7.3201  0.62
7.3301  0.6
7.3401  0.64
7.3501  0.48
7.3601  0.51
7.3701  0.54
7.3801  0.54
7.3901  0.44
7.4001  0.44
7.4101  0.63
7.4201  0.33
7.4301  0.43
7.4401  0.45
7.4501  0.48
7.4601  0.57
7.4701  0.53
7.4801  0.63
7.4901  0.49
7.5001  0.58
7.5101  0.52
7.5201  0.49
7.5301  0.51
7.5401  0.42
7.5501  0.44
7.5601  0.59
7.5701  0.54
7.5801  0.65
7.5901  0.43
7.6001  0.56
7.6101  0.42
7.6201  0.48
7.6301  0.5
7.6401  0.55
7.6501  0.44
7.6601  0.46
7.6701  0.52
7.6801  0.59
7.6901  0.49
7.7001  0.54
7.7101  0.65
7.7201  0.44
7.7301  0.66
7.7401  0.52
7.7501  0.46
7.7601  0.44
7.7701  0.49
7.7801  0.48
7.7901  0.59
7.8001  0.65
7.8101  0.62
7.8201  0.54
7.8301  0.62
7.8401  0.54
7.8501  0.5
7.8601  0.57
7.8701  0.58
7.8801  0.57
7.8901  0.64
7.9001  0.46
7.9101  0.51
7.9201  0.45
7.9301  0.48
7.9401  0.54
7.9501  0.46
7.9601  0.58
7.9701  0.56
7.9801  0.54
7.9901  0.47
8.0001  0.61
8.0101  0.62
8.0201  0.63
8.0301  0.42
8.0401  0.45
8.0501  0.54
8.0601  0.62
8.0701  0.53
8.0801  0.58
8.0901  0.43
8.1001  0.49
8.1101  0.64
8.1201  0.63
8.1301  0.39
8.1401  0.52
8.1501  0.52
8.1601  0.47
8.1701  0.54
8.1801  0.45
8.1901  0.52
8.2001  0.56
8.2101  0.39
8.2201  0.57
8.2301  0.55
8.2401  0.6
8.2501  0.48
8.2601  0.53
8.2701  0.56
8.2801  0.59
8.2901  0.64
8.3001  0.6
8.3101  0.55
8.3201  0.5
8.3301  0.65
8.3401  0.46
8.3501  0.45
8.3601  0.57
8.3701  0.53
8.3801  0.63
8.3901  0.5
8.4001  0.57
8.4101  0.56
8.4201  0.5
8.4301  0.58
8.4401  0.52
8.4501  0.45
8.4601  0.58
8.4701  0.51
8.4801  0.53
8.4901  0.59
8.5001  0.56
8.5101  0.55
8.5201  0.53
8.5301  0.59
8.5401  0.47
8.5501  0.54
8.5601  0.52
8.5701  0.52
8.5801  0.37
8.5901  0.47
8.6001  0.72
8.6101  0.5
8.6201  0.54
8.6301  0.6
8.6401  0.37
8.6501  0.44
8.6601  0.5
8.6701  0.55
8.6801  0.56
8.6901  0.42
8.7001  0.46
8.7101  0.44
8.7201  0.49
8.7301  0.54
8.7401  0.58
8.7501  0.59
8.7601  0.56
8.7701  0.6
8.7801  0.48
8.7901  0.46
8.8001  0.65
8.8101  0.55
8.8201  0.46
8.8301  0.52
8.8401  0.63
8.8501  0.52
8.8601  0.65
8.8701  0.41
8.8801  0.57
8.8901  0.62
8.9001  0.52
8.9101  0.54
8.9201  0.61
8.9301  0.57
8.9401  0.53
8.9501  0.48
8.9601  0.46
8.9701  0.5
8.9801  0.57
8.9901  0.44
9.0001  0.48
9.0101  0.53
9.0201  0.63
9.0301  0.48
9.0401  0.45
9.0501  0.47
9.0601  0.67
9.0701  0.53
9.0801  0.48
9.0901  0.52
9.1001  0.66
9.1101  0.49
9.1201  0.48
9.1301  0.65
9.1401  0.51
9.1501  0.52
9.1601  0.49
9.1701  0.63
9.1801  0.51
9.1901  0.51
9.2001  0.62
9.2101  0.51
9.2201  0.59
9.2301  0.7
9.2401  0.6
9.2501  0.54
9.2601  0.37
9.2701  0.53
9.2801  0.62
9.2901  0.51
9.3001  0.5
9.3101  0.6
9.3201  0.52
9.3301  0.39
9.3401  0.55
9.3501  0.58
9.3601  0.59
9.3701  0.45
9.3801  0.56
9.3901  0.46
9.4001  0.55
9.4101  0.59
9.4201  0.51
9.4301  0.51
9.4401  0.51
9.4501  0.43
9.4601  0.48
9.4701  0.57
9.4801  0.46
9.4901  0.49
9.5001  0.5
9.5101  0.61
9.5201  0.59
9.5301  0.55
9.5401  0.51
9.5501  0.65
9.5601  0.47
9.5701  0.59
9.5801  0.55
9.5901  0.55
9.6001  0.53
9.6101  0.53
9.6201  0.54
9.6301  0.41
9.6401  0.52
9.6501  0.54
9.6601  0.49
9.6701  0.57
9.6801  0.55
9.6901  0.55
9.7001  0.5
9.7101  0.65
9.7201  0.57
9.7301  0.49
9.7401  0.45
9.7501  0.48
9.7601  0.45
9.7701  0.38
9.7801  0.55
9.7901  0.41
9.8001  0.65
9.8101  0.6
9.8201  0.53
9.8301  0.56
9.8401  0.54
9.8501  0.57
9.8601  0.48
9.8701  0.57
9.8801  0.47
9.8901  0.46
9.9001  0.65
9.9101  0.64
9.9201  0.62
9.9301  0.6
9.9401  0.44
9.9501  0.53
9.9601  0.59
9.9701  0.49
9.9801  0.41
9.9901  0.49
10.0001  0.44
10.0101  0.43
10.0201  0.5
10.0301  0.55
10.0401  0.47
10.0501  0.45
10.0601  0.47
10.0701  0.58
10.0801  0.49
10.0901  0.63
10.1001  0.44
10.1101  0.52
10.1201  0.53
10.1301  0.62
10.1401  0.46
10.1501  0.56
10.1601  0.58
10.1701  0.6
10.1801  0.54
10.1901  0.49
10.2001  0.49
10.2101  0.41
10.2201  0.57
10.2301  0.6
10.2401  0.63
10.2501  0.62
10.2601  0.55
10.2701  0.51
10.2801  0.56
10.2901  0.52
10.3001  0.66
10.3101  0.6
10.3201  0.59
10.3301  0.48
10.3401  0.62
10.3501  0.42
10.3601  0.54
10.3701  0.66
10.3801  0.5
10.3901  0.56
10.4001  0.67
10.4101  0.47
10.4201  0.51
10.4301  0.62
10.4401  0.54
10.4501  0.62
10.4601  0.54
10.4701  0.58
10.4801  0.53
10.4901  0.7
10.5001  0.4
10.5101  0.35
10.5201  0.48
10.5301  0.5
10.5401  0.53
10.5501  0.53
10.5601  0.44
10.5701  0.53
10.5801  0.63
10.5901  0.7
10.6001  0.55
10.6101  0.59
10.6201  0.5
10.6301  0.53
10.6401  0.53
10.6501  0.5
10.6601  0.44
10.6701  0.58
10.6801  0.6
10.6901  0.61
10.7001  0.54
10.7101  0.56
10.7201  0.44
10.7301  0.46
10.7401  0.48
10.7501  0.69
10.7601  0.61
10.7701  0.53
10.7801  0.45
10.7901  0.42
10.8001  0.52
10.8101  0.52
10.8201  0.71
10.8301  0.53
10.8401  0.53
10.8501  0.42
10.8601  0.55
10.8701  0.54
10.8801  0.51
10.8901  0.53
10.9001  0.59
10.9101  0.52
10.9201  0.62
10.9301  0.69
10.9401  0.52
10.9501  0.55
10.9601  0.65
10.9701  0.51
10.9801  0.49
10.9901  0.55
11.0001  0.51
11.0101  0.49
11.0201  0.5
11.0301  0.48
11.0401  0.53
11.0501  0.49
11.0601  0.46
11.0701  0.57
11.0801  0.57
11.0901  0.55
11.1001  0.54
11.1101  0.67
11.1201  0.67
11.1301  0.63
11.1401  0.55
11.1501  0.5
11.1601  0.5
11.1701  0.46
11.1801  0.5
11.1901  0.39
11.2001  0.53
11.2101  0.63
11.2201  0.49
11.2301  0.48
11.2401  0.54
11.2501  0.63
11.2601  0.49
11.2701  0.56
11.2801  0.48
11.2901  0.45
11.3001  0.54
11.3101  0.55
11.3201  0.47
11.3301  0.69
11.3401  0.57
11.3501  0.55
11.3601  0.49
11.3701  0.68
11.3801  0.53
11.3901  0.63
11.4001  0.47
11.4101  0.58
11.4201  0.47
11.4301  0.5
11.4401  0.53
11.4501  0.55
11.4601  0.6
11.4701  0.56
11.4801  0.62
11.4901  0.47
11.5001  0.63
11.5101  0.49
11.5201  0.55
11.5301  0.5
11.5401  0.37
11.5501  0.52
11.5601  0.51
11.5701  0.6
11.5801  0.54
11.5901  0.46
11.6001  0.49
11.6101  0.43
11.6201  0.48
11.6301  0.45
11.6401  0.43
11.6501  0.51
11.6601  0.49
11.6701  0.5
11.6801  0.65
11.6901  0.57
11.7001  0.61
11.7101  0.48
11.7201  0.47
11.7301  0.55
11.7401  0.46
11.7501  0.51
11.7601  0.56
11.7701  0.55
11.7801  0.47
11.7901  0.5
11.8001  0.48
11.8101  0.58
11.8201  0.46
11.8301  0.44
11.8401  0.53
11.8501  0.55
11.8601  0.61
11.8701  0.46
11.8801  0.47
11.8901  0.59
11.9001  0.5
11.9101  0.43
11.9201  0.58
11.9301  0.56
11.9401  0.43
11.9501  0.51
11.9601  0.58
11.9701  0.58
11.9801  0.58
11.9901  0.58
12.0001  0.6
12.0101  0.49
12.0201  0.54
12.0301  0.49
12.0401  0.6
12.0501  0.5
12.0601  0.69
12.0701  0.57
12.0801  0.45
12.0901  0.53
12.1001  0.58
12.1101  0.5
12.1201  0.66
12.1301  0.61
12.1401  0.51
12.1501  0.43
12.1601  0.56
12.1701  0.49
12.1801  0.52
12.1901  0.58
12.2001  0.48
12.2101  0.59
12.2201  0.57
12.2301  0.43
12.2401  0.51
12.2501  0.47
12.2601  0.59
12.2701  0.54
12.2801  0.39
12.2901  0.44
12.3001  0.46
12.3101  0.52
12.3201  0.46
12.3301  0.55
12.3401  0.52
12.3501  0.56
12.3601  0.63
12.3701  0.57
12.3801  0.55
12.3901  0.41
12.4001  0.61
12.4101  0.54
12.4201  0.63
12.4301  0.57
12.4401  0.56
12.4501  0.62
12.4601  0.53
12.4701  0.54
12.4801  0.56
12.4901  0.48
12.5001  0.55
12.5101  0.52
12.5201  0.38
12.5301  0.47
12.5401  0.5
12.5501  0.44
12.5601  0.48
12.5701  0.53
12.5801  0.49
12.5901  0.47
12.6001  0.52
12.6101  0.73
12.6201  0.46
12.6301  0.54
12.6401  0.56
12.6501  0.49
12.6601  0.49
12.6701  0.44
12.6801  0.58
12.6901  0.57
12.7001  0.64
12.7101  0.62
12.7201  0.59
12.7301  0.36
12.7401  0.52
12.7501  0.62
12.7601  0.55
12.7701  0.68
12.7801  0.62
12.7901  0.64
12.8001  0.47
12.8101  0.49
12.8201  0.61
12.8301  0.45
12.8401  0.45
12.8501  0.5
12.8601  0.44
12.8701  0.6
12.8801  0.55
12.8901  0.47
12.9001  0.55
12.9101  0.47
12.9201  0.72
12.9301  0.56
12.9401  0.43
12.9501  0.49
12.9601  0.47
12.9701  0.53
12.9801  0.66
12.9901  0.49
13.0001  0.53
13.0101  0.62
13.0201  0.49
13.0301  0.43
13.0401  0.63
13.0501  0.48
13.0601  0.55
13.0701  0.49
13.0801  0.55
13.0901  0.47
13.1001  0.55
13.1101  0.47
13.1201  0.62
13.1301  0.4
13.1401  0.5
13.1501  0.49
13.1601  0.59
13.1701  0.57
13.1801  0.5
13.1901  0.56
13.2001  0.44
13.2101  0.46
13.2201  0.58
13.2301  0.54
13.2401  0.55
13.2501  0.4
13.2601  0.53
13.2701  0.41
13.2801  0.55
13.2901  0.49
13.3001  0.45
13.3101  0.49
13.3201  0.42
13.3301  0.53
13.3401  0.62
13.3501  0.38
13.3601  0.52
13.3701  0.61
13.3801  0.64
13.3901  0.63
13.4001  0.61
13.4101  0.59
13.4201  0.52
13.4301  0.49
13.4401  0.4
13.4501  0.54
13.4601  0.52
13.4701  0.5
13.4801  0.56
13.4901  0.6
13.5001  0.67
13.5101  0.46
13.5201  0.63
13.5301  0.45
13.5401  0.62
13.5501  0.53
13.5601  0.56
13.5701  0.53
13.5801  0.62
13.5901  0.54
13.6001  0.53
13.6101  0.56
13.6201  0.44
13.6301  0.53
13.6401  0.55
13.6501  0.57
13.6601  0.55
13.6701  0.54
13.6801  0.56
13.6901  0.5
13.7001  0.44
13.7101  0.56
13.7201  0.45
13.7301  0.54
13.7401  0.54
13.7501  0.48
13.7601  0.52
13.7701  0.62
13.7801  0.53
13.7901  0.6
13.8001  0.46
13.8101  0.61
13.8201  0.48
13.8301  0.46
13.8401  0.55
13.8501  0.46
13.8601  0.54
13.8701  0.53
13.8801  0.54
13.8901  0.67
13.9001  0.51
13.9101  0.59
13.9201  0.66
13.9301  0.49
13.9401  0.52
13.9501  0.51
13.9601  0.6
13.9701  0.62
13.9801  0.61
13.9901  0.45
14.0001  0.53
14.0101  0.51
14.0201  0.53
14.0301  0.53
14.0401  0.6
14.0501  0.53
14.0601  0.52
14.0701  0.48
14.0801  0.54
14.0901  0.47
14.1001  0.58
14.1101  0.69
14.1201  0.55
14.1301  0.58
14.1401  0.49
14.1501  0.7
14.1601  0.64
14.1701  0.52
14.1801  0.56
14.1901  0.53
14.2001  0.47
14.2101  0.52
14.2201  0.55
14.2301  0.58
14.2401  0.48
14.2501  0.55
14.2601  0.57
14.2701  0.48
14.2801  0.58
14.2901  0.53
14.3001  0.39
14.3101  0.41
14.3201  0.46
14.3301  0.56
14.3401  0.57
14.3501  0.42
14.3601  0.49
14.3701  0.51
14.3801  0.57
14.3901  0.46
14.4001  0.57
14.4101  0.52
14.4201  0.63
14.4301  0.49
14.4401  0.63
14.4501  0.57
14.4601  0.5
14.4701  0.57
14.4801  0.57
14.4901  0.4
14.5001  0.54
14.5101  0.42
14.5201  0.58
14.5301  0.44
14.5401  0.49
14.5501  0.62
14.5601  0.56
14.5701  0.45
14.5801  0.65
14.5901  0.56
14.6001  0.58
14.6101  0.61
14.6201  0.54
14.6301  0.51
14.6401  0.42
14.6501  0.44
14.6601  0.6
14.6701  0.53
14.6801  0.52
14.6901  0.61
14.7001  0.64
14.7101  0.52
14.7201  0.57
14.7301  0.59
14.7401  0.46
14.7501  0.44
14.7601  0.62
14.7701  0.55
14.7801  0.39
14.7901  0.53
14.8001  0.46
14.8101  0.58
14.8201  0.5
14.8301  0.62
14.8401  0.45
14.8501  0.52
14.8601  0.51
14.8701  0.6
14.8801  0.43
14.8901  0.57
14.9001  0.57
14.9101  0.51
14.9201  0.46
14.9301  0.49
14.9401  0.64
14.9501  0.51
14.9601  0.52
14.9701  0.56
14.9801  0.43
14.9901  0.49
15.0001  0.62
15.0101  0.45
15.0201  0.53
15.0301  0.45
15.0401  0.51
15.0501  0.42
15.0601  0.49
15.0701  0.59
15.0801  0.56
15.0901  0.57
15.1001  0.56
15.1101  0.5
15.1201  0.43
15.1301  0.61
15.1401  0.6
15.1501  0.54
15.1601  0.71
15.1701  0.57
15.1801  0.57
15.1901  0.46
15.2001  0.55
15.2101  0.46
15.2201  0.66
15.2301  0.54
15.2401  0.56
15.2501  0.61
15.2601  0.56
15.2701  0.64
15.2801  0.41
15.2901  0.45
15.3001  0.51
15.3101  0.48
15.3201  0.57
15.3301  0.6
15.3401  0.52
15.3501  0.38
15.3601  0.62
15.3701  0.54
15.3801  0.57
15.3901  0.44
15.4001  0.4
15.4101  0.49
15.4201  0.49
15.4301  0.61
15.4401  0.43
15.4501  0.51
15.4601  0.54
15.4701  0.5
15.4801  0.69
15.4901  0.74
15.5001  0.53
15.5101  0.61
15.5201  0.59
15.5301  0.44
15.5401  0.56
15.5501  0.52
15.5601  0.54
15.5701  0.56
15.5801  0.44
15.5901  0.41
15.6001  0.39
15.6101  0.48
15.6201  0.51
15.6301  0.52
15.6401  0.55
15.6501  0.53
15.6601  0.58
15.6701  0.44
15.6801  0.5
15.6901  0.52
15.7001  0.55
15.7101  0.59
15.7201  0.65
15.7301  0.57
15.7401  0.46
15.7501  0.52
15.7601  0.43
15.7701  0.55
15.7801  0.54
15.7901  0.67
15.8001  0.66
15.8101  0.69
15.8201  0.53
15.8301  0.48
15.8401  0.45
15.8501  0.58
15.8601  0.47
15.8701  0.57
15.8801  0.64
15.8901  0.47
15.9001  0.63
15.9101  0.55
15.9201  0.51
15.9301  0.44
15.9401  0.61
15.9501  0.61
15.9601  0.55
15.9701  0.68
15.9801  0.54
15.9901  0.5
16.0001  0.48
16.0101  0.55
16.0201  0.49
16.0301  0.35
16.0401  0.56
16.0501  0.54
16.0601  0.47
16.0701  0.43
16.0801  0.56
16.0901  0.61
16.1001  0.51
16.1101  0.6
16.1201  0.57
16.1301  0.6
16.1401  0.54
16.1501  0.55
16.1601  0.36
16.1701  0.5
16.1801  0.46
16.1901  0.5
16.2001  0.49
16.2101  0.53
16.2201  0.32
16.2301  0.54
16.2401  0.42
16.2501  0.46
16.2601  0.51
16.2701  0.62
16.2801  0.56
16.2901  0.48
16.3001  0.41
16.3101  0.56
16.3201  0.46
16.3301  0.41
16.3401  0.47
16.3501  0.62
16.3601  0.45
16.3701  0.64
16.3801  0.69
16.3901  0.51
16.4001  0.6
16.4101  0.62
16.4201  0.49
16.4301  0.49
16.4401  0.57
16.4501  0.53
16.4601  0.5
16.4701  0.46
16.4801  0.5
16.4901  0.44
16.5001  0.54
16.5101  0.52
16.5201  0.57
16.5301  0.61
16.5401  0.69
16.5501  0.52
16.5601  0.55
16.5701  0.56
16.5801  0.6
16.5901  0.53
16.6001  0.49
16.6101  0.47
16.6201  0.53
16.6301  0.5
16.6401  0.58
16.6501  0.55
16.6601  0.44
16.6701  0.59
16.6801  0.7
16.6901  0.6
16.7001  0.51
16.7101  0.49
16.7201  0.53
16.7301  0.42
16.7401  0.52
16.7501  0.49
16.7601  0.46
16.7701  0.51
16.7801  0.56
16.7901  0.38
16.8001  0.62
16.8101  0.53
16.8201  0.54
16.8301  0.5
16.8401  0.51
16.8501  0.61
16.8601  0.55
16.8701  0.6
16.8801  0.6
16.8901  0.56
16.9001  0.49
16.9101  0.56
16.9201  0.53
16.9301  0.45
16.9401  0.56
16.9501  0.6
16.9601  0.67
16.9701  0.52
16.9801  0.48
16.9901  0.51
17.0001  0.57
17.0101  0.56
17.0201  0.58
17.0301  0.36
17.0401  0.62
17.0501  0.59
17.0601  0.6
17.0701  0.57
17.0801  0.55
17.0901  0.51
17.1001  0.63
17.1101  0.62
17.1201  0.51
17.1301  0.62
17.1401  0.51
17.1501  0.53
17.1601  0.5
17.1701  0.6
17.1801  0.54
17.1901  0.52
17.2001  0.51
17.2101  0.48
17.2201  0.45
17.2301  0.48
17.2401  0.48
17.2501  0.52
17.2601  0.5
17.2701  0.51
17.2801  0.48
17.2901  0.58
17.3001  0.4
17.3101  0.48
17.3201  0.46
17.3301  0.56
17.3401  0.53
17.3501  0.57
17.3601  0.46
17.3701  0.59
17.3801  0.46
17.3901  0.59
17.4001  0.6
17.4101  0.51
17.4201  0.49
17.4301  0.5
17.4401  0.5
17.4501  0.57
17.4601  0.42
17.4701  0.55
17.4801  0.55
17.4901  0.52
17.5001  0.55
17.5101  0.62
17.5201  0.65
17.5301  0.54
17.5401  0.54
17.5501  0.57
17.5601  0.61
17.5701  0.47
17.5801  0.63
17.5901  0.45
17.6001  0.64
17.6101  0.53
17.6201  0.48
17.6301  0.46
17.6401  0.52
17.6501  0.62
17.6601  0.43
17.6701  0.64
17.6801  0.42
17.6901  0.56
17.7001  0.48
17.7101  0.55
17.7201  0.61
17.7301  0.58
17.7401  0.5
17.7501  0.42
17.7601  0.54
17.7701  0.55
17.7801  0.58
17.7901  0.43
17.8001  0.51
17.8101  0.58
17.8201  0.58
17.8301  0.45
17.8401  0.5
17.8501  0.57
17.8601  0.62
17.8701  0.49
17.8801  0.5
17.8901  0.5
17.9001  0.34
17.9101  0.43
17.9201  0.6
17.9301  0.58
17.9401  0.59
17.9501  0.52
17.9601  0.56
17.9701  0.51
17.9801  0.55
17.9901  0.55
18.0001  0.54
18.0101  0.55
18.0201  0.64
18.0301  0.52
18.0401  0.45
18.0501  0.59
18.0601  0.45
18.0701  0.54
18.0801  0.53
18.0901  0.59
18.1001  0.55
18.1101  0.48
18.1201  0.56
18.1301  0.48
18.1401  0.56
18.1501  0.65
18.1601  0.54
18.1701  0.57
18.1801  0.52
18.1901  0.62
18.2001  0.5
18.2101  0.52
18.2201  0.49
18.2301  0.44
18.2401  0.52
18.2501  0.66
18.2601  0.44
18.2701  0.63
18.2801  0.49
18.2901  0.43
18.3001  0.55
18.3101  0.67
18.3201  0.5
18.3301  0.41
18.3401  0.63
18.3501  0.58
18.3601  0.47
18.3701  0.48
18.3801  0.4
18.3901  0.59
18.4001  0.49
18.4101  0.55
18.4201  0.55
18.4301  0.66
18.4401  0.37
18.4501  0.52
18.4601  0.59
18.4701  0.57
18.4801  0.46
18.4901  0.54
18.5001  0.58
18.5101  0.47
18.5201  0.45
18.5301  0.46
18.5401  0.44
18.5501  0.5
18.5601  0.56
18.5701  0.48
18.5801  0.44
18.5901  0.59
18.6001  0.58
18.6101  0.56
18.6201  0.45
18.6301  0.54
18.6401  0.47
18.6501  0.4
18.6601  0.6
18.6701  0.55
18.6801  0.45
18.6901  0.5
18.7001  0.5
18.7101  0.5
18.7201  0.45
18.7301  0.6
18.7401  0.48
18.7501  0.51
18.7601  0.58
18.7701  0.56
18.7801  0.55
18.7901  0.56
18.8001  0.57
18.8101  0.49
18.8201  0.48
18.8301  0.59
18.8401  0.56
18.8501  0.5
18.8601  0.58
18.8701  0.54
18.8801  0.49
18.8901  0.58
18.9001  0.44
18.9101  0.45
18.9201  0.43
18.9301  0.54
18.9401  0.62
18.9501  0.37
18.9601  0.58
18.9701  0.64
18.9801  0.43
18.9901  0.61
19.0001  0.5
19.0101  0.56
19.0201  0.55
19.0301  0.64
19.0401  0.7
19.0501  0.46
19.0601  0.57
19.0701  0.67
19.0801  0.56
19.0901  0.55
19.1001  0.49
19.1101  0.43
19.1201  0.52
19.1301  0.57
19.1401  0.42
19.1501  0.54
19.1601  0.59
19.1701  0.66
19.1801  0.75
19.1901  0.52
19.2001  0.54
19.2101  0.48
19.2201  0.33
19.2301  0.51
19.2401  0.55
19.2501  0.52
19.2601  0.64
19.2701  0.5
19.2801  0.55
19.2901  0.63
19.3001  0.5
19.3101  0.55
19.3201  0.51
19.3301  0.54
19.3401  0.71
19.3501  0.5
19.3601  0.56
19.3701  0.47
19.3801  0.51
19.3901  0.52
19.4001  0.45
19.4101  0.52
19.4201  0.43
19.4301  0.53
19.4401  0.61
19.4501  0.64
19.4601  0.54
19.4701  0.52
19.4801  0.49
19.4901  0.55
19.5001  0.56
19.5101  0.5
19.5201  0.65
19.5301  0.57
19.5401  0.47
19.5501  0.64
19.5601  0.62
19.5701  0.57
19.5801  0.58
19.5901  0.55
19.6001  0.62
19.6101  0.57
19.6201  0.52
19.6301  0.58
19.6401  0.4
19.6501  0.54
19.6601  0.43
19.6701  0.46
19.6801  0.52
19.6901  0.65
19.7001  0.42
19.7101  0.51
19.7201  0.66
19.7301  0.67
19.7401  0.65
19.7501  0.45
19.7601  0.51
19.7701  0.39
19.7801  0.55
19.7901  0.49
19.8001  0.41
19.8101  0.62
19.8201  0.47
19.8301  0.48
19.8401  0.59
19.8501  0.44
19.8601  0.53
19.8701  0.47
19.8801  0.6
19.8901  0.5
19.9001  0.61
19.9101  0.48
19.9201  0.54
19.9301  0.41
19.9401  0.56
19.9501  0.53
19.9601  0.55
19.9701  0.51
19.9801  0.52
19.9901  0.66
20.0001  0.6
20.0101  0.5
20.0201  0.5
20.0301  0.45
20.0401  0.47
20.0501  0.59
20.0601  0.62
20.0701  0.43
20.0801  0.54
20.0901  0.59
20.1001  0.57
20.1101  0.55
20.1201  0.42
20.1301  0.61
20.1401  0.52
20.1501  0.42
20.1601  0.53
20.1701  0.6
20.1801  0.55
20.1901  0.67
20.2001  0.57
20.2101  0.57
20.2201  0.63
20.2301  0.55
20.2401  0.58
20.2501  0.63
20.2601  0.46
20.2701  0.48
20.2801  0.49
20.2901  0.52
20.3001  0.55
20.3101  0.49
20.3201  0.59
20.3301  0.57
20.3401  0.46
20.3501  0.68
20.3601  0.57
20.3701  0.51
20.3801  0.55
20.3901  0.69
20.4001  0.55
20.4101  0.55
20.4201  0.53
20.4301  0.39
20.4401  0.56
20.4501  0.55
20.4601  0.47
20.4701  0.52
20.4801  0.55
20.4901  0.54
20.5001  0.48
20.5101  0.65
20.5201  0.62
20.5301  0.51
20.5401  0.42
20.5501  0.61
20.5601  0.52
20.5701  0.46
20.5801  0.48
20.5901  0.51
20.6001  0.52
20.6101  0.6
20.6201  0.6
20.6301  0.46
20.6401  0.5
20.6501  0.52
20.6601  0.4
20.6701  0.41
20.6801  0.42
20.6901  0.59
20.7001  0.59
20.7101  0.5
20.7201  0.6
20.7301  0.48
20.7401  0.54
20.7501  0.55
20.7601  0.42
20.7701  0.45
20.7801  0.67
20.7901  0.49
20.8001  0.69
20.8101  0.48
20.8201  0.35
20.8301  0.46
20.8401  0.49
20.8501  0.49
20.8601  0.51
20.8701  0.57
20.8801  0.44
20.8901  0.54
20.9001  0.35
20.9101  0.55
20.9201  0.49
20.9301  0.55
20.9401  0.59
20.9501  0.51
20.9601  0.49
20.9701  0.55
20.9801  0.58
20.9901  0.48
21.0001  0.57
21.0101  0.57
21.0201  0.62
21.0301  0.5
21.0401  0.5
21.0501  0.46
21.0601  0.55
21.0701  0.59
21.0801  0.66
21.0901  0.58
21.1001  0.42
21.1101  0.56
21.1201  0.6
21.1301  0.56
21.1401  0.63
21.1501  0.7
21.1601  0.53
21.1701  0.56
21.1801  0.54
21.1901  0.56
21.2001  0.47
21.2101  0.47
21.2201  0.48
21.2301  0.39
21.2401  0.46
21.2501  0.51
21.2601  0.61
21.2701  0.46
21.2801  0.51
21.2901  0.57
21.3001  0.71
21.3101  0.5
21.3201  0.51
21.3301  0.5
21.3401  0.49
21.3501  0.36
21.3601  0.5
21.3701  0.54
21.3801  0.41
21.3901  0.48
21.4001  0.44
21.4101  0.46
21.4201  0.57
21.4301  0.41
21.4401  0.62
21.4501  0.53
21.4601  0.43
21.4701  0.62
21.4801  0.58
21.4901  0.61
21.5001  0.68
21.5101  0.52
21.5201  0.59
21.5301  0.57
21.5401  0.53
21.5501  0.51
21.5601  0.66
21.5701  0.44
21.5801  0.57
21.5901  0.42
21.6001  0.48
21.6101  0.57
21.6201  0.58
21.6301  0.44
21.6401  0.59
21.6501  0.65
21.6601  0.4
21.6701  0.55
21.6801  0.46
21.6901  0.5
21.7001  0.49
21.7101  0.51
21.7201  0.55
21.7301  0.55
21.7401  0.65
21.7501  0.49
21.7601  0.51
21.7701  0.57
21.7801  0.38
21.7901  0.49
21.8001  0.65
21.8101  0.48
21.8201  0.52
21.8301  0.7
21.8401  0.51
21.8501  0.59
21.8601  0.52
21.8701  0.57
21.8801  0.57
21.8901  0.4
21.9001  0.45
21.9101  0.56
21.9201  0.51
21.9301  0.61
21.9401  0.59
21.9501  0.62
21.9601  0.61
21.9701  0.51
21.9801  0.62
21.9901  0.58
22.0001  0.46
22.0101  0.57
22.0201  0.51
22.0301  0.61
22.0401  0.63
22.0501  0.63
22.0601  0.55
22.0701  0.5
22.0801  0.49
22.0901  0.47
22.1001  0.52
22.1101  0.62
22.1201  0.45
22.1301  0.55
22.1401  0.46
22.1501  0.47
22.1601  0.48
22.1701  0.55
22.1801  0.52
22.1901  0.52
22.2001  0.42
22.2101  0.57
22.2201  0.45
22.2301  0.49
22.2401  0.53
22.2501  0.63
22.2601  0.55
22.2701  0.61
22.2801  0.51
22.2901  0.6
22.3001  0.66
22.3101  0.48
22.3201  0.49
22.3301  0.61
22.3401  0.51
22.3501  0.44
22.3601  0.55
22.3701  0.49
22.3801  0.6
22.3901  0.5
22.4001  0.6
22.4101  0.54
22.4201  0.5
22.4301  0.53
22.4401  0.59
22.4501  0.59
22.4601  0.63
22.4701  0.56
22.4801  0.58
22.4901  0.56
22.5001  0.44
22.5101  0.68
22.5201  0.48
22.5301  0.55
22.5401  0.41
22.5501  0.49
22.5601  0.56
22.5701  0.51
22.5801  0.54
22.5901  0.5
22.6001  0.63
22.6101  0.57
22.6201  0.53
22.6301  0.47
22.6401  0.53
22.6501  0.73
22.6601  0.5
22.6701  0.53
22.6801  0.68
22.6901  0.41
22.7001  0.51
22.7101  0.41
22.7201  0.54
22.7301  0.48
22.7401  0.45
22.7501  0.52
22.7601  0.49
22.7701  0.48
22.7801  0.53
22.7901  0.54
22.8001  0.48
22.8101  0.61
22.8201  0.53
22.8301  0.58
22.8401  0.52
22.8501  0.54
22.8601  0.55
22.8701  0.55
22.8801  0.5
22.8901  0.59
22.9001  0.45
22.9101  0.5
22.9201  0.57
22.9301  0.6
22.9401  0.56
22.9501  0.4
22.9601  0.4
22.9701  0.56
22.9801  0.62
22.9901  0.54
23.0001  0.46
23.0101  0.68
23.0201  0.56
23.0301  0.55
23.0401  0.42
23.0501  0.49
23.0601  0.55
23.0701  0.49
23.0801  0.4
23.0901  0.46
23.1001  0.58
23.1101  0.49
23.1201  0.63
23.1301  0.51
23.1401  0.29
23.1501  0.53
23.1601  0.57
23.1701  0.42
23.1801  0.47
23.1901  0.47
23.2001  0.45
23.2101  0.42
23.2201  0.53
23.2301  0.5
23.2401  0.41
23.2501  0.68
23.2601  0.59
23.2701  0.48
23.2801  0.41
23.2901  0.7
23.3001  0.55
23.3101  0.52
23.3201  0.45
23.3301  0.74
23.3401  0.64
23.3501  0.48
23.3601  0.65
23.3701  0.49
23.3801  0.56
23.3901  0.6
23.4001  0.49
23.4101  0.48
23.4201  0.43
23.4301  0.58
23.4401  0.47
23.4501  0.46
23.4601  0.62
23.4701  0.52
23.4801  0.66
23.4901  0.64
23.5001  0.46
23.5101  0.55
23.5201  0.39
23.5301  0.49
23.5401  0.56
23.5501  0.51
23.5601  0.43
23.5701  0.5
23.5801  0.51
23.5901  0.69
23.6001  0.54
23.6101  0.58
23.6201  0.54
23.6301  0.64
23.6401  0.6
23.6501  0.57
23.6601  0.49
23.6701  0.57
23.6801  0.51
23.6901  0.44
23.7001  0.53
23.7101  0.54
23.7201  0.59
23.7301  0.57
23.7401  0.49
23.7501  0.67
23.7601  0.5
23.7701  0.49
23.7801  0.56
23.7901  0.52
23.8001  0.57
23.8101  0.51
23.8201  0.46
23.8301  0.45
23.8401  0.52
23.8501  0.48
23.8601  0.56
23.8701  0.52
23.8801  0.58
23.8901  0.55
23.9001  0.46
23.9101  0.61
23.9201  0.54
23.9301  0.64
23.9401  0.47
23.9501  0.59
23.9601  0.51
23.9701  0.51
23.9801  0.52
23.9901  0.61
24.0001  0.44
24.0101  0.58
24.0201  0.58
24.0301  0.59
24.0401  0.52
24.0501  0.56
24.0601  0.49
24.0701  0.48
24.0801  0.49
24.0901  0.58
24.1001  0.47
24.1101  0.56
24.1201  0.61
24.1301  0.53
24.1401  0.51
24.1501  0.58
24.1601  0.49
24.1701  0.63
24.1801  0.5
24.1901  0.59
24.2001  0.56
24.2101  0.58
24.2201  0.67
24.2301  0.4
24.2401  0.61
24.2501  0.46
24.2601  0.4
24.2701  0.45
24.2801  0.52
24.2901  0.52
24.3001  0.61
24.3101  0.6
24.3201  0.48
24.3301  0.61
24.3401  0.46
24.3501  0.64
24.3601  0.42
24.3701  0.57
24.3801  0.54
24.3901  0.56
24.4001  0.44
24.4101  0.47
24.4201  0.52
24.4301  0.5
24.4401  0.48
24.4501  0.7
24.4601  0.54
24.4701  0.51
24.4801  0.49
24.4901  0.56
24.5001  0.57
24.5101  0.54
24.5201  0.52
24.5301  0.49
24.5401  0.47
24.5501  0.7
24.5601  0.55
24.5701  0.45
24.5801  0.55
24.5901  0.47
24.6001  0.54
24.6101  0.49
24.6201  0.58
24.6301  0.62
24.6401  0.37
24.6501  0.46
24.6601  0.58
24.6701  0.54
24.6801  0.54
24.6901  0.59
24.7001  0.41
24.7101  0.45
24.7201  0.54
24.7301  0.43
24.7401  0.76
24.7501  0.49
24.7601  0.56
24.7701  0.42
24.7801  0.64
24.7901  0.49
24.8001  0.55
24.8101  0.49
24.8201  0.55
24.8301  0.56
24.8401  0.7
24.8501  0.49
24.8601  0.55
24.8701  0.51
24.8801  0.49
24.8901  0.48
24.9001  0.47
24.9101  0.56
24.9201  0.53
24.9301  0.52
24.9401  0.56
24.9501  0.47
24.9601  0.47
24.9701  0.44
24.9801  0.61
24.9901  0.62
25.0001  0.56
25.0101  0.45
25.0201  0.55
25.0301  0.55
25.0401  0.5
25.0501  0.48
25.0601  0.61
25.0701  0.6
25.0801  0.68
25.0901  0.58
25.1001  0.58
25.1101  0.52
25.1201  0.48
25.1301  0.56
25.1401  0.53
25.1501  0.56
25.1601  0.45
25.1701  0.51
25.1801  0.48
25.1901  0.56
25.2001  0.43
25.2101  0.54
25.2201  0.55
25.2301  0.56
25.2401  0.49
25.2501  0.55
25.2601  0.57
25.2701  0.46
25.2801  0.55
25.2901  0.56
25.3001  0.63
25.3101  0.62
25.3201  0.56
25.3301  0.42
25.3401  0.64
25.3501  0.51
25.3601  0.6
25.3701  0.52
25.3801  0.52
25.3901  0.46
25.4001  0.59
25.4101  0.46
25.4201  0.53
25.4301  0.38
25.4401  0.54
25.4501  0.55
25.4601  0.6
25.4701  0.54
25.4801  0.65
25.4901  0.58
25.5001  0.6
25.5101  0.47
25.5201  0.4
25.5301  0.58
25.5401  0.61
25.5501  0.57
25.5601  0.47
25.5701  0.54
25.5801  0.45
25.5901  0.51
25.6001  0.5
25.6101  0.52
25.6201  0.55
25.6301  0.62
25.6401  0.52
25.6501  0.57
25.6601  0.61
25.6701  0.53
25.6801  0.57
25.6901  0.52
25.7001  0.62
25.7101  0.55
25.7201  0.43
25.7301  0.57
25.7401  0.62
25.7501  0.44
25.7601  0.48
25.7701  0.44
25.7801  0.49
25.7901  0.62
25.8001  0.6
25.8101  0.61
25.8201  0.44
25.8301  0.56
25.8401  0.59
25.8501  0.6
25.8601  0.5
25.8701  0.59
25.8801  0.5
25.8901  0.68
25.9001  0.56
25.9101  0.59
25.9201  0.61
25.9301  0.42
25.9401  0.56
25.9501  0.53
25.9601  0.52
25.9701  0.51
25.9801  0.59
25.9901  0.45
26.0001  0.56
26.0101  0.44
26.0201  0.51
26.0301  0.56
26.0401  0.54
26.0501  0.5
26.0601  0.49
26.0701  0.42
26.0801  0.56
26.0901  0.54
26.1001  0.51
26.1101  0.53
26.1201  0.65
26.1301  0.49
26.1401  0.48
26.1501  0.61
26.1601  0.52
26.1701  0.49
26.1801  0.59
26.1901  0.5
26.2001  0.49
26.2101  0.5
26.2201  0.44
26.2301  0.49
26.2401  0.48
26.2501  0.49
26.2601  0.62
26.2701  0.53
26.2801  0.67
26.2901  0.64
26.3001  0.49
26.3101  0.36
26.3201  0.5
26.3301  0.52
26.3401  0.55
26.3501  0.47
26.3601  0.6
26.3701  0.55
26.3801  0.53
26.3901  0.4
26.4001  0.63
26.4101  0.58
26.4201  0.46
26.4301  0.52
26.4401  0.43
26.4501  0.58
26.4601  0.53
26.4701  0.56
26.4801  0.4
26.4901  0.41
26.5001  0.43
26.5101  0.56
26.5201  0.47
26.5301  0.55
26.5401  0.55
26.5501  0.48
26.5601  0.48
26.5701  0.57
26.5801  0.65
26.5901  0.61
26.6001  0.48
26.6101  0.6
26.6201  0.62
26.6301  0.41
26.6401  0.57
26.6501  0.57
26.6601  0.59
26.6701  0.53
26.6801  0.52
26.6901  0.45
26.7001  0.53
26.7101  0.57
26.7201  0.55
26.7301  0.59
26.7401  0.57
26.7501  0.5
26.7601  0.6
26.7701  0.53
26.7801  0.55
26.7901  0.57
26.8001  0.47
26.8101  0.62
26.8201  0.47
26.8301  0.65
26.8401  0.57
26.8501  0.58
26.8601  0.49
26.8701  0.54
26.8801  0.6
26.8901  0.4
26.9001  0.42
26.9101  0.48
26.9201  0.53
26.9301  0.46
26.9401  0.51
26.9501  0.45
26.9601  0.45
26.9701  0.54
26.9801  0.44
26.9901  0.53
27.0001  0.66
27.0101  0.61
27.0201  0.47
27.0301  0.44
27.0401  0.65
27.0501  0.55
27.0601  0.6
27.0701  0.59
27.0801  0.48
27.0901  0.38
27.1001  0.62
27.1101  0.6
27.1201  0.58
27.1301  0.46
27.1401  0.61
27.1501  0.7
27.1601  0.49
27.1701  0.48
27.1801  0.66
27.1901  0.47
27.2001  0.44
27.2101  0.43
27.2201  0.54
27.2301  0.5
27.2401  0.47
27.2501  0.58
27.2601  0.53
27.2701  0.63
27.2801  0.47
27.2901  0.51
27.3001  0.45
27.3101  0.32
27.3201  0.58
27.3301  0.51
27.3401  0.7
27.3501  0.48
27.3601  0.49
27.3701  0.49
27.3801  0.51
27.3901  0.44
27.4001  0.59
27.4101  0.65
27.4201  0.51
27.4301  0.61
27.4401  0.47
27.4501  0.5
27.4601  0.5
27.4701  0.58
27.4801  0.53
27.4901  0.57
27.5001  0.53
27.5101  0.53
27.5201  0.54
27.5301  0.53
27.5401  0.49
27.5501  0.53
27.5601  0.56
27.5701  0.52
27.5801  0.5
27.5901  0.62
27.6001  0.51
27.6101  0.46
27.6201  0.56
27.6301  0.55
27.6401  0.5
27.6501  0.5
27.6601  0.35
27.6701  0.53
27.6801  0.47
27.6901  0.43
27.7001  0.64
27.7101  0.47
27.7201  0.59
27.7301  0.5
27.7401  0.55
27.7501  0.68
27.7601  0.57
27.7701  0.63
27.7801  0.44
27.7901  0.45
27.8001  0.65
27.8101  0.48
27.8201  0.57
27.8301  0.65
27.8401  0.54
27.8501  0.47
27.8601  0.53
27.8701  0.49
27.8801  0.54
27.8901  0.54
27.9001  0.53
27.9101  0.53
27.9201  0.62
27.9301  0.57
27.9401  0.55
27.9501  0.48
27.9601  0.55
27.9701  0.46
27.9801  0.59
27.9901  0.44
28.0001  0.57
28.0101  0.44
28.0201  0.63
28.0301  0.57
28.0401  0.54
28.0501  0.47
28.0601  0.58
28.0701  0.58
28.0801  0.5
28.0901  0.43
28.1001  0.53
28.1101  0.5
28.1201  0.46
28.1301  0.46
28.1401  0.52
28.1501  0.69
28.1601  0.48
28.1701  0.47
28.1801  0.54
28.1901  0.57
28.2001  0.5
28.2101  0.54
28.2201  0.71
28.2301  0.51
28.2401  0.59
28.2501  0.51
28.2601  0.43
28.2701  0.66
28.2801  0.75
28.2901  0.61
28.3001  0.49
28.3101  0.44
28.3201  0.45
28.3301  0.58
28.3401  0.59
28.3501  0.47
28.3601  0.46
28.3701  0.57
28.3801  0.58
28.3901  0.6
28.4001  0.57
28.4101  0.49
28.4201  0.49
28.4301  0.49
28.4401  0.53
28.4501  0.51
28.4601  0.6
28.4701  0.52
28.4801  0.53
28.4901  0.44
28.5001  0.52
28.5101  0.45
28.5201  0.63
28.5301  0.6
28.5401  0.52
28.5501  0.41
28.5601  0.46
28.5701  0.53
28.5801  0.5
28.5901  0.47
28.6001  0.47
28.6101  0.47
28.6201  0.48
28.6301  0.45
28.6401  0.59
28.6501  0.6
28.6601  0.45
28.6701  0.57
28.6801  0.58
28.6901  0.68
28.7001  0.69
28.7101  0.54
28.7201  0.63
28.7301  0.56
28.7401  0.48
28.7501  0.5
28.7601  0.48
28.7701  0.54
28.7801  0.56
28.7901  0.59
28.8001  0.65
28.8101  0.45
28.8201  0.6
28.8301  0.43
28.8401  0.46
28.8501  0.66
28.8601  0.52
28.8701  0.57
28.8801  0.5
28.8901  0.56
28.9001  0.59
28.9101  0.45
28.9201  0.65
28.9301  0.41
28.9401  0.51
28.9501  0.46
28.9601  0.6
28.9701  0.47
28.9801  0.6
28.9901  0.55
29.0001  0.6
29.0101  0.51
29.0201  0.45
29.0301  0.48
29.0401  0.54
29.0501  0.53
29.0601  0.55
29.0701  0.54
29.0801  0.53
29.0901  0.49
29.1001  0.47
29.1101  0.69
29.1201  0.51
29.1301  0.65
29.1401  0.6
29.1501  0.64
29.1601  0.57
29.1701  0.47
29.1801  0.57
29.1901  0.47
29.2001  0.52
29.2101  0.46
29.2201  0.48
29.2301  0.43
29.2401  0.57
29.2501  0.48
29.2601  0.58
29.2701  0.52
29.2801  0.41
29.2901  0.52
29.3001  0.52
29.3101  0.54
29.3201  0.6
29.3301  0.55
29.3401  0.6
29.3501  0.46
29.3601  0.36
29.3701  0.48
29.3801  0.49
29.3901  0.55
29.4001  0.76
29.4101  0.67
29.4201  0.56
29.4301  0.54
29.4401  0.61
29.4501  0.52
29.4601  0.52
29.4701  0.64
29.4801  0.47
29.4901  0.5
29.5001  0.48
29.5101  0.58
29.5201  0.48
29.5301  0.55
29.5401  0.48
29.5501  0.49
29.5601  0.45
29.5701  0.61
29.5801  0.4
29.5901  0.59
29.6001  0.55
29.6101  0.43
29.6201  0.65
29.6301  0.61
29.6401  0.27
29.6501  0.67
29.6601  0.49
29.6701  0.52
29.6801  0.56
29.6901  0.45
29.7001  0.53
29.7101  0.38
29.7201  0.51
29.7301  0.53
29.7401  0.63
29.7501  0.51
29.7601  0.65
29.7701  0.51
29.7801  0.56
29.7901  0.46
29.8001  0.52
29.8101  0.61
29.8201  0.54
29.8301  0.64
29.8401  0.49
29.8501  0.64
29.8601  0.48
29.8701  0.62
29.8801  0.58
29.8901  0.52
29.9001  0.6
29.9101  0.5
29.9201  0.46
29.9301  0.63
29.9401  0.58
29.9501  0.55
29.9601  0.46
29.9701  0.56
29.9801  0.5
29.9901  0.52
30.0001  0.4
30.0101  0.62
30.0201  0.58
30.0301  0.65
30.0401  0.46
30.0501  0.58
30.0601  0.49
30.0701  0.63
30.0801  0.52
30.0901  0.54
30.1001  0.66
30.1101  0.51
30.1201  0.52
30.1301  0.55
30.1401  0.66
30.1501  0.38
30.1601  0.43
30.1701  0.48
30.1801  0.31
30.1901  0.66
30.2001  0.56
30.2101  0.49
30.2201  0.51
30.2301  0.5
30.2401  0.6
30.2501  0.55
30.2601  0.52
30.2701  0.56
30.2801  0.46
30.2901  0.48
30.3001  0.55
30.3101  0.48
30.3201  0.44
30.3301  0.65
30.3401  0.47
30.3501  0.58
30.3601  0.51
30.3701  0.52
30.3801  0.44
30.3901  0.46
30.4001  0.51
30.4101  0.57
30.4201  0.53
30.4301  0.54
30.4401  0.62
30.4501  0.53
30.4601  0.6
30.4701  0.5
30.4801  0.68
30.4901  0.45
30.5001  0.66
30.5101  0.42
30.5201  0.54
30.5301  0.43
30.5401  0.58
30.5501  0.61
30.5601  0.63
30.5701  0.76
30.5801  0.61
30.5901  0.47
30.6001  0.49
30.6101  0.6
30.6201  0.45
30.6301  0.5
30.6401  0.56
30.6501  0.5
30.6601  0.51
30.6701  0.6
30.6801  0.5
30.6901  0.52
30.7001  0.48
30.7101  0.52
30.7201  0.57
30.7301  0.45
30.7401  0.62
30.7501  0.5
30.7601  0.54
30.7701  0.58
30.7801  0.68
30.7901  0.5
30.8001  0.53
30.8101  0.57
30.8201  0.58
30.8301  0.58
30.8401  0.5
30.8501  0.5
30.8601  0.65
30.8701  0.43
30.8801  0.67
30.8901  0.61
30.9001  0.47
30.9101  0.45
30.9201  0.5
30.9301  0.62
30.9401  0.4
30.9501  0.47
30.9601  0.62
30.9701  0.58
30.9801  0.71
30.9901  0.58
31.0001  0.5
31.0101  0.51
31.0201  0.43
31.0301  0.52
31.0401  0.52
31.0501  0.47
31.0601  0.48
31.0701  0.46
31.0801  0.54
31.0901  0.54
31.1001  0.51
31.1101  0.56
31.1201  0.58
31.1301  0.61
31.1401  0.48
31.1501  0.54
31.1601  0.47
31.1701  0.37
31.1801  0.54
31.1901  0.51
31.2001  0.62
31.2101  0.48
31.2201  0.5
31.2301  0.49
31.2401  0.57
31.2501  0.6
31.2601  0.63
31.2701  0.56
31.2801  0.61
31.2901  0.53
31.3001  0.4
31.3101  0.45
31.3201  0.42
31.3301  0.52
31.3401  0.67
31.3501  0.49
31.3601  0.43
31.3701  0.52
31.3801  0.61
31.3901  0.53
31.4001  0.46
31.4101  0.58
31.4201  0.58
31.4301  0.51
31.4401  0.49
31.4501  0.46
31.4601  0.47
31.4701  0.56
31.4801  0.42
31.4901  0.48
31.5001  0.5
31.5101  0.54
31.5201  0.41
31.5301  0.63
31.5401  0.42
31.5501  0.45
31.5601  0.56
31.5701  0.54
31.5801  0.6
31.5901  0.57
31.6001  0.51
31.6101  0.53
31.6201  0.54
31.6301  0.56
31.6401  0.5
31.6501  0.53
31.6601  0.4
31.6701  0.55
31.6801  0.52
31.6901  0.56
31.7001  0.48
31.7101  0.51
31.7201  0.56
31.7301  0.4
31.7401  0.66
31.7501  0.56
31.7601  0.57
31.7701  0.62
31.7801  0.44
31.7901  0.44
31.8001  0.53
31.8101  0.48
31.8201  0.54
31.8301  0.49
31.8401  0.59
31.8501  0.52
31.8601  0.65
31.8701  0.6
31.8801  0.5
31.8901  0.42
31.9001  0.63
31.9101  0.54
31.9201  0.61
31.9301  0.53
31.9401  0.49
31.9501  0.43
31.9601  0.47
31.9701  0.53
31.9801  0.53
31.9901  0.51
32.0001  0.38
32.0101  0.61
32.0201  0.51
32.0301  0.44
32.0401  0.62
32.0501  0.34
32.0601  0.56
32.0701  0.43
32.0801  0.71
32.0901  0.58
32.1001  0.53
32.1101  0.64
32.1201  0.45
32.1301  0.56
32.1401  0.57
32.1501  0.64
32.1601  0.44
32.1701  0.59
32.1801  0.55
32.1901  0.47
32.2001  0.52
32.2101  0.66
32.2201  0.45
32.2301  0.47
32.2401  0.59
32.2501  0.37
32.2601  0.49
32.2701  0.6
32.2801  0.51
32.2901  0.42
32.3001  0.58
32.3101  0.53
32.3201  0.48
32.3301  0.51
32.3401  0.42
32.3501  0.46
32.3601  0.62
32.3701  0.69
32.3801  0.51
32.3901  0.58
32.4001  0.39
32.4101  0.51
32.4201  0.47
32.4301  0.48
32.4401  0.64
32.4501  0.62
32.4601  0.51
32.4701  0.64
32.4801  0.58
32.4901  0.47
32.5001  0.41
32.5101  0.48
32.5201  0.49
32.5301  0.58
32.5401  0.64
32.5501  0.56
32.5601  0.46
32.5701  0.67
32.5801  0.4
32.5901  0.58
32.6001  0.54
32.6101  0.61
32.6201  0.51
32.6301  0.53
32.6401  0.55
32.6501  0.55
32.6601  0.56
32.6701  0.54
32.6801  0.43
32.6901  0.57
32.7001  0.45
32.7101  0.66
32.7201  0.58
32.7301  0.54
32.7401  0.61
32.7501  0.56
32.7601  0.42
32.7701  0.6
32.7801  0.58
32.7901  0.55
32.8001  0.74
32.8101  0.57
32.8201  0.6
32.8301  0.49
32.8401  0.53
32.8501  0.42
32.8601  0.43
32.8701  0.48
32.8801  0.51
32.8901  0.41
32.9001  0.52
32.9101  0.5
32.9201  0.61
32.9301  0.54
32.9401  0.62
32.9501  0.38
32.9601  0.58
32.9701  0.73
32.9801  0.38
32.9901  0.51
33.0001  0.6
33.0101  0.57
33.0201  0.47
33.0301  0.6
33.0401  0.58
33.0501  0.52
33.0601  0.48
33.0701  0.6
33.0801  0.64
33.0901  0.44
33.1001  0.59
33.1101  0.41
33.1201  0.74
33.1301  0.52
33.1401  0.61
33.1501  0.66
33.1601  0.45
33.1701  0.54
33.1801  0.49
33.1901  0.61
33.2001  0.47
33.2101  0.54
33.2201  0.65
33.2301  0.59
33.2401  0.45
33.2501  0.62
33.2601  0.61
33.2701  0.44
33.2801  0.5
33.2901  0.52
33.3001  0.48
33.3101  0.53
33.3201  0.55
33.3301  0.52
33.3401  0.53
33.3501  0.52
33.3601  0.48
33.3701  0.6
33.3801  0.6
33.3901  0.47
33.4001  0.49
33.4101  0.52
33.4201  0.7
33.4301  0.56
33.4401  0.43
33.4501  0.48
33.4601  0.56
33.4701  0.49
33.4801  0.63
33.4901  0.46
33.5001  0.57
33.5101  0.63
33.5201  0.43
33.5301  0.46
33.5401  0.62
33.5501  0.65
33.5601  0.52
33.5701  0.63
33.5801  0.39
33.5901  0.47
33.6001  0.49
33.6101  0.64
33.6201  0.49
33.6301  0.5
33.6401  0.46
33.6501  0.54
33.6601  0.41
33.6701  0.51
33.6801  0.55
33.6901  0.64
33.7001  0.6
33.7101  0.52
33.7201  0.54
33.7301  0.45
33.7401  0.46
33.7501  0.6
33.7601  0.55
33.7701  0.52
33.7801  0.5
33.7901  0.53
33.8001  0.47
33.8101  0.57
33.8201  0.5
33.8301  0.55
33.8401  0.53
33.8501  0.44
33.8601  0.59
33.8701  0.75
33.8801  0.51
33.8901  0.54
33.9001  0.6
33.9101  0.53
33.9201  0.56
33.9301  0.4
33.9401  0.51
33.9501  0.4
33.9601  0.55
33.9701  0.5
33.9801  0.51
33.9901  0.53
34.0001  0.44
34.0101  0.48
34.0201  0.49
34.0301  0.56
34.0401  0.34
34.0501  0.44
34.0601  0.58
34.0701  0.61
34.0801  0.49
34.0901  0.65
34.1001  0.62
34.1101  0.53
34.1201  0.66
34.1301  0.56
34.1401  0.53
34.1501  0.46
34.1601  0.59
34.1701  0.51
34.1801  0.54
34.1901  0.59
34.2001  0.52
34.2101  0.38
34.2201  0.51
34.2301  0.54
34.2401  0.59
34.2501  0.58
34.2601  0.46
34.2701  0.58
34.2801  0.54
34.2901  0.69
34.3001  0.53
34.3101  0.55
34.3201  0.45
34.3301  0.54
34.3401  0.38
34.3501  0.57
34.3601  0.5
34.3701  0.55
34.3801  0.49
34.3901  0.6
34.4001  0.48
34.4101  0.47
34.4201  0.52
34.4301  0.52
34.4401  0.43
34.4501  0.6
34.4601  0.59
34.4701  0.62
34.4801  0.51
34.4901  0.47
34.5  0.58
34.51  0.64
34.52  0.58
34.53  0.46
34.54  0.58
34.55  0.52
34.56  0.57
34.57  0.68
34.58  0.6
34.59  0.46
34.6  0.55
34.61  0.44
34.62  0.55
34.63  0.35
34.64  0.48
34.65  0.58
34.66  0.6
34.67  0.44
34.68  0.61
34.69  0.6
34.7  0.57
34.71  0.53
34.72  0.52
34.73  0.55
34.74  0.51
34.75  0.59
34.76  0.44
34.77  0.47
34.78  0.51
34.79  0.57
34.8  0.52
34.81  0.56
34.82  0.53
34.83  0.63
34.84  0.5
34.85  0.47
34.86  0.44
34.87  0.56
34.88  0.61
34.89  0.59
34.9  0.63
34.91  0.45
34.92  0.47
34.93  0.5
34.94  0.58
34.95  0.49
34.96  0.46
34.97  0.54
34.98  0.57
34.99  0.62
35  0.67
35.01  0.38
35.02  0.7
35.03  0.52
35.04  0.59
35.05  0.42
35.06  0.55
35.07  0.57
35.08  0.5
35.09  0.44
35.1  0.53
35.11  0.72
35.12  0.47
35.13  0.69
35.14  0.47
35.15  0.51
35.16  0.53
35.17  0.46
35.18  0.46
35.19  0.63
35.2  0.57
35.21  0.63
35.22  0.53
35.23  0.43
35.24  0.42
35.25  0.56
35.26  0.52
35.27  0.47
35.28  0.56
35.29  0.48
35.3  0.51
35.31  0.51
35.32  0.61
35.33  0.54
35.34  0.45
35.35  0.64
35.36  0.52
35.37  0.5
35.38  0.59
35.39  0.45
35.4  0.52
35.41  0.5
35.42  0.48
35.43  0.65
35.44  0.6
35.45  0.47
35.46  0.55
35.47  0.58
35.48  0.56
35.49  0.51
35.5  0.57
35.51  0.57
35.52  0.48
35.53  0.57
35.54  0.44
35.55  0.55
35.56  0.58
35.57  0.61
35.58  0.44
35.59  0.39
35.6  0.56
35.61  0.53
35.62  0.66
35.63  0.53
35.64  0.41
35.65  0.55
35.66  0.53
35.67  0.65
35.68  0.47
35.69  0.5
35.7  0.52
35.71  0.55
35.72  0.47
35.73  0.68
35.74  0.48
35.75  0.69
35.76  0.55
35.77  0.52
35.78  0.47
35.79  0.42
35.8  0.52
35.81  0.5
35.82  0.55
35.83  0.55
35.84  0.58
35.85  0.57
35.86  0.44
35.87  0.59
35.88  0.59
35.89  0.47
35.9  0.51
35.91  0.51
35.92  0.45
35.93  0.47
35.94  0.53
35.95  0.64
35.96  0.5
35.97  0.48
35.98  0.51
35.99  0.49
36  0.61
36.01  0.62
36.02  0.37
36.03  0.63
36.04  0.55
36.05  0.6
36.06  0.47
36.07  0.44
36.08  0.76
36.09  0.45
36.1  0.58
36.11  0.56
36.12  0.58
36.13  0.62
36.14  0.57
36.15  0.57
36.16  0.49
36.17  0.57
36.18  0.44
36.19  0.59
36.2  0.59
36.21  0.44
36.22  0.47
36.23  0.61
36.24  0.58
36.25  0.31
36.26  0.4
36.27  0.64
36.28  0.46
36.29  0.58
36.3  0.63
36.31  0.6
36.32  0.63
36.33  0.51
36.34  0.58
36.35  0.51
36.36  0.44
36.37  0.51
36.38  0.6
36.39  0.5
36.4  0.42
36.41  0.48
36.42  0.62
36.43  0.46
36.44  0.53
36.45  0.62
36.46  0.65
36.47  0.48
36.48  0.54
36.49  0.52
36.5  0.47
36.51  0.5
36.52  0.48
36.53  0.58
36.54  0.58
36.55  0.51
36.56  0.51
36.57  0.61
36.58  0.58
36.59  0.53
36.6  0.48
36.61  0.55
36.62  0.52
36.63  0.53
36.64  0.39
36.65  0.42
36.66  0.55
36.67  0.51
36.68  0.37
36.69  0.51
36.7  0.41
36.71  0.6
36.72  0.55
36.73  0.57
36.74  0.45
36.75  0.65
36.76  0.49
36.77  0.49
36.78  0.64
36.79  0.69
36.8  0.39
36.81  0.55
36.82  0.56
36.83  0.48
36.84  0.49
36.85  0.44
36.86  0.45
36.87  0.58
36.88  0.53
36.89  0.52
36.9  0.44
36.91  0.5
36.92  0.5
36.93  0.48
36.94  0.63
36.95  0.49
36.96  0.43
36.97  0.55
36.98  0.5
36.99  0.62
37  0.56
37.01  0.59
37.02  0.62
37.03  0.45
37.04  0.6
37.05  0.54
37.06  0.59
37.07  0.38
37.08  0.51
37.09  0.5
37.1  0.64
37.11  0.61
37.12  0.56
37.13  0.55
37.14  0.5
37.15  0.46
37.16  0.66
37.17  0.56
37.18  0.61
37.19  0.48
37.2  0.51
37.21  0.54
37.22  0.61
37.23  0.65
37.24  0.52
37.25  0.36
37.26  0.48
37.27  0.58
37.28  0.48
37.29  0.54
37.3  0.52
37.31  0.47
37.32  0.64
37.33  0.54
37.34  0.57
37.35  0.49
37.36  0.53
37.37  0.49
37.38  0.56
37.39  0.53
37.4  0.65
37.41  0.51
37.42  0.49
37.43  0.54
37.44  0.59
37.45  0.54
37.46  0.47
37.47  0.38
37.48  0.49
37.49  0.48
37.5  0.5
37.51  0.59
37.52  0.65
37.53  0.42
37.54  0.55
37.55  0.37
37.56  0.72
37.57  0.55
37.58  0.66
37.59  0.58
37.6  0.42
37.61  0.6
37.62  0.53
37.63  0.52
37.64  0.61
37.65  0.52
37.66  0.39
37.67  0.45
37.68  0.45
37.69  0.56
37.7  0.61
37.71  0.46
37.72  0.48
37.73  0.53
37.74  0.43
37.75  0.5
37.76  0.57
37.77  0.55
37.78  0.5
37.79  0.55
37.8  0.57
37.81  0.58
37.82  0.62
37.83  0.6
37.84  0.6
37.85  0.46
37.86  0.41
37.87  0.51
37.88  0.52
37.89  0.65
37.9  0.58
37.91  0.44
37.92  0.53
37.93  0.63
37.94  0.44
37.95  0.44
37.96  0.54
37.97  0.56
37.98  0.61
37.99  0.5
38  0.62
38.01  0.56
38.02  0.42
38.03  0.51
38.04  0.37
38.05  0.49
38.06  0.49
38.07  0.56
38.08  0.68
38.09  0.6
38.1  0.65
38.11  0.57
38.12  0.6
38.13  0.47
38.14  0.58
38.15  0.64
38.16  0.49
38.17  0.55
38.18  0.57
38.19  0.47
38.2  0.53
38.21  0.56
38.22  0.6
38.23  0.54
38.24  0.56
38.25  0.45
38.26  0.63
38.27  0.48
38.28  0.57
38.29  0.57
38.3  0.44
38.31  0.43
38.32  0.56
38.33  0.62
38.34  0.52
38.35  0.57
38.36  0.54
38.37  0.46
38.38  0.56
38.39  0.46
38.4  0.53
38.41  0.53
38.42  0.54
38.43  0.57
38.44  0.53
38.45  0.53
38.46  0.58
38.47  0.52
38.48  0.54
38.49  0.47
38.5  0.6
38.51  0.54
38.52  0.62
38.53  0.59
38.54  0.48
38.55  0.59
38.56  0.57
38.57  0.52
38.58  0.51
38.59  0.49
38.6  0.46
38.61  0.63
38.62  0.49
38.63  0.44
38.64  0.5
38.65  0.52
38.66  0.51
38.67  0.51
38.68  0.49
38.69  0.55
38.7  0.57
38.71  0.42
38.72  0.5
38.73  0.63
38.74  0.55
38.75  0.43
38.76  0.58
38.77  0.48
38.78  0.51
38.79  0.58
38.8  0.46
38.81  0.6
38.82  0.58
38.83  0.56
38.84  0.55
38.85  0.63
38.86  0.55
38.87  0.49
38.88  0.35
38.89  0.49
38.9  0.62
38.91  0.47
38.92  0.52
38.93  0.56
38.94  0.49
38.95  0.55
38.96  0.55
38.97  0.5
38.98  0.52
38.99  0.37
39  0.56
39.01  0.66
39.02  0.54
39.03  0.54
39.04  0.68
39.05  0.52
39.06  0.51
39.07  0.45
39.08  0.54
39.09  0.51
39.1  0.52
39.11  0.65
39.12  0.52
39.13  0.36
39.14  0.53
39.15  0.51
39.16  0.61
39.17  0.49
39.18  0.51
39.19  0.37
39.2  0.48
39.21  0.6
39.22  0.37
39.23  0.55
39.24  0.51
39.25  0.58
39.26  0.43
39.27  0.51
39.28  0.57
39.29  0.5
39.3  0.45
39.31  0.56
39.32  0.51
39.33  0.51
39.34  0.49
39.35  0.6
39.36  0.48
39.37  0.53
39.38  0.54
39.39  0.66
39.4  0.67
39.41  0.45
39.42  0.58
39.43  0.63
39.44  0.65
39.45  0.4
39.46  0.6
39.47  0.5
39.48  0.48
39.49  0.72
39.5  0.5
39.51  0.48
39.52  0.56
39.53  0.45
39.54  0.62
39.55  0.53
39.56  0.49
39.57  0.59
39.58  0.48
39.59  0.5
39.6  0.52
39.61  0.54
39.62  0.61
39.63  0.47
39.64  0.53
39.65  0.38
39.66  0.5
39.67  0.55
39.68  0.55
39.69  0.45
39.7  0.61
39.71  0.5
39.72  0.53
39.73  0.63
39.74  0.42
39.75  0.55
39.76  0.61
39.77  0.58
39.78  0.67
39.79  0.63
39.8  0.49
39.81  0.62
39.82  0.52
39.83  0.48
39.84  0.52
39.85  0.59
39.86  0.52
39.87  0.52
39.88  0.59
39.89  0.55
39.9  0.62
39.91  0.49
39.92  0.55
39.93  0.54
39.94  0.43
39.95  0.42
39.96  0.5
39.97  0.42
39.98  0.49
39.99  0.54
