-15  0
-14.99  0
-14.98  0.01
-14.97  0.01
-14.96  0.01
-14.95  0.01
-14.94  0.02
-14.93  0.02
-14.92  0.03
-14.91  0.03
-14.9  0.03
-14.89  0.05
-14.88  0.04
-14.87  0.04
-14.86  0.07
-14.85  0.05
-14.84  0.07
-14.83  0.07
-14.82  0.08
-14.81  0.09
-14.8  0.11
-14.79  0.11
-14.78  0.12
-14.77  0.14
-14.76  0.16
-14.75  0.19
-14.74  0.18
-14.73  0.25
-14.72  0.26
-14.71  0.31
-14.7  0.37
-14.69  0.44
-14.68  0.52
-14.67  0.68
-14.66  0.84
-14.65  1.11
-14.64  1.53
-14.63  2.22
-14.62  3.49
-14.61  5.98
-14.6  11.35
-14.59  19.26
-14.58  18.26
-14.57  10.34
-14.56  5.48
-14.55  3.22
-14.54  2.09
-14.53  1.47
-14.52  1.09
-14.51  0.83
-14.5  0.66
-14.49  0.53
-14.48  0.45
-14.47  0.39
-14.46  0.33
-14.45  0.29
-14.44  0.26
-14.43  0.23
-14.42  0.2
-14.41  0.2
-14.4  0.2
-14.39  0.16
-14.38  0.15
-14.37  0.16
-14.36  0.13
-14.35  0.15
-14.34  0.12
-14.33  0.14
-14.32  0.12
-14.31  0.12
-14.3  0.11
-14.29  0.12
-14.28  0.12
-14.27  0.12
-14.26  0.11
-14.25  0.13
-14.24  0.1
-14.23  0.13
-14.22  0.11
-14.21  0.12
-14.2  0.11
-14.19  0.14
-14.18  0.12
-14.17  0.14
-14.16  0.13
-14.15  0.14
-14.14  0.13
-14.13  0.15
-14.12  0.14
-14.11  0.15
-14.1  0.15
-14.09  0.19
-14.08  0.17
-14.07  0.17
-14.06  0.22
-14.05  0.2
-14.04  0.19
-14.03  0.22
-14.02  0.22
-14.01  0.25
-14  0.28
-13.99  0.29
-13.98  0.29
-13.97  0.32
-13.96  0.36
-13.95  0.38
-13.94  0.41
-13.93  0.47
-13.92  0.49
-13.91  0.58
-13.9  0.6
-13.89  0.7
-13.88  0.78
-13.87  0.89
-13.86  1.06
-13.85  1.17
-13.84  1.42
-13.83  1.71
-13.82  2.04
-13.81  2.46
-13.8  3.09
-13.79  3.84
-13.78  4.71
-13.77  5.79
-13.76  6.67
-13.75  7.06
-13.74  6.95
-13.73  6.21
-13.72  5.18
-13.71  4.24
-13.7  3.43
-13.69  2.74
-13.68  2.22
-13.67  1.84
-13.66  1.55
-13.65  1.31
-13.64  1.12
-13.63  0.96
-13.62  0.88
-13.61  0.78
-13.6  0.67
-13.59  0.64
-13.58  0.55
-13.57  0.51
-13.56  0.48
-13.55  0.42
-13.54  0.43
-13.53  0.41
-13.52  0.34
-13.51  0.35
-13.5  0.33
-13.49  0.33
-13.48  0.3
-13.47  0.29
-13.46  0.29
-13.45  0.29
-13.44  0.26
-13.43  0.27
-13.42  0.26
-13.41  0.26
-13.4  0.25
-13.39  0.25
-13.38  0.26
-13.37  0.26
-13.36  0.25
-13.35  0.23
-13.34  0.29
-13.33  0.24
-13.32  0.29
-13.31  0.24
-13.3  0.28
-13.29  0.3
-13.28  0.27
-13.27  0.28
-13.26  0.31
-13.25  0.29
-13.24  0.29
-13.23  0.32
-13.22  0.37
-13.21  0.35
-13.2  0.37
-13.19  0.39
-13.18  0.41
-13.17  0.43
-13.16  0.44
-13.15  0.46
-13.14  0.52
-13.13  0.53
-13.12  0.59
-13.11  0.62
-13.1  0.66
-13.09  0.73
-13.08  0.78
-13.07  0.86
-13.06  0.96
-13.05  1.03
-13.04  1.16
-13.03  1.3
-13.02  1.46
-13.01  1.6
-13  1.82
-12.99  2.07
-12.98  2.38
-12.97  2.69
-12.96  3.03
-12.95  3.43
-12.94  3.75
-12.93  4.06
-12.92  4.31
-12.91  4.35
-12.9  4.29
-12.89  4.08
-12.88  3.78
-12.87  3.43
-12.86  3.05
-12.85  2.72
-12.84  2.43
-12.83  2.1
-12.82  1.85
-12.81  1.65
-12.8  1.48
-12.79  1.32
-12.78  1.19
-12.77  1.05
-12.76  0.99
-12.75  0.9
-12.74  0.86
-12.73  0.78
-12.72  0.71
-12.71  0.63
-12.7  0.62
-12.69  0.58
-12.68  0.59
-12.67  0.53
-12.66  0.5
-12.65  0.48
-12.64  0.48
-12.63  0.46
-12.62  0.44
-12.61  0.42
-12.6  0.44
-12.59  0.41
-12.58  0.39
-12.57  0.39
-12.56  0.39
-12.55  0.37
-12.54  0.38
-12.53  0.38
-12.52  0.37
-12.51  0.39
-12.5  0.39
-12.49  0.38
-12.48  0.37
-12.47  0.38
-12.46  0.43
-12.45  0.41
-12.44  0.39
-12.43  0.43
-12.42  0.42
-12.41  0.4
-12.4  0.47
-12.39  0.5
-12.38  0.45
-12.37  0.5
-12.36  0.5
-12.35  0.54
-12.34  0.55
-12.33  0.59
-12.32  0.61
-12.31  0.66
-12.3  0.66
-12.29  0.74
-12.28  0.74
-12.27  0.83
-12.26  0.86
-12.25  0.92
-12.24  1.01
-12.23  1.07
-12.22  1.15
-12.21  1.24
-12.2  1.36
-12.19  1.46
-12.18  1.63
-12.17  1.8
-12.16  1.92
-12.15  2.12
-12.14  2.24
-12.13  2.51
-12.12  2.59
-12.11  2.85
-12.1  3.04
-12.09  3.08
-12.08  3.2
-12.07  3.14
-12.06  3.17
-12.05  3.03
-12.04  2.95
-12.03  2.82
-12.02  2.59
-12.01  2.41
-12  2.21
-11.99  2.05
-11.98  1.87
-11.97  1.79
-11.96  1.57
-11.95  1.48
-11.94  1.33
-11.93  1.25
-11.92  1.15
-11.91  1.05
-11.9  1
-11.89  0.93
-11.88  0.92
-11.87  0.85
-11.86  0.78
-11.85  0.76
-11.84  0.69
-11.83  0.68
-11.82  0.7
-11.81  0.63
-11.8  0.58
-11.79  0.62
-11.78  0.57
-11.77  0.56
-11.76  0.55
-11.75  0.52
-11.74  0.51
-11.73  0.51
-11.72  0.5
-11.71  0.53
-11.7  0.53
-11.69  0.45
-11.68  0.5
-11.67  0.52
-11.66  0.51
-11.65  0.47
-11.64  0.53
-11.63  0.48
-11.62  0.51
-11.61  0.53
-11.6  0.51
-11.59  0.54
-11.58  0.54
-11.57  0.56
-11.56  0.6
-11.55  0.54
-11.54  0.63
-11.53  0.58
-11.52  0.68
-11.51  0.64
-11.5  0.67
-11.49  0.73
-11.48  0.79
-11.47  0.77
-11.46  0.81
-11.45  0.87
-11.44  0.88
-11.43  0.98
-11.42  0.99
-11.41  1.02
-11.4  1.16
-11.39  1.22
-11.38  1.27
-11.37  1.34
-11.36  1.49
-11.35  1.54
-11.34  1.61
-11.33  1.75
-11.32  1.85
-11.31  2.05
-11.3  2.1
-11.29  2.2
-11.28  2.27
-11.27  2.47
-11.26  2.45
-11.25  2.48
-11.24  2.56
-11.23  2.54
-11.22  2.59
-11.21  2.45
-11.2  2.43
-11.19  2.33
-11.18  2.27
-11.17  2.1
-11.16  2.01
-11.15  1.93
-11.14  1.79
-11.13  1.73
-11.12  1.59
-11.11  1.48
-11.1  1.39
-11.09  1.33
-11.08  1.25
-11.07  1.18
-11.06  1.12
-11.05  1.04
-11.04  1
-11.03  0.97
-11.02  0.9
-11.01  0.87
-11  0.85
-10.99  0.83
-10.98  0.75
-10.97  0.77
-10.96  0.72
-10.95  0.7
-10.94  0.7
-10.93  0.66
-10.92  0.67
-10.91  0.66
-10.9  0.65
-10.89  0.6
-10.88  0.6
-10.87  0.6
-10.86  0.63
-10.85  0.6
-10.84  0.62
-10.83  0.57
-10.82  0.61
-10.81  0.62
-10.8  0.61
-10.79  0.59
-10.78  0.62
-10.77  0.62
-10.76  0.64
-10.75  0.62
-10.74  0.68
-10.73  0.64
-10.72  0.71
-10.71  0.68
-10.7  0.71
-10.69  0.71
-10.68  0.75
-10.67  0.77
-10.66  0.82
-10.65  0.8
-10.64  0.86
-10.63  0.87
-10.62  0.94
-10.61  1
-10.6  0.98
-10.59  1.08
-10.58  1.08
-10.57  1.17
-10.56  1.19
-10.55  1.31
-10.54  1.3
-10.53  1.35
-10.52  1.47
-10.51  1.54
-10.5  1.67
-10.49  1.69
-10.48  1.77
-10.47  1.79
-10.46  1.88
-10.45  2.01
-10.44  2.09
-10.43  2.08
-10.42  2.11
-10.41  2.14
-10.4  2.17
-10.39  2.22
-10.38  2.14
-10.37  2.14
-10.36  2.07
-10.35  2.02
-10.34  1.98
-10.33  1.95
-10.32  1.8
-10.31  1.74
-10.3  1.71
-10.29  1.63
-10.28  1.58
-10.27  1.48
-10.26  1.36
-10.25  1.37
-10.24  1.3
-10.23  1.21
-10.22  1.23
-10.21  1.12
-10.2  1.06
-10.19  1.03
-10.18  0.97
-10.17  1.01
-10.16  0.87
-10.15  0.93
-10.14  0.88
-10.13  0.83
-10.12  0.83
-10.11  0.82
-10.1  0.79
-10.09  0.73
-10.08  0.78
-10.07  0.74
-10.06  0.74
-10.05  0.72
-10.04  0.69
-10.03  0.73
-10.02  0.72
-10.01  0.66
-10  0.73
-9.99  0.72
-9.98  0.64
-9.97  0.72
-9.96  0.67
-9.95  0.74
-9.94  0.72
-9.93  0.7
-9.92  0.71
-9.91  0.72
-9.9  0.71
-9.89  0.77
-9.88  0.79
-9.87  0.78
-9.86  0.82
-9.85  0.81
-9.84  0.84
-9.83  0.86
-9.82  0.88
-9.81  0.95
-9.8  0.92
-9.79  0.96
-9.78  1.02
-9.77  1
-9.76  1.12
-9.75  1.12
-9.74  1.12
-9.73  1.24
-9.72  1.2
-9.71  1.25
-9.7  1.42
-9.69  1.37
-9.68  1.49
-9.67  1.47
-9.66  1.52
-9.65  1.7
-9.64  1.64
-9.63  1.8
-9.62  1.68
-9.61  1.76
-9.6  1.88
-9.59  1.86
-9.58  1.84
-9.57  1.97
-9.56  1.86
-9.55  1.96
-9.54  1.87
-9.53  1.87
-9.52  1.89
-9.51  1.84
-9.5  1.83
-9.49  1.68
-9.48  1.73
-9.47  1.66
-9.46  1.58
-9.45  1.48
-9.44  1.53
-9.43  1.45
-9.42  1.41
-9.41  1.32
-9.4  1.3
-9.39  1.3
-9.38  1.19
-9.37  1.16
-9.36  1.11
-9.35  1.09
-9.34  1.06
-9.33  1.04
-9.32  0.97
-9.31  0.96
-9.3  0.96
-9.29  0.92
-9.28  0.87
-9.27  0.9
-9.26  0.91
-9.25  0.86
-9.24  0.83
-9.23  0.77
-9.22  0.85
-9.21  0.77
-9.2  0.82
-9.19  0.78
-9.18  0.8
-9.17  0.77
-9.16  0.77
-9.15  0.76
-9.14  0.82
-9.13  0.78
-9.12  0.8
-9.11  0.76
-9.1  0.8
-9.09  0.77
-9.08  0.79
-9.07  0.84
-9.06  0.81
-9.05  0.82
-9.04  0.87
-9.03  0.9
-9.02  0.89
-9.01  0.86
-9  0.9
-8.99  0.92
-8.98  0.99
-8.97  0.95
-8.96  1.01
-8.95  1.03
-8.94  1.06
-8.93  1.06
-8.92  1.14
-8.91  1.15
-8.9  1.14
-8.89  1.28
-8.88  1.25
-8.87  1.33
-8.86  1.38
-8.85  1.37
-8.84  1.39
-8.83  1.53
-8.82  1.44
-8.81  1.5
-8.8  1.62
-8.79  1.6
-8.78  1.61
-8.77  1.71
-8.76  1.66
-8.75  1.68
-8.74  1.78
-8.73  1.7
-8.72  1.71
-8.71  1.78
-8.7  1.68
-8.69  1.69
-8.68  1.79
-8.67  1.66
-8.66  1.6
-8.65  1.68
-8.64  1.54
-8.63  1.58
-8.62  1.55
-8.61  1.42
-8.6  1.42
-8.59  1.45
-8.58  1.34
-8.57  1.35
-8.56  1.29
-8.55  1.24
-8.54  1.21
-8.53  1.21
-8.52  1.17
-8.51  1.13
-8.5  1.1
-8.49  1.02
-8.48  1.02
-8.47  1.07
-8.46  1.01
-8.45  0.96
-8.44  0.97
-8.43  0.93
-8.42  0.96
-8.41  0.92
-8.4  0.91
-8.39  0.89
-8.38  0.87
-8.37  0.85
-8.36  0.89
-8.35  0.87
-8.34  0.81
-8.33  0.87
-8.32  0.83
-8.31  0.81
-8.3  0.91
-8.29  0.83
-8.28  0.84
-8.27  0.86
-8.26  0.89
-8.25  0.9
-8.24  0.81
-8.23  0.88
-8.22  0.91
-8.21  0.93
-8.2  0.89
-8.19  0.95
-8.18  0.94
-8.17  0.95
-8.16  1
-8.15  0.96
-8.14  1.02
-8.13  1.02
-8.12  1.05
-8.11  1.03
-8.1  1.15
-8.09  1.12
-8.08  1.15
-8.07  1.15
-8.06  1.21
-8.05  1.26
-8.04  1.27
-8.03  1.27
-8.02  1.35
-8.01  1.37
-8  1.39
-7.99  1.46
-7.98  1.37
-7.97  1.49
-7.96  1.5
-7.95  1.54
-7.94  1.51
-7.93  1.56
-7.92  1.59
-7.91  1.59
-7.9  1.54
-7.89  1.63
-7.88  1.63
-7.87  1.65
-7.86  1.54
-7.85  1.58
-7.84  1.59
-7.83  1.57
-7.82  1.54
-7.81  1.51
-7.8  1.54
-7.79  1.5
-7.78  1.46
-7.77  1.36
-7.76  1.42
-7.75  1.37
-7.74  1.33
-7.73  1.29
-7.72  1.29
-7.71  1.24
-7.7  1.21
-7.69  1.2
-7.68  1.18
-7.67  1.15
-7.66  1.13
-7.65  1.12
-7.64  1.08
-7.63  1.06
-7.62  1.04
-7.61  1.04
-7.6  0.96
-7.59  1.02
-7.58  1.01
-7.57  0.95
-7.56  0.94
-7.55  0.91
-7.54  0.96
-7.53  0.94
-7.52  0.93
-7.51  0.92
-7.5  0.91
-7.49  0.93
-7.48  0.92
-7.47  0.92
-7.46  0.93
-7.45  0.85
-7.44  0.89
-7.43  0.94
-7.42  0.89
-7.41  0.95
-7.4  0.95
-7.39  0.9
-7.38  0.96
-7.37  0.97
-7.36  0.96
-7.35  1
-7.34  0.97
-7.33  1.04
-7.32  0.96
-7.31  1.09
-7.3  1.06
-7.29  1.04
-7.28  1.1
-7.27  1.1
-7.26  1.1
-7.25  1.15
-7.24  1.22
-7.23  1.14
-7.22  1.24
-7.21  1.22
-7.2  1.24
-7.19  1.34
-7.18  1.3
-7.17  1.3
-7.16  1.38
-7.15  1.37
-7.14  1.46
-7.13  1.32
-7.12  1.5
-7.11  1.49
-7.1  1.39
-7.09  1.53
-7.08  1.46
-7.07  1.55
-7.06  1.48
-7.05  1.53
-7.04  1.48
-7.03  1.52
-7.02  1.46
-7.01  1.55
-7  1.44
-6.99  1.48
-6.98  1.45
-6.97  1.48
-6.96  1.43
-6.95  1.43
-6.94  1.38
-6.93  1.41
-6.92  1.39
-6.91  1.29
-6.9  1.34
-6.89  1.26
-6.88  1.29
-6.87  1.21
-6.86  1.25
-6.85  1.15
-6.84  1.22
-6.83  1.12
-6.82  1.14
-6.81  1.14
-6.8  1.14
-6.79  1.07
-6.78  1.08
-6.77  1.07
-6.76  1.03
-6.75  1.02
-6.74  0.98
-6.73  1.06
-6.72  1.01
-6.71  1.01
-6.7  1.01
-6.69  0.95
-6.68  0.95
-6.67  1.02
-6.66  0.92
-6.65  0.99
-6.64  0.98
-6.63  0.96
-6.62  0.87
-6.61  1.04
-6.6  0.9
-6.59  0.99
-6.58  0.93
-6.57  1.01
-6.56  0.96
-6.55  1.04
-6.54  0.98
-6.53  1.01
-6.52  0.97
-6.51  1.02
-6.5  1.03
-6.49  1.08
-6.48  1.09
-6.47  1.04
-6.46  1.11
-6.45  1.02
-6.44  1.16
-6.43  1.13
-6.42  1.18
-6.41  1.11
-6.4  1.22
-6.39  1.22
-6.38  1.23
-6.37  1.17
-6.36  1.29
-6.35  1.21
-6.34  1.32
-6.33  1.26
-6.32  1.34
-6.31  1.31
-6.3  1.45
-6.29  1.42
-6.28  1.32
-6.27  1.45
-6.26  1.38
-6.25  1.5
-6.24  1.34
-6.23  1.48
-6.22  1.41
-6.21  1.46
-6.2  1.4
-6.19  1.44
-6.18  1.41
-6.17  1.45
-6.16  1.37
-6.15  1.47
-6.14  1.36
-6.13  1.42
-6.12  1.36
-6.11  1.39
-6.1  1.33
-6.09  1.33
-6.08  1.37
-6.07  1.31
-6.06  1.29
-6.05  1.3
-6.04  1.26
-6.03  1.2
-6.02  1.21
-6.01  1.19
-6  1.2
-5.99  1.19
-5.98  1.16
-5.97  1.13
-5.96  1.12
-5.95  1.09
-5.94  1.1
-5.93  1.08
-5.92  1.07
-5.91  1.08
-5.9  1.06
-5.89  1.05
-5.88  1.03
-5.87  1.06
-5.86  0.96
-5.85  1.07
-5.84  1.05
-5.83  0.95
-5.82  1
-5.81  1
-5.8  1.03
-5.79  1.01
-5.78  1.01
-5.77  1.04
-5.76  0.94
-5.75  1.03
-5.74  1.02
-5.73  0.97
-5.72  1.01
-5.71  1.08
-5.7  1.01
-5.69  1.04
-5.68  1.07
-5.67  1.04
-5.66  1.03
-5.65  1.09
-5.64  1.1
-5.63  1.12
-5.62  1.08
-5.61  1.12
-5.6  1.12
-5.59  1.19
-5.58  1.13
-5.57  1.13
-5.56  1.24
-5.55  1.21
-5.54  1.23
-5.53  1.23
-5.52  1.25
-5.51  1.26
-5.5  1.23
-5.49  1.31
-5.48  1.33
-5.47  1.24
-5.46  1.38
-5.45  1.33
-5.44  1.36
-5.43  1.32
-5.42  1.39
-5.41  1.42
-5.4  1.3
-5.39  1.39
-5.38  1.38
-5.37  1.34
-5.36  1.46
-5.35  1.4
-5.34  1.31
-5.33  1.43
-5.32  1.41
-5.31  1.39
-5.3  1.29
-5.29  1.39
-5.28  1.36
-5.27  1.27
-5.26  1.34
-5.25  1.31
-5.24  1.27
-5.23  1.29
-5.22  1.27
-5.21  1.29
-5.2  1.16
-5.19  1.3
-5.18  1.23
-5.17  1.14
-5.16  1.2
-5.15  1.19
-5.14  1.08
-5.13  1.22
-5.12  1.17
-5.11  1.11
-5.1  1.12
-5.09  1.15
-5.08  1.13
-5.07  1.02
-5.06  1.08
-5.05  1.09
-5.04  1.02
-5.03  1.09
-5.02  1.06
-5.01  1.01
-5  1.05
-4.99  1.09
-4.98  1.01
-4.97  1.07
-4.96  1.01
-4.95  1.03
-4.94  1.07
-4.93  1
-4.92  1.1
-4.91  0.99
-4.9  1.07
-4.89  1.08
-4.88  1
-4.87  1.03
-4.86  1.11
-4.85  1.1
-4.84  1.04
-4.83  1.12
-4.82  1.07
-4.81  1.11
-4.8  1.09
-4.79  1.14
-4.78  1.12
-4.77  1.1
-4.76  1.15
-4.75  1.19
-4.74  1.19
-4.73  1.16
-4.72  1.16
-4.71  1.2
-4.7  1.25
-4.69  1.22
-4.68  1.22
-4.67  1.28
-4.66  1.26
-4.65  1.26
-4.64  1.29
-4.63  1.28
-4.62  1.3
-4.61  1.28
-4.6  1.33
-4.59  1.3
-4.58  1.33
-4.57  1.38
-4.56  1.37
-4.55  1.31
-4.54  1.36
-4.53  1.32
-4.52  1.33
-4.51  1.33
-4.5  1.32
-4.49  1.35
-4.48  1.32
-4.47  1.27
-4.46  1.37
-4.45  1.35
-4.44  1.28
-4.43  1.32
-4.42  1.28
-4.41  1.32
-4.4  1.25
-4.39  1.29
-4.38  1.3
-4.37  1.2
-4.36  1.22
-4.35  1.22
-4.34  1.22
-4.33  1.19
-4.32  1.21
-4.31  1.18
-4.3  1.1
-4.29  1.2
-4.28  1.14
-4.27  1.11
-4.26  1.16
-4.25  1.11
-4.24  1.18
-4.23  1.07
-4.22  1.11
-4.21  1.08
-4.2  1.1
-4.19  1.07
-4.18  1.1
-4.17  1.07
-4.16  1.09
-4.15  1.06
-4.14  1.11
-4.13  1.06
-4.12  1.07
-4.11  1.04
-4.1  1.04
-4.09  1.13
-4.08  1.03
-4.07  1.11
-4.06  1.04
-4.05  1.03
-4.04  1.13
-4.03  1.06
-4.02  1.12
-4.01  1.08
-4  1.03
-3.99  1.14
-3.98  1.09
-3.97  1.19
-3.96  1.11
-3.95  1.08
-3.94  1.18
-3.93  1.15
-3.92  1.22
-3.91  1.12
-3.9  1.15
-3.89  1.21
-3.88  1.19
-3.87  1.23
-3.86  1.2
-3.85  1.18
-3.84  1.27
-3.83  1.21
-3.82  1.24
-3.81  1.25
-3.8  1.3
-3.79  1.27
-3.78  1.25
-3.77  1.33
-3.76  1.26
-3.75  1.31
-3.74  1.29
-3.73  1.26
-3.72  1.36
-3.71  1.28
-3.7  1.33
-3.69  1.28
-3.68  1.31
-3.67  1.36
-3.66  1.26
-3.65  1.38
-3.64  1.27
-3.63  1.23
-3.62  1.32
-3.61  1.3
-3.6  1.36
-3.59  1.22
-3.58  1.26
-3.57  1.3
-3.56  1.26
-3.55  1.24
-3.54  1.2
-3.53  1.28
-3.52  1.2
-3.51  1.21
-3.5  1.23
-3.49  1.14
-3.48  1.23
-3.47  1.17
-3.46  1.16
-3.45  1.2
-3.44  1.17
-3.43  1.13
-3.42  1.14
-3.41  1.15
-3.4  1.13
-3.39  1.15
-3.38  1.14
-3.37  1.06
-3.36  1.09
-3.35  1.12
-3.34  1.14
-3.33  1.1
-3.32  1.09
-3.31  1.05
-3.3  1.13
-3.29  1.08
-3.28  1.07
-3.27  1.08
-3.26  1.09
-3.25  1.07
-3.24  1.08
-3.23  1.14
-3.22  1.09
-3.21  1.12
-3.2  1.11
-3.19  1.12
-3.18  1.06
-3.17  1.13
-3.16  1.16
-3.15  1.14
-3.14  1.09
-3.13  1.1
-3.12  1.18
-3.11  1.14
-3.1  1.16
-3.09  1.16
-3.08  1.09
-3.07  1.17
-3.06  1.23
-3.05  1.17
-3.04  1.17
-3.03  1.19
-3.02  1.23
-3.01  1.22
-3  1.27
-2.99  1.19
-2.98  1.22
-2.97  1.25
-2.96  1.3
-2.95  1.23
-2.94  1.23
-2.93  1.3
-2.92  1.27
-2.91  1.35
-2.9  1.24
-2.89  1.21
-2.88  1.28
-2.87  1.27
-2.86  1.32
-2.85  1.29
-2.84  1.28
-2.83  1.32
-2.82  1.3
-2.81  1.28
-2.8  1.29
-2.79  1.22
-2.78  1.28
-2.77  1.29
-2.76  1.26
-2.75  1.25
-2.74  1.25
-2.73  1.23
-2.72  1.25
-2.71  1.25
-2.7  1.18
-2.69  1.23
-2.68  1.25
-2.67  1.24
-2.66  1.22
-2.65  1.18
-2.64  1.17
-2.63  1.18
-2.62  1.17
-2.61  1.2
-2.6  1.13
-2.59  1.18
-2.58  1.15
-2.57  1.16
-2.56  1.15
-2.55  1.09
-2.54  1.16
-2.53  1.12
-2.52  1.15
-2.51  1.09
-2.5  1.13
-2.49  1.1
-2.48  1.12
-2.47  1.08
-2.46  1.16
-2.45  1.1
-2.44  1.12
-2.43  1.11
-2.42  1.13
-2.41  1.1
-2.4  1.05
-2.39  1.18
-2.38  1.09
-2.37  1.15
-2.36  1.08
-2.35  1.18
-2.34  1.06
-2.33  1.12
-2.32  1.19
-2.31  1.1
-2.3  1.15
-2.29  1.11
-2.28  1.22
-2.27  1.09
-2.26  1.2
-2.25  1.14
-2.24  1.2
-2.23  1.13
-2.22  1.18
-2.21  1.19
-2.2  1.18
-2.19  1.25
-2.18  1.18
-2.17  1.22
-2.16  1.19
-2.15  1.3
-2.14  1.22
-2.13  1.26
-2.12  1.21
-2.11  1.19
-2.1  1.29
-2.09  1.22
-2.08  1.28
-2.07  1.18
-2.06  1.34
-2.05  1.22
-2.04  1.29
-2.03  1.3
-2.02  1.14
-2.01  1.31
-2  1.21
-1.99  1.36
-1.98  1.22
-1.97  1.36
-1.96  1.23
-1.95  1.26
-1.94  1.25
-1.93  1.26
-1.92  1.2
-1.91  1.28
-1.9  1.25
-1.89  1.19
-1.88  1.25
-1.87  1.19
-1.86  1.3
-1.85  1.23
-1.84  1.23
-1.83  1.17
-1.82  1.23
-1.81  1.14
-1.8  1.15
-1.79  1.19
-1.78  1.17
-1.77  1.19
-1.76  1.14
-1.75  1.23
-1.74  1.16
-1.73  1.16
-1.72  1.13
-1.71  1.11
-1.7  1.21
-1.69  1.15
-1.68  1.12
-1.67  1.1
-1.66  1.17
-1.65  1.13
-1.64  1.18
-1.63  1.1
-1.62  1.11
-1.61  1.09
-1.6  1.12
-1.59  1.11
-1.58  1.14
-1.57  1.13
-1.56  1.13
-1.55  1.13
-1.54  1.11
-1.53  1.18
-1.52  1.15
-1.51  1.15
-1.5  1.11
-1.49  1.09
-1.48  1.18
-1.47  1.14
-1.46  1.15
-1.45  1.15
-1.44  1.12
-1.43  1.18
-1.42  1.18
-1.41  1.15
-1.4  1.16
-1.39  1.17
-1.38  1.22
-1.37  1.23
-1.36  1.23
-1.35  1.25
-1.34  1.15
-1.33  1.21
-1.32  1.18
-1.31  1.24
-1.3  1.16
-1.29  1.27
-1.28  1.24
-1.27  1.23
-1.26  1.22
-1.25  1.2
-1.24  1.23
-1.23  1.23
-1.22  1.25
-1.21  1.27
-1.2  1.29
-1.19  1.2
-1.18  1.31
-1.17  1.21
-1.16  1.26
-1.15  1.26
-1.14  1.23
-1.13  1.22
-1.12  1.31
-1.11  1.25
-1.1  1.2
-1.09  1.24
-1.08  1.25
-1.07  1.21
-1.06  1.21
-1.05  1.22
-1.04  1.31
-1.03  1.2
-1.02  1.2
-1.01  1.17
-1  1.24
-0.99  1.19
-0.98  1.22
-0.97  1.17
-0.96  1.12
-0.95  1.26
-0.94  1.16
-0.93  1.2
-0.92  1.14
-0.91  1.17
-0.9  1.2
-0.89  1.11
-0.88  1.18
-0.87  1.19
-0.86  1.18
-0.85  1.15
-0.84  1.12
-0.83  1.14
-0.82  1.13
-0.81  1.14
-0.8  1.14
-0.79  1.19
-0.78  1.1
-0.77  1.16
-0.76  1.14
-0.75  1.08
-0.74  1.11
-0.73  1.18
-0.72  1.15
-0.71  1.19
-0.7  1.12
-0.69  1.2
-0.68  1.07
-0.67  1.13
-0.66  1.18
-0.65  1.17
-0.64  1.13
-0.63  1.15
-0.62  1.2
-0.61  1.12
-0.6  1.2
-0.59  1.19
-0.58  1.13
-0.57  1.16
-0.56  1.21
-0.55  1.16
-0.54  1.15
-0.53  1.24
-0.52  1.17
-0.51  1.21
-0.5  1.17
-0.49  1.23
-0.48  1.23
-0.47  1.13
-0.46  1.26
-0.45  1.25
-0.44  1.21
-0.43  1.24
-0.42  1.17
-0.41  1.25
-0.4  1.22
-0.39  1.25
-0.38  1.22
-0.37  1.29
-0.36  1.19
-0.35  1.2
-0.34  1.31
-0.33  1.22
-0.32  1.23
-0.31  1.24
-0.3  1.28
-0.29  1.21
-0.28  1.23
-0.27  1.18
-0.26  1.2
-0.25  1.29
-0.24  1.26
-0.23  1.25
-0.22  1.14
-0.21  1.28
-0.2  1.22
-0.19  1.16
-0.18  1.2
-0.17  1.18
-0.16  1.28
-0.15  1.1
-0.14  1.24
-0.13  1.2
-0.12  1.16
-0.11  1.18
-0.1  1.22
-0.09  1.22
-0.08  1.19
-0.07  1.19
-0.06  1.16
-0.05  1.14
-0.04  1.2
-0.03  1.13
-0.02  1.16
-0.01  1.13
-2.16197e-11  1.13
0.0001  0.03
0.0101  1.16
0.0201  1.15
0.0301  1.17
0.0401  1.15
0.0501  1.23
0.0601  1.06
0.0701  1.12
0.0801  1.21
0.0901  1.16
0.1001  1.22
0.1101  1.2
0.1201  1.17
0.1301  1.16
0.1401  1.17
0.1501  1.26
0.1601  1.22
0.1701  1.28
0.1801  1.26
0.1901  1.22
0.2001  1.28
0.2101  1.28
0.2201  1.22
0.2301  1.31
0.2401  1.32
0.2501  1.35
0.2601  1.43
0.2701  1.38
0.2801  1.33
0.2901  1.42
0.3001  1.34
0.3101  1.47
0.3201  1.43
0.3301  1.49
0.3401  1.5
0.3501  1.47
0.3601  1.53
0.3701  1.56
0.3801  1.54
0.3901  1.61
0.4001  1.61
0.4101  1.68
0.4201  1.63
0.4301  1.62
0.4401  1.69
0.4501  1.59
0.4601  1.79
0.4701  1.67
0.4801  1.73
0.4901  1.76
0.5001  1.69
0.5101  1.68
0.5201  1.73
0.5301  1.74
0.5401  1.76
0.5501  1.72
0.5601  1.76
0.5701  1.75
0.5801  1.74
0.5901  1.67
0.6001  1.72
0.6101  1.72
0.6201  1.75
0.6301  1.57
0.6401  1.63
0.6501  1.66
0.6601  1.64
0.6701  1.63
0.6801  1.57
0.6901  1.57
0.7001  1.58
0.7101  1.61
0.7201  1.53
0.7301  1.49
0.7401  1.45
0.7501  1.48
0.7601  1.49
0.7701  1.42
0.7801  1.39
0.7901  1.45
0.8001  1.39
0.8101  1.36
0.8201  1.4
0.8301  1.34
0.8401  1.34
0.8501  1.27
0.8601  1.37
0.8701  1.28
0.8801  1.3
0.8901  1.3
0.9001  1.27
0.9101  1.24
0.9201  1.25
0.9301  1.25
0.9401  1.23
0.9501  1.27
0.9601  1.23
0.9701  1.27
0.9801  1.2
0.9901  1.23
1.0001  1.24
1.0101  1.18
1.0201  1.18
1.0301  1.15
1.0401  1.31
1.0501  1.22
1.0601  1.23
1.0701  1.2
1.0801  1.2
1.0901  1.24
1.1001  1.19
1.1101  1.21
1.1201  1.3
1.1301  1.2
1.1401  1.27
1.1501  1.23
1.1601  1.25
1.1701  1.3
1.1801  1.27
1.1901  1.34
1.2001  1.24
1.2101  1.31
1.2201  1.31
1.2301  1.28
1.2401  1.43
1.2501  1.41
1.2601  1.29
1.2701  1.37
1.2801  1.39
1.2901  1.46
1.3001  1.38
1.3101  1.43
1.3201  1.41
1.3301  1.47
1.3401  1.48
1.3501  1.52
1.3601  1.5
1.3701  1.5
1.3801  1.52
1.3901  1.54
1.4001  1.59
1.4101  1.56
1.4201  1.53
1.4301  1.61
1.4401  1.62
1.4501  1.66
1.4601  1.63
1.4701  1.62
1.4801  1.67
1.4901  1.67
1.5001  1.66
1.5101  1.7
1.5201  1.68
1.5301  1.65
1.5401  1.69
1.5501  1.63
1.5601  1.68
1.5701  1.64
1.5801  1.66
1.5901  1.65
1.6001  1.66
1.6101  1.59
1.6201  1.73
1.6301  1.66
1.6401  1.54
1.6501  1.61
1.6601  1.68
1.6701  1.57
1.6801  1.61
1.6901  1.57
1.7001  1.55
1.7101  1.5
1.7201  1.47
1.7301  1.57
1.7401  1.51
1.7501  1.49
1.7601  1.49
1.7701  1.39
1.7801  1.51
1.7901  1.41
1.8001  1.46
1.8101  1.38
1.8201  1.43
1.8301  1.37
1.8401  1.39
1.8501  1.31
1.8601  1.4
1.8701  1.25
1.8801  1.4
1.8901  1.35
1.9001  1.27
1.9101  1.36
1.9201  1.29
1.9301  1.33
1.9401  1.23
1.9501  1.27
1.9601  1.31
1.9701  1.3
1.9801  1.3
1.9901  1.17
2.0001  1.3
2.0101  1.31
2.0201  1.2
2.0301  1.31
2.0401  1.23
2.0501  1.31
2.0601  1.25
2.0701  1.22
2.0801  1.24
2.0901  1.31
2.1001  1.27
2.1101  1.24
2.1201  1.34
2.1301  1.24
2.1401  1.27
2.1501  1.35
2.1601  1.3
2.1701  1.25
2.1801  1.29
2.1901  1.32
2.2001  1.3
2.2101  1.45
2.2201  1.27
2.2301  1.31
2.2401  1.4
2.2501  1.32
2.2601  1.45
2.2701  1.35
2.2801  1.44
2.2901  1.36
2.3001  1.4
2.3101  1.47
2.3201  1.52
2.3301  1.45
2.3401  1.43
2.3501  1.48
2.3601  1.45
2.3701  1.52
2.3801  1.48
2.3901  1.64
2.4001  1.51
2.4101  1.52
2.4201  1.49
2.4301  1.55
2.4401  1.6
2.4501  1.6
2.4601  1.54
2.4701  1.65
2.4801  1.6
2.4901  1.67
2.5001  1.55
2.5101  1.66
2.5201  1.56
2.5301  1.63
2.5401  1.56
2.5501  1.69
2.5601  1.61
2.5701  1.67
2.5801  1.59
2.5901  1.69
2.6001  1.53
2.6101  1.62
2.6201  1.58
2.6301  1.63
2.6401  1.57
2.6501  1.64
2.6601  1.55
2.6701  1.53
2.6801  1.57
2.6901  1.53
2.7001  1.54
2.7101  1.53
2.7201  1.54
2.7301  1.44
2.7401  1.54
2.7501  1.46
2.7601  1.48
2.7701  1.46
2.7801  1.57
2.7901  1.44
2.8001  1.36
2.8101  1.47
2.8201  1.4
2.8301  1.38
2.8401  1.49
2.8501  1.32
2.8601  1.44
2.8701  1.32
2.8801  1.4
2.8901  1.32
2.9001  1.34
2.9101  1.29
2.9201  1.31
2.9301  1.42
2.9401  1.34
2.9501  1.26
2.9601  1.41
2.9701  1.32
2.9801  1.24
2.9901  1.3
3.0001  1.28
3.0101  1.31
3.0201  1.34
3.0301  1.35
3.0401  1.23
3.0501  1.31
3.0601  1.34
3.0701  1.26
3.0801  1.34
3.0901  1.24
3.1001  1.32
3.1101  1.3
3.1201  1.29
3.1301  1.36
3.1401  1.34
3.1501  1.3
3.1601  1.33
3.1701  1.29
3.1801  1.32
3.1901  1.32
3.2001  1.39
3.2101  1.31
3.2201  1.39
3.2301  1.4
3.2401  1.33
3.2501  1.36
3.2601  1.47
3.2701  1.4
3.2801  1.4
3.2901  1.41
3.3001  1.44
3.3101  1.38
3.3201  1.42
3.3301  1.46
3.3401  1.51
3.3501  1.46
3.3601  1.49
3.3701  1.5
3.3801  1.44
3.3901  1.5
3.4001  1.49
3.4101  1.59
3.4201  1.5
3.4301  1.54
3.4401  1.56
3.4501  1.58
3.4601  1.52
3.4701  1.61
3.4801  1.57
3.4901  1.56
3.5001  1.6
3.5101  1.58
3.5201  1.57
3.5301  1.54
3.5401  1.56
3.5501  1.63
3.5601  1.57
3.5701  1.57
3.5801  1.58
3.5901  1.61
3.6001  1.51
3.6101  1.64
3.6201  1.58
3.6301  1.55
3.6401  1.61
3.6501  1.57
3.6601  1.53
3.6701  1.54
3.6801  1.57
3.6901  1.54
3.7001  1.51
3.7101  1.53
3.7201  1.42
3.7301  1.55
3.7401  1.53
3.7501  1.46
3.7601  1.46
3.7701  1.46
3.7801  1.48
3.7901  1.41
3.8001  1.47
3.8101  1.43
3.8201  1.44
3.8301  1.45
3.8401  1.42
3.8501  1.38
3.8601  1.42
3.8701  1.4
3.8801  1.36
3.8901  1.38
3.9001  1.37
3.9101  1.37
3.9201  1.33
3.9301  1.43
3.9401  1.34
3.9501  1.38
3.9601  1.31
3.9701  1.3
3.9801  1.37
3.9901  1.36
4.0001  1.35
4.0101  1.26
4.0201  1.35
4.0301  1.28
4.0401  1.35
4.0501  1.35
4.0601  1.38
4.0701  1.3
4.0801  1.3
4.0901  1.34
4.1001  1.31
4.1101  1.38
4.1201  1.34
4.1301  1.33
4.1401  1.31
4.1501  1.31
4.1601  1.38
4.1701  1.36
4.1801  1.38
4.1901  1.3
4.2001  1.33
4.2101  1.43
4.2201  1.41
4.2301  1.4
4.2401  1.38
4.2501  1.38
4.2601  1.38
4.2701  1.39
4.2801  1.41
4.2901  1.46
4.3001  1.4
4.3101  1.43
4.3201  1.45
4.3301  1.44
4.3401  1.44
4.3501  1.44
4.3601  1.45
4.3701  1.51
4.3801  1.5
4.3901  1.5
4.4001  1.48
4.4101  1.56
4.4201  1.49
4.4301  1.46
4.4401  1.56
4.4501  1.55
4.4601  1.52
4.4701  1.53
4.4801  1.56
4.4901  1.53
4.5001  1.52
4.5101  1.54
4.5201  1.58
4.5301  1.6
4.5401  1.5
4.5501  1.58
4.5601  1.58
4.5701  1.51
4.5801  1.55
4.5901  1.55
4.6001  1.57
4.6101  1.55
4.6201  1.6
4.6301  1.51
4.6401  1.53
4.6501  1.53
4.6601  1.51
4.6701  1.64
4.6801  1.41
4.6901  1.54
4.7001  1.54
4.7101  1.45
4.7201  1.59
4.7301  1.42
4.7401  1.48
4.7501  1.51
4.7601  1.46
4.7701  1.43
4.7801  1.53
4.7901  1.51
4.8001  1.46
4.8101  1.4
4.8201  1.43
4.8301  1.42
4.8401  1.46
4.8501  1.36
4.8601  1.42
4.8701  1.44
4.8801  1.39
4.8901  1.45
4.9001  1.37
4.9101  1.4
4.9201  1.34
4.9301  1.36
4.9401  1.39
4.9501  1.42
4.9601  1.29
4.9701  1.43
4.9801  1.35
4.9901  1.31
5.0001  1.34
5.0101  1.36
5.0201  1.33
5.0301  1.38
5.0401  1.4
5.0501  1.34
5.0601  1.34
5.0701  1.36
5.0801  1.41
5.0901  1.36
5.1001  1.33
5.1101  1.35
5.1201  1.37
5.1301  1.34
5.1401  1.35
5.1501  1.36
5.1601  1.31
5.1701  1.4
5.1801  1.43
5.1901  1.34
5.2001  1.38
5.2101  1.37
5.2201  1.37
5.2301  1.38
5.2401  1.44
5.2501  1.45
5.2601  1.34
5.2701  1.44
5.2801  1.44
5.2901  1.46
5.3001  1.38
5.3101  1.44
5.3201  1.45
5.3301  1.42
5.3401  1.43
5.3501  1.5
5.3601  1.47
5.3701  1.43
5.3801  1.46
5.3901  1.52
5.4001  1.5
5.4101  1.47
5.4201  1.5
5.4301  1.49
5.4401  1.53
5.4501  1.46
5.4601  1.47
5.4701  1.56
5.4801  1.51
5.4901  1.47
5.5001  1.55
5.5101  1.56
5.5201  1.48
5.5301  1.57
5.5401  1.58
5.5501  1.47
5.5601  1.57
5.5701  1.51
5.5801  1.54
5.5901  1.51
5.6001  1.5
5.6101  1.59
5.6201  1.52
5.6301  1.51
5.6401  1.59
5.6501  1.48
5.6601  1.5
5.6701  1.57
5.6801  1.42
5.6901  1.49
5.7001  1.6
5.7101  1.49
5.7201  1.44
5.7301  1.48
5.7401  1.44
5.7501  1.53
5.7601  1.51
5.7701  1.43
5.7801  1.52
5.7901  1.44
5.8001  1.46
5.8101  1.4
5.8201  1.45
5.8301  1.4
5.8401  1.51
5.8501  1.41
5.8601  1.37
5.8701  1.47
5.8801  1.44
5.8901  1.35
5.9001  1.43
5.9101  1.47
5.9201  1.35
5.9301  1.33
5.9401  1.45
5.9501  1.45
5.9601  1.41
5.9701  1.3
5.9801  1.4
5.9901  1.33
6.0001  1.41
6.0101  1.37
6.0201  1.36
6.0301  1.37
6.0401  1.38
6.0501  1.36
6.0601  1.38
6.0701  1.37
6.0801  1.38
6.0901  1.39
6.1001  1.35
6.1101  1.37
6.1201  1.44
6.1301  1.38
6.1401  1.35
6.1501  1.4
6.1601  1.4
6.1701  1.4
6.1801  1.33
6.1901  1.34
6.2001  1.46
6.2101  1.37
6.2201  1.39
6.2301  1.34
6.2401  1.49
6.2501  1.38
6.2601  1.47
6.2701  1.44
6.2801  1.42
6.2901  1.39
6.3001  1.46
6.3101  1.43
6.3201  1.41
6.3301  1.43
6.3401  1.42
6.3501  1.47
6.3601  1.4
6.3701  1.57
6.3801  1.41
6.3901  1.54
6.4001  1.4
6.4101  1.5
6.4201  1.46
6.4301  1.5
6.4401  1.53
6.4501  1.45
6.4601  1.54
6.4701  1.49
6.4801  1.52
6.4901  1.49
6.5001  1.51
6.5101  1.5
6.5201  1.53
6.5301  1.46
6.5401  1.5
6.5501  1.54
6.5601  1.48
6.5701  1.46
6.5801  1.5
6.5901  1.56
6.6001  1.51
6.6101  1.55
6.6201  1.5
6.6301  1.51
6.6401  1.5
6.6501  1.52
6.6601  1.47
6.6701  1.54
6.6801  1.5
6.6901  1.52
6.7001  1.43
6.7101  1.45
6.7201  1.52
6.7301  1.5
6.7401  1.46
6.7501  1.51
6.7601  1.49
6.7701  1.44
6.7801  1.42
6.7901  1.44
6.8001  1.45
6.8101  1.46
6.8201  1.44
6.8301  1.43
6.8401  1.41
6.8501  1.5
6.8601  1.41
6.8701  1.51
6.8801  1.36
6.8901  1.45
6.9001  1.39
6.9101  1.41
6.9201  1.45
6.9301  1.37
6.9401  1.41
6.9501  1.32
6.9601  1.44
6.9701  1.47
6.9801  1.37
6.9901  1.38
7.0001  1.43
7.0101  1.38
7.0201  1.37
7.0301  1.43
7.0401  1.35
7.0501  1.42
7.0601  1.36
7.0701  1.42
7.0801  1.4
7.0901  1.36
7.1001  1.39
7.1101  1.41
7.1201  1.35
7.1301  1.51
7.1401  1.3
7.1501  1.42
7.1601  1.41
7.1701  1.39
7.1801  1.4
7.1901  1.37
7.2001  1.42
7.2101  1.42
7.2201  1.39
7.2301  1.44
7.2401  1.37
7.2501  1.43
7.2601  1.46
7.2701  1.34
7.2801  1.48
7.2901  1.47
7.3001  1.42
7.3101  1.44
7.3201  1.44
7.3301  1.45
7.3401  1.44
7.3501  1.42
7.3601  1.54
7.3701  1.39
7.3801  1.51
7.3901  1.45
7.4001  1.46
7.4101  1.49
7.4201  1.47
7.4301  1.45
7.4401  1.48
7.4501  1.49
7.4601  1.45
7.4701  1.53
7.4801  1.51
7.4901  1.48
7.5001  1.46
7.5101  1.45
7.5201  1.52
7.5301  1.53
7.5401  1.54
7.5501  1.47
7.5601  1.43
7.5701  1.5
7.5801  1.52
7.5901  1.49
7.6001  1.52
7.6101  1.48
7.6201  1.49
7.6301  1.47
7.6401  1.51
7.6501  1.51
7.6601  1.5
7.6701  1.54
7.6801  1.48
7.6901  1.43
7.7001  1.48
7.7101  1.46
7.7201  1.44
7.7301  1.38
7.7401  1.55
7.7501  1.43
7.7601  1.48
7.7701  1.46
7.7801  1.51
7.7901  1.49
7.8001  1.32
7.8101  1.58
7.8201  1.36
7.8301  1.48
7.8401  1.44
7.8501  1.41
7.8601  1.51
7.8701  1.42
7.8801  1.44
7.8901  1.34
7.9001  1.46
7.9101  1.38
7.9201  1.44
7.9301  1.37
7.9401  1.53
7.9501  1.36
7.9601  1.44
7.9701  1.42
7.9801  1.42
7.9901  1.36
8.0001  1.45
8.0101  1.38
8.0201  1.43
8.0301  1.37
8.0401  1.39
8.0501  1.43
8.0601  1.41
8.0701  1.37
8.0801  1.38
8.0901  1.41
8.1001  1.37
8.1101  1.47
8.1201  1.41
8.1301  1.42
8.1401  1.33
8.1501  1.4
8.1601  1.44
8.1701  1.41
8.1801  1.5
8.1901  1.35
8.2001  1.46
8.2101  1.38
8.2201  1.46
8.2301  1.37
8.2401  1.42
8.2501  1.41
8.2601  1.52
8.2701  1.41
8.2801  1.44
8.2901  1.46
8.3001  1.36
8.3101  1.46
8.3201  1.43
8.3301  1.46
8.3401  1.41
8.3501  1.49
8.3601  1.48
8.3701  1.41
8.3801  1.49
8.3901  1.44
8.4001  1.48
8.4101  1.49
8.4201  1.41
8.4301  1.46
8.4401  1.51
8.4501  1.48
8.4601  1.5
8.4701  1.49
8.4801  1.45
8.4901  1.47
8.5001  1.47
8.5101  1.57
8.5201  1.47
8.5301  1.42
8.5401  1.49
8.5501  1.45
8.5601  1.5
8.5701  1.49
8.5801  1.46
8.5901  1.48
8.6001  1.44
8.6101  1.49
8.6201  1.53
8.6301  1.52
8.6401  1.48
8.6501  1.42
8.6601  1.48
8.6701  1.5
8.6801  1.5
8.6901  1.45
8.7001  1.47
8.7101  1.48
8.7201  1.45
8.7301  1.51
8.7401  1.42
8.7501  1.47
8.7601  1.43
8.7701  1.43
8.7801  1.46
8.7901  1.44
8.8001  1.48
8.8101  1.45
8.8201  1.4
8.8301  1.5
8.8401  1.39
8.8501  1.5
8.8601  1.42
8.8701  1.46
8.8801  1.46
8.8901  1.44
8.9001  1.4
8.9101  1.41
8.9201  1.37
8.9301  1.39
8.9401  1.35
8.9501  1.48
8.9601  1.39
8.9701  1.5
8.9801  1.41
8.9901  1.36
9.0001  1.52
9.0101  1.3
9.0201  1.46
9.0301  1.43
9.0401  1.44
9.0501  1.45
9.0601  1.37
9.0701  1.39
9.0801  1.43
9.0901  1.45
9.1001  1.34
9.1101  1.44
9.1201  1.44
9.1301  1.39
9.1401  1.44
9.1501  1.46
9.1601  1.35
9.1701  1.42
9.1801  1.42
9.1901  1.41
9.2001  1.5
9.2101  1.4
9.2201  1.35
9.2301  1.49
9.2401  1.41
9.2501  1.42
9.2601  1.42
9.2701  1.45
9.2801  1.41
9.2901  1.52
9.3001  1.47
9.3101  1.44
9.3201  1.39
9.3301  1.44
9.3401  1.45
9.3501  1.48
9.3601  1.47
9.3701  1.43
9.3801  1.43
9.3901  1.59
9.4001  1.44
9.4101  1.43
9.4201  1.51
9.4301  1.38
9.4401  1.51
9.4501  1.46
9.4601  1.46
9.4701  1.45
9.4801  1.51
9.4901  1.42
9.5001  1.51
9.5101  1.43
9.5201  1.5
9.5301  1.52
9.5401  1.43
9.5501  1.48
9.5601  1.46
9.5701  1.48
9.5801  1.47
9.5901  1.48
9.6001  1.54
9.6101  1.39
9.6201  1.55
9.6301  1.43
9.6401  1.48
9.6501  1.49
9.6601  1.45
9.6701  1.49
9.6801  1.44
9.6901  1.52
9.7001  1.41
9.7101  1.47
9.7201  1.49
9.7301  1.41
9.7401  1.46
9.7501  1.41
9.7601  1.52
9.7701  1.43
9.7801  1.49
9.7901  1.4
9.8001  1.44
9.8101  1.45
9.8201  1.46
9.8301  1.42
9.8401  1.51
9.8501  1.39
9.8601  1.39
9.8701  1.45
9.8801  1.42
9.8901  1.43
9.9001  1.43
9.9101  1.44
9.9201  1.48
9.9301  1.46
9.9401  1.35
9.9501  1.4
9.9601  1.44
9.9701  1.43
9.9801  1.43
9.9901  1.38
10.0001  1.49
10.0101  1.42
10.0201  1.39
10.0301  1.36
10.0401  1.38
10.0501  1.52
10.0601  1.35
10.0701  1.51
10.0801  1.43
10.0901  1.35
10.1001  1.46
10.1101  1.36
10.1201  1.42
10.1301  1.4
10.1401  1.45
10.1501  1.43
10.1601  1.43
10.1701  1.44
10.1801  1.48
10.1901  1.4
10.2001  1.38
10.2101  1.38
10.2201  1.45
10.2301  1.47
10.2401  1.41
10.2501  1.51
10.2601  1.44
10.2701  1.39
10.2801  1.47
10.2901  1.43
10.3001  1.46
10.3101  1.5
10.3201  1.39
10.3301  1.43
10.3401  1.49
10.3501  1.42
10.3601  1.5
10.3701  1.4
10.3801  1.47
10.3901  1.46
10.4001  1.44
10.4101  1.51
10.4201  1.43
10.4301  1.56
10.4401  1.38
10.4501  1.46
10.4601  1.48
10.4701  1.44
10.4801  1.53
10.4901  1.38
10.5001  1.52
10.5101  1.5
10.5201  1.4
10.5301  1.46
10.5401  1.42
10.5501  1.52
10.5601  1.5
10.5701  1.53
10.5801  1.5
10.5901  1.45
10.6001  1.44
10.6101  1.48
10.6201  1.4
10.6301  1.57
10.6401  1.51
10.6501  1.41
10.6601  1.44
10.6701  1.42
10.6801  1.51
10.6901  1.41
10.7001  1.5
10.7101  1.42
10.7201  1.44
10.7301  1.51
10.7401  1.47
10.7501  1.42
10.7601  1.44
10.7701  1.41
10.7801  1.47
10.7901  1.45
10.8001  1.43
10.8101  1.49
10.8201  1.44
10.8301  1.39
10.8401  1.51
10.8501  1.43
10.8601  1.47
10.8701  1.43
10.8801  1.39
10.8901  1.44
10.9001  1.4
10.9101  1.47
10.9201  1.48
10.9301  1.35
10.9401  1.48
10.9501  1.38
10.9601  1.45
10.9701  1.44
10.9801  1.38
10.9901  1.39
11.0001  1.43
11.0101  1.42
11.0201  1.42
11.0301  1.5
11.0401  1.37
11.0501  1.39
11.0601  1.42
11.0701  1.45
11.0801  1.47
11.0901  1.43
11.1001  1.39
11.1101  1.41
11.1201  1.49
11.1301  1.4
11.1401  1.38
11.1501  1.45
11.1601  1.43
11.1701  1.44
11.1801  1.45
11.1901  1.4
11.2001  1.4
11.2101  1.52
11.2201  1.43
11.2301  1.43
11.2401  1.42
11.2501  1.38
11.2601  1.53
11.2701  1.37
11.2801  1.4
11.2901  1.45
11.3001  1.45
11.3101  1.48
11.3201  1.47
11.3301  1.45
11.3401  1.51
11.3501  1.51
11.3601  1.41
11.3701  1.43
11.3801  1.41
11.3901  1.47
11.4001  1.42
11.4101  1.45
11.4201  1.48
11.4301  1.46
11.4401  1.52
11.4501  1.43
11.4601  1.46
11.4701  1.44
11.4801  1.47
11.4901  1.49
11.5001  1.46
11.5101  1.47
11.5201  1.51
11.5301  1.48
11.5401  1.44
11.5501  1.52
11.5601  1.36
11.5701  1.46
11.5801  1.52
11.5901  1.48
11.6001  1.44
11.6101  1.44
11.6201  1.44
11.6301  1.43
11.6401  1.5
11.6501  1.48
11.6601  1.47
11.6701  1.43
11.6801  1.46
11.6901  1.5
11.7001  1.48
11.7101  1.41
11.7201  1.47
11.7301  1.44
11.7401  1.52
11.7501  1.42
11.7601  1.4
11.7701  1.49
11.7801  1.43
11.7901  1.47
11.8001  1.41
11.8101  1.45
11.8201  1.45
11.8301  1.46
11.8401  1.41
11.8501  1.48
11.8601  1.44
11.8701  1.49
11.8801  1.41
11.8901  1.37
11.9001  1.45
11.9101  1.43
11.9201  1.46
11.9301  1.37
11.9401  1.41
11.9501  1.47
11.9601  1.45
11.9701  1.41
11.9801  1.39
11.9901  1.46
12.0001  1.41
12.0101  1.42
12.0201  1.46
12.0301  1.42
12.0401  1.41
12.0501  1.5
12.0601  1.46
12.0701  1.37
12.0801  1.37
12.0901  1.42
12.1001  1.49
12.1101  1.43
12.1201  1.41
12.1301  1.42
12.1401  1.44
12.1501  1.41
12.1601  1.45
12.1701  1.39
12.1801  1.42
12.1901  1.43
12.2001  1.48
12.2101  1.4
12.2201  1.51
12.2301  1.42
12.2401  1.46
12.2501  1.45
12.2601  1.36
12.2701  1.47
12.2801  1.45
12.2901  1.45
12.3001  1.46
12.3101  1.39
12.3201  1.41
12.3301  1.5
12.3401  1.46
12.3501  1.45
12.3601  1.44
12.3701  1.46
12.3801  1.48
12.3901  1.48
12.4001  1.47
12.4101  1.39
12.4201  1.54
12.4301  1.41
12.4401  1.48
12.4501  1.44
12.4601  1.46
12.4701  1.44
12.4801  1.44
12.4901  1.47
12.5001  1.44
12.5101  1.51
12.5201  1.43
12.5301  1.44
12.5401  1.44
12.5501  1.52
12.5601  1.42
12.5701  1.42
12.5801  1.55
12.5901  1.49
12.6001  1.41
12.6101  1.49
12.6201  1.41
12.6301  1.47
12.6401  1.49
12.6501  1.45
12.6601  1.46
12.6701  1.49
12.6801  1.44
12.6901  1.47
12.7001  1.47
12.7101  1.47
12.7201  1.46
12.7301  1.44
12.7401  1.4
12.7501  1.47
12.7601  1.4
12.7701  1.49
12.7801  1.49
12.7901  1.43
12.8001  1.46
12.8101  1.44
12.8201  1.46
12.8301  1.39
12.8401  1.43
12.8501  1.42
12.8601  1.44
12.8701  1.51
12.8801  1.47
12.8901  1.42
12.9001  1.46
12.9101  1.42
12.9201  1.42
12.9301  1.41
12.9401  1.47
12.9501  1.38
12.9601  1.49
12.9701  1.4
12.9801  1.39
12.9901  1.47
13.0001  1.5
13.0101  1.36
13.0201  1.4
13.0301  1.47
13.0401  1.49
13.0501  1.4
13.0601  1.42
13.0701  1.37
13.0801  1.49
13.0901  1.44
13.1001  1.44
13.1101  1.42
13.1201  1.46
13.1301  1.33
13.1401  1.48
13.1501  1.38
13.1601  1.53
13.1701  1.42
13.1801  1.47
13.1901  1.38
13.2001  1.41
13.2101  1.39
13.2201  1.44
13.2301  1.41
13.2401  1.48
13.2501  1.45
13.2601  1.43
13.2701  1.44
13.2801  1.46
13.2901  1.47
13.3001  1.42
13.3101  1.45
13.3201  1.48
13.3301  1.45
13.3401  1.47
13.3501  1.44
13.3601  1.48
13.3701  1.38
13.3801  1.42
13.3901  1.44
13.4001  1.48
13.4101  1.48
13.4201  1.41
13.4301  1.43
13.4401  1.44
13.4501  1.46
13.4601  1.46
13.4701  1.46
13.4801  1.48
13.4901  1.41
13.5001  1.46
13.5101  1.49
13.5201  1.51
13.5301  1.45
13.5401  1.39
13.5501  1.49
13.5601  1.48
13.5701  1.46
13.5801  1.45
13.5901  1.47
13.6001  1.46
13.6101  1.39
13.6201  1.5
13.6301  1.49
13.6401  1.46
13.6501  1.44
13.6601  1.47
13.6701  1.51
13.6801  1.4
13.6901  1.4
13.7001  1.47
13.7101  1.49
13.7201  1.52
13.7301  1.41
13.7401  1.4
13.7501  1.49
13.7601  1.44
13.7701  1.45
13.7801  1.42
13.7901  1.46
13.8001  1.43
13.8101  1.43
13.8201  1.5
13.8301  1.43
13.8401  1.47
13.8501  1.48
13.8601  1.43
13.8701  1.48
13.8801  1.39
13.8901  1.46
13.9001  1.42
13.9101  1.45
13.9201  1.43
13.9301  1.4
13.9401  1.5
13.9501  1.44
13.9601  1.37
13.9701  1.45
13.9801  1.49
13.9901  1.39
14.0001  1.43
14.0101  1.47
14.0201  1.44
14.0301  1.4
14.0401  1.5
14.0501  1.47
14.0601  1.36
14.0701  1.44
14.0801  1.43
14.0901  1.44
14.1001  1.39
14.1101  1.41
14.1201  1.48
14.1301  1.41
14.1401  1.47
14.1501  1.43
14.1601  1.45
14.1701  1.41
14.1801  1.43
14.1901  1.49
14.2001  1.36
14.2101  1.46
14.2201  1.53
14.2301  1.43
14.2401  1.41
14.2501  1.47
14.2601  1.47
14.2701  1.38
14.2801  1.47
14.2901  1.4
14.3001  1.42
14.3101  1.44
14.3201  1.45
14.3301  1.51
14.3401  1.42
14.3501  1.39
14.3601  1.42
14.3701  1.48
14.3801  1.43
14.3901  1.48
14.4001  1.45
14.4101  1.5
14.4201  1.46
14.4301  1.39
14.4401  1.41
14.4501  1.49
14.4601  1.46
14.4701  1.41
14.4801  1.54
14.4901  1.42
14.5001  1.44
14.5101  1.47
14.5201  1.41
14.5301  1.49
14.5401  1.45
14.5501  1.4
14.5601  1.46
14.5701  1.46
14.5801  1.47
14.5901  1.47
14.6001  1.47
14.6101  1.44
14.6201  1.48
14.6301  1.47
14.6401  1.44
14.6501  1.45
14.6601  1.43
14.6701  1.45
14.6801  1.33
14.6901  1.54
14.7001  1.5
14.7101  1.42
14.7201  1.45
14.7301  1.4
14.7401  1.43
14.7501  1.54
14.7601  1.48
14.7701  1.39
14.7801  1.5
14.7901  1.43
14.8001  1.44
14.8101  1.49
14.8201  1.44
14.8301  1.4
14.8401  1.47
14.8501  1.43
14.8601  1.5
14.8701  1.43
14.8801  1.4
14.8901  1.41
14.9001  1.48
14.9101  1.46
14.9201  1.44
14.9301  1.46
14.9401  1.39
14.9501  1.41
14.9601  1.54
14.9701  1.35
14.9801  1.5
14.9901  1.52
15.0001  1.32
15.0101  1.47
15.0201  1.46
15.0301  1.39
15.0401  1.44
15.0501  1.48
15.0601  1.4
15.0701  1.43
15.0801  1.46
15.0901  1.43
15.1001  1.47
15.1101  1.44
15.1201  1.43
15.1301  1.44
15.1401  1.5
15.1501  1.37
15.1601  1.46
15.1701  1.52
15.1801  1.42
15.1901  1.45
15.2001  1.4
15.2101  1.43
15.2201  1.44
15.2301  1.39
15.2401  1.48
15.2501  1.49
15.2601  1.41
15.2701  1.42
15.2801  1.46
15.2901  1.46
15.3001  1.41
15.3101  1.44
15.3201  1.39
15.3301  1.56
15.3401  1.41
15.3501  1.47
15.3601  1.39
15.3701  1.49
15.3801  1.38
15.3901  1.47
15.4001  1.51
15.4101  1.41
15.4201  1.49
15.4301  1.43
15.4401  1.45
15.4501  1.46
15.4601  1.44
15.4701  1.51
15.4801  1.43
15.4901  1.5
15.5001  1.39
15.5101  1.47
15.5201  1.39
15.5301  1.42
15.5401  1.47
15.5501  1.44
15.5601  1.42
15.5701  1.47
15.5801  1.45
15.5901  1.46
15.6001  1.44
15.6101  1.44
15.6201  1.43
15.6301  1.47
15.6401  1.52
15.6501  1.4
15.6601  1.52
15.6701  1.42
15.6801  1.41
15.6901  1.51
15.7001  1.36
15.7101  1.45
15.7201  1.46
15.7301  1.44
15.7401  1.43
15.7501  1.43
15.7601  1.47
15.7701  1.49
15.7801  1.5
15.7901  1.43
15.8001  1.47
15.8101  1.36
15.8201  1.49
15.8301  1.47
15.8401  1.43
15.8501  1.46
15.8601  1.34
15.8701  1.48
15.8801  1.54
15.8901  1.38
15.9001  1.41
15.9101  1.42
15.9201  1.39
15.9301  1.48
15.9401  1.45
15.9501  1.5
15.9601  1.47
15.9701  1.38
15.9801  1.43
15.9901  1.45
16.0001  1.44
16.0101  1.42
16.0201  1.42
16.0301  1.44
16.0401  1.5
16.0501  1.4
16.0601  1.45
16.0701  1.46
16.0801  1.5
16.0901  1.42
16.1001  1.52
16.1101  1.35
16.1201  1.48
16.1301  1.43
16.1401  1.5
16.1501  1.36
16.1601  1.44
16.1701  1.49
16.1801  1.43
16.1901  1.35
16.2001  1.43
16.2101  1.48
16.2201  1.46
16.2301  1.44
16.2401  1.5
16.2501  1.43
16.2601  1.53
16.2701  1.32
16.2801  1.49
16.2901  1.36
16.3001  1.52
16.3101  1.42
16.3201  1.44
16.3301  1.44
16.3401  1.5
16.3501  1.44
16.3601  1.49
16.3701  1.35
16.3801  1.49
16.3901  1.44
16.4001  1.41
16.4101  1.45
16.4201  1.53
16.4301  1.47
16.4401  1.37
16.4501  1.49
16.4601  1.48
16.4701  1.44
16.4801  1.44
16.4901  1.43
16.5001  1.49
16.5101  1.39
16.5201  1.52
16.5301  1.4
16.5401  1.45
16.5501  1.42
16.5601  1.47
16.5701  1.47
16.5801  1.47
16.5901  1.42
16.6001  1.42
16.6101  1.48
16.6201  1.44
16.6301  1.4
16.6401  1.45
16.6501  1.47
16.6601  1.47
16.6701  1.44
16.6801  1.46
16.6901  1.45
16.7001  1.42
16.7101  1.47
16.7201  1.43
16.7301  1.54
16.7401  1.39
16.7501  1.47
16.7601  1.39
16.7701  1.44
16.7801  1.46
16.7901  1.44
16.8001  1.46
16.8101  1.45
16.8201  1.44
16.8301  1.43
16.8401  1.43
16.8501  1.42
16.8601  1.39
16.8701  1.46
16.8801  1.45
16.8901  1.54
16.9001  1.37
16.9101  1.48
16.9201  1.43
16.9301  1.45
16.9401  1.46
16.9501  1.43
16.9601  1.46
16.9701  1.39
16.9801  1.45
16.9901  1.46
17.0001  1.48
17.0101  1.43
17.0201  1.45
17.0301  1.5
17.0401  1.43
17.0501  1.47
17.0601  1.36
17.0701  1.5
17.0801  1.39
17.0901  1.43
17.1001  1.4
17.1101  1.52
17.1201  1.41
17.1301  1.35
17.1401  1.53
17.1501  1.46
17.1601  1.43
17.1701  1.41
17.1801  1.44
17.1901  1.44
17.2001  1.48
17.2101  1.44
17.2201  1.49
17.2301  1.37
17.2401  1.5
17.2501  1.45
17.2601  1.48
17.2701  1.34
17.2801  1.52
17.2901  1.44
17.3001  1.45
17.3101  1.46
17.3201  1.41
17.3301  1.46
17.3401  1.44
17.3501  1.51
17.3601  1.45
17.3701  1.41
17.3801  1.48
17.3901  1.47
17.4001  1.4
17.4101  1.43
17.4201  1.48
17.4301  1.46
17.4401  1.44
17.4501  1.47
17.4601  1.44
17.4701  1.35
17.4801  1.49
17.4901  1.43
17.5001  1.54
17.5101  1.44
17.5201  1.42
17.5301  1.47
17.5401  1.44
17.5501  1.39
17.5601  1.48
17.5701  1.48
17.5801  1.4
17.5901  1.47
17.6001  1.42
17.6101  1.49
17.6201  1.41
17.6301  1.43
17.6401  1.46
17.6501  1.42
17.6601  1.49
17.6701  1.47
17.6801  1.4
17.6901  1.51
17.7001  1.41
17.7101  1.45
17.7201  1.5
17.7301  1.37
17.7401  1.45
17.7501  1.49
17.7601  1.37
17.7701  1.5
17.7801  1.38
17.7901  1.45
17.8001  1.46
17.8101  1.47
17.8201  1.45
17.8301  1.47
17.8401  1.43
17.8501  1.37
17.8601  1.44
17.8701  1.45
17.8801  1.5
17.8901  1.41
17.9001  1.41
17.9101  1.39
17.9201  1.53
17.9301  1.39
17.9401  1.46
17.9501  1.47
17.9601  1.44
17.9701  1.45
17.9801  1.44
17.9901  1.48
18.0001  1.37
18.0101  1.54
18.0201  1.39
18.0301  1.4
18.0401  1.45
18.0501  1.47
18.0601  1.4
18.0701  1.44
18.0801  1.51
18.0901  1.43
18.1001  1.46
18.1101  1.46
18.1201  1.4
18.1301  1.48
18.1401  1.37
18.1501  1.44
18.1601  1.41
18.1701  1.53
18.1801  1.4
18.1901  1.43
18.2001  1.47
18.2101  1.48
18.2201  1.41
18.2301  1.48
18.2401  1.44
18.2501  1.38
18.2601  1.51
18.2701  1.49
18.2801  1.43
18.2901  1.46
18.3001  1.42
18.3101  1.51
18.3201  1.42
18.3301  1.47
18.3401  1.38
18.3501  1.48
18.3601  1.45
18.3701  1.44
18.3801  1.43
18.3901  1.47
18.4001  1.41
18.4101  1.44
18.4201  1.47
18.4301  1.45
18.4401  1.44
18.4501  1.47
18.4601  1.49
18.4701  1.44
18.4801  1.53
18.4901  1.39
18.5001  1.43
18.5101  1.45
18.5201  1.42
18.5301  1.48
18.5401  1.45
18.5501  1.4
18.5601  1.47
18.5701  1.46
18.5801  1.46
18.5901  1.49
18.6001  1.39
18.6101  1.48
18.6201  1.38
18.6301  1.47
18.6401  1.46
18.6501  1.45
18.6601  1.43
18.6701  1.5
18.6801  1.45
18.6901  1.45
18.7001  1.45
18.7101  1.39
18.7201  1.51
18.7301  1.38
18.7401  1.51
18.7501  1.37
18.7601  1.44
18.7701  1.43
18.7801  1.41
18.7901  1.44
18.8001  1.5
18.8101  1.47
18.8201  1.42
18.8301  1.48
18.8401  1.42
18.8501  1.41
18.8601  1.44
18.8701  1.5
18.8801  1.39
18.8901  1.42
18.9001  1.45
18.9101  1.48
18.9201  1.49
18.9301  1.45
18.9401  1.44
18.9501  1.45
18.9601  1.44
18.9701  1.39
18.9801  1.44
18.9901  1.38
19.0001  1.46
19.0101  1.37
19.0201  1.52
19.0301  1.46
19.0401  1.48
19.0501  1.44
19.0601  1.46
19.0701  1.38
19.0801  1.48
19.0901  1.46
19.1001  1.44
19.1101  1.47
19.1201  1.43
19.1301  1.42
19.1401  1.48
19.1501  1.43
19.1601  1.43
19.1701  1.45
19.1801  1.39
19.1901  1.48
19.2001  1.44
19.2101  1.49
19.2201  1.4
19.2301  1.48
19.2401  1.5
19.2501  1.39
19.2601  1.47
19.2701  1.44
19.2801  1.46
19.2901  1.38
19.3001  1.48
19.3101  1.43
19.3201  1.48
19.3301  1.4
19.3401  1.48
19.3501  1.45
19.3601  1.43
19.3701  1.54
19.3801  1.4
19.3901  1.48
19.4001  1.38
19.4101  1.5
19.4201  1.4
19.4301  1.51
19.4401  1.35
19.4501  1.45
19.4601  1.48
19.4701  1.46
19.4801  1.44
19.4901  1.37
19.5001  1.49
19.5101  1.43
19.5201  1.45
19.5301  1.47
19.5401  1.44
19.5501  1.45
19.5601  1.46
19.5701  1.49
19.5801  1.44
19.5901  1.39
19.6001  1.49
19.6101  1.46
19.6201  1.45
19.6301  1.46
19.6401  1.42
19.6501  1.46
19.6601  1.47
19.6701  1.42
19.6801  1.41
19.6901  1.46
19.7001  1.48
19.7101  1.47
19.7201  1.37
19.7301  1.45
19.7401  1.47
19.7501  1.41
19.7601  1.45
19.7701  1.44
19.7801  1.45
19.7901  1.38
19.8001  1.48
19.8101  1.5
19.8201  1.42
19.8301  1.48
19.8401  1.38
19.8501  1.4
19.8601  1.46
19.8701  1.44
19.8801  1.49
19.8901  1.44
19.9001  1.48
19.9101  1.49
19.9201  1.43
19.9301  1.4
19.9401  1.41
19.9501  1.4
19.9601  1.46
19.9701  1.49
19.9801  1.44
19.9901  1.48
20.0001  1.44
20.0101  1.4
20.0201  1.46
20.0301  1.48
20.0401  1.37
20.0501  1.46
20.0601  1.46
20.0701  1.43
20.0801  1.4
20.0901  1.48
20.1001  1.44
20.1101  1.45
20.1201  1.43
20.1301  1.46
20.1401  1.49
20.1501  1.4
20.1601  1.45
20.1701  1.44
20.1801  1.51
20.1901  1.43
20.2001  1.45
20.2101  1.43
20.2201  1.42
20.2301  1.49
20.2401  1.45
20.2501  1.49
20.2601  1.41
20.2701  1.45
20.2801  1.46
20.2901  1.36
20.3001  1.51
20.3101  1.41
20.3201  1.42
20.3301  1.47
20.3401  1.45
20.3501  1.47
20.3601  1.4
20.3701  1.49
20.3801  1.41
20.3901  1.44
20.4001  1.43
20.4101  1.45
20.4201  1.48
20.4301  1.49
20.4401  1.44
20.4501  1.44
20.4601  1.48
20.4701  1.45
20.4801  1.4
20.4901  1.42
20.5001  1.45
20.5101  1.43
20.5201  1.48
20.5301  1.44
20.5401  1.42
20.5501  1.51
20.5601  1.46
20.5701  1.5
20.5801  1.39
20.5901  1.46
20.6001  1.4
20.6101  1.43
20.6201  1.45
20.6301  1.46
20.6401  1.4
20.6501  1.43
20.6601  1.53
20.6701  1.41
20.6801  1.41
20.6901  1.48
20.7001  1.48
20.7101  1.45
20.7201  1.34
20.7301  1.45
20.7401  1.47
20.7501  1.48
20.7601  1.42
20.7701  1.41
20.7801  1.49
20.7901  1.4
20.8001  1.52
20.8101  1.4
20.8201  1.45
20.8301  1.48
20.8401  1.43
20.8501  1.48
20.8601  1.45
20.8701  1.36
20.8801  1.49
20.8901  1.41
20.9001  1.51
20.9101  1.48
20.9201  1.45
20.9301  1.35
20.9401  1.47
20.9501  1.45
20.9601  1.44
20.9701  1.56
20.9801  1.32
20.9901  1.47
21.0001  1.52
21.0101  1.38
21.0201  1.44
21.0301  1.47
21.0401  1.44
21.0501  1.4
21.0601  1.44
21.0701  1.41
21.0801  1.41
21.0901  1.53
21.1001  1.41
21.1101  1.49
21.1201  1.46
21.1301  1.47
21.1401  1.4
21.1501  1.52
21.1601  1.43
21.1701  1.45
21.1801  1.47
21.1901  1.39
21.2001  1.41
21.2101  1.45
21.2201  1.47
21.2301  1.48
21.2401  1.42
21.2501  1.42
21.2601  1.53
21.2701  1.39
21.2801  1.39
21.2901  1.48
21.3001  1.45
21.3101  1.46
21.3201  1.5
21.3301  1.47
21.3401  1.4
21.3501  1.5
21.3601  1.33
21.3701  1.52
21.3801  1.47
21.3901  1.42
21.4001  1.42
21.4101  1.45
21.4201  1.41
21.4301  1.46
21.4401  1.41
21.4501  1.42
21.4601  1.46
21.4701  1.42
21.4801  1.5
21.4901  1.34
21.5001  1.45
21.5101  1.48
21.5201  1.47
21.5301  1.49
21.5401  1.5
21.5501  1.39
21.5601  1.44
21.5701  1.47
21.5801  1.44
21.5901  1.44
21.6001  1.47
21.6101  1.43
21.6201  1.45
21.6301  1.39
21.6401  1.51
21.6501  1.4
21.6601  1.45
21.6701  1.44
21.6801  1.41
21.6901  1.45
21.7001  1.43
21.7101  1.41
21.7201  1.47
21.7301  1.44
21.7401  1.46
21.7501  1.4
21.7601  1.43
21.7701  1.5
21.7801  1.39
21.7901  1.44
21.8001  1.53
21.8101  1.45
21.8201  1.47
21.8301  1.45
21.8401  1.46
21.8501  1.39
21.8601  1.43
21.8701  1.5
21.8801  1.45
21.8901  1.46
21.9001  1.45
21.9101  1.42
21.9201  1.42
21.9301  1.42
21.9401  1.41
21.9501  1.47
21.9601  1.5
21.9701  1.38
21.9801  1.45
21.9901  1.44
22.0001  1.48
22.0101  1.41
22.0201  1.46
22.0301  1.47
22.0401  1.49
22.0501  1.37
22.0601  1.51
22.0701  1.4
22.0801  1.45
22.0901  1.46
22.1001  1.51
22.1101  1.45
22.1201  1.42
22.1301  1.4
22.1401  1.48
22.1501  1.42
22.1601  1.42
22.1701  1.48
22.1801  1.44
22.1901  1.48
22.2001  1.37
22.2101  1.46
22.2201  1.45
22.2301  1.43
22.2401  1.49
22.2501  1.5
22.2601  1.4
22.2701  1.48
22.2801  1.39
22.2901  1.5
22.3001  1.42
22.3101  1.5
22.3201  1.42
22.3301  1.4
22.3401  1.45
22.3501  1.46
22.3601  1.38
22.3701  1.52
22.3801  1.46
22.3901  1.42
22.4001  1.47
22.4101  1.44
22.4201  1.47
22.4301  1.49
22.4401  1.41
22.4501  1.42
22.4601  1.46
22.4701  1.43
22.4801  1.48
22.4901  1.43
22.5001  1.52
22.5101  1.34
22.5201  1.44
22.5301  1.41
22.5401  1.47
22.5501  1.47
22.5601  1.46
22.5701  1.41
22.5801  1.43
22.5901  1.41
22.6001  1.46
22.6101  1.53
22.6201  1.41
22.6301  1.46
22.6401  1.44
22.6501  1.45
22.6601  1.47
22.6701  1.45
22.6801  1.4
22.6901  1.49
22.7001  1.38
22.7101  1.47
22.7201  1.44
22.7301  1.43
22.7401  1.44
22.7501  1.45
22.7601  1.44
22.7701  1.47
22.7801  1.37
22.7901  1.52
22.8001  1.44
22.8101  1.42
22.8201  1.49
22.8301  1.43
22.8401  1.5
22.8501  1.43
22.8601  1.48
22.8701  1.45
22.8801  1.4
22.8901  1.41
22.9001  1.47
22.9101  1.41
22.9201  1.47
22.9301  1.46
22.9401  1.47
22.9501  1.42
22.9601  1.38
22.9701  1.48
22.9801  1.5
22.9901  1.43
23.0001  1.42
23.0101  1.45
23.0201  1.41
23.0301  1.41
23.0401  1.52
23.0501  1.47
23.0601  1.45
23.0701  1.46
23.0801  1.4
23.0901  1.48
23.1001  1.44
23.1101  1.42
23.1201  1.41
23.1301  1.43
23.1401  1.45
23.1501  1.45
23.1601  1.43
23.1701  1.48
23.1801  1.47
23.1901  1.47
23.2001  1.46
23.2101  1.45
23.2201  1.4
23.2301  1.47
23.2401  1.5
23.2501  1.39
23.2601  1.42
23.2701  1.44
23.2801  1.47
23.2901  1.45
23.3001  1.45
23.3101  1.43
23.3201  1.47
23.3301  1.4
23.3401  1.48
23.3501  1.44
23.3601  1.43
23.3701  1.39
23.3801  1.49
23.3901  1.42
23.4001  1.49
23.4101  1.45
23.4201  1.43
23.4301  1.49
23.4401  1.44
23.4501  1.47
23.4601  1.39
23.4701  1.46
23.4801  1.48
23.4901  1.39
23.5001  1.53
23.5101  1.39
23.5201  1.44
23.5301  1.48
23.5401  1.45
23.5501  1.35
23.5601  1.52
23.5701  1.44
23.5801  1.42
23.5901  1.44
23.6001  1.46
23.6101  1.43
23.6201  1.41
23.6301  1.5
23.6401  1.53
23.6501  1.41
23.6601  1.45
23.6701  1.4
23.6801  1.42
23.6901  1.43
23.7001  1.45
23.7101  1.45
23.7201  1.47
23.7301  1.38
23.7401  1.5
23.7501  1.43
23.7601  1.49
23.7701  1.44
23.7801  1.41
23.7901  1.47
23.8001  1.43
23.8101  1.44
23.8201  1.45
23.8301  1.46
23.8401  1.53
23.8501  1.42
23.8601  1.42
23.8701  1.4
23.8801  1.41
23.8901  1.46
23.9001  1.46
23.9101  1.41
23.9201  1.44
23.9301  1.45
23.9401  1.41
23.9501  1.5
23.9601  1.49
23.9701  1.42
23.9801  1.38
23.9901  1.44
24.0001  1.44
24.0101  1.45
24.0201  1.5
24.0301  1.39
24.0401  1.51
24.0501  1.48
24.0601  1.45
24.0701  1.44
24.0801  1.42
24.0901  1.5
24.1001  1.41
24.1101  1.42
24.1201  1.49
24.1301  1.37
24.1401  1.45
24.1501  1.4
24.1601  1.49
24.1701  1.52
24.1801  1.37
24.1901  1.51
24.2001  1.47
24.2101  1.45
24.2201  1.38
24.2301  1.36
24.2401  1.46
24.2501  1.49
24.2601  1.44
24.2701  1.48
24.2801  1.45
24.2901  1.45
24.3001  1.48
24.3101  1.44
24.3201  1.45
24.3301  1.44
24.3401  1.38
24.3501  1.53
24.3601  1.41
24.3701  1.4
24.3801  1.48
24.3901  1.36
24.4001  1.55
24.4101  1.44
24.4201  1.44
24.4301  1.4
24.4401  1.52
24.4501  1.46
24.4601  1.45
24.4701  1.4
24.4801  1.45
24.4901  1.42
24.5001  1.49
24.5101  1.44
24.5201  1.49
24.5301  1.43
24.5401  1.39
24.5501  1.5
24.5601  1.48
24.5701  1.43
24.5801  1.45
24.5901  1.46
24.6001  1.47
24.6101  1.37
24.6201  1.47
24.6301  1.47
24.6401  1.4
24.6501  1.4
24.6601  1.49
24.6701  1.39
24.6801  1.47
24.6901  1.41
24.7001  1.44
24.7101  1.5
24.7201  1.43
24.7301  1.48
24.7401  1.44
24.7501  1.39
24.7601  1.46
24.7701  1.48
24.7801  1.5
24.7901  1.4
24.8001  1.45
24.8101  1.38
24.8201  1.48
24.8301  1.46
24.8401  1.47
24.8501  1.47
24.8601  1.47
24.8701  1.41
24.8801  1.43
24.8901  1.46
24.9001  1.42
24.9101  1.4
24.9201  1.45
24.9301  1.44
24.9401  1.36
24.9501  1.44
24.9601  1.53
24.9701  1.38
24.9801  1.53
24.9901  1.36
25.0001  1.45
25.0101  1.53
25.0201  1.44
25.0301  1.46
25.0401  1.42
25.0501  1.44
25.0601  1.43
25.0701  1.42
25.0801  1.51
25.0901  1.4
25.1001  1.4
25.1101  1.49
25.1201  1.41
25.1301  1.47
25.1401  1.45
25.1501  1.45
25.1601  1.5
25.1701  1.45
25.1801  1.38
25.1901  1.48
25.2001  1.48
25.2101  1.45
25.2201  1.39
25.2301  1.4
25.2401  1.5
25.2501  1.48
25.2601  1.37
25.2701  1.49
25.2801  1.45
25.2901  1.46
25.3001  1.51
25.3101  1.35
25.3201  1.46
25.3301  1.41
25.3401  1.45
25.3501  1.45
25.3601  1.45
25.3701  1.43
25.3801  1.45
25.3901  1.46
25.4001  1.43
25.4101  1.47
25.4201  1.41
25.4301  1.54
25.4401  1.41
25.4501  1.44
25.4601  1.45
25.4701  1.46
25.4801  1.46
25.4901  1.34
25.5001  1.52
25.5101  1.47
25.5201  1.42
25.5301  1.46
25.5401  1.44
25.5501  1.5
25.5601  1.36
25.5701  1.48
25.5801  1.42
25.5901  1.45
25.6001  1.46
25.6101  1.41
25.6201  1.47
25.6301  1.48
25.6401  1.39
25.6501  1.44
25.6601  1.46
25.6701  1.46
25.6801  1.45
25.6901  1.46
25.7001  1.45
25.7101  1.4
25.7201  1.48
25.7301  1.41
25.7401  1.5
25.7501  1.46
25.7601  1.48
25.7701  1.4
25.7801  1.47
25.7901  1.39
25.8001  1.47
25.8101  1.46
25.8201  1.4
25.8301  1.5
25.8401  1.49
25.8501  1.41
25.8601  1.46
25.8701  1.39
25.8801  1.48
25.8901  1.42
25.9001  1.38
25.9101  1.46
25.9201  1.51
25.9301  1.39
25.9401  1.42
25.9501  1.48
25.9601  1.49
25.9701  1.44
25.9801  1.49
25.9901  1.42
26.0001  1.43
26.0101  1.44
26.0201  1.47
26.0301  1.41
26.0401  1.4
26.0501  1.56
26.0601  1.37
26.0701  1.44
26.0801  1.45
26.0901  1.45
26.1001  1.42
26.1101  1.43
26.1201  1.46
26.1301  1.45
26.1401  1.41
26.1501  1.49
26.1601  1.46
26.1701  1.5
26.1801  1.44
26.1901  1.42
26.2001  1.44
26.2101  1.4
26.2201  1.49
26.2301  1.44
26.2401  1.44
26.2501  1.39
26.2601  1.41
26.2701  1.52
26.2801  1.46
26.2901  1.39
26.3001  1.52
26.3101  1.45
26.3201  1.44
26.3301  1.47
26.3401  1.39
26.3501  1.42
26.3601  1.44
26.3701  1.51
26.3801  1.44
26.3901  1.39
26.4001  1.39
26.4101  1.52
26.4201  1.51
26.4301  1.36
26.4401  1.45
26.4501  1.46
26.4601  1.36
26.4701  1.5
26.4801  1.42
26.4901  1.46
26.5001  1.46
26.5101  1.49
26.5201  1.44
26.5301  1.45
26.5401  1.46
26.5501  1.4
26.5601  1.51
26.5701  1.41
26.5801  1.5
26.5901  1.44
26.6001  1.37
26.6101  1.46
26.6201  1.41
26.6301  1.46
26.6401  1.43
26.6501  1.49
26.6601  1.41
26.6701  1.4
26.6801  1.39
26.6901  1.51
26.7001  1.46
26.7101  1.43
26.7201  1.54
26.7301  1.45
26.7401  1.41
26.7501  1.45
26.7601  1.43
26.7701  1.44
26.7801  1.42
26.7901  1.49
26.8001  1.41
26.8101  1.43
26.8201  1.49
26.8301  1.44
26.8401  1.45
26.8501  1.46
26.8601  1.52
26.8701  1.41
26.8801  1.48
26.8901  1.44
26.9001  1.37
26.9101  1.45
26.9201  1.44
26.9301  1.42
26.9401  1.42
26.9501  1.52
26.9601  1.44
26.9701  1.4
26.9801  1.53
26.9901  1.47
27.0001  1.37
27.0101  1.42
27.0201  1.36
27.0301  1.53
27.0401  1.47
27.0501  1.35
27.0601  1.46
27.0701  1.51
27.0801  1.46
27.0901  1.46
27.1001  1.45
27.1101  1.43
27.1201  1.42
27.1301  1.46
27.1401  1.5
27.1501  1.5
27.1601  1.45
27.1701  1.32
27.1801  1.54
27.1901  1.41
27.2001  1.4
27.2101  1.51
27.2201  1.4
27.2301  1.39
27.2401  1.46
27.2501  1.46
27.2601  1.47
27.2701  1.42
27.2801  1.44
27.2901  1.5
27.3001  1.41
27.3101  1.45
27.3201  1.43
27.3301  1.49
27.3401  1.45
27.3501  1.42
27.3601  1.43
27.3701  1.4
27.3801  1.49
27.3901  1.42
27.4001  1.45
27.4101  1.45
27.4201  1.51
27.4301  1.45
27.4401  1.39
27.4501  1.43
27.4601  1.45
27.4701  1.44
27.4801  1.43
27.4901  1.46
27.5001  1.45
27.5101  1.45
27.5201  1.44
27.5301  1.54
27.5401  1.44
27.5501  1.42
27.5601  1.44
27.5701  1.4
27.5801  1.42
27.5901  1.47
27.6001  1.48
27.6101  1.42
27.6201  1.44
27.6301  1.41
27.6401  1.51
27.6501  1.4
27.6601  1.45
27.6701  1.46
27.6801  1.46
27.6901  1.42
27.7001  1.44
27.7101  1.47
27.7201  1.41
27.7301  1.46
27.7401  1.43
27.7501  1.44
27.7601  1.47
27.7701  1.46
27.7801  1.41
27.7901  1.5
27.8001  1.38
27.8101  1.46
27.8201  1.43
27.8301  1.47
27.8401  1.43
27.8501  1.5
27.8601  1.48
27.8701  1.42
27.8801  1.45
27.8901  1.37
27.9001  1.49
27.9101  1.48
27.9201  1.4
27.9301  1.42
27.9401  1.44
27.9501  1.49
27.9601  1.49
27.9701  1.38
27.9801  1.5
27.9901  1.44
28.0001  1.43
28.0101  1.44
28.0201  1.43
28.0301  1.49
28.0401  1.41
28.0501  1.43
28.0601  1.51
28.0701  1.39
28.0801  1.45
28.0901  1.44
28.1001  1.43
28.1101  1.52
28.1201  1.4
28.1301  1.47
28.1401  1.42
28.1501  1.43
28.1601  1.43
28.1701  1.43
28.1801  1.53
28.1901  1.37
28.2001  1.49
28.2101  1.47
28.2201  1.43
28.2301  1.44
28.2401  1.44
28.2501  1.37
28.2601  1.57
28.2701  1.35
28.2801  1.52
28.2901  1.42
28.3001  1.42
28.3101  1.43
28.3201  1.49
28.3301  1.46
28.3401  1.38
28.3501  1.52
28.3601  1.38
28.3701  1.42
28.3801  1.43
28.3901  1.46
28.4001  1.47
28.4101  1.47
28.4201  1.4
28.4301  1.45
28.4401  1.44
28.4501  1.48
28.4601  1.44
28.4701  1.42
28.4801  1.49
28.4901  1.35
28.5001  1.51
28.5101  1.44
28.5201  1.49
28.5301  1.42
28.5401  1.5
28.5501  1.52
28.5601  1.32
28.5701  1.49
28.5801  1.42
28.5901  1.38
28.6001  1.46
28.6101  1.48
28.6201  1.49
28.6301  1.41
28.6401  1.44
28.6501  1.46
28.6601  1.45
28.6701  1.43
28.6801  1.43
28.6901  1.41
28.7001  1.46
28.7101  1.44
28.7201  1.44
28.7301  1.45
28.7401  1.45
28.7501  1.5
28.7601  1.39
28.7701  1.43
28.7801  1.5
28.7901  1.38
28.8001  1.47
28.8101  1.4
28.8201  1.47
28.8301  1.52
28.8401  1.43
28.8501  1.46
28.8601  1.43
28.8701  1.49
28.8801  1.56
28.8901  1.36
28.9001  1.46
28.9101  1.39
28.9201  1.48
28.9301  1.42
28.9401  1.45
28.9501  1.45
28.9601  1.43
28.9701  1.49
28.9801  1.43
28.9901  1.46
29.0001  1.43
29.0101  1.49
29.0201  1.39
29.0301  1.45
29.0401  1.47
29.0501  1.41
29.0601  1.43
29.0701  1.42
29.0801  1.42
29.0901  1.43
29.1001  1.54
29.1101  1.39
29.1201  1.52
29.1301  1.5
29.1401  1.47
29.1501  1.42
29.1601  1.47
29.1701  1.39
29.1801  1.4
29.1901  1.49
29.2001  1.41
29.2101  1.55
29.2201  1.43
29.2301  1.42
29.2401  1.48
29.2501  1.31
29.2601  1.51
29.2701  1.46
29.2801  1.46
29.2901  1.38
29.3001  1.46
29.3101  1.55
29.3201  1.33
29.3301  1.5
29.3401  1.36
29.3501  1.51
29.3601  1.41
29.3701  1.44
29.3801  1.43
29.3901  1.47
29.4001  1.46
29.4101  1.42
29.4201  1.5
29.4301  1.39
29.4401  1.48
29.4501  1.4
29.4601  1.48
29.4701  1.42
29.4801  1.46
29.4901  1.41
29.5001  1.45
29.5101  1.46
29.5201  1.43
29.5301  1.49
29.5401  1.43
29.5501  1.43
29.5601  1.43
29.5701  1.43
29.5801  1.44
29.5901  1.47
29.6001  1.45
29.6101  1.43
29.6201  1.44
29.6301  1.49
29.6401  1.41
29.6501  1.37
29.6601  1.48
29.6701  1.48
29.6801  1.37
29.6901  1.46
29.7001  1.47
29.7101  1.53
29.7201  1.46
29.7301  1.37
29.7401  1.4
29.7501  1.52
29.7601  1.36
29.7701  1.4
29.7801  1.51
29.7901  1.41
29.8001  1.48
29.8101  1.46
29.8201  1.38
29.8301  1.48
29.8401  1.5
29.8501  1.43
29.8601  1.41
29.8701  1.51
29.8801  1.42
29.8901  1.43
29.9001  1.5
29.9101  1.41
29.9201  1.46
29.9301  1.44
29.9401  1.46
29.9501  1.47
29.9601  1.45
29.9701  1.4
29.9801  1.44
29.9901  1.4
30.0001  1.53
30.0101  1.45
30.0201  1.42
30.0301  1.45
30.0401  1.46
30.0501  1.33
30.0601  1.51
30.0701  1.44
30.0801  1.46
30.0901  1.51
30.1001  1.44
30.1101  1.46
30.1201  1.4
30.1301  1.5
30.1401  1.39
30.1501  1.56
30.1601  1.34
30.1701  1.46
30.1801  1.47
30.1901  1.38
30.2001  1.48
30.2101  1.46
30.2201  1.43
30.2301  1.49
30.2401  1.47
30.2501  1.53
30.2601  1.38
30.2701  1.48
30.2801  1.45
30.2901  1.42
30.3001  1.42
30.3101  1.45
30.3201  1.38
30.3301  1.52
30.3401  1.47
30.3501  1.39
30.3601  1.52
30.3701  1.42
30.3801  1.39
30.3901  1.49
30.4001  1.43
30.4101  1.43
30.4201  1.4
30.4301  1.5
30.4401  1.47
30.4501  1.45
30.4601  1.45
30.4701  1.37
30.4801  1.43
30.4901  1.49
30.5001  1.44
30.5101  1.45
30.5201  1.45
30.5301  1.44
30.5401  1.41
30.5501  1.46
30.5601  1.41
30.5701  1.49
30.5801  1.51
30.5901  1.38
30.6001  1.54
30.6101  1.39
30.6201  1.43
30.6301  1.4
30.6401  1.46
30.6501  1.44
30.6601  1.47
30.6701  1.38
30.6801  1.47
30.6901  1.41
30.7001  1.49
30.7101  1.39
30.7201  1.49
30.7301  1.49
30.7401  1.42
30.7501  1.45
30.7601  1.38
30.7701  1.39
30.7801  1.48
30.7901  1.43
30.8001  1.4
30.8101  1.57
30.8201  1.34
30.8301  1.48
30.8401  1.42
30.8501  1.45
30.8601  1.48
30.8701  1.44
30.8801  1.43
30.8901  1.45
30.9001  1.47
30.9101  1.48
30.9201  1.45
30.9301  1.42
30.9401  1.5
30.9501  1.36
30.9601  1.45
30.9701  1.46
30.9801  1.4
30.9901  1.43
31.0001  1.49
31.0101  1.49
31.0201  1.42
31.0301  1.48
31.0401  1.41
31.0501  1.39
31.0601  1.47
31.0701  1.51
31.0801  1.38
31.0901  1.48
31.1001  1.43
31.1101  1.43
31.1201  1.47
31.1301  1.41
31.1401  1.55
31.1501  1.37
31.1601  1.56
31.1701  1.36
31.1801  1.47
31.1901  1.45
31.2001  1.41
31.2101  1.46
31.2201  1.49
31.2301  1.46
31.2401  1.39
31.2501  1.43
31.2601  1.44
31.2701  1.48
31.2801  1.49
31.2901  1.49
31.3001  1.4
31.3101  1.42
31.3201  1.51
31.3301  1.47
31.3401  1.38
31.3501  1.42
31.3601  1.49
31.3701  1.4
31.3801  1.52
31.3901  1.44
31.4001  1.42
31.4101  1.42
31.4201  1.45
31.4301  1.53
31.4401  1.41
31.4501  1.47
31.4601  1.45
31.4701  1.48
31.4801  1.38
31.4901  1.46
31.5001  1.44
31.5101  1.45
31.5201  1.37
31.5301  1.48
31.5401  1.4
31.5501  1.42
31.5601  1.54
31.5701  1.41
31.5801  1.46
31.5901  1.45
31.6001  1.46
31.6101  1.42
31.6201  1.49
31.6301  1.43
31.6401  1.44
31.6501  1.48
31.6601  1.36
31.6701  1.4
31.6801  1.48
31.6901  1.44
31.7001  1.48
31.7101  1.49
31.7201  1.42
31.7301  1.44
31.7401  1.49
31.7501  1.4
31.7601  1.39
31.7701  1.48
31.7801  1.43
31.7901  1.42
31.8001  1.43
31.8101  1.43
31.8201  1.43
31.8301  1.41
31.8401  1.49
31.8501  1.44
31.8601  1.42
31.8701  1.53
31.8801  1.43
31.8901  1.43
31.9001  1.44
31.9101  1.39
31.9201  1.47
31.9301  1.45
31.9401  1.46
31.9501  1.52
31.9601  1.4
31.9701  1.49
31.9801  1.35
31.9901  1.45
32.0001  1.49
32.0101  1.38
32.0201  1.47
32.0301  1.54
32.0401  1.38
32.0501  1.45
32.0601  1.4
32.0701  1.45
32.0801  1.44
32.0901  1.47
32.1001  1.52
32.1101  1.43
32.1201  1.42
32.1301  1.45
32.1401  1.48
32.1501  1.42
32.1601  1.45
32.1701  1.39
32.1801  1.43
32.1901  1.43
32.2001  1.43
32.2101  1.5
32.2201  1.46
32.2301  1.51
32.2401  1.37
32.2501  1.48
32.2601  1.47
32.2701  1.38
32.2801  1.49
32.2901  1.43
32.3001  1.49
32.3101  1.45
32.3201  1.48
32.3301  1.4
32.3401  1.44
32.3501  1.5
32.3601  1.43
32.3701  1.44
32.3801  1.41
32.3901  1.45
32.4001  1.47
32.4101  1.46
32.4201  1.45
32.4301  1.35
32.4401  1.47
32.4501  1.36
32.4601  1.54
32.4701  1.46
32.4801  1.42
32.4901  1.47
32.5001  1.41
32.5101  1.42
32.5201  1.43
32.5301  1.54
32.5401  1.47
32.5501  1.39
32.5601  1.46
32.5701  1.45
32.5801  1.47
32.5901  1.48
32.6001  1.37
32.6101  1.49
32.6201  1.43
32.6301  1.42
32.6401  1.45
32.6501  1.43
32.6601  1.47
32.6701  1.46
32.6801  1.4
32.6901  1.43
32.7001  1.42
32.7101  1.49
32.7201  1.46
32.7301  1.45
32.7401  1.45
32.7501  1.42
32.7601  1.38
32.7701  1.47
32.7801  1.46
32.7901  1.46
32.8001  1.47
32.8101  1.45
32.8201  1.34
32.8301  1.49
32.8401  1.5
32.8501  1.42
32.8601  1.47
32.8701  1.41
32.8801  1.46
32.8901  1.5
32.9001  1.41
32.9101  1.43
32.9201  1.42
32.9301  1.43
32.9401  1.47
32.9501  1.41
32.9601  1.41
32.9701  1.43
32.9801  1.51
32.9901  1.43
33.0001  1.5
33.0101  1.44
33.0201  1.43
33.0301  1.46
33.0401  1.46
33.0501  1.42
33.0601  1.48
33.0701  1.42
33.0801  1.5
33.0901  1.38
33.1001  1.49
33.1101  1.37
33.1201  1.48
33.1301  1.44
33.1401  1.48
33.1501  1.44
33.1601  1.37
33.1701  1.5
33.1801  1.54
33.1901  1.35
33.2001  1.47
33.2101  1.42
33.2201  1.43
33.2301  1.47
33.2401  1.46
33.2501  1.47
33.2601  1.44
33.2701  1.4
33.2801  1.5
33.2901  1.48
33.3001  1.44
33.3101  1.43
33.3201  1.44
33.3301  1.48
33.3401  1.44
33.3501  1.47
33.3601  1.5
33.3701  1.4
33.3801  1.42
33.3901  1.41
33.4001  1.45
33.4101  1.39
33.4201  1.51
33.4301  1.44
33.4401  1.43
33.4501  1.48
33.4601  1.4
33.4701  1.4
33.4801  1.54
33.4901  1.47
33.5001  1.41
33.5101  1.51
33.5201  1.41
33.5301  1.4
33.5401  1.48
33.5501  1.46
33.5601  1.41
33.5701  1.46
33.5801  1.44
33.5901  1.44
33.6001  1.38
33.6101  1.47
33.6201  1.45
33.6301  1.4
33.6401  1.48
33.6501  1.46
33.6601  1.38
33.6701  1.53
33.6801  1.42
33.6901  1.41
33.7001  1.49
33.7101  1.4
33.7201  1.47
33.7301  1.49
33.7401  1.45
33.7501  1.44
33.7601  1.43
33.7701  1.4
33.7801  1.47
33.7901  1.39
33.8001  1.46
33.8101  1.52
33.8201  1.43
33.8301  1.43
33.8401  1.41
33.8501  1.4
33.8601  1.5
33.8701  1.41
33.8801  1.4
33.8901  1.52
33.9001  1.41
33.9101  1.46
33.9201  1.51
33.9301  1.48
33.9401  1.41
33.9501  1.39
33.9601  1.44
33.9701  1.47
33.9801  1.44
33.9901  1.44
34.0001  1.46
34.0101  1.48
34.0201  1.41
34.0301  1.41
34.0401  1.51
34.0501  1.43
34.0601  1.42
34.0701  1.53
34.0801  1.37
34.0901  1.4
34.1001  1.52
34.1101  1.44
34.1201  1.4
34.1301  1.61
34.1401  1.43
34.1501  1.42
34.1601  1.4
34.1701  1.44
34.1801  1.43
34.1901  1.44
34.2001  1.43
34.2101  1.47
34.2201  1.51
34.2301  1.38
34.2401  1.5
34.2501  1.42
34.2601  1.44
34.2701  1.34
34.2801  1.52
34.2901  1.45
34.3001  1.46
34.3101  1.44
34.3201  1.45
34.3301  1.54
34.3401  1.44
34.3501  1.51
34.3601  1.38
34.3701  1.42
34.3801  1.5
34.3901  1.47
34.4001  1.5
34.4101  1.38
34.4201  1.46
34.4301  1.4
34.4401  1.46
34.4501  1.36
34.4601  1.53
34.4701  1.37
34.4801  1.46
34.4901  1.5
34.5  1.46
34.51  1.34
34.52  1.47
34.53  1.48
34.54  1.43
34.55  1.49
34.56  1.37
34.57  1.49
34.58  1.38
34.59  1.46
34.6  1.48
34.61  1.43
34.62  1.45
34.63  1.47
34.64  1.4
34.65  1.45
34.66  1.47
34.67  1.42
34.68  1.42
34.69  1.46
34.7  1.43
34.71  1.46
34.72  1.39
34.73  1.43
34.74  1.5
34.75  1.41
34.76  1.49
34.77  1.44
34.78  1.45
34.79  1.51
34.8  1.41
34.81  1.45
34.82  1.43
34.83  1.39
34.84  1.45
34.85  1.41
34.86  1.44
34.87  1.44
34.88  1.48
34.89  1.4
34.9  1.45
34.91  1.44
34.92  1.45
34.93  1.47
34.94  1.44
34.95  1.47
34.96  1.43
34.97  1.44
34.98  1.41
34.99  1.46
35  1.37
35.01  1.48
35.02  1.44
35.03  1.45
35.04  1.53
35.05  1.43
35.06  1.43
35.07  1.52
35.08  1.4
35.09  1.38
35.1  1.48
35.11  1.51
35.12  1.41
35.13  1.44
35.14  1.44
35.15  1.48
35.16  1.44
35.17  1.49
35.18  1.36
35.19  1.49
35.2  1.39
35.21  1.52
35.22  1.45
35.23  1.45
35.24  1.42
35.25  1.49
35.26  1.4
35.27  1.49
35.28  1.45
35.29  1.48
35.3  1.36
35.31  1.41
35.32  1.43
35.33  1.47
35.34  1.48
35.35  1.53
35.36  1.45
35.37  1.41
35.38  1.5
35.39  1.38
35.4  1.44
35.41  1.48
35.42  1.44
35.43  1.39
35.44  1.52
35.45  1.39
35.46  1.52
35.47  1.5
35.48  1.36
35.49  1.45
35.5  1.48
35.51  1.41
35.52  1.51
35.53  1.39
35.54  1.45
35.55  1.46
35.56  1.47
35.57  1.42
35.58  1.38
35.59  1.46
35.6  1.47
35.61  1.47
35.62  1.39
35.63  1.49
35.64  1.45
35.65  1.39
35.66  1.47
35.67  1.43
35.68  1.44
35.69  1.46
35.7  1.46
35.71  1.41
35.72  1.44
35.73  1.38
35.74  1.49
35.75  1.46
35.76  1.43
35.77  1.44
35.78  1.49
35.79  1.46
35.8  1.39
35.81  1.49
35.82  1.45
35.83  1.38
35.84  1.49
35.85  1.46
35.86  1.42
35.87  1.4
35.88  1.4
35.89  1.42
35.9  1.44
35.91  1.45
35.92  1.48
35.93  1.47
35.94  1.47
35.95  1.44
35.96  1.49
35.97  1.37
35.98  1.45
35.99  1.43
36  1.44
36.01  1.46
36.02  1.48
36.03  1.42
36.04  1.36
36.05  1.44
36.06  1.49
36.07  1.41
36.08  1.5
36.09  1.38
36.1  1.47
36.11  1.46
36.12  1.48
36.13  1.44
36.14  1.36
36.15  1.52
36.16  1.43
36.17  1.46
36.18  1.4
36.19  1.58
36.2  1.41
36.21  1.42
36.22  1.45
36.23  1.46
36.24  1.47
36.25  1.49
36.26  1.36
36.27  1.48
36.28  1.45
36.29  1.42
36.3  1.44
36.31  1.47
36.32  1.45
36.33  1.39
36.34  1.46
36.35  1.44
36.36  1.48
36.37  1.48
36.38  1.42
36.39  1.5
36.4  1.41
36.41  1.43
36.42  1.48
36.43  1.46
36.44  1.53
36.45  1.41
36.46  1.41
36.47  1.4
36.48  1.44
36.49  1.47
36.5  1.49
36.51  1.39
36.52  1.55
36.53  1.4
36.54  1.48
36.55  1.43
36.56  1.44
36.57  1.45
36.58  1.41
36.59  1.48
36.6  1.44
36.61  1.49
36.62  1.4
36.63  1.43
36.64  1.37
36.65  1.48
36.66  1.39
36.67  1.51
36.68  1.47
36.69  1.4
36.7  1.47
36.71  1.55
36.72  1.35
36.73  1.41
36.74  1.46
36.75  1.43
36.76  1.48
36.77  1.48
36.78  1.46
36.79  1.41
36.8  1.42
36.81  1.45
36.82  1.48
36.83  1.38
36.84  1.44
36.85  1.44
36.86  1.46
36.87  1.47
36.88  1.42
36.89  1.46
36.9  1.42
36.91  1.41
36.92  1.45
36.93  1.42
36.94  1.48
36.95  1.38
36.96  1.45
36.97  1.46
36.98  1.45
36.99  1.49
37  1.47
37.01  1.46
37.02  1.42
37.03  1.45
37.04  1.43
37.05  1.43
37.06  1.38
37.07  1.44
37.08  1.44
37.09  1.48
37.1  1.4
37.11  1.44
37.12  1.49
37.13  1.47
37.14  1.4
37.15  1.45
37.16  1.49
37.17  1.39
37.18  1.5
37.19  1.42
37.2  1.49
37.21  1.4
37.22  1.49
37.23  1.47
37.24  1.4
37.25  1.47
37.26  1.45
37.27  1.38
37.28  1.5
37.29  1.48
37.3  1.41
37.31  1.4
37.32  1.52
37.33  1.44
37.34  1.4
37.35  1.45
37.36  1.45
37.37  1.51
37.38  1.46
37.39  1.44
37.4  1.44
37.41  1.38
37.42  1.51
37.43  1.4
37.44  1.49
37.45  1.42
37.46  1.45
37.47  1.48
37.48  1.4
37.49  1.5
37.5  1.42
37.51  1.46
37.52  1.43
37.53  1.44
37.54  1.44
37.55  1.44
37.56  1.49
37.57  1.52
37.58  1.4
37.59  1.44
37.6  1.49
37.61  1.4
37.62  1.44
37.63  1.44
37.64  1.46
37.65  1.45
37.66  1.52
37.67  1.39
37.68  1.42
37.69  1.43
37.7  1.42
37.71  1.51
37.72  1.45
37.73  1.46
37.74  1.39
37.75  1.47
37.76  1.44
37.77  1.44
37.78  1.42
37.79  1.44
37.8  1.44
37.81  1.48
37.82  1.42
37.83  1.47
37.84  1.4
37.85  1.48
37.86  1.49
37.87  1.48
37.88  1.41
37.89  1.41
37.9  1.43
37.91  1.44
37.92  1.43
37.93  1.4
37.94  1.53
37.95  1.4
37.96  1.48
37.97  1.41
37.98  1.39
37.99  1.5
38  1.47
38.01  1.49
38.02  1.42
38.03  1.42
38.04  1.43
38.05  1.43
38.06  1.44
38.07  1.44
38.08  1.45
38.09  1.42
38.1  1.53
38.11  1.35
38.12  1.51
38.13  1.4
38.14  1.4
38.15  1.53
38.16  1.42
38.17  1.49
38.18  1.4
38.19  1.42
38.2  1.57
38.21  1.36
38.22  1.47
38.23  1.4
38.24  1.46
38.25  1.5
38.26  1.48
38.27  1.39
38.28  1.48
38.29  1.42
38.3  1.47
38.31  1.39
38.32  1.47
38.33  1.48
38.34  1.44
38.35  1.47
38.36  1.43
38.37  1.36
38.38  1.43
38.39  1.49
38.4  1.54
38.41  1.37
38.42  1.44
38.43  1.45
38.44  1.46
38.45  1.45
38.46  1.48
38.47  1.4
38.48  1.44
38.49  1.39
38.5  1.47
38.51  1.43
38.52  1.47
38.53  1.5
38.54  1.48
38.55  1.39
38.56  1.45
38.57  1.46
38.58  1.43
38.59  1.45
38.6  1.45
38.61  1.4
38.62  1.58
38.63  1.44
38.64  1.46
38.65  1.42
38.66  1.46
38.67  1.41
38.68  1.46
38.69  1.46
38.7  1.34
38.71  1.5
38.72  1.47
38.73  1.44
38.74  1.46
38.75  1.46
38.76  1.48
38.77  1.36
38.78  1.44
38.79  1.43
38.8  1.4
38.81  1.46
38.82  1.47
38.83  1.49
38.84  1.44
38.85  1.45
38.86  1.46
38.87  1.44
38.88  1.42
38.89  1.48
38.9  1.35
38.91  1.5
38.92  1.45
38.93  1.47
38.94  1.4
38.95  1.46
38.96  1.34
38.97  1.51
38.98  1.46
38.99  1.48
39  1.5
39.01  1.42
39.02  1.54
39.03  1.32
39.04  1.42
39.05  1.51
39.06  1.43
39.07  1.37
39.08  1.49
39.09  1.42
39.1  1.46
39.11  1.48
39.12  1.4
39.13  1.4
39.14  1.43
39.15  1.45
39.16  1.5
39.17  1.45
39.18  1.41
39.19  1.45
39.2  1.52
39.21  1.46
39.22  1.4
39.23  1.46
39.24  1.39
39.25  1.5
39.26  1.37
39.27  1.47
39.28  1.44
39.29  1.49
39.3  1.47
39.31  1.46
39.32  1.45
39.33  1.4
39.34  1.49
39.35  1.43
39.36  1.39
39.37  1.51
39.38  1.38
39.39  1.42
39.4  1.52
39.41  1.39
39.42  1.41
39.43  1.5
39.44  1.4
39.45  1.52
39.46  1.5
39.47  1.49
39.48  1.37
39.49  1.45
39.5  1.45
39.51  1.47
39.52  1.43
39.53  1.37
39.54  1.47
39.55  1.45
39.56  1.38
39.57  1.51
39.58  1.45
39.59  1.41
39.6  1.47
39.61  1.44
39.62  1.41
39.63  1.4
39.64  1.47
39.65  1.5
39.66  1.38
39.67  1.49
39.68  1.51
39.69  1.4
39.7  1.47
39.71  1.49
39.72  1.41
39.73  1.38
39.74  1.49
39.75  1.49
39.76  1.4
39.77  1.49
39.78  1.49
39.79  1.4
39.8  1.41
39.81  1.47
39.82  1.39
39.83  1.43
39.84  1.4
39.85  1.48
39.86  1.42
39.87  1.54
39.88  1.4
39.89  1.49
39.9  1.4
39.91  1.45
39.92  1.4
39.93  1.44
39.94  1.44
39.95  1.46
39.96  1.48
39.97  1.43
39.98  1.47
39.99  1.44
40  1.46
40.01  1.34
40.02  1.53
40.03  1.45
40.04  1.4
40.05  1.46
40.06  1.43
40.07  1.53
40.08  1.48
40.09  1.49
40.1  1.4
40.11  1.46
40.12  1.41
40.13  1.46
40.14  1.37
40.15  1.46
40.16  1.48
40.17  1.39
40.18  1.43
40.19  1.47
40.2  1.43
40.21  1.4
40.22  1.51
40.23  1.4
40.24  1.51
40.25  1.41
40.26  1.5
40.27  1.53
40.28  1.39
40.29  1.38
40.3  1.44
40.31  1.45
40.32  1.51
40.33  1.43
40.34  1.45
40.35  1.4
40.36  1.48
40.37  1.45
40.38  1.46
40.39  1.5
40.4  1.42
40.41  1.41
40.42  1.43
40.43  1.49
40.44  1.43
40.45  1.43
40.46  1.46
40.47  1.48
40.48  1.47
40.49  1.44
40.5  1.39
40.51  1.48
40.52  1.4
40.53  1.42
40.54  1.48
40.55  1.49
40.56  1.38
40.57  1.48
40.58  1.47
40.59  1.4
40.6  1.45
40.61  1.49
40.62  1.38
40.63  1.42
40.64  1.43
40.65  1.52
40.66  1.42
40.67  1.4
40.68  1.49
40.69  1.46
40.7  1.39
40.71  1.5
40.72  1.34
40.73  1.56
40.74  1.41
40.75  1.45
40.76  1.45
40.77  1.41
40.78  1.43
40.79  1.43
40.8  1.48
40.81  1.47
40.82  1.43
40.83  1.44
40.84  1.45
40.85  1.43
40.86  1.44
40.87  1.4
40.88  1.44
40.89  1.46
40.9  1.44
40.91  1.45
40.92  1.42
40.93  1.46
40.94  1.44
40.95  1.46
40.96  1.43
40.97  1.45
40.98  1.47
40.99  1.44
41  1.46
41.01  1.39
41.02  1.43
41.03  1.46
41.04  1.46
41.05  1.49
41.06  1.42
41.07  1.41
41.08  1.44
41.09  1.49
41.1  1.42
41.11  1.46
41.12  1.44
41.13  1.51
41.14  1.39
41.15  1.49
41.16  1.45
41.17  1.42
41.18  1.46
41.19  1.44
41.2  1.46
41.21  1.44
41.22  1.41
41.23  1.49
41.24  1.42
41.25  1.46
41.26  1.45
41.27  1.44
41.28  1.53
41.29  1.41
41.3  1.38
41.31  1.48
41.32  1.49
41.33  1.45
41.34  1.5
41.35  1.39
41.36  1.44
41.37  1.4
41.38  1.42
41.39  1.43
41.4  1.49
41.41  1.48
41.42  1.44
41.43  1.49
41.44  1.43
41.45  1.46
41.46  1.46
41.47  1.39
41.48  1.46
41.49  1.47
41.5  1.4
41.51  1.49
41.52  1.44
41.53  1.5
41.54  1.43
41.55  1.45
41.56  1.51
41.57  1.4
41.58  1.44
41.59  1.47
41.6  1.38
41.61  1.46
41.62  1.5
41.63  1.41
41.64  1.49
41.65  1.38
41.66  1.43
41.67  1.42
41.68  1.44
41.69  1.45
41.7  1.42
41.71  1.44
41.72  1.4
41.73  1.46
41.74  1.43
41.75  1.5
41.76  1.42
41.77  1.4
41.78  1.49
41.79  1.5
41.8  1.44
41.81  1.41
41.82  1.41
41.83  1.44
41.84  1.41
41.85  1.46
41.86  1.45
41.87  1.49
41.88  1.42
41.89  1.47
41.9  1.49
41.91  1.49
41.92  1.4
41.93  1.43
41.94  1.45
41.95  1.39
41.96  1.43
41.97  1.5
41.98  1.39
41.99  1.45
42  1.45
42.01  1.44
42.02  1.39
42.03  1.57
42.04  1.42
42.05  1.43
42.06  1.37
42.07  1.45
42.08  1.45
42.09  1.38
42.1  1.52
42.11  1.4
42.12  1.44
42.13  1.45
42.14  1.45
42.15  1.56
42.16  1.44
42.17  1.41
42.18  1.5
42.19  1.43
42.2  1.47
42.21  1.5
42.22  1.44
42.23  1.44
42.24  1.47
42.25  1.37
42.26  1.46
42.27  1.5
42.28  1.42
42.29  1.44
42.3  1.42
42.31  1.43
42.32  1.5
42.33  1.44
42.34  1.46
42.35  1.43
42.36  1.38
42.37  1.47
42.38  1.56
42.39  1.46
42.4  1.41
42.41  1.47
42.42  1.43
42.43  1.41
42.44  1.43
42.45  1.46
42.46  1.43
42.47  1.43
42.48  1.47
42.49  1.45
42.5  1.51
42.51  1.41
42.52  1.43
42.53  1.41
42.54  1.52
42.55  1.46
42.56  1.4
42.57  1.52
42.58  1.41
42.59  1.48
42.6  1.47
42.61  1.45
42.62  1.4
42.63  1.43
42.64  1.46
42.65  1.38
42.66  1.43
42.67  1.47
42.68  1.44
42.69  1.38
42.7  1.44
42.71  1.4
42.72  1.46
42.73  1.41
42.74  1.47
42.75  1.49
42.76  1.41
42.77  1.51
42.78  1.46
42.79  1.45
42.8  1.39
42.81  1.45
42.82  1.5
42.83  1.37
42.84  1.37
42.85  1.46
42.86  1.45
42.87  1.44
42.88  1.47
42.89  1.42
42.9  1.46
42.91  1.43
42.92  1.46
42.93  1.52
42.94  1.35
42.95  1.43
42.96  1.51
42.97  1.47
42.98  1.41
42.99  1.51
43  1.43
43.01  1.42
43.02  1.49
43.03  1.34
43.04  1.46
43.05  1.41
43.06  1.48
43.07  1.44
43.08  1.53
43.09  1.47
43.1  1.33
43.11  1.47
43.12  1.42
43.13  1.46
43.14  1.43
43.15  1.43
43.16  1.5
43.17  1.42
43.18  1.46
43.19  1.49
43.2  1.47
43.21  1.44
43.22  1.44
43.23  1.41
43.24  1.42
43.25  1.49
43.26  1.47
43.27  1.42
43.28  1.41
43.29  1.5
43.3  1.43
43.31  1.51
43.32  1.52
43.33  1.43
43.34  1.41
43.35  1.43
43.36  1.49
43.37  1.45
43.38  1.48
43.39  1.41
43.4  1.46
43.41  1.39
43.42  1.44
43.43  1.45
43.44  1.51
43.45  1.39
43.46  1.42
43.47  1.44
43.48  1.47
43.49  1.45
43.5  1.45
43.51  1.44
43.52  1.48
43.53  1.42
43.54  1.45
43.55  1.43
43.56  1.43
43.57  1.46
43.58  1.49
43.59  1.47
43.6  1.46
43.61  1.39
43.62  1.47
43.63  1.4
43.64  1.52
43.65  1.39
43.66  1.41
43.67  1.49
43.68  1.45
43.69  1.48
43.7  1.37
43.71  1.41
43.72  1.42
43.73  1.52
43.74  1.47
43.75  1.36
43.76  1.44
43.77  1.48
43.78  1.42
43.79  1.46
43.8  1.42
43.81  1.48
43.82  1.43
43.83  1.43
43.84  1.44
43.85  1.44
43.86  1.39
43.87  1.49
43.88  1.38
43.89  1.44
43.9  1.44
43.91  1.49
43.92  1.41
43.93  1.43
43.94  1.39
43.95  1.48
43.96  1.42
43.97  1.48
43.98  1.51
43.99  1.39
44  1.42
44.01  1.41
44.02  1.51
44.03  1.47
44.04  1.49
44.05  1.44
44.06  1.48
44.07  1.38
44.08  1.47
44.09  1.45
44.1  1.41
44.11  1.43
44.12  1.43
44.13  1.47
44.14  1.45
44.15  1.41
44.16  1.47
44.17  1.45
44.18  1.45
44.19  1.41
44.2  1.44
44.21  1.45
44.22  1.44
44.23  1.52
44.24  1.45
44.25  1.46
44.26  1.42
44.27  1.44
44.28  1.44
44.29  1.37
44.3  1.49
44.31  1.45
44.32  1.52
44.33  1.42
44.34  1.42
44.35  1.45
44.36  1.54
44.37  1.43
44.38  1.42
44.39  1.46
44.4  1.49
44.41  1.48
44.42  1.41
44.43  1.44
44.44  1.44
44.45  1.41
44.46  1.48
44.47  1.39
44.48  1.47
44.49  1.51
44.5  1.44
44.51  1.46
44.52  1.37
44.53  1.44
44.54  1.44
44.55  1.48
44.56  1.49
44.57  1.4
44.58  1.5
44.59  1.33
44.6  1.39
44.61  1.53
44.62  1.41
44.63  1.46
44.64  1.44
44.65  1.45
44.66  1.48
44.67  1.49
44.68  1.44
44.69  1.43
44.7  1.45
44.71  1.42
44.72  1.48
44.73  1.46
44.74  1.43
44.75  1.39
44.76  1.5
44.77  1.42
44.78  1.48
44.79  1.44
44.8  1.39
44.81  1.38
44.82  1.4
44.83  1.49
44.84  1.47
44.85  1.45
44.86  1.44
44.87  1.44
44.88  1.44
44.89  1.44
44.9  1.44
44.91  1.45
44.92  1.4
44.93  1.52
44.94  1.38
44.95  1.46
44.96  1.45
44.97  1.43
44.98  1.47
44.99  1.43
45  1.46
45.01  1.33
45.02  1.49
45.03  1.4
45.04  1.58
45.05  1.37
45.06  1.44
45.07  1.53
45.08  1.4
45.09  1.49
45.1  1.5
45.11  1.38
45.12  1.41
45.13  1.43
45.14  1.45
45.15  1.44
45.16  1.47
45.17  1.48
45.18  1.4
45.19  1.48
45.2  1.42
45.21  1.42
45.22  1.48
45.23  1.44
45.24  1.55
45.25  1.38
45.26  1.41
45.27  1.48
45.28  1.39
45.29  1.51
45.3  1.41
45.31  1.46
45.32  1.52
45.33  1.39
45.34  1.49
45.35  1.47
45.36  1.43
45.37  1.45
45.38  1.45
45.39  1.46
45.4  1.43
45.41  1.39
45.42  1.47
45.43  1.45
45.44  1.49
45.45  1.39
45.46  1.52
45.47  1.45
45.48  1.42
45.49  1.45
45.5  1.51
45.51  1.42
45.52  1.48
45.53  1.48
45.54  1.47
45.55  1.41
45.56  1.46
45.57  1.47
45.58  1.4
45.59  1.44
45.6  1.41
45.61  1.43
45.62  1.43
45.63  1.53
45.64  1.44
45.65  1.35
45.66  1.48
45.67  1.46
45.68  1.34
45.69  1.54
45.7  1.39
45.71  1.45
45.72  1.48
45.73  1.5
45.74  1.44
45.75  1.39
45.76  1.43
45.77  1.43
45.78  1.48
45.79  1.45
45.8  1.43
45.81  1.44
45.82  1.43
45.83  1.4
45.84  1.42
45.85  1.6
45.86  1.42
45.87  1.44
45.88  1.4
45.89  1.45
45.9  1.44
45.91  1.45
45.92  1.43
45.93  1.45
45.94  1.46
45.95  1.41
45.96  1.5
45.97  1.38
45.98  1.45
45.99  1.44
46  1.39
46.01  1.43
46.02  1.47
46.03  1.47
46.04  1.46
46.05  1.43
46.06  1.48
46.07  1.37
46.08  1.4
46.09  1.6
46.1  1.37
46.11  1.42
46.12  1.41
46.13  1.49
46.14  1.51
46.15  1.41
46.16  1.46
46.17  1.45
46.18  1.41
46.19  1.42
46.2  1.48
46.21  1.42
46.22  1.49
46.23  1.46
46.24  1.48
46.25  1.45
46.26  1.47
46.27  1.42
46.28  1.45
46.29  1.39
46.3  1.47
46.31  1.43
46.32  1.47
46.33  1.45
46.34  1.46
46.35  1.33
46.36  1.45
46.37  1.55
46.38  1.45
46.39  1.46
46.4  1.49
46.41  1.47
46.42  1.47
46.43  1.45
46.44  1.43
46.45  1.4
46.46  1.44
46.47  1.42
46.48  1.45
46.49  1.45
46.5  1.47
46.51  1.49
46.52  1.41
46.53  1.48
46.54  1.47
46.55  1.45
46.56  1.42
46.57  1.5
46.58  1.38
46.59  1.46
46.6  1.38
46.61  1.52
46.62  1.48
46.63  1.47
46.64  1.38
46.65  1.43
46.66  1.5
46.67  1.39
46.68  1.42
46.69  1.41
46.7  1.49
46.71  1.43
46.72  1.55
46.73  1.41
46.74  1.34
46.75  1.43
46.76  1.52
46.77  1.44
46.78  1.4
46.79  1.42
46.8  1.49
46.81  1.37
46.82  1.48
46.83  1.54
46.84  1.37
46.85  1.47
46.86  1.4
46.87  1.47
46.88  1.36
46.89  1.46
46.9  1.45
46.91  1.47
46.92  1.41
46.93  1.41
46.94  1.45
46.95  1.46
46.96  1.5
46.97  1.4
46.98  1.45
46.99  1.47
47  1.48
47.01  1.42
47.02  1.48
47.03  1.38
47.04  1.44
47.05  1.44
47.06  1.5
47.07  1.35
47.08  1.39
47.09  1.51
47.1  1.44
47.11  1.44
47.12  1.44
47.13  1.4
47.14  1.53
47.15  1.38
47.16  1.47
47.17  1.43
47.18  1.46
47.19  1.45
47.2  1.49
47.21  1.46
47.22  1.45
47.23  1.45
47.24  1.43
47.25  1.48
47.26  1.49
47.27  1.37
47.28  1.47
47.29  1.37
47.3  1.45
47.31  1.53
47.32  1.44
47.33  1.45
47.34  1.43
47.35  1.41
47.36  1.48
47.37  1.47
47.38  1.43
47.39  1.42
47.4  1.52
47.41  1.47
47.42  1.44
47.43  1.47
47.44  1.4
47.45  1.46
47.46  1.51
47.47  1.47
47.48  1.44
47.49  1.45
47.5  1.53
47.51  1.31
47.52  1.5
47.53  1.37
47.54  1.47
47.55  1.4
47.56  1.47
47.57  1.42
47.58  1.45
47.59  1.5
47.6  1.45
47.61  1.48
47.62  1.34
47.63  1.49
47.64  1.4
47.65  1.44
47.66  1.44
47.67  1.46
47.68  1.45
47.69  1.43
47.7  1.42
47.71  1.53
47.72  1.44
47.73  1.45
47.74  1.41
47.75  1.51
47.76  1.41
47.77  1.44
47.78  1.48
47.79  1.39
47.8  1.4
47.81  1.46
47.82  1.41
47.83  1.47
47.84  1.5
47.85  1.34
47.86  1.47
47.87  1.37
47.88  1.4
47.89  1.45
47.9  1.49
47.91  1.48
47.92  1.43
47.93  1.5
47.94  1.38
47.95  1.45
47.96  1.44
47.97  1.38
47.98  1.45
47.99  1.45
48  1.5
48.01  1.43
48.02  1.44
48.03  1.39
48.04  1.45
48.05  1.52
48.06  1.39
48.07  1.5
48.08  1.42
48.09  1.47
48.1  1.5
48.11  1.41
48.12  1.39
48.13  1.46
48.14  1.48
48.15  1.49
48.16  1.42
48.17  1.41
48.18  1.46
48.19  1.41
48.2  1.5
48.21  1.34
48.22  1.49
48.23  1.48
48.24  1.44
48.25  1.49
48.26  1.43
48.27  1.45
48.28  1.48
48.29  1.49
48.3  1.45
48.31  1.39
48.32  1.44
48.33  1.41
48.34  1.51
48.35  1.41
48.36  1.46
48.37  1.43
48.38  1.5
48.39  1.46
48.4  1.45
48.41  1.4
48.42  1.48
48.43  1.44
48.44  1.51
48.45  1.46
48.46  1.42
48.47  1.47
48.48  1.47
48.49  1.55
48.5  1.38
48.51  1.45
48.52  1.36
48.53  1.47
48.54  1.46
48.55  1.47
48.56  1.49
48.57  1.38
48.58  1.42
48.59  1.41
48.6  1.49
48.61  1.46
48.62  1.4
48.63  1.43
48.64  1.53
48.65  1.36
48.66  1.52
48.67  1.42
48.68  1.44
48.69  1.47
48.7  1.41
48.71  1.44
48.72  1.42
48.73  1.48
48.74  1.39
48.75  1.42
48.76  1.44
48.77  1.49
48.78  1.41
48.79  1.54
48.8  1.35
48.81  1.47
48.82  1.42
48.83  1.48
48.84  1.4
48.85  1.46
48.86  1.48
48.87  1.36
48.88  1.37
48.89  1.49
48.9  1.53
48.91  1.44
48.92  1.38
48.93  1.43
48.94  1.55
48.95  1.37
48.96  1.38
48.97  1.53
48.98  1.43
48.99  1.44
49  1.4
49.01  1.43
49.02  1.46
49.03  1.46
49.04  1.41
49.05  1.39
49.06  1.55
49.07  1.38
49.08  1.47
49.09  1.52
49.1  1.34
49.11  1.48
49.12  1.42
49.13  1.5
49.14  1.41
49.15  1.46
49.16  1.47
49.17  1.46
49.18  1.44
49.19  1.48
49.2  1.46
49.21  1.5
49.22  1.4
49.23  1.44
49.24  1.42
49.25  1.43
49.26  1.47
49.27  1.46
49.28  1.53
49.29  1.4
49.3  1.46
49.31  1.44
49.32  1.39
49.33  1.45
49.34  1.48
49.35  1.5
49.36  1.46
49.37  1.37
49.38  1.5
49.39  1.43
49.4  1.51
49.41  1.4
49.42  1.48
49.43  1.35
49.44  1.56
49.45  1.44
49.46  1.4
49.47  1.52
49.48  1.48
49.49  1.35
49.5  1.46
49.51  1.47
49.52  1.46
49.53  1.47
49.54  1.44
49.55  1.5
49.56  1.44
49.57  1.39
49.58  1.55
49.59  1.46
49.6  1.37
49.61  1.43
49.62  1.5
49.63  1.43
49.64  1.4
49.65  1.47
49.66  1.38
49.67  1.4
49.68  1.41
49.69  1.5
49.7  1.47
49.71  1.43
49.72  1.39
49.73  1.44
49.74  1.48
49.75  1.49
49.76  1.45
49.77  1.45
49.78  1.48
49.79  1.41
49.8  1.44
49.81  1.4
49.82  1.37
49.83  1.41
49.84  1.45
49.85  1.4
49.86  1.47
49.87  1.43
49.88  1.47
49.89  1.45
49.9  1.45
49.91  1.35
49.92  1.48
49.93  1.47
49.94  1.41
49.95  1.34
49.96  1.47
49.97  1.56
49.98  1.45
49.99  1.48
50  1.41
50.01  1.44
50.02  1.43
50.03  1.36
50.04  1.47
50.05  1.53
50.06  1.36
50.07  1.42
50.08  1.46
50.09  1.5
50.1  1.42
50.11  1.4
50.12  1.45
50.13  1.38
50.14  1.48
50.15  1.53
50.16  1.38
50.17  1.39
50.18  1.52
50.19  1.4
50.2  1.47
50.21  1.52
50.22  1.43
50.23  1.4
50.24  1.47
50.25  1.46
50.26  1.46
50.27  1.44
50.28  1.49
50.29  1.45
50.3  1.46
50.31  1.51
50.32  1.41
50.33  1.47
50.34  1.46
50.35  1.45
50.36  1.49
50.37  1.47
50.38  1.4
50.39  1.45
50.4  1.5
50.41  1.4
50.42  1.42
50.43  1.45
50.44  1.51
50.45  1.44
50.46  1.47
50.47  1.46
50.48  1.46
50.49  1.38
50.5  1.47
50.51  1.41
50.52  1.49
50.53  1.43
50.54  1.43
50.55  1.47
50.56  1.46
50.57  1.51
50.58  1.42
50.59  1.46
50.6  1.43
50.61  1.44
50.62  1.48
50.63  1.45
50.64  1.48
50.65  1.39
50.66  1.45
50.67  1.47
50.68  1.45
50.69  1.49
50.7  1.37
50.71  1.42
50.72  1.51
50.73  1.4
50.74  1.43
50.75  1.39
50.76  1.43
50.77  1.45
50.78  1.41
50.79  1.44
50.8  1.47
50.81  1.46
50.82  1.37
50.83  1.39
50.84  1.5
50.85  1.48
50.86  1.41
50.87  1.37
50.88  1.47
50.89  1.42
50.9  1.45
50.91  1.47
50.92  1.4
50.93  1.43
50.94  1.42
50.95  1.55
50.96  1.42
50.97  1.48
50.98  1.34
50.99  1.41
51  1.39
51.01  1.51
51.02  1.4
51.03  1.48
51.04  1.46
51.05  1.45
51.06  1.42
51.07  1.44
51.08  1.41
51.09  1.47
51.1  1.4
51.11  1.46
51.12  1.58
51.13  1.38
51.14  1.41
51.15  1.39
51.16  1.56
51.17  1.31
51.18  1.48
51.19  1.48
51.2  1.4
51.21  1.43
51.22  1.46
51.23  1.47
51.24  1.44
51.25  1.5
51.26  1.49
51.27  1.48
51.28  1.42
51.29  1.42
51.3  1.44
51.31  1.47
51.32  1.46
51.33  1.44
51.34  1.41
51.35  1.48
51.36  1.45
51.37  1.47
51.38  1.45
51.39  1.42
51.4  1.46
51.41  1.44
51.42  1.49
51.43  1.47
51.44  1.47
51.45  1.51
51.46  1.45
51.47  1.45
51.48  1.48
51.49  1.44
51.5  1.42
51.51  1.46
51.52  1.43
51.53  1.45
51.54  1.47
51.55  1.4
51.56  1.47
51.57  1.5
51.58  1.47
51.59  1.38
51.6  1.4
51.61  1.41
51.62  1.52
51.63  1.4
51.64  1.54
51.65  1.42
51.66  1.43
51.67  1.52
51.68  1.33
51.69  1.52
51.7  1.42
51.71  1.48
51.72  1.39
51.73  1.47
51.74  1.41
51.75  1.43
51.76  1.46
51.77  1.45
51.78  1.44
51.79  1.46
51.8  1.42
51.81  1.47
51.82  1.4
51.83  1.39
51.84  1.54
51.85  1.43
51.86  1.4
51.87  1.47
51.88  1.47
51.89  1.33
51.9  1.5
51.91  1.48
51.92  1.44
51.93  1.43
51.94  1.42
51.95  1.46
51.96  1.41
51.97  1.39
51.98  1.46
51.99  1.4
52  1.38
52.01  1.42
52.02  1.54
52.03  1.48
52.04  1.45
52.05  1.49
52.06  1.38
52.07  1.49
52.08  1.35
52.09  1.41
52.1  1.53
52.11  1.4
52.12  1.5
52.13  1.42
52.14  1.46
52.15  1.47
52.16  1.47
52.17  1.36
52.18  1.51
52.19  1.44
52.2  1.43
52.21  1.54
52.22  1.41
52.23  1.47
52.24  1.46
52.25  1.4
52.26  1.45
52.27  1.43
52.28  1.45
52.29  1.47
52.3  1.5
52.31  1.38
52.32  1.43
52.33  1.38
52.34  1.47
52.35  1.5
52.36  1.47
52.37  1.45
52.38  1.42
52.39  1.53
52.4  1.36
52.41  1.43
52.42  1.47
52.43  1.45
52.44  1.41
52.45  1.56
52.46  1.4
52.47  1.52
52.48  1.42
52.49  1.42
52.5  1.5
52.51  1.47
52.52  1.5
52.53  1.4
52.54  1.44
52.55  1.49
52.56  1.43
52.57  1.48
52.58  1.37
52.59  1.54
52.6  1.37
52.61  1.4
52.62  1.47
52.63  1.42
52.64  1.47
52.65  1.45
52.66  1.48
52.67  1.45
52.68  1.39
52.69  1.42
52.7  1.52
52.71  1.39
52.72  1.46
52.73  1.46
52.74  1.37
52.75  1.48
52.76  1.44
52.77  1.52
52.78  1.35
52.79  1.44
52.8  1.45
52.81  1.45
52.82  1.39
52.83  1.47
52.84  1.41
52.85  1.47
52.86  1.51
52.87  1.4
52.88  1.48
52.89  1.39
52.9  1.41
52.91  1.5
52.92  1.47
52.93  1.4
52.94  1.39
52.95  1.52
52.96  1.46
52.97  1.48
52.98  1.35
52.99  1.47
53  1.52
53.01  1.46
53.02  1.4
53.03  1.38
53.04  1.41
53.05  1.47
53.06  1.41
53.07  1.4
53.08  1.46
53.09  1.47
53.1  1.44
53.11  1.38
53.12  1.53
53.13  1.45
53.14  1.36
53.15  1.53
53.16  1.46
53.17  1.43
53.18  1.5
53.19  1.46
53.2  1.47
53.21  1.41
53.22  1.4
53.23  1.45
53.24  1.49
53.25  1.43
53.26  1.45
53.27  1.43
53.28  1.48
53.29  1.46
53.3  1.46
53.31  1.4
53.32  1.46
53.33  1.42
53.34  1.45
53.35  1.51
53.36  1.45
53.37  1.42
53.38  1.39
53.39  1.47
53.4  1.41
53.41  1.55
53.42  1.38
53.43  1.46
53.44  1.42
53.45  1.42
53.46  1.52
53.47  1.43
53.48  1.53
53.49  1.4
53.5  1.44
53.51  1.4
53.52  1.49
53.53  1.42
53.54  1.42
53.55  1.41
53.56  1.55
53.57  1.43
53.58  1.45
53.59  1.44
53.6  1.43
53.61  1.44
53.62  1.48
53.63  1.43
53.64  1.49
53.65  1.39
53.66  1.42
53.67  1.36
53.68  1.56
53.69  1.41
53.7  1.46
53.71  1.43
53.72  1.46
53.73  1.48
53.74  1.39
53.75  1.41
53.76  1.53
53.77  1.37
53.78  1.51
53.79  1.43
53.8  1.41
53.81  1.48
53.82  1.41
53.83  1.45
53.84  1.47
53.85  1.42
53.86  1.42
53.87  1.47
53.88  1.43
53.89  1.46
53.9  1.47
53.91  1.4
53.92  1.39
53.93  1.46
53.94  1.4
53.95  1.5
53.96  1.46
53.97  1.44
53.98  1.37
53.99  1.44
54  1.46
54.01  1.5
54.02  1.43
54.03  1.46
54.04  1.4
54.05  1.43
54.06  1.56
54.07  1.46
54.08  1.42
54.09  1.52
54.1  1.39
54.11  1.4
54.12  1.52
54.13  1.38
54.14  1.44
54.15  1.4
54.16  1.48
54.17  1.51
54.18  1.37
54.19  1.5
54.2  1.41
54.21  1.49
54.22  1.43
54.23  1.48
54.24  1.46
54.25  1.4
54.26  1.45
54.27  1.38
54.28  1.46
54.29  1.45
54.3  1.48
54.31  1.41
54.32  1.43
54.33  1.53
54.34  1.44
54.35  1.46
54.36  1.49
54.37  1.41
54.38  1.46
54.39  1.42
54.4  1.45
54.41  1.35
54.42  1.46
54.43  1.43
54.44  1.51
54.45  1.48
54.46  1.5
54.47  1.45
54.48  1.44
54.49  1.44
54.5  1.44
54.51  1.41
54.52  1.48
54.53  1.36
54.54  1.41
54.55  1.53
54.56  1.38
54.57  1.51
54.58  1.38
54.59  1.4
54.6  1.5
54.61  1.43
54.62  1.49
54.63  1.45
54.64  1.4
54.65  1.46
54.66  1.4
54.67  1.45
54.68  1.48
54.69  1.52
54.7  1.42
54.71  1.42
54.72  1.42
54.73  1.43
54.74  1.44
54.75  1.45
54.76  1.53
54.77  1.45
54.78  1.42
54.79  1.46
54.8  1.39
54.81  1.49
54.82  1.46
54.83  1.45
54.84  1.34
54.85  1.53
54.86  1.41
54.87  1.41
54.88  1.46
54.89  1.47
54.9  1.51
54.91  1.41
54.92  1.4
54.93  1.47
54.94  1.42
54.95  1.46
54.96  1.48
54.97  1.5
54.98  1.41
54.99  1.44
55  1.43
55.01  1.4
55.02  1.5
55.03  1.38
55.04  1.49
55.05  1.41
55.06  1.49
55.07  1.49
55.08  1.43
55.09  1.48
55.1  1.41
55.11  1.52
55.12  1.41
55.13  1.44
55.14  1.47
55.15  1.5
55.16  1.42
55.17  1.46
55.18  1.41
55.19  1.48
55.2  1.48
55.21  1.41
55.22  1.42
55.23  1.46
55.24  1.45
55.25  1.38
55.26  1.5
55.27  1.44
55.28  1.43
55.29  1.43
55.3  1.39
55.31  1.5
55.32  1.52
55.33  1.39
55.34  1.45
55.35  1.44
55.36  1.5
55.37  1.41
55.38  1.4
55.39  1.4
55.4  1.47
55.41  1.42
55.42  1.52
55.43  1.53
55.44  1.38
55.45  1.46
55.46  1.45
55.47  1.37
55.48  1.45
55.49  1.44
55.5  1.41
55.51  1.45
55.52  1.4
55.53  1.44
55.54  1.48
55.55  1.52
55.56  1.46
55.57  1.46
55.58  1.46
55.59  1.41
55.6  1.43
55.61  1.45
55.62  1.4
55.63  1.38
55.64  1.47
55.65  1.4
55.66  1.54
55.67  1.39
55.68  1.39
55.69  1.46
55.7  1.47
55.71  1.45
55.72  1.4
55.73  1.41
55.74  1.56
55.75  1.44
55.76  1.42
55.77  1.45
55.78  1.48
55.79  1.44
55.8  1.51
55.81  1.33
55.82  1.49
55.83  1.48
55.84  1.36
55.85  1.48
55.86  1.39
55.87  1.52
55.88  1.44
55.89  1.35
55.9  1.45
55.91  1.52
55.92  1.45
55.93  1.48
55.94  1.38
55.95  1.52
55.96  1.49
55.97  1.39
55.98  1.46
55.99  1.46
56  1.45
56.01  1.48
56.02  1.45
56.03  1.43
56.04  1.45
56.05  1.44
56.06  1.48
56.07  1.38
56.08  1.47
56.09  1.45
56.1  1.49
56.11  1.43
56.12  1.48
56.13  1.38
56.14  1.49
56.15  1.43
56.16  1.45
56.17  1.4
56.18  1.51
56.19  1.48
56.2  1.39
56.21  1.43
56.22  1.43
56.23  1.45
56.24  1.43
56.25  1.54
56.26  1.4
56.27  1.5
56.28  1.43
56.29  1.4
56.3  1.45
56.31  1.41
56.32  1.44
56.33  1.46
56.34  1.46
56.35  1.38
56.36  1.52
56.37  1.4
56.38  1.48
56.39  1.34
56.4  1.53
56.41  1.55
56.42  1.42
56.43  1.4
56.44  1.45
56.45  1.33
56.46  1.53
56.47  1.48
56.48  1.37
56.49  1.5
56.5  1.44
56.51  1.43
56.52  1.37
56.53  1.49
56.54  1.45
56.55  1.38
56.56  1.51
56.57  1.31
56.58  1.53
56.59  1.45
56.6  1.43
56.61  1.37
56.62  1.45
56.63  1.48
56.64  1.41
56.65  1.51
56.66  1.48
56.67  1.44
56.68  1.41
56.69  1.47
56.7  1.46
56.71  1.45
56.72  1.42
56.73  1.42
56.74  1.4
56.75  1.44
56.76  1.48
56.77  1.47
56.78  1.48
56.79  1.44
56.8  1.46
56.81  1.41
56.82  1.38
56.83  1.45
56.84  1.46
56.85  1.52
56.86  1.44
56.87  1.42
56.88  1.42
56.89  1.43
56.9  1.46
56.91  1.38
56.92  1.48
56.93  1.46
56.94  1.41
56.95  1.46
56.96  1.58
56.97  1.44
56.98  1.38
56.99  1.43
57  1.45
57.01  1.54
57.02  1.38
57.03  1.43
57.04  1.54
57.05  1.45
57.06  1.39
57.07  1.58
57.08  1.38
57.09  1.49
57.1  1.4
57.11  1.4
57.12  1.46
57.13  1.45
57.14  1.53
57.15  1.39
57.16  1.4
57.17  1.48
57.18  1.39
57.19  1.44
57.2  1.43
57.21  1.5
57.22  1.4
57.23  1.42
57.24  1.44
57.25  1.42
57.26  1.54
57.27  1.44
57.28  1.4
57.29  1.44
57.3  1.47
57.31  1.51
57.32  1.41
57.33  1.44
57.34  1.49
57.35  1.42
57.36  1.38
57.37  1.53
57.38  1.49
57.39  1.37
57.4  1.45
57.41  1.41
57.42  1.46
57.43  1.48
57.44  1.41
57.45  1.46
57.46  1.44
57.47  1.42
57.48  1.44
57.49  1.47
57.5  1.44
57.51  1.41
57.52  1.46
57.53  1.46
57.54  1.44
57.55  1.46
57.56  1.4
57.57  1.43
57.58  1.47
57.59  1.46
57.6  1.49
57.61  1.4
57.62  1.44
57.63  1.45
57.64  1.42
57.65  1.46
57.66  1.44
57.67  1.41
57.68  1.51
57.69  1.43
57.7  1.38
57.71  1.5
57.72  1.45
57.73  1.46
57.74  1.46
57.75  1.42
57.76  1.47
57.77  1.46
57.78  1.45
57.79  1.36
57.8  1.51
57.81  1.47
57.82  1.42
57.83  1.53
57.84  1.42
57.85  1.42
57.86  1.46
57.87  1.47
57.88  1.48
57.89  1.38
57.9  1.45
57.91  1.45
57.92  1.49
57.93  1.39
57.94  1.42
57.95  1.46
57.96  1.47
57.97  1.57
57.98  1.35
57.99  1.47
58  1.35
58.01  1.47
58.02  1.48
58.03  1.42
58.04  1.51
58.05  1.42
58.06  1.42
58.07  1.5
58.08  1.45
58.09  1.41
58.1  1.43
58.11  1.51
58.12  1.32
58.13  1.48
58.14  1.46
58.15  1.51
58.16  1.36
58.17  1.48
58.18  1.47
58.19  1.41
58.2  1.51
58.21  1.42
58.22  1.46
58.23  1.47
58.24  1.41
58.25  1.49
58.26  1.44
58.27  1.43
58.28  1.4
58.29  1.38
58.3  1.49
58.31  1.42
58.32  1.48
58.33  1.43
58.34  1.52
58.35  1.47
58.36  1.36
58.37  1.5
58.38  1.44
58.39  1.41
58.4  1.43
58.41  1.47
58.42  1.41
58.43  1.46
58.44  1.43
58.45  1.39
58.46  1.46
58.47  1.46
58.48  1.46
58.49  1.45
58.5  1.43
58.51  1.5
58.52  1.44
58.53  1.38
58.54  1.48
58.55  1.36
58.56  1.52
58.57  1.47
58.58  1.43
58.59  1.44
58.6  1.48
58.61  1.45
58.62  1.4
58.63  1.44
58.64  1.52
58.65  1.42
58.66  1.37
58.67  1.52
58.68  1.46
58.69  1.45
58.7  1.47
58.71  1.38
58.72  1.45
58.73  1.48
58.74  1.44
58.75  1.4
58.76  1.46
58.77  1.4
58.78  1.52
58.79  1.42
58.8  1.46
58.81  1.44
58.82  1.45
58.83  1.41
58.84  1.43
58.85  1.46
58.86  1.47
58.87  1.41
58.88  1.49
58.89  1.41
58.9  1.48
58.91  1.39
58.92  1.53
58.93  1.43
58.94  1.4
58.95  1.43
58.96  1.46
58.97  1.52
58.98  1.43
58.99  1.5
59  1.43
59.01  1.45
59.02  1.45
59.03  1.42
59.04  1.41
59.05  1.41
59.06  1.46
59.07  1.51
59.08  1.41
59.09  1.44
59.1  1.42
59.11  1.47
59.12  1.32
59.13  1.49
59.14  1.41
59.15  1.45
59.16  1.53
59.17  1.43
59.18  1.56
59.19  1.3
59.2  1.52
59.21  1.44
59.22  1.38
59.23  1.51
59.24  1.4
59.25  1.46
59.26  1.42
59.27  1.41
59.28  1.44
59.29  1.42
59.3  1.49
59.31  1.55
59.32  1.35
59.33  1.5
59.34  1.44
59.35  1.54
59.36  1.42
59.37  1.39
59.38  1.44
59.39  1.45
59.4  1.51
59.41  1.35
59.42  1.43
59.43  1.46
59.44  1.43
59.45  1.4
59.46  1.51
59.47  1.46
59.48  1.48
59.49  1.47
59.5  1.44
59.51  1.38
59.52  1.49
59.53  1.44
59.54  1.44
59.55  1.39
59.56  1.49
59.57  1.38
59.58  1.49
59.59  1.46
59.6  1.44
59.61  1.47
59.62  1.41
59.63  1.47
59.64  1.42
59.65  1.37
59.66  1.5
59.67  1.48
59.68  1.48
59.69  1.47
59.7  1.39
59.71  1.45
59.72  1.42
59.73  1.46
59.74  1.42
59.75  1.45
59.76  1.44
59.77  1.51
59.78  1.48
59.79  1.39
59.8  1.42
59.81  1.43
59.82  1.45
59.83  1.4
59.84  1.53
59.85  1.42
59.86  1.44
59.87  1.48
59.88  1.41
59.89  1.46
59.9  1.41
59.91  1.43
59.92  1.4
59.93  1.55
59.94  1.47
59.95  1.39
59.96  1.46
59.97  1.44
59.98  1.43
59.99  1.42
