-15  0
-14.99  0
-14.98  0.01
-14.97  0
-14.96  0.01
-14.95  0.02
-14.94  0.01
-14.93  0.01
-14.92  0.03
-14.91  0.02
-14.9  0.02
-14.89  0.02
-14.88  0.03
-14.87  0.02
-14.86  0.05
-14.85  0.02
-14.84  0.03
-14.83  0.04
-14.82  0.03
-14.81  0.04
-14.8  0.05
-14.79  0.04
-14.78  0.04
-14.77  0.03
-14.76  0.06
-14.75  0.04
-14.74  0.05
-14.73  0.04
-14.72  0.07
-14.71  0.03
-14.7  0.05
-14.69  0.07
-14.68  0.05
-14.67  0.05
-14.66  0.05
-14.65  0.05
-14.64  0.07
-14.63  0.07
-14.62  0.05
-14.61  0.06
-14.6  0.06
-14.59  0.05
-14.58  0.07
-14.57  0.06
-14.56  0.08
-14.55  0.07
-14.54  0.05
-14.53  0.07
-14.52  0.07
-14.51  0.07
-14.5  0.07
-14.49  0.08
-14.48  0.06
-14.47  0.08
-14.46  0.07
-14.45  0.07
-14.44  0.08
-14.43  0.06
-14.42  0.07
-14.41  0.09
-14.4  0.07
-14.39  0.08
-14.38  0.09
-14.37  0.08
-14.36  0.07
-14.35  0.07
-14.34  0.08
-14.33  0.09
-14.32  0.08
-14.31  0.08
-14.3  0.08
-14.29  0.09
-14.28  0.08
-14.27  0.08
-14.26  0.09
-14.25  0.08
-14.24  0.09
-14.23  0.09
-14.22  0.07
-14.21  0.09
-14.2  0.07
-14.19  0.09
-14.18  0.11
-14.17  0.09
-14.16  0.1
-14.15  0.08
-14.14  0.07
-14.13  0.1
-14.12  0.08
-14.11  0.11
-14.1  0.07
-14.09  0.1
-14.08  0.09
-14.07  0.08
-14.06  0.11
-14.05  0.09
-14.04  0.1
-14.03  0.08
-14.02  0.11
-14.01  0.08
-14  0.1
-13.99  0.08
-13.98  0.09
-13.97  0.11
-13.96  0.09
-13.95  0.09
-13.94  0.12
-13.93  0.09
-13.92  0.09
-13.91  0.09
-13.9  0.09
-13.89  0.11
-13.88  0.11
-13.87  0.07
-13.86  0.1
-13.85  0.1
-13.84  0.11
-13.83  0.1
-13.82  0.09
-13.81  0.11
-13.8  0.09
-13.79  0.11
-13.78  0.08
-13.77  0.11
-13.76  0.09
-13.75  0.09
-13.74  0.11
-13.73  0.1
-13.72  0.1
-13.71  0.1
-13.7  0.09
-13.69  0.13
-13.68  0.09
-13.67  0.11
-13.66  0.09
-13.65  0.1
-13.64  0.1
-13.63  0.09
-13.62  0.1
-13.61  0.09
-13.6  0.13
-13.59  0.11
-13.58  0.08
-13.57  0.12
-13.56  0.1
-13.55  0.08
-13.54  0.13
-13.53  0.11
-13.52  0.08
-13.51  0.08
-13.5  0.13
-13.49  0.1
-13.48  0.1
-13.47  0.12
-13.46  0.08
-13.45  0.11
-13.44  0.11
-13.43  0.1
-13.42  0.12
-13.41  0.1
-13.4  0.11
-13.39  0.08
-13.38  0.1
-13.37  0.13
-13.36  0.1
-13.35  0.09
-13.34  0.11
-13.33  0.07
-13.32  0.12
-13.31  0.12
-13.3  0.11
-13.29  0.11
-13.28  0.11
-13.27  0.09
-13.26  0.11
-13.25  0.1
-13.24  0.09
-13.23  0.11
-13.22  0.1
-13.21  0.12
-13.2  0.12
-13.19  0.09
-13.18  0.09
-13.17  0.11
-13.16  0.1
-13.15  0.13
-13.14  0.12
-13.13  0.09
-13.12  0.1
-13.11  0.11
-13.1  0.08
-13.09  0.11
-13.08  0.12
-13.07  0.09
-13.06  0.11
-13.05  0.11
-13.04  0.1
-13.03  0.11
-13.02  0.1
-13.01  0.14
-13  0.09
-12.99  0.09
-12.98  0.1
-12.97  0.12
-12.96  0.11
-12.95  0.1
-12.94  0.09
-12.93  0.12
-12.92  0.09
-12.91  0.12
-12.9  0.11
-12.89  0.09
-12.88  0.11
-12.87  0.1
-12.86  0.13
-12.85  0.12
-12.84  0.09
-12.83  0.09
-12.82  0.1
-12.81  0.13
-12.8  0.1
-12.79  0.12
-12.78  0.09
-12.77  0.11
-12.76  0.09
-12.75  0.1
-12.74  0.11
-12.73  0.12
-12.72  0.09
-12.71  0.15
-12.7  0.11
-12.69  0.08
-12.68  0.11
-12.67  0.12
-12.66  0.08
-12.65  0.12
-12.64  0.09
-12.63  0.1
-12.62  0.12
-12.61  0.09
-12.6  0.12
-12.59  0.11
-12.58  0.09
-12.57  0.13
-12.56  0.11
-12.55  0.13
-12.54  0.08
-12.53  0.1
-12.52  0.08
-12.51  0.12
-12.5  0.1
-12.49  0.13
-12.48  0.09
-12.47  0.13
-12.46  0.08
-12.45  0.09
-12.44  0.13
-12.43  0.1
-12.42  0.12
-12.41  0.11
-12.4  0.11
-12.39  0.1
-12.38  0.11
-12.37  0.1
-12.36  0.11
-12.35  0.1
-12.34  0.09
-12.33  0.14
-12.32  0.1
-12.31  0.11
-12.3  0.09
-12.29  0.1
-12.28  0.12
-12.27  0.1
-12.26  0.13
-12.25  0.1
-12.24  0.09
-12.23  0.11
-12.22  0.13
-12.21  0.1
-12.2  0.08
-12.19  0.12
-12.18  0.11
-12.17  0.11
-12.16  0.11
-12.15  0.1
-12.14  0.12
-12.13  0.06
-12.12  0.13
-12.11  0.09
-12.1  0.14
-12.09  0.09
-12.08  0.09
-12.07  0.11
-12.06  0.13
-12.05  0.1
-12.04  0.11
-12.03  0.12
-12.02  0.11
-12.01  0.11
-12  0.07
-11.99  0.13
-11.98  0.07
-11.97  0.14
-11.96  0.1
-11.95  0.08
-11.94  0.12
-11.93  0.13
-11.92  0.12
-11.91  0.08
-11.9  0.11
-11.89  0.12
-11.88  0.1
-11.87  0.08
-11.86  0.13
-11.85  0.13
-11.84  0.08
-11.83  0.09
-11.82  0.13
-11.81  0.1
-11.8  0.12
-11.79  0.07
-11.78  0.12
-11.77  0.11
-11.76  0.1
-11.75  0.13
-11.74  0.11
-11.73  0.1
-11.72  0.1
-11.71  0.09
-11.7  0.14
-11.69  0.11
-11.68  0.1
-11.67  0.1
-11.66  0.09
-11.65  0.1
-11.64  0.1
-11.63  0.12
-11.62  0.14
-11.61  0.07
-11.6  0.11
-11.59  0.12
-11.58  0.1
-11.57  0.07
-11.56  0.15
-11.55  0.09
-11.54  0.13
-11.53  0.12
-11.52  0.12
-11.51  0.1
-11.5  0.08
-11.49  0.1
-11.48  0.08
-11.47  0.13
-11.46  0.1
-11.45  0.12
-11.44  0.12
-11.43  0.08
-11.42  0.13
-11.41  0.11
-11.4  0.08
-11.39  0.11
-11.38  0.1
-11.37  0.14
-11.36  0.11
-11.35  0.11
-11.34  0.09
-11.33  0.09
-11.32  0.11
-11.31  0.12
-11.3  0.1
-11.29  0.08
-11.28  0.12
-11.27  0.1
-11.26  0.15
-11.25  0.08
-11.24  0.1
-11.23  0.1
-11.22  0.13
-11.21  0.09
-11.2  0.11
-11.19  0.14
-11.18  0.1
-11.17  0.11
-11.16  0.09
-11.15  0.1
-11.14  0.1
-11.13  0.12
-11.12  0.1
-11.11  0.1
-11.1  0.1
-11.09  0.07
-11.08  0.13
-11.07  0.16
-11.06  0.11
-11.05  0.1
-11.04  0.08
-11.03  0.11
-11.02  0.12
-11.01  0.09
-11  0.12
-10.99  0.08
-10.98  0.11
-10.97  0.13
-10.96  0.11
-10.95  0.09
-10.94  0.12
-10.93  0.1
-10.92  0.1
-10.91  0.11
-10.9  0.09
-10.89  0.12
-10.88  0.1
-10.87  0.11
-10.86  0.09
-10.85  0.12
-10.84  0.09
-10.83  0.13
-10.82  0.11
-10.81  0.15
-10.8  0.1
-10.79  0.1
-10.78  0.08
-10.77  0.11
-10.76  0.09
-10.75  0.13
-10.74  0.09
-10.73  0.1
-10.72  0.1
-10.71  0.12
-10.7  0.1
-10.69  0.12
-10.68  0.09
-10.67  0.13
-10.66  0.1
-10.65  0.12
-10.64  0.11
-10.63  0.11
-10.62  0.11
-10.61  0.08
-10.6  0.1
-10.59  0.11
-10.58  0.12
-10.57  0.08
-10.56  0.12
-10.55  0.12
-10.54  0.11
-10.53  0.09
-10.52  0.09
-10.51  0.07
-10.5  0.15
-10.49  0.13
-10.48  0.12
-10.47  0.09
-10.46  0.11
-10.45  0.12
-10.44  0.13
-10.43  0.07
-10.42  0.09
-10.41  0.12
-10.4  0.08
-10.39  0.12
-10.38  0.11
-10.37  0.09
-10.36  0.12
-10.35  0.11
-10.34  0.13
-10.33  0.09
-10.32  0.11
-10.31  0.09
-10.3  0.1
-10.29  0.1
-10.28  0.12
-10.27  0.12
-10.26  0.12
-10.25  0.11
-10.24  0.09
-10.23  0.12
-10.22  0.07
-10.21  0.13
-10.2  0.11
-10.19  0.09
-10.18  0.12
-10.17  0.11
-10.16  0.11
-10.15  0.08
-10.14  0.12
-10.13  0.11
-10.12  0.1
-10.11  0.09
-10.1  0.13
-10.09  0.09
-10.08  0.12
-10.07  0.12
-10.06  0.08
-10.05  0.14
-10.04  0.1
-10.03  0.09
-10.02  0.13
-10.01  0.1
-10  0.1
-9.99  0.09
-9.98  0.14
-9.97  0.08
-9.96  0.14
-9.95  0.07
-9.94  0.13
-9.93  0.07
-9.92  0.1
-9.91  0.11
-9.9  0.12
-9.89  0.12
-9.88  0.1
-9.87  0.09
-9.86  0.15
-9.85  0.14
-9.84  0.08
-9.83  0.07
-9.82  0.1
-9.81  0.13
-9.8  0.11
-9.79  0.13
-9.78  0.09
-9.77  0.09
-9.76  0.08
-9.75  0.11
-9.74  0.1
-9.73  0.12
-9.72  0.11
-9.71  0.12
-9.7  0.12
-9.69  0.08
-9.68  0.13
-9.67  0.11
-9.66  0.1
-9.65  0.12
-9.64  0.09
-9.63  0.1
-9.62  0.1
-9.61  0.09
-9.6  0.14
-9.59  0.1
-9.58  0.12
-9.57  0.09
-9.56  0.11
-9.55  0.12
-9.54  0.09
-9.53  0.1
-9.52  0.09
-9.51  0.12
-9.5  0.11
-9.49  0.09
-9.48  0.11
-9.47  0.1
-9.46  0.13
-9.45  0.15
-9.44  0.09
-9.43  0.1
-9.42  0.09
-9.41  0.12
-9.4  0.11
-9.39  0.1
-9.38  0.13
-9.37  0.07
-9.36  0.08
-9.35  0.14
-9.34  0.1
-9.33  0.12
-9.32  0.1
-9.31  0.1
-9.3  0.13
-9.29  0.08
-9.28  0.13
-9.27  0.08
-9.26  0.1
-9.25  0.12
-9.24  0.11
-9.23  0.14
-9.22  0.09
-9.21  0.11
-9.2  0.1
-9.19  0.07
-9.18  0.16
-9.17  0.09
-9.16  0.11
-9.15  0.11
-9.14  0.08
-9.13  0.1
-9.12  0.11
-9.11  0.1
-9.1  0.09
-9.09  0.13
-9.08  0.1
-9.07  0.15
-9.06  0.11
-9.05  0.07
-9.04  0.14
-9.03  0.11
-9.02  0.07
-9.01  0.15
-9  0.09
-8.99  0.12
-8.98  0.08
-8.97  0.12
-8.96  0.07
-8.95  0.12
-8.94  0.12
-8.93  0.1
-8.92  0.08
-8.91  0.12
-8.9  0.12
-8.89  0.15
-8.88  0.05
-8.87  0.12
-8.86  0.12
-8.85  0.09
-8.84  0.1
-8.83  0.11
-8.82  0.1
-8.81  0.15
-8.8  0.08
-8.79  0.09
-8.78  0.13
-8.77  0.1
-8.76  0.13
-8.75  0.08
-8.74  0.1
-8.73  0.11
-8.72  0.09
-8.71  0.12
-8.7  0.1
-8.69  0.12
-8.68  0.09
-8.67  0.13
-8.66  0.11
-8.65  0.08
-8.64  0.13
-8.63  0.11
-8.62  0.1
-8.61  0.1
-8.6  0.1
-8.59  0.14
-8.58  0.06
-8.57  0.12
-8.56  0.13
-8.55  0.09
-8.54  0.15
-8.53  0.07
-8.52  0.13
-8.51  0.08
-8.5  0.11
-8.49  0.09
-8.48  0.11
-8.47  0.08
-8.46  0.12
-8.45  0.11
-8.44  0.12
-8.43  0.13
-8.42  0.07
-8.41  0.15
-8.4  0.08
-8.39  0.09
-8.38  0.12
-8.37  0.12
-8.36  0.12
-8.35  0.13
-8.34  0.08
-8.33  0.11
-8.32  0.1
-8.31  0.08
-8.3  0.11
-8.29  0.12
-8.28  0.08
-8.27  0.12
-8.26  0.11
-8.25  0.12
-8.24  0.1
-8.23  0.1
-8.22  0.12
-8.21  0.1
-8.2  0.09
-8.19  0.13
-8.18  0.12
-8.17  0.07
-8.16  0.12
-8.15  0.09
-8.14  0.11
-8.13  0.09
-8.12  0.17
-8.11  0.1
-8.1  0.08
-8.09  0.1
-8.08  0.14
-8.07  0.08
-8.06  0.07
-8.05  0.1
-8.04  0.11
-8.03  0.17
-8.02  0.08
-8.01  0.14
-8  0.08
-7.99  0.1
-7.98  0.11
-7.97  0.09
-7.96  0.14
-7.95  0.13
-7.94  0.1
-7.93  0.1
-7.92  0.14
-7.91  0.07
-7.9  0.1
-7.89  0.09
-7.88  0.09
-7.87  0.12
-7.86  0.08
-7.85  0.13
-7.84  0.1
-7.83  0.11
-7.82  0.11
-7.81  0.13
-7.8  0.1
-7.79  0.09
-7.78  0.13
-7.77  0.1
-7.76  0.09
-7.75  0.11
-7.74  0.11
-7.73  0.07
-7.72  0.14
-7.71  0.09
-7.7  0.13
-7.69  0.1
-7.68  0.11
-7.67  0.17
-7.66  0.1
-7.65  0.08
-7.64  0.09
-7.63  0.11
-7.62  0.09
-7.61  0.09
-7.6  0.11
-7.59  0.09
-7.58  0.08
-7.57  0.13
-7.56  0.14
-7.55  0.09
-7.54  0.13
-7.53  0.11
-7.52  0.09
-7.51  0.09
-7.5  0.13
-7.49  0.15
-7.48  0.09
-7.47  0.11
-7.46  0.1
-7.45  0.09
-7.44  0.09
-7.43  0.13
-7.42  0.08
-7.41  0.09
-7.4  0.16
-7.39  0.09
-7.38  0.13
-7.37  0.08
-7.36  0.09
-7.35  0.08
-7.34  0.11
-7.33  0.13
-7.32  0.12
-7.31  0.09
-7.3  0.14
-7.29  0.07
-7.28  0.12
-7.27  0.1
-7.26  0.15
-7.25  0.11
-7.24  0.08
-7.23  0.15
-7.22  0.1
-7.21  0.05
-7.2  0.11
-7.19  0.09
-7.18  0.12
-7.17  0.14
-7.16  0.05
-7.15  0.16
-7.14  0.07
-7.13  0.11
-7.12  0.1
-7.11  0.15
-7.1  0.09
-7.09  0.11
-7.08  0.12
-7.07  0.08
-7.06  0.09
-7.05  0.13
-7.04  0.09
-7.03  0.14
-7.02  0.11
-7.01  0.11
-7  0.09
-6.99  0.14
-6.98  0.07
-6.97  0.09
-6.96  0.13
-6.95  0.09
-6.94  0.13
-6.93  0.09
-6.92  0.12
-6.91  0.1
-6.9  0.09
-6.89  0.11
-6.88  0.1
-6.87  0.07
-6.86  0.12
-6.85  0.12
-6.84  0.12
-6.83  0.07
-6.82  0.15
-6.81  0.14
-6.8  0.1
-6.79  0.1
-6.78  0.11
-6.77  0.09
-6.76  0.12
-6.75  0.1
-6.74  0.11
-6.73  0.09
-6.72  0.09
-6.71  0.11
-6.7  0.15
-6.69  0.09
-6.68  0.07
-6.67  0.15
-6.66  0.08
-6.65  0.12
-6.64  0.12
-6.63  0.07
-6.62  0.11
-6.61  0.07
-6.6  0.13
-6.59  0.14
-6.58  0.1
-6.57  0.11
-6.56  0.13
-6.55  0.08
-6.54  0.1
-6.53  0.17
-6.52  0.08
-6.51  0.11
-6.5  0.11
-6.49  0.1
-6.48  0.11
-6.47  0.04
-6.46  0.12
-6.45  0.09
-6.44  0.17
-6.43  0.1
-6.42  0.08
-6.41  0.13
-6.4  0.08
-6.39  0.09
-6.38  0.09
-6.37  0.18
-6.36  0.08
-6.35  0.13
-6.34  0.1
-6.33  0.12
-6.32  0.11
-6.31  0.09
-6.3  0.1
-6.29  0.13
-6.28  0.08
-6.27  0.1
-6.26  0.08
-6.25  0.12
-6.24  0.08
-6.23  0.12
-6.22  0.11
-6.21  0.15
-6.2  0.07
-6.19  0.12
-6.18  0.13
-6.17  0.1
-6.16  0.09
-6.15  0.11
-6.14  0.11
-6.13  0.1
-6.12  0.09
-6.11  0.12
-6.1  0.08
-6.09  0.12
-6.08  0.13
-6.07  0.11
-6.06  0.1
-6.05  0.16
-6.04  0.07
-6.03  0.1
-6.02  0.12
-6.01  0.09
-6  0.13
-5.99  0.11
-5.98  0.09
-5.97  0.08
-5.96  0.1
-5.95  0.12
-5.94  0.09
-5.93  0.1
-5.92  0.1
-5.91  0.15
-5.9  0.08
-5.89  0.14
-5.88  0.07
-5.87  0.12
-5.86  0.15
-5.85  0.08
-5.84  0.11
-5.83  0.11
-5.82  0.1
-5.81  0.08
-5.8  0.09
-5.79  0.16
-5.78  0.08
-5.77  0.13
-5.76  0.09
-5.75  0.14
-5.74  0.1
-5.73  0.1
-5.72  0.07
-5.71  0.12
-5.7  0.11
-5.69  0.07
-5.68  0.16
-5.67  0.08
-5.66  0.1
-5.65  0.11
-5.64  0.11
-5.63  0.11
-5.62  0.1
-5.61  0.14
-5.6  0.1
-5.59  0.12
-5.58  0.11
-5.57  0.11
-5.56  0.12
-5.55  0.07
-5.54  0.13
-5.53  0.07
-5.52  0.12
-5.51  0.1
-5.5  0.11
-5.49  0.06
-5.48  0.12
-5.47  0.14
-5.46  0.09
-5.45  0.08
-5.44  0.13
-5.43  0.12
-5.42  0.1
-5.41  0.13
-5.4  0.09
-5.39  0.12
-5.38  0.1
-5.37  0.08
-5.36  0.11
-5.35  0.11
-5.34  0.14
-5.33  0.09
-5.32  0.12
-5.31  0.09
-5.3  0.14
-5.29  0.08
-5.28  0.12
-5.27  0.09
-5.26  0.11
-5.25  0.11
-5.24  0.09
-5.23  0.12
-5.22  0.08
-5.21  0.13
-5.2  0.09
-5.19  0.1
-5.18  0.13
-5.17  0.07
-5.16  0.17
-5.15  0.09
-5.14  0.1
-5.13  0.07
-5.12  0.13
-5.11  0.1
-5.1  0.13
-5.09  0.1
-5.08  0.09
-5.07  0.15
-5.06  0.08
-5.05  0.13
-5.04  0.07
-5.03  0.11
-5.02  0.16
-5.01  0.11
-5  0.06
-4.99  0.11
-4.98  0.07
-4.97  0.14
-4.96  0.08
-4.95  0.15
-4.94  0.07
-4.93  0.12
-4.92  0.12
-4.91  0.09
-4.9  0.11
-4.89  0.09
-4.88  0.08
-4.87  0.14
-4.86  0.09
-4.85  0.15
-4.84  0.08
-4.83  0.13
-4.82  0.1
-4.81  0.12
-4.8  0.14
-4.79  0.14
-4.78  0.03
-4.77  0.11
-4.76  0.13
-4.75  0.07
-4.74  0.12
-4.73  0.07
-4.72  0.1
-4.71  0.12
-4.7  0.12
-4.69  0.06
-4.68  0.13
-4.67  0.11
-4.66  0.13
-4.65  0.11
-4.64  0.1
-4.63  0.13
-4.62  0.14
-4.61  0.1
-4.6  0.07
-4.59  0.09
-4.58  0.13
-4.57  0.12
-4.56  0.08
-4.55  0.1
-4.54  0.12
-4.53  0.09
-4.52  0.15
-4.51  0.09
-4.5  0.09
-4.49  0.04
-4.48  0.15
-4.47  0.15
-4.46  0.08
-4.45  0.08
-4.44  0.15
-4.43  0.09
-4.42  0.12
-4.41  0.1
-4.4  0.11
-4.39  0.08
-4.38  0.11
-4.37  0.1
-4.36  0.12
-4.35  0.12
-4.34  0.07
-4.33  0.15
-4.32  0.09
-4.31  0.15
-4.3  0.13
-4.29  0.06
-4.28  0.11
-4.27  0.12
-4.26  0.07
-4.25  0.13
-4.24  0.12
-4.23  0.09
-4.22  0.08
-4.21  0.07
-4.2  0.12
-4.19  0.12
-4.18  0.15
-4.17  0.11
-4.16  0.08
-4.15  0.13
-4.14  0.07
-4.13  0.15
-4.12  0.11
-4.11  0.07
-4.1  0.09
-4.09  0.15
-4.08  0.07
-4.07  0.13
-4.06  0.11
-4.05  0.1
-4.04  0.14
-4.03  0.1
-4.02  0.05
-4.01  0.15
-4  0.12
-3.99  0.06
-3.98  0.15
-3.97  0.08
-3.96  0.11
-3.95  0.12
-3.94  0.1
-3.93  0.1
-3.92  0.12
-3.91  0.11
-3.9  0.09
-3.89  0.09
-3.88  0.11
-3.87  0.08
-3.86  0.12
-3.85  0.09
-3.84  0.13
-3.83  0.11
-3.82  0.16
-3.81  0.13
-3.8  0.11
-3.79  0.09
-3.78  0.09
-3.77  0.12
-3.76  0.07
-3.75  0.08
-3.74  0.16
-3.73  0.05
-3.72  0.11
-3.71  0.1
-3.7  0.09
-3.69  0.12
-3.68  0.15
-3.67  0.1
-3.66  0.11
-3.65  0.09
-3.64  0.12
-3.63  0.11
-3.62  0.08
-3.61  0.12
-3.6  0.06
-3.59  0.13
-3.58  0.12
-3.57  0.12
-3.56  0.09
-3.55  0.13
-3.54  0.14
-3.53  0.09
-3.52  0.11
-3.51  0.1
-3.5  0.11
-3.49  0.13
-3.48  0.08
-3.47  0.08
-3.46  0.07
-3.45  0.13
-3.44  0.12
-3.43  0.12
-3.42  0.05
-3.41  0.14
-3.4  0.11
-3.39  0.15
-3.38  0.09
-3.37  0.12
-3.36  0.07
-3.35  0.08
-3.34  0.1
-3.33  0.17
-3.32  0.06
-3.31  0.13
-3.3  0.14
-3.29  0.07
-3.28  0.16
-3.27  0.08
-3.26  0.1
-3.25  0.09
-3.24  0.11
-3.23  0.1
-3.22  0.11
-3.21  0.11
-3.2  0.09
-3.19  0.1
-3.18  0.13
-3.17  0.09
-3.16  0.15
-3.15  0.12
-3.14  0.09
-3.13  0.1
-3.12  0.05
-3.11  0.12
-3.1  0.09
-3.09  0.16
-3.08  0.1
-3.07  0.07
-3.06  0.14
-3.05  0.07
-3.04  0.16
-3.03  0.06
-3.02  0.13
-3.01  0.14
-3  0.1
-2.99  0.09
-2.98  0.16
-2.97  0.07
-2.96  0.13
-2.95  0.07
-2.94  0.09
-2.93  0.12
-2.92  0.11
-2.91  0.1
-2.9  0.09
-2.89  0.1
-2.88  0.12
-2.87  0.1
-2.86  0.13
-2.85  0.1
-2.84  0.1
-2.83  0.07
-2.82  0.14
-2.81  0.1
-2.8  0.13
-2.79  0.1
-2.78  0.12
-2.77  0.07
-2.76  0.08
-2.75  0.19
-2.74  0.15
-2.73  0.06
-2.72  0.11
-2.71  0.07
-2.7  0.08
-2.69  0.15
-2.68  0.1
-2.67  0.09
-2.66  0.1
-2.65  0.1
-2.64  0.15
-2.63  0.1
-2.62  0.11
-2.61  0.12
-2.6  0.09
-2.59  0.08
-2.58  0.12
-2.57  0.08
-2.56  0.14
-2.55  0.04
-2.54  0.1
-2.53  0.16
-2.52  0.1
-2.51  0.13
-2.5  0.12
-2.49  0.11
-2.48  0.11
-2.47  0.11
-2.46  0.13
-2.45  0.06
-2.44  0.1
-2.43  0.11
-2.42  0.12
-2.41  0.12
-2.4  0.08
-2.39  0.11
-2.38  0.07
-2.37  0.13
-2.36  0.06
-2.35  0.11
-2.34  0.17
-2.33  0.09
-2.32  0.12
-2.31  0.1
-2.3  0.13
-2.29  0.11
-2.28  0.1
-2.27  0.11
-2.26  0.07
-2.25  0.11
-2.24  0.08
-2.23  0.14
-2.22  0.08
-2.21  0.14
-2.2  0.12
-2.19  0.1
-2.18  0.13
-2.17  0.09
-2.16  0.09
-2.15  0.09
-2.14  0.11
-2.13  0.13
-2.12  0.1
-2.11  0.14
-2.1  0.07
-2.09  0.1
-2.08  0.12
-2.07  0.13
-2.06  0.12
-2.05  0.05
-2.04  0.14
-2.03  0.07
-2.02  0.08
-2.01  0.11
-2  0.13
-1.99  0.1
-1.98  0.11
-1.97  0.09
-1.96  0.12
-1.95  0.17
-1.94  0.09
-1.93  0.1
-1.92  0.1
-1.91  0.13
-1.9  0.09
-1.89  0.16
-1.88  0.08
-1.87  0.08
-1.86  0.08
-1.85  0.07
-1.84  0.15
-1.83  0.11
-1.82  0.12
-1.81  0.11
-1.8  0.08
-1.79  0.11
-1.78  0.08
-1.77  0.13
-1.76  0.11
-1.75  0.13
-1.74  0.08
-1.73  0.11
-1.72  0.12
-1.71  0.05
-1.7  0.15
-1.69  0.07
-1.68  0.12
-1.67  0.13
-1.66  0.14
-1.65  0.12
-1.64  0.13
-1.63  0.08
-1.62  0.08
-1.61  0.13
-1.6  0.07
-1.59  0.09
-1.58  0.13
-1.57  0.09
-1.56  0.15
-1.55  0.07
-1.54  0.12
-1.53  0.11
-1.52  0.07
-1.51  0.11
-1.5  0.1
-1.49  0.08
-1.48  0.15
-1.47  0.1
-1.46  0.12
-1.45  0.08
-1.44  0.16
-1.43  0.07
-1.42  0.15
-1.41  0.13
-1.4  0.08
-1.39  0.07
-1.38  0.1
-1.37  0.13
-1.36  0.14
-1.35  0.09
-1.34  0.09
-1.33  0.09
-1.32  0.1
-1.31  0.12
-1.3  0.12
-1.29  0.1
-1.28  0.12
-1.27  0.08
-1.26  0.1
-1.25  0.13
-1.24  0.12
-1.23  0.08
-1.22  0.12
-1.21  0.09
-1.2  0.11
-1.19  0.09
-1.18  0.15
-1.17  0.06
-1.16  0.18
-1.15  0.07
-1.14  0.09
-1.13  0.15
-1.12  0.1
-1.11  0.04
-1.1  0.16
-1.09  0.09
-1.08  0.12
-1.07  0.09
-1.06  0.14
-1.05  0.08
-1.04  0.1
-1.03  0.12
-1.02  0.09
-1.01  0.13
-1  0.09
-0.99  0.1
-0.98  0.08
-0.97  0.15
-0.96  0.12
-0.95  0.13
-0.94  0.08
-0.93  0.11
-0.92  0.06
-0.91  0.12
-0.9  0.09
-0.89  0.1
-0.88  0.13
-0.87  0.09
-0.86  0.14
-0.85  0.09
-0.84  0.12
-0.83  0.07
-0.82  0.19
-0.81  0.1
-0.8  0.08
-0.79  0.09
-0.78  0.12
-0.77  0.11
-0.76  0.09
-0.75  0.14
-0.74  0.08
-0.73  0.16
-0.72  0.08
-0.71  0.08
-0.7  0.1
-0.69  0.11
-0.68  0.11
-0.67  0.13
-0.66  0.09
-0.65  0.09
-0.64  0.07
-0.63  0.1
-0.62  0.14
-0.61  0.1
-0.6  0.07
-0.59  0.17
-0.58  0.1
-0.57  0.09
-0.56  0.13
-0.55  0.13
-0.54  0.09
-0.53  0.13
-0.52  0.1
-0.51  0.14
-0.5  0.07
-0.49  0.09
-0.48  0.09
-0.47  0.13
-0.46  0.1
-0.45  0.11
-0.44  0.08
-0.43  0.1
-0.42  0.12
-0.41  0.12
-0.4  0.08
-0.39  0.12
-0.38  0.08
-0.37  0.16
-0.36  0.09
-0.35  0.11
-0.34  0.11
-0.33  0.1
-0.32  0.12
-0.31  0.11
-0.3  0.08
-0.29  0.12
-0.28  0.1
-0.27  0.12
-0.26  0.1
-0.25  0.1
-0.24  0.08
-0.23  0.12
-0.22  0.16
-0.21  0.07
-0.2  0.08
-0.19  0.11
-0.18  0.1
-0.17  0.17
-0.16  0.11
-0.15  0.13
-0.14  0.08
-0.13  0.08
-0.12  0.11
-0.11  0.06
-0.1  0.16
-0.09  0.05
-0.08  0.1
-0.07  0.12
-0.06  0.15
-0.05  0.12
-0.04  0.11
-0.03  0.07
-0.02  0.07
-0.01  0.11
-2.16197e-11  0.11
0.0001  0
0.0101  0.13
0.0201  0.11
0.0301  0.15
0.0401  0.09
0.0501  0.12
0.0601  0.08
0.0701  0.14
0.0801  0.08
0.0901  0.13
0.1001  0.1
0.1101  0.09
0.1201  0.14
0.1301  0.09
0.1401  0.13
0.1501  0.09
0.1601  0.09
0.1701  0.1
0.1801  0.15
0.1901  0.09
0.2001  0.12
0.2101  0.15
0.2201  0.07
0.2301  0.11
0.2401  0.11
0.2501  0.08
0.2601  0.11
0.2701  0.11
0.2801  0.15
0.2901  0.14
0.3001  0.12
0.3101  0.14
0.3201  0.06
0.3301  0.11
0.3401  0.16
0.3501  0.16
0.3601  0.06
0.3701  0.12
0.3801  0.16
0.3901  0.11
0.4001  0.16
0.4101  0.11
0.4201  0.14
0.4301  0.08
0.4401  0.12
0.4501  0.13
0.4601  0.12
0.4701  0.12
0.4801  0.11
0.4901  0.12
0.5001  0.13
0.5101  0.16
0.5201  0.13
0.5301  0.13
0.5401  0.12
0.5501  0.13
0.5601  0.12
0.5701  0.18
0.5801  0.11
0.5901  0.16
0.6001  0.17
0.6101  0.07
0.6201  0.18
0.6301  0.14
0.6401  0.14
0.6501  0.14
0.6601  0.13
0.6701  0.16
0.6801  0.14
0.6901  0.15
0.7001  0.1
0.7101  0.1
0.7201  0.14
0.7301  0.17
0.7401  0.19
0.7501  0.12
0.7601  0.19
0.7701  0.12
0.7801  0.1
0.7901  0.18
0.8001  0.13
0.8101  0.17
0.8201  0.18
0.8301  0.16
0.8401  0.15
0.8501  0.17
0.8601  0.12
0.8701  0.16
0.8801  0.18
0.8901  0.13
0.9001  0.18
0.9101  0.15
0.9201  0.19
0.9301  0.15
0.9401  0.19
0.9501  0.18
0.9601  0.14
0.9701  0.15
0.9801  0.18
0.9901  0.13
1.0001  0.14
1.0101  0.19
1.0201  0.18
1.0301  0.13
1.0401  0.23
1.0501  0.16
1.0601  0.22
1.0701  0.16
1.0801  0.16
1.0901  0.23
1.1001  0.18
1.1101  0.15
1.1201  0.15
1.1301  0.17
1.1401  0.16
1.1501  0.21
1.1601  0.17
1.1701  0.19
1.1801  0.22
1.1901  0.22
1.2001  0.15
1.2101  0.23
1.2201  0.24
1.2301  0.16
1.2401  0.23
1.2501  0.16
1.2601  0.18
1.2701  0.22
1.2801  0.19
1.2901  0.22
1.3001  0.18
1.3101  0.2
1.3201  0.21
1.3301  0.2
1.3401  0.18
1.3501  0.24
1.3601  0.27
1.3701  0.18
1.3801  0.24
1.3901  0.15
1.4001  0.25
1.4101  0.18
1.4201  0.25
1.4301  0.2
1.4401  0.28
1.4501  0.21
1.4601  0.27
1.4701  0.2
1.4801  0.23
1.4901  0.21
1.5001  0.29
1.5101  0.26
1.5201  0.25
1.5301  0.26
1.5401  0.22
1.5501  0.24
1.5601  0.2
1.5701  0.32
1.5801  0.24
1.5901  0.23
1.6001  0.25
1.6101  0.29
1.6201  0.23
1.6301  0.3
1.6401  0.29
1.6501  0.26
1.6601  0.25
1.6701  0.28
1.6801  0.34
1.6901  0.27
1.7001  0.28
1.7101  0.29
1.7201  0.28
1.7301  0.29
1.7401  0.32
1.7501  0.36
1.7601  0.29
1.7701  0.28
1.7801  0.32
1.7901  0.36
1.8001  0.34
1.8101  0.32
1.8201  0.31
1.8301  0.37
1.8401  0.37
1.8501  0.37
1.8601  0.33
1.8701  0.35
1.8801  0.35
1.8901  0.35
1.9001  0.41
1.9101  0.36
1.9201  0.43
1.9301  0.36
1.9401  0.44
1.9501  0.37
1.9601  0.45
1.9701  0.45
1.9801  0.42
1.9901  0.44
2.0001  0.44
2.0101  0.45
2.0201  0.47
2.0301  0.52
2.0401  0.54
2.0501  0.5
2.0601  0.53
2.0701  0.55
2.0801  0.56
2.0901  0.57
2.1001  0.51
2.1101  0.61
2.1201  0.61
2.1301  0.6
2.1401  0.68
2.1501  0.65
2.1601  0.67
2.1701  0.72
2.1801  0.71
2.1901  0.75
2.2001  0.83
2.2101  0.79
2.2201  0.91
2.2301  0.85
2.2401  0.94
2.2501  0.91
2.2601  1
2.2701  0.99
2.2801  1.11
2.2901  1.12
2.3001  1.2
2.3101  1.26
2.3201  1.31
2.3301  1.39
2.3401  1.43
2.3501  1.58
2.3601  1.59
2.3701  1.73
2.3801  1.78
2.3901  1.9
2.4001  1.99
2.4101  2.11
2.4201  2.21
2.4301  2.32
2.4401  2.44
2.4501  2.52
2.4601  2.64
2.4701  2.7
2.4801  2.74
2.4901  2.77
2.5001  2.87
2.5101  2.82
2.5201  2.84
2.5301  2.77
2.5401  2.71
2.5501  2.65
2.5601  2.6
2.5701  2.44
2.5801  2.36
2.5901  2.24
2.6001  2.12
2.6101  2.07
2.6201  1.96
2.6301  1.86
2.6401  1.77
2.6501  1.61
2.6601  1.61
2.6701  1.54
2.6801  1.45
2.6901  1.37
2.7001  1.27
2.7101  1.26
2.7201  1.19
2.7301  1.1
2.7401  1.09
2.7501  1.07
2.7601  1.02
2.7701  0.96
2.7801  0.96
2.7901  0.9
2.8001  0.92
2.8101  0.88
2.8201  0.83
2.8301  0.8
2.8401  0.79
2.8501  0.81
2.8601  0.79
2.8701  0.67
2.8801  0.77
2.8901  0.75
2.9001  0.67
2.9101  0.69
2.9201  0.65
2.9301  0.72
2.9401  0.65
2.9501  0.65
2.9601  0.6
2.9701  0.68
2.9801  0.57
2.9901  0.62
3.0001  0.58
3.0101  0.58
3.0201  0.61
3.0301  0.57
3.0401  0.63
3.0501  0.61
3.0601  0.59
3.0701  0.65
3.0801  0.51
3.0901  0.58
3.1001  0.6
3.1101  0.57
3.1201  0.62
3.1301  0.57
3.1401  0.52
3.1501  0.61
3.1601  0.56
3.1701  0.6
3.1801  0.58
3.1901  0.62
3.2001  0.57
3.2101  0.66
3.2201  0.53
3.2301  0.62
3.2401  0.62
3.2501  0.63
3.2601  0.63
3.2701  0.63
3.2801  0.58
3.2901  0.71
3.3001  0.64
3.3101  0.62
3.3201  0.61
3.3301  0.67
3.3401  0.71
3.3501  0.74
3.3601  0.66
3.3701  0.72
3.3801  0.72
3.3901  0.74
3.4001  0.74
3.4101  0.78
3.4201  0.81
3.4301  0.8
3.4401  0.82
3.4501  0.84
3.4601  0.87
3.4701  0.9
3.4801  0.9
3.4901  0.9
3.5001  0.95
3.5101  0.97
3.5201  1.01
3.5301  1.09
3.5401  1.05
3.5501  1.07
3.5601  1.14
3.5701  1.16
3.5801  1.21
3.5901  1.25
3.6001  1.34
3.6101  1.4
3.6201  1.36
3.6301  1.47
3.6401  1.45
3.6501  1.55
3.6601  1.63
3.6701  1.72
3.6801  1.72
3.6901  1.75
3.7001  1.88
3.7101  1.93
3.7201  1.98
3.7301  2.06
3.7401  2.08
3.7501  2.16
3.7601  2.18
3.7701  2.24
3.7801  2.33
3.7901  2.31
3.8001  2.34
3.8101  2.31
3.8201  2.33
3.8301  2.28
3.8401  2.32
3.8501  2.28
3.8601  2.2
3.8701  2.17
3.8801  2.16
3.8901  2.05
3.9001  2.02
3.9101  1.93
3.9201  1.9
3.9301  1.82
3.9401  1.8
3.9501  1.75
3.9601  1.71
3.9701  1.6
3.9801  1.53
3.9901  1.49
4.0001  1.48
4.0101  1.36
4.0201  1.38
4.0301  1.29
4.0401  1.29
4.0501  1.22
4.0601  1.24
4.0701  1.21
4.0801  1.13
4.0901  1.1
4.1001  1.12
4.1101  1
4.1201  1.05
4.1301  0.99
4.1401  0.96
4.1501  0.92
4.1601  0.96
4.1701  0.93
4.1801  0.92
4.1901  0.9
4.2001  0.87
4.2101  0.86
4.2201  0.86
4.2301  0.85
4.2401  0.78
4.2501  0.88
4.2601  0.79
4.2701  0.82
4.2801  0.81
4.2901  0.82
4.3001  0.81
4.3101  0.79
4.3201  0.76
4.3301  0.76
4.3401  0.8
4.3501  0.76
4.3601  0.79
4.3701  0.78
4.3801  0.74
4.3901  0.79
4.4001  0.73
4.4101  0.78
4.4201  0.79
4.4301  0.76
4.4401  0.75
4.4501  0.77
4.4601  0.79
4.4701  0.8
4.4801  0.84
4.4901  0.81
4.5001  0.78
4.5101  0.86
4.5201  0.79
4.5301  0.85
4.5401  0.84
4.5501  0.83
4.5601  0.84
4.5701  0.9
4.5801  0.83
4.5901  0.89
4.6001  0.9
4.6101  0.93
4.6201  0.92
4.6301  1.02
4.6401  0.99
4.6501  1.01
4.6601  1.01
4.6701  0.98
4.6801  1.05
4.6901  1.05
4.7001  1.12
4.7101  1.13
4.7201  1.11
4.7301  1.19
4.7401  1.21
4.7501  1.26
4.7601  1.24
4.7701  1.32
4.7801  1.31
4.7901  1.38
4.8001  1.38
4.8101  1.43
4.8201  1.5
4.8301  1.53
4.8401  1.54
4.8501  1.62
4.8601  1.65
4.8701  1.64
4.8801  1.75
4.8901  1.76
4.9001  1.81
4.9101  1.82
4.9201  1.88
4.9301  1.96
4.9401  1.96
4.9501  1.96
4.9601  1.96
4.9701  2.02
4.9801  2.02
4.9901  2.06
5.0001  2.04
5.0101  2.05
5.0201  2.06
5.0301  1.95
5.0401  2.04
5.0501  1.96
5.0601  1.98
5.0701  1.89
5.0801  1.92
5.0901  1.85
5.1001  1.82
5.1101  1.83
5.1201  1.77
5.1301  1.76
5.1401  1.66
5.1501  1.66
5.1601  1.63
5.1701  1.58
5.1801  1.5
5.1901  1.43
5.2001  1.47
5.2101  1.44
5.2201  1.37
5.2301  1.37
5.2401  1.33
5.2501  1.31
5.2601  1.22
5.2701  1.27
5.2801  1.22
5.2901  1.16
5.3001  1.17
5.3101  1.12
5.3201  1.09
5.3301  1.15
5.3401  1.08
5.3501  1.03
5.3601  1.06
5.3701  1.02
5.3801  1.06
5.3901  1
5.4001  0.99
5.4101  0.97
5.4201  0.94
5.4301  0.99
5.4401  0.94
5.4501  0.92
5.4601  0.93
5.4701  0.99
5.4801  0.9
5.4901  0.95
5.5001  0.92
5.5101  0.95
5.5201  0.92
5.5301  0.91
5.5401  0.92
5.5501  0.9
5.5601  0.93
5.5701  0.86
5.5801  0.91
5.5901  0.87
5.6001  0.88
5.6101  0.92
5.6201  0.97
5.6301  0.9
5.6401  0.94
5.6501  0.91
5.6601  0.94
5.6701  0.93
5.6801  0.98
5.6901  0.94
5.7001  1.02
5.7101  0.95
5.7201  1.02
5.7301  0.97
5.7401  1.06
5.7501  0.99
5.7601  1
5.7701  1.05
5.7801  1.11
5.7901  1.11
5.8001  1.08
5.8101  1.09
5.8201  1.13
5.8301  1.16
5.8401  1.14
5.8501  1.17
5.8601  1.26
5.8701  1.22
5.8801  1.28
5.8901  1.26
5.9001  1.34
5.9101  1.29
5.9201  1.38
5.9301  1.41
5.9401  1.4
5.9501  1.46
5.9601  1.5
5.9701  1.43
5.9801  1.5
5.9901  1.62
6.0001  1.56
6.0101  1.65
6.0201  1.6
6.0301  1.67
6.0401  1.72
6.0501  1.68
6.0601  1.78
6.0701  1.74
6.0801  1.86
6.0901  1.76
6.1001  1.84
6.1101  1.81
6.1201  1.84
6.1301  1.84
6.1401  1.87
6.1501  1.85
6.1601  1.88
6.1701  1.81
6.1801  1.91
6.1901  1.82
6.2001  1.8
6.2101  1.8
6.2201  1.79
6.2301  1.73
6.2401  1.7
6.2501  1.74
6.2601  1.7
6.2701  1.64
6.2801  1.66
6.2901  1.63
6.3001  1.58
6.3101  1.55
6.3201  1.57
6.3301  1.42
6.3401  1.46
6.3501  1.46
6.3601  1.39
6.3701  1.46
6.3801  1.42
6.3901  1.33
6.4001  1.34
6.4101  1.26
6.4201  1.33
6.4301  1.28
6.4401  1.21
6.4501  1.23
6.4601  1.19
6.4701  1.19
6.4801  1.21
6.4901  1.13
6.5001  1.13
6.5101  1.14
6.5201  1.05
6.5301  1.16
6.5401  1.07
6.5501  1.02
6.5601  1.12
6.5701  1.07
6.5801  1.05
6.5901  1.07
6.6001  1.05
6.6101  1.06
6.6201  0.98
6.6301  1.05
6.6401  1.04
6.6501  0.96
6.6601  1.03
6.6701  1
6.6801  1.06
6.6901  1.01
6.7001  1.03
6.7101  1.01
6.7201  1.03
6.7301  1.02
6.7401  0.93
6.7501  1.05
6.7601  1.05
6.7701  1.04
6.7801  1.02
6.7901  1
6.8001  1.05
6.8101  1.05
6.8201  1.06
6.8301  1.09
6.8401  1.09
6.8501  1.06
6.8601  1.13
6.8701  1.07
6.8801  1.1
6.8901  1.11
6.9001  1.18
6.9101  1.12
6.9201  1.22
6.9301  1.17
6.9401  1.22
6.9501  1.15
6.9601  1.31
6.9701  1.2
6.9801  1.21
6.9901  1.31
7.0001  1.35
7.0101  1.3
7.0201  1.32
7.0301  1.35
7.0401  1.38
7.0501  1.41
7.0601  1.41
7.0701  1.45
7.0801  1.42
7.0901  1.52
7.1001  1.5
7.1101  1.5
7.1201  1.6
7.1301  1.52
7.1401  1.62
7.1501  1.58
7.1601  1.65
7.1701  1.58
7.1801  1.68
7.1901  1.67
7.2001  1.68
7.2101  1.66
7.2201  1.69
7.2301  1.74
7.2401  1.75
7.2501  1.79
7.2601  1.64
7.2701  1.74
7.2801  1.76
7.2901  1.77
7.3001  1.68
7.3101  1.68
7.3201  1.72
7.3301  1.63
7.3401  1.7
7.3501  1.7
7.3601  1.6
7.3701  1.68
7.3801  1.64
7.3901  1.58
7.4001  1.57
7.4101  1.62
7.4201  1.47
7.4301  1.54
7.4401  1.54
7.4501  1.5
7.4601  1.45
7.4701  1.49
7.4801  1.41
7.4901  1.4
7.5001  1.38
7.5101  1.41
7.5201  1.28
7.5301  1.34
7.5401  1.34
7.5501  1.3
7.5601  1.33
7.5701  1.29
7.5801  1.28
7.5901  1.2
7.6001  1.19
7.6101  1.3
7.6201  1.18
7.6301  1.21
7.6401  1.21
7.6501  1.14
7.6601  1.11
7.6701  1.21
7.6801  1.13
7.6901  1.15
7.7001  1.06
7.7101  1.1
7.7201  1.2
7.7301  1.13
7.7401  1.07
7.7501  1.13
7.7601  1.11
7.7701  1.09
7.7801  1.08
7.7901  1.06
7.8001  1.08
7.8101  1.11
7.8201  1.11
7.8301  1.07
7.8401  1.11
7.8501  1.08
7.8601  1.11
7.8701  1.17
7.8801  1.07
7.8901  1.19
7.9001  1.07
7.9101  1.15
7.9201  1.1
7.9301  1.08
7.9401  1.15
7.9501  1.15
7.9601  1.15
7.9701  1.13
7.9801  1.16
7.9901  1.15
8.0001  1.23
8.0101  1.2
8.0201  1.28
8.0301  1.18
8.0401  1.23
8.0501  1.19
8.0601  1.29
8.0701  1.26
8.0801  1.31
8.0901  1.27
8.1001  1.32
8.1101  1.32
8.1201  1.35
8.1301  1.38
8.1401  1.34
8.1501  1.41
8.1601  1.44
8.1701  1.42
8.1801  1.4
8.1901  1.48
8.2001  1.48
8.2101  1.46
8.2201  1.48
8.2301  1.51
8.2401  1.53
8.2501  1.58
8.2601  1.48
8.2701  1.54
8.2801  1.57
8.2901  1.63
8.3001  1.63
8.3101  1.59
8.3201  1.58
8.3301  1.63
8.3401  1.63
8.3501  1.59
8.3601  1.69
8.3701  1.67
8.3801  1.63
8.3901  1.61
8.4001  1.63
8.4101  1.64
8.4201  1.62
8.4301  1.6
8.4401  1.65
8.4501  1.59
8.4601  1.56
8.4701  1.55
8.4801  1.63
8.4901  1.57
8.5001  1.52
8.5101  1.58
8.5201  1.54
8.5301  1.47
8.5401  1.5
8.5501  1.49
8.5601  1.43
8.5701  1.49
8.5801  1.41
8.5901  1.42
8.6001  1.44
8.6101  1.38
8.6201  1.37
8.6301  1.38
8.6401  1.37
8.6501  1.34
8.6601  1.25
8.6701  1.35
8.6801  1.3
8.6901  1.33
8.7001  1.29
8.7101  1.29
8.7201  1.23
8.7301  1.25
8.7401  1.23
8.7501  1.22
8.7601  1.21
8.7701  1.23
8.7801  1.24
8.7901  1.18
8.8001  1.22
8.8101  1.14
8.8201  1.23
8.8301  1.18
8.8401  1.16
8.8501  1.2
8.8601  1.13
8.8701  1.17
8.8801  1.15
8.8901  1.14
8.9001  1.22
8.9101  1.11
8.9201  1.2
8.9301  1.11
8.9401  1.21
8.9501  1.13
8.9601  1.16
8.9701  1.16
8.9801  1.11
8.9901  1.23
9.0001  1.12
9.0101  1.18
9.0201  1.16
9.0301  1.2
9.0401  1.2
9.0501  1.23
9.0601  1.18
9.0701  1.21
9.0801  1.26
9.0901  1.26
9.1001  1.27
9.1101  1.16
9.1201  1.24
9.1301  1.24
9.1401  1.29
9.1501  1.26
9.1601  1.21
9.1701  1.38
9.1801  1.28
9.1901  1.3
9.2001  1.31
9.2101  1.35
9.2201  1.39
9.2301  1.37
9.2401  1.37
9.2501  1.39
9.2601  1.41
9.2701  1.46
9.2801  1.39
9.2901  1.39
9.3001  1.45
9.3101  1.44
9.3201  1.46
9.3301  1.48
9.3401  1.52
9.3501  1.5
9.3601  1.49
9.3701  1.55
9.3801  1.52
9.3901  1.58
9.4001  1.54
9.4101  1.54
9.4201  1.48
9.4301  1.58
9.4401  1.55
9.4501  1.59
9.4601  1.58
9.4701  1.6
9.4801  1.54
9.4901  1.61
9.5001  1.53
9.5101  1.57
9.5201  1.5
9.5301  1.57
9.5401  1.54
9.5501  1.48
9.5601  1.59
9.5701  1.53
9.5801  1.54
9.5901  1.49
9.6001  1.53
9.6101  1.57
9.6201  1.44
9.6301  1.55
9.6401  1.45
9.6501  1.42
9.6601  1.49
9.6701  1.39
9.6801  1.48
9.6901  1.41
9.7001  1.41
9.7101  1.43
9.7201  1.38
9.7301  1.33
9.7401  1.37
9.7501  1.37
9.7601  1.32
9.7701  1.35
9.7801  1.32
9.7901  1.27
9.8001  1.36
9.8101  1.3
9.8201  1.33
9.8301  1.22
9.8401  1.32
9.8501  1.23
9.8601  1.29
9.8701  1.22
9.8801  1.25
9.8901  1.27
9.9001  1.27
9.9101  1.22
9.9201  1.19
9.9301  1.24
9.9401  1.22
9.9501  1.22
9.9601  1.2
9.9701  1.18
9.9801  1.17
9.9901  1.23
10.0001  1.26
10.0101  1.19
10.0201  1.26
10.0301  1.22
10.0401  1.18
10.0501  1.19
10.0601  1.23
10.0701  1.18
10.0801  1.19
10.0901  1.21
10.1001  1.2
10.1101  1.31
10.1201  1.2
10.1301  1.2
10.1401  1.21
10.1501  1.23
10.1601  1.24
10.1701  1.31
10.1801  1.25
10.1901  1.27
10.2001  1.28
10.2101  1.19
10.2201  1.33
10.2301  1.21
10.2401  1.3
10.2501  1.37
10.2601  1.29
10.2701  1.3
10.2801  1.27
10.2901  1.39
10.3001  1.33
10.3101  1.36
10.3201  1.42
10.3301  1.38
10.3401  1.39
10.3501  1.42
10.3601  1.33
10.3701  1.39
10.3801  1.47
10.3901  1.37
10.4001  1.44
10.4101  1.45
10.4201  1.43
10.4301  1.42
10.4401  1.49
10.4501  1.5
10.4601  1.45
10.4701  1.45
10.4801  1.47
10.4901  1.5
10.5001  1.47
10.5101  1.52
10.5201  1.56
10.5301  1.51
10.5401  1.54
10.5501  1.48
10.5601  1.54
10.5701  1.53
10.5801  1.58
10.5901  1.46
10.6001  1.51
10.6101  1.5
10.6201  1.52
10.6301  1.53
10.6401  1.49
10.6501  1.54
10.6601  1.51
10.6701  1.44
10.6801  1.46
10.6901  1.53
10.7001  1.44
10.7101  1.47
10.7201  1.5
10.7301  1.47
10.7401  1.45
10.7501  1.4
10.7601  1.44
10.7701  1.41
10.7801  1.46
10.7901  1.42
10.8001  1.4
10.8101  1.37
10.8201  1.37
10.8301  1.38
10.8401  1.34
10.8501  1.41
10.8601  1.32
10.8701  1.39
10.8801  1.33
10.8901  1.36
10.9001  1.3
10.9101  1.32
10.9201  1.3
10.9301  1.28
10.9401  1.32
10.9501  1.32
10.9601  1.32
10.9701  1.28
10.9801  1.26
10.9901  1.27
11.0001  1.24
11.0101  1.26
11.0201  1.26
11.0301  1.21
11.0401  1.24
11.0501  1.26
11.0601  1.26
11.0701  1.28
11.0801  1.26
11.0901  1.26
11.1001  1.19
11.1101  1.27
11.1201  1.25
11.1301  1.21
11.1401  1.25
11.1501  1.28
11.1601  1.28
11.1701  1.22
11.1801  1.24
11.1901  1.28
11.2001  1.27
11.2101  1.23
11.2201  1.28
11.2301  1.18
11.2401  1.29
11.2501  1.33
11.2601  1.26
11.2701  1.23
11.2801  1.26
11.2901  1.32
11.3001  1.31
11.3101  1.29
11.3201  1.31
11.3301  1.31
11.3401  1.34
11.3501  1.25
11.3601  1.35
11.3701  1.32
11.3801  1.38
11.3901  1.32
11.4001  1.36
11.4101  1.32
11.4201  1.42
11.4301  1.39
11.4401  1.35
11.4501  1.35
11.4601  1.41
11.4701  1.39
11.4801  1.43
11.4901  1.44
11.5001  1.39
11.5101  1.48
11.5201  1.49
11.5301  1.39
11.5401  1.42
11.5501  1.43
11.5601  1.41
11.5701  1.52
11.5801  1.47
11.5901  1.47
11.6001  1.42
11.6101  1.49
11.6201  1.49
11.6301  1.46
11.6401  1.5
11.6501  1.49
11.6601  1.5
11.6701  1.48
11.6801  1.49
11.6901  1.47
11.7001  1.48
11.7101  1.45
11.7201  1.46
11.7301  1.51
11.7401  1.44
11.7501  1.47
11.7601  1.51
11.7701  1.45
11.7801  1.46
11.7901  1.42
11.8001  1.49
11.8101  1.4
11.8201  1.48
11.8301  1.46
11.8401  1.38
11.8501  1.43
11.8601  1.48
11.8701  1.41
11.8801  1.41
11.8901  1.32
11.9001  1.45
11.9101  1.36
11.9201  1.4
11.9301  1.4
11.9401  1.34
11.9501  1.34
11.9601  1.38
11.9701  1.33
11.9801  1.4
11.9901  1.32
12.0001  1.31
12.0101  1.28
12.0201  1.37
12.0301  1.31
12.0401  1.31
12.0501  1.3
12.0601  1.31
12.0701  1.31
12.0801  1.33
12.0901  1.27
12.1001  1.26
12.1101  1.27
12.1201  1.32
12.1301  1.28
12.1401  1.29
12.1501  1.3
12.1601  1.28
12.1701  1.28
12.1801  1.33
12.1901  1.24
12.2001  1.26
12.2101  1.28
12.2201  1.26
12.2301  1.26
12.2401  1.28
12.2501  1.23
12.2601  1.25
12.2701  1.32
12.2801  1.25
12.2901  1.26
12.3001  1.3
12.3101  1.27
12.3201  1.27
12.3301  1.3
12.3401  1.29
12.3501  1.29
12.3601  1.3
12.3701  1.35
12.3801  1.27
12.3901  1.34
12.4001  1.32
12.4101  1.28
12.4201  1.39
12.4301  1.31
12.4401  1.31
12.4501  1.28
12.4601  1.38
12.4701  1.34
12.4801  1.35
12.4901  1.37
12.5001  1.32
12.5101  1.43
12.5201  1.37
12.5301  1.35
12.5401  1.36
12.5501  1.36
12.5601  1.37
12.5701  1.47
12.5801  1.39
12.5901  1.41
12.6001  1.41
12.6101  1.43
12.6201  1.43
12.6301  1.38
12.6401  1.43
12.6501  1.41
12.6601  1.46
12.6701  1.42
12.6801  1.43
12.6901  1.48
12.7001  1.44
12.7101  1.43
12.7201  1.45
12.7301  1.46
12.7401  1.4
12.7501  1.49
12.7601  1.46
12.7701  1.45
12.7801  1.5
12.7901  1.48
12.8001  1.48
12.8101  1.46
12.8201  1.43
12.8301  1.43
12.8401  1.42
12.8501  1.46
12.8601  1.46
12.8701  1.39
12.8801  1.42
12.8901  1.41
12.9001  1.43
12.9101  1.46
12.9201  1.41
12.9301  1.44
12.9401  1.44
12.9501  1.43
12.9601  1.37
12.9701  1.44
12.9801  1.32
12.9901  1.36
13.0001  1.42
13.0101  1.41
13.0201  1.4
13.0301  1.36
13.0401  1.33
13.0501  1.4
13.0601  1.33
13.0701  1.36
13.0801  1.37
13.0901  1.37
13.1001  1.37
13.1101  1.31
13.1201  1.32
13.1301  1.31
13.1401  1.35
13.1501  1.35
13.1601  1.35
13.1701  1.31
13.1801  1.27
13.1901  1.33
13.2001  1.27
13.2101  1.31
13.2201  1.31
13.2301  1.31
13.2401  1.32
13.2501  1.27
13.2601  1.34
13.2701  1.28
13.2801  1.27
13.2901  1.32
13.3001  1.28
13.3101  1.28
13.3201  1.3
13.3301  1.28
13.3401  1.34
13.3501  1.28
13.3601  1.26
13.3701  1.29
13.3801  1.34
13.3901  1.28
13.4001  1.33
13.4101  1.32
13.4201  1.3
13.4301  1.3
13.4401  1.35
13.4501  1.29
13.4601  1.31
13.4701  1.26
13.4801  1.31
13.4901  1.34
13.5001  1.38
13.5101  1.31
13.5201  1.38
13.5301  1.26
13.5401  1.33
13.5501  1.35
13.5601  1.44
13.5701  1.34
13.5801  1.29
13.5901  1.34
13.6001  1.41
13.6101  1.33
13.6201  1.37
13.6301  1.4
13.6401  1.38
13.6501  1.35
13.6601  1.39
13.6701  1.4
13.6801  1.41
13.6901  1.38
13.7001  1.45
13.7101  1.36
13.7201  1.5
13.7301  1.42
13.7401  1.44
13.7501  1.41
13.7601  1.37
13.7701  1.39
13.7801  1.45
13.7901  1.44
13.8001  1.4
13.8101  1.44
13.8201  1.44
13.8301  1.41
13.8401  1.37
13.8501  1.43
13.8601  1.44
13.8701  1.45
13.8801  1.45
13.8901  1.48
13.9001  1.38
13.9101  1.45
13.9201  1.46
13.9301  1.4
13.9401  1.42
13.9501  1.48
13.9601  1.33
13.9701  1.48
13.9801  1.44
13.9901  1.41
14.0001  1.4
14.0101  1.38
14.0201  1.41
14.0301  1.45
14.0401  1.37
14.0501  1.43
14.0601  1.37
14.0701  1.38
14.0801  1.42
14.0901  1.41
14.1001  1.36
14.1101  1.36
14.1201  1.37
14.1301  1.35
14.1401  1.42
14.1501  1.33
14.1601  1.34
14.1701  1.32
14.1801  1.4
14.1901  1.35
14.2001  1.33
14.2101  1.35
14.2201  1.37
14.2301  1.28
14.2401  1.42
14.2501  1.3
14.2601  1.38
14.2701  1.33
14.2801  1.3
14.2901  1.34
14.3001  1.29
14.3101  1.3
14.3201  1.29
14.3301  1.32
14.3401  1.38
14.3501  1.31
14.3601  1.27
14.3701  1.38
14.3801  1.28
14.3901  1.28
14.4001  1.29
14.4101  1.32
14.4201  1.29
14.4301  1.36
14.4401  1.34
14.4501  1.34
14.4601  1.27
14.4701  1.28
14.4801  1.34
14.4901  1.3
14.5001  1.4
14.5101  1.24
14.5201  1.32
14.5301  1.41
14.5401  1.3
14.5501  1.27
14.5601  1.35
14.5701  1.33
14.5801  1.31
14.5901  1.31
14.6001  1.31
14.6101  1.35
14.6201  1.35
14.6301  1.36
14.6401  1.32
14.6501  1.46
14.6601  1.32
14.6701  1.38
14.6801  1.36
14.6901  1.36
14.7001  1.38
14.7101  1.36
14.7201  1.4
14.7301  1.33
14.7401  1.4
14.7501  1.33
14.7601  1.36
14.7701  1.37
14.7801  1.47
14.7901  1.37
14.8001  1.42
14.8101  1.39
14.8201  1.41
14.8301  1.39
14.8401  1.45
14.8501  1.36
14.8601  1.37
14.8701  1.38
14.8801  1.48
14.8901  1.4
14.9001  1.39
14.9101  1.43
14.9201  1.42
14.9301  1.46
14.9401  1.41
14.9501  1.4
14.9601  1.44
14.9701  1.41
14.9801  1.41
14.9901  1.38
15.0001  1.45
15.0101  1.46
15.0201  1.43
15.0301  1.38
15.0401  1.42
15.0501  1.4
15.0601  1.43
15.0701  1.39
15.0801  1.42
15.0901  1.39
15.1001  1.39
15.1101  1.44
15.1201  1.36
15.1301  1.4
15.1401  1.41
15.1501  1.37
15.1601  1.42
15.1701  1.33
15.1801  1.36
15.1901  1.35
15.2001  1.41
15.2101  1.39
15.2201  1.35
15.2301  1.43
15.2401  1.4
15.2501  1.35
15.2601  1.39
15.2701  1.33
15.2801  1.4
15.2901  1.27
15.3001  1.39
15.3101  1.31
15.3201  1.37
15.3301  1.29
15.3401  1.39
15.3501  1.34
15.3601  1.37
15.3701  1.36
15.3801  1.29
15.3901  1.36
15.4001  1.32
15.4101  1.31
15.4201  1.4
15.4301  1.27
15.4401  1.27
15.4501  1.4
15.4601  1.29
15.4701  1.28
15.4801  1.36
15.4901  1.33
15.5001  1.32
15.5101  1.33
15.5201  1.3
15.5301  1.36
15.5401  1.27
15.5501  1.32
15.5601  1.31
15.5701  1.42
15.5801  1.32
15.5901  1.32
15.6001  1.36
15.6101  1.32
15.6201  1.35
15.6301  1.37
15.6401  1.29
15.6501  1.4
15.6601  1.24
15.6701  1.38
15.6801  1.31
15.6901  1.36
15.7001  1.34
15.7101  1.29
15.7201  1.41
15.7301  1.32
15.7401  1.35
15.7501  1.37
15.7601  1.3
15.7701  1.38
15.7801  1.44
15.7901  1.36
15.8001  1.43
15.8101  1.31
15.8201  1.36
15.8301  1.39
15.8401  1.41
15.8501  1.33
15.8601  1.4
15.8701  1.35
15.8801  1.36
15.8901  1.43
15.9001  1.37
15.9101  1.42
15.9201  1.41
15.9301  1.37
15.9401  1.4
15.9501  1.38
15.9601  1.44
15.9701  1.37
15.9801  1.4
15.9901  1.42
16.0001  1.46
16.0101  1.4
16.0201  1.38
16.0301  1.4
16.0401  1.43
16.0501  1.36
16.0601  1.37
16.0701  1.38
16.0801  1.5
16.0901  1.36
16.1001  1.4
16.1101  1.42
16.1201  1.37
16.1301  1.42
16.1401  1.44
16.1501  1.41
16.1601  1.33
16.1701  1.33
16.1801  1.43
16.1901  1.44
16.2001  1.43
16.2101  1.39
16.2201  1.4
16.2301  1.38
16.2401  1.35
16.2501  1.34
16.2601  1.46
16.2701  1.44
16.2801  1.34
16.2901  1.38
16.3001  1.3
16.3101  1.41
16.3201  1.36
16.3301  1.35
16.3401  1.44
16.3501  1.38
16.3601  1.41
16.3701  1.28
16.3801  1.37
16.3901  1.34
16.4001  1.35
16.4101  1.33
16.4201  1.36
16.4301  1.35
16.4401  1.3
16.4501  1.38
16.4601  1.32
16.4701  1.35
16.4801  1.35
16.4901  1.32
16.5001  1.38
16.5101  1.33
16.5201  1.32
16.5301  1.35
16.5401  1.33
16.5501  1.37
16.5601  1.32
16.5701  1.34
16.5801  1.36
16.5901  1.37
16.6001  1.28
16.6101  1.39
16.6201  1.31
16.6301  1.36
16.6401  1.31
16.6501  1.36
16.6601  1.31
16.6701  1.38
16.6801  1.28
16.6901  1.34
16.7001  1.36
16.7101  1.37
16.7201  1.28
16.7301  1.35
16.7401  1.32
16.7501  1.29
16.7601  1.43
16.7701  1.35
16.7801  1.36
16.7901  1.35
16.8001  1.33
16.8101  1.33
16.8201  1.38
16.8301  1.37
16.8401  1.34
16.8501  1.41
16.8601  1.32
16.8701  1.37
16.8801  1.38
16.8901  1.33
16.9001  1.44
16.9101  1.35
16.9201  1.41
16.9301  1.33
16.9401  1.41
16.9501  1.36
16.9601  1.36
16.9701  1.42
16.9801  1.33
16.9901  1.41
17.0001  1.38
17.0101  1.36
17.0201  1.39
17.0301  1.36
17.0401  1.43
17.0501  1.39
17.0601  1.35
17.0701  1.43
17.0801  1.38
17.0901  1.37
17.1001  1.44
17.1101  1.38
17.1201  1.4
17.1301  1.36
17.1401  1.42
17.1501  1.44
17.1601  1.41
17.1701  1.37
17.1801  1.41
17.1901  1.36
17.2001  1.41
17.2101  1.36
17.2201  1.37
17.2301  1.42
17.2401  1.37
17.2501  1.45
17.2601  1.38
17.2701  1.39
17.2801  1.4
17.2901  1.38
17.3001  1.39
17.3101  1.38
17.3201  1.4
17.3301  1.39
17.3401  1.44
17.3501  1.36
17.3601  1.3
17.3701  1.34
17.3801  1.42
17.3901  1.38
17.4001  1.37
17.4101  1.28
17.4201  1.43
17.4301  1.42
17.4401  1.31
17.4501  1.34
17.4601  1.38
17.4701  1.34
17.4801  1.35
17.4901  1.38
17.5001  1.37
17.5101  1.41
17.5201  1.26
17.5301  1.43
17.5401  1.36
17.5501  1.32
17.5601  1.37
17.5701  1.37
17.5801  1.36
17.5901  1.38
17.6001  1.33
17.6101  1.28
17.6201  1.36
17.6301  1.32
17.6401  1.37
17.6501  1.34
17.6601  1.29
17.6701  1.36
17.6801  1.4
17.6901  1.3
17.7001  1.33
17.7101  1.39
17.7201  1.29
17.7301  1.4
17.7401  1.35
17.7501  1.34
17.7601  1.33
17.7701  1.32
17.7801  1.38
17.7901  1.34
17.8001  1.33
17.8101  1.3
17.8201  1.36
17.8301  1.38
17.8401  1.38
17.8501  1.31
17.8601  1.32
17.8701  1.33
17.8801  1.41
17.8901  1.34
17.9001  1.43
17.9101  1.4
17.9201  1.31
17.9301  1.41
17.9401  1.38
17.9501  1.3
17.9601  1.3
17.9701  1.42
17.9801  1.37
17.9901  1.36
18.0001  1.38
18.0101  1.4
18.0201  1.33
18.0301  1.42
18.0401  1.38
18.0501  1.33
18.0601  1.39
18.0701  1.37
18.0801  1.34
18.0901  1.39
18.1001  1.37
18.1101  1.41
18.1201  1.34
18.1301  1.4
18.1401  1.43
18.1501  1.33
18.1601  1.43
18.1701  1.41
18.1801  1.38
18.1901  1.32
18.2001  1.45
18.2101  1.43
18.2201  1.35
18.2301  1.4
18.2401  1.39
18.2501  1.38
18.2601  1.42
18.2701  1.37
18.2801  1.41
18.2901  1.34
18.3001  1.42
18.3101  1.43
18.3201  1.33
18.3301  1.41
18.3401  1.35
18.3501  1.39
18.3601  1.41
18.3701  1.38
18.3801  1.34
18.3901  1.37
18.4001  1.39
18.4101  1.37
18.4201  1.44
18.4301  1.31
18.4401  1.38
18.4501  1.42
18.4601  1.34
18.4701  1.37
18.4801  1.39
18.4901  1.42
18.5001  1.34
18.5101  1.4
18.5201  1.37
18.5301  1.37
18.5401  1.34
18.5501  1.37
18.5601  1.35
18.5701  1.41
18.5801  1.28
18.5901  1.38
18.6001  1.36
18.6101  1.36
18.6201  1.37
18.6301  1.32
18.6401  1.35
18.6501  1.45
18.6601  1.27
18.6701  1.35
18.6801  1.31
18.6901  1.36
18.7001  1.37
18.7101  1.4
18.7201  1.42
18.7301  1.29
18.7401  1.34
18.7501  1.4
18.7601  1.34
18.7701  1.27
18.7801  1.37
18.7901  1.29
18.8001  1.4
18.8101  1.37
18.8201  1.36
18.8301  1.31
18.8401  1.32
18.8501  1.37
18.8601  1.35
18.8701  1.37
18.8801  1.41
18.8901  1.31
18.9001  1.37
18.9101  1.4
18.9201  1.32
18.9301  1.33
18.9401  1.32
18.9501  1.34
18.9601  1.38
18.9701  1.34
18.9801  1.41
18.9901  1.32
19.0001  1.38
19.0101  1.38
19.0201  1.38
19.0301  1.3
19.0401  1.46
19.0501  1.27
19.0601  1.36
19.0701  1.43
19.0801  1.32
19.0901  1.4
19.1001  1.39
19.1101  1.36
19.1201  1.35
19.1301  1.41
19.1401  1.35
19.1501  1.28
19.1601  1.47
19.1701  1.35
19.1801  1.39
19.1901  1.39
19.2001  1.37
19.2101  1.43
19.2201  1.38
19.2301  1.34
19.2401  1.38
19.2501  1.38
19.2601  1.35
19.2701  1.43
19.2801  1.39
19.2901  1.36
19.3001  1.44
19.3101  1.37
19.3201  1.39
19.3301  1.46
19.3401  1.32
19.3501  1.35
19.3601  1.4
19.3701  1.37
19.3801  1.35
19.3901  1.38
19.4001  1.39
19.4101  1.37
19.4201  1.36
19.4301  1.4
19.4401  1.4
19.4501  1.34
19.4601  1.45
19.4701  1.35
19.4801  1.39
19.4901  1.37
19.5001  1.38
19.5101  1.38
19.5201  1.39
19.5301  1.42
19.5401  1.32
19.5501  1.4
19.5601  1.36
19.5701  1.35
19.5801  1.36
19.5901  1.41
19.6001  1.37
19.6101  1.37
19.6201  1.38
19.6301  1.34
19.6401  1.31
19.6501  1.41
19.6601  1.35
19.6701  1.38
19.6801  1.34
19.6901  1.39
19.7001  1.33
19.7101  1.36
19.7201  1.38
19.7301  1.39
19.7401  1.35
19.7501  1.34
19.7601  1.36
19.7701  1.32
19.7801  1.3
19.7901  1.42
19.8001  1.38
19.8101  1.29
19.8201  1.3
19.8301  1.43
19.8401  1.36
19.8501  1.37
19.8601  1.33
19.8701  1.35
19.8801  1.4
19.8901  1.41
19.9001  1.36
19.9101  1.33
19.9201  1.36
19.9301  1.32
19.9401  1.32
19.9501  1.38
19.9601  1.28
19.9701  1.39
19.9801  1.35
19.9901  1.39
20.0001  1.32
20.0101  1.28
20.0201  1.4
20.0301  1.34
20.0401  1.38
20.0501  1.37
20.0601  1.37
20.0701  1.4
20.0801  1.37
20.0901  1.35
20.1001  1.36
20.1101  1.31
20.1201  1.4
20.1301  1.36
20.1401  1.34
20.1501  1.39
20.1601  1.32
20.1701  1.41
20.1801  1.38
20.1901  1.4
20.2001  1.37
20.2101  1.41
20.2201  1.31
20.2301  1.42
20.2401  1.4
20.2501  1.33
20.2601  1.39
20.2701  1.35
20.2801  1.35
20.2901  1.37
20.3001  1.44
20.3101  1.35
20.3201  1.4
20.3301  1.38
20.3401  1.31
20.3501  1.43
20.3601  1.34
20.3701  1.4
20.3801  1.33
20.3901  1.37
20.4001  1.42
20.4101  1.33
20.4201  1.43
20.4301  1.45
20.4401  1.36
20.4501  1.38
20.4601  1.42
20.4701  1.37
20.4801  1.38
20.4901  1.4
20.5001  1.34
20.5101  1.37
20.5201  1.32
20.5301  1.35
20.5401  1.44
20.5501  1.37
20.5601  1.4
20.5701  1.38
20.5801  1.34
20.5901  1.38
20.6001  1.42
20.6101  1.37
20.6201  1.32
20.6301  1.43
20.6401  1.33
20.6501  1.43
20.6601  1.39
20.6701  1.38
20.6801  1.29
20.6901  1.38
20.7001  1.36
20.7101  1.36
20.7201  1.36
20.7301  1.43
20.7401  1.27
20.7501  1.41
20.7601  1.32
20.7701  1.38
20.7801  1.42
20.7901  1.33
20.8001  1.32
20.8101  1.39
20.8201  1.34
20.8301  1.38
20.8401  1.34
20.8501  1.34
20.8601  1.45
20.8701  1.34
20.8801  1.35
20.8901  1.37
20.9001  1.37
20.9101  1.32
20.9201  1.37
20.9301  1.39
20.9401  1.38
20.9501  1.3
20.9601  1.35
20.9701  1.33
20.9801  1.32
20.9901  1.39
21.0001  1.35
21.0101  1.39
21.0201  1.35
21.0301  1.29
21.0401  1.43
21.0501  1.35
21.0601  1.39
21.0701  1.28
21.0801  1.41
21.0901  1.28
21.1001  1.36
21.1101  1.35
21.1201  1.37
21.1301  1.43
21.1401  1.36
21.1501  1.36
21.1601  1.34
21.1701  1.32
21.1801  1.39
21.1901  1.42
21.2001  1.34
21.2101  1.35
21.2201  1.38
21.2301  1.37
21.2401  1.41
21.2501  1.29
21.2601  1.4
21.2701  1.4
21.2801  1.39
21.2901  1.37
21.3001  1.38
21.3101  1.29
21.3201  1.37
21.3301  1.41
21.3401  1.35
21.3501  1.39
21.3601  1.35
21.3701  1.35
21.3801  1.36
21.3901  1.37
21.4001  1.45
21.4101  1.3
21.4201  1.4
21.4301  1.37
21.4401  1.41
21.4501  1.41
21.4601  1.34
21.4701  1.41
21.4801  1.32
21.4901  1.39
21.5001  1.37
21.5101  1.41
21.5201  1.33
21.5301  1.46
21.5401  1.39
21.5501  1.36
21.5601  1.37
21.5701  1.41
21.5801  1.41
21.5901  1.38
21.6001  1.31
21.6101  1.38
21.6201  1.37
21.6301  1.34
21.6401  1.41
21.6501  1.39
21.6601  1.39
21.6701  1.34
21.6801  1.39
21.6901  1.39
21.7001  1.32
21.7101  1.41
21.7201  1.34
21.7301  1.34
21.7401  1.36
21.7501  1.41
21.7601  1.38
21.7701  1.36
21.7801  1.36
21.7901  1.36
21.8001  1.43
21.8101  1.39
21.8201  1.4
21.8301  1.29
21.8401  1.35
21.8501  1.41
21.8601  1.34
21.8701  1.33
21.8801  1.39
21.8901  1.37
21.9001  1.46
21.9101  1.32
21.9201  1.31
21.9301  1.4
21.9401  1.38
21.9501  1.34
21.9601  1.36
21.9701  1.3
21.9801  1.39
21.9901  1.36
22.0001  1.34
22.0101  1.38
22.0201  1.35
22.0301  1.31
22.0401  1.36
22.0501  1.41
22.0601  1.39
22.0701  1.36
22.0801  1.32
22.0901  1.31
22.1001  1.38
22.1101  1.35
22.1201  1.39
22.1301  1.41
22.1401  1.28
22.1501  1.38
22.1601  1.38
22.1701  1.38
22.1801  1.29
22.1901  1.36
22.2001  1.39
22.2101  1.35
22.2201  1.39
22.2301  1.41
22.2401  1.29
22.2501  1.4
22.2601  1.34
22.2701  1.34
22.2801  1.34
22.2901  1.42
22.3001  1.36
22.3101  1.39
22.3201  1.33
22.3301  1.32
22.3401  1.42
22.3501  1.32
22.3601  1.37
22.3701  1.36
22.3801  1.42
22.3901  1.35
22.4001  1.37
22.4101  1.32
22.4201  1.39
22.4301  1.41
22.4401  1.4
22.4501  1.33
22.4601  1.37
22.4701  1.45
22.4801  1.32
22.4901  1.36
22.5001  1.38
22.5101  1.36
22.5201  1.42
22.5301  1.38
22.5401  1.35
22.5501  1.33
22.5601  1.38
22.5701  1.42
22.5801  1.3
22.5901  1.39
22.6001  1.39
22.6101  1.42
22.6201  1.39
22.6301  1.36
22.6401  1.45
22.6501  1.36
22.6601  1.31
22.6701  1.41
22.6801  1.37
22.6901  1.34
22.7001  1.36
22.7101  1.39
22.7201  1.37
22.7301  1.38
22.7401  1.34
22.7501  1.36
22.7601  1.41
22.7701  1.35
22.7801  1.35
22.7901  1.4
22.8001  1.39
22.8101  1.43
22.8201  1.34
22.8301  1.36
22.8401  1.33
22.8501  1.37
22.8601  1.41
22.8701  1.33
22.8801  1.36
22.8901  1.36
22.9001  1.44
22.9101  1.36
22.9201  1.41
22.9301  1.41
22.9401  1.34
22.9501  1.35
22.9601  1.37
22.9701  1.4
22.9801  1.29
22.9901  1.34
23.0001  1.36
23.0101  1.37
23.0201  1.33
23.0301  1.4
23.0401  1.4
23.0501  1.32
23.0601  1.42
23.0701  1.33
23.0801  1.35
23.0901  1.33
23.1001  1.35
23.1101  1.36
23.1201  1.38
23.1301  1.34
23.1401  1.34
23.1501  1.34
23.1601  1.39
23.1701  1.43
23.1801  1.32
23.1901  1.36
23.2001  1.4
23.2101  1.36
23.2201  1.42
23.2301  1.32
23.2401  1.38
23.2501  1.38
23.2601  1.29
23.2701  1.33
23.2801  1.41
23.2901  1.36
23.3001  1.31
23.3101  1.42
23.3201  1.33
23.3301  1.38
23.3401  1.27
23.3501  1.42
23.3601  1.36
23.3701  1.41
23.3801  1.28
23.3901  1.39
23.4001  1.41
23.4101  1.36
23.4201  1.35
23.4301  1.37
23.4401  1.37
23.4501  1.37
23.4601  1.37
23.4701  1.37
23.4801  1.4
23.4901  1.32
23.5001  1.44
23.5101  1.32
23.5201  1.43
23.5301  1.29
23.5401  1.35
23.5501  1.43
23.5601  1.39
23.5701  1.34
23.5801  1.35
23.5901  1.38
23.6001  1.34
23.6101  1.41
23.6201  1.35
23.6301  1.43
23.6401  1.35
23.6501  1.4
23.6601  1.42
23.6701  1.38
23.6801  1.36
23.6901  1.29
23.7001  1.42
23.7101  1.38
23.7201  1.32
23.7301  1.43
23.7401  1.35
23.7501  1.36
23.7601  1.36
23.7701  1.38
23.7801  1.34
23.7901  1.5
23.8001  1.38
23.8101  1.28
23.8201  1.4
23.8301  1.38
23.8401  1.34
23.8501  1.39
23.8601  1.37
23.8701  1.37
23.8801  1.45
23.8901  1.37
23.9001  1.36
23.9101  1.36
23.9201  1.35
23.9301  1.4
23.9401  1.32
23.9501  1.4
23.9601  1.37
23.9701  1.32
23.9801  1.43
23.9901  1.35
24.0001  1.36
24.0101  1.37
24.0201  1.31
24.0301  1.4
24.0401  1.37
24.0501  1.4
24.0601  1.39
24.0701  1.34
24.0801  1.36
24.0901  1.35
24.1001  1.33
24.1101  1.45
24.1201  1.32
24.1301  1.39
24.1401  1.33
24.1501  1.34
24.1601  1.32
24.1701  1.38
24.1801  1.41
24.1901  1.37
24.2001  1.33
24.2101  1.4
24.2201  1.37
24.2301  1.4
24.2401  1.31
24.2501  1.36
24.2601  1.36
24.2701  1.37
24.2801  1.41
24.2901  1.28
24.3001  1.37
24.3101  1.38
24.3201  1.31
24.3301  1.4
24.3401  1.33
24.3501  1.35
24.3601  1.44
24.3701  1.35
24.3801  1.35
24.3901  1.39
24.4001  1.36
24.4101  1.33
24.4201  1.37
24.4301  1.32
24.4401  1.38
24.4501  1.37
24.4601  1.33
24.4701  1.37
24.4801  1.33
24.4901  1.41
24.5001  1.36
24.5101  1.35
24.5201  1.45
24.5301  1.34
24.5401  1.31
24.5501  1.38
24.5601  1.38
24.5701  1.38
24.5801  1.41
24.5901  1.31
24.6001  1.42
24.6101  1.35
24.6201  1.37
24.6301  1.41
24.6401  1.31
24.6501  1.38
24.6601  1.39
24.6701  1.35
24.6801  1.35
24.6901  1.39
24.7001  1.37
24.7101  1.37
24.7201  1.34
24.7301  1.43
24.7401  1.33
24.7501  1.41
24.7601  1.38
24.7701  1.34
24.7801  1.37
24.7901  1.34
24.8001  1.44
24.8101  1.34
24.8201  1.39
24.8301  1.35
24.8401  1.43
24.8501  1.32
24.8601  1.35
24.8701  1.41
24.8801  1.35
24.8901  1.35
24.9001  1.39
24.9101  1.38
24.9201  1.38
24.9301  1.38
24.9401  1.41
24.9501  1.35
24.9601  1.41
24.9701  1.35
24.9801  1.37
24.9901  1.32
25.0001  1.41
25.0101  1.32
25.0201  1.41
25.0301  1.37
25.0401  1.41
25.0501  1.37
25.0601  1.38
25.0701  1.33
25.0801  1.33
25.0901  1.4
25.1001  1.37
25.1101  1.37
25.1201  1.34
25.1301  1.33
25.1401  1.35
25.1501  1.4
25.1601  1.38
25.1701  1.36
25.1801  1.38
25.1901  1.37
25.2001  1.35
25.2101  1.37
25.2201  1.36
25.2301  1.42
25.2401  1.33
25.2501  1.33
25.2601  1.41
25.2701  1.36
25.2801  1.33
25.2901  1.38
25.3001  1.38
25.3101  1.37
25.3201  1.35
25.3301  1.34
25.3401  1.36
25.3501  1.34
25.3601  1.38
25.3701  1.37
25.3801  1.35
25.3901  1.35
25.4001  1.38
25.4101  1.32
25.4201  1.35
25.4301  1.39
25.4401  1.41
25.4501  1.33
25.4601  1.37
25.4701  1.35
25.4801  1.39
25.4901  1.39
25.5001  1.31
25.5101  1.38
25.5201  1.43
25.5301  1.3
25.5401  1.34
25.5501  1.4
25.5601  1.34
25.5701  1.38
25.5801  1.37
25.5901  1.34
25.6001  1.36
25.6101  1.39
25.6201  1.38
25.6301  1.34
25.6401  1.41
25.6501  1.37
25.6601  1.38
25.6701  1.39
25.6801  1.37
25.6901  1.36
25.7001  1.32
25.7101  1.4
25.7201  1.34
25.7301  1.37
25.7401  1.42
25.7501  1.35
25.7601  1.3
25.7701  1.43
25.7801  1.34
25.7901  1.35
25.8001  1.39
25.8101  1.42
25.8201  1.31
25.8301  1.41
25.8401  1.44
25.8501  1.34
25.8601  1.38
25.8701  1.38
25.8801  1.33
25.8901  1.4
25.9001  1.36
25.9101  1.38
25.9201  1.31
25.9301  1.41
25.9401  1.35
25.9501  1.39
25.9601  1.39
25.9701  1.47
25.9801  1.34
25.9901  1.39
26.0001  1.31
26.0101  1.38
26.0201  1.35
26.0301  1.4
26.0401  1.44
26.0501  1.32
26.0601  1.32
26.0701  1.41
26.0801  1.4
26.0901  1.35
26.1001  1.4
26.1101  1.34
26.1201  1.37
26.1301  1.34
26.1401  1.35
26.1501  1.38
26.1601  1.34
26.1701  1.36
26.1801  1.35
26.1901  1.37
26.2001  1.38
26.2101  1.38
26.2201  1.35
26.2301  1.44
26.2401  1.32
26.2501  1.39
26.2601  1.38
26.2701  1.33
26.2801  1.38
26.2901  1.39
26.3001  1.34
26.3101  1.34
26.3201  1.41
26.3301  1.37
26.3401  1.38
26.3501  1.32
26.3601  1.38
26.3701  1.35
26.3801  1.29
26.3901  1.35
26.4001  1.36
26.4101  1.36
26.4201  1.44
26.4301  1.34
26.4401  1.39
26.4501  1.38
26.4601  1.32
26.4701  1.4
26.4801  1.33
26.4901  1.34
26.5001  1.41
26.5101  1.3
26.5201  1.35
26.5301  1.41
26.5401  1.34
26.5501  1.34
26.5601  1.37
26.5701  1.39
26.5801  1.3
26.5901  1.44
26.6001  1.31
26.6101  1.4
26.6201  1.4
26.6301  1.35
26.6401  1.38
26.6501  1.33
26.6601  1.37
26.6701  1.38
26.6801  1.42
26.6901  1.37
26.7001  1.35
26.7101  1.34
26.7201  1.39
26.7301  1.39
26.7401  1.37
26.7501  1.3
26.7601  1.4
26.7701  1.37
26.7801  1.32
26.7901  1.39
26.8001  1.33
26.8101  1.39
26.8201  1.39
26.8301  1.35
26.8401  1.4
26.8501  1.31
26.8601  1.45
26.8701  1.31
26.8801  1.38
26.8901  1.42
26.9001  1.29
26.9101  1.44
26.9201  1.38
26.9301  1.36
26.9401  1.38
26.9501  1.29
26.9601  1.41
26.9701  1.43
26.9801  1.38
26.9901  1.36
27.0001  1.37
27.0101  1.39
27.0201  1.3
27.0301  1.41
27.0401  1.37
27.0501  1.34
27.0601  1.39
27.0701  1.38
27.0801  1.38
27.0901  1.43
27.1001  1.34
27.1101  1.34
27.1201  1.31
27.1301  1.45
27.1401  1.34
27.1501  1.35
27.1601  1.4
27.1701  1.33
27.1801  1.35
27.1901  1.39
27.2001  1.4
27.2101  1.38
27.2201  1.39
27.2301  1.32
27.2401  1.37
27.2501  1.33
27.2601  1.4
27.2701  1.36
27.2801  1.43
27.2901  1.35
27.3001  1.35
27.3101  1.38
27.3201  1.31
27.3301  1.39
27.3401  1.38
27.3501  1.33
27.3601  1.44
27.3701  1.33
27.3801  1.34
27.3901  1.37
27.4001  1.35
27.4101  1.37
27.4201  1.32
27.4301  1.42
27.4401  1.36
27.4501  1.35
27.4601  1.39
27.4701  1.39
27.4801  1.39
27.4901  1.35
27.5001  1.32
27.5101  1.38
27.5201  1.39
27.5301  1.38
27.5401  1.32
27.5501  1.35
27.5601  1.32
27.5701  1.35
27.5801  1.38
27.5901  1.39
27.6001  1.36
27.6101  1.37
27.6201  1.38
27.6301  1.34
27.6401  1.42
27.6501  1.32
27.6601  1.38
27.6701  1.29
27.6801  1.4
27.6901  1.35
27.7001  1.44
27.7101  1.39
27.7201  1.4
27.7301  1.33
27.7401  1.39
27.7501  1.37
27.7601  1.31
27.7701  1.39
27.7801  1.35
27.7901  1.38
27.8001  1.4
27.8101  1.34
27.8201  1.34
27.8301  1.43
27.8401  1.36
27.8501  1.33
27.8601  1.34
27.8701  1.44
27.8801  1.34
27.8901  1.36
27.9001  1.4
27.9101  1.34
27.9201  1.35
27.9301  1.45
27.9401  1.34
27.9501  1.37
27.9601  1.36
27.9701  1.37
27.9801  1.32
27.9901  1.37
28.0001  1.38
28.0101  1.43
28.0201  1.34
28.0301  1.31
28.0401  1.41
28.0501  1.38
28.0601  1.47
28.0701  1.32
28.0801  1.36
28.0901  1.44
28.1001  1.28
28.1101  1.4
28.1201  1.37
28.1301  1.39
28.1401  1.34
28.1501  1.38
28.1601  1.38
28.1701  1.39
28.1801  1.35
28.1901  1.37
28.2001  1.35
28.2101  1.35
28.2201  1.38
28.2301  1.37
28.2401  1.28
28.2501  1.38
28.2601  1.39
28.2701  1.35
28.2801  1.38
28.2901  1.39
28.3001  1.38
28.3101  1.34
28.3201  1.47
28.3301  1.32
28.3401  1.37
28.3501  1.39
28.3601  1.33
28.3701  1.42
28.3801  1.33
28.3901  1.41
28.4001  1.33
28.4101  1.41
28.4201  1.35
28.4301  1.32
28.4401  1.34
28.4501  1.34
28.4601  1.39
28.4701  1.37
28.4801  1.34
28.4901  1.39
28.5001  1.39
28.5101  1.3
28.5201  1.41
28.5301  1.38
28.5401  1.38
28.5501  1.37
28.5601  1.33
28.5701  1.39
28.5801  1.35
28.5901  1.33
28.6001  1.42
28.6101  1.34
28.6201  1.35
28.6301  1.34
28.6401  1.42
28.6501  1.32
28.6601  1.45
28.6701  1.28
28.6801  1.41
28.6901  1.39
28.7001  1.37
28.7101  1.34
28.7201  1.33
28.7301  1.4
28.7401  1.38
28.7501  1.43
28.7601  1.34
28.7701  1.36
28.7801  1.33
28.7901  1.41
28.8001  1.38
28.8101  1.33
28.8201  1.4
28.8301  1.32
28.8401  1.34
28.8501  1.4
28.8601  1.32
28.8701  1.39
28.8801  1.38
28.8901  1.31
28.9001  1.4
28.9101  1.41
28.9201  1.34
28.9301  1.33
28.9401  1.44
28.9501  1.39
28.9601  1.34
28.9701  1.36
28.9801  1.31
28.9901  1.41
29.0001  1.38
29.0101  1.37
29.0201  1.36
29.0301  1.36
29.0401  1.37
29.0501  1.39
29.0601  1.37
29.0701  1.39
29.0801  1.31
29.0901  1.41
29.1001  1.37
29.1101  1.42
29.1201  1.3
29.1301  1.38
29.1401  1.41
29.1501  1.39
29.1601  1.34
29.1701  1.34
29.1801  1.39
29.1901  1.33
29.2001  1.38
29.2101  1.38
29.2201  1.36
29.2301  1.32
29.2401  1.38
29.2501  1.34
29.2601  1.44
29.2701  1.4
29.2801  1.33
29.2901  1.38
29.3001  1.36
29.3101  1.33
29.3201  1.41
29.3301  1.38
29.3401  1.38
29.3501  1.38
29.3601  1.35
29.3701  1.4
29.3801  1.34
29.3901  1.33
29.4001  1.37
29.4101  1.38
29.4201  1.39
29.4301  1.39
29.4401  1.39
29.4501  1.39
29.4601  1.35
29.4701  1.32
29.4801  1.4
29.4901  1.35
29.5001  1.37
29.5101  1.36
29.5201  1.36
29.5301  1.29
29.5401  1.45
29.5501  1.36
29.5601  1.43
29.5701  1.34
29.5801  1.37
29.5901  1.33
29.6001  1.42
29.6101  1.41
29.6201  1.29
29.6301  1.33
29.6401  1.35
29.6501  1.39
29.6601  1.38
29.6701  1.32
29.6801  1.43
29.6901  1.33
29.7001  1.38
29.7101  1.3
29.7201  1.4
29.7301  1.34
29.7401  1.41
29.7501  1.41
29.7601  1.39
29.7701  1.36
29.7801  1.37
29.7901  1.39
29.8001  1.34
29.8101  1.38
29.8201  1.3
29.8301  1.43
29.8401  1.31
29.8501  1.46
29.8601  1.33
29.8701  1.4
29.8801  1.36
29.8901  1.31
29.9001  1.39
29.9101  1.37
29.9201  1.3
29.9301  1.35
29.9401  1.4
29.9501  1.34
29.9601  1.45
29.9701  1.29
29.9801  1.36
29.9901  1.34
30.0001  1.4
30.0101  1.38
30.0201  1.33
30.0301  1.4
30.0401  1.36
30.0501  1.37
30.0601  1.37
30.0701  1.41
30.0801  1.29
30.0901  1.36
30.1001  1.36
30.1101  1.4
30.1201  1.36
30.1301  1.37
30.1401  1.43
30.1501  1.44
30.1601  1.38
30.1701  1.35
30.1801  1.32
30.1901  1.32
30.2001  1.4
30.2101  1.35
30.2201  1.32
30.2301  1.36
30.2401  1.36
30.2501  1.38
30.2601  1.37
30.2701  1.37
30.2801  1.36
30.2901  1.46
30.3001  1.38
30.3101  1.28
30.3201  1.31
30.3301  1.4
30.3401  1.41
30.3501  1.38
30.3601  1.38
30.3701  1.38
30.3801  1.34
30.3901  1.38
30.4001  1.38
30.4101  1.43
30.4201  1.28
30.4301  1.35
30.4401  1.4
30.4501  1.45
30.4601  1.33
30.4701  1.33
30.4801  1.39
30.4901  1.27
30.5001  1.37
30.5101  1.39
30.5201  1.4
30.5301  1.42
30.5401  1.36
30.5501  1.38
30.5601  1.38
30.5701  1.38
30.5801  1.39
30.5901  1.34
30.6001  1.36
30.6101  1.38
30.6201  1.32
30.6301  1.37
30.6401  1.35
30.6501  1.34
30.6601  1.36
30.6701  1.37
30.6801  1.35
30.6901  1.36
30.7001  1.45
30.7101  1.33
30.7201  1.37
30.7301  1.34
30.7401  1.42
30.7501  1.33
30.7601  1.45
30.7701  1.27
30.7801  1.38
30.7901  1.39
30.8001  1.4
30.8101  1.32
30.8201  1.41
30.8301  1.37
30.8401  1.34
30.8501  1.43
30.8601  1.31
30.8701  1.42
30.8801  1.33
30.8901  1.34
30.9001  1.34
30.9101  1.39
30.9201  1.4
30.9301  1.32
30.9401  1.39
30.9501  1.4
30.9601  1.37
30.9701  1.29
30.9801  1.39
30.9901  1.33
31.0001  1.41
31.0101  1.35
31.0201  1.43
31.0301  1.35
31.0401  1.37
31.0501  1.32
31.0601  1.34
31.0701  1.41
31.0801  1.38
31.0901  1.38
31.1001  1.32
31.1101  1.35
31.1201  1.33
31.1301  1.39
31.1401  1.37
31.1501  1.4
31.1601  1.36
31.1701  1.33
31.1801  1.41
31.1901  1.34
31.2001  1.48
31.2101  1.39
31.2201  1.34
31.2301  1.33
31.2401  1.44
31.2501  1.29
31.2601  1.41
31.2701  1.31
31.2801  1.38
31.2901  1.38
31.3001  1.34
31.3101  1.34
31.3201  1.4
31.3301  1.37
31.3401  1.39
31.3501  1.4
31.3601  1.36
31.3701  1.36
31.3801  1.36
31.3901  1.35
31.4001  1.39
31.4101  1.34
31.4201  1.39
31.4301  1.35
31.4401  1.36
31.4501  1.37
31.4601  1.38
31.4701  1.31
31.4801  1.4
31.4901  1.36
31.5001  1.44
31.5101  1.34
31.5201  1.4
31.5301  1.29
31.5401  1.47
31.5501  1.34
31.5601  1.3
31.5701  1.42
31.5801  1.35
31.5901  1.39
31.6001  1.34
31.6101  1.42
31.6201  1.37
31.6301  1.42
31.6401  1.29
31.6501  1.38
31.6601  1.37
31.6701  1.33
31.6801  1.38
31.6901  1.31
31.7001  1.38
31.7101  1.43
31.7201  1.34
31.7301  1.32
31.7401  1.44
31.7501  1.34
31.7601  1.35
31.7701  1.38
31.7801  1.33
31.7901  1.38
31.8001  1.38
31.8101  1.38
31.8201  1.36
31.8301  1.4
31.8401  1.39
31.8501  1.3
31.8601  1.35
31.8701  1.44
31.8801  1.33
31.8901  1.36
31.9001  1.32
31.9101  1.44
31.9201  1.36
31.9301  1.37
31.9401  1.39
31.9501  1.45
31.9601  1.31
31.9701  1.31
31.9801  1.36
31.9901  1.43
32.0001  1.3
32.0101  1.36
32.0201  1.42
32.0301  1.32
32.0401  1.41
32.0501  1.35
32.0601  1.34
32.0701  1.37
32.0801  1.36
32.0901  1.35
32.1001  1.32
32.1101  1.41
32.1201  1.34
32.1301  1.39
32.1401  1.41
32.1501  1.34
32.1601  1.28
32.1701  1.4
32.1801  1.4
32.1901  1.37
32.2001  1.37
32.2101  1.37
32.2201  1.36
32.2301  1.44
32.2401  1.39
32.2501  1.35
32.2601  1.37
32.2701  1.42
32.2801  1.35
32.2901  1.36
32.3001  1.35
32.3101  1.29
32.3201  1.35
32.3301  1.35
32.3401  1.41
32.3501  1.39
32.3601  1.36
32.3701  1.37
32.3801  1.34
32.3901  1.31
32.4001  1.43
32.4101  1.39
32.4201  1.34
32.4301  1.35
32.4401  1.35
32.4501  1.45
32.4601  1.36
32.4701  1.4
32.4801  1.36
32.4901  1.34
32.5001  1.32
32.5101  1.37
32.5201  1.37
32.5301  1.36
32.5401  1.42
32.5501  1.38
32.5601  1.35
32.5701  1.34
32.5801  1.37
32.5901  1.34
32.6001  1.41
32.6101  1.33
32.6201  1.43
32.6301  1.31
32.6401  1.47
32.6501  1.39
32.6601  1.32
32.6701  1.37
32.6801  1.32
32.6901  1.34
32.7001  1.37
32.7101  1.39
32.7201  1.4
32.7301  1.3
32.7401  1.45
32.7501  1.31
32.7601  1.37
32.7701  1.36
32.7801  1.42
32.7901  1.35
32.8001  1.29
32.8101  1.41
32.8201  1.41
32.8301  1.4
32.8401  1.37
32.8501  1.39
32.8601  1.33
32.8701  1.32
32.8801  1.42
32.8901  1.3
32.9001  1.42
32.9101  1.39
32.9201  1.25
32.9301  1.42
32.9401  1.39
32.9501  1.39
32.9601  1.33
32.9701  1.37
32.9801  1.37
32.9901  1.36
33.0001  1.42
33.0101  1.38
33.0201  1.38
33.0301  1.34
33.0401  1.37
33.0501  1.33
33.0601  1.4
33.0701  1.39
33.0801  1.36
33.0901  1.31
33.1001  1.4
33.1101  1.39
33.1201  1.36
33.1301  1.3
33.1401  1.39
33.1501  1.37
33.1601  1.35
33.1701  1.38
33.1801  1.32
33.1901  1.41
33.2001  1.39
33.2101  1.37
33.2201  1.35
33.2301  1.36
33.2401  1.35
33.2501  1.38
33.2601  1.33
33.2701  1.39
33.2801  1.33
33.2901  1.45
33.3001  1.39
33.3101  1.38
33.3201  1.39
33.3301  1.37
33.3401  1.38
33.3501  1.32
33.3601  1.37
33.3701  1.29
33.3801  1.41
33.3901  1.42
33.4001  1.37
33.4101  1.33
33.4201  1.36
33.4301  1.35
33.4401  1.37
33.4501  1.33
33.4601  1.34
33.4701  1.47
33.4801  1.32
33.4901  1.39
33.5001  1.38
33.5101  1.34
33.5201  1.35
33.5301  1.4
33.5401  1.38
33.5501  1.33
33.5601  1.33
33.5701  1.4
33.5801  1.34
33.5901  1.37
33.6001  1.4
33.6101  1.41
33.6201  1.35
33.6301  1.4
33.6401  1.3
33.6501  1.33
33.6601  1.42
33.6701  1.35
33.6801  1.35
33.6901  1.4
33.7001  1.38
33.7101  1.46
33.7201  1.28
33.7301  1.39
33.7401  1.36
33.7501  1.33
33.7601  1.39
33.7701  1.4
33.7801  1.34
33.7901  1.4
33.8001  1.31
33.8101  1.4
33.8201  1.36
33.8301  1.33
33.8401  1.38
33.8501  1.31
33.8601  1.39
33.8701  1.3
33.8801  1.42
33.8901  1.39
33.9001  1.38
33.9101  1.37
33.9201  1.38
33.9301  1.41
33.9401  1.36
33.9501  1.34
33.9601  1.37
33.9701  1.31
33.9801  1.4
33.9901  1.33
34.0001  1.38
34.0101  1.39
34.0201  1.37
34.0301  1.36
34.0401  1.35
34.0501  1.37
34.0601  1.37
34.0701  1.44
34.0801  1.37
34.0901  1.39
34.1001  1.34
34.1101  1.33
34.1201  1.37
34.1301  1.32
34.1401  1.43
34.1501  1.38
34.1601  1.31
34.1701  1.39
34.1801  1.3
34.1901  1.36
34.2001  1.42
34.2101  1.3
34.2201  1.45
34.2301  1.37
34.2401  1.37
34.2501  1.32
34.2601  1.34
34.2701  1.4
34.2801  1.4
34.2901  1.35
34.3001  1.37
34.3101  1.37
34.3201  1.37
34.3301  1.31
34.3401  1.41
34.3501  1.45
34.3601  1.38
34.3701  1.3
34.3801  1.35
34.3901  1.41
34.4001  1.37
34.4101  1.36
34.4201  1.37
34.4301  1.39
34.4401  1.32
34.4501  1.41
34.4601  1.37
34.4701  1.34
34.4801  1.44
34.4901  1.35
34.5  1.28
34.51  1.35
34.52  1.36
34.53  1.44
34.54  1.36
34.55  1.36
34.56  1.35
34.57  1.34
34.58  1.42
34.59  1.4
34.6  1.33
34.61  1.35
34.62  1.46
34.63  1.33
34.64  1.38
34.65  1.38
34.66  1.34
34.67  1.35
34.68  1.41
34.69  1.29
34.7  1.4
34.71  1.36
34.72  1.4
34.73  1.36
34.74  1.34
34.75  1.46
34.76  1.4
34.77  1.31
34.78  1.36
34.79  1.38
34.8  1.41
34.81  1.33
34.82  1.32
34.83  1.37
34.84  1.41
34.85  1.37
34.86  1.39
34.87  1.32
34.88  1.36
34.89  1.35
34.9  1.39
34.91  1.39
34.92  1.39
34.93  1.37
34.94  1.26
34.95  1.44
34.96  1.4
34.97  1.36
34.98  1.39
34.99  1.36
35  1.37
35.01  1.35
35.02  1.32
35.03  1.44
35.04  1.32
35.05  1.36
35.06  1.34
35.07  1.36
35.08  1.37
35.09  1.35
35.1  1.32
35.11  1.4
35.12  1.44
35.13  1.33
35.14  1.44
35.15  1.37
35.16  1.29
35.17  1.35
35.18  1.44
35.19  1.35
35.2  1.44
35.21  1.39
35.22  1.34
35.23  1.37
35.24  1.28
35.25  1.38
35.26  1.31
35.27  1.36
35.28  1.33
35.29  1.45
35.3  1.35
35.31  1.37
35.32  1.35
35.33  1.39
35.34  1.37
35.35  1.34
35.36  1.34
35.37  1.37
35.38  1.44
35.39  1.36
35.4  1.36
35.41  1.29
35.42  1.43
35.43  1.32
35.44  1.43
35.45  1.33
35.46  1.34
35.47  1.42
35.48  1.31
35.49  1.41
35.5  1.35
35.51  1.41
35.52  1.38
35.53  1.32
35.54  1.33
35.55  1.41
35.56  1.41
35.57  1.31
35.58  1.36
35.59  1.34
35.6  1.4
35.61  1.42
35.62  1.4
35.63  1.29
35.64  1.36
35.65  1.39
35.66  1.32
35.67  1.33
35.68  1.45
35.69  1.35
35.7  1.35
35.71  1.38
35.72  1.37
35.73  1.45
35.74  1.28
35.75  1.41
35.76  1.32
35.77  1.41
35.78  1.42
35.79  1.33
35.8  1.35
35.81  1.43
35.82  1.4
35.83  1.31
35.84  1.36
35.85  1.36
35.86  1.38
35.87  1.36
35.88  1.32
35.89  1.33
35.9  1.45
35.91  1.34
35.92  1.38
35.93  1.35
35.94  1.4
35.95  1.44
35.96  1.3
35.97  1.4
35.98  1.33
35.99  1.39
36  1.31
36.01  1.41
36.02  1.43
36.03  1.3
36.04  1.38
36.05  1.41
36.06  1.28
36.07  1.39
36.08  1.39
36.09  1.38
36.1  1.39
36.11  1.34
36.12  1.41
36.13  1.28
36.14  1.34
36.15  1.4
36.16  1.37
36.17  1.4
36.18  1.34
36.19  1.41
36.2  1.44
36.21  1.34
36.22  1.42
36.23  1.31
36.24  1.4
36.25  1.37
36.26  1.4
36.27  1.32
36.28  1.29
36.29  1.32
36.3  1.41
36.31  1.37
36.32  1.38
36.33  1.36
36.34  1.37
36.35  1.44
36.36  1.28
36.37  1.44
36.38  1.33
36.39  1.35
36.4  1.38
36.41  1.37
36.42  1.36
36.43  1.41
36.44  1.34
36.45  1.43
36.46  1.29
36.47  1.39
36.48  1.35
36.49  1.4
36.5  1.34
36.51  1.34
36.52  1.37
36.53  1.33
36.54  1.45
36.55  1.31
36.56  1.38
36.57  1.37
36.58  1.36
36.59  1.44
36.6  1.28
36.61  1.44
36.62  1.29
36.63  1.37
36.64  1.4
36.65  1.34
36.66  1.38
36.67  1.39
36.68  1.32
36.69  1.46
36.7  1.35
36.71  1.35
36.72  1.38
36.73  1.32
36.74  1.3
36.75  1.42
36.76  1.35
36.77  1.36
36.78  1.38
36.79  1.36
36.8  1.4
36.81  1.36
36.82  1.34
36.83  1.33
36.84  1.43
36.85  1.36
36.86  1.37
36.87  1.36
36.88  1.41
36.89  1.34
36.9  1.29
36.91  1.46
36.92  1.28
36.93  1.41
36.94  1.34
36.95  1.4
36.96  1.35
36.97  1.38
36.98  1.37
36.99  1.38
37  1.35
37.01  1.33
37.02  1.37
37.03  1.38
37.04  1.42
37.05  1.37
37.06  1.32
37.07  1.44
37.08  1.29
37.09  1.4
37.1  1.4
37.11  1.34
37.12  1.35
37.13  1.41
37.14  1.35
37.15  1.36
37.16  1.34
37.17  1.38
37.18  1.4
37.19  1.33
37.2  1.36
37.21  1.35
37.22  1.36
37.23  1.35
37.24  1.42
37.25  1.43
37.26  1.37
37.27  1.33
37.28  1.39
37.29  1.34
37.3  1.39
37.31  1.43
37.32  1.33
37.33  1.43
37.34  1.29
37.35  1.42
37.36  1.38
37.37  1.33
37.38  1.41
37.39  1.31
37.4  1.37
37.41  1.45
37.42  1.34
37.43  1.28
37.44  1.42
37.45  1.36
37.46  1.39
37.47  1.38
37.48  1.36
37.49  1.33
37.5  1.36
37.51  1.3
37.52  1.4
37.53  1.4
37.54  1.46
37.55  1.32
37.56  1.38
37.57  1.41
37.58  1.31
37.59  1.37
37.6  1.33
37.61  1.34
37.62  1.36
37.63  1.36
37.64  1.46
37.65  1.4
37.66  1.39
37.67  1.35
37.68  1.34
37.69  1.37
37.7  1.35
37.71  1.44
37.72  1.36
37.73  1.37
37.74  1.37
37.75  1.3
37.76  1.39
37.77  1.39
37.78  1.31
37.79  1.46
37.8  1.3
37.81  1.32
37.82  1.44
37.83  1.28
37.84  1.35
37.85  1.41
37.86  1.34
37.87  1.37
37.88  1.36
37.89  1.33
37.9  1.42
37.91  1.37
37.92  1.36
37.93  1.34
37.94  1.42
37.95  1.34
37.96  1.41
37.97  1.34
37.98  1.36
37.99  1.32
38  1.41
38.01  1.4
38.02  1.36
38.03  1.33
38.04  1.37
38.05  1.43
38.06  1.32
38.07  1.37
38.08  1.4
38.09  1.33
38.1  1.3
38.11  1.32
38.12  1.36
38.13  1.4
38.14  1.4
38.15  1.4
38.16  1.35
38.17  1.33
38.18  1.39
38.19  1.43
38.2  1.3
38.21  1.32
38.22  1.45
38.23  1.32
38.24  1.34
38.25  1.47
38.26  1.31
38.27  1.42
38.28  1.27
38.29  1.39
38.3  1.38
38.31  1.3
38.32  1.31
38.33  1.48
38.34  1.39
38.35  1.32
38.36  1.38
38.37  1.39
38.38  1.38
38.39  1.36
38.4  1.37
38.41  1.37
38.42  1.44
38.43  1.32
38.44  1.32
38.45  1.39
38.46  1.37
38.47  1.39
38.48  1.36
38.49  1.42
38.5  1.25
38.51  1.44
38.52  1.39
38.53  1.42
38.54  1.32
38.55  1.29
38.56  1.44
38.57  1.36
38.58  1.33
38.59  1.44
38.6  1.31
38.61  1.34
38.62  1.4
38.63  1.35
38.64  1.4
38.65  1.4
38.66  1.37
38.67  1.35
38.68  1.36
38.69  1.34
38.7  1.42
38.71  1.31
38.72  1.38
38.73  1.39
38.74  1.44
38.75  1.34
38.76  1.4
38.77  1.36
38.78  1.35
38.79  1.36
38.8  1.33
38.81  1.42
38.82  1.39
38.83  1.33
38.84  1.32
38.85  1.41
38.86  1.38
38.87  1.37
38.88  1.36
38.89  1.44
38.9  1.28
38.91  1.36
38.92  1.34
38.93  1.4
38.94  1.32
38.95  1.38
38.96  1.39
38.97  1.34
38.98  1.33
38.99  1.47
39  1.42
39.01  1.34
39.02  1.33
39.03  1.42
39.04  1.33
39.05  1.3
39.06  1.37
39.07  1.39
39.08  1.35
39.09  1.34
39.1  1.33
39.11  1.45
39.12  1.38
39.13  1.34
39.14  1.35
39.15  1.43
39.16  1.37
39.17  1.35
39.18  1.35
39.19  1.35
39.2  1.36
39.21  1.36
39.22  1.34
39.23  1.44
39.24  1.33
39.25  1.33
39.26  1.49
39.27  1.33
39.28  1.39
39.29  1.32
39.3  1.39
39.31  1.32
39.32  1.32
39.33  1.36
39.34  1.38
39.35  1.32
39.36  1.39
39.37  1.4
39.38  1.38
39.39  1.37
39.4  1.31
39.41  1.37
39.42  1.41
39.43  1.38
39.44  1.37
39.45  1.38
39.46  1.34
39.47  1.4
39.48  1.41
39.49  1.33
39.5  1.35
39.51  1.38
39.52  1.39
39.53  1.36
39.54  1.32
39.55  1.43
39.56  1.34
39.57  1.39
39.58  1.34
39.59  1.38
39.6  1.29
39.61  1.34
39.62  1.49
39.63  1.35
39.64  1.31
39.65  1.42
39.66  1.36
39.67  1.38
39.68  1.34
39.69  1.39
39.7  1.32
39.71  1.36
39.72  1.34
39.73  1.39
39.74  1.31
39.75  1.44
39.76  1.37
39.77  1.39
39.78  1.31
39.79  1.43
39.8  1.35
39.81  1.39
39.82  1.32
39.83  1.43
39.84  1.35
39.85  1.4
39.86  1.36
39.87  1.41
39.88  1.36
39.89  1.33
39.9  1.37
39.91  1.4
39.92  1.35
39.93  1.36
39.94  1.36
39.95  1.41
39.96  1.33
39.97  1.38
39.98  1.33
39.99  1.4
40  1.39
40.01  1.36
40.02  1.3
40.03  1.45
40.04  1.36
40.05  1.33
40.06  1.34
40.07  1.41
40.08  1.34
40.09  1.34
40.1  1.37
40.11  1.43
40.12  1.38
40.13  1.4
40.14  1.34
40.15  1.34
40.16  1.35
40.17  1.37
40.18  1.4
40.19  1.34
40.2  1.36
40.21  1.44
40.22  1.34
40.23  1.36
40.24  1.39
40.25  1.32
40.26  1.43
40.27  1.33
40.28  1.42
40.29  1.31
40.3  1.4
40.31  1.36
40.32  1.38
40.33  1.37
40.34  1.32
40.35  1.37
40.36  1.4
40.37  1.36
40.38  1.36
40.39  1.37
40.4  1.36
40.41  1.35
40.42  1.38
40.43  1.39
40.44  1.35
40.45  1.4
40.46  1.34
40.47  1.34
40.48  1.37
40.49  1.35
40.5  1.42
40.51  1.36
40.52  1.36
40.53  1.41
40.54  1.37
40.55  1.34
40.56  1.36
40.57  1.33
40.58  1.32
40.59  1.45
40.6  1.32
40.61  1.39
40.62  1.36
40.63  1.4
40.64  1.34
40.65  1.39
40.66  1.36
40.67  1.39
40.68  1.33
40.69  1.45
40.7  1.34
40.71  1.36
40.72  1.32
40.73  1.46
40.74  1.37
40.75  1.33
40.76  1.38
40.77  1.33
40.78  1.31
40.79  1.4
40.8  1.35
40.81  1.38
40.82  1.37
40.83  1.37
40.84  1.35
40.85  1.41
40.86  1.34
40.87  1.39
40.88  1.4
40.89  1.32
40.9  1.39
40.91  1.3
40.92  1.39
40.93  1.36
40.94  1.35
40.95  1.37
40.96  1.4
40.97  1.3
40.98  1.49
40.99  1.41
41  1.31
41.01  1.4
41.02  1.37
41.03  1.32
41.04  1.39
41.05  1.37
41.06  1.4
41.07  1.24
41.08  1.38
41.09  1.4
41.1  1.36
41.11  1.38
41.12  1.36
41.13  1.34
41.14  1.39
41.15  1.46
41.16  1.36
41.17  1.34
41.18  1.33
41.19  1.39
41.2  1.38
41.21  1.44
41.22  1.29
41.23  1.32
41.24  1.4
41.25  1.32
41.26  1.33
41.27  1.32
41.28  1.39
41.29  1.41
41.3  1.39
41.31  1.41
41.32  1.31
41.33  1.38
41.34  1.41
41.35  1.41
41.36  1.37
41.37  1.41
41.38  1.35
41.39  1.42
41.4  1.29
41.41  1.36
41.42  1.37
41.43  1.34
41.44  1.39
41.45  1.35
41.46  1.37
41.47  1.35
41.48  1.44
41.49  1.3
41.5  1.38
41.51  1.3
41.52  1.38
41.53  1.4
41.54  1.33
41.55  1.43
41.56  1.34
41.57  1.36
41.58  1.42
41.59  1.41
41.6  1.3
41.61  1.43
41.62  1.4
41.63  1.33
41.64  1.32
41.65  1.34
41.66  1.4
41.67  1.39
41.68  1.36
41.69  1.35
41.7  1.36
41.71  1.39
41.72  1.32
41.73  1.35
41.74  1.45
41.75  1.26
41.76  1.43
41.77  1.34
41.78  1.44
41.79  1.37
41.8  1.41
41.81  1.38
41.82  1.35
41.83  1.32
41.84  1.42
41.85  1.33
41.86  1.38
41.87  1.36
41.88  1.32
41.89  1.38
41.9  1.39
41.91  1.32
41.92  1.37
41.93  1.34
41.94  1.29
41.95  1.4
41.96  1.46
41.97  1.43
41.98  1.36
41.99  1.32
42  1.34
42.01  1.36
42.02  1.4
42.03  1.4
42.04  1.33
42.05  1.3
42.06  1.44
42.07  1.35
42.08  1.34
42.09  1.37
42.1  1.44
42.11  1.36
42.12  1.39
42.13  1.31
42.14  1.41
42.15  1.37
42.16  1.33
42.17  1.43
42.18  1.29
42.19  1.39
42.2  1.38
42.21  1.29
42.22  1.35
42.23  1.43
42.24  1.38
42.25  1.33
42.26  1.33
42.27  1.43
42.28  1.35
42.29  1.36
42.3  1.39
42.31  1.37
42.32  1.35
42.33  1.35
42.34  1.38
42.35  1.36
42.36  1.38
42.37  1.35
42.38  1.44
42.39  1.33
42.4  1.34
42.41  1.33
42.42  1.46
42.43  1.34
42.44  1.34
42.45  1.38
42.46  1.37
42.47  1.29
42.48  1.45
42.49  1.37
42.5  1.36
42.51  1.39
42.52  1.36
42.53  1.32
42.54  1.41
42.55  1.33
42.56  1.39
42.57  1.37
42.58  1.37
42.59  1.37
42.6  1.43
42.61  1.31
42.62  1.32
42.63  1.38
42.64  1.33
42.65  1.36
42.66  1.47
42.67  1.34
42.68  1.32
42.69  1.43
42.7  1.3
42.71  1.41
42.72  1.36
42.73  1.35
42.74  1.39
42.75  1.32
42.76  1.38
42.77  1.38
42.78  1.37
42.79  1.33
42.8  1.36
42.81  1.33
42.82  1.46
42.83  1.34
42.84  1.37
42.85  1.45
42.86  1.35
42.87  1.4
42.88  1.36
42.89  1.3
42.9  1.42
42.91  1.32
42.92  1.43
42.93  1.33
42.94  1.36
42.95  1.34
42.96  1.41
42.97  1.39
42.98  1.3
42.99  1.37
43  1.33
43.01  1.46
43.02  1.41
43.03  1.32
43.04  1.33
43.05  1.38
43.06  1.39
43.07  1.35
43.08  1.32
43.09  1.4
43.1  1.32
43.11  1.46
43.12  1.38
43.13  1.35
43.14  1.3
43.15  1.37
43.16  1.37
43.17  1.42
43.18  1.35
43.19  1.41
43.2  1.36
43.21  1.46
43.22  1.32
43.23  1.36
43.24  1.45
43.25  1.22
43.26  1.43
43.27  1.3
43.28  1.45
43.29  1.36
43.3  1.38
43.31  1.36
43.32  1.41
43.33  1.31
43.34  1.39
43.35  1.39
43.36  1.33
43.37  1.35
43.38  1.47
43.39  1.25
43.4  1.32
43.41  1.36
43.42  1.43
43.43  1.33
43.44  1.41
43.45  1.29
43.46  1.4
43.47  1.41
43.48  1.36
43.49  1.34
43.5  1.4
43.51  1.35
43.52  1.38
43.53  1.41
43.54  1.31
43.55  1.38
43.56  1.37
43.57  1.4
43.58  1.34
43.59  1.37
43.6  1.37
43.61  1.36
43.62  1.43
43.63  1.3
43.64  1.44
43.65  1.28
43.66  1.39
43.67  1.36
43.68  1.34
43.69  1.33
43.7  1.36
43.71  1.39
43.72  1.36
43.73  1.35
43.74  1.4
43.75  1.37
43.76  1.38
43.77  1.33
43.78  1.42
43.79  1.29
43.8  1.38
43.81  1.39
43.82  1.35
43.83  1.38
43.84  1.34
43.85  1.3
43.86  1.41
43.87  1.33
43.88  1.4
43.89  1.36
43.9  1.35
43.91  1.35
43.92  1.49
43.93  1.37
43.94  1.32
43.95  1.33
43.96  1.39
43.97  1.38
43.98  1.39
43.99  1.37
44  1.37
44.01  1.37
44.02  1.27
44.03  1.4
44.04  1.42
44.05  1.33
44.06  1.39
44.07  1.37
44.08  1.38
44.09  1.44
44.1  1.23
44.11  1.4
44.12  1.41
44.13  1.3
44.14  1.37
44.15  1.31
44.16  1.5
44.17  1.42
44.18  1.28
44.19  1.39
44.2  1.39
44.21  1.34
44.22  1.35
44.23  1.38
44.24  1.38
44.25  1.39
44.26  1.36
44.27  1.39
44.28  1.37
44.29  1.39
44.3  1.37
44.31  1.33
44.32  1.35
44.33  1.38
44.34  1.43
44.35  1.27
44.36  1.43
44.37  1.35
44.38  1.38
44.39  1.37
44.4  1.43
44.41  1.33
44.42  1.44
44.43  1.38
44.44  1.29
44.45  1.41
44.46  1.3
44.47  1.39
44.48  1.35
44.49  1.33
44.5  1.34
44.51  1.46
44.52  1.38
44.53  1.39
44.54  1.38
44.55  1.41
44.56  1.3
44.57  1.37
44.58  1.35
44.59  1.36
44.6  1.36
44.61  1.38
44.62  1.38
44.63  1.35
44.64  1.38
44.65  1.41
44.66  1.31
44.67  1.32
44.68  1.41
44.69  1.37
44.7  1.42
44.71  1.38
44.72  1.36
44.73  1.34
44.74  1.3
44.75  1.45
44.76  1.27
44.77  1.39
44.78  1.39
44.79  1.34
44.8  1.37
44.81  1.38
44.82  1.41
44.83  1.31
44.84  1.3
44.85  1.37
44.86  1.44
44.87  1.36
44.88  1.37
44.89  1.37
44.9  1.41
44.91  1.32
44.92  1.34
44.93  1.38
44.94  1.39
44.95  1.37
44.96  1.33
44.97  1.32
44.98  1.38
44.99  1.37
45  1.34
45.01  1.36
45.02  1.35
45.03  1.39
45.04  1.42
45.05  1.38
45.06  1.29
45.07  1.45
45.08  1.36
45.09  1.36
45.1  1.38
45.11  1.37
45.12  1.34
45.13  1.35
45.14  1.42
45.15  1.3
45.16  1.36
45.17  1.45
45.18  1.32
45.19  1.42
45.2  1.36
45.21  1.31
45.22  1.35
45.23  1.48
45.24  1.32
45.25  1.39
45.26  1.34
45.27  1.42
45.28  1.4
45.29  1.34
45.3  1.37
45.31  1.28
45.32  1.36
45.33  1.36
45.34  1.44
45.35  1.31
45.36  1.33
45.37  1.41
45.38  1.38
45.39  1.33
45.4  1.45
45.41  1.41
45.42  1.34
45.43  1.37
45.44  1.37
45.45  1.35
45.46  1.42
45.47  1.33
45.48  1.45
45.49  1.37
45.5  1.38
45.51  1.37
45.52  1.38
45.53  1.41
45.54  1.29
45.55  1.39
45.56  1.35
45.57  1.36
45.58  1.39
45.59  1.4
45.6  1.24
45.61  1.38
45.62  1.37
45.63  1.36
45.64  1.42
45.65  1.36
45.66  1.35
45.67  1.38
45.68  1.33
45.69  1.38
45.7  1.38
45.71  1.34
45.72  1.44
45.73  1.37
45.74  1.34
45.75  1.41
45.76  1.35
45.77  1.36
45.78  1.4
45.79  1.32
45.8  1.4
45.81  1.34
45.82  1.41
45.83  1.38
45.84  1.38
45.85  1.31
45.86  1.42
45.87  1.3
45.88  1.33
45.89  1.43
45.9  1.4
45.91  1.33
45.92  1.3
45.93  1.43
45.94  1.33
45.95  1.35
45.96  1.37
45.97  1.35
45.98  1.35
45.99  1.4
46  1.34
46.01  1.38
46.02  1.44
46.03  1.35
46.04  1.32
46.05  1.38
46.06  1.35
46.07  1.39
46.08  1.32
46.09  1.33
46.1  1.4
46.11  1.39
46.12  1.4
46.13  1.32
46.14  1.39
46.15  1.31
46.16  1.4
46.17  1.41
46.18  1.29
46.19  1.36
46.2  1.34
46.21  1.36
46.22  1.43
46.23  1.38
46.24  1.36
46.25  1.31
46.26  1.4
46.27  1.42
46.28  1.38
46.29  1.34
46.3  1.35
46.31  1.43
46.32  1.28
46.33  1.43
46.34  1.28
46.35  1.44
46.36  1.33
46.37  1.36
46.38  1.46
46.39  1.38
46.4  1.31
46.41  1.39
46.42  1.29
46.43  1.39
46.44  1.35
46.45  1.44
46.46  1.33
46.47  1.35
46.48  1.36
46.49  1.33
46.5  1.38
46.51  1.45
46.52  1.4
46.53  1.35
46.54  1.38
46.55  1.29
46.56  1.4
46.57  1.38
46.58  1.36
46.59  1.34
46.6  1.47
46.61  1.35
46.62  1.38
46.63  1.41
46.64  1.36
46.65  1.36
46.66  1.37
46.67  1.3
46.68  1.38
46.69  1.4
46.7  1.31
46.71  1.37
46.72  1.4
46.73  1.38
46.74  1.32
46.75  1.39
46.76  1.49
46.77  1.28
46.78  1.39
46.79  1.44
46.8  1.33
46.81  1.37
46.82  1.31
46.83  1.36
46.84  1.39
46.85  1.35
46.86  1.33
46.87  1.35
46.88  1.35
46.89  1.35
46.9  1.38
46.91  1.36
46.92  1.44
46.93  1.39
46.94  1.37
46.95  1.33
46.96  1.42
46.97  1.31
46.98  1.31
46.99  1.46
47  1.41
47.01  1.3
47.02  1.41
47.03  1.29
47.04  1.45
47.05  1.35
47.06  1.35
47.07  1.4
47.08  1.34
47.09  1.35
47.1  1.34
47.11  1.36
47.12  1.34
47.13  1.46
47.14  1.31
47.15  1.32
47.16  1.34
47.17  1.44
47.18  1.43
47.19  1.31
47.2  1.35
47.21  1.32
47.22  1.36
47.23  1.38
47.24  1.38
47.25  1.42
47.26  1.32
47.27  1.37
47.28  1.41
47.29  1.27
47.3  1.41
47.31  1.34
47.32  1.39
47.33  1.33
47.34  1.4
47.35  1.38
47.36  1.38
47.37  1.37
47.38  1.38
47.39  1.4
47.4  1.34
47.41  1.35
47.42  1.31
47.43  1.43
47.44  1.29
47.45  1.39
47.46  1.36
47.47  1.43
47.48  1.38
47.49  1.34
47.5  1.38
47.51  1.38
47.52  1.36
47.53  1.32
47.54  1.35
47.55  1.39
47.56  1.39
47.57  1.37
47.58  1.36
47.59  1.31
47.6  1.32
47.61  1.43
47.62  1.41
47.63  1.38
47.64  1.3
47.65  1.48
47.66  1.29
47.67  1.38
47.68  1.4
47.69  1.43
47.7  1.32
47.71  1.33
47.72  1.36
47.73  1.4
47.74  1.43
47.75  1.37
47.76  1.36
47.77  1.38
47.78  1.39
47.79  1.3
47.8  1.38
47.81  1.36
47.82  1.36
47.83  1.4
47.84  1.31
47.85  1.37
47.86  1.4
47.87  1.4
47.88  1.36
47.89  1.38
47.9  1.35
47.91  1.35
47.92  1.37
47.93  1.38
47.94  1.35
47.95  1.33
47.96  1.43
47.97  1.33
47.98  1.38
47.99  1.37
48  1.4
48.01  1.33
48.02  1.36
48.03  1.43
48.04  1.3
48.05  1.39
48.06  1.35
48.07  1.42
48.08  1.35
48.09  1.36
48.1  1.34
48.11  1.44
48.12  1.34
48.13  1.35
48.14  1.42
48.15  1.32
48.16  1.4
48.17  1.4
48.18  1.3
48.19  1.37
48.2  1.39
48.21  1.35
48.22  1.31
48.23  1.39
48.24  1.41
48.25  1.36
48.26  1.37
48.27  1.34
48.28  1.41
48.29  1.3
48.3  1.32
48.31  1.41
48.32  1.39
48.33  1.33
48.34  1.4
48.35  1.36
48.36  1.37
48.37  1.39
48.38  1.35
48.39  1.44
48.4  1.33
48.41  1.38
48.42  1.32
48.43  1.38
48.44  1.33
48.45  1.38
48.46  1.28
48.47  1.38
48.48  1.36
48.49  1.46
48.5  1.35
48.51  1.39
48.52  1.36
48.53  1.28
48.54  1.35
48.55  1.35
48.56  1.46
48.57  1.34
48.58  1.38
48.59  1.4
48.6  1.37
48.61  1.38
48.62  1.34
48.63  1.37
48.64  1.39
48.65  1.27
48.66  1.4
48.67  1.38
48.68  1.38
48.69  1.38
48.7  1.33
48.71  1.4
48.72  1.3
48.73  1.45
48.74  1.38
48.75  1.32
48.76  1.3
48.77  1.34
48.78  1.4
48.79  1.35
48.8  1.4
48.81  1.43
48.82  1.36
48.83  1.38
48.84  1.34
48.85  1.43
48.86  1.28
48.87  1.39
48.88  1.37
48.89  1.43
48.9  1.37
48.91  1.28
48.92  1.39
48.93  1.34
48.94  1.4
48.95  1.33
48.96  1.41
48.97  1.45
48.98  1.37
48.99  1.37
49  1.41
49.01  1.33
49.02  1.34
49.03  1.42
49.04  1.37
49.05  1.35
49.06  1.29
49.07  1.33
49.08  1.4
49.09  1.39
49.1  1.37
49.11  1.36
49.12  1.4
49.13  1.37
49.14  1.36
49.15  1.34
49.16  1.32
49.17  1.45
49.18  1.39
49.19  1.35
49.2  1.33
49.21  1.49
49.22  1.39
49.23  1.37
49.24  1.31
49.25  1.44
49.26  1.32
49.27  1.33
49.28  1.41
49.29  1.4
49.3  1.32
49.31  1.4
49.32  1.31
49.33  1.45
49.34  1.28
49.35  1.42
49.36  1.36
49.37  1.36
49.38  1.36
49.39  1.34
49.4  1.38
49.41  1.36
49.42  1.4
49.43  1.33
49.44  1.34
49.45  1.38
49.46  1.4
49.47  1.31
49.48  1.44
49.49  1.39
49.5  1.38
49.51  1.37
49.52  1.35
49.53  1.43
49.54  1.31
49.55  1.37
49.56  1.35
49.57  1.28
49.58  1.39
49.59  1.4
49.6  1.33
49.61  1.37
49.62  1.36
49.63  1.41
49.64  1.4
49.65  1.34
49.66  1.41
49.67  1.33
49.68  1.34
49.69  1.4
49.7  1.3
49.71  1.45
49.72  1.36
49.73  1.33
49.74  1.35
49.75  1.38
49.76  1.38
49.77  1.33
49.78  1.34
49.79  1.39
49.8  1.32
49.81  1.4
49.82  1.32
49.83  1.43
49.84  1.39
49.85  1.28
49.86  1.36
49.87  1.37
49.88  1.42
49.89  1.31
49.9  1.34
49.91  1.41
49.92  1.38
49.93  1.36
49.94  1.44
49.95  1.26
49.96  1.44
49.97  1.37
49.98  1.36
49.99  1.31
50  1.33
50.01  1.43
50.02  1.39
50.03  1.33
50.04  1.43
50.05  1.34
50.06  1.38
50.07  1.32
50.08  1.33
50.09  1.4
50.1  1.42
50.11  1.36
50.12  1.4
50.13  1.37
50.14  1.3
50.15  1.43
50.16  1.36
50.17  1.37
50.18  1.32
50.19  1.4
50.2  1.32
50.21  1.43
50.22  1.27
50.23  1.41
50.24  1.36
50.25  1.42
50.26  1.4
50.27  1.36
50.28  1.35
50.29  1.39
50.3  1.31
50.31  1.44
50.32  1.36
50.33  1.35
50.34  1.37
50.35  1.36
50.36  1.43
50.37  1.36
50.38  1.37
50.39  1.36
50.4  1.38
50.41  1.43
50.42  1.34
50.43  1.34
50.44  1.38
50.45  1.39
50.46  1.35
50.47  1.33
50.48  1.4
50.49  1.35
50.5  1.33
50.51  1.37
50.52  1.4
50.53  1.38
50.54  1.37
50.55  1.38
50.56  1.39
50.57  1.32
50.58  1.46
50.59  1.27
50.6  1.4
50.61  1.38
50.62  1.35
50.63  1.41
50.64  1.37
50.65  1.32
50.66  1.41
50.67  1.35
50.68  1.32
50.69  1.4
50.7  1.35
50.71  1.33
50.72  1.38
50.73  1.3
50.74  1.44
50.75  1.37
50.76  1.39
50.77  1.37
50.78  1.39
50.79  1.36
50.8  1.41
50.81  1.28
50.82  1.34
50.83  1.38
50.84  1.36
50.85  1.43
50.86  1.3
50.87  1.39
50.88  1.39
50.89  1.29
50.9  1.41
50.91  1.31
50.92  1.37
50.93  1.39
50.94  1.35
50.95  1.43
50.96  1.35
50.97  1.32
50.98  1.36
50.99  1.36
51  1.35
51.01  1.37
51.02  1.32
51.03  1.38
51.04  1.45
51.05  1.31
51.06  1.35
51.07  1.4
51.08  1.44
51.09  1.37
51.1  1.32
51.11  1.33
51.12  1.35
51.13  1.33
51.14  1.36
51.15  1.39
51.16  1.31
51.17  1.4
51.18  1.38
51.19  1.42
51.2  1.37
51.21  1.39
51.22  1.29
51.23  1.47
51.24  1.38
51.25  1.36
51.26  1.41
51.27  1.33
51.28  1.41
51.29  1.31
51.3  1.34
51.31  1.46
51.32  1.3
51.33  1.36
51.34  1.37
51.35  1.37
51.36  1.37
51.37  1.35
51.38  1.38
51.39  1.26
51.4  1.41
51.41  1.41
51.42  1.37
51.43  1.43
51.44  1.35
51.45  1.34
51.46  1.38
51.47  1.35
51.48  1.36
51.49  1.4
51.5  1.39
51.51  1.37
51.52  1.4
51.53  1.38
51.54  1.32
51.55  1.44
51.56  1.37
51.57  1.34
51.58  1.41
51.59  1.37
51.6  1.37
51.61  1.3
51.62  1.43
51.63  1.38
51.64  1.34
51.65  1.34
51.66  1.34
51.67  1.45
51.68  1.34
51.69  1.31
51.7  1.4
51.71  1.36
51.72  1.32
51.73  1.38
51.74  1.36
51.75  1.42
51.76  1.32
51.77  1.38
51.78  1.34
51.79  1.36
51.8  1.35
51.81  1.48
51.82  1.35
51.83  1.33
51.84  1.36
51.85  1.31
51.86  1.39
51.87  1.39
51.88  1.38
51.89  1.4
51.9  1.37
51.91  1.38
51.92  1.35
51.93  1.39
51.94  1.37
51.95  1.35
51.96  1.26
51.97  1.37
51.98  1.46
51.99  1.35
52  1.38
52.01  1.32
52.02  1.33
52.03  1.43
52.04  1.34
52.05  1.29
52.06  1.34
52.07  1.42
52.08  1.37
52.09  1.31
52.1  1.37
52.11  1.42
52.12  1.3
52.13  1.35
52.14  1.34
52.15  1.48
52.16  1.42
52.17  1.33
52.18  1.37
52.19  1.35
52.2  1.3
52.21  1.35
52.22  1.43
52.23  1.35
52.24  1.39
52.25  1.31
52.26  1.36
52.27  1.41
52.28  1.32
52.29  1.46
52.3  1.25
52.31  1.36
52.32  1.45
52.33  1.38
52.34  1.35
52.35  1.39
52.36  1.31
52.37  1.45
52.38  1.35
52.39  1.31
52.4  1.36
52.41  1.45
52.42  1.36
52.43  1.32
52.44  1.35
52.45  1.43
52.46  1.36
52.47  1.42
52.48  1.29
52.49  1.42
52.5  1.3
52.51  1.34
52.52  1.4
52.53  1.44
52.54  1.36
52.55  1.38
52.56  1.32
52.57  1.48
52.58  1.27
52.59  1.37
52.6  1.36
52.61  1.38
52.62  1.41
52.63  1.35
52.64  1.34
52.65  1.34
52.66  1.47
52.67  1.35
52.68  1.37
52.69  1.39
52.7  1.36
52.71  1.33
52.72  1.44
52.73  1.44
52.74  1.26
52.75  1.41
52.76  1.37
52.77  1.32
52.78  1.36
52.79  1.42
52.8  1.41
52.81  1.3
52.82  1.37
52.83  1.37
52.84  1.39
52.85  1.33
52.86  1.36
52.87  1.43
52.88  1.35
52.89  1.37
52.9  1.33
52.91  1.36
52.92  1.39
52.93  1.37
52.94  1.38
52.95  1.4
52.96  1.31
52.97  1.36
52.98  1.33
52.99  1.35
53  1.38
53.01  1.38
53.02  1.41
53.03  1.42
53.04  1.38
53.05  1.36
53.06  1.38
53.07  1.33
53.08  1.33
53.09  1.29
53.1  1.43
53.11  1.39
53.12  1.37
53.13  1.34
53.14  1.35
53.15  1.42
53.16  1.33
53.17  1.41
53.18  1.34
53.19  1.38
53.2  1.3
53.21  1.47
53.22  1.29
53.23  1.42
53.24  1.27
53.25  1.34
53.26  1.43
53.27  1.29
53.28  1.47
53.29  1.38
53.3  1.4
53.31  1.35
53.32  1.3
53.33  1.36
53.34  1.35
53.35  1.31
53.36  1.44
53.37  1.32
53.38  1.42
53.39  1.32
53.4  1.35
53.41  1.39
53.42  1.41
53.43  1.34
53.44  1.28
53.45  1.45
53.46  1.41
53.47  1.3
53.48  1.45
53.49  1.45
53.5  1.34
53.51  1.32
53.52  1.36
53.53  1.33
53.54  1.39
53.55  1.36
53.56  1.34
53.57  1.4
53.58  1.43
53.59  1.36
53.6  1.31
53.61  1.36
53.62  1.39
53.63  1.39
53.64  1.33
53.65  1.36
53.66  1.41
53.67  1.39
53.68  1.35
53.69  1.3
53.7  1.43
53.71  1.37
53.72  1.39
53.73  1.33
53.74  1.29
53.75  1.47
53.76  1.34
53.77  1.33
53.78  1.4
53.79  1.4
53.8  1.37
53.81  1.4
53.82  1.37
53.83  1.41
53.84  1.41
53.85  1.36
53.86  1.3
53.87  1.33
53.88  1.39
53.89  1.35
53.9  1.44
53.91  1.41
53.92  1.34
53.93  1.35
53.94  1.42
53.95  1.32
53.96  1.34
53.97  1.37
53.98  1.36
53.99  1.29
54  1.42
54.01  1.29
54.02  1.45
54.03  1.38
54.04  1.45
54.05  1.37
54.06  1.32
54.07  1.3
54.08  1.4
54.09  1.36
54.1  1.35
54.11  1.34
54.12  1.38
54.13  1.44
54.14  1.42
54.15  1.28
54.16  1.44
54.17  1.33
54.18  1.38
54.19  1.35
54.2  1.43
54.21  1.36
54.22  1.33
54.23  1.32
54.24  1.34
54.25  1.4
54.26  1.31
54.27  1.42
54.28  1.34
54.29  1.43
54.3  1.37
54.31  1.35
54.32  1.36
54.33  1.34
54.34  1.38
54.35  1.37
54.36  1.32
54.37  1.34
54.38  1.44
54.39  1.38
54.4  1.31
54.41  1.39
54.42  1.4
54.43  1.3
54.44  1.39
54.45  1.39
54.46  1.32
54.47  1.41
54.48  1.32
54.49  1.33
54.5  1.38
54.51  1.34
54.52  1.35
54.53  1.42
54.54  1.33
54.55  1.33
54.56  1.47
54.57  1.39
54.58  1.37
54.59  1.37
54.6  1.35
54.61  1.42
54.62  1.34
54.63  1.37
54.64  1.34
54.65  1.37
54.66  1.39
54.67  1.33
54.68  1.37
54.69  1.37
54.7  1.31
54.71  1.38
54.72  1.35
54.73  1.38
54.74  1.36
54.75  1.39
54.76  1.39
54.77  1.36
54.78  1.43
54.79  1.39
54.8  1.32
54.81  1.44
54.82  1.29
54.83  1.36
54.84  1.41
54.85  1.36
54.86  1.34
54.87  1.42
54.88  1.39
54.89  1.38
54.9  1.28
54.91  1.38
54.92  1.39
54.93  1.43
54.94  1.29
54.95  1.43
54.96  1.34
54.97  1.32
54.98  1.34
54.99  1.35
55  1.48
55.01  1.36
55.02  1.42
55.03  1.37
55.04  1.35
55.05  1.4
55.06  1.34
55.07  1.38
55.08  1.4
55.09  1.39
55.1  1.33
55.11  1.32
55.12  1.35
55.13  1.36
55.14  1.39
55.15  1.33
55.16  1.43
55.17  1.39
55.18  1.37
55.19  1.36
55.2  1.35
55.21  1.37
55.22  1.28
55.23  1.37
55.24  1.39
55.25  1.38
55.26  1.41
55.27  1.38
55.28  1.35
55.29  1.31
55.3  1.35
55.31  1.42
55.32  1.34
55.33  1.3
55.34  1.44
55.35  1.32
55.36  1.37
55.37  1.41
55.38  1.39
55.39  1.38
55.4  1.31
55.41  1.3
55.42  1.43
55.43  1.37
55.44  1.34
55.45  1.41
55.46  1.34
55.47  1.39
55.48  1.41
55.49  1.34
55.5  1.35
55.51  1.35
55.52  1.32
55.53  1.33
55.54  1.37
55.55  1.36
55.56  1.36
55.57  1.37
55.58  1.44
55.59  1.32
55.6  1.31
55.61  1.34
55.62  1.38
55.63  1.35
55.64  1.41
55.65  1.33
55.66  1.43
55.67  1.37
55.68  1.37
55.69  1.41
55.7  1.36
55.71  1.33
55.72  1.36
55.73  1.42
55.74  1.34
55.75  1.34
55.76  1.29
55.77  1.4
55.78  1.4
55.79  1.37
55.8  1.37
55.81  1.41
55.82  1.33
55.83  1.43
55.84  1.34
55.85  1.34
55.86  1.37
55.87  1.42
55.88  1.28
55.89  1.4
55.9  1.39
55.91  1.44
55.92  1.33
55.93  1.39
55.94  1.4
55.95  1.32
55.96  1.36
55.97  1.38
55.98  1.36
55.99  1.34
56  1.45
56.01  1.32
56.02  1.45
56.03  1.3
56.04  1.38
56.05  1.36
56.06  1.3
56.07  1.47
56.08  1.37
56.09  1.35
56.1  1.36
56.11  1.45
56.12  1.3
56.13  1.4
56.14  1.39
56.15  1.35
56.16  1.36
56.17  1.43
56.18  1.34
56.19  1.35
56.2  1.4
56.21  1.36
56.22  1.34
56.23  1.43
56.24  1.39
56.25  1.4
56.26  1.26
56.27  1.37
56.28  1.33
56.29  1.41
56.3  1.29
56.31  1.41
56.32  1.37
56.33  1.41
56.34  1.3
56.35  1.36
56.36  1.34
56.37  1.39
56.38  1.37
56.39  1.35
56.4  1.5
56.41  1.33
56.42  1.36
56.43  1.3
56.44  1.4
56.45  1.33
56.46  1.38
56.47  1.32
56.48  1.38
56.49  1.33
56.5  1.43
56.51  1.31
56.52  1.4
56.53  1.35
56.54  1.33
56.55  1.38
56.56  1.42
56.57  1.36
56.58  1.39
56.59  1.31
56.6  1.43
56.61  1.32
56.62  1.39
56.63  1.36
56.64  1.36
56.65  1.34
56.66  1.35
56.67  1.34
56.68  1.37
56.69  1.41
56.7  1.33
56.71  1.38
56.72  1.38
56.73  1.39
56.74  1.43
56.75  1.24
56.76  1.35
56.77  1.37
56.78  1.34
56.79  1.38
56.8  1.39
56.81  1.37
56.82  1.44
56.83  1.39
56.84  1.39
56.85  1.28
56.86  1.37
56.87  1.41
56.88  1.38
56.89  1.34
56.9  1.4
56.91  1.35
56.92  1.33
56.93  1.41
56.94  1.31
56.95  1.38
56.96  1.35
56.97  1.44
56.98  1.39
56.99  1.32
57  1.41
57.01  1.37
57.02  1.32
57.03  1.43
57.04  1.36
57.05  1.44
57.06  1.43
57.07  1.32
57.08  1.36
57.09  1.42
57.1  1.35
57.11  1.29
57.12  1.41
57.13  1.39
57.14  1.39
57.15  1.35
57.16  1.32
57.17  1.42
57.18  1.39
57.19  1.33
57.2  1.32
57.21  1.39
57.22  1.43
57.23  1.35
57.24  1.34
57.25  1.35
57.26  1.37
57.27  1.46
57.28  1.32
57.29  1.4
57.3  1.31
57.31  1.34
57.32  1.32
57.33  1.39
57.34  1.44
57.35  1.43
57.36  1.36
57.37  1.38
57.38  1.37
57.39  1.32
57.4  1.31
57.41  1.47
57.42  1.32
57.43  1.35
57.44  1.33
57.45  1.4
57.46  1.36
57.47  1.39
57.48  1.38
57.49  1.34
57.5  1.34
57.51  1.35
57.52  1.37
57.53  1.39
57.54  1.33
57.55  1.34
57.56  1.41
57.57  1.27
57.58  1.44
57.59  1.36
57.6  1.36
57.61  1.33
57.62  1.35
57.63  1.34
57.64  1.42
57.65  1.3
57.66  1.37
57.67  1.37
57.68  1.36
57.69  1.41
57.7  1.38
57.71  1.39
57.72  1.35
57.73  1.31
57.74  1.34
57.75  1.45
57.76  1.36
57.77  1.35
57.78  1.36
57.79  1.44
57.8  1.3
57.81  1.45
57.82  1.29
57.83  1.38
57.84  1.37
57.85  1.38
57.86  1.34
57.87  1.38
57.88  1.37
57.89  1.34
57.9  1.39
57.91  1.31
57.92  1.36
57.93  1.35
57.94  1.33
57.95  1.46
57.96  1.34
57.97  1.41
57.98  1.35
57.99  1.39
58  1.39
58.01  1.39
58.02  1.31
58.03  1.4
58.04  1.33
58.05  1.39
58.06  1.35
58.07  1.36
58.08  1.35
58.09  1.45
58.1  1.34
58.11  1.41
58.12  1.35
58.13  1.34
58.14  1.38
58.15  1.41
58.16  1.38
58.17  1.45
58.18  1.35
58.19  1.29
58.2  1.42
58.21  1.4
58.22  1.32
58.23  1.43
58.24  1.31
58.25  1.4
58.26  1.34
58.27  1.38
58.28  1.35
58.29  1.37
58.3  1.33
58.31  1.43
58.32  1.32
58.33  1.42
58.34  1.38
58.35  1.35
58.36  1.4
58.37  1.32
58.38  1.34
58.39  1.35
58.4  1.37
58.41  1.39
58.42  1.42
58.43  1.39
58.44  1.35
58.45  1.34
58.46  1.4
58.47  1.34
58.48  1.45
58.49  1.29
58.5  1.34
58.51  1.36
58.52  1.46
58.53  1.35
58.54  1.27
58.55  1.4
58.56  1.37
58.57  1.38
58.58  1.32
58.59  1.27
58.6  1.42
58.61  1.39
58.62  1.41
58.63  1.34
58.64  1.42
58.65  1.4
58.66  1.23
58.67  1.39
58.68  1.36
58.69  1.39
58.7  1.35
58.71  1.34
58.72  1.36
58.73  1.38
58.74  1.33
58.75  1.39
58.76  1.37
58.77  1.32
58.78  1.35
58.79  1.36
58.8  1.41
58.81  1.38
58.82  1.37
58.83  1.35
58.84  1.35
58.85  1.36
58.86  1.39
58.87  1.34
58.88  1.4
58.89  1.36
58.9  1.35
58.91  1.36
58.92  1.35
58.93  1.41
58.94  1.33
58.95  1.36
58.96  1.44
58.97  1.37
58.98  1.38
58.99  1.35
59  1.37
59.01  1.35
59.02  1.36
59.03  1.34
59.04  1.4
59.05  1.34
59.06  1.35
59.07  1.42
59.08  1.3
59.09  1.44
59.1  1.38
59.11  1.41
59.12  1.37
59.13  1.28
59.14  1.42
59.15  1.38
59.16  1.35
59.17  1.34
59.18  1.34
59.19  1.34
59.2  1.4
59.21  1.37
59.22  1.4
59.23  1.44
59.24  1.3
59.25  1.4
59.26  1.39
59.27  1.41
59.28  1.29
59.29  1.46
59.3  1.39
59.31  1.34
59.32  1.38
59.33  1.39
59.34  1.32
59.35  1.47
59.36  1.32
59.37  1.35
59.38  1.32
59.39  1.44
59.4  1.32
59.41  1.44
59.42  1.29
59.43  1.35
59.44  1.37
59.45  1.36
59.46  1.42
59.47  1.36
59.48  1.31
59.49  1.47
59.5  1.32
59.51  1.38
59.52  1.36
59.53  1.35
59.54  1.35
59.55  1.39
59.56  1.38
59.57  1.42
59.58  1.34
59.59  1.31
59.6  1.44
59.61  1.27
59.62  1.34
59.63  1.35
59.64  1.35
59.65  1.37
59.66  1.35
59.67  1.33
59.68  1.44
59.69  1.33
59.7  1.32
59.71  1.45
59.72  1.31
59.73  1.33
59.74  1.48
59.75  1.32
59.76  1.32
59.77  1.4
59.78  1.46
59.79  1.34
59.8  1.34
59.81  1.4
59.82  1.33
59.83  1.39
59.84  1.36
59.85  1.33
59.86  1.35
59.87  1.35
59.88  1.33
59.89  1.33
59.9  1.41
59.91  1.31
59.92  1.34
59.93  1.42
59.94  1.37
59.95  1.34
59.96  1.31
59.97  1.43
59.98  1.37
59.99  1.39
