-15  0
-14.99  0
-14.98  0.01
-14.97  0.01
-14.96  0.01
-14.95  0.01
-14.94  0.02
-14.93  0.02
-14.92  0.04
-14.91  0.02
-14.9  0.03
-14.89  0.05
-14.88  0.04
-14.87  0.05
-14.86  0.07
-14.85  0.06
-14.84  0.07
-14.83  0.07
-14.82  0.09
-14.81  0.11
-14.8  0.12
-14.79  0.13
-14.78  0.14
-14.77  0.16
-14.76  0.21
-14.75  0.23
-14.74  0.27
-14.73  0.32
-14.72  0.39
-14.71  0.48
-14.7  0.62
-14.69  0.82
-14.68  1.13
-14.67  1.64
-14.66  2.59
-14.65  4.66
-14.64  9.95
-14.63  22.32
-14.62  24.11
-14.61  11.22
-14.6  5.13
-14.59  2.79
-14.58  1.75
-14.57  1.21
-14.56  0.87
-14.55  0.65
-14.54  0.52
-14.53  0.42
-14.52  0.36
-14.51  0.29
-14.5  0.27
-14.49  0.23
-14.48  0.21
-14.47  0.17
-14.46  0.19
-14.45  0.15
-14.44  0.13
-14.43  0.14
-14.42  0.11
-14.41  0.14
-14.4  0.14
-14.39  0.11
-14.38  0.11
-14.37  0.1
-14.36  0.1
-14.35  0.12
-14.34  0.09
-14.33  0.13
-14.32  0.1
-14.31  0.1
-14.3  0.1
-14.29  0.12
-14.28  0.11
-14.27  0.1
-14.26  0.13
-14.25  0.11
-14.24  0.11
-14.23  0.13
-14.22  0.11
-14.21  0.14
-14.2  0.14
-14.19  0.14
-14.18  0.15
-14.17  0.16
-14.16  0.18
-14.15  0.14
-14.14  0.18
-14.13  0.18
-14.12  0.22
-14.11  0.21
-14.1  0.22
-14.09  0.25
-14.08  0.26
-14.07  0.3
-14.06  0.33
-14.05  0.33
-14.04  0.37
-14.03  0.4
-14.02  0.47
-14.01  0.52
-14  0.59
-13.99  0.68
-13.98  0.77
-13.97  0.89
-13.96  1.07
-13.95  1.31
-13.94  1.59
-13.93  1.96
-13.92  2.54
-13.91  3.29
-13.9  4.39
-13.89  5.92
-13.88  7.66
-13.87  9.07
-13.86  9.44
-13.85  8.25
-13.84  6.41
-13.83  4.9
-13.82  3.61
-13.81  2.74
-13.8  2.16
-13.79  1.72
-13.78  1.38
-13.77  1.17
-13.76  0.97
-13.75  0.83
-13.74  0.71
-13.73  0.67
-13.72  0.57
-13.71  0.52
-13.7  0.47
-13.69  0.42
-13.68  0.39
-13.67  0.36
-13.66  0.35
-13.65  0.32
-13.64  0.3
-13.63  0.28
-13.62  0.28
-13.61  0.29
-13.6  0.26
-13.59  0.26
-13.58  0.24
-13.57  0.24
-13.56  0.22
-13.55  0.24
-13.54  0.25
-13.53  0.22
-13.52  0.21
-13.51  0.25
-13.5  0.24
-13.49  0.23
-13.48  0.23
-13.47  0.24
-13.46  0.26
-13.45  0.26
-13.44  0.24
-13.43  0.28
-13.42  0.26
-13.41  0.27
-13.4  0.3
-13.39  0.29
-13.38  0.33
-13.37  0.34
-13.36  0.35
-13.35  0.36
-13.34  0.41
-13.33  0.39
-13.32  0.46
-13.31  0.47
-13.3  0.53
-13.29  0.55
-13.28  0.59
-13.27  0.65
-13.26  0.73
-13.25  0.8
-13.24  0.88
-13.23  1.04
-13.22  1.16
-13.21  1.29
-13.2  1.49
-13.19  1.78
-13.18  2.03
-13.17  2.38
-13.16  2.88
-13.15  3.38
-13.14  4.04
-13.13  4.68
-13.12  5.26
-13.11  5.68
-13.1  5.76
-13.09  5.53
-13.08  4.98
-13.07  4.37
-13.06  3.7
-13.05  3.13
-13.04  2.67
-13.03  2.24
-13.02  1.91
-13.01  1.62
-13  1.38
-12.99  1.28
-12.98  1.09
-12.97  1
-12.96  0.87
-12.95  0.8
-12.94  0.72
-12.93  0.67
-12.92  0.63
-12.91  0.58
-12.9  0.55
-12.89  0.49
-12.88  0.47
-12.87  0.44
-12.86  0.46
-12.85  0.43
-12.84  0.42
-12.83  0.38
-12.82  0.38
-12.81  0.37
-12.8  0.37
-12.79  0.36
-12.78  0.33
-12.77  0.36
-12.76  0.37
-12.75  0.33
-12.74  0.37
-12.73  0.35
-12.72  0.33
-12.71  0.37
-12.7  0.35
-12.69  0.36
-12.68  0.36
-12.67  0.4
-12.66  0.39
-12.65  0.39
-12.64  0.44
-12.63  0.44
-12.62  0.42
-12.61  0.49
-12.6  0.48
-12.59  0.5
-12.58  0.54
-12.57  0.57
-12.56  0.61
-12.55  0.63
-12.54  0.65
-12.53  0.74
-12.52  0.81
-12.51  0.86
-12.5  0.92
-12.49  1
-12.48  1.15
-12.47  1.23
-12.46  1.4
-12.45  1.52
-12.44  1.65
-12.43  1.94
-12.42  2.14
-12.41  2.45
-12.4  2.73
-12.39  3.12
-12.38  3.42
-12.37  3.67
-12.36  4.04
-12.35  4.09
-12.34  4.25
-12.33  4.06
-12.32  3.97
-12.31  3.66
-12.3  3.26
-12.29  3.03
-12.28  2.63
-12.27  2.37
-12.26  2.1
-12.25  1.88
-12.24  1.68
-12.23  1.49
-12.22  1.35
-12.21  1.19
-12.2  1.11
-12.19  1.02
-12.18  0.96
-12.17  0.88
-12.16  0.81
-12.15  0.79
-12.14  0.68
-12.13  0.67
-12.12  0.64
-12.11  0.62
-12.1  0.61
-12.09  0.55
-12.08  0.51
-12.07  0.54
-12.06  0.51
-12.05  0.5
-12.04  0.47
-12.03  0.5
-12.02  0.45
-12.01  0.46
-12  0.46
-11.99  0.49
-11.98  0.46
-11.97  0.46
-11.96  0.47
-11.95  0.46
-11.94  0.47
-11.93  0.46
-11.92  0.48
-11.91  0.49
-11.9  0.49
-11.89  0.53
-11.88  0.55
-11.87  0.52
-11.86  0.57
-11.85  0.59
-11.84  0.6
-11.83  0.65
-11.82  0.66
-11.81  0.7
-11.8  0.73
-11.79  0.82
-11.78  0.78
-11.77  0.85
-11.76  0.94
-11.75  1
-11.74  1.1
-11.73  1.16
-11.72  1.27
-11.71  1.35
-11.7  1.5
-11.69  1.58
-11.68  1.82
-11.67  1.95
-11.66  2.12
-11.65  2.31
-11.64  2.49
-11.63  2.77
-11.62  2.88
-11.61  3.11
-11.6  3.21
-11.59  3.26
-11.58  3.41
-11.57  3.3
-11.56  3.19
-11.55  3.03
-11.54  2.99
-11.53  2.68
-11.52  2.49
-11.51  2.29
-11.5  2.08
-11.49  2.02
-11.48  1.81
-11.47  1.59
-11.46  1.47
-11.45  1.41
-11.44  1.25
-11.43  1.16
-11.42  1.11
-11.41  1.05
-11.4  0.97
-11.39  0.91
-11.38  0.84
-11.37  0.83
-11.36  0.79
-11.35  0.73
-11.34  0.7
-11.33  0.69
-11.32  0.66
-11.31  0.67
-11.3  0.63
-11.29  0.62
-11.28  0.58
-11.27  0.6
-11.26  0.57
-11.25  0.59
-11.24  0.56
-11.23  0.55
-11.22  0.56
-11.21  0.57
-11.2  0.53
-11.19  0.6
-11.18  0.55
-11.17  0.61
-11.16  0.59
-11.15  0.6
-11.14  0.6
-11.13  0.61
-11.12  0.63
-11.11  0.62
-11.1  0.68
-11.09  0.69
-11.08  0.75
-11.07  0.71
-11.06  0.78
-11.05  0.81
-11.04  0.84
-11.03  0.87
-11.02  0.95
-11.01  1.02
-11  1.02
-10.99  1.11
-10.98  1.17
-10.97  1.28
-10.96  1.34
-10.95  1.4
-10.94  1.57
-10.93  1.65
-10.92  1.75
-10.91  1.9
-10.9  2.01
-10.89  2.13
-10.88  2.37
-10.87  2.38
-10.86  2.57
-10.85  2.65
-10.84  2.69
-10.83  2.9
-10.82  2.75
-10.81  2.78
-10.8  2.71
-10.79  2.66
-10.78  2.54
-10.77  2.53
-10.76  2.3
-10.75  2.17
-10.74  2.03
-10.73  1.92
-10.72  1.87
-10.71  1.64
-10.7  1.51
-10.69  1.48
-10.68  1.39
-10.67  1.29
-10.66  1.21
-10.65  1.14
-10.64  1.05
-10.63  1.07
-10.62  0.99
-10.61  0.95
-10.6  0.92
-10.59  0.87
-10.58  0.79
-10.57  0.76
-10.56  0.78
-10.55  0.76
-10.54  0.72
-10.53  0.7
-10.52  0.74
-10.51  0.69
-10.5  0.7
-10.49  0.63
-10.48  0.68
-10.47  0.65
-10.46  0.65
-10.45  0.66
-10.44  0.65
-10.43  0.7
-10.42  0.65
-10.41  0.68
-10.4  0.67
-10.39  0.67
-10.38  0.69
-10.37  0.73
-10.36  0.7
-10.35  0.76
-10.34  0.74
-10.33  0.81
-10.32  0.82
-10.31  0.8
-10.3  0.86
-10.29  0.9
-10.28  0.99
-10.27  0.96
-10.26  1.01
-10.25  1.08
-10.24  1.12
-10.23  1.16
-10.22  1.23
-10.21  1.32
-10.2  1.4
-10.19  1.5
-10.18  1.48
-10.17  1.67
-10.16  1.67
-10.15  1.88
-10.14  1.95
-10.13  1.97
-10.12  2.13
-10.11  2.19
-10.1  2.22
-10.09  2.38
-10.08  2.38
-10.07  2.49
-10.06  2.42
-10.05  2.43
-10.04  2.44
-10.03  2.33
-10.02  2.34
-10.01  2.18
-10  2.15
-9.99  2.09
-9.98  1.94
-9.97  1.81
-9.96  1.81
-9.95  1.65
-9.94  1.65
-9.93  1.49
-9.92  1.39
-9.91  1.38
-9.9  1.28
-9.89  1.25
-9.88  1.14
-9.87  1.1
-9.86  1.1
-9.85  1.03
-9.84  0.99
-9.83  0.97
-9.82  0.93
-9.81  0.89
-9.8  0.86
-9.79  0.8
-9.78  0.86
-9.77  0.79
-9.76  0.82
-9.75  0.77
-9.74  0.74
-9.73  0.79
-9.72  0.73
-9.71  0.77
-9.7  0.75
-9.69  0.73
-9.68  0.76
-9.67  0.77
-9.66  0.77
-9.65  0.71
-9.64  0.78
-9.63  0.79
-9.62  0.76
-9.61  0.77
-9.6  0.83
-9.59  0.79
-9.58  0.84
-9.57  0.87
-9.56  0.9
-9.55  0.95
-9.54  0.92
-9.53  0.98
-9.52  1.02
-9.51  1.02
-9.5  1.08
-9.49  1.12
-9.48  1.21
-9.47  1.22
-9.46  1.33
-9.45  1.3
-9.44  1.38
-9.43  1.47
-9.42  1.58
-9.41  1.56
-9.4  1.71
-9.39  1.7
-9.38  1.8
-9.37  1.96
-9.36  1.94
-9.35  1.97
-9.34  2.14
-9.33  2.14
-9.32  2.04
-9.31  2.23
-9.3  2.21
-9.29  2.11
-9.28  2.27
-9.27  2.13
-9.26  2.05
-9.25  2.13
-9.24  1.96
-9.23  1.89
-9.22  1.89
-9.21  1.78
-9.2  1.69
-9.19  1.74
-9.18  1.56
-9.17  1.47
-9.16  1.49
-9.15  1.38
-9.14  1.32
-9.13  1.31
-9.12  1.21
-9.11  1.16
-9.1  1.2
-9.09  1.06
-9.08  1.1
-9.07  1.05
-9.06  0.99
-9.05  0.92
-9.04  0.99
-9.03  0.91
-9.02  0.9
-9.01  0.92
-9  0.85
-8.99  0.83
-8.98  0.88
-8.97  0.85
-8.96  0.83
-8.95  0.84
-8.94  0.77
-8.93  0.81
-8.92  0.83
-8.91  0.83
-8.9  0.84
-8.89  0.83
-8.88  0.88
-8.87  0.82
-8.86  0.88
-8.85  0.84
-8.84  0.9
-8.83  0.92
-8.82  0.88
-8.81  0.92
-8.8  0.97
-8.79  0.95
-8.78  1.03
-8.77  1.02
-8.76  1.03
-8.75  1.1
-8.74  1.18
-8.73  1.17
-8.72  1.24
-8.71  1.23
-8.7  1.32
-8.69  1.39
-8.68  1.38
-8.67  1.44
-8.66  1.5
-8.65  1.57
-8.64  1.64
-8.63  1.72
-8.62  1.66
-8.61  1.78
-8.6  1.84
-8.59  1.9
-8.58  1.88
-8.57  1.97
-8.56  1.99
-8.55  2.01
-8.54  1.93
-8.53  2.02
-8.52  2.04
-8.51  1.98
-8.5  1.98
-8.49  1.81
-8.48  1.91
-8.47  1.83
-8.46  1.81
-8.45  1.7
-8.44  1.68
-8.43  1.62
-8.42  1.56
-8.41  1.5
-8.4  1.45
-8.39  1.43
-8.38  1.39
-8.37  1.25
-8.36  1.26
-8.35  1.29
-8.34  1.21
-8.33  1.15
-8.32  1.06
-8.31  1.1
-8.3  1.07
-8.29  1.07
-8.28  1
-8.27  1.01
-8.26  1
-8.25  0.94
-8.24  0.93
-8.23  0.92
-8.22  0.95
-8.21  0.91
-8.2  0.9
-8.19  0.91
-8.18  0.89
-8.17  0.88
-8.16  0.89
-8.15  0.86
-8.14  0.87
-8.13  0.95
-8.12  0.9
-8.11  0.9
-8.1  0.91
-8.09  0.92
-8.08  0.95
-8.07  1.01
-8.06  0.97
-8.05  1.02
-8.04  1
-8.03  1.01
-8.02  1.04
-8.01  1.11
-8  1.09
-7.99  1.13
-7.98  1.2
-7.97  1.18
-7.96  1.24
-7.95  1.27
-7.94  1.32
-7.93  1.33
-7.92  1.45
-7.91  1.4
-7.9  1.52
-7.89  1.51
-7.88  1.63
-7.87  1.66
-7.86  1.6
-7.85  1.67
-7.84  1.78
-7.83  1.78
-7.82  1.76
-7.81  1.88
-7.8  1.75
-7.79  1.9
-7.78  1.86
-7.77  1.86
-7.76  1.82
-7.75  1.85
-7.74  1.76
-7.73  1.85
-7.72  1.77
-7.71  1.76
-7.7  1.65
-7.69  1.74
-7.68  1.64
-7.67  1.58
-7.66  1.56
-7.65  1.46
-7.64  1.49
-7.63  1.36
-7.62  1.38
-7.61  1.34
-7.6  1.3
-7.59  1.24
-7.58  1.24
-7.57  1.17
-7.56  1.18
-7.55  1.15
-7.54  1.17
-7.53  1.07
-7.52  1.07
-7.51  1.04
-7.5  1.03
-7.49  1.05
-7.48  0.99
-7.47  0.98
-7.46  0.97
-7.45  0.97
-7.44  0.93
-7.43  1.01
-7.42  0.97
-7.41  0.97
-7.4  0.93
-7.39  0.94
-7.38  0.94
-7.37  0.97
-7.36  0.98
-7.35  0.97
-7.34  0.97
-7.33  0.99
-7.32  0.97
-7.31  1.02
-7.3  1.03
-7.29  1.06
-7.28  1.05
-7.27  1.03
-7.26  1.12
-7.25  1.17
-7.24  1.14
-7.23  1.14
-7.22  1.21
-7.21  1.21
-7.2  1.31
-7.19  1.3
-7.18  1.3
-7.17  1.36
-7.16  1.38
-7.15  1.38
-7.14  1.51
-7.13  1.54
-7.12  1.49
-7.11  1.59
-7.1  1.56
-7.09  1.66
-7.08  1.59
-7.07  1.77
-7.06  1.65
-7.05  1.76
-7.04  1.67
-7.03  1.79
-7.02  1.71
-7.01  1.8
-7  1.71
-6.99  1.79
-6.98  1.69
-6.97  1.74
-6.96  1.63
-6.95  1.69
-6.94  1.63
-6.93  1.65
-6.92  1.62
-6.91  1.47
-6.9  1.57
-6.89  1.44
-6.88  1.47
-6.87  1.39
-6.86  1.41
-6.85  1.32
-6.84  1.32
-6.83  1.26
-6.82  1.3
-6.81  1.2
-6.8  1.2
-6.79  1.17
-6.78  1.17
-6.77  1.15
-6.76  1.16
-6.75  1.04
-6.74  1.1
-6.73  1.07
-6.72  1.03
-6.71  1.1
-6.7  0.97
-6.69  1.07
-6.68  0.98
-6.67  1.06
-6.66  0.99
-6.65  1.02
-6.64  0.99
-6.63  1
-6.62  0.96
-6.61  1.04
-6.6  1.01
-6.59  1.08
-6.58  0.96
-6.57  1.06
-6.56  1.09
-6.55  1
-6.54  1.11
-6.53  1.13
-6.52  0.99
-6.51  1.15
-6.5  1.17
-6.49  1.11
-6.48  1.23
-6.47  1.18
-6.46  1.24
-6.45  1.22
-6.44  1.26
-6.43  1.33
-6.42  1.29
-6.41  1.38
-6.4  1.36
-6.39  1.39
-6.38  1.47
-6.37  1.45
-6.36  1.57
-6.35  1.44
-6.34  1.53
-6.33  1.63
-6.32  1.55
-6.31  1.62
-6.3  1.68
-6.29  1.59
-6.28  1.69
-6.27  1.67
-6.26  1.59
-6.25  1.69
-6.24  1.7
-6.23  1.69
-6.22  1.53
-6.21  1.7
-6.2  1.62
-6.19  1.57
-6.18  1.61
-6.17  1.58
-6.16  1.51
-6.15  1.53
-6.14  1.46
-6.13  1.54
-6.12  1.36
-6.11  1.41
-6.1  1.44
-6.09  1.35
-6.08  1.33
-6.07  1.31
-6.06  1.24
-6.05  1.25
-6.04  1.26
-6.03  1.15
-6.02  1.2
-6.01  1.18
-6  1.16
-5.99  1.12
-5.98  1.13
-5.97  1.16
-5.96  1.05
-5.95  1.11
-5.94  1.09
-5.93  1.05
-5.92  1.1
-5.91  1.04
-5.9  1.03
-5.89  1.07
-5.88  1.08
-5.87  1.05
-5.86  1.03
-5.85  1.09
-5.84  1.03
-5.83  1
-5.82  1.11
-5.81  1.13
-5.8  1.06
-5.79  1.1
-5.78  1.15
-5.77  1.11
-5.76  1.12
-5.75  1.17
-5.74  1.15
-5.73  1.14
-5.72  1.17
-5.71  1.25
-5.7  1.23
-5.69  1.26
-5.68  1.25
-5.67  1.34
-5.66  1.35
-5.65  1.36
-5.64  1.4
-5.63  1.34
-5.62  1.47
-5.61  1.39
-5.6  1.46
-5.59  1.47
-5.58  1.54
-5.57  1.5
-5.56  1.56
-5.55  1.51
-5.54  1.61
-5.53  1.59
-5.52  1.62
-5.51  1.54
-5.5  1.62
-5.49  1.58
-5.48  1.62
-5.47  1.58
-5.46  1.59
-5.45  1.62
-5.44  1.51
-5.43  1.58
-5.42  1.55
-5.41  1.51
-5.4  1.49
-5.39  1.49
-5.38  1.47
-5.37  1.49
-5.36  1.41
-5.35  1.39
-5.34  1.35
-5.33  1.33
-5.32  1.35
-5.31  1.31
-5.3  1.28
-5.29  1.3
-5.28  1.21
-5.27  1.23
-5.26  1.19
-5.25  1.24
-5.24  1.21
-5.23  1.13
-5.22  1.18
-5.21  1.17
-5.2  1.14
-5.19  1.13
-5.18  1.11
-5.17  1.13
-5.16  1.07
-5.15  1.11
-5.14  1.05
-5.13  1.12
-5.12  1.13
-5.11  1.06
-5.1  1.1
-5.09  1.07
-5.08  1.09
-5.07  1.12
-5.06  1.11
-5.05  1.09
-5.04  1.16
-5.03  1.09
-5.02  1.16
-5.01  1.11
-5  1.22
-4.99  1.16
-4.98  1.13
-4.97  1.2
-4.96  1.28
-4.95  1.28
-4.94  1.26
-4.93  1.23
-4.92  1.31
-4.91  1.24
-4.9  1.37
-4.89  1.28
-4.88  1.42
-4.87  1.33
-4.86  1.39
-4.85  1.43
-4.84  1.49
-4.83  1.49
-4.82  1.4
-4.81  1.48
-4.8  1.52
-4.79  1.53
-4.78  1.53
-4.77  1.5
-4.76  1.47
-4.75  1.62
-4.74  1.51
-4.73  1.6
-4.72  1.49
-4.71  1.53
-4.7  1.58
-4.69  1.54
-4.68  1.52
-4.67  1.48
-4.66  1.5
-4.65  1.52
-4.64  1.43
-4.63  1.48
-4.62  1.46
-4.61  1.5
-4.6  1.32
-4.59  1.37
-4.58  1.4
-4.57  1.34
-4.56  1.34
-4.55  1.3
-4.54  1.26
-4.53  1.33
-4.52  1.27
-4.51  1.3
-4.5  1.19
-4.49  1.2
-4.48  1.21
-4.47  1.21
-4.46  1.21
-4.45  1.16
-4.44  1.16
-4.43  1.19
-4.42  1.14
-4.41  1.18
-4.4  1.12
-4.39  1.07
-4.38  1.15
-4.37  1.12
-4.36  1.11
-4.35  1.13
-4.34  1.14
-4.33  1.1
-4.32  1.15
-4.31  1.17
-4.3  1.11
-4.29  1.13
-4.28  1.13
-4.27  1.17
-4.26  1.19
-4.25  1.2
-4.24  1.2
-4.23  1.16
-4.22  1.22
-4.21  1.26
-4.2  1.21
-4.19  1.26
-4.18  1.22
-4.17  1.28
-4.16  1.3
-4.15  1.26
-4.14  1.37
-4.13  1.3
-4.12  1.34
-4.11  1.4
-4.1  1.39
-4.09  1.41
-4.08  1.42
-4.07  1.43
-4.06  1.51
-4.05  1.37
-4.04  1.47
-4.03  1.44
-4.02  1.51
-4.01  1.5
-4  1.48
-3.99  1.52
-3.98  1.54
-3.97  1.51
-3.96  1.53
-3.95  1.41
-3.94  1.49
-3.93  1.52
-3.92  1.51
-3.91  1.46
-3.9  1.45
-3.89  1.47
-3.88  1.44
-3.87  1.45
-3.86  1.35
-3.85  1.44
-3.84  1.4
-3.83  1.36
-3.82  1.39
-3.81  1.33
-3.8  1.38
-3.79  1.32
-3.78  1.34
-3.77  1.33
-3.76  1.2
-3.75  1.28
-3.74  1.24
-3.73  1.24
-3.72  1.25
-3.71  1.19
-3.7  1.21
-3.69  1.2
-3.68  1.24
-3.67  1.16
-3.66  1.12
-3.65  1.18
-3.64  1.22
-3.63  1.19
-3.62  1.15
-3.61  1.13
-3.6  1.14
-3.59  1.18
-3.58  1.13
-3.57  1.13
-3.56  1.2
-3.55  1.13
-3.54  1.19
-3.53  1.17
-3.52  1.18
-3.51  1.17
-3.5  1.25
-3.49  1.17
-3.48  1.24
-3.47  1.17
-3.46  1.18
-3.45  1.25
-3.44  1.23
-3.43  1.31
-3.42  1.22
-3.41  1.32
-3.4  1.29
-3.39  1.33
-3.38  1.29
-3.37  1.33
-3.36  1.3
-3.35  1.35
-3.34  1.42
-3.33  1.41
-3.32  1.43
-3.31  1.33
-3.3  1.43
-3.29  1.45
-3.28  1.43
-3.27  1.44
-3.26  1.39
-3.25  1.48
-3.24  1.46
-3.23  1.51
-3.22  1.47
-3.21  1.5
-3.2  1.46
-3.19  1.49
-3.18  1.43
-3.17  1.45
-3.16  1.5
-3.15  1.35
-3.14  1.45
-3.13  1.44
-3.12  1.45
-3.11  1.41
-3.1  1.46
-3.09  1.39
-3.08  1.38
-3.07  1.34
-3.06  1.43
-3.05  1.28
-3.04  1.29
-3.03  1.39
-3.02  1.35
-3.01  1.32
-3  1.25
-2.99  1.29
-2.98  1.21
-2.97  1.27
-2.96  1.24
-2.95  1.2
-2.94  1.25
-2.93  1.2
-2.92  1.25
-2.91  1.18
-2.9  1.19
-2.89  1.19
-2.88  1.19
-2.87  1.19
-2.86  1.21
-2.85  1.19
-2.84  1.17
-2.83  1.2
-2.82  1.17
-2.81  1.19
-2.8  1.16
-2.79  1.2
-2.78  1.14
-2.77  1.26
-2.76  1.23
-2.75  1.21
-2.74  1.14
-2.73  1.23
-2.72  1.21
-2.71  1.18
-2.7  1.25
-2.69  1.27
-2.68  1.27
-2.67  1.31
-2.66  1.25
-2.65  1.28
-2.64  1.25
-2.63  1.31
-2.62  1.31
-2.61  1.37
-2.6  1.29
-2.59  1.37
-2.58  1.37
-2.57  1.35
-2.56  1.38
-2.55  1.42
-2.54  1.39
-2.53  1.38
-2.52  1.51
-2.51  1.43
-2.5  1.41
-2.49  1.36
-2.48  1.48
-2.47  1.43
-2.46  1.4
-2.45  1.48
-2.44  1.45
-2.43  1.41
-2.42  1.44
-2.41  1.42
-2.4  1.46
-2.39  1.35
-2.38  1.41
-2.37  1.45
-2.36  1.45
-2.35  1.46
-2.34  1.37
-2.33  1.36
-2.32  1.38
-2.31  1.35
-2.3  1.31
-2.29  1.39
-2.28  1.35
-2.27  1.3
-2.26  1.32
-2.25  1.3
-2.24  1.25
-2.23  1.29
-2.22  1.26
-2.21  1.28
-2.2  1.24
-2.19  1.36
-2.18  1.19
-2.17  1.23
-2.16  1.2
-2.15  1.23
-2.14  1.23
-2.13  1.22
-2.12  1.22
-2.11  1.18
-2.1  1.22
-2.09  1.2
-2.08  1.15
-2.07  1.19
-2.06  1.25
-2.05  1.23
-2.04  1.13
-2.03  1.33
-2.02  1.21
-2.01  1.18
-2  1.23
-1.99  1.22
-1.98  1.23
-1.97  1.17
-1.96  1.26
-1.95  1.23
-1.94  1.21
-1.93  1.28
-1.92  1.23
-1.91  1.29
-1.9  1.23
-1.89  1.3
-1.88  1.36
-1.87  1.28
-1.86  1.36
-1.85  1.32
-1.84  1.37
-1.83  1.28
-1.82  1.41
-1.81  1.34
-1.8  1.33
-1.79  1.44
-1.78  1.36
-1.77  1.41
-1.76  1.38
-1.75  1.46
-1.74  1.41
-1.73  1.31
-1.72  1.4
-1.71  1.42
-1.7  1.48
-1.69  1.35
-1.68  1.48
-1.67  1.4
-1.66  1.36
-1.65  1.44
-1.64  1.44
-1.63  1.44
-1.62  1.35
-1.61  1.41
-1.6  1.4
-1.59  1.29
-1.58  1.42
-1.57  1.38
-1.56  1.42
-1.55  1.3
-1.54  1.4
-1.53  1.33
-1.52  1.33
-1.51  1.33
-1.5  1.33
-1.49  1.35
-1.48  1.19
-1.47  1.36
-1.46  1.28
-1.45  1.2
-1.44  1.3
-1.43  1.28
-1.42  1.28
-1.41  1.19
-1.4  1.28
-1.39  1.24
-1.38  1.18
-1.37  1.27
-1.36  1.22
-1.35  1.24
-1.34  1.24
-1.33  1.21
-1.32  1.19
-1.31  1.16
-1.3  1.25
-1.29  1.29
-1.28  1.18
-1.27  1.24
-1.26  1.22
-1.25  1.26
-1.24  1.18
-1.23  1.28
-1.22  1.21
-1.21  1.27
-1.2  1.23
-1.19  1.26
-1.18  1.33
-1.17  1.19
-1.16  1.23
-1.15  1.3
-1.14  1.29
-1.13  1.26
-1.12  1.3
-1.11  1.32
-1.1  1.3
-1.09  1.32
-1.08  1.39
-1.07  1.33
-1.06  1.28
-1.05  1.35
-1.04  1.37
-1.03  1.44
-1.02  1.35
-1.01  1.35
-1  1.4
-0.99  1.4
-0.98  1.41
-0.97  1.36
-0.96  1.33
-0.95  1.47
-0.94  1.36
-0.93  1.45
-0.92  1.4
-0.91  1.29
-0.9  1.45
-0.89  1.39
-0.88  1.46
-0.87  1.35
-0.86  1.42
-0.85  1.32
-0.84  1.36
-0.83  1.44
-0.82  1.33
-0.81  1.4
-0.8  1.33
-0.79  1.35
-0.78  1.39
-0.77  1.34
-0.76  1.31
-0.75  1.33
-0.74  1.26
-0.73  1.35
-0.72  1.3
-0.71  1.34
-0.7  1.23
-0.69  1.25
-0.68  1.34
-0.67  1.24
-0.66  1.28
-0.65  1.23
-0.64  1.2
-0.63  1.32
-0.62  1.2
-0.61  1.3
-0.6  1.23
-0.59  1.22
-0.58  1.24
-0.57  1.24
-0.56  1.26
-0.55  1.24
-0.54  1.18
-0.53  1.3
-0.52  1.2
-0.51  1.26
-0.5  1.21
-0.49  1.33
-0.48  1.19
-0.47  1.2
-0.46  1.26
-0.45  1.26
-0.44  1.36
-0.43  1.15
-0.42  1.27
-0.41  1.3
-0.4  1.28
-0.39  1.27
-0.38  1.25
-0.37  1.35
-0.36  1.28
-0.35  1.31
-0.34  1.32
-0.33  1.28
-0.32  1.32
-0.31  1.35
-0.3  1.32
-0.29  1.41
-0.28  1.33
-0.27  1.33
-0.26  1.37
-0.25  1.37
-0.24  1.35
-0.23  1.34
-0.22  1.36
-0.21  1.47
-0.2  1.38
-0.19  1.36
-0.18  1.37
-0.17  1.32
-0.16  1.39
-0.15  1.39
-0.14  1.54
-0.13  1.34
-0.12  1.37
-0.11  1.32
-0.1  1.37
-0.09  1.34
-0.08  1.38
-0.07  1.34
-0.06  1.4
-0.05  1.33
-0.04  1.34
-0.03  1.37
-0.02  1.36
-0.01  1.3
-2.16197e-11  1.32
0.0001  0.01
0.0101  1.36
0.0201  1.39
0.0301  1.28
0.0401  1.31
0.0501  1.28
0.0601  1.42
0.0701  1.28
0.0801  1.35
0.0901  1.33
0.1001  1.36
0.1101  1.34
0.1201  1.43
0.1301  1.53
0.1401  1.32
0.1501  1.64
0.1601  1.46
0.1701  1.47
0.1801  1.44
0.1901  1.79
0.2001  1.58
0.2101  1.39
0.2201  1.63
0.2301  1.53
0.2401  1.84
0.2501  1.91
0.2601  1.84
0.2701  1.68
0.2801  2.04
0.2901  1.94
0.3001  2.05
0.3101  1.91
0.3201  2.16
0.3301  2
0.3401  2.24
0.3501  2.17
0.3601  1.98
0.3701  2.49
0.3801  2.38
0.3901  2.35
0.4001  2.33
0.4101  2.36
0.4201  2.31
0.4301  2.6
0.4401  2.39
0.4501  2.43
0.4601  2.66
0.4701  2.33
0.4801  2.33
0.4901  2.29
0.5001  2.45
0.5101  2.37
0.5201  2
0.5301  2.46
0.5401  2.22
0.5501  2.16
0.5601  2.27
0.5701  1.81
0.5801  2.13
0.5901  2.14
0.6001  1.91
0.6101  1.84
0.6201  1.78
0.6301  1.8
0.6401  1.81
0.6501  1.92
0.6601  1.64
0.6701  1.74
0.6801  1.49
0.6901  1.57
0.7001  1.31
0.7101  1.59
0.7201  1.88
0.7301  1.52
0.7401  1.38
0.7501  1.64
0.7601  1.37
0.7701  1.58
0.7801  1.38
0.7901  1.45
0.8001  1.55
0.8101  1.72
0.8201  1.48
0.8301  1.4
0.8401  1.09
0.8501  1.51
0.8601  1.45
0.8701  1.56
0.8801  1.47
0.8901  1.28
0.9001  1.33
0.9101  1.52
0.9201  1.51
0.9301  1.43
0.9401  1.38
0.9501  1.69
0.9601  1.53
0.9701  1.52
0.9801  1.63
0.9901  1.55
1.0001  1.38
1.0101  1.55
1.0201  1.76
1.0301  1.71
1.0401  2.02
1.0501  1.74
1.0601  1.88
1.0701  1.82
1.0801  1.78
1.0901  1.97
1.1001  1.76
1.1101  1.93
1.1201  1.87
1.1301  2.07
1.1401  2.12
1.1501  2.29
1.1601  2.19
1.1701  2.15
1.1801  2.42
1.1901  2.06
1.2001  2.2
1.2101  2.34
1.2201  2.35
1.2301  2.37
1.2401  2.35
1.2501  2.42
1.2601  2.25
1.2701  2.41
1.2801  2.22
1.2901  2.23
1.3001  2.22
1.3101  2.23
1.3201  2.42
1.3301  2.14
1.3401  2.19
1.3501  2.48
1.3601  2.32
1.3701  1.97
1.3801  2.09
1.3901  2.06
1.4001  2.04
1.4101  2.02
1.4201  1.83
1.4301  1.78
1.4401  1.76
1.4501  1.88
1.4601  1.59
1.4701  1.79
1.4801  1.66
1.4901  1.64
1.5001  1.64
1.5101  1.69
1.5201  1.61
1.5301  1.78
1.5401  1.7
1.5501  1.6
1.5601  1.68
1.5701  1.61
1.5801  1.41
1.5901  1.41
1.6001  1.56
1.6101  1.56
1.6201  1.52
1.6301  1.72
1.6401  1.44
1.6501  1.43
1.6601  1.3
1.6701  1.55
1.6801  1.47
1.6901  1.55
1.7001  1.37
1.7101  1.56
1.7201  1.5
1.7301  1.52
1.7401  1.64
1.7501  1.58
1.7601  1.56
1.7701  1.83
1.7801  1.52
1.7901  1.57
1.8001  1.6
1.8101  1.8
1.8201  1.58
1.8301  1.71
1.8401  1.71
1.8501  1.81
1.8601  1.63
1.8701  1.99
1.8801  1.94
1.8901  1.79
1.9001  1.79
1.9101  2.06
1.9201  1.83
1.9301  2.09
1.9401  2.05
1.9501  2.09
1.9601  2.01
1.9701  2.27
1.9801  2.28
1.9901  2.18
2.0001  2.51
2.0101  2.05
2.0201  2.2
2.0301  2.27
2.0401  2.27
2.0501  2.24
2.0601  2.13
2.0701  2.48
2.0801  2
2.0901  2.05
2.1001  2.49
2.1101  2.18
2.1201  2.42
2.1301  2.18
2.1401  2.07
2.1501  2.11
2.1601  2.28
2.1701  2.09
2.1801  1.77
2.1901  1.98
2.2001  2.19
2.2101  1.95
2.2201  1.99
2.2301  1.82
2.2401  1.94
2.2501  1.81
2.2601  1.77
2.2701  1.93
2.2801  1.77
2.2901  1.69
2.3001  1.83
2.3101  1.56
2.3201  1.62
2.3301  1.79
2.3401  1.65
2.3501  1.59
2.3601  1.55
2.3701  1.68
2.3801  1.53
2.3901  1.57
2.4001  1.5
2.4101  1.69
2.4201  1.39
2.4301  1.64
2.4401  1.55
2.4501  1.42
2.4601  1.53
2.4701  1.52
2.4801  1.54
2.4901  1.86
2.5001  1.62
2.5101  1.65
2.5201  1.62
2.5301  1.64
2.5401  1.48
2.5501  1.77
2.5601  1.7
2.5701  1.55
2.5801  1.34
2.5901  1.73
2.6001  1.48
2.6101  1.85
2.6201  1.57
2.6301  1.82
2.6401  1.82
2.6501  1.87
2.6601  1.72
2.6701  1.97
2.6801  2.28
2.6901  1.78
2.7001  1.89
2.7101  1.88
2.7201  1.92
2.7301  1.85
2.7401  2.01
2.7501  2.02
2.7601  2.34
2.7701  2.2
2.7801  2.07
2.7901  2.04
2.8001  2.19
2.8101  2.35
2.8201  2.35
2.8301  2.13
2.8401  2.24
2.8501  2.1
2.8601  1.83
2.8701  1.96
2.8801  2.37
2.8901  2.21
2.9001  2.41
2.9101  2.22
2.9201  2.05
2.9301  2.1
2.9401  2.05
2.9501  2.18
2.9601  2.29
2.9701  1.85
2.9801  2.1
2.9901  2.27
3.0001  2.03
3.0101  1.91
3.0201  2.09
3.0301  1.96
3.0401  1.71
3.0501  1.92
3.0601  1.85
3.0701  1.71
3.0801  1.6
3.0901  1.77
3.1001  1.71
3.1101  1.7
3.1201  1.69
3.1301  1.72
3.1401  1.75
3.1501  1.57
3.1601  1.56
3.1701  1.81
3.1801  1.61
3.1901  1.61
3.2001  1.72
3.2101  1.66
3.2201  1.54
3.2301  1.73
3.2401  1.6
3.2501  1.66
3.2601  1.63
3.2701  1.71
3.2801  1.69
3.2901  1.86
3.3001  1.5
3.3101  1.6
3.3201  1.46
3.3301  1.68
3.3401  1.68
3.3501  1.51
3.3601  1.82
3.3701  1.56
3.3801  1.54
3.3901  1.54
3.4001  1.48
3.4101  1.59
3.4201  1.93
3.4301  1.93
3.4401  1.84
3.4501  1.97
3.4601  1.95
3.4701  1.91
3.4801  1.79
3.4901  1.85
3.5001  1.85
3.5101  2.1
3.5201  2.11
3.5301  2.03
3.5401  1.99
3.5501  1.86
3.5601  2.06
3.5701  2.18
3.5801  1.95
3.5901  2.24
3.6001  2.27
3.6101  2.2
3.6201  2.15
3.6301  1.98
3.6401  2.19
3.6501  2.14
3.6601  2.32
3.6701  1.97
3.6801  1.96
3.6901  2.21
3.7001  2.18
3.7101  2.29
3.7201  1.94
3.7301  1.99
3.7401  2.25
3.7501  2.13
3.7601  2.06
3.7701  2.09
3.7801  2.09
3.7901  2.05
3.8001  2.1
3.8101  1.75
3.8201  1.82
3.8301  2.1
3.8401  1.72
3.8501  2.03
3.8601  2.2
3.8701  1.6
3.8801  1.61
3.8901  1.56
3.9001  1.52
3.9101  1.7
3.9201  1.88
3.9301  1.85
3.9401  1.89
3.9501  1.5
3.9601  1.63
3.9701  1.83
3.9801  1.76
3.9901  1.93
4.0001  1.64
4.0101  1.41
4.0201  1.54
4.0301  1.64
4.0401  1.66
4.0501  1.61
4.0601  1.58
4.0701  1.82
4.0801  1.52
4.0901  1.72
4.1001  1.77
4.1101  1.59
4.1201  1.67
4.1301  1.54
4.1401  1.47
4.1501  1.79
4.1601  1.77
4.1701  1.76
4.1801  1.67
4.1901  1.7
4.2001  1.73
4.2101  2.11
4.2201  1.79
4.2301  1.82
4.2401  1.73
4.2501  1.69
4.2601  1.73
4.2701  1.89
4.2801  2.08
4.2901  1.84
4.3001  1.85
4.3101  2.35
4.3201  2.02
4.3301  2
4.3401  2.01
4.3501  1.87
4.3601  2.27
4.3701  1.85
4.3801  1.95
4.3901  2.3
4.4001  2.28
4.4101  2.12
4.4201  2.05
4.4301  1.86
4.4401  2.3
4.4501  2.2
4.4601  2.25
4.4701  2.14
4.4801  1.88
4.4901  2.01
4.5001  2.2
4.5101  2.23
4.5201  2.06
4.5301  2.07
4.5401  2.17
4.5501  1.73
4.5601  2
4.5701  2.1
4.5801  1.91
4.5901  1.91
4.6001  1.94
4.6101  2.07
4.6201  1.9
4.6301  1.94
4.6401  1.72
4.6501  1.78
4.6601  1.68
4.6701  1.95
4.6801  1.67
4.6901  1.76
4.7001  1.93
4.7101  1.76
4.7201  1.52
4.7301  1.74
4.7401  1.92
4.7501  1.68
4.7601  1.66
4.7701  1.82
4.7801  1.61
4.7901  1.71
4.8001  1.51
4.8101  1.59
4.8201  1.87
4.8301  1.69
4.8401  1.75
4.8501  1.77
4.8601  1.53
4.8701  1.69
4.8801  1.54
4.8901  1.55
4.9001  1.76
4.9101  1.83
4.9201  1.64
4.9301  1.73
4.9401  1.92
4.9501  1.76
4.9601  1.81
4.9701  1.79
4.9801  1.95
4.9901  2.06
5.0001  1.78
5.0101  1.8
5.0201  2.16
5.0301  1.65
5.0401  1.58
5.0501  1.67
5.0601  1.93
5.0701  2.04
5.0801  1.9
5.0901  1.8
5.1001  1.79
5.1101  2.09
5.1201  2.06
5.1301  2.01
5.1401  1.96
5.1501  2.11
5.1601  1.98
5.1701  2.04
5.1801  2.29
5.1901  2.21
5.2001  2.11
5.2101  1.89
5.2201  2.12
5.2301  1.97
5.2401  2.12
5.2501  2.21
5.2601  2.18
5.2701  1.93
5.2801  1.97
5.2901  2.08
5.3001  2.06
5.3101  1.95
5.3201  1.94
5.3301  2.02
5.3401  1.99
5.3501  2.11
5.3601  1.94
5.3701  1.77
5.3801  2
5.3901  1.98
5.4001  1.97
5.4101  1.85
5.4201  2.05
5.4301  1.79
5.4401  1.91
5.4501  1.83
5.4601  1.8
5.4701  1.92
5.4801  1.71
5.4901  1.7
5.5001  1.95
5.5101  1.75
5.5201  1.81
5.5301  1.87
5.5401  1.77
5.5501  1.42
5.5601  1.62
5.5701  1.69
5.5801  1.91
5.5901  1.81
5.6001  1.71
5.6101  1.55
5.6201  1.61
5.6301  1.87
5.6401  1.69
5.6501  1.61
5.6601  1.71
5.6701  1.63
5.6801  1.68
5.6901  1.6
5.7001  1.91
5.7101  1.93
5.7201  1.66
5.7301  1.75
5.7401  1.73
5.7501  1.76
5.7601  1.77
5.7701  2.01
5.7801  1.71
5.7901  1.65
5.8001  1.92
5.8101  1.87
5.8201  2.07
5.8301  1.95
5.8401  2.02
5.8501  1.73
5.8601  1.92
5.8701  2.1
5.8801  1.79
5.8901  1.89
5.9001  1.82
5.9101  2.09
5.9201  1.86
5.9301  2.04
5.9401  2.14
5.9501  2.07
5.9601  2.01
5.9701  2.16
5.9801  1.94
5.9901  1.95
6.0001  2.32
6.0101  2.14
6.0201  1.87
6.0301  1.94
6.0401  1.96
6.0501  2.34
6.0601  1.95
6.0701  2.07
6.0801  1.88
6.0901  1.87
6.1001  2.15
6.1101  2.41
6.1201  2.03
6.1301  1.97
6.1401  1.64
6.1501  1.92
6.1601  2
6.1701  1.76
6.1801  1.76
6.1901  1.78
6.2001  2.16
6.2101  1.89
6.2201  1.82
6.2301  2.03
6.2401  1.93
6.2501  1.75
6.2601  1.92
6.2701  1.84
6.2801  1.72
6.2901  1.81
6.3001  1.7
6.3101  1.81
6.3201  1.89
6.3301  1.74
6.3401  1.77
6.3501  1.77
6.3601  1.63
6.3701  1.79
6.3801  1.61
6.3901  1.91
6.4001  1.79
6.4101  1.75
6.4201  1.78
6.4301  1.78
6.4401  1.54
6.4501  1.88
6.4601  1.86
6.4701  1.77
6.4801  2.02
6.4901  1.62
6.5001  1.61
6.5101  1.64
6.5201  1.92
6.5301  1.79
6.5401  1.58
6.5501  1.79
6.5601  1.93
6.5701  1.87
6.5801  1.63
6.5901  1.76
6.6001  2.14
6.6101  1.81
6.6201  1.99
6.6301  1.78
6.6401  2.11
6.6501  1.89
6.6601  2.12
6.6701  1.85
6.6801  2.12
6.6901  1.93
6.7001  1.95
6.7101  1.75
6.7201  1.72
6.7301  1.91
6.7401  2.06
6.7501  1.91
6.7601  1.99
6.7701  2.03
6.7801  1.98
6.7901  1.84
6.8001  2.17
6.8101  2.26
6.8201  2.12
6.8301  1.98
6.8401  2.01
6.8501  1.99
6.8601  2.28
6.8701  1.96
6.8801  1.95
6.8901  1.98
6.9001  1.85
6.9101  2.07
6.9201  1.72
6.9301  2.22
6.9401  1.87
6.9501  2.06
6.9601  1.97
6.9701  1.77
6.9801  1.89
6.9901  1.83
7.0001  1.71
7.0101  1.92
7.0201  2
7.0301  1.8
7.0401  1.8
7.0501  1.95
7.0601  1.59
7.0701  1.74
7.0801  1.85
7.0901  1.87
7.1001  1.79
7.1101  1.8
7.1201  2.15
7.1301  1.84
7.1401  1.82
7.1501  1.71
7.1601  1.72
7.1701  1.67
7.1801  1.82
7.1901  1.69
7.2001  1.69
7.2101  1.99
7.2201  1.72
7.2301  1.79
7.2401  1.79
7.2501  1.69
7.2601  1.62
7.2701  1.57
7.2801  1.69
7.2901  1.96
7.3001  1.66
7.3101  2.03
7.3201  1.65
7.3301  1.94
7.3401  1.82
7.3501  1.67
7.3601  2.12
7.3701  1.84
7.3801  1.8
7.3901  2.08
7.4001  1.95
7.4101  1.89
7.4201  2.1
7.4301  1.62
7.4401  2.06
7.4501  1.78
7.4601  1.96
7.4701  2.04
7.4801  1.86
7.4901  1.81
7.5001  1.97
7.5101  2.16
7.5201  1.99
7.5301  1.94
7.5401  1.83
7.5501  1.91
7.5601  1.99
7.5701  1.9
7.5801  2.4
7.5901  1.93
7.6001  1.8
7.6101  2.29
7.6201  1.85
7.6301  1.88
7.6401  2.16
7.6501  2.08
7.6601  1.87
7.6701  2.03
7.6801  2.03
7.6901  1.95
7.7001  1.97
7.7101  2.06
7.7201  1.91
7.7301  1.97
7.7401  1.98
7.7501  1.64
7.7601  1.78
7.7701  1.73
7.7801  1.94
7.7901  1.93
7.8001  1.83
7.8101  1.78
7.8201  1.68
7.8301  2.06
7.8401  1.75
7.8501  2.11
7.8601  1.6
7.8701  1.98
7.8801  1.71
7.8901  1.64
7.9001  2.08
7.9101  1.93
7.9201  1.9
7.9301  1.82
7.9401  1.8
7.9501  1.91
7.9601  1.74
7.9701  1.61
7.9801  1.75
7.9901  1.77
8.0001  1.88
8.0101  1.48
8.0201  1.83
8.0301  1.71
8.0401  1.83
8.0501  1.73
8.0601  2.02
8.0701  1.92
8.0801  1.91
8.0901  1.51
8.1001  1.85
8.1101  1.76
8.1201  1.8
8.1301  1.74
8.1401  1.86
8.1501  1.73
8.1601  2.04
8.1701  1.83
8.1801  1.78
8.1901  2.09
8.2001  2.21
8.2101  1.88
8.2201  1.83
8.2301  1.98
8.2401  1.8
8.2501  2.21
8.2601  1.96
8.2701  1.89
8.2801  1.77
8.2901  1.79
8.3001  2.02
8.3101  1.93
8.3201  2.13
8.3301  1.76
8.3401  1.94
8.3501  1.74
8.3601  2.1
8.3701  2.02
8.3801  2.18
8.3901  1.78
8.4001  1.95
8.4101  2.03
8.4201  2.07
8.4301  2.07
8.4401  2.09
8.4501  1.91
8.4601  1.84
8.4701  1.95
8.4801  2.08
8.4901  1.87
8.5001  1.96
8.5101  1.97
8.5201  1.68
8.5301  1.9
8.5401  1.77
8.5501  1.86
8.5601  1.85
8.5701  1.73
8.5801  1.81
8.5901  1.74
8.6001  2.01
8.6101  2.15
8.6201  2
8.6301  1.97
8.6401  1.77
8.6501  1.71
8.6601  1.87
8.6701  1.92
8.6801  1.6
8.6901  1.65
8.7001  1.67
8.7101  1.86
8.7201  1.65
8.7301  1.83
8.7401  1.8
8.7501  2.05
8.7601  1.93
8.7701  1.84
8.7801  1.67
8.7901  1.88
8.8001  1.76
8.8101  1.87
8.8201  1.75
8.8301  1.96
8.8401  1.88
8.8501  1.7
8.8601  1.63
8.8701  1.99
8.8801  1.94
8.8901  1.76
8.9001  1.72
8.9101  1.76
8.9201  1.88
8.9301  1.95
8.9401  1.67
8.9501  1.74
8.9601  2.08
8.9701  1.86
8.9801  1.99
8.9901  2
9.0001  2.14
9.0101  1.73
9.0201  1.86
9.0301  2.06
9.0401  1.9
9.0501  1.81
9.0601  1.83
9.0701  1.75
9.0801  1.97
9.0901  1.75
9.1001  2.13
9.1101  2.14
9.1201  1.94
9.1301  2.24
9.1401  2.03
9.1501  1.88
9.1601  2.06
9.1701  1.92
9.1801  1.89
9.1901  1.89
9.2001  1.8
9.2101  1.84
9.2201  1.87
9.2301  1.94
9.2401  1.99
9.2501  2.1
9.2601  2.04
9.2701  1.79
9.2801  1.6
9.2901  1.89
9.3001  1.85
9.3101  1.98
9.3201  1.92
9.3301  2.08
9.3401  2
9.3501  1.8
9.3601  1.9
9.3701  2.03
9.3801  1.97
9.3901  1.87
9.4001  1.81
9.4101  1.75
9.4201  1.69
9.4301  1.77
9.4401  1.75
9.4501  1.77
9.4601  2.08
9.4701  1.81
9.4801  1.77
9.4901  1.88
9.5001  1.9
9.5101  1.72
9.5201  1.72
9.5301  2.14
9.5401  1.79
9.5501  1.78
9.5601  1.77
9.5701  1.69
9.5801  1.65
9.5901  1.74
9.6001  1.8
9.6101  1.57
9.6201  1.88
9.6301  1.8
9.6401  1.95
9.6501  2.14
9.6601  1.76
9.6701  1.82
9.6801  2.02
9.6901  1.81
9.7001  1.88
9.7101  2.04
9.7201  1.78
9.7301  1.66
9.7401  1.89
9.7501  1.95
9.7601  2
9.7701  1.7
9.7801  2.16
9.7901  2
9.8001  1.74
9.8101  1.86
9.8201  1.89
9.8301  1.76
9.8401  1.84
9.8501  2.07
9.8601  1.83
9.8701  1.78
9.8801  1.99
9.8901  2.07
9.9001  2.21
9.9101  2.21
9.9201  1.89
9.9301  1.89
9.9401  2.12
9.9501  1.88
9.9601  2.08
9.9701  1.78
9.9801  1.78
9.9901  1.93
10.0001  1.69
10.0101  2.07
10.0201  2
10.0301  1.99
10.0401  1.92
10.0501  1.9
10.0601  2.07
10.0701  1.76
10.0801  1.86
10.0901  1.98
10.1001  1.84
10.1101  1.69
10.1201  1.85
10.1301  1.82
10.1401  1.96
10.1501  1.81
10.1601  1.79
10.1701  1.78
10.1801  1.83
10.1901  1.9
10.2001  1.83
10.2101  1.93
10.2201  1.74
10.2301  1.93
10.2401  1.81
10.2501  2
10.2601  1.76
10.2701  1.7
10.2801  1.83
10.2901  1.78
10.3001  2.07
10.3101  1.89
10.3201  1.87
10.3301  1.74
10.3401  1.79
10.3501  1.78
10.3601  1.76
10.3701  1.68
10.3801  1.77
10.3901  1.94
10.4001  1.84
10.4101  1.82
10.4201  1.87
10.4301  2.06
10.4401  1.7
10.4501  1.71
10.4601  1.85
10.4701  2
10.4801  2.13
10.4901  1.96
10.5001  2.12
10.5101  1.76
10.5201  1.87
10.5301  1.82
10.5401  1.74
10.5501  1.76
10.5601  1.64
10.5701  2.2
10.5801  2.07
10.5901  1.94
10.6001  2.13
10.6101  1.92
10.6201  1.91
10.6301  1.89
10.6401  1.76
10.6501  2.11
10.6601  1.88
10.6701  1.82
10.6801  1.97
10.6901  1.67
10.7001  1.67
10.7101  1.95
10.7201  2.18
10.7301  1.87
10.7401  1.98
10.7501  2.06
10.7601  2.02
10.7701  1.87
10.7801  1.78
10.7901  1.83
10.8001  2.05
10.8101  2.21
10.8201  1.87
10.8301  1.98
10.8401  1.81
10.8501  1.88
10.8601  1.72
10.8701  2.09
10.8801  1.56
10.8901  1.57
10.9001  1.79
10.9101  1.91
10.9201  2
10.9301  1.93
10.9401  1.76
10.9501  1.8
10.9601  1.9
10.9701  1.7
10.9801  1.76
10.9901  1.93
11.0001  2.07
11.0101  1.75
11.0201  2.09
11.0301  1.71
11.0401  1.55
11.0501  1.99
11.0601  2.03
11.0701  1.74
11.0801  1.94
11.0901  1.95
11.1001  1.82
11.1101  1.82
11.1201  1.79
11.1301  1.91
11.1401  1.82
11.1501  1.9
11.1601  1.93
11.1701  1.93
11.1801  1.68
11.1901  1.89
11.2001  1.65
11.2101  1.77
11.2201  1.92
11.2301  1.76
11.2401  1.92
11.2501  1.94
11.2601  1.95
11.2701  1.91
11.2801  1.95
11.2901  2.05
11.3001  2.01
11.3101  1.87
11.3201  1.73
11.3301  1.96
11.3401  2.06
11.3501  1.65
11.3601  2.12
11.3701  1.72
11.3801  2.16
11.3901  1.86
11.4001  1.99
11.4101  1.92
11.4201  1.96
11.4301  2.01
11.4401  1.49
11.4501  1.89
11.4601  2.06
11.4701  2.1
11.4801  1.67
11.4901  2.18
11.5001  1.84
11.5101  1.94
11.5201  1.98
11.5301  1.69
11.5401  1.98
11.5501  1.72
11.5601  2
11.5701  1.97
11.5801  1.66
11.5901  2
11.6001  1.89
11.6101  1.9
11.6201  2.03
11.6301  1.9
11.6401  2.05
11.6501  2.02
11.6601  1.9
11.6701  1.97
11.6801  1.85
11.6901  1.72
11.7001  1.72
11.7101  1.82
11.7201  1.88
11.7301  1.59
11.7401  1.78
11.7501  1.76
11.7601  1.7
11.7701  2.08
11.7801  1.96
11.7901  1.83
11.8001  1.9
11.8101  1.78
11.8201  1.84
11.8301  1.85
11.8401  1.71
11.8501  1.73
11.8601  2
11.8701  1.54
11.8801  1.82
11.8901  1.85
11.9001  1.94
11.9101  2.02
11.9201  1.86
11.9301  1.66
11.9401  2.1
11.9501  2.07
11.9601  1.89
11.9701  1.69
11.9801  1.86
11.9901  1.59
12.0001  1.95
12.0101  2.08
12.0201  1.91
12.0301  1.75
12.0401  1.78
12.0501  1.9
12.0601  1.96
12.0701  1.77
12.0801  1.75
12.0901  2.03
12.1001  2.07
12.1101  1.86
12.1201  1.87
12.1301  1.87
12.1401  1.99
12.1501  1.95
12.1601  2.11
12.1701  2.08
12.1801  1.92
12.1901  1.77
12.2001  1.91
12.2101  2.04
12.2201  1.9
12.2301  1.99
12.2401  1.8
12.2501  1.89
12.2601  1.78
12.2701  1.97
12.2801  1.8
12.2901  1.91
12.3001  1.75
12.3101  2.04
12.3201  2
12.3301  1.86
12.3401  1.84
12.3501  1.73
12.3601  1.92
12.3701  1.85
12.3801  1.76
12.3901  2.05
12.4001  1.97
12.4101  1.92
12.4201  1.74
12.4301  1.85
12.4401  1.82
12.4501  1.95
12.4601  2.15
12.4701  1.94
12.4801  1.83
12.4901  1.83
12.5001  1.83
12.5101  1.89
12.5201  1.99
12.5301  1.86
12.5401  1.83
12.5501  1.74
12.5601  1.77
12.5701  1.72
12.5801  1.81
12.5901  1.91
12.6001  1.63
12.6101  1.84
12.6201  1.98
12.6301  1.78
12.6401  1.85
12.6501  1.77
12.6601  1.86
12.6701  2.06
12.6801  1.77
12.6901  1.75
12.7001  1.89
12.7101  1.89
12.7201  1.98
12.7301  1.96
12.7401  2.03
12.7501  1.76
12.7601  1.86
12.7701  1.87
12.7801  2.01
12.7901  1.88
12.8001  1.83
12.8101  1.56
12.8201  1.79
12.8301  2.06
12.8401  1.95
12.8501  1.79
12.8601  1.85
12.8701  1.78
12.8801  1.89
12.8901  2.06
12.9001  1.95
12.9101  1.85
12.9201  1.79
12.9301  2.07
12.9401  1.75
12.9501  1.98
12.9601  1.98
12.9701  1.9
12.9801  1.97
12.9901  1.89
13.0001  2.06
13.0101  1.64
13.0201  1.95
13.0301  2
13.0401  1.76
13.0501  1.98
13.0601  1.98
13.0701  1.9
13.0801  2.02
13.0901  1.86
13.1001  1.67
13.1101  1.84
13.1201  1.98
13.1301  1.93
13.1401  1.76
13.1501  1.81
13.1601  2.01
13.1701  1.79
13.1801  2.07
13.1901  1.84
13.2001  1.93
13.2101  1.92
13.2201  1.86
13.2301  1.95
13.2401  1.75
13.2501  1.96
13.2601  1.81
13.2701  2.17
13.2801  1.76
13.2901  1.74
13.3001  1.9
13.3101  1.62
13.3201  1.77
13.3301  1.98
13.3401  1.73
13.3501  2.01
13.3601  1.9
13.3701  1.74
13.3801  1.99
13.3901  1.86
13.4001  1.83
13.4101  1.99
13.4201  1.87
13.4301  1.76
13.4401  2.05
13.4501  1.81
13.4601  1.85
13.4701  2.03
13.4801  1.72
13.4901  1.71
13.5001  2.02
13.5101  1.61
13.5201  1.78
13.5301  2.19
13.5401  1.92
13.5501  1.81
13.5601  1.8
13.5701  1.72
13.5801  1.74
13.5901  1.95
13.6001  1.9
13.6101  1.84
13.6201  1.93
13.6301  1.93
13.6401  1.75
13.6501  2.01
13.6601  1.87
13.6701  1.9
13.6801  1.68
13.6901  1.83
13.7001  1.84
13.7101  1.84
13.7201  2.05
13.7301  1.85
13.7401  1.98
13.7501  1.96
13.7601  1.78
13.7701  1.78
13.7801  1.88
13.7901  2.05
13.8001  2
13.8101  1.96
13.8201  1.94
13.8301  1.87
13.8401  1.88
13.8501  1.92
13.8601  1.62
13.8701  1.7
13.8801  1.97
13.8901  1.94
13.9001  1.72
13.9101  1.88
13.9201  2.04
13.9301  2.34
13.9401  1.76
13.9501  1.87
13.9601  1.75
13.9701  1.97
13.9801  1.81
13.9901  1.95
14.0001  1.96
14.0101  1.77
14.0201  1.94
14.0301  1.97
14.0401  1.98
14.0501  1.7
14.0601  1.71
14.0701  1.96
14.0801  1.92
14.0901  1.98
14.1001  1.64
14.1101  1.96
14.1201  2.01
14.1301  1.69
14.1401  1.99
14.1501  1.98
14.1601  1.93
14.1701  1.9
14.1801  1.96
14.1901  1.84
14.2001  1.66
14.2101  1.66
14.2201  1.72
14.2301  1.71
14.2401  1.83
14.2501  2.17
14.2601  1.84
14.2701  2.05
14.2801  1.77
14.2901  1.75
14.3001  1.81
14.3101  1.94
14.3201  1.82
14.3301  1.91
14.3401  1.95
14.3501  1.89
14.3601  1.88
14.3701  1.77
14.3801  1.93
14.3901  1.91
14.4001  1.82
14.4101  1.81
14.4201  1.75
14.4301  1.62
14.4401  2.04
14.4501  2
14.4601  1.91
14.4701  1.86
14.4801  1.94
14.4901  2.02
14.5001  1.84
14.5101  1.78
14.5201  1.94
14.5301  1.72
14.5401  1.97
14.5501  1.89
14.5601  1.88
14.5701  1.97
14.5801  2.11
14.5901  1.98
14.6001  1.73
14.6101  2.01
14.6201  1.8
14.6301  1.84
14.6401  2.03
14.6501  1.76
14.6601  1.81
14.6701  1.99
14.6801  1.7
14.6901  1.84
14.7001  2.11
14.7101  2.06
14.7201  1.74
14.7301  1.9
14.7401  1.79
14.7501  2
14.7601  1.7
14.7701  1.77
14.7801  1.99
14.7901  1.94
14.8001  1.93
14.8101  1.82
14.8201  1.86
14.8301  1.68
14.8401  2.01
14.8501  2.02
14.8601  1.88
14.8701  1.78
14.8801  1.75
14.8901  1.81
14.9001  1.86
14.9101  2.08
14.9201  1.94
14.9301  1.84
14.9401  1.57
14.9501  2.1
14.9601  1.84
14.9701  1.74
14.9801  1.84
14.9901  1.81
15.0001  1.7
15.0101  1.72
15.0201  2.04
15.0301  1.92
15.0401  1.87
15.0501  1.91
15.0601  1.82
15.0701  1.99
15.0801  2.17
15.0901  1.75
15.1001  1.92
15.1101  1.67
15.1201  1.81
15.1301  2.02
15.1401  1.79
15.1501  1.7
15.1601  1.81
15.1701  1.95
15.1801  1.91
15.1901  1.81
15.2001  1.84
15.2101  1.88
15.2201  1.81
15.2301  2.05
15.2401  2.08
15.2501  1.87
15.2601  1.83
15.2701  1.76
15.2801  1.98
15.2901  1.96
15.3001  1.91
15.3101  2.04
15.3201  1.68
15.3301  1.82
15.3401  1.77
15.3501  2.05
15.3601  1.93
15.3701  2.02
15.3801  1.77
15.3901  1.67
15.4001  2.08
15.4101  1.93
15.4201  1.88
15.4301  2.12
15.4401  1.86
15.4501  1.99
15.4601  1.93
15.4701  1.87
15.4801  1.65
15.4901  1.87
15.5001  1.79
15.5101  1.68
15.5201  2.04
15.5301  1.95
15.5401  1.98
15.5501  1.81
15.5601  1.65
15.5701  2.07
15.5801  1.99
15.5901  1.87
15.6001  2.15
15.6101  1.67
15.6201  1.79
15.6301  1.85
15.6401  1.75
15.6501  1.83
15.6601  1.9
15.6701  1.71
15.6801  2.12
15.6901  1.68
15.7001  1.77
15.7101  1.92
15.7201  1.81
15.7301  1.78
15.7401  1.91
15.7501  2.1
15.7601  1.74
15.7701  1.73
15.7801  1.84
15.7901  1.93
15.8001  1.96
15.8101  2.1
15.8201  1.95
15.8301  1.77
15.8401  1.87
15.8501  1.94
15.8601  1.54
15.8701  1.84
15.8801  1.88
15.8901  1.68
15.9001  1.99
15.9101  1.97
15.9201  1.57
15.9301  2.08
15.9401  2.09
15.9501  2.03
15.9601  1.78
15.9701  1.9
15.9801  1.74
15.9901  2.02
16.0001  2.07
16.0101  1.96
16.0201  1.66
16.0301  1.68
16.0401  1.91
16.0501  1.74
16.0601  1.96
16.0701  2
16.0801  2.02
16.0901  1.98
16.1001  1.81
16.1101  1.7
16.1201  1.84
16.1301  1.93
16.1401  1.75
16.1501  1.94
16.1601  1.87
16.1701  1.9
16.1801  1.84
16.1901  2.03
16.2001  1.87
16.2101  1.75
16.2201  1.89
16.2301  1.88
16.2401  1.68
16.2501  2
16.2601  2.07
16.2701  1.91
16.2801  2.07
16.2901  1.89
16.3001  1.9
16.3101  1.7
16.3201  1.84
16.3301  1.98
16.3401  1.8
16.3501  1.92
16.3601  1.52
16.3701  1.94
16.3801  1.95
16.3901  1.83
16.4001  2.05
16.4101  1.82
16.4201  1.93
16.4301  1.98
16.4401  1.81
16.4501  1.96
16.4601  1.97
16.4701  1.89
16.4801  1.76
16.4901  1.69
16.5001  2.02
16.5101  1.76
16.5201  2.06
16.5301  1.89
16.5401  1.79
16.5501  2.01
16.5601  1.66
16.5701  1.96
16.5801  1.94
16.5901  1.86
16.6001  1.83
16.6101  1.84
16.6201  1.84
16.6301  2.02
16.6401  1.77
16.6501  1.65
16.6601  1.66
16.6701  1.92
16.6801  2.08
16.6901  1.91
16.7001  1.78
16.7101  1.92
16.7201  2.07
16.7301  2
16.7401  1.98
16.7501  1.62
16.7601  2
16.7701  1.91
16.7801  1.89
16.7901  1.87
16.8001  1.88
16.8101  2.01
16.8201  1.65
16.8301  2.01
16.8401  1.86
16.8501  1.81
16.8601  1.78
16.8701  1.92
16.8801  2.02
16.8901  1.75
16.9001  2.1
16.9101  1.85
16.9201  1.85
16.9301  1.83
16.9401  1.83
16.9501  2.04
16.9601  1.73
16.9701  2.13
16.9801  1.85
16.9901  1.82
17.0001  1.85
17.0101  1.82
17.0201  2.13
17.0301  1.64
17.0401  2.04
17.0501  1.97
17.0601  1.98
17.0701  1.76
17.0801  1.78
17.0901  2.1
17.1001  1.88
17.1101  1.76
17.1201  1.8
17.1301  1.75
17.1401  1.88
17.1501  2.03
17.1601  1.68
17.1701  1.74
17.1801  1.92
17.1901  1.77
17.2001  2.11
17.2101  1.68
17.2201  1.74
17.2301  1.77
17.2401  1.78
17.2501  2.04
17.2601  1.97
17.2701  2.24
17.2801  1.8
17.2901  1.65
17.3001  2.1
17.3101  1.78
17.3201  2.04
17.3301  1.84
17.3401  1.81
17.3501  1.87
17.3601  1.63
17.3701  1.9
17.3801  1.85
17.3901  1.86
17.4001  1.91
17.4101  2.06
17.4201  1.91
17.4301  1.79
17.4401  1.79
17.4501  1.67
17.4601  2.07
17.4701  1.85
17.4801  1.99
17.4901  1.97
17.5001  2.13
17.5101  1.76
17.5201  1.93
17.5301  1.82
17.5401  2.03
17.5501  1.74
17.5601  1.92
17.5701  2.06
17.5801  1.78
17.5901  1.85
17.6001  2.19
17.6101  1.77
17.6201  1.83
17.6301  1.9
17.6401  1.82
17.6501  1.76
17.6601  2.03
17.6701  1.93
17.6801  1.85
17.6901  2.02
17.7001  1.75
17.7101  1.96
17.7201  1.59
17.7301  1.73
17.7401  1.85
17.7501  2.06
17.7601  2.1
17.7701  1.81
17.7801  1.83
17.7901  2.15
17.8001  1.88
17.8101  1.93
17.8201  1.65
17.8301  1.83
17.8401  1.76
17.8501  1.87
17.8601  1.98
17.8701  1.84
17.8801  1.86
17.8901  1.84
17.9001  2.09
17.9101  1.92
17.9201  1.64
17.9301  1.93
17.9401  1.69
17.9501  1.69
17.9601  1.8
17.9701  1.8
17.9801  1.92
17.9901  2.02
18.0001  1.68
18.0101  2.08
18.0201  1.94
18.0301  1.91
18.0401  1.91
18.0501  1.52
18.0601  2.24
18.0701  1.77
18.0801  1.92
18.0901  2.06
18.1001  1.9
18.1101  1.75
18.1201  1.92
18.1301  1.6
18.1401  1.82
18.1501  1.96
18.1601  1.82
18.1701  1.9
18.1801  1.97
18.1901  1.74
18.2001  2.09
18.2101  1.75
18.2201  1.87
18.2301  1.82
18.2401  1.99
18.2501  2.19
18.2601  1.84
18.2701  2.2
18.2801  1.9
18.2901  1.73
18.3001  1.93
18.3101  1.97
18.3201  1.87
18.3301  2.03
18.3401  1.7
18.3501  1.78
18.3601  1.96
18.3701  1.91
18.3801  2.06
18.3901  1.83
18.4001  1.85
18.4101  2.08
18.4201  1.8
18.4301  1.97
18.4401  1.99
18.4501  1.91
18.4601  1.8
18.4701  1.63
18.4801  2.03
18.4901  1.87
18.5001  1.8
18.5101  2.04
18.5201  1.8
18.5301  1.86
18.5401  1.81
18.5501  1.89
18.5601  2
18.5701  1.82
18.5801  1.83
18.5901  1.9
18.6001  1.87
18.6101  2.14
18.6201  1.98
18.6301  1.67
18.6401  1.77
18.6501  1.73
18.6601  2
18.6701  1.68
18.6801  2.01
18.6901  1.78
18.7001  1.53
18.7101  1.94
18.7201  1.99
18.7301  1.83
18.7401  1.67
18.7501  1.67
18.7601  2.2
18.7701  2.02
18.7801  1.84
18.7901  1.88
18.8001  1.88
18.8101  1.89
18.8201  1.91
18.8301  1.61
18.8401  1.86
18.8501  1.75
18.8601  1.72
18.8701  2.02
18.8801  1.93
18.8901  2.04
18.9001  1.75
18.9101  1.87
18.9201  1.91
18.9301  2.14
18.9401  1.91
18.9501  1.72
18.9601  2.12
18.9701  1.9
18.9801  2.02
18.9901  1.76
19.0001  1.79
19.0101  2.16
19.0201  1.83
19.0301  1.74
19.0401  1.97
19.0501  2
19.0601  1.81
19.0701  1.89
19.0801  1.9
19.0901  1.9
19.1001  1.73
19.1101  2.18
19.1201  1.94
19.1301  2.02
19.1401  1.98
19.1501  1.88
19.1601  1.77
19.1701  1.97
19.1801  1.9
19.1901  2.1
19.2001  1.85
19.2101  1.84
19.2201  1.78
19.2301  1.83
19.2401  1.76
19.2501  2.02
19.2601  1.91
19.2701  2.04
19.2801  1.78
19.2901  1.91
19.3001  1.88
19.3101  1.66
19.3201  1.98
19.3301  1.85
19.3401  1.94
19.3501  1.87
19.3601  1.96
19.3701  1.69
19.3801  1.67
19.3901  2.02
19.4001  1.9
19.4101  1.79
19.4201  2.01
19.4301  1.69
19.4401  1.93
19.4501  1.89
19.4601  1.79
19.4701  1.78
19.4801  1.97
19.4901  1.9
19.5001  1.92
19.5101  1.95
19.5201  1.92
19.5301  1.87
19.5401  1.71
19.5501  1.92
19.5601  2.05
19.5701  1.9
19.5801  1.61
19.5901  1.81
19.6001  1.79
19.6101  1.84
19.6201  1.91
19.6301  1.98
19.6401  1.76
19.6501  2.32
19.6601  1.96
19.6701  1.88
19.6801  1.82
19.6901  1.96
19.7001  1.78
19.7101  1.93
19.7201  1.8
19.7301  1.82
19.7401  1.93
19.7501  2
19.7601  2
19.7701  1.92
19.7801  1.66
19.7901  2.1
19.8001  1.94
19.8101  1.8
19.8201  2.14
19.8301  1.56
19.8401  1.51
19.8501  2.12
19.8601  1.95
19.8701  2.31
19.8801  1.74
19.8901  2
19.9001  1.9
19.9101  1.88
19.9201  1.82
19.9301  1.89
19.9401  1.86
19.9501  1.87
19.9601  1.73
19.9701  1.99
19.9801  1.73
19.9901  2.16
20.0001  2.02
20.0101  1.96
20.0201  2.04
20.0301  1.68
20.0401  2.04
20.0501  1.69
20.0601  1.86
20.0701  1.88
20.0801  2.05
20.0901  1.68
20.1001  1.87
20.1101  1.86
20.1201  1.8
20.1301  2.09
20.1401  1.74
20.1501  1.7
20.1601  2.15
20.1701  1.84
20.1801  2.01
20.1901  2.03
20.2001  1.95
20.2101  1.58
20.2201  1.85
20.2301  1.63
20.2401  1.57
20.2501  1.82
20.2601  1.69
20.2701  1.89
20.2801  1.74
20.2901  2.07
20.3001  1.85
20.3101  2.02
20.3201  1.86
20.3301  1.94
20.3401  1.91
20.3501  1.75
20.3601  1.71
20.3701  1.83
20.3801  1.94
20.3901  1.94
20.4001  1.7
20.4101  1.95
20.4201  1.85
20.4301  1.93
20.4401  1.98
20.4501  1.71
20.4601  1.83
20.4701  1.88
20.4801  1.94
20.4901  1.84
20.5001  1.92
20.5101  1.92
20.5201  1.99
20.5301  2.01
20.5401  1.96
20.5501  1.92
20.5601  1.96
20.5701  2.08
20.5801  1.89
20.5901  1.9
20.6001  2.06
20.6101  1.8
20.6201  1.93
20.6301  1.93
20.6401  1.95
20.6501  2.01
20.6601  2
20.6701  1.81
20.6801  1.96
20.6901  1.8
20.7001  1.99
20.7101  2.06
20.7201  1.92
20.7301  1.82
20.7401  1.67
20.7501  2
20.7601  2
20.7701  1.9
20.7801  1.66
20.7901  2.05
20.8001  1.65
20.8101  2.05
20.8201  2.11
20.8301  1.82
20.8401  1.77
20.8501  2.07
20.8601  1.98
20.8701  1.77
20.8801  1.91
20.8901  1.65
20.9001  1.78
20.9101  2
20.9201  1.76
20.9301  1.92
20.9401  1.86
20.9501  1.6
20.9601  1.88
20.9701  1.71
20.9801  1.91
20.9901  2.08
21.0001  1.87
21.0101  1.97
21.0201  1.68
21.0301  1.76
21.0401  1.75
21.0501  1.83
21.0601  1.95
21.0701  1.91
21.0801  1.65
21.0901  2.03
21.1001  1.86
21.1101  1.83
21.1201  1.95
21.1301  1.79
21.1401  2.13
21.1501  1.78
21.1601  1.81
21.1701  1.9
21.1801  2.04
21.1901  1.85
21.2001  1.91
21.2101  2.05
21.2201  1.81
21.2301  1.85
21.2401  1.81
21.2501  1.99
21.2601  1.72
21.2701  1.83
21.2801  1.63
21.2901  1.77
21.3001  1.87
21.3101  2.03
21.3201  2.03
21.3301  2.08
21.3401  1.77
21.3501  2.16
21.3601  2.05
21.3701  1.83
21.3801  1.86
21.3901  2.02
21.4001  2.07
21.4101  2.03
21.4201  1.74
21.4301  1.85
21.4401  1.79
21.4501  1.84
21.4601  1.81
21.4701  1.94
21.4801  1.75
21.4901  2.05
21.5001  1.83
21.5101  1.95
21.5201  1.8
21.5301  2.01
21.5401  1.95
21.5501  1.93
21.5601  2.19
21.5701  1.94
21.5801  1.57
21.5901  2.05
21.6001  2.01
21.6101  1.81
21.6201  1.79
21.6301  1.86
21.6401  1.92
21.6501  1.93
21.6601  1.92
21.6701  1.89
21.6801  2.14
21.6901  1.94
21.7001  1.83
21.7101  1.72
21.7201  1.92
21.7301  1.85
21.7401  1.86
21.7501  2.01
21.7601  1.85
21.7701  1.92
21.7801  1.74
21.7901  1.82
21.8001  1.7
21.8101  1.42
21.8201  1.91
21.8301  1.88
21.8401  1.78
21.8501  1.89
21.8601  2.18
21.8701  1.76
21.8801  1.79
21.8901  1.84
21.9001  1.99
21.9101  2
21.9201  1.86
21.9301  1.61
21.9401  1.94
21.9501  1.8
21.9601  1.91
21.9701  1.89
21.9801  1.68
21.9901  2.11
22.0001  2.05
22.0101  1.76
22.0201  1.74
22.0301  2.04
22.0401  1.65
22.0501  1.71
22.0601  1.89
22.0701  1.95
22.0801  1.85
22.0901  2.14
22.1001  1.97
22.1101  1.93
22.1201  1.94
22.1301  1.68
22.1401  1.86
22.1501  1.82
22.1601  1.94
22.1701  2.05
22.1801  2.02
22.1901  1.96
22.2001  2
22.2101  2.15
22.2201  1.93
22.2301  1.88
22.2401  1.9
22.2501  2.06
22.2601  1.92
22.2701  1.93
22.2801  1.67
22.2901  2.16
22.3001  1.89
22.3101  1.92
22.3201  2.02
22.3301  1.72
22.3401  1.8
22.3501  1.85
22.3601  1.86
22.3701  2.03
22.3801  1.82
22.3901  1.94
22.4001  1.68
22.4101  1.96
22.4201  2.08
22.4301  1.68
22.4401  1.8
22.4501  1.88
22.4601  1.93
22.4701  1.87
22.4801  1.77
22.4901  2.07
22.5001  1.89
22.5101  2
22.5201  1.79
22.5301  1.97
22.5401  1.81
22.5501  2
22.5601  1.61
22.5701  1.98
22.5801  1.62
22.5901  1.7
22.6001  1.95
22.6101  1.66
22.6201  2.02
22.6301  1.82
22.6401  1.96
22.6501  1.84
22.6601  1.89
22.6701  1.69
22.6801  1.96
22.6901  1.59
22.7001  1.86
22.7101  2.02
22.7201  1.84
22.7301  1.97
22.7401  1.95
22.7501  1.92
22.7601  1.8
22.7701  1.9
22.7801  2.07
22.7901  1.83
22.8001  2.13
22.8101  1.69
22.8201  1.72
22.8301  1.89
22.8401  1.8
22.8501  2.05
22.8601  1.72
22.8701  1.99
22.8801  1.84
22.8901  2.12
22.9001  1.7
22.9101  1.67
22.9201  1.86
22.9301  1.86
22.9401  2.1
22.9501  1.89
22.9601  2.04
22.9701  1.96
22.9801  1.77
22.9901  1.87
23.0001  1.95
23.0101  1.87
23.0201  1.85
23.0301  2.05
23.0401  2.06
23.0501  1.83
23.0601  1.9
23.0701  1.88
23.0801  1.89
23.0901  1.94
23.1001  1.71
23.1101  1.82
23.1201  1.86
23.1301  1.95
23.1401  1.9
23.1501  1.83
23.1601  1.72
23.1701  2.13
23.1801  2.04
23.1901  1.8
23.2001  2.05
23.2101  2.03
23.2201  1.66
23.2301  1.85
23.2401  1.87
23.2501  1.95
23.2601  2.06
23.2701  1.98
23.2801  1.77
23.2901  1.6
23.3001  1.96
23.3101  2.08
23.3201  1.76
23.3301  1.75
23.3401  1.75
23.3501  1.91
23.3601  1.88
23.3701  1.94
23.3801  1.98
23.3901  1.81
23.4001  1.84
23.4101  1.89
23.4201  1.96
23.4301  1.77
23.4401  1.89
23.4501  1.68
23.4601  1.77
23.4701  1.78
23.4801  1.92
23.4901  1.97
23.5001  1.99
23.5101  1.76
23.5201  1.81
23.5301  1.91
23.5401  1.75
23.5501  2.1
23.5601  1.84
23.5701  1.73
23.5801  1.77
23.5901  1.78
23.6001  1.72
23.6101  2.05
23.6201  1.8
23.6301  2.06
23.6401  2.09
23.6501  1.83
23.6601  1.74
23.6701  1.78
23.6801  2
23.6901  1.93
23.7001  1.69
23.7101  1.97
23.7201  1.79
23.7301  1.9
23.7401  1.8
23.7501  1.95
23.7601  1.99
23.7701  2.15
23.7801  2.11
23.7901  1.87
23.8001  2.11
23.8101  1.81
23.8201  1.64
23.8301  1.99
23.8401  1.73
23.8501  1.92
23.8601  2.01
23.8701  1.88
23.8801  1.78
23.8901  1.66
23.9001  1.9
23.9101  1.92
23.9201  2.22
23.9301  2.14
23.9401  1.9
23.9501  2.03
23.9601  1.72
23.9701  1.93
23.9801  1.81
23.9901  1.79
24.0001  2.04
24.0101  1.94
24.0201  1.89
24.0301  2.13
24.0401  1.86
24.0501  1.87
24.0601  2
24.0701  1.64
24.0801  1.76
24.0901  1.8
24.1001  1.86
24.1101  1.93
24.1201  1.96
24.1301  1.89
24.1401  1.74
24.1501  1.79
24.1601  1.75
24.1701  1.77
24.1801  1.71
24.1901  1.82
24.2001  1.85
24.2101  2.03
24.2201  1.88
24.2301  1.95
24.2401  1.89
24.2501  1.72
24.2601  1.78
24.2701  1.93
24.2801  1.87
24.2901  1.65
24.3001  1.85
24.3101  2.18
24.3201  2.01
24.3301  1.81
24.3401  1.84
24.3501  2.05
24.3601  1.87
24.3701  1.62
24.3801  1.85
24.3901  1.85
24.4001  1.95
24.4101  1.55
24.4201  1.67
24.4301  1.99
24.4401  1.92
24.4501  1.96
24.4601  1.76
24.4701  2.12
24.4801  1.86
24.4901  2.04
24.5001  1.94
24.5101  2.02
24.5201  2.12
24.5301  1.63
24.5401  2.36
24.5501  2.14
24.5601  1.71
24.5701  1.78
24.5801  1.82
24.5901  2.01
24.6001  1.73
24.6101  1.9
24.6201  1.95
24.6301  1.85
24.6401  1.96
24.6501  2
24.6601  1.81
24.6701  1.66
24.6801  1.8
24.6901  1.88
24.7001  2.06
24.7101  2.1
24.7201  1.56
24.7301  2.15
24.7401  1.88
24.7501  1.62
24.7601  1.77
24.7701  1.9
24.7801  1.83
24.7901  2.05
24.8001  1.9
24.8101  1.8
24.8201  2.09
24.8301  1.82
24.8401  1.96
24.8501  2.03
24.8601  1.92
24.8701  2.08
24.8801  1.87
24.8901  1.89
24.9001  1.75
24.9101  1.67
24.9201  1.93
24.9301  1.81
24.9401  1.62
24.9501  1.56
24.9601  2.01
24.9701  1.92
24.9801  1.66
24.9901  1.77
25.0001  1.65
25.0101  1.8
25.0201  1.99
25.0301  2.09
25.0401  2.18
25.0501  1.89
25.0601  1.95
25.0701  1.79
25.0801  1.88
25.0901  1.96
25.1001  1.84
25.1101  1.82
25.1201  2.07
25.1301  1.84
25.1401  2
25.1501  1.75
25.1601  1.63
25.1701  1.79
25.1801  2.03
25.1901  1.95
25.2001  1.83
25.2101  2.09
25.2201  1.84
25.2301  1.84
25.2401  1.72
25.2501  2.03
25.2601  1.99
25.2701  1.63
25.2801  1.91
25.2901  2.06
25.3001  1.87
25.3101  2.12
25.3201  1.9
25.3301  1.92
25.3401  1.97
25.3501  1.78
25.3601  1.95
25.3701  1.84
25.3801  2.1
25.3901  1.92
25.4001  2.11
25.4101  1.96
25.4201  2
25.4301  1.79
25.4401  1.77
25.4501  1.69
25.4601  2
25.4701  1.74
25.4801  1.91
25.4901  1.74
25.5001  1.69
25.5101  2.07
25.5201  1.78
25.5301  1.88
25.5401  1.81
25.5501  1.56
25.5601  1.99
25.5701  2.1
25.5801  1.9
25.5901  1.93
25.6001  1.86
25.6101  2.06
25.6201  1.83
25.6301  2.11
25.6401  1.65
25.6501  1.71
25.6601  1.78
25.6701  1.9
25.6801  1.92
25.6901  1.85
25.7001  1.89
25.7101  1.88
25.7201  1.72
25.7301  1.83
25.7401  1.86
25.7501  1.99
25.7601  1.85
25.7701  1.66
25.7801  1.9
25.7901  1.85
25.8001  1.82
25.8101  2
25.8201  1.93
25.8301  1.79
25.8401  2.05
25.8501  1.97
25.8601  1.92
25.8701  1.92
25.8801  1.85
25.8901  1.82
25.9001  1.85
25.9101  1.77
25.9201  1.96
25.9301  1.83
25.9401  2.09
25.9501  1.84
25.9601  1.88
25.9701  2.29
25.9801  1.65
25.9901  1.77
26.0001  1.96
26.0101  1.77
26.0201  1.99
26.0301  1.91
26.0401  1.76
26.0501  1.89
26.0601  2.05
26.0701  2.02
26.0801  1.84
26.0901  1.86
26.1001  2.2
26.1101  2
26.1201  1.64
26.1301  1.81
26.1401  2.05
26.1501  1.75
26.1601  1.88
26.1701  1.87
26.1801  2.1
26.1901  1.79
26.2001  1.72
26.2101  1.96
26.2201  2.03
26.2301  1.77
26.2401  1.93
26.2501  1.7
26.2601  1.81
26.2701  1.87
26.2801  1.83
26.2901  1.95
26.3001  1.85
26.3101  2.09
26.3201  1.83
26.3301  1.93
26.3401  1.74
26.3501  1.82
26.3601  1.99
26.3701  2.11
26.3801  1.91
26.3901  1.73
26.4001  1.88
26.4101  1.8
26.4201  1.89
26.4301  1.8
26.4401  1.91
26.4501  1.63
26.4601  2.08
26.4701  1.74
26.4801  1.81
26.4901  1.64
26.5001  1.8
26.5101  2.07
26.5201  1.83
26.5301  1.97
26.5401  2.07
26.5501  2.02
26.5601  1.47
26.5701  1.88
26.5801  1.78
26.5901  1.86
26.6001  1.78
26.6101  1.76
26.6201  2.15
26.6301  1.86
26.6401  1.96
26.6501  1.85
26.6601  1.98
26.6701  2.24
26.6801  1.79
26.6901  1.9
26.7001  1.87
26.7101  1.7
26.7201  2.01
26.7301  2
26.7401  1.82
26.7501  1.81
26.7601  1.79
26.7701  1.88
26.7801  1.71
26.7901  2.11
26.8001  1.93
26.8101  2.09
26.8201  2.09
26.8301  1.93
26.8401  1.85
26.8501  1.85
26.8601  1.84
26.8701  2.06
26.8801  1.84
26.8901  1.81
26.9001  2.06
26.9101  2.07
26.9201  1.69
26.9301  1.87
26.9401  1.81
26.9501  1.89
26.9601  2
26.9701  1.97
26.9801  1.82
26.9901  1.78
27.0001  2.13
27.0101  1.81
27.0201  2.06
27.0301  1.87
27.0401  1.87
27.0501  1.76
27.0601  2.05
27.0701  1.98
27.0801  1.79
27.0901  1.76
27.1001  1.87
27.1101  1.71
27.1201  1.74
27.1301  1.8
27.1401  1.74
27.1501  1.92
27.1601  1.91
27.1701  1.82
27.1801  2.14
27.1901  1.83
27.2001  1.78
27.2101  1.81
27.2201  1.77
27.2301  1.85
27.2401  1.92
27.2501  1.95
27.2601  1.72
27.2701  2.02
27.2801  1.89
27.2901  1.82
27.3001  1.82
27.3101  1.78
27.3201  1.88
27.3301  1.75
27.3401  1.96
27.3501  2.15
27.3601  1.79
27.3701  1.76
27.3801  1.81
27.3901  2.04
27.4001  1.83
27.4101  1.74
27.4201  1.89
27.4301  1.97
27.4401  1.77
27.4501  2.21
27.4601  1.88
27.4701  1.89
27.4801  1.91
27.4901  1.86
27.5001  1.74
27.5101  1.72
27.5201  1.86
27.5301  2.21
27.5401  1.96
27.5501  1.88
27.5601  1.95
27.5701  1.95
27.5801  1.99
27.5901  1.92
27.6001  2
27.6101  1.84
27.6201  1.9
27.6301  1.93
27.6401  1.72
27.6501  1.73
27.6601  1.79
27.6701  2.13
27.6801  2.1
27.6901  1.81
27.7001  1.79
27.7101  1.96
27.7201  2.04
27.7301  2.04
27.7401  1.76
27.7501  1.87
27.7601  1.95
27.7701  1.79
27.7801  1.96
27.7901  1.88
27.8001  1.84
27.8101  1.8
27.8201  1.92
27.8301  1.9
27.8401  1.71
27.8501  1.77
27.8601  1.81
27.8701  1.88
27.8801  1.98
27.8901  1.72
27.9001  2
27.9101  1.92
27.9201  1.84
27.9301  1.77
27.9401  1.83
27.9501  1.78
27.9601  1.99
27.9701  1.83
27.9801  1.78
27.9901  1.84
28.0001  1.91
28.0101  1.8
28.0201  1.91
28.0301  1.9
28.0401  1.63
28.0501  1.77
28.0601  1.96
28.0701  1.8
28.0801  1.85
28.0901  1.8
28.1001  1.93
28.1101  1.94
28.1201  1.83
28.1301  1.88
28.1401  1.86
28.1501  1.87
28.1601  2.09
28.1701  1.95
28.1801  1.65
28.1901  1.83
28.2001  1.96
28.2101  1.71
28.2201  2.01
28.2301  2.05
28.2401  2.03
28.2501  1.73
28.2601  1.79
28.2701  1.84
28.2801  1.98
28.2901  2.19
28.3001  1.89
28.3101  2.01
28.3201  1.71
28.3301  2.3
28.3401  1.67
28.3501  2.07
28.3601  1.85
28.3701  1.96
28.3801  1.82
28.3901  1.81
28.4001  1.8
28.4101  2.06
28.4201  1.71
28.4301  1.99
28.4401  1.98
28.4501  2.12
28.4601  1.9
28.4701  1.88
28.4801  1.83
28.4901  1.68
28.5001  1.87
28.5101  1.87
28.5201  2.03
28.5301  1.93
28.5401  2.1
28.5501  1.72
28.5601  1.72
28.5701  1.81
28.5801  1.76
28.5901  1.82
28.6001  1.84
28.6101  1.8
28.6201  1.81
28.6301  1.85
28.6401  2.18
28.6501  1.93
28.6601  1.81
28.6701  2.04
28.6801  1.74
28.6901  2.15
28.7001  1.79
28.7101  1.91
28.7201  1.66
28.7301  1.79
28.7401  1.87
28.7501  1.81
28.7601  1.98
28.7701  1.67
28.7801  1.71
28.7901  2.08
28.8001  1.64
28.8101  1.87
28.8201  1.58
28.8301  1.79
28.8401  2.06
28.8501  1.81
28.8601  2.08
28.8701  1.96
28.8801  2.02
28.8901  1.95
28.9001  1.86
28.9101  1.91
28.9201  1.88
28.9301  1.9
28.9401  1.94
28.9501  1.72
28.9601  1.89
28.9701  1.91
28.9801  1.82
28.9901  1.96
29.0001  1.98
29.0101  1.83
29.0201  1.78
29.0301  1.86
29.0401  1.91
29.0501  1.85
29.0601  2.05
29.0701  1.93
29.0801  1.83
29.0901  1.88
29.1001  1.74
29.1101  2.07
29.1201  1.81
29.1301  1.95
29.1401  1.86
29.1501  2.08
29.1601  2.23
29.1701  1.83
29.1801  1.95
29.1901  1.98
29.2001  2.01
29.2101  1.79
29.2201  1.89
29.2301  1.91
29.2401  1.77
29.2501  1.82
29.2601  1.97
29.2701  1.78
29.2801  1.82
29.2901  1.81
29.3001  2.05
29.3101  1.89
29.3201  1.8
29.3301  1.79
29.3401  1.53
29.3501  1.73
29.3601  1.95
29.3701  1.89
29.3801  2
29.3901  1.69
29.4001  1.88
29.4101  1.83
29.4201  2.08
29.4301  2.07
29.4401  1.91
29.4501  1.9
29.4601  1.92
29.4701  1.8
29.4801  1.69
29.4901  1.56
29.5001  1.89
29.5101  2.04
29.5201  1.78
29.5301  1.89
29.5401  1.87
29.5501  1.88
29.5601  1.74
29.5701  1.96
29.5801  1.85
29.5901  1.89
29.6001  1.88
29.6101  1.77
29.6201  1.78
29.6301  2.07
29.6401  1.91
29.6501  1.77
29.6601  1.97
29.6701  1.76
29.6801  1.91
29.6901  2
29.7001  2.04
29.7101  1.75
29.7201  2.16
29.7301  1.89
29.7401  1.77
29.7501  1.95
29.7601  1.89
29.7701  1.88
29.7801  1.79
29.7901  1.96
29.8001  1.86
29.8101  1.86
29.8201  1.81
29.8301  1.72
29.8401  2.22
29.8501  1.91
29.8601  1.92
29.8701  1.99
29.8801  1.71
29.8901  1.94
29.9001  1.67
29.9101  1.94
29.9201  1.85
29.9301  2.11
29.9401  1.94
29.9501  2.04
29.9601  1.72
29.9701  1.98
29.9801  1.77
29.9901  1.87
30.0001  1.88
30.0101  1.89
30.0201  1.78
30.0301  1.95
30.0401  2.08
30.0501  1.86
30.0601  1.88
30.0701  1.8
30.0801  2.04
30.0901  1.79
30.1001  2.01
30.1101  1.91
30.1201  1.9
30.1301  1.62
30.1401  1.95
30.1501  1.92
30.1601  1.7
30.1701  1.89
30.1801  1.94
30.1901  1.64
30.2001  1.91
30.2101  2
30.2201  1.65
30.2301  2.03
30.2401  1.91
30.2501  1.76
30.2601  1.87
30.2701  1.95
30.2801  1.9
30.2901  1.77
30.3001  1.96
30.3101  1.76
30.3201  1.85
30.3301  1.93
30.3401  1.72
30.3501  1.88
30.3601  1.81
30.3701  1.61
30.3801  2.24
30.3901  1.78
30.4001  1.93
30.4101  1.95
30.4201  2.07
30.4301  2.09
30.4401  1.6
30.4501  1.96
30.4601  1.75
30.4701  1.75
30.4801  1.95
30.4901  1.86
30.5001  2.08
30.5101  1.99
30.5201  1.58
30.5301  1.84
30.5401  1.95
30.5501  1.76
30.5601  1.83
30.5701  2.02
30.5801  2.07
30.5901  1.83
30.6001  2.02
30.6101  1.85
30.6201  1.89
30.6301  2.02
30.6401  1.92
30.6501  1.7
30.6601  1.87
30.6701  1.98
30.6801  1.6
30.6901  2.12
30.7001  2.11
30.7101  2
30.7201  1.89
30.7301  1.97
30.7401  1.77
30.7501  1.99
30.7601  1.87
30.7701  1.87
30.7801  1.87
30.7901  1.83
30.8001  1.82
30.8101  1.84
30.8201  1.89
30.8301  1.71
30.8401  1.75
30.8501  1.9
30.8601  2.22
30.8701  1.88
30.8801  1.75
30.8901  1.63
30.9001  1.83
30.9101  1.97
30.9201  2.29
30.9301  2.01
30.9401  1.67
30.9501  2.04
30.9601  2.21
30.9701  1.73
30.9801  1.69
30.9901  1.88
31.0001  1.88
31.0101  1.78
31.0201  1.97
31.0301  1.8
31.0401  1.89
31.0501  2.03
31.0601  1.62
31.0701  1.62
31.0801  1.71
31.0901  1.95
31.1001  1.79
31.1101  1.88
31.1201  1.94
31.1301  1.82
31.1401  1.96
31.1501  1.95
31.1601  1.91
31.1701  1.83
31.1801  1.95
31.1901  1.76
31.2001  1.96
31.2101  1.96
31.2201  2.01
31.2301  2.01
31.2401  1.86
31.2501  1.8
31.2601  1.82
31.2701  1.93
31.2801  1.68
31.2901  1.82
31.3001  1.9
31.3101  1.91
31.3201  1.86
31.3301  1.83
31.3401  1.75
31.3501  2
31.3601  1.68
31.3701  1.85
31.3801  1.88
31.3901  1.92
31.4001  1.92
31.4101  1.98
31.4201  1.97
31.4301  1.92
31.4401  1.98
31.4501  1.94
31.4601  2.1
31.4701  2
31.4801  2.09
31.4901  1.88
31.5001  2.01
31.5101  1.89
31.5201  1.74
31.5301  1.85
31.5401  1.74
31.5501  2.02
31.5601  1.87
31.5701  1.96
31.5801  1.63
31.5901  1.73
31.6001  1.93
31.6101  1.78
31.6201  1.9
31.6301  1.89
31.6401  1.88
31.6501  1.84
31.6601  1.99
31.6701  1.92
31.6801  1.99
31.6901  2.12
31.7001  1.79
31.7101  1.95
31.7201  2.05
31.7301  1.87
31.7401  1.95
31.7501  1.63
31.7601  1.75
31.7701  1.82
31.7801  1.87
31.7901  1.93
31.8001  1.89
31.8101  1.92
31.8201  1.76
31.8301  1.88
31.8401  2.02
31.8501  1.7
31.8601  1.92
31.8701  1.79
31.8801  1.95
31.8901  1.81
31.9001  1.96
31.9101  1.77
31.9201  1.68
31.9301  1.96
31.9401  1.8
31.9501  1.73
31.9601  1.73
31.9701  1.74
31.9801  2.14
31.9901  1.92
32.0001  1.84
32.0101  2.01
32.0201  2
32.0301  1.99
32.0401  1.93
32.0501  1.72
32.0601  2.11
32.0701  1.92
32.0801  1.82
32.0901  1.92
32.1001  1.79
32.1101  1.74
32.1201  1.84
32.1301  1.82
32.1401  1.91
32.1501  1.75
32.1601  1.82
32.1701  1.99
32.1801  1.89
32.1901  1.84
32.2001  2.26
32.2101  1.8
32.2201  2.09
32.2301  1.93
32.2401  1.99
32.2501  1.63
32.2601  1.8
32.2701  1.92
32.2801  1.94
32.2901  1.81
32.3001  1.85
32.3101  1.97
32.3201  1.52
32.3301  1.98
32.3401  2.17
32.3501  2.06
32.3601  2.05
32.3701  2.09
32.3801  1.85
32.3901  1.96
32.4001  1.98
32.4101  1.81
32.4201  1.92
32.4301  1.86
32.4401  1.83
32.4501  1.59
32.4601  2.02
32.4701  1.67
32.4801  1.89
32.4901  1.55
32.5001  1.87
32.5101  2.02
32.5201  1.98
32.5301  1.75
32.5401  1.72
32.5501  2.14
32.5601  2
32.5701  1.98
32.5801  1.9
32.5901  1.89
32.6001  2.03
32.6101  1.74
32.6201  1.99
32.6301  1.91
32.6401  1.75
32.6501  1.9
32.6601  1.84
32.6701  1.63
32.6801  1.59
32.6901  1.93
32.7001  1.87
32.7101  1.85
32.7201  2.07
32.7301  2
32.7401  1.7
32.7501  1.88
32.7601  2.04
32.7701  1.94
32.7801  1.69
32.7901  1.79
32.8001  1.99
32.8101  1.61
32.8201  1.84
32.8301  1.94
32.8401  1.93
32.8501  1.78
32.8601  2.1
32.8701  1.81
32.8801  2.17
32.8901  2.12
32.9001  1.94
32.9101  1.66
32.9201  1.9
32.9301  1.87
32.9401  1.83
32.9501  1.92
32.9601  1.97
32.9701  2.18
32.9801  1.63
32.9901  1.68
33.0001  1.74
33.0101  1.77
33.0201  1.88
33.0301  1.98
33.0401  1.81
33.0501  1.82
33.0601  2
33.0701  2.15
33.0801  1.96
33.0901  1.96
33.1001  1.78
33.1101  1.84
33.1201  2.24
33.1301  1.64
33.1401  1.69
33.1501  1.93
33.1601  2.15
33.1701  1.94
33.1801  1.84
33.1901  1.7
33.2001  1.75
33.2101  1.78
33.2201  2.08
33.2301  1.77
33.2401  2.12
33.2501  2.06
33.2601  1.92
33.2701  1.89
33.2801  1.81
33.2901  1.87
33.3001  1.73
33.3101  1.73
33.3201  1.72
33.3301  2
33.3401  2.02
33.3501  1.86
33.3601  1.93
33.3701  1.91
33.3801  1.97
33.3901  2.02
33.4001  1.78
33.4101  1.76
33.4201  2.16
33.4301  1.77
33.4401  1.84
33.4501  1.65
33.4601  1.71
33.4701  2.03
33.4801  1.77
33.4901  1.91
33.5001  1.83
33.5101  1.99
33.5201  1.95
33.5301  1.83
33.5401  1.74
33.5501  1.98
33.5601  2
33.5701  1.64
33.5801  1.67
33.5901  1.93
33.6001  1.73
33.6101  2.2
33.6201  1.74
33.6301  1.73
33.6401  1.89
33.6501  1.95
33.6601  1.84
33.6701  1.82
33.6801  2.19
33.6901  1.71
33.7001  1.85
33.7101  1.86
33.7201  1.77
33.7301  1.95
33.7401  1.87
33.7501  1.95
33.7601  1.88
33.7701  1.87
33.7801  1.99
33.7901  1.83
33.8001  2
33.8101  1.9
33.8201  1.93
33.8301  1.87
33.8401  1.81
33.8501  1.92
33.8601  1.76
33.8701  1.97
33.8801  2
33.8901  2.02
33.9001  1.88
33.9101  1.94
33.9201  1.92
33.9301  1.81
33.9401  1.8
33.9501  2.09
33.9601  1.98
33.9701  1.74
33.9801  1.89
33.9901  1.84
34.0001  1.9
34.0101  2.1
34.0201  1.87
34.0301  1.8
34.0401  1.89
34.0501  1.89
34.0601  1.87
34.0701  1.75
34.0801  1.92
34.0901  1.89
34.1001  1.95
34.1101  1.84
34.1201  2.01
34.1301  1.82
34.1401  1.72
34.1501  1.78
34.1601  2.06
34.1701  2.04
34.1801  1.72
34.1901  1.79
34.2001  1.74
34.2101  1.81
34.2201  1.9
34.2301  1.74
34.2401  1.9
34.2501  1.69
34.2601  1.9
34.2701  2
34.2801  1.93
34.2901  1.87
34.3001  1.78
34.3101  1.83
34.3201  2.06
34.3301  1.97
34.3401  1.98
34.3501  1.76
34.3601  1.71
34.3701  1.92
34.3801  1.92
34.3901  1.87
34.4001  1.9
34.4101  1.8
34.4201  2
34.4301  1.71
34.4401  2.01
34.4501  1.84
34.4601  1.69
34.4701  1.97
34.4801  1.67
34.4901  1.76
34.5  1.77
34.51  2.13
34.52  1.99
34.53  1.85
34.54  1.98
34.55  1.82
34.56  1.74
34.57  1.87
34.58  1.94
34.59  2.01
34.6  2.03
34.61  1.59
34.62  1.97
34.63  1.87
34.64  1.84
34.65  1.91
34.66  1.78
34.67  1.96
34.68  1.77
34.69  1.96
34.7  1.99
34.71  1.86
34.72  1.98
34.73  2.06
34.74  1.79
34.75  1.71
34.76  1.73
34.77  2.01
34.78  1.9
34.79  1.99
34.8  1.87
34.81  2
34.82  1.94
34.83  1.79
34.84  1.83
34.85  2.19
34.86  1.72
34.87  1.68
34.88  1.94
34.89  1.91
34.9  2.06
34.91  1.87
34.92  2.01
34.93  1.61
34.94  1.95
34.95  2.04
34.96  2
34.97  1.95
34.98  1.85
34.99  1.87
35  1.93
35.01  1.67
35.02  1.84
35.03  1.89
35.04  1.59
35.05  1.9
35.06  1.79
35.07  1.95
35.08  1.76
35.09  1.91
35.1  1.98
35.11  1.8
35.12  1.98
35.13  1.99
35.14  1.47
35.15  2.01
35.16  1.96
35.17  1.8
35.18  1.68
35.19  1.62
35.2  1.97
35.21  1.79
35.22  1.91
35.23  2.03
35.24  1.84
35.25  1.82
35.26  1.95
35.27  1.71
35.28  1.97
35.29  1.71
35.3  1.93
35.31  1.77
35.32  1.98
35.33  1.97
35.34  1.85
35.35  1.77
35.36  1.98
35.37  1.95
35.38  1.88
35.39  1.89
35.4  1.79
35.41  1.91
35.42  2.04
35.43  1.9
35.44  1.91
35.45  1.83
35.46  1.88
35.47  2.12
35.48  1.97
35.49  1.95
35.5  2.11
35.51  1.82
35.52  1.74
35.53  1.93
35.54  2.08
35.55  1.82
35.56  1.86
35.57  1.91
35.58  1.79
35.59  1.85
35.6  1.88
35.61  2.11
35.62  1.99
35.63  1.98
35.64  1.84
35.65  2.08
35.66  1.81
35.67  1.64
35.68  1.74
35.69  2.07
35.7  1.73
35.71  1.64
35.72  1.99
35.73  1.7
35.74  1.95
35.75  1.93
35.76  1.83
35.77  1.83
35.78  2.05
35.79  1.83
35.8  2.04
35.81  1.73
35.82  1.98
35.83  1.91
35.84  1.86
35.85  1.95
35.86  2.01
35.87  1.85
35.88  1.68
35.89  1.83
35.9  1.85
35.91  1.87
35.92  2.04
35.93  1.92
35.94  1.55
35.95  1.81
35.96  1.95
35.97  1.9
35.98  1.75
35.99  1.96
36  1.66
36.01  2.06
36.02  1.86
36.03  1.89
36.04  1.97
36.05  1.87
36.06  2.05
36.07  1.73
36.08  1.95
36.09  1.82
36.1  1.96
36.11  1.9
36.12  1.61
36.13  1.99
36.14  1.79
36.15  1.99
36.16  1.97
36.17  2
36.18  1.91
36.19  1.86
36.2  1.87
36.21  1.73
36.22  1.83
36.23  1.77
36.24  1.75
36.25  2.07
36.26  1.91
36.27  1.71
36.28  1.92
36.29  1.83
36.3  2.24
36.31  1.9
36.32  1.88
36.33  1.85
36.34  2.1
36.35  1.84
36.36  2.02
36.37  1.78
36.38  2.17
36.39  2.1
36.4  1.94
36.41  1.67
36.42  1.75
36.43  1.87
36.44  1.84
36.45  1.93
36.46  1.91
36.47  2.06
36.48  1.85
36.49  1.74
36.5  1.88
36.51  1.76
36.52  1.85
36.53  1.95
36.54  1.9
36.55  2.09
36.56  1.87
36.57  1.85
36.58  2.04
36.59  1.89
36.6  1.85
36.61  2.08
36.62  1.84
36.63  1.9
36.64  1.71
36.65  1.86
36.66  1.88
36.67  1.88
36.68  1.82
36.69  1.76
36.7  1.92
36.71  1.8
36.72  1.7
36.73  1.89
36.74  1.85
36.75  1.88
36.76  2
36.77  1.64
36.78  1.77
36.79  1.55
36.8  1.89
36.81  2.1
36.82  1.89
36.83  1.72
36.84  1.78
36.85  2.01
36.86  1.81
36.87  1.8
36.88  2.07
36.89  2.18
36.9  1.93
36.91  1.9
36.92  1.8
36.93  1.91
36.94  1.62
36.95  1.89
36.96  1.74
36.97  1.9
36.98  2.11
36.99  1.77
37  1.51
37.01  2
37.02  1.96
37.03  1.97
37.04  1.86
37.05  2.11
37.06  1.73
37.07  1.81
37.08  2.07
37.09  2.18
37.1  1.82
37.11  1.78
37.12  2.11
37.13  1.84
37.14  2.19
37.15  1.93
37.16  2.04
37.17  2.04
37.18  2.05
37.19  1.9
37.2  1.82
37.21  1.94
37.22  1.84
37.23  1.68
37.24  1.9
37.25  1.95
37.26  1.92
37.27  1.88
37.28  1.55
37.29  2.07
37.3  1.84
37.31  1.92
37.32  1.83
37.33  1.9
37.34  1.9
37.35  1.75
37.36  1.87
37.37  1.74
37.38  1.85
37.39  1.97
37.4  1.94
37.41  2.06
37.42  2.15
37.43  1.96
37.44  1.5
37.45  1.91
37.46  1.85
37.47  1.8
37.48  1.91
37.49  1.74
37.5  1.66
37.51  1.72
37.52  1.88
37.53  1.87
37.54  1.77
37.55  1.67
37.56  1.94
37.57  1.76
37.58  1.83
37.59  1.88
37.6  1.93
37.61  1.73
37.62  1.78
37.63  1.9
37.64  2.04
37.65  1.86
37.66  1.85
37.67  2.07
37.68  1.96
37.69  2
37.7  1.93
37.71  1.74
37.72  1.87
37.73  1.81
37.74  1.94
37.75  1.87
37.76  2.1
37.77  1.82
37.78  1.99
37.79  1.92
37.8  1.96
37.81  1.78
37.82  1.84
37.83  1.8
37.84  2.14
37.85  2.01
37.86  2.02
37.87  2.09
37.88  1.82
37.89  1.81
37.9  1.86
37.91  1.92
37.92  1.89
37.93  2.05
37.94  1.79
37.95  1.86
37.96  2.05
37.97  1.84
37.98  1.97
37.99  1.93
38  2.08
38.01  1.8
38.02  1.82
38.03  1.82
38.04  2.09
38.05  1.74
38.06  1.85
38.07  1.71
38.08  1.98
38.09  1.82
38.1  1.96
38.11  1.88
38.12  1.7
38.13  1.71
38.14  1.87
38.15  2.07
38.16  1.9
38.17  1.75
38.18  2.14
38.19  1.84
38.2  1.8
38.21  1.72
38.22  1.7
38.23  1.9
38.24  1.91
38.25  1.87
38.26  1.75
38.27  2.01
38.28  1.89
38.29  1.9
38.3  1.94
38.31  1.82
38.32  1.79
38.33  1.64
38.34  1.88
38.35  1.94
38.36  1.89
38.37  1.85
38.38  1.92
38.39  1.94
38.4  1.79
38.41  1.83
38.42  1.92
38.43  1.85
38.44  1.9
38.45  2.02
38.46  2.05
38.47  1.64
38.48  1.93
38.49  1.63
38.5  2.01
38.51  1.86
38.52  1.99
38.53  1.93
38.54  1.83
38.55  1.79
38.56  1.81
38.57  1.96
38.58  2.01
38.59  1.91
38.6  1.96
38.61  1.78
38.62  2.11
38.63  1.79
38.64  1.9
38.65  2.09
38.66  1.85
38.67  1.76
38.68  2.04
38.69  1.94
38.7  2.02
38.71  1.85
38.72  2.01
38.73  1.93
38.74  1.78
38.75  1.69
38.76  1.75
38.77  2.17
38.78  2.06
38.79  1.73
38.8  2.29
38.81  1.81
38.82  1.99
38.83  1.72
38.84  1.86
38.85  1.8
38.86  2.08
38.87  1.82
38.88  1.81
38.89  1.84
38.9  1.82
38.91  1.94
38.92  1.91
38.93  1.8
38.94  2.01
38.95  1.85
38.96  1.84
38.97  1.94
38.98  2.07
38.99  1.64
39  1.72
39.01  1.83
39.02  1.89
39.03  1.79
39.04  1.8
39.05  1.74
39.06  1.82
39.07  1.94
39.08  1.87
39.09  1.79
39.1  1.89
39.11  1.79
39.12  2.01
39.13  1.75
39.14  1.89
39.15  1.66
39.16  1.74
39.17  1.82
39.18  1.89
39.19  1.79
39.2  1.97
39.21  1.84
39.22  2.09
39.23  1.89
39.24  1.95
39.25  1.91
39.26  1.82
39.27  1.73
39.28  1.74
39.29  1.94
39.3  1.7
39.31  2.09
39.32  1.75
39.33  1.94
39.34  1.99
39.35  1.72
39.36  1.91
39.37  1.83
39.38  2.24
39.39  1.77
39.4  1.95
39.41  1.8
39.42  2.04
39.43  1.71
39.44  2.03
39.45  1.89
39.46  2.02
39.47  1.91
39.48  1.94
39.49  2.04
39.5  1.87
39.51  1.94
39.52  1.78
39.53  2.05
39.54  2.03
39.55  1.72
39.56  2.16
39.57  1.92
39.58  1.77
39.59  1.84
39.6  1.72
39.61  2.16
39.62  1.77
39.63  1.79
39.64  1.87
39.65  1.91
39.66  1.98
39.67  1.96
39.68  1.75
39.69  1.9
39.7  2.14
39.71  1.56
39.72  2
39.73  1.99
39.74  1.82
39.75  1.94
39.76  1.99
39.77  1.57
39.78  1.97
39.79  2.2
39.8  1.75
39.81  1.68
39.82  1.65
39.83  1.65
39.84  1.79
39.85  1.84
39.86  2.03
39.87  1.63
39.88  1.96
39.89  1.88
39.9  2.01
39.91  1.77
39.92  1.87
39.93  1.66
39.94  1.91
39.95  1.94
39.96  1.78
39.97  1.97
39.98  1.77
39.99  1.81
40  2.02
40.01  1.94
40.02  1.7
40.03  1.68
40.04  1.72
40.05  2.18
40.06  1.95
40.07  2.03
40.08  1.8
40.09  1.86
40.1  1.68
40.11  1.96
40.12  1.79
40.13  1.65
40.14  1.97
40.15  1.86
40.16  2.05
40.17  1.88
40.18  1.97
40.19  2.16
40.2  1.71
40.21  1.86
40.22  2
40.23  1.84
40.24  2.08
40.25  1.87
40.26  1.86
40.27  1.91
40.28  1.92
40.29  2.07
40.3  1.96
40.31  2.12
40.32  1.86
40.33  1.73
40.34  1.69
40.35  1.94
40.36  1.89
40.37  1.73
40.38  2.02
40.39  1.87
40.4  1.84
40.41  2.16
40.42  1.93
40.43  1.84
40.44  1.71
40.45  2
40.46  1.94
40.47  2.13
40.48  1.88
40.49  1.98
40.5  1.99
40.51  1.73
40.52  1.96
40.53  1.69
40.54  1.8
40.55  1.95
40.56  1.9
40.57  1.85
40.58  1.71
40.59  1.97
40.6  1.85
40.61  1.97
40.62  1.87
40.63  1.55
40.64  1.7
40.65  1.73
40.66  1.99
40.67  1.96
40.68  1.68
40.69  1.83
40.7  1.97
40.71  1.88
40.72  1.89
40.73  1.71
40.74  1.72
40.75  1.87
40.76  2.03
40.77  1.77
40.78  1.97
40.79  1.8
40.8  1.95
40.81  1.67
40.82  1.99
40.83  1.86
40.84  1.86
40.85  1.75
40.86  1.77
40.87  1.91
40.88  1.83
40.89  1.81
40.9  1.78
40.91  1.94
40.92  2
40.93  1.96
40.94  1.67
40.95  2.02
40.96  1.93
40.97  1.66
40.98  1.84
40.99  1.88
41  1.98
41.01  1.93
41.02  1.98
41.03  2.18
41.04  2.02
41.05  2.07
41.06  1.74
41.07  1.96
41.08  1.79
41.09  1.95
41.1  1.9
41.11  1.8
41.12  1.87
41.13  1.84
41.14  2.03
41.15  1.87
41.16  2.03
41.17  1.96
41.18  1.89
41.19  2.09
41.2  2.05
41.21  1.76
41.22  2.07
41.23  1.81
41.24  1.82
41.25  1.97
41.26  1.85
41.27  1.88
41.28  1.83
41.29  1.79
41.3  2.03
41.31  1.82
41.32  1.87
41.33  2.03
41.34  1.91
41.35  1.99
41.36  1.63
41.37  1.69
41.38  1.87
41.39  1.74
41.4  2.01
41.41  1.8
41.42  1.77
41.43  1.87
41.44  1.8
41.45  2.06
41.46  1.55
41.47  2.22
41.48  1.94
41.49  1.89
41.5  1.74
41.51  1.87
41.52  1.69
41.53  2
41.54  1.85
41.55  1.75
41.56  1.79
41.57  1.76
41.58  2.14
41.59  1.84
41.6  1.66
41.61  1.85
41.62  1.69
41.63  1.82
41.64  1.84
41.65  1.95
41.66  1.65
41.67  1.68
41.68  2.14
41.69  2.09
41.7  1.93
41.71  1.95
41.72  1.9
41.73  1.75
41.74  2.18
41.75  1.99
41.76  1.81
41.77  2
41.78  1.81
41.79  2.05
41.8  1.9
41.81  1.8
41.82  1.9
41.83  1.78
41.84  1.94
41.85  1.76
41.86  2.03
41.87  1.9
41.88  1.97
41.89  1.8
41.9  1.94
41.91  1.72
41.92  1.93
41.93  1.86
41.94  1.8
41.95  1.94
41.96  1.88
41.97  1.91
41.98  2.07
41.99  1.91
42  2.03
42.01  2.07
42.02  1.93
42.03  2.01
42.04  1.66
42.05  1.95
42.06  1.83
42.07  2.03
42.08  2.02
42.09  1.83
42.1  1.9
42.11  1.77
42.12  1.81
42.13  1.7
42.14  1.72
42.15  1.9
42.16  1.72
42.17  1.94
42.18  1.84
42.19  1.97
42.2  1.85
42.21  1.81
42.22  1.85
42.23  1.97
42.24  1.81
42.25  2.05
42.26  1.79
42.27  1.89
42.28  1.81
42.29  1.86
42.3  1.92
42.31  1.66
42.32  2.3
42.33  1.71
42.34  1.82
42.35  1.85
42.36  1.99
42.37  1.87
42.38  1.94
42.39  1.8
42.4  1.88
42.41  1.87
42.42  1.89
42.43  1.66
42.44  1.93
42.45  1.82
42.46  1.76
42.47  1.92
42.48  1.73
42.49  1.87
42.5  1.96
42.51  1.85
42.52  1.86
42.53  2.12
42.54  2.01
42.55  1.82
42.56  2.18
42.57  2.06
42.58  1.93
42.59  1.86
42.6  1.94
42.61  1.83
42.62  1.89
42.63  1.77
42.64  1.91
42.65  1.85
42.66  2
42.67  2.01
42.68  1.82
42.69  1.8
42.7  1.82
42.71  2.1
42.72  1.87
42.73  1.9
42.74  1.87
42.75  1.91
42.76  1.99
42.77  1.81
42.78  1.76
42.79  1.83
42.8  1.95
42.81  1.76
42.82  1.99
42.83  2.02
42.84  2.18
42.85  1.71
42.86  1.92
42.87  1.83
42.88  1.86
42.89  2.16
42.9  2
42.91  1.8
42.92  1.91
42.93  1.99
42.94  1.75
42.95  1.53
42.96  1.71
42.97  1.83
42.98  1.73
42.99  1.91
43  1.76
43.01  1.8
43.02  1.85
43.03  1.66
43.04  1.86
43.05  1.76
43.06  1.86
43.07  2.01
43.08  1.85
43.09  1.98
43.1  2.19
43.11  1.96
43.12  1.89
43.13  1.94
43.14  1.96
43.15  1.54
43.16  1.91
43.17  1.86
43.18  1.96
43.19  1.8
43.2  1.77
43.21  1.86
43.22  1.63
43.23  1.82
43.24  2.25
43.25  2.02
43.26  1.7
43.27  2
43.28  2.02
43.29  1.71
43.3  1.81
43.31  1.85
43.32  1.8
43.33  1.92
43.34  1.97
43.35  2.26
43.36  2.11
43.37  1.83
43.38  1.59
43.39  2.15
43.4  1.97
43.41  1.94
43.42  2
43.43  2.08
43.44  1.95
43.45  1.85
43.46  1.89
43.47  2.04
43.48  1.84
43.49  1.84
43.5  1.59
43.51  1.91
43.52  1.85
43.53  1.72
43.54  1.98
43.55  1.81
43.56  2.07
43.57  1.96
43.58  1.78
43.59  1.94
43.6  2.01
43.61  1.74
43.62  2.07
43.63  1.91
43.64  1.86
43.65  1.72
43.66  1.99
43.67  2.03
43.68  1.68
43.69  1.78
43.7  1.92
43.71  1.7
43.72  2.02
43.73  1.97
43.74  1.85
43.75  1.76
43.76  1.56
43.77  1.94
43.78  1.62
43.79  2.02
43.8  2.01
43.81  2
43.82  1.76
43.83  1.82
43.84  1.95
43.85  1.86
43.86  1.85
43.87  1.71
43.88  1.98
43.89  1.74
43.9  1.7
43.91  1.98
43.92  1.78
43.93  1.74
43.94  2.07
43.95  2.03
43.96  2.01
43.97  1.78
43.98  2.05
43.99  1.73
44  2.04
44.01  1.63
44.02  1.95
44.03  1.8
44.04  1.71
44.05  2.29
44.06  1.67
44.07  1.92
44.08  1.65
44.09  2.06
44.1  1.83
44.11  2.17
44.12  1.78
44.13  1.98
44.14  1.89
44.15  1.97
44.16  2.02
44.17  1.76
44.18  1.81
44.19  1.81
44.2  1.91
44.21  1.75
44.22  1.94
44.23  2.15
44.24  1.85
44.25  1.72
44.26  1.77
44.27  2.1
44.28  1.94
44.29  2.02
44.3  1.66
44.31  1.91
44.32  1.95
44.33  1.98
44.34  2.06
44.35  1.93
44.36  1.84
44.37  1.98
44.38  2.18
44.39  1.91
44.4  1.75
44.41  1.75
44.42  1.9
44.43  1.62
44.44  1.92
44.45  1.87
44.46  1.7
44.47  2.09
44.48  1.87
44.49  2.08
44.5  2.03
44.51  1.96
44.52  1.58
44.53  1.7
44.54  1.96
44.55  1.91
44.56  2.04
44.57  1.76
44.58  2
44.59  1.78
44.6  1.57
44.61  1.64
44.62  2
44.63  2.16
44.64  1.95
44.65  2.07
44.66  1.73
44.67  1.81
44.68  2.02
44.69  1.75
44.7  1.81
44.71  1.93
44.72  1.67
44.73  1.89
44.74  1.84
44.75  1.63
44.76  1.78
44.77  1.79
44.78  1.97
44.79  1.82
44.8  2.06
44.81  2.01
44.82  1.82
44.83  1.73
44.84  1.78
44.85  2.01
44.86  2.09
44.87  1.75
44.88  1.85
44.89  1.97
44.9  1.96
44.91  1.63
44.92  2.15
44.93  1.85
44.94  1.68
44.95  2.11
44.96  2.16
44.97  1.86
44.98  1.83
44.99  1.94
45  1.87
45.01  1.79
45.02  1.86
45.03  1.89
45.04  1.85
45.05  1.87
45.06  1.88
45.07  1.95
45.08  1.9
45.09  1.92
45.1  1.92
45.11  1.88
45.12  1.75
45.13  2.05
45.14  1.88
45.15  1.99
45.16  2.04
45.17  1.75
45.18  1.87
45.19  2.05
45.2  2.13
45.21  1.68
45.22  1.87
45.23  1.78
45.24  1.99
45.25  1.75
45.26  1.93
45.27  1.74
45.28  1.69
45.29  2.04
45.3  1.78
45.31  2
45.32  1.89
45.33  2.05
45.34  1.67
45.35  1.83
45.36  1.88
45.37  1.89
45.38  1.78
45.39  2.07
45.4  1.85
45.41  1.77
45.42  1.98
45.43  1.71
45.44  1.77
45.45  1.86
45.46  1.81
45.47  1.98
45.48  2.17
45.49  1.96
45.5  1.81
45.51  1.99
45.52  2.03
45.53  1.6
45.54  1.76
45.55  1.81
45.56  1.92
45.57  2
45.58  1.71
45.59  1.81
45.6  1.79
45.61  1.9
45.62  1.92
45.63  2.04
45.64  1.85
45.65  1.84
45.66  1.92
45.67  1.87
45.68  2.07
45.69  1.95
45.7  1.72
45.71  1.81
45.72  1.9
45.73  2.01
45.74  1.8
45.75  2.02
45.76  1.96
45.77  1.89
45.78  2.02
45.79  1.76
45.8  2.05
45.81  1.82
45.82  1.71
45.83  1.91
45.84  1.74
45.85  1.6
45.86  2.2
45.87  1.8
45.88  1.86
45.89  1.63
45.9  1.91
45.91  2.16
45.92  1.84
45.93  1.91
45.94  1.8
45.95  1.89
45.96  1.9
45.97  1.95
45.98  1.86
45.99  2.08
46  1.74
46.01  1.91
46.02  1.93
46.03  1.93
46.04  1.97
46.05  1.79
46.06  1.87
46.07  1.86
46.08  1.74
46.09  1.67
46.1  1.84
46.11  1.84
46.12  2.04
46.13  2.04
46.14  1.94
46.15  1.88
46.16  2.03
46.17  1.84
46.18  2
46.19  1.67
46.2  1.71
46.21  1.78
46.22  2.03
46.23  1.88
46.24  2.02
46.25  1.66
46.26  1.86
46.27  1.91
46.28  1.89
46.29  1.84
46.3  1.86
46.31  1.97
46.32  1.97
46.33  2
46.34  1.75
46.35  1.95
46.36  1.9
46.37  1.81
46.38  1.79
46.39  1.78
46.4  1.92
46.41  1.85
46.42  1.94
46.43  1.97
46.44  1.83
46.45  1.99
46.46  2.12
46.47  1.88
46.48  1.71
46.49  1.78
46.5  1.77
46.51  1.69
46.52  2
46.53  2
46.54  1.85
46.55  2.02
46.56  2
46.57  1.72
46.58  2.09
46.59  1.84
46.6  1.74
46.61  2
46.62  1.74
46.63  1.78
46.64  2.06
46.65  1.87
46.66  2.27
46.67  1.72
46.68  1.98
46.69  1.56
46.7  1.86
46.71  2
46.72  1.75
46.73  1.94
46.74  1.88
46.75  1.82
46.76  1.93
46.77  1.65
46.78  1.98
46.79  1.86
46.8  1.91
46.81  2.07
46.82  1.75
46.83  1.99
46.84  1.88
46.85  1.91
46.86  1.92
46.87  1.84
46.88  1.88
46.89  2.03
46.9  1.98
46.91  1.93
46.92  1.67
46.93  1.66
46.94  2.02
46.95  1.88
46.96  2.03
46.97  1.91
46.98  1.86
46.99  1.75
47  2
47.01  1.79
47.02  1.86
47.03  1.94
47.04  1.96
47.05  1.72
47.06  1.79
47.07  1.94
47.08  1.72
47.09  1.85
47.1  1.98
47.11  2.02
47.12  1.66
47.13  1.82
47.14  1.98
47.15  1.75
47.16  1.93
47.17  1.98
47.18  1.78
47.19  1.81
47.2  2.12
47.21  1.9
47.22  1.78
47.23  1.9
47.24  1.92
47.25  1.83
47.26  1.77
47.27  1.99
47.28  1.81
47.29  1.74
47.3  1.78
47.31  1.81
47.32  1.97
47.33  1.8
47.34  1.82
47.35  2.09
47.36  1.94
47.37  1.85
47.38  1.95
47.39  2
47.4  1.82
47.41  1.73
47.42  1.94
47.43  2.03
47.44  1.86
47.45  1.97
47.46  1.94
47.47  1.91
47.48  1.66
47.49  2.03
47.5  2.03
47.51  1.87
47.52  1.88
47.53  2.06
47.54  1.9
47.55  1.81
47.56  1.85
47.57  1.76
47.58  1.94
47.59  2.01
47.6  1.75
47.61  2.04
47.62  1.99
47.63  1.79
47.64  2
47.65  1.92
47.66  1.64
47.67  1.91
47.68  1.71
47.69  1.71
47.7  1.75
47.71  2.11
47.72  1.86
47.73  1.99
47.74  1.93
47.75  1.74
47.76  1.9
47.77  1.85
47.78  1.8
47.79  1.78
47.8  2.1
47.81  1.72
47.82  1.71
47.83  2.01
47.84  1.73
47.85  1.79
47.86  1.8
47.87  2.11
47.88  1.78
47.89  1.87
47.9  1.71
47.91  1.96
47.92  1.86
47.93  1.82
47.94  1.98
47.95  1.85
47.96  1.66
47.97  1.63
47.98  2.07
47.99  2.15
48  1.82
48.01  2.03
48.02  1.77
48.03  1.96
48.04  1.67
48.05  2.01
48.06  1.97
48.07  1.82
48.08  1.89
48.09  2.11
48.1  1.83
48.11  1.84
48.12  1.92
48.13  1.76
48.14  1.94
48.15  1.94
48.16  1.96
48.17  2.16
48.18  1.88
48.19  1.93
48.2  1.8
48.21  1.92
48.22  1.94
48.23  1.86
48.24  1.92
48.25  1.77
48.26  1.84
48.27  1.92
48.28  1.79
48.29  1.94
48.3  1.85
48.31  2.02
48.32  2.11
48.33  1.61
48.34  2.13
48.35  1.8
48.36  2.05
48.37  1.84
48.38  2.03
48.39  1.64
48.4  1.72
48.41  1.69
48.42  1.81
48.43  1.93
48.44  1.68
48.45  1.82
48.46  2.02
48.47  1.76
48.48  1.72
48.49  1.9
48.5  1.86
48.51  1.89
48.52  2.06
48.53  1.92
48.54  1.89
48.55  2.02
48.56  1.9
48.57  1.74
48.58  1.82
48.59  1.76
48.6  1.95
48.61  1.99
48.62  1.73
48.63  1.85
48.64  1.75
48.65  1.97
48.66  1.87
48.67  1.57
48.68  1.91
48.69  2.06
48.7  2.02
48.71  1.63
48.72  1.95
48.73  2.05
48.74  1.94
48.75  1.88
48.76  1.82
48.77  1.82
48.78  1.73
48.79  2.08
48.8  1.72
48.81  1.96
48.82  1.91
48.83  1.94
48.84  2
48.85  1.72
48.86  1.8
48.87  2.05
48.88  1.93
48.89  1.93
48.9  2.04
48.91  1.87
48.92  1.79
48.93  1.79
48.94  1.87
48.95  1.79
48.96  1.76
48.97  1.8
48.98  2.01
48.99  1.62
49  1.99
49.01  1.94
49.02  1.93
49.03  1.69
49.04  2.04
49.05  1.99
49.06  1.83
49.07  2.03
49.08  1.78
49.09  1.92
49.1  1.96
49.11  1.88
49.12  1.85
49.13  1.79
49.14  1.71
49.15  2.05
49.16  2.13
49.17  1.81
49.18  2.02
49.19  1.91
49.2  1.79
49.21  1.69
49.22  1.81
49.23  1.96
49.24  1.8
49.25  1.99
49.26  2.04
49.27  1.69
49.28  1.79
49.29  1.88
49.3  1.72
49.31  2.03
49.32  1.87
49.33  1.89
49.34  1.97
49.35  2
49.36  1.87
49.37  1.87
49.38  1.7
49.39  1.98
49.4  1.83
49.41  1.89
49.42  2
49.43  2
49.44  1.79
49.45  2.09
49.46  1.78
49.47  1.74
49.48  2.1
49.49  1.65
49.5  1.63
49.51  1.78
49.52  1.9
49.53  1.86
49.54  1.84
49.55  1.86
49.56  1.78
49.57  2.11
49.58  1.97
49.59  1.77
49.6  1.71
49.61  2.16
49.62  1.73
49.63  1.84
49.64  1.78
49.65  1.96
49.66  1.63
49.67  1.95
49.68  1.94
49.69  2.11
49.7  1.89
49.71  1.96
49.72  1.91
49.73  2.03
49.74  1.73
49.75  1.67
49.76  1.76
49.77  2.02
49.78  1.96
49.79  1.6
49.8  1.88
49.81  2.02
49.82  2.04
49.83  1.82
49.84  1.85
49.85  2.02
49.86  1.73
49.87  2
49.88  1.91
49.89  1.96
49.9  1.77
49.91  1.79
49.92  1.97
49.93  1.89
49.94  2
49.95  1.9
49.96  1.86
49.97  1.85
49.98  1.88
49.99  1.83
50  1.78
50.01  1.81
50.02  1.97
50.03  1.84
50.04  1.86
50.05  1.94
50.06  2.01
50.07  1.69
50.08  1.9
50.09  1.88
50.1  1.71
50.11  1.97
50.12  1.91
50.13  2.02
50.14  1.96
50.15  1.83
50.16  1.8
50.17  1.74
50.18  2.13
50.19  1.82
50.2  1.99
50.21  1.8
50.22  1.84
50.23  1.84
50.24  1.75
50.25  1.73
50.26  1.98
50.27  1.97
50.28  1.86
50.29  1.83
50.3  1.87
50.31  1.88
50.32  1.78
50.33  2.03
50.34  1.84
50.35  1.98
50.36  1.93
50.37  1.91
50.38  1.83
50.39  2.06
50.4  1.97
50.41  1.88
50.42  1.97
50.43  1.7
50.44  1.85
50.45  1.96
50.46  1.76
50.47  1.92
50.48  1.93
50.49  2.04
50.5  1.65
50.51  1.79
50.52  1.8
50.53  1.67
50.54  1.97
50.55  2.08
50.56  1.85
50.57  2.03
50.58  1.92
50.59  1.93
50.6  1.83
50.61  2.03
50.62  1.8
50.63  1.89
50.64  1.82
50.65  1.8
50.66  1.87
50.67  2
50.68  1.94
50.69  1.73
50.7  2
50.71  2.06
50.72  1.95
50.73  1.52
50.74  1.93
50.75  1.96
50.76  1.67
50.77  1.87
50.78  1.81
50.79  1.77
50.8  2.03
50.81  1.88
50.82  2.07
50.83  1.82
50.84  1.74
50.85  1.7
50.86  1.97
50.87  1.82
50.88  1.91
50.89  2.05
50.9  1.97
50.91  1.88
50.92  1.9
50.93  1.71
50.94  2
50.95  1.99
50.96  1.94
50.97  1.74
50.98  1.73
50.99  1.7
51  1.81
51.01  1.81
51.02  1.93
51.03  1.95
51.04  1.83
51.05  1.8
51.06  1.94
51.07  2.01
51.08  1.88
51.09  2
51.1  1.91
51.11  2.05
51.12  1.73
51.13  2.03
51.14  1.93
51.15  1.84
51.16  1.95
51.17  1.71
51.18  2.01
51.19  1.83
51.2  1.84
51.21  1.83
51.22  1.74
51.23  1.71
51.24  1.99
51.25  2.01
51.26  1.96
51.27  1.79
51.28  1.91
51.29  1.71
51.3  2.02
51.31  1.82
51.32  1.94
51.33  2.09
51.34  1.9
51.35  1.86
51.36  1.98
51.37  1.94
51.38  1.83
51.39  1.77
51.4  1.83
51.41  1.81
51.42  1.53
51.43  2.13
51.44  1.88
51.45  1.83
51.46  1.92
51.47  1.99
51.48  1.9
51.49  1.72
51.5  2.05
51.51  1.67
51.52  1.9
51.53  1.89
51.54  1.81
51.55  2.05
51.56  1.87
51.57  1.92
51.58  1.73
51.59  1.88
51.6  1.99
51.61  1.82
51.62  2.11
51.63  2.07
51.64  1.96
51.65  1.77
51.66  1.76
51.67  1.96
51.68  1.68
51.69  1.56
51.7  1.87
51.71  1.67
51.72  2.13
51.73  2.04
51.74  1.91
51.75  1.89
51.76  1.76
51.77  1.79
51.78  1.84
51.79  1.95
51.8  2.1
51.81  2.05
51.82  1.95
51.83  1.71
51.84  1.83
51.85  1.66
51.86  2.03
51.87  1.99
51.88  1.97
51.89  1.9
51.9  1.62
51.91  1.85
51.92  2.01
51.93  1.99
51.94  1.99
51.95  1.96
51.96  1.76
51.97  1.62
51.98  1.79
51.99  2.05
52  1.95
52.01  1.97
52.02  1.85
52.03  1.84
52.04  1.79
52.05  1.67
52.06  1.93
52.07  1.98
52.08  1.61
52.09  2.21
52.1  1.88
52.11  1.98
52.12  1.77
52.13  1.85
52.14  1.72
52.15  2.09
52.16  1.73
52.17  2.17
52.18  1.88
52.19  1.8
52.2  1.83
52.21  1.9
52.22  1.77
52.23  1.76
52.24  1.77
52.25  1.83
52.26  1.97
52.27  1.95
52.28  1.84
52.29  1.83
52.3  2.01
52.31  1.92
52.32  1.96
52.33  2.01
52.34  1.94
52.35  1.9
52.36  1.95
52.37  1.82
52.38  1.69
52.39  1.94
52.4  1.96
52.41  1.9
52.42  1.92
52.43  1.79
52.44  1.67
52.45  1.87
52.46  2.02
52.47  1.86
52.48  1.98
52.49  1.95
52.5  2.12
52.51  1.71
52.52  1.87
52.53  1.94
52.54  1.93
52.55  1.83
52.56  2.06
52.57  1.62
52.58  1.91
52.59  1.87
52.6  1.9
52.61  2
52.62  1.61
52.63  2.18
52.64  1.93
52.65  1.66
52.66  1.83
52.67  1.73
52.68  1.71
52.69  2.14
52.7  1.75
52.71  2
52.72  1.88
52.73  1.89
52.74  1.84
52.75  2.06
52.76  1.67
52.77  1.7
52.78  1.76
52.79  2
52.8  1.94
52.81  2.14
52.82  1.86
52.83  1.62
52.84  2.02
52.85  2.12
52.86  1.93
52.87  1.92
52.88  2
52.89  1.86
52.9  1.83
52.91  1.55
52.92  1.74
52.93  1.81
52.94  1.9
52.95  1.92
52.96  1.85
52.97  2.1
52.98  1.94
52.99  1.74
53  1.92
53.01  1.72
53.02  1.79
53.03  2.22
53.04  2.11
53.05  1.8
53.06  1.98
53.07  1.74
53.08  2.04
53.09  1.66
53.1  1.85
53.11  1.82
53.12  2.03
53.13  1.91
53.14  1.74
53.15  2.01
53.16  1.74
53.17  2.05
53.18  1.67
53.19  1.88
53.2  2.03
53.21  2.09
53.22  1.84
53.23  1.57
53.24  1.88
53.25  1.7
53.26  1.98
53.27  2.22
53.28  1.87
53.29  1.76
53.3  1.79
53.31  1.84
53.32  1.84
53.33  1.64
53.34  1.91
53.35  2.09
53.36  1.95
53.37  2.16
53.38  2.1
53.39  1.99
53.4  1.87
53.41  1.78
53.42  1.67
53.43  1.72
53.44  1.72
53.45  1.92
53.46  1.71
53.47  2.1
53.48  1.85
53.49  1.91
53.5  1.9
53.51  1.85
53.52  1.78
53.53  1.8
53.54  1.9
53.55  1.92
53.56  1.94
53.57  2.15
53.58  1.97
53.59  1.81
53.6  2.02
53.61  1.76
53.62  2.02
53.63  1.98
53.64  1.76
53.65  1.85
53.66  1.84
53.67  1.89
53.68  1.94
53.69  1.83
53.7  1.89
53.71  1.85
53.72  1.88
53.73  1.79
53.74  1.71
53.75  2.08
53.76  1.97
53.77  1.77
53.78  1.81
53.79  1.8
53.8  1.99
53.81  1.85
53.82  2.09
53.83  1.85
53.84  1.91
53.85  1.79
53.86  1.88
53.87  1.83
53.88  1.84
53.89  2.08
53.9  2.09
53.91  1.74
53.92  1.95
53.93  1.74
53.94  1.89
53.95  1.93
53.96  1.91
53.97  1.78
53.98  1.75
53.99  1.89
54  1.76
54.01  1.74
54.02  1.92
54.03  1.69
54.04  1.99
54.05  1.82
54.06  1.95
54.07  2.02
54.08  2.01
54.09  1.87
54.1  1.81
54.11  1.99
54.12  1.82
54.13  1.99
54.14  1.99
54.15  1.79
54.16  1.86
54.17  1.74
54.18  1.95
54.19  1.88
54.2  1.96
54.21  1.83
54.22  1.71
54.23  2.15
54.24  1.74
54.25  1.76
54.26  1.66
54.27  2.05
54.28  1.71
54.29  1.88
54.3  1.87
54.31  1.91
54.32  2.13
54.33  2.15
54.34  1.74
54.35  1.87
54.36  1.92
54.37  1.85
54.38  1.89
54.39  1.92
54.4  1.82
54.41  1.98
54.42  1.94
54.43  1.83
54.44  2.06
54.45  1.87
54.46  1.9
54.47  2.03
54.48  1.61
54.49  1.99
54.5  1.8
54.51  2.1
54.52  1.72
54.53  1.92
54.54  1.67
54.55  1.87
54.56  1.94
54.57  1.98
54.58  1.99
54.59  1.71
54.6  2.1
54.61  1.74
54.62  1.9
54.63  1.84
54.64  1.84
54.65  1.81
54.66  2.11
54.67  2
54.68  1.9
54.69  1.97
54.7  1.77
54.71  1.75
54.72  1.87
54.73  1.98
54.74  1.77
54.75  1.9
54.76  1.84
54.77  1.88
54.78  2.01
54.79  1.85
54.8  1.76
54.81  1.97
54.82  1.85
54.83  1.79
54.84  1.71
54.85  2.01
54.86  1.69
54.87  1.87
54.88  1.68
54.89  1.92
54.9  1.66
54.91  1.88
54.92  2.14
54.93  2
54.94  2.13
54.95  1.78
54.96  1.77
54.97  1.94
54.98  1.83
54.99  1.73
55  1.9
55.01  1.93
55.02  1.94
55.03  1.9
55.04  1.84
55.05  1.72
55.06  1.9
55.07  1.94
55.08  1.86
55.09  1.76
55.1  1.79
55.11  2.07
55.12  2.03
55.13  1.88
55.14  2.04
55.15  1.69
55.16  1.9
55.17  1.94
55.18  1.9
55.19  1.95
55.2  1.86
55.21  2.03
55.22  1.81
55.23  1.85
55.24  1.86
55.25  1.86
55.26  2.23
55.27  2.02
55.28  1.88
55.29  1.91
55.3  1.88
55.31  1.97
55.32  1.99
55.33  1.79
55.34  1.83
55.35  1.83
55.36  1.83
55.37  1.69
55.38  1.76
55.39  1.94
55.4  1.67
55.41  1.91
55.42  2.08
55.43  1.74
55.44  2.01
55.45  1.78
55.46  1.98
55.47  2.04
55.48  1.93
55.49  2.1
55.5  1.87
55.51  1.71
55.52  1.98
55.53  1.77
55.54  1.97
55.55  1.73
55.56  1.67
55.57  1.66
55.58  1.82
55.59  2.23
55.6  1.94
55.61  1.94
55.62  2.01
55.63  1.68
55.64  1.76
55.65  1.93
55.66  1.8
55.67  1.83
55.68  1.85
55.69  2.05
55.7  1.68
55.71  1.84
55.72  1.77
55.73  1.87
55.74  1.74
55.75  1.8
55.76  2.24
55.77  1.77
55.78  1.93
55.79  2
55.8  1.92
55.81  1.9
55.82  1.68
55.83  1.83
55.84  1.93
55.85  1.96
55.86  1.78
55.87  1.75
55.88  1.94
55.89  1.72
55.9  1.84
55.91  1.92
55.92  1.8
55.93  1.86
55.94  1.97
55.95  1.78
55.96  2.11
55.97  2.12
55.98  1.69
55.99  1.97
56  1.76
56.01  2.1
56.02  1.94
56.03  1.88
56.04  1.94
56.05  1.89
56.06  1.95
56.07  1.91
56.08  1.83
56.09  1.77
56.1  1.91
56.11  1.92
56.12  1.93
56.13  2.02
56.14  1.85
56.15  2
56.16  1.94
56.17  1.76
56.18  1.84
56.19  2.1
56.2  1.85
56.21  1.93
56.22  1.81
56.23  1.98
56.24  2.17
56.25  1.86
56.26  1.85
56.27  1.74
56.28  1.9
56.29  1.83
56.3  1.8
56.31  1.74
56.32  1.95
56.33  2.04
56.34  1.66
56.35  2.11
56.36  1.89
56.37  1.81
56.38  1.75
56.39  1.93
56.4  1.81
56.41  1.89
56.42  1.94
56.43  1.54
56.44  1.79
56.45  1.97
56.46  1.96
56.47  1.77
56.48  1.9
56.49  1.97
56.5  2.06
56.51  1.84
56.52  1.9
56.53  1.74
56.54  1.65
56.55  2.01
56.56  2
56.57  1.74
56.58  1.82
56.59  1.71
56.6  1.57
56.61  1.95
56.62  2.1
56.63  1.84
56.64  1.96
56.65  1.77
56.66  2.01
56.67  1.9
56.68  1.84
56.69  2.02
56.7  1.86
56.71  1.85
56.72  1.69
56.73  1.84
56.74  1.84
56.75  1.92
56.76  1.81
56.77  1.85
56.78  2.01
56.79  1.99
56.8  1.89
56.81  1.85
56.82  1.83
56.83  1.85
56.84  2.04
56.85  1.84
56.86  1.56
56.87  2.09
56.88  2.05
56.89  2.01
56.9  1.91
56.91  1.91
56.92  2
56.93  1.81
56.94  1.95
56.95  2.03
56.96  1.95
56.97  1.73
56.98  1.94
56.99  1.97
57  1.75
57.01  1.97
57.02  2.03
57.03  1.73
57.04  1.89
57.05  1.76
57.06  1.72
57.07  2.04
57.08  1.76
57.09  1.97
57.1  1.98
57.11  1.83
57.12  1.92
57.13  2
57.14  1.83
57.15  1.77
57.16  1.91
57.17  1.83
57.18  1.87
57.19  1.97
57.2  1.97
57.21  1.97
57.22  1.96
57.23  1.82
57.24  1.73
57.25  1.72
57.26  2.01
57.27  1.73
57.28  1.86
57.29  1.87
57.3  1.58
57.31  1.79
57.32  1.97
57.33  1.84
57.34  2.02
57.35  1.81
57.36  2.31
57.37  1.93
57.38  1.75
57.39  1.63
57.4  1.91
57.41  1.77
57.42  1.75
57.43  2
57.44  1.75
57.45  2.18
57.46  1.79
57.47  1.93
57.48  2.1
57.49  1.81
57.5  1.66
57.51  1.68
57.52  1.9
57.53  1.7
57.54  1.86
57.55  1.9
57.56  2.17
57.57  2.04
57.58  1.76
57.59  1.88
57.6  1.87
57.61  1.93
57.62  1.78
57.63  1.86
57.64  1.95
57.65  1.83
57.66  1.89
57.67  1.71
57.68  2.13
57.69  2.08
57.7  1.84
57.71  1.8
57.72  2.05
57.73  1.74
57.74  1.96
57.75  1.75
57.76  1.96
57.77  1.87
57.78  1.88
57.79  1.79
57.8  2
57.81  1.86
57.82  1.87
57.83  1.95
57.84  1.99
57.85  1.67
57.86  1.79
57.87  1.86
57.88  1.98
57.89  2.09
57.9  2.03
57.91  1.92
57.92  1.91
57.93  1.88
57.94  1.65
57.95  1.92
57.96  2
57.97  1.82
57.98  1.81
57.99  1.78
58  1.83
58.01  1.96
58.02  1.94
58.03  1.93
58.04  1.77
58.05  1.87
58.06  2.01
58.07  1.74
58.08  1.9
58.09  1.8
58.1  1.87
58.11  1.97
58.12  1.94
58.13  1.79
58.14  1.82
58.15  1.81
58.16  1.82
58.17  1.99
58.18  1.94
58.19  1.92
58.2  1.75
58.21  1.81
58.22  2.02
58.23  1.64
58.24  1.92
58.25  1.79
58.26  1.89
58.27  1.84
58.28  1.85
58.29  2
58.3  2
58.31  1.86
58.32  1.84
58.33  1.92
58.34  1.88
58.35  1.85
58.36  1.67
58.37  2.05
58.38  1.87
58.39  1.75
58.4  1.99
58.41  1.88
58.42  1.87
58.43  1.9
58.44  1.9
58.45  1.94
58.46  1.98
58.47  1.99
58.48  1.93
58.49  1.91
58.5  1.99
58.51  1.86
58.52  1.95
58.53  1.84
58.54  1.75
58.55  1.76
58.56  1.92
58.57  1.87
58.58  1.93
58.59  1.84
58.6  2.06
58.61  1.8
58.62  1.96
58.63  2.02
58.64  1.8
58.65  1.95
58.66  1.66
58.67  1.75
58.68  1.9
58.69  2.05
58.7  1.82
58.71  2.04
58.72  1.81
58.73  1.83
58.74  2.08
58.75  1.88
58.76  1.84
58.77  1.73
58.78  1.82
58.79  2
58.8  2.16
58.81  1.6
58.82  1.9
58.83  1.98
58.84  1.67
58.85  1.73
58.86  1.8
58.87  1.81
58.88  1.77
58.89  1.87
58.9  1.68
58.91  1.9
58.92  2.12
58.93  1.97
58.94  1.97
58.95  2.09
58.96  1.66
58.97  1.92
58.98  2.22
58.99  1.87
59  1.68
59.01  1.85
59.02  1.91
59.03  1.98
59.04  1.92
59.05  1.95
59.06  1.78
59.07  1.9
59.08  1.69
59.09  1.88
59.1  1.92
59.11  1.73
59.12  1.73
59.13  2
59.14  1.98
59.15  2.1
59.16  1.86
59.17  1.89
59.18  1.89
59.19  2.01
59.2  1.68
59.21  1.68
59.22  1.98
59.23  2.11
59.24  2.12
59.25  1.7
59.26  1.9
59.27  1.76
59.28  2.25
59.29  1.84
59.3  1.95
59.31  1.79
59.32  1.85
59.33  1.96
59.34  1.8
59.35  2.03
59.36  1.81
59.37  1.74
59.38  1.73
59.39  1.89
59.4  1.78
59.41  1.79
59.42  1.91
59.43  1.85
59.44  2
59.45  1.93
59.46  1.72
59.47  2.12
59.48  2.04
59.49  1.89
59.5  1.81
59.51  1.96
59.52  1.79
59.53  1.81
59.54  1.89
59.55  1.79
59.56  1.98
59.57  2.16
59.58  1.66
59.59  1.7
59.6  1.82
59.61  1.95
59.62  1.75
59.63  1.78
59.64  1.91
59.65  2.05
59.66  1.99
59.67  1.8
59.68  2
59.69  1.69
59.7  2
59.71  1.82
59.72  1.87
59.73  1.88
59.74  1.85
59.75  1.98
59.76  1.7
59.77  2.03
59.78  1.75
59.79  1.99
59.8  1.97
59.81  1.76
59.82  1.91
59.83  1.89
59.84  1.76
59.85  1.94
59.86  2.08
59.87  1.91
59.88  1.9
59.89  1.96
59.9  1.95
59.91  1.67
59.92  1.92
59.93  2.01
59.94  1.96
59.95  1.94
59.96  1.87
59.97  1.85
59.98  1.69
59.99  1.69
