-15  0
-14.99  0
-14.98  0.01
-14.97  0.01
-14.96  0.01
-14.95  0.01
-14.94  0.02
-14.93  0.02
-14.92  0.03
-14.91  0.03
-14.9  0.03
-14.89  0.04
-14.88  0.04
-14.87  0.04
-14.86  0.07
-14.85  0.05
-14.84  0.06
-14.83  0.06
-14.82  0.08
-14.81  0.08
-14.8  0.1
-14.79  0.1
-14.78  0.1
-14.77  0.11
-14.76  0.14
-14.75  0.15
-14.74  0.14
-14.73  0.2
-14.72  0.19
-14.71  0.21
-14.7  0.25
-14.69  0.28
-14.68  0.3
-14.67  0.38
-14.66  0.4
-14.65  0.49
-14.64  0.59
-14.63  0.7
-14.62  0.87
-14.61  1.06
-14.6  1.38
-14.59  1.84
-14.58  2.56
-14.57  3.74
-14.56  5.71
-14.55  9.02
-14.54  13.17
-14.53  14.44
-14.52  11.06
-14.51  7.12
-14.5  4.55
-14.49  3.05
-14.48  2.16
-14.47  1.58
-14.46  1.24
-14.45  0.99
-14.44  0.77
-14.43  0.65
-14.42  0.56
-14.41  0.46
-14.4  0.44
-14.39  0.38
-14.38  0.32
-14.37  0.29
-14.36  0.26
-14.35  0.25
-14.34  0.23
-14.33  0.2
-14.32  0.21
-14.31  0.17
-14.3  0.18
-14.29  0.17
-14.28  0.18
-14.27  0.15
-14.26  0.16
-14.25  0.15
-14.24  0.13
-14.23  0.14
-14.22  0.14
-14.21  0.12
-14.2  0.14
-14.19  0.13
-14.18  0.13
-14.17  0.15
-14.16  0.12
-14.15  0.13
-14.14  0.13
-14.13  0.12
-14.12  0.15
-14.11  0.12
-14.1  0.14
-14.09  0.16
-14.08  0.13
-14.07  0.13
-14.06  0.17
-14.05  0.15
-14.04  0.14
-14.03  0.15
-14.02  0.16
-14.01  0.16
-14  0.18
-13.99  0.19
-13.98  0.17
-13.97  0.19
-13.96  0.19
-13.95  0.22
-13.94  0.21
-13.93  0.22
-13.92  0.24
-13.91  0.24
-13.9  0.24
-13.89  0.29
-13.88  0.28
-13.87  0.28
-13.86  0.3
-13.85  0.37
-13.84  0.36
-13.83  0.4
-13.82  0.39
-13.81  0.43
-13.8  0.48
-13.79  0.5
-13.78  0.56
-13.77  0.64
-13.76  0.65
-13.75  0.72
-13.74  0.81
-13.73  0.91
-13.72  1.03
-13.71  1.15
-13.7  1.3
-13.69  1.47
-13.68  1.71
-13.67  1.95
-13.66  2.27
-13.65  2.63
-13.64  3.1
-13.63  3.53
-13.62  4.06
-13.61  4.53
-13.6  4.86
-13.59  5.01
-13.58  4.97
-13.57  4.63
-13.56  4.19
-13.55  3.74
-13.54  3.27
-13.53  2.78
-13.52  2.41
-13.51  2.09
-13.5  1.78
-13.49  1.56
-13.48  1.39
-13.47  1.2
-13.46  1.1
-13.45  0.97
-13.44  0.87
-13.43  0.82
-13.42  0.7
-13.41  0.65
-13.4  0.64
-13.39  0.55
-13.38  0.54
-13.37  0.52
-13.36  0.46
-13.35  0.41
-13.34  0.43
-13.33  0.43
-13.32  0.39
-13.31  0.37
-13.3  0.35
-13.29  0.34
-13.28  0.35
-13.27  0.32
-13.26  0.3
-13.25  0.3
-13.24  0.31
-13.23  0.3
-13.22  0.29
-13.21  0.31
-13.2  0.29
-13.19  0.28
-13.18  0.29
-13.17  0.29
-13.16  0.28
-13.15  0.27
-13.14  0.28
-13.13  0.28
-13.12  0.3
-13.11  0.3
-13.1  0.27
-13.09  0.31
-13.08  0.32
-13.07  0.28
-13.06  0.35
-13.05  0.3
-13.04  0.34
-13.03  0.34
-13.02  0.34
-13.01  0.37
-13  0.36
-12.99  0.36
-12.98  0.38
-12.97  0.41
-12.96  0.43
-12.95  0.44
-12.94  0.46
-12.93  0.48
-12.92  0.49
-12.91  0.56
-12.9  0.54
-12.89  0.59
-12.88  0.63
-12.87  0.62
-12.86  0.72
-12.85  0.73
-12.84  0.81
-12.83  0.87
-12.82  0.91
-12.81  0.98
-12.8  1.05
-12.79  1.15
-12.78  1.24
-12.77  1.37
-12.76  1.47
-12.75  1.64
-12.74  1.76
-12.73  1.95
-12.72  2.08
-12.71  2.26
-12.7  2.44
-12.69  2.62
-12.68  2.79
-12.67  2.91
-12.66  3.04
-12.65  3.07
-12.64  3.12
-12.63  3.02
-12.62  2.96
-12.61  2.82
-12.6  2.67
-12.59  2.5
-12.58  2.33
-12.57  2.13
-12.56  1.99
-12.55  1.8
-12.54  1.67
-12.53  1.52
-12.52  1.37
-12.51  1.33
-12.5  1.21
-12.49  1.11
-12.48  1.02
-12.47  0.98
-12.46  0.9
-12.45  0.88
-12.44  0.81
-12.43  0.72
-12.42  0.73
-12.41  0.65
-12.4  0.64
-12.39  0.6
-12.38  0.59
-12.37  0.58
-12.36  0.54
-12.35  0.57
-12.34  0.52
-12.33  0.48
-12.32  0.48
-12.31  0.46
-12.3  0.46
-12.29  0.48
-12.28  0.46
-12.27  0.41
-12.26  0.44
-12.25  0.44
-12.24  0.4
-12.23  0.45
-12.22  0.4
-12.21  0.42
-12.2  0.43
-12.19  0.41
-12.18  0.4
-12.17  0.45
-12.16  0.43
-12.15  0.43
-12.14  0.44
-12.13  0.43
-12.12  0.43
-12.11  0.45
-12.1  0.49
-12.09  0.44
-12.08  0.48
-12.07  0.47
-12.06  0.52
-12.05  0.52
-12.04  0.53
-12.03  0.51
-12.02  0.58
-12.01  0.57
-12  0.59
-11.99  0.62
-11.98  0.63
-11.97  0.7
-11.96  0.73
-11.95  0.72
-11.94  0.77
-11.93  0.78
-11.92  0.83
-11.91  0.89
-11.9  0.91
-11.89  0.96
-11.88  1.05
-11.87  1.1
-11.86  1.15
-11.85  1.23
-11.84  1.28
-11.83  1.39
-11.82  1.48
-11.81  1.54
-11.8  1.61
-11.79  1.73
-11.78  1.8
-11.77  1.92
-11.76  1.98
-11.75  2.09
-11.74  2.14
-11.73  2.2
-11.72  2.26
-11.71  2.28
-11.7  2.27
-11.69  2.28
-11.68  2.27
-11.67  2.26
-11.66  2.12
-11.65  2.11
-11.64  1.98
-11.63  1.93
-11.62  1.84
-11.61  1.73
-11.6  1.68
-11.59  1.55
-11.58  1.51
-11.57  1.38
-11.56  1.31
-11.55  1.25
-11.54  1.21
-11.53  1.13
-11.52  1.05
-11.51  1.04
-11.5  0.96
-11.49  0.92
-11.48  0.86
-11.47  0.88
-11.46  0.83
-11.45  0.77
-11.44  0.74
-11.43  0.76
-11.42  0.71
-11.41  0.65
-11.4  0.66
-11.39  0.65
-11.38  0.64
-11.37  0.61
-11.36  0.59
-11.35  0.62
-11.34  0.55
-11.33  0.56
-11.32  0.58
-11.31  0.55
-11.3  0.55
-11.29  0.58
-11.28  0.56
-11.27  0.54
-11.26  0.52
-11.25  0.53
-11.24  0.53
-11.23  0.53
-11.22  0.56
-11.21  0.53
-11.2  0.56
-11.19  0.57
-11.18  0.54
-11.17  0.58
-11.16  0.54
-11.15  0.61
-11.14  0.55
-11.13  0.63
-11.12  0.63
-11.11  0.61
-11.1  0.66
-11.09  0.67
-11.08  0.64
-11.07  0.67
-11.06  0.72
-11.05  0.71
-11.04  0.72
-11.03  0.79
-11.02  0.82
-11.01  0.81
-11  0.88
-10.99  0.88
-10.98  0.9
-10.97  0.99
-10.96  0.96
-10.95  1.04
-10.94  1.08
-10.93  1.12
-10.92  1.18
-10.91  1.23
-10.9  1.26
-10.89  1.29
-10.88  1.42
-10.87  1.38
-10.86  1.55
-10.85  1.51
-10.84  1.63
-10.83  1.62
-10.82  1.72
-10.81  1.71
-10.8  1.75
-10.79  1.86
-10.78  1.83
-10.77  1.85
-10.76  1.85
-10.75  1.91
-10.74  1.86
-10.73  1.84
-10.72  1.83
-10.71  1.72
-10.7  1.8
-10.69  1.69
-10.68  1.66
-10.67  1.6
-10.66  1.56
-10.65  1.5
-10.64  1.43
-10.63  1.37
-10.62  1.37
-10.61  1.33
-10.6  1.23
-10.59  1.19
-10.58  1.12
-10.57  1.14
-10.56  1.08
-10.55  1.05
-10.54  0.95
-10.53  0.93
-10.52  0.97
-10.51  0.89
-10.5  0.88
-10.49  0.83
-10.48  0.84
-10.47  0.77
-10.46  0.78
-10.45  0.75
-10.44  0.77
-10.43  0.73
-10.42  0.74
-10.41  0.72
-10.4  0.67
-10.39  0.69
-10.38  0.68
-10.37  0.64
-10.36  0.68
-10.35  0.65
-10.34  0.66
-10.33  0.66
-10.32  0.61
-10.31  0.67
-10.3  0.63
-10.29  0.63
-10.28  0.65
-10.27  0.67
-10.26  0.61
-10.25  0.65
-10.24  0.67
-10.23  0.64
-10.22  0.69
-10.21  0.68
-10.2  0.69
-10.19  0.69
-10.18  0.71
-10.17  0.73
-10.16  0.72
-10.15  0.71
-10.14  0.74
-10.13  0.77
-10.12  0.81
-10.11  0.82
-10.1  0.81
-10.09  0.83
-10.08  0.85
-10.07  0.89
-10.06  0.98
-10.05  0.9
-10.04  0.95
-10.03  0.98
-10.02  1.05
-10.01  1.01
-10  1.12
-9.99  1.13
-9.98  1.14
-9.97  1.24
-9.96  1.19
-9.95  1.29
-9.94  1.28
-9.93  1.36
-9.92  1.37
-9.91  1.37
-9.9  1.43
-9.89  1.5
-9.88  1.48
-9.87  1.52
-9.86  1.58
-9.85  1.55
-9.84  1.63
-9.83  1.6
-9.82  1.6
-9.81  1.64
-9.8  1.63
-9.79  1.58
-9.78  1.61
-9.77  1.56
-9.76  1.53
-9.75  1.54
-9.74  1.5
-9.73  1.49
-9.72  1.46
-9.71  1.41
-9.7  1.42
-9.69  1.32
-9.68  1.3
-9.67  1.28
-9.66  1.2
-9.65  1.21
-9.64  1.2
-9.63  1.17
-9.62  1.12
-9.61  1.09
-9.6  1.04
-9.59  1.04
-9.58  0.97
-9.57  0.98
-9.56  0.94
-9.55  0.94
-9.54  0.88
-9.53  0.92
-9.52  0.86
-9.51  0.84
-9.5  0.84
-9.49  0.81
-9.48  0.85
-9.47  0.82
-9.46  0.76
-9.45  0.74
-9.44  0.77
-9.43  0.74
-9.42  0.8
-9.41  0.74
-9.4  0.72
-9.39  0.75
-9.38  0.7
-9.37  0.79
-9.36  0.74
-9.35  0.7
-9.34  0.73
-9.33  0.74
-9.32  0.71
-9.31  0.76
-9.3  0.72
-9.29  0.74
-9.28  0.71
-9.27  0.76
-9.26  0.79
-9.25  0.78
-9.24  0.79
-9.23  0.76
-9.22  0.81
-9.21  0.82
-9.2  0.82
-9.19  0.81
-9.18  0.84
-9.17  0.9
-9.16  0.89
-9.15  0.83
-9.14  0.94
-9.13  0.9
-9.12  0.97
-9.11  0.97
-9.1  0.99
-9.09  1.04
-9.08  1.03
-9.07  1.06
-9.06  1.04
-9.05  1.14
-9.04  1.14
-9.03  1.14
-9.02  1.18
-9.01  1.24
-9  1.25
-8.99  1.24
-8.98  1.31
-8.97  1.27
-8.96  1.38
-8.95  1.33
-8.94  1.39
-8.93  1.35
-8.92  1.42
-8.91  1.42
-8.9  1.41
-8.89  1.38
-8.88  1.49
-8.87  1.45
-8.86  1.5
-8.85  1.44
-8.84  1.42
-8.83  1.46
-8.82  1.39
-8.81  1.45
-8.8  1.36
-8.79  1.36
-8.78  1.38
-8.77  1.34
-8.76  1.3
-8.75  1.3
-8.74  1.25
-8.73  1.25
-8.72  1.2
-8.71  1.23
-8.7  1.21
-8.69  1.11
-8.68  1.15
-8.67  1.1
-8.66  1.06
-8.65  1.07
-8.64  1.05
-8.63  0.99
-8.62  1.04
-8.61  0.98
-8.6  0.95
-8.59  0.95
-8.58  0.94
-8.57  0.95
-8.56  0.87
-8.55  0.9
-8.54  0.85
-8.53  0.87
-8.52  0.87
-8.51  0.82
-8.5  0.87
-8.49  0.81
-8.48  0.84
-8.47  0.84
-8.46  0.78
-8.45  0.83
-8.44  0.81
-8.43  0.8
-8.42  0.77
-8.41  0.8
-8.4  0.78
-8.39  0.85
-8.38  0.87
-8.37  0.74
-8.36  0.81
-8.35  0.78
-8.34  0.84
-8.33  0.82
-8.32  0.82
-8.31  0.81
-8.3  0.82
-8.29  0.9
-8.28  0.82
-8.27  0.88
-8.26  0.87
-8.25  0.83
-8.24  0.89
-8.23  0.96
-8.22  0.89
-8.21  0.94
-8.2  0.94
-8.19  0.97
-8.18  1.01
-8.17  1.01
-8.16  0.99
-8.15  1.03
-8.14  1.04
-8.13  1.01
-8.12  1.08
-8.11  1.07
-8.1  1.14
-8.09  1.12
-8.08  1.17
-8.07  1.16
-8.06  1.22
-8.05  1.17
-8.04  1.21
-8.03  1.25
-8.02  1.25
-8.01  1.27
-8  1.3
-7.99  1.31
-7.98  1.31
-7.97  1.29
-7.96  1.32
-7.95  1.36
-7.94  1.31
-7.93  1.34
-7.92  1.3
-7.91  1.38
-7.9  1.35
-7.89  1.28
-7.88  1.36
-7.87  1.31
-7.86  1.24
-7.85  1.32
-7.84  1.31
-7.83  1.25
-7.82  1.29
-7.81  1.24
-7.8  1.21
-7.79  1.27
-7.78  1.16
-7.77  1.17
-7.76  1.2
-7.75  1.12
-7.74  1.13
-7.73  1.15
-7.72  1.09
-7.71  1.01
-7.7  1.09
-7.69  1.01
-7.68  1.07
-7.67  1.02
-7.66  1.02
-7.65  0.96
-7.64  1
-7.63  0.95
-7.62  0.96
-7.61  0.95
-7.6  0.92
-7.59  0.88
-7.58  0.95
-7.57  0.91
-7.56  0.84
-7.55  0.92
-7.54  0.87
-7.53  0.87
-7.52  0.9
-7.51  0.88
-7.5  0.87
-7.49  0.89
-7.48  0.85
-7.47  0.85
-7.46  0.88
-7.45  0.82
-7.44  0.83
-7.43  0.85
-7.42  0.9
-7.41  0.83
-7.4  0.89
-7.39  0.88
-7.38  0.85
-7.37  0.88
-7.36  0.89
-7.35  0.88
-7.34  0.91
-7.33  0.89
-7.32  0.92
-7.31  0.94
-7.3  0.97
-7.29  0.91
-7.28  0.93
-7.27  0.97
-7.26  0.95
-7.25  1.01
-7.24  0.98
-7.23  1.01
-7.22  1.01
-7.21  0.98
-7.2  1.06
-7.19  1.03
-7.18  1.1
-7.17  1.09
-7.16  1.07
-7.15  1.09
-7.14  1.18
-7.13  1.11
-7.12  1.17
-7.11  1.16
-7.1  1.2
-7.09  1.16
-7.08  1.21
-7.07  1.21
-7.06  1.22
-7.05  1.21
-7.04  1.24
-7.03  1.21
-7.02  1.25
-7.01  1.26
-7  1.29
-6.99  1.24
-6.98  1.24
-6.97  1.31
-6.96  1.23
-6.95  1.29
-6.94  1.2
-6.93  1.29
-6.92  1.22
-6.91  1.26
-6.9  1.23
-6.89  1.23
-6.88  1.15
-6.87  1.22
-6.86  1.2
-6.85  1.23
-6.84  1.18
-6.83  1.15
-6.82  1.11
-6.81  1.13
-6.8  1.12
-6.79  1.08
-6.78  1.13
-6.77  1.06
-6.76  1.12
-6.75  1.04
-6.74  1.05
-6.73  1.04
-6.72  1.01
-6.71  0.99
-6.7  1.03
-6.69  1
-6.68  0.99
-6.67  0.98
-6.66  0.96
-6.65  0.96
-6.64  0.97
-6.63  0.94
-6.62  0.96
-6.61  0.94
-6.6  0.86
-6.59  0.96
-6.58  0.9
-6.57  0.96
-6.56  0.88
-6.55  0.92
-6.54  0.91
-6.53  0.9
-6.52  0.87
-6.51  0.91
-6.5  0.91
-6.49  0.91
-6.48  0.9
-6.47  0.9
-6.46  0.88
-6.45  0.94
-6.44  0.93
-6.43  0.89
-6.42  0.92
-6.41  0.96
-6.4  0.94
-6.39  0.94
-6.38  0.92
-6.37  0.95
-6.36  0.97
-6.35  0.95
-6.34  0.98
-6.33  0.96
-6.32  1.01
-6.31  0.95
-6.3  1.01
-6.29  1.01
-6.28  1.07
-6.27  1.02
-6.26  1.02
-6.25  1.06
-6.24  1.04
-6.23  1.08
-6.22  1.06
-6.21  1.11
-6.2  1.1
-6.19  1.14
-6.18  1.11
-6.17  1.13
-6.16  1.17
-6.15  1.18
-6.14  1.16
-6.13  1.14
-6.12  1.18
-6.11  1.16
-6.1  1.16
-6.09  1.16
-6.08  1.19
-6.07  1.23
-6.06  1.23
-6.05  1.18
-6.04  1.19
-6.03  1.24
-6.02  1.21
-6.01  1.22
-6  1.17
-5.99  1.22
-5.98  1.17
-5.97  1.26
-5.96  1.16
-5.95  1.18
-5.94  1.17
-5.93  1.16
-5.92  1.14
-5.91  1.18
-5.9  1.15
-5.89  1.11
-5.88  1.16
-5.87  1.11
-5.86  1.13
-5.85  1.07
-5.84  1.12
-5.83  1.05
-5.82  1.09
-5.81  1.08
-5.8  1.05
-5.79  1.02
-5.78  1.06
-5.77  1.04
-5.76  0.97
-5.75  1.08
-5.74  0.99
-5.73  1.02
-5.72  1.03
-5.71  0.99
-5.7  0.98
-5.69  0.95
-5.68  0.95
-5.67  0.98
-5.66  0.96
-5.65  0.95
-5.64  0.95
-5.63  0.93
-5.62  0.97
-5.61  0.89
-5.6  0.97
-5.59  0.98
-5.58  0.93
-5.57  0.96
-5.56  0.91
-5.55  0.9
-5.54  0.97
-5.53  0.93
-5.52  0.99
-5.51  0.92
-5.5  0.9
-5.49  0.97
-5.48  0.97
-5.47  0.94
-5.46  0.97
-5.45  0.98
-5.44  0.99
-5.43  0.97
-5.42  0.93
-5.41  1
-5.4  0.97
-5.39  1.02
-5.38  0.99
-5.37  0.99
-5.36  1.01
-5.35  1.05
-5.34  1.02
-5.33  1.02
-5.32  1.02
-5.31  1.05
-5.3  1.05
-5.29  1.12
-5.28  1.08
-5.27  1.09
-5.26  1.07
-5.25  1.09
-5.24  1.14
-5.23  1.09
-5.22  1.1
-5.21  1.14
-5.2  1.12
-5.19  1.1
-5.18  1.18
-5.17  1.11
-5.16  1.16
-5.15  1.16
-5.14  1.12
-5.13  1.22
-5.12  1.14
-5.11  1.13
-5.1  1.18
-5.09  1.16
-5.08  1.13
-5.07  1.21
-5.06  1.18
-5.05  1.15
-5.04  1.15
-5.03  1.19
-5.02  1.16
-5.01  1.17
-5  1.17
-4.99  1.16
-4.98  1.08
-4.97  1.11
-4.96  1.12
-4.95  1.12
-4.94  1.16
-4.93  1.07
-4.92  1.16
-4.91  1.04
-4.9  1.08
-4.89  1.09
-4.88  1.09
-4.87  1.05
-4.86  1.07
-4.85  1.07
-4.84  1.06
-4.83  1
-4.82  1.08
-4.81  1.02
-4.8  1.06
-4.79  1.01
-4.78  1
-4.77  0.99
-4.76  1.02
-4.75  0.99
-4.74  0.99
-4.73  0.96
-4.72  1.06
-4.71  0.95
-4.7  0.99
-4.69  0.98
-4.68  0.95
-4.67  0.98
-4.66  0.95
-4.65  0.99
-4.64  0.94
-4.63  0.97
-4.62  0.95
-4.61  0.98
-4.6  0.95
-4.59  0.98
-4.58  0.99
-4.57  0.98
-4.56  0.94
-4.55  0.94
-4.54  1.02
-4.53  1.01
-4.52  1
-4.51  0.97
-4.5  0.98
-4.49  0.99
-4.48  1
-4.47  0.93
-4.46  1.04
-4.45  1.01
-4.44  0.99
-4.43  0.99
-4.42  1.02
-4.41  1.08
-4.4  1.01
-4.39  1.05
-4.38  1.06
-4.37  1.05
-4.36  1.03
-4.35  1.05
-4.34  1.09
-4.33  1.07
-4.32  1.05
-4.31  1.1
-4.3  1.08
-4.29  1.12
-4.28  1.13
-4.27  1.05
-4.26  1.12
-4.25  1.17
-4.24  1.05
-4.23  1.13
-4.22  1.08
-4.21  1.17
-4.2  1.06
-4.19  1.18
-4.18  1.14
-4.17  1.12
-4.16  1.16
-4.15  1.13
-4.14  1.13
-4.13  1.15
-4.12  1.14
-4.11  1.16
-4.1  1.09
-4.09  1.14
-4.08  1.14
-4.07  1.11
-4.06  1.14
-4.05  1.17
-4.04  1.11
-4.03  1.11
-4.02  1.08
-4.01  1.09
-4  1.14
-3.99  1.07
-3.98  1.17
-3.97  1
-3.96  1.1
-3.95  1.1
-3.94  1.05
-3.93  1.09
-3.92  1.13
-3.91  0.95
-3.9  1.05
-3.89  1.09
-3.88  1.06
-3.87  0.98
-3.86  1.03
-3.85  1.1
-3.84  0.98
-3.83  1.05
-3.82  1.05
-3.81  0.97
-3.8  1.06
-3.79  1.02
-3.78  0.96
-3.77  1.01
-3.76  0.98
-3.75  1.05
-3.74  0.92
-3.73  1
-3.72  1.01
-3.71  1.03
-3.7  0.97
-3.69  0.98
-3.68  0.98
-3.67  0.96
-3.66  0.98
-3.65  1.04
-3.64  0.97
-3.63  0.96
-3.62  1.01
-3.61  0.95
-3.6  1.02
-3.59  0.99
-3.58  0.97
-3.57  0.99
-3.56  1.07
-3.55  1.01
-3.54  1.01
-3.53  1
-3.52  1.02
-3.51  1.02
-3.5  1.03
-3.49  1.04
-3.48  0.99
-3.47  1.02
-3.46  1.03
-3.45  1.01
-3.44  1.06
-3.43  1.09
-3.42  1.02
-3.41  1.05
-3.4  1.06
-3.39  1.05
-3.38  1.06
-3.37  1.12
-3.36  1.09
-3.35  1.06
-3.34  1.11
-3.33  1.06
-3.32  1.09
-3.31  1.08
-3.3  1.16
-3.29  1.14
-3.28  1.07
-3.27  1.1
-3.26  1.14
-3.25  1.07
-3.24  1.11
-3.23  1.13
-3.22  1.03
-3.21  1.15
-3.2  1.1
-3.19  1.13
-3.18  1.13
-3.17  1.12
-3.16  1.14
-3.15  1.05
-3.14  1.11
-3.13  1.15
-3.12  1.13
-3.11  1.1
-3.1  1.08
-3.09  1.1
-3.08  1.11
-3.07  1.08
-3.06  1.16
-3.05  1.03
-3.04  1.12
-3.03  1.1
-3.02  1.06
-3.01  1.07
-3  1.06
-2.99  1.06
-2.98  1.08
-2.97  1.04
-2.96  1.08
-2.95  1.06
-2.94  1.06
-2.93  0.99
-2.92  1.05
-2.91  1.04
-2.9  1.09
-2.89  1.03
-2.88  1.04
-2.87  1.01
-2.86  1.01
-2.85  1
-2.84  1.02
-2.83  1.03
-2.82  1.02
-2.81  1
-2.8  1.03
-2.79  1.02
-2.78  1.04
-2.77  0.97
-2.76  0.98
-2.75  0.99
-2.74  1.04
-2.73  0.99
-2.72  1.02
-2.71  1
-2.7  0.97
-2.69  1.05
-2.68  1.04
-2.67  0.95
-2.66  1
-2.65  0.98
-2.64  0.98
-2.63  1.06
-2.62  1.02
-2.61  0.97
-2.6  1.05
-2.59  1.02
-2.58  1.04
-2.57  1.06
-2.56  1
-2.55  1.03
-2.54  1.04
-2.53  1.02
-2.52  1.05
-2.51  1.05
-2.5  1
-2.49  1.02
-2.48  1.14
-2.47  1
-2.46  1.06
-2.45  1.02
-2.44  1.08
-2.43  1.1
-2.42  1.07
-2.41  1.09
-2.4  1.06
-2.39  1.06
-2.38  1.1
-2.37  1.08
-2.36  1.09
-2.35  1.05
-2.34  1.08
-2.33  1.11
-2.32  1.18
-2.31  1.07
-2.3  1.07
-2.29  1.14
-2.28  1.09
-2.27  1.04
-2.26  1.17
-2.25  1.1
-2.24  1.12
-2.23  1.04
-2.22  1.12
-2.21  1.06
-2.2  1.12
-2.19  1.14
-2.18  1.09
-2.17  1.03
-2.16  1.13
-2.15  1.05
-2.14  1.13
-2.13  1.08
-2.12  1.02
-2.11  1.12
-2.1  1.09
-2.09  1.08
-2.08  1.12
-2.07  1.06
-2.06  1.06
-2.05  1.1
-2.04  1.08
-2.03  1.06
-2.02  1.05
-2.01  1.02
-2  1.07
-1.99  1.04
-1.98  1.02
-1.97  1.05
-1.96  1.03
-1.95  1.07
-1.94  1.07
-1.93  0.99
-1.92  1.04
-1.91  1.05
-1.9  0.98
-1.89  1.02
-1.88  1.01
-1.87  1.03
-1.86  1.07
-1.85  1.05
-1.84  1.01
-1.83  0.99
-1.82  1.03
-1.81  1.04
-1.8  0.98
-1.79  1.03
-1.78  1
-1.77  1.03
-1.76  1
-1.75  1.07
-1.74  1.03
-1.73  0.96
-1.72  1.01
-1.71  1.03
-1.7  1.03
-1.69  1.05
-1.68  0.96
-1.67  1.07
-1.66  1.02
-1.65  1.03
-1.64  1.02
-1.63  1.07
-1.62  1.01
-1.61  1.04
-1.6  1
-1.59  1.02
-1.58  1.05
-1.57  1.05
-1.56  1.02
-1.55  1.08
-1.54  1.01
-1.53  1.09
-1.52  1.04
-1.51  1.09
-1.5  1.09
-1.49  1.02
-1.48  1.08
-1.47  1.1
-1.46  1.03
-1.45  1.12
-1.44  1.03
-1.43  1.07
-1.42  1.08
-1.41  1.11
-1.4  1.08
-1.39  1.03
-1.38  1.08
-1.37  1.12
-1.36  1.06
-1.35  1.13
-1.34  1.04
-1.33  1.13
-1.32  1.04
-1.31  1.09
-1.3  1.08
-1.29  1.08
-1.28  1.12
-1.27  1.1
-1.26  1.1
-1.25  1.08
-1.24  1.11
-1.23  1.1
-1.22  1.08
-1.21  1.1
-1.2  1
-1.19  1.07
-1.18  1.08
-1.17  1.1
-1.16  1.09
-1.15  1.03
-1.14  1.12
-1.13  1.07
-1.12  1.06
-1.11  1.08
-1.1  1.03
-1.09  0.97
-1.08  1.16
-1.07  1.05
-1.06  1.07
-1.05  1.04
-1.04  1.03
-1.03  1.1
-1.02  1.01
-1.01  1.07
-1  1.03
-0.99  1.02
-0.98  1.11
-0.97  1.01
-0.96  1.05
-0.95  1.01
-0.94  1.04
-0.93  1
-0.92  1.06
-0.91  1.02
-0.9  1.02
-0.89  1
-0.88  1.05
-0.87  1.02
-0.86  1.02
-0.85  1.03
-0.84  1.01
-0.83  1.06
-0.82  0.99
-0.81  1.04
-0.8  1.04
-0.79  1.03
-0.78  1
-0.77  1.05
-0.76  1.04
-0.75  1
-0.74  1.08
-0.73  1
-0.72  1.04
-0.71  1.05
-0.7  1.03
-0.69  1.03
-0.68  0.99
-0.67  1.08
-0.66  1.02
-0.65  1.05
-0.64  1.06
-0.63  1.03
-0.62  1.03
-0.61  1.05
-0.6  1.06
-0.59  1.06
-0.58  1.1
-0.57  1
-0.56  1.05
-0.55  1.03
-0.54  1.1
-0.53  1.08
-0.52  1.02
-0.51  1.09
-0.5  1.09
-0.49  1.06
-0.48  1.05
-0.47  1.08
-0.46  1.07
-0.45  1.11
-0.44  1.06
-0.43  1.06
-0.42  1.1
-0.41  1.07
-0.4  1.05
-0.39  1.12
-0.38  1.07
-0.37  1.05
-0.36  1.08
-0.35  1.05
-0.34  1.16
-0.33  1.03
-0.32  1.09
-0.31  1.09
-0.3  1.07
-0.29  1.1
-0.28  1.1
-0.27  1.04
-0.26  1.05
-0.25  1.09
-0.24  1.04
-0.23  1.06
-0.22  1.03
-0.21  1.12
-0.2  1.08
-0.19  1.09
-0.18  1.13
-0.17  1.1
-0.16  1.01
-0.15  1.1
-0.14  1.01
-0.13  1.04
-0.12  1.07
-0.11  1.03
-0.1  1.07
-0.09  1.02
-0.08  1.08
-0.07  0.98
-0.06  1.02
-0.05  1.1
-0.04  1.07
-0.03  0.99
-0.02  1.08
-0.01  1.02
-2.16197e-11  1.04
0.0001  0.01
0.0101  1.1
0.0201  0.97
0.0301  1.08
0.0401  1.01
0.0501  1.01
0.0601  1.04
0.0701  1.15
0.0801  0.99
0.0901  1.09
0.1001  0.91
0.1101  1.14
0.1201  0.96
0.1301  1.18
0.1401  0.87
0.1501  1
0.1601  1.15
0.1701  1.11
0.1801  1.17
0.1901  1.16
0.2001  0.97
0.2101  1.11
0.2201  1.2
0.2301  1.21
0.2401  1.12
0.2501  1.01
0.2601  1.04
0.2701  1.25
0.2801  1.25
0.2901  1.26
0.3001  1.11
0.3101  1.07
0.3201  1.33
0.3301  1.1
0.3401  1.1
0.3501  1.19
0.3601  1.17
0.3701  1.2
0.3801  1.53
0.3901  1.08
0.4001  1.18
0.4101  1.25
0.4201  1.22
0.4301  1.09
0.4401  1.2
0.4501  1.27
0.4601  1.28
0.4701  1.39
0.4801  1.17
0.4901  1.45
0.5001  1.37
0.5101  1.24
0.5201  1.28
0.5301  1.26
0.5401  1.32
0.5501  1.22
0.5601  1.16
0.5701  1.36
0.5801  1.38
0.5901  1.37
0.6001  1.43
0.6101  1.42
0.6201  1.61
0.6301  1.42
0.6401  1.32
0.6501  1.34
0.6601  1.48
0.6701  1.55
0.6801  1.42
0.6901  1.6
0.7001  1.58
0.7101  1.68
0.7201  1.7
0.7301  1.41
0.7401  1.48
0.7501  1.68
0.7601  1.73
0.7701  1.53
0.7801  1.67
0.7901  1.49
0.8001  1.68
0.8101  1.46
0.8201  1.61
0.8301  1.41
0.8401  1.51
0.8501  1.59
0.8601  1.43
0.8701  1.56
0.8801  1.47
0.8901  1.78
0.9001  1.44
0.9101  1.53
0.9201  1.62
0.9301  1.53
0.9401  1.69
0.9501  1.53
0.9601  1.63
0.9701  1.68
0.9801  1.67
0.9901  1.8
1.0001  1.39
1.0101  1.4
1.0201  1.59
1.0301  1.66
1.0401  1.63
1.0501  1.6
1.0601  1.62
1.0701  1.45
1.0801  1.66
1.0901  1.37
1.1001  1.49
1.1101  1.34
1.1201  1.56
1.1301  1.32
1.1401  1.6
1.1501  1.71
1.1601  1.32
1.1701  1.27
1.1801  1.24
1.1901  1.31
1.2001  1.4
1.2101  1.19
1.2201  1.51
1.2301  1.22
1.2401  1.28
1.2501  1.18
1.2601  1.38
1.2701  1.35
1.2801  1.3
1.2901  1.38
1.3001  1.35
1.3101  1.24
1.3201  1.16
1.3301  1.33
1.3401  1.14
1.3501  1.14
1.3601  1.28
1.3701  1.25
1.3801  1.47
1.3901  1.24
1.4001  1.12
1.4101  1.13
1.4201  1.39
1.4301  1.18
1.4401  1.31
1.4501  1.38
1.4601  1.15
1.4701  1.36
1.4801  1.26
1.4901  1.15
1.5001  1.21
1.5101  1.28
1.5201  1.08
1.5301  1
1.5401  1.22
1.5501  1.36
1.5601  1.13
1.5701  1.23
1.5801  1.16
1.5901  1.29
1.6001  1.14
1.6101  1.02
1.6201  1.03
1.6301  1.02
1.6401  1.31
1.6501  1.22
1.6601  1.07
1.6701  1.22
1.6801  1.24
1.6901  1.31
1.7001  1.18
1.7101  0.99
1.7201  1.18
1.7301  1.03
1.7401  1.29
1.7501  1.09
1.7601  1.35
1.7701  1.28
1.7801  1.16
1.7901  1.3
1.8001  1.43
1.8101  1.47
1.8201  1.28
1.8301  1.2
1.8401  1.24
1.8501  1.19
1.8601  1.3
1.8701  1.21
1.8801  1.27
1.8901  1.27
1.9001  1.51
1.9101  1.13
1.9201  1.16
1.9301  1.3
1.9401  1.21
1.9501  1.28
1.9601  1.58
1.9701  1.33
1.9801  1.35
1.9901  1.42
2.0001  1.22
2.0101  1.2
2.0201  1.34
2.0301  1.49
2.0401  1.61
2.0501  1.45
2.0601  1.48
2.0701  1.45
2.0801  1.35
2.0901  1.35
2.1001  1.34
2.1101  1.38
2.1201  1.6
2.1301  1.35
2.1401  1.22
2.1501  1.47
2.1601  1.39
2.1701  1.64
2.1801  1.33
2.1901  1.35
2.2001  1.66
2.2101  1.63
2.2201  1.6
2.2301  1.59
2.2401  1.52
2.2501  1.75
2.2601  1.59
2.2701  1.54
2.2801  1.34
2.2901  1.73
2.3001  1.5
2.3101  1.51
2.3201  1.69
2.3301  1.41
2.3401  1.58
2.3501  1.49
2.3601  1.52
2.3701  1.53
2.3801  1.4
2.3901  1.56
2.4001  1.4
2.4101  1.44
2.4201  1.62
2.4301  1.8
2.4401  1.51
2.4501  1.48
2.4601  1.65
2.4701  1.67
2.4801  1.3
2.4901  1.45
2.5001  1.83
2.5101  1.5
2.5201  1.42
2.5301  1.5
2.5401  1.33
2.5501  1.54
2.5601  1.37
2.5701  1.37
2.5801  1.66
2.5901  1.4
2.6001  1.46
2.6101  1.29
2.6201  1.66
2.6301  1.48
2.6401  1.6
2.6501  1.28
2.6601  1.33
2.6701  1.27
2.6801  1.46
2.6901  1.43
2.7001  1.39
2.7101  1.37
2.7201  1.26
2.7301  1.46
2.7401  1.34
2.7501  1.23
2.7601  1.57
2.7701  1.35
2.7801  1.31
2.7901  1.23
2.8001  1.39
2.8101  1.38
2.8201  1.32
2.8301  1.29
2.8401  1.05
2.8501  1.37
2.8601  1.26
2.8701  1.05
2.8801  1.29
2.8901  1.22
2.9001  1.28
2.9101  1.4
2.9201  1.22
2.9301  1.33
2.9401  1.2
2.9501  1.31
2.9601  1.18
2.9701  1.46
2.9801  1.24
2.9901  1.2
3.0001  1.34
3.0101  1.22
3.0201  1.23
3.0301  1.35
3.0401  1.32
3.0501  1.3
3.0601  1.09
3.0701  1.08
3.0801  1.12
3.0901  1.23
3.1001  1.26
3.1101  1.34
3.1201  1.32
3.1301  1.13
3.1401  1.08
3.1501  1.3
3.1601  1.23
3.1701  1.33
3.1801  1.2
3.1901  1.19
3.2001  1.34
3.2101  1.22
3.2201  1.37
3.2301  1.45
3.2401  1.22
3.2501  1.35
3.2601  1.15
3.2701  1.29
3.2801  1.2
3.2901  1.38
3.3001  1.27
3.3101  1.35
3.3201  1.41
3.3301  1.33
3.3401  1.46
3.3501  1.25
3.3601  1.31
3.3701  1.18
3.3801  1.39
3.3901  1.27
3.4001  1.26
3.4101  1.43
3.4201  1.23
3.4301  1.46
3.4401  1.24
3.4501  1.35
3.4601  1.3
3.4701  1.61
3.4801  1.36
3.4901  1.53
3.5001  1.44
3.5101  1.35
3.5201  1.47
3.5301  1.48
3.5401  1.35
3.5501  1.7
3.5601  1.44
3.5701  1.34
3.5801  1.58
3.5901  1.52
3.6001  1.43
3.6101  1.36
3.6201  1.38
3.6301  1.54
3.6401  1.51
3.6501  1.49
3.6601  1.49
3.6701  1.36
3.6801  1.56
3.6901  1.46
3.7001  1.52
3.7101  1.64
3.7201  1.41
3.7301  1.38
3.7401  1.45
3.7501  1.45
3.7601  1.63
3.7701  1.51
3.7801  1.71
3.7901  1.66
3.8001  1.31
3.8101  1.3
3.8201  1.54
3.8301  1.6
3.8401  1.54
3.8501  1.59
3.8601  1.5
3.8701  1.48
3.8801  1.57
3.8901  1.47
3.9001  1.48
3.9101  1.4
3.9201  1.49
3.9301  1.37
3.9401  1.51
3.9501  1.5
3.9601  1.39
3.9701  1.42
3.9801  1.52
3.9901  1.5
4.0001  1.53
4.0101  1.4
4.0201  1.4
4.0301  1.33
4.0401  1.6
4.0501  1.43
4.0601  1.5
4.0701  1.47
4.0801  1.43
4.0901  1.28
4.1001  1.4
4.1101  1.42
4.1201  1.41
4.1301  1.04
4.1401  1.4
4.1501  1.5
4.1601  1.49
4.1701  1.62
4.1801  1.36
4.1901  1.28
4.2001  1.15
4.2101  1.46
4.2201  1.15
4.2301  1.36
4.2401  1.36
4.2501  1.56
4.2601  1.35
4.2701  1.32
4.2801  1.45
4.2901  1.24
4.3001  1.14
4.3101  1.51
4.3201  1.44
4.3301  1.49
4.3401  1.16
4.3501  1.08
4.3601  1.19
4.3701  1.35
4.3801  1.36
4.3901  1.18
4.4001  1.21
4.4101  1.56
4.4201  1.33
4.4301  1.24
4.4401  1.39
4.4501  1.22
4.4601  1.2
4.4701  1.43
4.4801  1.31
4.4901  1.34
4.5001  1.21
4.5101  1.17
4.5201  1.31
4.5301  1.1
4.5401  1.3
4.5501  1.22
4.5601  1.25
4.5701  1.34
4.5801  1.33
4.5901  1.4
4.6001  1.4
4.6101  1.34
4.6201  1.25
4.6301  1.22
4.6401  1.4
4.6501  1.27
4.6601  1.32
4.6701  1.18
4.6801  1.51
4.6901  1.3
4.7001  1.42
4.7101  1.42
4.7201  1.23
4.7301  1.44
4.7401  1.29
4.7501  1.43
4.7601  1.18
4.7701  1.33
4.7801  1.46
4.7901  1.28
4.8001  1.44
4.8101  1.35
4.8201  1.51
4.8301  1.33
4.8401  1.53
4.8501  1.44
4.8601  1.36
4.8701  1.31
4.8801  1.52
4.8901  1.24
4.9001  1.57
4.9101  1.39
4.9201  1.3
4.9301  1.35
4.9401  1.26
4.9501  1.37
4.9601  1.41
4.9701  1.47
4.9801  1.63
4.9901  1.51
5.0001  1.68
5.0101  1.37
5.0201  1.18
5.0301  1.61
5.0401  1.55
5.0501  1.66
5.0601  1.5
5.0701  1.33
5.0801  1.45
5.0901  1.32
5.1001  1.54
5.1101  1.42
5.1201  1.58
5.1301  1.56
5.1401  1.48
5.1501  1.46
5.1601  1.47
5.1701  1.5
5.1801  1.27
5.1901  1.39
5.2001  1.23
5.2101  1.53
5.2201  1.39
5.2301  1.44
5.2401  1.59
5.2501  1.5
5.2601  1.31
5.2701  1.51
5.2801  1.55
5.2901  1.6
5.3001  1.47
5.3101  1.47
5.3201  1.44
5.3301  1.38
5.3401  1.53
5.3501  1.64
5.3601  1.25
5.3701  1.57
5.3801  1.16
5.3901  1.36
5.4001  1.53
5.4101  1.33
5.4201  1.44
5.4301  1.53
5.4401  1.53
5.4501  1.39
5.4601  1.43
5.4701  1.53
5.4801  1.45
5.4901  1.26
5.5001  1.3
5.5101  1.34
5.5201  1.36
5.5301  1.62
5.5401  1.4
5.5501  1.31
5.5601  1.38
5.5701  1.33
5.5801  1.45
5.5901  1.4
5.6001  1.58
5.6101  1.17
5.6201  1.35
5.6301  1.34
5.6401  1.31
5.6501  1.39
5.6601  1.33
5.6701  1.19
5.6801  1.34
5.6901  1.41
5.7001  1.51
5.7101  1.31
5.7201  1.44
5.7301  1.59
5.7401  1.35
5.7501  1.55
5.7601  1.22
5.7701  1.17
5.7801  1.27
5.7901  1.39
5.8001  1.47
5.8101  1.25
5.8201  1.3
5.8301  1.41
5.8401  1.38
5.8501  1.49
5.8601  1.33
5.8701  1.37
5.8801  1.54
5.8901  1.38
5.9001  1.29
5.9101  1.21
5.9201  1.31
5.9301  1.17
5.9401  1.22
5.9501  1.26
5.9601  1.41
5.9701  1.36
5.9801  1.24
5.9901  1.56
6.0001  1.26
6.0101  1.19
6.0201  1.36
6.0301  1.48
6.0401  1.26
6.0501  1.58
6.0601  1.41
6.0701  1.24
6.0801  1.49
6.0901  1.18
6.1001  1.43
6.1101  1.3
6.1201  1.15
6.1301  1.4
6.1401  1.57
6.1501  1.35
6.1601  1.29
6.1701  1.28
6.1801  1.34
6.1901  1.6
6.2001  1.49
6.2101  1.41
6.2201  1.38
6.2301  1.34
6.2401  1.51
6.2501  1.39
6.2601  1.36
6.2701  1.63
6.2801  1.23
6.2901  1.43
6.3001  1.4
6.3101  1.26
6.3201  1.33
6.3301  1.6
6.3401  1.51
6.3501  1.53
6.3601  1.23
6.3701  1.35
6.3801  1.2
6.3901  1.28
6.4001  1.47
6.4101  1.54
6.4201  1.4
6.4301  1.5
6.4401  1.51
6.4501  1.45
6.4601  1.47
6.4701  1.26
6.4801  1.62
6.4901  1.62
6.5001  1.46
6.5101  1.36
6.5201  1.5
6.5301  1.56
6.5401  1.37
6.5501  1.45
6.5601  1.3
6.5701  1.66
6.5801  1.5
6.5901  1.49
6.6001  1.66
6.6101  1.42
6.6201  1.51
6.6301  1.34
6.6401  1.23
6.6501  1.28
6.6601  1.37
6.6701  1.57
6.6801  1.46
6.6901  1.38
6.7001  1.42
6.7101  1.35
6.7201  1.28
6.7301  1.42
6.7401  1.76
6.7501  1.46
6.7601  1.36
6.7701  1.61
6.7801  1.49
6.7901  1.44
6.8001  1.43
6.8101  1.2
6.8201  1.3
6.8301  1.44
6.8401  1.71
6.8501  1.5
6.8601  1.56
6.8701  1.39
6.8801  1.38
6.8901  1.28
6.9001  1.39
6.9101  1.41
6.9201  1.26
6.9301  1.4
6.9401  1.39
6.9501  1.36
6.9601  1.44
6.9701  1.47
6.9801  1.34
6.9901  1.41
7.0001  1.45
7.0101  1.4
7.0201  1.49
7.0301  1.45
7.0401  1.12
7.0501  1.4
7.0601  1.25
7.0701  1.42
7.0801  1.27
7.0901  1.59
7.1001  1.34
7.1101  1.23
7.1201  1.35
7.1301  1.54
7.1401  1.13
7.1501  1.33
7.1601  1.53
7.1701  1.62
7.1801  1.29
7.1901  1.32
7.2001  1.18
7.2101  1.3
7.2201  1.44
7.2301  1.21
7.2401  1.56
7.2501  1.49
7.2601  1.46
7.2701  1.47
7.2801  1.25
7.2901  1.28
7.3001  1.42
7.3101  1.14
7.3201  1.35
7.3301  1.28
7.3401  1.33
7.3501  1.56
7.3601  1.07
7.3701  1.48
7.3801  1.34
7.3901  1.36
7.4001  1.48
7.4101  1.44
7.4201  1.53
7.4301  1.48
7.4401  1.39
7.4501  1.41
7.4601  1.27
7.4701  1.37
7.4801  1.36
7.4901  1.37
7.5001  1.14
7.5101  1.35
7.5201  1.47
7.5301  1.28
7.5401  1.49
7.5501  1.63
7.5601  1.37
7.5701  1.33
7.5801  1.4
7.5901  1.44
7.6001  1.22
7.6101  1.32
7.6201  1.32
7.6301  1.5
7.6401  1.5
7.6501  1.41
7.6601  1.49
7.6701  1.33
7.6801  1.27
7.6901  1.13
7.7001  1.25
7.7101  1.34
7.7201  1.31
7.7301  1.41
7.7401  1.64
7.7501  1.38
7.7601  1.63
7.7701  1.41
7.7801  1.35
7.7901  1.44
7.8001  1.29
7.8101  1.53
7.8201  1.49
7.8301  1.43
7.8401  1.33
7.8501  1.4
7.8601  1.44
7.8701  1.6
7.8801  1.42
7.8901  1.42
7.9001  1.34
7.9101  1.5
7.9201  1.43
7.9301  1.34
7.9401  1.5
7.9501  1.6
7.9601  1.44
7.9701  1.29
7.9801  1.05
7.9901  1.52
8.0001  1.23
8.0101  1.29
8.0201  1.4
8.0301  1.33
8.0401  1.53
8.0501  1.39
8.0601  1.65
8.0701  1.38
8.0801  1.42
8.0901  1.78
8.1001  1.43
8.1101  1.27
8.1201  1.31
8.1301  1.36
8.1401  1.39
8.1501  1.3
8.1601  1.35
8.1701  1.42
8.1801  1.55
8.1901  1.56
8.2001  1.51
8.2101  1.36
8.2201  1.29
8.2301  1.49
8.2401  1.3
8.2501  1.59
8.2601  1.45
8.2701  1.5
8.2801  1.52
8.2901  1.42
8.3001  1.3
8.3101  1.38
8.3201  1.28
8.3301  1.46
8.3401  1.33
8.3501  1.43
8.3601  1.33
8.3701  1.41
8.3801  1.42
8.3901  1.33
8.4001  1.21
8.4101  1.46
8.4201  1.36
8.4301  1.48
8.4401  1.41
8.4501  1.22
8.4601  1.49
8.4701  1.49
8.4801  1.47
8.4901  1.34
8.5001  1.33
8.5101  1.34
8.5201  1.18
8.5301  1.51
8.5401  1.34
8.5501  1.49
8.5601  1.3
8.5701  1.65
8.5801  1.43
8.5901  1.35
8.6001  1.45
8.6101  1.22
8.6201  1.46
8.6301  1.29
8.6401  1.41
8.6501  1.36
8.6601  1.31
8.6701  1.61
8.6801  1.2
8.6901  1.38
8.7001  1.31
8.7101  1.26
8.7201  1.5
8.7301  1.42
8.7401  1.25
8.7501  1.18
8.7601  1.44
8.7701  1.28
8.7801  1.69
8.7901  1.25
8.8001  1.6
8.8101  1.35
8.8201  1.39
8.8301  1.49
8.8401  1.25
8.8501  1.32
8.8601  1.35
8.8701  1.4
8.8801  1.14
8.8901  1.21
8.9001  1.6
8.9101  1.44
8.9201  1.59
8.9301  1.44
8.9401  1.54
8.9501  1.51
8.9601  1.37
8.9701  1.19
8.9801  1.26
8.9901  1.53
9.0001  1.35
9.0101  1.38
9.0201  1.35
9.0301  1.59
9.0401  1.34
9.0501  1.58
9.0601  1.58
9.0701  1.36
9.0801  1.3
9.0901  1.32
9.1001  1.25
9.1101  1.35
9.1201  1.34
9.1301  1.3
9.1401  1.43
9.1501  1.59
9.1601  1.21
9.1701  1.32
9.1801  1.53
9.1901  1.33
9.2001  1.44
9.2101  1.49
9.2201  1.21
9.2301  1.4
9.2401  1.61
9.2501  1.17
9.2601  1.5
9.2701  1.22
9.2801  1.38
9.2901  1.22
9.3001  1.73
9.3101  1.4
9.3201  1.57
9.3301  1.48
9.3401  1.54
9.3501  1.32
9.3601  1.55
9.3701  1.54
9.3801  1.26
9.3901  1.3
9.4001  1.43
9.4101  1.41
9.4201  1.39
9.4301  1.58
9.4401  1.13
9.4501  1.41
9.4601  1.16
9.4701  1.36
9.4801  1.3
9.4901  1.38
9.5001  1.63
9.5101  1.41
9.5201  1.32
9.5301  1.18
9.5401  1.62
9.5501  1.2
9.5601  1.23
9.5701  1.37
9.5801  1.22
9.5901  1.34
9.6001  1.37
9.6101  1.31
9.6201  1.65
9.6301  1.42
9.6401  1.61
9.6501  1.45
9.6601  1.27
9.6701  1.39
9.6801  1.44
9.6901  1.6
9.7001  1.41
9.7101  1.49
9.7201  1.3
9.7301  1.34
9.7401  1.58
9.7501  1.42
9.7601  1.46
9.7701  1.47
9.7801  1.36
9.7901  1.29
9.8001  1.37
9.8101  1.33
9.8201  1.42
9.8301  1.38
9.8401  1.36
9.8501  1.44
9.8601  1.24
9.8701  1.28
9.8801  1.48
9.8901  1.3
9.9001  1.42
9.9101  1.2
9.9201  1.27
9.9301  1.61
9.9401  1.45
9.9501  1.41
9.9601  1.15
9.9701  1.17
9.9801  1.45
9.9901  1.43
10.0001  1.43
10.0101  1.61
10.0201  1.51
10.0301  1.42
10.0401  1.6
10.0501  1.51
10.0601  1.5
10.0701  1.52
10.0801  1.26
10.0901  1.18
10.1001  1.44
10.1101  1.32
10.1201  1.22
10.1301  1.35
10.1401  1.31
10.1501  1.39
10.1601  1.58
10.1701  1.61
10.1801  1.4
10.1901  1.13
10.2001  1.42
10.2101  1.51
10.2201  1.44
10.2301  1.27
10.2401  1.28
10.2501  1.5
10.2601  1.17
10.2701  1.33
10.2801  1.22
10.2901  1.57
10.3001  1.32
10.3101  1.3
10.3201  1.54
10.3301  1.5
10.3401  1.44
10.3501  1.24
10.3601  1.49
10.3701  1.51
10.3801  1.36
10.3901  1.59
10.4001  1.35
10.4101  1.43
10.4201  1.45
10.4301  1.45
10.4401  1.28
10.4501  1.2
10.4601  1.47
10.4701  1.43
10.4801  1.37
10.4901  1.51
10.5001  1.39
10.5101  1.53
10.5201  1.47
10.5301  1.3
10.5401  1.23
10.5501  1.4
10.5601  1.44
10.5701  1.54
10.5801  1.25
10.5901  1.31
10.6001  1.29
10.6101  1.37
10.6201  1.31
10.6301  1.41
10.6401  1.29
10.6501  1.34
10.6601  1.43
10.6701  1.45
10.6801  1.59
10.6901  1.34
10.7001  1.41
10.7101  1.5
10.7201  1.49
10.7301  1.42
10.7401  1.19
10.7501  1.41
10.7601  1.59
10.7701  1.48
10.7801  1.49
10.7901  1.54
10.8001  1.36
10.8101  1.39
10.8201  1.44
10.8301  1.31
10.8401  1.36
10.8501  1.43
10.8601  1.3
10.8701  1.31
10.8801  1.26
10.8901  1.3
10.9001  1.48
10.9101  1.28
10.9201  1.56
10.9301  1.36
10.9401  1.41
10.9501  1.21
10.9601  1.36
10.9701  1.44
10.9801  1.44
10.9901  1.29
11.0001  1.52
11.0101  1.36
11.0201  1.37
11.0301  1.44
11.0401  1.37
11.0501  1.37
11.0601  1.38
11.0701  1.35
11.0801  1.51
11.0901  1.53
11.1001  1.24
11.1101  1.49
11.1201  1.27
11.1301  1.51
11.1401  1.36
11.1501  1.28
11.1601  1.39
11.1701  1.22
11.1801  1.37
11.1901  1.25
11.2001  1.5
11.2101  1.52
11.2201  1.49
11.2301  1.35
11.2401  1.33
11.2501  1.38
11.2601  1.35
11.2701  1.19
11.2801  1.53
11.2901  1.51
11.3001  1.58
11.3101  1.3
11.3201  1.29
11.3301  1.43
11.3401  1.15
11.3501  1.56
11.3601  1.39
11.3701  1.35
11.3801  1.07
11.3901  1.47
11.4001  1.39
11.4101  1.43
11.4201  1.54
11.4301  1.37
11.4401  1.28
11.4501  1.45
11.4601  1.51
11.4701  1.42
11.4801  1.4
11.4901  1.46
11.5001  1.57
11.5101  1.42
11.5201  1.33
11.5301  1.47
11.5401  1.51
11.5501  1.23
11.5601  1.44
11.5701  1.34
11.5801  1.37
11.5901  1.39
11.6001  1.3
11.6101  1.33
11.6201  1.54
11.6301  1.42
11.6401  1.31
11.6501  1.28
11.6601  1.38
11.6701  1.31
11.6801  1.4
11.6901  1.28
11.7001  1.3
11.7101  1.52
11.7201  1.44
11.7301  1.45
11.7401  1.3
11.7501  1.34
11.7601  1.53
11.7701  1.51
11.7801  1.44
11.7901  1.33
11.8001  1.27
11.8101  1.38
11.8201  1.57
11.8301  1.44
11.8401  1.37
11.8501  1.42
11.8601  1.38
11.8701  1.26
11.8801  1.26
11.8901  1.51
11.9001  1.54
11.9101  1.34
11.9201  1.02
11.9301  1.39
11.9401  1.43
11.9501  1.51
11.9601  1.56
11.9701  1.51
11.9801  1.28
11.9901  1.32
12.0001  1.32
12.0101  1.5
12.0201  1.39
12.0301  1.5
12.0401  1.17
12.0501  1.18
12.0601  1.31
12.0701  1.37
12.0801  1.27
12.0901  1.42
12.1001  1.34
12.1101  1.55
12.1201  1.51
12.1301  1.27
12.1401  1.26
12.1501  1.38
12.1601  1.45
12.1701  1.42
12.1801  1.29
12.1901  1.42
12.2001  1.54
12.2101  1.45
12.2201  1.51
12.2301  1.61
12.2401  1.23
12.2501  1.32
12.2601  1.32
12.2701  1.22
12.2801  1.44
12.2901  1.28
12.3001  1.54
12.3101  1.33
12.3201  1.31
12.3301  1.45
12.3401  1.43
12.3501  1.54
12.3601  1.44
12.3701  1.2
12.3801  1.56
12.3901  1.32
12.4001  1.49
12.4101  1.42
12.4201  1.32
12.4301  1.41
12.4401  1.43
12.4501  1.38
12.4601  1.61
12.4701  1.35
12.4801  1.43
12.4901  1.45
12.5001  1.34
12.5101  1.68
12.5201  1.21
12.5301  1.44
12.5401  1.53
12.5501  1.25
12.5601  1.46
12.5701  1.27
12.5801  1.09
12.5901  1.62
12.6001  1.6
12.6101  1.31
12.6201  1.34
12.6301  1.4
12.6401  1.54
12.6501  1.52
12.6601  1.42
12.6701  1.2
12.6801  1.58
12.6901  1.38
12.7001  1.46
12.7101  1.29
12.7201  1.42
12.7301  1.26
12.7401  1.45
12.7501  1.39
12.7601  1.29
12.7701  1.41
12.7801  1.52
12.7901  1.62
12.8001  1.29
12.8101  1.37
12.8201  1.33
12.8301  1.35
12.8401  1.32
12.8501  1.58
12.8601  1.3
12.8701  1.28
12.8801  1.52
12.8901  1.3
12.9001  1.06
12.9101  1.38
12.9201  1.53
12.9301  1.51
12.9401  1.44
12.9501  1.44
12.9601  1.32
12.9701  1.21
12.9801  1.35
12.9901  1.52
13.0001  1.53
13.0101  1.49
13.0201  1.41
13.0301  1.28
13.0401  1.34
13.0501  1.19
13.0601  1.63
13.0701  1.31
13.0801  1.25
13.0901  1.3
13.1001  1.46
13.1101  1.38
13.1201  1.45
13.1301  1.4
13.1401  1.25
13.1501  1.21
13.1601  1.28
13.1701  1.38
13.1801  1.5
13.1901  1.33
13.2001  1.31
13.2101  1.52
13.2201  1.22
13.2301  1.61
13.2401  1.4
13.2501  1.24
13.2601  1.43
13.2701  1.25
13.2801  1.53
13.2901  1.38
13.3001  1.45
13.3101  1.5
13.3201  1.43
13.3301  1.25
13.3401  1.25
13.3501  1.26
13.3601  1.47
13.3701  1.4
13.3801  1.4
13.3901  1.36
13.4001  1.49
13.4101  1.18
13.4201  1.38
13.4301  1.26
13.4401  1.44
13.4501  1.42
13.4601  1.33
13.4701  1.52
13.4801  1.34
13.4901  1.35
13.5001  1.38
13.5101  1.3
13.5201  1.27
13.5301  1.33
13.5401  1.4
13.5501  1.4
13.5601  1.35
13.5701  1.38
13.5801  1.43
13.5901  1.32
13.6001  1.35
13.6101  1.31
13.6201  1.45
13.6301  1.42
13.6401  1.33
13.6501  1.39
13.6601  1.4
13.6701  1.43
13.6801  1.27
13.6901  1.41
13.7001  1.39
13.7101  1.37
13.7201  1.25
13.7301  1.47
13.7401  1.47
13.7501  1.48
13.7601  1.44
13.7701  1.18
13.7801  1.36
13.7901  1.42
13.8001  1.68
13.8101  1.38
13.8201  1.29
13.8301  1.37
13.8401  1.41
13.8501  1.42
13.8601  1.3
13.8701  1.31
13.8801  1.54
13.8901  1.22
13.9001  1.57
13.9101  1.17
13.9201  1.53
13.9301  1.4
13.9401  1.59
13.9501  1.43
13.9601  1.52
13.9701  1.51
13.9801  1.37
13.9901  1.58
14.0001  1.32
14.0101  1.58
14.0201  1.42
14.0301  1.36
14.0401  1.36
14.0501  1.49
14.0601  1.4
14.0701  1.29
14.0801  1.13
14.0901  1.31
14.1001  1.52
14.1101  1.43
14.1201  1.49
14.1301  1.16
14.1401  1.24
14.1501  1.43
14.1601  1.29
14.1701  1.45
14.1801  1.44
14.1901  1.58
14.2001  1.44
14.2101  1.33
14.2201  1.44
14.2301  1.32
14.2401  1.53
14.2501  1.49
14.2601  1.3
14.2701  1.39
14.2801  1.44
14.2901  1.59
14.3001  1.33
14.3101  1.2
14.3201  1.3
14.3301  1.41
14.3401  1.25
14.3501  1.43
14.3601  1.41
14.3701  1.3
14.3801  1.38
14.3901  1.81
14.4001  1.08
14.4101  1.36
14.4201  1.26
14.4301  1.61
14.4401  1.37
14.4501  1.27
14.4601  1.27
14.4701  1.44
14.4801  1.5
14.4901  1.33
14.5001  1.41
14.5101  1.22
14.5201  1.48
14.5301  1.37
14.5401  1.49
14.5501  1.28
14.5601  1.26
14.5701  1.24
14.5801  1.45
14.5901  1.46
14.6001  1.52
14.6101  1.38
14.6201  1.4
14.6301  1.14
14.6401  1.46
14.6501  1.5
14.6601  1.37
14.6701  1.45
14.6801  1.41
14.6901  1.42
14.7001  1.33
14.7101  1.37
14.7201  1.33
14.7301  1.14
14.7401  1.47
14.7501  1.35
14.7601  1.34
14.7701  1.56
14.7801  1.48
14.7901  1.49
14.8001  1.48
14.8101  1
14.8201  1.12
14.8301  1.18
14.8401  1.52
14.8501  1.32
14.8601  1.39
14.8701  1.46
14.8801  1.26
14.8901  1.34
14.9001  1.41
14.9101  1.51
14.9201  1.41
14.9301  1.08
14.9401  1.46
14.9501  1.67
14.9601  1.38
14.9701  1.5
14.9801  1.4
14.9901  1.39
15.0001  1.49
15.0101  1.38
15.0201  1.2
15.0301  1.22
15.0401  1.45
15.0501  1.38
15.0601  1.39
15.0701  1.42
15.0801  1.19
15.0901  1.62
15.1001  1.42
15.1101  1.16
15.1201  1.37
15.1301  1.24
15.1401  1.42
15.1501  1.19
15.1601  1.38
15.1701  1.38
15.1801  1.47
15.1901  1.39
15.2001  1.28
15.2101  1.57
15.2201  1.36
15.2301  1.4
15.2401  1.29
15.2501  1.23
15.2601  1.39
15.2701  1.74
15.2801  1.4
15.2901  1.38
15.3001  1.45
15.3101  1.57
15.3201  1.52
15.3301  1.34
15.3401  1.41
15.3501  1.41
15.3601  1.4
15.3701  1.32
15.3801  1.48
15.3901  1.53
15.4001  1.44
15.4101  1.42
15.4201  1.43
15.4301  1.15
15.4401  1.61
15.4501  1.51
15.4601  1.16
15.4701  1.53
15.4801  1.34
15.4901  1.45
15.5001  1.32
15.5101  1.51
15.5201  1.36
15.5301  1.4
15.5401  1.56
15.5501  1.32
15.5601  1.35
15.5701  1.34
15.5801  1.45
15.5901  1.6
15.6001  1.47
15.6101  1.32
15.6201  1.54
15.6301  1.32
15.6401  1.33
15.6501  1.41
15.6601  1.56
15.6701  1.48
15.6801  1.5
15.6901  1.49
15.7001  1.39
15.7101  1.45
15.7201  1.25
15.7301  1.46
15.7401  1.65
15.7501  1.4
15.7601  1.3
15.7701  1.43
15.7801  1.39
15.7901  1.2
15.8001  1.26
15.8101  1.35
15.8201  1.31
15.8301  1.3
15.8401  1.22
15.8501  1.42
15.8601  1.39
15.8701  1.61
15.8801  1.57
15.8901  1.37
15.9001  1.36
15.9101  1.36
15.9201  1.28
15.9301  1.31
15.9401  1.53
15.9501  1.45
15.9601  1.35
15.9701  1.63
15.9801  1.3
15.9901  1.32
16.0001  1.36
16.0101  1.23
16.0201  1.45
16.0301  1.46
16.0401  1.37
16.0501  1.25
16.0601  1.6
16.0701  1.32
16.0801  1.33
16.0901  1.53
16.1001  1.22
16.1101  1.5
16.1201  1.29
16.1301  1.46
16.1401  1.3
16.1501  1.35
16.1601  1.43
16.1701  1.21
16.1801  1.37
16.1901  1.21
16.2001  1.19
16.2101  1.51
16.2201  1.48
16.2301  1.44
16.2401  1.4
16.2501  1.2
16.2601  1.67
16.2701  1.36
16.2801  1.33
16.2901  1.33
16.3001  1.27
16.3101  1.19
16.3201  1.42
16.3301  1.39
16.3401  1.42
16.3501  1.17
16.3601  1.23
16.3701  1.51
16.3801  1.48
16.3901  1.35
16.4001  1.24
16.4101  1.38
16.4201  1.32
16.4301  1.52
16.4401  1.33
16.4501  1.57
16.4601  1.23
16.4701  1.48
16.4801  1.46
16.4901  1.21
16.5001  1.53
16.5101  1.3
16.5201  1.49
16.5301  1.33
16.5401  1.46
16.5501  1.36
16.5601  1.51
16.5701  1.26
16.5801  1.29
16.5901  1.52
16.6001  1.35
16.6101  1.36
16.6201  1.35
16.6301  1.17
16.6401  1.5
16.6501  1.53
16.6601  1.48
16.6701  1.3
16.6801  1.43
16.6901  1.32
16.7001  1.5
16.7101  1.42
16.7201  1.56
16.7301  1.46
16.7401  1.38
16.7501  1.35
16.7601  1.51
16.7701  1.51
16.7801  1.35
16.7901  1.5
16.8001  1.39
16.8101  1.47
16.8201  1.33
16.8301  1.33
16.8401  1.51
16.8501  1.37
16.8601  1.49
16.8701  1.35
16.8801  1.23
16.8901  1.54
16.9001  1.23
16.9101  1.52
16.9201  1.32
16.9301  1.47
16.9401  1.35
16.9501  1.45
16.9601  1.53
16.9701  1.64
16.9801  1.23
16.9901  1.38
17.0001  1.38
17.0101  1.73
17.0201  1.44
17.0301  1.5
17.0401  1.31
17.0501  1.51
17.0601  1.38
17.0701  1.36
17.0801  1.39
17.0901  1.36
17.1001  1.32
17.1101  1.33
17.1201  1.33
17.1301  1.35
17.1401  1.35
17.1501  1.4
17.1601  1.39
17.1701  1.42
17.1801  1.34
17.1901  1.33
17.2001  1.46
17.2101  1.07
17.2201  1.51
17.2301  1.64
17.2401  1.45
17.2501  1.58
17.2601  1.47
17.2701  1.46
17.2801  1.29
17.2901  1.31
17.3001  1.34
17.3101  1.34
17.3201  1.33
17.3301  1.31
17.3401  1.2
17.3501  1.46
17.3601  1.36
17.3701  1.28
17.3801  1.64
17.3901  1.35
17.4001  1.43
17.4101  1.48
17.4201  1.35
17.4301  1.36
17.4401  1.34
17.4501  1.39
17.4601  1.16
17.4701  1.36
17.4801  1.42
17.4901  1.48
17.5001  1.44
17.5101  1.42
17.5201  1.35
17.5301  1.51
17.5401  1.05
17.5501  1.66
17.5601  1.16
17.5701  1.27
17.5801  1.36
17.5901  1.22
17.6001  1.35
17.6101  1.41
17.6201  1.27
17.6301  1.48
17.6401  1.36
17.6501  1.45
17.6601  1.73
17.6701  1.15
17.6801  1.4
17.6901  1.44
17.7001  1.62
17.7101  1.51
17.7201  1.39
17.7301  1.31
17.7401  1.37
17.7501  1.33
17.7601  1.05
17.7701  1.35
17.7801  1.47
17.7901  1.3
17.8001  1.54
17.8101  1.37
17.8201  1.49
17.8301  1.33
17.8401  1.36
17.8501  1.38
17.8601  1.39
17.8701  1.36
17.8801  1.28
17.8901  1.5
17.9001  1.43
17.9101  1.39
17.9201  1.23
17.9301  1.47
17.9401  1.4
17.9501  1.38
17.9601  1.25
17.9701  1.3
17.9801  1.54
17.9901  1.48
18.0001  1.5
18.0101  1.66
18.0201  1.29
18.0301  1.03
18.0401  1.41
18.0501  1.44
18.0601  1.48
18.0701  1.42
18.0801  1.52
18.0901  1.55
18.1001  1.44
18.1101  1.46
18.1201  1.21
18.1301  1.27
18.1401  1.52
18.1501  1.32
18.1601  1.5
18.1701  1.62
18.1801  1.35
18.1901  1.16
18.2001  1.27
18.2101  1.36
18.2201  1.31
18.2301  1.43
18.2401  1.35
18.2501  1.36
18.2601  1.45
18.2701  1.21
18.2801  1.56
18.2901  1.38
18.3001  1.52
18.3101  1.34
18.3201  1.48
18.3301  1.4
18.3401  1.53
18.3501  1.31
18.3601  1.67
18.3701  1.54
18.3801  1.38
18.3901  1.53
18.4001  1.45
18.4101  1.28
18.4201  1.35
18.4301  1.36
18.4401  1.24
18.4501  1.31
18.4601  1.48
18.4701  1.5
18.4801  1.3
18.4901  1.26
18.5001  1.46
18.5101  1.46
18.5201  1.46
18.5301  1.41
18.5401  1.34
18.5501  1.17
18.5601  1.57
18.5701  1.26
18.5801  1.4
18.5901  1.43
18.6001  1.32
18.6101  1.42
18.6201  1.21
18.6301  1.41
18.6401  1.44
18.6501  1.69
18.6601  1.47
18.6701  1.27
18.6801  1.31
18.6901  1.63
18.7001  1.35
18.7101  1.46
18.7201  1.45
18.7301  1.44
18.7401  1.32
18.7501  1.38
18.7601  1.31
18.7701  1.42
18.7801  1.31
18.7901  1.49
18.8001  1.43
18.8101  1.26
18.8201  1.3
18.8301  1.54
18.8401  1.41
18.8501  1.31
18.8601  1.4
18.8701  1.45
18.8801  1.32
18.8901  1.33
18.9001  1.48
18.9101  1.21
18.9201  1.24
18.9301  1.39
18.9401  1.3
18.9501  1.27
18.9601  1.32
18.9701  1.61
18.9801  1.51
18.9901  1.37
19.0001  1.42
19.0101  1.41
19.0201  1.35
19.0301  1.54
19.0401  1.46
19.0501  1.45
19.0601  1.36
19.0701  1.33
19.0801  1.36
19.0901  1.34
19.1001  1.52
19.1101  1.27
19.1201  1.64
19.1301  1.27
19.1401  1.37
19.1501  1.18
19.1601  1.38
19.1701  1.32
19.1801  1.27
19.1901  1.29
19.2001  1.34
19.2101  1.31
19.2201  1.62
19.2301  1.05
19.2401  1.63
19.2501  1.3
19.2601  1.44
19.2701  1.49
19.2801  1.48
19.2901  1.37
19.3001  1.42
19.3101  1.36
19.3201  1.46
19.3301  1.37
19.3401  1.54
19.3501  1.37
19.3601  1.54
19.3701  1.41
19.3801  1.27
19.3901  1.18
19.4001  1.34
19.4101  1.62
19.4201  1.46
19.4301  1.37
19.4401  1.36
19.4501  1.51
19.4601  1.35
19.4701  1.43
19.4801  1.55
19.4901  1.4
19.5001  1.18
19.5101  1.4
19.5201  1.45
19.5301  1.4
19.5401  1.5
19.5501  1.52
19.5601  1.23
19.5701  1.48
19.5801  1.3
19.5901  1.21
19.6001  1.5
19.6101  1.5
19.6201  1.46
19.6301  1.33
19.6401  1.54
19.6501  1.57
19.6601  1.5
19.6701  1.45
19.6801  1.5
19.6901  1.43
19.7001  1.51
19.7101  1.51
19.7201  1.26
19.7301  1.31
19.7401  1.58
19.7501  1.45
19.7601  1.33
19.7701  1.38
19.7801  1.37
19.7901  1.39
19.8001  1.56
19.8101  1.21
19.8201  1.58
19.8301  1.28
19.8401  1.58
19.8501  1.29
19.8601  1.34
19.8701  1.37
19.8801  1.28
19.8901  1.43
19.9001  1.47
19.9101  1.41
19.9201  1.57
19.9301  1.28
19.9401  1.39
19.9501  1.28
19.9601  1.29
19.9701  1.43
19.9801  1.5
19.9901  1.36
20.0001  1.37
20.0101  1.28
20.0201  1.21
20.0301  1.48
20.0401  1.41
20.0501  1.37
20.0601  1.25
20.0701  1.4
20.0801  1.43
20.0901  1.55
20.1001  1.47
20.1101  1.36
20.1201  1.23
20.1301  1.46
20.1401  1.45
20.1501  1.4
20.1601  1.32
20.1701  1.19
20.1801  1.43
20.1901  1.46
20.2001  1.42
20.2101  1.46
20.2201  1.25
20.2301  1.47
20.2401  1.34
20.2501  1.33
20.2601  1.59
20.2701  1.39
20.2801  1.4
20.2901  1.39
20.3001  1.47
20.3101  1.28
20.3201  1.14
20.3301  1.4
20.3401  1.19
20.3501  1.39
20.3601  1.44
20.3701  1.35
20.3801  1.23
20.3901  1.32
20.4001  1.43
20.4101  1.35
20.4201  1.56
20.4301  1.43
20.4401  1.42
20.4501  1.36
20.4601  1.49
20.4701  1.28
20.4801  1.38
20.4901  1.5
20.5001  1.28
20.5101  1.23
20.5201  1.36
20.5301  1.42
20.5401  1.51
20.5501  1.23
20.5601  1.48
20.5701  1.44
20.5801  1.39
20.5901  1.46
20.6001  1.26
20.6101  1.44
20.6201  1.28
20.6301  1.32
20.6401  1.28
20.6501  1.74
20.6601  1.41
20.6701  1.23
20.6801  1.55
20.6901  1.33
20.7001  1.28
20.7101  1.64
20.7201  1.27
20.7301  1.42
20.7401  1.3
20.7501  1.22
20.7601  1.45
20.7701  1.23
20.7801  1.48
20.7901  1.56
20.8001  1.55
20.8101  1.4
20.8201  1.33
20.8301  1.29
20.8401  1.35
20.8501  1.5
20.8601  1.44
20.8701  1.44
20.8801  1.55
20.8901  1.27
20.9001  1.42
20.9101  1.37
20.9201  1.39
20.9301  1.6
20.9401  1.54
20.9501  1.32
20.9601  1.45
20.9701  1.46
20.9801  1.48
20.9901  1.23
21.0001  1.39
21.0101  1.37
21.0201  1.36
21.0301  1.36
21.0401  1.44
21.0501  1.28
21.0601  1.37
21.0701  1.33
21.0801  1.56
21.0901  1.4
21.1001  1.33
21.1101  1.39
21.1201  1.43
21.1301  1.64
21.1401  1.39
21.1501  1.51
21.1601  1.52
21.1701  1.31
21.1801  1.62
21.1901  1.26
21.2001  1.28
21.2101  1.26
21.2201  1.22
21.2301  1.35
21.2401  1.53
21.2501  1.57
21.2601  1.63
21.2701  1.38
21.2801  1.64
21.2901  1.43
21.3001  1.41
21.3101  1.39
21.3201  1.33
21.3301  1.17
21.3401  1.27
21.3501  1.31
21.3601  1.27
21.3701  1.32
21.3801  1.4
21.3901  1.46
21.4001  1.37
21.4101  1.43
21.4201  1.23
21.4301  1.67
21.4401  1.41
21.4501  1.3
21.4601  1.3
21.4701  1.4
21.4801  1.47
21.4901  1.45
21.5001  1.42
21.5101  1.4
21.5201  1.49
21.5301  1.5
21.5401  1.36
21.5501  1.38
21.5601  1.19
21.5701  1.19
21.5801  1.46
21.5901  1.55
21.6001  1.38
21.6101  1.45
21.6201  1.19
21.6301  1.58
21.6401  1.53
21.6501  1.23
21.6601  1.4
21.6701  1.65
21.6801  1.18
21.6901  1.43
21.7001  1.27
21.7101  1.38
21.7201  1.16
21.7301  1.46
21.7401  1.18
21.7501  1.14
21.7601  1.37
21.7701  1.18
21.7801  1.73
21.7901  1.39
21.8001  1.29
21.8101  1.66
21.8201  1.42
21.8301  1.35
21.8401  1.3
21.8501  1.28
21.8601  1.72
21.8701  1.34
21.8801  1.56
21.8901  1.24
21.9001  1.48
21.9101  1.32
21.9201  1.26
21.9301  1.42
21.9401  1.5
21.9501  1.39
21.9601  1.46
21.9701  1.4
21.9801  1.11
21.9901  1.19
22.0001  1.45
22.0101  1.17
22.0201  1.62
22.0301  1.44
22.0401  1.12
22.0501  1.39
22.0601  1.45
22.0701  1.55
22.0801  1.51
22.0901  1.47
22.1001  1.26
22.1101  1.39
22.1201  1.46
22.1301  1.34
22.1401  1.19
22.1501  1.38
22.1601  1.44
22.1701  1.59
22.1801  1.49
22.1901  1.31
22.2001  1.38
22.2101  1.47
22.2201  1.31
22.2301  1.44
22.2401  1.35
22.2501  1.31
22.2601  1.58
22.2701  1.38
22.2801  1.34
22.2901  1.51
22.3001  1.47
22.3101  1.35
22.3201  1.31
22.3301  1.61
22.3401  1.32
22.3501  1.29
22.3601  1.39
22.3701  1.44
22.3801  1.37
22.3901  1.42
22.4001  1.47
22.4101  1.31
22.4201  1.46
22.4301  1.39
22.4401  1.17
22.4501  1.34
22.4601  1.32
22.4701  1.26
22.4801  1.54
22.4901  1.43
22.5001  1.47
22.5101  1.34
22.5201  1.39
22.5301  1.6
22.5401  1.26
22.5501  1.39
22.5601  1.51
22.5701  1.33
22.5801  1.51
22.5901  1.37
22.6001  1.36
22.6101  1.47
22.6201  1.38
22.6301  1.5
22.6401  1.41
22.6501  1.37
22.6601  1.3
22.6701  1.24
22.6801  1.47
22.6901  1.17
22.7001  1.34
22.7101  1.18
22.7201  1.28
22.7301  1.21
22.7401  1.59
22.7501  1.48
22.7601  1.68
22.7701  1.51
22.7801  1.54
22.7901  1.46
22.8001  1.54
22.8101  1.49
22.8201  1.34
22.8301  1.14
22.8401  1.4
22.8501  1.5
22.8601  1.26
22.8701  1.24
22.8801  1.29
22.8901  1.47
22.9001  1.52
22.9101  1.32
22.9201  1.38
22.9301  1.25
22.9401  1.43
22.9501  1.34
22.9601  1.42
22.9701  1.4
22.9801  1.51
22.9901  1.4
23.0001  1.48
23.0101  1.45
23.0201  1.39
23.0301  1.4
23.0401  1.47
23.0501  1.35
23.0601  1.44
23.0701  1.32
23.0801  1.14
23.0901  1.6
23.1001  1.3
23.1101  1.36
23.1201  1.48
23.1301  1.39
23.1401  1.43
23.1501  1.42
23.1601  1.38
23.1701  1.27
23.1801  1.36
23.1901  1.52
23.2001  1.28
23.2101  1.42
23.2201  1.26
23.2301  1.3
23.2401  1.37
23.2501  1.63
23.2601  1.44
23.2701  1.39
23.2801  1.31
23.2901  1.42
23.3001  1.31
23.3101  1.29
23.3201  1.42
23.3301  1.48
23.3401  1.29
23.3501  1.29
23.3601  1.57
23.3701  1.2
23.3801  1.5
23.3901  1.5
23.4001  1.46
23.4101  1.19
23.4201  1.46
23.4301  1.37
23.4401  1.3
23.4501  1.35
23.4601  1.24
23.4701  1.34
23.4801  1.49
23.4901  1.42
23.5001  1.5
23.5101  1.38
23.5201  1.49
23.5301  1.33
23.5401  1.09
23.5501  1.48
23.5601  1.25
23.5701  1.53
23.5801  1.31
23.5901  1.47
23.6001  1.34
23.6101  1.34
23.6201  1.36
23.6301  1.49
23.6401  1.36
23.6501  1.32
23.6601  1.36
23.6701  1.34
23.6801  1.53
23.6901  1.48
23.7001  1.35
23.7101  1.38
23.7201  1.46
23.7301  1.23
23.7401  1.39
23.7501  1.36
23.7601  1.23
23.7701  1.6
23.7801  1.38
23.7901  1.45
23.8001  1.4
23.8101  1.6
23.8201  1.19
23.8301  1.32
23.8401  1.42
23.8501  1.21
23.8601  1.5
23.8701  1.4
23.8801  1.28
23.8901  1.28
23.9001  1.48
23.9101  1.64
23.9201  1.4
23.9301  1.29
23.9401  1.48
23.9501  1.27
23.9601  1.46
23.9701  1.38
23.9801  1.36
23.9901  1.26
24.0001  1.44
24.0101  1.37
24.0201  1.43
24.0301  1.45
24.0401  1.39
24.0501  1.36
24.0601  1.37
24.0701  1.53
24.0801  1.41
24.0901  1.36
24.1001  1.43
24.1101  1.58
24.1201  1.49
24.1301  1.33
24.1401  1.51
24.1501  1.19
24.1601  1.52
24.1701  1.51
24.1801  1.56
24.1901  1.29
24.2001  1.41
24.2101  1.41
24.2201  1.31
24.2301  1.55
24.2401  1.36
24.2501  1.32
24.2601  1.34
24.2701  1.29
24.2801  1.56
24.2901  1.32
24.3001  1.51
24.3101  1.42
24.3201  1.4
24.3301  1.41
24.3401  1.37
24.3501  1.49
24.3601  1.53
24.3701  1.46
24.3801  1.46
24.3901  1.26
24.4001  1.52
24.4101  1.2
24.4201  1.43
24.4301  1.21
24.4401  1.55
24.4501  1.43
24.4601  1.43
24.4701  1.37
24.4801  1.23
24.4901  1.22
24.5001  1.42
24.5101  1.29
24.5201  1.67
24.5301  1.32
24.5401  1.32
24.5501  1.32
24.5601  1.35
24.5701  1.46
24.5801  1.55
24.5901  1.6
24.6001  1.44
24.6101  1.29
24.6201  1.51
24.6301  1.57
24.6401  1.28
24.6501  1.38
24.6601  1.42
24.6701  1.37
24.6801  1.3
24.6901  1.32
24.7001  1.29
24.7101  1.15
24.7201  1.31
24.7301  1.3
24.7401  1.32
24.7501  1.23
24.7601  1.37
24.7701  1.29
24.7801  1.32
24.7901  1.55
24.8001  1.59
24.8101  1.61
24.8201  1.21
24.8301  1.38
24.8401  1.42
24.8501  1.34
24.8601  1.42
24.8701  1.51
24.8801  1.22
24.8901  1.39
24.9001  1.61
24.9101  1.45
24.9201  1.38
24.9301  1.22
24.9401  1.39
24.9501  1.39
24.9601  1.44
24.9701  1.26
24.9801  1.28
24.9901  1.23
25.0001  1.32
25.0101  1.53
25.0201  1.23
25.0301  1.49
25.0401  1.56
25.0501  1.22
25.0601  1.42
25.0701  1.39
25.0801  1.29
25.0901  1.27
25.1001  1.33
25.1101  1.22
25.1201  1.37
25.1301  1.44
25.1401  1.44
25.1501  1.21
25.1601  1.4
25.1701  1.24
25.1801  1.46
25.1901  1.32
25.2001  1.55
25.2101  1.52
25.2201  1.43
25.2301  1.33
25.2401  1.38
25.2501  1.44
25.2601  1.27
25.2701  1.38
25.2801  1.45
25.2901  1.31
25.3001  1.33
25.3101  1.51
25.3201  1.52
25.3301  1.62
25.3401  1.47
25.3501  1.36
25.3601  1.5
25.3701  1.42
25.3801  1.21
25.3901  1.47
25.4001  1.27
25.4101  1.28
25.4201  1.22
25.4301  1.45
25.4401  1.41
25.4501  1.47
25.4601  1.25
25.4701  1.4
25.4801  1.36
25.4901  1.37
25.5001  1.36
25.5101  1.45
25.5201  1.57
25.5301  1.4
25.5401  1.31
25.5501  1.53
25.5601  1.24
25.5701  1.3
25.5801  1.26
25.5901  1.47
25.6001  1.44
25.6101  1.48
25.6201  1.4
25.6301  1.12
25.6401  1.71
25.6501  1.57
25.6601  1.45
25.6701  1.29
25.6801  1.37
25.6901  1.32
25.7001  1.62
25.7101  1.44
25.7201  1.43
25.7301  1.45
25.7401  1.41
25.7501  1.21
25.7601  1.28
25.7701  1.54
25.7801  1.53
25.7901  1.36
25.8001  1.36
25.8101  1.34
25.8201  1.34
25.8301  1.1
25.8401  1.4
25.8501  1.32
25.8601  1.43
25.8701  1.51
25.8801  1.33
25.8901  1.37
25.9001  1.57
25.9101  1.51
25.9201  1.4
25.9301  1.47
25.9401  1.32
25.9501  1.44
25.9601  1.35
25.9701  1.24
25.9801  1.47
25.9901  1.37
26.0001  1.37
26.0101  1.42
26.0201  1.41
26.0301  1.54
26.0401  1.48
26.0501  1.34
26.0601  1.32
26.0701  1.26
26.0801  1.41
26.0901  1.29
26.1001  1.25
26.1101  1.37
26.1201  1.23
26.1301  1.45
26.1401  1.43
26.1501  1.44
26.1601  1.38
26.1701  1.44
26.1801  1.53
26.1901  1.41
26.2001  1.52
26.2101  1.28
26.2201  1.35
26.2301  1.58
26.2401  1.12
26.2501  1.23
26.2601  1.44
26.2701  1.5
26.2801  1.44
26.2901  1.43
26.3001  1.42
26.3101  1.26
26.3201  1.47
26.3301  1.45
26.3401  1.38
26.3501  1.46
26.3601  1.28
26.3701  1.33
26.3801  1.58
26.3901  1.3
26.4001  1.41
26.4101  1.35
26.4201  1.5
26.4301  1.39
26.4401  1.37
26.4501  1.17
26.4601  1.48
26.4701  1.26
26.4801  1.37
26.4901  1.58
26.5001  1.52
26.5101  1.49
26.5201  1.23
26.5301  1.21
26.5401  1.48
26.5501  1.4
26.5601  1.44
26.5701  1.45
26.5801  1.19
26.5901  1.15
26.6001  1.39
26.6101  1.33
26.6201  1.67
26.6301  1.54
26.6401  1.51
26.6501  1.21
26.6601  1.45
26.6701  1.26
26.6801  1.34
26.6901  1.28
26.7001  1.36
26.7101  1.41
26.7201  1.61
26.7301  1.42
26.7401  1.46
26.7501  1.5
26.7601  1.25
26.7701  1.33
26.7801  1.16
26.7901  1.22
26.8001  1.55
26.8101  1.54
26.8201  1.4
26.8301  1.45
26.8401  1.26
26.8501  1.31
26.8601  1.37
26.8701  1.49
26.8801  1.26
26.8901  1.16
26.9001  1.48
26.9101  1.36
26.9201  1.41
26.9301  1.27
26.9401  1.39
26.9501  1.66
26.9601  1.49
26.9701  1.18
26.9801  1.37
26.9901  1.44
27.0001  1.25
27.0101  1.39
27.0201  1.48
27.0301  1.25
27.0401  1.44
27.0501  1.18
27.0601  1.47
27.0701  1.35
27.0801  1.5
27.0901  1.47
27.1001  1.42
27.1101  1.48
27.1201  1.45
27.1301  1.24
27.1401  1.44
27.1501  1.27
27.1601  1.52
27.1701  1.3
27.1801  1.57
27.1901  1.25
27.2001  1.65
27.2101  1.47
27.2201  1.4
27.2301  1.2
27.2401  1.15
27.2501  1.24
27.2601  1.33
27.2701  1.54
27.2801  1.7
27.2901  1.26
27.3001  1.37
27.3101  1.36
27.3201  1.49
27.3301  1.33
27.3401  1.58
27.3501  1.54
27.3601  1.24
27.3701  1.51
27.3801  1.56
27.3901  1.34
27.4001  1.2
27.4101  1.49
27.4201  1.25
27.4301  1.51
27.4401  1.5
27.4501  1.32
27.4601  1.4
27.4701  1.58
27.4801  1.39
27.4901  1.28
27.5001  1.38
27.5101  1.39
27.5201  1.48
27.5301  1.53
27.5401  1.42
27.5501  1.39
27.5601  1.36
27.5701  1.46
27.5801  1.48
27.5901  1.17
27.6001  1.52
27.6101  1.31
27.6201  1.45
27.6301  1.44
27.6401  1.32
27.6501  1.56
27.6601  1.41
27.6701  1.26
27.6801  1.26
27.6901  1.3
27.7001  1.13
27.7101  1.47
27.7201  1.46
27.7301  1.44
27.7401  1.41
27.7501  1.33
27.7601  1.47
27.7701  1.45
27.7801  1.42
27.7901  1.21
27.8001  1.33
27.8101  1.18
27.8201  1.45
27.8301  1.2
27.8401  1.31
27.8501  1.45
27.8601  1.46
27.8701  1.38
27.8801  1.51
27.8901  1.52
27.9001  1.43
27.9101  1.36
27.9201  1.33
27.9301  1.27
27.9401  1.4
27.9501  1.33
27.9601  1.43
27.9701  1.25
27.9801  1.33
27.9901  1.33
28.0001  1.19
28.0101  1.23
28.0201  1.43
28.0301  1.38
28.0401  1.43
28.0501  1.34
28.0601  1.44
28.0701  1.47
28.0801  1.31
28.0901  1.38
28.1001  1.58
28.1101  1.28
28.1201  1.49
28.1301  1.28
28.1401  1.14
28.1501  1.54
28.1601  1.37
28.1701  1.46
28.1801  1.48
28.1901  1.28
28.2001  1.37
28.2101  1.19
28.2201  1.46
28.2301  1.49
28.2401  1.39
28.2501  1.34
28.2601  1.47
28.2701  1.32
28.2801  1.43
28.2901  1.38
28.3001  1.43
28.3101  1.47
28.3201  1.36
28.3301  1.44
28.3401  1.5
28.3501  1.32
28.3601  1.47
28.3701  1.36
28.3801  1.58
28.3901  1.31
28.4001  1.42
28.4101  1.35
28.4201  1.27
28.4301  1.62
28.4401  1.64
28.4501  1.32
28.4601  1.36
28.4701  1.22
28.4801  1.37
28.4901  1.37
28.5001  1.38
28.5101  1.35
28.5201  1.62
28.5301  1.51
28.5401  1.49
28.5501  1.36
28.5601  1.66
28.5701  1.41
28.5801  1.28
28.5901  1.3
28.6001  1.4
28.6101  1.37
28.6201  1.4
28.6301  1.48
28.6401  1.43
28.6501  1.41
28.6601  1.2
28.6701  1.36
28.6801  1.3
28.6901  1.51
28.7001  1.3
28.7101  1.48
28.7201  1.13
28.7301  1.16
28.7401  1.67
28.7501  1.48
28.7601  1.56
28.7701  1.26
28.7801  1.66
28.7901  1.54
28.8001  1.37
28.8101  1.38
28.8201  1.69
28.8301  1.43
28.8401  1.37
28.8501  1.44
28.8601  1.3
28.8701  1.31
28.8801  1.39
28.8901  1.16
28.9001  1.27
28.9101  1.37
28.9201  1.35
28.9301  1.28
28.9401  1.36
28.9501  1.26
28.9601  1.3
28.9701  1.37
28.9801  1.56
28.9901  1.58
29.0001  1.25
29.0101  1.49
29.0201  1.4
29.0301  1.24
29.0401  1.39
29.0501  1.64
29.0601  1.37
29.0701  1.2
29.0801  1.41
29.0901  1.5
29.1001  1.18
29.1101  1.45
29.1201  1.29
29.1301  1.61
29.1401  1.32
29.1501  1.6
29.1601  1.34
29.1701  1.28
29.1801  1.33
29.1901  1.36
29.2001  1.46
29.2101  1.4
29.2201  1.57
29.2301  1.42
29.2401  1.24
29.2501  1.39
29.2601  1.49
29.2701  1.33
29.2801  1.31
29.2901  1.28
29.3001  1.47
29.3101  1.27
29.3201  1.33
29.3301  1.31
29.3401  1.33
29.3501  1.45
29.3601  1.45
29.3701  1.53
29.3801  1.15
29.3901  1.31
29.4001  1.26
29.4101  1.47
29.4201  1.47
29.4301  1.57
29.4401  1.26
29.4501  1.44
29.4601  1.38
29.4701  1.38
29.4801  1.49
29.4901  1.47
29.5001  1.51
29.5101  1.38
29.5201  1.58
29.5301  1.39
29.5401  1.37
29.5501  1.12
29.5601  1.45
29.5701  1.43
29.5801  1.29
29.5901  1.52
29.6001  1.5
29.6101  1.19
29.6201  1.6
29.6301  1.35
29.6401  1.35
29.6501  1.5
29.6601  1.42
29.6701  1.23
29.6801  1.37
29.6901  1.44
29.7001  1.56
29.7101  1.31
29.7201  1.42
29.7301  1.26
29.7401  1.27
29.7501  1.31
29.7601  1.44
29.7701  1.43
29.7801  1.48
29.7901  1.3
29.8001  1.43
29.8101  1.26
29.8201  1.35
29.8301  1.6
29.8401  1.43
29.8501  1.61
29.8601  1.35
29.8701  1.33
29.8801  1.4
29.8901  1.49
29.9001  1.45
29.9101  1.44
29.9201  1.34
29.9301  1.59
29.9401  1.5
29.9501  1.34
29.9601  1.38
29.9701  1.39
29.9801  1.34
29.9901  1.35
30.0001  1.32
30.0101  1.46
30.0201  1.37
30.0301  1.41
30.0401  1.26
30.0501  1.19
30.0601  1.44
30.0701  1.41
30.0801  1.61
30.0901  1.22
30.1001  1.51
30.1101  1.57
30.1201  1.58
30.1301  1.27
30.1401  1.21
30.1501  1.42
30.1601  1.36
30.1701  1.53
30.1801  1.55
30.1901  1.39
30.2001  1.25
30.2101  1.45
30.2201  1.53
30.2301  1.42
30.2401  1.43
30.2501  1.34
30.2601  1.29
30.2701  1.28
30.2801  1.44
30.2901  1.49
30.3001  1.69
30.3101  1.26
30.3201  1.36
30.3301  1.41
30.3401  1.61
30.3501  1.48
30.3601  1.41
30.3701  1.27
30.3801  1.33
30.3901  1.39
30.4001  1.48
30.4101  1.41
30.4201  1.48
30.4301  1.43
30.4401  1.22
30.4501  1.41
30.4601  1.44
30.4701  1.43
30.4801  1.41
30.4901  1.43
30.5001  1.19
30.5101  1.65
30.5201  1.33
30.5301  1.41
30.5401  1.38
30.5501  1.47
30.5601  1.32
30.5701  1.33
30.5801  1.25
30.5901  1.52
30.6001  1.47
30.6101  1.5
30.6201  1.45
30.6301  1.4
30.6401  1.21
30.6501  1.26
30.6601  1.48
30.6701  1.5
30.6801  1.35
30.6901  1.31
30.7001  1.61
30.7101  1.49
30.7201  1.48
30.7301  1.22
30.7401  1.26
30.7501  1.38
30.7601  1.44
30.7701  1.22
30.7801  1.28
30.7901  1.37
30.8001  1.62
30.8101  1.46
30.8201  1.31
30.8301  1.39
30.8401  1.38
30.8501  1.46
30.8601  1.27
30.8701  1.55
30.8801  1.39
30.8901  1.14
30.9001  1.38
30.9101  1.27
30.9201  1.56
30.9301  1.04
30.9401  1.42
30.9501  1.31
30.9601  1.36
30.9701  1.45
30.9801  1.3
30.9901  1.26
31.0001  1.51
31.0101  1.25
31.0201  1.45
31.0301  1.53
31.0401  1.3
31.0501  1.46
31.0601  1.38
31.0701  1.27
31.0801  1.52
31.0901  1.58
31.1001  1.49
31.1101  1.22
31.1201  1.4
31.1301  1.42
31.1401  1.34
31.1501  1.33
31.1601  1.32
31.1701  1.43
31.1801  1.19
31.1901  1.47
31.2001  1.51
31.2101  1.37
31.2201  1.21
31.2301  1.39
31.2401  1.22
31.2501  1.36
31.2601  1.55
31.2701  1.31
31.2801  1.53
31.2901  1.41
31.3001  1.1
31.3101  1.73
31.3201  1.34
31.3301  1.32
31.3401  1.44
31.3501  1.16
31.3601  1.45
31.3701  1.45
31.3801  1.6
31.3901  1.54
31.4001  1.42
31.4101  1.27
31.4201  1.16
31.4301  1.6
31.4401  1.54
31.4501  1.59
31.4601  1.39
31.4701  1.48
31.4801  1.32
31.4901  1.49
31.5001  1.38
31.5101  1.17
31.5201  1.45
31.5301  1.38
31.5401  1.38
31.5501  1.46
31.5601  1.69
31.5701  1.34
31.5801  1.09
31.5901  1.5
31.6001  1.54
31.6101  1.15
31.6201  1.23
31.6301  1.25
31.6401  1.47
31.6501  1.48
31.6601  1.39
31.6701  1.67
31.6801  1.43
31.6901  1.37
31.7001  1.49
31.7101  1.32
31.7201  1.41
31.7301  1.49
31.7401  1.34
31.7501  1.69
31.7601  1.39
31.7701  1.33
31.7801  1.42
31.7901  1.59
31.8001  1.6
31.8101  1.48
31.8201  1.51
31.8301  1.43
31.8401  1.3
31.8501  1.36
31.8601  1.31
31.8701  1.36
31.8801  1.3
31.8901  1.35
31.9001  1.23
31.9101  1.56
31.9201  1.38
31.9301  1.44
31.9401  1.52
31.9501  1.29
31.9601  1.38
31.9701  1.64
31.9801  1.29
31.9901  1.47
32.0001  1.34
32.0101  1.45
32.0201  1.39
32.0301  1.42
32.0401  1.43
32.0501  1.51
32.0601  1.32
32.0701  1.37
32.0801  1.43
32.0901  1.43
32.1001  1.46
32.1101  1.4
32.1201  1.58
32.1301  1.46
32.1401  1.59
32.1501  1.27
32.1601  1.42
32.1701  1.44
32.1801  1.28
32.1901  1.32
32.2001  1.34
32.2101  1.38
32.2201  1.37
32.2301  1.34
32.2401  1.33
32.2501  1.35
32.2601  1.25
32.2701  1.4
32.2801  1.3
32.2901  1.45
32.3001  1.13
32.3101  1.4
32.3201  1.19
32.3301  1.42
32.3401  1.57
32.3501  1.36
32.3601  1.6
32.3701  1.56
32.3801  1.37
32.3901  1.37
32.4001  1.36
32.4101  1.37
32.4201  1.34
32.4301  1.67
32.4401  1.18
32.4501  1.33
32.4601  1.26
32.4701  1.38
32.4801  1.43
32.4901  1.22
32.5001  1.4
32.5101  1.56
32.5201  1.31
32.5301  1.41
32.5401  1.32
32.5501  1.38
32.5601  1.44
32.5701  1.43
32.5801  1.38
32.5901  1.31
32.6001  1.33
32.6101  1.37
32.6201  1.25
32.6301  1.61
32.6401  1.25
32.6501  1.39
32.6601  1.25
32.6701  1.32
32.6801  1.52
32.6901  1.26
32.7001  1.44
32.7101  1.27
32.7201  1.36
32.7301  1.36
32.7401  1.58
32.7501  1.26
32.7601  1.3
32.7701  1.4
32.7801  1.44
32.7901  1.21
32.8001  1.46
32.8101  1.74
32.8201  1.49
32.8301  1.48
32.8401  1.4
32.8501  1.21
32.8601  1.22
32.8701  1.46
32.8801  1.38
32.8901  1.53
32.9001  1.4
32.9101  1.43
32.9201  1.35
32.9301  1.31
32.9401  1.46
32.9501  1.18
32.9601  1.1
32.9701  1.43
32.9801  1.33
32.9901  1.47
33.0001  1.4
33.0101  1.46
33.0201  1.37
33.0301  1.34
33.0401  1.41
33.0501  1.59
33.0601  1.4
33.0701  1.47
33.0801  1.55
33.0901  1.43
33.1001  1.44
33.1101  1.47
33.1201  1.47
33.1301  1.61
33.1401  1.38
33.1501  1.32
33.1601  1.47
33.1701  1.33
33.1801  1.21
33.1901  1.37
33.2001  1.49
33.2101  1.44
33.2201  1.28
33.2301  1.33
33.2401  1.43
33.2501  1.54
33.2601  1.35
33.2701  1.53
33.2801  1.48
33.2901  1.42
33.3001  1.39
33.3101  1.56
33.3201  1.34
33.3301  1.35
33.3401  1.23
33.3501  1.38
33.3601  1.31
33.3701  1.42
33.3801  1.49
33.3901  1.4
33.4001  1.5
33.4101  1.32
33.4201  1.25
33.4301  1.49
33.4401  1.39
33.4501  1.51
33.4601  1.29
33.4701  1.35
33.4801  1.45
33.4901  1.64
33.5001  1.4
33.5101  1.42
33.5201  1.45
33.5301  1.34
33.5401  1.42
33.5501  1.45
33.5601  1.17
33.5701  1.33
33.5801  1.32
33.5901  1.41
33.6001  1.59
33.6101  1.46
33.6201  1.45
33.6301  1.48
33.6401  1.34
33.6501  1.43
33.6601  1.18
33.6701  1.41
33.6801  1.29
33.6901  1.38
33.7001  1.36
33.7101  1.48
33.7201  1.43
33.7301  1.39
33.7401  1.4
33.7501  1.39
33.7601  1.31
33.7701  1.17
33.7801  1.35
33.7901  1.4
33.8001  1.33
33.8101  1.53
33.8201  1.32
33.8301  1.44
33.8401  1.55
33.8501  1.45
33.8601  1.24
33.8701  1.21
33.8801  1.43
33.8901  1.45
33.9001  1.68
33.9101  1.41
33.9201  1.33
33.9301  1.37
33.9401  1.46
33.9501  1.45
33.9601  1.16
33.9701  1.51
33.9801  1.27
33.9901  1.3
34.0001  1.39
34.0101  1.32
34.0201  1.32
34.0301  1.35
34.0401  1.35
34.0501  1.1
34.0601  1.45
34.0701  1.22
34.0801  1.43
34.0901  1.4
34.1001  1.43
34.1101  1.36
34.1201  1.2
34.1301  1.5
34.1401  1.33
34.1501  1.49
34.1601  1.3
34.1701  1.26
34.1801  1.28
34.1901  1.48
34.2001  1.41
34.2101  1.33
34.2201  1.34
34.2301  1.44
34.2401  1.56
34.2501  1.38
34.2601  1.42
34.2701  1.35
34.2801  1.37
34.2901  1.4
34.3001  1.35
34.3101  1.51
34.3201  1.35
34.3301  1.33
34.3401  1.37
34.3501  1.24
34.3601  1.24
34.3701  1.49
34.3801  1.5
34.3901  1.4
34.4001  1.47
34.4101  1.19
34.4201  1.35
34.4301  1.56
34.4401  1.33
34.4501  1.45
34.4601  1.2
34.4701  1.27
34.4801  1.37
34.4901  1.33
34.5  1.45
34.51  1.5
34.52  1.37
34.53  1.4
34.54  1.48
34.55  1.6
34.56  1.42
34.57  1.49
34.58  1.5
34.59  1.34
34.6  1.3
34.61  1.79
34.62  1.32
34.63  1.4
34.64  1.61
34.65  1.2
34.66  1.11
34.67  1.43
34.68  1.35
34.69  1.5
34.7  1.33
34.71  1.42
34.72  1.41
34.73  1.53
34.74  1.36
34.75  1.18
34.76  1.51
34.77  1.45
34.78  1.38
34.79  1.46
34.8  1.26
34.81  1.5
34.82  1.29
34.83  1.31
34.84  1.69
34.85  1.46
34.86  1.17
34.87  1.31
34.88  1.47
34.89  1.41
34.9  1.59
34.91  1.48
34.92  1.3
34.93  1.31
34.94  1.23
34.95  1.35
34.96  1.65
34.97  1.51
34.98  1.55
34.99  1.57
35  1.51
35.01  1.1
35.02  1.44
35.03  1.46
35.04  1.18
35.05  1.17
35.06  1.49
35.07  1.61
35.08  1.28
35.09  1.3
35.1  1.31
35.11  1.34
35.12  1.4
35.13  1.3
35.14  1.42
35.15  1.27
35.16  1.58
35.17  1.33
35.18  1.29
35.19  1.37
35.2  1.25
35.21  1.4
35.22  1.43
35.23  1.46
35.24  1.43
35.25  1.5
35.26  1.36
35.27  1.48
35.28  1.37
35.29  1.36
35.3  1.16
35.31  1.22
35.32  1.3
35.33  1.41
35.34  1.14
35.35  1.43
35.36  1.44
35.37  1.32
35.38  1.3
35.39  1.41
35.4  1.51
35.41  1.43
35.42  1.42
35.43  1.37
35.44  1.48
35.45  1.37
35.46  1.36
35.47  1.3
35.48  1.22
35.49  1.44
35.5  1.28
35.51  1.34
35.52  1.56
35.53  1.33
35.54  1.39
35.55  1.28
35.56  1.39
35.57  1.41
35.58  1.47
35.59  1.23
35.6  1.39
35.61  1.37
35.62  1.4
35.63  1.31
35.64  1.41
35.65  1.22
35.66  1.23
35.67  1.25
35.68  1.29
35.69  1.55
35.7  1.53
35.71  1.54
35.72  1.37
35.73  1.52
35.74  1.43
35.75  1.24
35.76  1.39
35.77  1.32
35.78  1.36
35.79  1.6
35.8  1.31
35.81  1.34
35.82  1.53
35.83  1.24
35.84  1.32
35.85  1.45
35.86  1.22
35.87  1.44
35.88  1.32
35.89  1.46
35.9  1.57
35.91  1.31
35.92  1.38
35.93  1.36
35.94  1.46
35.95  1.49
35.96  1.49
35.97  1.31
35.98  1.23
35.99  1.34
36  1.44
36.01  1.39
36.02  1.18
36.03  1.59
36.04  1.16
36.05  1.49
36.06  1.44
36.07  1.9
36.08  1.36
36.09  1.39
36.1  1.41
36.11  1.37
36.12  1.27
36.13  1.15
36.14  1.39
36.15  1.48
36.16  1.43
36.17  1.32
36.18  1.33
36.19  1.39
36.2  1.52
36.21  1.53
36.22  1.57
36.23  1.43
36.24  1.49
36.25  1.33
36.26  1.49
36.27  1.33
36.28  1.34
36.29  1.6
36.3  1.32
36.31  1.5
36.32  1.44
36.33  1.4
36.34  1.5
36.35  1.45
36.36  1.45
36.37  1.42
36.38  1.18
36.39  1.38
36.4  1.45
36.41  1.4
36.42  1.44
36.43  1.46
36.44  1.33
36.45  1.58
36.46  1.28
36.47  1.43
36.48  1.55
36.49  1.33
36.5  1.52
36.51  1.36
36.52  1.37
36.53  1.64
36.54  1.23
36.55  1.44
36.56  1.33
36.57  1.29
36.58  1.37
36.59  1.34
36.6  1.32
36.61  1.5
36.62  1.28
36.63  1.18
36.64  1.27
36.65  1.39
36.66  1.4
36.67  1.35
36.68  1.49
36.69  1.46
36.7  1.31
36.71  1.46
36.72  1.34
36.73  1.53
36.74  1.72
36.75  1.32
36.76  1.43
36.77  1.11
36.78  1.4
36.79  1.36
36.8  1.35
36.81  1.22
36.82  1.34
36.83  1.3
36.84  1.4
36.85  1.34
36.86  1.46
36.87  1.28
36.88  1.46
36.89  1.45
36.9  1.39
36.91  1.23
36.92  1.26
36.93  1.4
36.94  1.4
36.95  1.41
36.96  1.3
36.97  1.35
36.98  1.56
36.99  1.28
37  1.49
37.01  1.37
37.02  1.5
37.03  1.23
37.04  1.2
37.05  1.43
37.06  1.35
37.07  1.27
37.08  1.26
37.09  1.49
37.1  1.46
37.11  1.5
37.12  1.47
37.13  1.61
37.14  1.26
37.15  1.25
37.16  1.37
37.17  1.32
37.18  1.35
37.19  1.46
37.2  1.27
37.21  1.47
37.22  1.41
37.23  1.37
37.24  1.55
37.25  1.39
37.26  1.34
37.27  1.48
37.28  1.49
37.29  1.25
37.3  1.34
37.31  1.25
37.32  1.34
37.33  1.24
37.34  1.26
37.35  1.51
37.36  1.23
37.37  1.56
37.38  1.43
37.39  1.58
37.4  1.24
37.41  1.33
37.42  1.45
37.43  1.47
37.44  1.43
37.45  1.51
37.46  1.59
37.47  1.28
37.48  1.45
37.49  1.29
37.5  1.31
37.51  1.48
37.52  1.31
37.53  1.44
37.54  1.45
37.55  1.33
37.56  1.48
37.57  1.36
37.58  1.21
37.59  1.65
37.6  1.43
37.61  1.34
37.62  1.28
37.63  1.49
37.64  1.53
37.65  1.34
37.66  1.41
37.67  1.32
37.68  1.34
37.69  1.55
37.7  1.58
37.71  1.3
37.72  1.28
37.73  1.45
37.74  1.53
37.75  1.41
37.76  1.3
37.77  1.31
37.78  1.43
37.79  1.38
37.8  1.2
37.81  1.57
37.82  1.42
37.83  1.34
37.84  1.54
37.85  1.57
37.86  1.6
37.87  1.35
37.88  1.46
37.89  1.6
37.9  1.31
37.91  1.29
37.92  1.37
37.93  1.32
37.94  1.32
37.95  1.29
37.96  1.43
37.97  1.42
37.98  1.22
37.99  1.47
38  1.44
38.01  1.51
38.02  1.83
38.03  1.27
38.04  1.37
38.05  1.26
38.06  1.48
38.07  1.38
38.08  1.28
38.09  1.54
38.1  1.32
38.11  1.52
38.12  1.45
38.13  1.25
38.14  1.3
38.15  1.4
38.16  1.28
38.17  1.39
38.18  1.49
38.19  1.46
38.2  1.49
38.21  1.44
38.22  1.28
38.23  1.35
38.24  1.4
38.25  1.17
38.26  1.52
38.27  1.24
38.28  1.39
38.29  1.42
38.3  1.49
38.31  1.48
38.32  1.17
38.33  1.56
38.34  1.24
38.35  1.42
38.36  1.41
38.37  1.46
38.38  1.37
38.39  1.42
38.4  1.26
38.41  1.62
38.42  1.44
38.43  1.48
38.44  1.25
38.45  1.48
38.46  1.23
38.47  1.51
38.48  1.23
38.49  1.63
38.5  1.37
38.51  1.39
38.52  1.34
38.53  1.38
38.54  1.3
38.55  1.23
38.56  1.64
38.57  1.39
38.58  1.29
38.59  1.47
38.6  1.37
38.61  1.48
38.62  1.45
38.63  1.36
38.64  1.39
38.65  1.48
38.66  1.57
38.67  1.18
38.68  1.43
38.69  1.39
38.7  1.29
38.71  1.49
38.72  1.38
38.73  1.37
38.74  1.51
38.75  1.26
38.76  1.34
38.77  1.53
38.78  1.26
38.79  1.33
38.8  1.37
38.81  1.4
38.82  1.43
38.83  1.41
38.84  1.37
38.85  1.44
38.86  1.44
38.87  1.57
38.88  1.28
38.89  1.3
38.9  1.35
38.91  1.35
38.92  1.35
38.93  1.47
38.94  1.35
38.95  1.28
38.96  1.44
38.97  1.04
38.98  1.41
38.99  1.19
39  1.44
39.01  1.41
39.02  1.4
39.03  1.51
39.04  1.3
39.05  1.37
39.06  1.45
39.07  1.3
39.08  1.51
39.09  1.34
39.1  1.57
39.11  1.33
39.12  1.38
39.13  1.17
39.14  1.67
39.15  1.38
39.16  1.45
39.17  1.55
39.18  1.48
39.19  1.38
39.2  1.3
39.21  1.35
39.22  1.33
39.23  1.44
39.24  1.45
39.25  1.24
39.26  1.27
39.27  1.35
39.28  1.19
39.29  1.43
39.3  1.58
39.31  1.19
39.32  1.63
39.33  1.39
39.34  1.54
39.35  1.35
39.36  1.33
39.37  1.42
39.38  1.32
39.39  1.59
39.4  1.33
39.41  1.55
39.42  1.48
39.43  1.37
39.44  1.15
39.45  1.6
39.46  1.43
39.47  1.29
39.48  1.65
39.49  1.3
39.5  1.5
39.51  1.46
39.52  1.39
39.53  1.33
39.54  1.43
39.55  1.49
39.56  1.08
39.57  1.48
39.58  1.36
39.59  1.43
39.6  1.27
39.61  1.51
39.62  1.31
39.63  1.24
39.64  1.49
39.65  1.38
39.66  1.51
39.67  1.25
39.68  1.46
39.69  1.44
39.7  1.24
39.71  1.37
39.72  1.45
39.73  1.55
39.74  1.52
39.75  1.3
39.76  1.41
39.77  1.17
39.78  1.47
39.79  1.34
39.8  1.49
39.81  1.43
39.82  1.28
39.83  1.32
39.84  1.39
39.85  1.5
39.86  1.42
39.87  1.58
39.88  1.51
39.89  1.5
39.9  1.08
39.91  1.4
39.92  1.3
39.93  1.28
39.94  1.4
39.95  1.47
39.96  1.23
39.97  1.35
39.98  1.42
39.99  1.33
40  1.33
40.01  1.31
40.02  1.31
40.03  1.44
40.04  1.48
40.05  1.26
40.06  1.72
40.07  1.16
40.08  1.5
40.09  1.44
40.1  1.43
40.11  1.27
40.12  1.35
40.13  1.5
40.14  1.22
40.15  1.25
40.16  1.43
40.17  1.57
40.18  1.28
40.19  1.49
40.2  1.59
40.21  1.37
40.22  1.28
40.23  1.45
40.24  1.37
40.25  1.4
40.26  1.36
40.27  1.52
40.28  1.29
40.29  1.48
40.3  1.22
40.31  1.26
40.32  1.24
40.33  1.41
40.34  1.32
40.35  1.49
40.36  1.53
40.37  1.31
40.38  1.21
40.39  1.36
40.4  1.27
40.41  1.31
40.42  1.53
40.43  1.39
40.44  1.47
40.45  1.49
40.46  1.39
40.47  1.41
40.48  1.3
40.49  1.47
40.5  1.26
40.51  1.5
40.52  1.41
40.53  1.53
40.54  1.29
40.55  1.44
40.56  1.31
40.57  1.48
40.58  1.59
40.59  1.31
40.6  1.52
40.61  1.32
40.62  1.35
40.63  1.49
40.64  1.53
40.65  1.34
40.66  1.24
40.67  1.21
40.68  1.28
40.69  1.62
40.7  1.29
40.71  1.25
40.72  1.44
40.73  1.44
40.74  1.48
40.75  1.43
40.76  1.54
40.77  1.37
40.78  1.31
40.79  1.51
40.8  1.23
40.81  1.44
40.82  1.4
40.83  1.4
40.84  1.25
40.85  1.58
40.86  1.66
40.87  1.47
40.88  1.41
40.89  1.31
40.9  1.26
40.91  1.55
40.92  1.25
40.93  1.36
40.94  1.38
40.95  1.38
40.96  1.45
40.97  1.43
40.98  1.58
40.99  1.28
41  1.19
41.01  1.58
41.02  1.39
41.03  1.36
41.04  1.33
41.05  1.2
41.06  1.67
41.07  1.29
41.08  1.37
41.09  1.55
41.1  1.37
41.11  1.5
41.12  1.35
41.13  1.35
41.14  1.39
41.15  1.45
41.16  1.37
41.17  1.26
41.18  1.4
41.19  1.56
41.2  1.61
41.21  1.32
41.22  1.48
41.23  1.51
41.24  1.28
41.25  1.19
41.26  1.42
41.27  1.54
41.28  1.31
41.29  1.42
41.3  1.19
41.31  1.43
41.32  1.42
41.33  1.43
41.34  1.31
41.35  1.28
41.36  1.48
41.37  1.39
41.38  1.43
41.39  1.39
41.4  1.59
41.41  1.42
41.42  1.2
41.43  1.39
41.44  1.37
41.45  1.44
41.46  1.5
41.47  1.31
41.48  1.47
41.49  1.21
41.5  1.34
41.51  1.52
41.52  1.14
41.53  1.42
41.54  1.35
41.55  1.62
41.56  1.42
41.57  1.41
41.58  1.19
41.59  1.21
41.6  1.44
41.61  1.37
41.62  1.59
41.63  1.25
41.64  1.31
41.65  1.53
41.66  1.42
41.67  1.36
41.68  1.31
41.69  1.22
41.7  1.39
41.71  1.42
41.72  1.19
41.73  1.24
41.74  1.37
41.75  1.3
41.76  1.43
41.77  1.4
41.78  1.58
41.79  1.29
41.8  1.4
41.81  1.56
41.82  1.67
41.83  1.33
41.84  1.35
41.85  1.27
41.86  1.29
41.87  1.27
41.88  1.32
41.89  1.49
41.9  1.3
41.91  1.41
41.92  1.39
41.93  1.59
41.94  1.44
41.95  1.38
41.96  1.37
41.97  1.24
41.98  1.23
41.99  1.24
42  1.38
42.01  1.42
42.02  1.41
42.03  1.4
42.04  1.56
42.05  1.56
42.06  1.66
42.07  1.21
42.08  1.5
42.09  1.37
42.1  1.34
42.11  1.37
42.12  1.47
42.13  1.4
42.14  1.39
42.15  1.53
42.16  1.41
42.17  1.36
42.18  1.42
42.19  1.45
42.2  1.19
42.21  1.3
42.22  1.35
42.23  1.65
42.24  1.5
42.25  1.43
42.26  1.51
42.27  1.27
42.28  1.25
42.29  1.46
42.3  1.54
42.31  1.3
42.32  1.38
42.33  1.2
42.34  1.31
42.35  1.53
42.36  1.43
42.37  1.59
42.38  1.37
42.39  1.37
42.4  1.42
42.41  1.45
42.42  1.26
42.43  1.52
42.44  1.37
42.45  1.26
42.46  1.26
42.47  1.13
42.48  1.48
42.49  1.54
42.5  1.4
42.51  1.59
42.52  1.12
42.53  1.47
42.54  1.36
42.55  1.52
42.56  1.29
42.57  1.25
42.58  1.3
42.59  1.53
42.6  1.32
42.61  1.35
42.62  1.33
42.63  1.37
42.64  1.28
42.65  1.37
42.66  1.43
42.67  1.29
42.68  1.41
42.69  1.29
42.7  1.48
42.71  1.27
42.72  1.54
42.73  1.45
42.74  1.42
42.75  1.44
42.76  1.78
42.77  1.35
42.78  1.21
42.79  1.35
42.8  1.27
42.81  1.34
42.82  1.5
42.83  1.36
42.84  1.37
42.85  1.4
42.86  1.36
42.87  1.23
42.88  1.25
42.89  1.47
42.9  1.49
42.91  1.7
42.92  1.21
42.93  1.23
42.94  1.38
42.95  1.5
42.96  1.47
42.97  1.37
42.98  1.02
42.99  1.59
43  1.31
43.01  1.51
43.02  1.45
43.03  1.33
43.04  1.36
43.05  1.54
43.06  1.28
43.07  1.22
43.08  1.47
43.09  1.54
43.1  1.49
43.11  1.58
43.12  1.43
43.13  1.26
43.14  1.45
43.15  1.31
43.16  1.36
43.17  1.23
43.18  1.44
43.19  1.51
43.2  1.48
43.21  1.21
43.22  1.43
43.23  1.5
43.24  1.34
43.25  1.3
43.26  1.52
43.27  1.37
43.28  1.36
43.29  1.47
43.3  1.34
43.31  1.44
43.32  1.42
43.33  1.37
43.34  1.42
43.35  1.33
43.36  1.4
43.37  1.29
43.38  1.38
43.39  1.31
43.4  1.46
43.41  1.27
43.42  1.49
43.43  1.58
43.44  1.58
43.45  1.18
43.46  1.42
43.47  1.58
43.48  1.36
43.49  1.12
43.5  1.56
43.51  1.37
43.52  1.58
43.53  1.15
43.54  1.15
43.55  1.47
43.56  1.16
43.57  1.59
43.58  1.43
43.59  1.33
43.6  1.46
43.61  1.52
43.62  1.36
43.63  1.55
43.64  1.46
43.65  1.31
43.66  1.46
43.67  1.13
43.68  1.11
43.69  1.51
43.7  1.44
43.71  1.33
43.72  1.44
43.73  1.47
43.74  1.43
43.75  1.35
43.76  1.51
43.77  1.26
43.78  1.37
43.79  1.4
43.8  1.3
43.81  1.33
43.82  1.42
43.83  1.37
43.84  1.32
43.85  1.53
43.86  1.33
43.87  1.27
43.88  1.54
43.89  1.29
43.9  1.46
43.91  1.58
43.92  1.62
43.93  1.25
43.94  1.32
43.95  1.58
43.96  1.24
43.97  1.37
43.98  1.44
43.99  1.27
44  1.49
44.01  1.28
44.02  1.47
44.03  1.21
44.04  1.51
44.05  1.35
44.06  1.33
44.07  1.5
44.08  1.31
44.09  1.39
44.1  1.44
44.11  1.15
44.12  1.48
44.13  1.55
44.14  1.56
44.15  1.51
44.16  1.41
44.17  1.35
44.18  1.43
44.19  1.45
44.2  1.49
44.21  1.29
44.22  1.44
44.23  1.1
44.24  1.25
44.25  1.3
44.26  1.41
44.27  1.56
44.28  1.18
44.29  1.54
44.3  1.47
44.31  1.56
44.32  1.42
44.33  1.46
44.34  1.31
44.35  1.51
44.36  1.27
44.37  1.44
44.38  1.44
44.39  1.29
44.4  1.36
44.41  1.35
44.42  1.32
44.43  1.42
44.44  1.34
44.45  1.28
44.46  1.33
44.47  1.47
44.48  1.19
44.49  1.48
44.5  1.38
44.51  1.34
44.52  1.42
44.53  1.62
44.54  1.13
44.55  1.38
44.56  1.57
44.57  1.38
44.58  1.35
44.59  1.36
44.6  1.52
44.61  1.26
44.62  1.41
44.63  1.37
44.64  1.54
44.65  1.29
44.66  1.3
44.67  1.24
44.68  1.41
44.69  1.36
44.7  1.3
44.71  1.4
44.72  1.42
44.73  1.24
44.74  1.56
44.75  1.27
44.76  1.35
44.77  1.28
44.78  1.52
44.79  1.32
44.8  1.44
44.81  1.62
44.82  1.42
44.83  1.2
44.84  1.5
44.85  1.48
44.86  1.13
44.87  1.52
44.88  1.45
44.89  1.4
44.9  1.33
44.91  1.38
44.92  1.36
44.93  1.35
44.94  1.42
44.95  1.33
44.96  1.54
44.97  1.02
44.98  1.55
44.99  1.41
45  1.39
45.01  1.2
45.02  1.35
45.03  1.59
45.04  1.54
45.05  1.37
45.06  1.28
45.07  1.4
45.08  1.39
45.09  1.48
45.1  1.48
45.11  1.26
45.12  1.54
45.13  1.58
45.14  1.33
45.15  1.42
45.16  1.37
45.17  1.33
45.18  1.5
45.19  1.57
45.2  1.25
45.21  1.57
45.22  1.26
45.23  1.16
45.24  1.33
45.25  1.25
45.26  1.63
45.27  1.37
45.28  1.44
45.29  1.35
45.3  1.25
45.31  1.48
45.32  1.46
45.33  1.46
45.34  1.49
45.35  1.54
45.36  1.24
45.37  1.4
45.38  1.51
45.39  1.35
45.4  1.3
45.41  1.5
45.42  1.4
45.43  1.36
45.44  1.48
45.45  1.36
45.46  1.27
45.47  1.55
45.48  1.54
45.49  1.46
45.5  1.27
45.51  1.32
45.52  1.43
45.53  1.42
45.54  1.22
45.55  1.41
45.56  1.47
45.57  1.18
45.58  1.57
45.59  1.46
45.6  1.54
45.61  1.35
45.62  1.37
45.63  1.57
45.64  1.44
45.65  1.35
45.66  1.3
45.67  1.35
45.68  1.33
45.69  1.25
45.7  1.18
45.71  1.4
45.72  1.77
45.73  1.44
45.74  1.11
45.75  1.36
45.76  1.71
45.77  1.49
45.78  1.34
45.79  1.28
45.8  1.31
45.81  1.37
45.82  1.51
45.83  1.25
45.84  1.26
45.85  1.36
45.86  1.27
45.87  1.52
45.88  1.38
45.89  1.67
45.9  1.47
45.91  1.39
45.92  1.35
45.93  1.23
45.94  1.27
45.95  1.13
45.96  1.3
45.97  1.42
45.98  1.43
45.99  1.41
46  1.42
46.01  1.42
46.02  1.3
46.03  1.45
46.04  1.54
46.05  1.55
46.06  1.51
46.07  1.28
46.08  1.28
46.09  1.32
46.1  1.42
46.11  1.32
46.12  1.29
46.13  1.21
46.14  1.19
46.15  1.42
46.16  1.37
46.17  1.34
46.18  1.64
46.19  1.29
46.2  1.46
46.21  1.33
46.22  1.52
46.23  1.29
46.24  1.37
46.25  1.49
46.26  1.37
46.27  1.47
46.28  1.35
46.29  1.34
46.3  1.35
46.31  1.33
46.32  1.11
46.33  1.29
46.34  1.52
46.35  1.45
46.36  1.53
46.37  1.33
46.38  1.42
46.39  1.25
46.4  1.3
46.41  1.44
46.42  1.24
46.43  1.5
46.44  1.45
46.45  1.39
46.46  1.48
46.47  1.35
46.48  1.38
46.49  1.41
46.5  1.34
46.51  1.4
46.52  1.3
46.53  1.35
46.54  1.63
46.55  1.48
46.56  1.53
46.57  1.45
46.58  1.18
46.59  1.46
46.6  1.29
46.61  1.47
46.62  1.25
46.63  1.23
46.64  1.22
46.65  1.83
46.66  1.51
46.67  1.42
46.68  1.31
46.69  1.33
46.7  1.43
46.71  1.53
46.72  1.44
46.73  1.39
46.74  1.33
46.75  1.42
46.76  1.14
46.77  1.44
46.78  1.29
46.79  1.36
46.8  1.57
46.81  1.58
46.82  1.34
46.83  1.32
46.84  1.55
46.85  1.43
46.86  1.39
46.87  1.34
46.88  1.39
46.89  1.58
46.9  1.57
46.91  1.44
46.92  1.42
46.93  1.22
46.94  1.32
46.95  1.49
46.96  1.19
46.97  1.59
46.98  1.34
46.99  1.32
47  1.36
47.01  1.5
47.02  1.42
47.03  1.4
47.04  1.36
47.05  1.34
47.06  1.32
47.07  1.24
47.08  1.37
47.09  1.49
47.1  1.34
47.11  1.37
47.12  1.65
47.13  1.47
47.14  1.33
47.15  1.54
47.16  1.4
47.17  1.36
47.18  1.4
47.19  1.3
47.2  1.57
47.21  1.21
47.22  1.45
47.23  1.3
47.24  1.43
47.25  1.31
47.26  1.19
47.27  1.68
47.28  1.3
47.29  1.53
47.3  1.35
47.31  1.24
47.32  1.46
47.33  1.2
47.34  1.34
47.35  1.35
47.36  1.38
47.37  1.24
47.38  1.42
47.39  1.31
47.4  1.34
47.41  1.49
47.42  1.39
47.43  1.44
47.44  1.45
47.45  1.33
47.46  1.43
47.47  1.42
47.48  1.36
47.49  1.37
47.5  1.35
47.51  1.5
47.52  1.38
47.53  1.48
47.54  1.4
47.55  1.15
47.56  1.33
47.57  1.4
47.58  1.19
47.59  1.22
47.6  1.47
47.61  1.24
47.62  1.5
47.63  1.26
47.64  1.48
47.65  1.37
47.66  1.29
47.67  1.64
47.68  1.49
47.69  1.2
47.7  1.43
47.71  1.46
47.72  1.37
47.73  1.3
47.74  1.36
47.75  1.27
47.76  1.43
47.77  1.34
47.78  1.47
47.79  1.48
47.8  1.42
47.81  1.49
47.82  1.4
47.83  1.43
47.84  1.44
47.85  1.53
47.86  1.44
47.87  1.56
47.88  1.23
47.89  1.41
47.9  1.45
47.91  1.38
47.92  1.21
47.93  1.45
47.94  1.37
47.95  1.29
47.96  1.49
47.97  1.18
47.98  1.43
47.99  1.21
48  1.27
48.01  1.46
48.02  1.66
48.03  1.39
48.04  1.47
48.05  1.38
48.06  1.74
48.07  1.49
48.08  1.38
48.09  1.41
48.1  1.28
48.11  1.26
48.12  1.21
48.13  1.4
48.14  1.59
48.15  1.54
48.16  1.42
48.17  1.44
48.18  1.57
48.19  1.4
48.2  1.3
48.21  1.29
48.22  1.44
48.23  1.44
48.24  1.66
48.25  1.28
48.26  1.22
48.27  1.35
48.28  1.44
48.29  1.61
48.3  1.29
48.31  1.37
48.32  1.28
48.33  1.4
48.34  1.27
48.35  1.5
48.36  1.46
48.37  1.35
48.38  1.26
48.39  1.44
48.4  1.3
48.41  1.5
48.42  1.46
48.43  1.38
48.44  1.4
48.45  1.44
48.46  1.47
48.47  1.51
48.48  1.35
48.49  1.38
48.5  1.45
48.51  1.34
48.52  1.39
48.53  1.45
48.54  1.26
48.55  1.44
48.56  1.55
48.57  1.27
48.58  1.46
48.59  1.41
48.6  1.26
48.61  1.5
48.62  1.29
48.63  1.71
48.64  1.13
48.65  1.39
48.66  1.5
48.67  1.18
48.68  1.11
48.69  1.37
48.7  1.42
48.71  1.31
48.72  1.53
48.73  1.33
48.74  1.55
48.75  1.26
48.76  1.31
48.77  1.43
48.78  1.42
48.79  1.55
48.8  1.47
48.81  1.38
48.82  1.36
48.83  1.32
48.84  1.37
48.85  1.34
48.86  1.41
48.87  1.24
48.88  1.56
48.89  1.13
48.9  1.31
48.91  1.5
48.92  1.4
48.93  1.6
48.94  1.42
48.95  1.47
48.96  1.32
48.97  1.31
48.98  1.46
48.99  1.43
49  1.2
49.01  1.36
49.02  1.37
49.03  1.29
49.04  1.31
49.05  1.36
49.06  1.32
49.07  1.45
49.08  1.38
49.09  1.62
49.1  1.58
49.11  1.33
49.12  1.38
49.13  1.05
49.14  1.41
49.15  1.03
49.16  1.54
49.17  1.37
49.18  1.3
49.19  1.33
49.2  1.49
49.21  1.39
49.22  1.38
49.23  1.48
49.24  1.53
49.25  1.33
49.26  1.39
49.27  1.3
49.28  1.28
49.29  1.33
49.3  1.65
49.31  1.46
49.32  1.28
49.33  1.41
49.34  1.38
49.35  1.35
49.36  1.52
49.37  1.39
49.38  1.38
49.39  1.46
49.4  1.38
49.41  1.44
49.42  1.49
49.43  1.19
49.44  1.53
49.45  1.41
49.46  1.44
49.47  1.28
49.48  1.33
49.49  1.34
49.5  1.44
49.51  1.45
49.52  1.33
49.53  1.35
49.54  1.51
49.55  1.3
49.56  1.45
49.57  1.35
49.58  1.45
49.59  1.48
49.6  1.38
49.61  1.38
49.62  1.31
49.63  1.34
49.64  1.63
49.65  1.39
49.66  1.56
49.67  1.35
49.68  1.33
49.69  1.52
49.7  1.32
49.71  1.43
49.72  1.68
49.73  1.32
49.74  1.59
49.75  1.37
49.76  1.13
49.77  1.42
49.78  1.24
49.79  1.38
49.8  1.34
49.81  1.35
49.82  1.48
49.83  1.2
49.84  1.49
49.85  1.28
49.86  1.46
49.87  1.42
49.88  1.39
49.89  1.48
49.9  1.41
49.91  1.48
49.92  1.41
49.93  1.39
49.94  1.29
49.95  1.53
49.96  1.38
49.97  1.23
49.98  1.54
49.99  1.4
50  1.38
50.01  1.24
50.02  1.46
50.03  1.36
50.04  1.31
50.05  1.26
50.06  1.54
50.07  1.55
50.08  1.34
50.09  1.29
50.1  1.34
50.11  1.42
50.12  1.57
50.13  1.28
50.14  1.57
50.15  1.27
50.16  1.27
50.17  1.41
50.18  1.43
50.19  1.5
50.2  1.31
50.21  1.47
50.22  1.22
50.23  1.5
50.24  1.24
50.25  1.52
50.26  1.38
50.27  1.23
50.28  1.19
50.29  1.63
50.3  1.43
50.31  1.3
50.32  1.49
50.33  1.42
50.34  1.43
50.35  1.38
50.36  1.34
50.37  1.57
50.38  1.45
50.39  1.25
50.4  1.53
50.41  1.24
50.42  1.36
50.43  1.28
50.44  1.31
50.45  1.29
50.46  1.51
50.47  1.28
50.48  1.58
50.49  1.35
50.5  1.52
50.51  1.37
50.52  1.21
50.53  1.14
50.54  1.44
50.55  1.45
50.56  1.51
50.57  1.51
50.58  1.48
50.59  1.16
50.6  1.46
50.61  1.36
50.62  1.44
50.63  1.41
50.64  1.37
50.65  1.19
50.66  1.41
50.67  1.37
50.68  1.34
50.69  1.4
50.7  1.52
50.71  1.4
50.72  1.3
50.73  1.47
50.74  1.37
50.75  1.35
50.76  1.36
50.77  1.51
50.78  1.47
50.79  1.28
50.8  1.49
50.81  1.48
50.82  1.15
50.83  1.52
50.84  1.37
50.85  1.45
50.86  1.51
50.87  1.27
50.88  1.41
50.89  1.41
50.9  1.27
50.91  1.46
50.92  1.47
50.93  1.35
50.94  1.5
50.95  1.19
50.96  1.28
50.97  1.42
50.98  1.32
50.99  1.21
51  1.6
51.01  1.27
51.02  1.45
51.03  1.6
51.04  1.5
51.05  1.45
51.06  1.13
51.07  1.3
51.08  1.44
51.09  1.58
51.1  1.27
51.11  1.33
51.12  1.23
51.13  1.44
51.14  1.38
51.15  1.36
51.16  1.51
51.17  1.33
51.18  1.41
51.19  1.46
51.2  1.5
51.21  1.39
51.22  1.28
51.23  1.32
51.24  1.28
51.25  1.56
51.26  1.44
51.27  1.32
51.28  1.56
51.29  1.52
51.3  1.39
51.31  1.41
51.32  1.42
51.33  1.46
51.34  1.34
51.35  1.37
51.36  1.35
51.37  1.32
51.38  1.23
51.39  1.46
51.4  1.36
51.41  1.53
51.42  1.34
51.43  1.3
51.44  1.37
51.45  1.41
51.46  1.52
51.47  1.24
51.48  1.28
51.49  1.5
51.5  1.4
51.51  1.37
51.52  1.5
51.53  1.33
51.54  1.33
51.55  1.37
51.56  1.45
51.57  1.42
51.58  1.45
51.59  1.36
51.6  1.53
51.61  1.34
51.62  1.31
51.63  1.37
51.64  1.58
51.65  1.37
51.66  1.35
51.67  1.29
51.68  1.41
51.69  1.43
51.7  1.44
51.71  1.44
51.72  1.28
51.73  1.58
51.74  1.42
51.75  1.25
51.76  1.36
51.77  1.43
51.78  1.43
51.79  1.37
51.8  1.42
51.81  1.21
51.82  1.37
51.83  1.23
51.84  1.4
51.85  1.37
51.86  1.28
51.87  1.45
51.88  1.23
51.89  1.43
51.9  1.44
51.91  1.45
51.92  1.48
51.93  1.3
51.94  1.35
51.95  1.39
51.96  1.35
51.97  1.46
51.98  1.29
51.99  1.41
52  1.53
52.01  1.58
52.02  1.43
52.03  1.29
52.04  1.42
52.05  1.32
52.06  1.31
52.07  1.48
52.08  1.38
52.09  1.38
52.1  1.3
52.11  1.35
52.12  1.47
52.13  1.37
52.14  1.25
52.15  1.37
52.16  1.41
52.17  1.32
52.18  1.27
52.19  1.4
52.2  1.4
52.21  1.53
52.22  1.2
52.23  1.25
52.24  1.17
52.25  1.32
52.26  1.35
52.27  1.52
52.28  1.32
52.29  1.6
52.3  1.3
52.31  1.27
52.32  1.44
52.33  1.65
52.34  1.29
52.35  1.39
52.36  1.29
52.37  1.51
52.38  1.49
52.39  1.32
52.4  1.5
52.41  1.53
52.42  1.54
52.43  1.29
52.44  1.55
52.45  1.36
52.46  1.49
52.47  1.34
52.48  1.16
52.49  1.34
52.5  1.42
52.51  1.39
52.52  1.4
52.53  1.18
52.54  1.34
52.55  1.5
52.56  1.21
52.57  1.38
52.58  1.41
52.59  1.23
52.6  1.42
52.61  1.46
52.62  1.39
52.63  1.45
52.64  1.27
52.65  1.36
52.66  1.53
52.67  1.48
52.68  1.63
52.69  1.4
52.7  1.49
52.71  1.35
52.72  1.44
52.73  1.4
52.74  1.24
52.75  1.52
52.76  1.35
52.77  1.46
52.78  1.37
52.79  1.28
52.8  1.48
52.81  1.41
52.82  1.5
52.83  1.5
52.84  1.43
52.85  1.39
52.86  1.54
52.87  1.27
52.88  1.39
52.89  1.42
52.9  1.31
52.91  1.43
52.92  1.42
52.93  1.37
52.94  1.28
52.95  1.27
52.96  1.18
52.97  1.4
52.98  1.52
52.99  1.38
53  1.41
53.01  1.42
53.02  1.24
53.03  1.45
53.04  1.59
53.05  1.47
53.06  1.36
53.07  1.57
53.08  1.54
53.09  1.47
53.1  1.27
53.11  1.13
53.12  1.52
53.13  1.48
53.14  1.43
53.15  1.37
53.16  1.32
53.17  1.44
53.18  1.47
53.19  1.34
53.2  1.34
53.21  1.27
53.22  1.28
53.23  1.43
53.24  1.46
53.25  1.44
53.26  1.5
53.27  1.42
53.28  1.22
53.29  1.15
53.3  1.25
53.31  1.26
53.32  1.29
53.33  1.43
53.34  1.29
53.35  1.26
53.36  1.35
53.37  1.25
53.38  1.62
53.39  1.59
53.4  1.38
53.41  1.33
53.42  1.3
53.43  1.31
53.44  1.46
53.45  1.38
53.46  1.43
53.47  1.46
53.48  1.53
53.49  1.22
53.5  1.58
53.51  1.31
53.52  1.37
53.53  1.46
53.54  1.46
53.55  1.18
53.56  1.36
53.57  1.28
53.58  1.31
53.59  1.4
53.6  1.31
53.61  1.39
53.62  1.42
53.63  1.3
53.64  1.38
53.65  1.36
53.66  1.45
53.67  1.24
53.68  1.44
53.69  1.3
53.7  1.22
53.71  1.45
53.72  1.55
53.73  1.56
53.74  1.3
53.75  1.4
53.76  1.31
53.77  1.4
53.78  1.4
53.79  1.3
53.8  1.34
53.81  1.48
53.82  1.43
53.83  1.6
53.84  1.18
53.85  1.28
53.86  1.46
53.87  1.41
53.88  1.61
53.89  1.23
53.9  1.71
53.91  1.34
53.92  1.38
53.93  1.5
53.94  1.37
53.95  1.54
53.96  1.47
53.97  1.53
53.98  1.61
53.99  1.29
54  1.32
54.01  1.19
54.02  1.36
54.03  1.36
54.04  1.32
54.05  1.37
54.06  1.34
54.07  1.2
54.08  1.47
54.09  1.37
54.1  1.45
54.11  1.28
54.12  1.63
54.13  1.56
54.14  1.45
54.15  1.55
54.16  1.53
54.17  1.38
54.18  1.4
54.19  1.27
54.2  1.5
54.21  1.49
54.22  1.31
54.23  1.4
54.24  1.39
54.25  1.39
54.26  1.42
54.27  1.35
54.28  1.38
54.29  1.45
54.3  1.4
54.31  1.5
54.32  1.27
54.33  1.46
54.34  1.19
54.35  1.59
54.36  1.41
54.37  1.38
54.38  1.13
54.39  1.32
54.4  1.69
54.41  1.48
54.42  1.47
54.43  1.52
54.44  1.23
54.45  1.48
54.46  1.35
54.47  1.44
54.48  1.45
54.49  1.42
54.5  1.46
54.51  1.51
54.52  1.32
54.53  1.23
54.54  1.31
54.55  1.34
54.56  1.49
54.57  1.27
54.58  1.35
54.59  1.44
54.6  1.49
54.61  1.27
54.62  1.44
54.63  1.24
54.64  1.54
54.65  1.64
54.66  1.23
54.67  1.44
54.68  1.48
54.69  1.14
54.7  1.3
54.71  1.24
54.72  1.37
54.73  1.48
54.74  1.3
54.75  1.54
54.76  1.33
54.77  1.24
54.78  1.31
54.79  1.39
54.8  1.27
54.81  1.31
54.82  1.54
54.83  1.39
54.84  1.18
54.85  1.6
54.86  1.37
54.87  1.43
54.88  1.44
54.89  1.3
54.9  1.36
54.91  1.32
54.92  1.22
54.93  1.38
54.94  1.41
54.95  1.26
54.96  1.34
54.97  1.46
54.98  1.42
54.99  1.38
55  1.39
55.01  1.33
55.02  1.36
55.03  1.35
55.04  1.35
55.05  1.48
55.06  1.25
55.07  1.36
55.08  1.3
55.09  1.27
55.1  1.56
55.11  1.4
55.12  1.49
55.13  1.34
55.14  1.4
55.15  1.42
55.16  1.54
55.17  1.46
55.18  1.29
55.19  1.27
55.2  1.23
55.21  1.39
55.22  1.43
55.23  1.3
55.24  1.33
55.25  1.51
55.26  1.31
55.27  1.52
55.28  1.46
55.29  1.45
55.3  1.37
55.31  1.4
55.32  1.47
55.33  1.26
55.34  1.38
55.35  1.38
55.36  1.39
55.37  1.48
55.38  1.45
55.39  1.3
55.4  1.3
55.41  1.38
55.42  1.26
55.43  1.41
55.44  1.57
55.45  1.4
55.46  1.45
55.47  1.37
55.48  1.55
55.49  1.39
55.5  1.41
55.51  1.29
55.52  1.46
55.53  1.47
55.54  1.29
55.55  1.48
55.56  1.41
55.57  1.46
55.58  1.36
55.59  1.43
55.6  1.52
55.61  1.46
55.62  1.34
55.63  1.4
55.64  1.19
55.65  1.35
55.66  1.25
55.67  1.19
55.68  1.36
55.69  1.29
55.7  1.51
55.71  1.45
55.72  1.68
55.73  1.35
55.74  1.43
55.75  1.3
55.76  1.42
55.77  1.49
55.78  1.5
55.79  1.38
55.8  1.4
55.81  1.25
55.82  1.31
55.83  1.32
55.84  1.56
55.85  1.5
55.86  1.48
55.87  1.39
55.88  1.59
55.89  1.43
55.9  1.25
55.91  1.47
55.92  1.44
55.93  1.38
55.94  1.36
55.95  1.39
55.96  1.35
55.97  1.28
55.98  1.45
55.99  1.38
56  1.14
56.01  1.73
56.02  1.26
56.03  1.33
56.04  1.39
56.05  1.27
56.06  1.57
56.07  1.24
56.08  1.46
56.09  1.39
56.1  1.31
56.11  1.41
56.12  1.37
56.13  1.45
56.14  1.24
56.15  1.56
56.16  1.47
56.17  1.24
56.18  1.45
56.19  1.59
56.2  1.5
56.21  1.15
56.22  1.37
56.23  1.36
56.24  1.31
56.25  1.26
56.26  1.31
56.27  1.36
56.28  1.55
56.29  1.26
56.3  1.41
56.31  1.35
56.32  1.52
56.33  1.45
56.34  1.38
56.35  1.32
56.36  1.25
56.37  1.28
56.38  1.04
56.39  1.31
56.4  1.52
56.41  1.39
56.42  1.34
56.43  1.26
56.44  1.43
56.45  1.35
56.46  1.41
56.47  1.48
56.48  1.33
56.49  1.43
56.5  1.21
56.51  1.37
56.52  1.39
56.53  1.28
56.54  1.25
56.55  1.43
56.56  1.25
56.57  1.29
56.58  1.51
56.59  1.5
56.6  1.47
56.61  1.43
56.62  1.41
56.63  1.55
56.64  1.27
56.65  1.41
56.66  1.38
56.67  1.27
56.68  1.37
56.69  1.41
56.7  1.4
56.71  1.44
56.72  1.24
56.73  1.29
56.74  1.4
56.75  1.3
56.76  1.26
56.77  1.3
56.78  1.37
56.79  1.3
56.8  1.41
56.81  1.5
56.82  1.55
56.83  1.29
56.84  1.45
56.85  1.35
56.86  1.41
56.87  1.35
56.88  1.38
56.89  1.36
56.9  1.47
56.91  1.41
56.92  1.54
56.93  1.45
56.94  1.25
56.95  1.47
56.96  1.47
56.97  1.56
56.98  1.28
56.99  1.49
57  1.51
57.01  1.46
57.02  1.5
57.03  1.47
57.04  1.41
57.05  1.27
57.06  1.37
57.07  1.41
57.08  1.47
57.09  1.32
57.1  1.44
57.11  1.47
57.12  1.73
57.13  1.53
57.14  1.22
57.15  1.41
57.16  1.29
57.17  1.56
57.18  1.21
57.19  1.7
57.2  1.41
57.21  1.17
57.22  1.48
57.23  1.34
57.24  1.45
57.25  1.61
57.26  1.29
57.27  1.16
57.28  1.49
57.29  1.54
57.3  1.34
57.31  1.47
57.32  1.43
57.33  1.52
57.34  1.41
57.35  1.44
57.36  1.26
57.37  1.45
57.38  1.58
57.39  1.38
57.4  1.69
57.41  1.46
57.42  1.33
57.43  1.44
57.44  1.32
57.45  1.15
57.46  1.31
57.47  1.38
57.48  1.58
57.49  1.19
57.5  1.52
57.51  1.27
57.52  1.29
57.53  1.34
57.54  1.34
57.55  1.31
57.56  1.64
57.57  1.27
57.58  1.32
57.59  1.25
57.6  1.54
57.61  1.34
57.62  1.54
57.63  1.55
57.64  1.13
57.65  1.32
57.66  1.3
57.67  1.21
57.68  1.39
57.69  1.51
57.7  1.4
57.71  1.38
57.72  1.29
57.73  1.4
57.74  1.39
57.75  1.43
57.76  1.4
57.77  1.23
57.78  1.52
57.79  1.33
57.8  1.4
57.81  1.29
57.82  1.25
57.83  1.33
57.84  1.3
57.85  1.26
57.86  1.28
57.87  1.63
57.88  1.33
57.89  1.39
57.9  1.38
57.91  1.25
57.92  1.37
57.93  1.25
57.94  1.49
57.95  1.38
57.96  1.36
57.97  1.44
57.98  1.41
57.99  1.3
58  1.35
58.01  1.45
58.02  1.27
58.03  1.3
58.04  1.32
58.05  1.4
58.06  1.53
58.07  1.54
58.08  1.4
58.09  1.25
58.1  1.38
58.11  1.38
58.12  1.32
58.13  1.6
58.14  1.36
58.15  1.3
58.16  1.37
58.17  1.2
58.18  1.49
58.19  1.6
58.2  1.27
58.21  1.48
58.22  1.4
58.23  1.19
58.24  1.42
58.25  1.4
58.26  1.38
58.27  1.34
58.28  1.54
58.29  1.57
58.3  1.23
58.31  1.34
58.32  1.44
58.33  1.36
58.34  1.53
58.35  1.29
58.36  1.49
58.37  1.55
58.38  1.4
58.39  1.59
58.4  1.45
58.41  1.45
58.42  1.61
58.43  1.48
58.44  1.31
58.45  1.43
58.46  1.32
58.47  1.33
58.48  1.28
58.49  1.33
58.5  1.2
58.51  1.48
58.52  1.53
58.53  1.6
58.54  1.43
58.55  1.39
58.56  1.42
58.57  1.39
58.58  1.3
58.59  1.49
58.6  1.3
58.61  1.55
58.62  1.75
58.63  1.3
58.64  1.46
58.65  1.26
58.66  1.34
58.67  1.34
58.68  1.56
58.69  1.48
58.7  1.15
58.71  1.38
58.72  1.45
58.73  1.3
58.74  1.41
58.75  1.48
58.76  1.38
58.77  1.5
58.78  1.43
58.79  1.35
58.8  1.6
58.81  1.16
58.82  1.55
58.83  1.44
58.84  1.31
58.85  1.31
58.86  1.36
58.87  1.44
58.88  1.09
58.89  1.29
58.9  1.53
58.91  1.64
58.92  1.36
58.93  1.37
58.94  1.33
58.95  1.38
58.96  1.49
58.97  1.21
58.98  1.56
58.99  1.34
59  1.25
59.01  1.46
59.02  1.25
59.03  1.29
59.04  1.56
59.05  1.37
59.06  1.51
59.07  1.5
59.08  1.36
59.09  1.51
59.1  1.18
59.11  1.42
59.12  1.3
59.13  1.25
59.14  1.2
59.15  1.36
59.16  1.32
59.17  1.27
59.18  1.44
59.19  1.52
59.2  1.34
59.21  1.34
59.22  1.29
59.23  1.41
59.24  1.52
59.25  1.41
59.26  1.26
59.27  1.29
59.28  1.34
59.29  1.36
59.3  1.46
59.31  1.31
59.32  1.45
59.33  1.52
59.34  1.44
59.35  1.32
59.36  1.53
59.37  1.12
59.38  1.4
59.39  1.19
59.4  1.43
59.41  1.49
59.42  1.41
59.43  1.31
59.44  1.23
59.45  1.53
59.46  1.43
59.47  1.41
59.48  1.4
59.49  1.22
59.5  1.46
59.51  1.35
59.52  1.47
59.53  1.5
59.54  1.46
59.55  1.29
59.56  1.39
59.57  1.34
59.58  1.42
59.59  1.24
59.6  1.36
59.61  1.44
59.62  1.53
59.63  1.54
59.64  1.46
59.65  1.4
59.66  1.26
59.67  1.57
59.68  1.47
59.69  1.53
59.7  1.27
59.71  1.63
59.72  1.37
59.73  1.21
59.74  1.24
59.75  1.44
59.76  1.41
59.77  1.4
59.78  1.32
59.79  1.45
59.8  1.46
59.81  1.46
59.82  1.22
59.83  1.5
59.84  1.39
59.85  1.3
59.86  1.43
59.87  1.44
59.88  1.31
59.89  1.24
59.9  1.55
59.91  1.48
59.92  1.21
59.93  1.35
59.94  1.38
59.95  1.54
59.96  1.42
59.97  1.55
59.98  1.25
59.99  1.39
