-15  0
-14.99  0
-14.98  0.01
-14.97  0
-14.96  0.01
-14.95  0.02
-14.94  0.01
-14.93  0.01
-14.92  0.03
-14.91  0.02
-14.9  0.02
-14.89  0.02
-14.88  0.03
-14.87  0.03
-14.86  0.04
-14.85  0.03
-14.84  0.03
-14.83  0.03
-14.82  0.03
-14.81  0.04
-14.8  0.06
-14.79  0.04
-14.78  0.04
-14.77  0.04
-14.76  0.05
-14.75  0.06
-14.74  0.04
-14.73  0.05
-14.72  0.06
-14.71  0.04
-14.7  0.06
-14.69  0.07
-14.68  0.05
-14.67  0.05
-14.66  0.08
-14.65  0.04
-14.64  0.07
-14.63  0.07
-14.62  0.06
-14.61  0.07
-14.6  0.07
-14.59  0.06
-14.58  0.07
-14.57  0.09
-14.56  0.08
-14.55  0.07
-14.54  0.06
-14.53  0.08
-14.52  0.08
-14.51  0.08
-14.5  0.07
-14.49  0.1
-14.48  0.07
-14.47  0.09
-14.46  0.09
-14.45  0.09
-14.44  0.08
-14.43  0.09
-14.42  0.07
-14.41  0.1
-14.4  0.1
-14.39  0.09
-14.38  0.11
-14.37  0.08
-14.36  0.1
-14.35  0.09
-14.34  0.1
-14.33  0.11
-14.32  0.1
-14.31  0.09
-14.3  0.1
-14.29  0.13
-14.28  0.08
-14.27  0.12
-14.26  0.11
-14.25  0.1
-14.24  0.12
-14.23  0.12
-14.22  0.09
-14.21  0.1
-14.2  0.12
-14.19  0.13
-14.18  0.11
-14.17  0.13
-14.16  0.12
-14.15  0.11
-14.14  0.12
-14.13  0.12
-14.12  0.11
-14.11  0.14
-14.1  0.11
-14.09  0.14
-14.08  0.13
-14.07  0.11
-14.06  0.13
-14.05  0.15
-14.04  0.12
-14.03  0.13
-14.02  0.14
-14.01  0.13
-14  0.13
-13.99  0.14
-13.98  0.13
-13.97  0.14
-13.96  0.14
-13.95  0.13
-13.94  0.15
-13.93  0.15
-13.92  0.14
-13.91  0.14
-13.9  0.12
-13.89  0.19
-13.88  0.12
-13.87  0.15
-13.86  0.14
-13.85  0.15
-13.84  0.17
-13.83  0.14
-13.82  0.16
-13.81  0.15
-13.8  0.15
-13.79  0.16
-13.78  0.15
-13.77  0.16
-13.76  0.16
-13.75  0.14
-13.74  0.17
-13.73  0.15
-13.72  0.17
-13.71  0.15
-13.7  0.16
-13.69  0.2
-13.68  0.16
-13.67  0.15
-13.66  0.18
-13.65  0.16
-13.64  0.17
-13.63  0.15
-13.62  0.15
-13.61  0.19
-13.6  0.19
-13.59  0.17
-13.58  0.17
-13.57  0.17
-13.56  0.17
-13.55  0.18
-13.54  0.19
-13.53  0.17
-13.52  0.15
-13.51  0.18
-13.5  0.21
-13.49  0.18
-13.48  0.18
-13.47  0.18
-13.46  0.15
-13.45  0.2
-13.44  0.18
-13.43  0.21
-13.42  0.18
-13.41  0.19
-13.4  0.18
-13.39  0.17
-13.38  0.19
-13.37  0.19
-13.36  0.2
-13.35  0.18
-13.34  0.18
-13.33  0.18
-13.32  0.2
-13.31  0.2
-13.3  0.2
-13.29  0.22
-13.28  0.18
-13.27  0.2
-13.26  0.17
-13.25  0.21
-13.24  0.2
-13.23  0.2
-13.22  0.18
-13.21  0.22
-13.2  0.18
-13.19  0.21
-13.18  0.18
-13.17  0.21
-13.16  0.21
-13.15  0.21
-13.14  0.21
-13.13  0.19
-13.12  0.21
-13.11  0.2
-13.1  0.2
-13.09  0.19
-13.08  0.21
-13.07  0.21
-13.06  0.21
-13.05  0.19
-13.04  0.21
-13.03  0.23
-13.02  0.21
-13.01  0.23
-13  0.17
-12.99  0.21
-12.98  0.23
-12.97  0.21
-12.96  0.21
-12.95  0.19
-12.94  0.23
-12.93  0.21
-12.92  0.21
-12.91  0.23
-12.9  0.18
-12.89  0.22
-12.88  0.22
-12.87  0.23
-12.86  0.22
-12.85  0.22
-12.84  0.19
-12.83  0.2
-12.82  0.24
-12.81  0.23
-12.8  0.21
-12.79  0.21
-12.78  0.19
-12.77  0.24
-12.76  0.2
-12.75  0.21
-12.74  0.25
-12.73  0.22
-12.72  0.2
-12.71  0.25
-12.7  0.19
-12.69  0.22
-12.68  0.26
-12.67  0.18
-12.66  0.22
-12.65  0.23
-12.64  0.22
-12.63  0.19
-12.62  0.27
-12.61  0.22
-12.6  0.2
-12.59  0.22
-12.58  0.23
-12.57  0.22
-12.56  0.24
-12.55  0.22
-12.54  0.23
-12.53  0.19
-12.52  0.23
-12.51  0.23
-12.5  0.24
-12.49  0.21
-12.48  0.23
-12.47  0.23
-12.46  0.2
-12.45  0.22
-12.44  0.24
-12.43  0.24
-12.42  0.21
-12.41  0.21
-12.4  0.24
-12.39  0.24
-12.38  0.21
-12.37  0.23
-12.36  0.22
-12.35  0.21
-12.34  0.23
-12.33  0.23
-12.32  0.23
-12.31  0.23
-12.3  0.2
-12.29  0.23
-12.28  0.23
-12.27  0.24
-12.26  0.24
-12.25  0.21
-12.24  0.23
-12.23  0.24
-12.22  0.2
-12.21  0.23
-12.2  0.23
-12.19  0.23
-12.18  0.24
-12.17  0.22
-12.16  0.21
-12.15  0.21
-12.14  0.21
-12.13  0.24
-12.12  0.26
-12.11  0.21
-12.1  0.23
-12.09  0.22
-12.08  0.24
-12.07  0.24
-12.06  0.21
-12.05  0.24
-12.04  0.24
-12.03  0.22
-12.02  0.2
-12.01  0.23
-12  0.22
-11.99  0.22
-11.98  0.23
-11.97  0.24
-11.96  0.2
-11.95  0.23
-11.94  0.27
-11.93  0.2
-11.92  0.23
-11.91  0.24
-11.9  0.21
-11.89  0.26
-11.88  0.2
-11.87  0.22
-11.86  0.23
-11.85  0.23
-11.84  0.21
-11.83  0.24
-11.82  0.21
-11.81  0.23
-11.8  0.24
-11.79  0.23
-11.78  0.21
-11.77  0.22
-11.76  0.26
-11.75  0.2
-11.74  0.24
-11.73  0.21
-11.72  0.24
-11.71  0.22
-11.7  0.24
-11.69  0.21
-11.68  0.24
-11.67  0.21
-11.66  0.23
-11.65  0.26
-11.64  0.2
-11.63  0.2
-11.62  0.24
-11.61  0.25
-11.6  0.19
-11.59  0.23
-11.58  0.24
-11.57  0.22
-11.56  0.24
-11.55  0.22
-11.54  0.23
-11.53  0.23
-11.52  0.21
-11.51  0.22
-11.5  0.23
-11.49  0.19
-11.48  0.23
-11.47  0.25
-11.46  0.23
-11.45  0.24
-11.44  0.19
-11.43  0.23
-11.42  0.23
-11.41  0.23
-11.4  0.22
-11.39  0.2
-11.38  0.27
-11.37  0.24
-11.36  0.23
-11.35  0.23
-11.34  0.19
-11.33  0.22
-11.32  0.24
-11.31  0.19
-11.3  0.28
-11.29  0.21
-11.28  0.21
-11.27  0.22
-11.26  0.21
-11.25  0.21
-11.24  0.24
-11.23  0.21
-11.22  0.28
-11.21  0.21
-11.2  0.21
-11.19  0.24
-11.18  0.22
-11.17  0.21
-11.16  0.22
-11.15  0.21
-11.14  0.23
-11.13  0.27
-11.12  0.18
-11.11  0.2
-11.1  0.25
-11.09  0.23
-11.08  0.21
-11.07  0.25
-11.06  0.24
-11.05  0.18
-11.04  0.23
-11.03  0.24
-11.02  0.23
-11.01  0.22
-11  0.22
-10.99  0.2
-10.98  0.24
-10.97  0.24
-10.96  0.21
-10.95  0.22
-10.94  0.23
-10.93  0.2
-10.92  0.25
-10.91  0.2
-10.9  0.26
-10.89  0.19
-10.88  0.21
-10.87  0.25
-10.86  0.22
-10.85  0.23
-10.84  0.22
-10.83  0.23
-10.82  0.24
-10.81  0.21
-10.8  0.21
-10.79  0.2
-10.78  0.27
-10.77  0.21
-10.76  0.21
-10.75  0.21
-10.74  0.23
-10.73  0.22
-10.72  0.24
-10.71  0.2
-10.7  0.23
-10.69  0.21
-10.68  0.23
-10.67  0.24
-10.66  0.23
-10.65  0.26
-10.64  0.19
-10.63  0.21
-10.62  0.24
-10.61  0.2
-10.6  0.2
-10.59  0.23
-10.58  0.23
-10.57  0.26
-10.56  0.22
-10.55  0.2
-10.54  0.21
-10.53  0.21
-10.52  0.22
-10.51  0.23
-10.5  0.26
-10.49  0.22
-10.48  0.22
-10.47  0.22
-10.46  0.22
-10.45  0.22
-10.44  0.22
-10.43  0.2
-10.42  0.23
-10.41  0.25
-10.4  0.2
-10.39  0.22
-10.38  0.25
-10.37  0.2
-10.36  0.21
-10.35  0.24
-10.34  0.23
-10.33  0.24
-10.32  0.2
-10.31  0.22
-10.3  0.21
-10.29  0.22
-10.28  0.22
-10.27  0.26
-10.26  0.22
-10.25  0.23
-10.24  0.2
-10.23  0.23
-10.22  0.18
-10.21  0.24
-10.2  0.25
-10.19  0.22
-10.18  0.19
-10.17  0.21
-10.16  0.22
-10.15  0.23
-10.14  0.26
-10.13  0.2
-10.12  0.21
-10.11  0.23
-10.1  0.24
-10.09  0.23
-10.08  0.22
-10.07  0.22
-10.06  0.21
-10.05  0.22
-10.04  0.23
-10.03  0.24
-10.02  0.21
-10.01  0.23
-10  0.21
-9.99  0.22
-9.98  0.22
-9.97  0.24
-9.96  0.17
-9.95  0.22
-9.94  0.26
-9.93  0.19
-9.92  0.23
-9.91  0.27
-9.9  0.19
-9.89  0.23
-9.88  0.23
-9.87  0.26
-9.86  0.22
-9.85  0.19
-9.84  0.21
-9.83  0.21
-9.82  0.26
-9.81  0.2
-9.8  0.22
-9.79  0.23
-9.78  0.22
-9.77  0.21
-9.76  0.21
-9.75  0.25
-9.74  0.21
-9.73  0.23
-9.72  0.21
-9.71  0.24
-9.7  0.23
-9.69  0.22
-9.68  0.21
-9.67  0.24
-9.66  0.22
-9.65  0.2
-9.64  0.23
-9.63  0.23
-9.62  0.22
-9.61  0.24
-9.6  0.2
-9.59  0.21
-9.58  0.21
-9.57  0.23
-9.56  0.22
-9.55  0.24
-9.54  0.23
-9.53  0.21
-9.52  0.22
-9.51  0.24
-9.5  0.2
-9.49  0.22
-9.48  0.2
-9.47  0.29
-9.46  0.2
-9.45  0.21
-9.44  0.24
-9.43  0.22
-9.42  0.22
-9.41  0.23
-9.4  0.17
-9.39  0.23
-9.38  0.26
-9.37  0.23
-9.36  0.2
-9.35  0.23
-9.34  0.2
-9.33  0.22
-9.32  0.25
-9.31  0.23
-9.3  0.19
-9.29  0.24
-9.28  0.22
-9.27  0.23
-9.26  0.19
-9.25  0.22
-9.24  0.27
-9.23  0.25
-9.22  0.2
-9.21  0.2
-9.2  0.22
-9.19  0.21
-9.18  0.22
-9.17  0.22
-9.16  0.23
-9.15  0.21
-9.14  0.21
-9.13  0.26
-9.12  0.23
-9.11  0.21
-9.1  0.2
-9.09  0.21
-9.08  0.26
-9.07  0.22
-9.06  0.25
-9.05  0.19
-9.04  0.23
-9.03  0.25
-9.02  0.21
-9.01  0.22
-9  0.19
-8.99  0.23
-8.98  0.24
-8.97  0.19
-8.96  0.24
-8.95  0.2
-8.94  0.22
-8.93  0.22
-8.92  0.25
-8.91  0.23
-8.9  0.19
-8.89  0.25
-8.88  0.24
-8.87  0.19
-8.86  0.24
-8.85  0.21
-8.84  0.25
-8.83  0.24
-8.82  0.2
-8.81  0.21
-8.8  0.23
-8.79  0.22
-8.78  0.22
-8.77  0.22
-8.76  0.18
-8.75  0.26
-8.74  0.21
-8.73  0.25
-8.72  0.23
-8.71  0.23
-8.7  0.21
-8.69  0.21
-8.68  0.19
-8.67  0.23
-8.66  0.22
-8.65  0.24
-8.64  0.21
-8.63  0.25
-8.62  0.23
-8.61  0.21
-8.6  0.21
-8.59  0.23
-8.58  0.24
-8.57  0.21
-8.56  0.22
-8.55  0.26
-8.54  0.19
-8.53  0.22
-8.52  0.2
-8.51  0.23
-8.5  0.23
-8.49  0.21
-8.48  0.21
-8.47  0.21
-8.46  0.22
-8.45  0.24
-8.44  0.25
-8.43  0.25
-8.42  0.23
-8.41  0.22
-8.4  0.19
-8.39  0.22
-8.38  0.23
-8.37  0.23
-8.36  0.17
-8.35  0.26
-8.34  0.22
-8.33  0.21
-8.32  0.23
-8.31  0.23
-8.3  0.22
-8.29  0.23
-8.28  0.21
-8.27  0.23
-8.26  0.21
-8.25  0.24
-8.24  0.18
-8.23  0.21
-8.22  0.25
-8.21  0.25
-8.2  0.24
-8.19  0.22
-8.18  0.21
-8.17  0.22
-8.16  0.22
-8.15  0.19
-8.14  0.28
-8.13  0.22
-8.12  0.19
-8.11  0.21
-8.1  0.25
-8.09  0.2
-8.08  0.19
-8.07  0.23
-8.06  0.26
-8.05  0.2
-8.04  0.22
-8.03  0.25
-8.02  0.21
-8.01  0.23
-8  0.2
-7.99  0.26
-7.98  0.21
-7.97  0.24
-7.96  0.23
-7.95  0.22
-7.94  0.18
-7.93  0.24
-7.92  0.22
-7.91  0.2
-7.9  0.23
-7.89  0.26
-7.88  0.21
-7.87  0.21
-7.86  0.23
-7.85  0.22
-7.84  0.21
-7.83  0.24
-7.82  0.24
-7.81  0.18
-7.8  0.24
-7.79  0.22
-7.78  0.22
-7.77  0.24
-7.76  0.23
-7.75  0.24
-7.74  0.21
-7.73  0.18
-7.72  0.22
-7.71  0.24
-7.7  0.21
-7.69  0.23
-7.68  0.25
-7.67  0.23
-7.66  0.21
-7.65  0.2
-7.64  0.23
-7.63  0.2
-7.62  0.24
-7.61  0.18
-7.6  0.23
-7.59  0.24
-7.58  0.21
-7.57  0.25
-7.56  0.25
-7.55  0.21
-7.54  0.22
-7.53  0.23
-7.52  0.22
-7.51  0.26
-7.5  0.18
-7.49  0.2
-7.48  0.26
-7.47  0.21
-7.46  0.27
-7.45  0.19
-7.44  0.22
-7.43  0.21
-7.42  0.18
-7.41  0.21
-7.4  0.26
-7.39  0.21
-7.38  0.25
-7.37  0.2
-7.36  0.21
-7.35  0.22
-7.34  0.24
-7.33  0.24
-7.32  0.22
-7.31  0.26
-7.3  0.21
-7.29  0.2
-7.28  0.25
-7.27  0.18
-7.26  0.24
-7.25  0.21
-7.24  0.22
-7.23  0.22
-7.22  0.21
-7.21  0.23
-7.2  0.23
-7.19  0.22
-7.18  0.24
-7.17  0.23
-7.16  0.19
-7.15  0.22
-7.14  0.26
-7.13  0.2
-7.12  0.23
-7.11  0.23
-7.1  0.21
-7.09  0.24
-7.08  0.2
-7.07  0.23
-7.06  0.2
-7.05  0.25
-7.04  0.21
-7.03  0.23
-7.02  0.24
-7.01  0.21
-7  0.21
-6.99  0.22
-6.98  0.23
-6.97  0.22
-6.96  0.22
-6.95  0.24
-6.94  0.2
-6.93  0.24
-6.92  0.21
-6.91  0.17
-6.9  0.27
-6.89  0.22
-6.88  0.25
-6.87  0.2
-6.86  0.22
-6.85  0.22
-6.84  0.25
-6.83  0.22
-6.82  0.21
-6.81  0.21
-6.8  0.25
-6.79  0.21
-6.78  0.19
-6.77  0.25
-6.76  0.25
-6.75  0.18
-6.74  0.24
-6.73  0.22
-6.72  0.23
-6.71  0.19
-6.7  0.24
-6.69  0.2
-6.68  0.24
-6.67  0.24
-6.66  0.21
-6.65  0.24
-6.64  0.21
-6.63  0.21
-6.62  0.17
-6.61  0.26
-6.6  0.26
-6.59  0.23
-6.58  0.22
-6.57  0.22
-6.56  0.27
-6.55  0.2
-6.54  0.21
-6.53  0.18
-6.52  0.21
-6.51  0.24
-6.5  0.21
-6.49  0.24
-6.48  0.21
-6.47  0.21
-6.46  0.22
-6.45  0.24
-6.44  0.26
-6.43  0.17
-6.42  0.23
-6.41  0.25
-6.4  0.24
-6.39  0.21
-6.38  0.23
-6.37  0.22
-6.36  0.23
-6.35  0.18
-6.34  0.24
-6.33  0.21
-6.32  0.28
-6.31  0.21
-6.3  0.21
-6.29  0.2
-6.28  0.2
-6.27  0.21
-6.26  0.23
-6.25  0.23
-6.24  0.23
-6.23  0.22
-6.22  0.24
-6.21  0.23
-6.2  0.22
-6.19  0.24
-6.18  0.21
-6.17  0.18
-6.16  0.24
-6.15  0.21
-6.14  0.23
-6.13  0.26
-6.12  0.23
-6.11  0.22
-6.1  0.2
-6.09  0.24
-6.08  0.22
-6.07  0.21
-6.06  0.22
-6.05  0.21
-6.04  0.22
-6.03  0.23
-6.02  0.24
-6.01  0.23
-6  0.19
-5.99  0.24
-5.98  0.22
-5.97  0.22
-5.96  0.22
-5.95  0.2
-5.94  0.22
-5.93  0.22
-5.92  0.27
-5.91  0.2
-5.9  0.22
-5.89  0.24
-5.88  0.22
-5.87  0.23
-5.86  0.22
-5.85  0.21
-5.84  0.22
-5.83  0.25
-5.82  0.23
-5.81  0.2
-5.8  0.21
-5.79  0.21
-5.78  0.23
-5.77  0.25
-5.76  0.19
-5.75  0.21
-5.74  0.21
-5.73  0.26
-5.72  0.2
-5.71  0.24
-5.7  0.2
-5.69  0.22
-5.68  0.23
-5.67  0.22
-5.66  0.23
-5.65  0.26
-5.64  0.24
-5.63  0.21
-5.62  0.2
-5.61  0.25
-5.6  0.23
-5.59  0.17
-5.58  0.22
-5.57  0.24
-5.56  0.2
-5.55  0.23
-5.54  0.23
-5.53  0.23
-5.52  0.24
-5.51  0.2
-5.5  0.21
-5.49  0.21
-5.48  0.23
-5.47  0.21
-5.46  0.22
-5.45  0.25
-5.44  0.27
-5.43  0.17
-5.42  0.19
-5.41  0.27
-5.4  0.24
-5.39  0.23
-5.38  0.21
-5.37  0.22
-5.36  0.23
-5.35  0.2
-5.34  0.17
-5.33  0.28
-5.32  0.24
-5.31  0.17
-5.3  0.25
-5.29  0.23
-5.28  0.22
-5.27  0.2
-5.26  0.19
-5.25  0.27
-5.24  0.19
-5.23  0.24
-5.22  0.25
-5.21  0.25
-5.2  0.18
-5.19  0.24
-5.18  0.22
-5.17  0.21
-5.16  0.24
-5.15  0.25
-5.14  0.19
-5.13  0.17
-5.12  0.25
-5.11  0.22
-5.1  0.24
-5.09  0.21
-5.08  0.21
-5.07  0.25
-5.06  0.21
-5.05  0.26
-5.04  0.24
-5.03  0.2
-5.02  0.2
-5.01  0.21
-5  0.21
-4.99  0.26
-4.98  0.22
-4.97  0.2
-4.96  0.2
-4.95  0.22
-4.94  0.19
-4.93  0.29
-4.92  0.24
-4.91  0.21
-4.9  0.23
-4.89  0.2
-4.88  0.24
-4.87  0.2
-4.86  0.22
-4.85  0.26
-4.84  0.22
-4.83  0.2
-4.82  0.28
-4.81  0.18
-4.8  0.2
-4.79  0.22
-4.78  0.22
-4.77  0.23
-4.76  0.21
-4.75  0.22
-4.74  0.26
-4.73  0.17
-4.72  0.24
-4.71  0.25
-4.7  0.19
-4.69  0.25
-4.68  0.19
-4.67  0.28
-4.66  0.18
-4.65  0.26
-4.64  0.22
-4.63  0.21
-4.62  0.23
-4.61  0.21
-4.6  0.21
-4.59  0.23
-4.58  0.22
-4.57  0.21
-4.56  0.23
-4.55  0.25
-4.54  0.19
-4.53  0.25
-4.52  0.2
-4.51  0.25
-4.5  0.18
-4.49  0.21
-4.48  0.2
-4.47  0.24
-4.46  0.24
-4.45  0.28
-4.44  0.2
-4.43  0.23
-4.42  0.2
-4.41  0.27
-4.4  0.22
-4.39  0.2
-4.38  0.21
-4.37  0.21
-4.36  0.22
-4.35  0.21
-4.34  0.24
-4.33  0.19
-4.32  0.26
-4.31  0.21
-4.3  0.25
-4.29  0.19
-4.28  0.23
-4.27  0.23
-4.26  0.23
-4.25  0.18
-4.24  0.25
-4.23  0.22
-4.22  0.22
-4.21  0.25
-4.2  0.2
-4.19  0.21
-4.18  0.23
-4.17  0.21
-4.16  0.26
-4.15  0.2
-4.14  0.23
-4.13  0.24
-4.12  0.2
-4.11  0.22
-4.1  0.22
-4.09  0.24
-4.08  0.23
-4.07  0.22
-4.06  0.21
-4.05  0.22
-4.04  0.24
-4.03  0.18
-4.02  0.25
-4.01  0.22
-4  0.22
-3.99  0.21
-3.98  0.22
-3.97  0.2
-3.96  0.26
-3.95  0.22
-3.94  0.24
-3.93  0.22
-3.92  0.19
-3.91  0.24
-3.9  0.22
-3.89  0.19
-3.88  0.26
-3.87  0.22
-3.86  0.26
-3.85  0.18
-3.84  0.26
-3.83  0.21
-3.82  0.21
-3.81  0.25
-3.8  0.19
-3.79  0.21
-3.78  0.24
-3.77  0.22
-3.76  0.2
-3.75  0.23
-3.74  0.21
-3.73  0.21
-3.72  0.23
-3.71  0.21
-3.7  0.29
-3.69  0.21
-3.68  0.2
-3.67  0.21
-3.66  0.22
-3.65  0.25
-3.64  0.18
-3.63  0.26
-3.62  0.26
-3.61  0.24
-3.6  0.2
-3.59  0.23
-3.58  0.17
-3.57  0.27
-3.56  0.19
-3.55  0.21
-3.54  0.22
-3.53  0.22
-3.52  0.26
-3.51  0.21
-3.5  0.21
-3.49  0.2
-3.48  0.2
-3.47  0.21
-3.46  0.23
-3.45  0.25
-3.44  0.27
-3.43  0.23
-3.42  0.18
-3.41  0.23
-3.4  0.25
-3.39  0.21
-3.38  0.24
-3.37  0.2
-3.36  0.22
-3.35  0.2
-3.34  0.19
-3.33  0.26
-3.32  0.24
-3.31  0.25
-3.3  0.21
-3.29  0.21
-3.28  0.22
-3.27  0.24
-3.26  0.2
-3.25  0.18
-3.24  0.28
-3.23  0.2
-3.22  0.2
-3.21  0.27
-3.2  0.22
-3.19  0.23
-3.18  0.2
-3.17  0.18
-3.16  0.25
-3.15  0.24
-3.14  0.19
-3.13  0.23
-3.12  0.21
-3.11  0.23
-3.1  0.28
-3.09  0.21
-3.08  0.21
-3.07  0.23
-3.06  0.23
-3.05  0.22
-3.04  0.26
-3.03  0.17
-3.02  0.22
-3.01  0.25
-3  0.15
-2.99  0.22
-2.98  0.26
-2.97  0.2
-2.96  0.25
-2.95  0.24
-2.94  0.21
-2.93  0.24
-2.92  0.2
-2.91  0.23
-2.9  0.17
-2.89  0.26
-2.88  0.19
-2.87  0.28
-2.86  0.22
-2.85  0.19
-2.84  0.22
-2.83  0.25
-2.82  0.25
-2.81  0.24
-2.8  0.17
-2.79  0.23
-2.78  0.24
-2.77  0.22
-2.76  0.24
-2.75  0.18
-2.74  0.19
-2.73  0.25
-2.72  0.22
-2.71  0.23
-2.7  0.24
-2.69  0.22
-2.68  0.18
-2.67  0.22
-2.66  0.25
-2.65  0.22
-2.64  0.19
-2.63  0.24
-2.62  0.24
-2.61  0.21
-2.6  0.23
-2.59  0.23
-2.58  0.24
-2.57  0.24
-2.56  0.24
-2.55  0.19
-2.54  0.22
-2.53  0.23
-2.52  0.23
-2.51  0.23
-2.5  0.19
-2.49  0.2
-2.48  0.22
-2.47  0.2
-2.46  0.25
-2.45  0.21
-2.44  0.21
-2.43  0.27
-2.42  0.22
-2.41  0.23
-2.4  0.2
-2.39  0.23
-2.38  0.21
-2.37  0.21
-2.36  0.2
-2.35  0.28
-2.34  0.21
-2.33  0.23
-2.32  0.24
-2.31  0.22
-2.3  0.27
-2.29  0.21
-2.28  0.18
-2.27  0.2
-2.26  0.21
-2.25  0.21
-2.24  0.25
-2.23  0.23
-2.22  0.25
-2.21  0.19
-2.2  0.23
-2.19  0.22
-2.18  0.2
-2.17  0.23
-2.16  0.21
-2.15  0.27
-2.14  0.2
-2.13  0.25
-2.12  0.18
-2.11  0.25
-2.1  0.2
-2.09  0.18
-2.08  0.32
-2.07  0.18
-2.06  0.21
-2.05  0.2
-2.04  0.27
-2.03  0.23
-2.02  0.19
-2.01  0.24
-2  0.23
-1.99  0.21
-1.98  0.21
-1.97  0.21
-1.96  0.23
-1.95  0.27
-1.94  0.19
-1.93  0.26
-1.92  0.18
-1.91  0.23
-1.9  0.25
-1.89  0.2
-1.88  0.19
-1.87  0.22
-1.86  0.19
-1.85  0.23
-1.84  0.24
-1.83  0.25
-1.82  0.2
-1.81  0.23
-1.8  0.22
-1.79  0.19
-1.78  0.26
-1.77  0.27
-1.76  0.24
-1.75  0.19
-1.74  0.25
-1.73  0.19
-1.72  0.21
-1.71  0.21
-1.7  0.25
-1.69  0.2
-1.68  0.22
-1.67  0.22
-1.66  0.25
-1.65  0.21
-1.64  0.21
-1.63  0.23
-1.62  0.22
-1.61  0.2
-1.6  0.22
-1.59  0.22
-1.58  0.28
-1.57  0.21
-1.56  0.22
-1.55  0.18
-1.54  0.21
-1.53  0.25
-1.52  0.19
-1.51  0.28
-1.5  0.21
-1.49  0.26
-1.48  0.24
-1.47  0.21
-1.46  0.19
-1.45  0.21
-1.44  0.21
-1.43  0.24
-1.42  0.17
-1.41  0.3
-1.4  0.22
-1.39  0.18
-1.38  0.27
-1.37  0.2
-1.36  0.21
-1.35  0.22
-1.34  0.23
-1.33  0.22
-1.32  0.19
-1.31  0.24
-1.3  0.23
-1.29  0.23
-1.28  0.18
-1.27  0.27
-1.26  0.22
-1.25  0.21
-1.24  0.22
-1.23  0.27
-1.22  0.19
-1.21  0.2
-1.2  0.27
-1.19  0.22
-1.18  0.22
-1.17  0.22
-1.16  0.23
-1.15  0.21
-1.14  0.2
-1.13  0.22
-1.12  0.23
-1.11  0.19
-1.1  0.23
-1.09  0.23
-1.08  0.25
-1.07  0.23
-1.06  0.21
-1.05  0.2
-1.04  0.21
-1.03  0.28
-1.02  0.2
-1.01  0.2
-1  0.25
-0.99  0.2
-0.98  0.22
-0.97  0.23
-0.96  0.22
-0.95  0.21
-0.94  0.22
-0.93  0.26
-0.92  0.22
-0.91  0.25
-0.9  0.19
-0.89  0.2
-0.88  0.21
-0.87  0.28
-0.86  0.21
-0.85  0.22
-0.84  0.24
-0.83  0.2
-0.82  0.22
-0.81  0.23
-0.8  0.24
-0.79  0.2
-0.78  0.22
-0.77  0.19
-0.76  0.2
-0.75  0.21
-0.74  0.25
-0.73  0.22
-0.72  0.26
-0.71  0.21
-0.7  0.27
-0.69  0.21
-0.68  0.2
-0.67  0.2
-0.66  0.22
-0.65  0.24
-0.64  0.23
-0.63  0.27
-0.62  0.2
-0.61  0.23
-0.6  0.22
-0.59  0.2
-0.58  0.2
-0.57  0.29
-0.56  0.19
-0.55  0.18
-0.54  0.23
-0.53  0.24
-0.52  0.19
-0.51  0.26
-0.5  0.18
-0.49  0.25
-0.48  0.2
-0.47  0.22
-0.46  0.21
-0.45  0.24
-0.44  0.21
-0.43  0.27
-0.42  0.21
-0.41  0.22
-0.4  0.23
-0.39  0.27
-0.38  0.21
-0.37  0.2
-0.36  0.25
-0.35  0.15
-0.34  0.23
-0.33  0.26
-0.32  0.21
-0.31  0.21
-0.3  0.31
-0.29  0.16
-0.28  0.19
-0.27  0.24
-0.26  0.2
-0.25  0.2
-0.24  0.23
-0.23  0.24
-0.22  0.24
-0.21  0.19
-0.2  0.27
-0.19  0.2
-0.18  0.21
-0.17  0.23
-0.16  0.27
-0.15  0.21
-0.14  0.17
-0.13  0.24
-0.12  0.21
-0.11  0.24
-0.1  0.23
-0.09  0.2
-0.08  0.26
-0.07  0.21
-0.06  0.25
-0.05  0.2
-0.04  0.19
-0.03  0.25
-0.02  0.25
-0.01  0.21
-2.16197e-11  0.23
0.0001  0.01
0.0101  0.21
0.0201  0.19
0.0301  0.21
0.0401  0.24
0.0501  0.22
0.0601  0.27
0.0701  0.19
0.0801  0.2
0.0901  0.26
0.1001  0.24
0.1101  0.22
0.1201  0.27
0.1301  0.21
0.1401  0.24
0.1501  0.22
0.1601  0.26
0.1701  0.28
0.1801  0.23
0.1901  0.27
0.2001  0.28
0.2101  0.24
0.2201  0.29
0.2301  0.26
0.2401  0.33
0.2501  0.23
0.2601  0.3
0.2701  0.3
0.2801  0.29
0.2901  0.36
0.3001  0.3
0.3101  0.28
0.3201  0.34
0.3301  0.35
0.3401  0.36
0.3501  0.38
0.3601  0.35
0.3701  0.4
0.3801  0.41
0.3901  0.37
0.4001  0.39
0.4101  0.48
0.4201  0.46
0.4301  0.51
0.4401  0.47
0.4501  0.5
0.4601  0.53
0.4701  0.57
0.4801  0.62
0.4901  0.62
0.5001  0.71
0.5101  0.65
0.5201  0.79
0.5301  0.78
0.5401  0.84
0.5501  0.85
0.5601  0.98
0.5701  1.05
0.5801  1.17
0.5901  1.23
0.6001  1.37
0.6101  1.51
0.6201  1.66
0.6301  1.88
0.6401  2.14
0.6501  2.38
0.6601  2.77
0.6701  3.1
0.6801  3.69
0.6901  4.15
0.7001  4.61
0.7101  5.24
0.7201  5.72
0.7301  5.89
0.7401  5.84
0.7501  5.62
0.7601  5.14
0.7701  4.6
0.7801  4.11
0.7901  3.55
0.8001  3.1
0.8101  2.73
0.8201  2.36
0.8301  2.12
0.8401  1.87
0.8501  1.67
0.8601  1.54
0.8701  1.39
0.8801  1.31
0.8901  1.22
0.9001  1.04
0.9101  0.99
0.9201  0.97
0.9301  0.89
0.9401  0.86
0.9501  0.81
0.9601  0.73
0.9701  0.71
0.9801  0.76
0.9901  0.66
1.0001  0.64
1.0101  0.58
1.0201  0.61
1.0301  0.62
1.0401  0.51
1.0501  0.58
1.0601  0.53
1.0701  0.53
1.0801  0.51
1.0901  0.48
1.1001  0.54
1.1101  0.46
1.1201  0.54
1.1301  0.49
1.1401  0.51
1.1501  0.51
1.1601  0.48
1.1701  0.47
1.1801  0.44
1.1901  0.44
1.2001  0.47
1.2101  0.48
1.2201  0.52
1.2301  0.42
1.2401  0.49
1.2501  0.54
1.2601  0.47
1.2701  0.56
1.2801  0.54
1.2901  0.49
1.3001  0.54
1.3101  0.53
1.3201  0.57
1.3301  0.52
1.3401  0.57
1.3501  0.57
1.3601  0.62
1.3701  0.57
1.3801  0.62
1.3901  0.63
1.4001  0.68
1.4101  0.69
1.4201  0.75
1.4301  0.74
1.4401  0.83
1.4501  0.86
1.4601  0.84
1.4701  0.91
1.4801  0.91
1.4901  1.02
1.5001  1.05
1.5101  1.14
1.5201  1.23
1.5301  1.27
1.5401  1.41
1.5501  1.58
1.5601  1.63
1.5701  1.78
1.5801  2.01
1.5901  2.15
1.6001  2.37
1.6101  2.67
1.6201  2.98
1.6301  3.29
1.6401  3.62
1.6501  3.93
1.6601  4.32
1.6701  4.58
1.6801  4.75
1.6901  4.91
1.7001  4.85
1.7101  4.58
1.7201  4.46
1.7301  4.05
1.7401  3.7
1.7501  3.41
1.7601  3.08
1.7701  2.73
1.7801  2.51
1.7901  2.21
1.8001  2.08
1.8101  1.87
1.8201  1.68
1.8301  1.62
1.8401  1.5
1.8501  1.35
1.8601  1.26
1.8701  1.23
1.8801  1.13
1.8901  1.09
1.9001  1.09
1.9101  0.96
1.9201  0.93
1.9301  0.9
1.9401  0.83
1.9501  0.86
1.9601  0.8
1.9701  0.75
1.9801  0.78
1.9901  0.77
2.0001  0.75
2.0101  0.71
2.0201  0.7
2.0301  0.72
2.0401  0.69
2.0501  0.72
2.0601  0.64
2.0701  0.68
2.0801  0.67
2.0901  0.66
2.1001  0.67
2.1101  0.6
2.1201  0.69
2.1301  0.68
2.1401  0.69
2.1501  0.63
2.1601  0.68
2.1701  0.66
2.1801  0.72
2.1901  0.68
2.2001  0.75
2.2101  0.76
2.2201  0.71
2.2301  0.78
2.2401  0.81
2.2501  0.82
2.2601  0.78
2.2701  0.84
2.2801  0.91
2.2901  0.94
2.3001  0.95
2.3101  1
2.3201  0.99
2.3301  1.05
2.3401  1.13
2.3501  1.18
2.3601  1.27
2.3701  1.31
2.3801  1.43
2.3901  1.45
2.4001  1.6
2.4101  1.71
2.4201  1.84
2.4301  1.96
2.4401  2.18
2.4501  2.37
2.4601  2.55
2.4701  2.7
2.4801  3
2.4901  3.24
2.5001  3.52
2.5101  3.74
2.5201  3.96
2.5301  4.11
2.5401  4.26
2.5501  4.3
2.5601  4.21
2.5701  4.06
2.5801  3.96
2.5901  3.7
2.6001  3.4
2.6101  3.22
2.6201  2.95
2.6301  2.74
2.6401  2.51
2.6501  2.3
2.6601  2.11
2.6701  2.01
2.6801  1.88
2.6901  1.66
2.7001  1.63
2.7101  1.49
2.7201  1.44
2.7301  1.34
2.7401  1.26
2.7501  1.22
2.7601  1.22
2.7701  1.14
2.7801  1.09
2.7901  0.99
2.8001  1.02
2.8101  0.97
2.8201  0.93
2.8301  0.92
2.8401  0.98
2.8501  0.91
2.8601  0.86
2.8701  0.89
2.8801  0.81
2.8901  0.88
2.9001  0.78
2.9101  0.83
2.9201  0.83
2.9301  0.78
2.9401  0.82
2.9501  0.79
2.9601  0.83
2.9701  0.85
2.9801  0.86
2.9901  0.78
3.0001  0.88
3.0101  0.82
3.0201  0.88
3.0301  0.92
3.0401  0.9
3.0501  0.89
3.0601  0.87
3.0701  1.05
3.0801  0.97
3.0901  1.04
3.1001  1.06
3.1101  1.09
3.1201  1.11
3.1301  1.24
3.1401  1.21
3.1501  1.27
3.1601  1.31
3.1701  1.43
3.1801  1.47
3.1901  1.57
3.2001  1.63
3.2101  1.73
3.2201  1.85
3.2301  2.01
3.2401  2.18
3.2501  2.29
3.2601  2.49
3.2701  2.6
3.2801  2.81
3.2901  2.94
3.3001  3.22
3.3101  3.38
3.3201  3.59
3.3301  3.68
3.3401  3.85
3.3501  3.78
3.3601  3.87
3.3701  3.77
3.3801  3.69
3.3901  3.53
3.4001  3.39
3.4101  3.2
3.4201  3.03
3.4301  2.8
3.4401  2.69
3.4501  2.5
3.4601  2.3
3.4701  2.15
3.4801  2.01
3.4901  1.87
3.5001  1.8
3.5101  1.72
3.5201  1.62
3.5301  1.48
3.5401  1.42
3.5501  1.43
3.5601  1.32
3.5701  1.29
3.5801  1.24
3.5901  1.18
3.6001  1.17
3.6101  1.13
3.6201  1.07
3.6301  1.1
3.6401  1.07
3.6501  1.03
3.6601  0.97
3.6701  1.01
3.6801  0.95
3.6901  0.95
3.7001  1
3.7101  0.93
3.7201  0.95
3.7301  0.94
3.7401  0.97
3.7501  0.96
3.7601  0.98
3.7701  0.91
3.7801  1.05
3.7901  0.94
3.8001  1.01
3.8101  0.99
3.8201  1.05
3.8301  1.04
3.8401  1.14
3.8501  1.04
3.8601  1.12
3.8701  1.11
3.8801  1.23
3.8901  1.22
3.9001  1.27
3.9101  1.3
3.9201  1.4
3.9301  1.38
3.9401  1.49
3.9501  1.6
3.9601  1.59
3.9701  1.73
3.9801  1.83
3.9901  1.89
4.0001  2.01
4.0101  2.16
4.0201  2.26
4.0301  2.38
4.0401  2.56
4.0501  2.64
4.0601  2.84
4.0701  2.96
4.0801  3.18
4.0901  3.3
4.1001  3.38
4.1101  3.47
4.1201  3.54
4.1301  3.52
4.1401  3.51
4.1501  3.45
4.1601  3.38
4.1701  3.23
4.1801  3.14
4.1901  3.06
4.2001  2.81
4.2101  2.66
4.2201  2.55
4.2301  2.36
4.2401  2.31
4.2501  2.09
4.2601  2.02
4.2701  1.9
4.2801  1.86
4.2901  1.7
4.3001  1.72
4.3101  1.57
4.3201  1.52
4.3301  1.47
4.3401  1.41
4.3501  1.31
4.3601  1.35
4.3701  1.28
4.3801  1.26
4.3901  1.24
4.4001  1.13
4.4101  1.17
4.4201  1.21
4.4301  1.12
4.4401  1.13
4.4501  1.1
4.4601  1.08
4.4701  1.07
4.4801  1.06
4.4901  1.07
4.5001  1.06
4.5101  1.02
4.5201  1.08
4.5301  1.13
4.5401  1.08
4.5501  1.08
4.5601  1.13
4.5701  1.12
4.5801  1.17
4.5901  1.15
4.6001  1.2
4.6101  1.18
4.6201  1.28
4.6301  1.26
4.6401  1.31
4.6501  1.39
4.6601  1.38
4.6701  1.41
4.6801  1.48
4.6901  1.6
4.7001  1.61
4.7101  1.71
4.7201  1.76
4.7301  1.84
4.7401  1.85
4.7501  2.08
4.7601  2.08
4.7701  2.24
4.7801  2.43
4.7901  2.41
4.8001  2.59
4.8101  2.72
4.8201  2.85
4.8301  3
4.8401  3.08
4.8501  3.17
4.8601  3.21
4.8701  3.25
4.8801  3.28
4.8901  3.27
4.9001  3.27
4.9101  3.2
4.9201  3.1
4.9301  3.06
4.9401  2.92
4.9501  2.82
4.9601  2.65
4.9701  2.58
4.9801  2.49
4.9901  2.32
5.0001  2.2
5.0101  2.1
5.0201  1.99
5.0301  1.93
5.0401  1.82
5.0501  1.76
5.0601  1.71
5.0701  1.67
5.0801  1.53
5.0901  1.55
5.1001  1.45
5.1101  1.4
5.1201  1.45
5.1301  1.3
5.1401  1.32
5.1501  1.35
5.1601  1.23
5.1701  1.24
5.1801  1.27
5.1901  1.18
5.2001  1.23
5.2101  1.22
5.2201  1.16
5.2301  1.18
5.2401  1.15
5.2501  1.21
5.2601  1.21
5.2701  1.2
5.2801  1.18
5.2901  1.17
5.3001  1.22
5.3101  1.18
5.3201  1.27
5.3301  1.29
5.3401  1.25
5.3501  1.27
5.3601  1.35
5.3701  1.37
5.3801  1.41
5.3901  1.39
5.4001  1.52
5.4101  1.5
5.4201  1.61
5.4301  1.63
5.4401  1.69
5.4501  1.75
5.4601  1.8
5.4701  1.92
5.4801  2.01
5.4901  2.05
5.5001  2.15
5.5101  2.25
5.5201  2.37
5.5301  2.48
5.5401  2.55
5.5501  2.67
5.5601  2.71
5.5701  2.86
5.5801  2.93
5.5901  2.95
5.6001  3.03
5.6101  3.11
5.6201  3.09
5.6301  3.18
5.6401  3
5.6501  3.03
5.6601  3.01
5.6701  2.87
5.6801  2.81
5.6901  2.74
5.7001  2.55
5.7101  2.51
5.7201  2.41
5.7301  2.36
5.7401  2.23
5.7501  2.12
5.7601  2.06
5.7701  2.03
5.7801  1.91
5.7901  1.81
5.8001  1.73
5.8101  1.67
5.8201  1.72
5.8301  1.59
5.8401  1.49
5.8501  1.5
5.8601  1.46
5.8701  1.45
5.8801  1.4
5.8901  1.38
5.9001  1.36
5.9101  1.32
5.9201  1.34
5.9301  1.3
5.9401  1.32
5.9501  1.3
5.9601  1.29
5.9701  1.25
5.9801  1.27
5.9901  1.28
6.0001  1.3
6.0101  1.25
6.0201  1.31
6.0301  1.32
6.0401  1.3
6.0501  1.3
6.0601  1.38
6.0701  1.38
6.0801  1.36
6.0901  1.41
6.1001  1.43
6.1101  1.5
6.1201  1.53
6.1301  1.54
6.1401  1.59
6.1501  1.61
6.1601  1.74
6.1701  1.75
6.1801  1.84
6.1901  1.87
6.2001  1.94
6.2101  2.02
6.2201  2.11
6.2301  2.18
6.2401  2.25
6.2501  2.36
6.2601  2.41
6.2701  2.47
6.2801  2.64
6.2901  2.72
6.3001  2.71
6.3101  2.77
6.3201  2.89
6.3301  2.86
6.3401  2.95
6.3501  2.96
6.3601  2.94
6.3701  2.88
6.3801  2.94
6.3901  2.81
6.4001  2.84
6.4101  2.67
6.4201  2.63
6.4301  2.53
6.4401  2.45
6.4501  2.4
6.4601  2.3
6.4701  2.22
6.4801  2.16
6.4901  2.02
6.5001  2.05
6.5101  1.93
6.5201  1.9
6.5301  1.78
6.5401  1.8
6.5501  1.68
6.5601  1.66
6.5701  1.62
6.5801  1.57
6.5901  1.51
6.6001  1.51
6.6101  1.48
6.6201  1.48
6.6301  1.49
6.6401  1.43
6.6501  1.36
6.6601  1.36
6.6701  1.37
6.6801  1.38
6.6901  1.36
6.7001  1.32
6.7101  1.39
6.7201  1.36
6.7301  1.35
6.7401  1.32
6.7501  1.41
6.7601  1.43
6.7701  1.38
6.7801  1.44
6.7901  1.45
6.8001  1.42
6.8101  1.45
6.8201  1.63
6.8301  1.51
6.8401  1.54
6.8501  1.65
6.8601  1.65
6.8701  1.73
6.8801  1.71
6.8901  1.82
6.9001  1.82
6.9101  1.92
6.9201  2
6.9301  1.98
6.9401  2.1
6.9501  2.19
6.9601  2.28
6.9701  2.25
6.9801  2.39
6.9901  2.45
7.0001  2.49
7.0101  2.6
7.0201  2.62
7.0301  2.7
7.0401  2.81
7.0501  2.76
7.0601  2.8
7.0701  2.81
7.0801  2.79
7.0901  2.79
7.1001  2.77
7.1101  2.77
7.1201  2.69
7.1301  2.63
7.1401  2.59
7.1501  2.5
7.1601  2.43
7.1701  2.36
7.1801  2.32
7.1901  2.18
7.2001  2.18
7.2101  2.07
7.2201  2.05
7.2301  1.91
7.2401  1.93
7.2501  1.92
7.2601  1.88
7.2701  1.75
7.2801  1.67
7.2901  1.68
7.3001  1.63
7.3101  1.6
7.3201  1.58
7.3301  1.58
7.3401  1.57
7.3501  1.51
7.3601  1.48
7.3701  1.47
7.3801  1.45
7.3901  1.47
7.4001  1.46
7.4101  1.39
7.4201  1.44
7.4301  1.44
7.4401  1.38
7.4501  1.45
7.4601  1.5
7.4701  1.41
7.4801  1.52
7.4901  1.46
7.5001  1.46
7.5101  1.57
7.5201  1.52
7.5301  1.53
7.5401  1.64
7.5501  1.54
7.5601  1.68
7.5701  1.65
7.5801  1.69
7.5901  1.78
7.6001  1.83
7.6101  1.88
7.6201  1.93
7.6301  1.93
7.6401  1.99
7.6501  2.12
7.6601  2.11
7.6701  2.17
7.6801  2.27
7.6901  2.28
7.7001  2.44
7.7101  2.43
7.7201  2.42
7.7301  2.57
7.7401  2.58
7.7501  2.61
7.7601  2.63
7.7701  2.68
7.7801  2.68
7.7901  2.77
7.8001  2.69
7.8101  2.69
7.8201  2.63
7.8301  2.61
7.8401  2.63
7.8501  2.5
7.8601  2.48
7.8701  2.46
7.8801  2.35
7.8901  2.33
7.9001  2.29
7.9101  2.17
7.9201  2.15
7.9301  2.08
7.9401  2.04
7.9501  2.01
7.9601  1.92
7.9701  1.88
7.9801  1.81
7.9901  1.81
8.0001  1.75
8.0101  1.74
8.0201  1.68
8.0301  1.63
8.0401  1.63
8.0501  1.55
8.0601  1.64
8.0701  1.56
8.0801  1.54
8.0901  1.58
8.1001  1.46
8.1101  1.57
8.1201  1.46
8.1301  1.56
8.1401  1.48
8.1501  1.51
8.1601  1.5
8.1701  1.5
8.1801  1.52
8.1901  1.55
8.2001  1.49
8.2101  1.61
8.2201  1.5
8.2301  1.65
8.2401  1.58
8.2501  1.62
8.2601  1.65
8.2701  1.69
8.2801  1.79
8.2901  1.75
8.3001  1.83
8.3101  1.8
8.3201  1.88
8.3301  1.95
8.3401  1.94
8.3501  1.97
8.3601  2.1
8.3701  2.1
8.3801  2.16
8.3901  2.18
8.4001  2.33
8.4101  2.31
8.4201  2.35
8.4301  2.43
8.4401  2.56
8.4501  2.5
8.4601  2.58
8.4701  2.59
8.4801  2.55
8.4901  2.55
8.5001  2.67
8.5101  2.59
8.5201  2.58
8.5301  2.6
8.5401  2.55
8.5501  2.45
8.5601  2.51
8.5701  2.48
8.5801  2.35
8.5901  2.3
8.6001  2.35
8.6101  2.2
8.6201  2.29
8.6301  2.16
8.6401  2.11
8.6501  2.05
8.6601  1.99
8.6701  1.95
8.6801  1.95
8.6901  1.83
8.7001  1.86
8.7101  1.82
8.7201  1.73
8.7301  1.83
8.7401  1.64
8.7501  1.67
8.7601  1.66
8.7701  1.65
8.7801  1.63
8.7901  1.57
8.8001  1.61
8.8101  1.56
8.8201  1.54
8.8301  1.58
8.8401  1.61
8.8501  1.53
8.8601  1.55
8.8701  1.55
8.8801  1.59
8.8901  1.6
8.9001  1.54
8.9101  1.62
8.9201  1.61
8.9301  1.61
8.9401  1.64
8.9501  1.65
8.9601  1.66
8.9701  1.74
8.9801  1.78
8.9901  1.78
9.0001  1.84
9.0101  1.82
9.0201  1.82
9.0301  1.88
9.0401  1.95
9.0501  1.96
9.0601  2.06
9.0701  2.1
9.0801  2.1
9.0901  2.17
9.1001  2.19
9.1101  2.25
9.1201  2.32
9.1301  2.35
9.1401  2.4
9.1501  2.43
9.1601  2.45
9.1701  2.43
9.1801  2.45
9.1901  2.51
9.2001  2.56
9.2101  2.48
9.2201  2.62
9.2301  2.52
9.2401  2.53
9.2501  2.42
9.2601  2.54
9.2701  2.43
9.2801  2.39
9.2901  2.28
9.3001  2.36
9.3101  2.3
9.3201  2.2
9.3301  2.2
9.3401  2.11
9.3501  2.07
9.3601  2.03
9.3701  2.09
9.3801  1.94
9.3901  1.91
9.4001  1.96
9.4101  1.83
9.4201  1.86
9.4301  1.76
9.4401  1.77
9.4501  1.79
9.4601  1.69
9.4701  1.75
9.4801  1.67
9.4901  1.65
9.5001  1.62
9.5101  1.65
9.5201  1.65
9.5301  1.62
9.5401  1.63
9.5501  1.62
9.5601  1.63
9.5701  1.64
9.5801  1.6
9.5901  1.6
9.6001  1.62
9.6101  1.64
9.6201  1.67
9.6301  1.68
9.6401  1.63
9.6501  1.71
9.6601  1.76
9.6701  1.72
9.6801  1.73
9.6901  1.73
9.7001  1.82
9.7101  1.87
9.7201  1.87
9.7301  1.89
9.7401  1.97
9.7501  1.95
9.7601  1.96
9.7701  2.11
9.7801  2.12
9.7901  2.09
9.8001  2.19
9.8101  2.19
9.8201  2.32
9.8301  2.19
9.8401  2.4
9.8501  2.29
9.8601  2.39
9.8701  2.43
9.8801  2.43
9.8901  2.44
9.9001  2.47
9.9101  2.44
9.9201  2.43
9.9301  2.47
9.9401  2.46
9.9501  2.43
9.9601  2.42
9.9701  2.36
9.9801  2.39
9.9901  2.33
10.0001  2.3
10.0101  2.29
10.0201  2.22
10.0301  2.18
10.0401  2.22
10.0501  2.15
10.0601  2.06
10.0701  2.01
10.0801  2
10.0901  1.94
10.1001  1.98
10.1101  1.99
10.1201  1.83
10.1301  1.86
10.1401  1.84
10.1501  1.75
10.1601  1.78
10.1701  1.73
10.1801  1.78
10.1901  1.7
10.2001  1.7
10.2101  1.74
10.2201  1.71
10.2301  1.61
10.2401  1.71
10.2501  1.62
10.2601  1.64
10.2701  1.69
10.2801  1.66
10.2901  1.63
10.3001  1.65
10.3101  1.64
10.3201  1.71
10.3301  1.7
10.3401  1.74
10.3501  1.79
10.3601  1.74
10.3701  1.74
10.3801  1.82
10.3901  1.8
10.4001  1.84
10.4101  1.84
10.4201  1.93
10.4301  1.87
10.4401  1.92
10.4501  1.94
10.4601  2
10.4701  2.02
10.4801  2.06
10.4901  2.09
10.5001  2.2
10.5101  2.22
10.5201  2.19
10.5301  2.19
10.5401  2.3
10.5501  2.25
10.5601  2.36
10.5701  2.38
10.5801  2.4
10.5901  2.4
10.6001  2.37
10.6101  2.38
10.6201  2.37
10.6301  2.45
10.6401  2.36
10.6501  2.44
10.6601  2.34
10.6701  2.35
10.6801  2.37
10.6901  2.34
10.7001  2.25
10.7101  2.26
10.7201  2.13
10.7301  2.27
10.7401  2.17
10.7501  2.13
10.7601  2.08
10.7701  2.03
10.7801  2.11
10.7901  1.97
10.8001  1.97
10.8101  1.99
10.8201  1.92
10.8301  1.9
10.8401  1.83
10.8501  1.83
10.8601  1.84
10.8701  1.73
10.8801  1.81
10.8901  1.78
10.9001  1.68
10.9101  1.79
10.9201  1.7
10.9301  1.73
10.9401  1.67
10.9501  1.82
10.9601  1.63
10.9701  1.73
10.9801  1.76
10.9901  1.64
11.0001  1.67
11.0101  1.71
11.0201  1.73
11.0301  1.73
11.0401  1.73
11.0501  1.84
11.0601  1.72
11.0701  1.82
11.0801  1.79
11.0901  1.8
11.1001  1.84
11.1101  1.85
11.1201  1.9
11.1301  1.98
11.1401  1.91
11.1501  1.94
11.1601  1.97
11.1701  2.07
11.1801  2.09
11.1901  2.07
11.2001  2.12
11.2101  2.18
11.2201  2.17
11.2301  2.18
11.2401  2.29
11.2501  2.24
11.2601  2.25
11.2701  2.32
11.2801  2.31
11.2901  2.37
11.3001  2.3
11.3101  2.33
11.3201  2.34
11.3301  2.33
11.3401  2.42
11.3501  2.36
11.3601  2.32
11.3701  2.35
11.3801  2.25
11.3901  2.32
11.4001  2.29
11.4101  2.19
11.4201  2.23
11.4301  2.19
11.4401  2.17
11.4501  2.15
11.4601  2.07
11.4701  2.1
11.4801  2.09
11.4901  1.99
11.5001  2.05
11.5101  1.92
11.5201  1.95
11.5301  1.88
11.5401  1.94
11.5501  1.86
11.5601  1.81
11.5701  1.82
11.5801  1.8
11.5901  1.86
11.6001  1.8
11.6101  1.74
11.6201  1.76
11.6301  1.8
11.6401  1.75
11.6501  1.71
11.6601  1.79
11.6701  1.71
11.6801  1.71
11.6901  1.75
11.7001  1.75
11.7101  1.68
11.7201  1.82
11.7301  1.75
11.7401  1.78
11.7501  1.83
11.7601  1.79
11.7701  1.87
11.7801  1.81
11.7901  1.82
11.8001  1.83
11.8101  1.87
11.8201  1.9
11.8301  1.94
11.8401  1.99
11.8501  1.95
11.8601  2
11.8701  2.02
11.8801  2.04
11.8901  2.04
11.9001  2.11
11.9101  2.13
11.9201  2.15
11.9301  2.19
11.9401  2.21
11.9501  2.21
11.9601  2.25
11.9701  2.26
11.9801  2.27
11.9901  2.37
12.0001  2.28
12.0101  2.31
12.0201  2.3
12.0301  2.32
12.0401  2.25
12.0501  2.33
12.0601  2.31
12.0701  2.3
12.0801  2.26
12.0901  2.25
12.1001  2.21
12.1101  2.26
12.1201  2.17
12.1301  2.24
12.1401  2.18
12.1501  2.07
12.1601  2.1
12.1701  2.12
12.1801  2.03
12.1901  1.99
12.2001  2.04
12.2101  1.93
12.2201  2.02
12.2301  1.91
12.2401  1.87
12.2501  1.94
12.2601  1.89
12.2701  1.84
12.2801  1.88
12.2901  1.81
12.3001  1.85
12.3101  1.9
12.3201  1.77
12.3301  1.75
12.3401  1.83
12.3501  1.79
12.3601  1.76
12.3701  1.77
12.3801  1.78
12.3901  1.71
12.4001  1.79
12.4101  1.75
12.4201  1.78
12.4301  1.82
12.4401  1.8
12.4501  1.79
12.4601  1.87
12.4701  1.79
12.4801  1.88
12.4901  1.86
12.5001  1.91
12.5101  1.96
12.5201  1.87
12.5301  1.94
12.5401  1.95
12.5501  2.01
12.5601  1.98
12.5701  2.05
12.5801  1.99
12.5901  2.08
12.6001  2.12
12.6101  2.12
12.6201  2.17
12.6301  2.19
12.6401  2.14
12.6501  2.17
12.6601  2.2
12.6701  2.26
12.6801  2.24
12.6901  2.29
12.7001  2.26
12.7101  2.26
12.7201  2.3
12.7301  2.24
12.7401  2.28
12.7501  2.23
12.7601  2.3
12.7701  2.24
12.7801  2.26
12.7901  2.22
12.8001  2.22
12.8101  2.22
12.8201  2.15
12.8301  2.12
12.8401  2.16
12.8501  2.12
12.8601  2.1
12.8701  2.05
12.8801  2.05
12.8901  2.07
12.9001  2
12.9101  1.98
12.9201  2.05
12.9301  1.97
12.9401  1.92
12.9501  1.89
12.9601  1.9
12.9701  1.9
12.9801  1.82
12.9901  1.84
13.0001  1.85
13.0101  1.86
13.0201  1.83
13.0301  1.81
13.0401  1.82
13.0501  1.85
13.0601  1.76
13.0701  1.76
13.0801  1.84
13.0901  1.8
13.1001  1.8
13.1101  1.82
13.1201  1.81
13.1301  1.81
13.1401  1.84
13.1501  1.83
13.1601  1.88
13.1701  1.87
13.1801  1.84
13.1901  1.92
13.2001  1.94
13.2101  1.88
13.2201  1.96
13.2301  1.94
13.2401  1.89
13.2501  2.05
13.2601  2.03
13.2701  2
13.2801  2.07
13.2901  2.03
13.3001  2.1
13.3101  2.15
13.3201  2.06
13.3301  2.13
13.3401  2.15
13.3501  2.19
13.3601  2.24
13.3701  2.17
13.3801  2.2
13.3901  2.31
13.4001  2.21
13.4101  2.19
13.4201  2.26
13.4301  2.21
13.4401  2.28
13.4501  2.21
13.4601  2.26
13.4701  2.22
13.4801  2.26
13.4901  2.21
13.5001  2.14
13.5101  2.2
13.5201  2.12
13.5301  2.14
13.5401  2.11
13.5501  2.14
13.5601  2.16
13.5701  2.09
13.5801  1.98
13.5901  2.07
13.6001  2.02
13.6101  2.01
13.6201  1.91
13.6301  2
13.6401  1.96
13.6501  1.94
13.6601  1.9
13.6701  1.97
13.6801  1.83
13.6901  1.86
13.7001  1.9
13.7101  1.88
13.7201  1.78
13.7301  1.89
13.7401  1.78
13.7501  1.84
13.7601  1.88
13.7701  1.82
13.7801  1.89
13.7901  1.77
13.8001  1.79
13.8101  1.9
13.8201  1.83
13.8301  1.83
13.8401  1.81
13.8501  1.9
13.8601  1.88
13.8701  1.83
13.8801  1.88
13.8901  1.93
13.9001  1.94
13.9101  1.84
13.9201  2.02
13.9301  1.99
13.9401  1.95
13.9501  1.98
13.9601  2.02
13.9701  2.06
13.9801  2.05
13.9901  2.03
14.0001  2.04
14.0101  2.1
14.0201  2.16
14.0301  2.13
14.0401  2.15
14.0501  2.2
14.0601  2.1
14.0701  2.17
14.0801  2.19
14.0901  2.21
14.1001  2.18
14.1101  2.25
14.1201  2.21
14.1301  2.17
14.1401  2.29
14.1501  2.16
14.1601  2.19
14.1701  2.22
14.1801  2.21
14.1901  2.18
14.2001  2.14
14.2101  2.17
14.2201  2.14
14.2301  2.12
14.2401  2.15
14.2501  2.12
14.2601  2.13
14.2701  2.07
14.2801  2.03
14.2901  2.05
14.3001  2.07
14.3101  1.91
14.3201  2.04
14.3301  1.9
14.3401  2.04
14.3501  1.9
14.3601  1.92
14.3701  1.9
14.3801  1.94
14.3901  1.9
14.4001  1.9
14.4101  1.86
14.4201  1.88
14.4301  1.89
14.4401  1.89
14.4501  1.85
14.4601  1.86
14.4701  1.82
14.4801  1.85
14.4901  1.84
14.5001  1.88
14.5101  1.87
14.5201  1.84
14.5301  1.82
14.5401  1.87
14.5501  1.88
14.5601  1.86
14.5701  1.89
14.5801  1.96
14.5901  1.97
14.6001  1.87
14.6101  2.01
14.6201  1.95
14.6301  1.93
14.6401  2.01
14.6501  1.95
14.6601  2.01
14.6701  2.02
14.6801  2.03
14.6901  2.09
14.7001  2.06
14.7101  2.06
14.7201  2.08
14.7301  2.1
14.7401  2.2
14.7501  2.16
14.7601  2.05
14.7701  2.25
14.7801  2.16
14.7901  2.1
14.8001  2.23
14.8101  2.16
14.8201  2.2
14.8301  2.18
14.8401  2.21
14.8501  2.2
14.8601  2.23
14.8701  2.15
14.8801  2.17
14.8901  2.15
14.9001  2.18
14.9101  2.18
14.9201  2.1
14.9301  2.13
14.9401  2.08
14.9501  2.08
14.9601  2.1
14.9701  2.08
14.9801  2.09
14.9901  1.98
15.0001  2.03
15.0101  2.04
15.0201  1.91
15.0301  2.06
15.0401  1.94
15.0501  1.98
15.0601  1.97
15.0701  1.88
15.0801  1.99
15.0901  1.86
15.1001  1.93
15.1101  1.93
15.1201  1.82
15.1301  1.95
15.1401  1.87
15.1501  1.91
15.1601  1.84
15.1701  1.83
15.1801  1.94
15.1901  1.83
15.2001  1.9
15.2101  1.86
15.2201  1.93
15.2301  1.84
15.2401  1.92
15.2501  1.91
15.2601  1.92
15.2701  1.84
15.2801  1.9
15.2901  1.97
15.3001  1.95
15.3101  1.92
15.3201  1.96
15.3301  1.95
15.3401  2.01
15.3501  1.98
15.3601  2.02
15.3701  2.04
15.3801  2.07
15.3901  2.02
15.4001  2.09
15.4101  2.08
15.4201  2.07
15.4301  2.14
15.4401  2.09
15.4501  2.17
15.4601  2.12
15.4701  2.11
15.4801  2.18
15.4901  2.09
15.5001  2.14
15.5101  2.15
15.5201  2.26
15.5301  2.15
15.5401  2.12
15.5501  2.19
15.5601  2.19
15.5701  2.13
15.5801  2.18
15.5901  2.15
15.6001  2.11
15.6101  2.17
15.6201  2.1
15.6301  2.1
15.6401  2.1
15.6501  2.09
15.6601  2.05
15.6701  2.05
15.6801  2.1
15.6901  2.07
15.7001  1.99
15.7101  2.04
15.7201  1.97
15.7301  2.04
15.7401  1.97
15.7501  2.01
15.7601  1.89
15.7701  2.04
15.7801  1.81
15.7901  2.02
15.8001  1.89
15.8101  1.92
15.8201  1.88
15.8301  1.92
15.8401  1.91
15.8501  1.9
15.8601  1.87
15.8701  1.84
15.8801  1.91
15.8901  1.91
15.9001  1.93
15.9101  1.86
15.9201  1.91
15.9301  1.93
15.9401  1.87
15.9501  1.93
15.9601  1.91
15.9701  1.94
15.9801  1.87
15.9901  1.96
16.0001  1.96
16.0101  1.98
16.0201  2
16.0301  1.94
16.0401  1.98
16.0501  2.06
16.0601  2.01
16.0701  2.05
16.0801  2.08
16.0901  1.98
16.1001  2.1
16.1101  2.08
16.1201  2.06
16.1301  2.09
16.1401  2.09
16.1501  2.07
16.1601  2.14
16.1701  2.08
16.1801  2.12
16.1901  2.14
16.2001  2.16
16.2101  2.16
16.2201  2.2
16.2301  2.11
16.2401  2.19
16.2501  2.11
16.2601  2.15
16.2701  2.16
16.2801  2.2
16.2901  2.05
16.3001  2.13
16.3101  2.17
16.3201  2.04
16.3301  2.11
16.3401  2.13
16.3501  2.05
16.3601  2.09
16.3701  2.09
16.3801  2.01
16.3901  2.02
16.4001  2.06
16.4101  2.03
16.4201  1.99
16.4301  2.06
16.4401  1.95
16.4501  1.97
16.4601  1.98
16.4701  1.92
16.4801  1.9
16.4901  2.01
16.5001  1.9
16.5101  1.9
16.5201  1.95
16.5301  1.89
16.5401  1.97
16.5501  1.92
16.5601  1.9
16.5701  1.87
16.5801  1.89
16.5901  1.97
16.6001  1.91
16.6101  1.88
16.6201  1.96
16.6301  1.91
16.6401  1.91
16.6501  1.95
16.6601  1.94
16.6701  1.92
16.6801  1.96
16.6901  1.86
16.7001  2.02
16.7101  1.94
16.7201  2.03
16.7301  1.93
16.7401  1.98
16.7501  1.99
16.7601  2.03
16.7701  2.07
16.7801  1.96
16.7901  2.09
16.8001  2.08
16.8101  2.02
16.8201  2.09
16.8301  2.12
16.8401  2.06
16.8501  2.09
16.8601  2.14
16.8701  2.12
16.8801  2.14
16.8901  2.16
16.9001  2.13
16.9101  2.11
16.9201  2.09
16.9301  2.07
16.9401  2.2
16.9501  2.14
16.9601  2.09
16.9701  2.13
16.9801  2.11
16.9901  2.03
17.0001  2.17
17.0101  2.11
17.0201  2.12
17.0301  2.14
17.0401  2.08
17.0501  2.03
17.0601  2.07
17.0701  2.1
17.0801  1.99
17.0901  2.04
17.1001  2.03
17.1101  2
17.1201  2.01
17.1301  2.02
17.1401  2.02
17.1501  2
17.1601  1.93
17.1701  1.93
17.1801  2.03
17.1901  1.98
17.2001  1.92
17.2101  1.93
17.2201  1.92
17.2301  1.91
17.2401  1.9
17.2501  1.99
17.2601  1.85
17.2701  1.88
17.2801  2
17.2901  1.89
17.3001  1.97
17.3101  1.9
17.3201  1.92
17.3301  1.91
17.3401  1.96
17.3501  1.99
17.3601  1.89
17.3701  1.94
17.3801  1.97
17.3901  1.93
17.4001  2
17.4101  2.04
17.4201  1.93
17.4301  2.02
17.4401  1.97
17.4501  2.08
17.4601  1.98
17.4701  2.03
17.4801  1.98
17.4901  2.06
17.5001  2.08
17.5101  2.05
17.5201  2.09
17.5301  2.03
17.5401  2.14
17.5501  2.05
17.5601  2.09
17.5701  2.19
17.5801  2.01
17.5901  2.16
17.6001  2.09
17.6101  2.05
17.6201  2.12
17.6301  2.18
17.6401  2.14
17.6501  2.11
17.6601  2.07
17.6701  2.14
17.6801  2.1
17.6901  2.07
17.7001  2.21
17.7101  2.03
17.7201  2.08
17.7301  2.08
17.7401  2.1
17.7501  2.04
17.7601  2.06
17.7701  2.04
17.7801  2.09
17.7901  1.99
17.8001  2.02
17.8101  1.99
17.8201  2.05
17.8301  1.97
17.8401  1.97
17.8501  2.04
17.8601  1.98
17.8701  1.98
17.8801  1.98
17.8901  1.93
17.9001  1.98
17.9101  1.95
17.9201  1.88
17.9301  1.96
17.9401  1.96
17.9501  1.93
17.9601  1.95
17.9701  1.93
17.9801  1.97
17.9901  1.9
18.0001  1.96
18.0101  1.92
18.0201  1.97
18.0301  1.93
18.0401  1.95
18.0501  2.06
18.0601  1.9
18.0701  1.92
18.0801  1.97
18.0901  1.94
18.1001  2.02
18.1101  1.93
18.1201  2.04
18.1301  2
18.1401  1.98
18.1501  2.03
18.1601  2.03
18.1701  2.04
18.1801  1.98
18.1901  2.05
18.2001  2.08
18.2101  2.02
18.2201  2.09
18.2301  2.04
18.2401  2.13
18.2501  2.09
18.2601  2.08
18.2701  2.03
18.2801  2.18
18.2901  2.06
18.3001  2.13
18.3101  1.99
18.3201  2.21
18.3301  2.13
18.3401  2.15
18.3501  2.09
18.3601  2.08
18.3701  2.07
18.3801  2.08
18.3901  2.07
18.4001  2.11
18.4101  2.08
18.4201  2.1
18.4301  2.1
18.4401  2.01
18.4501  2.01
18.4601  2.13
18.4701  1.99
18.4801  2.03
18.4901  2.04
18.5001  2.07
18.5101  2
18.5201  2.01
18.5301  2
18.5401  2
18.5501  1.99
18.5601  1.95
18.5701  1.92
18.5801  2.02
18.5901  1.98
18.6001  2
18.6101  1.97
18.6201  1.96
18.6301  1.96
18.6401  1.92
18.6501  1.91
18.6601  1.98
18.6701  2.02
18.6801  1.83
18.6901  1.98
18.7001  1.97
18.7101  1.93
18.7201  2.03
18.7301  1.9
18.7401  1.94
18.7501  1.96
18.7601  1.94
18.7701  1.98
18.7801  1.96
18.7901  2
18.8001  1.95
18.8101  1.97
18.8201  2.04
18.8301  2.06
18.8401  1.93
18.8501  2.1
18.8601  1.98
18.8701  2.01
18.8801  2.07
18.8901  2.04
18.9001  2.03
18.9101  2.13
18.9201  2.05
18.9301  2.11
18.9401  2.02
18.9501  2.02
18.9601  2.14
18.9701  2.02
18.9801  2.08
18.9901  2.14
19.0001  1.98
19.0101  2.16
19.0201  2.12
19.0301  2.04
19.0401  2.1
19.0501  2.12
19.0601  2.06
19.0701  2.19
19.0801  2.02
19.0901  2.12
19.1001  2.03
19.1101  2.05
19.1201  2.05
19.1301  2.1
19.1401  2.07
19.1501  2.04
19.1601  2.09
19.1701  2.02
19.1801  2.02
19.1901  2.03
19.2001  2.01
19.2101  1.99
19.2201  2.07
19.2301  1.99
19.2401  1.99
19.2501  2
19.2601  2
19.2701  1.99
19.2801  1.96
19.2901  1.96
19.3001  1.97
19.3101  1.9
19.3201  1.96
19.3301  2.02
19.3401  1.92
19.3501  1.98
19.3601  2.01
19.3701  2
19.3801  1.87
19.3901  2.05
19.4001  1.87
19.4101  2
19.4201  1.98
19.4301  1.91
19.4401  1.95
19.4501  1.93
19.4601  2
19.4701  1.96
19.4801  2
19.4901  2.03
19.5001  2.01
19.5101  1.93
19.5201  2.09
19.5301  2.02
19.5401  2.01
19.5501  2.05
19.5601  1.97
19.5701  2
19.5801  2.01
19.5901  2.08
19.6001  2.04
19.6101  2.03
19.6201  2.08
19.6301  2.04
19.6401  2.09
19.6501  2.08
19.6601  2.03
19.6701  2.12
19.6801  2.02
19.6901  2.08
19.7001  2.13
19.7101  2.07
19.7201  2.06
19.7301  2.11
19.7401  2.07
19.7501  2.07
19.7601  2.09
19.7701  2.05
19.7801  2.07
19.7901  2.04
19.8001  2.1
19.8101  2.07
19.8201  2.06
19.8301  2.16
19.8401  2
19.8501  2.05
19.8601  2
19.8701  2.05
19.8801  2.04
19.8901  2
19.9001  2.07
19.9101  2.01
19.9201  1.97
19.9301  2.06
19.9401  1.99
19.9501  1.96
19.9601  2
19.9701  1.93
19.9801  2
19.9901  1.96
20.0001  2.01
20.0101  1.92
20.0201  2.09
20.0301  1.91
20.0401  1.97
20.0501  2.02
20.0601  1.93
20.0701  1.98
20.0801  2
20.0901  1.95
20.1001  1.97
20.1101  1.95
20.1201  1.91
20.1301  2.05
20.1401  1.95
20.1501  1.95
20.1601  1.98
20.1701  2.01
20.1801  1.97
20.1901  2.05
20.2001  1.98
20.2101  2
20.2201  2.02
20.2301  2.08
20.2401  1.95
20.2501  2.06
20.2601  2.01
20.2701  2.02
20.2801  2.04
20.2901  2
20.3001  2.06
20.3101  2.08
20.3201  2.03
20.3301  2.04
20.3401  2.07
20.3501  2.04
20.3601  2.12
20.3701  2.1
20.3801  2.05
20.3901  2.1
20.4001  2.1
20.4101  2.06
20.4201  2.1
20.4301  2.02
20.4401  2.08
20.4501  2.04
20.4601  2.08
20.4701  2.06
20.4801  2.07
20.4901  2.08
20.5001  2.05
20.5101  2.09
20.5201  2
20.5301  2.06
20.5401  1.99
20.5501  2.1
20.5601  2.07
20.5701  2.03
20.5801  2.03
20.5901  2.05
20.6001  1.96
20.6101  2.09
20.6201  1.97
20.6301  1.99
20.6401  1.99
20.6501  2.01
20.6601  1.94
20.6701  1.96
20.6801  2.09
20.6901  2
20.7001  1.95
20.7101  1.95
20.7201  1.96
20.7301  2.03
20.7401  1.96
20.7501  2.01
20.7601  1.88
20.7701  2.03
20.7801  1.94
20.7901  1.98
20.8001  2.01
20.8101  1.97
20.8201  2.01
20.8301  1.91
20.8401  1.92
20.8501  2.07
20.8601  2
20.8701  1.99
20.8801  1.98
20.8901  2.01
20.9001  1.96
20.9101  2.02
20.9201  2
20.9301  2.06
20.9401  1.98
20.9501  2.08
20.9601  2.02
20.9701  2.1
20.9801  2.04
20.9901  1.95
21.0001  2.1
21.0101  1.98
21.0201  2.07
21.0301  2.05
21.0401  2.06
21.0501  2.02
21.0601  2.07
21.0701  2.05
21.0801  2.07
21.0901  2.06
21.1001  2.07
21.1101  2.1
21.1201  2.1
21.1301  2.06
21.1401  2
21.1501  2.09
21.1601  2.1
21.1701  2.01
21.1801  2.05
21.1901  2.06
21.2001  2.08
21.2101  2.05
21.2201  2.08
21.2301  2.02
21.2401  2.09
21.2501  2.01
21.2601  2.09
21.2701  2
21.2801  2.05
21.2901  1.97
21.3001  2.03
21.3101  2.05
21.3201  1.98
21.3301  1.99
21.3401  2.03
21.3501  2.01
21.3601  2
21.3701  1.97
21.3801  1.98
21.3901  2
21.4001  1.98
21.4101  1.95
21.4201  1.97
21.4301  1.92
21.4401  2.06
21.4501  2
21.4601  2.01
21.4701  2.02
21.4801  1.94
21.4901  2
21.5001  1.94
21.5101  1.95
21.5201  1.96
21.5301  2.06
21.5401  1.96
21.5501  1.99
21.5601  2.06
21.5701  1.96
21.5801  1.98
21.5901  2.05
21.6001  1.97
21.6101  2.02
21.6201  1.96
21.6301  2.1
21.6401  2.01
21.6501  1.98
21.6601  2.06
21.6701  2.07
21.6801  2.01
21.6901  1.99
21.7001  2.07
21.7101  2
21.7201  1.99
21.7301  2.11
21.7401  2.02
21.7501  2.06
21.7601  2.04
21.7701  2.12
21.7801  1.99
21.7901  2.05
21.8001  2.08
21.8101  2.07
21.8201  2.08
21.8301  2.04
21.8401  2.04
21.8501  2.06
21.8601  2.04
21.8701  2.12
21.8801  2.04
21.8901  2.08
21.9001  2.05
21.9101  2.06
21.9201  2.04
21.9301  2.01
21.9401  2.05
21.9501  2.03
21.9601  2.01
21.9701  1.98
21.9801  2.07
21.9901  2.06
22.0001  1.99
22.0101  2.01
22.0201  2.01
22.0301  1.93
22.0401  2.09
22.0501  1.98
22.0601  2.03
22.0701  2.03
22.0801  1.97
22.0901  1.97
22.1001  2.03
22.1101  1.96
22.1201  2.03
22.1301  2
22.1401  2.01
22.1501  1.97
22.1601  2
22.1701  1.9
22.1801  2.08
22.1901  1.96
22.2001  1.96
22.2101  2.06
22.2201  1.95
22.2301  2
22.2401  1.95
22.2501  2.06
22.2601  1.96
22.2701  1.97
22.2801  2.04
22.2901  2
22.3001  1.96
22.3101  2.01
22.3201  2.08
22.3301  1.98
22.3401  2.02
22.3501  2.05
22.3601  2.02
22.3701  2.02
22.3801  2.1
22.3901  1.96
22.4001  2.06
22.4101  2.04
22.4201  2.03
22.4301  2.08
22.4401  2.02
22.4501  2.05
22.4601  2.06
22.4701  2.06
22.4801  2.07
22.4901  1.99
22.5001  2.06
22.5101  2.09
22.5201  2.04
22.5301  2.11
22.5401  2.04
22.5501  2.06
22.5601  2.05
22.5701  2.03
22.5801  2
22.5901  2.1
22.6001  2.03
22.6101  2.06
22.6201  2.02
22.6301  2.04
22.6401  2.02
22.6501  2.03
22.6601  1.99
22.6701  2.07
22.6801  2.03
22.6901  2.07
22.7001  1.99
22.7101  2.02
22.7201  2.01
22.7301  1.99
22.7401  2.06
22.7501  1.98
22.7601  2.07
22.7701  2
22.7801  2.05
22.7901  1.9
22.8001  2.03
22.8101  2.01
22.8201  1.94
22.8301  1.93
22.8401  2.03
22.8501  2.04
22.8601  1.93
22.8701  2.01
22.8801  2.02
22.8901  2
22.9001  1.95
22.9101  2.04
22.9201  1.98
22.9301  1.98
22.9401  2
22.9501  1.96
22.9601  2
22.9701  2.01
22.9801  2.04
22.9901  2.03
23.0001  1.96
23.0101  1.99
23.0201  2.06
23.0301  1.93
23.0401  2.19
23.0501  1.97
23.0601  2
23.0701  2.08
23.0801  1.96
23.0901  2.09
23.1001  2.02
23.1101  2.03
23.1201  2.04
23.1301  2.03
23.1401  2.02
23.1501  2.08
23.1601  1.98
23.1701  2.08
23.1801  2.09
23.1901  2.02
23.2001  2
23.2101  2.07
23.2201  2.06
23.2301  2.09
23.2401  2.05
23.2501  2.1
23.2601  1.96
23.2701  2.08
23.2801  2.04
23.2901  2.01
23.3001  2.01
23.3101  2.05
23.3201  2.08
23.3301  2.03
23.3401  2.02
23.3501  2.12
23.3601  2.01
23.3701  1.99
23.3801  2.02
23.3901  2.04
23.4001  2
23.4101  2.09
23.4201  1.97
23.4301  1.99
23.4401  2.07
23.4501  2
23.4601  1.95
23.4701  2.03
23.4801  2.02
23.4901  1.9
23.5001  2.03
23.5101  2.01
23.5201  2.04
23.5301  1.96
23.5401  2
23.5501  2.06
23.5601  1.94
23.5701  1.99
23.5801  2.03
23.5901  2
23.6001  1.94
23.6101  1.98
23.6201  1.96
23.6301  1.99
23.6401  2.09
23.6501  2
23.6601  1.97
23.6701  1.98
23.6801  2.1
23.6901  1.98
23.7001  1.92
23.7101  2.09
23.7201  2.01
23.7301  2.03
23.7401  2.08
23.7501  1.98
23.7601  2.01
23.7701  2.01
23.7801  2.04
23.7901  1.96
23.8001  2.09
23.8101  2.02
23.8201  2
23.8301  2
23.8401  2.11
23.8501  2.03
23.8601  1.99
23.8701  2.1
23.8801  2.06
23.8901  1.99
23.9001  2.11
23.9101  2.03
23.9201  2.07
23.9301  2.06
23.9401  2.09
23.9501  2.06
23.9601  2.02
23.9701  2.01
23.9801  2.1
23.9901  1.96
24.0001  2.04
24.0101  2.05
24.0201  2.04
24.0301  2.04
24.0401  2.03
24.0501  2.08
24.0601  2.01
24.0701  2.03
24.0801  2.04
24.0901  2.01
24.1001  2.05
24.1101  2
24.1201  2.02
24.1301  1.99
24.1401  2.04
24.1501  2.02
24.1601  2.03
24.1701  1.96
24.1801  2.07
24.1901  1.93
24.2001  1.99
24.2101  2.04
24.2201  2.09
24.2301  1.95
24.2401  2.01
24.2501  2.02
24.2601  2.04
24.2701  1.97
24.2801  2.01
24.2901  1.99
24.3001  1.95
24.3101  1.99
24.3201  2.02
24.3301  1.96
24.3401  2.08
24.3501  2
24.3601  1.97
24.3701  1.97
24.3801  2
24.3901  2.03
24.4001  1.95
24.4101  2.09
24.4201  2.02
24.4301  2.09
24.4401  2.05
24.4501  2.01
24.4601  1.99
24.4701  2
24.4801  2.08
24.4901  1.99
24.5001  2
24.5101  2.1
24.5201  1.98
24.5301  2.01
24.5401  2.11
24.5501  1.99
24.5601  2.03
24.5701  2.05
24.5801  2.04
24.5901  2.03
24.6001  2.04
24.6101  2.16
24.6201  1.98
24.6301  2.01
24.6401  2.08
24.6501  2.04
24.6601  2.03
24.6701  2.03
24.6801  2.07
24.6901  2.01
24.7001  2.01
24.7101  2.1
24.7201  2.04
24.7301  1.99
24.7401  2
24.7501  2.05
24.7601  2.08
24.7701  1.93
24.7801  2.1
24.7901  2
24.8001  2
24.8101  1.99
24.8201  2.03
24.8301  2.08
24.8401  1.98
24.8501  2.04
24.8601  1.98
24.8701  1.99
24.8801  1.98
24.8901  2.05
24.9001  1.97
24.9101  2.02
24.9201  2.08
24.9301  1.97
24.9401  1.93
24.9501  2
24.9601  2
24.9701  2.03
24.9801  2
24.9901  2.04
25.0001  2.02
25.0101  1.94
25.0201  2.01
25.0301  1.95
25.0401  2
25.0501  2.03
25.0601  2.02
25.0701  2.07
25.0801  1.99
25.0901  2.05
25.1001  1.94
25.1101  1.99
25.1201  2.08
25.1301  1.98
25.1401  2.07
25.1501  2
25.1601  2.03
25.1701  2
25.1801  2.1
25.1901  2.06
25.2001  1.95
25.2101  2.08
25.2201  2.08
25.2301  1.98
25.2401  2.07
25.2501  1.99
25.2601  2.08
25.2701  2.01
25.2801  2
25.2901  2.04
25.3001  2.01
25.3101  2.08
25.3201  1.99
25.3301  2.01
25.3401  2.08
25.3501  2.04
25.3601  2.11
25.3701  2.02
25.3801  2.06
25.3901  2.02
25.4001  2.02
25.4101  2.08
25.4201  2.02
25.4301  2.05
25.4401  1.97
25.4501  2.05
25.4601  2.01
25.4701  2.11
25.4801  1.93
25.4901  2.05
25.5001  2.05
25.5101  2.01
25.5201  1.99
25.5301  2.02
25.5401  1.99
25.5501  1.96
25.5601  2.02
25.5701  2.03
25.5801  1.98
25.5901  2.04
25.6001  2.08
25.6101  1.97
25.6201  1.96
25.6301  2.03
25.6401  1.99
25.6501  2.01
25.6601  1.97
25.6701  2
25.6801  2.02
25.6901  1.99
25.7001  1.94
25.7101  2.02
25.7201  2.05
25.7301  2.05
25.7401  1.97
25.7501  2.07
25.7601  1.96
25.7701  2.06
25.7801  2.04
25.7901  1.99
25.8001  1.99
25.8101  2.01
25.8201  2.01
25.8301  2.04
25.8401  2.02
25.8501  2.1
25.8601  2.01
25.8701  1.97
25.8801  2.01
25.8901  2.01
25.9001  2.05
25.9101  1.96
25.9201  2.05
25.9301  2.06
25.9401  2.08
25.9501  2.02
25.9601  2
25.9701  2.08
25.9801  2.02
25.9901  2.08
26.0001  2.08
26.0101  2.07
26.0201  1.99
26.0301  2.04
26.0401  2.15
26.0501  1.98
26.0601  2
26.0701  2.02
26.0801  2.07
26.0901  2
26.1001  2.07
26.1101  1.99
26.1201  2
26.1301  2.06
26.1401  2.05
26.1501  2.02
26.1601  2.05
26.1701  2.02
26.1801  1.98
26.1901  2
26.2001  2.03
26.2101  2.01
26.2201  2.06
26.2301  1.99
26.2401  1.97
26.2501  2.09
26.2601  1.93
26.2701  2.14
26.2801  1.93
26.2901  2.05
26.3001  2
26.3101  2.03
26.3201  2.01
26.3301  1.99
26.3401  1.99
26.3501  2.02
26.3601  2.02
26.3701  2
26.3801  2.06
26.3901  1.95
26.4001  2.02
26.4101  2.04
26.4201  1.93
26.4301  2.06
26.4401  1.96
26.4501  1.98
26.4601  2.07
26.4701  2.06
26.4801  1.97
26.4901  1.99
26.5001  2.07
26.5101  1.94
26.5201  2.03
26.5301  2.07
26.5401  1.96
26.5501  2.02
26.5601  2.04
26.5701  2.02
26.5801  2
26.5901  2.02
26.6001  2.02
26.6101  2.1
26.6201  2.01
26.6301  2.05
26.6401  2.08
26.6501  2.04
26.6601  2
26.6701  2.04
26.6801  1.98
26.6901  2.04
26.7001  2.05
26.7101  2.06
26.7201  2.04
26.7301  2.03
26.7401  2.06
26.7501  1.96
26.7601  2.01
26.7701  2.08
26.7801  2.08
26.7901  2.02
26.8001  2
26.8101  2.09
26.8201  1.92
26.8301  2.13
26.8401  1.97
26.8501  2.04
26.8601  2.04
26.8701  2.07
26.8801  2.02
26.8901  1.95
26.9001  2.01
26.9101  2.04
26.9201  2.06
26.9301  1.94
26.9401  2.06
26.9501  2.05
26.9601  2
26.9701  2.02
26.9801  2.02
26.9901  1.99
27.0001  2.03
27.0101  2.03
27.0201  1.99
27.0301  2.04
27.0401  2
27.0501  1.99
27.0601  2.02
27.0701  1.97
27.0801  2.02
27.0901  1.98
27.1001  2.02
27.1101  2.06
27.1201  1.97
27.1301  2.02
27.1401  1.98
27.1501  2
27.1601  2
27.1701  2.04
27.1801  2
27.1901  1.95
27.2001  2.05
27.2101  2.03
27.2201  2.04
27.2301  2.02
27.2401  1.96
27.2501  2.09
27.2601  1.96
27.2701  2.09
27.2801  2.03
27.2901  2.01
27.3001  2.06
27.3101  2.05
27.3201  2.02
27.3301  2.02
27.3401  2.04
27.3501  2.03
27.3601  2.02
27.3701  1.96
27.3801  2.11
27.3901  2.06
27.4001  1.98
27.4101  1.95
27.4201  2.04
27.4301  2.05
27.4401  2.06
27.4501  2.06
27.4601  2.08
27.4701  2
27.4801  2
27.4901  2.09
27.5001  2.05
27.5101  1.98
27.5201  2
27.5301  2.01
27.5401  2.14
27.5501  1.98
27.5601  2
27.5701  2.07
27.5801  2.02
27.5901  2.03
27.6001  2.01
27.6101  2.04
27.6201  2.05
27.6301  1.93
27.6401  2
27.6501  2.06
27.6601  2.02
27.6701  1.99
27.6801  2.09
27.6901  1.96
27.7001  2.06
27.7101  2.01
27.7201  1.96
27.7301  2
27.7401  1.96
27.7501  2.06
27.7601  2.02
27.7701  1.99
27.7801  2.05
27.7901  1.98
27.8001  2.08
27.8101  1.98
27.8201  1.94
27.8301  2.06
27.8401  2.11
27.8501  1.98
27.8601  2
27.8701  2.03
27.8801  2.02
27.8901  2
27.9001  1.97
27.9101  2.02
27.9201  2.04
27.9301  2.02
27.9401  2.06
27.9501  1.94
27.9601  2.07
27.9701  2.03
27.9801  2.02
27.9901  2.05
28.0001  2.04
28.0101  2.01
28.0201  2.08
28.0301  2.03
28.0401  2.01
28.0501  2.07
28.0601  1.99
28.0701  2.03
28.0801  2.03
28.0901  2.07
28.1001  1.98
28.1101  1.98
28.1201  2.08
28.1301  2.03
28.1401  2.08
28.1501  1.98
28.1601  2.03
28.1701  2.05
28.1801  2.03
28.1901  2.11
28.2001  2.07
28.2101  1.94
28.2201  2.03
28.2301  2.01
28.2401  2.01
28.2501  2.01
28.2601  2.03
28.2701  2.01
28.2801  2.03
28.2901  2
28.3001  2.04
28.3101  2.02
28.3201  2.01
28.3301  2.01
28.3401  1.96
28.3501  2.07
28.3601  2.06
28.3701  2.06
28.3801  2.03
28.3901  1.96
28.4001  1.98
28.4101  2.01
28.4201  2.02
28.4301  1.99
28.4401  2.02
28.4501  1.95
28.4601  2.11
28.4701  1.94
28.4801  2.03
28.4901  2.01
28.5001  2
28.5101  2.05
28.5201  2
28.5301  2.04
28.5401  1.97
28.5501  2.05
28.5601  1.99
28.5701  2.06
28.5801  1.93
28.5901  2.04
28.6001  2.09
28.6101  1.94
28.6201  2.01
28.6301  2.04
28.6401  2.05
28.6501  2
28.6601  2.05
28.6701  2
28.6801  2.05
28.6901  2.03
28.7001  2.04
28.7101  2.04
28.7201  1.98
28.7301  2.05
28.7401  2.08
28.7501  2.08
28.7601  1.97
28.7701  2
28.7801  2.05
28.7901  1.97
28.8001  2.03
28.8101  2.07
28.8201  1.96
28.8301  2.08
28.8401  2.04
28.8501  2.02
28.8601  2.08
28.8701  2.01
28.8801  2.02
28.8901  2.01
28.9001  2.11
28.9101  2
28.9201  1.99
28.9301  2.08
28.9401  1.93
28.9501  2.06
28.9601  2.01
28.9701  2.05
28.9801  1.98
28.9901  2.01
29.0001  2.04
29.0101  2.07
29.0201  1.94
29.0301  2.04
29.0401  2.04
29.0501  2.04
29.0601  2
29.0701  1.98
29.0801  2.05
29.0901  1.98
29.1001  2
29.1101  2
29.1201  2.09
29.1301  2
29.1401  2.05
29.1501  1.91
29.1601  2.01
29.1701  2.06
29.1801  1.98
29.1901  1.99
29.2001  2.04
29.2101  1.97
29.2201  2.06
29.2301  2.04
29.2401  2.03
29.2501  2.03
29.2601  2.01
29.2701  2
29.2801  2
29.2901  2.01
29.3001  2.04
29.3101  2
29.3201  2.02
29.3301  1.97
29.3401  2.01
29.3501  2.13
29.3601  1.96
29.3701  2.02
29.3801  2.05
29.3901  2.07
29.4001  1.98
29.4101  2.06
29.4201  2.09
29.4301  2.05
29.4401  1.97
29.4501  2.07
29.4601  2.05
29.4701  1.98
29.4801  2
29.4901  2.05
29.5001  2.02
29.5101  2.02
29.5201  2.08
29.5301  1.99
29.5401  2.01
29.5501  2.06
29.5601  2.01
29.5701  2.1
29.5801  2.02
29.5901  2.02
29.6001  2
29.6101  1.99
29.6201  2.07
29.6301  2.03
29.6401  2.02
29.6501  2.02
29.6601  1.98
29.6701  2.04
29.6801  2.09
29.6901  2.07
29.7001  1.95
29.7101  2.01
29.7201  1.96
29.7301  2.06
29.7401  2.05
29.7501  1.99
29.7601  2.04
29.7701  2.03
29.7801  1.99
29.7901  2.01
29.8001  1.98
29.8101  2.1
29.8201  2.01
29.8301  1.95
29.8401  2.03
29.8501  1.99
29.8601  1.95
29.8701  2.05
29.8801  2.01
29.8901  2
29.9001  2.01
29.9101  1.98
29.9201  2.02
29.9301  2.06
29.9401  2.02
29.9501  2.03
29.9601  2.01
29.9701  2.05
29.9801  2.06
29.9901  2.01
30.0001  2.02
30.0101  1.98
30.0201  2.01
30.0301  2.07
30.0401  1.99
30.0501  2.01
30.0601  2.01
30.0701  2.07
30.0801  1.96
30.0901  2.03
30.1001  2.06
30.1101  2.01
30.1201  2.03
30.1301  1.98
30.1401  2.1
30.1501  1.98
30.1601  2.11
30.1701  1.99
30.1801  2.06
30.1901  2.04
30.2001  2.02
30.2101  2.03
30.2201  1.96
30.2301  2.11
30.2401  2.06
30.2501  1.98
30.2601  2.03
30.2701  2.05
30.2801  2.02
30.2901  2
30.3001  2.12
30.3101  2
30.3201  2.01
30.3301  2.06
30.3401  2.01
30.3501  1.99
30.3601  2.06
30.3701  2.04
30.3801  1.92
30.3901  2.03
30.4001  2.02
30.4101  2.07
30.4201  2.04
30.4301  1.97
30.4401  2
30.4501  2.08
30.4601  2.02
30.4701  2.01
30.4801  1.94
30.4901  2.03
30.5001  2
30.5101  2.04
30.5201  1.95
30.5301  2.06
30.5401  2.03
30.5501  1.99
30.5601  2
30.5701  1.95
30.5801  2.02
30.5901  2.02
30.6001  2.04
30.6101  2.05
30.6201  1.98
30.6301  2.02
30.6401  2.01
30.6501  2.06
30.6601  2
30.6701  1.97
30.6801  2.05
30.6901  2.02
30.7001  2
30.7101  1.99
30.7201  2.04
30.7301  2.03
30.7401  1.95
30.7501  2.11
30.7601  2.06
30.7701  1.99
30.7801  1.98
30.7901  2.12
30.8001  2.01
30.8101  1.99
30.8201  2.02
30.8301  1.97
30.8401  2.11
30.8501  2.01
30.8601  2.03
30.8701  2.03
30.8801  1.99
30.8901  2.09
30.9001  2.04
30.9101  2.02
30.9201  2.05
30.9301  2.08
30.9401  1.99
30.9501  1.99
30.9601  2.1
30.9701  2.06
30.9801  2.02
30.9901  1.99
31.0001  2.09
31.0101  1.98
31.0201  1.99
31.0301  2.11
31.0401  2.01
31.0501  1.97
31.0601  2.1
31.0701  1.96
31.0801  2.01
31.0901  2.08
31.1001  1.98
31.1101  2.06
31.1201  2
31.1301  1.97
31.1401  2.1
31.1501  1.99
31.1601  2
31.1701  2.04
31.1801  2.01
31.1901  2.05
31.2001  1.97
31.2101  2.05
31.2201  1.97
31.2301  2.07
31.2401  1.95
31.2501  2.07
31.2601  2.02
31.2701  1.97
31.2801  2.02
31.2901  2.01
31.3001  2
31.3101  2.03
31.3201  1.99
31.3301  2.02
31.3401  2.01
31.3501  1.98
31.3601  2.08
31.3701  2
31.3801  1.98
31.3901  2.06
31.4001  2.05
31.4101  2
31.4201  1.95
31.4301  2.06
31.4401  1.93
31.4501  2.09
31.4601  1.98
31.4701  2.04
31.4801  2.05
31.4901  2.04
31.5001  1.98
31.5101  2.05
31.5201  2.05
31.5301  2.02
31.5401  2.02
31.5501  2.01
31.5601  2.01
31.5701  2.08
31.5801  2.03
31.5901  2.03
31.6001  2.01
31.6101  2.05
31.6201  2.01
31.6301  2.02
31.6401  2.02
31.6501  2.05
31.6601  2.05
31.6701  2
31.6801  2.07
31.6901  2.02
31.7001  1.95
31.7101  2.06
31.7201  2.06
31.7301  2.02
31.7401  2.06
31.7501  2
31.7601  2.02
31.7701  1.97
31.7801  2.1
31.7901  1.93
31.8001  2.08
31.8101  1.96
31.8201  2.1
31.8301  2.1
31.8401  1.93
31.8501  2.02
31.8601  2.08
31.8701  1.98
31.8801  2.04
31.8901  2.03
31.9001  1.95
31.9101  2.07
31.9201  1.97
31.9301  1.98
31.9401  2.09
31.9501  1.95
31.9601  2.02
31.9701  2.04
31.9801  1.97
31.9901  2.02
32.0001  1.99
32.0101  2.05
32.0201  1.93
32.0301  2.04
32.0401  2.11
32.0501  2.04
32.0601  1.97
32.0701  1.98
32.0801  2.05
32.0901  1.97
32.1001  2.01
32.1101  2.04
32.1201  2.04
32.1301  2.08
32.1401  1.98
32.1501  1.98
32.1601  2.01
32.1701  2.06
32.1801  2.05
32.1901  1.96
32.2001  2.08
32.2101  1.99
32.2201  1.99
32.2301  2.07
32.2401  1.97
32.2501  2.03
32.2601  2.07
32.2701  2.07
32.2801  1.94
32.2901  2.08
32.3001  2.02
32.3101  2
32.3201  2.09
32.3301  2.06
32.3401  2
32.3501  2.03
32.3601  2.1
32.3701  2.03
32.3801  1.99
32.3901  1.95
32.4001  2.03
32.4101  2.12
32.4201  1.98
32.4301  2
32.4401  2.02
32.4501  2.02
32.4601  2.04
32.4701  2.09
32.4801  2.03
32.4901  1.94
32.5001  2.01
32.5101  2.06
32.5201  2.06
32.5301  2.09
32.5401  2.01
32.5501  1.96
32.5601  2.01
32.5701  2.07
32.5801  1.98
32.5901  2.06
32.6001  1.98
32.6101  1.99
32.6201  2.02
32.6301  2.06
32.6401  2
32.6501  2.07
32.6601  1.94
32.6701  2.06
32.6801  2.05
32.6901  1.98
32.7001  2.05
32.7101  2.01
32.7201  1.96
32.7301  2.07
32.7401  1.95
32.7501  1.97
32.7601  2.06
32.7701  1.99
32.7801  2.05
32.7901  2
32.8001  2.05
32.8101  2.01
32.8201  2.1
32.8301  1.96
32.8401  2.05
32.8501  2
32.8601  1.93
32.8701  2.13
32.8801  1.99
32.8901  2.11
32.9001  1.93
32.9101  2.09
32.9201  1.98
32.9301  2.02
32.9401  2.06
32.9501  1.98
32.9601  2.04
32.9701  1.93
32.9801  2.03
32.9901  2.08
33.0001  2.04
33.0101  2.01
33.0201  2.05
33.0301  2.01
33.0401  2.07
33.0501  2.01
33.0601  2
33.0701  1.97
33.0801  2.04
33.0901  2.1
33.1001  2.07
33.1101  1.99
33.1201  1.98
33.1301  2.11
33.1401  2
33.1501  2.08
33.1601  1.93
33.1701  2.03
33.1801  2.12
33.1901  1.97
33.2001  2.05
33.2101  2.02
33.2201  2
33.2301  2.05
33.2401  2.02
33.2501  1.97
33.2601  1.99
33.2701  2.08
33.2801  2.01
33.2901  1.96
33.3001  1.97
33.3101  2.09
33.3201  1.96
33.3301  2.09
33.3401  1.97
33.3501  2.01
33.3601  2.06
33.3701  2.01
33.3801  2.01
33.3901  2.08
33.4001  1.95
33.4101  2.09
33.4201  2.01
33.4301  1.99
33.4401  2.04
33.4501  2.02
33.4601  2.01
33.4701  2.02
33.4801  1.96
33.4901  2.03
33.5001  2.03
33.5101  2.05
33.5201  1.97
33.5301  2.01
33.5401  2
33.5501  2.05
33.5601  2.05
33.5701  2
33.5801  2.04
33.5901  1.98
33.6001  1.93
33.6101  2.05
33.6201  2.09
33.6301  2.05
33.6401  1.95
33.6501  2.06
33.6601  2.02
33.6701  2.05
33.6801  2.02
33.6901  1.96
33.7001  2.06
33.7101  2.05
33.7201  2.02
33.7301  2.02
33.7401  2.04
33.7501  2.05
33.7601  2
33.7701  2.01
33.7801  2.04
33.7901  1.97
33.8001  2.06
33.8101  1.97
33.8201  2.06
33.8301  1.99
33.8401  2.02
33.8501  2.04
33.8601  2.08
33.8701  2.02
33.8801  2.04
33.8901  1.98
33.9001  2.06
33.9101  2.04
33.9201  2.02
33.9301  2.06
33.9401  2.02
33.9501  2.03
33.9601  2.02
33.9701  2.03
33.9801  1.96
33.9901  2
34.0001  2.06
34.0101  2.09
34.0201  1.97
34.0301  2.02
34.0401  2.06
34.0501  1.97
34.0601  2.03
34.0701  2
34.0801  2.12
34.0901  2.01
34.1001  2.01
34.1101  2.01
34.1201  1.99
34.1301  1.99
34.1401  2.06
34.1501  1.99
34.1601  2.02
34.1701  1.96
34.1801  2.02
34.1901  2
34.2001  2.07
34.2101  2.06
34.2201  2.02
34.2301  2.02
34.2401  1.98
34.2501  2.07
34.2601  1.99
34.2701  2.04
34.2801  1.98
34.2901  2.03
34.3001  2
34.3101  2.08
34.3201  2.07
34.3301  2
34.3401  1.95
34.3501  2.08
34.3601  2.04
34.3701  1.97
34.3801  2.03
34.3901  1.99
34.4001  2.04
34.4101  1.98
34.4201  2.03
34.4301  2.03
34.4401  2.02
34.4501  2.02
34.4601  2.06
34.4701  1.99
34.4801  2.03
34.4901  2.03
34.5  2.03
34.51  2.06
34.52  1.95
34.53  2.05
34.54  2.04
34.55  2.08
34.56  1.9
34.57  2.05
34.58  2
34.59  2.07
34.6  2.04
34.61  1.99
34.62  2.05
34.63  2
34.64  2.05
34.65  2
34.66  2
34.67  2.05
34.68  2.04
34.69  1.98
34.7  2.09
34.71  1.99
34.72  2.03
34.73  2.01
34.74  1.98
34.75  2.06
34.76  1.93
34.77  2.13
34.78  1.92
34.79  2.11
34.8  2.01
34.81  1.99
34.82  1.99
34.83  1.98
34.84  2.09
34.85  2.04
34.86  2
34.87  2.01
34.88  2.08
34.89  1.93
34.9  2.09
34.91  1.96
34.92  1.99
34.93  1.99
34.94  2.1
34.95  2.07
34.96  1.89
34.97  2.12
34.98  2.04
34.99  1.98
35  2.1
35.01  1.93
35.02  2.03
35.03  1.98
35.04  2.04
35.05  2
35.06  2.01
35.07  2.07
35.08  2
35.09  2.05
35.1  1.98
35.11  2.1
35.12  2.03
35.13  1.98
35.14  2.04
35.15  2
35.16  2.02
35.17  2.02
35.18  2.02
35.19  1.94
35.2  2.14
35.21  1.95
35.22  2.09
35.23  2.03
35.24  2
35.25  2.04
35.26  2.07
35.27  1.92
35.28  2.08
35.29  2
35.3  2.07
35.31  2.07
35.32  2
35.33  2.02
35.34  2.07
35.35  1.98
35.36  2.11
35.37  1.92
35.38  2.02
35.39  2.05
35.4  2.03
35.41  1.93
35.42  2.03
35.43  2.09
35.44  2.05
35.45  2
35.46  2
35.47  2.06
35.48  2.04
35.49  1.97
35.5  2.05
35.51  2.03
35.52  1.97
35.53  2.03
35.54  2.03
35.55  2.02
35.56  2.05
35.57  2.04
35.58  2.03
35.59  2.07
35.6  2.01
35.61  1.94
35.62  2.05
35.63  2
35.64  1.94
35.65  2.11
35.66  1.98
35.67  2.09
35.68  1.97
35.69  2.02
35.7  2.05
35.71  1.95
35.72  2.03
35.73  2.09
35.74  2.01
35.75  2.01
35.76  1.98
35.77  2.02
35.78  1.99
35.79  2.04
35.8  1.99
35.81  2.01
35.82  2.02
35.83  2.11
35.84  2.01
35.85  2.06
35.86  2.05
35.87  1.99
35.88  2.03
35.89  2.05
35.9  2.03
35.91  2.06
35.92  1.9
35.93  2.08
35.94  1.98
35.95  2
35.96  2.1
35.97  2.04
35.98  1.95
35.99  2.01
36  2.12
36.01  1.91
36.02  2.05
36.03  2.04
36.04  1.99
36.05  2.04
36.06  2.02
36.07  2.12
36.08  1.98
36.09  2.04
36.1  1.99
36.11  2.01
36.12  2
36.13  2.07
36.14  1.99
36.15  2.05
36.16  2.06
36.17  1.91
36.18  2.09
36.19  2.02
36.2  2.02
36.21  2.06
36.22  2.09
36.23  1.94
36.24  1.98
36.25  2.07
36.26  2.1
36.27  1.96
36.28  1.92
36.29  2.09
36.3  1.96
36.31  2.05
36.32  1.95
36.33  2.08
36.34  1.98
36.35  2
36.36  2.05
36.37  2.11
36.38  1.95
36.39  2.04
36.4  1.99
36.41  2.04
36.42  1.97
36.43  2.07
36.44  2.03
36.45  1.97
36.46  2.02
36.47  1.97
36.48  2.04
36.49  1.97
36.5  2.08
36.51  2.04
36.52  2.08
36.53  2.02
36.54  1.97
36.55  2.06
36.56  2.05
36.57  2
36.58  1.93
36.59  2.08
36.6  1.98
36.61  1.95
36.62  2.06
36.63  2
36.64  2.09
36.65  1.97
36.66  2.06
36.67  2.02
36.68  2.05
36.69  2.08
36.7  2.04
36.71  1.97
36.72  2.06
36.73  1.95
36.74  2.06
36.75  2.01
36.76  1.99
36.77  2.06
36.78  2.02
36.79  2.01
36.8  2.08
36.81  2.06
36.82  1.94
36.83  2.09
36.84  2.01
36.85  2.1
36.86  1.96
36.87  2.01
36.88  2
36.89  2.07
36.9  2.02
36.91  1.98
36.92  2.07
36.93  1.96
36.94  2.11
36.95  2.09
36.96  1.98
36.97  2.02
36.98  2
36.99  2.05
37  1.97
37.01  1.99
37.02  2.01
37.03  2.04
37.04  1.99
37.05  2.06
37.06  2
37.07  2.02
37.08  2.11
37.09  1.96
37.1  1.96
37.11  2.07
37.12  2
37.13  2.02
37.14  2.01
37.15  2.02
37.16  2.07
37.17  2.04
37.18  2
37.19  1.98
37.2  2.01
37.21  2.02
37.22  2.05
37.23  2.03
37.24  1.96
37.25  2.04
37.26  1.97
37.27  2.05
37.28  2.1
37.29  1.97
37.3  2.03
37.31  1.98
37.32  1.98
37.33  2.06
37.34  2.04
37.35  2
37.36  1.99
37.37  2.06
37.38  2
37.39  2.05
37.4  2.06
37.41  2.05
37.42  1.95
37.43  2.03
37.44  2
37.45  2
37.46  2.06
37.47  2.12
37.48  2
37.49  1.97
37.5  2.07
37.51  1.95
37.52  2.09
37.53  2.02
37.54  2.03
37.55  1.93
37.56  2.14
37.57  2.04
37.58  2
37.59  2
37.6  2.07
37.61  1.98
37.62  2.01
37.63  1.99
37.64  2.02
37.65  1.99
37.66  2.02
37.67  2.1
37.68  2.04
37.69  2.01
37.7  2
37.71  2.04
37.72  1.97
37.73  2.04
37.74  2.03
37.75  2.05
37.76  1.95
37.77  2.11
37.78  2
37.79  2.01
37.8  2.07
37.81  2.01
37.82  2.02
37.83  2
37.84  2.03
37.85  2.06
37.86  1.99
37.87  2.04
37.88  1.94
37.89  2.05
37.9  1.97
37.91  2.03
37.92  1.97
37.93  2.07
37.94  2
37.95  2.07
37.96  2
37.97  2.01
37.98  1.95
37.99  2.05
38  2.04
38.01  2.01
38.02  1.99
38.03  1.99
38.04  2.05
38.05  2.03
38.06  2.07
38.07  2.01
38.08  2.05
38.09  2.05
38.1  2
38.11  2.02
38.12  2.03
38.13  2
38.14  2.16
38.15  1.97
38.16  2.01
38.17  2.03
38.18  1.94
38.19  2.06
38.2  2.05
38.21  2.01
38.22  1.99
38.23  2.02
38.24  1.96
38.25  2.16
38.26  1.95
38.27  2.03
38.28  2.04
38.29  1.98
38.3  2.09
38.31  2.1
38.32  2
38.33  1.99
38.34  2.01
38.35  2.08
38.36  2
38.37  1.98
38.38  2.04
38.39  2.07
38.4  1.99
38.41  2.04
38.42  1.98
38.43  2.02
38.44  2.01
38.45  2.07
38.46  1.99
38.47  2.04
38.48  2.06
38.49  1.97
38.5  2.08
38.51  2.03
38.52  1.99
38.53  1.95
38.54  2.05
38.55  2
38.56  1.97
38.57  2.01
38.58  2.07
38.59  2.01
38.6  2.02
38.61  2.03
38.62  2.03
38.63  1.99
38.64  2
38.65  2.1
38.66  1.97
38.67  2
38.68  1.99
38.69  2.07
38.7  2.03
38.71  2
38.72  2.02
38.73  2.05
38.74  2.04
38.75  2.01
38.76  2.07
38.77  1.94
38.78  1.97
38.79  2.05
38.8  2.05
38.81  2
38.82  2.08
38.83  1.99
38.84  2
38.85  1.98
38.86  2.12
38.87  1.97
38.88  2.05
38.89  2.07
38.9  1.97
38.91  2.08
38.92  2.07
38.93  1.98
38.94  1.93
38.95  2.05
38.96  2.04
38.97  2.02
38.98  2.06
38.99  2.04
39  1.96
39.01  1.97
39.02  2.06
39.03  2.08
39.04  1.98
39.05  2.09
39.06  2.04
39.07  2.06
39.08  1.98
39.09  1.99
39.1  2.06
39.11  2
39.12  2.01
39.13  1.98
39.14  2.02
39.15  2.11
39.16  2.01
39.17  1.99
39.18  1.96
39.19  2.11
39.2  1.98
39.21  1.99
39.22  1.97
39.23  2.04
39.24  2.03
39.25  2.06
39.26  2.01
39.27  1.99
39.28  2.03
39.29  2
39.3  2.01
39.31  1.94
39.32  2.04
39.33  2.03
39.34  2.05
39.35  2
39.36  2.04
39.37  2.01
39.38  2.02
39.39  2.06
39.4  2.02
39.41  1.95
39.42  2.01
39.43  2.04
39.44  2.01
39.45  2.06
39.46  2.06
39.47  2
39.48  2.06
39.49  2.06
39.5  1.97
39.51  1.98
39.52  2.07
39.53  2.01
39.54  2.01
39.55  2.01
39.56  2.09
39.57  1.99
39.58  1.97
39.59  2.08
39.6  2.05
39.61  2
39.62  2.11
39.63  2.02
39.64  1.93
39.65  2.09
39.66  2.06
39.67  2.01
39.68  2.07
39.69  2.01
39.7  2.04
39.71  2.02
39.72  2
39.73  2
39.74  2.09
39.75  1.98
39.76  2.07
39.77  2.04
39.78  2
39.79  1.98
39.8  2.07
39.81  2
39.82  2.01
39.83  2.08
39.84  2.01
39.85  2.01
39.86  2.05
39.87  2.04
39.88  1.98
39.89  1.98
39.9  1.98
39.91  1.99
39.92  2.04
39.93  2.02
39.94  2.09
39.95  1.98
39.96  2.06
39.97  2.05
39.98  1.98
39.99  1.94
40  2.06
40.01  2.05
40.02  1.98
40.03  2.06
40.04  2.02
40.05  1.97
40.06  2.02
40.07  2
40.08  2.02
40.09  1.99
40.1  2.02
40.11  2.09
40.12  1.97
40.13  2.06
40.14  2.01
40.15  2
40.16  2.01
40.17  2.04
40.18  1.89
40.19  2.07
40.2  2.03
40.21  2.07
40.22  2.02
40.23  1.95
40.24  2.07
40.25  2.05
40.26  1.98
40.27  2.07
40.28  2.03
40.29  2.05
40.3  1.99
40.31  2.03
40.32  2.14
40.33  1.96
40.34  2.02
40.35  2.07
40.36  2.01
40.37  2.04
40.38  1.99
40.39  2.03
40.4  2.01
40.41  2.02
40.42  2.01
40.43  2.04
40.44  2.05
40.45  2.01
40.46  2.03
40.47  2.02
40.48  1.99
40.49  2.14
40.5  1.97
40.51  2.03
40.52  1.96
40.53  2.02
40.54  2.08
40.55  2.01
40.56  1.96
40.57  1.99
40.58  2.07
40.59  2.03
40.6  2.01
40.61  2.05
40.62  2.04
40.63  2.01
40.64  2.02
40.65  1.99
40.66  2.05
40.67  2.01
40.68  2.02
40.69  1.99
40.7  2.09
40.71  1.95
40.72  1.99
40.73  2.01
40.74  2
40.75  2
40.76  2
40.77  2.05
40.78  2
40.79  2.05
40.8  2.03
40.81  2.01
40.82  1.97
40.83  2.02
40.84  2.07
40.85  2.07
40.86  1.98
40.87  2.11
40.88  1.99
40.89  2.04
40.9  2.01
40.91  2.01
40.92  2.04
40.93  1.97
40.94  2.11
40.95  1.97
40.96  1.99
40.97  2.03
40.98  2.02
40.99  2.03
41  2.05
41.01  2.01
41.02  2.03
41.03  1.96
41.04  2.12
41.05  2
41.06  2.07
41.07  2.1
41.08  1.98
41.09  1.98
41.1  2.05
41.11  2.06
41.12  2.02
41.13  1.95
41.14  2.07
41.15  2
41.16  1.98
41.17  2.02
41.18  2.08
41.19  2.01
41.2  2.03
41.21  2.03
41.22  2.05
41.23  1.98
41.24  2.03
41.25  2.02
41.26  2
41.27  2.07
41.28  1.98
41.29  2.09
41.3  1.97
41.31  1.98
41.32  1.99
41.33  2.04
41.34  2
41.35  2.07
41.36  2.06
41.37  1.96
41.38  1.97
41.39  2.03
41.4  2.03
41.41  2.08
41.42  1.99
41.43  2
41.44  1.97
41.45  2.07
41.46  1.99
41.47  2.01
41.48  1.96
41.49  2
41.5  2.13
41.51  1.93
41.52  2.06
41.53  2.03
41.54  2.11
41.55  1.93
41.56  2.01
41.57  1.98
41.58  2.05
41.59  2.04
41.6  2.04
41.61  1.99
41.62  2.01
41.63  2.07
41.64  2
41.65  2.12
41.66  2
41.67  2.04
41.68  1.93
41.69  2.04
41.7  2
41.71  2.07
41.72  1.96
41.73  2.07
41.74  2.05
41.75  1.96
41.76  2.03
41.77  2.08
41.78  2.01
41.79  2.06
41.8  1.91
41.81  2.1
41.82  2.07
41.83  2.02
41.84  2
41.85  2.07
41.86  1.97
41.87  2.07
41.88  2
41.89  2.03
41.9  2.05
41.91  1.97
41.92  2.05
41.93  1.98
41.94  2.08
41.95  2
41.96  2.05
41.97  1.98
41.98  2.07
41.99  2.03
42  1.99
42.01  1.99
42.02  2.06
42.03  1.99
42.04  2.02
42.05  2.06
42.06  2.03
42.07  1.99
42.08  2
42.09  2.05
42.1  2.04
42.11  1.99
42.12  2.02
42.13  2.01
42.14  2.07
42.15  1.93
42.16  2
42.17  2.05
42.18  2.03
42.19  2.07
42.2  2
42.21  2
42.22  2.01
42.23  2.11
42.24  2
42.25  2
42.26  2.02
42.27  1.97
42.28  2.11
42.29  2
42.3  2.03
42.31  2.01
42.32  2.04
42.33  2.01
42.34  1.98
42.35  2.04
42.36  2.02
42.37  2.03
42.38  2.04
42.39  2.06
42.4  1.96
42.41  1.98
42.42  2.1
42.43  2.02
42.44  2.05
42.45  2
42.46  2.01
42.47  2.07
42.48  2.03
42.49  1.95
42.5  2.06
42.51  2.06
42.52  1.96
42.53  2.04
42.54  2.06
42.55  1.97
42.56  2.12
42.57  2.01
42.58  2.03
42.59  2.08
42.6  1.96
42.61  2.01
42.62  2.01
42.63  2.02
42.64  2.01
42.65  1.99
42.66  1.98
42.67  2.07
42.68  2.06
42.69  1.98
42.7  2.02
42.71  2.01
42.72  2.02
42.73  2.01
42.74  1.95
42.75  2.05
42.76  2.04
42.77  2.01
42.78  1.97
42.79  2.01
42.8  2.06
42.81  2.01
42.82  2.1
42.83  2.04
42.84  1.98
42.85  2.01
42.86  1.99
42.87  2.03
42.88  1.98
42.89  2.08
42.9  1.98
42.91  2.08
42.92  1.99
42.93  1.97
42.94  2.05
42.95  2.09
42.96  1.98
42.97  1.95
42.98  2.11
42.99  2
43  1.99
43.01  1.98
43.02  2.1
43.03  1.92
43.04  2.07
43.05  2.04
43.06  1.99
43.07  2.14
43.08  2.01
43.09  1.98
43.1  2.06
43.11  2.03
43.12  1.97
43.13  2
43.14  2.07
43.15  1.97
43.16  2.05
43.17  2.06
43.18  2.07
43.19  1.91
43.2  2.07
43.21  2.02
43.22  2.03
43.23  2.03
43.24  2
43.25  2.04
43.26  2.05
43.27  2.02
43.28  1.97
43.29  2
43.3  2.06
43.31  2.05
43.32  2.01
43.33  2.01
43.34  2.07
43.35  1.97
43.36  2.05
43.37  2
43.38  2.04
43.39  1.94
43.4  2.03
43.41  2.05
43.42  2.1
43.43  1.93
43.44  2.09
43.45  2.01
43.46  2.03
43.47  2.03
43.48  1.97
43.49  2.06
43.5  2.03
43.51  1.97
43.52  2.04
43.53  2
43.54  2.06
43.55  2.01
43.56  1.94
43.57  2.03
43.58  2.03
43.59  2.06
43.6  1.99
43.61  2.07
43.62  2.01
43.63  2.04
43.64  2.09
43.65  1.97
43.66  2.08
43.67  1.95
43.68  2.02
43.69  2.08
43.7  2.05
43.71  2
43.72  1.98
43.73  2.04
43.74  1.98
43.75  2
43.76  2.09
43.77  2.01
43.78  1.98
43.79  2.02
43.8  2.02
43.81  2.03
43.82  2.08
43.83  2.01
43.84  2.04
43.85  2.09
43.86  1.91
43.87  2.02
43.88  2.08
43.89  2.01
43.9  2.02
43.91  2.08
43.92  1.95
43.93  2.03
43.94  2.07
43.95  2
43.96  2.01
43.97  2.03
43.98  2
43.99  1.98
44  1.96
44.01  2.07
44.02  2.1
44.03  2.01
44.04  1.99
44.05  2.07
44.06  1.95
44.07  2.05
44.08  2.01
44.09  2.06
44.1  2.03
44.11  1.93
44.12  2
44.13  2.04
44.14  1.98
44.15  2.08
44.16  2.01
44.17  2.11
44.18  1.97
44.19  2.07
44.2  2
44.21  2.07
44.22  1.98
44.23  1.98
44.24  1.99
44.25  2
44.26  2.06
44.27  2.01
44.28  2.01
44.29  2.04
44.3  2.08
44.31  1.92
44.32  2.06
44.33  2.04
44.34  2.01
44.35  2.02
44.36  2.03
44.37  1.99
44.38  1.96
44.39  1.99
44.4  2.11
44.41  2.06
44.42  1.98
44.43  2.02
44.44  1.98
44.45  2.15
44.46  1.95
44.47  2.01
44.48  2.05
44.49  2.12
44.5  1.94
44.51  2
44.52  2.07
44.53  2.07
44.54  1.94
44.55  2.07
44.56  2.01
44.57  2.05
44.58  2.04
44.59  1.97
44.6  1.97
44.61  2.05
44.62  2
44.63  2
44.64  2.01
44.65  2.04
44.66  2.06
44.67  2.04
44.68  1.97
44.69  2.07
44.7  1.97
44.71  2.07
44.72  2.01
44.73  2.09
44.74  1.99
44.75  1.99
44.76  2.08
44.77  2.04
44.78  2.03
44.79  2.01
44.8  2.05
44.81  2.03
44.82  2
44.83  2.01
44.84  2.04
44.85  2.03
44.86  2
44.87  2.03
44.88  2
44.89  2.02
44.9  1.98
44.91  2.06
44.92  2.02
44.93  2.02
44.94  1.98
44.95  2.12
44.96  1.94
44.97  2.11
44.98  1.95
44.99  2.05
45  2.03
45.01  2.05
45.02  1.99
45.03  2.02
45.04  2.05
45.05  2.03
45.06  1.95
45.07  2.02
45.08  2.02
45.09  2
45.1  2.03
45.11  2.05
45.12  1.97
45.13  2.11
45.14  1.99
45.15  1.98
45.16  2
45.17  2.01
45.18  2.09
45.19  2.03
45.2  1.99
45.21  2.01
45.22  1.98
45.23  2.05
45.24  2.07
45.25  1.98
45.26  2.06
45.27  2.05
45.28  1.95
45.29  2.01
45.3  2
45.31  2.05
45.32  2.01
45.33  1.99
45.34  2.06
45.35  2.04
45.36  2.02
45.37  2
45.38  2.01
45.39  2
45.4  2.05
45.41  2.01
45.42  2.01
45.43  2.04
45.44  2.06
45.45  2
45.46  2
45.47  2.12
45.48  1.97
45.49  2.01
45.5  2.07
45.51  2.02
45.52  1.94
45.53  2.03
45.54  2.03
45.55  2.07
45.56  2.02
45.57  2.01
45.58  2
45.59  2.02
45.6  2.05
45.61  2.02
45.62  1.99
45.63  1.99
45.64  2.04
45.65  2.05
45.66  2
45.67  2.02
45.68  2.09
45.69  1.98
45.7  2
45.71  2.02
45.72  2.02
45.73  2.05
45.74  2.06
45.75  1.95
45.76  1.91
45.77  2.13
45.78  1.94
45.79  2.14
45.8  1.99
45.81  2
45.82  2.08
45.83  1.99
45.84  2.01
45.85  2.05
45.86  2.04
45.87  1.97
45.88  1.97
45.89  2.09
45.9  2.04
45.91  2.03
45.92  2.01
45.93  1.98
45.94  2.08
45.95  1.99
45.96  2.01
45.97  2.05
45.98  2.02
45.99  1.99
46  2.12
46.01  1.99
46.02  1.97
46.03  2.11
46.04  2.01
46.05  1.98
46.06  2.05
46.07  2.02
46.08  2.03
46.09  1.99
46.1  2.03
46.11  2.01
46.12  2.12
46.13  2.03
46.14  2.03
46.15  2.01
46.16  2.06
46.17  1.93
46.18  2.11
46.19  1.96
46.2  2.05
46.21  2.01
46.22  2.01
46.23  2.12
46.24  2.01
46.25  1.96
46.26  2
46.27  2.04
46.28  1.99
46.29  1.99
46.3  2.04
46.31  2
46.32  2.04
46.33  2.07
46.34  1.98
46.35  2.04
46.36  1.93
46.37  2.09
46.38  2.01
46.39  2
46.4  2.06
46.41  1.98
46.42  2.11
46.43  2.01
46.44  1.95
46.45  2.06
46.46  2.05
46.47  1.96
46.48  2.04
46.49  2
46.5  1.99
46.51  2.05
46.52  2
46.53  1.96
46.54  2.06
46.55  2.02
46.56  2.04
46.57  1.98
46.58  1.99
46.59  2.04
46.6  2.1
46.61  2
46.62  1.95
46.63  2.09
46.64  2
46.65  1.91
46.66  2.01
46.67  2.05
46.68  2.1
46.69  2.01
46.7  2.07
46.71  2.06
46.72  2.02
46.73  1.96
46.74  2.07
46.75  2.02
46.76  2
46.77  2
46.78  2.03
46.79  2.02
46.8  2.06
46.81  2.03
46.82  2.02
46.83  1.96
46.84  2.07
46.85  2.01
46.86  2
46.87  1.95
46.88  2.07
46.89  2.11
46.9  1.94
46.91  2.07
46.92  1.98
46.93  2.04
46.94  2
46.95  1.96
46.96  2.09
46.97  2
46.98  2.04
46.99  2.08
47  2.03
47.01  2.05
47.02  1.93
47.03  2.08
47.04  2.01
47.05  2.04
47.06  2.1
47.07  1.92
47.08  2.08
47.09  2
47.1  2.06
47.11  2.01
47.12  1.95
47.13  1.99
47.14  2.03
47.15  2.06
47.16  1.97
47.17  2.08
47.18  2.02
47.19  2.09
47.2  2
47.21  2.01
47.22  1.91
47.23  2.05
47.24  2.03
47.25  2.01
47.26  1.99
47.27  2.08
47.28  2.09
47.29  1.99
47.3  2
47.31  2.05
47.32  2
47.33  2.02
47.34  2.01
47.35  1.99
47.36  2.12
47.37  2.01
47.38  2.04
47.39  1.95
47.4  1.99
47.41  2.08
47.42  2.02
47.43  2.05
47.44  2.03
47.45  1.93
47.46  2.07
47.47  2.04
47.48  2.09
47.49  1.99
47.5  1.99
47.51  2.01
47.52  2.03
47.53  1.96
47.54  2.08
47.55  2.07
47.56  2.05
47.57  1.99
47.58  1.93
47.59  2.07
47.6  2.05
47.61  2.1
47.62  1.95
47.63  2
47.64  1.99
47.65  2
47.66  2.11
47.67  1.96
47.68  2.03
47.69  1.99
47.7  2.12
47.71  2.05
47.72  1.99
47.73  1.96
47.74  2.07
47.75  2.01
47.76  2.06
47.77  1.9
47.78  2.1
47.79  2.06
47.8  1.95
47.81  2.05
47.82  1.99
47.83  2.08
47.84  1.99
47.85  2.06
47.86  1.99
47.87  2.07
47.88  1.99
47.89  1.88
47.9  2.09
47.91  2.08
47.92  2.06
47.93  1.93
47.94  2.11
47.95  2.04
47.96  1.97
47.97  2.01
47.98  2.03
47.99  2.06
48  1.94
48.01  2.02
48.02  2.02
48.03  2.01
48.04  2.05
48.05  2.05
48.06  1.97
48.07  2.08
48.08  2.01
48.09  2
48.1  1.96
48.11  2.08
48.12  2.02
48.13  2.06
48.14  1.96
48.15  2.01
48.16  2.06
48.17  2.02
48.18  2
48.19  1.98
48.2  2.03
48.21  2.07
48.22  2.04
48.23  1.99
48.24  2.03
48.25  2.04
48.26  2.02
48.27  1.97
48.28  2.07
48.29  1.97
48.3  2.08
48.31  2.03
48.32  1.96
48.33  2.1
48.34  2
48.35  2.05
48.36  2.06
48.37  1.99
48.38  2.04
48.39  2.01
48.4  2.05
48.41  2.01
48.42  2.12
48.43  1.94
48.44  2.05
48.45  1.93
48.46  2.04
48.47  2.04
48.48  2.06
48.49  2
48.5  2.03
48.51  2.03
48.52  2.04
48.53  2.04
48.54  2.01
48.55  2.03
48.56  2.03
48.57  1.97
48.58  2.08
48.59  2
48.6  2.02
48.61  2.04
48.62  1.95
48.63  2.01
48.64  2.06
48.65  2.01
48.66  1.98
48.67  2.05
48.68  2.08
48.69  2.07
48.7  2.02
48.71  2.01
48.72  1.98
48.73  2.04
48.74  1.99
48.75  2.06
48.76  2.05
48.77  1.95
48.78  1.94
48.79  2.11
48.8  2.04
48.81  2
48.82  1.99
48.83  2.01
48.84  2.01
48.85  2.04
48.86  1.95
48.87  2.04
48.88  2.01
48.89  2.02
48.9  2.05
48.91  1.96
48.92  2.13
48.93  2
48.94  2.03
48.95  1.88
48.96  2.02
48.97  2.08
48.98  2
48.99  2.07
49  2.03
49.01  2.08
49.02  1.96
49.03  2
49.04  2.08
49.05  2.02
49.06  2
49.07  1.98
49.08  2.03
49.09  2
49.1  2.02
49.11  2
49.12  2.09
49.13  2.04
49.14  1.97
49.15  2.06
49.16  2.03
49.17  2.04
49.18  2
49.19  2.06
49.2  1.98
49.21  2.01
49.22  1.96
49.23  1.98
49.24  2.09
49.25  2.02
49.26  2.01
49.27  2.05
49.28  2.02
49.29  1.98
49.3  2.07
49.31  2
49.32  2.08
49.33  2.1
49.34  1.99
49.35  2
49.36  2.05
49.37  1.99
49.38  2.07
49.39  2.02
49.4  1.99
49.41  2.07
49.42  1.95
49.43  1.98
49.44  2.07
49.45  2.03
49.46  2.04
49.47  1.98
49.48  2.04
49.49  2
49.5  2.02
49.51  1.96
49.52  2.04
49.53  2.05
49.54  2.01
49.55  2.02
49.56  2.08
49.57  2
49.58  1.97
49.59  2.05
49.6  2.1
49.61  2
49.62  2.08
49.63  1.95
49.64  2.05
49.65  2.05
49.66  2.01
49.67  1.98
49.68  2.06
49.69  2
49.7  1.97
49.71  2.02
49.72  1.96
49.73  2.07
49.74  2.04
49.75  2.08
49.76  2.07
49.77  1.99
49.78  2.01
49.79  1.99
49.8  2.03
49.81  2.01
49.82  2.1
49.83  1.95
49.84  2.1
49.85  2.02
49.86  1.97
49.87  2.11
49.88  2.07
49.89  1.91
49.9  1.95
49.91  2.03
49.92  2.03
49.93  2.11
49.94  1.93
49.95  2.07
49.96  1.96
49.97  2.06
49.98  2.06
49.99  2.11
50  1.97
50.01  2.07
50.02  1.96
50.03  1.98
50.04  2.02
50.05  2.06
50.06  2
50.07  2.03
50.08  1.95
50.09  2.03
50.1  2.07
50.11  2
50.12  2.01
50.13  2.05
50.14  1.97
50.15  2.05
50.16  2.06
50.17  2.06
50.18  1.99
50.19  1.98
50.2  2.06
50.21  1.97
50.22  1.99
50.23  2.07
50.24  1.96
50.25  1.98
50.26  2.07
50.27  1.93
50.28  2.06
50.29  2.04
50.3  2.03
50.31  2.06
50.32  2.01
50.33  2
50.34  2.07
50.35  2.03
50.36  1.98
50.37  2.05
50.38  1.98
50.39  2.01
50.4  2.06
50.41  2.07
50.42  1.96
50.43  2.06
50.44  1.92
50.45  2.09
50.46  2
50.47  2.01
50.48  2.06
50.49  1.93
50.5  2.06
50.51  2.03
50.52  2.09
50.53  1.94
50.54  2.13
50.55  1.96
50.56  1.99
50.57  2.08
50.58  1.96
50.59  2.09
50.6  2.05
50.61  1.94
50.62  2.1
50.63  2.03
50.64  1.99
50.65  2.05
50.66  2.06
50.67  2.02
50.68  2
50.69  2.08
50.7  2.07
50.71  2.05
50.72  2
50.73  1.96
50.74  2.06
50.75  1.98
50.76  2.04
50.77  1.99
50.78  2.03
50.79  2
50.8  2.06
50.81  2.1
50.82  1.98
50.83  1.96
50.84  1.98
50.85  2.09
50.86  1.93
50.87  2.05
50.88  2.09
50.89  2.03
50.9  2.01
50.91  2
50.92  2.04
50.93  2.09
50.94  2.01
50.95  1.97
50.96  2.03
50.97  2
50.98  1.99
50.99  2.08
51  2.03
51.01  1.98
51.02  1.99
51.03  2.04
51.04  1.97
51.05  2.06
51.06  1.99
51.07  2.04
51.08  1.95
51.09  2.11
51.1  2.04
51.11  1.98
51.12  1.92
51.13  2.05
51.14  2.01
51.15  1.95
51.16  2.09
51.17  2.03
51.18  2.01
51.19  2.02
51.2  1.96
51.21  2.1
51.22  2.02
51.23  2.03
51.24  1.94
51.25  2.15
51.26  2.02
51.27  1.92
51.28  2.11
51.29  2
51.3  2.03
51.31  2.1
51.32  1.99
51.33  1.97
51.34  2.04
51.35  2.02
51.36  1.97
51.37  2.09
51.38  2.07
51.39  1.97
51.4  2.03
51.41  2.02
51.42  2
51.43  2.05
51.44  1.97
51.45  2.1
51.46  2.02
51.47  1.99
51.48  2.16
51.49  1.99
51.5  1.99
51.51  2
51.52  2.01
51.53  1.97
51.54  2.06
51.55  2.1
51.56  2.01
51.57  2.04
51.58  2
51.59  2.08
51.6  1.94
51.61  1.96
51.62  2.07
51.63  1.96
51.64  2.06
51.65  2.09
51.66  2.02
51.67  2.05
51.68  1.95
51.69  2.07
51.7  1.94
51.71  2.02
51.72  2.05
51.73  2
51.74  2.03
51.75  2.02
51.76  2.04
51.77  1.97
51.78  2.03
51.79  2.01
51.8  2.09
51.81  1.99
51.82  2.01
51.83  2.03
51.84  2
51.85  1.98
51.86  2.04
51.87  1.99
51.88  2.04
51.89  2.04
51.9  2.01
51.91  2.05
51.92  2.08
51.93  1.96
51.94  1.98
51.95  2.14
51.96  1.97
51.97  2.04
51.98  1.99
51.99  2.02
52  2.03
52.01  2.06
52.02  2.01
52.03  2.08
52.04  1.93
52.05  2.13
52.06  1.99
52.07  2
52.08  2.06
52.09  2
52.1  1.97
52.11  2.05
52.12  2.04
52.13  1.97
52.14  2.04
52.15  2.07
52.16  2.03
52.17  1.99
52.18  2.06
52.19  2.12
52.2  1.96
52.21  2.03
52.22  2
52.23  2
52.24  1.98
52.25  1.98
52.26  2.17
52.27  1.97
52.28  2
52.29  2.03
52.3  2.02
52.31  2.01
52.32  2.08
52.33  2.01
52.34  1.98
52.35  1.97
52.36  1.98
52.37  2.02
52.38  2.06
52.39  2.03
52.4  2.02
52.41  2
52.42  1.99
52.43  2.05
52.44  2
52.45  2.03
52.46  2.05
52.47  2.01
52.48  1.97
52.49  2.06
52.5  1.95
52.51  2.06
52.52  2.04
52.53  1.96
52.54  2.01
52.55  2.04
52.56  2.02
52.57  2.01
52.58  1.99
52.59  2.06
52.6  2
52.61  2.07
52.62  1.96
52.63  2.04
52.64  2.08
52.65  2.01
52.66  2.02
52.67  1.98
52.68  2.06
52.69  1.98
52.7  1.99
52.71  2.05
52.72  2.02
52.73  2.08
52.74  2.04
52.75  1.96
52.76  2.09
52.77  1.94
52.78  2.12
52.79  2
52.8  2
52.81  2.1
52.82  2.03
52.83  2.04
52.84  1.96
52.85  2.05
52.86  2
52.87  2.11
52.88  2.07
52.89  1.89
52.9  2.05
52.91  2
52.92  2
52.93  1.98
52.94  2.03
52.95  2.12
52.96  2.12
52.97  1.96
52.98  1.99
52.99  2.06
53  2.05
53.01  2.03
53.02  1.96
53.03  2.06
53.04  2
53.05  2.03
53.06  1.98
53.07  2.03
53.08  2.02
53.09  2.03
53.1  2.02
53.11  2.03
53.12  2.05
53.13  1.95
53.14  2.11
53.15  1.96
53.16  1.99
53.17  1.98
53.18  2.06
53.19  1.98
53.2  2.02
53.21  2.02
53.22  2.06
53.23  2.02
53.24  2.08
53.25  1.99
53.26  2.03
53.27  1.97
53.28  2.08
53.29  2
53.3  2.08
53.31  1.95
53.32  2.04
53.33  1.97
53.34  2.09
53.35  1.99
53.36  2.02
53.37  2.05
53.38  2.07
53.39  2.02
53.4  1.94
53.41  2.05
53.42  1.99
53.43  2.01
53.44  2.03
53.45  2
53.46  2.03
53.47  2.05
53.48  2.03
53.49  2.03
53.5  1.97
53.51  2.04
53.52  2.06
53.53  1.96
53.54  2.06
53.55  2.06
53.56  1.89
53.57  2.13
53.58  1.98
53.59  2.05
53.6  2.05
53.61  2.09
53.62  2.05
53.63  1.98
53.64  2.02
53.65  2.05
53.66  2.02
53.67  2.01
53.68  1.92
53.69  2.06
53.7  2.11
53.71  1.93
53.72  1.99
53.73  2.07
53.74  2.04
53.75  2.03
53.76  1.97
53.77  2.03
53.78  2.01
53.79  2.02
53.8  2
53.81  2.02
53.82  2.07
53.83  1.99
53.84  1.98
53.85  2.06
53.86  2.1
53.87  1.96
53.88  2.01
53.89  2
53.9  2.03
53.91  2.05
53.92  2.02
53.93  2.01
53.94  1.98
53.95  2.02
53.96  2.07
53.97  1.98
53.98  1.99
53.99  2.07
54  2.06
54.01  1.96
54.02  2
54.03  1.99
54.04  2.06
54.05  1.98
54.06  2.12
54.07  2.1
54.08  2.02
54.09  1.97
54.1  1.96
54.11  2.01
54.12  2.02
54.13  2.05
54.14  2.03
54.15  2.03
54.16  2.02
54.17  1.96
54.18  2.11
54.19  1.96
54.2  2.05
54.21  1.98
54.22  2.13
54.23  2.04
54.24  2.04
54.25  2.01
54.26  1.94
54.27  2.08
54.28  1.99
54.29  2.03
54.3  2.07
54.31  1.97
54.32  2.04
54.33  2.03
54.34  2.09
54.35  1.97
54.36  2.06
54.37  1.96
54.38  2.02
54.39  2.03
54.4  1.97
54.41  2.06
54.42  2.04
54.43  1.99
54.44  2.04
54.45  2.05
54.46  2.07
54.47  2
54.48  1.95
54.49  2.02
54.5  2.03
54.51  2.01
54.52  1.97
54.53  2.09
54.54  2.02
54.55  2.03
54.56  1.98
54.57  2.05
54.58  1.98
54.59  2.01
54.6  2.07
54.61  2.06
54.62  1.95
54.63  2.11
54.64  1.93
54.65  1.99
54.66  1.94
54.67  2.02
54.68  1.99
54.69  2.07
54.7  2.03
54.71  1.98
54.72  2.1
54.73  2.03
54.74  1.95
54.75  1.99
54.76  2.11
54.77  2.03
54.78  2.03
54.79  2.04
54.8  1.98
54.81  2.08
54.82  2
54.83  2.01
54.84  1.95
54.85  2.01
54.86  2.09
54.87  1.95
54.88  2.04
54.89  2.03
54.9  1.99
54.91  2.09
54.92  2.08
54.93  2.03
54.94  2.05
54.95  1.97
54.96  2.11
54.97  2.01
54.98  1.98
54.99  2.03
55  2.02
55.01  2.12
55.02  1.98
55.03  1.99
55.04  2.04
55.05  2
55.06  2.09
55.07  2.04
55.08  2
55.09  2.05
55.1  2.05
55.11  2.06
55.12  1.95
55.13  1.99
55.14  1.97
55.15  2.08
55.16  2.05
55.17  1.97
55.18  2.05
55.19  2.1
55.2  2.05
55.21  1.94
55.22  2.07
55.23  2.07
55.24  1.93
55.25  1.93
55.26  2.11
55.27  1.98
55.28  2.02
55.29  2
55.3  2.05
55.31  2
55.32  2.12
55.33  1.92
55.34  2.01
55.35  2.06
55.36  2
55.37  2.02
55.38  2.03
55.39  2.04
55.4  1.95
55.41  1.98
55.42  2.05
55.43  2.07
55.44  1.96
55.45  2.06
55.46  1.98
55.47  2.09
55.48  1.99
55.49  2.01
55.5  2.04
55.51  1.97
55.52  2.05
55.53  2
55.54  2.01
55.55  2.01
55.56  2.05
55.57  1.99
55.58  2.06
55.59  2.06
55.6  2.05
55.61  2
55.62  2.04
55.63  2.03
55.64  1.94
55.65  2.05
55.66  2.06
55.67  1.97
55.68  2.02
55.69  2.06
55.7  2.01
55.71  1.99
55.72  2.12
55.73  2.02
55.74  2.05
55.75  1.97
55.76  2.08
55.77  1.95
55.78  1.94
55.79  2.19
55.8  2
55.81  1.98
55.82  2.03
55.83  1.97
55.84  2.09
55.85  2.02
55.86  2.01
55.87  2.06
55.88  2.02
55.89  2.02
55.9  2.06
55.91  1.97
55.92  1.96
55.93  2.05
55.94  2.07
55.95  1.99
55.96  2.01
55.97  2
55.98  2.08
55.99  1.94
56  1.98
56.01  2.01
56.02  2.01
56.03  2.01
56.04  2.03
56.05  2.08
56.06  2.02
56.07  1.99
56.08  1.98
56.09  1.99
56.1  2.02
56.11  2.03
56.12  1.97
56.13  2
56.14  2.09
56.15  1.98
56.16  2.02
56.17  2.06
56.18  1.99
56.19  2.02
56.2  2.09
56.21  2.03
56.22  1.98
56.23  2.09
56.24  1.95
56.25  1.95
56.26  2.09
56.27  2.06
56.28  2.07
56.29  1.95
56.3  2.04
56.31  2.02
56.32  2.05
56.33  1.97
56.34  2.09
56.35  2.03
56.36  2.05
56.37  2.02
56.38  1.96
56.39  2.03
56.4  2.07
56.41  1.98
56.42  2.1
56.43  2.08
56.44  2
56.45  1.96
56.46  2.08
56.47  2.01
56.48  2.02
56.49  2.05
56.5  2.05
56.51  2.03
56.52  2.11
56.53  1.94
56.54  2.05
56.55  1.97
56.56  2.02
56.57  2.12
56.58  2
56.59  2.02
56.6  2.05
56.61  1.99
56.62  2
56.63  2.03
56.64  2.04
56.65  2.02
56.66  2.04
56.67  1.98
56.68  1.99
56.69  2.03
56.7  1.99
56.71  2.02
56.72  1.95
56.73  2.05
56.74  2.06
56.75  1.99
56.76  2.06
56.77  1.99
56.78  2.04
56.79  1.97
56.8  2.05
56.81  2.03
56.82  2.02
56.83  1.94
56.84  2.02
56.85  2.06
56.86  1.99
56.87  2.04
56.88  1.99
56.89  2.02
56.9  2.06
56.91  2.05
56.92  1.96
56.93  1.99
56.94  2.06
56.95  2.01
56.96  1.97
56.97  2.05
56.98  2.08
56.99  1.92
57  2.02
57.01  2.1
57.02  1.95
57.03  2.01
57.04  2.04
57.05  2.07
57.06  2.01
57.07  2.06
57.08  2.05
57.09  2.06
57.1  2
57.11  1.98
57.12  2.08
57.13  2.02
57.14  2.03
57.15  2.04
57.16  2.02
57.17  1.98
57.18  2.03
57.19  2
57.2  2.06
57.21  1.98
57.22  2.05
57.23  2.07
57.24  2.11
57.25  1.95
57.26  2.02
57.27  2.05
57.28  2.05
57.29  2
57.3  2.03
57.31  1.96
57.32  2.11
57.33  1.97
57.34  2.02
57.35  2
57.36  2.03
57.37  2.03
57.38  2.02
57.39  1.99
57.4  1.99
57.41  2.01
57.42  2.12
57.43  1.94
57.44  2.04
57.45  2.03
57.46  2.06
57.47  2.05
57.48  1.92
57.49  1.99
57.5  2
57.51  2.02
57.52  2.08
57.53  1.97
57.54  2.02
57.55  2.04
57.56  2
57.57  2.04
57.58  2.11
57.59  1.94
57.6  2.11
57.61  1.97
57.62  2.01
57.63  2.04
57.64  2.04
57.65  1.99
57.66  2.01
57.67  2
57.68  2.08
57.69  1.9
57.7  2.17
57.71  2.04
57.72  1.96
57.73  2.04
57.74  2.03
57.75  1.96
57.76  2.01
57.77  2.01
57.78  2.07
57.79  2.03
57.8  2
57.81  1.96
57.82  2.04
57.83  2.06
57.84  2.06
57.85  2.04
57.86  2.1
57.87  1.95
57.88  2.09
57.89  1.99
57.9  1.99
57.91  2.05
57.92  2.01
57.93  2.03
57.94  2.03
57.95  2.01
57.96  2.07
57.97  1.98
57.98  1.98
57.99  2.1
58  2.02
58.01  1.96
58.02  1.99
58.03  2.05
58.04  1.92
58.05  2.06
58.06  2.03
58.07  2.06
58.08  1.99
58.09  2.1
58.1  1.92
58.11  2.05
58.12  1.95
58.13  2.04
58.14  2.01
58.15  2.04
58.16  2.01
58.17  2.11
58.18  1.94
58.19  2.05
58.2  1.94
58.21  2.08
58.22  1.97
58.23  2.03
58.24  2.05
58.25  1.98
58.26  2.04
58.27  2.01
58.28  2.03
58.29  2.04
58.3  1.96
58.31  2.02
58.32  2.04
58.33  2.16
58.34  1.95
58.35  2.01
58.36  2.05
58.37  1.97
58.38  2.03
58.39  2.01
58.4  2.05
58.41  2.06
58.42  1.96
58.43  2.09
58.44  1.94
58.45  2.07
58.46  2.05
58.47  2.11
58.48  1.88
58.49  2.13
58.5  2.07
58.51  1.99
58.52  1.98
58.53  2.02
58.54  2.01
58.55  2.05
58.56  2.13
58.57  2
58.58  2.06
58.59  2.03
58.6  1.99
58.61  2.06
58.62  1.93
58.63  2.08
58.64  2.04
58.65  2
58.66  1.98
58.67  2.05
58.68  2.03
58.69  2.04
58.7  1.99
58.71  2.05
58.72  1.99
58.73  2.04
58.74  2.01
58.75  2.02
58.76  2.02
58.77  2.01
58.78  1.95
58.79  2.01
58.8  2.04
58.81  2.02
58.82  2.1
58.83  1.88
58.84  2.07
58.85  2.05
58.86  2.06
58.87  1.98
58.88  1.99
58.89  2.13
58.9  1.96
58.91  2.02
58.92  2.04
58.93  1.93
58.94  2.03
58.95  1.97
58.96  2.07
58.97  2.06
58.98  1.93
58.99  2.03
59  2.03
59.01  1.96
59.02  2.09
59.03  1.94
59.04  2.04
59.05  2.04
59.06  1.92
59.07  2.13
59.08  1.96
59.09  2.06
59.1  1.99
59.11  2.17
59.12  1.98
59.13  1.98
59.14  2.07
59.15  2.03
59.16  1.96
59.17  2.01
59.18  2.1
59.19  2.02
59.2  2.07
59.21  2
59.22  2.07
59.23  1.99
59.24  2.06
59.25  1.98
59.26  2.02
59.27  2.09
59.28  1.96
59.29  1.99
59.3  2.05
59.31  2.04
59.32  2.06
59.33  1.96
59.34  1.98
59.35  2.13
59.36  2
59.37  2.01
59.38  1.98
59.39  2.06
59.4  2.01
59.41  1.98
59.42  2.11
59.43  2.04
59.44  1.99
59.45  2
59.46  1.92
59.47  2.12
59.48  2.02
59.49  2.01
59.5  2
59.51  1.96
59.52  2.03
59.53  2.1
59.54  2.02
59.55  1.99
59.56  1.98
59.57  2.01
59.58  2.07
59.59  2.01
59.6  2.05
59.61  2.05
59.62  2.01
59.63  2.02
59.64  2.04
59.65  1.95
59.66  2.04
59.67  2.03
59.68  1.94
59.69  2.1
59.7  1.97
59.71  2.08
59.72  2.01
59.73  2.06
59.74  2.01
59.75  2.06
59.76  1.97
59.77  2.08
59.78  2.05
59.79  2.03
59.8  2
59.81  1.95
59.82  2.06
59.83  2.08
59.84  1.94
59.85  2.09
59.86  2.06
59.87  2.06
59.88  1.99
59.89  1.95
59.9  2.14
59.91  1.98
59.92  1.98
59.93  2.03
59.94  2.05
59.95  2.06
59.96  2.06
59.97  2.06
59.98  1.97
59.99  2.01
