-15  0
-14.99  0
-14.98  0.01
-14.97  0
-14.96  0.01
-14.95  0.02
-14.94  0.01
-14.93  0.01
-14.92  0.03
-14.91  0.02
-14.9  0.02
-14.89  0.02
-14.88  0.03
-14.87  0.02
-14.86  0.05
-14.85  0.02
-14.84  0.03
-14.83  0.04
-14.82  0.02
-14.81  0.04
-14.8  0.05
-14.79  0.04
-14.78  0.04
-14.77  0.04
-14.76  0.05
-14.75  0.04
-14.74  0.04
-14.73  0.05
-14.72  0.06
-14.71  0.04
-14.7  0.04
-14.69  0.07
-14.68  0.05
-14.67  0.03
-14.66  0.07
-14.65  0.05
-14.64  0.06
-14.63  0.07
-14.62  0.04
-14.61  0.06
-14.6  0.06
-14.59  0.05
-14.58  0.06
-14.57  0.06
-14.56  0.08
-14.55  0.06
-14.54  0.05
-14.53  0.06
-14.52  0.07
-14.51  0.07
-14.5  0.06
-14.49  0.08
-14.48  0.06
-14.47  0.07
-14.46  0.06
-14.45  0.06
-14.44  0.09
-14.43  0.06
-14.42  0.05
-14.41  0.09
-14.4  0.06
-14.39  0.08
-14.38  0.07
-14.37  0.08
-14.36  0.06
-14.35  0.07
-14.34  0.08
-14.33  0.07
-14.32  0.07
-14.31  0.08
-14.3  0.07
-14.29  0.09
-14.28  0.07
-14.27  0.07
-14.26  0.08
-14.25  0.09
-14.24  0.07
-14.23  0.08
-14.22  0.07
-14.21  0.05
-14.2  0.09
-14.19  0.07
-14.18  0.11
-14.17  0.07
-14.16  0.09
-14.15  0.08
-14.14  0.05
-14.13  0.09
-14.12  0.08
-14.11  0.09
-14.1  0.07
-14.09  0.07
-14.08  0.09
-14.07  0.08
-14.06  0.1
-14.05  0.07
-14.04  0.09
-14.03  0.07
-14.02  0.08
-14.01  0.09
-14  0.08
-13.99  0.06
-13.98  0.08
-13.97  0.11
-13.96  0.07
-13.95  0.08
-13.94  0.1
-13.93  0.09
-13.92  0.08
-13.91  0.07
-13.9  0.07
-13.89  0.09
-13.88  0.09
-13.87  0.08
-13.86  0.08
-13.85  0.08
-13.84  0.1
-13.83  0.1
-13.82  0.08
-13.81  0.08
-13.8  0.09
-13.79  0.09
-13.78  0.06
-13.77  0.1
-13.76  0.08
-13.75  0.07
-13.74  0.1
-13.73  0.08
-13.72  0.07
-13.71  0.1
-13.7  0.07
-13.69  0.12
-13.68  0.09
-13.67  0.07
-13.66  0.09
-13.65  0.08
-13.64  0.08
-13.63  0.09
-13.62  0.06
-13.61  0.1
-13.6  0.1
-13.59  0.1
-13.58  0.09
-13.57  0.08
-13.56  0.09
-13.55  0.07
-13.54  0.09
-13.53  0.1
-13.52  0.06
-13.51  0.08
-13.5  0.09
-13.49  0.1
-13.48  0.1
-13.47  0.07
-13.46  0.08
-13.45  0.08
-13.44  0.11
-13.43  0.08
-13.42  0.11
-13.41  0.06
-13.4  0.1
-13.39  0.08
-13.38  0.09
-13.37  0.09
-13.36  0.08
-13.35  0.09
-13.34  0.09
-13.33  0.07
-13.32  0.07
-13.31  0.14
-13.3  0.08
-13.29  0.09
-13.28  0.07
-13.27  0.11
-13.26  0.06
-13.25  0.1
-13.24  0.08
-13.23  0.08
-13.22  0.09
-13.21  0.08
-13.2  0.11
-13.19  0.09
-13.18  0.08
-13.17  0.07
-13.16  0.08
-13.15  0.11
-13.14  0.12
-13.13  0.08
-13.12  0.06
-13.11  0.08
-13.1  0.09
-13.09  0.07
-13.08  0.09
-13.07  0.1
-13.06  0.08
-13.05  0.1
-13.04  0.1
-13.03  0.07
-13.02  0.09
-13.01  0.09
-13  0.12
-12.99  0.08
-12.98  0.05
-12.97  0.11
-12.96  0.11
-12.95  0.07
-12.94  0.08
-12.93  0.09
-12.92  0.06
-12.91  0.11
-12.9  0.09
-12.89  0.09
-12.88  0.07
-12.87  0.09
-12.86  0.11
-12.85  0.09
-12.84  0.09
-12.83  0.07
-12.82  0.09
-12.81  0.09
-12.8  0.07
-12.79  0.12
-12.78  0.08
-12.77  0.06
-12.76  0.1
-12.75  0.07
-12.74  0.1
-12.73  0.11
-12.72  0.09
-12.71  0.08
-12.7  0.09
-12.69  0.09
-12.68  0.09
-12.67  0.1
-12.66  0.09
-12.65  0.08
-12.64  0.05
-12.63  0.09
-12.62  0.1
-12.61  0.07
-12.6  0.12
-12.59  0.08
-12.58  0.08
-12.57  0.09
-12.56  0.11
-12.55  0.08
-12.54  0.11
-12.53  0.07
-12.52  0.08
-12.51  0.08
-12.5  0.08
-12.49  0.1
-12.48  0.11
-12.47  0.06
-12.46  0.09
-12.45  0.09
-12.44  0.08
-12.43  0.08
-12.42  0.12
-12.41  0.09
-12.4  0.07
-12.39  0.1
-12.38  0.07
-12.37  0.1
-12.36  0.08
-12.35  0.1
-12.34  0.07
-12.33  0.12
-12.32  0.07
-12.31  0.09
-12.3  0.09
-12.29  0.06
-12.28  0.1
-12.27  0.07
-12.26  0.11
-12.25  0.13
-12.24  0.05
-12.23  0.09
-12.22  0.1
-12.21  0.07
-12.2  0.09
-12.19  0.07
-12.18  0.11
-12.17  0.1
-12.16  0.08
-12.15  0.08
-12.14  0.09
-12.13  0.07
-12.12  0.09
-12.11  0.1
-12.1  0.06
-12.09  0.11
-12.08  0.1
-12.07  0.07
-12.06  0.12
-12.05  0.09
-12.04  0.09
-12.03  0.08
-12.02  0.08
-12.01  0.09
-12  0.08
-11.99  0.09
-11.98  0.09
-11.97  0.05
-11.96  0.12
-11.95  0.07
-11.94  0.09
-11.93  0.12
-11.92  0.09
-11.91  0.09
-11.9  0.09
-11.89  0.08
-11.88  0.09
-11.87  0.08
-11.86  0.08
-11.85  0.06
-11.84  0.14
-11.83  0.07
-11.82  0.08
-11.81  0.1
-11.8  0.08
-11.79  0.09
-11.78  0.07
-11.77  0.1
-11.76  0.09
-11.75  0.08
-11.74  0.1
-11.73  0.11
-11.72  0.08
-11.71  0.08
-11.7  0.07
-11.69  0.09
-11.68  0.1
-11.67  0.09
-11.66  0.08
-11.65  0.1
-11.64  0.08
-11.63  0.07
-11.62  0.1
-11.61  0.08
-11.6  0.09
-11.59  0.12
-11.58  0.07
-11.57  0.05
-11.56  0.12
-11.55  0.07
-11.54  0.1
-11.53  0.13
-11.52  0.06
-11.51  0.1
-11.5  0.08
-11.49  0.08
-11.48  0.07
-11.47  0.1
-11.46  0.09
-11.45  0.09
-11.44  0.09
-11.43  0.06
-11.42  0.12
-11.41  0.08
-11.4  0.11
-11.39  0.05
-11.38  0.09
-11.37  0.1
-11.36  0.12
-11.35  0.08
-11.34  0.08
-11.33  0.09
-11.32  0.07
-11.31  0.08
-11.3  0.1
-11.29  0.09
-11.28  0.08
-11.27  0.07
-11.26  0.09
-11.25  0.11
-11.24  0.1
-11.23  0.06
-11.22  0.11
-11.21  0.09
-11.2  0.06
-11.19  0.11
-11.18  0.12
-11.17  0.09
-11.16  0.06
-11.15  0.09
-11.14  0.07
-11.13  0.12
-11.12  0.06
-11.11  0.09
-11.1  0.09
-11.09  0.06
-11.08  0.09
-11.07  0.1
-11.06  0.11
-11.05  0.09
-11.04  0.08
-11.03  0.08
-11.02  0.08
-11.01  0.11
-11  0.09
-10.99  0.06
-10.98  0.1
-10.97  0.08
-10.96  0.1
-10.95  0.11
-10.94  0.08
-10.93  0.08
-10.92  0.05
-10.91  0.12
-10.9  0.1
-10.89  0.09
-10.88  0.07
-10.87  0.09
-10.86  0.07
-10.85  0.1
-10.84  0.09
-10.83  0.09
-10.82  0.07
-10.81  0.13
-10.8  0.1
-10.79  0.06
-10.78  0.11
-10.77  0.08
-10.76  0.06
-10.75  0.08
-10.74  0.07
-10.73  0.13
-10.72  0.07
-10.71  0.09
-10.7  0.08
-10.69  0.08
-10.68  0.12
-10.67  0.07
-10.66  0.1
-10.65  0.11
-10.64  0.06
-10.63  0.11
-10.62  0.08
-10.61  0.09
-10.6  0.07
-10.59  0.09
-10.58  0.1
-10.57  0.09
-10.56  0.09
-10.55  0.07
-10.54  0.1
-10.53  0.07
-10.52  0.1
-10.51  0.05
-10.5  0.11
-10.49  0.07
-10.48  0.11
-10.47  0.13
-10.46  0.06
-10.45  0.1
-10.44  0.08
-10.43  0.11
-10.42  0.08
-10.41  0.08
-10.4  0.08
-10.39  0.07
-10.38  0.09
-10.37  0.09
-10.36  0.08
-10.35  0.09
-10.34  0.09
-10.33  0.12
-10.32  0.08
-10.31  0.08
-10.3  0.08
-10.29  0.09
-10.28  0.05
-10.27  0.11
-10.26  0.11
-10.25  0.1
-10.24  0.1
-10.23  0.07
-10.22  0.09
-10.21  0.08
-10.2  0.08
-10.19  0.09
-10.18  0.12
-10.17  0.08
-10.16  0.07
-10.15  0.09
-10.14  0.08
-10.13  0.08
-10.12  0.08
-10.11  0.08
-10.1  0.13
-10.09  0.06
-10.08  0.13
-10.07  0.05
-10.06  0.09
-10.05  0.08
-10.04  0.14
-10.03  0.07
-10.02  0.1
-10.01  0.08
-10  0.08
-9.99  0.07
-9.98  0.09
-9.97  0.1
-9.96  0.09
-9.95  0.07
-9.94  0.12
-9.93  0.06
-9.92  0.09
-9.91  0.08
-9.9  0.06
-9.89  0.1
-9.88  0.09
-9.87  0.1
-9.86  0.12
-9.85  0.07
-9.84  0.12
-9.83  0.07
-9.82  0.08
-9.81  0.08
-9.8  0.09
-9.79  0.08
-9.78  0.09
-9.77  0.1
-9.76  0.07
-9.75  0.11
-9.74  0.07
-9.73  0.08
-9.72  0.06
-9.71  0.08
-9.7  0.14
-9.69  0.1
-9.68  0.08
-9.67  0.08
-9.66  0.11
-9.65  0.07
-9.64  0.08
-9.63  0.1
-9.62  0.08
-9.61  0.08
-9.6  0.08
-9.59  0.09
-9.58  0.09
-9.57  0.11
-9.56  0.1
-9.55  0.07
-9.54  0.1
-9.53  0.08
-9.52  0.08
-9.51  0.09
-9.5  0.06
-9.49  0.09
-9.48  0.11
-9.47  0.03
-9.46  0.11
-9.45  0.15
-9.44  0.09
-9.43  0.09
-9.42  0.07
-9.41  0.09
-9.4  0.09
-9.39  0.06
-9.38  0.1
-9.37  0.08
-9.36  0.09
-9.35  0.1
-9.34  0.07
-9.33  0.09
-9.32  0.09
-9.31  0.1
-9.3  0.09
-9.29  0.09
-9.28  0.09
-9.27  0.08
-9.26  0.07
-9.25  0.08
-9.24  0.09
-9.23  0.13
-9.22  0.1
-9.21  0.05
-9.2  0.11
-9.19  0.07
-9.18  0.1
-9.17  0.09
-9.16  0.08
-9.15  0.1
-9.14  0.07
-9.13  0.05
-9.12  0.15
-9.11  0.07
-9.1  0.06
-9.09  0.1
-9.08  0.04
-9.07  0.09
-9.06  0.15
-9.05  0.1
-9.04  0.11
-9.03  0.05
-9.02  0.08
-9.01  0.16
-9  0.05
-8.99  0.06
-8.98  0.1
-8.97  0.07
-8.96  0.11
-8.95  0.06
-8.94  0.09
-8.93  0.08
-8.92  0.1
-8.91  0.08
-8.9  0.11
-8.89  0.09
-8.88  0.07
-8.87  0.1
-8.86  0.07
-8.85  0.11
-8.84  0.06
-8.83  0.12
-8.82  0.08
-8.81  0.09
-8.8  0.09
-8.79  0.08
-8.78  0.07
-8.77  0.14
-8.76  0.07
-8.75  0.03
-8.74  0.16
-8.73  0.08
-8.72  0.06
-8.71  0.09
-8.7  0.09
-8.69  0.05
-8.68  0.14
-8.67  0.08
-8.66  0.09
-8.65  0.06
-8.64  0.12
-8.63  0.1
-8.62  0.06
-8.61  0.07
-8.6  0.07
-8.59  0.16
-8.58  0.05
-8.57  0.1
-8.56  0.09
-8.55  0.1
-8.54  0.04
-8.53  0.13
-8.52  0.09
-8.51  0.09
-8.5  0.09
-8.49  0.11
-8.48  0.07
-8.47  0.03
-8.46  0.06
-8.45  0.1
-8.44  0.12
-8.43  0.11
-8.42  0.08
-8.41  0.11
-8.4  0.06
-8.39  0.07
-8.38  0.12
-8.37  0.08
-8.36  0.1
-8.35  0.11
-8.34  0.08
-8.33  0.07
-8.32  0.12
-8.31  0.07
-8.3  0.09
-8.29  0.06
-8.28  0.09
-8.27  0.06
-8.26  0.09
-8.25  0.12
-8.24  0.07
-8.23  0.09
-8.22  0.1
-8.21  0.1
-8.2  0.09
-8.19  0.1
-8.18  0.08
-8.17  0.06
-8.16  0.08
-8.15  0.12
-8.14  0.08
-8.13  0.1
-8.12  0.05
-8.11  0.11
-8.1  0.1
-8.09  0.09
-8.08  0.1
-8.07  0.07
-8.06  0.11
-8.05  0.07
-8.04  0.05
-8.03  0.1
-8.02  0.11
-8.01  0.06
-8  0.11
-7.99  0.08
-7.98  0.07
-7.97  0.1
-7.96  0.1
-7.95  0.12
-7.94  0.06
-7.93  0.09
-7.92  0.11
-7.91  0.06
-7.9  0.09
-7.89  0.12
-7.88  0.09
-7.87  0.05
-7.86  0.09
-7.85  0.07
-7.84  0.09
-7.83  0.08
-7.82  0.12
-7.81  0.07
-7.8  0.12
-7.79  0.08
-7.78  0.1
-7.77  0.05
-7.76  0.11
-7.75  0.09
-7.74  0.06
-7.73  0.09
-7.72  0.06
-7.71  0.09
-7.7  0.13
-7.69  0.09
-7.68  0.1
-7.67  0.07
-7.66  0.14
-7.65  0.06
-7.64  0.11
-7.63  0.07
-7.62  0.11
-7.61  0.05
-7.6  0.08
-7.59  0.07
-7.58  0.07
-7.57  0.09
-7.56  0.1
-7.55  0.09
-7.54  0.08
-7.53  0.1
-7.52  0.1
-7.51  0.13
-7.5  0.07
-7.49  0.06
-7.48  0.07
-7.47  0.13
-7.46  0.1
-7.45  0.09
-7.44  0.06
-7.43  0.1
-7.42  0.09
-7.41  0.07
-7.4  0.08
-7.39  0.09
-7.38  0.08
-7.37  0.08
-7.36  0.1
-7.35  0.1
-7.34  0.07
-7.33  0.1
-7.32  0.11
-7.31  0.07
-7.3  0.07
-7.29  0.09
-7.28  0.1
-7.27  0.07
-7.26  0.12
-7.25  0.07
-7.24  0.09
-7.23  0.13
-7.22  0.08
-7.21  0.09
-7.2  0.06
-7.19  0.07
-7.18  0.15
-7.17  0.04
-7.16  0.09
-7.15  0.09
-7.14  0.07
-7.13  0.05
-7.12  0.11
-7.11  0.12
-7.1  0.1
-7.09  0.07
-7.08  0.08
-7.07  0.11
-7.06  0.07
-7.05  0.13
-7.04  0.05
-7.03  0.08
-7.02  0.07
-7.01  0.14
-7  0.07
-6.99  0.11
-6.98  0.08
-6.97  0.08
-6.96  0.08
-6.95  0.1
-6.94  0.07
-6.93  0.09
-6.92  0.09
-6.91  0.11
-6.9  0.06
-6.89  0.09
-6.88  0.09
-6.87  0.08
-6.86  0.09
-6.85  0.07
-6.84  0.12
-6.83  0.07
-6.82  0.08
-6.81  0.09
-6.8  0.08
-6.79  0.1
-6.78  0.1
-6.77  0.11
-6.76  0.12
-6.75  0.07
-6.74  0.1
-6.73  0.07
-6.72  0.05
-6.71  0.07
-6.7  0.08
-6.69  0.12
-6.68  0.09
-6.67  0.11
-6.66  0.09
-6.65  0.05
-6.64  0.1
-6.63  0.1
-6.62  0.09
-6.61  0.07
-6.6  0.08
-6.59  0.08
-6.58  0.08
-6.57  0.11
-6.56  0.1
-6.55  0.1
-6.54  0.07
-6.53  0.11
-6.52  0.11
-6.51  0.06
-6.5  0.11
-6.49  0.07
-6.48  0.09
-6.47  0.08
-6.46  0.08
-6.45  0.05
-6.44  0.11
-6.43  0.11
-6.42  0.08
-6.41  0.09
-6.4  0.09
-6.39  0.06
-6.38  0.07
-6.37  0.14
-6.36  0.08
-6.35  0.09
-6.34  0.07
-6.33  0.09
-6.32  0.07
-6.31  0.14
-6.3  0.06
-6.29  0.15
-6.28  0.06
-6.27  0.09
-6.26  0.06
-6.25  0.09
-6.24  0.06
-6.23  0.09
-6.22  0.06
-6.21  0.12
-6.2  0.07
-6.19  0.13
-6.18  0.13
-6.17  0.07
-6.16  0.1
-6.15  0.06
-6.14  0.11
-6.13  0.05
-6.12  0.07
-6.11  0.05
-6.1  0.13
-6.09  0.1
-6.08  0.08
-6.07  0.07
-6.06  0.1
-6.05  0.14
-6.04  0.07
-6.03  0.06
-6.02  0.11
-6.01  0.1
-6  0.09
-5.99  0.08
-5.98  0.1
-5.97  0.08
-5.96  0.07
-5.95  0.08
-5.94  0.06
-5.93  0.1
-5.92  0.1
-5.91  0.1
-5.9  0.04
-5.89  0.13
-5.88  0.08
-5.87  0.09
-5.86  0.09
-5.85  0.1
-5.84  0.06
-5.83  0.12
-5.82  0.05
-5.81  0.13
-5.8  0.11
-5.79  0.09
-5.78  0.03
-5.77  0.1
-5.76  0.1
-5.75  0.11
-5.74  0.08
-5.73  0.08
-5.72  0.08
-5.71  0.08
-5.7  0.06
-5.69  0.12
-5.68  0.12
-5.67  0.08
-5.66  0.07
-5.65  0.08
-5.64  0.07
-5.63  0.07
-5.62  0.09
-5.61  0.13
-5.6  0.07
-5.59  0.09
-5.58  0.08
-5.57  0.13
-5.56  0.09
-5.55  0.08
-5.54  0.11
-5.53  0.08
-5.52  0.07
-5.51  0.07
-5.5  0.11
-5.49  0.05
-5.48  0.11
-5.47  0.07
-5.46  0.08
-5.45  0.12
-5.44  0.08
-5.43  0.09
-5.42  0.09
-5.41  0.06
-5.4  0.1
-5.39  0.13
-5.38  0.07
-5.37  0.07
-5.36  0.09
-5.35  0.06
-5.34  0.09
-5.33  0.12
-5.32  0.1
-5.31  0.11
-5.3  0.05
-5.29  0.11
-5.28  0.07
-5.27  0.1
-5.26  0.07
-5.25  0.07
-5.24  0.09
-5.23  0.12
-5.22  0.1
-5.21  0.06
-5.2  0.09
-5.19  0.09
-5.18  0.1
-5.17  0.07
-5.16  0.07
-5.15  0.12
-5.14  0.08
-5.13  0.1
-5.12  0.05
-5.11  0.09
-5.1  0.09
-5.09  0.11
-5.08  0.09
-5.07  0.1
-5.06  0.07
-5.05  0.13
-5.04  0.09
-5.03  0.06
-5.02  0.05
-5.01  0.12
-5  0.07
-4.99  0.11
-4.98  0.08
-4.97  0.12
-4.96  0.07
-4.95  0.08
-4.94  0.06
-4.93  0.1
-4.92  0.09
-4.91  0.08
-4.9  0.1
-4.89  0.1
-4.88  0.06
-4.87  0.12
-4.86  0.07
-4.85  0.08
-4.84  0.09
-4.83  0.11
-4.82  0.07
-4.81  0.07
-4.8  0.12
-4.79  0.11
-4.78  0.08
-4.77  0.08
-4.76  0.09
-4.75  0.09
-4.74  0.11
-4.73  0.05
-4.72  0.09
-4.71  0.06
-4.7  0.09
-4.69  0.09
-4.68  0.11
-4.67  0.08
-4.66  0.11
-4.65  0.07
-4.64  0.07
-4.63  0.07
-4.62  0.07
-4.61  0.16
-4.6  0.08
-4.59  0.08
-4.58  0.08
-4.57  0.1
-4.56  0.1
-4.55  0.11
-4.54  0.06
-4.53  0.09
-4.52  0.1
-4.51  0.06
-4.5  0.1
-4.49  0.1
-4.48  0.04
-4.47  0.1
-4.46  0.11
-4.45  0.07
-4.44  0.09
-4.43  0.09
-4.42  0.11
-4.41  0.08
-4.4  0.09
-4.39  0.04
-4.38  0.11
-4.37  0.09
-4.36  0.12
-4.35  0.05
-4.34  0.08
-4.33  0.13
-4.32  0.05
-4.31  0.12
-4.3  0.1
-4.29  0.09
-4.28  0.07
-4.27  0.07
-4.26  0.14
-4.25  0.06
-4.24  0.1
-4.23  0.09
-4.22  0.08
-4.21  0.09
-4.2  0.05
-4.19  0.1
-4.18  0.1
-4.17  0.07
-4.16  0.1
-4.15  0.08
-4.14  0.1
-4.13  0.06
-4.12  0.09
-4.11  0.04
-4.1  0.15
-4.09  0.1
-4.08  0.14
-4.07  0.05
-4.06  0.07
-4.05  0.13
-4.04  0.06
-4.03  0.07
-4.02  0.13
-4.01  0.04
-4  0.08
-3.99  0.11
-3.98  0.06
-3.97  0.14
-3.96  0.07
-3.95  0.11
-3.94  0.08
-3.93  0.08
-3.92  0.08
-3.91  0.1
-3.9  0.06
-3.89  0.06
-3.88  0.12
-3.87  0.08
-3.86  0.07
-3.85  0.07
-3.84  0.12
-3.83  0.11
-3.82  0.08
-3.81  0.09
-3.8  0.12
-3.79  0.04
-3.78  0.09
-3.77  0.13
-3.76  0.1
-3.75  0.11
-3.74  0.04
-3.73  0.08
-3.72  0.1
-3.71  0.05
-3.7  0.11
-3.69  0.06
-3.68  0.13
-3.67  0.08
-3.66  0.09
-3.65  0.05
-3.64  0.08
-3.63  0.11
-3.62  0.06
-3.61  0.11
-3.6  0.11
-3.59  0.07
-3.58  0.08
-3.57  0.13
-3.56  0.08
-3.55  0.1
-3.54  0.07
-3.53  0.08
-3.52  0.11
-3.51  0.08
-3.5  0.12
-3.49  0.08
-3.48  0.09
-3.47  0.04
-3.46  0.07
-3.45  0.12
-3.44  0.08
-3.43  0.1
-3.42  0.08
-3.41  0.06
-3.4  0.11
-3.39  0.11
-3.38  0.09
-3.37  0.06
-3.36  0.1
-3.35  0.09
-3.34  0.06
-3.33  0.09
-3.32  0.08
-3.31  0.09
-3.3  0.14
-3.29  0.08
-3.28  0.09
-3.27  0.07
-3.26  0.09
-3.25  0.12
-3.24  0.05
-3.23  0.1
-3.22  0.1
-3.21  0.04
-3.2  0.11
-3.19  0.12
-3.18  0.14
-3.17  0.05
-3.16  0.05
-3.15  0.09
-3.14  0.09
-3.13  0.08
-3.12  0.08
-3.11  0.07
-3.1  0.11
-3.09  0.06
-3.08  0.11
-3.07  0.09
-3.06  0.08
-3.05  0.13
-3.04  0.12
-3.03  0.02
-3.02  0.07
-3.01  0.11
-3  0.09
-2.99  0.06
-2.98  0.1
-2.97  0.13
-2.96  0.11
-2.95  0.06
-2.94  0.07
-2.93  0.12
-2.92  0.1
-2.91  0.08
-2.9  0.09
-2.89  0.05
-2.88  0.05
-2.87  0.12
-2.86  0.11
-2.85  0.13
-2.84  0.04
-2.83  0.04
-2.82  0.11
-2.81  0.1
-2.8  0.08
-2.79  0.08
-2.78  0.08
-2.77  0.11
-2.76  0.06
-2.75  0.12
-2.74  0.09
-2.73  0.12
-2.72  0.07
-2.71  0.06
-2.7  0.12
-2.69  0.09
-2.68  0.1
-2.67  0.08
-2.66  0.09
-2.65  0.09
-2.64  0.06
-2.63  0.13
-2.62  0.06
-2.61  0.07
-2.6  0.1
-2.59  0.06
-2.58  0.11
-2.57  0.06
-2.56  0.12
-2.55  0.09
-2.54  0.04
-2.53  0.1
-2.52  0.12
-2.51  0.1
-2.5  0.08
-2.49  0.08
-2.48  0.08
-2.47  0.09
-2.46  0.08
-2.45  0.1
-2.44  0.1
-2.43  0.09
-2.42  0.05
-2.41  0.15
-2.4  0.09
-2.39  0.06
-2.38  0.1
-2.37  0.08
-2.36  0.09
-2.35  0.02
-2.34  0.12
-2.33  0.13
-2.32  0.08
-2.31  0.07
-2.3  0.06
-2.29  0.12
-2.28  0.09
-2.27  0.11
-2.26  0.09
-2.25  0.09
-2.24  0.05
-2.23  0.1
-2.22  0.09
-2.21  0.07
-2.2  0.07
-2.19  0.1
-2.18  0.15
-2.17  0.04
-2.16  0.11
-2.15  0.08
-2.14  0.09
-2.13  0.08
-2.12  0.13
-2.11  0.06
-2.1  0.07
-2.09  0.08
-2.08  0.1
-2.07  0.09
-2.06  0.09
-2.05  0.13
-2.04  0.06
-2.03  0.1
-2.02  0.08
-2.01  0.03
-2  0.11
-1.99  0.1
-1.98  0.07
-1.97  0.12
-1.96  0.07
-1.95  0.08
-1.94  0.1
-1.93  0.07
-1.92  0.08
-1.91  0.06
-1.9  0.11
-1.89  0.17
-1.88  0.09
-1.87  0.06
-1.86  0.1
-1.85  0.1
-1.84  0.08
-1.83  0.07
-1.82  0.06
-1.81  0.13
-1.8  0.05
-1.79  0.04
-1.78  0.12
-1.77  0.13
-1.76  0.04
-1.75  0.09
-1.74  0.08
-1.73  0.11
-1.72  0.11
-1.71  0.07
-1.7  0.09
-1.69  0.07
-1.68  0.09
-1.67  0.09
-1.66  0.1
-1.65  0.07
-1.64  0.1
-1.63  0.1
-1.62  0.11
-1.61  0.1
-1.6  0.1
-1.59  0.05
-1.58  0.1
-1.57  0.08
-1.56  0.03
-1.55  0.13
-1.54  0.1
-1.53  0.09
-1.52  0.09
-1.51  0.07
-1.5  0.08
-1.49  0.11
-1.48  0.08
-1.47  0.1
-1.46  0.05
-1.45  0.14
-1.44  0.07
-1.43  0.07
-1.42  0.08
-1.41  0.1
-1.4  0.06
-1.39  0.13
-1.38  0.06
-1.37  0.09
-1.36  0.09
-1.35  0.1
-1.34  0.07
-1.33  0.1
-1.32  0.07
-1.31  0.12
-1.3  0.15
-1.29  0.08
-1.28  0.09
-1.27  0.05
-1.26  0.07
-1.25  0.1
-1.24  0.06
-1.23  0.09
-1.22  0.05
-1.21  0.08
-1.2  0.11
-1.19  0.08
-1.18  0.08
-1.17  0.11
-1.16  0.14
-1.15  0.12
-1.14  0.06
-1.13  0.06
-1.12  0.09
-1.11  0.05
-1.1  0.08
-1.09  0.13
-1.08  0.08
-1.07  0.09
-1.06  0.1
-1.05  0.08
-1.04  0.1
-1.03  0.12
-1.02  0.08
-1.01  0.09
-1  0.04
-0.99  0.07
-0.98  0.09
-0.97  0.14
-0.96  0.09
-0.95  0.09
-0.94  0.06
-0.93  0.1
-0.92  0.12
-0.91  0.06
-0.9  0.08
-0.89  0.07
-0.88  0.09
-0.87  0.07
-0.86  0.06
-0.85  0.13
-0.84  0.06
-0.83  0.09
-0.82  0.09
-0.81  0.13
-0.8  0.05
-0.79  0.11
-0.78  0.12
-0.77  0.05
-0.76  0.1
-0.75  0.11
-0.74  0.1
-0.73  0.1
-0.72  0.08
-0.71  0.08
-0.7  0.08
-0.69  0.06
-0.68  0.09
-0.67  0.1
-0.66  0.08
-0.65  0.12
-0.64  0.03
-0.63  0.07
-0.62  0.12
-0.61  0.11
-0.6  0.07
-0.59  0.1
-0.58  0.04
-0.57  0.12
-0.56  0.11
-0.55  0.07
-0.54  0.11
-0.53  0.07
-0.52  0.08
-0.51  0.12
-0.5  0.04
-0.49  0.11
-0.48  0.12
-0.47  0.11
-0.46  0.08
-0.45  0.09
-0.44  0.05
-0.43  0.06
-0.42  0.12
-0.41  0.08
-0.4  0.09
-0.39  0.11
-0.38  0.07
-0.37  0.11
-0.36  0.06
-0.35  0.03
-0.34  0.14
-0.33  0.15
-0.32  0.04
-0.31  0.05
-0.3  0.12
-0.29  0.06
-0.28  0.12
-0.27  0.1
-0.26  0.08
-0.25  0.07
-0.24  0.1
-0.23  0.09
-0.22  0.11
-0.21  0.04
-0.2  0.08
-0.19  0.11
-0.18  0.16
-0.17  0.08
-0.16  0.07
-0.15  0.05
-0.14  0.09
-0.13  0.08
-0.12  0.05
-0.11  0.12
-0.1  0.14
-0.09  0.02
-0.08  0.05
-0.07  0.14
-0.06  0.12
-0.05  0.06
-0.04  0.13
-0.03  0.06
-0.02  0.1
-0.01  0.08
-2.16197e-11  0.06
0.0001  0
0.0101  0.09
0.0201  0.08
0.0301  0.14
0.0401  0.05
0.0501  0.05
0.0601  0.14
0.0701  0.07
0.0801  0.11
0.0901  0.03
0.1001  0.15
0.1101  0.15
0.1201  0.04
0.1301  0.12
0.1401  0.09
0.1501  0.07
0.1601  0.06
0.1701  0.12
0.1801  0.08
0.1901  0.08
0.2001  0.08
0.2101  0.06
0.2201  0.1
0.2301  0.13
0.2401  0.1
0.2501  0.08
0.2601  0.11
0.2701  0.06
0.2801  0.07
0.2901  0.14
0.3001  0.05
0.3101  0.1
0.3201  0.13
0.3301  0.1
0.3401  0.09
0.3501  0.12
0.3601  0.05
0.3701  0.09
0.3801  0.13
0.3901  0.13
0.4001  0.15
0.4101  0.07
0.4201  0.11
0.4301  0.05
0.4401  0.07
0.4501  0.11
0.4601  0.07
0.4701  0.13
0.4801  0.11
0.4901  0.1
0.5001  0.11
0.5101  0.08
0.5201  0.1
0.5301  0.12
0.5401  0.06
0.5501  0.08
0.5601  0.12
0.5701  0.07
0.5801  0.14
0.5901  0.09
0.6001  0.06
0.6101  0.15
0.6201  0.14
0.6301  0.07
0.6401  0.17
0.6501  0.08
0.6601  0.1
0.6701  0.11
0.6801  0.15
0.6901  0.14
0.7001  0.09
0.7101  0.12
0.7201  0.06
0.7301  0.19
0.7401  0.11
0.7501  0.1
0.7601  0.11
0.7701  0.09
0.7801  0.08
0.7901  0.14
0.8001  0.08
0.8101  0.18
0.8201  0.12
0.8301  0.12
0.8401  0.06
0.8501  0.16
0.8601  0.09
0.8701  0.16
0.8801  0.1
0.8901  0.14
0.9001  0.17
0.9101  0.23
0.9201  0.13
0.9301  0.12
0.9401  0.09
0.9501  0.15
0.9601  0.1
0.9701  0.09
0.9801  0.18
0.9901  0.09
1.0001  0.12
1.0101  0.1
1.0201  0.1
1.0301  0.11
1.0401  0.16
1.0501  0.13
1.0601  0.16
1.0701  0.16
1.0801  0.18
1.0901  0.13
1.1001  0.12
1.1101  0.12
1.1201  0.14
1.1301  0.04
1.1401  0.12
1.1501  0.1
1.1601  0.08
1.1701  0.09
1.1801  0.15
1.1901  0.17
1.2001  0.16
1.2101  0.16
1.2201  0.09
1.2301  0.12
1.2401  0.17
1.2501  0.2
1.2601  0.14
1.2701  0.18
1.2801  0.18
1.2901  0.14
1.3001  0.12
1.3101  0.11
1.3201  0.1
1.3301  0.09
1.3401  0.19
1.3501  0.12
1.3601  0.07
1.3701  0.13
1.3801  0.18
1.3901  0.08
1.4001  0.13
1.4101  0.12
1.4201  0.17
1.4301  0.17
1.4401  0.14
1.4501  0.16
1.4601  0.16
1.4701  0.21
1.4801  0.1
1.4901  0.18
1.5001  0.15
1.5101  0.2
1.5201  0.16
1.5301  0.16
1.5401  0.15
1.5501  0.19
1.5601  0.17
1.5701  0.1
1.5801  0.17
1.5901  0.15
1.6001  0.13
1.6101  0.16
1.6201  0.18
1.6301  0.15
1.6401  0.07
1.6501  0.12
1.6601  0.17
1.6701  0.14
1.6801  0.12
1.6901  0.13
1.7001  0.24
1.7101  0.17
1.7201  0.21
1.7301  0.12
1.7401  0.07
1.7501  0.11
1.7601  0.21
1.7701  0.07
1.7801  0.24
1.7901  0.22
1.8001  0.19
1.8101  0.17
1.8201  0.15
1.8301  0.2
1.8401  0.16
1.8501  0.15
1.8601  0.15
1.8701  0.12
1.8801  0.18
1.8901  0.15
1.9001  0.22
1.9101  0.22
1.9201  0.11
1.9301  0.23
1.9401  0.16
1.9501  0.2
1.9601  0.12
1.9701  0.14
1.9801  0.19
1.9901  0.19
2.0001  0.2
2.0101  0.18
2.0201  0.17
2.0301  0.2
2.0401  0.12
2.0501  0.2
2.0601  0.15
2.0701  0.2
2.0801  0.21
2.0901  0.16
2.1001  0.18
2.1101  0.14
2.1201  0.16
2.1301  0.21
2.1401  0.18
2.1501  0.17
2.1601  0.12
2.1701  0.23
2.1801  0.23
2.1901  0.24
2.2001  0.19
2.2101  0.13
2.2201  0.21
2.2301  0.18
2.2401  0.23
2.2501  0.14
2.2601  0.15
2.2701  0.13
2.2801  0.19
2.2901  0.22
2.3001  0.2
2.3101  0.14
2.3201  0.16
2.3301  0.19
2.3401  0.21
2.3501  0.23
2.3601  0.21
2.3701  0.16
2.3801  0.22
2.3901  0.18
2.4001  0.11
2.4101  0.27
2.4201  0.2
2.4301  0.14
2.4401  0.24
2.4501  0.25
2.4601  0.16
2.4701  0.28
2.4801  0.2
2.4901  0.19
2.5001  0.18
2.5101  0.18
2.5201  0.23
2.5301  0.24
2.5401  0.22
2.5501  0.24
2.5601  0.18
2.5701  0.27
2.5801  0.22
2.5901  0.18
2.6001  0.21
2.6101  0.17
2.6201  0.16
2.6301  0.2
2.6401  0.21
2.6501  0.17
2.6601  0.19
2.6701  0.22
2.6801  0.19
2.6901  0.24
2.7001  0.29
2.7101  0.24
2.7201  0.13
2.7301  0.27
2.7401  0.18
2.7501  0.22
2.7601  0.15
2.7701  0.28
2.7801  0.26
2.7901  0.3
2.8001  0.18
2.8101  0.17
2.8201  0.23
2.8301  0.15
2.8401  0.18
2.8501  0.22
2.8601  0.19
2.8701  0.2
2.8801  0.24
2.8901  0.17
2.9001  0.23
2.9101  0.23
2.9201  0.17
2.9301  0.27
2.9401  0.19
2.9501  0.21
2.9601  0.19
2.9701  0.29
2.9801  0.22
2.9901  0.29
3.0001  0.2
3.0101  0.22
3.0201  0.2
3.0301  0.22
3.0401  0.18
3.0501  0.33
3.0601  0.2
3.0701  0.34
3.0801  0.18
3.0901  0.23
3.1001  0.27
3.1101  0.24
3.1201  0.28
3.1301  0.26
3.1401  0.32
3.1501  0.3
3.1601  0.27
3.1701  0.16
3.1801  0.22
3.1901  0.25
3.2001  0.28
3.2101  0.28
3.2201  0.28
3.2301  0.3
3.2401  0.28
3.2501  0.25
3.2601  0.24
3.2701  0.32
3.2801  0.23
3.2901  0.27
3.3001  0.34
3.3101  0.21
3.3201  0.29
3.3301  0.29
3.3401  0.22
3.3501  0.28
3.3601  0.41
3.3701  0.23
3.3801  0.24
3.3901  0.28
3.4001  0.3
3.4101  0.34
3.4201  0.23
3.4301  0.21
3.4401  0.27
3.4501  0.18
3.4601  0.34
3.4701  0.22
3.4801  0.23
3.4901  0.3
3.5001  0.37
3.5101  0.3
3.5201  0.42
3.5301  0.25
3.5401  0.28
3.5501  0.41
3.5601  0.3
3.5701  0.24
3.5801  0.35
3.5901  0.3
3.6001  0.36
3.6101  0.38
3.6201  0.34
3.6301  0.28
3.6401  0.35
3.6501  0.38
3.6601  0.36
3.6701  0.39
3.6801  0.43
3.6901  0.34
3.7001  0.36
3.7101  0.51
3.7201  0.34
3.7301  0.42
3.7401  0.26
3.7501  0.38
3.7601  0.32
3.7701  0.37
3.7801  0.44
3.7901  0.32
3.8001  0.28
3.8101  0.42
3.8201  0.41
3.8301  0.38
3.8401  0.48
3.8501  0.33
3.8601  0.38
3.8701  0.34
3.8801  0.43
3.8901  0.55
3.9001  0.32
3.9101  0.41
3.9201  0.46
3.9301  0.36
3.9401  0.41
3.9501  0.46
3.9601  0.5
3.9701  0.35
3.9801  0.49
3.9901  0.43
4.0001  0.61
4.0101  0.53
4.0201  0.41
4.0301  0.41
4.0401  0.56
4.0501  0.5
4.0601  0.55
4.0701  0.5
4.0801  0.58
4.0901  0.48
4.1001  0.54
4.1101  0.45
4.1201  0.63
4.1301  0.5
4.1401  0.47
4.1501  0.57
4.1601  0.58
4.1701  0.57
4.1801  0.48
4.1901  0.7
4.2001  0.57
4.2101  0.75
4.2201  0.61
4.2301  0.71
4.2401  0.67
4.2501  0.8
4.2601  0.71
4.2701  0.81
4.2801  0.63
4.2901  0.81
4.3001  0.81
4.3101  0.82
4.3201  0.71
4.3301  0.94
4.3401  0.66
4.3501  0.78
4.3601  0.81
4.3701  0.94
4.3801  0.98
4.3901  1.02
4.4001  1.1
4.4101  0.95
4.4201  1.14
4.4301  1.09
4.4401  1.01
4.4501  1.2
4.4601  1.17
4.4701  1.1
4.4801  1.25
4.4901  1.21
4.5001  1.54
4.5101  1.49
4.5201  1.35
4.5301  1.43
4.5401  1.43
4.5501  1.42
4.5601  1.82
4.5701  1.78
4.5801  1.77
4.5901  1.98
4.6001  1.73
4.6101  1.9
4.6201  2.15
4.6301  1.87
4.6401  2.11
4.6501  2.32
4.6601  2.14
4.6701  2.4
4.6801  2.26
4.6901  2.57
4.7001  2.48
4.7101  2.31
4.7201  2.3
4.7301  2.38
4.7401  2.21
4.7501  2.25
4.7601  2.27
4.7701  1.95
4.7801  1.94
4.7901  1.93
4.8001  1.77
4.8101  1.87
4.8201  1.86
4.8301  1.69
4.8401  1.65
4.8501  1.46
4.8601  1.74
4.8701  1.67
4.8801  1.41
4.8901  1.62
4.9001  1.45
4.9101  1.28
4.9201  1.36
4.9301  1.39
4.9401  1.31
4.9501  1.26
4.9601  1.26
4.9701  1.1
4.9801  1.3
4.9901  1.04
5.0001  0.98
5.0101  1.08
5.0201  0.92
5.0301  0.97
5.0401  0.77
5.0501  1.01
5.0601  1
5.0701  0.83
5.0801  0.91
5.0901  0.93
5.1001  0.82
5.1101  0.9
5.1201  0.82
5.1301  0.82
5.1401  0.95
5.1501  0.89
5.1601  0.87
5.1701  0.6
5.1801  0.85
5.1901  0.71
5.2001  0.78
5.2101  0.61
5.2201  0.67
5.2301  0.75
5.2401  0.61
5.2501  0.76
5.2601  0.77
5.2701  0.97
5.2801  0.71
5.2901  0.7
5.3001  0.73
5.3101  0.74
5.3201  0.67
5.3301  0.68
5.3401  0.71
5.3501  0.78
5.3601  0.77
5.3701  0.76
5.3801  0.83
5.3901  0.8
5.4001  0.72
5.4101  1.01
5.4201  0.66
5.4301  0.73
5.4401  0.72
5.4501  0.7
5.4601  0.74
5.4701  0.66
5.4801  0.72
5.4901  0.76
5.5001  0.73
5.5101  0.77
5.5201  0.76
5.5301  0.76
5.5401  0.79
5.5501  0.96
5.5601  0.9
5.5701  0.8
5.5801  0.79
5.5901  0.8
5.6001  0.89
5.6101  0.63
5.6201  0.98
5.6301  0.96
5.6401  1
5.6501  0.88
5.6601  1.11
5.6701  1.13
5.6801  1.15
5.6901  0.97
5.7001  0.93
5.7101  1.18
5.7201  1.09
5.7301  1.3
5.7401  1.09
5.7501  1.26
5.7601  1.07
5.7701  1.08
5.7801  1.5
5.7901  1.21
5.8001  1.29
5.8101  1.57
5.8201  1.25
5.8301  1.45
5.8401  1.28
5.8501  1.68
5.8601  1.59
5.8701  1.46
5.8801  1.73
5.8901  1.83
5.9001  1.63
5.9101  1.54
5.9201  1.55
5.9301  1.91
5.9401  1.7
5.9501  1.65
5.9601  1.96
5.9701  1.87
5.9801  2.05
5.9901  2.15
6.0001  1.99
6.0101  2.02
6.0201  1.88
6.0301  1.84
6.0401  1.7
6.0501  1.83
6.0601  2
6.0701  1.71
6.0801  1.93
6.0901  1.98
6.1001  1.86
6.1101  2
6.1201  1.83
6.1301  1.93
6.1401  1.88
6.1501  1.5
6.1601  1.73
6.1701  1.58
6.1801  1.54
6.1901  1.49
6.2001  1.76
6.2101  1.48
6.2201  1.3
6.2301  1.55
6.2401  1.35
6.2501  1.24
6.2601  1.29
6.2701  1.29
6.2801  1.22
6.2901  1.35
6.3001  1.3
6.3101  1.37
6.3201  1.1
6.3301  1.35
6.3401  1.1
6.3501  1.24
6.3601  0.89
6.3701  0.92
6.3801  1.09
6.3901  0.87
6.4001  0.99
6.4101  1.21
6.4201  1.1
6.4301  1.08
6.4401  0.97
6.4501  1.13
6.4601  0.94
6.4701  0.98
6.4801  0.88
6.4901  0.95
6.5001  0.85
6.5101  0.84
6.5201  0.89
6.5301  0.91
6.5401  1.1
6.5501  0.96
6.5601  0.91
6.5701  0.81
6.5801  1
6.5901  0.79
6.6001  0.87
6.6101  0.83
6.6201  0.94
6.6301  1.03
6.6401  0.85
6.6501  0.9
6.6601  0.96
6.6701  0.74
6.6801  0.88
6.6901  0.84
6.7001  0.92
6.7101  0.75
6.7201  0.82
6.7301  0.94
6.7401  0.99
6.7501  0.97
6.7601  0.99
6.7701  0.99
6.7801  0.82
6.7901  1.11
6.8001  1.07
6.8101  1.03
6.8201  0.93
6.8301  1.02
6.8401  1.05
6.8501  0.77
6.8601  1.07
6.8701  1.06
6.8801  1.16
6.8901  1.24
6.9001  1.17
6.9101  0.87
6.9201  1.08
6.9301  1
6.9401  1.22
6.9501  1.27
6.9601  1.11
6.9701  1.17
6.9801  1.26
6.9901  1.4
7.0001  1.24
7.0101  1.35
7.0201  1.34
7.0301  1.29
7.0401  1.47
7.0501  1.38
7.0601  1.2
7.0701  1.45
7.0801  1.49
7.0901  1.39
7.1001  1.47
7.1101  1.59
7.1201  1.4
7.1301  1.72
7.1401  1.59
7.1501  1.41
7.1601  1.68
7.1701  1.77
7.1801  1.68
7.1901  1.79
7.2001  1.73
7.2101  1.54
7.2201  1.65
7.2301  1.65
7.2401  1.61
7.2501  1.57
7.2601  1.75
7.2701  1.8
7.2801  1.91
7.2901  1.79
7.3001  1.89
7.3101  1.69
7.3201  1.6
7.3301  1.67
7.3401  1.73
7.3501  1.71
7.3601  1.4
7.3701  1.81
7.3801  1.61
7.3901  1.46
7.4001  1.45
7.4101  1.8
7.4201  1.53
7.4301  1.36
7.4401  1.68
7.4501  1.6
7.4601  1.43
7.4701  1.26
7.4801  1.49
7.4901  1.59
7.5001  1.33
7.5101  1.25
7.5201  1.23
7.5301  1.24
7.5401  1.44
7.5501  1.09
7.5601  1.34
7.5701  1.26
7.5801  1.41
7.5901  1.27
7.6001  1.17
7.6101  1.17
7.6201  1.02
7.6301  1.21
7.6401  1.23
7.6501  1.16
7.6601  1.13
7.6701  1.02
7.6801  0.97
7.6901  1.18
7.7001  0.99
7.7101  1.16
7.7201  0.95
7.7301  0.97
7.7401  1.13
7.7501  0.97
7.7601  1.02
7.7701  1.11
7.7801  1.16
7.7901  1.13
7.8001  1
7.8101  1.19
7.8201  0.87
7.8301  0.9
7.8401  1.01
7.8501  1.08
7.8601  0.95
7.8701  1.02
7.8801  1.05
7.8901  1.08
7.9001  0.86
7.9101  1.03
7.9201  0.99
7.9301  1.08
7.9401  1.03
7.9501  1.03
7.9601  1.04
7.9701  1.07
7.9801  1.26
7.9901  1.08
8.0001  0.94
8.0101  1.18
8.0201  0.91
8.0301  1.05
8.0401  1.06
8.0501  1.16
8.0601  1.18
8.0701  1.2
8.0801  0.96
8.0901  1.14
8.1001  1.18
8.1101  1.26
8.1201  1.17
8.1301  1.03
8.1401  1.11
8.1501  1.08
8.1601  1.27
8.1701  1.2
8.1801  1.31
8.1901  1.31
8.2001  1.26
8.2101  1.14
8.2201  1.32
8.2301  1.47
8.2401  1.11
8.2501  1.39
8.2601  1.46
8.2701  1.21
8.2801  1.41
8.2901  1.58
8.3001  1.4
8.3101  1.32
8.3201  1.54
8.3301  1.12
8.3401  1.63
8.3501  1.71
8.3601  1.43
8.3701  1.34
8.3801  1.43
8.3901  1.54
8.4001  1.77
8.4101  1.59
8.4201  1.65
8.4301  1.52
8.4401  1.6
8.4501  1.66
8.4601  1.55
8.4701  1.56
8.4801  1.49
8.4901  1.45
8.5001  1.63
8.5101  1.54
8.5201  1.56
8.5301  1.6
8.5401  1.46
8.5501  1.53
8.5601  1.63
8.5701  1.55
8.5801  1.8
8.5901  1.5
8.6001  1.38
8.6101  1.67
8.6201  1.53
8.6301  1.39
8.6401  1.43
8.6501  1.53
8.6601  1.6
8.6701  1.48
8.6801  1.51
8.6901  1.3
8.7001  1.39
8.7101  1.43
8.7201  1.41
8.7301  1.36
8.7401  1.23
8.7501  1.35
8.7601  1.51
8.7701  1.33
8.7801  1.21
8.7901  1.22
8.8001  1.24
8.8101  1.34
8.8201  1.29
8.8301  1.22
8.8401  1.3
8.8501  1.14
8.8601  1.14
8.8701  1.31
8.8801  1.22
8.8901  1.21
8.9001  1.09
8.9101  1.06
8.9201  1.41
8.9301  1.13
8.9401  1.2
8.9501  0.85
8.9601  1.08
8.9701  1.22
8.9801  1.13
8.9901  0.95
9.0001  1.11
9.0101  1.13
9.0201  1.27
9.0301  1.1
9.0401  1.08
9.0501  0.94
9.0601  1.22
9.0701  1.05
9.0801  0.97
9.0901  1.07
9.1001  1.01
9.1101  1.02
9.1201  1.13
9.1301  1.09
9.1401  1.19
9.1501  1.18
9.1601  1.29
9.1701  0.98
9.1801  1.07
9.1901  1.18
9.2001  0.99
9.2101  1.15
9.2201  1.12
9.2301  1.2
9.2401  1.05
9.2501  1.19
9.2601  1.45
9.2701  1.13
9.2801  1.18
9.2901  1.13
9.3001  1.07
9.3101  1.16
9.3201  1.1
9.3301  1.07
9.3401  1.3
9.3501  1.37
9.3601  1.11
9.3701  1.25
9.3801  1.23
9.3901  1.03
9.4001  1.5
9.4101  1.3
9.4201  1.42
9.4301  1.13
9.4401  1.19
9.4501  1.29
9.4601  1.29
9.4701  1.37
9.4801  1.53
9.4901  1.18
9.5001  1.21
9.5101  1.49
9.5201  1.4
9.5301  1.49
9.5401  1.59
9.5501  1.48
9.5601  1.39
9.5701  1.53
9.5801  1.55
9.5901  1.34
9.6001  1.46
9.6101  1.37
9.6201  1.54
9.6301  1.58
9.6401  1.59
9.6501  1.37
9.6601  1.22
9.6701  1.66
9.6801  1.57
9.6901  1.47
9.7001  1.63
9.7101  1.49
9.7201  1.42
9.7301  1.51
9.7401  1.62
9.7501  1.29
9.7601  1.38
9.7701  1.36
9.7801  1.72
9.7901  1.46
9.8001  1.42
9.8101  1.47
9.8201  1.29
9.8301  1.37
9.8401  1.55
9.8501  1.44
9.8601  1.48
9.8701  1.34
9.8801  1.41
9.8901  1.48
9.9001  1.52
9.9101  1.42
9.9201  1.45
9.9301  1.57
9.9401  1.07
9.9501  1.57
9.9601  1.34
9.9701  1.18
9.9801  1.28
9.9901  1.21
10.0001  1.29
10.0101  1.14
10.0201  1.23
10.0301  1.39
10.0401  1.49
10.0501  1.28
10.0601  1.33
10.0701  1.24
10.0801  1.3
10.0901  1.15
10.1001  1.16
10.1101  1.01
10.1201  1.19
10.1301  1.27
10.1401  1.32
10.1501  1.25
10.1601  1.24
10.1701  1.1
10.1801  1.2
10.1901  0.99
10.2001  1.27
10.2101  1.23
10.2201  1.21
10.2301  1.33
10.2401  1.08
10.2501  1.16
10.2601  1.28
10.2701  1.09
10.2801  1.21
10.2901  1.21
10.3001  1.17
10.3101  1.12
10.3201  1.18
10.3301  1.19
10.3401  0.98
10.3501  1.28
10.3601  1.23
10.3701  1.11
10.3801  1.06
10.3901  1.1
10.4001  1.02
10.4101  1.07
10.4201  1.27
10.4301  1.2
10.4401  1.32
10.4501  1.15
10.4601  1.33
10.4701  1.05
10.4801  1.15
10.4901  1.16
10.5001  1.06
10.5101  1.18
10.5201  1.2
10.5301  1.2
10.5401  1.1
10.5501  1.11
10.5601  1.17
10.5701  1.33
10.5801  1.29
10.5901  1.15
10.6001  1.18
10.6101  1.39
10.6201  1.33
10.6301  1.32
10.6401  1.24
10.6501  1.27
10.6601  1.41
10.6701  1.48
10.6801  1.22
10.6901  1.42
10.7001  1.34
10.7101  1.44
10.7201  1.21
10.7301  1.37
10.7401  1.41
10.7501  1.34
10.7601  1.38
10.7701  1.3
10.7801  1.29
10.7901  1.48
10.8001  1.51
10.8101  1.45
10.8201  1.33
10.8301  1.29
10.8401  1.42
10.8501  1.47
10.8601  1.44
10.8701  1.32
10.8801  1.6
10.8901  1.49
10.9001  1.39
10.9101  1.43
10.9201  1.47
10.9301  1.28
10.9401  1.51
10.9501  1.45
10.9601  1.53
10.9701  1.69
10.9801  1.48
10.9901  1.51
11.0001  1.34
11.0101  1.52
11.0201  1.67
11.0301  1.24
11.0401  1.37
11.0501  1.72
11.0601  1.3
11.0701  1.6
11.0801  1.24
11.0901  1.46
11.1001  1.38
11.1101  1.48
11.1201  1.29
11.1301  1.45
11.1401  1.2
11.1501  1.36
11.1601  1.34
11.1701  1.43
11.1801  1.39
11.1901  1.27
11.2001  1.21
11.2101  1.26
11.2201  1.07
11.2301  1.25
11.2401  1.3
11.2501  1.31
11.2601  1.51
11.2701  1.18
11.2801  1.25
11.2901  1.36
11.3001  1.32
11.3101  1.19
11.3201  1.35
11.3301  1.32
11.3401  1.31
11.3501  1.26
11.3601  1.21
11.3701  1.3
11.3801  0.99
11.3901  1.26
11.4001  1.21
11.4101  1.17
11.4201  1.13
11.4301  1.18
11.4401  1.08
11.4501  1.01
11.4601  1.27
11.4701  1.09
11.4801  1.27
11.4901  1.21
11.5001  1.19
11.5101  1.35
11.5201  1.06
11.5301  1.35
11.5401  1.23
11.5501  1.26
11.5601  1.09
11.5701  1.21
11.5801  1.13
11.5901  0.99
11.6001  1.26
11.6101  1.38
11.6201  1.2
11.6301  1.15
11.6401  1.2
11.6501  1.15
11.6601  1.07
11.6701  1.2
11.6801  1.2
11.6901  1.24
11.7001  1.2
11.7101  1.29
11.7201  1.27
11.7301  1.28
11.7401  1.36
11.7501  1.07
11.7601  1.23
11.7701  1.29
11.7801  1.37
11.7901  1.14
11.8001  1.25
11.8101  1.19
11.8201  1.32
11.8301  1.47
11.8401  1.54
11.8501  1.31
11.8601  1.3
11.8701  1.18
11.8801  1.28
11.8901  1.45
11.9001  1.36
11.9101  1.34
11.9201  1.25
11.9301  1.29
11.9401  1.14
11.9501  1.39
11.9601  1.31
11.9701  1.38
11.9801  1.49
11.9901  1.28
12.0001  1.52
12.0101  1.28
12.0201  1.29
12.0301  1.19
12.0401  1.23
12.0501  1.36
12.0601  1.52
12.0701  1.45
12.0801  1.39
12.0901  1.41
12.1001  1.64
12.1101  1.45
12.1201  1.43
12.1301  1.53
12.1401  1.32
12.1501  1.37
12.1601  1.52
12.1701  1.45
12.1801  1.4
12.1901  1.25
12.2001  1.69
12.2101  1.39
12.2201  1.5
12.2301  1.37
12.2401  1.39
12.2501  1.22
12.2601  1.4
12.2701  1.22
12.2801  1.38
12.2901  1.44
12.3001  1.47
12.3101  1.19
12.3201  1.42
12.3301  1.32
12.3401  1.49
12.3501  1.23
12.3601  1.39
12.3701  1.34
12.3801  1.37
12.3901  1.33
12.4001  1.43
12.4101  1.37
12.4201  1.13
12.4301  1.31
12.4401  1.23
12.4501  1.3
12.4601  1.18
12.4701  1.56
12.4801  1.42
12.4901  1.27
12.5001  1.24
12.5101  1.25
12.5201  1.18
12.5301  1.26
12.5401  1.28
12.5501  1.26
12.5601  1.09
12.5701  1.31
12.5801  1.19
12.5901  1.19
12.6001  1.29
12.6101  1.21
12.6201  1.23
12.6301  1.18
12.6401  1.18
12.6501  1.38
12.6601  1.23
12.6701  1.18
12.6801  1.21
12.6901  1.28
12.7001  1.2
12.7101  1.17
12.7201  1.12
12.7301  1.31
12.7401  1.18
12.7501  1.15
12.7601  1.19
12.7701  1.13
12.7801  1.01
12.7901  1.18
12.8001  1.35
12.8101  1.39
12.8201  1.23
12.8301  1.43
12.8401  1.26
12.8501  1.21
12.8601  1.37
12.8701  1.02
12.8801  1.34
12.8901  1.24
12.9001  1.09
12.9101  1.35
12.9201  1.31
12.9301  1.22
12.9401  1.42
12.9501  1.57
12.9601  1.21
12.9701  1.4
12.9801  1.23
12.9901  1.05
13.0001  1.18
13.0101  1.13
13.0201  1.49
13.0301  1.23
13.0401  1.52
13.0501  1.4
13.0601  1.43
13.0701  1.36
13.0801  1.17
13.0901  1.25
13.1001  1.31
13.1101  1.39
13.1201  1.53
13.1301  1.28
13.1401  1.23
13.1501  1.31
13.1601  1.29
13.1701  1.37
13.1801  1.2
13.1901  1.46
13.2001  1.44
13.2101  1.22
13.2201  1.39
13.2301  1.38
13.2401  1.4
13.2501  1.23
13.2601  1.23
13.2701  1.4
13.2801  1.39
13.2901  1.57
13.3001  1.36
13.3101  1.64
13.3201  1.42
13.3301  1.39
13.3401  1.42
13.3501  1.33
13.3601  1.19
13.3701  1.05
13.3801  1.7
13.3901  1.39
13.4001  1.49
13.4101  1.23
13.4201  1.4
13.4301  1.39
13.4401  1.32
13.4501  1.28
13.4601  1.4
13.4701  1.31
13.4801  1.18
13.4901  1.32
13.5001  1.47
13.5101  1.42
13.5201  1.3
13.5301  1.19
13.5401  1.45
13.5501  1.27
13.5601  1.29
13.5701  1.2
13.5801  1.26
13.5901  1.32
13.6001  1.36
13.6101  1.39
13.6201  1.48
13.6301  1.57
13.6401  1.38
13.6501  1.44
13.6601  1.31
13.6701  1.3
13.6801  1.34
13.6901  1.31
13.7001  1.29
13.7101  1.22
13.7201  1.25
13.7301  1.37
13.7401  1.22
13.7501  1.36
13.7601  1.34
13.7701  1.09
13.7801  1.24
13.7901  1.47
13.8001  1.5
13.8101  0.96
13.8201  1.06
13.8301  1.27
13.8401  1.2
13.8501  1.09
13.8601  1.21
13.8701  1.35
13.8801  0.96
13.8901  1.22
13.9001  1.29
13.9101  1.41
13.9201  1.34
13.9301  1.24
13.9401  1.2
13.9501  1.46
13.9601  1.26
13.9701  1.27
13.9801  1.12
13.9901  1.33
14.0001  1.26
14.0101  1.38
14.0201  1.22
14.0301  1.21
14.0401  1.13
14.0501  1.49
14.0601  1.21
14.0701  1.24
14.0801  1.36
14.0901  1.31
14.1001  1.31
14.1101  1.11
14.1201  1.21
14.1301  1.25
14.1401  1.2
14.1501  1.29
14.1601  1.49
14.1701  1.02
14.1801  1.29
14.1901  1.31
14.2001  1.18
14.2101  1.29
14.2201  1.23
14.2301  1.35
14.2401  1.48
14.2501  1.39
14.2601  1.26
14.2701  1.28
14.2801  1.36
14.2901  1.27
14.3001  1.46
14.3101  1.12
14.3201  1.22
14.3301  1.25
14.3401  1.17
14.3501  1.2
14.3601  1.38
14.3701  1.3
14.3801  1.35
14.3901  1.42
14.4001  1.36
14.4101  1.48
14.4201  1.36
14.4301  1.43
14.4401  1.42
14.4501  1.35
14.4601  1.39
14.4701  1.12
14.4801  1.58
14.4901  1.16
14.5001  1.62
14.5101  1.52
14.5201  1.45
14.5301  1.33
14.5401  1.25
14.5501  1.4
14.5601  1.24
14.5701  1.31
14.5801  1.5
14.5901  1.2
14.6001  1.57
14.6101  1.18
14.6201  1.23
14.6301  1.25
14.6401  1.19
14.6501  1.29
14.6601  1.45
14.6701  1.46
14.6801  1.09
14.6901  1.54
14.7001  1.26
14.7101  1.26
14.7201  1.52
14.7301  1.38
14.7401  1.39
14.7501  1.39
14.7601  1.38
14.7701  1.28
14.7801  1.3
14.7901  1.32
14.8001  1.36
14.8101  1.25
14.8201  1.15
14.8301  1.45
14.8401  1.52
14.8501  1.28
14.8601  1.21
14.8701  1.27
14.8801  1.53
14.8901  1.25
14.9001  1.15
14.9101  1.24
14.9201  1.36
14.9301  1.33
14.9401  1.37
14.9501  1.32
14.9601  1.42
14.9701  1.38
14.9801  1.24
14.9901  1.37
15.0001  1.23
15.0101  1.1
15.0201  1.12
15.0301  1.41
15.0401  1.45
15.0501  1.2
15.0601  1.25
15.0701  1.11
15.0801  1.33
15.0901  1.46
15.1001  1.19
15.1101  1.29
15.1201  1.42
15.1301  1.22
15.1401  1.18
15.1501  1.13
15.1601  1.32
15.1701  1.25
15.1801  1.27
15.1901  1.43
15.2001  1.05
15.2101  1.51
15.2201  1.17
15.2301  1.36
15.2401  1.44
15.2501  1.17
15.2601  1.14
15.2701  1.41
15.2801  1.28
15.2901  1.11
15.3001  1.45
15.3101  1.3
15.3201  1.23
15.3301  1.22
15.3401  1.21
15.3501  1.31
15.3601  1.23
15.3701  1.01
15.3801  1.33
15.3901  1.27
15.4001  1.35
15.4101  1.53
15.4201  1.41
15.4301  1.21
15.4401  1.15
15.4501  1.34
15.4601  1.32
15.4701  1.3
15.4801  1.16
15.4901  1.21
15.5001  1.41
15.5101  1.33
15.5201  1.16
15.5301  1.32
15.5401  1.31
15.5501  1.4
15.5601  1.37
15.5701  1.41
15.5801  1.23
15.5901  1.14
15.6001  1.31
15.6101  1.4
15.6201  1.48
15.6301  1.13
15.6401  1.3
15.6501  1.26
15.6601  1.44
15.6701  1.27
15.6801  1.39
15.6901  1.22
15.7001  1.41
15.7101  1.28
15.7201  1.31
15.7301  1.38
15.7401  1.49
15.7501  1.35
15.7601  1.28
15.7701  1.34
15.7801  1.37
15.7901  1.34
15.8001  1.34
15.8101  1.29
15.8201  1.51
15.8301  1.29
15.8401  1.42
15.8501  1.32
15.8601  1.38
15.8701  1.46
15.8801  1.26
15.8901  1.39
15.9001  1.29
15.9101  1.28
15.9201  1.32
15.9301  1.24
15.9401  1.41
15.9501  1.3
15.9601  1.24
15.9701  1.23
15.9801  1.3
15.9901  1.4
16.0001  1.21
16.0101  1.39
16.0201  1.59
16.0301  1.29
16.0401  1.29
16.0501  1.41
16.0601  1.33
16.0701  1.4
16.0801  1.16
16.0901  1.4
16.1001  1.3
16.1101  1.24
16.1201  1.17
16.1301  1.33
16.1401  1.33
16.1501  1.29
16.1601  1.17
16.1701  1.33
16.1801  1.25
16.1901  1.24
16.2001  1.22
16.2101  1.36
16.2201  1.25
16.2301  1.4
16.2401  1.33
16.2501  1.27
16.2601  1.41
16.2701  1.26
16.2801  1.27
16.2901  1.14
16.3001  1.34
16.3101  1.26
16.3201  1.31
16.3301  1.29
16.3401  1.27
16.3501  1.4
16.3601  1.28
16.3701  1.45
16.3801  1.39
16.3901  1.23
16.4001  1.31
16.4101  1.35
16.4201  1.32
16.4301  1.11
16.4401  1.13
16.4501  1.3
16.4601  1.23
16.4701  1.31
16.4801  1.34
16.4901  1.23
16.5001  1.39
16.5101  1.29
16.5201  1.38
16.5301  1.35
16.5401  1.33
16.5501  1.22
16.5601  1.13
16.5701  1.38
16.5801  1.3
16.5901  1.06
16.6001  1.39
16.6101  1.28
16.6201  1.32
16.6301  1.1
16.6401  1.23
16.6501  1.34
16.6601  1.29
16.6701  1.44
16.6801  1.04
16.6901  1.35
16.7001  1.49
16.7101  1.32
16.7201  1.39
16.7301  1.32
16.7401  1.33
16.7501  1.32
16.7601  1.43
16.7701  1.17
16.7801  1.42
16.7901  1.38
16.8001  1.55
16.8101  1.41
16.8201  1.13
16.8301  1.12
16.8401  1.37
16.8501  1.22
16.8601  1.26
16.8701  1.37
16.8801  1.38
16.8901  1.28
16.9001  1.3
16.9101  1.25
16.9201  1.54
16.9301  1.14
16.9401  1.45
16.9501  1.31
16.9601  1.12
16.9701  1.36
16.9801  1.39
16.9901  1.34
17.0001  1.25
17.0101  1.36
17.0201  1.44
17.0301  1.18
17.0401  1.35
17.0501  1.53
17.0601  1.32
17.0701  1.13
17.0801  1.43
17.0901  1.39
17.1001  1.45
17.1101  1.25
17.1201  1.29
17.1301  1.48
17.1401  1.4
17.1501  1.49
17.1601  1.24
17.1701  1.36
17.1801  1.38
17.1901  1.18
17.2001  1.35
17.2101  1.44
17.2201  1.16
17.2301  1.24
17.2401  1.32
17.2501  1.49
17.2601  1.19
17.2701  1.25
17.2801  1.36
17.2901  1.28
17.3001  1.27
17.3101  1.31
17.3201  1.18
17.3301  1.2
17.3401  1.32
17.3501  1.4
17.3601  1.44
17.3701  1.26
17.3801  1.26
17.3901  1.39
17.4001  1.11
17.4101  1.2
17.4201  1.33
17.4301  1.22
17.4401  1.41
17.4501  1.08
17.4601  1.36
17.4701  1.39
17.4801  1.44
17.4901  1.07
17.5001  1.47
17.5101  1.28
17.5201  1.4
17.5301  1.21
17.5401  1.33
17.5501  1.21
17.5601  1.24
17.5701  1.25
17.5801  1.27
17.5901  1.21
17.6001  1.27
17.6101  1.34
17.6201  1.14
17.6301  1.23
17.6401  1.21
17.6501  1.36
17.6601  1.17
17.6701  1.49
17.6801  1.48
17.6901  1.16
17.7001  1.45
17.7101  1.25
17.7201  1.09
17.7301  1.46
17.7401  1.38
17.7501  1.31
17.7601  1.18
17.7701  1.26
17.7801  1.25
17.7901  1.26
17.8001  1.17
17.8101  1.35
17.8201  1.29
17.8301  1.08
17.8401  1.29
17.8501  1.35
17.8601  1.29
17.8701  1.57
17.8801  1.55
17.8901  1.13
17.9001  1.49
17.9101  1.39
17.9201  1.41
17.9301  1.3
17.9401  1.27
17.9501  1.34
17.9601  1.09
17.9701  1.35
17.9801  1.27
17.9901  1.36
18.0001  1.32
18.0101  1.36
18.0201  1.36
18.0301  1.21
18.0401  1.21
18.0501  1.19
18.0601  1.34
18.0701  1.33
18.0801  1.38
18.0901  1.27
18.1001  1.24
18.1101  1.28
18.1201  1.4
18.1301  1.31
18.1401  1.36
18.1501  1.24
18.1601  1.44
18.1701  1.34
18.1801  1.38
18.1901  1.15
18.2001  1.43
18.2101  1.37
18.2201  1.22
18.2301  1.3
18.2401  1.13
18.2501  1.25
18.2601  1.34
18.2701  1.47
18.2801  1.39
18.2901  1.33
18.3001  1.41
18.3101  1.34
18.3201  1.25
18.3301  1.55
18.3401  1.33
18.3501  1.27
18.3601  1.18
18.3701  1.34
18.3801  1.2
18.3901  1.32
18.4001  1.37
18.4101  1.24
18.4201  1.26
18.4301  1.32
18.4401  1.29
18.4501  1.31
18.4601  1.1
18.4701  1.45
18.4801  1.21
18.4901  1.48
18.5001  1.27
18.5101  1.39
18.5201  1.24
18.5301  1.31
18.5401  1.29
18.5501  1.39
18.5601  1.16
18.5701  1.2
18.5801  1.24
18.5901  1.27
18.6001  1.3
18.6101  1.13
18.6201  1.46
18.6301  1.19
18.6401  1.43
18.6501  1.5
18.6601  1.11
18.6701  1.28
18.6801  1.37
18.6901  1.29
18.7001  1.3
18.7101  1.56
18.7201  1.29
18.7301  1.31
18.7401  1.33
18.7501  1.28
18.7601  1.26
18.7701  1.4
18.7801  1.24
18.7901  1.35
18.8001  1.2
18.8101  1.18
18.8201  1.31
18.8301  1.5
18.8401  1.18
18.8501  1.36
18.8601  1.2
18.8701  1.34
18.8801  1.35
18.8901  1.16
18.9001  1.21
18.9101  1.04
18.9201  1.26
18.9301  1.36
18.9401  1.3
18.9501  1.25
18.9601  1.23
18.9701  1.51
18.9801  1.6
18.9901  1.33
19.0001  1.36
19.0101  1.24
19.0201  1.2
19.0301  1.28
19.0401  1.19
19.0501  1.5
19.0601  1.24
19.0701  1.3
19.0801  1.31
19.0901  1.22
19.1001  1.19
19.1101  1.2
19.1201  1.41
19.1301  1.14
19.1401  1.2
19.1501  1.45
19.1601  1.17
19.1701  1.48
19.1801  1.29
19.1901  1.45
19.2001  1.17
19.2101  1.4
19.2201  1.36
19.2301  1.28
19.2401  1.25
19.2501  1.35
19.2601  1.26
19.2701  1.29
19.2801  1.41
19.2901  1.36
19.3001  1.31
19.3101  1.39
19.3201  1.2
19.3301  1.22
19.3401  1.21
19.3501  1.42
19.3601  1.34
19.3701  1.27
19.3801  1.21
19.3901  1.32
19.4001  1.27
19.4101  1.45
19.4201  1.38
19.4301  1.12
19.4401  1.44
19.4501  1.48
19.4601  1.45
19.4701  1.28
19.4801  1.19
19.4901  1.13
19.5001  1.39
19.5101  1.32
19.5201  1.26
19.5301  1.17
19.5401  1.27
19.5501  1.35
19.5601  1.36
19.5701  1.44
19.5801  1.44
19.5901  1.23
19.6001  1.2
19.6101  1.48
19.6201  1.33
19.6301  1.47
19.6401  1.2
19.6501  1.39
19.6601  1.07
19.6701  1.07
19.6801  1.38
19.6901  1.45
19.7001  1.38
19.7101  1.29
19.7201  1.33
19.7301  1.13
19.7401  1.1
19.7501  1.36
19.7601  1.58
19.7701  1.43
19.7801  1.26
19.7901  1.36
19.8001  1.33
19.8101  1.23
19.8201  1.37
19.8301  1.2
19.8401  1.21
19.8501  1.2
19.8601  1.26
19.8701  1.25
19.8801  1.21
19.8901  1.26
19.9001  1.22
19.9101  1.48
19.9201  1.36
19.9301  1.09
19.9401  1.26
19.9501  1.05
19.9601  1.27
19.9701  1.27
19.9801  1.3
19.9901  1.4
20.0001  1.29
20.0101  1.38
20.0201  1.22
20.0301  1.31
20.0401  1.5
20.0501  1.31
20.0601  1.27
20.0701  1.1
20.0801  1.27
20.0901  1.35
20.1001  1.57
20.1101  1.27
20.1201  1.28
20.1301  1.2
20.1401  1.17
20.1501  1.18
20.1601  1.33
20.1701  1.38
20.1801  1.25
20.1901  1.51
20.2001  1.22
20.2101  1.34
20.2201  1.17
20.2301  1.35
20.2401  1.2
20.2501  1.3
20.2601  1.22
20.2701  1.39
20.2801  1.24
20.2901  1.28
20.3001  1.34
20.3101  1.29
20.3201  1.27
20.3301  1.15
20.3401  1.59
20.3501  1.56
20.3601  1.47
20.3701  1.43
20.3801  1.45
20.3901  1.28
20.4001  1.2
20.4101  1.22
20.4201  1.01
20.4301  1.39
20.4401  1.28
20.4501  1.35
20.4601  1.18
20.4701  1.48
20.4801  1.18
20.4901  1.19
20.5001  1.49
20.5101  1.31
20.5201  1.45
20.5301  1.27
20.5401  1.32
20.5501  1.1
20.5601  1.25
20.5701  1.47
20.5801  1.34
20.5901  1.33
20.6001  1.31
20.6101  1.44
20.6201  1.41
20.6301  1.1
20.6401  1.53
20.6501  1.35
20.6601  1.34
20.6701  1.34
20.6801  1.24
20.6901  1.43
20.7001  1.29
20.7101  1.41
20.7201  1.24
20.7301  1.4
20.7401  1.27
20.7501  1.37
20.7601  1.22
20.7701  1.2
20.7801  1.32
20.7901  1.34
20.8001  1.3
20.8101  1.35
20.8201  1.31
20.8301  1.28
20.8401  1.3
20.8501  1.33
20.8601  1.45
20.8701  1.36
20.8801  1.12
20.8901  1.21
20.9001  1.29
20.9101  1.37
20.9201  1.25
20.9301  1.34
20.9401  1.42
20.9501  1.17
20.9601  1.31
20.9701  1.27
20.9801  1.17
20.9901  1.11
21.0001  1.38
21.0101  1.2
21.0201  1.43
21.0301  1.42
21.0401  1.16
21.0501  1.13
21.0601  1.22
21.0701  1.34
21.0801  1.45
21.0901  1.25
21.1001  1.27
21.1101  1.62
21.1201  1.32
21.1301  1.07
21.1401  1.13
21.1501  1.24
21.1601  1.55
21.1701  1.24
21.1801  1.38
21.1901  1.39
21.2001  1.24
21.2101  1.14
21.2201  1.06
21.2301  1.34
21.2401  1.34
21.2501  1.12
21.2601  1.21
21.2701  1.3
21.2801  1.29
21.2901  1.34
21.3001  1.41
21.3101  1.25
21.3201  1.2
21.3301  1.4
21.3401  1.16
21.3501  1.53
21.3601  1.24
21.3701  1.21
21.3801  1.1
21.3901  1.28
21.4001  1.43
21.4101  1.37
21.4201  1.38
21.4301  1.29
21.4401  1.22
21.4501  1.6
21.4601  1.27
21.4701  1.23
21.4801  1.39
21.4901  1.34
21.5001  1.3
21.5101  1.23
21.5201  1.34
21.5301  1.32
21.5401  1.3
21.5501  1.06
21.5601  1.36
21.5701  1.2
21.5801  1.32
21.5901  1.4
21.6001  1.36
21.6101  1.26
21.6201  1.39
21.6301  1.23
21.6401  1.34
21.6501  1.38
21.6601  1.53
21.6701  1.49
21.6801  1.14
21.6901  1.24
21.7001  1.34
21.7101  1.34
21.7201  1.53
21.7301  1.18
21.7401  1.47
21.7501  1.11
21.7601  1.14
21.7701  1.31
21.7801  1.26
21.7901  1.23
21.8001  1.42
21.8101  1.39
21.8201  1.37
21.8301  1.51
21.8401  1.45
21.8501  1.22
21.8601  1.38
21.8701  1.23
21.8801  1.31
21.8901  1.4
21.9001  1.42
21.9101  1.23
21.9201  1.3
21.9301  1.15
21.9401  1.28
21.9501  1.19
21.9601  1.28
21.9701  1.3
21.9801  1.21
21.9901  1.21
22.0001  1.58
22.0101  1.4
22.0201  1.35
22.0301  1.21
22.0401  1.28
22.0501  1.28
22.0601  1.38
22.0701  1.16
22.0801  1.34
22.0901  1.49
22.1001  1.07
22.1101  1.16
22.1201  1.25
22.1301  1.2
22.1401  1.4
22.1501  1.32
22.1601  1.39
22.1701  1.42
22.1801  1.2
22.1901  1.35
22.2001  1.26
22.2101  1.33
22.2201  1.24
22.2301  1.16
22.2401  1.32
22.2501  1.45
22.2601  1.41
22.2701  1.27
22.2801  1.25
22.2901  1.22
22.3001  1.24
22.3101  1.41
22.3201  1.28
22.3301  1.28
22.3401  1.36
22.3501  1.3
22.3601  1.28
22.3701  1.26
22.3801  1.48
22.3901  1.02
22.4001  1.01
22.4101  1.43
22.4201  1.25
22.4301  1.05
22.4401  1.32
22.4501  1.25
22.4601  1.21
22.4701  1.43
22.4801  1.36
22.4901  1.42
22.5001  1.2
22.5101  1.26
22.5201  1.08
22.5301  1.28
22.5401  1.42
22.5501  1.42
22.5601  1.28
22.5701  1.2
22.5801  1.41
22.5901  1.38
22.6001  1.44
22.6101  1.36
22.6201  1.27
22.6301  1.17
22.6401  1.36
22.6501  1.36
22.6601  1.27
22.6701  1.24
22.6801  1.43
22.6901  1.4
22.7001  1.33
22.7101  1.18
22.7201  1.3
22.7301  1.37
22.7401  1.28
22.7501  1.35
22.7601  1.17
22.7701  1.34
22.7801  1.33
22.7901  1.31
22.8001  1.36
22.8101  1.45
22.8201  1.45
22.8301  1.22
22.8401  1.21
22.8501  1.41
22.8601  1.48
22.8701  1.41
22.8801  1.2
22.8901  1.25
22.9001  1.34
22.9101  1.29
22.9201  1.18
22.9301  1.32
22.9401  1.34
22.9501  1.27
22.9601  1.39
22.9701  1.28
22.9801  1.25
22.9901  1.25
23.0001  1.37
23.0101  1.47
23.0201  1.4
23.0301  1.39
23.0401  1.06
23.0501  1.13
23.0601  1.54
23.0701  1.17
23.0801  1.32
23.0901  1.43
23.1001  1.34
23.1101  1.33
23.1201  1.39
23.1301  1.26
23.1401  1.17
23.1501  1.36
23.1601  1.15
23.1701  1.52
23.1801  1.28
23.1901  1.31
23.2001  1.14
23.2101  1.17
23.2201  1.36
23.2301  1.2
23.2401  1.28
23.2501  1.34
23.2601  1.24
23.2701  1.3
23.2801  1.31
23.2901  1.41
23.3001  1.33
23.3101  1.21
23.3201  1.37
23.3301  1.24
23.3401  1.41
23.3501  1.54
23.3601  1.22
23.3701  1.21
23.3801  1.32
23.3901  1.21
23.4001  1.34
23.4101  1.21
23.4201  1.17
23.4301  1.38
23.4401  1.27
23.4501  1.09
23.4601  1.17
23.4701  1.56
23.4801  1.38
23.4901  1.37
23.5001  1.28
23.5101  1.29
23.5201  1.4
23.5301  1.19
23.5401  1.09
23.5501  1.2
23.5601  1.33
23.5701  1.35
23.5801  1.46
23.5901  1.52
23.6001  1.24
23.6101  1.1
23.6201  1.23
23.6301  1.01
23.6401  1.38
23.6501  1.31
23.6601  1.19
23.6701  1.48
23.6801  1.19
23.6901  1.32
23.7001  1.37
23.7101  1.41
23.7201  1.43
23.7301  1.29
23.7401  1.21
23.7501  1.19
23.7601  1.37
23.7701  1.39
23.7801  1.27
23.7901  1.38
23.8001  1.34
23.8101  1.28
23.8201  1.26
23.8301  1.41
23.8401  1.29
23.8501  1.13
23.8601  1.22
23.8701  1.13
23.8801  1.41
23.8901  1.53
23.9001  1.15
23.9101  1.43
23.9201  1.35
23.9301  1.3
23.9401  1.3
23.9501  1.43
23.9601  1.45
23.9701  1.22
23.9801  1.26
23.9901  1.17
24.0001  1.32
24.0101  1.33
24.0201  1.51
24.0301  1.28
24.0401  1.44
24.0501  1.56
24.0601  1.31
24.0701  1.26
24.0801  1.26
24.0901  1.29
24.1001  1.39
24.1101  1.08
24.1201  1.32
24.1301  1.18
24.1401  1.39
24.1501  1.52
24.1601  1.32
24.1701  1.26
24.1801  1.38
24.1901  1.38
24.2001  1.24
24.2101  1.4
24.2201  1.17
24.2301  1.23
24.2401  1.05
24.2501  1.37
24.2601  1.31
24.2701  1.62
24.2801  1.36
24.2901  1.35
24.3001  1.19
24.3101  1.21
24.3201  1.36
24.3301  1.14
24.3401  1.12
24.3501  1.11
24.3601  1.34
24.3701  1.3
24.3801  1.23
24.3901  1.14
24.4001  1.2
24.4101  1.49
24.4201  1.48
24.4301  1.34
24.4401  1.33
24.4501  1.29
24.4601  1.46
24.4701  1.35
24.4801  1.07
24.4901  1.03
24.5001  1.31
24.5101  1.4
24.5201  1.36
24.5301  1.11
24.5401  1.28
24.5501  1.14
24.5601  1.28
24.5701  1.62
24.5801  1.35
24.5901  1.21
24.6001  1.4
24.6101  1.05
24.6201  1.24
24.6301  1.19
24.6401  1.17
24.6501  1.32
24.6601  1.17
24.6701  1.34
24.6801  1.17
24.6901  1.48
24.7001  1.44
24.7101  1.34
24.7201  1.26
24.7301  1.21
24.7401  1.24
24.7501  1.24
24.7601  1.24
24.7701  1.48
24.7801  1.44
24.7901  1.36
24.8001  1.02
24.8101  1.17
24.8201  1.27
24.8301  1.33
24.8401  1.55
24.8501  1.14
24.8601  1.25
24.8701  1.3
24.8801  1.5
24.8901  1.12
24.9001  1.16
24.9101  1.21
24.9201  1.35
24.9301  1.37
24.9401  1.44
24.9501  1.17
24.9601  1.39
24.9701  1.35
24.9801  1.4
24.9901  1.26
25.0001  1.28
25.0101  1.4
25.0201  1.39
25.0301  1.37
25.0401  1.37
25.0501  1.2
25.0601  1.36
25.0701  1.36
25.0801  1.3
25.0901  1.39
25.1001  1.32
25.1101  1.45
25.1201  1.34
25.1301  1.28
25.1401  1.13
25.1501  1.58
25.1601  1.22
25.1701  1.28
25.1801  1.35
25.1901  1.27
25.2001  1.42
25.2101  1.16
25.2201  1.45
25.2301  1.36
25.2401  1.36
25.2501  1.09
25.2601  1.24
25.2701  1.45
25.2801  1.3
25.2901  1.31
25.3001  1.34
25.3101  1.15
25.3201  1.38
25.3301  1.37
25.3401  1.34
25.3501  1.46
25.3601  1.16
25.3701  1.43
25.3801  1.32
25.3901  1.3
25.4001  1.54
25.4101  1.22
25.4201  1.43
25.4301  1.31
25.4401  1.25
25.4501  1.31
25.4601  1.44
25.4701  1.39
25.4801  1.27
25.4901  1.25
25.5001  1.29
25.5101  1.48
25.5201  1.29
25.5301  1.25
25.5401  1.33
25.5501  1.43
25.5601  1.28
25.5701  1.31
25.5801  1.03
25.5901  1.11
25.6001  1.43
25.6101  1.16
25.6201  1.29
25.6301  1.13
25.6401  1.5
25.6501  1.18
25.6601  1.19
25.6701  1.52
25.6801  1.4
25.6901  1.25
25.7001  1.41
25.7101  1.15
25.7201  1.3
25.7301  1.34
25.7401  1.27
25.7501  1.27
25.7601  1.22
25.7701  1.18
25.7801  1.19
25.7901  1.32
25.8001  1.26
25.8101  1.38
25.8201  1.23
25.8301  1.32
25.8401  1.32
25.8501  1.4
25.8601  1.21
25.8701  1.42
25.8801  1.32
25.8901  1.27
25.9001  1.09
25.9101  1.16
25.9201  1.33
25.9301  1.33
25.9401  1.15
25.9501  1.37
25.9601  1.26
25.9701  1.23
25.9801  1.41
25.9901  1.15
26.0001  1.26
26.0101  1.22
26.0201  1.15
26.0301  1.32
26.0401  1.42
26.0501  1.16
26.0601  1.29
26.0701  1.19
26.0801  1.36
26.0901  1.23
26.1001  1.2
26.1101  1.38
26.1201  1.43
26.1301  1.26
26.1401  1.43
26.1501  1.36
26.1601  1.21
26.1701  1.21
26.1801  1.31
26.1901  1.27
26.2001  1.39
26.2101  1.34
26.2201  1.34
26.2301  1.26
26.2401  1.36
26.2501  1.47
26.2601  1.45
26.2701  1.22
26.2801  1.54
26.2901  1.36
26.3001  1.41
26.3101  1.41
26.3201  1.35
26.3301  1.41
26.3401  1.18
26.3501  1.12
26.3601  1.45
26.3701  1.37
26.3801  1.29
26.3901  1.3
26.4001  1.33
26.4101  1.16
26.4201  1.47
26.4301  1.14
26.4401  1.37
26.4501  1.29
26.4601  1.3
26.4701  1.36
26.4801  1.46
26.4901  1.19
26.5001  1.2
26.5101  1.38
26.5201  1.34
26.5301  1.36
26.5401  1.31
26.5501  1.41
26.5601  1.45
26.5701  1.2
26.5801  1.14
26.5901  1.41
26.6001  1.62
26.6101  1.25
26.6201  1.27
26.6301  1.24
26.6401  1.35
26.6501  1.3
26.6601  1.25
26.6701  1.22
26.6801  1.26
26.6901  1.26
26.7001  1.23
26.7101  1.4
26.7201  1.38
26.7301  1.42
26.7401  1.12
26.7501  1.34
26.7601  1.31
26.7701  1.2
26.7801  1.21
26.7901  1.25
26.8001  1.31
26.8101  1.3
26.8201  1.16
26.8301  1.21
26.8401  1.23
26.8501  1.09
26.8601  1.36
26.8701  1.2
26.8801  1.41
26.8901  1.57
26.9001  1.17
26.9101  1.21
26.9201  1.41
26.9301  1.5
26.9401  1.15
26.9501  1.22
26.9601  1.27
26.9701  1.11
26.9801  1.27
26.9901  1.54
27.0001  1.24
27.0101  1.26
27.0201  1.44
27.0301  1.31
27.0401  1.29
27.0501  1.43
27.0601  1.42
27.0701  1.38
27.0801  1.31
27.0901  1.38
27.1001  1.12
27.1101  1.46
27.1201  1.23
27.1301  1.4
27.1401  1.13
27.1501  1.29
27.1601  1.21
27.1701  1.16
27.1801  1.21
27.1901  1.26
27.2001  1.29
27.2101  1.32
27.2201  1.27
27.2301  1.34
27.2401  1.16
27.2501  1.38
27.2601  1.24
27.2701  1.24
27.2801  1.29
27.2901  1.26
27.3001  1.28
27.3101  1.3
27.3201  1.39
27.3301  1.39
27.3401  1.43
27.3501  1.26
27.3601  1.39
27.3701  1.19
27.3801  1.52
27.3901  1.28
27.4001  1.34
27.4101  1.25
27.4201  1.29
27.4301  1.45
27.4401  1.37
27.4501  1.26
27.4601  1.18
27.4701  1.39
27.4801  1.19
27.4901  1.31
27.5001  1.34
27.5101  1.45
27.5201  1.35
27.5301  1.11
27.5401  1.27
27.5501  1.37
27.5601  1.11
27.5701  1.15
27.5801  1.29
27.5901  1.46
27.6001  1.58
27.6101  1.25
27.6201  1.35
27.6301  1.14
27.6401  1.47
27.6501  1.08
27.6601  1.21
27.6701  1.33
27.6801  1.46
27.6901  1.24
27.7001  1.33
27.7101  1.34
27.7201  1.35
27.7301  1.5
27.7401  1.36
27.7501  1.24
27.7601  1.46
27.7701  1.26
27.7801  1.12
27.7901  1.55
27.8001  1.32
27.8101  1.3
27.8201  1.39
27.8301  1.37
27.8401  1.3
27.8501  1.46
27.8601  1.22
27.8701  1.16
27.8801  1.31
27.8901  1.14
27.9001  1.07
27.9101  1.46
27.9201  1.39
27.9301  1.24
27.9401  1.25
27.9501  1.37
27.9601  1.27
27.9701  1.25
27.9801  1.32
27.9901  1.31
28.0001  1.21
28.0101  1.15
28.0201  1.45
28.0301  1.2
28.0401  1.26
28.0501  1.41
28.0601  1.16
28.0701  1.26
28.0801  1.39
28.0901  1.67
28.1001  1.29
28.1101  1.19
28.1201  1.25
28.1301  1.38
28.1401  1.3
28.1501  1.23
28.1601  1.05
28.1701  1.23
28.1801  1.42
28.1901  1.33
28.2001  1.17
28.2101  1.37
28.2201  1.29
28.2301  1.65
28.2401  1.35
28.2501  1.13
28.2601  1.32
28.2701  1.22
28.2801  1.29
28.2901  1.3
28.3001  1.13
28.3101  1.28
28.3201  1.25
28.3301  1.28
28.3401  1.14
28.3501  1.32
28.3601  1.23
28.3701  1.17
28.3801  1.37
28.3901  1.37
28.4001  1.38
28.4101  1.27
28.4201  1.36
28.4301  1.3
28.4401  1.26
28.4501  1.39
28.4601  1.45
28.4701  1.3
28.4801  1.22
28.4901  1.23
28.5001  1.36
28.5101  1.4
28.5201  1.4
28.5301  1.22
28.5401  1.27
28.5501  1.23
28.5601  1.31
28.5701  1.26
28.5801  1.48
28.5901  1.31
28.6001  1.29
28.6101  1.36
28.6201  1.08
28.6301  1.42
28.6401  1.35
28.6501  1.17
28.6601  1.16
28.6701  1.35
28.6801  1.26
28.6901  1.47
28.7001  1.35
28.7101  1.1
28.7201  1.32
28.7301  1.18
28.7401  1.31
28.7501  1.41
28.7601  1.28
28.7701  1.27
28.7801  1.37
28.7901  1.39
28.8001  1.25
28.8101  1.31
28.8201  1.27
28.8301  1.57
28.8401  1.34
28.8501  1.32
28.8601  1.26
28.8701  1.46
28.8801  1.24
28.8901  1.21
28.9001  1.24
28.9101  1.15
28.9201  1.25
28.9301  1.38
28.9401  1.23
28.9501  1.48
28.9601  1.5
28.9701  1.24
28.9801  1.31
28.9901  1.23
29.0001  1.34
29.0101  1.42
29.0201  1.37
29.0301  1.33
29.0401  1.53
29.0501  1.31
29.0601  1.33
29.0701  1.31
29.0801  1.34
29.0901  1.37
29.1001  1.17
29.1101  1.37
29.1201  1.27
29.1301  1.27
29.1401  1.1
29.1501  1.41
29.1601  1.1
29.1701  1.52
29.1801  1.1
29.1901  1.38
29.2001  1.41
29.2101  1.35
29.2201  1.35
29.2301  1.19
29.2401  1.26
29.2501  1.07
29.2601  1.54
29.2701  1.39
29.2801  1.29
29.2901  1.32
29.3001  1.27
29.3101  1.38
29.3201  1.3
29.3301  1.2
29.3401  1.16
29.3501  1.21
29.3601  1.43
29.3701  1.26
29.3801  1.32
29.3901  1.36
29.4001  1.55
29.4101  1.19
29.4201  1.25
29.4301  1.34
29.4401  1.35
29.4501  1.3
29.4601  1.15
29.4701  1.34
29.4801  1.18
29.4901  1.38
29.5001  1.31
29.5101  1.32
29.5201  1.13
29.5301  1.2
29.5401  1.26
29.5501  1.29
29.5601  1.46
29.5701  1.28
29.5801  1.25
29.5901  1.45
29.6001  1.34
29.6101  1.1
29.6201  1.16
29.6301  1.24
29.6401  1.37
29.6501  1.45
29.6601  1.31
29.6701  1.35
29.6801  1.11
29.6901  1.16
29.7001  1.39
29.7101  1.26
29.7201  1.23
29.7301  1.29
29.7401  1.32
29.7501  1.51
29.7601  1.38
29.7701  1.34
29.7801  1.22
29.7901  1.48
29.8001  1.27
29.8101  1.12
29.8201  1.29
29.8301  1.29
29.8401  1.46
29.8501  1.27
29.8601  1.38
29.8701  1.18
29.8801  1.38
29.8901  1.29
29.9001  1.39
29.9101  1.43
29.9201  1.17
29.9301  1.49
29.9401  1.52
29.9501  1.5
29.9601  1.17
29.9701  1.33
29.9801  1.31
29.9901  1.29
30.0001  1.28
30.0101  1.2
30.0201  1.05
30.0301  1.27
30.0401  1.42
30.0501  1.04
30.0601  1.48
30.0701  1.33
30.0801  1.45
30.0901  1.31
30.1001  1.49
30.1101  1.24
30.1201  1.45
30.1301  1.38
30.1401  1.27
30.1501  1.27
30.1601  1.3
30.1701  1.42
30.1801  1.14
30.1901  1.32
30.2001  1.27
30.2101  1.16
30.2201  1.28
30.2301  1.55
30.2401  1.53
30.2501  1.29
30.2601  1.21
30.2701  1.33
30.2801  1.22
30.2901  1.41
30.3001  1.3
30.3101  1.28
30.3201  1.34
30.3301  1.29
30.3401  1.27
30.3501  1.31
30.3601  1.27
30.3701  1.16
30.3801  1.21
30.3901  1.31
30.4001  1.33
30.4101  1.22
30.4201  1.34
30.4301  1.25
30.4401  1.34
30.4501  1.16
30.4601  1.41
30.4701  1.51
30.4801  1.15
30.4901  1.21
30.5001  1.34
30.5101  1.41
30.5201  1.28
30.5301  1.16
30.5401  1.38
30.5501  1.33
30.5601  1.36
30.5701  1.2
30.5801  1.4
30.5901  1.25
30.6001  1.47
30.6101  1.19
30.6201  1.22
30.6301  1.32
30.6401  1.32
30.6501  1.36
30.6601  1.26
30.6701  1.37
30.6801  1.32
30.6901  1.15
30.7001  1.19
30.7101  1.36
30.7201  1.46
30.7301  1.44
30.7401  1.28
30.7501  1.14
30.7601  1.44
30.7701  1.14
30.7801  1.33
30.7901  1.32
30.8001  1.41
30.8101  1.49
30.8201  1.25
30.8301  1.4
30.8401  1.2
30.8501  1.15
30.8601  1.33
30.8701  1.12
30.8801  1.29
30.8901  1.43
30.9001  1.13
30.9101  1.29
30.9201  1.12
30.9301  1.35
30.9401  1.42
30.9501  1.3
30.9601  1.39
30.9701  1.3
30.9801  1.44
30.9901  1.47
31.0001  1.34
31.0101  1.17
31.0201  1.2
31.0301  1.51
31.0401  1.29
31.0501  1.32
31.0601  1.2
31.0701  1.29
31.0801  1.44
31.0901  1.34
31.1001  1.37
31.1101  1.15
31.1201  1.39
31.1301  1.49
31.1401  1.04
31.1501  1.32
31.1601  1.38
31.1701  1.29
31.1801  1.26
31.1901  1.24
31.2001  1.38
31.2101  1.31
31.2201  1.22
31.2301  1.61
31.2401  1.23
31.2501  1.34
31.2601  1.25
31.2701  1.28
31.2801  1.41
31.2901  1.3
31.3001  1.56
31.3101  1.45
31.3201  1.23
31.3301  1.24
31.3401  1.12
31.3501  1.22
31.3601  1.39
31.3701  1.31
31.3801  1.48
31.3901  1.23
31.4001  1.32
31.4101  1.15
31.4201  1.59
31.4301  1.3
31.4401  1.3
31.4501  1.15
31.4601  1.3
31.4701  1.31
31.4801  1.29
31.4901  1.31
31.5001  1.24
31.5101  1.39
31.5201  1.25
31.5301  1.3
31.5401  1.17
31.5501  1.35
31.5601  1.4
31.5701  1.29
31.5801  1.23
31.5901  1.35
31.6001  1.11
31.6101  1.41
31.6201  1.2
31.6301  1.38
31.6401  1.35
31.6501  1.32
31.6601  1.21
31.6701  1.31
31.6801  1.07
31.6901  1.23
31.7001  1.43
31.7101  1.37
31.7201  1.19
31.7301  1.12
31.7401  1.29
31.7501  1.48
31.7601  1.06
31.7701  1.29
31.7801  1.65
31.7901  1.42
31.8001  1.13
31.8101  1.33
31.8201  1.3
31.8301  1.48
31.8401  1.22
31.8501  0.99
31.8601  1.43
31.8701  1.38
31.8801  1.42
31.8901  1.27
31.9001  1.42
31.9101  1.31
31.9201  1.43
31.9301  1.37
31.9401  1.06
31.9501  1.32
31.9601  1.31
31.9701  1.39
31.9801  1.15
31.9901  1.34
32.0001  1.35
32.0101  1.37
32.0201  1.13
32.0301  1.23
32.0401  1.35
32.0501  1.46
32.0601  1.14
32.0701  1.16
32.0801  1.38
32.0901  1.19
32.1001  1.43
32.1101  1.49
32.1201  1.24
32.1301  1.35
32.1401  1.22
32.1501  1.37
32.1601  1.51
32.1701  1.29
32.1801  1.32
32.1901  1.35
32.2001  1.48
32.2101  1.39
32.2201  1.58
32.2301  1.22
32.2401  1.24
32.2501  1.15
32.2601  1.23
32.2701  1.15
32.2801  1.41
32.2901  1.26
32.3001  1.32
32.3101  1.4
32.3201  1.21
32.3301  1.34
32.3401  1.28
32.3501  1.44
32.3601  1.31
32.3701  1.33
32.3801  1.29
32.3901  1.22
32.4001  1.13
32.4101  1.26
32.4201  1.38
32.4301  1.09
32.4401  1.29
32.4501  1.26
32.4601  1.47
32.4701  1.45
32.4801  1.32
32.4901  1.27
32.5001  1.28
32.5101  1.33
32.5201  1.27
32.5301  1.34
32.5401  1.16
32.5501  1.43
32.5601  1.25
32.5701  1.37
32.5801  1.49
32.5901  1.17
32.6001  1.39
32.6101  1.2
32.6201  1.36
32.6301  1.26
32.6401  1.47
32.6501  1.15
32.6601  1.34
32.6701  1.35
32.6801  1.32
32.6901  1.42
32.7001  1.18
32.7101  1.19
32.7201  1.35
32.7301  1.19
32.7401  1.24
32.7501  1.31
32.7601  1.5
32.7701  1.17
32.7801  1.21
32.7901  1.36
32.8001  1.34
32.8101  1.29
32.8201  1.2
32.8301  1.35
32.8401  1.32
32.8501  1.21
32.8601  1.2
32.8701  1.32
32.8801  1.27
32.8901  1.28
32.9001  1.24
32.9101  1.28
32.9201  1.19
32.9301  1.46
32.9401  1.46
32.9501  1.46
32.9601  1.27
32.9701  1.34
32.9801  1.33
32.9901  1.56
33.0001  1.25
33.0101  1.18
33.0201  1.33
33.0301  1.41
33.0401  1.25
33.0501  1.16
33.0601  1.46
33.0701  1.4
33.0801  1.09
33.0901  1.35
33.1001  1.34
33.1101  1.4
33.1201  1.27
33.1301  1.28
33.1401  1.14
33.1501  1.6
33.1601  1.2
33.1701  1.26
33.1801  1.1
33.1901  1.42
33.2001  1.36
33.2101  1.33
33.2201  1.17
33.2301  1.2
33.2401  1.46
33.2501  1.19
33.2601  1.14
33.2701  1.22
33.2801  1.4
33.2901  1.46
33.3001  1.44
33.3101  1.21
33.3201  1.37
33.3301  1.44
33.3401  1.26
33.3501  1.31
33.3601  1.5
33.3701  1.29
33.3801  1.42
33.3901  1.15
33.4001  1.32
33.4101  1.41
33.4201  1.15
33.4301  1.37
33.4401  1.46
33.4501  1.35
33.4601  1.19
33.4701  1.19
33.4801  1.23
33.4901  1.17
33.5001  1.09
33.5101  1.34
33.5201  1.58
33.5301  1.16
33.5401  1.42
33.5501  1.08
33.5601  1.34
33.5701  1.4
33.5801  1.22
33.5901  1.24
33.6001  1.32
33.6101  1.12
33.6201  1.35
33.6301  1.24
33.6401  1.45
33.6501  1.42
33.6601  1.14
33.6701  1.54
33.6801  1.3
33.6901  1.28
33.7001  1.28
33.7101  1.33
33.7201  1.34
33.7301  1.29
33.7401  1.12
33.7501  1.34
33.7601  1.24
33.7701  1.43
33.7801  1.38
33.7901  1.41
33.8001  1.45
33.8101  1.3
33.8201  1.2
33.8301  1.22
33.8401  1.43
33.8501  1.47
33.8601  1.3
33.8701  1.23
33.8801  1.39
33.8901  1.09
33.9001  1.4
33.9101  1.52
33.9201  1.19
33.9301  1.27
33.9401  1.3
33.9501  1.41
33.9601  1.23
33.9701  1.21
33.9801  1.34
33.9901  1.01
34.0001  1.41
34.0101  1.36
34.0201  1.32
34.0301  1.32
34.0401  1.21
34.0501  1.42
34.0601  1.33
34.0701  1.35
34.0801  1.35
34.0901  1.38
34.1001  1.21
34.1101  1.29
34.1201  1.41
34.1301  1.38
34.1401  1.3
34.1501  1.4
34.1601  1.31
34.1701  1.23
34.1801  1.26
34.1901  1.44
34.2001  1.27
34.2101  1.6
34.2201  1.29
34.2301  1.31
34.2401  1.19
34.2501  1.27
34.2601  1.31
34.2701  1.45
34.2801  1.21
34.2901  1.15
34.3001  1.29
34.3101  1.24
34.3201  1.12
34.3301  1.39
34.3401  1.24
34.3501  1.43
34.3601  1.37
34.3701  1.32
34.3801  1.19
34.3901  1.17
34.4001  1.49
34.4101  1.24
34.4201  1.42
34.4301  1.13
34.4401  1.36
34.4501  1.28
34.4601  1.38
34.4701  1.3
34.4801  1.35
34.4901  1.23
34.5  1.5
34.51  1.31
34.52  1.27
34.53  1.14
34.54  1.37
34.55  1.43
34.56  1.39
34.57  1.31
34.58  1.09
34.59  1.36
34.6  1.37
34.61  1.24
34.62  1.3
34.63  1.08
34.64  1.36
34.65  1.37
34.66  1.34
34.67  1.3
34.68  1.28
34.69  1.31
34.7  1.18
34.71  1.29
34.72  1.46
34.73  1.28
34.74  1.39
34.75  1.43
34.76  1.2
34.77  1.3
34.78  1.26
34.79  1.3
34.8  1.14
34.81  1.51
34.82  1.49
34.83  1.31
34.84  1.65
34.85  1.16
34.86  1.29
34.87  1.27
34.88  1.09
34.89  1.24
34.9  1.32
34.91  1.32
34.92  1.23
34.93  1.32
34.94  1.41
34.95  1.3
34.96  1.37
34.97  1.43
34.98  1.24
34.99  1.24
35  1.39
35.01  1.26
35.02  1.38
35.03  1.23
35.04  1.53
35.05  1.26
35.06  1.34
35.07  1.43
35.08  1.36
35.09  1.19
35.1  1.3
35.11  1.41
35.12  1.32
35.13  1.16
35.14  1.27
35.15  1.44
35.16  1.37
35.17  1.47
35.18  1.28
35.19  1.2
35.2  1.24
35.21  1.21
35.22  1.2
35.23  1.57
35.24  1.38
35.25  1.45
35.26  1.31
35.27  1.29
35.28  1.36
35.29  1.4
35.3  1.27
35.31  1.53
35.32  1.36
35.33  1.14
35.34  1.33
35.35  1.4
35.36  1.45
35.37  1.16
35.38  1.2
35.39  1.18
35.4  1.29
35.41  1.41
35.42  1.34
35.43  1.19
35.44  1.37
35.45  1.21
35.46  1.11
35.47  1.39
35.48  1.34
35.49  1.16
35.5  1.41
35.51  1.16
35.52  1.36
35.53  1.29
35.54  1.34
35.55  1.43
35.56  1.31
35.57  1.49
35.58  1.34
35.59  1.22
35.6  1.29
35.61  1.15
35.62  1.35
35.63  1.21
35.64  1.39
35.65  1.42
35.66  1.35
35.67  1.41
35.68  1.32
35.69  1.16
35.7  1.29
35.71  1.23
35.72  1.31
35.73  1.19
35.74  1.26
35.75  1.15
35.76  1.33
35.77  1.31
35.78  1.44
35.79  1.22
35.8  1.29
35.81  1.4
35.82  1.22
35.83  1.31
35.84  1.18
35.85  1.32
35.86  1.05
35.87  1.38
35.88  1.23
35.89  1.37
35.9  1.42
35.91  1.17
35.92  1.38
35.93  1.31
35.94  1.28
35.95  1.31
35.96  1.33
35.97  1.3
35.98  1.31
35.99  1.37
36  1.39
36.01  1.34
36.02  1.37
36.03  1.26
36.04  1.15
36.05  1.55
36.06  1.39
36.07  1.35
36.08  1.19
36.09  1.45
36.1  1.41
36.11  1.3
36.12  1.26
36.13  1.41
36.14  1.28
36.15  1.07
36.16  1.37
36.17  1.18
36.18  1.29
36.19  1.32
36.2  1.36
36.21  1.32
36.22  1.1
36.23  1.18
36.24  1.32
36.25  1.31
36.26  1.57
36.27  1.41
36.28  1.54
36.29  1.35
36.3  1.44
36.31  1.35
36.32  1.28
36.33  1.47
36.34  1.37
36.35  1.46
36.36  1.3
36.37  1.44
36.38  1.22
36.39  1.47
36.4  1.26
36.41  1.02
36.42  1.3
36.43  1.07
36.44  1.37
36.45  1.33
36.46  1.38
36.47  1.33
36.48  1.15
36.49  1.31
36.5  1.21
36.51  1.43
36.52  1.23
36.53  1.49
36.54  1.28
36.55  1.31
36.56  1.36
36.57  1.23
36.58  1.55
36.59  1.44
36.6  1.24
36.61  1.35
36.62  1.09
36.63  1.17
36.64  1.25
36.65  1.26
36.66  1.19
36.67  1.53
36.68  1.28
36.69  1.29
36.7  1.39
36.71  1.17
36.72  1.29
36.73  1.51
36.74  1.28
36.75  1.42
36.76  1.26
36.77  1.25
36.78  1.24
36.79  1.31
36.8  1.32
36.81  1.28
36.82  1.25
36.83  1.27
36.84  1.48
36.85  1.31
36.86  1.28
36.87  1.19
36.88  1.19
36.89  1.18
36.9  1.45
36.91  1.22
36.92  1.16
36.93  1.25
36.94  1.41
36.95  1.29
36.96  1.23
36.97  1.4
36.98  1.32
36.99  1.24
37  1.41
37.01  1.24
37.02  1.43
37.03  1.36
37.04  1.23
37.05  1.47
37.06  1.27
37.07  1.19
37.08  1.24
37.09  1.38
37.1  1.15
37.11  1.28
37.12  1.18
37.13  1.32
37.14  1.54
37.15  1.5
37.16  1.41
37.17  1.17
37.18  1.4
37.19  1.28
37.2  1.23
37.21  1.29
37.22  1.22
37.23  1.23
37.24  1.38
37.25  1.22
37.26  1.3
37.27  1.31
37.28  1.07
37.29  1.19
37.3  1.4
37.31  1.42
37.32  1.24
37.33  1.39
37.34  1.28
37.35  1.26
37.36  1.35
37.37  1.38
37.38  1.51
37.39  1.44
37.4  1.38
37.41  1.12
37.42  1.07
37.43  1.23
37.44  1.46
37.45  1.21
37.46  1.23
37.47  1.2
37.48  1.28
37.49  1.11
37.5  1.4
37.51  1.42
37.52  1.38
37.53  1.24
37.54  1.38
37.55  1.23
37.56  1.5
37.57  1.37
37.58  1.35
37.59  1.3
37.6  1.45
37.61  1.36
37.62  1.31
37.63  1.22
37.64  1.24
37.65  1.2
37.66  1.44
37.67  1.32
37.68  1.12
37.69  1.56
37.7  1.63
37.71  1.4
37.72  1.3
37.73  1.11
37.74  1.3
37.75  1.44
37.76  1.32
37.77  1.25
37.78  1.2
37.79  1.27
37.8  1.4
37.81  1.25
37.82  1.36
37.83  1.3
37.84  1.4
37.85  1.28
37.86  1.24
37.87  1.22
37.88  1.35
37.89  1.36
37.9  1.21
37.91  1.24
37.92  1.13
37.93  1.45
37.94  1.38
37.95  1.27
37.96  1.4
37.97  1.29
37.98  1.49
37.99  1.26
38  1.31
38.01  1.43
38.02  1.32
38.03  1.3
38.04  1.15
38.05  1.25
38.06  1.4
38.07  1.39
38.08  1.3
38.09  1.32
38.1  1.33
38.11  1.47
38.12  1.26
38.13  1.15
38.14  1.57
38.15  1.29
38.16  1.24
38.17  1.16
38.18  1.28
38.19  1
38.2  1.21
38.21  1.32
38.22  1.36
38.23  1.21
38.24  1.3
38.25  1.21
38.26  1.25
38.27  1.16
38.28  1.41
38.29  1.25
38.3  1.28
38.31  1.42
38.32  1.33
38.33  1.26
38.34  1.31
38.35  1.36
38.36  1.23
38.37  1.52
38.38  1.45
38.39  1.29
38.4  1.26
38.41  1.36
38.42  1.12
38.43  1.28
38.44  1.18
38.45  1.22
38.46  1.46
38.47  1.55
38.48  1.15
38.49  1.17
38.5  1.44
38.51  1.11
38.52  1.26
38.53  1.43
38.54  1.24
38.55  1.3
38.56  1.07
38.57  1.34
38.58  1.14
38.59  1.32
38.6  1.33
38.61  1.29
38.62  1.2
38.63  1.19
38.64  1.36
38.65  1.09
38.66  1.57
38.67  1.16
38.68  1.32
38.69  1.19
38.7  1.27
38.71  1.51
38.72  1.25
38.73  1.38
38.74  1.38
38.75  1.31
38.76  1.37
38.77  1.42
38.78  1.44
38.79  1.4
38.8  1.38
38.81  1.18
38.82  1.31
38.83  1.29
38.84  1.38
38.85  1.11
38.86  1.26
38.87  1.35
38.88  1.21
38.89  1.29
38.9  1.42
38.91  1.26
38.92  1.26
38.93  1.23
38.94  1.22
38.95  1.54
38.96  1.33
38.97  1.35
38.98  1.35
38.99  1.31
39  1.17
39.01  1.44
39.02  1.41
39.03  1.26
39.04  1.23
39.05  1.17
39.06  1.5
39.07  1.53
39.08  1.28
39.09  1.21
39.1  1.17
39.11  1.33
39.12  1.19
39.13  1.48
39.14  1.19
39.15  1.3
39.16  1.35
39.17  1.51
39.18  1.57
39.19  1.34
39.2  1.38
39.21  1.31
39.22  1.15
39.23  1.39
39.24  1.29
39.25  1.28
39.26  1.33
39.27  1.28
39.28  1.3
39.29  1.13
39.3  1.33
39.31  1.24
39.32  1.33
39.33  1.29
39.34  1.23
39.35  1.6
39.36  1.27
39.37  1.17
39.38  1.22
39.39  1.1
39.4  1.33
39.41  1.09
39.42  1.1
39.43  1.41
39.44  1.41
39.45  1.33
39.46  1.44
39.47  1.28
39.48  1.38
39.49  1.36
39.5  1.09
39.51  1.27
39.52  1.54
39.53  1.3
39.54  1.41
39.55  1.21
39.56  1.36
39.57  1.44
39.58  1.29
39.59  1.35
39.6  1.09
39.61  1.27
39.62  1.27
39.63  1.2
39.64  1.26
39.65  1.54
39.66  1.23
39.67  1.19
39.68  1.16
39.69  1.24
39.7  1.22
39.71  1.38
39.72  1.22
39.73  1.19
39.74  1.51
39.75  1.18
39.76  1.52
39.77  1.17
39.78  1.37
39.79  1.34
39.8  1.34
39.81  1.21
39.82  1.28
39.83  1.43
39.84  1.28
39.85  1.16
39.86  1.26
39.87  1.43
39.88  1.41
39.89  1.23
39.9  1.48
39.91  1.27
39.92  1.46
39.93  1.42
39.94  1.31
39.95  1.19
39.96  1.32
39.97  1.27
39.98  1.39
39.99  1.49
40  1.25
40.01  1.44
40.02  1.21
40.03  1.09
40.04  1.19
40.05  1.28
40.06  1.27
40.07  1.11
40.08  1.44
40.09  1.34
40.1  1.4
40.11  1.38
40.12  1.16
40.13  1.62
40.14  1.42
40.15  1.46
40.16  1.32
40.17  1.37
40.18  1.37
40.19  1.33
40.2  1.32
40.21  1.24
40.22  1.3
40.23  1.39
40.24  1.31
40.25  1.21
40.26  1.26
40.27  1.23
40.28  1.37
40.29  1.58
40.3  1.2
40.31  1.21
40.32  1.41
40.33  1.32
40.34  1.47
40.35  1.5
40.36  1.24
40.37  1.33
40.38  1.33
40.39  1.23
40.4  1.26
40.41  1.31
40.42  1.22
40.43  1.3
40.44  1.29
40.45  1.35
40.46  1.31
40.47  1.3
40.48  1.23
40.49  1.34
40.5  1.59
40.51  1.31
40.52  1.23
40.53  1.4
40.54  1.16
40.55  1.26
40.56  1.23
40.57  1.36
40.58  1.42
40.59  1.32
40.6  1.36
40.61  1.42
40.62  1.43
40.63  1.01
40.64  1.36
40.65  1.3
40.66  1.26
40.67  1.26
40.68  1.28
40.69  1.24
40.7  1.17
40.71  1.33
40.72  1.4
40.73  1.4
40.74  1.12
40.75  1.35
40.76  1.31
40.77  1.23
40.78  1.15
40.79  1.24
40.8  1.26
40.81  1.51
40.82  1.32
40.83  1.59
40.84  1.12
40.85  1.51
40.86  1.31
40.87  1.32
40.88  1.17
40.89  1.27
40.9  1.33
40.91  1.33
40.92  1.38
40.93  1.26
40.94  1.2
40.95  1.43
40.96  1.21
40.97  1.16
40.98  1.15
40.99  1.33
41  1.34
41.01  1.28
41.02  1.12
41.03  1.22
41.04  1.27
41.05  1.42
41.06  1.41
41.07  1.48
41.08  1.29
41.09  1.36
41.1  1.32
41.11  1.41
41.12  1.38
41.13  1.19
41.14  1.37
41.15  1.44
41.16  1.26
41.17  1.34
41.18  1.12
41.19  1.26
41.2  1.19
41.21  1.22
41.22  1.25
41.23  1.52
41.24  1.47
41.25  1.38
41.26  1.27
41.27  1.33
41.28  1.29
41.29  1.39
41.3  1.27
41.31  1.38
41.32  1.33
41.33  1.32
41.34  1.31
41.35  1.59
41.36  1.49
41.37  1.2
41.38  1.29
41.39  1.22
41.4  1.28
41.41  1.15
41.42  1.37
41.43  1.33
41.44  1.36
41.45  1.49
41.46  1.23
41.47  1.48
41.48  1.26
41.49  1.28
41.5  1.22
41.51  1.29
41.52  1.26
41.53  1.36
41.54  1.25
41.55  1.44
41.56  1.35
41.57  1.36
41.58  1.3
41.59  1.44
41.6  1.28
41.61  1.24
41.62  1.35
41.63  1.32
41.64  1.2
41.65  1.27
41.66  1.08
41.67  1.37
41.68  1.37
41.69  1.16
41.7  1.36
41.71  1.4
41.72  1.23
41.73  1.37
41.74  1.39
41.75  1.3
41.76  1.33
41.77  1.33
41.78  1.26
41.79  1.26
41.8  1.14
41.81  1.37
41.82  1.23
41.83  1.2
41.84  1.27
41.85  1.29
41.86  1.49
41.87  1.25
41.88  1.34
41.89  1.39
41.9  1.33
41.91  1.25
41.92  1.44
41.93  1.37
41.94  1.36
41.95  1.36
41.96  1.38
41.97  1.25
41.98  1.28
41.99  1.26
42  1.25
42.01  1.05
42.02  1.21
42.03  1.39
42.04  1.44
42.05  1.27
42.06  1.35
42.07  1.19
42.08  1.32
42.09  1.48
42.1  1.2
42.11  1.38
42.12  1.26
42.13  1.2
42.14  1.26
42.15  1.26
42.16  1.45
42.17  1.22
42.18  1.32
42.19  1.26
42.2  1.46
42.21  1.39
42.22  1.34
42.23  1.28
42.24  1.21
42.25  1.22
42.26  1.6
42.27  1.26
42.28  1.43
42.29  1.07
42.3  1.14
42.31  1.5
42.32  1.31
42.33  1.36
42.34  1.31
42.35  1.19
42.36  1.38
42.37  1.21
42.38  1.36
42.39  1.41
42.4  1.43
42.41  1.16
42.42  1.34
42.43  1.31
42.44  1.21
42.45  1.33
42.46  1.38
42.47  1.29
42.48  1.32
42.49  1.34
42.5  1.44
42.51  1.25
42.52  1.24
42.53  1.39
42.54  1.25
42.55  1.11
42.56  1.2
42.57  1.3
42.58  1.22
42.59  1.43
42.6  1.26
42.61  1.34
42.62  1.37
42.63  1.27
42.64  1.38
42.65  1.37
42.66  1.4
42.67  1.3
42.68  1.38
42.69  1.4
42.7  1.25
42.71  1.27
42.72  1.21
42.73  1.31
42.74  1.35
42.75  1.25
42.76  1.31
42.77  1.14
42.78  1.33
42.79  1.35
42.8  1.21
42.81  1.21
42.82  1.54
42.83  1.4
42.84  1.15
42.85  1.13
42.86  1.34
42.87  1.07
42.88  1.28
42.89  1.7
42.9  1.25
42.91  1.35
42.92  1.13
42.93  1.27
42.94  1.47
42.95  1.09
42.96  1.5
42.97  1.4
42.98  1.43
42.99  1.34
43  1.38
43.01  1.14
43.02  1.26
43.03  1.27
43.04  1.27
43.05  1.25
43.06  1.43
43.07  1.43
43.08  1.23
43.09  1.29
43.1  1.3
43.11  1.11
43.12  1.3
43.13  1.34
43.14  1.46
43.15  1.24
43.16  1.23
43.17  1.53
43.18  1.4
43.19  1.18
43.2  1.34
43.21  1.33
43.22  1.34
43.23  1.22
43.24  1.43
43.25  1.24
43.26  1.28
43.27  1.16
43.28  1.34
43.29  1.43
43.3  1.51
43.31  1.06
43.32  1.22
43.33  1.51
43.34  1.32
43.35  1.17
43.36  1.34
43.37  1.3
43.38  1.38
43.39  1.21
43.4  1.37
43.41  1.27
43.42  1.18
43.43  1.43
43.44  1.15
43.45  1.42
43.46  1.19
43.47  1.37
43.48  1.23
43.49  1.38
43.5  1.45
43.51  1.27
43.52  1.32
43.53  1.25
43.54  1.16
43.55  1.43
43.56  1.31
43.57  1.41
43.58  1.37
43.59  1.24
43.6  1.26
43.61  1.19
43.62  1.51
43.63  1.09
43.64  1.33
43.65  1.39
43.66  1.16
43.67  1.18
43.68  1.43
43.69  1.38
43.7  1.3
43.71  1.15
43.72  1.26
43.73  1.4
43.74  1.34
43.75  1.09
43.76  1.44
43.77  1.31
43.78  1.43
43.79  1.29
43.8  1.21
43.81  1.3
43.82  1.3
43.83  1.11
43.84  1.23
43.85  1.38
43.86  1.39
43.87  1.31
43.88  1.29
43.89  1.34
43.9  1.23
43.91  1.26
43.92  1.42
43.93  1.26
43.94  1.28
43.95  1.36
43.96  1.37
43.97  1.35
43.98  1.39
43.99  1.46
44  1.26
44.01  1.36
44.02  1.18
44.03  1.23
44.04  1.32
44.05  1.26
44.06  1.23
44.07  1.29
44.08  1.33
44.09  1.23
44.1  1.39
44.11  1.47
44.12  1.28
44.13  1.27
44.14  1.35
44.15  1.24
44.16  1.52
44.17  1.32
44.18  1.3
44.19  1.19
44.2  1.28
44.21  1.25
44.22  1.31
44.23  1.31
44.24  1.01
44.25  1.26
44.26  1.34
44.27  1.27
44.28  1.16
44.29  1.44
44.3  1.56
44.31  1.3
44.32  1.45
44.33  1.29
44.34  1.29
44.35  1.3
44.36  1.35
44.37  1.36
44.38  1.28
44.39  1.42
44.4  1.25
44.41  1.25
44.42  1.18
44.43  1.4
44.44  1.27
44.45  1.43
44.46  1.39
44.47  1.25
44.48  1.32
44.49  1.2
44.5  1.31
44.51  1.25
44.52  1.42
44.53  1.29
44.54  1.08
44.55  1.07
44.56  1.43
44.57  1.23
44.58  1.53
44.59  1.49
44.6  1.18
44.61  1.25
44.62  1.22
44.63  1.32
44.64  1.4
44.65  1.21
44.66  1.34
44.67  1.48
44.68  1.4
44.69  1.28
44.7  1.36
44.71  1.18
44.72  1.3
44.73  1.32
44.74  1.27
44.75  1.25
44.76  1.42
44.77  1.11
44.78  1.36
44.79  1.41
44.8  1.33
44.81  1.27
44.82  1.32
44.83  1.34
44.84  1.52
44.85  1.23
44.86  1.49
44.87  1.37
44.88  1.3
44.89  1.07
44.9  1.26
44.91  1.48
44.92  1.32
44.93  1.43
44.94  1.2
44.95  1.5
44.96  1.24
44.97  1.32
44.98  1.17
44.99  1.3
45  1.42
45.01  1.24
45.02  1.19
45.03  1.17
45.04  1.31
45.05  1.27
45.06  1.38
45.07  1.3
45.08  1.34
45.09  1.3
45.1  1.28
45.11  1.27
45.12  1.55
45.13  1.23
45.14  1.28
45.15  1.44
45.16  1.29
45.17  1.38
45.18  1.42
45.19  1.29
45.2  1.37
45.21  1.13
45.22  1.25
45.23  1.3
45.24  1.27
45.25  1.4
45.26  1.26
45.27  1.1
45.28  1.41
45.29  1.45
45.3  1.28
45.31  1.36
45.32  1.47
45.33  1.34
45.34  1.14
45.35  1.34
45.36  1.33
45.37  1.23
45.38  1.33
45.39  1.15
45.4  1.26
45.41  1.16
45.42  1.46
45.43  1.27
45.44  1.09
45.45  1.27
45.46  1.14
45.47  1.38
45.48  1.36
45.49  1.19
45.5  1.58
45.51  1.28
45.52  1.38
45.53  1.46
45.54  1.41
45.55  0.98
45.56  1.26
45.57  1.34
45.58  1.22
45.59  1.33
45.6  1.4
45.61  1.4
45.62  1.36
45.63  1.41
45.64  1.45
45.65  1.36
45.66  1.28
45.67  1.21
45.68  1.09
45.69  1.23
45.7  1.35
45.71  1.45
45.72  1.35
45.73  1.26
45.74  1.11
45.75  1.42
45.76  1.18
45.77  1.35
45.78  1.32
45.79  1.22
45.8  1.5
45.81  1.19
45.82  1.33
45.83  1.18
45.84  1.39
45.85  1.41
45.86  1.42
45.87  1.42
45.88  1.28
45.89  1.31
45.9  1.34
45.91  1.12
45.92  1.16
45.93  1.37
45.94  1.49
45.95  1.56
45.96  1.43
45.97  1.35
45.98  1.21
45.99  1.42
46  1.35
46.01  1.22
46.02  1.33
46.03  1.23
46.04  1.2
46.05  1.39
46.06  1.34
46.07  1.44
46.08  1.23
46.09  1.09
46.1  1.25
46.11  1.24
46.12  1.23
46.13  1.34
46.14  1.26
46.15  1.21
46.16  1.36
46.17  1.21
46.18  1.3
46.19  1.39
46.2  1.29
46.21  1.25
46.22  1.39
46.23  1.21
46.24  1.25
46.25  1.6
46.26  1.26
46.27  1.11
46.28  1.22
46.29  1.23
46.3  1.42
46.31  1.33
46.32  1.31
46.33  1.27
46.34  1.15
46.35  1.53
46.36  1.36
46.37  1.58
46.38  1.23
46.39  1.31
46.4  1.2
46.41  1.36
46.42  1.32
46.43  1.4
46.44  1.39
46.45  1.31
46.46  1.04
46.47  1.38
46.48  1.21
46.49  1.48
46.5  1.27
46.51  1.3
46.52  1.27
46.53  1.12
46.54  1.33
46.55  1.49
46.56  1.25
46.57  1.32
46.58  1.41
46.59  1.51
46.6  1.07
46.61  1.31
46.62  1.2
46.63  1.28
46.64  1.27
46.65  1.42
46.66  1.46
46.67  1.48
46.68  1.2
46.69  1.25
46.7  1.31
46.71  1.21
46.72  1.21
46.73  1.21
46.74  1.37
46.75  1.36
46.76  1.44
46.77  1.31
46.78  1.29
46.79  1.39
46.8  1.43
46.81  1.32
46.82  1.43
46.83  1.43
46.84  1.33
46.85  1.45
46.86  1.1
46.87  1.33
46.88  1.16
46.89  1.37
46.9  1.23
46.91  1.4
46.92  1.24
46.93  1.39
46.94  1.17
46.95  1.38
46.96  1.12
46.97  1.36
46.98  1.25
46.99  1.19
47  1.17
47.01  1.3
47.02  1.38
47.03  1.41
47.04  1.47
47.05  1.14
47.06  1.29
47.07  1.17
47.08  1.17
47.09  1.35
47.1  1.48
47.11  1.16
47.12  1.28
47.13  1.35
47.14  1.31
47.15  1.4
47.16  1.45
47.17  1.25
47.18  1.44
47.19  1.41
47.2  1.32
47.21  1.28
47.22  1.22
47.23  1.41
47.24  1.3
47.25  1.42
47.26  1.44
47.27  1.36
47.28  1.21
47.29  1.19
47.3  1.26
47.31  1.24
47.32  1.11
47.33  1.32
47.34  1.16
47.35  1.45
47.36  1.33
47.37  1.2
47.38  1.17
47.39  1.21
47.4  1.3
47.41  1.22
47.42  1.26
47.43  1.48
47.44  1.17
47.45  1.33
47.46  1.45
47.47  1.32
47.48  1.35
47.49  1.51
47.5  1.32
47.51  1.35
47.52  1.22
47.53  1.34
47.54  1.17
47.55  1.52
47.56  1.33
47.57  1.41
47.58  1.34
47.59  1.15
47.6  1.3
47.61  1.34
47.62  1.29
47.63  1.23
47.64  1.33
47.65  1.35
47.66  1.36
47.67  1.2
47.68  1.28
47.69  1.33
47.7  1.42
47.71  1.19
47.72  1.39
47.73  1.38
47.74  1.15
47.75  1.12
47.76  1.26
47.77  1.37
47.78  1.28
47.79  1.2
47.8  1.29
47.81  1.26
47.82  1.4
47.83  1.27
47.84  1.31
47.85  1.21
47.86  1.36
47.87  1.42
47.88  1.27
47.89  1.28
47.9  1.42
47.91  1.41
47.92  1.45
47.93  1.29
47.94  1.3
47.95  1.35
47.96  1.3
47.97  1.38
47.98  1.16
47.99  1.18
48  1.2
48.01  1.36
48.02  1.34
48.03  1.29
48.04  1.4
48.05  1.36
48.06  1.31
48.07  1.31
48.08  1.33
48.09  1.14
48.1  1.26
48.11  1.5
48.12  1.15
48.13  1.41
48.14  1.18
48.15  1.49
48.16  1.14
48.17  1.35
48.18  1.44
48.19  1.48
48.2  1.26
48.21  1.3
48.22  1.33
48.23  1.26
48.24  1.47
48.25  1.08
48.26  1.48
48.27  1.37
48.28  1.49
48.29  1.26
48.3  1.14
48.31  1.42
48.32  1.14
48.33  1.23
48.34  1.36
48.35  1.17
48.36  1.28
48.37  1.39
48.38  1.35
48.39  1.3
48.4  1.32
48.41  1.11
48.42  1.18
48.43  1.42
48.44  1.48
48.45  1.18
48.46  1.45
48.47  1.49
48.48  1.47
48.49  1.22
48.5  1.31
48.51  1.06
48.52  1.3
48.53  1.38
48.54  1.47
48.55  1.19
48.56  1.28
48.57  1.23
48.58  1.21
48.59  1.24
48.6  1.23
48.61  1.25
48.62  1.31
48.63  1.25
48.64  1.33
48.65  1.32
48.66  1.24
48.67  1.37
48.68  1.54
48.69  1.28
48.7  1.23
48.71  1.32
48.72  1.28
48.73  1.25
48.74  1.31
48.75  1.32
48.76  1.31
48.77  1.27
48.78  1.38
48.79  1.28
48.8  1.29
48.81  1.16
48.82  1.07
48.83  1.4
48.84  1.4
48.85  1.45
48.86  1.25
48.87  1.21
48.88  1.34
48.89  1.4
48.9  1.38
48.91  1.28
48.92  1.26
48.93  1.42
48.94  1.17
48.95  1.34
48.96  1.23
48.97  1.15
48.98  1.38
48.99  1.45
49  1.32
49.01  1.31
49.02  1.28
49.03  1.22
49.04  1.19
49.05  1.49
49.06  1.14
49.07  1.36
49.08  1.26
49.09  1.36
49.1  1.34
49.11  1.25
49.12  1.37
49.13  1.23
49.14  1.22
49.15  1.49
49.16  1.2
49.17  1.26
49.18  1.17
49.19  1.41
49.2  1.41
49.21  1.41
49.22  1.53
49.23  1.21
49.24  1.48
49.25  1.34
49.26  1.3
49.27  1.42
49.28  1.16
49.29  1.36
49.3  1.27
49.31  1.46
49.32  1.27
49.33  1.49
49.34  1.13
49.35  1.32
49.36  1.2
49.37  1.32
49.38  1.25
49.39  1.49
49.4  1.27
49.41  1.35
49.42  1.26
49.43  1.3
49.44  1.16
49.45  1.15
49.46  1.31
49.47  1.34
49.48  1.33
49.49  1.4
49.5  1.32
49.51  1.57
49.52  1.53
49.53  1.24
49.54  1.42
49.55  1.34
49.56  1.15
49.57  1.3
49.58  1.2
49.59  1.4
49.6  1.23
49.61  1.46
49.62  1.36
49.63  1.27
49.64  1.42
49.65  1.33
49.66  1.17
49.67  1.35
49.68  1.26
49.69  1.3
49.7  1.36
49.71  1.36
49.72  1.09
49.73  1.42
49.74  1.26
49.75  1.52
49.76  1.23
49.77  1.03
49.78  1.26
49.79  1.25
49.8  1.32
49.81  1.23
49.82  1.2
49.83  1.15
49.84  1.32
49.85  1.12
49.86  1.35
49.87  1.07
49.88  1.39
49.89  1.29
49.9  1.19
49.91  1.4
49.92  1.26
49.93  1.39
49.94  1.56
49.95  1.31
49.96  1.26
49.97  1.42
49.98  1.17
49.99  1.54
50  1.23
50.01  1.28
50.02  1.28
50.03  1.28
50.04  1.32
50.05  1.2
50.06  1.18
50.07  1.07
50.08  1.39
50.09  1.24
50.1  1.21
50.11  1.15
50.12  1.15
50.13  1.32
50.14  1.37
50.15  1.39
50.16  1.34
50.17  1.31
50.18  1.45
50.19  1.13
50.2  1.53
50.21  1.14
50.22  1.45
50.23  1.38
50.24  1.14
50.25  1.33
50.26  1.22
50.27  1.28
50.28  1.36
50.29  1.3
50.3  1.37
50.31  1.71
50.32  1.31
50.33  1.19
50.34  1.31
50.35  1.13
50.36  1.48
50.37  1.39
50.38  1.22
50.39  1.6
50.4  1.32
50.41  1.39
50.42  1.32
50.43  1.47
50.44  1.22
50.45  1.23
50.46  1.16
50.47  1.22
50.48  1.31
50.49  1.41
50.5  1.22
50.51  1.39
50.52  1.45
50.53  1.35
50.54  1.42
50.55  1.06
50.56  1.17
50.57  1.47
50.58  1.27
50.59  1.31
50.6  1.35
50.61  1.31
50.62  1.44
50.63  1.29
50.64  1.34
50.65  1.07
50.66  1.57
50.67  1.2
50.68  1.46
50.69  1.31
50.7  1.28
50.71  1.29
50.72  1.21
50.73  1.51
50.74  1.34
50.75  1.37
50.76  1.29
50.77  1.31
50.78  1.21
50.79  1.17
50.8  1.34
50.81  1.4
50.82  1.12
50.83  1.18
50.84  1.25
50.85  1.41
50.86  1.2
50.87  1.18
50.88  1.42
50.89  1.27
50.9  1.21
50.91  1.29
50.92  1.15
50.93  1.47
50.94  1.34
50.95  1.14
50.96  1.19
50.97  1.22
50.98  1.29
50.99  1.38
51  1.32
51.01  1.19
51.02  1.32
51.03  1.25
51.04  1.38
51.05  1.17
51.06  1.08
51.07  1.29
51.08  1.41
51.09  1.21
51.1  1.29
51.11  1.22
51.12  1.3
51.13  1.23
51.14  1.61
51.15  1.19
51.16  1.34
51.17  1.35
51.18  1.16
51.19  1.5
51.2  1.33
51.21  1.37
51.22  1.29
51.23  1.32
51.24  1.28
51.25  1.38
51.26  1.44
51.27  1.42
51.28  1.08
51.29  1.3
51.3  1.52
51.31  1.22
51.32  1.23
51.33  1.14
51.34  1.34
51.35  1.14
51.36  1.21
51.37  1.26
51.38  1.31
51.39  1.35
51.4  1.38
51.41  1.38
51.42  1.44
51.43  1.35
51.44  1.42
51.45  1.25
51.46  1.17
51.47  1.38
51.48  1.41
51.49  1.42
51.5  1.26
51.51  1.22
51.52  1.18
51.53  1.38
51.54  1.29
51.55  1.33
51.56  1.39
51.57  1.36
51.58  1.08
51.59  1.44
51.6  1.34
51.61  1.55
51.62  1.37
51.63  1.34
51.64  1.22
51.65  1.31
51.66  1.28
51.67  1.43
51.68  1.14
51.69  1.29
51.7  1.37
51.71  1.39
51.72  1.13
51.73  1.43
51.74  1.13
51.75  1.16
51.76  1.35
51.77  1.4
51.78  1.58
51.79  1.37
51.8  1.47
51.81  1.11
51.82  1.35
51.83  1.39
51.84  1.46
51.85  1.28
51.86  1.1
51.87  1.26
51.88  0.96
51.89  1.09
51.9  1.4
51.91  1.33
51.92  1.32
51.93  1.35
51.94  1.43
51.95  1.34
51.96  1.28
51.97  1.52
51.98  1.46
51.99  1.24
52  1.32
52.01  1.25
52.02  1.35
52.03  1.41
52.04  1.33
52.05  1.23
52.06  1.15
52.07  1.21
52.08  1.31
52.09  1.37
52.1  1.2
52.11  1.22
52.12  1.37
52.13  1.34
52.14  1.39
52.15  1.27
52.16  1.41
52.17  1.03
52.18  1.23
52.19  1.25
52.2  1.34
52.21  1.43
52.22  1.19
52.23  1.26
52.24  1.45
52.25  1.36
52.26  1.33
52.27  1.04
52.28  1.23
52.29  1.23
52.3  1.22
52.31  1.25
52.32  1.25
52.33  1.29
52.34  1.34
52.35  1.3
52.36  1.3
52.37  1.45
52.38  1.52
52.39  1.26
52.4  1.42
52.41  1.17
52.42  1.12
52.43  1.33
52.44  1.55
52.45  1.23
52.46  1.18
52.47  1.17
52.48  1.28
52.49  1.4
52.5  1.41
52.51  1.33
52.52  1.43
52.53  1.26
52.54  1.36
52.55  1.36
52.56  1.22
52.57  1.34
52.58  1.38
52.59  1.41
52.6  1.22
52.61  1.33
52.62  1.34
52.63  1.37
52.64  1.19
52.65  1.13
52.66  1.34
52.67  1.27
52.68  1.19
52.69  1.36
52.7  1.47
52.71  1.35
52.72  1.18
52.73  1.26
52.74  1.14
52.75  1.59
52.76  1.45
52.77  1.45
52.78  1.28
52.79  1.3
52.8  1.29
52.81  1.28
52.82  1.37
52.83  1.31
52.84  1.3
52.85  1.31
52.86  1.36
52.87  1.29
52.88  1.22
52.89  1.4
52.9  1.16
52.91  1.15
52.92  1.31
52.93  1.29
52.94  1.52
52.95  1.18
52.96  1.35
52.97  1.4
52.98  1.21
52.99  1.23
53  1.31
53.01  1.37
53.02  1.26
53.03  1.26
53.04  1.37
53.05  1.13
53.06  1.37
53.07  1.29
53.08  1.3
53.09  1.26
53.1  1.35
53.11  1.33
53.12  1.17
53.13  1.43
53.14  1.32
53.15  1.26
53.16  1.36
53.17  1.36
53.18  1.11
53.19  1.1
53.2  1.19
53.21  1.28
53.22  1.27
53.23  1.71
53.24  1.26
53.25  1.46
53.26  1.23
53.27  1.3
53.28  1.35
53.29  1.21
53.3  1.32
53.31  1.6
53.32  0.99
53.33  1.43
53.34  1.22
53.35  1.11
53.36  1.32
53.37  1.55
53.38  1.34
53.39  1.23
53.4  1.4
53.41  1.15
53.42  1.36
53.43  1.39
53.44  1.32
53.45  1.14
53.46  1.32
53.47  1.36
53.48  1.34
53.49  1.32
53.5  1.35
53.51  1.38
53.52  1.4
53.53  1.16
53.54  1.43
53.55  1.32
53.56  1.2
53.57  1.35
53.58  1.32
53.59  1.54
53.6  1.32
53.61  1.14
53.62  1.39
53.63  1.24
53.64  1.27
53.65  1.3
53.66  1.43
53.67  1.27
53.68  1.24
53.69  1.24
53.7  1.38
53.71  1.25
53.72  1.33
53.73  1.17
53.74  1.42
53.75  1.3
53.76  1.32
53.77  1.36
53.78  1.18
53.79  1.25
53.8  1.48
53.81  1.23
53.82  1.35
53.83  1.25
53.84  1.3
53.85  1.33
53.86  1.3
53.87  1.42
53.88  1.17
53.89  1.4
53.9  1.48
53.91  1.39
53.92  1.29
53.93  1.29
53.94  1.43
53.95  1.25
53.96  1.23
53.97  1.15
53.98  1.24
53.99  1.3
54  1.53
54.01  1.45
54.02  1.33
54.03  1.36
54.04  1.34
54.05  1.08
54.06  1.39
54.07  1.28
54.08  1.17
54.09  1.42
54.1  1.04
54.11  1.45
54.12  1.25
54.13  1.29
54.14  1.18
54.15  1.33
54.16  1.26
54.17  1.38
54.18  1.14
54.19  1.45
54.2  1.29
54.21  1.29
54.22  1.25
54.23  1.3
54.24  1.18
54.25  1.22
54.26  1.24
54.27  1.4
54.28  1.41
54.29  1.28
54.3  1.33
54.31  1.08
54.32  1.51
54.33  1.4
54.34  1.39
54.35  1.27
54.36  1.34
54.37  1.26
54.38  1.47
54.39  1.34
54.4  1.2
54.41  1.42
54.42  1.22
54.43  1.14
54.44  1.41
54.45  1.43
54.46  1.33
54.47  1.03
54.48  1.31
54.49  1.28
54.5  1.3
54.51  1.22
54.52  1.28
54.53  1.13
54.54  1.4
54.55  1.35
54.56  1.02
54.57  1.29
54.58  1.31
54.59  1.18
54.6  1.34
54.61  1.26
54.62  1.37
54.63  1.33
54.64  1.45
54.65  1.5
54.66  1.32
54.67  1.26
54.68  1.38
54.69  1.51
54.7  1.35
54.71  1.38
54.72  1.4
54.73  1.18
54.74  1.42
54.75  1.37
54.76  1.27
54.77  1.32
54.78  1.07
54.79  1.31
54.8  1.54
54.81  1.48
54.82  1.31
54.83  1.51
54.84  1.33
54.85  1.22
54.86  1.22
54.87  1.09
54.88  1.37
54.89  1.31
54.9  1.29
54.91  1.29
54.92  1.34
54.93  1.42
54.94  1.21
54.95  1.23
54.96  1.15
54.97  1.39
54.98  1.4
54.99  1.28
55  1.15
55.01  1.32
55.02  1.42
55.03  1.38
55.04  1.26
55.05  1.11
55.06  1.37
55.07  1.43
55.08  1.5
55.09  1.48
55.1  1.34
55.11  1.29
55.12  1.17
55.13  1.49
55.14  1.33
55.15  1.42
55.16  1.24
55.17  1.44
55.18  1.28
55.19  1.24
55.2  1.27
55.21  1.13
55.22  1.21
55.23  1.42
55.24  1.41
55.25  1.09
55.26  1.25
55.27  1.17
55.28  1.31
55.29  1.18
55.3  1.43
55.31  1.21
55.32  1.19
55.33  1.26
55.34  1.18
55.35  1.24
55.36  1.41
55.37  1.41
55.38  1.36
55.39  1.23
55.4  1.36
55.41  1.44
55.42  1.32
55.43  1.28
55.44  1.53
55.45  1.25
55.46  1.16
55.47  1.25
55.48  1.23
55.49  1.36
55.5  1.42
55.51  1.26
55.52  1.31
55.53  1.42
55.54  1.08
55.55  1.35
55.56  1.33
55.57  1.53
55.58  1.26
55.59  1.3
55.6  1.22
55.61  1.24
55.62  1.3
55.63  1.35
55.64  1.15
55.65  1.19
55.66  1.15
55.67  1.4
55.68  1.06
55.69  1.26
55.7  1.28
55.71  1.33
55.72  1.51
55.73  1.47
55.74  1.24
55.75  1.39
55.76  1.41
55.77  1.14
55.78  1.28
55.79  1.46
55.8  1.3
55.81  1.18
55.82  1.48
55.83  1.33
55.84  1.46
55.85  1.28
55.86  1.17
55.87  1.24
55.88  1.46
55.89  1.36
55.9  1.32
55.91  1.32
55.92  1.43
55.93  1.27
55.94  1.15
55.95  1.35
55.96  1.29
55.97  1.44
55.98  1.12
55.99  1.19
56  1.18
56.01  1.27
56.02  1.33
56.03  1.39
56.04  1.3
56.05  1.31
56.06  1.25
56.07  1.4
56.08  1.36
56.09  1.32
56.1  1.27
56.11  1.34
56.12  1.34
56.13  1.42
56.14  1.26
56.15  1.3
56.16  1.16
56.17  1.4
56.18  1.38
56.19  1.25
56.2  1.22
56.21  1.59
56.22  1.32
56.23  1.12
56.24  1.24
56.25  1.27
56.26  1.22
56.27  1.23
56.28  1.45
56.29  1.42
56.3  1.26
56.31  1.17
56.32  1.45
56.33  1.28
56.34  1.19
56.35  1.49
56.36  1.2
56.37  1.3
56.38  1.25
56.39  1.37
56.4  1.15
56.41  1.29
56.42  1.28
56.43  1.22
56.44  1.3
56.45  1.22
56.46  1.25
56.47  1.46
56.48  1.41
56.49  1.28
56.5  1.23
56.51  1.12
56.52  1.45
56.53  1.56
56.54  1.49
56.55  1.18
56.56  1.39
56.57  1.09
56.58  1.29
56.59  1.41
56.6  1.35
56.61  1.35
56.62  1.41
56.63  1.16
56.64  1.12
56.65  1.21
56.66  1.42
56.67  1.34
56.68  1.26
56.69  1.6
56.7  1.05
56.71  1.43
56.72  1.32
56.73  1.18
56.74  1.32
56.75  1.31
56.76  1.41
56.77  1.37
56.78  1.16
56.79  1.43
56.8  1.4
56.81  1.22
56.82  1.44
56.83  1.19
56.84  1.2
56.85  1.12
56.86  1.35
56.87  1.36
56.88  1.45
56.89  1.16
56.9  1.26
56.91  1.41
56.92  1.29
56.93  1.43
56.94  1.26
56.95  1.35
56.96  1.57
56.97  1.24
56.98  1.3
56.99  1.4
57  1.26
57.01  1.42
57.02  1.23
57.03  1.28
57.04  1.23
57.05  1.28
57.06  1.35
57.07  1.43
57.08  1.24
57.09  1.35
57.1  1.25
57.11  1.29
57.12  1.27
57.13  1.2
57.14  1.37
57.15  1.23
57.16  1.42
57.17  1.27
57.18  1.5
57.19  1.42
57.2  1.33
57.21  1.26
57.22  1.19
57.23  1.1
57.24  1.22
57.25  1.39
57.26  1.47
57.27  1.2
57.28  1.14
57.29  1.39
57.3  1.29
57.31  1.31
57.32  1.27
57.33  1.57
57.34  1.32
57.35  1.08
57.36  1.26
57.37  1.57
57.38  1.34
57.39  1.38
57.4  1.18
57.41  1.44
57.42  1.36
57.43  0.99
57.44  1.29
57.45  1.22
57.46  1.33
57.47  1.37
57.48  1.33
57.49  1.25
57.5  1.35
57.51  1.27
57.52  1.33
57.53  1.19
57.54  1.23
57.55  1.3
57.56  1.27
57.57  1.33
57.58  1.24
57.59  1.37
57.6  1.42
57.61  1.22
57.62  1.3
57.63  1.32
57.64  1.4
57.65  1.23
57.66  1.11
57.67  1.19
57.68  1.29
57.69  1.31
57.7  1.38
57.71  1.37
57.72  1.36
57.73  1.33
57.74  1.18
57.75  1.28
57.76  1.4
57.77  1.26
57.78  1.43
57.79  1.55
57.8  1.36
57.81  1.34
57.82  1.32
57.83  1.36
57.84  1.31
57.85  1.2
57.86  1.45
57.87  1.34
57.88  1.44
57.89  1.29
57.9  1.33
57.91  1.33
57.92  1.3
57.93  1.29
57.94  1.13
57.95  1.39
57.96  1.3
57.97  1.44
57.98  1.18
57.99  1.25
58  1.39
58.01  1.24
58.02  1.39
58.03  1.33
58.04  1.21
58.05  1.12
58.06  1.46
58.07  1.32
58.08  1.28
58.09  1.32
58.1  1.3
58.11  1.3
58.12  1.3
58.13  1.18
58.14  1.56
58.15  1.68
58.16  1.22
58.17  1.37
58.18  1.23
58.19  1.35
58.2  1.32
58.21  1.39
58.22  1.39
58.23  1.3
58.24  1.27
58.25  1.25
58.26  1.25
58.27  1.41
58.28  1.34
58.29  1.15
58.3  1.21
58.31  1.37
58.32  1.21
58.33  1.15
58.34  1.39
58.35  1.35
58.36  1.25
58.37  1.25
58.38  1.34
58.39  1.29
58.4  1.43
58.41  1.2
58.42  1.2
58.43  1.16
58.44  1.22
58.45  1.03
58.46  1.41
58.47  1.34
58.48  1.26
58.49  1.33
58.5  1.24
58.51  1.18
58.52  1.4
58.53  1.34
58.54  1.25
58.55  1.38
58.56  1.39
58.57  1.41
58.58  1.24
58.59  1.37
58.6  1.46
58.61  1.5
58.62  1.18
58.63  1.36
58.64  1.22
58.65  1.2
58.66  1.36
58.67  1.39
58.68  1.44
58.69  1.26
58.7  1.07
58.71  1.21
58.72  1.03
58.73  1.31
58.74  1.3
58.75  1.22
58.76  1.36
58.77  1.25
58.78  1.2
58.79  1.62
58.8  1.33
58.81  1.14
58.82  1.27
58.83  1.19
58.84  1.47
58.85  1.22
58.86  1.25
58.87  1.27
58.88  1.18
58.89  1.46
58.9  1.34
58.91  1.31
58.92  1.39
58.93  1.35
58.94  1.41
58.95  1.51
58.96  1.27
58.97  1.41
58.98  1.33
58.99  1.3
59  1.32
59.01  1.34
59.02  1.05
59.03  1.41
59.04  1.23
59.05  1.27
59.06  1.22
59.07  1.28
59.08  1.32
59.09  1.57
59.1  1.29
59.11  1.51
59.12  1.33
59.13  1.36
59.14  1.21
59.15  1.28
59.16  1.16
59.17  1.24
59.18  1.46
59.19  1.35
59.2  1.33
59.21  1.2
59.22  1.19
59.23  1.3
59.24  1.29
59.25  1.43
59.26  1.32
59.27  1.15
59.28  1.3
59.29  1.28
59.3  1.54
59.31  1.32
59.32  1.39
59.33  1.24
59.34  1.47
59.35  1.25
59.36  1.23
59.37  1.3
59.38  1.37
59.39  1.26
59.4  1.22
59.41  1.34
59.42  1.38
59.43  1.38
59.44  1.27
59.45  1.21
59.46  1.23
59.47  1.42
59.48  1.43
59.49  1.38
59.5  1.36
59.51  1.27
59.52  1.46
59.53  1.19
59.54  1.08
59.55  1.32
59.56  1.34
59.57  1.28
59.58  1.46
59.59  1.26
59.6  1.21
59.61  1.36
59.62  1.34
59.63  1.25
59.64  1.51
59.65  1.04
59.66  1.26
59.67  1.21
59.68  1.39
59.69  1.34
59.7  1.61
59.71  1.12
59.72  1.34
59.73  1.42
59.74  1.04
59.75  1.34
59.76  1.24
59.77  1.34
59.78  1.37
59.79  1.12
59.8  1.58
59.81  1.39
59.82  1.3
59.83  1.08
59.84  1.37
59.85  1.4
59.86  1.32
59.87  1.32
59.88  1.18
59.89  1.31
59.9  1.25
59.91  1.19
59.92  1.33
59.93  1.21
59.94  1.28
59.95  1.26
59.96  1.33
59.97  1.25
59.98  1.37
59.99  1.39
