-15  0
-14.99  0
-14.98  0.01
-14.97  0.01
-14.96  0.01
-14.95  0.01
-14.94  0.02
-14.93  0.02
-14.92  0.03
-14.91  0.03
-14.9  0.02
-14.89  0.04
-14.88  0.04
-14.87  0.04
-14.86  0.06
-14.85  0.04
-14.84  0.06
-14.83  0.05
-14.82  0.06
-14.81  0.07
-14.8  0.08
-14.79  0.06
-14.78  0.08
-14.77  0.08
-14.76  0.1
-14.75  0.09
-14.74  0.1
-14.73  0.12
-14.72  0.11
-14.71  0.11
-14.7  0.11
-14.69  0.15
-14.68  0.13
-14.67  0.15
-14.66  0.15
-14.65  0.18
-14.64  0.17
-14.63  0.18
-14.62  0.18
-14.61  0.21
-14.6  0.2
-14.59  0.24
-14.58  0.22
-14.57  0.29
-14.56  0.27
-14.55  0.28
-14.54  0.29
-14.53  0.34
-14.52  0.34
-14.51  0.37
-14.5  0.39
-14.49  0.44
-14.48  0.44
-14.47  0.5
-14.46  0.53
-14.45  0.56
-14.44  0.63
-14.43  0.65
-14.42  0.73
-14.41  0.8
-14.4  0.86
-14.39  0.98
-14.38  1.05
-14.37  1.13
-14.36  1.28
-14.35  1.41
-14.34  1.55
-14.33  1.76
-14.32  1.93
-14.31  2.13
-14.3  2.36
-14.29  2.58
-14.28  2.85
-14.27  3.02
-14.26  3.23
-14.25  3.32
-14.24  3.39
-14.23  3.39
-14.22  3.3
-14.21  3.15
-14.2  2.96
-14.19  2.74
-14.18  2.52
-14.17  2.32
-14.16  2.05
-14.15  1.87
-14.14  1.7
-14.13  1.5
-14.12  1.4
-14.11  1.25
-14.1  1.13
-14.09  1.04
-14.08  0.97
-14.07  0.86
-14.06  0.82
-14.05  0.75
-14.04  0.69
-14.03  0.63
-14.02  0.58
-14.01  0.58
-14  0.52
-13.99  0.51
-13.98  0.46
-13.97  0.45
-13.96  0.4
-13.95  0.42
-13.94  0.38
-13.93  0.38
-13.92  0.34
-13.91  0.33
-13.9  0.33
-13.89  0.32
-13.88  0.29
-13.87  0.3
-13.86  0.27
-13.85  0.29
-13.84  0.24
-13.83  0.29
-13.82  0.27
-13.81  0.23
-13.8  0.25
-13.79  0.24
-13.78  0.22
-13.77  0.24
-13.76  0.25
-13.75  0.23
-13.74  0.19
-13.73  0.2
-13.72  0.24
-13.71  0.22
-13.7  0.23
-13.69  0.23
-13.68  0.2
-13.67  0.2
-13.66  0.22
-13.65  0.2
-13.64  0.2
-13.63  0.21
-13.62  0.21
-13.61  0.22
-13.6  0.2
-13.59  0.22
-13.58  0.19
-13.57  0.24
-13.56  0.21
-13.55  0.19
-13.54  0.21
-13.53  0.23
-13.52  0.21
-13.51  0.21
-13.5  0.24
-13.49  0.24
-13.48  0.21
-13.47  0.21
-13.46  0.23
-13.45  0.26
-13.44  0.24
-13.43  0.24
-13.42  0.22
-13.41  0.25
-13.4  0.24
-13.39  0.26
-13.38  0.25
-13.37  0.27
-13.36  0.26
-13.35  0.25
-13.34  0.28
-13.33  0.28
-13.32  0.28
-13.31  0.31
-13.3  0.3
-13.29  0.28
-13.28  0.31
-13.27  0.3
-13.26  0.33
-13.25  0.32
-13.24  0.33
-13.23  0.31
-13.22  0.36
-13.21  0.36
-13.2  0.36
-13.19  0.38
-13.18  0.38
-13.17  0.39
-13.16  0.41
-13.15  0.39
-13.14  0.42
-13.13  0.43
-13.12  0.45
-13.11  0.44
-13.1  0.46
-13.09  0.49
-13.08  0.5
-13.07  0.51
-13.06  0.51
-13.05  0.55
-13.04  0.54
-13.03  0.6
-13.02  0.6
-13.01  0.6
-13  0.6
-12.99  0.67
-12.98  0.65
-12.97  0.7
-12.96  0.71
-12.95  0.71
-12.94  0.77
-12.93  0.75
-12.92  0.81
-12.91  0.85
-12.9  0.85
-12.89  0.89
-12.88  0.9
-12.87  0.92
-12.86  0.95
-12.85  1
-12.84  0.99
-12.83  1.06
-12.82  1.06
-12.81  1.08
-12.8  1.13
-12.79  1.11
-12.78  1.12
-12.77  1.17
-12.76  1.2
-12.75  1.2
-12.74  1.22
-12.73  1.24
-12.72  1.25
-12.71  1.24
-12.7  1.21
-12.69  1.25
-12.68  1.21
-12.67  1.22
-12.66  1.22
-12.65  1.2
-12.64  1.18
-12.63  1.2
-12.62  1.18
-12.61  1.14
-12.6  1.11
-12.59  1.11
-12.58  1.07
-12.57  1.07
-12.56  1
-12.55  1.03
-12.54  0.97
-12.53  0.96
-12.52  0.91
-12.51  0.91
-12.5  0.92
-12.49  0.85
-12.48  0.82
-12.47  0.82
-12.46  0.78
-12.45  0.79
-12.44  0.75
-12.43  0.74
-12.42  0.74
-12.41  0.69
-12.4  0.67
-12.39  0.66
-12.38  0.65
-12.37  0.61
-12.36  0.61
-12.35  0.59
-12.34  0.64
-12.33  0.56
-12.32  0.57
-12.31  0.54
-12.3  0.55
-12.29  0.54
-12.28  0.51
-12.27  0.5
-12.26  0.52
-12.25  0.52
-12.24  0.49
-12.23  0.47
-12.22  0.48
-12.21  0.46
-12.2  0.47
-12.19  0.43
-12.18  0.46
-12.17  0.45
-12.16  0.46
-12.15  0.42
-12.14  0.43
-12.13  0.43
-12.12  0.43
-12.11  0.44
-12.1  0.42
-12.09  0.4
-12.08  0.44
-12.07  0.4
-12.06  0.39
-12.05  0.44
-12.04  0.4
-12.03  0.41
-12.02  0.41
-12.01  0.42
-12  0.36
-11.99  0.41
-11.98  0.41
-11.97  0.39
-11.96  0.4
-11.95  0.42
-11.94  0.44
-11.93  0.41
-11.92  0.4
-11.91  0.43
-11.9  0.4
-11.89  0.39
-11.88  0.4
-11.87  0.41
-11.86  0.42
-11.85  0.45
-11.84  0.42
-11.83  0.41
-11.82  0.44
-11.81  0.43
-11.8  0.44
-11.79  0.47
-11.78  0.44
-11.77  0.43
-11.76  0.48
-11.75  0.43
-11.74  0.45
-11.73  0.46
-11.72  0.47
-11.71  0.5
-11.7  0.5
-11.69  0.46
-11.68  0.48
-11.67  0.51
-11.66  0.49
-11.65  0.5
-11.64  0.52
-11.63  0.52
-11.62  0.54
-11.61  0.54
-11.6  0.55
-11.59  0.57
-11.58  0.55
-11.57  0.57
-11.56  0.56
-11.55  0.61
-11.54  0.56
-11.53  0.63
-11.52  0.6
-11.51  0.61
-11.5  0.6
-11.49  0.61
-11.48  0.67
-11.47  0.65
-11.46  0.68
-11.45  0.67
-11.44  0.68
-11.43  0.68
-11.42  0.69
-11.41  0.71
-11.4  0.75
-11.39  0.71
-11.38  0.76
-11.37  0.72
-11.36  0.75
-11.35  0.78
-11.34  0.76
-11.33  0.77
-11.32  0.78
-11.31  0.81
-11.3  0.79
-11.29  0.79
-11.28  0.82
-11.27  0.84
-11.26  0.86
-11.25  0.84
-11.24  0.83
-11.23  0.86
-11.22  0.82
-11.21  0.84
-11.2  0.84
-11.19  0.88
-11.18  0.87
-11.17  0.83
-11.16  0.87
-11.15  0.87
-11.14  0.88
-11.13  0.82
-11.12  0.88
-11.11  0.84
-11.1  0.87
-11.09  0.86
-11.08  0.86
-11.07  0.84
-11.06  0.81
-11.05  0.86
-11.04  0.8
-11.03  0.85
-11.02  0.83
-11.01  0.78
-11  0.79
-10.99  0.81
-10.98  0.77
-10.97  0.79
-10.96  0.77
-10.95  0.8
-10.94  0.71
-10.93  0.76
-10.92  0.78
-10.91  0.71
-10.9  0.75
-10.89  0.7
-10.88  0.75
-10.87  0.69
-10.86  0.66
-10.85  0.73
-10.84  0.68
-10.83  0.66
-10.82  0.68
-10.81  0.66
-10.8  0.64
-10.79  0.64
-10.78  0.63
-10.77  0.64
-10.76  0.63
-10.75  0.61
-10.74  0.61
-10.73  0.61
-10.72  0.57
-10.71  0.67
-10.7  0.59
-10.69  0.58
-10.68  0.59
-10.67  0.57
-10.66  0.59
-10.65  0.57
-10.64  0.54
-10.63  0.55
-10.62  0.55
-10.61  0.53
-10.6  0.57
-10.59  0.58
-10.58  0.53
-10.57  0.55
-10.56  0.56
-10.55  0.51
-10.54  0.53
-10.53  0.52
-10.52  0.56
-10.51  0.53
-10.5  0.54
-10.49  0.52
-10.48  0.5
-10.47  0.54
-10.46  0.52
-10.45  0.53
-10.44  0.53
-10.43  0.5
-10.42  0.51
-10.41  0.53
-10.4  0.5
-10.39  0.52
-10.38  0.54
-10.37  0.53
-10.36  0.51
-10.35  0.53
-10.34  0.51
-10.33  0.55
-10.32  0.5
-10.31  0.57
-10.3  0.53
-10.29  0.49
-10.28  0.52
-10.27  0.56
-10.26  0.54
-10.25  0.51
-10.24  0.52
-10.23  0.52
-10.22  0.56
-10.21  0.58
-10.2  0.57
-10.19  0.56
-10.18  0.52
-10.17  0.54
-10.16  0.52
-10.15  0.6
-10.14  0.58
-10.13  0.55
-10.12  0.59
-10.11  0.58
-10.1  0.58
-10.09  0.59
-10.08  0.61
-10.07  0.53
-10.06  0.6
-10.05  0.6
-10.04  0.61
-10.03  0.61
-10.02  0.62
-10.01  0.61
-10  0.6
-9.99  0.61
-9.98  0.63
-9.97  0.62
-9.96  0.65
-9.95  0.62
-9.94  0.67
-9.93  0.68
-9.92  0.64
-9.91  0.66
-9.9  0.67
-9.89  0.66
-9.88  0.64
-9.87  0.68
-9.86  0.63
-9.85  0.72
-9.84  0.68
-9.83  0.68
-9.82  0.69
-9.81  0.69
-9.8  0.7
-9.79  0.68
-9.78  0.69
-9.77  0.71
-9.76  0.74
-9.75  0.73
-9.74  0.73
-9.73  0.71
-9.72  0.73
-9.71  0.7
-9.7  0.74
-9.69  0.72
-9.68  0.71
-9.67  0.72
-9.66  0.74
-9.65  0.69
-9.64  0.77
-9.63  0.72
-9.62  0.72
-9.61  0.74
-9.6  0.76
-9.59  0.75
-9.58  0.71
-9.57  0.74
-9.56  0.74
-9.55  0.72
-9.54  0.71
-9.53  0.75
-9.52  0.72
-9.51  0.73
-9.5  0.68
-9.49  0.75
-9.48  0.73
-9.47  0.73
-9.46  0.73
-9.45  0.68
-9.44  0.71
-9.43  0.71
-9.42  0.73
-9.41  0.68
-9.4  0.67
-9.39  0.72
-9.38  0.67
-9.37  0.7
-9.36  0.69
-9.35  0.73
-9.34  0.69
-9.33  0.68
-9.32  0.65
-9.31  0.68
-9.3  0.65
-9.29  0.64
-9.28  0.72
-9.27  0.64
-9.26  0.67
-9.25  0.61
-9.24  0.67
-9.23  0.64
-9.22  0.65
-9.21  0.67
-9.2  0.64
-9.19  0.63
-9.18  0.6
-9.17  0.63
-9.16  0.63
-9.15  0.6
-9.14  0.66
-9.13  0.62
-9.12  0.62
-9.11  0.58
-9.1  0.63
-9.09  0.61
-9.08  0.62
-9.07  0.61
-9.06  0.61
-9.05  0.58
-9.04  0.62
-9.03  0.57
-9.02  0.57
-9.01  0.62
-9  0.58
-8.99  0.58
-8.98  0.59
-8.97  0.62
-8.96  0.59
-8.95  0.6
-8.94  0.59
-8.93  0.6
-8.92  0.56
-8.91  0.6
-8.9  0.57
-8.89  0.58
-8.88  0.59
-8.87  0.56
-8.86  0.59
-8.85  0.55
-8.84  0.6
-8.83  0.58
-8.82  0.56
-8.81  0.6
-8.8  0.59
-8.79  0.58
-8.78  0.6
-8.77  0.57
-8.76  0.61
-8.75  0.56
-8.74  0.57
-8.73  0.56
-8.72  0.63
-8.71  0.59
-8.7  0.61
-8.69  0.57
-8.68  0.57
-8.67  0.62
-8.66  0.58
-8.65  0.63
-8.64  0.56
-8.63  0.58
-8.62  0.58
-8.61  0.63
-8.6  0.59
-8.59  0.63
-8.58  0.61
-8.57  0.59
-8.56  0.62
-8.55  0.62
-8.54  0.58
-8.53  0.63
-8.52  0.6
-8.51  0.61
-8.5  0.61
-8.49  0.68
-8.48  0.6
-8.47  0.66
-8.46  0.6
-8.45  0.63
-8.44  0.65
-8.43  0.61
-8.42  0.64
-8.41  0.62
-8.4  0.67
-8.39  0.58
-8.38  0.66
-8.37  0.65
-8.36  0.65
-8.35  0.64
-8.34  0.66
-8.33  0.65
-8.32  0.63
-8.31  0.68
-8.3  0.66
-8.29  0.69
-8.28  0.64
-8.27  0.7
-8.26  0.67
-8.25  0.64
-8.24  0.65
-8.23  0.64
-8.22  0.69
-8.21  0.68
-8.2  0.7
-8.19  0.64
-8.18  0.67
-8.17  0.69
-8.16  0.67
-8.15  0.67
-8.14  0.67
-8.13  0.7
-8.12  0.68
-8.11  0.67
-8.1  0.65
-8.09  0.67
-8.08  0.72
-8.07  0.7
-8.06  0.67
-8.05  0.68
-8.04  0.69
-8.03  0.67
-8.02  0.69
-8.01  0.66
-8  0.68
-7.99  0.66
-7.98  0.71
-7.97  0.68
-7.96  0.65
-7.95  0.69
-7.94  0.66
-7.93  0.67
-7.92  0.7
-7.91  0.67
-7.9  0.65
-7.89  0.68
-7.88  0.7
-7.87  0.65
-7.86  0.66
-7.85  0.71
-7.84  0.68
-7.83  0.64
-7.82  0.66
-7.81  0.68
-7.8  0.63
-7.79  0.67
-7.78  0.66
-7.77  0.66
-7.76  0.62
-7.75  0.67
-7.74  0.66
-7.73  0.7
-7.72  0.62
-7.71  0.66
-7.7  0.63
-7.69  0.65
-7.68  0.64
-7.67  0.64
-7.66  0.61
-7.65  0.66
-7.64  0.63
-7.63  0.65
-7.62  0.64
-7.61  0.65
-7.6  0.62
-7.59  0.66
-7.58  0.6
-7.57  0.67
-7.56  0.63
-7.55  0.62
-7.54  0.62
-7.53  0.63
-7.52  0.61
-7.51  0.59
-7.5  0.63
-7.49  0.64
-7.48  0.62
-7.47  0.59
-7.46  0.63
-7.45  0.62
-7.44  0.65
-7.43  0.62
-7.42  0.6
-7.41  0.63
-7.4  0.64
-7.39  0.63
-7.38  0.56
-7.37  0.65
-7.36  0.59
-7.35  0.61
-7.34  0.61
-7.33  0.63
-7.32  0.63
-7.31  0.59
-7.3  0.61
-7.29  0.59
-7.28  0.6
-7.27  0.62
-7.26  0.6
-7.25  0.61
-7.24  0.64
-7.23  0.59
-7.22  0.64
-7.21  0.62
-7.2  0.6
-7.19  0.62
-7.18  0.6
-7.17  0.65
-7.16  0.6
-7.15  0.59
-7.14  0.62
-7.13  0.62
-7.12  0.6
-7.11  0.63
-7.1  0.61
-7.09  0.63
-7.08  0.63
-7.07  0.61
-7.06  0.59
-7.05  0.62
-7.04  0.62
-7.03  0.65
-7.02  0.63
-7.01  0.61
-7  0.66
-6.99  0.61
-6.98  0.61
-6.97  0.64
-6.96  0.6
-6.95  0.63
-6.94  0.67
-6.93  0.58
-6.92  0.68
-6.91  0.66
-6.9  0.62
-6.89  0.66
-6.88  0.59
-6.87  0.65
-6.86  0.62
-6.85  0.64
-6.84  0.62
-6.83  0.68
-6.82  0.63
-6.81  0.63
-6.8  0.64
-6.79  0.64
-6.78  0.64
-6.77  0.65
-6.76  0.63
-6.75  0.66
-6.74  0.67
-6.73  0.66
-6.72  0.63
-6.71  0.66
-6.7  0.69
-6.69  0.64
-6.68  0.6
-6.67  0.65
-6.66  0.65
-6.65  0.67
-6.64  0.65
-6.63  0.66
-6.62  0.65
-6.61  0.7
-6.6  0.61
-6.59  0.65
-6.58  0.68
-6.57  0.62
-6.56  0.69
-6.55  0.63
-6.54  0.66
-6.53  0.69
-6.52  0.62
-6.51  0.66
-6.5  0.63
-6.49  0.68
-6.48  0.69
-6.47  0.67
-6.46  0.69
-6.45  0.65
-6.44  0.66
-6.43  0.62
-6.42  0.68
-6.41  0.64
-6.4  0.62
-6.39  0.64
-6.38  0.67
-6.37  0.67
-6.36  0.63
-6.35  0.68
-6.34  0.65
-6.33  0.68
-6.32  0.64
-6.31  0.64
-6.3  0.65
-6.29  0.68
-6.28  0.65
-6.27  0.66
-6.26  0.64
-6.25  0.66
-6.24  0.67
-6.23  0.62
-6.22  0.69
-6.21  0.59
-6.2  0.68
-6.19  0.62
-6.18  0.63
-6.17  0.68
-6.16  0.63
-6.15  0.6
-6.14  0.68
-6.13  0.64
-6.12  0.64
-6.11  0.65
-6.1  0.66
-6.09  0.63
-6.08  0.62
-6.07  0.63
-6.06  0.67
-6.05  0.59
-6.04  0.65
-6.03  0.67
-6.02  0.66
-6.01  0.64
-6  0.63
-5.99  0.58
-5.98  0.67
-5.97  0.62
-5.96  0.62
-5.95  0.62
-5.94  0.65
-5.93  0.64
-5.92  0.63
-5.91  0.64
-5.9  0.64
-5.89  0.61
-5.88  0.61
-5.87  0.6
-5.86  0.64
-5.85  0.67
-5.84  0.59
-5.83  0.62
-5.82  0.64
-5.81  0.63
-5.8  0.62
-5.79  0.66
-5.78  0.66
-5.77  0.61
-5.76  0.6
-5.75  0.61
-5.74  0.64
-5.73  0.67
-5.72  0.61
-5.71  0.6
-5.7  0.63
-5.69  0.61
-5.68  0.62
-5.67  0.63
-5.66  0.64
-5.65  0.63
-5.64  0.6
-5.63  0.62
-5.62  0.62
-5.61  0.63
-5.6  0.63
-5.59  0.65
-5.58  0.65
-5.57  0.6
-5.56  0.63
-5.55  0.65
-5.54  0.65
-5.53  0.63
-5.52  0.62
-5.51  0.61
-5.5  0.66
-5.49  0.59
-5.48  0.62
-5.47  0.64
-5.46  0.66
-5.45  0.6
-5.44  0.67
-5.43  0.64
-5.42  0.63
-5.41  0.59
-5.4  0.63
-5.39  0.67
-5.38  0.61
-5.37  0.62
-5.36  0.67
-5.35  0.65
-5.34  0.63
-5.33  0.67
-5.32  0.57
-5.31  0.69
-5.3  0.6
-5.29  0.65
-5.28  0.65
-5.27  0.7
-5.26  0.61
-5.25  0.6
-5.24  0.66
-5.23  0.63
-5.22  0.65
-5.21  0.61
-5.2  0.67
-5.19  0.64
-5.18  0.62
-5.17  0.64
-5.16  0.65
-5.15  0.63
-5.14  0.66
-5.13  0.66
-5.12  0.61
-5.11  0.69
-5.1  0.65
-5.09  0.67
-5.08  0.61
-5.07  0.66
-5.06  0.62
-5.05  0.64
-5.04  0.67
-5.03  0.61
-5.02  0.67
-5.01  0.65
-5  0.63
-4.99  0.65
-4.98  0.68
-4.97  0.66
-4.96  0.64
-4.95  0.64
-4.94  0.64
-4.93  0.63
-4.92  0.63
-4.91  0.69
-4.9  0.62
-4.89  0.64
-4.88  0.66
-4.87  0.65
-4.86  0.64
-4.85  0.64
-4.84  0.66
-4.83  0.61
-4.82  0.67
-4.81  0.68
-4.8  0.66
-4.79  0.65
-4.78  0.64
-4.77  0.62
-4.76  0.67
-4.75  0.64
-4.74  0.65
-4.73  0.63
-4.72  0.64
-4.71  0.66
-4.7  0.63
-4.69  0.63
-4.68  0.64
-4.67  0.64
-4.66  0.65
-4.65  0.67
-4.64  0.61
-4.63  0.67
-4.62  0.61
-4.61  0.63
-4.6  0.64
-4.59  0.67
-4.58  0.61
-4.57  0.74
-4.56  0.58
-4.55  0.66
-4.54  0.64
-4.53  0.62
-4.52  0.6
-4.51  0.7
-4.5  0.63
-4.49  0.64
-4.48  0.62
-4.47  0.62
-4.46  0.61
-4.45  0.68
-4.44  0.64
-4.43  0.61
-4.42  0.63
-4.41  0.63
-4.4  0.69
-4.39  0.58
-4.38  0.64
-4.37  0.66
-4.36  0.65
-4.35  0.62
-4.34  0.62
-4.33  0.67
-4.32  0.61
-4.31  0.67
-4.3  0.63
-4.29  0.65
-4.28  0.61
-4.27  0.62
-4.26  0.61
-4.25  0.64
-4.24  0.68
-4.23  0.62
-4.22  0.59
-4.21  0.67
-4.2  0.64
-4.19  0.62
-4.18  0.66
-4.17  0.6
-4.16  0.65
-4.15  0.63
-4.14  0.6
-4.13  0.64
-4.12  0.64
-4.11  0.66
-4.1  0.58
-4.09  0.65
-4.08  0.65
-4.07  0.62
-4.06  0.66
-4.05  0.63
-4.04  0.69
-4.03  0.6
-4.02  0.65
-4.01  0.6
-4  0.63
-3.99  0.64
-3.98  0.62
-3.97  0.65
-3.96  0.62
-3.95  0.64
-3.94  0.61
-3.93  0.6
-3.92  0.68
-3.91  0.64
-3.9  0.68
-3.89  0.6
-3.88  0.62
-3.87  0.65
-3.86  0.61
-3.85  0.64
-3.84  0.68
-3.83  0.61
-3.82  0.6
-3.81  0.67
-3.8  0.64
-3.79  0.65
-3.78  0.64
-3.77  0.66
-3.76  0.63
-3.75  0.64
-3.74  0.61
-3.73  0.68
-3.72  0.65
-3.71  0.64
-3.7  0.59
-3.69  0.66
-3.68  0.61
-3.67  0.65
-3.66  0.63
-3.65  0.62
-3.64  0.63
-3.63  0.66
-3.62  0.63
-3.61  0.66
-3.6  0.66
-3.59  0.62
-3.58  0.59
-3.57  0.72
-3.56  0.66
-3.55  0.65
-3.54  0.62
-3.53  0.7
-3.52  0.63
-3.51  0.6
-3.5  0.62
-3.49  0.66
-3.48  0.6
-3.47  0.69
-3.46  0.61
-3.45  0.64
-3.44  0.65
-3.43  0.64
-3.42  0.64
-3.41  0.68
-3.4  0.61
-3.39  0.64
-3.38  0.61
-3.37  0.64
-3.36  0.68
-3.35  0.66
-3.34  0.62
-3.33  0.67
-3.32  0.67
-3.31  0.61
-3.3  0.67
-3.29  0.63
-3.28  0.66
-3.27  0.62
-3.26  0.6
-3.25  0.68
-3.24  0.64
-3.23  0.61
-3.22  0.69
-3.21  0.61
-3.2  0.67
-3.19  0.61
-3.18  0.67
-3.17  0.62
-3.16  0.61
-3.15  0.64
-3.14  0.66
-3.13  0.65
-3.12  0.65
-3.11  0.64
-3.1  0.62
-3.09  0.67
-3.08  0.65
-3.07  0.6
-3.06  0.66
-3.05  0.65
-3.04  0.66
-3.03  0.61
-3.02  0.67
-3.01  0.63
-3  0.62
-2.99  0.64
-2.98  0.63
-2.97  0.64
-2.96  0.65
-2.95  0.63
-2.94  0.66
-2.93  0.67
-2.92  0.62
-2.91  0.62
-2.9  0.62
-2.89  0.64
-2.88  0.63
-2.87  0.63
-2.86  0.65
-2.85  0.63
-2.84  0.64
-2.83  0.67
-2.82  0.61
-2.81  0.67
-2.8  0.62
-2.79  0.64
-2.78  0.64
-2.77  0.61
-2.76  0.62
-2.75  0.7
-2.74  0.64
-2.73  0.61
-2.72  0.64
-2.71  0.64
-2.7  0.63
-2.69  0.65
-2.68  0.64
-2.67  0.58
-2.66  0.67
-2.65  0.6
-2.64  0.66
-2.63  0.62
-2.62  0.71
-2.61  0.61
-2.6  0.6
-2.59  0.64
-2.58  0.66
-2.57  0.62
-2.56  0.65
-2.55  0.63
-2.54  0.65
-2.53  0.63
-2.52  0.63
-2.51  0.64
-2.5  0.66
-2.49  0.64
-2.48  0.62
-2.47  0.62
-2.46  0.65
-2.45  0.63
-2.44  0.64
-2.43  0.65
-2.42  0.61
-2.41  0.67
-2.4  0.64
-2.39  0.6
-2.38  0.62
-2.37  0.61
-2.36  0.67
-2.35  0.65
-2.34  0.65
-2.33  0.61
-2.32  0.65
-2.31  0.61
-2.3  0.69
-2.29  0.59
-2.28  0.64
-2.27  0.68
-2.26  0.63
-2.25  0.65
-2.24  0.67
-2.23  0.61
-2.22  0.62
-2.21  0.69
-2.2  0.57
-2.19  0.63
-2.18  0.67
-2.17  0.65
-2.16  0.61
-2.15  0.61
-2.14  0.62
-2.13  0.66
-2.12  0.65
-2.11  0.68
-2.1  0.62
-2.09  0.67
-2.08  0.63
-2.07  0.65
-2.06  0.63
-2.05  0.61
-2.04  0.6
-2.03  0.7
-2.02  0.58
-2.01  0.67
-2  0.69
-1.99  0.59
-1.98  0.68
-1.97  0.64
-1.96  0.6
-1.95  0.67
-1.94  0.67
-1.93  0.62
-1.92  0.65
-1.91  0.61
-1.9  0.66
-1.89  0.6
-1.88  0.67
-1.87  0.65
-1.86  0.66
-1.85  0.62
-1.84  0.65
-1.83  0.62
-1.82  0.63
-1.81  0.64
-1.8  0.63
-1.79  0.67
-1.78  0.62
-1.77  0.67
-1.76  0.6
-1.75  0.64
-1.74  0.66
-1.73  0.65
-1.72  0.64
-1.71  0.64
-1.7  0.65
-1.69  0.66
-1.68  0.65
-1.67  0.67
-1.66  0.6
-1.65  0.64
-1.64  0.61
-1.63  0.62
-1.62  0.65
-1.61  0.61
-1.6  0.69
-1.59  0.65
-1.58  0.66
-1.57  0.61
-1.56  0.66
-1.55  0.62
-1.54  0.62
-1.53  0.63
-1.52  0.62
-1.51  0.64
-1.5  0.64
-1.49  0.67
-1.48  0.62
-1.47  0.66
-1.46  0.61
-1.45  0.68
-1.44  0.64
-1.43  0.73
-1.42  0.58
-1.41  0.63
-1.4  0.63
-1.39  0.62
-1.38  0.67
-1.37  0.64
-1.36  0.61
-1.35  0.65
-1.34  0.58
-1.33  0.69
-1.32  0.62
-1.31  0.66
-1.3  0.61
-1.29  0.62
-1.28  0.67
-1.27  0.63
-1.26  0.67
-1.25  0.62
-1.24  0.61
-1.23  0.64
-1.22  0.69
-1.21  0.61
-1.2  0.66
-1.19  0.6
-1.18  0.63
-1.17  0.67
-1.16  0.67
-1.15  0.59
-1.14  0.64
-1.13  0.59
-1.12  0.71
-1.11  0.63
-1.1  0.67
-1.09  0.61
-1.08  0.69
-1.07  0.6
-1.06  0.61
-1.05  0.64
-1.04  0.6
-1.03  0.66
-1.02  0.62
-1.01  0.67
-1  0.6
-0.99  0.62
-0.98  0.64
-0.97  0.65
-0.96  0.71
-0.95  0.62
-0.94  0.64
-0.93  0.61
-0.92  0.67
-0.91  0.63
-0.9  0.63
-0.89  0.63
-0.88  0.64
-0.87  0.63
-0.86  0.67
-0.85  0.61
-0.84  0.64
-0.83  0.61
-0.82  0.65
-0.81  0.64
-0.8  0.61
-0.79  0.67
-0.78  0.65
-0.77  0.67
-0.76  0.61
-0.75  0.63
-0.74  0.61
-0.73  0.72
-0.72  0.61
-0.71  0.61
-0.7  0.6
-0.69  0.64
-0.68  0.67
-0.67  0.64
-0.66  0.64
-0.65  0.63
-0.64  0.64
-0.63  0.66
-0.62  0.62
-0.61  0.67
-0.6  0.59
-0.59  0.66
-0.58  0.69
-0.57  0.59
-0.56  0.68
-0.55  0.62
-0.54  0.66
-0.53  0.61
-0.52  0.64
-0.51  0.63
-0.5  0.64
-0.49  0.65
-0.48  0.62
-0.47  0.62
-0.46  0.62
-0.45  0.64
-0.44  0.71
-0.43  0.62
-0.42  0.64
-0.41  0.61
-0.4  0.65
-0.39  0.67
-0.38  0.63
-0.37  0.62
-0.36  0.63
-0.35  0.68
-0.34  0.66
-0.33  0.66
-0.32  0.59
-0.31  0.65
-0.3  0.65
-0.29  0.63
-0.28  0.62
-0.27  0.63
-0.26  0.62
-0.25  0.68
-0.24  0.61
-0.23  0.7
-0.22  0.63
-0.21  0.64
-0.2  0.63
-0.19  0.58
-0.18  0.67
-0.17  0.64
-0.16  0.64
-0.15  0.62
-0.14  0.65
-0.13  0.63
-0.12  0.7
-0.11  0.62
-0.1  0.63
-0.09  0.68
-0.08  0.61
-0.07  0.62
-0.06  0.68
-0.05  0.62
-0.04  0.67
-0.03  0.64
-0.02  0.62
-0.01  0.68
-2.16197e-11  0.6
0.0001  0.01
0.0101  0.62
0.0201  0.63
0.0301  0.6
0.0401  0.62
0.0501  0.66
0.0601  0.66
0.0701  0.63
0.0801  0.58
0.0901  0.61
0.1001  0.65
0.1101  0.65
0.1201  0.64
0.1301  0.52
0.1401  0.62
0.1501  0.55
0.1601  0.56
0.1701  0.59
0.1801  0.6
0.1901  0.54
0.2001  0.53
0.2101  0.58
0.2201  0.52
0.2301  0.59
0.2401  0.55
0.2501  0.5
0.2601  0.49
0.2701  0.49
0.2801  0.48
0.2901  0.48
0.3001  0.49
0.3101  0.49
0.3201  0.46
0.3301  0.49
0.3401  0.41
0.3501  0.43
0.3601  0.44
0.3701  0.47
0.3801  0.39
0.3901  0.42
0.4001  0.39
0.4101  0.36
0.4201  0.37
0.4301  0.34
0.4401  0.42
0.4501  0.38
0.4601  0.37
0.4701  0.33
0.4801  0.37
0.4901  0.32
0.5001  0.33
0.5101  0.34
0.5201  0.31
0.5301  0.29
0.5401  0.31
0.5501  0.33
0.5601  0.29
0.5701  0.23
0.5801  0.29
0.5901  0.24
0.6001  0.27
0.6101  0.28
0.6201  0.23
0.6301  0.25
0.6401  0.25
0.6501  0.26
0.6601  0.22
0.6701  0.25
0.6801  0.24
0.6901  0.15
0.7001  0.25
0.7101  0.2
0.7201  0.17
0.7301  0.21
0.7401  0.19
0.7501  0.22
0.7601  0.2
0.7701  0.16
0.7801  0.21
0.7901  0.18
0.8001  0.19
0.8101  0.18
0.8201  0.16
0.8301  0.15
0.8401  0.15
0.8501  0.17
0.8601  0.15
0.8701  0.2
0.8801  0.13
0.8901  0.12
0.9001  0.14
0.9101  0.11
0.9201  0.14
0.9301  0.17
0.9401  0.13
0.9501  0.1
0.9601  0.14
0.9701  0.13
0.9801  0.09
0.9901  0.1
1.0001  0.16
1.0101  0.1
1.0201  0.17
1.0301  0.11
1.0401  0.13
1.0501  0.11
1.0601  0.11
1.0701  0.12
1.0801  0.04
1.0901  0.17
1.1001  0.12
1.1101  0.1
1.1201  0.09
1.1301  0.11
1.1401  0.11
1.1501  0.07
1.1601  0.09
1.1701  0.1
1.1801  0.07
1.1901  0.06
1.2001  0.12
1.2101  0.1
1.2201  0.08
1.2301  0.14
1.2401  0.11
1.2501  0.06
1.2601  0.08
1.2701  0.12
1.2801  0.07
1.2901  0.12
1.3001  0.05
1.3101  0.07
1.3201  0.07
1.3301  0.06
1.3401  0.07
1.3501  0.04
1.3601  0.1
1.3701  0.11
1.3801  0.1
1.3901  0.1
1.4001  0.11
1.4101  0.06
1.4201  0.11
1.4301  0.05
1.4401  0.12
1.4501  0.06
1.4601  0.06
1.4701  0.03
1.4801  0.1
1.4901  0.02
1.5001  0.12
1.5101  0.06
1.5201  0.13
1.5301  0.05
1.5401  0.06
1.5501  0.07
1.5601  0.07
1.5701  0.07
1.5801  0.1
1.5901  0.06
1.6001  0.03
1.6101  0.11
1.6201  0.07
1.6301  0.07
1.6401  0.08
1.6501  0.04
1.6601  0.08
1.6701  0.11
1.6801  0.06
1.6901  0.05
1.7001  0.12
1.7101  0.05
1.7201  0.06
1.7301  0.05
1.7401  0.09
1.7501  0.09
1.7601  0.06
1.7701  0.05
1.7801  0.07
1.7901  0.09
1.8001  0.05
1.8101  0.08
1.8201  0.04
1.8301  0.12
1.8401  0.06
1.8501  0.02
1.8601  0.04
1.8701  0.07
1.8801  0.08
1.8901  0.07
1.9001  0.1
1.9101  0.08
1.9201  0.05
1.9301  0.06
1.9401  0.05
1.9501  0.07
1.9601  0.09
1.9701  0.06
1.9801  0.13
1.9901  0.03
2.0001  0.1
2.0101  0.08
2.0201  0.07
2.0301  0.05
2.0401  0.07
2.0501  0.06
2.0601  0.05
2.0701  0.04
2.0801  0.06
2.0901  0.07
2.1001  0.06
2.1101  0.05
2.1201  0.04
2.1301  0.13
2.1401  0.08
2.1501  0.07
2.1601  0.02
2.1701  0.09
2.1801  0.07
2.1901  0.04
2.2001  0.09
2.2101  0.05
2.2201  0.08
2.2301  0.05
2.2401  0.08
2.2501  0.07
2.2601  0.06
2.2701  0.1
2.2801  0.06
2.2901  0.08
2.3001  0.06
2.3101  0.07
2.3201  0.03
2.3301  0.04
2.3401  0.06
2.3501  0.08
2.3601  0.09
2.3701  0.08
2.3801  0.08
2.3901  0.06
2.4001  0.06
2.4101  0.04
2.4201  0.07
2.4301  0.09
2.4401  0.06
2.4501  0.05
2.4601  0.09
2.4701  0.07
2.4801  0.05
2.4901  0.04
2.5001  0.1
2.5101  0.08
2.5201  0.02
2.5301  0.06
2.5401  0.06
2.5501  0.08
2.5601  0.04
2.5701  0.07
2.5801  0.14
2.5901  0.08
2.6001  0.05
2.6101  0.07
2.6201  0.05
2.6301  0.08
2.6401  0.03
2.6501  0.07
2.6601  0.07
2.6701  0.03
2.6801  0.09
2.6901  0.11
2.7001  0.06
2.7101  0.03
2.7201  0.06
2.7301  0.06
2.7401  0.06
2.7501  0.08
2.7601  0.11
2.7701  0.05
2.7801  0.05
2.7901  0.05
2.8001  0.09
2.8101  0.05
2.8201  0.06
2.8301  0.05
2.8401  0.06
2.8501  0.06
2.8601  0.03
2.8701  0.08
2.8801  0.11
2.8901  0.07
2.9001  0.07
2.9101  0.09
2.9201  0.07
2.9301  0.08
2.9401  0.07
2.9501  0.05
2.9601  0.06
2.9701  0.07
2.9801  0.06
2.9901  0.06
3.0001  0.08
3.0101  0.04
3.0201  0.06
3.0301  0.08
3.0401  0.05
3.0501  0.08
3.0601  0.06
3.0701  0.04
3.0801  0.05
3.0901  0.09
3.1001  0.04
3.1101  0.04
3.1201  0.09
3.1301  0.1
3.1401  0.05
3.1501  0.1
3.1601  0.08
3.1701  0.09
3.1801  0.05
3.1901  0.07
3.2001  0.06
3.2101  0.05
3.2201  0.06
3.2301  0.08
3.2401  0.05
3.2501  0.07
3.2601  0.11
3.2701  0.03
3.2801  0.04
3.2901  0.07
3.3001  0.03
3.3101  0.08
3.3201  0.06
3.3301  0.07
3.3401  0.15
3.3501  0.04
3.3601  0.06
3.3701  0.08
3.3801  0.07
3.3901  0.03
3.4001  0.05
3.4101  0.06
3.4201  0.1
3.4301  0.06
3.4401  0.03
3.4501  0.04
3.4601  0.09
3.4701  0.09
3.4801  0.07
3.4901  0.05
3.5001  0.07
3.5101  0.06
3.5201  0.1
3.5301  0.02
3.5401  0.12
3.5501  0.08
3.5601  0.03
3.5701  0.06
3.5801  0.13
3.5901  0.05
3.6001  0.03
3.6101  0.04
3.6201  0.07
3.6301  0.08
3.6401  0.05
3.6501  0.05
3.6601  0.08
3.6701  0.1
3.6801  0.06
3.6901  0.05
3.7001  0.11
3.7101  0.04
3.7201  0
3.7301  0.07
3.7401  0.03
3.7501  0.13
3.7601  0.1
3.7701  0.06
3.7801  0.04
3.7901  0.09
3.8001  0.07
3.8101  0.08
3.8201  0.05
3.8301  0.05
3.8401  0.08
3.8501  0.05
3.8601  0.06
3.8701  0.05
3.8801  0.05
3.8901  0.1
3.9001  0.06
3.9101  0.07
3.9201  0.08
3.9301  0.07
3.9401  0.12
3.9501  0.03
3.9601  0.07
3.9701  0.09
3.9801  0.04
3.9901  0.05
4.0001  0.05
4.0101  0.03
4.0201  0.08
4.0301  0.05
4.0401  0.08
4.0501  0.09
4.0601  0.07
4.0701  0.05
4.0801  0.08
4.0901  0.05
4.1001  0.06
4.1101  0.05
4.1201  0.05
4.1301  0.09
4.1401  0.07
4.1501  0.11
4.1601  0.06
4.1701  0.11
4.1801  0.05
4.1901  0.09
4.2001  0.03
4.2101  0.07
4.2201  0.04
4.2301  0.03
4.2401  0.09
4.2501  0.1
4.2601  0.06
4.2701  0.04
4.2801  0.1
4.2901  0.02
4.3001  0.08
4.3101  0.04
4.3201  0.07
4.3301  0.05
4.3401  0.08
4.3501  0.05
4.3601  0.04
4.3701  0.14
4.3801  0.07
4.3901  0.04
4.4001  0.06
4.4101  0.05
4.4201  0.11
4.4301  0.1
4.4401  0.05
4.4501  0.06
4.4601  0.07
4.4701  0.05
4.4801  0.06
4.4901  0.08
4.5001  0.07
4.5101  0.04
4.5201  0.08
4.5301  0.06
4.5401  0.06
4.5501  0.04
4.5601  0.08
4.5701  0.03
4.5801  0.09
4.5901  0.11
4.6001  0.06
4.6101  0.08
4.6201  0.05
4.6301  0.08
4.6401  0.03
4.6501  0.06
4.6601  0.09
4.6701  0.08
4.6801  0.03
4.6901  0.01
4.7001  0.06
4.7101  0.13
4.7201  0.11
4.7301  0.04
4.7401  0.02
4.7501  0.05
4.7601  0.11
4.7701  0.09
4.7801  0.07
4.7901  0.03
4.8001  0.09
4.8101  0.09
4.8201  0.04
4.8301  0.06
4.8401  0.06
4.8501  0.09
4.8601  0.04
4.8701  0.03
4.8801  0.1
4.8901  0.06
4.9001  0.09
4.9101  0.1
4.9201  0.02
4.9301  0.08
4.9401  0.06
4.9501  0.09
4.9601  0.04
4.9701  0.05
4.9801  0.07
4.9901  0.09
5.0001  0.07
5.0101  0.03
5.0201  0.07
5.0301  0.05
5.0401  0.06
5.0501  0.08
5.0601  0.08
5.0701  0.05
5.0801  0.06
5.0901  0.07
5.1001  0.08
5.1101  0.08
5.1201  0.09
5.1301  0.07
5.1401  0.05
5.1501  0.03
5.1601  0.09
5.1701  0.11
5.1801  0.04
5.1901  0.06
5.2001  0.05
5.2101  0.08
5.2201  0.08
5.2301  0.04
5.2401  0.06
5.2501  0.05
5.2601  0.1
5.2701  0.04
5.2801  0.06
5.2901  0.08
5.3001  0.08
5.3101  0.06
5.3201  0.03
5.3301  0.08
5.3401  0.05
5.3501  0.03
5.3601  0.1
5.3701  0.06
5.3801  0.09
5.3901  0.08
5.4001  0.06
5.4101  0.08
5.4201  0.08
5.4301  0.07
5.4401  0.05
5.4501  0.04
5.4601  0.07
5.4701  0.09
5.4801  0.06
5.4901  0.07
5.5001  0.01
5.5101  0.09
5.5201  0.11
5.5301  0.06
5.5401  0.07
5.5501  0.08
5.5601  0.04
5.5701  0.05
5.5801  0.06
5.5901  0.04
5.6001  0.06
5.6101  0.09
5.6201  0.07
5.6301  0.05
5.6401  0.05
5.6501  0.11
5.6601  0.06
5.6701  0.05
5.6801  0.08
5.6901  0.1
5.7001  0.05
5.7101  0.06
5.7201  0.06
5.7301  0.09
5.7401  0.05
5.7501  0.07
5.7601  0.07
5.7701  0.07
5.7801  0.05
5.7901  0.11
5.8001  0.05
5.8101  0.04
5.8201  0.07
5.8301  0.07
5.8401  0.08
5.8501  0.06
5.8601  0.04
5.8701  0.06
5.8801  0.05
5.8901  0.11
5.9001  0.05
5.9101  0.04
5.9201  0.09
5.9301  0.06
5.9401  0.1
5.9501  0.03
5.9601  0.06
5.9701  0.07
5.9801  0.04
5.9901  0.09
6.0001  0.05
6.0101  0.07
6.0201  0.06
6.0301  0.09
6.0401  0.13
6.0501  0.04
6.0601  0.06
6.0701  0.02
6.0801  0.06
6.0901  0.09
6.1001  0.06
6.1101  0.05
6.1201  0.07
6.1301  0.08
6.1401  0.07
6.1501  0.08
6.1601  0.06
6.1701  0.07
6.1801  0.05
6.1901  0.09
6.2001  0.07
6.2101  0.08
6.2201  0.04
6.2301  0.05
6.2401  0.09
6.2501  0.04
6.2601  0.06
6.2701  0.07
6.2801  0.05
6.2901  0.07
6.3001  0.08
6.3101  0.05
6.3201  0.06
6.3301  0.08
6.3401  0.06
6.3501  0.03
6.3601  0.1
6.3701  0.07
6.3801  0.03
6.3901  0.13
6.4001  0.05
6.4101  0.05
6.4201  0.05
6.4301  0.08
6.4401  0.12
6.4501  0.06
6.4601  0.09
6.4701  0.04
6.4801  0.07
6.4901  0.1
6.5001  0.05
6.5101  0.04
6.5201  0.06
6.5301  0.04
6.5401  0.1
6.5501  0.03
6.5601  0.09
6.5701  0.06
6.5801  0.03
6.5901  0.02
6.6001  0.08
6.6101  0.1
6.6201  0.06
6.6301  0.05
6.6401  0.11
6.6501  0.04
6.6601  0.08
6.6701  0.1
6.6801  0.05
6.6901  0.04
6.7001  0.06
6.7101  0.05
6.7201  0.11
6.7301  0.09
6.7401  0.05
6.7501  0.06
6.7601  0.07
6.7701  0.11
6.7801  0.06
6.7901  0.04
6.8001  0.05
6.8101  0.06
6.8201  0.02
6.8301  0.09
6.8401  0.06
6.8501  0.11
6.8601  0.06
6.8701  0.04
6.8801  0.09
6.8901  0.08
6.9001  0.07
6.9101  0.05
6.9201  0.07
6.9301  0.06
6.9401  0.06
6.9501  0.06
6.9601  0.06
6.9701  0.05
6.9801  0.08
6.9901  0.04
7.0001  0.08
7.0101  0.07
7.0201  0.06
7.0301  0.09
7.0401  0.07
7.0501  0.08
7.0601  0.04
7.0701  0.08
7.0801  0.08
7.0901  0.05
7.1001  0.09
7.1101  0.05
7.1201  0.05
7.1301  0.1
7.1401  0.07
7.1501  0.05
7.1601  0.04
7.1701  0.09
7.1801  0.09
7.1901  0.05
7.2001  0.04
7.2101  0.05
7.2201  0.06
7.2301  0.07
7.2401  0.11
7.2501  0.06
7.2601  0.02
7.2701  0.05
7.2801  0.09
7.2901  0.05
7.3001  0.09
7.3101  0.09
7.3201  0.07
7.3301  0.08
7.3401  0.07
7.3501  0.07
7.3601  0.07
7.3701  0.02
7.3801  0.02
7.3901  0.07
7.4001  0.07
7.4101  0.09
7.4201  0.06
7.4301  0.05
7.4401  0.14
7.4501  0.08
7.4601  0.03
7.4701  0.06
7.4801  0.04
7.4901  0.09
7.5001  0.07
7.5101  0.08
7.5201  0.05
7.5301  0.08
7.5401  0.04
7.5501  0.1
7.5601  0.05
7.5701  0.06
7.5801  0.07
7.5901  0.03
7.6001  0.09
7.6101  0.03
7.6201  0.09
7.6301  0.04
7.6401  0.11
7.6501  0.05
7.6601  0.07
7.6701  0.03
7.6801  0.08
7.6901  0.05
7.7001  0.08
7.7101  0.05
7.7201  0.08
7.7301  0.06
7.7401  0.08
7.7501  0.08
7.7601  0.05
7.7701  0.12
7.7801  0.12
7.7901  0.05
7.8001  0.03
7.8101  0.05
7.8201  0.03
7.8301  0.11
7.8401  0.08
7.8501  0.06
7.8601  0.06
7.8701  0.05
7.8801  0.07
7.8901  0.05
7.9001  0.02
7.9101  0.04
7.9201  0.07
7.9301  0.08
7.9401  0.09
7.9501  0.07
7.9601  0.09
7.9701  0.07
7.9801  0.05
7.9901  0.07
8.0001  0.04
8.0101  0.07
8.0201  0.12
8.0301  0.07
8.0401  0.05
8.0501  0.07
8.0601  0.06
8.0701  0.06
8.0801  0.05
8.0901  0.07
8.1001  0.07
8.1101  0.05
8.1201  0.07
8.1301  0.03
8.1401  0.13
8.1501  0.06
8.1601  0.07
8.1701  0.06
8.1801  0.05
8.1901  0.09
8.2001  0.05
8.2101  0.08
8.2201  0.08
8.2301  0.08
8.2401  0.02
8.2501  0.09
8.2601  0.03
8.2701  0.05
8.2801  0.04
8.2901  0.11
8.3001  0.05
8.3101  0.07
8.3201  0.08
8.3301  0.06
8.3401  0.04
8.3501  0.1
8.3601  0.09
8.3701  0.03
8.3801  0.06
8.3901  0.1
8.4001  0.06
8.4101  0.06
8.4201  0.06
8.4301  0.09
8.4401  0.06
8.4501  0.06
8.4601  0.09
8.4701  0.04
8.4801  0.08
8.4901  0.04
8.5001  0.05
8.5101  0.06
8.5201  0.1
8.5301  0.08
8.5401  0.04
8.5501  0.07
8.5601  0.11
8.5701  0.05
8.5801  0.05
8.5901  0.06
8.6001  0.05
8.6101  0.08
8.6201  0.08
8.6301  0.04
8.6401  0.07
8.6501  0.07
8.6601  0.04
8.6701  0.06
8.6801  0.1
8.6901  0.05
8.7001  0.09
8.7101  0.04
8.7201  0.08
8.7301  0.04
8.7401  0.09
8.7501  0.08
8.7601  0.05
8.7701  0.06
8.7801  0.03
8.7901  0.05
8.8001  0.12
8.8101  0.09
8.8201  0.11
8.8301  0.05
8.8401  0.05
8.8501  0.06
8.8601  0.06
8.8701  0.08
8.8801  0.09
8.8901  0.04
8.9001  0.07
8.9101  0.02
8.9201  0.05
8.9301  0.07
8.9401  0.06
8.9501  0.08
8.9601  0.05
8.9701  0.08
8.9801  0.04
8.9901  0.08
9.0001  0.12
9.0101  0.04
9.0201  0.07
9.0301  0.04
9.0401  0.07
9.0501  0.08
9.0601  0.06
9.0701  0.07
9.0801  0.05
9.0901  0.05
9.1001  0.08
9.1101  0.11
9.1201  0.07
9.1301  0.05
9.1401  0.07
9.1501  0.05
9.1601  0.06
9.1701  0.07
9.1801  0.09
9.1901  0.08
9.2001  0.06
9.2101  0.05
9.2201  0.05
9.2301  0.03
9.2401  0.08
9.2501  0.11
9.2601  0.04
9.2701  0.1
9.2801  0.07
9.2901  0.03
9.3001  0.06
9.3101  0.07
9.3201  0.03
9.3301  0.05
9.3401  0.1
9.3501  0.04
9.3601  0.06
9.3701  0.09
9.3801  0.07
9.3901  0.07
9.4001  0.1
9.4101  0.07
9.4201  0.08
9.4301  0.05
9.4401  0.06
9.4501  0.05
9.4601  0.06
9.4701  0.06
9.4801  0.12
9.4901  0.08
9.5001  0.06
9.5101  0.02
9.5201  0.06
9.5301  0.06
9.5401  0.05
9.5501  0.09
9.5601  0.11
9.5701  0.05
9.5801  0.07
9.5901  0.09
9.6001  0.02
9.6101  0.03
9.6201  0.03
9.6301  0.05
9.6401  0.1
9.6501  0.09
9.6601  0.1
9.6701  0.09
9.6801  0.03
9.6901  0.07
9.7001  0.09
9.7101  0.09
9.7201  0.05
9.7301  0.07
9.7401  0.06
9.7501  0.03
9.7601  0.03
9.7701  0.08
9.7801  0.06
9.7901  0.08
9.8001  0.07
9.8101  0.09
9.8201  0.07
9.8301  0.05
9.8401  0.07
9.8501  0.08
9.8601  0.04
9.8701  0.07
9.8801  0.08
9.8901  0.08
9.9001  0.08
9.9101  0.08
9.9201  0.05
9.9301  0.05
9.9401  0.08
9.9501  0.05
9.9601  0.05
9.9701  0.05
9.9801  0.1
9.9901  0.06
10.0001  0.06
10.0101  0.07
10.0201  0.05
10.0301  0.08
10.0401  0.04
10.0501  0.05
10.0601  0.04
10.0701  0.07
10.0801  0.09
10.0901  0.06
10.1001  0.07
10.1101  0.09
10.1201  0.07
10.1301  0.06
10.1401  0.09
10.1501  0.05
10.1601  0.08
10.1701  0.08
10.1801  0.06
10.1901  0.1
10.2001  0.06
10.2101  0.09
10.2201  0.03
10.2301  0.05
10.2401  0.04
10.2501  0.07
10.2601  0.07
10.2701  0.06
10.2801  0.09
10.2901  0.03
10.3001  0.07
10.3101  0.06
10.3201  0.05
10.3301  0.08
10.3401  0.08
10.3501  0.08
10.3601  0.05
10.3701  0.05
10.3801  0.07
10.3901  0.06
10.4001  0.1
10.4101  0.04
10.4201  0.08
10.4301  0.06
10.4401  0.04
10.4501  0.14
10.4601  0.03
10.4701  0.05
10.4801  0.11
10.4901  0.06
10.5001  0.02
10.5101  0.11
10.5201  0.05
10.5301  0.05
10.5401  0.06
10.5501  0.09
10.5601  0.01
10.5701  0.09
10.5801  0.08
10.5901  0.07
10.6001  0.09
10.6101  0.12
10.6201  0.05
10.6301  0.06
10.6401  0.05
10.6501  0.06
10.6601  0.03
10.6701  0.05
10.6801  0.1
10.6901  0.01
10.7001  0.04
10.7101  0.08
10.7201  0.05
10.7301  0.06
10.7401  0.08
10.7501  0.12
10.7601  0.1
10.7701  0.05
10.7801  0.08
10.7901  0.05
10.8001  0.04
10.8101  0.05
10.8201  0.1
10.8301  0.07
10.8401  0.06
10.8501  0.05
10.8601  0.11
10.8701  0.05
10.8801  0.07
10.8901  0.08
10.9001  0.04
10.9101  0.07
10.9201  0.04
10.9301  0.09
10.9401  0.07
10.9501  0.05
10.9601  0.07
10.9701  0.05
10.9801  0.08
10.9901  0.09
11.0001  0.02
11.0101  0.04
11.0201  0.11
11.0301  0.1
11.0401  0.06
11.0501  0.06
11.0601  0.06
11.0701  0.05
11.0801  0.09
11.0901  0.04
11.1001  0.07
11.1101  0.01
11.1201  0.1
11.1301  0.04
11.1401  0.08
11.1501  0.12
11.1601  0.03
11.1701  0.08
11.1801  0.07
11.1901  0.06
11.2001  0.06
11.2101  0.1
11.2201  0.04
11.2301  0.04
11.2401  0.07
11.2501  0.1
11.2601  0.06
11.2701  0.04
11.2801  0.06
11.2901  0.1
11.3001  0.07
11.3101  0.05
11.3201  0.13
11.3301  0.05
11.3401  0.07
11.3501  0.04
11.3601  0.05
11.3701  0.07
11.3801  0.07
11.3901  0.08
11.4001  0.07
11.4101  0.05
11.4201  0.06
11.4301  0.04
11.4401  0.05
11.4501  0.05
11.4601  0.03
11.4701  0.11
11.4801  0.06
11.4901  0.07
11.5001  0.06
11.5101  0.11
11.5201  0.07
11.5301  0.07
11.5401  0.07
11.5501  0.06
11.5601  0.08
11.5701  0.04
11.5801  0.08
11.5901  0.06
11.6001  0.06
11.6101  0.12
11.6201  0.05
11.6301  0.06
11.6401  0.03
11.6501  0.08
11.6601  0.09
11.6701  0.04
11.6801  0.07
11.6901  0.07
11.7001  0.02
11.7101  0.08
11.7201  0.07
11.7301  0.09
11.7401  0.03
11.7501  0.05
11.7601  0.09
11.7701  0.07
11.7801  0.09
11.7901  0.06
11.8001  0.06
11.8101  0.01
11.8201  0.1
11.8301  0.07
11.8401  0.11
11.8501  0.05
11.8601  0.06
11.8701  0.07
11.8801  0.05
11.8901  0.07
11.9001  0.07
11.9101  0.06
11.9201  0.07
11.9301  0.09
11.9401  0.05
11.9501  0.07
11.9601  0.07
11.9701  0.02
11.9801  0.08
11.9901  0.1
12.0001  0.07
12.0101  0.06
12.0201  0.05
12.0301  0.09
12.0401  0.06
12.0501  0.06
12.0601  0.06
12.0701  0.08
12.0801  0.05
12.0901  0.05
12.1001  0.05
12.1101  0.06
12.1201  0.11
12.1301  0.04
12.1401  0.05
12.1501  0.09
12.1601  0.08
12.1701  0.05
12.1801  0.06
12.1901  0.05
12.2001  0.04
12.2101  0.08
12.2201  0.13
12.2301  0.03
12.2401  0.08
12.2501  0.06
12.2601  0.04
12.2701  0.12
12.2801  0.06
12.2901  0.04
12.3001  0.06
12.3101  0.11
12.3201  0.08
12.3301  0.04
12.3401  0.03
12.3501  0.05
12.3601  0.09
12.3701  0.09
12.3801  0.06
12.3901  0.06
12.4001  0.07
12.4101  0.07
12.4201  0.07
12.4301  0.08
12.4401  0.06
12.4501  0.07
12.4601  0.05
12.4701  0.07
12.4801  0.02
12.4901  0.07
12.5001  0.03
12.5101  0.1
12.5201  0.11
12.5301  0.06
12.5401  0.04
12.5501  0.08
12.5601  0.05
12.5701  0.09
12.5801  0.03
12.5901  0.11
12.6001  0.06
12.6101  0.02
12.6201  0.07
12.6301  0.07
12.6401  0.07
12.6501  0.07
12.6601  0.04
12.6701  0.07
12.6801  0.12
12.6901  0.07
12.7001  0.11
12.7101  0.06
12.7201  0.09
12.7301  0.03
12.7401  0.04
12.7501  0.07
12.7601  0.04
12.7701  0.04
12.7801  0.06
12.7901  0.1
12.8001  0.04
12.8101  0.11
12.8201  0.04
12.8301  0.1
12.8401  0.02
12.8501  0.06
12.8601  0.09
12.8701  0.06
12.8801  0.04
12.8901  0.07
12.9001  0.06
12.9101  0.06
12.9201  0.04
12.9301  0.12
12.9401  0.09
12.9501  0.05
12.9601  0.08
12.9701  0.05
12.9801  0.09
12.9901  0.04
13.0001  0.05
13.0101  0.11
13.0201  0.04
13.0301  0.09
13.0401  0.11
13.0501  0.04
13.0601  0.05
13.0701  0.06
13.0801  0.03
13.0901  0.08
13.1001  0.07
13.1101  0.06
13.1201  0.09
13.1301  0.08
13.1401  0.06
13.1501  0.1
13.1601  0.04
13.1701  0.06
13.1801  0.01
13.1901  0.03
13.2001  0.06
13.2101  0.1
13.2201  0.09
13.2301  0.09
13.2401  0.08
13.2501  0.04
13.2601  0.05
13.2701  0.04
13.2801  0.07
13.2901  0.12
13.3001  0.04
13.3101  0.08
13.3201  0.06
13.3301  0.05
13.3401  0.06
13.3501  0.05
13.3601  0.07
13.3701  0.09
13.3801  0.09
13.3901  0.1
13.4001  0.05
13.4101  0.06
13.4201  0.03
13.4301  0.07
13.4401  0.09
13.4501  0.06
13.4601  0.03
13.4701  0.09
13.4801  0.08
13.4901  0.06
13.5001  0.05
13.5101  0.03
13.5201  0.12
13.5301  0.04
13.5401  0.08
13.5501  0.06
13.5601  0.07
13.5701  0.04
13.5801  0.08
13.5901  0.02
13.6001  0.11
13.6101  0.08
13.6201  0.05
13.6301  0.09
13.6401  0.07
13.6501  0.08
13.6601  0.05
13.6701  0.04
13.6801  0.1
13.6901  0.07
13.7001  0.07
13.7101  0.05
13.7201  0.03
13.7301  0.08
13.7401  0.08
13.7501  0.05
13.7601  0.03
13.7701  0.04
13.7801  0.1
13.7901  0.14
13.8001  0.08
13.8101  0.02
13.8201  0.06
13.8301  0.05
13.8401  0.09
13.8501  0.09
13.8601  0.07
13.8701  0.09
13.8801  0.08
13.8901  0.03
13.9001  0.07
13.9101  0.04
13.9201  0.05
13.9301  0.08
13.9401  0.07
13.9501  0.07
13.9601  0.05
13.9701  0.06
13.9801  0.03
13.9901  0.04
14.0001  0.07
14.0101  0.06
14.0201  0.1
14.0301  0.04
14.0401  0.11
14.0501  0.08
14.0601  0.03
14.0701  0.09
14.0801  0.1
14.0901  0.05
14.1001  0.12
14.1101  0.03
14.1201  0.03
14.1301  0.11
14.1401  0.05
14.1501  0.05
14.1601  0.06
14.1701  0.09
14.1801  0.06
14.1901  0.07
14.2001  0.05
14.2101  0.07
14.2201  0.05
14.2301  0.05
14.2401  0.06
14.2501  0.11
14.2601  0.11
14.2701  0.02
14.2801  0.04
14.2901  0.05
14.3001  0.07
14.3101  0.08
14.3201  0.04
14.3301  0.08
14.3401  0.1
14.3501  0.05
14.3601  0.07
14.3701  0.07
14.3801  0.07
14.3901  0.04
14.4001  0.06
14.4101  0.07
14.4201  0.08
14.4301  0.08
14.4401  0.01
14.4501  0.08
14.4601  0.1
14.4701  0.05
14.4801  0.11
14.4901  0.02
14.5001  0.08
14.5101  0.03
14.5201  0.13
14.5301  0.07
14.5401  0.05
14.5501  0.07
14.5601  0.07
14.5701  0.07
14.5801  0.1
14.5901  0.07
14.6001  0.06
14.6101  0.05
14.6201  0.03
14.6301  0.03
14.6401  0.06
14.6501  0.09
14.6601  0.06
14.6701  0.07
14.6801  0.05
14.6901  0.07
14.7001  0.07
14.7101  0.06
14.7201  0.05
14.7301  0.08
14.7401  0.11
14.7501  0.05
14.7601  0.07
14.7701  0.05
14.7801  0.06
14.7901  0.08
14.8001  0.05
14.8101  0.08
14.8201  0.09
14.8301  0.03
14.8401  0.07
14.8501  0.1
14.8601  0.04
14.8701  0.09
14.8801  0.06
14.8901  0.08
14.9001  0.05
14.9101  0.07
14.9201  0.07
14.9301  0.03
14.9401  0.09
14.9501  0.08
14.9601  0.03
14.9701  0.05
14.9801  0.07
14.9901  0.06
15.0001  0.04
15.0101  0.1
15.0201  0.08
15.0301  0.11
15.0401  0.09
15.0501  0.02
15.0601  0.08
15.0701  0.05
15.0801  0.07
15.0901  0.05
15.1001  0.05
15.1101  0.08
15.1201  0.04
15.1301  0.07
15.1401  0.05
15.1501  0.06
15.1601  0.05
15.1701  0.07
15.1801  0.11
15.1901  0.06
15.2001  0.04
15.2101  0.05
15.2201  0.1
15.2301  0.06
15.2401  0.1
15.2501  0.1
15.2601  0.05
15.2701  0.06
15.2801  0.08
15.2901  0.05
15.3001  0.06
15.3101  0.05
15.3201  0.08
15.3301  0.06
15.3401  0.1
15.3501  0.08
15.3601  0.1
15.3701  0.04
15.3801  0.04
15.3901  0.05
15.4001  0.01
15.4101  0.03
15.4201  0.09
15.4301  0.13
15.4401  0.05
15.4501  0.05
15.4601  0.05
15.4701  0.07
15.4801  0.06
15.4901  0.08
15.5001  0.06
15.5101  0.05
15.5201  0.07
15.5301  0.06
15.5401  0.13
15.5501  0.05
15.5601  0.05
15.5701  0.08
15.5801  0.04
15.5901  0.07
15.6001  0.15
15.6101  0.03
15.6201  0.08
15.6301  0.08
15.6401  0.04
15.6501  0.05
15.6601  0.04
15.6701  0.06
15.6801  0.12
15.6901  0.08
15.7001  0.08
15.7101  0.04
15.7201  0.06
15.7301  0.04
15.7401  0.04
15.7501  0.05
15.7601  0.06
15.7701  0.08
15.7801  0.07
15.7901  0.08
15.8001  0.08
15.8101  0.03
15.8201  0.11
15.8301  0.04
15.8401  0.09
15.8501  0.07
15.8601  0.09
15.8701  0.03
15.8801  0.02
15.8901  0.06
15.9001  0.07
15.9101  0.08
15.9201  0.11
15.9301  0.06
15.9401  0.07
15.9501  0.05
15.9601  0.06
15.9701  0.03
15.9801  0.07
15.9901  0.05
16.0001  0.1
16.0101  0.08
16.0201  0.12
16.0301  0.12
16.0401  0.05
16.0501  0.03
16.0601  0.04
16.0701  0.01
16.0801  0.1
16.0901  0.07
16.1001  0.06
16.1101  0.07
16.1201  0.08
16.1301  0.02
16.1401  0.11
16.1501  0.06
16.1601  0.03
16.1701  0.09
16.1801  0.05
16.1901  0.07
16.2001  0.05
16.2101  0.11
16.2201  0.06
16.2301  0.07
16.2401  0.01
16.2501  0.07
16.2601  0.06
16.2701  0.07
16.2801  0.11
16.2901  0.03
16.3001  0.11
16.3101  0.09
16.3201  0.03
16.3301  0.09
16.3401  0.04
16.3501  0.03
16.3601  0.08
16.3701  0.07
16.3801  0.09
16.3901  0.1
16.4001  0.03
16.4101  0.04
16.4201  0.1
16.4301  0.06
16.4401  0.05
16.4501  0.07
16.4601  0.03
16.4701  0.05
16.4801  0.13
16.4901  0.11
16.5001  0.06
16.5101  0.07
16.5201  0.04
16.5301  0.07
16.5401  0.05
16.5501  0.06
16.5601  0.04
16.5701  0.07
16.5801  0.04
16.5901  0.11
16.6001  0.06
16.6101  0.04
16.6201  0.08
16.6301  0.07
16.6401  0.04
16.6501  0.08
16.6601  0.05
16.6701  0.11
16.6801  0.03
16.6901  0.07
16.7001  0.09
16.7101  0.06
16.7201  0.06
16.7301  0.05
16.7401  0.09
16.7501  0.06
16.7601  0.09
16.7701  0.07
16.7801  0.05
16.7901  0.06
16.8001  0.1
16.8101  0.07
16.8201  0.06
16.8301  0.04
16.8401  0.08
16.8501  0.07
16.8601  0.07
16.8701  0.06
16.8801  0.06
16.8901  0.15
16.9001  0.03
16.9101  0.02
16.9201  0.07
16.9301  0.03
16.9401  0.05
16.9501  0.03
16.9601  0.06
16.9701  0.11
16.9801  0.07
16.9901  0.07
17.0001  0.1
17.0101  0.05
17.0201  0.06
17.0301  0.06
17.0401  0.05
17.0501  0.04
17.0601  0.1
17.0701  0.1
17.0801  0.05
17.0901  0.08
17.1001  0.07
17.1101  0.07
17.1201  0.09
17.1301  0.05
17.1401  0.09
17.1501  0.1
17.1601  0.06
17.1701  0.06
17.1801  0.07
17.1901  0
17.2001  0.03
17.2101  0.06
17.2201  0.04
17.2301  0.09
17.2401  0.06
17.2501  0.07
17.2601  0.09
17.2701  0.09
17.2801  0.06
17.2901  0.07
17.3001  0.08
17.3101  0.03
17.3201  0.05
17.3301  0.04
17.3401  0.12
17.3501  0.09
17.3601  0.06
17.3701  0.03
17.3801  0.09
17.3901  0.04
17.4001  0.06
17.4101  0.02
17.4201  0.08
17.4301  0.05
17.4401  0.11
17.4501  0.11
17.4601  0.07
17.4701  0.07
17.4801  0.08
17.4901  0.07
17.5001  0.03
17.5101  0.04
17.5201  0.07
17.5301  0.11
17.5401  0.04
17.5501  0.05
17.5601  0.1
17.5701  0.07
17.5801  0.06
17.5901  0.01
17.6001  0.13
17.6101  0.03
17.6201  0.04
17.6301  0.1
17.6401  0.1
17.6501  0.05
17.6601  0.07
17.6701  0.06
17.6801  0.05
17.6901  0.06
17.7001  0.08
17.7101  0.06
17.7201  0.06
17.7301  0.04
17.7401  0.06
17.7501  0.06
17.7601  0.08
17.7701  0.14
17.7801  0.03
17.7901  0.04
17.8001  0.05
17.8101  0.09
17.8201  0.03
17.8301  0.09
17.8401  0.05
17.8501  0.06
17.8601  0.11
17.8701  0.01
17.8801  0.07
17.8901  0.06
17.9001  0.11
17.9101  0.06
17.9201  0.09
17.9301  0.08
17.9401  0.07
17.9501  0.02
17.9601  0.14
17.9701  0.02
17.9801  0.05
17.9901  0.08
18.0001  0.05
18.0101  0.05
18.0201  0.08
18.0301  0.09
18.0401  0.06
18.0501  0.06
18.0601  0.1
18.0701  0.05
18.0801  0.05
18.0901  0.06
18.1001  0.04
18.1101  0.09
18.1201  0.05
18.1301  0.06
18.1401  0.04
18.1501  0.06
18.1601  0.1
18.1701  0.05
18.1801  0.08
18.1901  0.04
18.2001  0.08
18.2101  0.07
18.2201  0.05
18.2301  0.1
18.2401  0.06
18.2501  0.04
18.2601  0.07
18.2701  0.11
18.2801  0.08
18.2901  0.05
18.3001  0.09
18.3101  0.11
18.3201  0.07
18.3301  0.08
18.3401  0.04
18.3501  0.06
18.3601  0.03
18.3701  0.05
18.3801  0.03
18.3901  0.1
18.4001  0.02
18.4101  0.1
18.4201  0.04
18.4301  0.06
18.4401  0.07
18.4501  0.1
18.4601  0.08
18.4701  0.06
18.4801  0.07
18.4901  0.07
18.5001  0.08
18.5101  0.06
18.5201  0.03
18.5301  0.03
18.5401  0.04
18.5501  0.12
18.5601  0.02
18.5701  0.09
18.5801  0.11
18.5901  0.02
18.6001  0.1
18.6101  0.08
18.6201  0.05
18.6301  0.07
18.6401  0.08
18.6501  0.08
18.6601  0.04
18.6701  0.09
18.6801  0.07
18.6901  0.05
18.7001  0.07
18.7101  0.03
18.7201  0.09
18.7301  0.04
18.7401  0.09
18.7501  0.08
18.7601  0.09
18.7701  0.1
18.7801  0.04
18.7901  0.07
18.8001  0.06
18.8101  0.05
18.8201  0.03
18.8301  0.03
18.8401  0.09
18.8501  0.05
18.8601  0.11
18.8701  0.09
18.8801  0.04
18.8901  0.04
18.9001  0.05
18.9101  0.04
18.9201  0.06
18.9301  0.05
18.9401  0.09
18.9501  0.08
18.9601  0.14
18.9701  0.07
18.9801  0.12
18.9901  0.02
19.0001  0.03
19.0101  0.05
19.0201  0.06
19.0301  0.07
19.0401  0.03
19.0501  0.11
19.0601  0.09
19.0701  0.05
19.0801  0.11
19.0901  0.05
19.1001  0.06
19.1101  0.04
19.1201  0.05
19.1301  0.06
19.1401  0.07
19.1501  0.05
19.1601  0.07
19.1701  0.09
19.1801  0.07
19.1901  0.07
19.2001  0.08
19.2101  0.05
19.2201  0.09
19.2301  0.04
19.2401  0.05
19.2501  0.06
19.2601  0.06
19.2701  0.1
19.2801  0.07
19.2901  0.05
19.3001  0.07
19.3101  0.06
19.3201  0.09
19.3301  0.05
19.3401  0.07
19.3501  0.02
19.3601  0.06
19.3701  0.08
19.3801  0.06
19.3901  0.07
19.4001  0.06
19.4101  0.08
19.4201  0.05
19.4301  0.08
19.4401  0.07
19.4501  0.06
19.4601  0.1
19.4701  0.06
19.4801  0.08
19.4901  0.05
19.5001  0.08
19.5101  0.1
19.5201  0.06
19.5301  0.09
19.5401  0.07
19.5501  0.08
19.5601  0.02
19.5701  0.08
19.5801  0.04
19.5901  0.05
19.6001  0.04
19.6101  0.06
19.6201  0.06
19.6301  0.08
19.6401  0.07
19.6501  0.01
19.6601  0.08
19.6701  0.1
19.6801  0.03
19.6901  0.1
19.7001  0.05
19.7101  0.04
19.7201  0.1
19.7301  0.05
19.7401  0.04
19.7501  0.07
19.7601  0.14
19.7701  0.05
19.7801  0.09
19.7901  0.04
19.8001  0.08
19.8101  0.11
19.8201  0.06
19.8301  0.07
19.8401  0.02
19.8501  0.06
19.8601  0.04
19.8701  0.09
19.8801  0.08
19.8901  0.08
19.9001  0.05
19.9101  0.04
19.9201  0.03
19.9301  0.08
19.9401  0.09
19.9501  0.06
19.9601  0.08
19.9701  0.06
19.9801  0.11
19.9901  0.05
20.0001  0.08
20.0101  0.06
20.0201  0.03
20.0301  0.04
20.0401  0.08
20.0501  0.09
20.0601  0.04
20.0701  0.05
20.0801  0.03
20.0901  0.09
20.1001  0.1
20.1101  0.06
20.1201  0.09
20.1301  0.05
20.1401  0.09
20.1501  0.04
20.1601  0.04
20.1701  0.07
20.1801  0.08
20.1901  0.1
20.2001  0.04
20.2101  0.04
20.2201  0.08
20.2301  0.09
20.2401  0.07
20.2501  0.1
20.2601  0.04
20.2701  0.07
20.2801  0.1
20.2901  0.05
20.3001  0.08
20.3101  0.06
20.3201  0.04
20.3301  0.09
20.3401  0.06
20.3501  0.08
20.3601  0.03
20.3701  0.04
20.3801  0.06
20.3901  0.09
20.4001  0.04
20.4101  0.06
20.4201  0.05
20.4301  0.11
20.4401  0.06
20.4501  0.06
20.4601  0.03
20.4701  0.11
20.4801  0.07
20.4901  0.09
20.5001  0.05
20.5101  0.07
20.5201  0.05
20.5301  0.05
20.5401  0.04
20.5501  0.06
20.5601  0.1
20.5701  0.06
20.5801  0.07
20.5901  0.08
20.6001  0.08
20.6101  0.08
20.6201  0.04
20.6301  0.05
20.6401  0.05
20.6501  0.11
20.6601  0.05
20.6701  0.07
20.6801  0.12
20.6901  0.1
20.7001  0.04
20.7101  0.04
20.7201  0.05
20.7301  0.05
20.7401  0.03
20.7501  0.05
20.7601  0.1
20.7701  0.04
20.7801  0.08
20.7901  0.07
20.8001  0.04
20.8101  0.09
20.8201  0.14
20.8301  0.11
20.8401  0.05
20.8501  0.04
20.8601  0.03
20.8701  0.02
20.8801  0.09
20.8901  0.08
20.9001  0.06
20.9101  0.01
20.9201  0.07
20.9301  0.05
20.9401  0.08
20.9501  0.08
20.9601  0.06
20.9701  0.05
20.9801  0.1
20.9901  0.06
21.0001  0.04
21.0101  0.08
21.0201  0.11
21.0301  0.07
21.0401  0.08
21.0501  0.01
21.0601  0.13
21.0701  0.08
21.0801  0.1
21.0901  0.07
21.1001  0.09
21.1101  0.02
21.1201  0.05
21.1301  0.06
21.1401  0.06
21.1501  0.07
21.1601  0.04
21.1701  0.06
21.1801  0.07
21.1901  0.07
21.2001  0.07
21.2101  0.08
21.2201  0.01
21.2301  0.03
21.2401  0.09
21.2501  0.09
21.2601  0.07
21.2701  0.06
21.2801  0.03
21.2901  0.06
21.3001  0.04
21.3101  0.11
21.3201  0.09
21.3301  0.09
21.3401  0.1
21.3501  0.03
21.3601  0.08
21.3701  0.06
21.3801  0.03
21.3901  0.03
21.4001  0.08
21.4101  0.07
21.4201  0.08
21.4301  0.09
21.4401  0.11
21.4501  0.04
21.4601  0.08
21.4701  0.11
21.4801  0.06
21.4901  0.01
21.5001  0.05
21.5101  0.05
21.5201  0.05
21.5301  0.08
21.5401  0.1
21.5501  0.05
21.5601  0.09
21.5701  0.07
21.5801  0.03
21.5901  0.04
21.6001  0.08
21.6101  0.08
21.6201  0.05
21.6301  0.06
21.6401  0.08
21.6501  0.07
21.6601  0.07
21.6701  0.06
21.6801  0.06
21.6901  0.09
21.7001  0.08
21.7101  0.05
21.7201  0.08
21.7301  0.06
21.7401  0.05
21.7501  0.06
21.7601  0.04
21.7701  0.08
21.7801  0.08
21.7901  0.01
21.8001  0.06
21.8101  0.11
21.8201  0.07
21.8301  0.02
21.8401  0.08
21.8501  0.08
21.8601  0.09
21.8701  0.08
21.8801  0.09
21.8901  0.06
21.9001  0.06
21.9101  0.07
21.9201  0.11
21.9301  0.04
21.9401  0.08
21.9501  0.06
21.9601  0.02
21.9701  0.04
21.9801  0.02
21.9901  0.08
22.0001  0.12
22.0101  0.05
22.0201  0.1
22.0301  0.04
22.0401  0.06
22.0501  0.12
22.0601  0.08
22.0701  0.03
22.0801  0.06
22.0901  0.04
22.1001  0.02
22.1101  0.09
22.1201  0.07
22.1301  0.08
22.1401  0.03
22.1501  0.09
22.1601  0.11
22.1701  0.09
22.1801  0.05
22.1901  0.05
22.2001  0.05
22.2101  0.03
22.2201  0.08
22.2301  0.09
22.2401  0.09
22.2501  0.07
22.2601  0.03
22.2701  0.09
22.2801  0.07
22.2901  0.07
22.3001  0.07
22.3101  0.03
22.3201  0.08
22.3301  0.09
22.3401  0.05
22.3501  0.05
22.3601  0.06
22.3701  0.08
22.3801  0.08
22.3901  0.09
22.4001  0.07
22.4101  0.04
22.4201  0.02
22.4301  0.1
22.4401  0.06
22.4501  0.06
22.4601  0.07
22.4701  0.06
22.4801  0.09
22.4901  0.02
22.5001  0.07
22.5101  0.05
22.5201  0.06
22.5301  0.09
22.5401  0.06
22.5501  0.05
22.5601  0.09
22.5701  0.07
22.5801  0.07
22.5901  0.08
22.6001  0.03
22.6101  0.03
22.6201  0.09
22.6301  0.06
22.6401  0.1
22.6501  0.06
22.6601  0.09
22.6701  0.05
22.6801  0.08
22.6901  0.12
22.7001  0.06
22.7101  0.09
22.7201  0.05
22.7301  0.06
22.7401  0.06
22.7501  0.08
22.7601  0.05
22.7701  0.04
22.7801  0.05
22.7901  0.05
22.8001  0.07
22.8101  0.06
22.8201  0.03
22.8301  0.08
22.8401  0.05
22.8501  0.09
22.8601  0.04
22.8701  0.08
22.8801  0.05
22.8901  0.08
22.9001  0.05
22.9101  0.1
22.9201  0.09
22.9301  0.07
22.9401  0.05
22.9501  0.11
22.9601  0.07
22.9701  0.06
22.9801  0.07
22.9901  0.03
23.0001  0.05
23.0101  0.05
23.0201  0.1
23.0301  0.07
23.0401  0.05
23.0501  0.06
23.0601  0.06
23.0701  0.04
23.0801  0.07
23.0901  0.1
23.1001  0.08
23.1101  0.09
23.1201  0.06
23.1301  0.03
23.1401  0.05
23.1501  0.07
23.1601  0.06
23.1701  0.14
23.1801  0.07
23.1901  0.07
23.2001  0.05
23.2101  0.06
23.2201  0.08
23.2301  0.06
23.2401  0.03
23.2501  0.04
23.2601  0.07
23.2701  0.05
23.2801  0.1
23.2901  0.07
23.3001  0.07
23.3101  0.09
23.3201  0.1
23.3301  0.04
23.3401  0.04
23.3501  0.05
23.3601  0.05
23.3701  0.04
23.3801  0.07
23.3901  0.05
23.4001  0.06
23.4101  0.05
23.4201  0.09
23.4301  0.08
23.4401  0.12
23.4501  0.1
23.4601  0.07
23.4701  0.05
23.4801  0.06
23.4901  0.06
23.5001  0.04
23.5101  0.08
23.5201  0.1
23.5301  0.04
23.5401  0.06
23.5501  0.06
23.5601  0.04
23.5701  0.06
23.5801  0.08
23.5901  0.05
23.6001  0.13
23.6101  0.03
23.6201  0.1
23.6301  0.06
23.6401  0.05
23.6501  0.04
23.6601  0.1
23.6701  0.06
23.6801  0.04
23.6901  0.07
23.7001  0.09
23.7101  0.04
23.7201  0.08
23.7301  0.04
23.7401  0.05
23.7501  0.06
23.7601  0.02
23.7701  0.1
23.7801  0.07
23.7901  0.04
23.8001  0.06
23.8101  0.1
23.8201  0.11
23.8301  0.1
23.8401  0.06
23.8501  0.06
23.8601  0.04
23.8701  0.05
23.8801  0.05
23.8901  0.07
23.9001  0.11
23.9101  0.08
23.9201  0.07
23.9301  0.05
23.9401  0.09
23.9501  0.07
23.9601  0.07
23.9701  0.03
23.9801  0.08
23.9901  0.06
24.0001  0.05
24.0101  0.1
24.0201  0.09
24.0301  0.02
24.0401  0.06
24.0501  0.03
24.0601  0.04
24.0701  0.08
24.0801  0.05
24.0901  0.11
24.1001  0.06
24.1101  0.05
24.1201  0.04
24.1301  0.12
24.1401  0.06
24.1501  0.05
24.1601  0.1
24.1701  0.02
24.1801  0.07
24.1901  0.09
24.2001  0.07
24.2101  0.04
24.2201  0.1
24.2301  0.02
24.2401  0.11
24.2501  0.06
24.2601  0.08
24.2701  0.05
24.2801  0.06
24.2901  0.06
24.3001  0.08
24.3101  0.07
24.3201  0.08
24.3301  0.08
24.3401  0.04
24.3501  0.09
24.3601  0.06
24.3701  0.06
24.3801  0.04
24.3901  0.08
24.4001  0.09
24.4101  0.06
24.4201  0.07
24.4301  0.05
24.4401  0.04
24.4501  0.08
24.4601  0.06
24.4701  0.06
24.4801  0.07
24.4901  0.07
24.5001  0.04
24.5101  0.07
24.5201  0.09
24.5301  0.08
24.5401  0.06
24.5501  0.07
24.5601  0.06
24.5701  0.07
24.5801  0.09
24.5901  0.06
24.6001  0.07
24.6101  0.02
24.6201  0.05
24.6301  0.05
24.6401  0.1
24.6501  0.05
24.6601  0.08
24.6701  0.06
24.6801  0.06
24.6901  0.12
24.7001  0.03
24.7101  0.09
24.7201  0.05
24.7301  0.03
24.7401  0.11
24.7501  0.07
24.7601  0.05
24.7701  0.06
24.7801  0.09
24.7901  0.12
24.8001  0.06
24.8101  0.05
24.8201  0.05
24.8301  0.06
24.8401  0.05
24.8501  0.06
24.8601  0.01
24.8701  0.08
24.8801  0.09
24.8901  0.07
24.9001  0.08
24.9101  0.08
24.9201  0.08
24.9301  0.03
24.9401  0.06
24.9501  0.07
24.9601  0.05
24.9701  0.07
24.9801  0.06
24.9901  0.06
25.0001  0.03
25.0101  0.08
25.0201  0.07
25.0301  0.09
25.0401  0.05
25.0501  0.07
25.0601  0.12
25.0701  0.1
25.0801  0.05
25.0901  0.03
25.1001  0.06
25.1101  0.05
25.1201  0.03
25.1301  0.05
25.1401  0.1
25.1501  0.08
25.1601  0.07
25.1701  0.06
25.1801  0.06
25.1901  0.13
25.2001  0.04
25.2101  0.06
25.2201  0.09
25.2301  0.1
25.2401  0.03
25.2501  0.06
25.2601  0.09
25.2701  0.08
25.2801  0.05
25.2901  0.02
25.3001  0.05
25.3101  0.05
25.3201  0.1
25.3301  0.06
25.3401  0.03
25.3501  0.09
25.3601  0.04
25.3701  0.09
25.3801  0.05
25.3901  0.07
25.4001  0.06
25.4101  0.08
25.4201  0.03
25.4301  0.13
25.4401  0.06
25.4501  0.07
25.4601  0.07
25.4701  0.05
25.4801  0.05
25.4901  0.07
25.5001  0.08
25.5101  0.05
25.5201  0.06
25.5301  0.08
25.5401  0.05
25.5501  0.08
25.5601  0.06
25.5701  0.09
25.5801  0.05
25.5901  0.1
25.6001  0.09
25.6101  0.11
25.6201  0.05
25.6301  0.05
25.6401  0.04
25.6501  0.07
25.6601  0.06
25.6701  0.03
25.6801  0.05
25.6901  0.03
25.7001  0.07
25.7101  0.07
25.7201  0.04
25.7301  0.11
25.7401  0.08
25.7501  0.05
25.7601  0.11
25.7701  0.06
25.7801  0.03
25.7901  0.1
25.8001  0.04
25.8101  0.03
25.8201  0.07
25.8301  0.09
25.8401  0.06
25.8501  0.11
25.8601  0.07
25.8701  0.06
25.8801  0.12
25.8901  0.03
25.9001  0.06
25.9101  0.1
25.9201  0.04
25.9301  0.01
25.9401  0.05
25.9501  0.08
25.9601  0.07
25.9701  0.05
25.9801  0.09
25.9901  0.08
26.0001  0.12
26.0101  0.04
26.0201  0.07
26.0301  0.04
26.0401  0.06
26.0501  0.04
26.0601  0.11
26.0701  0.06
26.0801  0.08
26.0901  0.06
26.1001  0.04
26.1101  0.05
26.1201  0.05
26.1301  0.08
26.1401  0.07
26.1501  0.11
26.1601  0.05
26.1701  0.11
26.1801  0.04
26.1901  0.07
26.2001  0.06
26.2101  0.04
26.2201  0.06
26.2301  0.08
26.2401  0.09
26.2501  0.06
26.2601  0.02
26.2701  0.03
26.2801  0.08
26.2901  0.06
26.3001  0.1
26.3101  0.03
26.3201  0.08
26.3301  0.06
26.3401  0.06
26.3501  0.13
26.3601  0.07
26.3701  0.07
26.3801  0.06
26.3901  0.05
26.4001  0.02
26.4101  0.08
26.4201  0.08
26.4301  0.1
26.4401  0.05
26.4501  0.08
26.4601  0.05
26.4701  0.11
26.4801  0.04
26.4901  0.07
26.5001  0.07
26.5101  0.08
26.5201  0.06
26.5301  0.08
26.5401  0.07
26.5501  0.06
26.5601  0.03
26.5701  0.07
26.5801  0.05
26.5901  0.04
26.6001  0.05
26.6101  0.04
26.6201  0.1
26.6301  0.07
26.6401  0.06
26.6501  0.08
26.6601  0.04
26.6701  0.03
26.6801  0.06
26.6901  0.07
26.7001  0.11
26.7101  0.13
26.7201  0.08
26.7301  0.07
26.7401  0.06
26.7501  0.05
26.7601  0.05
26.7701  0.06
26.7801  0.05
26.7901  0.04
26.8001  0.05
26.8101  0.05
26.8201  0.1
26.8301  0.09
26.8401  0.11
26.8501  0.04
26.8601  0.07
26.8701  0.05
26.8801  0.07
26.8901  0.06
26.9001  0.06
26.9101  0.12
26.9201  0.01
26.9301  0.07
26.9401  0.08
26.9501  0.08
26.9601  0.09
26.9701  0.06
26.9801  0.08
26.9901  0.07
27.0001  0.04
27.0101  0.06
27.0201  0.05
27.0301  0.09
27.0401  0.05
27.0501  0.03
27.0601  0.06
27.0701  0.08
27.0801  0.07
27.0901  0.03
27.1001  0.04
27.1101  0.08
27.1201  0.08
27.1301  0.06
27.1401  0.07
27.1501  0.04
27.1601  0.11
27.1701  0.07
27.1801  0.09
27.1901  0.05
27.2001  0.07
27.2101  0.09
27.2201  0.07
27.2301  0.04
27.2401  0.11
27.2501  0.08
27.2601  0.1
27.2701  0.06
27.2801  0.05
27.2901  0.02
27.3001  0.07
27.3101  0.05
27.3201  0.05
27.3301  0.05
27.3401  0.06
27.3501  0.04
27.3601  0.09
27.3701  0.13
27.3801  0.05
27.3901  0.06
27.4001  0.03
27.4101  0.07
27.4201  0.06
27.4301  0.07
27.4401  0.07
27.4501  0.08
27.4601  0.02
27.4701  0.08
27.4801  0.04
27.4901  0.06
27.5001  0.08
27.5101  0.14
27.5201  0.1
27.5301  0.03
27.5401  0.08
27.5501  0.06
27.5601  0.03
27.5701  0.07
27.5801  0.09
27.5901  0.07
27.6001  0.06
27.6101  0.03
27.6201  0.09
27.6301  0.02
27.6401  0.03
27.6501  0.13
27.6601  0.08
27.6701  0.09
27.6801  0.04
27.6901  0.05
27.7001  0.09
27.7101  0.04
27.7201  0.05
27.7301  0.08
27.7401  0.12
27.7501  0.06
27.7601  0.05
27.7701  0.04
27.7801  0.03
27.7901  0.11
27.8001  0.08
27.8101  0.11
27.8201  0.04
27.8301  0.08
27.8401  0.11
27.8501  0.04
27.8601  0.06
27.8701  0.07
27.8801  0.06
27.8901  0.02
27.9001  0.03
27.9101  0.09
27.9201  0.1
27.9301  0.05
27.9401  0.05
27.9501  0.04
27.9601  0.05
27.9701  0.05
27.9801  0.06
27.9901  0.09
28.0001  0.06
28.0101  0.07
28.0201  0.07
28.0301  0.1
28.0401  0.09
28.0501  0.05
28.0601  0.07
28.0701  0.06
28.0801  0.09
28.0901  0.07
28.1001  0.07
28.1101  0.06
28.1201  0.09
28.1301  0.05
28.1401  0.11
28.1501  0.05
28.1601  0.03
28.1701  0.08
28.1801  0.07
28.1901  0.05
28.2001  0.07
28.2101  0.07
28.2201  0.06
28.2301  0.06
28.2401  0.02
28.2501  0.08
28.2601  0.07
28.2701  0.1
28.2801  0.05
28.2901  0.07
28.3001  0.06
28.3101  0.04
28.3201  0.04
28.3301  0.05
28.3401  0.06
28.3501  0.12
28.3601  0.06
28.3701  0.09
28.3801  0.09
28.3901  0.08
28.4001  0.04
28.4101  0.05
28.4201  0.06
28.4301  0.05
28.4401  0.04
28.4501  0.05
28.4601  0.09
28.4701  0.05
28.4801  0.1
28.4901  0.08
28.5001  0.07
28.5101  0.06
28.5201  0.09
28.5301  0.07
28.5401  0.07
28.5501  0.07
28.5601  0.06
28.5701  0.05
28.5801  0.09
28.5901  0.02
28.6001  0.07
28.6101  0.07
28.6201  0.06
28.6301  0.07
28.6401  0.06
28.6501  0.05
28.6601  0.08
28.6701  0.1
28.6801  0.09
28.6901  0.03
28.7001  0.06
28.7101  0.08
28.7201  0.05
28.7301  0.07
28.7401  0.03
28.7501  0.07
28.7601  0.07
28.7701  0.06
28.7801  0.05
28.7901  0.06
28.8001  0.07
28.8101  0.09
28.8201  0.04
28.8301  0.07
28.8401  0.07
28.8501  0.04
28.8601  0.14
28.8701  0.08
28.8801  0.01
28.8901  0.08
28.9001  0.09
28.9101  0.06
28.9201  0.04
28.9301  0.09
28.9401  0.15
28.9501  0.04
28.9601  0.05
28.9701  0.07
28.9801  0.05
28.9901  0.05
29.0001  0.08
29.0101  0.04
29.0201  0.06
29.0301  0.07
29.0401  0.06
29.0501  0.05
29.0601  0.08
29.0701  0.06
29.0801  0.06
29.0901  0.06
29.1001  0.06
29.1101  0.08
29.1201  0.07
29.1301  0.06
29.1401  0.09
29.1501  0.04
29.1601  0.11
29.1701  0.05
29.1801  0.06
29.1901  0.1
29.2001  0.04
29.2101  0.06
29.2201  0.07
29.2301  0.05
29.2401  0.06
29.2501  0.05
29.2601  0.09
29.2701  0.07
29.2801  0.07
29.2901  0.08
29.3001  0.03
29.3101  0.02
29.3201  0.09
29.3301  0.1
29.3401  0.11
29.3501  0.04
29.3601  0.06
29.3701  0.06
29.3801  0.05
29.3901  0.08
29.4001  0.02
29.4101  0.08
29.4201  0.1
29.4301  0.05
29.4401  0.08
29.4501  0.03
29.4601  0.09
29.4701  0.05
29.4801  0.08
29.4901  0.04
29.5001  0.08
29.5101  0.11
29.5201  0.08
29.5301  0.07
29.5401  0.07
29.5501  0.07
29.5601  0.06
29.5701  0.05
29.5801  0.12
29.5901  0.05
29.6001  0.03
29.6101  0.05
29.6201  0.04
29.6301  0.03
29.6401  0.06
29.6501  0.06
29.6601  0.08
29.6701  0.05
29.6801  0.08
29.6901  0.13
29.7001  0.03
29.7101  0.06
29.7201  0.08
29.7301  0.05
29.7401  0.05
29.7501  0.09
29.7601  0.05
29.7701  0.08
29.7801  0.05
29.7901  0.06
29.8001  0.07
29.8101  0.11
29.8201  0.11
29.8301  0.1
29.8401  0.06
29.8501  0.07
29.8601  0.06
29.8701  0.03
29.8801  0.07
29.8901  0.03
29.9001  0.07
29.9101  0.07
29.9201  0.09
29.9301  0.04
29.9401  0.08
29.9501  0.04
29.9601  0.05
29.9701  0.08
29.9801  0.1
29.9901  0.03
30.0001  0.03
30.0101  0.04
30.0201  0.06
30.0301  0.09
30.0401  0.07
30.0501  0.06
30.0601  0.11
30.0701  0.09
30.0801  0.06
30.0901  0.09
30.1001  0.03
30.1101  0.06
30.1201  0.03
30.1301  0.06
30.1401  0.06
30.1501  0.04
30.1601  0.08
30.1701  0.07
30.1801  0.11
30.1901  0.08
30.2001  0.07
30.2101  0.09
30.2201  0.09
30.2301  0.06
30.2401  0.02
30.2501  0.06
30.2601  0.07
30.2701  0.06
30.2801  0.06
30.2901  0.07
30.3001  0.08
30.3101  0.07
30.3201  0.06
30.3301  0.12
30.3401  0.03
30.3501  0.04
30.3601  0.09
30.3701  0.12
30.3801  0.04
30.3901  0.04
30.4001  0.07
30.4101  0.05
30.4201  0.06
30.4301  0.08
30.4401  0.04
30.4501  0.03
30.4601  0.09
30.4701  0.07
30.4801  0.06
30.4901  0.06
30.5001  0.11
30.5101  0.07
30.5201  0.07
30.5301  0.05
30.5401  0.05
30.5501  0.06
30.5601  0.06
30.5701  0.06
30.5801  0.02
30.5901  0.09
30.6001  0.05
30.6101  0.09
30.6201  0.09
30.6301  0.11
30.6401  0.06
30.6501  0.04
30.6601  0.04
30.6701  0.09
30.6801  0.04
30.6901  0.06
30.7001  0.1
30.7101  0.09
30.7201  0.08
30.7301  0.09
30.7401  0.01
30.7501  0.05
30.7601  0.08
30.7701  0.1
30.7801  0.06
30.7901  0.03
30.8001  0.1
30.8101  0.04
30.8201  0.06
30.8301  0.06
30.8401  0.08
30.8501  0.06
30.8601  0.03
30.8701  0.1
30.8801  0.04
30.8901  0.07
30.9001  0.08
30.9101  0.08
30.9201  0.07
30.9301  0.1
30.9401  0.05
30.9501  0.07
30.9601  0.05
30.9701  0.04
30.9801  0.06
30.9901  0.08
31.0001  0.04
31.0101  0.04
31.0201  0.05
31.0301  0.07
31.0401  0.11
31.0501  0.06
31.0601  0.03
31.0701  0.07
31.0801  0.04
31.0901  0.14
31.1001  0.03
31.1101  0.08
31.1201  0.06
31.1301  0.1
31.1401  0.07
31.1501  0.07
31.1601  0.05
31.1701  0.07
31.1801  0.12
31.1901  0.04
31.2001  0.09
31.2101  0.07
31.2201  0.08
31.2301  0.06
31.2401  0.04
31.2501  0.05
31.2601  0.06
31.2701  0.06
31.2801  0.04
31.2901  0.11
31.3001  0.06
31.3101  0.07
31.3201  0.08
31.3301  0.04
31.3401  0.05
31.3501  0.04
31.3601  0.06
31.3701  0.07
31.3801  0.06
31.3901  0.05
31.4001  0.08
31.4101  0.08
31.4201  0.06
31.4301  0.05
31.4401  0.04
31.4501  0.06
31.4601  0.08
31.4701  0.13
31.4801  0.05
31.4901  0.05
31.5001  0.07
31.5101  0.08
31.5201  0.11
31.5301  0.07
31.5401  0.04
31.5501  0.09
31.5601  0.04
31.5701  0.04
31.5801  0.07
31.5901  0.09
31.6001  0.11
31.6101  0.02
31.6201  0.07
31.6301  0.07
31.6401  0.09
31.6501  0.08
31.6601  0.1
31.6701  0.02
31.6801  0.05
31.6901  0.04
31.7001  0.04
31.7101  0.03
31.7201  0.08
31.7301  0.1
31.7401  0.11
31.7501  0.01
31.7601  0.02
31.7701  0.06
31.7801  0.11
31.7901  0.08
31.8001  0.07
31.8101  0.11
31.8201  0.08
31.8301  0.02
31.8401  0.04
31.8501  0.06
31.8601  0.06
31.8701  0.09
31.8801  0.06
31.8901  0.11
31.9001  0.04
31.9101  0.05
31.9201  0.04
31.9301  0.06
31.9401  0.07
31.9501  0.06
31.9601  0.1
31.9701  0.11
31.9801  0.04
31.9901  0.03
32.0001  0.08
32.0101  0.02
32.0201  0.1
32.0301  0.11
32.0401  0.06
32.0501  0.07
32.0601  0.08
32.0701  0.1
32.0801  0.06
32.0901  0.07
32.1001  0.05
32.1101  0.1
32.1201  0.05
32.1301  0.05
32.1401  0.02
32.1501  0.06
32.1601  0.06
32.1701  0.04
32.1801  0.06
32.1901  0.05
32.2001  0.08
32.2101  0.07
32.2201  0.1
32.2301  0.05
32.2401  0.06
32.2501  0.08
32.2601  0.11
32.2701  0.09
32.2801  0.04
32.2901  0.03
32.3001  0.05
32.3101  0.08
32.3201  0.05
32.3301  0.07
32.3401  0.11
32.3501  0.07
32.3601  0.04
32.3701  0.05
32.3801  0.05
32.3901  0.06
32.4001  0.05
32.4101  0.1
32.4201  0.05
32.4301  0.06
32.4401  0.04
32.4501  0.12
32.4601  0.06
32.4701  0.06
32.4801  0.08
32.4901  0.07
32.5001  0.05
32.5101  0.06
32.5201  0.08
32.5301  0.1
32.5401  0.04
32.5501  0.09
32.5601  0.11
32.5701  0.03
32.5801  0.04
32.5901  0.1
32.6001  0.09
32.6101  0.04
32.6201  0.06
32.6301  0.09
32.6401  0.03
32.6501  0.07
32.6601  0.05
32.6701  0.03
32.6801  0.07
32.6901  0.12
32.7001  0.04
32.7101  0.03
32.7201  0.06
32.7301  0.08
32.7401  0.05
32.7501  0.07
32.7601  0.04
32.7701  0.11
32.7801  0.08
32.7901  0.1
32.8001  0.05
32.8101  0.01
32.8201  0.05
32.8301  0.05
32.8401  0.1
32.8501  0.11
32.8601  0.07
32.8701  0.09
32.8801  0.06
32.8901  0.04
32.9001  0.05
32.9101  0.07
32.9201  0.08
32.9301  0.09
32.9401  0.04
32.9501  0.06
32.9601  0.04
32.9701  0.1
32.9801  0.06
32.9901  0.09
33.0001  0.06
33.0101  0.06
33.0201  0.07
33.0301  0.06
33.0401  0.09
33.0501  0.07
33.0601  0.07
33.0701  0.05
33.0801  0.05
33.0901  0.1
33.1001  0.07
33.1101  0.02
33.1201  0.06
33.1301  0.04
33.1401  0.06
33.1501  0.07
33.1601  0.05
33.1701  0.06
33.1801  0.06
33.1901  0.07
33.2001  0.09
33.2101  0.07
33.2201  0.05
33.2301  0.08
33.2401  0.09
33.2501  0.09
33.2601  0.09
33.2701  0.05
33.2801  0.05
33.2901  0.07
33.3001  0.07
33.3101  0.06
33.3201  0.06
33.3301  0.07
33.3401  0.08
33.3501  0.05
33.3601  0.1
33.3701  0.04
33.3801  0.07
33.3901  0.04
33.4001  0.1
33.4101  0.06
33.4201  0.08
33.4301  0.07
33.4401  0.02
33.4501  0.04
33.4601  0.08
33.4701  0.09
33.4801  0.08
33.4901  0.09
33.5001  0.04
33.5101  0.05
33.5201  0.04
33.5301  0.05
33.5401  0.1
33.5501  0.07
33.5601  0.08
33.5701  0.04
33.5801  0.05
33.5901  0.08
33.6001  0.04
33.6101  0.1
33.6201  0.06
33.6301  0.06
33.6401  0.1
33.6501  0.12
33.6601  0.02
33.6701  0.05
33.6801  0.07
33.6901  0.04
33.7001  0.03
33.7101  0.07
33.7201  0.09
33.7301  0.05
33.7401  0.06
33.7501  0.09
33.7601  0.1
33.7701  0.06
33.7801  0.05
33.7901  0.04
33.8001  0.07
33.8101  0.06
33.8201  0.11
33.8301  0.08
33.8401  0.04
33.8501  0.07
33.8601  0.06
33.8701  0.07
33.8801  0.05
33.8901  0.06
33.9001  0.08
33.9101  0.08
33.9201  0.05
33.9301  0.07
33.9401  0.04
33.9501  0.09
33.9601  0.08
33.9701  0.1
33.9801  0.06
33.9901  0.02
34.0001  0.07
34.0101  0.08
34.0201  0.07
34.0301  0.05
34.0401  0.05
34.0501  0.05
34.0601  0.06
34.0701  0.01
34.0801  0.08
34.0901  0.12
34.1001  0.05
34.1101  0.09
34.1201  0.09
34.1301  0.09
34.1401  0.07
34.1501  0.03
34.1601  0.05
34.1701  0.03
34.1801  0.07
34.1901  0.13
34.2001  0.06
34.2101  0.04
34.2201  0.07
34.2301  0.07
34.2401  0.06
34.2501  0.05
34.2601  0.1
34.2701  0.09
34.2801  0.1
34.2901  0.04
34.3001  0.06
34.3101  0.06
34.3201  0.04
34.3301  0.04
34.3401  0.1
34.3501  0.11
34.3601  0.04
34.3701  0.05
34.3801  0.05
34.3901  0.04
34.4001  0.1
34.4101  0.07
34.4201  0.07
34.4301  0.13
34.4401  0.05
34.4501  0.06
34.4601  0.05
34.4701  0.03
34.4801  0.05
34.4901  0.04
34.5  0.05
34.51  0.05
34.52  0.08
34.53  0.09
34.54  0.03
34.55  0.03
34.56  0.1
34.57  0.06
34.58  0.08
34.59  0.05
34.6  0.1
34.61  0.08
34.62  0.06
34.63  0.09
34.64  0.05
34.65  0.05
34.66  0.16
34.67  0.05
34.68  0.04
34.69  0.07
34.7  0.05
34.71  0.03
34.72  0.08
34.73  0.1
34.74  0.08
34.75  0.09
34.76  0.04
34.77  0.08
34.78  0.05
34.79  0.05
34.8  0.06
34.81  0.05
34.82  0.07
34.83  0.07
34.84  0.07
34.85  0.1
34.86  0.08
34.87  0.02
34.88  0.04
34.89  0.04
34.9  0.09
34.91  0.08
34.92  0.07
34.93  0.1
34.94  0.04
34.95  0.01
34.96  0.03
34.97  0.08
34.98  0.1
34.99  0.1
35  0.04
35.01  0.07
35.02  0.13
35.03  0.05
35.04  0.06
35.05  0.07
35.06  0.06
35.07  0.03
35.08  0.13
35.09  0.05
35.1  0.05
35.11  0.06
35.12  0.05
35.13  0.04
35.14  0.07
35.15  0.07
35.16  0.1
35.17  0.02
35.18  0.08
35.19  0.05
35.2  0.1
35.21  0.09
35.22  0.07
35.23  0.08
35.24  0.05
35.25  0.06
35.26  0.07
35.27  0.06
35.28  0.06
35.29  0.04
35.3  0.09
35.31  0.09
35.32  0.07
35.33  0.08
35.34  0.05
35.35  0.07
35.36  0.02
35.37  0.12
35.38  0.08
35.39  0.04
35.4  0.08
35.41  0.05
35.42  0.04
35.43  0.04
35.44  0.07
35.45  0.05
35.46  0.06
35.47  0.06
35.48  0.12
35.49  0.02
35.5  0.02
35.51  0.1
35.52  0.07
35.53  0.05
35.54  0.06
35.55  0.07
35.56  0.1
35.57  0.07
35.58  0.11
35.59  0.09
35.6  0.06
35.61  0.09
35.62  0.09
35.63  0.08
35.64  0.07
35.65  0.04
35.66  0.03
35.67  0.08
35.68  0.03
35.69  0.02
35.7  0.05
35.71  0.03
35.72  0.15
35.73  0.06
35.74  0.05
35.75  0.04
35.76  0.09
35.77  0.07
35.78  0.1
35.79  0.06
35.8  0.04
35.81  0.1
35.82  0.07
35.83  0.05
35.84  0.05
35.85  0.09
35.86  0.09
35.87  0.03
35.88  0.04
35.89  0.07
35.9  0.08
35.91  0.04
35.92  0.06
35.93  0.06
35.94  0.07
35.95  0.09
35.96  0.07
35.97  0.07
35.98  0.06
35.99  0.03
36  0.07
36.01  0.04
36.02  0.04
36.03  0.07
36.04  0.09
36.05  0.09
36.06  0.1
36.07  0.05
36.08  0.13
36.09  0.08
36.1  0.07
36.11  0.09
36.12  0.09
36.13  0.07
36.14  0.04
36.15  0.02
36.16  0.03
36.17  0.04
36.18  0.05
36.19  0.07
36.2  0.08
36.21  0.06
36.22  0.07
36.23  0.06
36.24  0.07
36.25  0.06
36.26  0.07
36.27  0.04
36.28  0.11
36.29  0.07
36.3  0.07
36.31  0.07
36.32  0.07
36.33  0.03
36.34  0.03
36.35  0.14
36.36  0.08
36.37  0.02
36.38  0.06
36.39  0.07
36.4  0.04
36.41  0.1
36.42  0.04
36.43  0.07
36.44  0.09
36.45  0.06
36.46  0.06
36.47  0.06
36.48  0.09
36.49  0.05
36.5  0.07
36.51  0.08
36.52  0.1
36.53  0.11
36.54  0.06
36.55  0.07
36.56  0.06
36.57  0.03
36.58  0.05
36.59  0.03
36.6  0.07
36.61  0.09
36.62  0.07
36.63  0.06
36.64  0.05
36.65  0.05
36.66  0.05
36.67  0.09
36.68  0.07
36.69  0.08
36.7  0.06
36.71  0.05
36.72  0.08
36.73  0.07
36.74  0.05
36.75  0.06
36.76  0.08
36.77  0.09
36.78  0.07
36.79  0.07
36.8  0.07
36.81  0.06
36.82  0.07
36.83  0.06
36.84  0.05
36.85  0.06
36.86  0.08
36.87  0.07
36.88  0.07
36.89  0.06
36.9  0.04
36.91  0.06
36.92  0.05
36.93  0.08
36.94  0.06
36.95  0.05
36.96  0.05
36.97  0.08
36.98  0.07
36.99  0.09
37  0.06
37.01  0.11
37.02  0.07
37.03  0.08
37.04  0.06
37.05  0.09
37.06  0.02
37.07  0.09
37.08  0.04
37.09  0.07
37.1  0.03
37.11  0.11
37.12  0.05
37.13  0.07
37.14  0.1
37.15  0.05
37.16  0.06
37.17  0.06
37.18  0.03
37.19  0.11
37.2  0.08
37.21  0.05
37.22  0.08
37.23  0.04
37.24  0.05
37.25  0.05
37.26  0.05
37.27  0.07
37.28  0.06
37.29  0.05
37.3  0.05
37.31  0.13
37.32  0.08
37.33  0.03
37.34  0.02
37.35  0.09
37.36  0.07
37.37  0.09
37.38  0.11
37.39  0.07
37.4  0.05
37.41  0.05
37.42  0.09
37.43  0.05
37.44  0.07
37.45  0.07
37.46  0.09
37.47  0.08
37.48  0.08
37.49  0.04
37.5  0.1
37.51  0.08
37.52  0.08
37.53  0.07
37.54  0.03
37.55  0.04
37.56  0.03
37.57  0.06
37.58  0.05
37.59  0.04
37.6  0.05
37.61  0.13
37.62  0.07
37.63  0.03
37.64  0.09
37.65  0.05
37.66  0.09
37.67  0.02
37.68  0.08
37.69  0.06
37.7  0.05
37.71  0.07
37.72  0.1
37.73  0.09
37.74  0.05
37.75  0.06
37.76  0.07
37.77  0.04
37.78  0.08
37.79  0.07
37.8  0.06
37.81  0.08
37.82  0.11
37.83  0.04
37.84  0.06
37.85  0.07
37.86  0.06
37.87  0.04
37.88  0.06
37.89  0.08
37.9  0.07
37.91  0.08
37.92  0.04
37.93  0.09
37.94  0.05
37.95  0.04
37.96  0.06
37.97  0.13
37.98  0.06
37.99  0.09
38  0.12
38.01  0.04
38.02  0.07
38.03  0
38.04  0.07
38.05  0.09
38.06  0.03
38.07  0.06
38.08  0.06
38.09  0.05
38.1  0.08
38.11  0.05
38.12  0.09
38.13  0.05
38.14  0.07
38.15  0.04
38.16  0.09
38.17  0.07
38.18  0.07
38.19  0.09
38.2  0.03
38.21  0.08
38.22  0.06
38.23  0.05
38.24  0.1
38.25  0.07
38.26  0.04
38.27  0.07
38.28  0.05
38.29  0.09
38.3  0.03
38.31  0.07
38.32  0.06
38.33  0.09
38.34  0.08
38.35  0.1
38.36  0.08
38.37  0.08
38.38  0.03
38.39  0.1
38.4  0.04
38.41  0.01
38.42  0.1
38.43  0.05
38.44  0.09
38.45  0.03
38.46  0.03
38.47  0.07
38.48  0.08
38.49  0.12
38.5  0.05
38.51  0.06
38.52  0.08
38.53  0.07
38.54  0.04
38.55  0.06
38.56  0.09
38.57  0.07
38.58  0.07
38.59  0.06
38.6  0.07
38.61  0.07
38.62  0.07
38.63  0.07
38.64  0.07
38.65  0.07
38.66  0.03
38.67  0.05
38.68  0.07
38.69  0.06
38.7  0.05
38.71  0.05
38.72  0.08
38.73  0.09
38.74  0.06
38.75  0.06
38.76  0.07
38.77  0.08
38.78  0.08
38.79  0.05
38.8  0.05
38.81  0.08
38.82  0.09
38.83  0.05
38.84  0.05
38.85  0.04
38.86  0.08
38.87  0.06
38.88  0.08
38.89  0.08
38.9  0.05
38.91  0.08
38.92  0.08
38.93  0.06
38.94  0.09
38.95  0.06
38.96  0.11
38.97  0.05
38.98  0.08
38.99  0.09
39  0.02
39.01  0.07
39.02  0.04
39.03  0.07
39.04  0.04
39.05  0.07
39.06  0.06
39.07  0.03
39.08  0.07
39.09  0.07
39.1  0.03
39.11  0.04
39.12  0.06
39.13  0.12
39.14  0.08
39.15  0.04
39.16  0.08
39.17  0.06
39.18  0.09
39.19  0.08
39.2  0.06
39.21  0.08
39.22  0.07
39.23  0.1
39.24  0.04
39.25  0.07
39.26  0.03
39.27  0.09
39.28  0.09
39.29  0.08
39.3  0.06
39.31  0.08
39.32  0.02
39.33  0.07
39.34  0.01
39.35  0.06
39.36  0.09
39.37  0.07
39.38  0.06
39.39  0.11
39.4  0.03
39.41  0.06
39.42  0.07
39.43  0.1
39.44  0.01
39.45  0.12
39.46  0.05
39.47  0.09
39.48  0.11
39.49  0.04
39.5  0.03
39.51  0.07
39.52  0.05
39.53  0.04
39.54  0.06
39.55  0.05
39.56  0.1
39.57  0.07
39.58  0.05
39.59  0.06
39.6  0.06
39.61  0.05
39.62  0.13
39.63  0.05
39.64  0.07
39.65  0.1
39.66  0.08
39.67  0.05
39.68  0.09
39.69  0.03
39.7  0.06
39.71  0.08
39.72  0.08
39.73  0.05
39.74  0.1
39.75  0.06
39.76  0.04
39.77  0.06
39.78  0.03
39.79  0.09
39.8  0.11
39.81  0.04
39.82  0.09
39.83  0.08
39.84  0.02
39.85  0.06
39.86  0.04
39.87  0.08
39.88  0.07
39.89  0.09
39.9  0.1
39.91  0.05
39.92  0.02
39.93  0.06
39.94  0.07
39.95  0.09
39.96  0.06
39.97  0.06
39.98  0.07
39.99  0.09
40  0.07
40.01  0.05
40.02  0.06
40.03  0.06
40.04  0.08
40.05  0.05
40.06  0.06
40.07  0.08
40.08  0.03
40.09  0.04
40.1  0.06
40.11  0.06
40.12  0.04
40.13  0.06
40.14  0.11
40.15  0.1
40.16  0.05
40.17  0.08
40.18  0.08
40.19  0.1
40.2  0.06
40.21  0.02
40.22  0.04
40.23  0.06
40.24  0.09
40.25  0.1
40.26  0.06
40.27  0.13
40.28  0.06
40.29  0.07
40.3  0.07
40.31  0.05
40.32  0.03
40.33  0.09
40.34  0.05
40.35  0.05
40.36  0.02
40.37  0.09
40.38  0.04
40.39  0.05
40.4  0.07
40.41  0.07
40.42  0.04
40.43  0.12
40.44  0.1
40.45  0.07
40.46  0.06
40.47  0.07
40.48  0.07
40.49  0.09
40.5  0.06
40.51  0.11
40.52  0.02
40.53  0.05
40.54  0.04
40.55  0.03
40.56  0.06
40.57  0.08
40.58  0.04
40.59  0.04
40.6  0.07
40.61  0.11
40.62  0.05
40.63  0.01
40.64  0.04
40.65  0.14
40.66  0.06
40.67  0.12
40.68  0.08
40.69  0.07
40.7  0.04
40.71  0.09
40.72  0.08
40.73  0.05
40.74  0.1
40.75  0.07
40.76  0.05
40.77  0.04
40.78  0.08
40.79  0.09
40.8  0.06
40.81  0.05
40.82  0.07
40.83  0.06
40.84  0.1
40.85  0.08
40.86  0.06
40.87  0.06
40.88  0.03
40.89  0.05
40.9  0.04
40.91  0.07
40.92  0.09
40.93  0.02
40.94  0.09
40.95  0.04
40.96  0.05
40.97  0.08
40.98  0.06
40.99  0.06
41  0.09
41.01  0.06
41.02  0.09
41.03  0.06
41.04  0.04
41.05  0.06
41.06  0.04
41.07  0.05
41.08  0.07
41.09  0.1
41.1  0.04
41.11  0.12
41.12  0.11
41.13  0.08
41.14  0.05
41.15  0.05
41.16  0.09
41.17  0.04
41.18  0.06
41.19  0.11
41.2  0.09
41.21  0.08
41.22  0.05
41.23  0.06
41.24  0.08
41.25  0.08
41.26  0.04
41.27  0.04
41.28  0.05
41.29  0.06
41.3  0
41.31  0.05
41.32  0.05
41.33  0.06
41.34  0.08
41.35  0.09
41.36  0.08
41.37  0.06
41.38  0.11
41.39  0.09
41.4  0.06
41.41  0.1
41.42  0.04
41.43  0.09
41.44  0.06
41.45  0.09
41.46  0.06
41.47  0.03
41.48  0.04
41.49  0.06
41.5  0.05
41.51  0.07
41.52  0.05
41.53  0.06
41.54  0.07
41.55  0.1
41.56  0.04
41.57  0.15
41.58  0.08
41.59  0.04
41.6  0.03
41.61  0.06
41.62  0.06
41.63  0.07
41.64  0.04
41.65  0.04
41.66  0.09
41.67  0.08
41.68  0.03
41.69  0.07
41.7  0.06
41.71  0.08
41.72  0.09
41.73  0.07
41.74  0.08
41.75  0.13
41.76  0.09
41.77  0.05
41.78  0.06
41.79  0.04
41.8  0.09
41.81  0.07
41.82  0.05
41.83  0.03
41.84  0.03
41.85  0.08
41.86  0.07
41.87  0.05
41.88  0.05
41.89  0.06
41.9  0.08
41.91  0.06
41.92  0.08
41.93  0.05
41.94  0.08
41.95  0.11
41.96  0.05
41.97  0.06
41.98  0.02
41.99  0.1
42  0.03
42.01  0.08
42.02  0.07
42.03  0.05
42.04  0.06
42.05  0.12
42.06  0.05
42.07  0.08
42.08  0.05
42.09  0.06
42.1  0.06
42.11  0.1
42.12  0.06
42.13  0.08
42.14  0.06
42.15  0.07
42.16  0.04
42.17  0.11
42.18  0.03
42.19  0.04
42.2  0.06
42.21  0.09
42.22  0.1
42.23  0.1
42.24  0.01
42.25  0.06
42.26  0.07
42.27  0.08
42.28  0.04
42.29  0.11
42.3  0.03
42.31  0.05
42.32  0.07
42.33  0.07
42.34  0.07
42.35  0.04
42.36  0.08
42.37  0.05
42.38  0.06
42.39  0.08
42.4  0.07
42.41  0.07
42.42  0.07
42.43  0.08
42.44  0.09
42.45  0.05
42.46  0.05
42.47  0.07
42.48  0.05
42.49  0.07
42.5  0.08
42.51  0.06
42.52  0.06
42.53  0.06
42.54  0.01
42.55  0.08
42.56  0.05
42.57  0.07
42.58  0.05
42.59  0.08
42.6  0.07
42.61  0.09
42.62  0.11
42.63  0.08
42.64  0.05
42.65  0.15
42.66  0.05
42.67  0.07
42.68  0.07
42.69  0.05
42.7  0.06
42.71  0.06
42.72  0.06
42.73  0.07
42.74  0.02
42.75  0.07
42.76  0.05
42.77  0.04
42.78  0.07
42.79  0.11
42.8  0.06
42.81  0.04
42.82  0.05
42.83  0.06
42.84  0.12
42.85  0.05
42.86  0.04
42.87  0.04
42.88  0.09
42.89  0.06
42.9  0.1
42.91  0.07
42.92  0.04
42.93  0.02
42.94  0.03
42.95  0.09
42.96  0.08
42.97  0.11
42.98  0.12
42.99  0.08
43  0.04
43.01  0.04
43.02  0.08
43.03  0.08
43.04  0.05
43.05  0.04
43.06  0.11
43.07  0.08
43.08  0.06
43.09  0.06
43.1  0.09
43.11  0
43.12  0.07
43.13  0.05
43.14  0.05
43.15  0.05
43.16  0.11
43.17  0.07
43.18  0.07
43.19  0.05
43.2  0.1
43.21  0.01
43.22  0.09
43.23  0.06
43.24  0.08
43.25  0.07
43.26  0.07
43.27  0.04
43.28  0.04
43.29  0.07
43.3  0.09
43.31  0.12
43.32  0.06
43.33  0.07
43.34  0.08
43.35  0.1
43.36  0.03
43.37  0.03
43.38  0.06
43.39  0.02
43.4  0.06
43.41  0.1
43.42  0.07
43.43  0.06
43.44  0.09
43.45  0.07
43.46  0.08
43.47  0.07
43.48  0.05
43.49  0.08
43.5  0.06
43.51  0.1
43.52  0.07
43.53  0.03
43.54  0.07
43.55  0.03
43.56  0.05
43.57  0.06
43.58  0.01
43.59  0.07
43.6  0.07
43.61  0.1
43.62  0.08
43.63  0.1
43.64  0.08
43.65  0.06
43.66  0.1
43.67  0.08
43.68  0.05
43.69  0.08
43.7  0.1
43.71  0.05
43.72  0.08
43.73  0.03
43.74  0.09
43.75  0.07
43.76  0.04
43.77  0.04
43.78  0.07
43.79  0.08
43.8  0.03
43.81  0.04
43.82  0.05
43.83  0.05
43.84  0.08
43.85  0.09
43.86  0.06
43.87  0.05
43.88  0.07
43.89  0.02
43.9  0.13
43.91  0.03
43.92  0.04
43.93  0.05
43.94  0.04
43.95  0.07
43.96  0.09
43.97  0.11
43.98  0.13
43.99  0.06
44  0.07
44.01  0.06
44.02  0.11
44.03  0.06
44.04  0.1
44.05  0.05
44.06  0.05
44.07  0.05
44.08  0.05
44.09  0.08
44.1  0.05
44.11  0.06
44.12  0.02
44.13  0.09
44.14  0.08
44.15  0.02
44.16  0.06
44.17  0.04
44.18  0.11
44.19  0.04
44.2  0.09
44.21  0.08
44.22  0.07
44.23  0.06
44.24  0.07
44.25  0.07
44.26  0.08
44.27  0.06
44.28  0.09
44.29  0.07
44.3  0.06
44.31  0.03
44.32  0.04
44.33  0.09
44.34  0.06
44.35  0.04
44.36  0.05
44.37  0.06
44.38  0.09
44.39  0.04
44.4  0.09
44.41  0.1
44.42  0.07
44.43  0.09
44.44  0.08
44.45  0.07
44.46  0.06
44.47  0.05
44.48  0.03
44.49  0.05
44.5  0.03
44.51  0.09
44.52  0.07
44.53  0.05
44.54  0.05
44.55  0.06
44.56  0.12
44.57  0.07
44.58  0.09
44.59  0.1
44.6  0.06
44.61  0.06
44.62  0.11
44.63  0.07
44.64  0.1
44.65  0.04
44.66  0.06
44.67  0.02
44.68  0.04
44.69  0.06
44.7  0.02
44.71  0.06
44.72  0.06
44.73  0.11
44.74  0.09
44.75  0.08
44.76  0.06
44.77  0.04
44.78  0.05
44.79  0.05
44.8  0.05
44.81  0.08
44.82  0.07
44.83  0.06
44.84  0.06
44.85  0.07
44.86  0.09
44.87  0.08
44.88  0.07
44.89  0.04
44.9  0.07
44.91  0.05
44.92  0.05
44.93  0.1
44.94  0.07
44.95  0.07
44.96  0.08
44.97  0.08
44.98  0.05
44.99  0.06
45  0.02
45.01  0.09
45.02  0.07
45.03  0.04
45.04  0.1
45.05  0.1
45.06  0.04
45.07  0.12
45.08  0.03
45.09  0.04
45.1  0.09
45.11  0.05
45.12  0.07
45.13  0.08
45.14  0.07
45.15  0.06
45.16  0.06
45.17  0.07
45.18  0.08
45.19  0.04
45.2  0.07
45.21  0.06
45.22  0.07
45.23  0.05
45.24  0.04
45.25  0.09
45.26  0.06
45.27  0.08
45.28  0.09
45.29  0.09
45.3  0.08
45.31  0.1
45.32  0.03
45.33  0.08
45.34  0.06
45.35  0.04
45.36  0.06
45.37  0.04
45.38  0.05
45.39  0.06
45.4  0.02
45.41  0.06
45.42  0.05
45.43  0.04
45.44  0.07
45.45  0.06
45.46  0.09
45.47  0.08
45.48  0.07
45.49  0.04
45.5  0.09
45.51  0.11
45.52  0.1
45.53  0.13
45.54  0.07
45.55  0.05
45.56  0.05
45.57  0.06
45.58  0.08
45.59  0.04
45.6  0.07
45.61  0.04
45.62  0.08
45.63  0.03
45.64  0.07
45.65  0.1
45.66  0.07
45.67  0.04
45.68  0.07
45.69  0.06
45.7  0.09
45.71  0.04
45.72  0.09
45.73  0.06
45.74  0.05
45.75  0.08
45.76  0.08
45.77  0.06
45.78  0.04
45.79  0.04
45.8  0.03
45.81  0.05
45.82  0.08
45.83  0.05
45.84  0.08
45.85  0.07
45.86  0.04
45.87  0.08
45.88  0.1
45.89  0.09
45.9  0.1
45.91  0.07
45.92  0.08
45.93  0.05
45.94  0.08
45.95  0.08
45.96  0.06
45.97  0.05
45.98  0.06
45.99  0.04
46  0.05
46.01  0.08
46.02  0.08
46.03  0.05
46.04  0.15
46.05  0.04
46.06  0.06
46.07  0.05
46.08  0.05
46.09  0.07
46.1  0.05
46.11  0.05
46.12  0.08
46.13  0.12
46.14  0.04
46.15  0.04
46.16  0.07
46.17  0.08
46.18  0.04
46.19  0.04
46.2  0.02
46.21  0.12
46.22  0.09
46.23  0.06
46.24  0.12
46.25  0.03
46.26  0.04
46.27  0.09
46.28  0.06
46.29  0.07
46.3  0.08
46.31  0.02
46.32  0.08
46.33  0.08
46.34  0.07
46.35  0.04
46.36  0.06
46.37  0.09
46.38  0.05
46.39  0.05
46.4  0.05
46.41  0.11
46.42  0.04
46.43  0.08
46.44  0.05
46.45  0.06
46.46  0.08
46.47  0.09
46.48  0.06
46.49  0.1
46.5  0.03
46.51  0.06
46.52  0.04
46.53  0.08
46.54  0.09
46.55  0.04
46.56  0.08
46.57  0.08
46.58  0.07
46.59  0.08
46.6  0.05
46.61  0.07
46.62  0.04
46.63  0.07
46.64  0.08
46.65  0.08
46.66  0.1
46.67  0.06
46.68  0.05
46.69  0.06
46.7  0.05
46.71  0.08
46.72  0.06
46.73  0.03
46.74  0.08
46.75  0.04
46.76  0.04
46.77  0.06
46.78  0.06
46.79  0.07
46.8  0.09
46.81  0.08
46.82  0.06
46.83  0.02
46.84  0.05
46.85  0.12
46.86  0.09
46.87  0.04
46.88  0.09
46.89  0.13
46.9  0.08
46.91  0.07
46.92  0.04
46.93  0.04
46.94  0.03
46.95  0.06
46.96  0.06
46.97  0.08
46.98  0.05
46.99  0.09
47  0.06
47.01  0.11
47.02  0.06
47.03  0.09
47.04  0.05
47.05  0.08
47.06  0.07
47.07  0.07
47.08  0.06
47.09  0.08
47.1  0.11
47.11  0.06
47.12  0.02
47.13  0.05
47.14  0.06
47.15  0.04
47.16  0.04
47.17  0.06
47.18  0.06
47.19  0.06
47.2  0.06
47.21  0.11
47.22  0.08
47.23  0.04
47.24  0.07
47.25  0.09
47.26  0.12
47.27  0.02
47.28  0.05
47.29  0.07
47.3  0.06
47.31  0.06
47.32  0.03
47.33  0.09
47.34  0.07
47.35  0.05
47.36  0.05
47.37  0.1
47.38  0.01
47.39  0.07
47.4  0.07
47.41  0.07
47.42  0.06
47.43  0.08
47.44  0.12
47.45  0.07
47.46  0.04
47.47  0.04
47.48  0.07
47.49  0.08
47.5  0.06
47.51  0.08
47.52  0.08
47.53  0.1
47.54  0.06
47.55  0.09
47.56  0.06
47.57  0.09
47.58  0.05
47.59  0.02
47.6  0.09
47.61  0.09
47.62  0.07
47.63  0.07
47.64  0.05
47.65  0.05
47.66  0.07
47.67  0.03
47.68  0.05
47.69  0.06
47.7  0.04
47.71  0.07
47.72  0.07
47.73  0.03
47.74  0.06
47.75  0.07
47.76  0.05
47.77  0.11
47.78  0.06
47.79  0.09
47.8  0.06
47.81  0.07
47.82  0.04
47.83  0.07
47.84  0.06
47.85  0.11
47.86  0.07
47.87  0.06
47.88  0.08
47.89  0.1
47.9  0.06
47.91  0.07
47.92  0.07
47.93  0.06
47.94  0.03
47.95  0.05
47.96  0.09
47.97  0.03
47.98  0.07
47.99  0.08
48  0.06
48.01  0.07
48.02  0.06
48.03  0.06
48.04  0.05
48.05  0.09
48.06  0.08
48.07  0.07
48.08  0.05
48.09  0.06
48.1  0.04
48.11  0.04
48.12  0.13
48.13  0.09
48.14  0.08
48.15  0.01
48.16  0.06
48.17  0.09
48.18  0.06
48.19  0.08
48.2  0.04
48.21  0.08
48.22  0.02
48.23  0.12
48.24  0.07
48.25  0.09
48.26  0.05
48.27  0.05
48.28  0.06
48.29  0.07
48.3  0.07
48.31  0.07
48.32  0.04
48.33  0.08
48.34  0.08
48.35  0.07
48.36  0.04
48.37  0.06
48.38  0.03
48.39  0.04
48.4  0.06
48.41  0.1
48.42  0.07
48.43  0.1
48.44  0.05
48.45  0.05
48.46  0.05
48.47  0.05
48.48  0.06
48.49  0.08
48.5  0.09
48.51  0.11
48.52  0.13
48.53  0.09
48.54  0.02
48.55  0.07
48.56  0.1
48.57  0.07
48.58  0.08
48.59  0.05
48.6  0.01
48.61  0.07
48.62  0.07
48.63  0.08
48.64  0.08
48.65  0.05
48.66  0.04
48.67  0.07
48.68  0.06
48.69  0.03
48.7  0.06
48.71  0.06
48.72  0.07
48.73  0.1
48.74  0.03
48.75  0.07
48.76  0.11
48.77  0.09
48.78  0.06
48.79  0.05
48.8  0.02
48.81  0.06
48.82  0.04
48.83  0.09
48.84  0.07
48.85  0.06
48.86  0.04
48.87  0.07
48.88  0.08
48.89  0.1
48.9  0.09
48.91  0.05
48.92  0.06
48.93  0.08
48.94  0.05
48.95  0.08
48.96  0.06
48.97  0.07
48.98  0.08
48.99  0.06
49  0.05
49.01  0.17
49.02  0.04
49.03  0.06
49.04  0.07
49.05  0.03
49.06  0.02
49.07  0.05
49.08  0.08
49.09  0.09
49.1  0.02
49.11  0.08
49.12  0.04
49.13  0.04
49.14  0.07
49.15  0.13
49.16  0.06
49.17  0.05
49.18  0.03
49.19  0.12
49.2  0.06
49.21  0.11
49.22  0.05
49.23  0.08
49.24  0.1
49.25  0.04
49.26  0.02
49.27  0.08
49.28  0.06
49.29  0.07
49.3  0.05
49.31  0.06
49.32  0.05
49.33  0.04
49.34  0.04
49.35  0.12
49.36  0.06
49.37  0.11
49.38  0.05
49.39  0.09
49.4  0.08
49.41  0.1
49.42  0.03
49.43  0.06
49.44  0.07
49.45  0.05
49.46  0.04
49.47  0.05
49.48  0.05
49.49  0.09
49.5  0.08
49.51  0.09
49.52  0.07
49.53  0.05
49.54  0.06
49.55  0.07
49.56  0.06
49.57  0.1
49.58  0.06
49.59  0.06
49.6  0.1
49.61  0.07
49.62  0.07
49.63  0.02
49.64  0.07
49.65  0.02
49.66  0.03
49.67  0.09
49.68  0.07
49.69  0.05
49.7  0.09
49.71  0.07
49.72  0.03
49.73  0.09
49.74  0.05
49.75  0.09
49.76  0.05
49.77  0.08
49.78  0.08
49.79  0.06
49.8  0.05
49.81  0.08
49.82  0.08
49.83  0.08
49.84  0.08
49.85  0.01
49.86  0.04
49.87  0.11
49.88  0.08
49.89  0.06
49.9  0.06
49.91  0.09
49.92  0.04
49.93  0.06
49.94  0.05
49.95  0.07
49.96  0.06
49.97  0.09
49.98  0.09
49.99  0.05
50  0.04
50.01  0.13
50.02  0.08
50.03  0.06
50.04  0.09
50.05  0.06
50.06  0.04
50.07  0.06
50.08  0.07
50.09  0.04
50.1  0.09
50.11  0.01
50.12  0.06
50.13  0.09
50.14  0.06
50.15  0.06
50.16  0.07
50.17  0.04
50.18  0.07
50.19  0.06
50.2  0.06
50.21  0.07
50.22  0.1
50.23  0.04
50.24  0.09
50.25  0.07
50.26  0.09
50.27  0.11
50.28  0.05
50.29  0.05
50.3  0.08
50.31  0.1
50.32  0.04
50.33  0.04
50.34  0.04
50.35  0.04
50.36  0.07
50.37  0.05
50.38  0.08
50.39  0.05
50.4  0.07
50.41  0.04
50.42  0.04
50.43  0.08
50.44  0.08
50.45  0.1
50.46  0.05
50.47  0.06
50.48  0.08
50.49  0.04
50.5  0.06
50.51  0.16
50.52  0.04
50.53  0.07
50.54  0.04
50.55  0.15
50.56  0.1
50.57  0.02
50.58  0.1
50.59  0.05
50.6  0.06
50.61  0.05
50.62  0.06
50.63  0.07
50.64  0.04
50.65  0.08
50.66  0.06
50.67  0.07
50.68  0.02
50.69  0.08
50.7  0.05
50.71  0.06
50.72  0.08
50.73  0.03
50.74  0.06
50.75  0.05
50.76  0.06
50.77  0.06
50.78  0.03
50.79  0.09
50.8  0.07
50.81  0.1
50.82  0.06
50.83  0.06
50.84  0.08
50.85  0.07
50.86  0.06
50.87  0.11
50.88  0.08
50.89  0.08
50.9  0.07
50.91  0.06
50.92  0.09
50.93  0.07
50.94  0.09
50.95  0.04
50.96  0.07
50.97  0.08
50.98  0.02
50.99  0.03
51  0.08
51.01  0.07
51.02  0.08
51.03  0.05
51.04  0.08
51.05  0.05
51.06  0.03
51.07  0.03
51.08  0.07
51.09  0.09
51.1  0.05
51.11  0.06
51.12  0.11
51.13  0.09
51.14  0.09
51.15  0.07
51.16  0.04
51.17  0.08
51.18  0.01
51.19  0.06
51.2  0.07
51.21  0.12
51.22  0.07
51.23  0.05
51.24  0.04
51.25  0.07
51.26  0.05
51.27  0.03
51.28  0.06
51.29  0.08
51.3  0.11
51.31  0.05
51.32  0.1
51.33  0.06
51.34  0.04
51.35  0.08
51.36  0.05
51.37  0.06
51.38  0.06
51.39  0.06
51.4  0.02
51.41  0.13
51.42  0.06
51.43  0.12
51.44  0.05
51.45  0.08
51.46  0.05
51.47  0.05
51.48  0.04
51.49  0.07
51.5  0.07
51.51  0.1
51.52  0.05
51.53  0.09
51.54  0.07
51.55  0.09
51.56  0.07
51.57  0.09
51.58  0.05
51.59  0.06
51.6  0.04
51.61  0.06
51.62  0.08
51.63  0.02
51.64  0.07
51.65  0.06
51.66  0.04
51.67  0.04
51.68  0.07
51.69  0.08
51.7  0.15
51.71  0.05
51.72  0.05
51.73  0.09
51.74  0.05
51.75  0.04
51.76  0.08
51.77  0.07
51.78  0.06
51.79  0.07
51.8  0.06
51.81  0.07
51.82  0.07
51.83  0.06
51.84  0.07
51.85  0.08
51.86  0.02
51.87  0.05
51.88  0.03
51.89  0.14
51.9  0.08
51.91  0.05
51.92  0.06
51.93  0.06
51.94  0.08
51.95  0.09
51.96  0.09
51.97  0.06
51.98  0.03
51.99  0.05
52  0.1
52.01  0.07
52.02  0.06
52.03  0.07
52.04  0.09
52.05  0.07
52.06  0.1
52.07  0.02
52.08  0.04
52.09  0.05
52.1  0.08
52.11  0.06
52.12  0.06
52.13  0.08
52.14  0.03
52.15  0.08
52.16  0.08
52.17  0.05
52.18  0.07
52.19  0.07
52.2  0.08
52.21  0.09
52.22  0.06
52.23  0.08
52.24  0.05
52.25  0.07
52.26  0.1
52.27  0.08
52.28  0.04
52.29  0.04
52.3  0.07
52.31  0.06
52.32  0.08
52.33  0.02
52.34  0.03
52.35  0.02
52.36  0.1
52.37  0.08
52.38  0.05
52.39  0.1
52.4  0.08
52.41  0.03
52.42  0.07
52.43  0.07
52.44  0.08
52.45  0.05
52.46  0.08
52.47  0.09
52.48  0.07
52.49  0.04
52.5  0.12
52.51  0.03
52.52  0.12
52.53  0.07
52.54  0.08
52.55  0.08
52.56  0.06
52.57  0.09
52.58  0.06
52.59  0.04
52.6  0.05
52.61  0.11
52.62  0.03
52.63  0.04
52.64  0.01
52.65  0.07
52.66  0.07
52.67  0.05
52.68  0.06
52.69  0.04
52.7  0.06
52.71  0.09
52.72  0.05
52.73  0.07
52.74  0.08
52.75  0.12
52.76  0.06
52.77  0.09
52.78  0.07
52.79  0.07
52.8  0.03
52.81  0.04
52.82  0.09
52.83  0.05
52.84  0.06
52.85  0.05
52.86  0.04
52.87  0.07
52.88  0.09
52.89  0.07
52.9  0.08
52.91  0.06
52.92  0.05
52.93  0.06
52.94  0.12
52.95  0.11
52.96  0.03
52.97  0.05
52.98  0.07
52.99  0.04
53  0.09
53.01  0.07
53.02  0.04
53.03  0.11
53.04  0.07
53.05  0.05
53.06  0.1
53.07  0.06
53.08  0.06
53.09  0.03
53.1  0.06
53.11  0.09
53.12  0.05
53.13  0.04
53.14  0.05
53.15  0.05
53.16  0.09
53.17  0.06
53.18  0.04
53.19  0.07
53.2  0.07
53.21  0.05
53.22  0.08
53.23  0.09
53.24  0.07
53.25  0.07
53.26  0.08
53.27  0.03
53.28  0.14
53.29  0.07
53.3  0.08
53.31  0.05
53.32  0.1
53.33  0.06
53.34  0.04
53.35  0.05
53.36  0.03
53.37  0.11
53.38  0.03
53.39  0.07
53.4  0.07
53.41  0.04
53.42  0.05
53.43  0.06
53.44  0.06
53.45  0.04
53.46  0.09
53.47  0.08
53.48  0.09
53.49  0.02
53.5  0.05
53.51  0.08
53.52  0.08
53.53  0.06
53.54  0.12
53.55  0.05
53.56  0.06
53.57  0.08
53.58  0.11
53.59  0.1
53.6  0.06
53.61  0.1
53.62  0.06
53.63  0.08
53.64  0.04
53.65  0.06
53.66  0.03
53.67  0.06
53.68  0.08
53.69  0.12
53.7  0.02
53.71  0.07
53.72  0.06
53.73  0.02
53.74  0.07
53.75  0.07
53.76  0.04
53.77  0.06
53.78  0.02
53.79  0.1
53.8  0.06
53.81  0.05
53.82  0.08
53.83  0.09
53.84  0.13
53.85  0.06
53.86  0.07
53.87  0.02
53.88  0.04
53.89  0.02
53.9  0.03
53.91  0.09
53.92  0.11
53.93  0.08
53.94  0.06
53.95  0.11
53.96  0.08
53.97  0.07
53.98  0.02
53.99  0.04
54  0.04
54.01  0.09
54.02  0.08
54.03  0.1
54.04  0.08
54.05  0.08
54.06  0.07
54.07  0.03
54.08  0.09
54.09  0.08
54.1  0.02
54.11  0.06
54.12  0.06
54.13  0.05
54.14  0.06
54.15  0.1
54.16  0.07
54.17  0.08
54.18  0.04
54.19  0.05
54.2  0.08
54.21  0.07
54.22  0.06
54.23  0.07
54.24  0.05
54.25  0.13
54.26  0.06
54.27  0.07
54.28  0.08
54.29  0.04
54.3  0.08
54.31  0.03
54.32  0.06
54.33  0.05
54.34  0.07
54.35  0.06
54.36  0.07
54.37  0.01
54.38  0.07
54.39  0.05
54.4  0.08
54.41  0.04
54.42  0.12
54.43  0.08
54.44  0.11
54.45  0.04
54.46  0.09
54.47  0.1
54.48  0.06
54.49  0.02
54.5  0.03
54.51  0.06
54.52  0.02
54.53  0.07
54.54  0.09
54.55  0.06
54.56  0.06
54.57  0.1
54.58  0.06
54.59  0.07
54.6  0.09
54.61  0.08
54.62  0.11
54.63  0.08
54.64  0.08
54.65  0.02
54.66  0.06
54.67  0.08
54.68  0.12
54.69  0.07
54.7  0.07
54.71  0.04
54.72  0.05
54.73  0.05
54.74  0.03
54.75  0.03
54.76  0.05
54.77  0.05
54.78  0.07
54.79  0.08
54.8  0.07
54.81  0.07
54.82  0.04
54.83  0.08
54.84  0.05
54.85  0.09
54.86  0.06
54.87  0.07
54.88  0.1
54.89  0.05
54.9  0.13
54.91  0.07
54.92  0.06
54.93  0.04
54.94  0.03
54.95  0.06
54.96  0.04
54.97  0.1
54.98  0.1
54.99  0.06
55  0.09
55.01  0.09
55.02  0.03
55.03  0.05
55.04  0.05
55.05  0.01
55.06  0.08
55.07  0.1
55.08  0.04
55.09  0.05
55.1  0.05
55.11  0.1
55.12  0.13
55.13  0.12
55.14  0.01
55.15  0.06
55.16  0.1
55.17  0.04
55.18  0.05
55.19  0.05
55.2  0.02
55.21  0.04
55.22  0.12
55.23  0.09
55.24  0.08
55.25  0.08
55.26  0.05
55.27  0.05
55.28  0.03
55.29  0.05
55.3  0.12
55.31  0.05
55.32  0.1
55.33  0.06
55.34  0.07
55.35  0.08
55.36  0.06
55.37  0.03
55.38  0.04
55.39  0.05
55.4  0.05
55.41  0.1
55.42  0.11
55.43  0.07
55.44  0.06
55.45  0.05
55.46  0.03
55.47  0.06
55.48  0.06
55.49  0.08
55.5  0.05
55.51  0.05
55.52  0.08
55.53  0.05
55.54  0.13
55.55  0.06
55.56  0.06
55.57  0.03
55.58  0.07
55.59  0.11
55.6  0.09
55.61  0.04
55.62  0.02
55.63  0.1
55.64  0.1
55.65  0.08
55.66  0.08
55.67  0.09
55.68  0.1
55.69  0.06
55.7  0.04
55.71  0.08
55.72  0.02
55.73  0.07
55.74  0.07
55.75  0.07
55.76  0.03
55.77  0.06
55.78  0.03
55.79  0.03
55.8  0.08
55.81  0.06
55.82  0.08
55.83  0.13
55.84  0.04
55.85  0.04
55.86  0.08
55.87  0.07
55.88  0.02
55.89  0.1
55.9  0.08
55.91  0.06
55.92  0.03
55.93  0.06
55.94  0.01
55.95  0.09
55.96  0.07
55.97  0.08
55.98  0.05
55.99  0.08
56  0.14
56.01  0.08
56.02  0.11
56.03  0.02
56.04  0.04
56.05  0.08
56.06  0.07
56.07  0.05
56.08  0.1
56.09  0.04
56.1  0.07
56.11  0.11
56.12  0.01
56.13  0.08
56.14  0.06
56.15  0.08
56.16  0.09
56.17  0.07
56.18  0.05
56.19  0.09
56.2  0.04
56.21  0.04
56.22  0.07
56.23  0.07
56.24  0.03
56.25  0.1
56.26  0.05
56.27  0.04
56.28  0.05
56.29  0.13
56.3  0.08
56.31  0.05
56.32  0.03
56.33  0.1
56.34  0.09
56.35  0.05
56.36  0.09
56.37  0.08
56.38  0.03
56.39  0.08
56.4  0.06
56.41  0.03
56.42  0.08
56.43  0.09
56.44  0.08
56.45  0.07
56.46  0.03
56.47  0.08
56.48  0.12
56.49  0.07
56.5  0.03
56.51  0.05
56.52  0.02
56.53  0.06
56.54  0.04
56.55  0.04
56.56  0.11
56.57  0.06
56.58  0.04
56.59  0.05
56.6  0.07
56.61  0.03
56.62  0.11
56.63  0.09
56.64  0.09
56.65  0.07
56.66  0.09
56.67  0.15
56.68  0.07
56.69  0.05
56.7  0.08
56.71  0.05
56.72  0.06
56.73  0.03
56.74  0.04
56.75  0.05
56.76  0.05
56.77  0.09
56.78  0.12
56.79  0.06
56.8  0.05
56.81  0.05
56.82  0.05
56.83  0.04
56.84  0.07
56.85  0.08
56.86  0.06
56.87  0.09
56.88  0.06
56.89  0.03
56.9  0.07
56.91  0.03
56.92  0.08
56.93  0.08
56.94  0.06
56.95  0.1
56.96  0.05
56.97  0.06
56.98  0.04
56.99  0.05
57  0.03
57.01  0.09
57.02  0.09
57.03  0.09
57.04  0.09
57.05  0.05
57.06  0.03
57.07  0.14
57.08  0.05
57.09  0.05
57.1  0.14
57.11  0.04
57.12  0.04
57.13  0.07
57.14  0.05
57.15  0.02
57.16  0.08
57.17  0.07
57.18  0.1
57.19  0.07
57.2  0.06
57.21  0.07
57.22  0.05
57.23  0.03
57.24  0.08
57.25  0.07
57.26  0.1
57.27  0.05
57.28  0.03
57.29  0.08
57.3  0.1
57.31  0.06
57.32  0.04
57.33  0.09
57.34  0.07
57.35  0.06
57.36  0.12
57.37  0.02
57.38  0.06
57.39  0.08
57.4  0.05
57.41  0.08
57.42  0.13
57.43  0.07
57.44  0.01
57.45  0.03
57.46  0.06
57.47  0.08
57.48  0.09
57.49  0.04
57.5  0.06
57.51  0.02
57.52  0.09
57.53  0.07
57.54  0.08
57.55  0.09
57.56  0.07
57.57  0.02
57.58  0.05
57.59  0.05
57.6  0.09
57.61  0.04
57.62  0.04
57.63  0.04
57.64  0.07
57.65  0.11
57.66  0.09
57.67  0.1
57.68  0.08
57.69  0.07
57.7  0.05
57.71  0.12
57.72  0.05
57.73  0.09
57.74  0.1
57.75  0.1
57.76  0.07
57.77  0.02
57.78  0.05
57.79  0.04
57.8  0.07
57.81  0.04
57.82  0.07
57.83  0.02
57.84  0.06
57.85  0.07
57.86  0.01
57.87  0.09
57.88  0.09
57.89  0.06
57.9  0.08
57.91  0.04
57.92  0.06
57.93  0.07
57.94  0.11
57.95  0.03
57.96  0.08
57.97  0.05
57.98  0.04
57.99  0.12
58  0.08
58.01  0.05
58.02  0.08
58.03  0.05
58.04  0.02
58.05  0.06
58.06  0.1
58.07  0.05
58.08  0.07
58.09  0.1
58.1  0.04
58.11  0.13
58.12  0.07
58.13  0.11
58.14  0.08
58.15  0.08
58.16  0.03
58.17  0.06
58.18  0.05
58.19  0.09
58.2  0.03
58.21  0.06
58.22  0.06
58.23  0.05
58.24  0.09
58.25  0.04
58.26  0.08
58.27  0.05
58.28  0.04
58.29  0.03
58.3  0.06
58.31  0.07
58.32  0.1
58.33  0.05
58.34  0.07
58.35  0.08
58.36  0.09
58.37  0.06
58.38  0.09
58.39  0.07
58.4  0.08
58.41  0.03
58.42  0.07
58.43  0.1
58.44  0.07
58.45  0.09
58.46  0.06
58.47  0.06
58.48  0.05
58.49  0.06
58.5  0.03
58.51  0.05
58.52  0.08
58.53  0.05
58.54  0.03
58.55  0.09
58.56  0.03
58.57  0.07
58.58  0.06
58.59  0.07
58.6  0.07
58.61  0.06
58.62  0.07
58.63  0.07
58.64  0.06
58.65  0.1
58.66  0.07
58.67  0.08
58.68  0.07
58.69  0.09
58.7  0.09
58.71  0.06
58.72  0.06
58.73  0.07
58.74  0.07
58.75  0.03
58.76  0.04
58.77  0.04
58.78  0.09
58.79  0.05
58.8  0.05
58.81  0.07
58.82  0.09
58.83  0.12
58.84  0.07
58.85  0.09
58.86  0.05
58.87  0.04
58.88  0.1
58.89  0.09
58.9  0.02
58.91  0.03
58.92  0.07
58.93  0.06
58.94  0.07
58.95  0.17
58.96  0.07
58.97  0.08
58.98  0
58.99  0.05
59  0.04
59.01  0.05
59.02  0.05
59.03  0.06
59.04  0.04
59.05  0.09
59.06  0.04
59.07  0.01
59.08  0.09
59.09  0.08
59.1  0.07
59.11  0.12
59.12  0.06
59.13  0.06
59.14  0.06
59.15  0.1
59.16  0.04
59.17  0.09
59.18  0.02
59.19  0.08
59.2  0.09
59.21  0.07
59.22  0.09
59.23  0.03
59.24  0.08
59.25  0.07
59.26  0.09
59.27  0.08
59.28  0.05
59.29  0.08
59.3  0.09
59.31  0.06
59.32  0.07
59.33  0.07
59.34  0.06
59.35  0.08
59.36  0.03
59.37  0.06
59.38  0.05
59.39  0.04
59.4  0.07
59.41  0.02
59.42  0.05
59.43  0.09
59.44  0.07
59.45  0.1
59.46  0.04
59.47  0.05
59.48  0.01
59.49  0.12
59.5  0.13
59.51  0.06
59.52  0.07
59.53  0.06
59.54  0.09
59.55  0.03
59.56  0.07
59.57  0.08
59.58  0.08
59.59  0.03
59.6  0.07
59.61  0.06
59.62  0.04
59.63  0.05
59.64  0.06
59.65  0.03
59.66  0.08
59.67  0.06
59.68  0.08
59.69  0.04
59.7  0.08
59.71  0.05
59.72  0.09
59.73  0.1
59.74  0.1
59.75  0.05
59.76  0.08
59.77  0.09
59.78  0.05
59.79  0.1
59.8  0.05
59.81  0.1
59.82  0.05
59.83  0.1
59.84  0.01
59.85  0.06
59.86  0.07
59.87  0.09
59.88  0.06
59.89  0.1
59.9  0.06
59.91  0.06
59.92  0.03
59.93  0.06
59.94  0.03
59.95  0.08
59.96  0.08
59.97  0.05
59.98  0.1
59.99  0.04
