-15  0
-14.99  0
-14.98  0.01
-14.97  0.01
-14.96  0.01
-14.95  0.01
-14.94  0.02
-14.93  0.02
-14.92  0.03
-14.91  0.03
-14.9  0.03
-14.89  0.04
-14.88  0.03
-14.87  0.04
-14.86  0.06
-14.85  0.05
-14.84  0.06
-14.83  0.05
-14.82  0.06
-14.81  0.08
-14.8  0.08
-14.79  0.08
-14.78  0.08
-14.77  0.09
-14.76  0.1
-14.75  0.11
-14.74  0.11
-14.73  0.13
-14.72  0.13
-14.71  0.13
-14.7  0.14
-14.69  0.17
-14.68  0.16
-14.67  0.19
-14.66  0.19
-14.65  0.21
-14.64  0.22
-14.63  0.24
-14.62  0.26
-14.61  0.29
-14.6  0.3
-14.59  0.33
-14.58  0.35
-14.57  0.45
-14.56  0.43
-14.55  0.49
-14.54  0.52
-14.53  0.62
-14.52  0.67
-14.51  0.77
-14.5  0.86
-14.49  1.01
-14.48  1.13
-14.47  1.34
-14.46  1.58
-14.45  1.85
-14.44  2.21
-14.43  2.64
-14.42  3.21
-14.41  3.87
-14.4  4.59
-14.39  5.33
-14.38  5.86
-14.37  6.06
-14.36  5.87
-14.35  5.32
-14.34  4.61
-14.33  3.86
-14.32  3.23
-14.31  2.66
-14.3  2.23
-14.29  1.87
-14.28  1.59
-14.27  1.34
-14.26  1.19
-14.25  1.02
-14.24  0.89
-14.23  0.79
-14.22  0.71
-14.21  0.63
-14.2  0.59
-14.19  0.52
-14.18  0.49
-14.17  0.46
-14.16  0.4
-14.15  0.39
-14.14  0.36
-14.13  0.33
-14.12  0.32
-14.11  0.3
-14.1  0.26
-14.09  0.3
-14.08  0.25
-14.07  0.25
-14.06  0.24
-14.05  0.24
-14.04  0.22
-14.03  0.2
-14.02  0.21
-14.01  0.21
-14  0.2
-13.99  0.22
-13.98  0.18
-13.97  0.18
-13.96  0.18
-13.95  0.2
-13.94  0.17
-13.93  0.19
-13.92  0.18
-13.91  0.17
-13.9  0.18
-13.89  0.18
-13.88  0.16
-13.87  0.18
-13.86  0.17
-13.85  0.17
-13.84  0.18
-13.83  0.2
-13.82  0.18
-13.81  0.16
-13.8  0.19
-13.79  0.17
-13.78  0.17
-13.77  0.19
-13.76  0.22
-13.75  0.17
-13.74  0.18
-13.73  0.18
-13.72  0.2
-13.71  0.22
-13.7  0.22
-13.69  0.23
-13.68  0.19
-13.67  0.22
-13.66  0.23
-13.65  0.2
-13.64  0.22
-13.63  0.25
-13.62  0.22
-13.61  0.28
-13.6  0.27
-13.59  0.24
-13.58  0.28
-13.57  0.28
-13.56  0.27
-13.55  0.28
-13.54  0.31
-13.53  0.31
-13.52  0.33
-13.51  0.34
-13.5  0.34
-13.49  0.36
-13.48  0.36
-13.47  0.37
-13.46  0.4
-13.45  0.44
-13.44  0.43
-13.43  0.45
-13.42  0.48
-13.41  0.49
-13.4  0.5
-13.39  0.53
-13.38  0.57
-13.37  0.59
-13.36  0.63
-13.35  0.67
-13.34  0.67
-13.33  0.72
-13.32  0.76
-13.31  0.85
-13.3  0.87
-13.29  0.88
-13.28  0.95
-13.27  1.04
-13.26  1.09
-13.25  1.14
-13.24  1.21
-13.23  1.26
-13.22  1.39
-13.21  1.44
-13.2  1.55
-13.19  1.61
-13.18  1.7
-13.17  1.83
-13.16  1.83
-13.15  1.9
-13.14  2.03
-13.13  2.02
-13.12  2.1
-13.11  2.11
-13.1  2.08
-13.09  2.12
-13.08  2.11
-13.07  2.02
-13.06  2
-13.05  1.95
-13.04  1.83
-13.03  1.82
-13.02  1.72
-13.01  1.6
-13  1.55
-12.99  1.46
-12.98  1.38
-12.97  1.3
-12.96  1.25
-12.95  1.16
-12.94  1.09
-12.93  1.07
-12.92  1
-12.91  0.93
-12.9  0.91
-12.89  0.85
-12.88  0.82
-12.87  0.74
-12.86  0.72
-12.85  0.71
-12.84  0.67
-12.83  0.67
-12.82  0.62
-12.81  0.61
-12.8  0.57
-12.79  0.54
-12.78  0.52
-12.77  0.54
-12.76  0.49
-12.75  0.48
-12.74  0.52
-12.73  0.46
-12.72  0.46
-12.71  0.44
-12.7  0.43
-12.69  0.42
-12.68  0.41
-12.67  0.4
-12.66  0.39
-12.65  0.4
-12.64  0.38
-12.63  0.41
-12.62  0.38
-12.61  0.38
-12.6  0.38
-12.59  0.35
-12.58  0.39
-12.57  0.38
-12.56  0.36
-12.55  0.35
-12.54  0.37
-12.53  0.34
-12.52  0.38
-12.51  0.35
-12.5  0.36
-12.49  0.36
-12.48  0.37
-12.47  0.39
-12.46  0.34
-12.45  0.37
-12.44  0.4
-12.43  0.39
-12.42  0.37
-12.41  0.38
-12.4  0.4
-12.39  0.38
-12.38  0.37
-12.37  0.41
-12.36  0.4
-12.35  0.4
-12.34  0.43
-12.33  0.45
-12.32  0.45
-12.31  0.41
-12.3  0.42
-12.29  0.48
-12.28  0.46
-12.27  0.49
-12.26  0.51
-12.25  0.48
-12.24  0.5
-12.23  0.52
-12.22  0.53
-12.21  0.55
-12.2  0.54
-12.19  0.58
-12.18  0.6
-12.17  0.59
-12.16  0.62
-12.15  0.65
-12.14  0.66
-12.13  0.68
-12.12  0.69
-12.11  0.71
-12.1  0.75
-12.09  0.79
-12.08  0.77
-12.07  0.79
-12.06  0.84
-12.05  0.88
-12.04  0.89
-12.03  0.9
-12.02  0.97
-12.01  0.97
-12  0.99
-11.99  1.07
-11.98  1.04
-11.97  1.08
-11.96  1.13
-11.95  1.19
-11.94  1.23
-11.93  1.2
-11.92  1.25
-11.91  1.23
-11.9  1.26
-11.89  1.32
-11.88  1.34
-11.87  1.33
-11.86  1.37
-11.85  1.36
-11.84  1.37
-11.83  1.37
-11.82  1.39
-11.81  1.38
-11.8  1.34
-11.79  1.35
-11.78  1.34
-11.77  1.3
-11.76  1.3
-11.75  1.27
-11.74  1.26
-11.73  1.21
-11.72  1.2
-11.71  1.2
-11.7  1.16
-11.69  1.09
-11.68  1.09
-11.67  1.06
-11.66  1.03
-11.65  1
-11.64  0.97
-11.63  0.97
-11.62  0.9
-11.61  0.91
-11.6  0.89
-11.59  0.85
-11.58  0.83
-11.57  0.78
-11.56  0.8
-11.55  0.75
-11.54  0.79
-11.53  0.71
-11.52  0.69
-11.51  0.68
-11.5  0.7
-11.49  0.65
-11.48  0.67
-11.47  0.64
-11.46  0.64
-11.45  0.6
-11.44  0.62
-11.43  0.58
-11.42  0.58
-11.41  0.56
-11.4  0.61
-11.39  0.55
-11.38  0.58
-11.37  0.5
-11.36  0.55
-11.35  0.53
-11.34  0.52
-11.33  0.55
-11.32  0.51
-11.31  0.53
-11.3  0.48
-11.29  0.51
-11.28  0.52
-11.27  0.55
-11.26  0.49
-11.25  0.51
-11.24  0.52
-11.23  0.48
-11.22  0.49
-11.21  0.52
-11.2  0.48
-11.19  0.51
-11.18  0.51
-11.17  0.5
-11.16  0.51
-11.15  0.52
-11.14  0.51
-11.13  0.54
-11.12  0.52
-11.11  0.51
-11.1  0.52
-11.09  0.55
-11.08  0.55
-11.07  0.55
-11.06  0.55
-11.05  0.57
-11.04  0.55
-11.03  0.55
-11.02  0.59
-11.01  0.55
-11  0.59
-10.99  0.6
-10.98  0.6
-10.97  0.64
-10.96  0.61
-10.95  0.65
-10.94  0.67
-10.93  0.64
-10.92  0.65
-10.91  0.68
-10.9  0.71
-10.89  0.68
-10.88  0.72
-10.87  0.72
-10.86  0.75
-10.85  0.72
-10.84  0.78
-10.83  0.82
-10.82  0.78
-10.81  0.79
-10.8  0.83
-10.79  0.84
-10.78  0.87
-10.77  0.84
-10.76  0.9
-10.75  0.87
-10.74  0.91
-10.73  0.93
-10.72  0.97
-10.71  0.98
-10.7  0.99
-10.69  0.97
-10.68  1.01
-10.67  0.99
-10.66  1
-10.65  1.01
-10.64  1.06
-10.63  1.03
-10.62  1.08
-10.61  1.07
-10.6  1.07
-10.59  1.12
-10.58  1.05
-10.57  1.08
-10.56  1.09
-10.55  1.1
-10.54  1.08
-10.53  1.06
-10.52  1.12
-10.51  1.05
-10.5  1.1
-10.49  1.01
-10.48  1.08
-10.47  1.06
-10.46  0.99
-10.45  1.05
-10.44  0.98
-10.43  1.04
-10.42  0.96
-10.41  1
-10.4  0.95
-10.39  0.95
-10.38  0.96
-10.37  0.91
-10.36  0.89
-10.35  0.89
-10.34  0.93
-10.33  0.87
-10.32  0.86
-10.31  0.83
-10.3  0.83
-10.29  0.79
-10.28  0.78
-10.27  0.83
-10.26  0.82
-10.25  0.72
-10.24  0.78
-10.23  0.74
-10.22  0.71
-10.21  0.75
-10.2  0.74
-10.19  0.69
-10.18  0.69
-10.17  0.72
-10.16  0.69
-10.15  0.66
-10.14  0.69
-10.13  0.65
-10.12  0.67
-10.11  0.66
-10.1  0.65
-10.09  0.62
-10.08  0.63
-10.07  0.67
-10.06  0.58
-10.05  0.64
-10.04  0.6
-10.03  0.65
-10.02  0.6
-10.01  0.62
-10  0.59
-9.99  0.59
-9.98  0.59
-9.97  0.65
-9.96  0.62
-9.95  0.59
-9.94  0.62
-9.93  0.59
-9.92  0.62
-9.91  0.61
-9.9  0.59
-9.89  0.59
-9.88  0.65
-9.87  0.6
-9.86  0.59
-9.85  0.64
-9.84  0.57
-9.83  0.62
-9.82  0.61
-9.81  0.63
-9.8  0.64
-9.79  0.63
-9.78  0.67
-9.77  0.63
-9.76  0.65
-9.75  0.65
-9.74  0.67
-9.73  0.66
-9.72  0.66
-9.71  0.67
-9.7  0.69
-9.69  0.67
-9.68  0.68
-9.67  0.71
-9.66  0.66
-9.65  0.73
-9.64  0.75
-9.63  0.71
-9.62  0.76
-9.61  0.73
-9.6  0.81
-9.59  0.73
-9.58  0.75
-9.57  0.79
-9.56  0.77
-9.55  0.82
-9.54  0.78
-9.53  0.84
-9.52  0.79
-9.51  0.83
-9.5  0.88
-9.49  0.84
-9.48  0.83
-9.47  0.88
-9.46  0.85
-9.45  0.87
-9.44  0.9
-9.43  0.85
-9.42  0.92
-9.41  0.91
-9.4  0.92
-9.39  0.9
-9.38  0.9
-9.37  0.95
-9.36  0.93
-9.35  0.97
-9.34  0.92
-9.33  0.97
-9.32  0.91
-9.31  0.96
-9.3  0.94
-9.29  0.9
-9.28  0.99
-9.27  0.95
-9.26  0.95
-9.25  0.93
-9.24  0.98
-9.23  0.91
-9.22  0.96
-9.21  0.93
-9.2  0.92
-9.19  0.91
-9.18  0.93
-9.17  0.9
-9.16  0.93
-9.15  0.95
-9.14  0.89
-9.13  0.89
-9.12  0.92
-9.11  0.85
-9.1  0.88
-9.09  0.86
-9.08  0.86
-9.07  0.84
-9.06  0.85
-9.05  0.84
-9.04  0.81
-9.03  0.82
-9.02  0.81
-9.01  0.84
-9  0.78
-8.99  0.8
-8.98  0.79
-8.97  0.79
-8.96  0.76
-8.95  0.79
-8.94  0.76
-8.93  0.75
-8.92  0.78
-8.91  0.74
-8.9  0.72
-8.89  0.7
-8.88  0.73
-8.87  0.75
-8.86  0.71
-8.85  0.7
-8.84  0.71
-8.83  0.71
-8.82  0.71
-8.81  0.69
-8.8  0.67
-8.79  0.7
-8.78  0.71
-8.77  0.68
-8.76  0.68
-8.75  0.66
-8.74  0.68
-8.73  0.75
-8.72  0.65
-8.71  0.65
-8.7  0.68
-8.69  0.65
-8.68  0.67
-8.67  0.7
-8.66  0.63
-8.65  0.71
-8.64  0.62
-8.63  0.67
-8.62  0.71
-8.61  0.68
-8.6  0.7
-8.59  0.62
-8.58  0.7
-8.57  0.66
-8.56  0.66
-8.55  0.7
-8.54  0.71
-8.53  0.67
-8.52  0.7
-8.51  0.69
-8.5  0.67
-8.49  0.71
-8.48  0.7
-8.47  0.71
-8.46  0.73
-8.45  0.69
-8.44  0.73
-8.43  0.71
-8.42  0.71
-8.41  0.71
-8.4  0.7
-8.39  0.7
-8.38  0.81
-8.37  0.74
-8.36  0.75
-8.35  0.76
-8.34  0.76
-8.33  0.75
-8.32  0.77
-8.31  0.78
-8.3  0.8
-8.29  0.8
-8.28  0.78
-8.27  0.79
-8.26  0.81
-8.25  0.76
-8.24  0.83
-8.23  0.81
-8.22  0.81
-8.21  0.84
-8.2  0.83
-8.19  0.79
-8.18  0.85
-8.17  0.84
-8.16  0.82
-8.15  0.86
-8.14  0.86
-8.13  0.87
-8.12  0.84
-8.11  0.9
-8.1  0.84
-8.09  0.92
-8.08  0.83
-8.07  0.86
-8.06  0.86
-8.05  0.88
-8.04  0.88
-8.03  0.88
-8.02  0.88
-8.01  0.88
-8  0.83
-7.99  0.88
-7.98  0.85
-7.97  0.91
-7.96  0.93
-7.95  0.81
-7.94  0.87
-7.93  0.87
-7.92  0.91
-7.91  0.85
-7.9  0.84
-7.89  0.86
-7.88  0.87
-7.87  0.86
-7.86  0.86
-7.85  0.88
-7.84  0.82
-7.83  0.8
-7.82  0.84
-7.81  0.83
-7.8  0.85
-7.79  0.85
-7.78  0.79
-7.77  0.8
-7.76  0.79
-7.75  0.82
-7.74  0.77
-7.73  0.86
-7.72  0.78
-7.71  0.77
-7.7  0.8
-7.69  0.81
-7.68  0.77
-7.67  0.76
-7.66  0.78
-7.65  0.75
-7.64  0.79
-7.63  0.73
-7.62  0.77
-7.61  0.76
-7.6  0.78
-7.59  0.7
-7.58  0.78
-7.57  0.74
-7.56  0.73
-7.55  0.71
-7.54  0.74
-7.53  0.71
-7.52  0.73
-7.51  0.74
-7.5  0.73
-7.49  0.73
-7.48  0.69
-7.47  0.74
-7.46  0.72
-7.45  0.71
-7.44  0.74
-7.43  0.71
-7.42  0.69
-7.41  0.74
-7.4  0.75
-7.39  0.7
-7.38  0.69
-7.37  0.7
-7.36  0.73
-7.35  0.7
-7.34  0.7
-7.33  0.71
-7.32  0.69
-7.31  0.7
-7.3  0.74
-7.29  0.75
-7.28  0.72
-7.27  0.71
-7.26  0.72
-7.25  0.73
-7.24  0.72
-7.23  0.73
-7.22  0.74
-7.21  0.73
-7.2  0.72
-7.19  0.76
-7.18  0.73
-7.17  0.73
-7.16  0.72
-7.15  0.75
-7.14  0.75
-7.13  0.73
-7.12  0.77
-7.11  0.75
-7.1  0.76
-7.09  0.76
-7.08  0.77
-7.07  0.75
-7.06  0.78
-7.05  0.77
-7.04  0.75
-7.03  0.77
-7.02  0.86
-7.01  0.75
-7  0.77
-6.99  0.79
-6.98  0.82
-6.97  0.8
-6.96  0.8
-6.95  0.81
-6.94  0.82
-6.93  0.77
-6.92  0.84
-6.91  0.78
-6.9  0.8
-6.89  0.82
-6.88  0.82
-6.87  0.85
-6.86  0.82
-6.85  0.79
-6.84  0.83
-6.83  0.87
-6.82  0.82
-6.81  0.8
-6.8  0.82
-6.79  0.85
-6.78  0.85
-6.77  0.86
-6.76  0.79
-6.75  0.87
-6.74  0.83
-6.73  0.83
-6.72  0.8
-6.71  0.87
-6.7  0.86
-6.69  0.83
-6.68  0.83
-6.67  0.8
-6.66  0.84
-6.65  0.82
-6.64  0.79
-6.63  0.88
-6.62  0.8
-6.61  0.86
-6.6  0.8
-6.59  0.82
-6.58  0.83
-6.57  0.82
-6.56  0.79
-6.55  0.85
-6.54  0.82
-6.53  0.84
-6.52  0.78
-6.51  0.8
-6.5  0.82
-6.49  0.79
-6.48  0.8
-6.47  0.79
-6.46  0.81
-6.45  0.77
-6.44  0.77
-6.43  0.81
-6.42  0.81
-6.41  0.76
-6.4  0.78
-6.39  0.73
-6.38  0.79
-6.37  0.81
-6.36  0.75
-6.35  0.76
-6.34  0.76
-6.33  0.75
-6.32  0.83
-6.31  0.74
-6.3  0.78
-6.29  0.76
-6.28  0.72
-6.27  0.78
-6.26  0.71
-6.25  0.78
-6.24  0.75
-6.23  0.77
-6.22  0.75
-6.21  0.7
-6.2  0.74
-6.19  0.72
-6.18  0.74
-6.17  0.73
-6.16  0.77
-6.15  0.72
-6.14  0.79
-6.13  0.73
-6.12  0.75
-6.11  0.71
-6.1  0.77
-6.09  0.76
-6.08  0.74
-6.07  0.72
-6.06  0.74
-6.05  0.74
-6.04  0.72
-6.03  0.76
-6.02  0.71
-6.01  0.75
-6  0.72
-5.99  0.76
-5.98  0.75
-5.97  0.76
-5.96  0.75
-5.95  0.79
-5.94  0.7
-5.93  0.76
-5.92  0.75
-5.91  0.73
-5.9  0.77
-5.89  0.75
-5.88  0.75
-5.87  0.74
-5.86  0.75
-5.85  0.79
-5.84  0.79
-5.83  0.76
-5.82  0.77
-5.81  0.79
-5.8  0.76
-5.79  0.77
-5.78  0.76
-5.77  0.78
-5.76  0.78
-5.75  0.78
-5.74  0.8
-5.73  0.74
-5.72  0.81
-5.71  0.74
-5.7  0.84
-5.69  0.77
-5.68  0.76
-5.67  0.84
-5.66  0.79
-5.65  0.79
-5.64  0.8
-5.63  0.76
-5.62  0.88
-5.61  0.74
-5.6  0.79
-5.59  0.84
-5.58  0.82
-5.57  0.79
-5.56  0.82
-5.55  0.8
-5.54  0.83
-5.53  0.82
-5.52  0.79
-5.51  0.8
-5.5  0.83
-5.49  0.79
-5.48  0.79
-5.47  0.84
-5.46  0.82
-5.45  0.79
-5.44  0.82
-5.43  0.81
-5.42  0.78
-5.41  0.81
-5.4  0.87
-5.39  0.78
-5.38  0.81
-5.37  0.83
-5.36  0.82
-5.35  0.83
-5.34  0.8
-5.33  0.79
-5.32  0.84
-5.31  0.78
-5.3  0.81
-5.29  0.78
-5.28  0.8
-5.27  0.79
-5.26  0.8
-5.25  0.82
-5.24  0.77
-5.23  0.83
-5.22  0.79
-5.21  0.79
-5.2  0.78
-5.19  0.78
-5.18  0.77
-5.17  0.83
-5.16  0.71
-5.15  0.83
-5.14  0.8
-5.13  0.76
-5.12  0.77
-5.11  0.82
-5.1  0.78
-5.09  0.79
-5.08  0.79
-5.07  0.73
-5.06  0.79
-5.05  0.74
-5.04  0.75
-5.03  0.79
-5.02  0.8
-5.01  0.72
-5  0.79
-4.99  0.78
-4.98  0.74
-4.97  0.77
-4.96  0.74
-4.95  0.76
-4.94  0.78
-4.93  0.73
-4.92  0.76
-4.91  0.77
-4.9  0.76
-4.89  0.79
-4.88  0.71
-4.87  0.84
-4.86  0.71
-4.85  0.76
-4.84  0.76
-4.83  0.73
-4.82  0.73
-4.81  0.8
-4.8  0.73
-4.79  0.75
-4.78  0.78
-4.77  0.78
-4.76  0.76
-4.75  0.74
-4.74  0.77
-4.73  0.72
-4.72  0.75
-4.71  0.76
-4.7  0.75
-4.69  0.76
-4.68  0.76
-4.67  0.75
-4.66  0.78
-4.65  0.73
-4.64  0.81
-4.63  0.73
-4.62  0.8
-4.61  0.77
-4.6  0.83
-4.59  0.73
-4.58  0.8
-4.57  0.73
-4.56  0.76
-4.55  0.78
-4.54  0.71
-4.53  0.8
-4.52  0.78
-4.51  0.76
-4.5  0.76
-4.49  0.8
-4.48  0.78
-4.47  0.79
-4.46  0.78
-4.45  0.79
-4.44  0.77
-4.43  0.81
-4.42  0.74
-4.41  0.83
-4.4  0.79
-4.39  0.78
-4.38  0.79
-4.37  0.79
-4.36  0.81
-4.35  0.77
-4.34  0.8
-4.33  0.77
-4.32  0.8
-4.31  0.83
-4.3  0.79
-4.29  0.76
-4.28  0.8
-4.27  0.8
-4.26  0.79
-4.25  0.82
-4.24  0.76
-4.23  0.83
-4.22  0.76
-4.21  0.84
-4.2  0.78
-4.19  0.8
-4.18  0.8
-4.17  0.82
-4.16  0.72
-4.15  0.86
-4.14  0.79
-4.13  0.84
-4.12  0.81
-4.11  0.78
-4.1  0.78
-4.09  0.81
-4.08  0.76
-4.07  0.84
-4.06  0.76
-4.05  0.81
-4.04  0.79
-4.03  0.8
-4.02  0.78
-4.01  0.79
-4  0.82
-3.99  0.76
-3.98  0.82
-3.97  0.84
-3.96  0.71
-3.95  0.81
-3.94  0.8
-3.93  0.78
-3.92  0.82
-3.91  0.77
-3.9  0.78
-3.89  0.79
-3.88  0.75
-3.87  0.8
-3.86  0.76
-3.85  0.79
-3.84  0.83
-3.83  0.77
-3.82  0.74
-3.81  0.79
-3.8  0.79
-3.79  0.79
-3.78  0.73
-3.77  0.75
-3.76  0.8
-3.75  0.82
-3.74  0.71
-3.73  0.77
-3.72  0.73
-3.71  0.82
-3.7  0.81
-3.69  0.73
-3.68  0.78
-3.67  0.75
-3.66  0.81
-3.65  0.72
-3.64  0.76
-3.63  0.81
-3.62  0.79
-3.61  0.76
-3.6  0.76
-3.59  0.76
-3.58  0.78
-3.57  0.75
-3.56  0.76
-3.55  0.74
-3.54  0.74
-3.53  0.78
-3.52  0.75
-3.51  0.81
-3.5  0.76
-3.49  0.78
-3.48  0.77
-3.47  0.77
-3.46  0.72
-3.45  0.8
-3.44  0.74
-3.43  0.75
-3.42  0.77
-3.41  0.76
-3.4  0.76
-3.39  0.78
-3.38  0.78
-3.37  0.8
-3.36  0.8
-3.35  0.78
-3.34  0.78
-3.33  0.76
-3.32  0.75
-3.31  0.73
-3.3  0.79
-3.29  0.75
-3.28  0.77
-3.27  0.81
-3.26  0.81
-3.25  0.73
-3.24  0.76
-3.23  0.79
-3.22  0.79
-3.21  0.78
-3.2  0.81
-3.19  0.78
-3.18  0.76
-3.17  0.79
-3.16  0.75
-3.15  0.8
-3.14  0.77
-3.13  0.79
-3.12  0.78
-3.11  0.84
-3.1  0.8
-3.09  0.76
-3.08  0.77
-3.07  0.76
-3.06  0.75
-3.05  0.81
-3.04  0.87
-3.03  0.75
-3.02  0.79
-3.01  0.78
-3  0.78
-2.99  0.78
-2.98  0.81
-2.97  0.76
-2.96  0.83
-2.95  0.78
-2.94  0.75
-2.93  0.79
-2.92  0.8
-2.91  0.82
-2.9  0.76
-2.89  0.84
-2.88  0.8
-2.87  0.79
-2.86  0.78
-2.85  0.84
-2.84  0.74
-2.83  0.77
-2.82  0.79
-2.81  0.83
-2.8  0.77
-2.79  0.8
-2.78  0.73
-2.77  0.82
-2.76  0.8
-2.75  0.8
-2.74  0.75
-2.73  0.81
-2.72  0.81
-2.71  0.76
-2.7  0.79
-2.69  0.78
-2.68  0.77
-2.67  0.75
-2.66  0.87
-2.65  0.77
-2.64  0.76
-2.63  0.76
-2.62  0.83
-2.61  0.74
-2.6  0.8
-2.59  0.78
-2.58  0.78
-2.57  0.81
-2.56  0.8
-2.55  0.74
-2.54  0.77
-2.53  0.77
-2.52  0.77
-2.51  0.83
-2.5  0.76
-2.49  0.78
-2.48  0.74
-2.47  0.83
-2.46  0.72
-2.45  0.76
-2.44  0.81
-2.43  0.74
-2.42  0.77
-2.41  0.79
-2.4  0.77
-2.39  0.78
-2.38  0.76
-2.37  0.79
-2.36  0.78
-2.35  0.78
-2.34  0.79
-2.33  0.76
-2.32  0.81
-2.31  0.76
-2.3  0.74
-2.29  0.79
-2.28  0.8
-2.27  0.7
-2.26  0.82
-2.25  0.76
-2.24  0.78
-2.23  0.8
-2.22  0.72
-2.21  0.75
-2.2  0.75
-2.19  0.79
-2.18  0.73
-2.17  0.8
-2.16  0.8
-2.15  0.75
-2.14  0.8
-2.13  0.76
-2.12  0.77
-2.11  0.81
-2.1  0.73
-2.09  0.8
-2.08  0.81
-2.07  0.73
-2.06  0.81
-2.05  0.75
-2.04  0.73
-2.03  0.81
-2.02  0.78
-2.01  0.81
-2  0.76
-1.99  0.8
-1.98  0.76
-1.97  0.74
-1.96  0.77
-1.95  0.75
-1.94  0.79
-1.93  0.81
-1.92  0.8
-1.91  0.81
-1.9  0.76
-1.89  0.8
-1.88  0.77
-1.87  0.76
-1.86  0.76
-1.85  0.77
-1.84  0.81
-1.83  0.74
-1.82  0.84
-1.81  0.76
-1.8  0.8
-1.79  0.77
-1.78  0.81
-1.77  0.8
-1.76  0.79
-1.75  0.75
-1.74  0.81
-1.73  0.81
-1.72  0.78
-1.71  0.75
-1.7  0.8
-1.69  0.78
-1.68  0.76
-1.67  0.77
-1.66  0.78
-1.65  0.81
-1.64  0.78
-1.63  0.81
-1.62  0.77
-1.61  0.8
-1.6  0.78
-1.59  0.81
-1.58  0.78
-1.57  0.75
-1.56  0.81
-1.55  0.82
-1.54  0.75
-1.53  0.78
-1.52  0.82
-1.51  0.78
-1.5  0.82
-1.49  0.73
-1.48  0.79
-1.47  0.8
-1.46  0.74
-1.45  0.82
-1.44  0.78
-1.43  0.76
-1.42  0.78
-1.41  0.8
-1.4  0.76
-1.39  0.85
-1.38  0.76
-1.37  0.75
-1.36  0.78
-1.35  0.79
-1.34  0.75
-1.33  0.79
-1.32  0.79
-1.31  0.81
-1.3  0.76
-1.29  0.76
-1.28  0.85
-1.27  0.79
-1.26  0.74
-1.25  0.76
-1.24  0.81
-1.23  0.75
-1.22  0.8
-1.21  0.8
-1.2  0.74
-1.19  0.81
-1.18  0.73
-1.17  0.78
-1.16  0.75
-1.15  0.81
-1.14  0.79
-1.13  0.78
-1.12  0.77
-1.11  0.8
-1.1  0.7
-1.09  0.81
-1.08  0.81
-1.07  0.74
-1.06  0.76
-1.05  0.79
-1.04  0.76
-1.03  0.75
-1.02  0.83
-1.01  0.78
-1  0.82
-0.99  0.74
-0.98  0.78
-0.97  0.72
-0.96  0.81
-0.95  0.76
-0.94  0.8
-0.93  0.76
-0.92  0.77
-0.91  0.78
-0.9  0.8
-0.89  0.78
-0.88  0.73
-0.87  0.75
-0.86  0.83
-0.85  0.73
-0.84  0.77
-0.83  0.76
-0.82  0.78
-0.81  0.83
-0.8  0.75
-0.79  0.8
-0.78  0.81
-0.77  0.75
-0.76  0.78
-0.75  0.77
-0.74  0.72
-0.73  0.84
-0.72  0.75
-0.71  0.81
-0.7  0.76
-0.69  0.81
-0.68  0.74
-0.67  0.8
-0.66  0.79
-0.65  0.76
-0.64  0.71
-0.63  0.87
-0.62  0.74
-0.61  0.79
-0.6  0.82
-0.59  0.76
-0.58  0.8
-0.57  0.76
-0.56  0.76
-0.55  0.75
-0.54  0.82
-0.53  0.76
-0.52  0.81
-0.51  0.76
-0.5  0.76
-0.49  0.82
-0.48  0.79
-0.47  0.79
-0.46  0.79
-0.45  0.78
-0.44  0.76
-0.43  0.79
-0.42  0.82
-0.41  0.8
-0.4  0.76
-0.39  0.86
-0.38  0.73
-0.37  0.77
-0.36  0.78
-0.35  0.77
-0.34  0.77
-0.33  0.8
-0.32  0.78
-0.31  0.74
-0.3  0.78
-0.29  0.78
-0.28  0.78
-0.27  0.77
-0.26  0.85
-0.25  0.78
-0.24  0.8
-0.23  0.75
-0.22  0.81
-0.21  0.77
-0.2  0.8
-0.19  0.78
-0.18  0.76
-0.17  0.85
-0.16  0.75
-0.15  0.76
-0.14  0.78
-0.13  0.78
-0.12  0.82
-0.11  0.73
-0.1  0.79
-0.09  0.8
-0.08  0.76
-0.07  0.79
-0.06  0.81
-0.05  0.7
-0.04  0.81
-0.03  0.75
-0.02  0.85
-0.01  0.71
-2.16197e-11  0.83
0.0001  0.01
0.0101  0.77
0.0201  0.72
0.0301  0.85
0.0401  0.77
0.0501  0.77
0.0601  0.75
0.0701  0.74
0.0801  0.77
0.0901  0.74
0.1001  0.85
0.1101  0.7
0.1201  0.72
0.1301  0.75
0.1401  0.75
0.1501  0.75
0.1601  0.66
0.1701  0.74
0.1801  0.67
0.1901  0.66
0.2001  0.68
0.2101  0.69
0.2201  0.72
0.2301  0.62
0.2401  0.62
0.2501  0.68
0.2601  0.62
0.2701  0.66
0.2801  0.63
0.2901  0.56
0.3001  0.58
0.3101  0.56
0.3201  0.54
0.3301  0.6
0.3401  0.59
0.3501  0.5
0.3601  0.54
0.3701  0.51
0.3801  0.56
0.3901  0.5
0.4001  0.49
0.4101  0.49
0.4201  0.49
0.4301  0.41
0.4401  0.49
0.4501  0.42
0.4601  0.46
0.4701  0.44
0.4801  0.41
0.4901  0.43
0.5001  0.39
0.5101  0.37
0.5201  0.35
0.5301  0.38
0.5401  0.38
0.5501  0.32
0.5601  0.36
0.5701  0.33
0.5801  0.31
0.5901  0.33
0.6001  0.3
0.6101  0.3
0.6201  0.3
0.6301  0.31
0.6401  0.29
0.6501  0.29
0.6601  0.27
0.6701  0.22
0.6801  0.29
0.6901  0.21
0.7001  0.3
0.7101  0.22
0.7201  0.24
0.7301  0.23
0.7401  0.21
0.7501  0.17
0.7601  0.21
0.7701  0.14
0.7801  0.25
0.7901  0.18
0.8001  0.19
0.8101  0.14
0.8201  0.2
0.8301  0.18
0.8401  0.19
0.8501  0.14
0.8601  0.17
0.8701  0.15
0.8801  0.13
0.8901  0.13
0.9001  0.16
0.9101  0.14
0.9201  0.12
0.9301  0.11
0.9401  0.2
0.9501  0.07
0.9601  0.13
0.9701  0.16
0.9801  0.13
0.9901  0.1
1.0001  0.1
1.0101  0.1
1.0201  0.15
1.0301  0.09
1.0401  0.1
1.0501  0.08
1.0601  0.13
1.0701  0.03
1.0801  0.11
1.0901  0.1
1.1001  0.08
1.1101  0.05
1.1201  0.1
1.1301  0.15
1.1401  0.05
1.1501  0.08
1.1601  0.03
1.1701  0.09
1.1801  0.12
1.1901  0.13
1.2001  0.05
1.2101  0.06
1.2201  0.1
1.2301  0.06
1.2401  0.09
1.2501  0.07
1.2601  0.05
1.2701  0.08
1.2801  0.06
1.2901  0.08
1.3001  0.07
1.3101  0.06
1.3201  0.06
1.3301  0.03
1.3401  0.09
1.3501  0.06
1.3601  0.1
1.3701  0.05
1.3801  0.07
1.3901  0.08
1.4001  0.04
1.4101  0.03
1.4201  0.09
1.4301  0.06
1.4401  0.11
1.4501  0.04
1.4601  0.04
1.4701  0.03
1.4801  0.08
1.4901  0.02
1.5001  0.07
1.5101  0.05
1.5201  0.09
1.5301  0.06
1.5401  0.05
1.5501  0.05
1.5601  0.08
1.5701  0.03
1.5801  0.1
1.5901  0.07
1.6001  0.09
1.6101  0.05
1.6201  0.03
1.6301  0.03
1.6401  0.04
1.6501  0.05
1.6601  0.09
1.6701  0.03
1.6801  0.04
1.6901  0.07
1.7001  0.06
1.7101  0.05
1.7201  0.06
1.7301  0.03
1.7401  0.09
1.7501  0.04
1.7601  0.03
1.7701  0.06
1.7801  0.04
1.7901  0.04
1.8001  0.08
1.8101  0.09
1.8201  0.05
1.8301  0.03
1.8401  0.05
1.8501  0.07
1.8601  0.07
1.8701  0.08
1.8801  0.09
1.8901  0.03
1.9001  0.06
1.9101  0.02
1.9201  0.04
1.9301  0.05
1.9401  0.07
1.9501  0.05
1.9601  0.04
1.9701  0.04
1.9801  0.05
1.9901  0.09
2.0001  0.06
2.0101  0.04
2.0201  0.05
2.0301  0.04
2.0401  0.04
2.0501  0.05
2.0601  0.05
2.0701  0.03
2.0801  0.07
2.0901  0.08
2.1001  0.06
2.1101  0.03
2.1201  0.05
2.1301  0.05
2.1401  0.08
2.1501  0.05
2.1601  0.02
2.1701  0.07
2.1801  0.04
2.1901  0.11
2.2001  0.05
2.2101  0.06
2.2201  0.09
2.2301  0.04
2.2401  0.03
2.2501  0.05
2.2601  0.03
2.2701  0.03
2.2801  0.05
2.2901  0.07
2.3001  0.02
2.3101  0.04
2.3201  0.04
2.3301  0.07
2.3401  0.07
2.3501  0.07
2.3601  0.07
2.3701  0.05
2.3801  0.06
2.3901  0.05
2.4001  0.06
2.4101  0.03
2.4201  0.06
2.4301  0.03
2.4401  0.05
2.4501  0.06
2.4601  0.07
2.4701  0.01
2.4801  0.1
2.4901  0.1
2.5001  0.05
2.5101  0.03
2.5201  0.05
2.5301  0.03
2.5401  0.03
2.5501  0.06
2.5601  0.04
2.5701  0.06
2.5801  0.06
2.5901  0.07
2.6001  0.06
2.6101  0.03
2.6201  0.07
2.6301  0.05
2.6401  0.06
2.6501  0.06
2.6601  0.05
2.6701  0.03
2.6801  0.04
2.6901  0.06
2.7001  0.07
2.7101  0.03
2.7201  0.04
2.7301  0.04
2.7401  0.05
2.7501  0.09
2.7601  0.05
2.7701  0.03
2.7801  0.06
2.7901  0.06
2.8001  0.08
2.8101  0.09
2.8201  0.05
2.8301  0.04
2.8401  0.04
2.8501  0.02
2.8601  0.06
2.8701  0.09
2.8801  0.02
2.8901  0.06
2.9001  0.07
2.9101  0.05
2.9201  0.01
2.9301  0.1
2.9401  0.03
2.9501  0.02
2.9601  0.05
2.9701  0.07
2.9801  0.05
2.9901  0.04
3.0001  0.09
3.0101  0.05
3.0201  0.03
3.0301  0.05
3.0401  0.05
3.0501  0.06
3.0601  0.05
3.0701  0.05
3.0801  0.08
3.0901  0.03
3.1001  0.04
3.1101  0.07
3.1201  0.07
3.1301  0.09
3.1401  0.06
3.1501  0.05
3.1601  0.03
3.1701  0.05
3.1801  0.03
3.1901  0.04
3.2001  0.09
3.2101  0.05
3.2201  0.04
3.2301  0.02
3.2401  0.06
3.2501  0.02
3.2601  0.08
3.2701  0.05
3.2801  0.08
3.2901  0.04
3.3001  0.07
3.3101  0.05
3.3201  0.06
3.3301  0.05
3.3401  0.02
3.3501  0.02
3.3601  0.1
3.3701  0.04
3.3801  0.05
3.3901  0.05
3.4001  0.06
3.4101  0.09
3.4201  0.04
3.4301  0.08
3.4401  0.08
3.4501  0.05
3.4601  0.04
3.4701  0.01
3.4801  0.03
3.4901  0.06
3.5001  0.09
3.5101  0.05
3.5201  0.01
3.5301  0.05
3.5401  0.05
3.5501  0.08
3.5601  0.04
3.5701  0.06
3.5801  0.01
3.5901  0.07
3.6001  0.1
3.6101  0.07
3.6201  0.02
3.6301  0.04
3.6401  0.08
3.6501  0.04
3.6601  0.06
3.6701  0.05
3.6801  0.05
3.6901  0.03
3.7001  0.04
3.7101  0.04
3.7201  0.11
3.7301  0.06
3.7401  0.07
3.7501  0.05
3.7601  0.07
3.7701  0.02
3.7801  0.03
3.7901  0.04
3.8001  0.09
3.8101  0.06
3.8201  0.03
3.8301  0.06
3.8401  0.06
3.8501  0.03
3.8601  0.06
3.8701  0.04
3.8801  0.05
3.8901  0.11
3.9001  0.03
3.9101  0.04
3.9201  0.06
3.9301  0.05
3.9401  0.06
3.9501  0.05
3.9601  0.04
3.9701  0.01
3.9801  0.04
3.9901  0.06
4.0001  0.07
4.0101  0.07
4.0201  0.08
4.0301  0.04
4.0401  0.04
4.0501  0.07
4.0601  0.05
4.0701  0.03
4.0801  0.12
4.0901  0.04
4.1001  0.04
4.1101  0.06
4.1201  0.04
4.1301  0.06
4.1401  0.06
4.1501  0.01
4.1601  0.06
4.1701  0.06
4.1801  0.06
4.1901  0.02
4.2001  0.09
4.2101  0.03
4.2201  0.05
4.2301  0.09
4.2401  0.02
4.2501  0.05
4.2601  0.07
4.2701  0.05
4.2801  0.06
4.2901  0.05
4.3001  0.02
4.3101  0.04
4.3201  0.02
4.3301  0.08
4.3401  0.04
4.3501  0.08
4.3601  0.07
4.3701  0.06
4.3801  0.07
4.3901  0.07
4.4001  0.06
4.4101  0.07
4.4201  0.04
4.4301  0.02
4.4401  0.06
4.4501  0.05
4.4601  0.05
4.4701  0.05
4.4801  0.08
4.4901  0.03
4.5001  0.02
4.5101  0.04
4.5201  0.07
4.5301  0.05
4.5401  0.04
4.5501  0.04
4.5601  0.05
4.5701  0.06
4.5801  0.08
4.5901  0.05
4.6001  0.08
4.6101  0.06
4.6201  0.05
4.6301  0.03
4.6401  0.06
4.6501  0.04
4.6601  0.03
4.6701  0.06
4.6801  0.07
4.6901  0.08
4.7001  0.04
4.7101  0.08
4.7201  0.05
4.7301  0.04
4.7401  0.07
4.7501  0.05
4.7601  0.01
4.7701  0.04
4.7801  0.05
4.7901  0.08
4.8001  0.04
4.8101  0.08
4.8201  0.05
4.8301  0.04
4.8401  0.04
4.8501  0.05
4.8601  0.03
4.8701  0.1
4.8801  0.06
4.8901  0.06
4.9001  0.01
4.9101  0.08
4.9201  0.06
4.9301  0.04
4.9401  0.05
4.9501  0.05
4.9601  0.04
4.9701  0.04
4.9801  0.03
4.9901  0.07
5.0001  0.05
5.0101  0.04
5.0201  0.07
5.0301  0.07
5.0401  0.1
5.0501  0.05
5.0601  0.07
5.0701  0.06
5.0801  0.03
5.0901  0.05
5.1001  0.05
5.1101  0.07
5.1201  0.03
5.1301  0.06
5.1401  0.04
5.1501  0.03
5.1601  0.05
5.1701  0.02
5.1801  0.07
5.1901  0.08
5.2001  0.05
5.2101  0.04
5.2201  0.04
5.2301  0.03
5.2401  0.05
5.2501  0.06
5.2601  0.08
5.2701  0.07
5.2801  0.08
5.2901  0.03
5.3001  0.05
5.3101  0.06
5.3201  0.05
5.3301  0.04
5.3401  0.04
5.3501  0.06
5.3601  0.04
5.3701  0.08
5.3801  0.09
5.3901  0.04
5.4001  0.05
5.4101  0.05
5.4201  0.04
5.4301  0.05
5.4401  0.05
5.4501  0.04
5.4601  0.04
5.4701  0.04
5.4801  0.1
5.4901  0.06
5.5001  0.05
5.5101  0.05
5.5201  0.05
5.5301  0.04
5.5401  0.02
5.5501  0.08
5.5601  0.04
5.5701  0.05
5.5801  0.07
5.5901  0.05
5.6001  0.05
5.6101  0.04
5.6201  0.04
5.6301  0.03
5.6401  0.06
5.6501  0.09
5.6601  0.04
5.6701  0.1
5.6801  0.04
5.6901  0.08
5.7001  0.07
5.7101  0.07
5.7201  0.04
5.7301  0.08
5.7401  0.01
5.7501  0.05
5.7601  0.01
5.7701  0.03
5.7801  0.05
5.7901  0.09
5.8001  0.02
5.8101  0.09
5.8201  0.05
5.8301  0.04
5.8401  0.03
5.8501  0.04
5.8601  0.07
5.8701  0.04
5.8801  0.04
5.8901  0.12
5.9001  0.06
5.9101  0.03
5.9201  0.05
5.9301  0.08
5.9401  0.05
5.9501  0.01
5.9601  0.07
5.9701  0.06
5.9801  0.05
5.9901  0.03
6.0001  0.04
6.0101  0.02
6.0201  0.11
6.0301  0.04
6.0401  0.09
6.0501  0.06
6.0601  0.04
6.0701  0.06
6.0801  0.05
6.0901  0.05
6.1001  0.02
6.1101  0.01
6.1201  0.09
6.1301  0.1
6.1401  0.05
6.1501  0.06
6.1601  0.07
6.1701  0.04
6.1801  0.03
6.1901  0.06
6.2001  0.05
6.2101  0.02
6.2201  0.04
6.2301  0.05
6.2401  0.06
6.2501  0.04
6.2601  0.06
6.2701  0.08
6.2801  0.02
6.2901  0.05
6.3001  0.05
6.3101  0.11
6.3201  0.03
6.3301  0.02
6.3401  0.1
6.3501  0.03
6.3601  0.06
6.3701  0.08
6.3801  0.06
6.3901  0.05
6.4001  0.06
6.4101  0.04
6.4201  0.08
6.4301  0.04
6.4401  0.04
6.4501  0.06
6.4601  0.03
6.4701  0.06
6.4801  0.04
6.4901  0.07
6.5001  0.06
6.5101  0.02
6.5201  0.02
6.5301  0.08
6.5401  0.04
6.5501  0.07
6.5601  0.02
6.5701  0.12
6.5801  0.02
6.5901  0.04
6.6001  0.06
6.6101  0.06
6.6201  0.09
6.6301  0.04
6.6401  0.02
6.6501  0.04
6.6601  0.06
6.6701  0.06
6.6801  0.06
6.6901  0.06
6.7001  0.06
6.7101  0.07
6.7201  0.08
6.7301  0.04
6.7401  0.04
6.7501  0.04
6.7601  0.06
6.7701  0.05
6.7801  0.05
6.7901  0.03
6.8001  0.06
6.8101  0.02
6.8201  0.04
6.8301  0.07
6.8401  0.05
6.8501  0.07
6.8601  0.04
6.8701  0.08
6.8801  0.08
6.8901  0.03
6.9001  0.05
6.9101  0.04
6.9201  0.04
6.9301  0.06
6.9401  0.05
6.9501  0.06
6.9601  0.05
6.9701  0.08
6.9801  0.06
6.9901  0.05
7.0001  0.02
7.0101  0.06
7.0201  0.06
7.0301  0.02
7.0401  0.07
7.0501  0.1
7.0601  0.07
7.0701  0.04
7.0801  0.05
7.0901  0.06
7.1001  0.04
7.1101  0.03
7.1201  0.02
7.1301  0.06
7.1401  0.06
7.1501  0.06
7.1601  0.04
7.1701  0.08
7.1801  0.03
7.1901  0.02
7.2001  0.11
7.2101  0.02
7.2201  0.09
7.2301  0.06
7.2401  0.04
7.2501  0.04
7.2601  0.05
7.2701  0.04
7.2801  0.08
7.2901  0.03
7.3001  0.04
7.3101  0.07
7.3201  0.07
7.3301  0.05
7.3401  0.03
7.3501  0.05
7.3601  0.06
7.3701  0.02
7.3801  0.08
7.3901  0.09
7.4001  0.03
7.4101  0.08
7.4201  0.03
7.4301  0.07
7.4401  0.05
7.4501  0.06
7.4601  0.07
7.4701  0.07
7.4801  0.06
7.4901  0.02
7.5001  0.05
7.5101  0.04
7.5201  0.03
7.5301  0.05
7.5401  0.03
7.5501  0.06
7.5601  0.04
7.5701  0.05
7.5801  0.05
7.5901  0.1
7.6001  0.05
7.6101  0.07
7.6201  0.05
7.6301  0.04
7.6401  0.06
7.6501  0.04
7.6601  0.04
7.6701  0.03
7.6801  0.07
7.6901  0.05
7.7001  0.03
7.7101  0.04
7.7201  0.07
7.7301  0.1
7.7401  0.07
7.7501  0.08
7.7601  0.05
7.7701  0.09
7.7801  0.05
7.7901  0
7.8001  0.03
7.8101  0.08
7.8201  0.02
7.8301  0.03
7.8401  0.05
7.8501  0.07
7.8601  0.06
7.8701  0
7.8801  0.04
7.8901  0.12
7.9001  0.05
7.9101  0.07
7.9201  0.02
7.9301  0.02
7.9401  0.06
7.9501  0.11
7.9601  0.05
7.9701  0.02
7.9801  0.05
7.9901  0.04
8.0001  0.12
8.0101  0.03
8.0201  0.04
8.0301  0.06
8.0401  0.06
8.0501  0.05
8.0601  0.06
8.0701  0.07
8.0801  0.05
8.0901  0.04
8.1001  0.04
8.1101  0.06
8.1201  0.07
8.1301  0.03
8.1401  0.09
8.1501  0.03
8.1601  0.05
8.1701  0.04
8.1801  0.05
8.1901  0.03
8.2001  0.08
8.2101  0.06
8.2201  0.03
8.2301  0.04
8.2401  0.05
8.2501  0.03
8.2601  0.09
8.2701  0.05
8.2801  0.07
8.2901  0.06
8.3001  0.05
8.3101  0.04
8.3201  0.05
8.3301  0.04
8.3401  0.07
8.3501  0.05
8.3601  0.05
8.3701  0.05
8.3801  0.08
8.3901  0.06
8.4001  0.06
8.4101  0.04
8.4201  0.04
8.4301  0.05
8.4401  0.04
8.4501  0.06
8.4601  0.04
8.4701  0.06
8.4801  0.08
8.4901  0.02
8.5001  0.09
8.5101  0.05
8.5201  0.05
8.5301  0.04
8.5401  0.05
8.5501  0.05
8.5601  0.12
8.5701  0.01
8.5801  0.01
8.5901  0.04
8.6001  0.07
8.6101  0.03
8.6201  0.07
8.6301  0.07
8.6401  0.07
8.6501  0.04
8.6601  0.07
8.6701  0.04
8.6801  0.03
8.6901  0.01
8.7001  0.05
8.7101  0.08
8.7201  0.05
8.7301  0.09
8.7401  0.06
8.7501  0.04
8.7601  0.08
8.7701  0.05
8.7801  0.06
8.7901  0.07
8.8001  0.01
8.8101  0.05
8.8201  0.09
8.8301  0.07
8.8401  0.07
8.8501  0.05
8.8601  0.05
8.8701  0.01
8.8801  0.01
8.8901  0.05
8.9001  0.01
8.9101  0.08
8.9201  0.07
8.9301  0.05
8.9401  0.08
8.9501  0.02
8.9601  0.08
8.9701  0.06
8.9801  0.03
8.9901  0.01
9.0001  0.13
9.0101  0.04
9.0201  0.08
9.0301  0.06
9.0401  0
9.0501  0.08
9.0601  0.03
9.0701  0.03
9.0801  0.04
9.0901  0.07
9.1001  0.09
9.1101  0.05
9.1201  0.08
9.1301  0.06
9.1401  0.02
9.1501  0.03
9.1601  0.07
9.1701  0.07
9.1801  0.04
9.1901  0.06
9.2001  0.04
9.2101  0.03
9.2201  0.05
9.2301  0.09
9.2401  0.09
9.2501  0.04
9.2601  0.05
9.2701  0.02
9.2801  0.03
9.2901  0.06
9.3001  0.06
9.3101  0.02
9.3201  0.06
9.3301  0.04
9.3401  0.04
9.3501  0.07
9.3601  0.06
9.3701  0.08
9.3801  0.07
9.3901  0.04
9.4001  0.09
9.4101  0.04
9.4201  0.04
9.4301  0.04
9.4401  0.04
9.4501  0.08
9.4601  0.07
9.4701  0.07
9.4801  0.05
9.4901  0.04
9.5001  0.02
9.5101  0.03
9.5201  0.07
9.5301  0.06
9.5401  0.03
9.5501  0.05
9.5601  0.06
9.5701  0.1
9.5801  0.04
9.5901  0.06
9.6001  0
9.6101  0.02
9.6201  0.02
9.6301  0.08
9.6401  0.11
9.6501  0.08
9.6601  0.07
9.6701  0.06
9.6801  0.03
9.6901  0.08
9.7001  0.03
9.7101  0.04
9.7201  0.07
9.7301  0.05
9.7401  0.01
9.7501  0.08
9.7601  0.04
9.7701  0.05
9.7801  0.02
9.7901  0.09
9.8001  0.04
9.8101  0.07
9.8201  0.04
9.8301  0.06
9.8401  0.06
9.8501  0.04
9.8601  0.07
9.8701  0.06
9.8801  0.07
9.8901  0.03
9.9001  0.07
9.9101  0.05
9.9201  0.06
9.9301  0.06
9.9401  0.03
9.9501  0.04
9.9601  0.04
9.9701  0.06
9.9801  0.07
9.9901  0.07
10.0001  0
10.0101  0.06
10.0201  0.06
10.0301  0.05
10.0401  0.07
10.0501  0.02
10.0601  0.02
10.0701  0.06
10.0801  0.03
10.0901  0.09
10.1001  0.05
10.1101  0.06
10.1201  0.04
10.1301  0.07
10.1401  0.1
10.1501  0.08
10.1601  0.05
10.1701  0.05
10.1801  0.05
10.1901  0.06
10.2001  0.07
10.2101  0.05
10.2201  0.02
10.2301  0.04
10.2401  0.06
10.2501  0.03
10.2601  0.04
10.2701  0.05
10.2801  0.03
10.2901  0.07
10.3001  0.05
10.3101  0.08
10.3201  0.04
10.3301  0.04
10.3401  0.1
10.3501  0.03
10.3601  0.05
10.3701  0.02
10.3801  0.05
10.3901  0.06
10.4001  0.05
10.4101  0.04
10.4201  0.02
10.4301  0.06
10.4401  0.09
10.4501  0.15
10.4601  0.02
10.4701  0.06
10.4801  0.04
10.4901  0.04
10.5001  0.03
10.5101  0.04
10.5201  0.06
10.5301  0.04
10.5401  0.1
10.5501  0.06
10.5601  0.03
10.5701  0.02
10.5801  0.07
10.5901  0.04
10.6001  0.05
10.6101  0.09
10.6201  0.06
10.6301  0.08
10.6401  0.04
10.6501  0.06
10.6601  0.04
10.6701  0.05
10.6801  0.03
10.6901  0.02
10.7001  0.03
10.7101  0.06
10.7201  0.06
10.7301  0.05
10.7401  0.05
10.7501  0.05
10.7601  0.08
10.7701  0.06
10.7801  0.06
10.7901  0.06
10.8001  0.04
10.8101  0.07
10.8201  0.04
10.8301  0.05
10.8401  0.08
10.8501  0.05
10.8601  0.06
10.8701  0.04
10.8801  0.07
10.8901  0.06
10.9001  0.04
10.9101  0.02
10.9201  0.08
10.9301  0.02
10.9401  0.04
10.9501  0.11
10.9601  0.02
10.9701  0.07
10.9801  0.04
10.9901  0.04
11.0001  0.05
11.0101  0.06
11.0201  0.06
11.0301  0.07
11.0401  0.04
11.0501  0.05
11.0601  0.08
11.0701  0.03
11.0801  0.03
11.0901  0.03
11.1001  0.05
11.1101  0.06
11.1201  0.05
11.1301  0.07
11.1401  0.04
11.1501  0.07
11.1601  0.09
11.1701  0.04
11.1801  0.07
11.1901  0.05
11.2001  0.04
11.2101  0.02
11.2201  0.03
11.2301  0.08
11.2401  0.09
11.2501  0.06
11.2601  0.06
11.2701  0.03
11.2801  0.04
11.2901  0.05
11.3001  0.07
11.3101  0.02
11.3201  0.03
11.3301  0.13
11.3401  0.07
11.3501  0.03
11.3601  0.06
11.3701  0.04
11.3801  0.05
11.3901  0.06
11.4001  0.04
11.4101  0.06
11.4201  0.04
11.4301  0.01
11.4401  0.07
11.4501  0.05
11.4601  0.02
11.4701  0.08
11.4801  0.06
11.4901  0.06
11.5001  0.01
11.5101  0.04
11.5201  0.06
11.5301  0.08
11.5401  0.06
11.5501  0.03
11.5601  0.08
11.5701  0.1
11.5801  0.07
11.5901  0.04
11.6001  0.08
11.6101  0.05
11.6201  0.05
11.6301  0.03
11.6401  0.05
11.6501  0.05
11.6601  0.03
11.6701  0.08
11.6801  0.05
11.6901  0
11.7001  0.06
11.7101  0.03
11.7201  0.06
11.7301  0.06
11.7401  0.06
11.7501  0.04
11.7601  0.05
11.7701  0.07
11.7801  0.08
11.7901  0.06
11.8001  0.02
11.8101  0.07
11.8201  0.04
11.8301  0.05
11.8401  0.03
11.8501  0.06
11.8601  0.04
11.8701  0.06
11.8801  0.11
11.8901  0.09
11.9001  0.01
11.9101  0.04
11.9201  0.04
11.9301  0.09
11.9401  0.06
11.9501  0.01
11.9601  0.07
11.9701  0.01
11.9801  0.04
11.9901  0.06
12.0001  0.06
12.0101  0.08
12.0201  0.04
12.0301  0.09
12.0401  0.04
12.0501  0.05
12.0601  0.06
12.0701  0.07
12.0801  0.07
12.0901  0.02
12.1001  0.04
12.1101  0.02
12.1201  0.08
12.1301  0.04
12.1401  0.08
12.1501  0.04
12.1601  0.05
12.1701  0.06
12.1801  0.05
12.1901  0.01
12.2001  0.07
12.2101  0.02
12.2201  0.06
12.2301  0.05
12.2401  0.06
12.2501  0.05
12.2601  0.05
12.2701  0.08
12.2801  0.06
12.2901  0.07
12.3001  0.06
12.3101  0.05
12.3201  0.06
12.3301  0.07
12.3401  0.05
12.3501  0.03
12.3601  0.07
12.3701  0.04
12.3801  0.02
12.3901  0.09
12.4001  0.06
12.4101  0.07
12.4201  0.03
12.4301  0.04
12.4401  0.01
12.4501  0.07
12.4601  0.07
12.4701  0.01
12.4801  0.09
12.4901  0.04
12.5001  0.04
12.5101  0.11
12.5201  0.05
12.5301  0.1
12.5401  0.02
12.5501  0.03
12.5601  0.04
12.5701  0.06
12.5801  0.01
12.5901  0.07
12.6001  0.03
12.6101  0.1
12.6201  0.03
12.6301  0.06
12.6401  0.04
12.6501  0.04
12.6601  0.02
12.6701  0.1
12.6801  0.09
12.6901  0.03
12.7001  0.06
12.7101  0.05
12.7201  0.07
12.7301  0.08
12.7401  0.05
12.7501  0.06
12.7601  0.03
12.7701  0.05
12.7801  0.05
12.7901  0.07
12.8001  0.03
12.8101  0.05
12.8201  0.07
12.8301  0.06
12.8401  0.05
12.8501  0.05
12.8601  0.06
12.8701  0.04
12.8801  0
12.8901  0.06
12.9001  0.06
12.9101  0.08
12.9201  0.01
12.9301  0.05
12.9401  0.06
12.9501  0.05
12.9601  0.05
12.9701  0.06
12.9801  0.05
12.9901  0.07
13.0001  0.04
13.0101  0.07
13.0201  0.06
13.0301  0.06
13.0401  0.07
13.0501  0.02
13.0601  0.09
13.0701  0.06
13.0801  0.03
13.0901  0.08
13.1001  0.03
13.1101  0.06
13.1201  0.07
13.1301  0.06
13.1401  0.03
13.1501  0.02
13.1601  0.05
13.1701  0.05
13.1801  0.07
13.1901  0.04
13.2001  0.05
13.2101  0.03
13.2201  0.05
13.2301  0.07
13.2401  0.03
13.2501  0.07
13.2601  0.09
13.2701  0.08
13.2801  0.03
13.2901  0.07
13.3001  0.04
13.3101  0.04
13.3201  0.08
13.3301  0.05
13.3401  0.02
13.3501  0.02
13.3601  0.02
13.3701  0.05
13.3801  0.08
13.3901  0.12
13.4001  0.06
13.4101  0.04
13.4201  0.05
13.4301  0.01
13.4401  0.04
13.4501  0.09
13.4601  0.07
13.4701  0.04
13.4801  0.07
13.4901  0.05
13.5001  0.08
13.5101  0.06
13.5201  0.04
13.5301  0.02
13.5401  0.06
13.5501  0.02
13.5601  0.05
13.5701  0.08
13.5801  0.08
13.5901  0.01
13.6001  0.06
13.6101  0.02
13.6201  0.05
13.6301  0.07
13.6401  0.06
13.6501  0.06
13.6601  0.04
13.6701  0.08
13.6801  0.04
13.6901  0.02
13.7001  0.06
13.7101  0.07
13.7201  0.05
13.7301  0.02
13.7401  0.07
13.7501  0.05
13.7601  0.06
13.7701  0.06
13.7801  0.06
13.7901  0.07
13.8001  0.04
13.8101  0.04
13.8201  0.08
13.8301  0.02
13.8401  0.08
13.8501  0.04
13.8601  0.08
13.8701  0.05
13.8801  0.09
13.8901  0.04
13.9001  0.06
13.9101  0.06
13.9201  0.05
13.9301  0.02
13.9401  0.05
13.9501  0.04
13.9601  0.04
13.9701  0.03
13.9801  0.03
13.9901  0.05
14.0001  0.07
14.0101  0.07
14.0201  0.07
14.0301  0.08
14.0401  0.04
14.0501  0.05
14.0601  0.07
14.0701  0.04
14.0801  0.03
14.0901  0.01
14.1001  0.04
14.1101  0.09
14.1201  0.07
14.1301  0.07
14.1401  0.05
14.1501  0.03
14.1601  0.06
14.1701  0.06
14.1801  0.04
14.1901  0.06
14.2001  0.08
14.2101  0.04
14.2201  0.06
14.2301  0.03
14.2401  0.11
14.2501  0.04
14.2601  0.03
14.2701  0.1
14.2801  0.03
14.2901  0.03
14.3001  0.07
14.3101  0.02
14.3201  0.03
14.3301  0.07
14.3401  0.07
14.3501  0.06
14.3601  0.04
14.3701  0.06
14.3801  0.02
14.3901  0.05
14.4001  0.08
14.4101  0.02
14.4201  0.05
14.4301  0.05
14.4401  0.04
14.4501  0.07
14.4601  0.06
14.4701  0.09
14.4801  0.04
14.4901  0.06
14.5001  0.04
14.5101  0.07
14.5201  0.01
14.5301  0.05
14.5401  0.06
14.5501  0.07
14.5601  0.07
14.5701  0.06
14.5801  0.07
14.5901  0.08
14.6001  0.05
14.6101  0.06
14.6201  0.01
14.6301  0.04
14.6401  0.03
14.6501  0.04
14.6601  0.05
14.6701  0.07
14.6801  0.05
14.6901  0.04
14.7001  0.03
14.7101  0.07
14.7201  0.02
14.7301  0.11
14.7401  0.08
14.7501  0.05
14.7601  0.08
14.7701  0.04
14.7801  0.02
14.7901  0.01
14.8001  0.09
14.8101  0.05
14.8201  0.06
14.8301  0.06
14.8401  0.02
14.8501  0.04
14.8601  0.05
14.8701  0.05
14.8801  0.09
14.8901  0.03
14.9001  0.02
14.9101  0.05
14.9201  0.1
14.9301  0.07
14.9401  0.08
14.9501  0.06
14.9601  0.01
14.9701  0.1
14.9801  0.06
14.9901  0.06
15.0001  0.03
15.0101  0.03
15.0201  0.02
15.0301  0.04
15.0401  0.07
15.0501  0.08
15.0601  0.06
15.0701  0.12
15.0801  0.07
15.0901  0.04
15.1001  0.02
15.1101  0.04
15.1201  0.04
15.1301  0.03
15.1401  0.03
15.1501  0.04
15.1601  0.04
15.1701  0.03
15.1801  0.04
15.1901  0.1
15.2001  0.07
15.2101  0.03
15.2201  0.06
15.2301  0.08
15.2401  0.06
15.2501  0.03
15.2601  0.07
15.2701  0.04
15.2801  0.04
15.2901  0.04
15.3001  0.06
15.3101  0.08
15.3201  0.09
15.3301  0.03
15.3401  0.08
15.3501  0.03
15.3601  0.05
15.3701  0.06
15.3801  0.05
15.3901  0.06
15.4001  0.04
15.4101  0.06
15.4201  0.02
15.4301  0.09
15.4401  0.04
15.4501  0.09
15.4601  0.04
15.4701  0.03
15.4801  0.05
15.4901  0.08
15.5001  0.02
15.5101  0.03
15.5201  0.04
15.5301  0.01
15.5401  0.05
15.5501  0.1
15.5601  0.06
15.5701  0.07
15.5801  0.06
15.5901  0.04
15.6001  0.06
15.6101  0.07
15.6201  0.04
15.6301  0.05
15.6401  0.04
15.6501  0.05
15.6601  0.04
15.6701  0.05
15.6801  0.06
15.6901  0.07
15.7001  0.04
15.7101  0.12
15.7201  0.04
15.7301  0.1
15.7401  0.02
15.7501  0.1
15.7601  0.02
15.7701  0
15.7801  0.03
15.7901  0.04
15.8001  0.03
15.8101  0.05
15.8201  0.11
15.8301  0.09
15.8401  0.05
15.8501  0.05
15.8601  0.02
15.8701  0.08
15.8801  0.05
15.8901  0.05
15.9001  0.04
15.9101  0.03
15.9201  0.02
15.9301  0.04
15.9401  0.05
15.9501  0.11
15.9601  0.04
15.9701  0.04
15.9801  0.09
15.9901  0.04
16.0001  0.08
16.0101  0.02
16.0201  0.07
16.0301  0.06
16.0401  0.05
16.0501  0.04
16.0601  0.04
16.0701  0.06
16.0801  0.06
16.0901  0.04
16.1001  0.06
16.1101  0.07
16.1201  0.04
16.1301  0.09
16.1401  0.06
16.1501  0.02
16.1601  0.06
16.1701  0.01
16.1801  0.05
16.1901  0.02
16.2001  0.07
16.2101  0.06
16.2201  0.08
16.2301  0.08
16.2401  0.04
16.2501  0.07
16.2601  0.1
16.2701  0.06
16.2801  0.04
16.2901  0.04
16.3001  0.04
16.3101  0.04
16.3201  0.03
16.3301  0.05
16.3401  0.05
16.3501  0.05
16.3601  0.04
16.3701  0.01
16.3801  0.05
16.3901  0.09
16.4001  0.07
16.4101  0.04
16.4201  0.03
16.4301  0.08
16.4401  0.08
16.4501  0.05
16.4601  0.07
16.4701  0.04
16.4801  0.09
16.4901  0.03
16.5001  0.03
16.5101  0.09
16.5201  0.05
16.5301  0.04
16.5401  0.03
16.5501  0.04
16.5601  0.05
16.5701  0.07
16.5801  0.07
16.5901  0.06
16.6001  0.07
16.6101  0.05
16.6201  0.03
16.6301  0.05
16.6401  0.05
16.6501  0.04
16.6601  0.04
16.6701  0.05
16.6801  0.06
16.6901  0.03
16.7001  0.09
16.7101  0.04
16.7201  0.04
16.7301  0.03
16.7401  0.06
16.7501  0.09
16.7601  0.05
16.7701  0.07
16.7801  0.02
16.7901  0.03
16.8001  0.04
16.8101  0.07
16.8201  0.03
16.8301  0.08
16.8401  0.04
16.8501  0.06
16.8601  0.03
16.8701  0.08
16.8801  0.09
16.8901  0.05
16.9001  0.06
16.9101  0.08
16.9201  0.08
16.9301  0.04
16.9401  0.06
16.9501  0.05
16.9601  0.01
16.9701  0.03
16.9801  0.08
16.9901  0.05
17.0001  0.03
17.0101  0.04
17.0201  0.08
17.0301  0.05
17.0401  0.04
17.0501  0.04
17.0601  0.08
17.0701  0.04
17.0801  0.05
17.0901  0.06
17.1001  0.04
17.1101  0.03
17.1201  0.02
17.1301  0.06
17.1401  0.07
17.1501  0.09
17.1601  0.07
17.1701  0.06
17.1801  0.07
17.1901  0.02
17.2001  0.04
17.2101  0.04
17.2201  0.05
17.2301  0.06
17.2401  0.05
17.2501  0.05
17.2601  0.05
17.2701  0.06
17.2801  0.07
17.2901  0.05
17.3001  0.11
17.3101  0.06
17.3201  0.05
17.3301  0.04
17.3401  0.02
17.3501  0.05
17.3601  0.07
17.3701  0.01
17.3801  0.03
17.3901  0.06
17.4001  0.05
17.4101  0.06
17.4201  0.06
17.4301  0.07
17.4401  0.08
17.4501  0.04
17.4601  0.02
17.4701  0.1
17.4801  0.02
17.4901  0.05
17.5001  0.04
17.5101  0.06
17.5201  0.08
17.5301  0.04
17.5401  0.05
17.5501  0.05
17.5601  0.06
17.5701  0.04
17.5801  0.05
17.5901  0.08
17.6001  0.02
17.6101  0.06
17.6201  0.06
17.6301  0.05
17.6401  0.05
17.6501  0.03
17.6601  0.04
17.6701  0.08
17.6801  0.06
17.6901  0.09
17.7001  0.06
17.7101  0.03
17.7201  0.03
17.7301  0.09
17.7401  0.04
17.7501  0.04
17.7601  0.05
17.7701  0.05
17.7801  0.05
17.7901  0.1
17.8001  0.07
17.8101  0.07
17.8201  0.02
17.8301  0.04
17.8401  0.04
17.8501  0.02
17.8601  0.05
17.8701  0.08
17.8801  0.04
17.8901  0.04
17.9001  0.05
17.9101  0.06
17.9201  0.02
17.9301  0.08
17.9401  0.06
17.9501  0.02
17.9601  0.07
17.9701  0.08
17.9801  0.04
17.9901  0.05
18.0001  0.02
18.0101  0.05
18.0201  0.07
18.0301  0.04
18.0401  0.04
18.0501  0.09
18.0601  0.08
18.0701  0.08
18.0801  0.04
18.0901  0.06
18.1001  0.12
18.1101  0.03
18.1201  0.07
18.1301  0.04
18.1401  0.04
18.1501  0.04
18.1601  0.01
18.1701  0.02
18.1801  0.07
18.1901  0.05
18.2001  0.05
18.2101  0.04
18.2201  0.09
18.2301  0.05
18.2401  0.05
18.2501  0.06
18.2601  0.06
18.2701  0.04
18.2801  0.03
18.2901  0.03
18.3001  0.1
18.3101  0.05
18.3201  0.04
18.3301  0.05
18.3401  0.01
18.3501  0.05
18.3601  0.07
18.3701  0.11
18.3801  0.05
18.3901  0.03
18.4001  0.05
18.4101  0.06
18.4201  0.06
18.4301  0.02
18.4401  0.05
18.4501  0.05
18.4601  0.08
18.4701  0.05
18.4801  0.07
18.4901  0.03
18.5001  0.07
18.5101  0.07
18.5201  0.03
18.5301  0.11
18.5401  0.01
18.5501  0.05
18.5601  0.01
18.5701  0.07
18.5801  0.07
18.5901  0.06
18.6001  0.06
18.6101  0.05
18.6201  0.04
18.6301  0.03
18.6401  0.03
18.6501  0.05
18.6601  0.05
18.6701  0.08
18.6801  0.07
18.6901  0.06
18.7001  0.02
18.7101  0.06
18.7201  0.03
18.7301  0.04
18.7401  0.08
18.7501  0.09
18.7601  0.05
18.7701  0.05
18.7801  0.06
18.7901  0.04
18.8001  0.05
18.8101  0.04
18.8201  0.11
18.8301  0.02
18.8401  0.06
18.8501  0.06
18.8601  0.05
18.8701  0.04
18.8801  0.05
18.8901  0.04
18.9001  0.08
18.9101  0.02
18.9201  0.06
18.9301  0.04
18.9401  0.1
18.9501  0.05
18.9601  0.07
18.9701  0.07
18.9801  0.03
18.9901  0.03
19.0001  0.04
19.0101  0.05
19.0201  0.05
19.0301  0.03
19.0401  0.05
19.0501  0.05
19.0601  0.05
19.0701  0.06
19.0801  0.1
19.0901  0.03
19.1001  0.02
19.1101  0.09
19.1201  0.11
19.1301  0.04
19.1401  0.03
19.1501  0.05
19.1601  0.02
19.1701  0.05
19.1801  0.03
19.1901  0.07
19.2001  0.07
19.2101  0.04
19.2201  0.08
19.2301  0.03
19.2401  0.02
19.2501  0.05
19.2601  0.04
19.2701  0.12
19.2801  0.04
19.2901  0.07
19.3001  0.05
19.3101  0.02
19.3201  0.1
19.3301  0.06
19.3401  0.07
19.3501  0.03
19.3601  0.05
19.3701  0.09
19.3801  0.05
19.3901  0.06
19.4001  0.04
19.4101  0.03
19.4201  0.04
19.4301  0.06
19.4401  0.04
19.4501  0.04
19.4601  0.05
19.4701  0.02
19.4801  0.01
19.4901  0.08
19.5001  0.05
19.5101  0.05
19.5201  0.06
19.5301  0.04
19.5401  0.07
19.5501  0.06
19.5601  0.06
19.5701  0.12
19.5801  0.11
19.5901  0.01
19.6001  0.03
19.6101  0.01
19.6201  0.06
19.6301  0.04
19.6401  0.06
19.6501  0.08
19.6601  0.07
19.6701  0.06
19.6801  0.04
19.6901  0.06
19.7001  0.11
19.7101  0.03
19.7201  0.03
19.7301  0.02
19.7401  0.06
19.7501  0.02
19.7601  0.04
19.7701  0.04
19.7801  0.06
19.7901  0.07
19.8001  0.04
19.8101  0.05
19.8201  0.06
19.8301  0.04
19.8401  0.1
19.8501  0.08
19.8601  0.06
19.8701  0.09
19.8801  0.04
19.8901  0.01
19.9001  0.02
19.9101  0.03
19.9201  0.06
19.9301  0.02
19.9401  0.06
19.9501  0.09
19.9601  0.05
19.9701  0.05
19.9801  0.04
19.9901  0.05
20.0001  0.05
20.0101  0.08
20.0201  0.07
20.0301  0.07
20.0401  0.02
20.0501  0.08
20.0601  0.06
20.0701  0.05
20.0801  0.05
20.0901  0.04
20.1001  0.04
20.1101  0.03
20.1201  0.07
20.1301  0.01
20.1401  0.07
20.1501  0.06
20.1601  0.05
20.1701  0.08
20.1801  0.07
20.1901  0.07
20.2001  0.07
20.2101  0.04
20.2201  0.07
20.2301  0.01
20.2401  0.06
20.2501  0.06
20.2601  0.03
20.2701  0.08
20.2801  0.02
20.2901  0.06
20.3001  0.03
20.3101  0.04
20.3201  0.03
20.3301  0.1
20.3401  0.06
20.3501  0.03
20.3601  0.06
20.3701  0.07
20.3801  0.01
20.3901  0.07
20.4001  0.06
20.4101  0.05
20.4201  0.03
20.4301  0.08
20.4401  0.07
20.4501  0.05
20.4601  0.03
20.4701  0.08
20.4801  0.02
20.4901  0.06
20.5001  0.1
20.5101  0.08
20.5201  0.01
20.5301  0.05
20.5401  0.08
20.5501  0.05
20.5601  0.06
20.5701  0
20.5801  0.05
20.5901  0.06
20.6001  0.05
20.6101  0.03
20.6201  0.06
20.6301  0.07
20.6401  0.02
20.6501  0.09
20.6601  0.08
20.6701  0.05
20.6801  0.03
20.6901  0.03
20.7001  0.07
20.7101  0.06
20.7201  0.05
20.7301  0.05
20.7401  0.05
20.7501  0.05
20.7601  0.03
20.7701  0.05
20.7801  0.05
20.7901  0.06
20.8001  0.04
20.8101  0.06
20.8201  0.04
20.8301  0.07
20.8401  0.04
20.8501  0.07
20.8601  0.08
20.8701  0.05
20.8801  0.05
20.8901  0.07
20.9001  0.06
20.9101  0.07
20.9201  0.06
20.9301  0.01
20.9401  0.04
20.9501  0.08
20.9601  0.06
20.9701  0.03
20.9801  0.06
20.9901  0.05
21.0001  0.05
21.0101  0.08
21.0201  0.04
21.0301  0.03
21.0401  0.07
21.0501  0
21.0601  0.07
21.0701  0.04
21.0801  0.09
21.0901  0.07
21.1001  0.04
21.1101  0.04
21.1201  0.05
21.1301  0.04
21.1401  0.06
21.1501  0.03
21.1601  0.06
21.1701  0.04
21.1801  0.09
21.1901  0.05
21.2001  0.04
21.2101  0.08
21.2201  0.08
21.2301  0.04
21.2401  0.04
21.2501  0.03
21.2601  0.06
21.2701  0.03
21.2801  0.1
21.2901  0.06
21.3001  0.02
21.3101  0.07
21.3201  0.04
21.3301  0.06
21.3401  0.1
21.3501  0.03
21.3601  0.04
21.3701  0.05
21.3801  0.09
21.3901  0.03
21.4001  0.03
21.4101  0.03
21.4201  0.06
21.4301  0.02
21.4401  0.06
21.4501  0.03
21.4601  0.09
21.4701  0.03
21.4801  0.06
21.4901  0.07
21.5001  0.07
21.5101  0.02
21.5201  0.09
21.5301  0.08
21.5401  0.07
21.5501  0.07
21.5601  0.04
21.5701  0.04
21.5801  0.06
21.5901  0.04
21.6001  0.02
21.6101  0.03
21.6201  0.07
21.6301  0.04
21.6401  0.03
21.6501  0.04
21.6601  0.07
21.6701  0.1
21.6801  0.01
21.6901  0.05
21.7001  0.03
21.7101  0.08
21.7201  0.02
21.7301  0.06
21.7401  0.09
21.7501  0.09
21.7601  0.11
21.7701  0.06
21.7801  0.03
21.7901  0.05
21.8001  0.03
21.8101  0.03
21.8201  0.05
21.8301  0.11
21.8401  0.02
21.8501  0.01
21.8601  0.1
21.8701  0.05
21.8801  0.02
21.8901  0.05
21.9001  0.04
21.9101  0.01
21.9201  0.08
21.9301  0.06
21.9401  0.06
21.9501  0.05
21.9601  0.08
21.9701  0.03
21.9801  0.04
21.9901  0.05
22.0001  0.07
22.0101  0.06
22.0201  0.05
22.0301  0.05
22.0401  0.04
22.0501  0.03
22.0601  0.05
22.0701  0.05
22.0801  0.06
22.0901  0.07
22.1001  0.12
22.1101  0.03
22.1201  0.07
22.1301  0.05
22.1401  0.08
22.1501  0.03
22.1601  0.06
22.1701  0.05
22.1801  0.06
22.1901  0.05
22.2001  0.06
22.2101  0.03
22.2201  0.01
22.2301  0.05
22.2401  0.06
22.2501  0.04
22.2601  0.05
22.2701  0.08
22.2801  0.04
22.2901  0.06
22.3001  0.05
22.3101  0.05
22.3201  0.09
22.3301  0.06
22.3401  0.06
22.3501  0.05
22.3601  0.04
22.3701  0.02
22.3801  0.05
22.3901  0.02
22.4001  0.06
22.4101  0.01
22.4201  0.05
22.4301  0.08
22.4401  0.07
22.4501  0.06
22.4601  0.07
22.4701  0.06
22.4801  0.04
22.4901  0.06
22.5001  0.07
22.5101  0.06
22.5201  0.01
22.5301  0.07
22.5401  0.04
22.5501  0.04
22.5601  0.06
22.5701  0.05
22.5801  0.09
22.5901  0.05
22.6001  0.05
22.6101  0.09
22.6201  0.03
22.6301  0.06
22.6401  0.08
22.6501  0.06
22.6601  0.05
22.6701  0.04
22.6801  0.06
22.6901  0.04
22.7001  0.01
22.7101  0.05
22.7201  0.06
22.7301  0.04
22.7401  0.02
22.7501  0.04
22.7601  0.04
22.7701  0.09
22.7801  0.05
22.7901  0.05
22.8001  0.07
22.8101  0.08
22.8201  0.09
22.8301  0.06
22.8401  0.05
22.8501  0.02
22.8601  0.05
22.8701  0.05
22.8801  0.04
22.8901  0.05
22.9001  0.05
22.9101  0.03
22.9201  0.1
22.9301  0.06
22.9401  0.05
22.9501  0.04
22.9601  0.06
22.9701  0.04
22.9801  0.06
22.9901  0.07
23.0001  0.1
23.0101  0.05
23.0201  0.02
23.0301  0.06
23.0401  0.03
23.0501  0.07
23.0601  0.01
23.0701  0.02
23.0801  0.09
23.0901  0.07
23.1001  0.05
23.1101  0.05
23.1201  0.04
23.1301  0.07
23.1401  0.06
23.1501  0.09
23.1601  0.04
23.1701  0.05
23.1801  0.04
23.1901  0.03
23.2001  0.05
23.2101  0.06
23.2201  0.03
23.2301  0.03
23.2401  0.06
23.2501  0.03
23.2601  0.05
23.2701  0.06
23.2801  0.07
23.2901  0.03
23.3001  0.1
23.3101  0.1
23.3201  0.05
23.3301  0.05
23.3401  0.05
23.3501  0.03
23.3601  0.06
23.3701  0.03
23.3801  0.01
23.3901  0.05
23.4001  0.06
23.4101  0.03
23.4201  0.1
23.4301  0.08
23.4401  0.03
23.4501  0.05
23.4601  0.03
23.4701  0.1
23.4801  0.07
23.4901  0.09
23.5001  0.06
23.5101  0.07
23.5201  0.06
23.5301  0.05
23.5401  0.06
23.5501  0.01
23.5601  0.02
23.5701  0.02
23.5801  0.04
23.5901  0.06
23.6001  0.04
23.6101  0.04
23.6201  0.01
23.6301  0.04
23.6401  0.04
23.6501  0.05
23.6601  0.09
23.6701  0.04
23.6801  0.09
23.6901  0.09
23.7001  0.08
23.7101  0.05
23.7201  0.06
23.7301  0.03
23.7401  0.06
23.7501  0.04
23.7601  0.08
23.7701  0.1
23.7801  0.02
23.7901  0.02
23.8001  0.06
23.8101  0.03
23.8201  0.03
23.8301  0.08
23.8401  0.11
23.8501  0.06
23.8601  0
23.8701  0.04
23.8801  0.08
23.8901  0.05
23.9001  0.03
23.9101  0.06
23.9201  0.03
23.9301  0.06
23.9401  0.07
23.9501  0.04
23.9601  0.04
23.9701  0.07
23.9801  0.05
23.9901  0.06
24.0001  0.04
24.0101  0.07
24.0201  0.05
24.0301  0.07
24.0401  0.05
24.0501  0.06
24.0601  0.05
24.0701  0.04
24.0801  0.05
24.0901  0.04
24.1001  0.06
24.1101  0.04
24.1201  0.07
24.1301  0.02
24.1401  0.08
24.1501  0.06
24.1601  0.04
24.1701  0.05
24.1801  0.06
24.1901  0.06
24.2001  0.05
24.2101  0.03
24.2201  0.08
24.2301  0.05
24.2401  0.05
24.2501  0.05
24.2601  0.05
24.2701  0.08
24.2801  0.07
24.2901  0.05
24.3001  0.05
24.3101  0.03
24.3201  0.06
24.3301  0.06
24.3401  0.04
24.3501  0.04
24.3601  0.07
24.3701  0.04
24.3801  0.02
24.3901  0.03
24.4001  0.08
24.4101  0.05
24.4201  0.09
24.4301  0.05
24.4401  0.06
24.4501  0.08
24.4601  0.01
24.4701  0.07
24.4801  0.02
24.4901  0.1
24.5001  0.02
24.5101  0.04
24.5201  0.09
24.5301  0.07
24.5401  0.02
24.5501  0.04
24.5601  0.06
24.5701  0.04
24.5801  0.03
24.5901  0.06
24.6001  0.09
24.6101  0.02
24.6201  0.04
24.6301  0.06
24.6401  0.05
24.6501  0.07
24.6601  0.07
24.6701  0.07
24.6801  0.05
24.6901  0.09
24.7001  0.06
24.7101  0.03
24.7201  0.08
24.7301  0.03
24.7401  0.05
24.7501  0.02
24.7601  0.03
24.7701  0.05
24.7801  0.06
24.7901  0.07
24.8001  0.03
24.8101  0.05
24.8201  0.07
24.8301  0.05
24.8401  0.04
24.8501  0.05
24.8601  0.05
24.8701  0.07
24.8801  0.05
24.8901  0.04
24.9001  0.07
24.9101  0.08
24.9201  0.08
24.9301  0.03
24.9401  0.02
24.9501  0.05
24.9601  0.03
24.9701  0.06
24.9801  0.03
24.9901  0.05
25.0001  0.04
25.0101  0.07
25.0201  0.05
25.0301  0.05
25.0401  0.04
25.0501  0.06
25.0601  0.05
25.0701  0.08
25.0801  0.06
25.0901  0.06
25.1001  0.08
25.1101  0.07
25.1201  0.09
25.1301  0.05
25.1401  0.05
25.1501  0.05
25.1601  0.02
25.1701  0.04
25.1801  0.07
25.1901  0.04
25.2001  0.07
25.2101  0.04
25.2201  0.04
25.2301  0.06
25.2401  0.01
25.2501  0.04
25.2601  0.07
25.2701  0.08
25.2801  0.04
25.2901  0.05
25.3001  0.06
25.3101  0.03
25.3201  0.04
25.3301  0.06
25.3401  0.04
25.3501  0.1
25.3601  0.05
25.3701  0.11
25.3801  0.03
25.3901  0.04
25.4001  0.05
25.4101  0.03
25.4201  0.03
25.4301  0.06
25.4401  0.08
25.4501  0.04
25.4601  0.05
25.4701  0.04
25.4801  0.06
25.4901  0.06
25.5001  0.08
25.5101  0.02
25.5201  0.06
25.5301  0.09
25.5401  0.05
25.5501  0.08
25.5601  0.01
25.5701  0.1
25.5801  0.03
25.5901  0.05
25.6001  0.07
25.6101  0.05
25.6201  0.05
25.6301  0.02
25.6401  0.05
25.6501  0.04
25.6601  0.03
25.6701  0.05
25.6801  0.03
25.6901  0.05
25.7001  0.05
25.7101  0.07
25.7201  0.06
25.7301  0.11
25.7401  0.06
25.7501  0.03
25.7601  0.08
25.7701  0.08
25.7801  0.06
25.7901  0
25.8001  0.06
25.8101  0.01
25.8201  0.06
25.8301  0.04
25.8401  0.04
25.8501  0.06
25.8601  0.06
25.8701  0.02
25.8801  0.04
25.8901  0.05
25.9001  0.07
25.9101  0.08
25.9201  0.09
25.9301  0.05
25.9401  0.05
25.9501  0.05
25.9601  0.07
25.9701  0.04
25.9801  0.06
25.9901  0.03
26.0001  0.05
26.0101  0.03
26.0201  0.05
26.0301  0.03
26.0401  0.05
26.0501  0.1
26.0601  0.1
26.0701  0.04
26.0801  0.04
26.0901  0.08
26.1001  0.08
26.1101  0.06
26.1201  0.05
26.1301  0.04
26.1401  0.04
26.1501  0.03
26.1601  0.04
26.1701  0.06
26.1801  0.05
26.1901  0.02
26.2001  0.05
26.2101  0.03
26.2201  0.05
26.2301  0.03
26.2401  0.06
26.2501  0.07
26.2601  0.03
26.2701  0.09
26.2801  0.05
26.2901  0.08
26.3001  0.07
26.3101  0.05
26.3201  0.05
26.3301  0.1
26.3401  0.02
26.3501  0.05
26.3601  0.04
26.3701  0.05
26.3801  0.08
26.3901  0.03
26.4001  0.03
26.4101  0.05
26.4201  0.06
26.4301  0.07
26.4401  0.04
26.4501  0.08
26.4601  0.05
26.4701  0.05
26.4801  0.06
26.4901  0.08
26.5001  0.03
26.5101  0.04
26.5201  0.06
26.5301  0.03
26.5401  0.08
26.5501  0.03
26.5601  0.04
26.5701  0.06
26.5801  0.06
26.5901  0.04
26.6001  0.02
26.6101  0.06
26.6201  0.05
26.6301  0.1
26.6401  0.06
26.6501  0.06
26.6601  0.04
26.6701  0.06
26.6801  0.03
26.6901  0.06
26.7001  0.06
26.7101  0.02
26.7201  0.06
26.7301  0.08
26.7401  0.03
26.7501  0.06
26.7601  0.07
26.7701  0.05
26.7801  0.05
26.7901  0.01
26.8001  0.05
26.8101  0.06
26.8201  0.06
26.8301  0.06
26.8401  0.06
26.8501  0.1
26.8601  0.08
26.8701  0.09
26.8801  0.02
26.8901  0.05
26.9001  0.04
26.9101  0.03
26.9201  0.04
26.9301  0.07
26.9401  0.05
26.9501  0.03
26.9601  0.02
26.9701  0.08
26.9801  0.05
26.9901  0.05
27.0001  0.05
27.0101  0.05
27.0201  0.05
27.0301  0.05
27.0401  0.05
27.0501  0.04
27.0601  0.06
27.0701  0.07
27.0801  0.03
27.0901  0.08
27.1001  0.02
27.1101  0.07
27.1201  0.08
27.1301  0.05
27.1401  0.05
27.1501  0.05
27.1601  0.06
27.1701  0.03
27.1801  0.05
27.1901  0.02
27.2001  0.03
27.2101  0.06
27.2201  0.08
27.2301  0.09
27.2401  0.05
27.2501  0.04
27.2601  0.12
27.2701  0.03
27.2801  0.07
27.2901  0.05
27.3001  0.01
27.3101  0.05
27.3201  0.06
27.3301  0.04
27.3401  0.04
27.3501  0.04
27.3601  0.05
27.3701  0.07
27.3801  0.06
27.3901  0.04
27.4001  0.06
27.4101  0.07
27.4201  0.08
27.4301  0.03
27.4401  0.09
27.4501  0.02
27.4601  0.05
27.4701  0.01
27.4801  0.04
27.4901  0.04
27.5001  0.08
27.5101  0.07
27.5201  0.08
27.5301  0.05
27.5401  0.01
27.5501  0.08
27.5601  0.04
27.5701  0.05
27.5801  0.07
27.5901  0.03
27.6001  0.04
27.6101  0.08
27.6201  0.01
27.6301  0.07
27.6401  0.06
27.6501  0.06
27.6601  0.05
27.6701  0.04
27.6801  0.07
27.6901  0.02
27.7001  0.02
27.7101  0.1
27.7201  0.07
27.7301  0.07
27.7401  0.07
27.7501  0.07
27.7601  0.07
27.7701  0.06
27.7801  0.08
27.7901  0.07
27.8001  0.01
27.8101  0.07
27.8201  0.05
27.8301  0.03
27.8401  0.04
27.8501  0.05
27.8601  0.04
27.8701  0.03
27.8801  0.03
27.8901  0.04
27.9001  0.05
27.9101  0.04
27.9201  0.05
27.9301  0.02
27.9401  0.06
27.9501  0.06
27.9601  0.08
27.9701  0.06
27.9801  0.06
27.9901  0.06
28.0001  0.08
28.0101  0.07
28.0201  0.06
28.0301  0.03
28.0401  0.03
28.0501  0.01
28.0601  0.05
28.0701  0.07
28.0801  0.03
28.0901  0.06
28.1001  0.08
28.1101  0.07
28.1201  0.04
28.1301  0.03
28.1401  0.09
28.1501  0.08
28.1601  0.05
28.1701  0.11
28.1801  0.05
28.1901  0.04
28.2001  0.12
28.2101  0.04
28.2201  0.02
28.2301  0.03
28.2401  0.07
28.2501  0.02
28.2601  0.02
28.2701  0.03
28.2801  0.04
28.2901  0.05
28.3001  0.07
28.3101  0.06
28.3201  0.02
28.3301  0.01
28.3401  0.06
28.3501  0.08
28.3601  0.06
28.3701  0.06
28.3801  0.04
28.3901  0.07
28.4001  0.07
28.4101  0.11
28.4201  0.06
28.4301  0.08
28.4401  0.02
28.4501  0.04
28.4601  0.04
28.4701  0.03
28.4801  0.03
28.4901  0.06
28.5001  0.04
28.5101  0.05
28.5201  0.04
28.5301  0.1
28.5401  0.01
28.5501  0.04
28.5601  0.08
28.5701  0.05
28.5801  0.02
28.5901  0.08
28.6001  0.09
28.6101  0.03
28.6201  0.08
28.6301  0.04
28.6401  0.07
28.6501  0.05
28.6601  0.07
28.6701  0.03
28.6801  0.07
28.6901  0.04
28.7001  0.05
28.7101  0.06
28.7201  0.05
28.7301  0.04
28.7401  0.02
28.7501  0.05
28.7601  0.11
28.7701  0.05
28.7801  0.08
28.7901  0.04
28.8001  0.06
28.8101  0.03
28.8201  0.05
28.8301  0.04
28.8401  0.03
28.8501  0.05
28.8601  0.09
28.8701  0.06
28.8801  0.05
28.8901  0.02
28.9001  0.05
28.9101  0.06
28.9201  0.07
28.9301  0.07
28.9401  0.01
28.9501  0.06
28.9601  0.05
28.9701  0.06
28.9801  0.07
28.9901  0.04
29.0001  0.08
29.0101  0.07
29.0201  0.04
29.0301  0.01
29.0401  0.05
29.0501  0.07
29.0601  0.08
29.0701  0.06
29.0801  0.07
29.0901  0.04
29.1001  0.03
29.1101  0.09
29.1201  0.03
29.1301  0.01
29.1401  0.09
29.1501  0.05
29.1601  0.06
29.1701  0.05
29.1801  0.04
29.1901  0.04
29.2001  0.07
29.2101  0.04
29.2201  0.1
29.2301  0.01
29.2401  0.03
29.2501  0.09
29.2601  0.04
29.2701  0.02
29.2801  0.06
29.2901  0.04
29.3001  0.07
29.3101  0.05
29.3201  0.03
29.3301  0.06
29.3401  0.05
29.3501  0.06
29.3601  0.03
29.3701  0.07
29.3801  0.03
29.3901  0.08
29.4001  0.05
29.4101  0.07
29.4201  0.07
29.4301  0.03
29.4401  0.04
29.4501  0.05
29.4601  0.06
29.4701  0.07
29.4801  0.05
29.4901  0.06
29.5001  0.13
29.5101  0.05
29.5201  0.03
29.5301  0.03
29.5401  0.02
29.5501  0.07
29.5601  0.05
29.5701  0.03
29.5801  0.03
29.5901  0.08
29.6001  0.06
29.6101  0.06
29.6201  0.09
29.6301  0.03
29.6401  0.05
29.6501  0.06
29.6601  0.03
29.6701  0.03
29.6801  0.08
29.6901  0.05
29.7001  0.03
29.7101  0.02
29.7201  0.06
29.7301  0.06
29.7401  0.03
29.7501  0.09
29.7601  0.06
29.7701  0.07
29.7801  0.06
29.7901  0.02
29.8001  0.07
29.8101  0.07
29.8201  0.05
29.8301  0.05
29.8401  0.05
29.8501  0.04
29.8601  0.01
29.8701  0.07
29.8801  0.06
29.8901  0.08
29.9001  0.06
29.9101  0.09
29.9201  0.02
29.9301  0.03
29.9401  0.08
29.9501  0.07
29.9601  0.08
29.9701  0.03
29.9801  0.02
29.9901  0.04
30.0001  0.06
30.0101  0.01
30.0201  0.06
30.0301  0.08
30.0401  0.05
30.0501  0.06
30.0601  0.01
30.0701  0.06
30.0801  0.11
30.0901  0.07
30.1001  0.02
30.1101  0.03
30.1201  0.06
30.1301  0.06
30.1401  0.06
30.1501  0.06
30.1601  0.1
30.1701  0.04
30.1801  0.05
30.1901  0.03
30.2001  0.06
30.2101  0.05
30.2201  0.02
30.2301  0.03
30.2401  0.07
30.2501  0.07
30.2601  0.07
30.2701  0.03
30.2801  0.03
30.2901  0.05
30.3001  0.08
30.3101  0.07
30.3201  0.05
30.3301  0.01
30.3401  0.06
30.3501  0.06
30.3601  0.03
30.3701  0.06
30.3801  0.1
30.3901  0.03
30.4001  0.06
30.4101  0.08
30.4201  0.06
30.4301  0.04
30.4401  0.04
30.4501  0.09
30.4601  0.02
30.4701  0.03
30.4801  0.08
30.4901  0.03
30.5001  0.06
30.5101  0.03
30.5201  0.06
30.5301  0.02
30.5401  0.09
30.5501  0.07
30.5601  0.09
30.5701  0.03
30.5801  0.05
30.5901  0.05
30.6001  0.02
30.6101  0.07
30.6201  0.03
30.6301  0.06
30.6401  0.09
30.6501  0.05
30.6601  0.05
30.6701  0.04
30.6801  0.02
30.6901  0.05
30.7001  0.04
30.7101  0.06
30.7201  0.03
30.7301  0.06
30.7401  0.03
30.7501  0.06
30.7601  0.06
30.7701  0.07
30.7801  0.07
30.7901  0.07
30.8001  0.04
30.8101  0.06
30.8201  0.09
30.8301  0.08
30.8401  0.05
30.8501  0.09
30.8601  0.04
30.8701  0.05
30.8801  0.1
30.8901  0.02
30.9001  0.02
30.9101  0.02
30.9201  0.04
30.9301  0.01
30.9401  0.06
30.9501  0.06
30.9601  0.08
30.9701  0.04
30.9801  0.05
30.9901  0.05
31.0001  0.07
31.0101  0.05
31.0201  0.05
31.0301  0.09
31.0401  0.05
31.0501  0.04
31.0601  0.04
31.0701  0.03
31.0801  0.02
31.0901  0.04
31.1001  0.09
31.1101  0.02
31.1201  0.07
31.1301  0.08
31.1401  0.05
31.1501  0.04
31.1601  0.06
31.1701  0.06
31.1801  0.05
31.1901  0.05
31.2001  0.04
31.2101  0.06
31.2201  0.1
31.2301  0.08
31.2401  0.04
31.2501  0.05
31.2601  0.04
31.2701  0.05
31.2801  0.06
31.2901  0.04
31.3001  0.03
31.3101  0.08
31.3201  0.05
31.3301  0.02
31.3401  0.07
31.3501  0.03
31.3601  0.07
31.3701  0.02
31.3801  0.07
31.3901  0.05
31.4001  0.04
31.4101  0.06
31.4201  0.05
31.4301  0.07
31.4401  0.07
31.4501  0.06
31.4601  0.08
31.4701  0.03
31.4801  0.04
31.4901  0.08
31.5001  0.01
31.5101  0.04
31.5201  0.06
31.5301  0.09
31.5401  0.04
31.5501  0.06
31.5601  0.06
31.5701  0.07
31.5801  0.04
31.5901  0.01
31.6001  0.03
31.6101  0.07
31.6201  0.04
31.6301  0.05
31.6401  0.05
31.6501  0.05
31.6601  0.08
31.6701  0.04
31.6801  0.09
31.6901  0.07
31.7001  0.08
31.7101  0.01
31.7201  0.03
31.7301  0.07
31.7401  0.09
31.7501  0.03
31.7601  0.07
31.7701  0.06
31.7801  0.05
31.7901  0.04
31.8001  0.07
31.8101  0.01
31.8201  0.05
31.8301  0.04
31.8401  0.02
31.8501  0.02
31.8601  0.08
31.8701  0.07
31.8801  0.07
31.8901  0.07
31.9001  0.06
31.9101  0.06
31.9201  0.09
31.9301  0.05
31.9401  0.04
31.9501  0.07
31.9601  0.06
31.9701  0.03
31.9801  0.02
31.9901  0.04
32.0001  0.09
32.0101  0.03
32.0201  0.04
32.0301  0.06
32.0401  0.03
32.0501  0.07
32.0601  0.02
32.0701  0.03
32.0801  0.03
32.0901  0.09
32.1001  0.05
32.1101  0.04
32.1201  0.08
32.1301  0.05
32.1401  0.08
32.1501  0.07
32.1601  0.05
32.1701  0.08
32.1801  0.05
32.1901  0.05
32.2001  0.07
32.2101  0.04
32.2201  0.04
32.2301  0.09
32.2401  0.05
32.2501  0.05
32.2601  0.03
32.2701  0.03
32.2801  0.06
32.2901  0.03
32.3001  0.01
32.3101  0.02
32.3201  0.12
32.3301  0.05
32.3401  0.1
32.3501  0.06
32.3601  0.02
32.3701  0.08
32.3801  0.03
32.3901  0.06
32.4001  0.08
32.4101  0.01
32.4201  0.05
32.4301  0.06
32.4401  0.06
32.4501  0.06
32.4601  0.05
32.4701  0.06
32.4801  0.05
32.4901  0.08
32.5001  0.02
32.5101  0.04
32.5201  0.06
32.5301  0.03
32.5401  0.03
32.5501  0.05
32.5601  0.05
32.5701  0.04
32.5801  0.06
32.5901  0.06
32.6001  0.07
32.6101  0.09
32.6201  0.07
32.6301  0.07
32.6401  0.05
32.6501  0.03
32.6601  0.07
32.6701  0.07
32.6801  0.06
32.6901  0.05
32.7001  0.04
32.7101  0.02
32.7201  0.04
32.7301  0.06
32.7401  0.05
32.7501  0.04
32.7601  0.06
32.7701  0.05
32.7801  0.08
32.7901  0.1
32.8001  0.06
32.8101  0.04
32.8201  0.06
32.8301  0.02
32.8401  0.05
32.8501  0.02
32.8601  0.03
32.8701  0.06
32.8801  0.05
32.8901  0.07
32.9001  0.05
32.9101  0.02
32.9201  0.06
32.9301  0.06
32.9401  0.06
32.9501  0.02
32.9601  0.04
32.9701  0.11
32.9801  0.03
32.9901  0.05
33.0001  0.05
33.0101  0.08
33.0201  0.04
33.0301  0.04
33.0401  0.05
33.0501  0.06
33.0601  0.07
33.0701  0.09
33.0801  0.04
33.0901  0.02
33.1001  0.02
33.1101  0.01
33.1201  0.12
33.1301  0.07
33.1401  0.07
33.1501  0.04
33.1601  0.05
33.1701  0.04
33.1801  0.09
33.1901  0.06
33.2001  0.09
33.2101  0.01
33.2201  0.04
33.2301  0.04
33.2401  0.05
33.2501  0.03
33.2601  0.06
33.2701  0.05
33.2801  0.08
33.2901  0.07
33.3001  0.1
33.3101  0.02
33.3201  0.06
33.3301  0.04
33.3401  0.02
33.3501  0.09
33.3601  0.05
33.3701  0.06
33.3801  0.04
33.3901  0.05
33.4001  0.04
33.4101  0.05
33.4201  0.02
33.4301  0.08
33.4401  0.02
33.4501  0.05
33.4601  0.07
33.4701  0.07
33.4801  0.04
33.4901  0.05
33.5001  0.08
33.5101  0.04
33.5201  0.06
33.5301  0.04
33.5401  0.02
33.5501  0.07
33.5601  0.04
33.5701  0.08
33.5801  0.05
33.5901  0.03
33.6001  0.09
33.6101  0.04
33.6201  0.11
33.6301  0.03
33.6401  0.03
33.6501  0.06
33.6601  0.08
33.6701  0.06
33.6801  0.06
33.6901  0.09
33.7001  0.05
33.7101  0.06
33.7201  0
33.7301  0.07
33.7401  0.02
33.7501  0.08
33.7601  0.03
33.7701  0.03
33.7801  0.04
33.7901  0.03
33.8001  0.05
33.8101  0.03
33.8201  0.07
33.8301  0.04
33.8401  0.07
33.8501  0.04
33.8601  0.05
33.8701  0.06
33.8801  0.05
33.8901  0.03
33.9001  0.08
33.9101  0.04
33.9201  0.08
33.9301  0.1
33.9401  0.04
33.9501  0.05
33.9601  0.05
33.9701  0.04
33.9801  0.07
33.9901  0.07
34.0001  0.02
34.0101  0.04
34.0201  0.06
34.0301  0.08
34.0401  0.06
34.0501  0.05
34.0601  0.04
34.0701  0.05
34.0801  0.08
34.0901  0.06
34.1001  0.02
34.1101  0.05
34.1201  0.02
34.1301  0.06
34.1401  0.06
34.1501  0.04
34.1601  0.07
34.1701  0.05
34.1801  0.06
34.1901  0.07
34.2001  0.06
34.2101  0.05
34.2201  0.04
34.2301  0.04
34.2401  0.06
34.2501  0.05
34.2601  0.02
34.2701  0.08
34.2801  0.06
34.2901  0.05
34.3001  0.11
34.3101  0.02
34.3201  0.03
34.3301  0.05
34.3401  0.04
34.3501  0.03
34.3601  0.05
34.3701  0.06
34.3801  0.05
34.3901  0.08
34.4001  0.04
34.4101  0.02
34.4201  0.08
34.4301  0.06
34.4401  0.03
34.4501  0.04
34.4601  0.05
34.4701  0.09
34.4801  0.06
34.4901  0.03
34.5  0.08
34.51  0.07
34.52  0.05
34.53  0.07
34.54  0.06
34.55  0.06
34.56  0.08
34.57  0.05
34.58  0.04
34.59  0.02
34.6  0.02
34.61  0.04
34.62  0.08
34.63  0.05
34.64  0.03
34.65  0.08
34.66  0.03
34.67  0.07
34.68  0.02
34.69  0.02
34.7  0.08
34.71  0.06
34.72  0.08
34.73  0.1
34.74  0.05
34.75  0.05
34.76  0.02
34.77  0.04
34.78  0.07
34.79  0.06
34.8  0.03
34.81  0.05
34.82  0.03
34.83  0.04
34.84  0.04
34.85  0.1
34.86  0.04
34.87  0.05
34.88  0.04
34.89  0.05
34.9  0.05
34.91  0.07
34.92  0.07
34.93  0.06
34.94  0.02
34.95  0.05
34.96  0.09
34.97  0.06
34.98  0.08
34.99  0.06
35  0.02
35.01  0.06
35.02  0.06
35.03  0.1
35.04  0.06
35.05  0.04
35.06  0.04
35.07  0.04
35.08  0.03
35.09  0.03
35.1  0.02
35.11  0.1
35.12  0.03
35.13  0.08
35.14  0.04
35.15  0.07
35.16  0.03
35.17  0.09
35.18  0.05
35.19  0.08
35.2  0.06
35.21  0.02
35.22  0.02
35.23  0.08
35.24  0.05
35.25  0.04
35.26  0.07
35.27  0.03
35.28  0.05
35.29  0.04
35.3  0.07
35.31  0.09
35.32  0.02
35.33  0.01
35.34  0.03
35.35  0.09
35.36  0.07
35.37  0.03
35.38  0.04
35.39  0.03
35.4  0.03
35.41  0.08
35.42  0.11
35.43  0.02
35.44  0.03
35.45  0.08
35.46  0.07
35.47  0.06
35.48  0.08
35.49  0.05
35.5  0.08
35.51  0.05
35.52  0.1
35.53  0.05
35.54  0.05
35.55  0.05
35.56  0.03
35.57  0.01
35.58  0.06
35.59  0.05
35.6  0.06
35.61  0.04
35.62  0.05
35.63  0.05
35.64  0.05
35.65  0.05
35.66  0.07
35.67  0.04
35.68  0.02
35.69  0.01
35.7  0.05
35.71  0.08
35.72  0.03
35.73  0.04
35.74  0.05
35.75  0.07
35.76  0.03
35.77  0.07
35.78  0.07
35.79  0.11
35.8  0.04
35.81  0.02
35.82  0.1
35.83  0.09
35.84  0.05
35.85  0.08
35.86  0.02
35.87  0.04
35.88  0.05
35.89  0.08
35.9  0.03
35.91  0.04
35.92  0.02
35.93  0.02
35.94  0.07
35.95  0.05
35.96  0.05
35.97  0.09
35.98  0.05
35.99  0.06
36  0.04
36.01  0.03
36.02  0.07
36.03  0.05
36.04  0.04
36.05  0.03
36.06  0.07
36.07  0.12
36.08  0.06
36.09  0.06
36.1  0.02
36.11  0.05
36.12  0.02
36.13  0.08
36.14  0.04
36.15  0.07
36.16  0.08
36.17  0.07
36.18  0.04
36.19  0.05
36.2  0.05
36.21  0.01
36.22  0.06
36.23  0.06
36.24  0.05
36.25  0.03
36.26  0.04
36.27  0.04
36.28  0.06
36.29  0.09
36.3  0.03
36.31  0.06
36.32  0.03
36.33  0.06
36.34  0.06
36.35  0.07
36.36  0.05
36.37  0.07
36.38  0.03
36.39  0.07
36.4  0.04
36.41  0.04
36.42  0.06
36.43  0.05
36.44  0.04
36.45  0.08
36.46  0.05
36.47  0.08
36.48  0.05
36.49  0.03
36.5  0.05
36.51  0.09
36.52  0.05
36.53  0.04
36.54  0.05
36.55  0.12
36.56  0.02
36.57  0.04
36.58  0.05
36.59  0.07
36.6  0.03
36.61  0.05
36.62  0.04
36.63  0.07
36.64  0.07
36.65  0.02
36.66  0.06
36.67  0.05
36.68  0.02
36.69  0.03
36.7  0.06
36.71  0.03
36.72  0.04
36.73  0.05
36.74  0.08
36.75  0.03
36.76  0.06
36.77  0.08
36.78  0.02
36.79  0.1
36.8  0.08
36.81  0.06
36.82  0.04
36.83  0.06
36.84  0.07
36.85  0.05
36.86  0.03
36.87  0.05
36.88  0.04
36.89  0.05
36.9  0.02
36.91  0.1
36.92  0.12
36.93  0.03
36.94  0.03
36.95  0.07
36.96  0.02
36.97  0.04
36.98  0.03
36.99  0.05
37  0.06
37.01  0.04
37.02  0.02
37.03  0.03
37.04  0.08
37.05  0.07
37.06  0.11
37.07  0.06
37.08  0.03
37.09  0.03
37.1  0.09
37.11  0.05
37.12  0.03
37.13  0.05
37.14  0.05
37.15  0.04
37.16  0.05
37.17  0.08
37.18  0.04
37.19  0.04
37.2  0.04
37.21  0.03
37.22  0.05
37.23  0.05
37.24  0.09
37.25  0.07
37.26  0.05
37.27  0.04
37.28  0.05
37.29  0.07
37.3  0.05
37.31  0.05
37.32  0.05
37.33  0.06
37.34  0.07
37.35  0.04
37.36  0.03
37.37  0.08
37.38  0.05
37.39  0.09
37.4  0.05
37.41  0.08
37.42  0.04
37.43  0.06
37.44  0.04
37.45  0.01
37.46  0.06
37.47  0.09
37.48  0.02
37.49  0.04
37.5  0.05
37.51  0.03
37.52  0.04
37.53  0.08
37.54  0.09
37.55  0.07
37.56  0.06
37.57  0.02
37.58  0.03
37.59  0.09
37.6  0.03
37.61  0.07
37.62  0.04
37.63  0.05
37.64  0.08
37.65  0.05
37.66  0.03
37.67  0.06
37.68  0.05
37.69  0.05
37.7  0.04
37.71  0.04
37.72  0.04
37.73  0.02
37.74  0.05
37.75  0.1
37.76  0.06
37.77  0.05
37.78  0.04
37.79  0.11
37.8  0.07
37.81  0.06
37.82  0.04
37.83  0.05
37.84  0.06
37.85  0.03
37.86  0.06
37.87  0.05
37.88  0.06
37.89  0.05
37.9  0.03
37.91  0.04
37.92  0.06
37.93  0.05
37.94  0.05
37.95  0.05
37.96  0.05
37.97  0.04
37.98  0.03
37.99  0.05
38  0.03
38.01  0.1
38.02  0.09
38.03  0.04
38.04  0.06
38.05  0.06
38.06  0.06
38.07  0.12
38.08  0.05
38.09  0.03
38.1  0.02
38.11  0.06
38.12  0.06
38.13  0.05
38.14  0.03
38.15  0.02
38.16  0.03
38.17  0.09
38.18  0.03
38.19  0.05
38.2  0.06
38.21  0.06
38.22  0.04
38.23  0.06
38.24  0.06
38.25  0.03
38.26  0.05
38.27  0.04
38.28  0.04
38.29  0.06
38.3  0.09
38.31  0.06
38.32  0.08
38.33  0.05
38.34  0.05
38.35  0.06
38.36  0.07
38.37  0.07
38.38  0.05
38.39  0.05
38.4  0.03
38.41  0.05
38.42  0.03
38.43  0.09
38.44  0.05
38.45  0.04
38.46  0.03
38.47  0.08
38.48  0.05
38.49  0.06
38.5  0.03
38.51  0.04
38.52  0.08
38.53  0.05
38.54  0.02
38.55  0.03
38.56  0.02
38.57  0.08
38.58  0.07
38.59  0.06
38.6  0.07
38.61  0.04
38.62  0.02
38.63  0.04
38.64  0.09
38.65  0.08
38.66  0.05
38.67  0.09
38.68  0.02
38.69  0.03
38.7  0.05
38.71  0.07
38.72  0.05
38.73  0.05
38.74  0.05
38.75  0.1
38.76  0.04
38.77  0.06
38.78  0.06
38.79  0.05
38.8  0.03
38.81  0.07
38.82  0.06
38.83  0.04
38.84  0.07
38.85  0.04
38.86  0.05
38.87  0.05
38.88  0.04
38.89  0.05
38.9  0.03
38.91  0.02
38.92  0.07
38.93  0.09
38.94  0.05
38.95  0.01
38.96  0.07
38.97  0.04
38.98  0.06
38.99  0.07
39  0.04
39.01  0.11
39.02  0.07
39.03  0.06
39.04  0.05
39.05  0.04
39.06  0.03
39.07  0.07
39.08  0.07
39.09  0.02
39.1  0.06
39.11  0.04
39.12  0.08
39.13  0.02
39.14  0.04
39.15  0.05
39.16  0.03
39.17  0.05
39.18  0.06
39.19  0.08
39.2  0.05
39.21  0.05
39.22  0.05
39.23  0.05
39.24  0.04
39.25  0.06
39.26  0.08
39.27  0.04
39.28  0.03
39.29  0.05
39.3  0.07
39.31  0.02
39.32  0.09
39.33  0.04
39.34  0.05
39.35  0.03
39.36  0.05
39.37  0.06
39.38  0.08
39.39  0.05
39.4  0.06
39.41  0.03
39.42  0.04
39.43  0.08
39.44  0.06
39.45  0.09
39.46  0.04
39.47  0.04
39.48  0.05
39.49  0.06
39.5  0.1
39.51  0.03
39.52  0.05
39.53  0.04
39.54  0.03
39.55  0.06
39.56  0.04
39.57  0.06
39.58  0.05
39.59  0.05
39.6  0.05
39.61  0.06
39.62  0.02
39.63  0.07
39.64  0.04
39.65  0.04
39.66  0.06
39.67  0.05
39.68  0.05
39.69  0.05
39.7  0.03
39.71  0.04
39.72  0.02
39.73  0.08
39.74  0.04
39.75  0.09
39.76  0.06
39.77  0.08
39.78  0.01
39.79  0.09
39.8  0.08
39.81  0.1
39.82  0.1
39.83  0.06
39.84  0.02
39.85  0.07
39.86  0.02
39.87  0.07
39.88  0.05
39.89  0.05
39.9  0.03
39.91  0.06
39.92  0.02
39.93  0.04
39.94  0.02
39.95  0.08
39.96  0.06
39.97  0.02
39.98  0.07
39.99  0.05
40  0.05
40.01  0.04
40.02  0.04
40.03  0.05
40.04  0.03
40.05  0.09
40.06  0.07
40.07  0.04
40.08  0.06
40.09  0.11
40.1  0.02
40.11  0.05
40.12  0.05
40.13  0.04
40.14  0.07
40.15  0.05
40.16  0.04
40.17  0.03
40.18  0.04
40.19  0.06
40.2  0.04
40.21  0.06
40.22  0.1
40.23  0.04
40.24  0.07
40.25  0.04
40.26  0.07
40.27  0.04
40.28  0.05
40.29  0.04
40.3  0.05
40.31  0.07
40.32  0.05
40.33  0.09
40.34  0.05
40.35  0.04
40.36  0.03
40.37  0.06
40.38  0.06
40.39  0.04
40.4  0.06
40.41  0.05
40.42  0.08
40.43  0.11
40.44  0.04
40.45  0.03
40.46  0.05
40.47  0.04
40.48  0.03
40.49  0.05
40.5  0.02
40.51  0.06
40.52  0.05
40.53  0.06
40.54  0.09
40.55  0.02
40.56  0.03
40.57  0.07
40.58  0.01
40.59  0.07
40.6  0.05
40.61  0.06
40.62  0.11
40.63  0.04
40.64  0.02
40.65  0.04
40.66  0.05
40.67  0.05
40.68  0.03
40.69  0.09
40.7  0.08
40.71  0.06
40.72  0.04
40.73  0.01
40.74  0.08
40.75  0.07
40.76  0.04
40.77  0.08
40.78  0.07
40.79  0.04
40.8  0.06
40.81  0.08
40.82  0.04
40.83  0.05
40.84  0.05
40.85  0.01
40.86  0.06
40.87  0.05
40.88  0.07
40.89  0.05
40.9  0.02
40.91  0.07
40.92  0.06
40.93  0.04
40.94  0.06
40.95  0.05
40.96  0.1
40.97  0.05
40.98  0.06
40.99  0.05
41  0.04
41.01  0.01
41.02  0.06
41.03  0.04
41.04  0.1
41.05  0.05
41.06  0.04
41.07  0.02
41.08  0.02
41.09  0.06
41.1  0.05
41.11  0.09
41.12  0.02
41.13  0.05
41.14  0.11
41.15  0.06
41.16  0.05
41.17  0.05
41.18  0.03
41.19  0.04
41.2  0.05
41.21  0.01
41.22  0.06
41.23  0.1
41.24  0.05
41.25  0.06
41.26  0.07
41.27  0.05
41.28  0.06
41.29  0.06
41.3  0.04
41.31  0.06
41.32  0.03
41.33  0.07
41.34  0.09
41.35  0.08
41.36  0.04
41.37  0.03
41.38  0.05
41.39  0.04
41.4  0.06
41.41  0.05
41.42  0.05
41.43  0.03
41.44  0.07
41.45  0.03
41.46  0.06
41.47  0.04
41.48  0.01
41.49  0.04
41.5  0.02
41.51  0.08
41.52  0.09
41.53  0.05
41.54  0.06
41.55  0.07
41.56  0.08
41.57  0.08
41.58  0.04
41.59  0.05
41.6  0.04
41.61  0.03
41.62  0.03
41.63  0.04
41.64  0.02
41.65  0.07
41.66  0.05
41.67  0.05
41.68  0.05
41.69  0.09
41.7  0.06
41.71  0.03
41.72  0.02
41.73  0.09
41.74  0.08
41.75  0.06
41.76  0.03
41.77  0.05
41.78  0.06
41.79  0.06
41.8  0.07
41.81  0.07
41.82  0.08
41.83  0.07
41.84  0.03
41.85  0.07
41.86  0.05
41.87  0.03
41.88  0.04
41.89  0.07
41.9  0.04
41.91  0.03
41.92  0.06
41.93  0.06
41.94  0.05
41.95  0.04
41.96  0.03
41.97  0.03
41.98  0.09
41.99  0.02
42  0.05
42.01  0.04
42.02  0.05
42.03  0.04
42.04  0.03
42.05  0.08
42.06  0.04
42.07  0.07
42.08  0.03
42.09  0.08
42.1  0.03
42.11  0.09
42.12  0.08
42.13  0.05
42.14  0.09
42.15  0.07
42.16  0.07
42.17  0.03
42.18  0.03
42.19  0.06
42.2  0.04
42.21  0.06
42.22  0.04
42.23  0.08
42.24  0.02
42.25  0.02
42.26  0.05
42.27  0.05
42.28  0.02
42.29  0.1
42.3  0.07
42.31  0.06
42.32  0.06
42.33  0.05
42.34  0.05
42.35  0.05
42.36  0.07
42.37  0.05
42.38  0.05
42.39  0.02
42.4  0.04
42.41  0.06
42.42  0.06
42.43  0.06
42.44  0.08
42.45  0.08
42.46  0.08
42.47  0.07
42.48  0.02
42.49  0.05
42.5  0.07
42.51  0.03
42.52  0.03
42.53  0.01
42.54  0.09
42.55  0.02
42.56  0.05
42.57  0.08
42.58  0.04
42.59  0.05
42.6  0.01
42.61  0.07
42.62  0.1
42.63  0.08
42.64  0.03
42.65  0.01
42.66  0
42.67  0.07
42.68  0.05
42.69  0.03
42.7  0.08
42.71  0.06
42.72  0.09
42.73  0.06
42.74  0.05
42.75  0.04
42.76  0.06
42.77  0.03
42.78  0.06
42.79  0.08
42.8  0.08
42.81  0.05
42.82  0.07
42.83  0.04
42.84  0.08
42.85  0.01
42.86  0.05
42.87  0.06
42.88  0.04
42.89  0.03
42.9  0.08
42.91  0.07
42.92  0.03
42.93  0.04
42.94  0.05
42.95  0.05
42.96  0.05
42.97  0.07
42.98  0.05
42.99  0.06
43  0.07
43.01  0.1
43.02  0.03
43.03  0.05
43.04  0.03
43.05  0.03
43.06  0.05
43.07  0.07
43.08  0.03
43.09  0.02
43.1  0.07
43.11  0.02
43.12  0.04
43.13  0.04
43.14  0.04
43.15  0.08
43.16  0.05
43.17  0.05
43.18  0.12
43.19  0.06
43.2  0.09
43.21  0.03
43.22  0.01
43.23  0.05
43.24  0.09
43.25  0.07
43.26  0.1
43.27  0.05
43.28  0.08
43.29  0.04
43.3  0.11
43.31  0.03
43.32  0.03
43.33  0.03
43.34  0.02
43.35  0.04
43.36  0.04
43.37  0.04
43.38  0.04
43.39  0.07
43.4  0.02
43.41  0.01
43.42  0.06
43.43  0.07
43.44  0.07
43.45  0.04
43.46  0.02
43.47  0.09
43.48  0.06
43.49  0.1
43.5  0.03
43.51  0.05
43.52  0.07
43.53  0.08
43.54  0.03
43.55  0.09
43.56  0.04
43.57  0.04
43.58  0.05
43.59  0.08
43.6  0.02
43.61  0.03
43.62  0.04
43.63  0.04
43.64  0.07
43.65  0.05
43.66  0.04
43.67  0.04
43.68  0.05
43.69  0.09
43.7  0.05
43.71  0.06
43.72  0.03
43.73  0.08
43.74  0.02
43.75  0.05
43.76  0.08
43.77  0.04
43.78  0.07
43.79  0.07
43.8  0.05
43.81  0.09
43.82  0.05
43.83  0.06
43.84  0.08
43.85  0.05
43.86  0.01
43.87  0.06
43.88  0.06
43.89  0.08
43.9  0
43.91  0.02
43.92  0.06
43.93  0.07
43.94  0.05
43.95  0.05
43.96  0.04
43.97  0.06
43.98  0.04
43.99  0.05
44  0.06
44.01  0.06
44.02  0.05
44.03  0.05
44.04  0.04
44.05  0.05
44.06  0.03
44.07  0.08
44.08  0.05
44.09  0.05
44.1  0.09
44.11  0.02
44.12  0.01
44.13  0.05
44.14  0.03
44.15  0.08
44.16  0.09
44.17  0.04
44.18  0.07
44.19  0.07
44.2  0.05
44.21  0.05
44.22  0.06
44.23  0.06
44.24  0.05
44.25  0.04
44.26  0.05
44.27  0.05
44.28  0.07
44.29  0.03
44.3  0.04
44.31  0.05
44.32  0.12
44.33  0.05
44.34  0.09
44.35  0.01
44.36  0.03
44.37  0.1
44.38  0.04
44.39  0.07
44.4  0.05
44.41  0.06
44.42  0
44.43  0.04
44.44  0.03
44.45  0.04
44.46  0.04
44.47  0.08
44.48  0.08
44.49  0.04
44.5  0.07
44.51  0.09
44.52  0.07
44.53  0.02
44.54  0.07
44.55  0.04
44.56  0.05
44.57  0.04
44.58  0.07
44.59  0.05
44.6  0
44.61  0.05
44.62  0.08
44.63  0.04
44.64  0.03
44.65  0.06
44.66  0.05
44.67  0.03
44.68  0.06
44.69  0.05
44.7  0.08
44.71  0.08
44.72  0.02
44.73  0.05
44.74  0.03
44.75  0.05
44.76  0.07
44.77  0.11
44.78  0.02
44.79  0.07
44.8  0.04
44.81  0.02
44.82  0.06
44.83  0.11
44.84  0.05
44.85  0.06
44.86  0.04
44.87  0.06
44.88  0.06
44.89  0.04
44.9  0.06
44.91  0.06
44.92  0.05
44.93  0.05
44.94  0.08
44.95  0.04
44.96  0.03
44.97  0.05
44.98  0.05
44.99  0.05
45  0.03
45.01  0.02
45.02  0.06
45.03  0.05
45.04  0.04
45.05  0.06
45.06  0.06
45.07  0.06
45.08  0.07
45.09  0.06
45.1  0.03
45.11  0.06
45.12  0.06
45.13  0.06
45.14  0.06
45.15  0.03
45.16  0.04
45.17  0.11
45.18  0.09
45.19  0.06
45.2  0.04
45.21  0.04
45.22  0.03
45.23  0.02
45.24  0.07
45.25  0.03
45.26  0.09
45.27  0.05
45.28  0.05
45.29  0.07
45.3  0.03
45.31  0.05
45.32  0.05
45.33  0.08
45.34  0.07
45.35  0.05
45.36  0.05
45.37  0.06
45.38  0.04
45.39  0.04
45.4  0.07
45.41  0.03
45.42  0.01
45.43  0.06
45.44  0.06
45.45  0.09
45.46  0.08
45.47  0.01
45.48  0.05
45.49  0.07
45.5  0.03
45.51  0.09
45.52  0.05
45.53  0.03
45.54  0.06
45.55  0.02
45.56  0.06
45.57  0.09
45.58  0.03
45.59  0.03
45.6  0.09
45.61  0.02
45.62  0.07
45.63  0.05
45.64  0.05
45.65  0.05
45.66  0.05
45.67  0.08
45.68  0.07
45.69  0.01
45.7  0.03
45.71  0.07
45.72  0.04
45.73  0.08
45.74  0.05
45.75  0.07
45.76  0.03
45.77  0.04
45.78  0.09
45.79  0.04
45.8  0.05
45.81  0.04
45.82  0.07
45.83  0.06
45.84  0.07
45.85  0.08
45.86  0.03
45.87  0.03
45.88  0.02
45.89  0.05
45.9  0.03
45.91  0.02
45.92  0.03
45.93  0.07
45.94  0.09
45.95  0.09
45.96  0.06
45.97  0.09
45.98  0.04
45.99  0.04
46  0.06
46.01  0.1
46.02  0.03
46.03  0.04
46.04  0.05
46.05  0.06
46.06  0.05
46.07  0.04
46.08  0.03
46.09  0.06
46.1  0.04
46.11  0.01
46.12  0.06
46.13  0.02
46.14  0.05
46.15  0.05
46.16  0.06
46.17  0.06
46.18  0.06
46.19  0.09
46.2  0.05
46.21  0.04
46.22  0.03
46.23  0.07
46.24  0.06
46.25  0.07
46.26  0.05
46.27  0.05
46.28  0.06
46.29  0.07
46.3  0.07
46.31  0.05
46.32  0.06
46.33  0.06
46.34  0.06
46.35  0.07
46.36  0.05
46.37  0.06
46.38  0.06
46.39  0.03
46.4  0.04
46.41  0.05
46.42  0.06
46.43  0.07
46.44  0.03
46.45  0.05
46.46  0.05
46.47  0.04
46.48  0.04
46.49  0.04
46.5  0.04
46.51  0.05
46.52  0.05
46.53  0.06
46.54  0.05
46.55  0.07
46.56  0.07
46.57  0.06
46.58  0.03
46.59  0.04
46.6  0.03
46.61  0.06
46.62  0.04
46.63  0.09
46.64  0.03
46.65  0.05
46.66  0.07
46.67  0.06
46.68  0.03
46.69  0.09
46.7  0.08
46.71  0.04
46.72  0.06
46.73  0.02
46.74  0.05
46.75  0.07
46.76  0.07
46.77  0.07
46.78  0.02
46.79  0.02
46.8  0.03
46.81  0.07
46.82  0.07
46.83  0.05
46.84  0.08
46.85  0.08
46.86  0.09
46.87  0.07
46.88  0.08
46.89  0.02
46.9  0.05
46.91  0.03
46.92  0.03
46.93  0.06
46.94  0.01
46.95  0.06
46.96  0.05
46.97  0.05
46.98  0.06
46.99  0.01
47  0.07
47.01  0.04
47.02  0.04
47.03  0.09
47.04  0.04
47.05  0.07
47.06  0.06
47.07  0.06
47.08  0.04
47.09  0.06
47.1  0.07
47.11  0.03
47.12  0.07
47.13  0.04
47.14  0.07
47.15  0.05
47.16  0.08
47.17  0.04
47.18  0.04
47.19  0.03
47.2  0.02
47.21  0.05
47.22  0.08
47.23  0.09
47.24  0.03
47.25  0.04
47.26  0.04
47.27  0.03
47.28  0.05
47.29  0.06
47.3  0.03
47.31  0.06
47.32  0.05
47.33  0.04
47.34  0.06
47.35  0.08
47.36  0.06
47.37  0.07
47.38  0.04
47.39  0.09
47.4  0.1
47.41  0.08
47.42  0.04
47.43  0.06
47.44  0.04
47.45  0.07
47.46  0.06
47.47  0.08
47.48  0.02
47.49  0.02
47.5  0.05
47.51  0.07
47.52  0
47.53  0.05
47.54  0.02
47.55  0.08
47.56  0.04
47.57  0.07
47.58  0.08
47.59  0.02
47.6  0.03
47.61  0.03
47.62  0.04
47.63  0.03
47.64  0.04
47.65  0.03
47.66  0.07
47.67  0.04
47.68  0.05
47.69  0.06
47.7  0.08
47.71  0.08
47.72  0.03
47.73  0.07
47.74  0.05
47.75  0.04
47.76  0.06
47.77  0.12
47.78  0.06
47.79  0.04
47.8  0.09
47.81  0.05
47.82  0.05
47.83  0.02
47.84  0.07
47.85  0.03
47.86  0.03
47.87  0.08
47.88  0.06
47.89  0.09
47.9  0.05
47.91  0.03
47.92  0.07
47.93  0.04
47.94  0.04
47.95  0.04
47.96  0.05
47.97  0.04
47.98  0.05
47.99  0.03
48  0.05
48.01  0.07
48.02  0.06
48.03  0.04
48.04  0.03
48.05  0.11
48.06  0.03
48.07  0.07
48.08  0.06
48.09  0.07
48.1  0.03
48.11  0.01
48.12  0.07
48.13  0.05
48.14  0.06
48.15  0.04
48.16  0.06
48.17  0.06
48.18  0.04
48.19  0.03
48.2  0.07
48.21  0.08
48.22  0.04
48.23  0.06
48.24  0.03
48.25  0.03
48.26  0.11
48.27  0.03
48.28  0.04
48.29  0.07
48.3  0.06
48.31  0.07
48.32  0.06
48.33  0.03
48.34  0.03
48.35  0.06
48.36  0.08
48.37  0.07
48.38  0.06
48.39  0.06
48.4  0.06
48.41  0.06
48.42  0.07
48.43  0.07
48.44  0.04
48.45  0.04
48.46  0.06
48.47  0.06
48.48  0.09
48.49  0.03
48.5  0.04
48.51  0.05
48.52  0.02
48.53  0.08
48.54  0.01
48.55  0.02
48.56  0.05
48.57  0.03
48.58  0.02
48.59  0.07
48.6  0.04
48.61  0.09
48.62  0.05
48.63  0.05
48.64  0.08
48.65  0.04
48.66  0.05
48.67  0.1
48.68  0.05
48.69  0.08
48.7  0.05
48.71  0.04
48.72  0.04
48.73  0.07
48.74  0.02
48.75  0.09
48.76  0.03
48.77  0.04
48.78  0.05
48.79  0.05
48.8  0.02
48.81  0.04
48.82  0.04
48.83  0.04
48.84  0.04
48.85  0.14
48.86  0.08
48.87  0.06
48.88  0.04
48.89  0.05
48.9  0.02
48.91  0.07
48.92  0.09
48.93  0.03
48.94  0.06
48.95  0.07
48.96  0.03
48.97  0.03
48.98  0.04
48.99  0.05
49  0.06
49.01  0.09
49.02  0.06
49.03  0.05
49.04  0.04
49.05  0.08
49.06  0.05
49.07  0.02
49.08  0.05
49.09  0.07
49.1  0.08
49.11  0.05
49.12  0.03
49.13  0.04
49.14  0.01
49.15  0.05
49.16  0.07
49.17  0.06
49.18  0.08
49.19  0.03
49.2  0.08
49.21  0.05
49.22  0.06
49.23  0.03
49.24  0.06
49.25  0.04
49.26  0.06
49.27  0.03
49.28  0.03
49.29  0.04
49.3  0.07
49.31  0.01
49.32  0.07
49.33  0.11
49.34  0.05
49.35  0.03
49.36  0.07
49.37  0.07
49.38  0.03
49.39  0.06
49.4  0.03
49.41  0.05
49.42  0.04
49.43  0.05
49.44  0.09
49.45  0.07
49.46  0.05
49.47  0.06
49.48  0.06
49.49  0.05
49.5  0.05
49.51  0.05
49.52  0.09
49.53  0.03
49.54  0.06
49.55  0.05
49.56  0.04
49.57  0.1
49.58  0.06
49.59  0.06
49.6  0.04
49.61  0.05
49.62  0.04
49.63  0.03
49.64  0.06
49.65  0.07
49.66  0.01
49.67  0.04
49.68  0.05
49.69  0.02
49.7  0.04
49.71  0.05
49.72  0.04
49.73  0.06
49.74  0.05
49.75  0.04
49.76  0.07
49.77  0.07
49.78  0.02
49.79  0.03
49.8  0.03
49.81  0.08
49.82  0.05
49.83  0.14
49.84  0.03
49.85  0.07
49.86  0.04
49.87  0.06
49.88  0.08
49.89  0.04
49.9  0.05
49.91  0.09
49.92  0.03
49.93  0.04
49.94  0.05
49.95  0.06
49.96  0.08
49.97  0.09
49.98  0.04
49.99  0.09
50  0.04
50.01  0.03
50.02  0.06
50.03  0
50.04  0.08
50.05  0.04
50.06  0.05
50.07  0.03
50.08  0.04
50.09  0.03
50.1  0.05
50.11  0.02
50.12  0.08
50.13  0.04
50.14  0.08
50.15  0.04
50.16  0.09
50.17  0.06
50.18  0.05
50.19  0.05
50.2  0.04
50.21  0.1
50.22  0.07
50.23  0.05
50.24  0.04
50.25  0.07
50.26  0.04
50.27  0.03
50.28  0.11
50.29  0.01
50.3  0.07
50.31  0.07
50.32  0.05
50.33  0.04
50.34  0.04
50.35  0.03
50.36  0.04
50.37  0.04
50.38  0.03
50.39  0.05
50.4  0.04
50.41  0.08
50.42  0.07
50.43  0.05
50.44  0.09
50.45  0.03
50.46  0.05
50.47  0.03
50.48  0.06
50.49  0.04
50.5  0.01
50.51  0.1
50.52  0.09
50.53  0.07
50.54  0.07
50.55  0.04
50.56  0.04
50.57  0.07
50.58  0.03
50.59  0.02
50.6  0.11
50.61  0.05
50.62  0.04
50.63  0.04
50.64  0.04
50.65  0.08
50.66  0.06
50.67  0.06
50.68  0.04
50.69  0.05
50.7  0.04
50.71  0.05
50.72  0.02
50.73  0.03
50.74  0.07
50.75  0.09
50.76  0.09
50.77  0.05
50.78  0.03
50.79  0.06
50.8  0.03
50.81  0.04
50.82  0.03
50.83  0.09
50.84  0.04
50.85  0.06
50.86  0.06
50.87  0.02
50.88  0.03
50.89  0.07
50.9  0.07
50.91  0.04
50.92  0.08
50.93  0.04
50.94  0.07
50.95  0.04
50.96  0.01
50.97  0.03
50.98  0.05
50.99  0.1
51  0.06
51.01  0.05
51.02  0.04
51.03  0.08
51.04  0.06
51.05  0.07
51.06  0.07
51.07  0.11
51.08  0.05
51.09  0.07
51.1  0.01
51.11  0.07
51.12  0.03
51.13  0.05
51.14  0.05
51.15  0.07
51.16  0.04
51.17  0.03
51.18  0.01
51.19  0.04
51.2  0.04
51.21  0.06
51.22  0.07
51.23  0.03
51.24  0.13
51.25  0.02
51.26  0.05
51.27  0.05
51.28  0.07
51.29  0.03
51.3  0.02
51.31  0.05
51.32  0.06
51.33  0.05
51.34  0.03
51.35  0.06
51.36  0.02
51.37  0.05
51.38  0.06
51.39  0.07
51.4  0.08
51.41  0.07
51.42  0.04
51.43  0.02
51.44  0.08
51.45  0.08
51.46  0.08
51.47  0.05
51.48  0.03
51.49  0.03
51.5  0.03
51.51  0.06
51.52  0.07
51.53  0.07
51.54  0.02
51.55  0.08
51.56  0.07
51.57  0.03
51.58  0.08
51.59  0.06
51.6  0.06
51.61  0.03
51.62  0.04
51.63  0.06
51.64  0.04
51.65  0.02
51.66  0.04
51.67  0.1
51.68  0.04
51.69  0.07
51.7  0.07
51.71  0.02
51.72  0.07
51.73  0.03
51.74  0.06
51.75  0.08
51.76  0.04
51.77  0.07
51.78  0.05
51.79  0.01
51.8  0.04
51.81  0.06
51.82  0.05
51.83  0.09
51.84  0.06
51.85  0.01
51.86  0.06
51.87  0.09
51.88  0.08
51.89  0.03
51.9  0.05
51.91  0.08
51.92  0.1
51.93  0.05
51.94  0.02
51.95  0.05
51.96  0.03
51.97  0.05
51.98  0.02
51.99  0.04
52  0.05
52.01  0.06
52.02  0.03
52.03  0.03
52.04  0.08
52.05  0.05
52.06  0.02
52.07  0.08
52.08  0.09
52.09  0.03
52.1  0.05
52.11  0.07
52.12  0.09
52.13  0.05
52.14  0.07
52.15  0.05
52.16  0.06
52.17  0.03
52.18  0.03
52.19  0.04
52.2  0.09
52.21  0.07
52.22  0.04
52.23  0.06
52.24  0.07
52.25  0.01
52.26  0.09
52.27  0.06
52.28  0.07
52.29  0.02
52.3  0.05
52.31  0.03
52.32  0.06
52.33  0.07
52.34  0.01
52.35  0.09
52.36  0.03
52.37  0.02
52.38  0.08
52.39  0.04
52.4  0.05
52.41  0.04
52.42  0.03
52.43  0.08
52.44  0.07
52.45  0.03
52.46  0.04
52.47  0.07
52.48  0.03
52.49  0.05
52.5  0.06
52.51  0.07
52.52  0.03
52.53  0.07
52.54  0.05
52.55  0.04
52.56  0.06
52.57  0.05
52.58  0.09
52.59  0.03
52.6  0.1
52.61  0.06
52.62  0.06
52.63  0.09
52.64  0.03
52.65  0.03
52.66  0.05
52.67  0.09
52.68  0.1
52.69  0.03
52.7  0.03
52.71  0.04
52.72  0.05
52.73  0.09
52.74  0.04
52.75  0.02
52.76  0.08
52.77  0.01
52.78  0.06
52.79  0.07
52.8  0.02
52.81  0.04
52.82  0.02
52.83  0.08
52.84  0.03
52.85  0.01
52.86  0.11
52.87  0.04
52.88  0.05
52.89  0.02
52.9  0.08
52.91  0.06
52.92  0.04
52.93  0.06
52.94  0.07
52.95  0.08
52.96  0.09
52.97  0.07
52.98  0.02
52.99  0.04
53  0.07
53.01  0.04
53.02  0.06
53.03  0.05
53.04  0.03
53.05  0.04
53.06  0.06
53.07  0.04
53.08  0.03
53.09  0.06
53.1  0.04
53.11  0.03
53.12  0.08
53.13  0.06
53.14  0.03
53.15  0.04
53.16  0.08
53.17  0.07
53.18  0.06
53.19  0.09
53.2  0.05
53.21  0.04
53.22  0.05
53.23  0.05
53.24  0.04
53.25  0.02
53.26  0.02
53.27  0.06
53.28  0.05
53.29  0.12
53.3  0.05
53.31  0.08
53.32  0.09
53.33  0.06
53.34  0.05
53.35  0.01
53.36  0.07
53.37  0.04
53.38  0.03
53.39  0.06
53.4  0.05
53.41  0.02
53.42  0.05
53.43  0.07
53.44  0.03
53.45  0.07
53.46  0.02
53.47  0.11
53.48  0.07
53.49  0.03
53.5  0.09
53.51  0.02
53.52  0.02
53.53  0.07
53.54  0.03
53.55  0.02
53.56  0.05
53.57  0.05
53.58  0.05
53.59  0.09
53.6  0.06
53.61  0.07
53.62  0.09
53.63  0.11
53.64  0.04
53.65  0.04
53.66  0.03
53.67  0.03
53.68  0.05
53.69  0.06
53.7  0.04
53.71  0.06
53.72  0.1
53.73  0.04
53.74  0.08
53.75  0.04
53.76  0.05
53.77  0.04
53.78  0.04
53.79  0.03
53.8  0.05
53.81  0.03
53.82  0.07
53.83  0.05
53.84  0.06
53.85  0.04
53.86  0.05
53.87  0.05
53.88  0.07
53.89  0.07
53.9  0.06
53.91  0.07
53.92  0.05
53.93  0.05
53.94  0.05
53.95  0.04
53.96  0.06
53.97  0.03
53.98  0.06
53.99  0.02
54  0.06
54.01  0.05
54.02  0.05
54.03  0.08
54.04  0.02
54.05  0.06
54.06  0.05
54.07  0.05
54.08  0.06
54.09  0.02
54.1  0.07
54.11  0.06
54.12  0.04
54.13  0.04
54.14  0.06
54.15  0.06
54.16  0.06
54.17  0.05
54.18  0.08
54.19  0.04
54.2  0.07
54.21  0.03
54.22  0.05
54.23  0.04
54.24  0.05
54.25  0.04
54.26  0.09
54.27  0.12
54.28  0.06
54.29  0.05
54.3  0.08
54.31  0.07
54.32  0.03
54.33  0.04
54.34  0.05
54.35  0.03
54.36  0.02
54.37  0.07
54.38  0.06
54.39  0.04
54.4  0.04
54.41  0.04
54.42  0.04
54.43  0.06
54.44  0.03
54.45  0.06
54.46  0.05
54.47  0.08
54.48  0.02
54.49  0.07
54.5  0.08
54.51  0.06
54.52  0.08
54.53  0.03
54.54  0.04
54.55  0.07
54.56  0.05
54.57  0.06
54.58  0.02
54.59  0.05
54.6  0.03
54.61  0.02
54.62  0.05
54.63  0.07
54.64  0.07
54.65  0.03
54.66  0.05
54.67  0.08
54.68  0.02
54.69  0.07
54.7  0.04
54.71  0.08
54.72  0.1
54.73  0.03
54.74  0.06
54.75  0.03
54.76  0.03
54.77  0.09
54.78  0.03
54.79  0.05
54.8  0.05
54.81  0.06
54.82  0.05
54.83  0.08
54.84  0.08
54.85  0.07
54.86  0.05
54.87  0.04
54.88  0.07
54.89  0.06
54.9  0.06
54.91  0.03
54.92  0.04
54.93  0.05
54.94  0.03
54.95  0.03
54.96  0.05
54.97  0.06
54.98  0.04
54.99  0.09
55  0.06
55.01  0.04
55.02  0.03
55.03  0.05
55.04  0.07
55.05  0.02
55.06  0.06
55.07  0.04
55.08  0.08
55.09  0.03
55.1  0.08
55.11  0.08
55.12  0.03
55.13  0.08
55.14  0.06
55.15  0.05
55.16  0.05
55.17  0.03
55.18  0.04
55.19  0.04
55.2  0.06
55.21  0.06
55.22  0.06
55.23  0.05
55.24  0.05
55.25  0.09
55.26  0.09
55.27  0.04
55.28  0.05
55.29  0.02
55.3  0.03
55.31  0.07
55.32  0.03
55.33  0.03
55.34  0.04
55.35  0.09
55.36  0.09
55.37  0.05
55.38  0.06
55.39  0.07
55.4  0.04
55.41  0.02
55.42  0.07
55.43  0.04
55.44  0.07
55.45  0.04
55.46  0.02
55.47  0.06
55.48  0.04
55.49  0.09
55.5  0.06
55.51  0.07
55.52  0.04
55.53  0.02
55.54  0.1
55.55  0.03
55.56  0.07
55.57  0.05
55.58  0.02
55.59  0.01
55.6  0.06
55.61  0.04
55.62  0.07
55.63  0.06
55.64  0.09
55.65  0.05
55.66  0.05
55.67  0.06
55.68  0.02
55.69  0.06
55.7  0.05
55.71  0.06
55.72  0.05
55.73  0.04
55.74  0.02
55.75  0.02
55.76  0.11
55.77  0.06
55.78  0.02
55.79  0.03
55.8  0.05
55.81  0.05
55.82  0.03
55.83  0.12
55.84  0.11
55.85  0.02
55.86  0.05
55.87  0.07
55.88  0.01
55.89  0.07
55.9  0.05
55.91  0.09
55.92  0.06
55.93  0.05
55.94  0.1
55.95  0.1
55.96  0.02
55.97  0.04
55.98  0.03
55.99  0.02
56  0.04
56.01  0.08
56.02  0.09
56.03  0.04
56.04  0.04
56.05  0.04
56.06  0.04
56.07  0.07
56.08  0.02
56.09  0.05
56.1  0.02
56.11  0.07
56.12  0.07
56.13  0.02
56.14  0.07
56.15  0.07
56.16  0.05
56.17  0.05
56.18  0.08
56.19  0.04
56.2  0.07
56.21  0.03
56.22  0.04
56.23  0.03
56.24  0.06
56.25  0.03
56.26  0.05
56.27  0.07
56.28  0.04
56.29  0.02
56.3  0.06
56.31  0.02
56.32  0.03
56.33  0.06
56.34  0.1
56.35  0.09
56.36  0.04
56.37  0.08
56.38  0.04
56.39  0.09
56.4  0.05
56.41  0.07
56.42  0.01
56.43  0.06
56.44  0.06
56.45  0.07
56.46  0.07
56.47  0.07
56.48  0.03
56.49  0.04
56.5  0.09
56.51  0.05
56.52  0.06
56.53  0.06
56.54  0.08
56.55  0.02
56.56  0.08
56.57  0.01
56.58  0.04
56.59  0.05
56.6  0.03
56.61  0.04
56.62  0.05
56.63  0.07
56.64  0.06
56.65  0.03
56.66  0.04
56.67  0.05
56.68  0.05
56.69  0.04
56.7  0.05
56.71  0.1
56.72  0.05
56.73  0.03
56.74  0.04
56.75  0.09
56.76  0.04
56.77  0.07
56.78  0.04
56.79  0.1
56.8  0.04
56.81  0.06
56.82  0.1
56.83  0.05
56.84  0.07
56.85  0.03
56.86  0.06
56.87  0.05
56.88  0.02
56.89  0.06
56.9  0.06
56.91  0.03
56.92  0.04
56.93  0.04
56.94  0.03
56.95  0.04
56.96  0.05
56.97  0.06
56.98  0.02
56.99  0.05
57  0.04
57.01  0.08
57.02  0.07
57.03  0.07
57.04  0.06
57.05  0.09
57.06  0.01
57.07  0.11
57.08  0.07
57.09  0.04
57.1  0.02
57.11  0.03
57.12  0.06
57.13  0.06
57.14  0.03
57.15  0.05
57.16  0.03
57.17  0.12
57.18  0.07
57.19  0.1
57.2  0.03
57.21  0.08
57.22  0.02
57.23  0.08
57.24  0.02
57.25  0.03
57.26  0.03
57.27  0.03
57.28  0.02
57.29  0.07
57.3  0.04
57.31  0.08
57.32  0.05
57.33  0.03
57.34  0.04
57.35  0.05
57.36  0.07
57.37  0.05
57.38  0.06
57.39  0.03
57.4  0.1
57.41  0.07
57.42  0.03
57.43  0.07
57.44  0.04
57.45  0.04
57.46  0.03
57.47  0.07
57.48  0.01
57.49  0.06
57.5  0.04
57.51  0.05
57.52  0.11
57.53  0.04
57.54  0.05
57.55  0.1
57.56  0.1
57.57  0.03
57.58  0.13
57.59  0.05
57.6  0.05
57.61  0.05
57.62  0.02
57.63  0.07
57.64  0.05
57.65  0.03
57.66  0.02
57.67  0.04
57.68  0.04
57.69  0.06
57.7  0.02
57.71  0.07
57.72  0.06
57.73  0.05
57.74  0.04
57.75  0
57.76  0.03
57.77  0.08
57.78  0.07
57.79  0.08
57.8  0.03
57.81  0.09
57.82  0.05
57.83  0.07
57.84  0.05
57.85  0.03
57.86  0.03
57.87  0.08
57.88  0.05
57.89  0.03
57.9  0.07
57.91  0.06
57.92  0.03
57.93  0.03
57.94  0.07
57.95  0.04
57.96  0.07
57.97  0.07
57.98  0.06
57.99  0.04
58  0.07
58.01  0.03
58.02  0.07
58.03  0.03
58.04  0.09
58.05  0.04
58.06  0.06
58.07  0.06
58.08  0.05
58.09  0.07
58.1  0.06
58.11  0.05
58.12  0.02
58.13  0.09
58.14  0.03
58.15  0.09
58.16  0.06
58.17  0.03
58.18  0.03
58.19  0.06
58.2  0.07
58.21  0.03
58.22  0.05
58.23  0.03
58.24  0.08
58.25  0.05
58.26  0.06
58.27  0.07
58.28  0.04
58.29  0.07
58.3  0.05
58.31  0.03
58.32  0.09
58.33  0.02
58.34  0.04
58.35  0.05
58.36  0.07
58.37  0.03
58.38  0.08
58.39  0.07
58.4  0.04
58.41  0.1
58.42  0.02
58.43  0.04
58.44  0.04
58.45  0.05
58.46  0.02
58.47  0.05
58.48  0.06
58.49  0.08
58.5  0.03
58.51  0.05
58.52  0.05
58.53  0.1
58.54  0.04
58.55  0.04
58.56  0.04
58.57  0.04
58.58  0.04
58.59  0.06
58.6  0.06
58.61  0.03
58.62  0.07
58.63  0.06
58.64  0.07
58.65  0.06
58.66  0.02
58.67  0.05
58.68  0.05
58.69  0.03
58.7  0.1
58.71  0.07
58.72  0.08
58.73  0.05
58.74  0.01
58.75  0.03
58.76  0.06
58.77  0.05
58.78  0.09
58.79  0.05
58.8  0.04
58.81  0.03
58.82  0.07
58.83  0.09
58.84  0.03
58.85  0.04
58.86  0.05
58.87  0.04
58.88  0.08
58.89  0.06
58.9  0.03
58.91  0.07
58.92  0.05
58.93  0.07
58.94  0.02
58.95  0.06
58.96  0.1
58.97  0.03
58.98  0.09
58.99  0.05
59  0.01
59.01  0.07
59.02  0.03
59.03  0.03
59.04  0.03
59.05  0.06
59.06  0.02
59.07  0.03
59.08  0.02
59.09  0.09
59.1  0.03
59.11  0.04
59.12  0.07
59.13  0.07
59.14  0.03
59.15  0.06
59.16  0.05
59.17  0.12
59.18  0.06
59.19  0.08
59.2  0.05
59.21  0.07
59.22  0.04
59.23  0.06
59.24  0.03
59.25  0.07
59.26  0.08
59.27  0.1
59.28  0.08
59.29  0.02
59.3  0.02
59.31  0.06
59.32  0.07
59.33  0.02
59.34  0.03
59.35  0.06
59.36  0.03
59.37  0.09
59.38  0.07
59.39  0.05
59.4  0.03
59.41  0.07
59.42  0.02
59.43  0.04
59.44  0.03
59.45  0.04
59.46  0.04
59.47  0.06
59.48  0.02
59.49  0.05
59.5  0.02
59.51  0.08
59.52  0.03
59.53  0.07
59.54  0.08
59.55  0.1
59.56  0.04
59.57  0.05
59.58  0.04
59.59  0.03
59.6  0.06
59.61  0.04
59.62  0.05
59.63  0.09
59.64  0.08
59.65  0.08
59.66  0.07
59.67  0.07
59.68  0.07
59.69  0.07
59.7  0.06
59.71  0.03
59.72  0.05
59.73  0.04
59.74  0.05
59.75  0.02
59.76  0.09
59.77  0.03
59.78  0.04
59.79  0
59.8  0.04
59.81  0.03
59.82  0.11
59.83  0.07
59.84  0.04
59.85  0.03
59.86  0.06
59.87  0.07
59.88  0.06
59.89  0.06
59.9  0.07
59.91  0.04
59.92  0.04
59.93  0.02
59.94  0.03
59.95  0.06
59.96  0.07
59.97  0.08
59.98  0.04
59.99  0.02
