-15  0
-14.99  0
-14.98  0.01
-14.97  0.01
-14.96  0.01
-14.95  0.01
-14.94  0.02
-14.93  0.02
-14.92  0.03
-14.91  0.03
-14.9  0.03
-14.89  0.04
-14.88  0.04
-14.87  0.04
-14.86  0.06
-14.85  0.05
-14.84  0.07
-14.83  0.06
-14.82  0.07
-14.81  0.08
-14.8  0.1
-14.79  0.09
-14.78  0.09
-14.77  0.11
-14.76  0.13
-14.75  0.13
-14.74  0.15
-14.73  0.17
-14.72  0.18
-14.71  0.19
-14.7  0.22
-14.69  0.24
-14.68  0.27
-14.67  0.32
-14.66  0.34
-14.65  0.39
-14.64  0.46
-14.63  0.54
-14.62  0.64
-14.61  0.74
-14.6  0.92
-14.59  1.13
-14.58  1.43
-14.57  1.93
-14.56  2.53
-14.55  3.59
-14.54  5.23
-14.53  7.8
-14.52  11
-14.51  12.75
-14.5  11.08
-14.49  7.9
-14.48  5.3
-14.47  3.62
-14.46  2.6
-14.45  1.91
-14.44  1.45
-14.43  1.16
-14.42  0.94
-14.41  0.77
-14.4  0.68
-14.39  0.56
-14.38  0.49
-14.37  0.42
-14.36  0.38
-14.35  0.35
-14.34  0.3
-14.33  0.29
-14.32  0.26
-14.31  0.24
-14.3  0.22
-14.29  0.22
-14.28  0.21
-14.27  0.18
-14.26  0.18
-14.25  0.17
-14.24  0.16
-14.23  0.17
-14.22  0.15
-14.21  0.14
-14.2  0.16
-14.19  0.15
-14.18  0.13
-14.17  0.18
-14.16  0.13
-14.15  0.13
-14.14  0.13
-14.13  0.12
-14.12  0.16
-14.11  0.13
-14.1  0.13
-14.09  0.15
-14.08  0.14
-14.07  0.14
-14.06  0.16
-14.05  0.14
-14.04  0.14
-14.03  0.14
-14.02  0.14
-14.01  0.16
-14  0.17
-13.99  0.16
-13.98  0.17
-13.97  0.16
-13.96  0.17
-13.95  0.18
-13.94  0.2
-13.93  0.19
-13.92  0.2
-13.91  0.21
-13.9  0.19
-13.89  0.23
-13.88  0.24
-13.87  0.22
-13.86  0.25
-13.85  0.27
-13.84  0.28
-13.83  0.29
-13.82  0.32
-13.81  0.31
-13.8  0.33
-13.79  0.35
-13.78  0.37
-13.77  0.44
-13.76  0.42
-13.75  0.46
-13.74  0.47
-13.73  0.56
-13.72  0.57
-13.71  0.64
-13.7  0.69
-13.69  0.75
-13.68  0.83
-13.67  0.9
-13.66  1
-13.65  1.12
-13.64  1.25
-13.63  1.4
-13.62  1.62
-13.61  1.8
-13.6  2.07
-13.59  2.33
-13.58  2.7
-13.57  3.01
-13.56  3.38
-13.55  3.78
-13.54  4.1
-13.53  4.29
-13.52  4.36
-13.51  4.3
-13.5  4.04
-13.49  3.79
-13.48  3.4
-13.47  3.01
-13.46  2.69
-13.45  2.39
-13.44  2.02
-13.43  1.85
-13.42  1.6
-13.41  1.41
-13.4  1.27
-13.39  1.17
-13.38  1.01
-13.37  0.95
-13.36  0.86
-13.35  0.76
-13.34  0.72
-13.33  0.69
-13.32  0.61
-13.31  0.59
-13.3  0.55
-13.29  0.51
-13.28  0.5
-13.27  0.44
-13.26  0.45
-13.25  0.4
-13.24  0.41
-13.23  0.36
-13.22  0.38
-13.21  0.38
-13.2  0.37
-13.19  0.33
-13.18  0.35
-13.17  0.31
-13.16  0.32
-13.15  0.3
-13.14  0.33
-13.13  0.29
-13.12  0.31
-13.11  0.3
-13.1  0.3
-13.09  0.28
-13.08  0.3
-13.07  0.29
-13.06  0.3
-13.05  0.31
-13.04  0.28
-13.03  0.33
-13.02  0.29
-13.01  0.3
-13  0.32
-12.99  0.31
-12.98  0.29
-12.97  0.33
-12.96  0.35
-12.95  0.33
-12.94  0.36
-12.93  0.33
-12.92  0.39
-12.91  0.38
-12.9  0.39
-12.89  0.4
-12.88  0.39
-12.87  0.4
-12.86  0.45
-12.85  0.45
-12.84  0.49
-12.83  0.5
-12.82  0.51
-12.81  0.54
-12.8  0.55
-12.79  0.6
-12.78  0.61
-12.77  0.66
-12.76  0.67
-12.75  0.76
-12.74  0.8
-12.73  0.85
-12.72  0.89
-12.71  0.94
-12.7  0.97
-12.69  1.09
-12.68  1.15
-12.67  1.24
-12.66  1.37
-12.65  1.44
-12.64  1.58
-12.63  1.67
-12.62  1.81
-12.61  1.93
-12.6  2.08
-12.59  2.22
-12.58  2.35
-12.57  2.47
-12.56  2.54
-12.55  2.64
-12.54  2.7
-12.53  2.7
-12.52  2.67
-12.51  2.65
-12.5  2.57
-12.49  2.46
-12.48  2.32
-12.47  2.21
-12.46  2.09
-12.45  2.01
-12.44  1.78
-12.43  1.69
-12.42  1.58
-12.41  1.47
-12.4  1.36
-12.39  1.24
-12.38  1.2
-12.37  1.11
-12.36  1.05
-12.35  1.01
-12.34  0.9
-12.33  0.86
-12.32  0.8
-12.31  0.78
-12.3  0.74
-12.29  0.69
-12.28  0.74
-12.27  0.62
-12.26  0.62
-12.25  0.61
-12.24  0.58
-12.23  0.57
-12.22  0.53
-12.21  0.52
-12.2  0.48
-12.19  0.54
-12.18  0.45
-12.17  0.49
-12.16  0.47
-12.15  0.49
-12.14  0.45
-12.13  0.44
-12.12  0.45
-12.11  0.44
-12.1  0.45
-12.09  0.45
-12.08  0.41
-12.07  0.44
-12.06  0.45
-12.05  0.42
-12.04  0.44
-12.03  0.44
-12.02  0.42
-12.01  0.45
-12  0.45
-11.99  0.43
-11.98  0.49
-11.97  0.47
-11.96  0.49
-11.95  0.51
-11.94  0.47
-11.93  0.48
-11.92  0.53
-11.91  0.49
-11.9  0.55
-11.89  0.53
-11.88  0.57
-11.87  0.58
-11.86  0.61
-11.85  0.62
-11.84  0.66
-11.83  0.61
-11.82  0.74
-11.81  0.72
-11.8  0.72
-11.79  0.8
-11.78  0.79
-11.77  0.84
-11.76  0.89
-11.75  0.9
-11.74  0.97
-11.73  0.99
-11.72  1.08
-11.71  1.12
-11.7  1.14
-11.69  1.23
-11.68  1.28
-11.67  1.39
-11.66  1.38
-11.65  1.5
-11.64  1.56
-11.63  1.62
-11.62  1.71
-11.61  1.74
-11.6  1.85
-11.59  1.88
-11.58  1.91
-11.57  1.95
-11.56  2
-11.55  2
-11.54  2.04
-11.53  2.03
-11.52  1.97
-11.51  1.97
-11.5  1.92
-11.49  1.87
-11.48  1.8
-11.47  1.78
-11.46  1.75
-11.45  1.59
-11.44  1.59
-11.43  1.46
-11.42  1.49
-11.41  1.33
-11.4  1.31
-11.39  1.26
-11.38  1.16
-11.37  1.15
-11.36  1.06
-11.35  1.06
-11.34  0.97
-11.33  0.95
-11.32  0.95
-11.31  0.87
-11.3  0.86
-11.29  0.79
-11.28  0.84
-11.27  0.75
-11.26  0.74
-11.25  0.75
-11.24  0.67
-11.23  0.68
-11.22  0.67
-11.21  0.61
-11.2  0.62
-11.19  0.68
-11.18  0.6
-11.17  0.59
-11.16  0.58
-11.15  0.6
-11.14  0.58
-11.13  0.58
-11.12  0.57
-11.11  0.54
-11.1  0.6
-11.09  0.56
-11.08  0.53
-11.07  0.56
-11.06  0.57
-11.05  0.53
-11.04  0.55
-11.03  0.55
-11.02  0.57
-11.01  0.55
-11  0.6
-10.99  0.56
-10.98  0.59
-10.97  0.6
-10.96  0.6
-10.95  0.61
-10.94  0.59
-10.93  0.66
-10.92  0.6
-10.91  0.69
-10.9  0.66
-10.89  0.67
-10.88  0.7
-10.87  0.68
-10.86  0.75
-10.85  0.74
-10.84  0.82
-10.83  0.76
-10.82  0.82
-10.81  0.81
-10.8  0.85
-10.79  0.89
-10.78  0.91
-10.77  0.98
-10.76  0.97
-10.75  1.05
-10.74  1.06
-10.73  1.11
-10.72  1.1
-10.71  1.18
-10.7  1.2
-10.69  1.24
-10.68  1.35
-10.67  1.29
-10.66  1.37
-10.65  1.42
-10.64  1.45
-10.63  1.49
-10.62  1.52
-10.61  1.59
-10.6  1.58
-10.59  1.61
-10.58  1.6
-10.57  1.7
-10.56  1.62
-10.55  1.72
-10.54  1.61
-10.53  1.61
-10.52  1.7
-10.51  1.59
-10.5  1.59
-10.49  1.55
-10.48  1.54
-10.47  1.53
-10.46  1.43
-10.45  1.41
-10.44  1.36
-10.43  1.41
-10.42  1.29
-10.41  1.28
-10.4  1.22
-10.39  1.24
-10.38  1.13
-10.37  1.1
-10.36  1.08
-10.35  1.04
-10.34  1.03
-10.33  1.01
-10.32  0.92
-10.31  0.94
-10.3  0.91
-10.29  0.88
-10.28  0.88
-10.27  0.82
-10.26  0.81
-10.25  0.81
-10.24  0.76
-10.23  0.77
-10.22  0.76
-10.21  0.74
-10.2  0.72
-10.19  0.74
-10.18  0.69
-10.17  0.71
-10.16  0.69
-10.15  0.67
-10.14  0.7
-10.13  0.66
-10.12  0.65
-10.11  0.7
-10.1  0.64
-10.09  0.64
-10.08  0.63
-10.07  0.67
-10.06  0.67
-10.05  0.66
-10.04  0.69
-10.03  0.62
-10.02  0.67
-10.01  0.67
-10  0.64
-9.99  0.67
-9.98  0.73
-9.97  0.68
-9.96  0.71
-9.95  0.7
-9.94  0.74
-9.93  0.72
-9.92  0.73
-9.91  0.75
-9.9  0.75
-9.89  0.79
-9.88  0.78
-9.87  0.78
-9.86  0.85
-9.85  0.82
-9.84  0.88
-9.83  0.88
-9.82  0.9
-9.81  0.93
-9.8  0.94
-9.79  0.97
-9.78  1.02
-9.77  0.98
-9.76  1.02
-9.75  1.09
-9.74  1.1
-9.73  1.11
-9.72  1.11
-9.71  1.14
-9.7  1.26
-9.69  1.22
-9.68  1.26
-9.67  1.25
-9.66  1.3
-9.65  1.34
-9.64  1.39
-9.63  1.37
-9.62  1.35
-9.61  1.43
-9.6  1.4
-9.59  1.51
-9.58  1.41
-9.57  1.42
-9.56  1.43
-9.55  1.45
-9.54  1.37
-9.53  1.53
-9.52  1.41
-9.51  1.39
-9.5  1.38
-9.49  1.35
-9.48  1.44
-9.47  1.31
-9.46  1.31
-9.45  1.29
-9.44  1.23
-9.43  1.24
-9.42  1.25
-9.41  1.18
-9.4  1.14
-9.39  1.15
-9.38  1.12
-9.37  1.13
-9.36  1.06
-9.35  1.02
-9.34  1
-9.33  1
-9.32  0.97
-9.31  0.99
-9.3  0.92
-9.29  0.9
-9.28  0.89
-9.27  0.88
-9.26  0.87
-9.25  0.87
-9.24  0.86
-9.23  0.84
-9.22  0.78
-9.21  0.82
-9.2  0.82
-9.19  0.8
-9.18  0.74
-9.17  0.77
-9.16  0.74
-9.15  0.79
-9.14  0.76
-9.13  0.75
-9.12  0.75
-9.11  0.7
-9.1  0.74
-9.09  0.76
-9.08  0.7
-9.07  0.79
-9.06  0.72
-9.05  0.72
-9.04  0.73
-9.03  0.77
-9.02  0.73
-9.01  0.76
-9  0.78
-8.99  0.78
-8.98  0.76
-8.97  0.75
-8.96  0.79
-8.95  0.79
-8.94  0.79
-8.93  0.81
-8.92  0.81
-8.91  0.83
-8.9  0.83
-8.89  0.82
-8.88  0.83
-8.87  0.88
-8.86  0.9
-8.85  0.95
-8.84  0.93
-8.83  0.94
-8.82  0.97
-8.81  0.95
-8.8  0.98
-8.79  1.01
-8.78  1.01
-8.77  1.04
-8.76  1.04
-8.75  1.1
-8.74  1.09
-8.73  1.13
-8.72  1.08
-8.71  1.19
-8.7  1.17
-8.69  1.19
-8.68  1.24
-8.67  1.18
-8.66  1.23
-8.65  1.3
-8.64  1.22
-8.63  1.26
-8.62  1.29
-8.61  1.29
-8.6  1.33
-8.59  1.3
-8.58  1.29
-8.57  1.32
-8.56  1.29
-8.55  1.36
-8.54  1.28
-8.53  1.26
-8.52  1.32
-8.51  1.26
-8.5  1.27
-8.49  1.26
-8.48  1.23
-8.47  1.27
-8.46  1.16
-8.45  1.22
-8.44  1.21
-8.43  1.17
-8.42  1.15
-8.41  1.11
-8.4  1.06
-8.39  1.19
-8.38  1.05
-8.37  1.09
-8.36  1.04
-8.35  1.04
-8.34  1.02
-8.33  0.97
-8.32  0.99
-8.31  0.95
-8.3  0.98
-8.29  0.93
-8.28  0.96
-8.27  0.87
-8.26  0.9
-8.25  0.9
-8.24  0.86
-8.23  0.88
-8.22  0.84
-8.21  0.9
-8.2  0.84
-8.19  0.83
-8.18  0.81
-8.17  0.88
-8.16  0.83
-8.15  0.84
-8.14  0.81
-8.13  0.79
-8.12  0.82
-8.11  0.75
-8.1  0.83
-8.09  0.78
-8.08  0.79
-8.07  0.81
-8.06  0.81
-8.05  0.82
-8.04  0.8
-8.03  0.84
-8.02  0.76
-8.01  0.82
-8  0.82
-7.99  0.85
-7.98  0.8
-7.97  0.85
-7.96  0.85
-7.95  0.87
-7.94  0.84
-7.93  0.87
-7.92  0.87
-7.91  0.88
-7.9  0.92
-7.89  0.87
-7.88  0.93
-7.87  0.94
-7.86  0.88
-7.85  0.95
-7.84  0.96
-7.83  0.94
-7.82  1.01
-7.81  1.02
-7.8  1
-7.79  1.02
-7.78  1.03
-7.77  1.03
-7.76  1.11
-7.75  1.08
-7.74  1.07
-7.73  1.12
-7.72  1.1
-7.71  1.12
-7.7  1.17
-7.69  1.14
-7.68  1.13
-7.67  1.18
-7.66  1.15
-7.65  1.19
-7.64  1.21
-7.63  1.25
-7.62  1.22
-7.61  1.21
-7.6  1.16
-7.59  1.19
-7.58  1.27
-7.57  1.19
-7.56  1.21
-7.55  1.24
-7.54  1.18
-7.53  1.19
-7.52  1.22
-7.51  1.21
-7.5  1.21
-7.49  1.22
-7.48  1.16
-7.47  1.11
-7.46  1.18
-7.45  1.13
-7.44  1.11
-7.43  1.11
-7.42  1.11
-7.41  1.08
-7.4  1.11
-7.39  1.06
-7.38  1.02
-7.37  1.05
-7.36  1.02
-7.35  1.02
-7.34  1.09
-7.33  0.97
-7.32  0.93
-7.31  1.03
-7.3  0.93
-7.29  0.97
-7.28  1.01
-7.27  0.88
-7.26  0.9
-7.25  0.97
-7.24  0.89
-7.23  0.91
-7.22  0.91
-7.21  0.86
-7.2  0.87
-7.19  0.87
-7.18  0.88
-7.17  0.85
-7.16  0.87
-7.15  0.86
-7.14  0.91
-7.13  0.88
-7.12  0.84
-7.11  0.85
-7.1  0.89
-7.09  0.8
-7.08  0.85
-7.07  0.87
-7.06  0.86
-7.05  0.87
-7.04  0.84
-7.03  0.87
-7.02  0.84
-7.01  0.88
-7  0.86
-6.99  0.85
-6.98  0.88
-6.97  0.88
-6.96  0.85
-6.95  0.99
-6.94  0.89
-6.93  0.92
-6.92  0.89
-6.91  0.93
-6.9  0.9
-6.89  0.96
-6.88  0.9
-6.87  1.02
-6.86  0.89
-6.85  0.98
-6.84  1.05
-6.83  1.03
-6.82  0.93
-6.81  1.03
-6.8  1
-6.79  1.03
-6.78  1.08
-6.77  0.99
-6.76  1.08
-6.75  1.05
-6.74  1.11
-6.73  1.06
-6.72  1.12
-6.71  1.09
-6.7  1.1
-6.69  1.08
-6.68  1.14
-6.67  1.2
-6.66  1.09
-6.65  1.1
-6.64  1.17
-6.63  1.18
-6.62  1.17
-6.61  1.18
-6.6  1.12
-6.59  1.15
-6.58  1.13
-6.57  1.17
-6.56  1.13
-6.55  1.2
-6.54  1.15
-6.53  1.16
-6.52  1.09
-6.51  1.15
-6.5  1.17
-6.49  1.11
-6.48  1.06
-6.47  1.13
-6.46  1.09
-6.45  1.13
-6.44  1.11
-6.43  1.03
-6.42  1.07
-6.41  1.09
-6.4  1.07
-6.39  1.05
-6.38  1.07
-6.37  1
-6.36  1.09
-6.35  0.97
-6.34  0.97
-6.33  1.01
-6.32  0.99
-6.31  0.94
-6.3  0.98
-6.29  0.96
-6.28  0.97
-6.27  1
-6.26  0.89
-6.25  0.97
-6.24  0.93
-6.23  0.95
-6.22  0.85
-6.21  0.95
-6.2  0.88
-6.19  0.98
-6.18  0.85
-6.17  0.92
-6.16  0.93
-6.15  0.93
-6.14  0.84
-6.13  0.91
-6.12  0.86
-6.11  0.95
-6.1  0.9
-6.09  0.85
-6.08  0.88
-6.07  0.89
-6.06  0.88
-6.05  0.89
-6.04  0.93
-6.03  0.87
-6.02  0.94
-6.01  0.86
-6  0.9
-5.99  0.94
-5.98  0.92
-5.97  0.94
-5.96  0.93
-5.95  0.9
-5.94  0.94
-5.93  0.92
-5.92  0.98
-5.91  0.94
-5.9  0.97
-5.89  0.92
-5.88  1
-5.87  0.97
-5.86  0.97
-5.85  1
-5.84  0.96
-5.83  1.05
-5.82  1.03
-5.81  0.97
-5.8  1.02
-5.79  1.01
-5.78  1.08
-5.77  1.04
-5.76  1
-5.75  1.12
-5.74  1.04
-5.73  1.08
-5.72  1.09
-5.71  1.07
-5.7  1.05
-5.69  1.11
-5.68  1.13
-5.67  1.09
-5.66  1.09
-5.65  1.12
-5.64  1.11
-5.63  1.08
-5.62  1.12
-5.61  1.07
-5.6  1.09
-5.59  1.22
-5.58  1.11
-5.57  1.09
-5.56  1.12
-5.55  1.06
-5.54  1.12
-5.53  1.08
-5.52  1.18
-5.51  1.06
-5.5  1.09
-5.49  1.04
-5.48  1.16
-5.47  1
-5.46  1.14
-5.45  1.04
-5.44  1.1
-5.43  1.02
-5.42  1.09
-5.41  0.99
-5.4  1.04
-5.39  1.13
-5.38  0.98
-5.37  1
-5.36  1
-5.35  1.05
-5.34  0.94
-5.33  1.02
-5.32  0.95
-5.31  1.01
-5.3  0.97
-5.29  0.98
-5.28  1.01
-5.27  0.92
-5.26  0.95
-5.25  0.96
-5.24  0.98
-5.23  0.96
-5.22  0.93
-5.21  0.98
-5.2  0.95
-5.19  0.93
-5.18  0.91
-5.17  0.86
-5.16  0.95
-5.15  0.9
-5.14  0.94
-5.13  0.9
-5.12  0.95
-5.11  0.93
-5.1  0.94
-5.09  0.91
-5.08  0.89
-5.07  0.87
-5.06  0.96
-5.05  0.95
-5.04  0.91
-5.03  0.98
-5.02  0.91
-5.01  0.95
-5  0.92
-4.99  0.95
-4.98  0.95
-4.97  0.92
-4.96  0.94
-4.95  0.99
-4.94  0.93
-4.93  0.95
-4.92  0.97
-4.91  0.95
-4.9  1.03
-4.89  0.93
-4.88  0.96
-4.87  0.99
-4.86  1.02
-4.85  1
-4.84  1
-4.83  0.96
-4.82  1.06
-4.81  1.02
-4.8  1.03
-4.79  1.03
-4.78  1.02
-4.77  1.07
-4.76  1.02
-4.75  1.07
-4.74  1.03
-4.73  1.05
-4.72  1.07
-4.71  1.05
-4.7  1.08
-4.69  1.05
-4.68  1.08
-4.67  1.13
-4.66  1.03
-4.65  1.11
-4.64  1.08
-4.63  1.07
-4.62  1.03
-4.61  1.12
-4.6  1.12
-4.59  1.05
-4.58  1.06
-4.57  1.07
-4.56  1.11
-4.55  1.08
-4.54  1.08
-4.53  1.04
-4.52  1.1
-4.51  1.12
-4.5  1.07
-4.49  1.07
-4.48  1.09
-4.47  0.98
-4.46  1.08
-4.45  0.99
-4.44  1.09
-4.43  1
-4.42  1.03
-4.41  1.05
-4.4  1.03
-4.39  1.02
-4.38  1.04
-4.37  1.03
-4.36  0.99
-4.35  1
-4.34  0.99
-4.33  1.02
-4.32  0.97
-4.31  0.99
-4.3  0.96
-4.29  1.03
-4.28  0.93
-4.27  0.97
-4.26  0.94
-4.25  1.01
-4.24  0.99
-4.23  0.95
-4.22  0.95
-4.21  0.95
-4.2  0.95
-4.19  0.96
-4.18  0.96
-4.17  0.9
-4.16  0.98
-4.15  0.93
-4.14  0.98
-4.13  0.91
-4.12  0.94
-4.11  0.94
-4.1  0.93
-4.09  0.97
-4.08  0.96
-4.07  0.9
-4.06  0.95
-4.05  0.9
-4.04  1.03
-4.03  0.96
-4.02  0.94
-4.01  0.92
-4  1
-3.99  0.92
-3.98  0.98
-3.97  0.96
-3.96  0.95
-3.95  0.99
-3.94  0.97
-3.93  1
-3.92  0.98
-3.91  0.92
-3.9  0.99
-3.89  1.02
-3.88  1
-3.87  1.01
-3.86  0.96
-3.85  1
-3.84  1
-3.83  1.06
-3.82  1.01
-3.81  1
-3.8  1.01
-3.79  1.01
-3.78  1
-3.77  1.06
-3.76  1.05
-3.75  1.1
-3.74  1
-3.73  1.08
-3.72  1.02
-3.71  1.02
-3.7  1.07
-3.69  1.05
-3.68  1.04
-3.67  1.09
-3.66  1.04
-3.65  1.08
-3.64  1.04
-3.63  1.07
-3.62  1.08
-3.61  1.02
-3.6  1.06
-3.59  1.07
-3.58  1
-3.57  1.12
-3.56  1.09
-3.55  1.01
-3.54  1.08
-3.53  1.09
-3.52  1.04
-3.51  1.04
-3.5  1.05
-3.49  1.07
-3.48  1.04
-3.47  1.03
-3.46  1.04
-3.45  1
-3.44  1.02
-3.43  1.06
-3.42  1.06
-3.41  0.96
-3.4  1.04
-3.39  1.02
-3.38  1.03
-3.37  0.98
-3.36  0.98
-3.35  0.97
-3.34  1.06
-3.33  0.96
-3.32  0.95
-3.31  1.01
-3.3  1.02
-3.29  1.01
-3.28  0.99
-3.27  1.04
-3.26  0.98
-3.25  0.94
-3.24  0.97
-3.23  0.95
-3.22  0.91
-3.21  0.99
-3.2  1.02
-3.19  0.94
-3.18  0.91
-3.17  1
-3.16  1.02
-3.15  0.88
-3.14  0.96
-3.13  1
-3.12  0.91
-3.11  0.97
-3.1  0.99
-3.09  0.97
-3.08  0.94
-3.07  0.96
-3.06  0.99
-3.05  0.96
-3.04  0.91
-3.03  1
-3.02  0.93
-3.01  1.03
-3  0.95
-2.99  0.91
-2.98  1.04
-2.97  0.99
-2.96  0.96
-2.95  0.93
-2.94  1.06
-2.93  0.96
-2.92  0.98
-2.91  1.01
-2.9  0.99
-2.89  0.97
-2.88  1
-2.87  0.96
-2.86  1.05
-2.85  0.96
-2.84  1.07
-2.83  1
-2.82  0.97
-2.81  1.07
-2.8  1.01
-2.79  1
-2.78  1.04
-2.77  1.04
-2.76  0.97
-2.75  1.09
-2.74  1.02
-2.73  1.05
-2.72  1.05
-2.71  1.04
-2.7  1.08
-2.69  1.01
-2.68  1.03
-2.67  1.07
-2.66  1.01
-2.65  1.02
-2.64  1.07
-2.63  1.01
-2.62  1.08
-2.61  1.03
-2.6  1.05
-2.59  1.04
-2.58  1.05
-2.57  1.05
-2.56  1.03
-2.55  1.03
-2.54  1.06
-2.53  1.02
-2.52  1.08
-2.51  1.02
-2.5  1.08
-2.49  1.01
-2.48  1.04
-2.47  1.03
-2.46  1.02
-2.45  1.02
-2.44  0.99
-2.43  1.05
-2.42  1.01
-2.41  0.99
-2.4  1.03
-2.39  1.02
-2.38  1
-2.37  1.02
-2.36  0.98
-2.35  1.03
-2.34  0.98
-2.33  1.01
-2.32  1
-2.31  0.99
-2.3  0.98
-2.29  1.01
-2.28  0.95
-2.27  1
-2.26  0.95
-2.25  1.02
-2.24  1.01
-2.23  1
-2.22  0.95
-2.21  0.99
-2.2  0.95
-2.19  0.99
-2.18  0.98
-2.17  0.93
-2.16  0.97
-2.15  0.98
-2.14  0.99
-2.13  0.96
-2.12  0.96
-2.11  0.97
-2.1  0.96
-2.09  0.94
-2.08  1.01
-2.07  0.97
-2.06  0.97
-2.05  0.97
-2.04  1.01
-2.03  1
-2.02  1
-2.01  0.95
-2  0.98
-1.99  1
-1.98  0.94
-1.97  1
-1.96  0.93
-1.95  0.99
-1.94  1.08
-1.93  0.96
-1.92  0.97
-1.91  0.98
-1.9  1.01
-1.89  1.03
-1.88  0.97
-1.87  0.99
-1.86  1.03
-1.85  1.02
-1.84  1.06
-1.83  0.99
-1.82  0.98
-1.81  1.01
-1.8  1
-1.79  1.08
-1.78  0.98
-1.77  1.03
-1.76  1.02
-1.75  1.07
-1.74  0.99
-1.73  1.01
-1.72  1.05
-1.71  1.05
-1.7  1.03
-1.69  1.03
-1.68  1.03
-1.67  1.02
-1.66  1
-1.65  1.12
-1.64  1.01
-1.63  1.02
-1.62  1.07
-1.61  0.97
-1.6  1.08
-1.59  0.98
-1.58  1.01
-1.57  1.05
-1.56  1.02
-1.55  1.09
-1.54  1.02
-1.53  1.04
-1.52  1.05
-1.51  0.99
-1.5  1.03
-1.49  1.01
-1.48  1.04
-1.47  1.03
-1.46  1.01
-1.45  1.05
-1.44  0.98
-1.43  1.04
-1.42  1
-1.41  1
-1.4  1.06
-1.39  0.97
-1.38  1.05
-1.37  0.96
-1.36  1.01
-1.35  1
-1.34  0.98
-1.33  1.02
-1.32  0.95
-1.31  1.01
-1.3  1
-1.29  0.98
-1.28  1.02
-1.27  0.99
-1.26  0.95
-1.25  0.99
-1.24  0.99
-1.23  1.02
-1.22  1.01
-1.21  1.01
-1.2  0.98
-1.19  0.98
-1.18  0.98
-1.17  0.93
-1.16  1.05
-1.15  0.95
-1.14  0.94
-1.13  1.02
-1.12  0.96
-1.11  0.99
-1.1  0.94
-1.09  0.94
-1.08  0.98
-1.07  1
-1.06  1.07
-1.05  0.95
-1.04  1
-1.03  0.99
-1.02  0.97
-1.01  0.95
-1  0.96
-0.99  0.99
-0.98  1.03
-0.97  0.99
-0.96  0.98
-0.95  1.01
-0.94  1
-0.93  1.03
-0.92  0.99
-0.91  1.02
-0.9  1.01
-0.89  0.99
-0.88  0.96
-0.87  1.03
-0.86  1.01
-0.85  0.98
-0.84  1.03
-0.83  1.02
-0.82  1.02
-0.81  0.96
-0.8  0.99
-0.79  1.06
-0.78  1.02
-0.77  1.02
-0.76  1.01
-0.75  1.01
-0.74  1.05
-0.73  1.06
-0.72  0.94
-0.71  1.07
-0.7  1.04
-0.69  1
-0.68  1.01
-0.67  1.08
-0.66  1.02
-0.65  1.02
-0.64  1.03
-0.63  1.06
-0.62  0.97
-0.61  1
-0.6  1.04
-0.59  1.03
-0.58  1.01
-0.57  1.08
-0.56  1.08
-0.55  0.97
-0.54  1.06
-0.53  1.03
-0.52  0.94
-0.51  1.05
-0.5  1.01
-0.49  0.98
-0.48  1.02
-0.47  1.01
-0.46  1.01
-0.45  1.04
-0.44  1.05
-0.43  0.94
-0.42  1.03
-0.41  1.07
-0.4  0.99
-0.39  1
-0.38  1.02
-0.37  0.99
-0.36  1.03
-0.35  1.01
-0.34  0.98
-0.33  0.93
-0.32  1.06
-0.31  0.98
-0.3  1.01
-0.29  0.98
-0.28  1.01
-0.27  1
-0.26  0.95
-0.25  1.04
-0.24  0.99
-0.23  0.91
-0.22  0.98
-0.21  1.01
-0.2  0.99
-0.19  1.04
-0.18  0.99
-0.17  1.03
-0.16  0.92
-0.15  0.97
-0.14  1
-0.13  1
-0.12  1.02
-0.11  0.96
-0.1  1.03
-0.09  0.92
-0.08  1.04
-0.07  0.97
-0.06  0.98
-0.05  1.04
-0.04  0.93
-0.03  0.99
-0.02  0.96
-0.01  1.02
-2.16197e-11  0.99
0.0001  0
0.0101  0.98
0.0201  0.99
0.0301  1.01
0.0401  0.98
0.0501  0.99
0.0601  1.11
0.0701  0.98
0.0801  0.97
0.0901  1.01
0.1001  1.03
0.1101  0.91
0.1201  1.15
0.1301  0.86
0.1401  1.09
0.1501  1
0.1601  0.94
0.1701  1.06
0.1801  1.09
0.1901  0.95
0.2001  1.02
0.2101  0.96
0.2201  1.06
0.2301  1.11
0.2401  0.97
0.2501  0.98
0.2601  1.07
0.2701  1.08
0.2801  1.09
0.2901  1.03
0.3001  1.21
0.3101  0.95
0.3201  1.09
0.3301  0.91
0.3401  1.09
0.3501  1.01
0.3601  1.11
0.3701  1.01
0.3801  1.03
0.3901  1.05
0.4001  1.09
0.4101  0.83
0.4201  0.93
0.4301  1.17
0.4401  1.18
0.4501  1.03
0.4601  1.06
0.4701  0.95
0.4801  1.04
0.4901  1.06
0.5001  0.98
0.5101  1.06
0.5201  1.06
0.5301  0.96
0.5401  1.13
0.5501  1.03
0.5601  0.96
0.5701  0.99
0.5801  1.03
0.5901  1.04
0.6001  0.99
0.6101  1.23
0.6201  0.88
0.6301  1.1
0.6401  0.91
0.6501  1.17
0.6601  0.85
0.6701  1.18
0.6801  1
0.6901  0.99
0.7001  1.06
0.7101  0.98
0.7201  1.09
0.7301  1.09
0.7401  1
0.7501  1.01
0.7601  1.01
0.7701  1.12
0.7801  0.81
0.7901  0.92
0.8001  0.96
0.8101  1.07
0.8201  0.83
0.8301  1.02
0.8401  0.99
0.8501  1.15
0.8601  1.18
0.8701  1
0.8801  0.84
0.8901  1.11
0.9001  0.97
0.9101  1
0.9201  1.04
0.9301  0.95
0.9401  1.17
0.9501  0.99
0.9601  0.92
0.9701  1
0.9801  0.94
0.9901  0.93
1.0001  0.93
1.0101  1.09
1.0201  1.11
1.0301  0.94
1.0401  0.98
1.0501  1.11
1.0601  1.02
1.0701  0.93
1.0801  0.88
1.0901  0.87
1.1001  0.99
1.1101  0.99
1.1201  1.05
1.1301  1.04
1.1401  0.94
1.1501  1.19
1.1601  1
1.1701  0.88
1.1801  1.02
1.1901  1.04
1.2001  1.18
1.2101  1.04
1.2201  1.05
1.2301  0.8
1.2401  1.13
1.2501  1.02
1.2601  0.83
1.2701  1.03
1.2801  1.15
1.2901  0.95
1.3001  1.04
1.3101  1.1
1.3201  0.85
1.3301  1.07
1.3401  0.95
1.3501  1.06
1.3601  1.01
1.3701  1.21
1.3801  0.81
1.3901  0.85
1.4001  1.15
1.4101  1.1
1.4201  1.18
1.4301  0.99
1.4401  1.03
1.4501  1.22
1.4601  1
1.4701  0.95
1.4801  0.99
1.4901  0.97
1.5001  1.08
1.5101  1.1
1.5201  1
1.5301  0.9
1.5401  1.15
1.5501  0.87
1.5601  1.15
1.5701  1.28
1.5801  1.03
1.5901  1.05
1.6001  1.04
1.6101  0.84
1.6201  1.1
1.6301  1.04
1.6401  1.05
1.6501  1.05
1.6601  0.8
1.6701  1.05
1.6801  0.96
1.6901  1.04
1.7001  0.9
1.7101  0.9
1.7201  1.24
1.7301  1.33
1.7401  0.96
1.7501  1.1
1.7601  1.07
1.7701  1.07
1.7801  1.05
1.7901  1.07
1.8001  1.06
1.8101  1.03
1.8201  1
1.8301  1.14
1.8401  0.93
1.8501  0.94
1.8601  0.95
1.8701  0.97
1.8801  1.04
1.8901  1.14
1.9001  0.96
1.9101  1.02
1.9201  0.85
1.9301  0.94
1.9401  1.28
1.9501  0.94
1.9601  0.95
1.9701  1.06
1.9801  1.21
1.9901  0.9
2.0001  1.02
2.0101  1.12
2.0201  0.96
2.0301  1.16
2.0401  1.11
2.0501  1.16
2.0601  1.08
2.0701  1.01
2.0801  1.1
2.0901  0.98
2.1001  0.92
2.1101  0.9
2.1201  0.93
2.1301  1.04
2.1401  1.17
2.1501  1.07
2.1601  1.05
2.1701  1.06
2.1801  0.93
2.1901  1.01
2.2001  0.86
2.2101  0.96
2.2201  1
2.2301  1.03
2.2401  0.98
2.2501  0.95
2.2601  1.01
2.2701  1.13
2.2801  0.92
2.2901  1.2
2.3001  0.87
2.3101  1
2.3201  0.93
2.3301  1.14
2.3401  1.02
2.3501  1.05
2.3601  0.77
2.3701  1.05
2.3801  0.99
2.3901  1.05
2.4001  1.07
2.4101  1
2.4201  1.01
2.4301  0.93
2.4401  1.15
2.4501  1.15
2.4601  0.98
2.4701  0.96
2.4801  1.14
2.4901  0.98
2.5001  0.85
2.5101  0.93
2.5201  1.13
2.5301  1.17
2.5401  0.88
2.5501  1.04
2.5601  1.11
2.5701  0.96
2.5801  1.04
2.5901  1.03
2.6001  0.94
2.6101  1.09
2.6201  0.92
2.6301  0.98
2.6401  1.01
2.6501  1.14
2.6601  1
2.6701  1.03
2.6801  1.01
2.6901  1.1
2.7001  0.98
2.7101  0.93
2.7201  0.95
2.7301  1.06
2.7401  1.15
2.7501  1.19
2.7601  0.82
2.7701  0.86
2.7801  1
2.7901  0.99
2.8001  1.09
2.8101  1.14
2.8201  0.96
2.8301  0.98
2.8401  1.07
2.8501  0.98
2.8601  0.85
2.8701  0.99
2.8801  1.11
2.8901  0.78
2.9001  1.04
2.9101  1.11
2.9201  1.05
2.9301  1.25
2.9401  0.91
2.9501  0.94
2.9601  1.14
2.9701  0.98
2.9801  1.07
2.9901  1.13
3.0001  0.98
3.0101  1.05
3.0201  0.96
3.0301  1.09
3.0401  1.07
3.0501  0.96
3.0601  1.04
3.0701  1.23
3.0801  0.98
3.0901  1.11
3.1001  0.94
3.1101  0.97
3.1201  1.02
3.1301  1.01
3.1401  1.12
3.1501  1.13
3.1601  0.99
3.1701  1.16
3.1801  1.14
3.1901  1.01
3.2001  0.97
3.2101  0.98
3.2201  0.9
3.2301  1.13
3.2401  1.1
3.2501  1.12
3.2601  1.09
3.2701  1.01
3.2801  1.2
3.2901  1.01
3.3001  1.12
3.3101  1
3.3201  0.91
3.3301  1
3.3401  0.96
3.3501  0.89
3.3601  0.96
3.3701  1.01
3.3801  1.02
3.3901  0.92
3.4001  1.12
3.4101  0.99
3.4201  1.07
3.4301  0.95
3.4401  1.01
3.4501  1.16
3.4601  1.13
3.4701  1.05
3.4801  1.05
3.4901  1.07
3.5001  1.15
3.5101  0.94
3.5201  0.86
3.5301  1.11
3.5401  0.96
3.5501  1.15
3.5601  1.03
3.5701  1.1
3.5801  1.04
3.5901  0.82
3.6001  1.1
3.6101  1.16
3.6201  1.2
3.6301  0.91
3.6401  1.14
3.6501  0.92
3.6601  1.02
3.6701  1.01
3.6801  0.9
3.6901  1.23
3.7001  0.87
3.7101  1.12
3.7201  0.89
3.7301  0.93
3.7401  1.15
3.7501  0.92
3.7601  1.02
3.7701  0.88
3.7801  0.88
3.7901  0.92
3.8001  1.11
3.8101  1.03
3.8201  0.97
3.8301  0.93
3.8401  1.01
3.8501  0.97
3.8601  1.07
3.8701  0.95
3.8801  1.19
3.8901  1.06
3.9001  1.2
3.9101  0.98
3.9201  1.06
3.9301  0.92
3.9401  1.05
3.9501  1.02
3.9601  1.27
3.9701  0.92
3.9801  0.82
3.9901  1.01
4.0001  0.93
4.0101  0.92
4.0201  1.02
4.0301  0.91
4.0401  1.05
4.0501  1.03
4.0601  1.15
4.0701  0.88
4.0801  1.04
4.0901  0.89
4.1001  0.97
4.1101  0.97
4.1201  1.07
4.1301  1.04
4.1401  0.96
4.1501  0.97
4.1601  1.24
4.1701  1.11
4.1801  1.06
4.1901  1.04
4.2001  0.96
4.2101  0.92
4.2201  0.95
4.2301  1
4.2401  0.97
4.2501  1.08
4.2601  1.18
4.2701  0.99
4.2801  1.24
4.2901  0.94
4.3001  1.02
4.3101  1.01
4.3201  1.01
4.3301  1.07
4.3401  0.9
4.3501  1.26
4.3601  0.99
4.3701  0.95
4.3801  1.02
4.3901  1.14
4.4001  0.91
4.4101  0.94
4.4201  0.96
4.4301  0.99
4.4401  1.13
4.4501  0.96
4.4601  0.95
4.4701  1.18
4.4801  1.28
4.4901  1.21
4.5001  0.88
4.5101  1.17
4.5201  0.79
4.5301  0.97
4.5401  1
4.5501  1.11
4.5601  1.05
4.5701  1.08
4.5801  0.98
4.5901  1.21
4.6001  0.99
4.6101  1
4.6201  1.2
4.6301  1.03
4.6401  0.93
4.6501  1.12
4.6601  1.04
4.6701  1.08
4.6801  0.94
4.6901  1.01
4.7001  1.05
4.7101  1.04
4.7201  0.98
4.7301  1.22
4.7401  0.88
4.7501  1.08
4.7601  0.92
4.7701  0.99
4.7801  0.9
4.7901  1.06
4.8001  1
4.8101  0.9
4.8201  1.04
4.8301  1.08
4.8401  1.12
4.8501  1.05
4.8601  1
4.8701  1.08
4.8801  1.17
4.8901  1.16
4.9001  0.86
4.9101  1.12
4.9201  1.05
4.9301  0.98
4.9401  1.16
4.9501  0.92
4.9601  1.07
4.9701  0.9
4.9801  1.1
4.9901  1.15
5.0001  0.81
5.0101  0.93
5.0201  1.17
5.0301  1.05
5.0401  1.01
5.0501  0.74
5.0601  1.14
5.0701  1.13
5.0801  1.15
5.0901  1.1
5.1001  0.87
5.1101  0.99
5.1201  0.89
5.1301  1.24
5.1401  0.95
5.1501  0.9
5.1601  1.02
5.1701  1.16
5.1801  0.99
5.1901  1.03
5.2001  1.17
5.2101  1.04
5.2201  0.98
5.2301  1.21
5.2401  0.95
5.2501  0.94
5.2601  1.07
5.2701  0.94
5.2801  1.04
5.2901  0.94
5.3001  0.94
5.3101  1.11
5.3201  0.83
5.3301  1.08
5.3401  1.01
5.3501  1.01
5.3601  0.98
5.3701  1.01
5.3801  1
5.3901  0.96
5.4001  0.98
5.4101  0.92
5.4201  1.1
5.4301  1.01
5.4401  1.05
5.4501  1.02
5.4601  1.19
5.4701  0.94
5.4801  1.02
5.4901  0.76
5.5001  1.02
5.5101  1.21
5.5201  1.18
5.5301  1.04
5.5401  0.98
5.5501  1.03
5.5601  1.04
5.5701  0.94
5.5801  1.11
5.5901  0.93
5.6001  0.92
5.6101  1.02
5.6201  1.09
5.6301  0.93
5.6401  1.18
5.6501  1.01
5.6601  0.97
5.6701  0.92
5.6801  0.94
5.6901  0.84
5.7001  0.97
5.7101  0.99
5.7201  0.92
5.7301  1.13
5.7401  1.09
5.7501  0.94
5.7601  1.11
5.7701  1.09
5.7801  1.11
5.7901  1.04
5.8001  1.13
5.8101  1
5.8201  1.04
5.8301  0.91
5.8401  0.86
5.8501  0.98
5.8601  1.13
5.8701  1
5.8801  1.23
5.8901  1.04
5.9001  0.97
5.9101  0.87
5.9201  1.14
5.9301  1.2
5.9401  1.11
5.9501  1.19
5.9601  1.06
5.9701  0.89
5.9801  0.85
5.9901  0.87
6.0001  1.02
6.0101  1.11
6.0201  0.94
6.0301  0.98
6.0401  1.17
6.0501  1.13
6.0601  0.87
6.0701  1.04
6.0801  1.04
6.0901  0.9
6.1001  1.21
6.1101  0.97
6.1201  1.04
6.1301  1.1
6.1401  1.08
6.1501  1.22
6.1601  0.93
6.1701  0.99
6.1801  0.92
6.1901  1.08
6.2001  0.95
6.2101  0.95
6.2201  1.22
6.2301  0.97
6.2401  1.04
6.2501  1.02
6.2601  1.06
6.2701  1.01
6.2801  1.05
6.2901  1.15
6.3001  1.12
6.3101  1.19
6.3201  1.02
6.3301  1.04
6.3401  1.23
6.3501  1.16
6.3601  1.01
6.3701  1
6.3801  0.83
6.3901  1.07
6.4001  1.05
6.4101  0.9
6.4201  1.07
6.4301  1
6.4401  1.05
6.4501  1.19
6.4601  0.97
6.4701  0.91
6.4801  1.14
6.4901  1.04
6.5001  0.8
6.5101  0.91
6.5201  0.95
6.5301  1.14
6.5401  0.71
6.5501  1.01
6.5601  1.02
6.5701  1.14
6.5801  1.07
6.5901  1.06
6.6001  0.93
6.6101  1.19
6.6201  1.12
6.6301  1.1
6.6401  1.02
6.6501  0.94
6.6601  1.16
6.6701  1.03
6.6801  0.97
6.6901  0.83
6.7001  1.02
6.7101  0.97
6.7201  0.95
6.7301  1.11
6.7401  0.95
6.7501  1.16
6.7601  1
6.7701  0.94
6.7801  1.02
6.7901  1.01
6.8001  0.96
6.8101  1.06
6.8201  0.8
6.8301  1.14
6.8401  1.15
6.8501  0.98
6.8601  1.03
6.8701  1.04
6.8801  1.09
6.8901  1.02
6.9001  1.17
6.9101  0.88
6.9201  1
6.9301  1.03
6.9401  0.91
6.9501  1.21
6.9601  1.1
6.9701  1.07
6.9801  1
6.9901  0.8
7.0001  1.03
7.0101  0.99
7.0201  1.04
7.0301  0.97
7.0401  1.01
7.0501  0.97
7.0601  1.14
7.0701  1.04
7.0801  1.01
7.0901  0.97
7.1001  0.98
7.1101  1
7.1201  0.93
7.1301  1.07
7.1401  1.02
7.1501  0.95
7.1601  1.1
7.1701  1.12
7.1801  1.07
7.1901  1.16
7.2001  0.87
7.2101  0.86
7.2201  1.1
7.2301  1.14
7.2401  1.15
7.2501  1.08
7.2601  1.1
7.2701  1.13
7.2801  0.95
7.2901  0.94
7.3001  0.92
7.3101  1.03
7.3201  1.23
7.3301  1.05
7.3401  0.95
7.3501  0.96
7.3601  1.01
7.3701  1.17
7.3801  1.09
7.3901  1.01
7.4001  0.9
7.4101  1.09
7.4201  1.02
7.4301  0.98
7.4401  1.04
7.4501  1.09
7.4601  0.79
7.4701  0.94
7.4801  1.14
7.4901  1.16
7.5001  1.15
7.5101  0.97
7.5201  0.95
7.5301  1.04
7.5401  1.02
7.5501  0.91
7.5601  0.92
7.5701  1.17
7.5801  1.08
7.5901  1.01
7.6001  1.09
7.6101  1.05
7.6201  1.14
7.6301  0.96
7.6401  0.94
7.6501  1.22
7.6601  1.21
7.6701  0.95
7.6801  0.98
7.6901  0.97
7.7001  0.97
7.7101  1.18
7.7201  1
7.7301  0.85
7.7401  1.07
7.7501  0.83
7.7601  1.02
7.7701  1.2
7.7801  1
7.7901  1.01
7.8001  1.12
7.8101  1.2
7.8201  0.96
7.8301  1.12
7.8401  1.08
7.8501  1.02
7.8601  1.02
7.8701  0.81
7.8801  0.87
7.8901  1.02
7.9001  1.03
7.9101  0.96
7.9201  1.04
7.9301  1.1
7.9401  1.05
7.9501  1.15
7.9601  1.09
7.9701  0.93
7.9801  0.95
7.9901  1.1
8.0001  1.15
8.0101  0.82
8.0201  1.04
8.0301  0.97
8.0401  1.03
8.0501  1.13
8.0601  0.93
8.0701  1
8.0801  1.21
8.0901  1.08
8.1001  0.95
8.1101  0.94
8.1201  0.91
8.1301  0.97
8.1401  0.83
8.1501  1.1
8.1601  1.14
8.1701  1.03
8.1801  0.97
8.1901  0.95
8.2001  1.21
8.2101  1.01
8.2201  0.94
8.2301  0.96
8.2401  1.11
8.2501  1.12
8.2601  1.05
8.2701  1.06
8.2801  0.99
8.2901  1.04
8.3001  0.96
8.3101  1.06
8.3201  1.01
8.3301  0.95
8.3401  1.19
8.3501  0.9
8.3601  1.1
8.3701  0.98
8.3801  1.04
8.3901  1.06
8.4001  1.15
8.4101  0.94
8.4201  1.14
8.4301  1.16
8.4401  0.98
8.4501  0.91
8.4601  1.01
8.4701  0.98
8.4801  0.84
8.4901  1.09
8.5001  1.14
8.5101  1.17
8.5201  1.12
8.5301  1
8.5401  0.99
8.5501  0.93
8.5601  1.09
8.5701  1.16
8.5801  0.98
8.5901  1.12
8.6001  0.92
8.6101  1.02
8.6201  0.89
8.6301  1.03
8.6401  0.9
8.6501  1.2
8.6601  1.08
8.6701  0.92
8.6801  1.15
8.6901  1.08
8.7001  0.93
8.7101  1.2
8.7201  1.17
8.7301  0.86
8.7401  1.16
8.7501  0.97
8.7601  1.05
8.7701  1.23
8.7801  0.87
8.7901  0.99
8.8001  0.95
8.8101  1.03
8.8201  1.06
8.8301  1.09
8.8401  1.15
8.8501  0.91
8.8601  0.97
8.8701  1.03
8.8801  1.06
8.8901  1.06
8.9001  1.02
8.9101  0.89
8.9201  0.96
8.9301  1.1
8.9401  1.1
8.9501  1.07
8.9601  0.74
8.9701  1.08
8.9801  1.12
8.9901  0.97
9.0001  0.93
9.0101  0.97
9.0201  1.09
9.0301  1.12
9.0401  1
9.0501  1.16
9.0601  0.91
9.0701  1.11
9.0801  0.93
9.0901  1.05
9.1001  0.99
9.1101  1.04
9.1201  1.08
9.1301  0.91
9.1401  1.13
9.1501  1.17
9.1601  1
9.1701  1.22
9.1801  0.86
9.1901  0.95
9.2001  1.15
9.2101  0.93
9.2201  1.09
9.2301  0.91
9.2401  1.05
9.2501  0.9
9.2601  1.15
9.2701  0.93
9.2801  0.94
9.2901  0.97
9.3001  0.93
9.3101  1
9.3201  0.94
9.3301  1.17
9.3401  1.02
9.3501  1.06
9.3601  1.12
9.3701  0.82
9.3801  0.98
9.3901  1.02
9.4001  1.13
9.4101  1.07
9.4201  0.91
9.4301  1.11
9.4401  1.19
9.4501  0.97
9.4601  1.03
9.4701  1.06
9.4801  0.9
9.4901  0.98
9.5001  0.98
9.5101  0.95
9.5201  1.05
9.5301  1.12
9.5401  1.02
9.5501  0.92
9.5601  1.08
9.5701  1.21
9.5801  0.96
9.5901  0.88
9.6001  1.22
9.6101  0.83
9.6201  1.15
9.6301  0.82
9.6401  1.05
9.6501  1.09
9.6601  0.95
9.6701  1.17
9.6801  0.95
9.6901  0.95
9.7001  1.2
9.7101  1.23
9.7201  1.06
9.7301  1.02
9.7401  1.05
9.7501  1.1
9.7601  0.94
9.7701  1.11
9.7801  1.04
9.7901  1.13
9.8001  0.96
9.8101  0.86
9.8201  1.11
9.8301  1.09
9.8401  0.97
9.8501  0.88
9.8601  1.12
9.8701  0.98
9.8801  1.04
9.8901  1.14
9.9001  1.07
9.9101  1.01
9.9201  0.98
9.9301  1.13
9.9401  0.97
9.9501  1.12
9.9601  0.89
9.9701  1.07
9.9801  0.97
9.9901  0.88
10.0001  0.91
10.0101  1.16
10.0201  1.2
10.0301  0.96
10.0401  0.93
10.0501  1.02
10.0601  1.02
10.0701  1.14
10.0801  0.99
10.0901  0.86
10.1001  1.25
10.1101  0.95
10.1201  1.09
10.1301  1.01
10.1401  1.04
10.1501  0.95
10.1601  1.11
10.1701  0.99
10.1801  1.24
10.1901  1.2
10.2001  0.85
10.2101  0.93
10.2201  1
10.2301  1.11
10.2401  0.96
10.2501  1.15
10.2601  1.13
10.2701  0.93
10.2801  0.87
10.2901  0.98
10.3001  1.04
10.3101  1.05
10.3201  1.1
10.3301  1.06
10.3401  0.95
10.3501  1.01
10.3601  1.02
10.3701  0.98
10.3801  1.16
10.3901  1.1
10.4001  1.1
10.4101  1.05
10.4201  1.04
10.4301  1.02
10.4401  1.05
10.4501  0.84
10.4601  0.93
10.4701  0.9
10.4801  1.12
10.4901  0.99
10.5001  0.98
10.5101  0.93
10.5201  1.01
10.5301  1.13
10.5401  1.11
10.5501  1.03
10.5601  0.99
10.5701  1.09
10.5801  1.03
10.5901  0.98
10.6001  1.14
10.6101  0.8
10.6201  0.91
10.6301  1.11
10.6401  0.98
10.6501  1.01
10.6601  1.1
10.6701  1.13
10.6801  1.09
10.6901  0.83
10.7001  0.97
10.7101  0.93
10.7201  0.97
10.7301  1.13
10.7401  1.09
10.7501  1.33
10.7601  1.16
10.7701  1.08
10.7801  1
10.7901  1.09
10.8001  1.02
10.8101  1.14
10.8201  0.98
10.8301  0.75
10.8401  0.98
10.8501  0.88
10.8601  0.96
10.8701  0.92
10.8801  1.13
10.8901  0.8
10.9001  0.89
10.9101  1.16
10.9201  1.03
10.9301  1.02
10.9401  0.95
10.9501  1.04
10.9601  1.07
10.9701  1.02
10.9801  1.04
10.9901  1.06
11.0001  1.26
11.0101  1.07
11.0201  1.09
11.0301  1.04
11.0401  1.06
11.0501  0.96
11.0601  1.06
11.0701  0.98
11.0801  1.23
11.0901  1.01
11.1001  0.8
11.1101  1.04
11.1201  1.11
11.1301  0.96
11.1401  1.05
11.1501  0.96
11.1601  1.14
11.1701  0.97
11.1801  1.14
11.1901  1.01
11.2001  0.91
11.2101  1.02
11.2201  1.05
11.2301  1.05
11.2401  1.19
11.2501  1.13
11.2601  1.09
11.2701  0.88
11.2801  1.08
11.2901  1.02
11.3001  1.25
11.3101  1.07
11.3201  0.82
11.3301  0.97
11.3401  0.97
11.3501  1.21
11.3601  0.94
11.3701  1.01
11.3801  0.85
11.3901  1.1
11.4001  1.17
11.4101  1.06
11.4201  0.88
11.4301  1.12
11.4401  1.23
11.4501  1.08
11.4601  1.04
11.4701  0.94
11.4801  0.89
11.4901  1.13
11.5001  1.1
11.5101  0.94
11.5201  1.02
11.5301  0.9
11.5401  0.94
11.5501  1.14
11.5601  0.91
11.5701  1.1
11.5801  1.16
11.5901  1.1
11.6001  1.06
11.6101  0.96
11.6201  0.96
11.6301  1.06
11.6401  0.93
11.6501  1
11.6601  1.08
11.6701  1.01
11.6801  0.88
11.6901  0.99
11.7001  0.84
11.7101  1.12
11.7201  1.09
11.7301  1.07
11.7401  1.12
11.7501  0.95
11.7601  1
11.7701  0.81
11.7801  1.01
11.7901  1.27
11.8001  0.99
11.8101  1.07
11.8201  1.02
11.8301  0.99
11.8401  1.01
11.8501  1.03
11.8601  1.13
11.8701  0.92
11.8801  0.95
11.8901  0.95
11.9001  0.91
11.9101  1.21
11.9201  1.06
11.9301  1.11
11.9401  1.11
11.9501  1.08
11.9601  0.87
11.9701  1.22
11.9801  0.86
11.9901  1.07
12.0001  1.09
12.0101  0.97
12.0201  0.92
12.0301  1.07
12.0401  1.02
12.0501  0.97
12.0601  0.99
12.0701  0.81
12.0801  1.18
12.0901  1.06
12.1001  0.94
12.1101  1.08
12.1201  1.03
12.1301  0.89
12.1401  1.01
12.1501  1.02
12.1601  1.12
12.1701  1
12.1801  1.32
12.1901  1.09
12.2001  0.86
12.2101  0.9
12.2201  0.88
12.2301  0.92
12.2401  1.08
12.2501  0.93
12.2601  1.11
12.2701  1.19
12.2801  1.27
12.2901  0.87
12.3001  1.14
12.3101  1.02
12.3201  1.16
12.3301  1
12.3401  1
12.3501  0.83
12.3601  1.09
12.3701  1.05
12.3801  1.02
12.3901  1.26
12.4001  0.88
12.4101  0.98
12.4201  1.12
12.4301  1.04
12.4401  1.15
12.4501  1.09
12.4601  1.07
12.4701  1.12
12.4801  1.1
12.4901  1
12.5001  0.96
12.5101  0.91
12.5201  0.99
12.5301  0.95
12.5401  1.04
12.5501  0.93
12.5601  0.99
12.5701  0.96
12.5801  0.9
12.5901  1.3
12.6001  0.89
12.6101  1.01
12.6201  0.92
12.6301  0.9
12.6401  1.04
12.6501  1.19
12.6601  1.21
12.6701  0.97
12.6801  1.04
12.6901  1.16
12.7001  1.12
12.7101  1.11
12.7201  0.96
12.7301  1.09
12.7401  0.97
12.7501  0.96
12.7601  0.88
12.7701  0.86
12.7801  1
12.7901  1.1
12.8001  0.98
12.8101  1.08
12.8201  0.95
12.8301  0.86
12.8401  1.09
12.8501  1.2
12.8601  0.97
12.8701  1
12.8801  1.14
12.8901  1.15
12.9001  0.99
12.9101  0.97
12.9201  1.26
12.9301  1.06
12.9401  0.83
12.9501  1.12
12.9601  1.05
12.9701  1.02
12.9801  0.86
12.9901  1.02
13.0001  1.01
13.0101  1.1
13.0201  1.18
13.0301  1.14
13.0401  1.11
13.0501  1.01
13.0601  1.09
13.0701  1.02
13.0801  0.92
13.0901  0.88
13.1001  0.91
13.1101  1.02
13.1201  1.24
13.1301  0.78
13.1401  1.03
13.1501  0.97
13.1601  1.09
13.1701  0.84
13.1801  1.03
13.1901  1.05
13.2001  1.08
13.2101  1.08
13.2201  1.3
13.2301  1.05
13.2401  0.99
13.2501  1.08
13.2601  1.04
13.2701  0.93
13.2801  1.01
13.2901  0.94
13.3001  1.12
13.3101  1.05
13.3201  1.02
13.3301  1
13.3401  1.01
13.3501  0.92
13.3601  1.03
13.3701  1.13
13.3801  1.04
13.3901  0.92
13.4001  1.09
13.4101  1.02
13.4201  1.21
13.4301  1.07
13.4401  1.05
13.4501  1.01
13.4601  1.15
13.4701  1
13.4801  0.93
13.4901  1.01
13.5001  0.96
13.5101  1
13.5201  1.12
13.5301  1.05
13.5401  0.99
13.5501  1.18
13.5601  0.96
13.5701  1.1
13.5801  0.97
13.5901  1.23
13.6001  0.9
13.6101  1.08
13.6201  1.05
13.6301  0.97
13.6401  0.95
13.6501  1.07
13.6601  1.02
13.6701  1.11
13.6801  1.04
13.6901  1.13
13.7001  1.13
13.7101  0.81
13.7201  0.86
13.7301  1
13.7401  0.94
13.7501  1.02
13.7601  0.89
13.7701  1.03
13.7801  1.15
13.7901  1
13.8001  1.11
13.8101  0.92
13.8201  1.18
13.8301  1.11
13.8401  1.01
13.8501  1.06
13.8601  0.95
13.8701  1.17
13.8801  0.95
13.8901  0.98
13.9001  0.82
13.9101  1.05
13.9201  1.03
13.9301  0.95
13.9401  1.1
13.9501  0.98
13.9601  1.03
13.9701  0.99
13.9801  0.99
13.9901  1.03
14.0001  0.93
14.0101  0.98
14.0201  1
14.0301  0.95
14.0401  1.06
14.0501  0.96
14.0601  1.04
14.0701  1.12
14.0801  0.88
14.0901  1.09
14.1001  1.03
14.1101  0.94
14.1201  1.02
14.1301  1.08
14.1401  1.05
14.1501  1.12
14.1601  0.94
14.1701  0.88
14.1801  1.21
14.1901  0.88
14.2001  0.95
14.2101  1.03
14.2201  1.02
14.2301  1.05
14.2401  0.94
14.2501  0.97
14.2601  0.98
14.2701  1.18
14.2801  1.11
14.2901  1.02
14.3001  1
14.3101  0.92
14.3201  1.12
14.3301  1.13
14.3401  0.92
14.3501  1.11
14.3601  0.96
14.3701  1.08
14.3801  1.01
14.3901  0.92
14.4001  0.99
14.4101  1.1
14.4201  1.03
14.4301  1.09
14.4401  1.04
14.4501  0.89
14.4601  1.11
14.4701  1.05
14.4801  0.94
14.4901  0.88
14.5001  1.02
14.5101  1.16
14.5201  0.98
14.5301  1.14
14.5401  0.91
14.5501  0.97
14.5601  0.74
14.5701  1.07
14.5801  1.25
14.5901  1.02
14.6001  1.16
14.6101  1.09
14.6201  1.02
14.6301  1.17
14.6401  1.08
14.6501  1.04
14.6601  1.09
14.6701  1.15
14.6801  1.06
14.6901  1.12
14.7001  1.02
14.7101  1.01
14.7201  1.02
14.7301  1.12
14.7401  1.01
14.7501  1.01
14.7601  1.01
14.7701  1.08
14.7801  0.92
14.7901  1.16
14.8001  1.11
14.8101  0.95
14.8201  1.07
14.8301  1.05
14.8401  1.01
14.8501  1.06
14.8601  0.99
14.8701  1.11
14.8801  0.97
14.8901  0.93
14.9001  1.24
14.9101  0.8
14.9201  1.06
14.9301  1.13
14.9401  1.17
14.9501  1.02
14.9601  1.02
14.9701  1.19
14.9801  0.96
14.9901  1.06
15.0001  0.89
15.0101  0.98
15.0201  0.97
15.0301  1.1
15.0401  1.23
15.0501  1.13
15.0601  0.93
15.0701  1.11
15.0801  0.9
15.0901  1.14
15.1001  1.05
15.1101  1.06
15.1201  0.96
15.1301  1.09
15.1401  0.91
15.1501  1.06
15.1601  1.16
15.1701  1.07
15.1801  1.21
15.1901  0.93
15.2001  1.13
15.2101  0.9
15.2201  0.97
15.2301  0.83
15.2401  0.9
15.2501  1.09
15.2601  1.05
15.2701  0.98
15.2801  1.07
15.2901  1.13
15.3001  0.9
15.3101  1.02
15.3201  0.98
15.3301  1.16
15.3401  0.82
15.3501  0.97
15.3601  1.03
15.3701  1.06
15.3801  0.93
15.3901  1.18
15.4001  1.05
15.4101  0.96
15.4201  1.03
15.4301  1.1
15.4401  1.02
15.4501  0.82
15.4601  0.99
15.4701  0.94
15.4801  0.92
15.4901  1.09
15.5001  1.05
15.5101  1.02
15.5201  1.08
15.5301  1
15.5401  1.05
15.5501  0.93
15.5601  0.92
15.5701  0.84
15.5801  1.13
15.5901  1.15
15.6001  1.22
15.6101  1.07
15.6201  0.93
15.6301  1.2
15.6401  0.93
15.6501  0.95
15.6601  0.94
15.6701  1.13
15.6801  0.85
15.6901  1.01
15.7001  1
15.7101  1.08
15.7201  1.07
15.7301  1.01
15.7401  1.04
15.7501  1.11
15.7601  1.08
15.7701  1.03
15.7801  0.93
15.7901  0.99
15.8001  0.9
15.8101  0.91
15.8201  0.98
15.8301  1.04
15.8401  0.98
15.8501  1.06
15.8601  0.98
15.8701  0.84
15.8801  1.01
15.8901  1.04
15.9001  1.21
15.9101  1.13
15.9201  1.04
15.9301  0.92
15.9401  0.94
15.9501  1.29
15.9601  1.02
15.9701  1.07
15.9801  0.98
15.9901  1
16.0001  0.82
16.0101  1.18
16.0201  1.14
16.0301  1.11
16.0401  1.08
16.0501  1.1
16.0601  1.09
16.0701  1.07
16.0801  1.12
16.0901  0.94
16.1001  1.18
16.1101  1.11
16.1201  0.97
16.1301  1.09
16.1401  0.98
16.1501  0.98
16.1601  0.9
16.1701  0.86
16.1801  1.09
16.1901  1
16.2001  1.1
16.2101  0.99
16.2201  1.17
16.2301  0.96
16.2401  0.95
16.2501  1.03
16.2601  0.94
16.2701  0.97
16.2801  1.14
16.2901  0.94
16.3001  1.08
16.3101  1.23
16.3201  0.93
16.3301  1.31
16.3401  1.09
16.3501  1.03
16.3601  1.06
16.3701  1.04
16.3801  0.96
16.3901  0.93
16.4001  1.04
16.4101  1.27
16.4201  1.03
16.4301  1.07
16.4401  1
16.4501  1.02
16.4601  1.01
16.4701  1.09
16.4801  1.1
16.4901  1
16.5001  1.02
16.5101  1.13
16.5201  0.93
16.5301  1.11
16.5401  1.12
16.5501  1.01
16.5601  0.93
16.5701  1.02
16.5801  0.91
16.5901  1.03
16.6001  0.94
16.6101  0.97
16.6201  0.99
16.6301  0.87
16.6401  0.96
16.6501  1.19
16.6601  1.13
16.6701  1.04
16.6801  0.95
16.6901  0.92
16.7001  0.96
16.7101  0.92
16.7201  0.8
16.7301  1.23
16.7401  1
16.7501  1.06
16.7601  1.13
16.7701  1.19
16.7801  1
16.7901  1.03
16.8001  1.18
16.8101  1.05
16.8201  0.9
16.8301  0.96
16.8401  1.07
16.8501  0.92
16.8601  0.93
16.8701  1.11
16.8801  1.04
16.8901  1.01
16.9001  0.92
16.9101  1.05
16.9201  1.02
16.9301  1.15
16.9401  0.88
16.9501  0.91
16.9601  1.13
16.9701  0.95
16.9801  0.89
16.9901  1.25
17.0001  0.98
17.0101  1.09
17.0201  0.84
17.0301  1.11
17.0401  1.04
17.0501  0.99
17.0601  1.1
17.0701  0.8
17.0801  1
17.0901  0.97
17.1001  0.88
17.1101  0.96
17.1201  1.13
17.1301  0.97
17.1401  1.18
17.1501  0.97
17.1601  1.03
17.1701  0.83
17.1801  0.93
17.1901  1.17
17.2001  0.98
17.2101  1.01
17.2201  1.03
17.2301  1.12
17.2401  1.08
17.2501  1.07
17.2601  1.08
17.2701  1.04
17.2801  1.07
17.2901  0.97
17.3001  0.84
17.3101  1.1
17.3201  0.92
17.3301  1.06
17.3401  1.15
17.3501  1.19
17.3601  0.99
17.3701  1.2
17.3801  1.04
17.3901  0.96
17.4001  1.05
17.4101  0.95
17.4201  0.95
17.4301  0.96
17.4401  0.94
17.4501  1.08
17.4601  1.08
17.4701  0.84
17.4801  0.98
17.4901  1.09
17.5001  1.06
17.5101  1.06
17.5201  1.14
17.5301  0.99
17.5401  1.03
17.5501  1.15
17.5601  1.07
17.5701  0.93
17.5801  1.13
17.5901  1.08
17.6001  1.08
17.6101  1
17.6201  1
17.6301  1
17.6401  1.14
17.6501  1.26
17.6601  1.06
17.6701  0.95
17.6801  0.98
17.6901  1.08
17.7001  1.1
17.7101  0.91
17.7201  1.19
17.7301  1.14
17.7401  0.9
17.7501  1.08
17.7601  1.22
17.7701  1.14
17.7801  0.99
17.7901  0.98
17.8001  1.05
17.8101  1.11
17.8201  1.07
17.8301  0.89
17.8401  1.04
17.8501  1.1
17.8601  1.05
17.8701  1.01
17.8801  1.08
17.8901  1.01
17.9001  1
17.9101  0.96
17.9201  1.05
17.9301  0.93
17.9401  0.94
17.9501  0.98
17.9601  1.09
17.9701  1.06
17.9801  1.01
17.9901  1.03
18.0001  0.85
18.0101  0.96
18.0201  1.14
18.0301  0.83
18.0401  1.1
18.0501  0.98
18.0601  1.01
18.0701  1.12
18.0801  0.9
18.0901  1.28
18.1001  1.02
18.1101  1.1
18.1201  1.07
18.1301  0.9
18.1401  1.02
18.1501  0.9
18.1601  1.17
18.1701  0.95
18.1801  1.03
18.1901  1.02
18.2001  0.96
18.2101  1.05
18.2201  0.85
18.2301  1.23
18.2401  1.12
18.2501  1.01
18.2601  0.98
18.2701  1.14
18.2801  1.03
18.2901  0.94
18.3001  1.07
18.3101  0.96
18.3201  0.81
18.3301  1.06
18.3401  0.86
18.3501  0.99
18.3601  1.1
18.3701  1.08
18.3801  0.94
18.3901  0.94
18.4001  1.07
18.4101  0.94
18.4201  0.88
18.4301  0.91
18.4401  0.92
18.4501  1.13
18.4601  1.02
18.4701  0.97
18.4801  0.94
18.4901  1.18
18.5001  1.07
18.5101  1.04
18.5201  0.97
18.5301  1.16
18.5401  1.04
18.5501  1.11
18.5601  1.03
18.5701  1.07
18.5801  0.99
18.5901  0.98
18.6001  0.87
18.6101  1.02
18.6201  1
18.6301  1.16
18.6401  1.02
18.6501  1.21
18.6601  1.07
18.6701  1
18.6801  0.95
18.6901  1
18.7001  0.83
18.7101  0.9
18.7201  1.09
18.7301  1.32
18.7401  1.07
18.7501  1.01
18.7601  1.09
18.7701  1.03
18.7801  1.01
18.7901  1.08
18.8001  0.98
18.8101  1.08
18.8201  0.92
18.8301  1
18.8401  1.01
18.8501  0.9
18.8601  0.95
18.8701  1.12
18.8801  0.94
18.8901  1.23
18.9001  1.04
18.9101  0.93
18.9201  0.96
18.9301  1.12
18.9401  1.09
18.9501  0.99
18.9601  1.19
18.9701  1.1
18.9801  0.89
18.9901  0.88
19.0001  1.11
19.0101  0.94
19.0201  0.97
19.0301  1.13
19.0401  1.09
19.0501  1.01
19.0601  0.92
19.0701  1.15
19.0801  1.23
19.0901  1.07
19.1001  1.06
19.1101  1.08
19.1201  1.23
19.1301  1.03
19.1401  1.04
19.1501  0.99
19.1601  1.02
19.1701  1.01
19.1801  1.23
19.1901  0.92
19.2001  0.94
19.2101  1.12
19.2201  0.89
19.2301  1.06
19.2401  1.1
19.2501  0.98
19.2601  0.98
19.2701  1.07
19.2801  0.87
19.2901  1.08
19.3001  0.94
19.3101  0.85
19.3201  1.34
19.3301  1.03
19.3401  0.95
19.3501  1.01
19.3601  1.26
19.3701  1.02
19.3801  0.87
19.3901  1.03
19.4001  0.95
19.4101  1.28
19.4201  1.27
19.4301  0.96
19.4401  1.16
19.4501  1.11
19.4601  0.94
19.4701  0.85
19.4801  0.95
19.4901  1.09
19.5001  1.04
19.5101  1.07
19.5201  1.01
19.5301  1.02
19.5401  0.87
19.5501  0.99
19.5601  0.94
19.5701  1.06
19.5801  0.93
19.5901  1.05
19.6001  1.06
19.6101  1.02
19.6201  0.9
19.6301  0.94
19.6401  1.24
19.6501  0.76
19.6601  1.14
19.6701  0.9
19.6801  1.07
19.6901  1.17
19.7001  1.06
19.7101  1.04
19.7201  1.08
19.7301  1.05
19.7401  1.03
19.7501  1.04
19.7601  1.04
19.7701  0.9
19.7801  1.24
19.7901  1.08
19.8001  1.01
19.8101  0.97
19.8201  0.98
19.8301  0.9
19.8401  1.07
19.8501  1.02
19.8601  1.03
19.8701  0.83
19.8801  1.05
19.8901  0.97
19.9001  0.98
19.9101  1.01
19.9201  1
19.9301  1.05
19.9401  0.91
19.9501  1.06
19.9601  1.04
19.9701  1.11
19.9801  0.84
19.9901  0.88
20.0001  1.01
20.0101  0.95
20.0201  1.23
20.0301  1.08
20.0401  1.11
20.0501  0.98
20.0601  0.98
20.0701  1.19
20.0801  1.17
20.0901  1.04
20.1001  0.93
20.1101  1.07
20.1201  1.1
20.1301  1.04
20.1401  0.98
20.1501  0.97
20.1601  1.09
20.1701  1.08
20.1801  0.84
20.1901  0.96
20.2001  1.2
20.2101  1.1
20.2201  1.02
20.2301  0.98
20.2401  1
20.2501  1.05
20.2601  1.15
20.2701  0.99
20.2801  0.94
20.2901  0.9
20.3001  1.05
20.3101  1.09
20.3201  0.99
20.3301  1.13
20.3401  1.09
20.3501  1.03
20.3601  1.12
20.3701  1
20.3801  1.19
20.3901  1.02
20.4001  0.9
20.4101  1
20.4201  1.03
20.4301  1.02
20.4401  0.95
20.4501  0.96
20.4601  1.15
20.4701  1.11
20.4801  0.91
20.4901  1.11
20.5001  1.4
20.5101  0.9
20.5201  1.14
20.5301  0.94
20.5401  0.99
20.5501  0.87
20.5601  1.1
20.5701  1.04
20.5801  1
20.5901  1.18
20.6001  1.09
20.6101  0.98
20.6201  0.98
20.6301  1.19
20.6401  1.1
20.6501  0.9
20.6601  1.03
20.6701  1.11
20.6801  0.95
20.6901  1.03
20.7001  1.02
20.7101  0.86
20.7201  1.06
20.7301  1.12
20.7401  1.07
20.7501  0.97
20.7601  1.1
20.7701  1.25
20.7801  1.09
20.7901  0.98
20.8001  0.73
20.8101  0.98
20.8201  1.01
20.8301  0.94
20.8401  1.14
20.8501  1.13
20.8601  1.01
20.8701  0.95
20.8801  1.11
20.8901  0.9
20.9001  1.12
20.9101  1.02
20.9201  1.04
20.9301  1
20.9401  1.18
20.9501  0.93
20.9601  0.84
20.9701  0.99
20.9801  1
20.9901  1.13
21.0001  1.13
21.0101  1.03
21.0201  0.83
21.0301  1
21.0401  1.05
21.0501  1.16
21.0601  1.21
21.0701  0.82
21.0801  1.1
21.0901  0.87
21.1001  0.81
21.1101  1.07
21.1201  0.77
21.1301  1
21.1401  1.02
21.1501  1.07
21.1601  1.11
21.1701  0.9
21.1801  0.95
21.1901  1.05
21.2001  0.78
21.2101  0.84
21.2201  1.04
21.2301  1.08
21.2401  1.03
21.2501  1.1
21.2601  1.03
21.2701  1.17
21.2801  1.08
21.2901  0.86
21.3001  1.16
21.3101  1.17
21.3201  0.94
21.3301  0.91
21.3401  1.03
21.3501  1
21.3601  1.12
21.3701  1.12
21.3801  1.15
21.3901  1.05
21.4001  0.94
21.4101  0.96
21.4201  1.11
21.4301  1.06
21.4401  1
21.4501  0.86
21.4601  0.97
21.4701  0.94
21.4801  1.03
21.4901  0.92
21.5001  1.15
21.5101  0.97
21.5201  1.13
21.5301  1
21.5401  0.98
21.5501  1.11
21.5601  0.91
21.5701  1.15
21.5801  0.84
21.5901  1.09
21.6001  1.12
21.6101  1.16
21.6201  0.96
21.6301  1.01
21.6401  0.9
21.6501  1.04
21.6601  1.22
21.6701  0.98
21.6801  1.07
21.6901  1.06
21.7001  1.04
21.7101  1.14
21.7201  1.06
21.7301  0.98
21.7401  1
21.7501  0.97
21.7601  1.13
21.7701  1.16
21.7801  0.99
21.7901  1.17
21.8001  1.05
21.8101  1.07
21.8201  1.06
21.8301  0.85
21.8401  1.12
21.8501  0.91
21.8601  1.13
21.8701  1.03
21.8801  1.13
21.8901  1.06
21.9001  1.14
21.9101  0.93
21.9201  0.99
21.9301  0.94
21.9401  1.05
21.9501  0.92
21.9601  0.82
21.9701  1.04
21.9801  1.18
21.9901  1.07
22.0001  1.15
22.0101  1
22.0201  1.07
22.0301  0.98
22.0401  0.94
22.0501  1.12
22.0601  0.95
22.0701  1
22.0801  0.82
22.0901  1.21
22.1001  0.87
22.1101  1.17
22.1201  0.99
22.1301  1.03
22.1401  1.17
22.1501  1.11
22.1601  1.07
22.1701  1.02
22.1801  0.99
22.1901  0.95
22.2001  0.92
22.2101  1.05
22.2201  1.02
22.2301  0.99
22.2401  0.98
22.2501  1.16
22.2601  0.91
22.2701  1.19
22.2801  1.05
22.2901  0.89
22.3001  1.09
22.3101  0.98
22.3201  1.02
22.3301  1.09
22.3401  0.85
22.3501  1.12
22.3601  1.1
22.3701  0.99
22.3801  1.09
22.3901  1.08
22.4001  0.99
22.4101  1.07
22.4201  0.96
22.4301  1.13
22.4401  0.94
22.4501  1.16
22.4601  1.03
22.4701  0.94
22.4801  1.11
22.4901  0.93
22.5001  0.91
22.5101  1.04
22.5201  1
22.5301  0.92
22.5401  1.23
22.5501  0.99
22.5601  1.16
22.5701  0.9
22.5801  1.03
22.5901  0.93
22.6001  0.97
22.6101  0.89
22.6201  1.02
22.6301  1.1
22.6401  1.02
22.6501  0.99
22.6601  1.13
22.6701  1.3
22.6801  0.88
22.6901  1.02
22.7001  1.1
22.7101  0.88
22.7201  0.98
22.7301  1.03
22.7401  1.14
22.7501  0.92
22.7601  0.88
22.7701  1.09
22.7801  1.02
22.7901  1.06
22.8001  1.09
22.8101  1.04
22.8201  0.84
22.8301  1.12
22.8401  1.03
22.8501  1.09
22.8601  0.98
22.8701  0.93
22.8801  1.14
22.8901  1
22.9001  1.06
22.9101  0.82
22.9201  0.95
22.9301  0.8
22.9401  0.92
22.9501  1.07
22.9601  1.04
22.9701  1.02
22.9801  1.06
22.9901  1.02
23.0001  0.99
23.0101  0.93
23.0201  1.01
23.0301  0.98
23.0401  1.11
23.0501  1.15
23.0601  1.03
23.0701  1.08
23.0801  1.1
23.0901  0.93
23.1001  1.14
23.1101  1.04
23.1201  1.14
23.1301  0.88
23.1401  1.03
23.1501  0.92
23.1601  0.91
23.1701  1.02
23.1801  0.94
23.1901  1
23.2001  1.09
23.2101  0.99
23.2201  1
23.2301  1.04
23.2401  1.12
23.2501  0.95
23.2601  1.01
23.2701  1.06
23.2801  0.94
23.2901  1.13
23.3001  1.12
23.3101  1.07
23.3201  1.01
23.3301  1.03
23.3401  1.26
23.3501  1.01
23.3601  0.85
23.3701  1.11
23.3801  1.26
23.3901  0.99
23.4001  1.06
23.4101  0.97
23.4201  0.85
23.4301  1.01
23.4401  1.18
23.4501  1.1
23.4601  1.1
23.4701  1.23
23.4801  1.04
23.4901  0.99
23.5001  1.03
23.5101  1.07
23.5201  0.96
23.5301  0.99
23.5401  1
23.5501  1.07
23.5601  0.95
23.5701  1.05
23.5801  1.03
23.5901  0.97
23.6001  1.19
23.6101  1.06
23.6201  1.14
23.6301  1.03
23.6401  1.03
23.6501  0.93
23.6601  1.06
23.6701  1.22
23.6801  1.03
23.6901  1.07
23.7001  1.13
23.7101  1.05
23.7201  0.94
23.7301  1.03
23.7401  1.06
23.7501  0.98
23.7601  0.97
23.7701  0.99
23.7801  0.83
23.7901  0.93
23.8001  1.07
23.8101  1.03
23.8201  1.06
23.8301  1.17
23.8401  0.88
23.8501  0.92
23.8601  0.86
23.8701  1.1
23.8801  0.95
23.8901  1.1
23.9001  0.92
23.9101  1.03
23.9201  1.09
23.9301  1.22
23.9401  0.93
23.9501  1.05
23.9601  1.07
23.9701  0.85
23.9801  0.91
23.9901  0.95
24.0001  0.94
24.0101  1.16
24.0201  1.05
24.0301  1.1
24.0401  0.89
24.0501  0.94
24.0601  0.86
24.0701  1.13
24.0801  1.09
24.0901  0.91
24.1001  1.15
24.1101  1.08
24.1201  1.02
24.1301  0.86
24.1401  1.01
24.1501  0.88
24.1601  0.98
24.1701  0.97
24.1801  0.94
24.1901  1.02
24.2001  0.98
24.2101  0.97
24.2201  1.12
24.2301  0.97
24.2401  1.07
24.2501  1.05
24.2601  1.01
24.2701  1.07
24.2801  0.99
24.2901  1.06
24.3001  1.08
24.3101  1.07
24.3201  1.16
24.3301  0.92
24.3401  1.13
24.3501  0.99
24.3601  1.02
24.3701  1.11
24.3801  1.27
24.3901  1.02
24.4001  0.97
24.4101  1.02
24.4201  1.05
24.4301  0.92
24.4401  1.15
24.4501  1.04
24.4601  1
24.4701  0.95
24.4801  0.87
24.4901  1.04
24.5001  0.92
24.5101  1.24
24.5201  1.13
24.5301  1.03
24.5401  0.95
24.5501  1.2
24.5601  1.03
24.5701  0.98
24.5801  1.11
24.5901  1.05
24.6001  1.13
24.6101  0.96
24.6201  1.08
24.6301  1.11
24.6401  1
24.6501  0.92
24.6601  0.88
24.6701  1.22
24.6801  0.97
24.6901  0.94
24.7001  1.13
24.7101  1.09
24.7201  1.18
24.7301  1.1
24.7401  0.94
24.7501  0.93
24.7601  0.9
24.7701  1.02
24.7801  1.09
24.7901  0.93
24.8001  0.92
24.8101  1.2
24.8201  1.05
24.8301  1.01
24.8401  1.13
24.8501  0.96
24.8601  1.09
24.8701  1.1
24.8801  0.94
24.8901  0.92
24.9001  0.94
24.9101  1.1
24.9201  1.23
24.9301  0.83
24.9401  0.96
24.9501  0.98
24.9601  1.08
24.9701  1.02
24.9801  1.11
24.9901  1.24
25.0001  1.03
25.0101  0.94
25.0201  0.94
25.0301  1.07
25.0401  1.1
25.0501  0.97
25.0601  1.02
25.0701  1.1
25.0801  1.09
25.0901  0.95
25.1001  1.1
25.1101  0.93
25.1201  0.89
25.1301  1.02
25.1401  1.09
25.1501  0.99
25.1601  1.02
25.1701  0.85
25.1801  1
25.1901  1
25.2001  1.28
25.2101  1
25.2201  1.11
25.2301  0.91
25.2401  1.12
25.2501  1
25.2601  1.1
25.2701  0.9
25.2801  1.15
25.2901  0.97
25.3001  0.9
25.3101  0.99
25.3201  1.1
25.3301  0.81
25.3401  1.17
25.3501  0.89
25.3601  1.12
25.3701  0.95
25.3801  1.03
25.3901  1.19
25.4001  0.89
25.4101  1.25
25.4201  0.94
25.4301  1.1
25.4401  0.89
25.4501  1.12
25.4601  1.1
25.4701  0.99
25.4801  1.01
25.4901  0.94
25.5001  1.21
25.5101  0.87
25.5201  0.88
25.5301  0.95
25.5401  0.9
25.5501  0.98
25.5601  0.98
25.5701  1.09
25.5801  0.9
25.5901  1.01
25.6001  1.28
25.6101  1.08
25.6201  1.03
25.6301  0.96
25.6401  0.99
25.6501  1.11
25.6601  1.01
25.6701  1.11
25.6801  1.1
25.6901  1.02
25.7001  1.07
25.7101  0.95
25.7201  1.04
25.7301  0.96
25.7401  1.09
25.7501  1.06
25.7601  1.07
25.7701  0.74
25.7801  1.04
25.7901  1
25.8001  1.02
25.8101  0.93
25.8201  1.18
25.8301  1.07
25.8401  1.15
25.8501  0.88
25.8601  0.93
25.8701  0.98
25.8801  0.95
25.8901  1.09
25.9001  1.05
25.9101  0.98
25.9201  1.13
25.9301  0.91
25.9401  1.1
25.9501  1.01
25.9601  1.15
25.9701  0.95
25.9801  1.05
25.9901  1.12
26.0001  1.01
26.0101  1.06
26.0201  1.06
26.0301  1.06
26.0401  1.12
26.0501  1.05
26.0601  0.96
26.0701  1.13
26.0801  1.08
26.0901  1.01
26.1001  1.04
26.1101  1.06
26.1201  1.08
26.1301  1.05
26.1401  0.9
26.1501  1.04
26.1601  1.02
26.1701  0.97
26.1801  1.25
26.1901  1.12
26.2001  1
26.2101  0.97
26.2201  0.94
26.2301  1.13
26.2401  1.06
26.2501  1.02
26.2601  1.07
26.2701  1.06
26.2801  1.04
26.2901  1.18
26.3001  1.1
26.3101  0.95
26.3201  1.07
26.3301  0.94
26.3401  0.95
26.3501  0.95
26.3601  1.03
26.3701  0.96
26.3801  1.1
26.3901  0.88
26.4001  1.12
26.4101  1.14
26.4201  1.13
26.4301  0.99
26.4401  1.01
26.4501  1.04
26.4601  0.88
26.4701  0.91
26.4801  1.03
26.4901  1.11
26.5001  1.02
26.5101  1.06
26.5201  1.08
26.5301  1.09
26.5401  0.97
26.5501  1.05
26.5601  0.94
26.5701  1.05
26.5801  0.91
26.5901  0.98
26.6001  0.97
26.6101  1.11
26.6201  1.22
26.6301  0.96
26.6401  0.94
26.6501  0.95
26.6601  0.87
26.6701  0.96
26.6801  1.17
26.6901  1.02
26.7001  0.83
26.7101  1.09
26.7201  0.96
26.7301  1.08
26.7401  0.94
26.7501  1.09
26.7601  1.07
26.7701  0.97
26.7801  0.84
26.7901  0.97
26.8001  1.08
26.8101  1.09
26.8201  0.88
26.8301  1.16
26.8401  0.8
26.8501  0.72
26.8601  1.02
26.8701  1.06
26.8801  0.87
26.8901  1.09
26.9001  1.1
26.9101  1.08
26.9201  0.97
26.9301  1.22
26.9401  0.85
26.9501  1.04
26.9601  1.05
26.9701  1.1
26.9801  1.07
26.9901  1.06
27.0001  1.15
27.0101  0.89
27.0201  1.01
27.0301  1.03
27.0401  0.97
27.0501  1.19
27.0601  0.87
27.0701  1.22
27.0801  1.05
27.0901  1
27.1001  1
27.1101  0.81
27.1201  0.84
27.1301  1.21
27.1401  1
27.1501  0.87
27.1601  1.13
27.1701  1.34
27.1801  1.15
27.1901  0.99
27.2001  1.04
27.2101  1.06
27.2201  0.97
27.2301  1.02
27.2401  1
27.2501  0.93
27.2601  1.17
27.2701  1.16
27.2801  1.03
27.2901  1.21
27.3001  1.05
27.3101  1.02
27.3201  1.09
27.3301  1.02
27.3401  1.03
27.3501  0.99
27.3601  1.03
27.3701  1.2
27.3801  1.13
27.3901  0.87
27.4001  0.97
27.4101  0.94
27.4201  1.17
27.4301  0.89
27.4401  1.14
27.4501  0.98
27.4601  1.15
27.4701  0.94
27.4801  0.87
27.4901  0.97
27.5001  1.09
27.5101  0.79
27.5201  1.06
27.5301  0.92
27.5401  1
27.5501  1
27.5601  0.94
27.5701  1.11
27.5801  0.96
27.5901  0.98
27.6001  1.21
27.6101  1.15
27.6201  0.95
27.6301  1.09
27.6401  0.99
27.6501  1.04
27.6601  1.15
27.6701  0.96
27.6801  1.16
27.6901  1.11
27.7001  0.99
27.7101  1.09
27.7201  0.9
27.7301  0.99
27.7401  0.87
27.7501  0.98
27.7601  1.04
27.7701  1.09
27.7801  0.96
27.7901  1.04
27.8001  1.07
27.8101  1.09
27.8201  1.13
27.8301  1.03
27.8401  1
27.8501  0.8
27.8601  1.08
27.8701  0.91
27.8801  1.13
27.8901  0.95
27.9001  0.91
27.9101  1.17
27.9201  0.99
27.9301  1
27.9401  1.15
27.9501  1.15
27.9601  1.13
27.9701  0.98
27.9801  1.05
27.9901  1.03
28.0001  0.93
28.0101  0.91
28.0201  0.99
28.0301  1.04
28.0401  1.07
28.0501  1.04
28.0601  0.89
28.0701  1.08
28.0801  0.97
28.0901  1.13
28.1001  1.04
28.1101  1
28.1201  0.97
28.1301  0.99
28.1401  1.03
28.1501  1.06
28.1601  1.02
28.1701  1.09
28.1801  1.03
28.1901  1.05
28.2001  1.09
28.2101  1.14
28.2201  1.07
28.2301  1.03
28.2401  0.96
28.2501  0.97
28.2601  1.04
28.2701  1.05
28.2801  0.99
28.2901  0.93
28.3001  0.97
28.3101  1.02
28.3201  1.17
28.3301  1
28.3401  1
28.3501  1
28.3601  0.95
28.3701  1.14
28.3801  1
28.3901  0.94
28.4001  0.98
28.4101  1.08
28.4201  1
28.4301  1.04
28.4401  1.07
28.4501  1.04
28.4601  1.18
28.4701  1.01
28.4801  1.2
28.4901  0.95
28.5001  1.03
28.5101  0.95
28.5201  1.14
28.5301  1.07
28.5401  0.97
28.5501  0.94
28.5601  0.85
28.5701  0.96
28.5801  1.16
28.5901  0.87
28.6001  1.05
28.6101  0.98
28.6201  0.98
28.6301  0.9
28.6401  1
28.6501  0.9
28.6601  1.2
28.6701  1.06
28.6801  1
28.6901  1.13
28.7001  0.92
28.7101  1.14
28.7201  1.11
28.7301  0.9
28.7401  0.93
28.7501  1.14
28.7601  0.96
28.7701  1.18
28.7801  1.08
28.7901  0.95
28.8001  1.1
28.8101  0.96
28.8201  0.99
28.8301  1.21
28.8401  0.93
28.8501  1.23
28.8601  1.09
28.8701  0.92
28.8801  0.84
28.8901  0.97
28.9001  1.09
28.9101  1.16
28.9201  0.88
28.9301  0.91
28.9401  1.05
28.9501  1.09
28.9601  0.94
28.9701  0.87
28.9801  1.02
28.9901  0.94
29.0001  1.09
29.0101  1.11
29.0201  0.9
29.0301  1.14
29.0401  1.19
29.0501  0.92
29.0601  0.98
29.0701  0.86
29.0801  1.15
29.0901  1.03
29.1001  1.04
29.1101  0.94
29.1201  1.06
29.1301  1.02
29.1401  0.94
29.1501  1.11
29.1601  1.1
29.1701  1.12
29.1801  1.11
29.1901  0.93
29.2001  0.94
29.2101  1.12
29.2201  1.26
29.2301  0.99
29.2401  0.99
29.2501  0.98
29.2601  0.96
29.2701  1.03
29.2801  0.98
29.2901  1.16
29.3001  1.11
29.3101  1.05
29.3201  0.86
29.3301  0.87
29.3401  0.95
29.3501  1.12
29.3601  1.04
29.3701  1.03
29.3801  1.16
29.3901  1
29.4001  1
29.4101  0.93
29.4201  1.12
29.4301  1.05
29.4401  0.98
29.4501  0.91
29.4601  1.08
29.4701  1.06
29.4801  0.96
29.4901  1.15
29.5001  1.1
29.5101  1.06
29.5201  0.99
29.5301  1.02
29.5401  0.87
29.5501  1.02
29.5601  1.12
29.5701  0.89
29.5801  0.92
29.5901  1.08
29.6001  1.13
29.6101  0.94
29.6201  1.18
29.6301  1.05
29.6401  1.16
29.6501  1.01
29.6601  0.97
29.6701  1
29.6801  1.06
29.6901  1.13
29.7001  0.94
29.7101  0.96
29.7201  1.09
29.7301  1.16
29.7401  1.08
29.7501  1.12
29.7601  1
29.7701  0.89
29.7801  0.92
29.7901  1.09
29.8001  1
29.8101  1.06
29.8201  1.09
29.8301  1.1
29.8401  1.06
29.8501  0.74
29.8601  1.11
29.8701  0.99
29.8801  1.08
29.8901  1.07
29.9001  1.09
29.9101  1.03
29.9201  1.02
29.9301  0.85
29.9401  0.97
29.9501  1.14
29.9601  1.17
29.9701  0.95
29.9801  1.01
29.9901  1.06
30.0001  1.05
30.0101  0.97
30.0201  1.23
30.0301  0.86
30.0401  1.01
30.0501  0.99
30.0601  1.09
30.0701  0.95
30.0801  1.02
30.0901  1.03
30.1001  1.03
30.1101  0.89
30.1201  0.9
30.1301  1.11
30.1401  0.95
30.1501  1.16
30.1601  1.05
30.1701  0.85
30.1801  1.12
30.1901  1.23
30.2001  0.82
30.2101  1.13
30.2201  1.17
30.2301  1.06
30.2401  0.96
30.2501  0.99
30.2601  0.97
30.2701  1.01
30.2801  1.18
30.2901  0.94
30.3001  0.98
30.3101  0.95
30.3201  1.22
30.3301  0.87
30.3401  0.95
30.3501  1.05
30.3601  1.03
30.3701  1.03
30.3801  1.07
30.3901  1.03
30.4001  1.17
30.4101  0.97
30.4201  0.82
30.4301  1.1
30.4401  1.19
30.4501  1.09
30.4601  0.93
30.4701  1.01
30.4801  1.02
30.4901  1.02
30.5001  0.94
30.5101  1.02
30.5201  0.97
30.5301  1.06
30.5401  0.96
30.5501  0.94
30.5601  1.18
30.5701  0.77
30.5801  0.93
30.5901  0.99
30.6001  1.01
30.6101  1.12
30.6201  0.8
30.6301  1.13
30.6401  0.95
30.6501  1.01
30.6601  1.07
30.6701  1.17
30.6801  1.32
30.6901  0.93
30.7001  0.97
30.7101  0.99
30.7201  0.95
30.7301  1.15
30.7401  1.04
30.7501  1.03
30.7601  0.94
30.7701  1.02
30.7801  1.03
30.7901  0.97
30.8001  0.97
30.8101  1.17
30.8201  1.01
30.8301  0.8
30.8401  1.12
30.8501  0.93
30.8601  0.99
30.8701  1.13
30.8801  0.86
30.8901  1.11
30.9001  1.1
30.9101  0.99
30.9201  1.04
30.9301  1.05
30.9401  1.12
30.9501  0.95
30.9601  1.04
30.9701  0.88
30.9801  1.1
30.9901  1.18
31.0001  0.87
31.0101  0.98
31.0201  1
31.0301  1.15
31.0401  0.99
31.0501  0.83
31.0601  1.07
31.0701  1.11
31.0801  0.97
31.0901  0.95
31.1001  1.09
31.1101  0.99
31.1201  0.92
31.1301  1
31.1401  0.99
31.1501  1.05
31.1601  1.03
31.1701  0.99
31.1801  1.2
31.1901  1.19
31.2001  0.99
31.2101  0.91
31.2201  1.11
31.2301  1.02
31.2401  1.05
31.2501  1.08
31.2601  1.17
31.2701  0.97
31.2801  0.93
31.2901  0.88
31.3001  1.02
31.3101  1.11
31.3201  1.02
31.3301  0.93
31.3401  0.97
31.3501  1.03
31.3601  1.01
31.3701  1
31.3801  1.21
31.3901  0.94
31.4001  1.1
31.4101  0.91
31.4201  1.13
31.4301  1.17
31.4401  1
31.4501  1.09
31.4601  1.18
31.4701  1.18
31.4801  0.85
31.4901  0.93
31.5001  0.89
31.5101  1.05
31.5201  1.11
31.5301  1.14
31.5401  0.97
31.5501  1.05
31.5601  0.89
31.5701  1.1
31.5801  1.06
31.5901  1
31.6001  0.99
31.6101  0.98
31.6201  1.04
31.6301  1.05
31.6401  0.94
31.6501  1.02
31.6601  1.04
31.6701  1.04
31.6801  0.94
31.6901  0.99
31.7001  0.92
31.7101  0.98
31.7201  0.95
31.7301  0.94
31.7401  1.01
31.7501  1.13
31.7601  1
31.7701  1.21
31.7801  1.21
31.7901  1.11
31.8001  1
31.8101  1.17
31.8201  1.01
31.8301  0.92
31.8401  1.05
31.8501  0.99
31.8601  1.11
31.8701  1.1
31.8801  1.11
31.8901  0.97
31.9001  1.02
31.9101  1.07
31.9201  1.24
31.9301  0.99
31.9401  0.97
31.9501  0.96
31.9601  0.92
31.9701  0.95
31.9801  1.13
31.9901  0.88
32.0001  1.06
32.0101  1.09
32.0201  1.19
32.0301  0.86
32.0401  1.03
32.0501  0.86
32.0601  1.06
32.0701  0.89
32.0801  0.98
32.0901  1.11
32.1001  0.94
32.1101  0.91
32.1201  0.97
32.1301  1.11
32.1401  1.06
32.1501  1.07
32.1601  1.2
32.1701  1
32.1801  1.13
32.1901  1
32.2001  0.99
32.2101  1.03
32.2201  0.94
32.2301  0.94
32.2401  1.03
32.2501  0.74
32.2601  1.06
32.2701  1.17
32.2801  1.18
32.2901  1.14
32.3001  1.18
32.3101  0.94
32.3201  1.09
32.3301  0.94
32.3401  1.01
32.3501  1.12
32.3601  0.92
32.3701  0.99
32.3801  1.08
32.3901  1.14
32.4001  0.93
32.4101  1.04
32.4201  1.2
32.4301  0.94
32.4401  1.04
32.4501  1.01
32.4601  1.28
32.4701  1.04
32.4801  0.91
32.4901  0.9
32.5001  1
32.5101  1.05
32.5201  1.19
32.5301  0.8
32.5401  0.86
32.5501  1.13
32.5601  0.97
32.5701  1.14
32.5801  0.95
32.5901  0.85
32.6001  1.2
32.6101  1.01
32.6201  1
32.6301  1.03
32.6401  0.92
32.6501  1
32.6601  0.97
32.6701  0.91
32.6801  1.16
32.6901  0.93
32.7001  0.85
32.7101  1.2
32.7201  0.93
32.7301  1.1
32.7401  1.05
32.7501  1.17
32.7601  0.96
32.7701  1.34
32.7801  1.08
32.7901  1.11
32.8001  0.98
32.8101  0.88
32.8201  1.19
32.8301  1.06
32.8401  0.99
32.8501  0.89
32.8601  1.02
32.8701  1.03
32.8801  0.9
32.8901  1.07
32.9001  1.07
32.9101  0.94
32.9201  1
32.9301  1.02
32.9401  1.03
32.9501  1.27
32.9601  0.92
32.9701  0.98
32.9801  1.04
32.9901  0.91
33.0001  0.95
33.0101  0.94
33.0201  1.08
33.0301  1.17
33.0401  1.16
33.0501  0.91
33.0601  0.95
33.0701  1.01
33.0801  0.91
33.0901  0.89
33.1001  0.88
33.1101  0.99
33.1201  1.03
33.1301  0.99
33.1401  1.23
33.1501  1.24
33.1601  1.01
33.1701  0.84
33.1801  1.01
33.1901  0.99
33.2001  0.95
33.2101  1.09
33.2201  1
33.2301  1.01
33.2401  1.15
33.2501  1.1
33.2601  1.1
33.2701  1.18
33.2801  1.04
33.2901  1.15
33.3001  0.81
33.3101  0.98
33.3201  1.09
33.3301  1.03
33.3401  1.29
33.3501  0.9
33.3601  0.99
33.3701  1.03
33.3801  0.84
33.3901  1
33.4001  0.92
33.4101  0.89
33.4201  1.11
33.4301  0.95
33.4401  0.97
33.4501  0.96
33.4601  0.89
33.4701  1
33.4801  1.13
33.4901  1.26
33.5001  1.13
33.5101  1.23
33.5201  0.8
33.5301  1.19
33.5401  1.15
33.5501  0.88
33.5601  0.94
33.5701  1.03
33.5801  1.1
33.5901  0.94
33.6001  0.8
33.6101  1.06
33.6201  1.05
33.6301  1.02
33.6401  0.94
33.6501  1.08
33.6601  1.06
33.6701  1
33.6801  0.97
33.6901  1.01
33.7001  1.15
33.7101  1.18
33.7201  1.07
33.7301  1.02
33.7401  1.19
33.7501  0.99
33.7601  0.89
33.7701  1.01
33.7801  1.08
33.7901  1.07
33.8001  1.01
33.8101  1.07
33.8201  0.9
33.8301  0.94
33.8401  1.04
33.8501  1.15
33.8601  1.16
33.8701  1.13
33.8801  1
33.8901  1.14
33.9001  1.1
33.9101  1.02
33.9201  1.14
33.9301  1
33.9401  1.11
33.9501  0.87
33.9601  1.09
33.9701  0.88
33.9801  0.85
33.9901  0.99
34.0001  1.07
34.0101  1.21
34.0201  0.94
34.0301  1.1
34.0401  0.94
34.0501  1.12
34.0601  1.07
34.0701  1.07
34.0801  1.07
34.0901  1.17
34.1001  0.84
34.1101  0.92
34.1201  1.01
34.1301  1
34.1401  0.83
34.1501  1.16
34.1601  1.1
34.1701  1.12
34.1801  1.15
34.1901  0.96
34.2001  0.92
34.2101  0.87
34.2201  1
34.2301  1.19
34.2401  0.98
34.2501  0.91
34.2601  0.98
34.2701  1.11
34.2801  0.97
34.2901  1.02
34.3001  1.06
34.3101  1.03
34.3201  1.13
34.3301  1
34.3401  1.06
34.3501  1.02
34.3601  0.83
34.3701  1.04
34.3801  0.93
34.3901  0.97
34.4001  1.12
34.4101  1.07
34.4201  1.07
34.4301  0.94
34.4401  0.9
34.4501  1.11
34.4601  1.01
34.4701  1.05
34.4801  0.92
34.4901  0.93
34.5  0.94
34.51  0.88
34.52  1.14
34.53  0.88
34.54  1.14
34.55  0.96
34.56  0.97
34.57  1.1
34.58  0.98
34.59  1.25
34.6  0.98
34.61  1.07
34.62  0.84
34.63  1.02
34.64  0.99
34.65  1.05
34.66  1.03
34.67  0.93
34.68  1.01
34.69  0.91
34.7  0.99
34.71  1.01
34.72  0.87
34.73  0.83
34.74  0.88
34.75  0.99
34.76  1.11
34.77  1.22
34.78  0.94
34.79  0.97
34.8  1
34.81  1.15
34.82  1.2
34.83  1.32
34.84  1.13
34.85  0.93
34.86  0.96
34.87  0.85
34.88  1.29
34.89  0.95
34.9  1.15
34.91  0.99
34.92  1.16
34.93  1.05
34.94  1.01
34.95  1.08
34.96  0.89
34.97  0.97
34.98  1.02
34.99  1
35  0.91
35.01  1.04
35.02  1.14
35.03  1.08
35.04  1.21
35.05  0.98
35.06  1.09
35.07  1.05
35.08  1.12
35.09  0.96
35.1  1.24
35.11  1
35.12  1
35.13  0.95
35.14  1.02
35.15  1.05
35.16  0.92
35.17  1.1
35.18  0.99
35.19  1.09
35.2  0.86
35.21  0.95
35.22  1.08
35.23  1.06
35.24  1.09
35.25  1.09
35.26  1.1
35.27  1.27
35.28  1.12
35.29  0.85
35.3  1.02
35.31  1.03
35.32  0.87
35.33  1.04
35.34  0.96
35.35  1.14
35.36  1.22
35.37  0.95
35.38  1.2
35.39  1.13
35.4  1.11
35.41  1.02
35.42  0.93
35.43  1.15
35.44  1.01
35.45  1.11
35.46  1.03
35.47  1.12
35.48  1.12
35.49  0.92
35.5  1
35.51  0.98
35.52  1.02
35.53  0.92
35.54  0.99
35.55  1.13
35.56  1.17
35.57  1
35.58  0.97
35.59  0.88
35.6  1.07
35.61  0.94
35.62  0.93
35.63  0.9
35.64  0.85
35.65  0.93
35.66  0.9
35.67  1.06
35.68  1.02
35.69  1.22
35.7  0.95
35.71  1.01
35.72  1.06
35.73  0.93
35.74  0.98
35.75  0.82
35.76  1.07
35.77  1.16
35.78  1.09
35.79  0.73
35.8  1.03
35.81  1.19
35.82  1
35.83  0.98
35.84  1
35.85  1.04
35.86  1.03
35.87  1.1
35.88  1.06
35.89  1.02
35.9  1.02
35.91  1.04
35.92  0.97
35.93  1
35.94  1.12
35.95  0.94
35.96  0.86
35.97  1.04
35.98  1.02
35.99  0.75
36  1.01
36.01  1.03
36.02  0.98
36.03  0.96
36.04  1.07
36.05  0.93
36.06  0.94
36.07  1.24
36.08  1.16
36.09  0.93
36.1  1.01
36.11  1.18
36.12  0.97
36.13  0.94
36.14  0.99
36.15  0.84
36.16  0.97
36.17  1
36.18  1.09
36.19  0.99
36.2  1
36.21  0.98
36.22  0.96
36.23  0.98
36.24  1.33
36.25  1.05
36.26  0.96
36.27  1.03
36.28  1.21
36.29  0.99
36.3  1.08
36.31  0.97
36.32  1.01
36.33  0.9
36.34  1.14
36.35  1.05
36.36  1.09
36.37  1.01
36.38  1.05
36.39  0.83
36.4  0.98
36.41  1.02
36.42  1.07
36.43  1.15
36.44  1.13
36.45  0.86
36.46  1.14
36.47  0.93
36.48  0.94
36.49  1.05
36.5  1.07
36.51  0.91
36.52  1.08
36.53  1.08
36.54  1.07
36.55  1.09
36.56  1.07
36.57  1.22
36.58  0.99
36.59  0.89
36.6  1.06
36.61  0.96
36.62  1.02
36.63  1.04
36.64  1.19
36.65  1
36.66  1.05
36.67  0.91
36.68  0.98
36.69  1.06
36.7  1.3
36.71  1.25
36.72  1.02
36.73  0.92
36.74  0.97
36.75  1.2
36.76  1.06
36.77  1.17
36.78  0.92
36.79  0.94
36.8  1.07
36.81  0.9
36.82  1.31
36.83  1
36.84  0.93
36.85  0.94
36.86  0.87
36.87  1.06
36.88  0.98
36.89  1.02
36.9  0.95
36.91  1.12
36.92  0.99
36.93  1.2
36.94  0.83
36.95  0.93
36.96  1.13
36.97  0.87
36.98  1.01
36.99  1.01
37  0.85
37.01  1.12
37.02  0.89
37.03  1.04
37.04  1.12
37.05  1.16
37.06  1.18
37.07  1
37.08  1.06
37.09  1.06
37.1  1.07
37.11  1.03
37.12  0.99
37.13  1.06
37.14  0.97
37.15  0.96
37.16  0.88
37.17  0.88
37.18  1.09
37.19  1.17
37.2  1.05
37.21  1.1
37.22  1.07
37.23  1.06
37.24  0.99
37.25  1.09
37.26  0.98
37.27  0.99
37.28  1.06
37.29  1.15
37.3  0.86
37.31  1.07
37.32  0.97
37.33  1.07
37.34  0.98
37.35  1.17
37.36  0.97
37.37  0.89
37.38  0.96
37.39  1.02
37.4  1.14
37.41  1
37.42  0.86
37.43  1.05
37.44  0.94
37.45  1.05
37.46  1
37.47  1.18
37.48  0.89
37.49  0.93
37.5  0.97
37.51  1.05
37.52  0.98
37.53  1.17
37.54  1.01
37.55  1.38
37.56  0.88
37.57  1.06
37.58  0.94
37.59  0.85
37.6  0.93
37.61  0.92
37.62  1.23
37.63  0.94
37.64  0.98
37.65  1.19
37.66  1.12
37.67  1.09
37.68  0.99
37.69  1.08
37.7  0.91
37.71  1.07
37.72  0.97
37.73  1.02
37.74  1.12
37.75  0.99
37.76  0.93
37.77  1
37.78  1.11
37.79  0.95
37.8  0.97
37.81  0.92
37.82  0.96
37.83  1.13
37.84  1.25
37.85  1.05
37.86  1
37.87  0.93
37.88  1.06
37.89  1.04
37.9  0.98
37.91  1.04
37.92  0.82
37.93  1.07
37.94  0.87
37.95  1.13
37.96  1.02
37.97  0.85
37.98  0.96
37.99  1.09
38  0.95
38.01  0.98
38.02  1.16
38.03  1.03
38.04  1
38.05  1.14
38.06  0.98
38.07  1.02
38.08  1.12
38.09  1.11
38.1  1.02
38.11  1.22
38.12  1.01
38.13  1
38.14  1.06
38.15  1.09
38.16  1.14
38.17  1
38.18  1.17
38.19  1.05
38.2  0.99
38.21  0.87
38.22  1.04
38.23  1.02
38.24  1.05
38.25  1.14
38.26  0.93
38.27  1.19
38.28  1.17
38.29  0.95
38.3  1.06
38.31  1.08
38.32  1.02
38.33  1.07
38.34  0.93
38.35  0.95
38.36  1.23
38.37  0.8
38.38  1.17
38.39  1.01
38.4  1.02
38.41  0.97
38.42  1.03
38.43  1
38.44  1.15
38.45  1.03
38.46  1.11
38.47  1.2
38.48  1.01
38.49  1.18
38.5  0.89
38.51  0.99
38.52  0.92
38.53  0.99
38.54  1.15
38.55  0.95
38.56  0.95
38.57  0.9
38.58  1.07
38.59  1.21
38.6  1.04
38.61  1.05
38.62  1.06
38.63  0.97
38.64  0.85
38.65  1.13
38.66  1.14
38.67  0.84
38.68  0.83
38.69  0.83
38.7  1.15
38.71  1.09
38.72  0.86
38.73  0.92
38.74  1.12
38.75  1.17
38.76  0.94
38.77  0.95
38.78  1.12
38.79  0.94
38.8  0.97
38.81  0.99
38.82  0.94
38.83  1.23
38.84  1.03
38.85  1.04
38.86  1.08
38.87  1
38.88  0.92
38.89  1.21
38.9  1.15
38.91  1.05
38.92  1.02
38.93  1.1
38.94  1.02
38.95  1.18
38.96  0.85
38.97  1.07
38.98  1.04
38.99  0.77
39  0.77
39.01  0.97
39.02  1.01
39.03  0.77
39.04  1.08
39.05  0.97
39.06  0.96
39.07  1.2
39.08  0.95
39.09  1.01
39.1  0.96
39.11  0.99
39.12  1.09
39.13  1.07
39.14  0.96
39.15  1.09
39.16  1.09
39.17  1.11
39.18  1
39.19  1.04
39.2  1.04
39.21  0.96
39.22  1.03
39.23  1.12
39.24  1.09
39.25  1.25
39.26  0.84
39.27  0.87
39.28  1
39.29  1.03
39.3  1.16
39.31  0.92
39.32  0.98
39.33  1.2
39.34  0.89
39.35  0.99
39.36  1.02
39.37  0.98
39.38  1.09
39.39  1.01
39.4  1.07
39.41  1.07
39.42  0.97
39.43  1.02
39.44  0.89
39.45  1.06
39.46  0.9
39.47  1.25
39.48  1.01
39.49  1.13
39.5  1.13
39.51  1.11
39.52  0.91
39.53  0.92
39.54  1.07
39.55  1.11
39.56  1.04
39.57  1.18
39.58  0.9
39.59  1.01
39.6  1.18
39.61  1.09
39.62  1.1
39.63  1.11
39.64  0.73
39.65  0.86
39.66  0.8
39.67  1.01
39.68  1.03
39.69  1.23
39.7  1.05
39.71  1.02
39.72  1.2
39.73  1
39.74  1.2
39.75  1.11
39.76  1.04
39.77  0.89
39.78  0.99
39.79  1.22
39.8  1.18
39.81  0.95
39.82  0.98
39.83  1.14
39.84  1.15
39.85  0.91
39.86  1.22
39.87  0.97
39.88  0.93
39.89  0.84
39.9  0.99
39.91  1.19
39.92  1.04
39.93  0.96
39.94  1.15
39.95  0.99
39.96  0.9
39.97  1.1
39.98  1.13
39.99  0.95
40  1.03
40.01  0.83
40.02  1.2
40.03  0.93
40.04  0.99
40.05  0.95
40.06  1.09
40.07  1.04
40.08  0.86
40.09  1.02
40.1  0.89
40.11  1.03
40.12  1.14
40.13  0.83
40.14  1.02
40.15  1.06
40.16  1.17
40.17  0.96
40.18  1.26
40.19  0.95
40.2  1.21
40.21  1.01
40.22  1.03
40.23  1.07
40.24  1.02
40.25  1
40.26  0.94
40.27  1.19
40.28  1.13
40.29  1
40.3  1.02
40.31  0.88
40.32  1.18
40.33  1.04
40.34  0.94
40.35  1
40.36  1.04
40.37  0.9
40.38  0.97
40.39  0.91
40.4  1.06
40.41  1.03
40.42  0.92
40.43  0.92
40.44  1.19
40.45  1.06
40.46  1.07
40.47  0.87
40.48  1.17
40.49  1.06
40.5  1.04
40.51  1.16
40.52  1.03
40.53  1.07
40.54  0.99
40.55  0.91
40.56  1.13
40.57  0.99
40.58  0.92
40.59  0.87
40.6  1.04
40.61  0.99
40.62  0.93
40.63  0.97
40.64  1.02
40.65  0.89
40.66  0.91
40.67  1.19
40.68  0.99
40.69  1
40.7  0.97
40.71  1.01
40.72  0.9
40.73  0.99
40.74  0.98
40.75  0.98
40.76  1.17
40.77  1.06
40.78  1.13
40.79  1.32
40.8  1.02
40.81  0.97
40.82  1.01
40.83  0.99
40.84  0.89
40.85  1.08
40.86  1.08
40.87  0.95
40.88  0.97
40.89  0.97
40.9  1.06
40.91  1.06
40.92  0.98
40.93  1.05
40.94  0.89
40.95  1.03
40.96  1.03
40.97  0.94
40.98  1.14
40.99  1.14
41  0.95
41.01  1.11
41.02  1.16
41.03  1.06
41.04  0.97
41.05  0.98
41.06  0.86
41.07  0.99
41.08  1.05
41.09  0.9
41.1  1.18
41.11  1.02
41.12  1.08
41.13  1.15
41.14  0.82
41.15  0.98
41.16  1.35
41.17  0.98
41.18  1.09
41.19  0.97
41.2  1.03
41.21  0.99
41.22  1
41.23  1.06
41.24  1.09
41.25  1.08
41.26  1.07
41.27  1.07
41.28  0.96
41.29  1.11
41.3  1.17
41.31  1.02
41.32  1.07
41.33  1.06
41.34  1.03
41.35  1.18
41.36  1.04
41.37  1
41.38  1.05
41.39  0.93
41.4  0.99
41.41  0.94
41.42  1.08
41.43  1.02
41.44  1.25
41.45  1.14
41.46  1.14
41.47  0.88
41.48  1.1
41.49  0.81
41.5  0.99
41.51  1.11
41.52  1.05
41.53  0.84
41.54  0.96
41.55  1.1
41.56  0.88
41.57  1.06
41.58  1.06
41.59  0.9
41.6  0.97
41.61  1.08
41.62  1.01
41.63  1.04
41.64  0.94
41.65  1.09
41.66  1.09
41.67  0.98
41.68  1.18
41.69  0.94
41.7  0.92
41.71  0.94
41.72  1.09
41.73  0.95
41.74  0.99
41.75  1
41.76  1.06
41.77  1.08
41.78  1.07
41.79  1.32
41.8  0.83
41.81  1.09
41.82  0.69
41.83  1.14
41.84  1.02
41.85  0.88
41.86  0.91
41.87  0.99
41.88  1.11
41.89  0.93
41.9  1.15
41.91  1.14
41.92  0.87
41.93  1.21
41.94  0.93
41.95  1.1
41.96  0.96
41.97  1.12
41.98  0.86
41.99  0.98
42  0.91
42.01  1.22
42.02  0.91
42.03  1
42.04  0.85
42.05  0.99
42.06  0.98
42.07  1.03
42.08  0.87
42.09  1.05
42.1  1.07
42.11  0.92
42.12  0.99
42.13  1.16
42.14  0.96
42.15  1.21
42.16  1.08
42.17  1
42.18  1.08
42.19  0.82
42.2  1.12
42.21  1.01
42.22  1.1
42.23  1.09
42.24  0.9
42.25  1.11
42.26  1.09
42.27  1.09
42.28  1.03
42.29  1.18
42.3  1.09
42.31  1.2
42.32  0.94
42.33  1.11
42.34  1.05
42.35  0.99
42.36  0.8
42.37  1.04
42.38  1.08
42.39  0.96
42.4  0.95
42.41  1.11
42.42  1
42.43  1.08
42.44  1.1
42.45  0.92
42.46  0.95
42.47  1.21
42.48  1.08
42.49  1.03
42.5  1.07
42.51  1.12
42.52  0.87
42.53  0.99
42.54  0.98
42.55  1.28
42.56  0.93
42.57  1.01
42.58  1.03
42.59  1.03
42.6  1.16
42.61  1.27
42.62  0.99
42.63  0.98
42.64  1.13
42.65  1.01
42.66  0.78
42.67  1.23
42.68  1
42.69  0.99
42.7  0.95
42.71  1.15
42.72  1.15
42.73  0.95
42.74  0.83
42.75  0.88
42.76  0.97
42.77  0.91
42.78  1.04
42.79  1.07
42.8  1.04
42.81  1.07
42.82  1
42.83  1.08
42.84  1.2
42.85  0.9
42.86  0.97
42.87  1.09
42.88  0.9
42.89  1.22
42.9  1.04
42.91  1.02
42.92  0.92
42.93  1.11
42.94  0.99
42.95  1.03
42.96  0.9
42.97  1.16
42.98  0.99
42.99  1.1
43  0.97
43.01  0.88
43.02  0.92
43.03  1.02
43.04  0.85
43.05  1.01
43.06  1.02
43.07  1.08
43.08  1.05
43.09  1.04
43.1  0.98
43.11  1.12
43.12  0.99
43.13  1.19
43.14  1.1
43.15  1.07
43.16  1.19
43.17  1.04
43.18  1.06
43.19  1.03
43.2  1.01
43.21  0.88
43.22  1.14
43.23  0.97
43.24  1.08
43.25  0.97
43.26  0.83
43.27  1.09
43.28  1.1
43.29  0.77
43.3  1.1
43.31  0.97
43.32  0.96
43.33  1.16
43.34  1.01
43.35  1.17
43.36  0.98
43.37  0.87
43.38  1.1
43.39  0.91
43.4  1.05
43.41  1.04
43.42  0.98
43.43  0.98
43.44  1.07
43.45  1.09
43.46  1.08
43.47  0.99
43.48  1.13
43.49  1.09
43.5  0.93
43.51  1.05
43.52  1.23
43.53  0.91
43.54  0.99
43.55  1.04
43.56  1.03
43.57  1.23
43.58  0.87
43.59  0.96
43.6  1.08
43.61  1.18
43.62  0.97
43.63  0.99
43.64  0.87
43.65  1.07
43.66  1.09
43.67  1.13
43.68  0.95
43.69  0.96
43.7  1.03
43.71  0.97
43.72  1.06
43.73  0.97
43.74  0.86
43.75  1.19
43.76  1.3
43.77  1.21
43.78  1.05
43.79  0.99
43.8  0.94
43.81  1.13
43.82  1.05
43.83  0.93
43.84  0.95
43.85  0.94
43.86  0.99
43.87  0.91
43.88  1
43.89  1.07
43.9  0.96
43.91  1.15
43.92  1.08
43.93  1.04
43.94  1.08
43.95  1.08
43.96  1.09
43.97  1.07
43.98  0.95
43.99  0.99
44  0.91
44.01  1.14
44.02  1.2
44.03  1.17
44.04  0.93
44.05  1.12
44.06  1
44.07  1.03
44.08  0.96
44.09  0.98
44.1  1
44.11  0.88
44.12  0.93
44.13  0.99
44.14  0.96
44.15  1.04
44.16  1.07
44.17  0.83
44.18  1.05
44.19  1.01
44.2  1.08
44.21  1.25
44.22  1.04
44.23  0.89
44.24  1.14
44.25  0.88
44.26  1.01
44.27  0.99
44.28  0.84
44.29  1.04
44.3  1.02
44.31  1.1
44.32  0.82
44.33  0.95
44.34  1.13
44.35  1.09
44.36  1
44.37  1.07
44.38  0.91
44.39  1.11
44.4  1.02
44.41  1.14
44.42  0.95
44.43  1.07
44.44  1.02
44.45  1.03
44.46  1.02
44.47  1.1
44.48  0.94
44.49  1.06
44.5  0.99
44.51  1.07
44.52  0.91
44.53  1.2
44.54  1.1
44.55  1.07
44.56  1.05
44.57  0.92
44.58  0.96
44.59  1.02
44.6  1.04
44.61  1.11
44.62  0.96
44.63  0.84
44.64  1
44.65  0.96
44.66  1.11
44.67  0.83
44.68  0.91
44.69  1.02
44.7  1.01
44.71  1
44.72  0.99
44.73  0.98
44.74  1.04
44.75  1.09
44.76  0.95
44.77  1.04
44.78  0.95
44.79  1.05
44.8  0.99
44.81  0.97
44.82  1.14
44.83  1.06
44.84  1.08
44.85  1.17
44.86  0.92
44.87  1.14
44.88  1.01
44.89  1.12
44.9  1.12
44.91  0.85
44.92  1.19
44.93  1.12
44.94  1.12
44.95  0.83
44.96  0.88
44.97  1.1
44.98  1.08
44.99  1.05
45  1.09
45.01  1.11
45.02  1.04
45.03  1.09
45.04  0.98
45.05  1.1
45.06  0.85
45.07  1
45.08  1.07
45.09  1.09
45.1  1.17
45.11  0.9
45.12  1.06
45.13  0.97
45.14  1.01
45.15  0.99
45.16  0.9
45.17  1.09
45.18  0.84
45.19  1.1
45.2  1.11
45.21  1.11
45.22  1.06
45.23  1.05
45.24  0.98
45.25  1.15
45.26  1.01
45.27  1.03
45.28  1.26
45.29  1.01
45.3  1.06
45.31  1.04
45.32  1.04
45.33  1.08
45.34  1.12
45.35  1.1
45.36  1.01
45.37  0.85
45.38  1.14
45.39  1.09
45.4  1.11
45.41  1
45.42  1.15
45.43  1.03
45.44  0.91
45.45  1.19
45.46  0.92
45.47  1
45.48  1
45.49  0.96
45.5  0.85
45.51  1.02
45.52  1.17
45.53  0.97
45.54  0.84
45.55  1.1
45.56  1.06
45.57  1.07
45.58  1.02
45.59  1.08
45.6  1.06
45.61  0.98
45.62  0.85
45.63  1.15
45.64  0.94
45.65  0.9
45.66  0.95
45.67  0.92
45.68  1.09
45.69  0.92
45.7  0.9
45.71  1.1
45.72  0.97
45.73  0.98
45.74  1.1
45.75  1.07
45.76  0.9
45.77  0.97
45.78  1
45.79  1.03
45.8  1.1
45.81  0.95
45.82  1.09
45.83  1.1
45.84  0.86
45.85  1.08
45.86  1.1
45.87  0.98
45.88  1.02
45.89  1.1
45.9  1.01
45.91  1.09
45.92  1.1
45.93  1.05
45.94  1.03
45.95  1.04
45.96  0.95
45.97  1
45.98  0.88
45.99  0.9
46  0.91
46.01  0.81
46.02  1.14
46.03  1.11
46.04  1.02
46.05  0.96
46.06  1.06
46.07  1.24
46.08  0.99
46.09  1.12
46.1  0.94
46.11  0.96
46.12  1
46.13  1.04
46.14  0.87
46.15  0.94
46.16  1.19
46.17  1.02
46.18  1.2
46.19  1.17
46.2  1.01
46.21  0.99
46.22  0.95
46.23  1.06
46.24  1.02
46.25  1.09
46.26  0.94
46.27  1.02
46.28  1.04
46.29  0.99
46.3  1.1
46.31  1.08
46.32  1.07
46.33  1.04
46.34  0.94
46.35  1.07
46.36  0.98
46.37  1.04
46.38  1.22
46.39  1.14
46.4  1.18
46.41  1.15
46.42  0.81
46.43  1.05
46.44  0.77
46.45  1.16
46.46  0.96
46.47  0.99
46.48  1.19
46.49  0.96
46.5  1.09
46.51  1.02
46.52  1.05
46.53  0.99
46.54  1.03
46.55  0.83
46.56  1.1
46.57  0.92
46.58  1.06
46.59  1.2
46.6  1.15
46.61  1.08
46.62  0.92
46.63  0.95
46.64  1.04
46.65  1.18
46.66  1.1
46.67  1.12
46.68  0.95
46.69  0.9
46.7  1.06
46.71  1.22
46.72  0.89
46.73  1.01
46.74  1
46.75  0.89
46.76  1.11
46.77  1.11
46.78  1.12
46.79  1.07
46.8  0.88
46.81  1
46.82  0.9
46.83  1.02
46.84  1.17
46.85  1.08
46.86  0.99
46.87  1.01
46.88  1.03
46.89  0.87
46.9  0.93
46.91  1.05
46.92  1.19
46.93  0.96
46.94  0.97
46.95  1.06
46.96  1.11
46.97  1.11
46.98  0.87
46.99  1.01
47  1.07
47.01  0.94
47.02  1.11
47.03  1.09
47.04  0.91
47.05  0.98
47.06  1.03
47.07  0.93
47.08  1.14
47.09  0.99
47.1  0.95
47.11  1.11
47.12  0.84
47.13  1.08
47.14  1.03
47.15  1.11
47.16  0.91
47.17  1.12
47.18  0.87
47.19  1.16
47.2  1
47.21  1.15
47.22  1.15
47.23  0.82
47.24  1.11
47.25  1.14
47.26  1.05
47.27  1
47.28  0.88
47.29  0.92
47.3  1.05
47.31  0.82
47.32  1.11
47.33  1.01
47.34  0.9
47.35  1.15
47.36  0.87
47.37  0.96
47.38  1.23
47.39  1.01
47.4  1.21
47.41  0.93
47.42  1.09
47.43  1.11
47.44  0.99
47.45  0.98
47.46  0.94
47.47  0.98
47.48  0.92
47.49  1.11
47.5  1.03
47.51  1.13
47.52  0.99
47.53  0.79
47.54  1.04
47.55  1.08
47.56  1.08
47.57  1.06
47.58  0.93
47.59  1.04
47.6  1.08
47.61  0.93
47.62  0.99
47.63  1.02
47.64  1.19
47.65  1.01
47.66  1.12
47.67  1.14
47.68  0.99
47.69  1.14
47.7  1.13
47.71  1.02
47.72  1.08
47.73  0.9
47.74  1.02
47.75  1.1
47.76  0.96
47.77  1.03
47.78  0.84
47.79  1.09
47.8  1.11
47.81  1.11
47.82  0.99
47.83  0.94
47.84  1.08
47.85  1.01
47.86  1.14
47.87  0.95
47.88  1.21
47.89  1.1
47.9  0.9
47.91  0.95
47.92  0.88
47.93  1.04
47.94  0.99
47.95  0.96
47.96  0.99
47.97  1.15
47.98  1.06
47.99  1.07
48  0.99
48.01  0.99
48.02  0.95
48.03  1.02
48.04  0.88
48.05  1.11
48.06  0.85
48.07  0.95
48.08  0.91
48.09  1.19
48.1  1.19
48.11  1.12
48.12  1.03
48.13  1.08
48.14  0.96
48.15  1
48.16  1.11
48.17  1.13
48.18  1.06
48.19  0.97
48.2  1.01
48.21  1.01
48.22  1.06
48.23  1
48.24  1.19
48.25  1.01
48.26  1.01
48.27  1.1
48.28  1.06
48.29  0.94
48.3  0.95
48.31  0.97
48.32  1
48.33  1.06
48.34  1.08
48.35  1.11
48.36  0.95
48.37  0.98
48.38  1.03
48.39  0.87
48.4  0.98
48.41  1.1
48.42  1.06
48.43  1.12
48.44  1.14
48.45  1.01
48.46  0.96
48.47  1.19
48.48  0.88
48.49  1.13
48.5  1.02
48.51  0.96
48.52  0.89
48.53  1.24
48.54  1.1
48.55  0.94
48.56  1.16
48.57  1.03
48.58  1.06
48.59  0.85
48.6  1.05
48.61  1.11
48.62  1.22
48.63  1.25
48.64  0.9
48.65  0.96
48.66  0.99
48.67  1.07
48.68  0.92
48.69  0.87
48.7  1
48.71  0.94
48.72  1.1
48.73  0.93
48.74  1.17
48.75  0.92
48.76  1.02
48.77  1.08
48.78  1.27
48.79  1.11
48.8  0.98
48.81  1
48.82  1.09
48.83  1.01
48.84  0.91
48.85  0.99
48.86  1
48.87  1.2
48.88  0.97
48.89  1.04
48.9  0.97
48.91  1.17
48.92  0.99
48.93  0.97
48.94  0.97
48.95  1.08
48.96  0.88
48.97  0.88
48.98  0.93
48.99  1.01
49  0.99
49.01  0.91
49.02  1.06
49.03  1.06
49.04  0.96
49.05  0.98
49.06  0.95
49.07  1.04
49.08  0.97
49.09  0.97
49.1  1
49.11  0.99
49.12  0.91
49.13  1.04
49.14  1
49.15  1.04
49.16  1.15
49.17  1.1
49.18  0.99
49.19  1.05
49.2  1
49.21  1.03
49.22  1.18
49.23  1.27
49.24  0.91
49.25  1.05
49.26  0.93
49.27  0.98
49.28  0.93
49.29  1
49.3  1.02
49.31  1.19
49.32  0.96
49.33  1.01
49.34  1.08
49.35  0.94
49.36  0.95
49.37  1.16
49.38  0.96
49.39  1.02
49.4  1.09
49.41  0.86
49.42  1.06
49.43  1.07
49.44  1.01
49.45  1.27
49.46  1
49.47  0.98
49.48  0.88
49.49  1.27
49.5  0.83
49.51  1.04
49.52  1.11
49.53  1.16
49.54  1.01
49.55  1.23
49.56  1.25
49.57  0.98
49.58  1.11
49.59  1.11
49.6  1.15
49.61  0.96
49.62  0.82
49.63  0.94
49.64  1.07
49.65  1.08
49.66  1.12
49.67  1.13
49.68  1.03
49.69  1.1
49.7  1.06
49.71  0.77
49.72  0.99
49.73  1.06
49.74  1.02
49.75  0.97
49.76  0.95
49.77  1.32
49.78  1.05
49.79  1.14
49.8  1.12
49.81  0.87
49.82  0.91
49.83  0.88
49.84  0.98
49.85  1.13
49.86  0.88
49.87  1.11
49.88  1.08
49.89  0.92
49.9  1.05
49.91  1.24
49.92  1.08
49.93  0.91
49.94  1.01
49.95  0.98
49.96  1.18
49.97  1.02
49.98  0.89
49.99  0.95
50  0.95
50.01  0.9
50.02  0.95
50.03  0.86
50.04  1.12
50.05  0.96
50.06  1.02
50.07  1.15
50.08  1.04
50.09  1.11
50.1  1.04
50.11  1.07
50.12  1.04
50.13  1.12
50.14  1.09
50.15  0.98
50.16  1.08
50.17  1.02
50.18  0.91
50.19  0.87
50.2  0.92
50.21  1.1
50.22  1.23
50.23  0.89
50.24  0.97
50.25  1.01
50.26  0.9
50.27  0.91
50.28  0.97
50.29  1.09
50.3  0.96
50.31  1.11
50.32  1.04
50.33  0.83
50.34  1.02
50.35  1.01
50.36  0.92
50.37  0.96
50.38  1.21
50.39  1.18
50.4  0.96
50.41  1.11
50.42  0.98
50.43  1.08
50.44  1.11
50.45  0.78
50.46  0.86
50.47  1.06
50.48  0.98
50.49  0.97
50.5  1.11
50.51  1
50.52  0.89
50.53  1.04
50.54  1.11
50.55  0.96
50.56  1.08
50.57  1.15
50.58  1.06
50.59  1.18
50.6  1
50.61  1.07
50.62  0.89
50.63  1.03
50.64  1.09
50.65  1.16
50.66  1.05
50.67  1.09
50.68  1.07
50.69  0.97
50.7  1.28
50.71  0.97
50.72  0.97
50.73  0.87
50.74  0.99
50.75  1.09
50.76  0.92
50.77  1.06
50.78  1.18
50.79  1.07
50.8  0.93
50.81  1.05
50.82  1.02
50.83  0.98
50.84  1.01
50.85  0.86
50.86  0.97
50.87  1.01
50.88  0.99
50.89  1.04
50.9  1.04
50.91  1.2
50.92  0.99
50.93  1.06
50.94  1.04
50.95  1.03
50.96  0.99
50.97  0.97
50.98  0.97
50.99  1.11
51  1
51.01  0.96
51.02  1.06
51.03  1.13
51.04  0.99
51.05  1.02
51.06  1.03
51.07  1.07
51.08  1.1
51.09  0.81
51.1  1.29
51.11  1
51.12  1.07
51.13  0.99
51.14  0.98
51.15  1.04
51.16  1.07
51.17  1.1
51.18  1.1
51.19  0.99
51.2  1.09
51.21  0.85
51.22  0.98
51.23  1.1
51.24  1.23
51.25  0.88
51.26  1.14
51.27  0.97
51.28  1.13
51.29  1.27
51.3  1.08
51.31  0.98
51.32  1.1
51.33  1.03
51.34  0.89
51.35  0.99
51.36  0.89
51.37  1
51.38  1.06
51.39  0.95
51.4  0.92
51.41  1.1
51.42  1.13
51.43  1
51.44  0.82
51.45  1.1
51.46  1.16
51.47  1.12
51.48  0.97
51.49  1.01
51.5  1.09
51.51  0.81
51.52  1.04
51.53  0.97
51.54  0.94
51.55  1.1
51.56  1.06
51.57  0.96
51.58  1.13
51.59  0.9
51.6  1.11
51.61  0.96
51.62  0.95
51.63  1.03
51.64  1.02
51.65  1.09
51.66  0.9
51.67  1.01
51.68  1.01
51.69  1
51.7  0.93
51.71  0.97
51.72  1.06
51.73  1.04
51.74  0.95
51.75  1.03
51.76  1.09
51.77  1.05
51.78  0.96
51.79  1.01
51.8  1.15
51.81  0.95
51.82  1.01
51.83  0.92
51.84  0.98
51.85  1.1
51.86  1.06
51.87  1.02
51.88  1.04
51.89  0.92
51.9  1.05
51.91  0.96
51.92  0.98
51.93  1.17
51.94  0.96
51.95  1.04
51.96  0.98
51.97  1.09
51.98  1.02
51.99  1.1
52  0.92
52.01  0.99
52.02  0.93
52.03  1.12
52.04  0.97
52.05  1.15
52.06  0.98
52.07  1.13
52.08  0.99
52.09  1
52.1  1.01
52.11  1.14
52.12  1
52.13  1.1
52.14  1.02
52.15  1.06
52.16  1.09
52.17  0.98
52.18  1
52.19  0.89
52.2  0.99
52.21  1.05
52.22  1.24
52.23  0.97
52.24  1.02
52.25  1
52.26  0.98
52.27  1.17
52.28  0.86
52.29  1.11
52.3  0.94
52.31  1.08
52.32  0.93
52.33  1.09
52.34  1
52.35  1.05
52.36  1.14
52.37  1.1
52.38  1.02
52.39  1.18
52.4  1.13
52.41  1.11
52.42  0.76
52.43  0.98
52.44  1.09
52.45  1.14
52.46  1.04
52.47  1.27
52.48  1.02
52.49  0.99
52.5  0.94
52.51  1.01
52.52  0.94
52.53  0.98
52.54  0.96
52.55  1.33
52.56  1.04
52.57  1.19
52.58  0.83
52.59  1.08
52.6  1.13
52.61  1.04
52.62  1.13
52.63  0.77
52.64  1
52.65  1.1
52.66  0.95
52.67  1.04
52.68  1.07
52.69  0.95
52.7  1.21
52.71  1.21
52.72  0.95
52.73  0.99
52.74  1
52.75  1.04
52.76  0.82
52.77  0.8
52.78  0.91
52.79  1.15
52.8  0.93
52.81  1.12
52.82  0.98
52.83  0.97
52.84  1.06
52.85  1.07
52.86  0.9
52.87  1.01
52.88  0.91
52.89  1.1
52.9  0.93
52.91  1.04
52.92  0.89
52.93  1.15
52.94  1.03
52.95  1.15
52.96  1.11
52.97  0.96
52.98  1.01
52.99  0.98
53  1.12
53.01  1.2
53.02  1.16
53.03  1
53.04  0.95
53.05  1.07
53.06  1
53.07  0.94
53.08  0.82
53.09  1
53.1  1.15
53.11  0.9
53.12  1.11
53.13  0.84
53.14  1.05
53.15  0.97
53.16  0.88
53.17  0.96
53.18  1.02
53.19  0.97
53.2  0.97
53.21  0.92
53.22  0.98
53.23  1.11
53.24  1.16
53.25  1.14
53.26  1.03
53.27  1.17
53.28  1.03
53.29  1.05
53.3  0.91
53.31  1.21
53.32  1.05
53.33  0.96
53.34  0.99
53.35  0.93
53.36  1.08
53.37  0.98
53.38  0.92
53.39  1.19
53.4  1.2
53.41  1.04
53.42  1.01
53.43  1.19
53.44  0.92
53.45  1.03
53.46  0.99
53.47  0.93
53.48  0.96
53.49  1.08
53.5  1.19
53.51  1.29
53.52  1.02
53.53  1.13
53.54  0.91
53.55  1
53.56  0.99
53.57  1.13
53.58  0.94
53.59  1.2
53.6  1.06
53.61  1.07
53.62  0.98
53.63  0.99
53.64  1.04
53.65  1.23
53.66  1.05
53.67  1
53.68  1
53.69  1
53.7  0.98
53.71  1.12
53.72  1.02
53.73  0.94
53.74  1.08
53.75  1.08
53.76  1.06
53.77  1.05
53.78  1.03
53.79  1
53.8  1.03
53.81  0.99
53.82  1.15
53.83  1.09
53.84  1.15
53.85  1.01
53.86  0.85
53.87  1.01
53.88  0.93
53.89  0.9
53.9  1.05
53.91  1.13
53.92  1.08
53.93  1.04
53.94  1.08
53.95  1.04
53.96  1.01
53.97  1.02
53.98  1.1
53.99  1.08
54  0.87
54.01  0.96
54.02  1.04
54.03  1.04
54.04  0.79
54.05  0.94
54.06  1.13
54.07  1.01
54.08  1.11
54.09  0.94
54.1  1.07
54.11  1.1
54.12  0.98
54.13  0.96
54.14  0.94
54.15  1.18
54.16  1.03
54.17  0.95
54.18  0.93
54.19  0.98
54.2  0.92
54.21  1.08
54.22  1.13
54.23  0.8
54.24  0.91
54.25  1.11
54.26  1.11
54.27  0.96
54.28  1
54.29  1.04
54.3  0.99
54.31  0.67
54.32  1.07
54.33  1.17
54.34  0.92
54.35  1.06
54.36  1.19
54.37  1.11
54.38  0.9
54.39  1.12
54.4  1.02
54.41  0.98
54.42  0.9
54.43  0.96
54.44  0.89
54.45  0.88
54.46  1.09
54.47  1.12
54.48  1.09
54.49  1.07
54.5  1.06
54.51  1.11
54.52  1.04
54.53  1.01
54.54  1
54.55  1.04
54.56  0.92
54.57  0.98
54.58  1.19
54.59  1.01
54.6  1.11
54.61  1.18
54.62  0.81
54.63  0.88
54.64  1.22
54.65  1.08
54.66  0.97
54.67  1
54.68  1.1
54.69  1.01
54.7  1.19
54.71  1.03
54.72  0.85
54.73  0.96
54.74  1.08
54.75  0.93
54.76  1.04
54.77  1.12
54.78  0.96
54.79  1.21
54.8  0.99
54.81  0.89
54.82  0.98
54.83  1.17
54.84  1.11
54.85  1.17
54.86  0.85
54.87  1.08
54.88  1.04
54.89  1.1
54.9  0.84
54.91  1
54.92  1.01
54.93  1.06
54.94  0.99
54.95  1.08
54.96  1.24
54.97  1.01
54.98  1.25
54.99  1.14
55  1.12
55.01  1
55.02  1.06
55.03  1.06
55.04  1.03
55.05  1.07
55.06  0.95
55.07  0.99
55.08  1.06
55.09  1.02
55.1  1.08
55.11  0.98
55.12  1.08
55.13  1.05
55.14  1.05
55.15  1.01
55.16  0.95
55.17  1.13
55.18  0.88
55.19  1.05
55.2  0.83
55.21  1.11
55.22  0.89
55.23  1.02
55.24  1.03
55.25  1.05
55.26  1.14
55.27  1.14
55.28  1.05
55.29  0.87
55.3  0.97
55.31  1.07
55.32  1.03
55.33  1.08
55.34  1.21
55.35  1.17
55.36  0.95
55.37  0.92
55.38  1.1
55.39  0.88
55.4  0.98
55.41  0.88
55.42  1.13
55.43  1.26
55.44  0.96
55.45  1.02
55.46  0.94
55.47  0.85
55.48  1.08
55.49  1.12
55.5  0.92
55.51  1.08
55.52  1.07
55.53  1.2
55.54  0.99
55.55  1.02
55.56  1.15
55.57  1.13
55.58  0.98
55.59  1.03
55.6  0.85
55.61  0.86
55.62  0.85
55.63  1.01
55.64  0.93
55.65  1.05
55.66  1.13
55.67  1.22
55.68  0.85
55.69  0.97
55.7  1.04
55.71  0.87
55.72  1.15
55.73  1.03
55.74  0.77
55.75  1.05
55.76  1.04
55.77  1
55.78  0.95
55.79  0.89
55.8  0.9
55.81  1.01
55.82  1.16
55.83  1.25
55.84  1.09
55.85  1.22
55.86  1.11
55.87  1.23
55.88  1.17
55.89  1.07
55.9  0.76
55.91  1.03
55.92  1.06
55.93  0.99
55.94  1.02
55.95  1.06
55.96  0.85
55.97  1.03
55.98  0.85
55.99  0.87
56  1.13
56.01  1.18
56.02  0.95
56.03  1.03
56.04  1.04
56.05  0.92
56.06  1.05
56.07  0.96
56.08  0.8
56.09  1.1
56.1  1.08
56.11  1.01
56.12  0.93
56.13  1.09
56.14  0.96
56.15  1.04
56.16  0.88
56.17  1.09
56.18  0.98
56.19  0.91
56.2  0.87
56.21  1.15
56.22  1.28
56.23  0.99
56.24  1.32
56.25  1.22
56.26  0.96
56.27  0.97
56.28  1.03
56.29  1.06
56.3  1.01
56.31  1.2
56.32  0.95
56.33  0.94
56.34  1.07
56.35  1.11
56.36  0.98
56.37  1.02
56.38  1.15
56.39  1.1
56.4  1.19
56.41  0.99
56.42  1.08
56.43  0.9
56.44  1.15
56.45  1.01
56.46  0.74
56.47  0.88
56.48  1
56.49  1.05
56.5  1.07
56.51  1.2
56.52  1.06
56.53  0.92
56.54  1.03
56.55  1.13
56.56  1.01
56.57  1
56.58  1.11
56.59  1.07
56.6  1.02
56.61  0.94
56.62  0.91
56.63  1.04
56.64  0.94
56.65  1.28
56.66  1.17
56.67  0.88
56.68  0.89
56.69  0.98
56.7  1.19
56.71  0.91
56.72  0.98
56.73  0.94
56.74  1.05
56.75  1.1
56.76  1.12
56.77  1.07
56.78  1.06
56.79  0.98
56.8  1
56.81  1.12
56.82  1.06
56.83  0.93
56.84  1.08
56.85  1.07
56.86  0.99
56.87  1.25
56.88  1.01
56.89  0.8
56.9  1.02
56.91  1.04
56.92  0.86
56.93  1.07
56.94  0.96
56.95  1.1
56.96  1.23
56.97  1.02
56.98  0.88
56.99  0.89
57  1.15
57.01  1
57.02  0.9
57.03  0.84
57.04  1.09
57.05  0.87
57.06  1.06
57.07  0.92
57.08  0.78
57.09  0.98
57.1  1.17
57.11  1.2
57.12  0.93
57.13  0.98
57.14  1.09
57.15  0.98
57.16  1.13
57.17  0.99
57.18  1.14
57.19  1.02
57.2  1.07
57.21  0.95
57.22  1.11
57.23  0.96
57.24  1.04
57.25  1.09
57.26  1.16
57.27  0.96
57.28  1.11
57.29  1.12
57.3  0.96
57.31  1.09
57.32  0.97
57.33  1.13
57.34  0.94
57.35  1.16
57.36  1.11
57.37  0.77
57.38  1.07
57.39  0.92
57.4  1.1
57.41  1.19
57.42  1.14
57.43  1.05
57.44  1.07
57.45  1.08
57.46  1
57.47  0.91
57.48  0.99
57.49  0.99
57.5  0.86
57.51  1.01
57.52  1.1
57.53  1.07
57.54  1.08
57.55  0.85
57.56  1.2
57.57  1.06
57.58  0.9
57.59  0.99
57.6  0.92
57.61  1.11
57.62  1.03
57.63  1.08
57.64  1.05
57.65  0.85
57.66  1.09
57.67  1.06
57.68  1.12
57.69  1.05
57.7  0.92
57.71  1.09
57.72  1.17
57.73  1.14
57.74  1.21
57.75  1.12
57.76  1.11
57.77  1.16
57.78  0.95
57.79  0.86
57.8  0.88
57.81  0.91
57.82  0.99
57.83  0.98
57.84  1.04
57.85  0.97
57.86  0.82
57.87  1.01
57.88  1.11
57.89  1
57.9  1.1
57.91  1.07
57.92  1.05
57.93  1.18
57.94  1.02
57.95  1.04
57.96  1.17
57.97  0.87
57.98  1.07
57.99  1.03
58  1.08
58.01  1.05
58.02  0.95
58.03  1.07
58.04  0.67
58.05  1.06
58.06  0.89
58.07  0.99
58.08  1.13
58.09  0.95
58.1  1.3
58.11  0.89
58.12  0.89
58.13  1.22
58.14  0.95
58.15  1.05
58.16  0.95
58.17  0.95
58.18  1.16
58.19  0.96
58.2  0.97
58.21  1.14
58.22  1.03
58.23  1.03
58.24  1.18
58.25  0.89
58.26  0.96
58.27  1.06
58.28  1.07
58.29  0.94
58.3  0.94
58.31  1.02
58.32  0.95
58.33  0.93
58.34  1.06
58.35  0.82
58.36  1.11
58.37  1.23
58.38  1.06
58.39  1.25
58.4  1.01
58.41  1.04
58.42  1.02
58.43  0.94
58.44  0.98
58.45  1.17
58.46  1.09
58.47  0.89
58.48  0.92
58.49  1
58.5  0.88
58.51  1.11
58.52  1.23
58.53  1
58.54  1.19
58.55  1.02
58.56  0.95
58.57  1.45
58.58  0.84
58.59  0.93
58.6  0.85
58.61  0.86
58.62  1.02
58.63  1.1
58.64  0.98
58.65  1.12
58.66  0.98
58.67  1.04
58.68  1.14
58.69  1.05
58.7  1.16
58.71  1.11
58.72  0.98
58.73  1.04
58.74  1.12
58.75  1.2
58.76  0.9
58.77  1.15
58.78  0.99
58.79  0.97
58.8  0.92
58.81  1.03
58.82  1.09
58.83  0.88
58.84  0.92
58.85  1.08
58.86  0.85
58.87  0.84
58.88  1.04
58.89  1.13
58.9  1.17
58.91  1.06
58.92  1.01
58.93  1.12
58.94  1.17
58.95  1.03
58.96  0.93
58.97  1.04
58.98  0.98
58.99  1.05
59  0.95
59.01  1.04
59.02  0.97
59.03  0.9
59.04  1.06
59.05  1.08
59.06  0.98
59.07  0.91
59.08  1.13
59.09  0.95
59.1  1.17
59.11  0.83
59.12  1.06
59.13  1.09
59.14  1.05
59.15  1.02
59.16  0.97
59.17  0.9
59.18  0.95
59.19  1.14
59.2  1.11
59.21  1.06
59.22  0.9
59.23  1
59.24  0.95
59.25  1.08
59.26  1.06
59.27  0.87
59.28  0.99
59.29  1
59.3  0.88
59.31  0.99
59.32  0.99
59.33  1.1
59.34  1.16
59.35  1.05
59.36  1.12
59.37  1.01
59.38  1.04
59.39  1.01
59.4  1.07
59.41  0.96
59.42  1.16
59.43  0.9
59.44  0.96
59.45  0.91
59.46  1.26
59.47  1.17
59.48  1
59.49  0.88
59.5  1.13
59.51  0.92
59.52  0.97
59.53  0.95
59.54  1.11
59.55  1.01
59.56  1.03
59.57  1.01
59.58  1.01
59.59  1.01
59.6  1.15
59.61  0.98
59.62  1.04
59.63  0.92
59.64  1.11
59.65  1.03
59.66  1.11
59.67  0.97
59.68  1.06
59.69  1.01
59.7  1.1
59.71  0.98
59.72  1
59.73  0.95
59.74  0.89
59.75  1
59.76  1.15
59.77  1.08
59.78  0.97
59.79  0.96
59.8  1.13
59.81  0.96
59.82  1.23
59.83  1.06
59.84  1.1
59.85  0.89
59.86  1.05
59.87  1.11
59.88  1.04
59.89  1.1
59.9  1.02
59.91  0.97
59.92  1.09
59.93  1.07
59.94  1.08
59.95  1.14
59.96  1.03
59.97  1
59.98  0.93
59.99  0.94
