-15  0
-14.99  0
-14.98  0.01
-14.97  0.01
-14.96  0.01
-14.95  0.01
-14.94  0.02
-14.93  0.02
-14.92  0.03
-14.91  0.03
-14.9  0.02
-14.89  0.05
-14.88  0.03
-14.87  0.04
-14.86  0.06
-14.85  0.04
-14.84  0.06
-14.83  0.05
-14.82  0.07
-14.81  0.07
-14.8  0.08
-14.79  0.07
-14.78  0.08
-14.77  0.08
-14.76  0.11
-14.75  0.09
-14.74  0.11
-14.73  0.12
-14.72  0.12
-14.71  0.12
-14.7  0.13
-14.69  0.16
-14.68  0.13
-14.67  0.17
-14.66  0.18
-14.65  0.19
-14.64  0.19
-14.63  0.21
-14.62  0.21
-14.61  0.25
-14.6  0.25
-14.59  0.27
-14.58  0.28
-14.57  0.35
-14.56  0.33
-14.55  0.36
-14.54  0.39
-14.53  0.43
-14.52  0.48
-14.51  0.5
-14.5  0.56
-14.49  0.64
-14.48  0.66
-14.47  0.77
-14.46  0.85
-14.45  0.95
-14.44  1.06
-14.43  1.18
-14.42  1.37
-14.41  1.57
-14.4  1.78
-14.39  2.09
-14.38  2.39
-14.37  2.73
-14.36  3.17
-14.35  3.61
-14.34  4.03
-14.33  4.37
-14.32  4.62
-14.31  4.66
-14.3  4.53
-14.29  4.22
-14.28  3.84
-14.27  3.38
-14.26  2.99
-14.25  2.58
-14.24  2.22
-14.23  1.94
-14.22  1.69
-14.21  1.48
-14.2  1.31
-14.19  1.15
-14.18  1.03
-14.17  0.95
-14.16  0.81
-14.15  0.76
-14.14  0.68
-14.13  0.63
-14.12  0.58
-14.11  0.53
-14.1  0.48
-14.09  0.48
-14.08  0.43
-14.07  0.41
-14.06  0.4
-14.05  0.36
-14.04  0.33
-14.03  0.32
-14.02  0.3
-14.01  0.31
-14  0.29
-13.99  0.29
-13.98  0.26
-13.97  0.24
-13.96  0.24
-13.95  0.26
-13.94  0.23
-13.93  0.25
-13.92  0.2
-13.91  0.21
-13.9  0.22
-13.89  0.21
-13.88  0.2
-13.87  0.21
-13.86  0.19
-13.85  0.2
-13.84  0.19
-13.83  0.21
-13.82  0.21
-13.81  0.19
-13.8  0.18
-13.79  0.19
-13.78  0.18
-13.77  0.19
-13.76  0.22
-13.75  0.17
-13.74  0.18
-13.73  0.19
-13.72  0.2
-13.71  0.19
-13.7  0.2
-13.69  0.22
-13.68  0.18
-13.67  0.2
-13.66  0.21
-13.65  0.19
-13.64  0.19
-13.63  0.2
-13.62  0.22
-13.61  0.22
-13.6  0.23
-13.59  0.2
-13.58  0.22
-13.57  0.23
-13.56  0.23
-13.55  0.21
-13.54  0.24
-13.53  0.25
-13.52  0.25
-13.51  0.24
-13.5  0.28
-13.49  0.27
-13.48  0.23
-13.47  0.28
-13.46  0.27
-13.45  0.33
-13.44  0.27
-13.43  0.32
-13.42  0.29
-13.41  0.33
-13.4  0.31
-13.39  0.33
-13.38  0.35
-13.37  0.36
-13.36  0.37
-13.35  0.36
-13.34  0.39
-13.33  0.4
-13.32  0.4
-13.31  0.46
-13.3  0.46
-13.29  0.43
-13.28  0.47
-13.27  0.49
-13.26  0.53
-13.25  0.54
-13.24  0.53
-13.23  0.56
-13.22  0.6
-13.21  0.63
-13.2  0.65
-13.19  0.69
-13.18  0.69
-13.17  0.77
-13.16  0.75
-13.15  0.8
-13.14  0.84
-13.13  0.87
-13.12  0.94
-13.11  0.93
-13.1  1
-13.09  1.03
-13.08  1.13
-13.07  1.13
-13.06  1.17
-13.05  1.27
-13.04  1.28
-13.03  1.34
-13.02  1.41
-13.01  1.4
-13  1.49
-12.99  1.52
-12.98  1.56
-12.97  1.57
-12.96  1.62
-12.95  1.62
-12.94  1.66
-12.93  1.64
-12.92  1.68
-12.91  1.61
-12.9  1.66
-12.89  1.6
-12.88  1.58
-12.87  1.53
-12.86  1.5
-12.85  1.47
-12.84  1.42
-12.83  1.38
-12.82  1.34
-12.81  1.3
-12.8  1.21
-12.79  1.17
-12.78  1.14
-12.77  1.11
-12.76  1.05
-12.75  1
-12.74  0.98
-12.73  0.97
-12.72  0.9
-12.71  0.84
-12.7  0.83
-12.69  0.79
-12.68  0.77
-12.67  0.74
-12.66  0.7
-12.65  0.67
-12.64  0.66
-12.63  0.67
-12.62  0.62
-12.61  0.6
-12.6  0.61
-12.59  0.57
-12.58  0.54
-12.57  0.55
-12.56  0.53
-12.55  0.51
-12.54  0.49
-12.53  0.49
-12.52  0.47
-12.51  0.48
-12.5  0.47
-12.49  0.46
-12.48  0.41
-12.47  0.47
-12.46  0.4
-12.45  0.44
-12.44  0.42
-12.43  0.44
-12.42  0.42
-12.41  0.41
-12.4  0.38
-12.39  0.41
-12.38  0.39
-12.37  0.39
-12.36  0.36
-12.35  0.41
-12.34  0.41
-12.33  0.38
-12.32  0.38
-12.31  0.38
-12.3  0.38
-12.29  0.37
-12.28  0.38
-12.27  0.41
-12.26  0.38
-12.25  0.39
-12.24  0.4
-12.23  0.37
-12.22  0.41
-12.21  0.4
-12.2  0.35
-12.19  0.41
-12.18  0.39
-12.17  0.42
-12.16  0.41
-12.15  0.4
-12.14  0.42
-12.13  0.42
-12.12  0.42
-12.11  0.44
-12.1  0.43
-12.09  0.45
-12.08  0.45
-12.07  0.43
-12.06  0.45
-12.05  0.48
-12.04  0.45
-12.03  0.49
-12.02  0.47
-12.01  0.5
-12  0.5
-11.99  0.5
-11.98  0.52
-11.97  0.52
-11.96  0.56
-11.95  0.55
-11.94  0.61
-11.93  0.56
-11.92  0.59
-11.91  0.58
-11.9  0.59
-11.89  0.59
-11.88  0.64
-11.87  0.66
-11.86  0.67
-11.85  0.66
-11.84  0.71
-11.83  0.71
-11.82  0.72
-11.81  0.74
-11.8  0.76
-11.79  0.79
-11.78  0.8
-11.77  0.79
-11.76  0.82
-11.75  0.85
-11.74  0.84
-11.73  0.86
-11.72  0.92
-11.71  0.93
-11.7  0.91
-11.69  0.96
-11.68  0.97
-11.67  0.99
-11.66  0.99
-11.65  1.01
-11.64  1.02
-11.63  1.06
-11.62  1.02
-11.61  1.08
-11.6  1.08
-11.59  1.07
-11.58  1.12
-11.57  1.08
-11.56  1.08
-11.55  1.09
-11.54  1.14
-11.53  1.11
-11.52  1.08
-11.51  1.07
-11.5  1.09
-11.49  1.08
-11.48  1.06
-11.47  1.09
-11.46  1.1
-11.45  1.04
-11.44  1
-11.43  1.02
-11.42  1.04
-11.41  0.97
-11.4  0.99
-11.39  0.95
-11.38  0.96
-11.37  0.95
-11.36  0.89
-11.35  0.88
-11.34  0.9
-11.33  0.86
-11.32  0.85
-11.31  0.82
-11.3  0.81
-11.29  0.79
-11.28  0.82
-11.27  0.81
-11.26  0.75
-11.25  0.77
-11.24  0.71
-11.23  0.71
-11.22  0.7
-11.21  0.7
-11.2  0.69
-11.19  0.66
-11.18  0.67
-11.17  0.65
-11.16  0.64
-11.15  0.64
-11.14  0.61
-11.13  0.62
-11.12  0.61
-11.11  0.62
-11.1  0.58
-11.09  0.58
-11.08  0.57
-11.07  0.6
-11.06  0.58
-11.05  0.55
-11.04  0.56
-11.03  0.53
-11.02  0.56
-11.01  0.53
-11  0.5
-10.99  0.58
-10.98  0.51
-10.97  0.55
-10.96  0.52
-10.95  0.51
-10.94  0.54
-10.93  0.54
-10.92  0.5
-10.91  0.51
-10.9  0.54
-10.89  0.52
-10.88  0.52
-10.87  0.48
-10.86  0.51
-10.85  0.55
-10.84  0.52
-10.83  0.5
-10.82  0.54
-10.81  0.52
-10.8  0.5
-10.79  0.53
-10.78  0.54
-10.77  0.52
-10.76  0.51
-10.75  0.54
-10.74  0.53
-10.73  0.54
-10.72  0.55
-10.71  0.56
-10.7  0.56
-10.69  0.55
-10.68  0.63
-10.67  0.56
-10.66  0.53
-10.65  0.56
-10.64  0.57
-10.63  0.55
-10.62  0.59
-10.61  0.62
-10.6  0.62
-10.59  0.62
-10.58  0.61
-10.57  0.61
-10.56  0.63
-10.55  0.66
-10.54  0.65
-10.53  0.63
-10.52  0.66
-10.51  0.64
-10.5  0.71
-10.49  0.69
-10.48  0.69
-10.47  0.68
-10.46  0.69
-10.45  0.76
-10.44  0.7
-10.43  0.71
-10.42  0.73
-10.41  0.78
-10.4  0.76
-10.39  0.76
-10.38  0.8
-10.37  0.78
-10.36  0.77
-10.35  0.8
-10.34  0.83
-10.33  0.85
-10.32  0.8
-10.31  0.85
-10.3  0.82
-10.29  0.83
-10.28  0.82
-10.27  0.91
-10.26  0.85
-10.25  0.85
-10.24  0.88
-10.23  0.9
-10.22  0.93
-10.21  0.84
-10.2  0.9
-10.19  0.89
-10.18  0.89
-10.17  0.91
-10.16  0.88
-10.15  0.92
-10.14  0.84
-10.13  0.94
-10.12  0.91
-10.11  0.88
-10.1  0.92
-10.09  0.91
-10.08  0.86
-10.07  0.87
-10.06  0.86
-10.05  0.92
-10.04  0.85
-10.03  0.85
-10.02  0.87
-10.01  0.83
-10  0.84
-9.99  0.87
-9.98  0.83
-9.97  0.82
-9.96  0.83
-9.95  0.81
-9.94  0.82
-9.93  0.82
-9.92  0.79
-9.91  0.77
-9.9  0.77
-9.89  0.81
-9.88  0.74
-9.87  0.73
-9.86  0.78
-9.85  0.74
-9.84  0.74
-9.83  0.74
-9.82  0.69
-9.81  0.7
-9.8  0.7
-9.79  0.71
-9.78  0.69
-9.77  0.7
-9.76  0.72
-9.75  0.71
-9.74  0.63
-9.73  0.7
-9.72  0.63
-9.71  0.69
-9.7  0.65
-9.69  0.62
-9.68  0.63
-9.67  0.65
-9.66  0.6
-9.65  0.63
-9.64  0.66
-9.63  0.65
-9.62  0.6
-9.61  0.64
-9.6  0.62
-9.59  0.63
-9.58  0.6
-9.57  0.61
-9.56  0.62
-9.55  0.61
-9.54  0.58
-9.53  0.61
-9.52  0.59
-9.51  0.6
-9.5  0.62
-9.49  0.59
-9.48  0.62
-9.47  0.61
-9.46  0.6
-9.45  0.58
-9.44  0.63
-9.43  0.56
-9.42  0.58
-9.41  0.64
-9.4  0.6
-9.39  0.6
-9.38  0.58
-9.37  0.61
-9.36  0.63
-9.35  0.64
-9.34  0.63
-9.33  0.58
-9.32  0.65
-9.31  0.6
-9.3  0.64
-9.29  0.62
-9.28  0.62
-9.27  0.63
-9.26  0.61
-9.25  0.6
-9.24  0.71
-9.23  0.65
-9.22  0.64
-9.21  0.66
-9.2  0.62
-9.19  0.66
-9.18  0.66
-9.17  0.66
-9.16  0.68
-9.15  0.7
-9.14  0.68
-9.13  0.72
-9.12  0.65
-9.11  0.68
-9.1  0.74
-9.09  0.7
-9.08  0.68
-9.07  0.73
-9.06  0.72
-9.05  0.71
-9.04  0.74
-9.03  0.71
-9.02  0.73
-9.01  0.72
-9  0.76
-8.99  0.75
-8.98  0.76
-8.97  0.78
-8.96  0.75
-8.95  0.77
-8.94  0.77
-8.93  0.75
-8.92  0.83
-8.91  0.76
-8.9  0.78
-8.89  0.78
-8.88  0.77
-8.87  0.79
-8.86  0.77
-8.85  0.81
-8.84  0.8
-8.83  0.81
-8.82  0.81
-8.81  0.8
-8.8  0.8
-8.79  0.8
-8.78  0.8
-8.77  0.79
-8.76  0.84
-8.75  0.78
-8.74  0.84
-8.73  0.78
-8.72  0.81
-8.71  0.82
-8.7  0.84
-8.69  0.77
-8.68  0.82
-8.67  0.79
-8.66  0.8
-8.65  0.77
-8.64  0.76
-8.63  0.79
-8.62  0.8
-8.61  0.82
-8.6  0.82
-8.59  0.77
-8.58  0.76
-8.57  0.75
-8.56  0.78
-8.55  0.76
-8.54  0.77
-8.53  0.74
-8.52  0.76
-8.51  0.77
-8.5  0.78
-8.49  0.72
-8.48  0.72
-8.47  0.77
-8.46  0.73
-8.45  0.73
-8.44  0.71
-8.43  0.74
-8.42  0.71
-8.41  0.73
-8.4  0.69
-8.39  0.69
-8.38  0.72
-8.37  0.7
-8.36  0.68
-8.35  0.72
-8.34  0.7
-8.33  0.72
-8.32  0.66
-8.31  0.71
-8.3  0.66
-8.29  0.71
-8.28  0.66
-8.27  0.68
-8.26  0.7
-8.25  0.67
-8.24  0.65
-8.23  0.64
-8.22  0.64
-8.21  0.67
-8.2  0.68
-8.19  0.69
-8.18  0.67
-8.17  0.62
-8.16  0.65
-8.15  0.66
-8.14  0.63
-8.13  0.66
-8.12  0.64
-8.11  0.68
-8.1  0.67
-8.09  0.66
-8.08  0.65
-8.07  0.62
-8.06  0.65
-8.05  0.67
-8.04  0.66
-8.03  0.64
-8.02  0.66
-8.01  0.64
-8  0.67
-7.99  0.65
-7.98  0.64
-7.97  0.62
-7.96  0.67
-7.95  0.66
-7.94  0.67
-7.93  0.66
-7.92  0.64
-7.91  0.66
-7.9  0.67
-7.89  0.73
-7.88  0.62
-7.87  0.67
-7.86  0.67
-7.85  0.68
-7.84  0.7
-7.83  0.64
-7.82  0.69
-7.81  0.67
-7.8  0.67
-7.79  0.71
-7.78  0.66
-7.77  0.72
-7.76  0.66
-7.75  0.72
-7.74  0.69
-7.73  0.73
-7.72  0.68
-7.71  0.69
-7.7  0.7
-7.69  0.74
-7.68  0.74
-7.67  0.68
-7.66  0.72
-7.65  0.71
-7.64  0.72
-7.63  0.76
-7.62  0.69
-7.61  0.71
-7.6  0.77
-7.59  0.75
-7.58  0.73
-7.57  0.76
-7.56  0.72
-7.55  0.73
-7.54  0.71
-7.53  0.75
-7.52  0.77
-7.51  0.69
-7.5  0.78
-7.49  0.75
-7.48  0.77
-7.47  0.77
-7.46  0.76
-7.45  0.76
-7.44  0.74
-7.43  0.76
-7.42  0.74
-7.41  0.8
-7.4  0.79
-7.39  0.73
-7.38  0.75
-7.37  0.79
-7.36  0.74
-7.35  0.79
-7.34  0.74
-7.33  0.74
-7.32  0.78
-7.31  0.75
-7.3  0.73
-7.29  0.76
-7.28  0.76
-7.27  0.77
-7.26  0.76
-7.25  0.77
-7.24  0.72
-7.23  0.77
-7.22  0.82
-7.21  0.74
-7.2  0.7
-7.19  0.77
-7.18  0.71
-7.17  0.8
-7.16  0.71
-7.15  0.76
-7.14  0.73
-7.13  0.73
-7.12  0.74
-7.11  0.71
-7.1  0.71
-7.09  0.78
-7.08  0.71
-7.07  0.77
-7.06  0.67
-7.05  0.77
-7.04  0.7
-7.03  0.71
-7.02  0.75
-7.01  0.69
-7  0.73
-6.99  0.66
-6.98  0.73
-6.97  0.75
-6.96  0.66
-6.95  0.74
-6.94  0.71
-6.93  0.71
-6.92  0.72
-6.91  0.68
-6.9  0.65
-6.89  0.69
-6.88  0.72
-6.87  0.68
-6.86  0.72
-6.85  0.66
-6.84  0.7
-6.83  0.71
-6.82  0.64
-6.81  0.73
-6.8  0.63
-6.79  0.73
-6.78  0.68
-6.77  0.69
-6.76  0.64
-6.75  0.68
-6.74  0.71
-6.73  0.7
-6.72  0.69
-6.71  0.66
-6.7  0.7
-6.69  0.66
-6.68  0.68
-6.67  0.66
-6.66  0.68
-6.65  0.68
-6.64  0.67
-6.63  0.69
-6.62  0.67
-6.61  0.73
-6.6  0.64
-6.59  0.66
-6.58  0.68
-6.57  0.69
-6.56  0.67
-6.55  0.71
-6.54  0.66
-6.53  0.68
-6.52  0.7
-6.51  0.67
-6.5  0.73
-6.49  0.68
-6.48  0.72
-6.47  0.65
-6.46  0.7
-6.45  0.7
-6.44  0.68
-6.43  0.7
-6.42  0.7
-6.41  0.65
-6.4  0.71
-6.39  0.66
-6.38  0.72
-6.37  0.72
-6.36  0.69
-6.35  0.76
-6.34  0.68
-6.33  0.67
-6.32  0.71
-6.31  0.73
-6.3  0.73
-6.29  0.68
-6.28  0.71
-6.27  0.76
-6.26  0.68
-6.25  0.74
-6.24  0.75
-6.23  0.68
-6.22  0.75
-6.21  0.72
-6.2  0.66
-6.19  0.73
-6.18  0.74
-6.17  0.73
-6.16  0.73
-6.15  0.73
-6.14  0.75
-6.13  0.7
-6.12  0.74
-6.11  0.74
-6.1  0.72
-6.09  0.75
-6.08  0.71
-6.07  0.73
-6.06  0.79
-6.05  0.72
-6.04  0.74
-6.03  0.75
-6.02  0.7
-6.01  0.75
-6  0.73
-5.99  0.73
-5.98  0.76
-5.97  0.71
-5.96  0.73
-5.95  0.77
-5.94  0.77
-5.93  0.73
-5.92  0.72
-5.91  0.74
-5.9  0.73
-5.89  0.72
-5.88  0.72
-5.87  0.76
-5.86  0.71
-5.85  0.75
-5.84  0.72
-5.83  0.79
-5.82  0.7
-5.81  0.73
-5.8  0.8
-5.79  0.7
-5.78  0.73
-5.77  0.73
-5.76  0.72
-5.75  0.74
-5.74  0.73
-5.73  0.73
-5.72  0.72
-5.71  0.69
-5.7  0.72
-5.69  0.7
-5.68  0.77
-5.67  0.69
-5.66  0.73
-5.65  0.7
-5.64  0.73
-5.63  0.7
-5.62  0.78
-5.61  0.7
-5.6  0.71
-5.59  0.7
-5.58  0.69
-5.57  0.73
-5.56  0.71
-5.55  0.71
-5.54  0.75
-5.53  0.64
-5.52  0.76
-5.51  0.66
-5.5  0.74
-5.49  0.73
-5.48  0.64
-5.47  0.73
-5.46  0.72
-5.45  0.66
-5.44  0.71
-5.43  0.7
-5.42  0.71
-5.41  0.67
-5.4  0.68
-5.39  0.71
-5.38  0.7
-5.37  0.71
-5.36  0.72
-5.35  0.68
-5.34  0.73
-5.33  0.64
-5.32  0.77
-5.31  0.66
-5.3  0.67
-5.29  0.71
-5.28  0.71
-5.27  0.68
-5.26  0.67
-5.25  0.69
-5.24  0.69
-5.23  0.68
-5.22  0.71
-5.21  0.69
-5.2  0.71
-5.19  0.65
-5.18  0.74
-5.17  0.71
-5.16  0.69
-5.15  0.69
-5.14  0.74
-5.13  0.65
-5.12  0.7
-5.11  0.7
-5.1  0.72
-5.09  0.67
-5.08  0.74
-5.07  0.66
-5.06  0.7
-5.05  0.71
-5.04  0.7
-5.03  0.71
-5.02  0.73
-5.01  0.66
-5  0.7
-4.99  0.73
-4.98  0.71
-4.97  0.67
-4.96  0.76
-4.95  0.72
-4.94  0.67
-4.93  0.72
-4.92  0.66
-4.91  0.73
-4.9  0.73
-4.89  0.68
-4.88  0.73
-4.87  0.79
-4.86  0.68
-4.85  0.7
-4.84  0.73
-4.83  0.68
-4.82  0.76
-4.81  0.68
-4.8  0.74
-4.79  0.7
-4.78  0.72
-4.77  0.74
-4.76  0.7
-4.75  0.75
-4.74  0.71
-4.73  0.72
-4.72  0.73
-4.71  0.72
-4.7  0.68
-4.69  0.77
-4.68  0.73
-4.67  0.68
-4.66  0.74
-4.65  0.7
-4.64  0.75
-4.63  0.7
-4.62  0.76
-4.61  0.7
-4.6  0.72
-4.59  0.76
-4.58  0.78
-4.57  0.75
-4.56  0.69
-4.55  0.72
-4.54  0.72
-4.53  0.72
-4.52  0.66
-4.51  0.75
-4.5  0.74
-4.49  0.73
-4.48  0.72
-4.47  0.74
-4.46  0.74
-4.45  0.7
-4.44  0.74
-4.43  0.7
-4.42  0.71
-4.41  0.72
-4.4  0.75
-4.39  0.7
-4.38  0.75
-4.37  0.73
-4.36  0.75
-4.35  0.71
-4.34  0.67
-4.33  0.75
-4.32  0.71
-4.31  0.73
-4.3  0.71
-4.29  0.74
-4.28  0.67
-4.27  0.73
-4.26  0.7
-4.25  0.72
-4.24  0.77
-4.23  0.7
-4.22  0.69
-4.21  0.75
-4.2  0.69
-4.19  0.71
-4.18  0.69
-4.17  0.75
-4.16  0.68
-4.15  0.7
-4.14  0.67
-4.13  0.73
-4.12  0.76
-4.11  0.69
-4.1  0.76
-4.09  0.73
-4.08  0.7
-4.07  0.72
-4.06  0.67
-4.05  0.66
-4.04  0.72
-4.03  0.68
-4.02  0.72
-4.01  0.73
-4  0.72
-3.99  0.67
-3.98  0.69
-3.97  0.72
-3.96  0.7
-3.95  0.68
-3.94  0.71
-3.93  0.69
-3.92  0.72
-3.91  0.71
-3.9  0.73
-3.89  0.71
-3.88  0.67
-3.87  0.71
-3.86  0.69
-3.85  0.7
-3.84  0.68
-3.83  0.75
-3.82  0.72
-3.81  0.68
-3.8  0.7
-3.79  0.73
-3.78  0.69
-3.77  0.72
-3.76  0.7
-3.75  0.71
-3.74  0.69
-3.73  0.71
-3.72  0.69
-3.71  0.7
-3.7  0.69
-3.69  0.7
-3.68  0.66
-3.67  0.77
-3.66  0.68
-3.65  0.68
-3.64  0.74
-3.63  0.7
-3.62  0.75
-3.61  0.69
-3.6  0.72
-3.59  0.71
-3.58  0.73
-3.57  0.66
-3.56  0.77
-3.55  0.67
-3.54  0.71
-3.53  0.73
-3.52  0.69
-3.51  0.7
-3.5  0.76
-3.49  0.7
-3.48  0.67
-3.47  0.72
-3.46  0.71
-3.45  0.71
-3.44  0.75
-3.43  0.71
-3.42  0.68
-3.41  0.74
-3.4  0.7
-3.39  0.69
-3.38  0.73
-3.37  0.71
-3.36  0.78
-3.35  0.69
-3.34  0.71
-3.33  0.79
-3.32  0.73
-3.31  0.66
-3.3  0.78
-3.29  0.68
-3.28  0.7
-3.27  0.69
-3.26  0.7
-3.25  0.76
-3.24  0.72
-3.23  0.71
-3.22  0.71
-3.21  0.72
-3.2  0.71
-3.19  0.74
-3.18  0.65
-3.17  0.77
-3.16  0.76
-3.15  0.69
-3.14  0.74
-3.13  0.73
-3.12  0.69
-3.11  0.75
-3.1  0.72
-3.09  0.68
-3.08  0.73
-3.07  0.7
-3.06  0.71
-3.05  0.76
-3.04  0.72
-3.03  0.73
-3.02  0.73
-3.01  0.72
-3  0.7
-2.99  0.71
-2.98  0.73
-2.97  0.7
-2.96  0.75
-2.95  0.7
-2.94  0.69
-2.93  0.69
-2.92  0.74
-2.91  0.74
-2.9  0.7
-2.89  0.69
-2.88  0.73
-2.87  0.7
-2.86  0.71
-2.85  0.74
-2.84  0.71
-2.83  0.72
-2.82  0.74
-2.81  0.72
-2.8  0.71
-2.79  0.7
-2.78  0.71
-2.77  0.74
-2.76  0.65
-2.75  0.75
-2.74  0.73
-2.73  0.7
-2.72  0.68
-2.71  0.7
-2.7  0.71
-2.69  0.72
-2.68  0.75
-2.67  0.68
-2.66  0.75
-2.65  0.68
-2.64  0.71
-2.63  0.71
-2.62  0.73
-2.61  0.62
-2.6  0.75
-2.59  0.64
-2.58  0.73
-2.57  0.74
-2.56  0.73
-2.55  0.67
-2.54  0.79
-2.53  0.7
-2.52  0.68
-2.51  0.71
-2.5  0.7
-2.49  0.71
-2.48  0.72
-2.47  0.67
-2.46  0.74
-2.45  0.71
-2.44  0.66
-2.43  0.74
-2.42  0.69
-2.41  0.73
-2.4  0.64
-2.39  0.76
-2.38  0.7
-2.37  0.72
-2.36  0.66
-2.35  0.72
-2.34  0.72
-2.33  0.71
-2.32  0.76
-2.31  0.71
-2.3  0.7
-2.29  0.72
-2.28  0.73
-2.27  0.69
-2.26  0.68
-2.25  0.71
-2.24  0.74
-2.23  0.66
-2.22  0.75
-2.21  0.67
-2.2  0.71
-2.19  0.72
-2.18  0.69
-2.17  0.74
-2.16  0.69
-2.15  0.74
-2.14  0.7
-2.13  0.73
-2.12  0.71
-2.11  0.69
-2.1  0.7
-2.09  0.74
-2.08  0.67
-2.07  0.75
-2.06  0.7
-2.05  0.72
-2.04  0.72
-2.03  0.73
-2.02  0.72
-2.01  0.76
-2  0.65
-1.99  0.72
-1.98  0.72
-1.97  0.7
-1.96  0.74
-1.95  0.71
-1.94  0.7
-1.93  0.71
-1.92  0.72
-1.91  0.69
-1.9  0.76
-1.89  0.69
-1.88  0.75
-1.87  0.69
-1.86  0.68
-1.85  0.71
-1.84  0.78
-1.83  0.69
-1.82  0.71
-1.81  0.71
-1.8  0.72
-1.79  0.71
-1.78  0.76
-1.77  0.69
-1.76  0.71
-1.75  0.73
-1.74  0.75
-1.73  0.67
-1.72  0.73
-1.71  0.7
-1.7  0.72
-1.69  0.74
-1.68  0.72
-1.67  0.74
-1.66  0.69
-1.65  0.7
-1.64  0.69
-1.63  0.77
-1.62  0.66
-1.61  0.77
-1.6  0.7
-1.59  0.68
-1.58  0.74
-1.57  0.69
-1.56  0.69
-1.55  0.74
-1.54  0.75
-1.53  0.7
-1.52  0.73
-1.51  0.69
-1.5  0.73
-1.49  0.72
-1.48  0.7
-1.47  0.74
-1.46  0.72
-1.45  0.72
-1.44  0.71
-1.43  0.71
-1.42  0.7
-1.41  0.67
-1.4  0.77
-1.39  0.69
-1.38  0.69
-1.37  0.68
-1.36  0.71
-1.35  0.75
-1.34  0.7
-1.33  0.73
-1.32  0.69
-1.31  0.72
-1.3  0.73
-1.29  0.69
-1.28  0.74
-1.27  0.68
-1.26  0.72
-1.25  0.76
-1.24  0.65
-1.23  0.78
-1.22  0.64
-1.21  0.77
-1.2  0.69
-1.19  0.76
-1.18  0.67
-1.17  0.73
-1.16  0.68
-1.15  0.72
-1.14  0.71
-1.13  0.72
-1.12  0.68
-1.11  0.73
-1.1  0.68
-1.09  0.76
-1.08  0.69
-1.07  0.7
-1.06  0.67
-1.05  0.74
-1.04  0.7
-1.03  0.68
-1.02  0.72
-1.01  0.75
-1  0.72
-0.99  0.69
-0.98  0.75
-0.97  0.69
-0.96  0.7
-0.95  0.66
-0.94  0.79
-0.93  0.69
-0.92  0.72
-0.91  0.72
-0.9  0.7
-0.89  0.7
-0.88  0.71
-0.87  0.67
-0.86  0.71
-0.85  0.69
-0.84  0.71
-0.83  0.71
-0.82  0.76
-0.81  0.72
-0.8  0.68
-0.79  0.76
-0.78  0.7
-0.77  0.73
-0.76  0.71
-0.75  0.68
-0.74  0.69
-0.73  0.74
-0.72  0.69
-0.71  0.73
-0.7  0.69
-0.69  0.72
-0.68  0.72
-0.67  0.73
-0.66  0.74
-0.65  0.71
-0.64  0.72
-0.63  0.72
-0.62  0.68
-0.61  0.7
-0.6  0.74
-0.59  0.72
-0.58  0.7
-0.57  0.71
-0.56  0.69
-0.55  0.72
-0.54  0.74
-0.53  0.7
-0.52  0.74
-0.51  0.65
-0.5  0.74
-0.49  0.72
-0.48  0.72
-0.47  0.69
-0.46  0.7
-0.45  0.73
-0.44  0.72
-0.43  0.69
-0.42  0.73
-0.41  0.73
-0.4  0.72
-0.39  0.77
-0.38  0.74
-0.37  0.69
-0.36  0.66
-0.35  0.75
-0.34  0.73
-0.33  0.68
-0.32  0.71
-0.31  0.69
-0.3  0.74
-0.29  0.71
-0.28  0.7
-0.27  0.66
-0.26  0.75
-0.25  0.76
-0.24  0.67
-0.23  0.73
-0.22  0.7
-0.21  0.71
-0.2  0.72
-0.19  0.72
-0.18  0.75
-0.17  0.72
-0.16  0.71
-0.15  0.75
-0.14  0.7
-0.13  0.7
-0.12  0.74
-0.11  0.69
-0.1  0.71
-0.09  0.7
-0.08  0.68
-0.07  0.72
-0.06  0.74
-0.05  0.71
-0.04  0.71
-0.03  0.7
-0.02  0.73
-0.01  0.68
-2.16197e-11  0.76
0.0001  0.01
0.0101  0.68
0.0201  0.7
0.0301  0.76
0.0401  0.66
0.0501  0.71
0.0601  0.72
0.0701  0.72
0.0801  0.69
0.0901  0.65
0.1001  0.77
0.1101  0.64
0.1201  0.72
0.1301  0.73
0.1401  0.64
0.1501  0.63
0.1601  0.8
0.1701  0.78
0.1801  0.65
0.1901  0.67
0.2001  0.66
0.2101  0.63
0.2201  0.58
0.2301  0.72
0.2401  0.79
0.2501  0.61
0.2601  0.72
0.2701  0.63
0.2801  0.57
0.2901  0.68
0.3001  0.57
0.3101  0.58
0.3201  0.72
0.3301  0.76
0.3401  0.6
0.3501  0.74
0.3601  0.63
0.3701  0.63
0.3801  0.66
0.3901  0.67
0.4001  0.54
0.4101  0.54
0.4201  0.56
0.4301  0.51
0.4401  0.49
0.4501  0.65
0.4601  0.55
0.4701  0.53
0.4801  0.8
0.4901  0.5
0.5001  0.59
0.5101  0.61
0.5201  0.53
0.5301  0.57
0.5401  0.59
0.5501  0.53
0.5601  0.49
0.5701  0.54
0.5801  0.63
0.5901  0.56
0.6001  0.54
0.6101  0.42
0.6201  0.55
0.6301  0.37
0.6401  0.68
0.6501  0.5
0.6601  0.6
0.6701  0.56
0.6801  0.52
0.6901  0.53
0.7001  0.44
0.7101  0.55
0.7201  0.59
0.7301  0.47
0.7401  0.36
0.7501  0.52
0.7601  0.43
0.7701  0.61
0.7801  0.57
0.7901  0.5
0.8001  0.44
0.8101  0.41
0.8201  0.68
0.8301  0.5
0.8401  0.44
0.8501  0.34
0.8601  0.55
0.8701  0.49
0.8801  0.39
0.8901  0.41
0.9001  0.5
0.9101  0.43
0.9201  0.51
0.9301  0.56
0.9401  0.4
0.9501  0.6
0.9601  0.52
0.9701  0.47
0.9801  0.59
0.9901  0.51
1.0001  0.42
1.0101  0.38
1.0201  0.44
1.0301  0.5
1.0401  0.44
1.0501  0.33
1.0601  0.37
1.0701  0.41
1.0801  0.4
1.0901  0.4
1.1001  0.44
1.1101  0.37
1.1201  0.42
1.1301  0.34
1.1401  0.47
1.1501  0.48
1.1601  0.52
1.1701  0.57
1.1801  0.47
1.1901  0.33
1.2001  0.38
1.2101  0.58
1.2201  0.37
1.2301  0.46
1.2401  0.48
1.2501  0.62
1.2601  0.6
1.2701  0.31
1.2801  0.39
1.2901  0.52
1.3001  0.39
1.3101  0.5
1.3201  0.46
1.3301  0.45
1.3401  0.39
1.3501  0.39
1.3601  0.41
1.3701  0.37
1.3801  0.42
1.3901  0.48
1.4001  0.49
1.4101  0.6
1.4201  0.4
1.4301  0.5
1.4401  0.44
1.4501  0.49
1.4601  0.52
1.4701  0.5
1.4801  0.34
1.4901  0.51
1.5001  0.41
1.5101  0.48
1.5201  0.4
1.5301  0.48
1.5401  0.41
1.5501  0.49
1.5601  0.45
1.5701  0.58
1.5801  0.44
1.5901  0.6
1.6001  0.48
1.6101  0.56
1.6201  0.48
1.6301  0.5
1.6401  0.42
1.6501  0.63
1.6601  0.56
1.6701  0.39
1.6801  0.32
1.6901  0.45
1.7001  0.45
1.7101  0.55
1.7201  0.51
1.7301  0.48
1.7401  0.47
1.7501  0.51
1.7601  0.51
1.7701  0.47
1.7801  0.43
1.7901  0.4
1.8001  0.53
1.8101  0.51
1.8201  0.43
1.8301  0.47
1.8401  0.49
1.8501  0.47
1.8601  0.45
1.8701  0.66
1.8801  0.47
1.8901  0.52
1.9001  0.39
1.9101  0.42
1.9201  0.48
1.9301  0.44
1.9401  0.53
1.9501  0.63
1.9601  0.61
1.9701  0.52
1.9801  0.54
1.9901  0.54
2.0001  0.46
2.0101  0.56
2.0201  0.57
2.0301  0.4
2.0401  0.5
2.0501  0.53
2.0601  0.53
2.0701  0.51
2.0801  0.49
2.0901  0.5
2.1001  0.42
2.1101  0.57
2.1201  0.57
2.1301  0.58
2.1401  0.42
2.1501  0.54
2.1601  0.59
2.1701  0.58
2.1801  0.54
2.1901  0.49
2.2001  0.45
2.2101  0.56
2.2201  0.46
2.2301  0.53
2.2401  0.56
2.2501  0.71
2.2601  0.47
2.2701  0.65
2.2801  0.58
2.2901  0.64
2.3001  0.52
2.3101  0.4
2.3201  0.51
2.3301  0.51
2.3401  0.46
2.3501  0.69
2.3601  0.67
2.3701  0.54
2.3801  0.53
2.3901  0.58
2.4001  0.49
2.4101  0.7
2.4201  0.55
2.4301  0.58
2.4401  0.52
2.4501  0.53
2.4601  0.54
2.4701  0.55
2.4801  0.54
2.4901  0.61
2.5001  0.6
2.5101  0.55
2.5201  0.55
2.5301  0.57
2.5401  0.64
2.5501  0.59
2.5601  0.64
2.5701  0.7
2.5801  0.6
2.5901  0.63
2.6001  0.52
2.6101  0.62
2.6201  0.53
2.6301  0.52
2.6401  0.52
2.6501  0.55
2.6601  0.56
2.6701  0.48
2.6801  0.57
2.6901  0.54
2.7001  0.46
2.7101  0.43
2.7201  0.68
2.7301  0.58
2.7401  0.47
2.7501  0.51
2.7601  0.51
2.7701  0.51
2.7801  0.59
2.7901  0.5
2.8001  0.67
2.8101  0.51
2.8201  0.57
2.8301  0.54
2.8401  0.68
2.8501  0.58
2.8601  0.6
2.8701  0.65
2.8801  0.54
2.8901  0.51
2.9001  0.53
2.9101  0.59
2.9201  0.5
2.9301  0.56
2.9401  0.59
2.9501  0.49
2.9601  0.48
2.9701  0.59
2.9801  0.56
2.9901  0.48
3.0001  0.72
3.0101  0.45
3.0201  0.54
3.0301  0.51
3.0401  0.51
3.0501  0.6
3.0601  0.63
3.0701  0.6
3.0801  0.56
3.0901  0.46
3.1001  0.66
3.1101  0.6
3.1201  0.69
3.1301  0.5
3.1401  0.49
3.1501  0.51
3.1601  0.52
3.1701  0.55
3.1801  0.46
3.1901  0.54
3.2001  0.49
3.2101  0.65
3.2201  0.6
3.2301  0.54
3.2401  0.67
3.2501  0.4
3.2601  0.53
3.2701  0.59
3.2801  0.5
3.2901  0.58
3.3001  0.45
3.3101  0.49
3.3201  0.52
3.3301  0.47
3.3401  0.58
3.3501  0.68
3.3601  0.49
3.3701  0.4
3.3801  0.51
3.3901  0.43
3.4001  0.78
3.4101  0.44
3.4201  0.46
3.4301  0.5
3.4401  0.6
3.4501  0.47
3.4601  0.66
3.4701  0.49
3.4801  0.62
3.4901  0.46
3.5001  0.52
3.5101  0.49
3.5201  0.5
3.5301  0.51
3.5401  0.66
3.5501  0.51
3.5601  0.58
3.5701  0.51
3.5801  0.45
3.5901  0.53
3.6001  0.33
3.6101  0.42
3.6201  0.51
3.6301  0.61
3.6401  0.53
3.6501  0.48
3.6601  0.55
3.6701  0.64
3.6801  0.46
3.6901  0.54
3.7001  0.54
3.7101  0.4
3.7201  0.48
3.7301  0.57
3.7401  0.43
3.7501  0.38
3.7601  0.37
3.7701  0.58
3.7801  0.54
3.7901  0.59
3.8001  0.52
3.8101  0.6
3.8201  0.51
3.8301  0.61
3.8401  0.44
3.8501  0.37
3.8601  0.41
3.8701  0.49
3.8801  0.49
3.8901  0.56
3.9001  0.46
3.9101  0.49
3.9201  0.53
3.9301  0.48
3.9401  0.59
3.9501  0.53
3.9601  0.53
3.9701  0.57
3.9801  0.53
3.9901  0.5
4.0001  0.58
4.0101  0.47
4.0201  0.58
4.0301  0.51
4.0401  0.69
4.0501  0.5
4.0601  0.4
4.0701  0.61
4.0801  0.49
4.0901  0.45
4.1001  0.53
4.1101  0.55
4.1201  0.52
4.1301  0.55
4.1401  0.49
4.1501  0.56
4.1601  0.56
4.1701  0.54
4.1801  0.52
4.1901  0.48
4.2001  0.49
4.2101  0.56
4.2201  0.54
4.2301  0.57
4.2401  0.57
4.2501  0.53
4.2601  0.59
4.2701  0.38
4.2801  0.47
4.2901  0.44
4.3001  0.5
4.3101  0.58
4.3201  0.47
4.3301  0.41
4.3401  0.58
4.3501  0.6
4.3601  0.53
4.3701  0.45
4.3801  0.52
4.3901  0.44
4.4001  0.45
4.4101  0.49
4.4201  0.65
4.4301  0.51
4.4401  0.57
4.4501  0.63
4.4601  0.43
4.4701  0.44
4.4801  0.67
4.4901  0.36
4.5001  0.65
4.5101  0.5
4.5201  0.51
4.5301  0.5
4.5401  0.64
4.5501  0.53
4.5601  0.64
4.5701  0.41
4.5801  0.55
4.5901  0.53
4.6001  0.48
4.6101  0.56
4.6201  0.57
4.6301  0.45
4.6401  0.47
4.6501  0.59
4.6601  0.49
4.6701  0.62
4.6801  0.48
4.6901  0.5
4.7001  0.63
4.7101  0.56
4.7201  0.48
4.7301  0.6
4.7401  0.57
4.7501  0.39
4.7601  0.56
4.7701  0.5
4.7801  0.56
4.7901  0.6
4.8001  0.53
4.8101  0.54
4.8201  0.58
4.8301  0.48
4.8401  0.57
4.8501  0.51
4.8601  0.57
4.8701  0.58
4.8801  0.5
4.8901  0.52
4.9001  0.51
4.9101  0.49
4.9201  0.65
4.9301  0.57
4.9401  0.51
4.9501  0.47
4.9601  0.57
4.9701  0.64
4.9801  0.53
4.9901  0.54
5.0001  0.52
5.0101  0.48
5.0201  0.52
5.0301  0.48
5.0401  0.58
5.0501  0.62
5.0601  0.52
5.0701  0.63
5.0801  0.48
5.0901  0.52
5.1001  0.47
5.1101  0.55
5.1201  0.62
5.1301  0.56
5.1401  0.57
5.1501  0.45
5.1601  0.57
5.1701  0.47
5.1801  0.64
5.1901  0.66
5.2001  0.53
5.2101  0.62
5.2201  0.49
5.2301  0.43
5.2401  0.59
5.2501  0.61
5.2601  0.5
5.2701  0.44
5.2801  0.4
5.2901  0.51
5.3001  0.5
5.3101  0.63
5.3201  0.45
5.3301  0.57
5.3401  0.6
5.3501  0.52
5.3601  0.44
5.3701  0.65
5.3801  0.48
5.3901  0.53
5.4001  0.51
5.4101  0.51
5.4201  0.59
5.4301  0.43
5.4401  0.61
5.4501  0.57
5.4601  0.64
5.4701  0.67
5.4801  0.58
5.4901  0.5
5.5001  0.51
5.5101  0.58
5.5201  0.56
5.5301  0.53
5.5401  0.51
5.5501  0.52
5.5601  0.62
5.5701  0.5
5.5801  0.46
5.5901  0.47
5.6001  0.49
5.6101  0.61
5.6201  0.64
5.6301  0.5
5.6401  0.56
5.6501  0.43
5.6601  0.52
5.6701  0.59
5.6801  0.53
5.6901  0.43
5.7001  0.52
5.7101  0.55
5.7201  0.62
5.7301  0.42
5.7401  0.54
5.7501  0.46
5.7601  0.53
5.7701  0.59
5.7801  0.48
5.7901  0.45
5.8001  0.53
5.8101  0.65
5.8201  0.61
5.8301  0.4
5.8401  0.58
5.8501  0.4
5.8601  0.51
5.8701  0.48
5.8801  0.48
5.8901  0.45
5.9001  0.49
5.9101  0.55
5.9201  0.46
5.9301  0.6
5.9401  0.49
5.9501  0.45
5.9601  0.49
5.9701  0.49
5.9801  0.42
5.9901  0.57
6.0001  0.58
6.0101  0.51
6.0201  0.63
6.0301  0.52
6.0401  0.47
6.0501  0.56
6.0601  0.53
6.0701  0.61
6.0801  0.55
6.0901  0.59
6.1001  0.55
6.1101  0.44
6.1201  0.61
6.1301  0.53
6.1401  0.54
6.1501  0.66
6.1601  0.49
6.1701  0.5
6.1801  0.5
6.1901  0.55
6.2001  0.57
6.2101  0.49
6.2201  0.41
6.2301  0.57
6.2401  0.43
6.2501  0.66
6.2601  0.51
6.2701  0.43
6.2801  0.5
6.2901  0.68
6.3001  0.53
6.3101  0.47
6.3201  0.47
6.3301  0.57
6.3401  0.59
6.3501  0.47
6.3601  0.39
6.3701  0.54
6.3801  0.46
6.3901  0.42
6.4001  0.58
6.4101  0.53
6.4201  0.62
6.4301  0.54
6.4401  0.47
6.4501  0.6
6.4601  0.55
6.4701  0.39
6.4801  0.4
6.4901  0.57
6.5001  0.59
6.5101  0.7
6.5201  0.47
6.5301  0.5
6.5401  0.5
6.5501  0.37
6.5601  0.55
6.5701  0.54
6.5801  0.66
6.5901  0.5
6.6001  0.59
6.6101  0.47
6.6201  0.57
6.6301  0.44
6.6401  0.55
6.6501  0.46
6.6601  0.57
6.6701  0.57
6.6801  0.58
6.6901  0.46
6.7001  0.71
6.7101  0.53
6.7201  0.47
6.7301  0.57
6.7401  0.5
6.7501  0.5
6.7601  0.51
6.7701  0.56
6.7801  0.46
6.7901  0.43
6.8001  0.63
6.8101  0.53
6.8201  0.51
6.8301  0.57
6.8401  0.59
6.8501  0.36
6.8601  0.41
6.8701  0.45
6.8801  0.57
6.8901  0.64
6.9001  0.62
6.9101  0.47
6.9201  0.58
6.9301  0.51
6.9401  0.48
6.9501  0.57
6.9601  0.5
6.9701  0.57
6.9801  0.42
6.9901  0.56
7.0001  0.5
7.0101  0.63
7.0201  0.58
7.0301  0.5
7.0401  0.37
7.0501  0.65
7.0601  0.57
7.0701  0.58
7.0801  0.42
7.0901  0.45
7.1001  0.59
7.1101  0.56
7.1201  0.46
7.1301  0.54
7.1401  0.52
7.1501  0.51
7.1601  0.41
7.1701  0.61
7.1801  0.61
7.1901  0.67
7.2001  0.63
7.2101  0.56
7.2201  0.64
7.2301  0.54
7.2401  0.45
7.2501  0.46
7.2601  0.44
7.2701  0.45
7.2801  0.51
7.2901  0.41
7.3001  0.6
7.3101  0.45
7.3201  0.57
7.3301  0.46
7.3401  0.55
7.3501  0.47
7.3601  0.5
7.3701  0.55
7.3801  0.6
7.3901  0.37
7.4001  0.6
7.4101  0.6
7.4201  0.54
7.4301  0.55
7.4401  0.53
7.4501  0.54
7.4601  0.7
7.4701  0.55
7.4801  0.46
7.4901  0.53
7.5001  0.59
7.5101  0.49
7.5201  0.64
7.5301  0.48
7.5401  0.61
7.5501  0.46
7.5601  0.54
7.5701  0.51
7.5801  0.58
7.5901  0.53
7.6001  0.64
7.6101  0.6
7.6201  0.57
7.6301  0.45
7.6401  0.53
7.6501  0.52
7.6601  0.49
7.6701  0.53
7.6801  0.58
7.6901  0.5
7.7001  0.69
7.7101  0.49
7.7201  0.48
7.7301  0.63
7.7401  0.53
7.7501  0.54
7.7601  0.54
7.7701  0.45
7.7801  0.57
7.7901  0.5
7.8001  0.48
7.8101  0.58
7.8201  0.54
7.8301  0.55
7.8401  0.57
7.8501  0.55
7.8601  0.52
7.8701  0.52
7.8801  0.56
7.8901  0.57
7.9001  0.52
7.9101  0.53
7.9201  0.52
7.9301  0.63
7.9401  0.53
7.9501  0.49
7.9601  0.6
7.9701  0.41
7.9801  0.47
7.9901  0.6
8.0001  0.67
8.0101  0.51
8.0201  0.55
8.0301  0.52
8.0401  0.49
8.0501  0.56
8.0601  0.49
8.0701  0.52
8.0801  0.35
8.0901  0.56
8.1001  0.61
8.1101  0.45
8.1201  0.61
8.1301  0.58
8.1401  0.59
8.1501  0.59
8.1601  0.53
8.1701  0.53
8.1801  0.49
8.1901  0.57
8.2001  0.51
8.2101  0.45
8.2201  0.59
8.2301  0.51
8.2401  0.44
8.2501  0.71
8.2601  0.57
8.2701  0.6
8.2801  0.6
8.2901  0.59
8.3001  0.56
8.3101  0.47
8.3201  0.57
8.3301  0.55
8.3401  0.64
8.3501  0.53
8.3601  0.49
8.3701  0.56
8.3801  0.5
8.3901  0.51
8.4001  0.45
8.4101  0.41
8.4201  0.47
8.4301  0.53
8.4401  0.6
8.4501  0.48
8.4601  0.54
8.4701  0.42
8.4801  0.49
8.4901  0.52
8.5001  0.45
8.5101  0.43
8.5201  0.43
8.5301  0.57
8.5401  0.61
8.5501  0.38
8.5601  0.6
8.5701  0.46
8.5801  0.51
8.5901  0.53
8.6001  0.65
8.6101  0.51
8.6201  0.45
8.6301  0.59
8.6401  0.5
8.6501  0.48
8.6601  0.47
8.6701  0.61
8.6801  0.71
8.6901  0.4
8.7001  0.48
8.7101  0.56
8.7201  0.51
8.7301  0.5
8.7401  0.61
8.7501  0.43
8.7601  0.51
8.7701  0.51
8.7801  0.44
8.7901  0.44
8.8001  0.49
8.8101  0.5
8.8201  0.45
8.8301  0.69
8.8401  0.51
8.8501  0.49
8.8601  0.43
8.8701  0.59
8.8801  0.57
8.8901  0.67
8.9001  0.5
8.9101  0.51
8.9201  0.49
8.9301  0.59
8.9401  0.49
8.9501  0.54
8.9601  0.52
8.9701  0.39
8.9801  0.6
8.9901  0.56
9.0001  0.51
9.0101  0.59
9.0201  0.48
9.0301  0.55
9.0401  0.39
9.0501  0.42
9.0601  0.51
9.0701  0.63
9.0801  0.5
9.0901  0.42
9.1001  0.55
9.1101  0.59
9.1201  0.65
9.1301  0.51
9.1401  0.67
9.1501  0.51
9.1601  0.47
9.1701  0.58
9.1801  0.66
9.1901  0.45
9.2001  0.49
9.2101  0.62
9.2201  0.5
9.2301  0.48
9.2401  0.57
9.2501  0.47
9.2601  0.65
9.2701  0.42
9.2801  0.65
9.2901  0.64
9.3001  0.54
9.3101  0.66
9.3201  0.54
9.3301  0.46
9.3401  0.55
9.3501  0.53
9.3601  0.5
9.3701  0.53
9.3801  0.37
9.3901  0.53
9.4001  0.62
9.4101  0.51
9.4201  0.39
9.4301  0.44
9.4401  0.53
9.4501  0.51
9.4601  0.51
9.4701  0.48
9.4801  0.44
9.4901  0.44
9.5001  0.49
9.5101  0.46
9.5201  0.46
9.5301  0.37
9.5401  0.56
9.5501  0.71
9.5601  0.54
9.5701  0.53
9.5801  0.53
9.5901  0.67
9.6001  0.42
9.6101  0.52
9.6201  0.45
9.6301  0.42
9.6401  0.57
9.6501  0.54
9.6601  0.5
9.6701  0.61
9.6801  0.46
9.6901  0.57
9.7001  0.52
9.7101  0.48
9.7201  0.52
9.7301  0.49
9.7401  0.42
9.7501  0.57
9.7601  0.46
9.7701  0.57
9.7801  0.52
9.7901  0.47
9.8001  0.67
9.8101  0.54
9.8201  0.37
9.8301  0.69
9.8401  0.4
9.8501  0.67
9.8601  0.63
9.8701  0.49
9.8801  0.55
9.8901  0.63
9.9001  0.5
9.9101  0.55
9.9201  0.58
9.9301  0.62
9.9401  0.49
9.9501  0.7
9.9601  0.57
9.9701  0.58
9.9801  0.65
9.9901  0.55
10.0001  0.54
10.0101  0.48
10.0201  0.49
10.0301  0.54
10.0401  0.51
10.0501  0.39
10.0601  0.47
10.0701  0.49
10.0801  0.52
10.0901  0.66
10.1001  0.57
10.1101  0.47
10.1201  0.56
10.1301  0.43
10.1401  0.54
10.1501  0.51
10.1601  0.48
10.1701  0.45
10.1801  0.53
10.1901  0.47
10.2001  0.63
10.2101  0.47
10.2201  0.58
10.2301  0.53
10.2401  0.56
10.2501  0.53
10.2601  0.56
10.2701  0.54
10.2801  0.46
10.2901  0.54
10.3001  0.55
10.3101  0.58
10.3201  0.59
10.3301  0.45
10.3401  0.5
10.3501  0.6
10.3601  0.46
10.3701  0.47
10.3801  0.64
10.3901  0.57
10.4001  0.52
10.4101  0.53
10.4201  0.61
10.4301  0.46
10.4401  0.5
10.4501  0.48
10.4601  0.57
10.4701  0.47
10.4801  0.57
10.4901  0.47
10.5001  0.55
10.5101  0.52
10.5201  0.48
10.5301  0.56
10.5401  0.54
10.5501  0.49
10.5601  0.48
10.5701  0.48
10.5801  0.64
10.5901  0.35
10.6001  0.58
10.6101  0.7
10.6201  0.56
10.6301  0.5
10.6401  0.56
10.6501  0.63
10.6601  0.61
10.6701  0.44
10.6801  0.57
10.6901  0.56
10.7001  0.66
10.7101  0.53
10.7201  0.41
10.7301  0.41
10.7401  0.46
10.7501  0.56
10.7601  0.65
10.7701  0.38
10.7801  0.49
10.7901  0.53
10.8001  0.55
10.8101  0.42
10.8201  0.53
10.8301  0.53
10.8401  0.5
10.8501  0.57
10.8601  0.6
10.8701  0.61
10.8801  0.46
10.8901  0.47
10.9001  0.55
10.9101  0.64
10.9201  0.48
10.9301  0.58
10.9401  0.53
10.9501  0.41
10.9601  0.48
10.9701  0.45
10.9801  0.61
10.9901  0.59
11.0001  0.48
11.0101  0.54
11.0201  0.49
11.0301  0.7
11.0401  0.6
11.0501  0.54
11.0601  0.5
11.0701  0.51
11.0801  0.6
11.0901  0.52
11.1001  0.36
11.1101  0.42
11.1201  0.56
11.1301  0.66
11.1401  0.61
11.1501  0.59
11.1601  0.56
11.1701  0.44
11.1801  0.56
11.1901  0.53
11.2001  0.39
11.2101  0.7
11.2201  0.48
11.2301  0.61
11.2401  0.41
11.2501  0.38
11.2601  0.62
11.2701  0.65
11.2801  0.46
11.2901  0.39
11.3001  0.6
11.3101  0.45
11.3201  0.57
11.3301  0.67
11.3401  0.47
11.3501  0.51
11.3601  0.59
11.3701  0.59
11.3801  0.47
11.3901  0.65
11.4001  0.51
11.4101  0.59
11.4201  0.6
11.4301  0.53
11.4401  0.48
11.4501  0.55
11.4601  0.43
11.4701  0.54
11.4801  0.44
11.4901  0.48
11.5001  0.62
11.5101  0.56
11.5201  0.41
11.5301  0.46
11.5401  0.51
11.5501  0.56
11.5601  0.46
11.5701  0.51
11.5801  0.48
11.5901  0.59
11.6001  0.56
11.6101  0.47
11.6201  0.44
11.6301  0.65
11.6401  0.46
11.6501  0.54
11.6601  0.53
11.6701  0.63
11.6801  0.49
11.6901  0.58
11.7001  0.58
11.7101  0.56
11.7201  0.57
11.7301  0.45
11.7401  0.48
11.7501  0.67
11.7601  0.56
11.7701  0.49
11.7801  0.52
11.7901  0.59
11.8001  0.44
11.8101  0.49
11.8201  0.45
11.8301  0.54
11.8401  0.55
11.8501  0.46
11.8601  0.54
11.8701  0.5
11.8801  0.5
11.8901  0.54
11.9001  0.57
11.9101  0.62
11.9201  0.73
11.9301  0.51
11.9401  0.57
11.9501  0.45
11.9601  0.4
11.9701  0.49
11.9801  0.56
11.9901  0.46
12.0001  0.56
12.0101  0.5
12.0201  0.52
12.0301  0.47
12.0401  0.43
12.0501  0.54
12.0601  0.53
12.0701  0.39
12.0801  0.57
12.0901  0.6
12.1001  0.52
12.1101  0.49
12.1201  0.52
12.1301  0.54
12.1401  0.42
12.1501  0.51
12.1601  0.69
12.1701  0.7
12.1801  0.49
12.1901  0.49
12.2001  0.46
12.2101  0.51
12.2201  0.47
12.2301  0.54
12.2401  0.56
12.2501  0.52
12.2601  0.41
12.2701  0.57
12.2801  0.44
12.2901  0.47
12.3001  0.42
12.3101  0.53
12.3201  0.51
12.3301  0.42
12.3401  0.49
12.3501  0.43
12.3601  0.49
12.3701  0.58
12.3801  0.46
12.3901  0.61
12.4001  0.62
12.4101  0.51
12.4201  0.52
12.4301  0.56
12.4401  0.6
12.4501  0.52
12.4601  0.42
12.4701  0.44
12.4801  0.49
12.4901  0.64
12.5001  0.55
12.5101  0.51
12.5201  0.56
12.5301  0.46
12.5401  0.5
12.5501  0.71
12.5601  0.48
12.5701  0.58
12.5801  0.54
12.5901  0.44
12.6001  0.45
12.6101  0.53
12.6201  0.57
12.6301  0.49
12.6401  0.66
12.6501  0.55
12.6601  0.51
12.6701  0.59
12.6801  0.45
12.6901  0.5
12.7001  0.58
12.7101  0.57
12.7201  0.48
12.7301  0.38
12.7401  0.5
12.7501  0.66
12.7601  0.5
12.7701  0.58
12.7801  0.52
12.7901  0.47
12.8001  0.59
12.8101  0.56
12.8201  0.55
12.8301  0.45
12.8401  0.59
12.8501  0.56
12.8601  0.58
12.8701  0.57
12.8801  0.54
12.8901  0.44
12.9001  0.71
12.9101  0.52
12.9201  0.66
12.9301  0.49
12.9401  0.53
12.9501  0.56
12.9601  0.6
12.9701  0.63
12.9801  0.63
12.9901  0.59
13.0001  0.53
13.0101  0.62
13.0201  0.52
13.0301  0.46
13.0401  0.36
13.0501  0.52
13.0601  0.61
13.0701  0.48
13.0801  0.61
13.0901  0.52
13.1001  0.49
13.1101  0.48
13.1201  0.52
13.1301  0.44
13.1401  0.54
13.1501  0.37
13.1601  0.52
13.1701  0.58
13.1801  0.57
13.1901  0.61
13.2001  0.45
13.2101  0.37
13.2201  0.5
13.2301  0.55
13.2401  0.55
13.2501  0.54
13.2601  0.56
13.2701  0.68
13.2801  0.49
13.2901  0.58
13.3001  0.58
13.3101  0.54
13.3201  0.6
13.3301  0.44
13.3401  0.45
13.3501  0.54
13.3601  0.48
13.3701  0.57
13.3801  0.47
13.3901  0.51
13.4001  0.51
13.4101  0.61
13.4201  0.51
13.4301  0.6
13.4401  0.63
13.4501  0.57
13.4601  0.61
13.4701  0.43
13.4801  0.42
13.4901  0.54
13.5001  0.53
13.5101  0.55
13.5201  0.57
13.5301  0.57
13.5401  0.43
13.5501  0.49
13.5601  0.36
13.5701  0.58
13.5801  0.6
13.5901  0.56
13.6001  0.55
13.6101  0.53
13.6201  0.55
13.6301  0.64
13.6401  0.55
13.6501  0.58
13.6601  0.58
13.6701  0.62
13.6801  0.57
13.6901  0.53
13.7001  0.58
13.7101  0.41
13.7201  0.44
13.7301  0.45
13.7401  0.61
13.7501  0.45
13.7601  0.51
13.7701  0.44
13.7801  0.49
13.7901  0.49
13.8001  0.64
13.8101  0.46
13.8201  0.64
13.8301  0.58
13.8401  0.6
13.8501  0.48
13.8601  0.58
13.8701  0.54
13.8801  0.53
13.8901  0.59
13.9001  0.46
13.9101  0.47
13.9201  0.53
13.9301  0.52
13.9401  0.54
13.9501  0.58
13.9601  0.44
13.9701  0.65
13.9801  0.67
13.9901  0.47
14.0001  0.56
14.0101  0.56
14.0201  0.49
14.0301  0.52
14.0401  0.54
14.0501  0.58
14.0601  0.55
14.0701  0.45
14.0801  0.39
14.0901  0.53
14.1001  0.69
14.1101  0.49
14.1201  0.54
14.1301  0.51
14.1401  0.48
14.1501  0.63
14.1601  0.62
14.1701  0.46
14.1801  0.55
14.1901  0.55
14.2001  0.48
14.2101  0.64
14.2201  0.46
14.2301  0.58
14.2401  0.47
14.2501  0.47
14.2601  0.53
14.2701  0.32
14.2801  0.52
14.2901  0.48
14.3001  0.56
14.3101  0.57
14.3201  0.48
14.3301  0.47
14.3401  0.64
14.3501  0.57
14.3601  0.5
14.3701  0.61
14.3801  0.55
14.3901  0.54
14.4001  0.52
14.4101  0.58
14.4201  0.56
14.4301  0.54
14.4401  0.52
14.4501  0.52
14.4601  0.52
14.4701  0.56
14.4801  0.47
14.4901  0.59
14.5001  0.46
14.5101  0.53
14.5201  0.6
14.5301  0.48
14.5401  0.49
14.5501  0.56
14.5601  0.44
14.5701  0.53
14.5801  0.56
14.5901  0.42
14.6001  0.55
14.6101  0.51
14.6201  0.48
14.6301  0.5
14.6401  0.43
14.6501  0.55
14.6601  0.43
14.6701  0.53
14.6801  0.56
14.6901  0.53
14.7001  0.54
14.7101  0.54
14.7201  0.46
14.7301  0.53
14.7401  0.44
14.7501  0.59
14.7601  0.48
14.7701  0.55
14.7801  0.49
14.7901  0.51
14.8001  0.57
14.8101  0.44
14.8201  0.59
14.8301  0.64
14.8401  0.51
14.8501  0.56
14.8601  0.42
14.8701  0.46
14.8801  0.59
14.8901  0.55
14.9001  0.61
14.9101  0.53
14.9201  0.48
14.9301  0.5
14.9401  0.6
14.9501  0.48
14.9601  0.56
14.9701  0.4
14.9801  0.51
14.9901  0.56
15.0001  0.39
15.0101  0.56
15.0201  0.5
15.0301  0.76
15.0401  0.5
15.0501  0.51
15.0601  0.6
15.0701  0.54
15.0801  0.49
15.0901  0.56
15.1001  0.47
15.1101  0.51
15.1201  0.44
15.1301  0.46
15.1401  0.49
15.1501  0.61
15.1601  0.46
15.1701  0.6
15.1801  0.6
15.1901  0.56
15.2001  0.56
15.2101  0.39
15.2201  0.47
15.2301  0.64
15.2401  0.44
15.2501  0.56
15.2601  0.54
15.2701  0.62
15.2801  0.52
15.2901  0.41
15.3001  0.49
15.3101  0.46
15.3201  0.54
15.3301  0.59
15.3401  0.53
15.3501  0.67
15.3601  0.47
15.3701  0.56
15.3801  0.57
15.3901  0.64
15.4001  0.43
15.4101  0.52
15.4201  0.62
15.4301  0.64
15.4401  0.43
15.4501  0.52
15.4601  0.66
15.4701  0.45
15.4801  0.56
15.4901  0.48
15.5001  0.4
15.5101  0.58
15.5201  0.41
15.5301  0.61
15.5401  0.5
15.5501  0.61
15.5601  0.55
15.5701  0.58
15.5801  0.58
15.5901  0.42
15.6001  0.48
15.6101  0.6
15.6201  0.52
15.6301  0.56
15.6401  0.55
15.6501  0.67
15.6601  0.53
15.6701  0.56
15.6801  0.61
15.6901  0.5
15.7001  0.37
15.7101  0.45
15.7201  0.49
15.7301  0.57
15.7401  0.52
15.7501  0.42
15.7601  0.6
15.7701  0.61
15.7801  0.56
15.7901  0.6
15.8001  0.48
15.8101  0.35
15.8201  0.63
15.8301  0.53
15.8401  0.57
15.8501  0.5
15.8601  0.55
15.8701  0.61
15.8801  0.53
15.8901  0.64
15.9001  0.56
15.9101  0.5
15.9201  0.62
15.9301  0.53
15.9401  0.59
15.9501  0.48
15.9601  0.43
15.9701  0.49
15.9801  0.47
15.9901  0.42
16.0001  0.64
16.0101  0.5
16.0201  0.52
16.0301  0.56
16.0401  0.48
16.0501  0.44
16.0601  0.49
16.0701  0.61
16.0801  0.5
16.0901  0.58
16.1001  0.53
16.1101  0.49
16.1201  0.56
16.1301  0.53
16.1401  0.38
16.1501  0.39
16.1601  0.67
16.1701  0.58
16.1801  0.64
16.1901  0.52
16.2001  0.61
16.2101  0.5
16.2201  0.65
16.2301  0.5
16.2401  0.57
16.2501  0.56
16.2601  0.51
16.2701  0.56
16.2801  0.62
16.2901  0.56
16.3001  0.56
16.3101  0.57
16.3201  0.53
16.3301  0.6
16.3401  0.61
16.3501  0.36
16.3601  0.49
16.3701  0.44
16.3801  0.61
16.3901  0.53
16.4001  0.43
16.4101  0.57
16.4201  0.64
16.4301  0.51
16.4401  0.61
16.4501  0.48
16.4601  0.58
16.4701  0.49
16.4801  0.45
16.4901  0.48
16.5001  0.64
16.5101  0.56
16.5201  0.52
16.5301  0.43
16.5401  0.46
16.5501  0.46
16.5601  0.58
16.5701  0.51
16.5801  0.51
16.5901  0.68
16.6001  0.44
16.6101  0.51
16.6201  0.48
16.6301  0.52
16.6401  0.51
16.6501  0.54
16.6601  0.45
16.6701  0.49
16.6801  0.48
16.6901  0.57
16.7001  0.46
16.7101  0.47
16.7201  0.62
16.7301  0.59
16.7401  0.65
16.7501  0.55
16.7601  0.41
16.7701  0.59
16.7801  0.63
16.7901  0.43
16.8001  0.48
16.8101  0.54
16.8201  0.46
16.8301  0.53
16.8401  0.58
16.8501  0.48
16.8601  0.45
16.8701  0.59
16.8801  0.62
16.8901  0.56
16.9001  0.48
16.9101  0.61
16.9201  0.42
16.9301  0.58
16.9401  0.52
16.9501  0.58
16.9601  0.42
16.9701  0.39
16.9801  0.55
16.9901  0.6
17.0001  0.54
17.0101  0.58
17.0201  0.45
17.0301  0.51
17.0401  0.52
17.0501  0.52
17.0601  0.46
17.0701  0.56
17.0801  0.5
17.0901  0.69
17.1001  0.51
17.1101  0.52
17.1201  0.56
17.1301  0.51
17.1401  0.6
17.1501  0.52
17.1601  0.46
17.1701  0.39
17.1801  0.54
17.1901  0.55
17.2001  0.44
17.2101  0.51
17.2201  0.62
17.2301  0.51
17.2401  0.53
17.2501  0.63
17.2601  0.57
17.2701  0.48
17.2801  0.38
17.2901  0.38
17.3001  0.43
17.3101  0.62
17.3201  0.55
17.3301  0.47
17.3401  0.44
17.3501  0.59
17.3601  0.61
17.3701  0.51
17.3801  0.48
17.3901  0.61
17.4001  0.49
17.4101  0.51
17.4201  0.57
17.4301  0.54
17.4401  0.37
17.4501  0.48
17.4601  0.48
17.4701  0.48
17.4801  0.61
17.4901  0.53
17.5001  0.43
17.5101  0.55
17.5201  0.43
17.5301  0.47
17.5401  0.56
17.5501  0.64
17.5601  0.46
17.5701  0.57
17.5801  0.55
17.5901  0.46
17.6001  0.47
17.6101  0.66
17.6201  0.5
17.6301  0.58
17.6401  0.57
17.6501  0.46
17.6601  0.58
17.6701  0.56
17.6801  0.65
17.6901  0.49
17.7001  0.53
17.7101  0.49
17.7201  0.71
17.7301  0.64
17.7401  0.59
17.7501  0.5
17.7601  0.48
17.7701  0.53
17.7801  0.45
17.7901  0.56
17.8001  0.67
17.8101  0.5
17.8201  0.35
17.8301  0.41
17.8401  0.55
17.8501  0.59
17.8601  0.48
17.8701  0.62
17.8801  0.56
17.8901  0.55
17.9001  0.48
17.9101  0.43
17.9201  0.55
17.9301  0.51
17.9401  0.59
17.9501  0.59
17.9601  0.44
17.9701  0.62
17.9801  0.52
17.9901  0.5
18.0001  0.47
18.0101  0.54
18.0201  0.56
18.0301  0.65
18.0401  0.52
18.0501  0.54
18.0601  0.51
18.0701  0.63
18.0801  0.56
18.0901  0.51
18.1001  0.44
18.1101  0.55
18.1201  0.67
18.1301  0.48
18.1401  0.46
18.1501  0.45
18.1601  0.46
18.1701  0.51
18.1801  0.47
18.1901  0.64
18.2001  0.62
18.2101  0.51
18.2201  0.52
18.2301  0.59
18.2401  0.55
18.2501  0.53
18.2601  0.53
18.2701  0.56
18.2801  0.39
18.2901  0.5
18.3001  0.61
18.3101  0.56
18.3201  0.59
18.3301  0.58
18.3401  0.38
18.3501  0.72
18.3601  0.41
18.3701  0.56
18.3801  0.63
18.3901  0.43
18.4001  0.4
18.4101  0.53
18.4201  0.55
18.4301  0.48
18.4401  0.55
18.4501  0.49
18.4601  0.67
18.4701  0.54
18.4801  0.59
18.4901  0.4
18.5001  0.66
18.5101  0.45
18.5201  0.53
18.5301  0.57
18.5401  0.56
18.5501  0.43
18.5601  0.69
18.5701  0.45
18.5801  0.71
18.5901  0.63
18.6001  0.54
18.6101  0.62
18.6201  0.5
18.6301  0.44
18.6401  0.68
18.6501  0.63
18.6601  0.52
18.6701  0.5
18.6801  0.38
18.6901  0.47
18.7001  0.44
18.7101  0.37
18.7201  0.56
18.7301  0.52
18.7401  0.47
18.7501  0.49
18.7601  0.52
18.7701  0.46
18.7801  0.47
18.7901  0.5
18.8001  0.6
18.8101  0.49
18.8201  0.48
18.8301  0.44
18.8401  0.57
18.8501  0.56
18.8601  0.54
18.8701  0.5
18.8801  0.46
18.8901  0.5
18.9001  0.53
18.9101  0.49
18.9201  0.59
18.9301  0.46
18.9401  0.56
18.9501  0.52
18.9601  0.58
18.9701  0.6
18.9801  0.5
18.9901  0.51
19.0001  0.54
19.0101  0.58
19.0201  0.49
19.0301  0.63
19.0401  0.56
19.0501  0.41
19.0601  0.54
19.0701  0.57
19.0801  0.46
19.0901  0.51
19.1001  0.44
19.1101  0.54
19.1201  0.47
19.1301  0.51
19.1401  0.5
19.1501  0.54
19.1601  0.48
19.1701  0.55
19.1801  0.6
19.1901  0.46
19.2001  0.64
19.2101  0.51
19.2201  0.43
19.2301  0.52
19.2401  0.48
19.2501  0.6
19.2601  0.57
19.2701  0.54
19.2801  0.56
19.2901  0.58
19.3001  0.6
19.3101  0.56
19.3201  0.57
19.3301  0.66
19.3401  0.58
19.3501  0.5
19.3601  0.42
19.3701  0.57
19.3801  0.45
19.3901  0.72
19.4001  0.46
19.4101  0.42
19.4201  0.54
19.4301  0.49
19.4401  0.52
19.4501  0.59
19.4601  0.47
19.4701  0.59
19.4801  0.53
19.4901  0.53
19.5001  0.36
19.5101  0.62
19.5201  0.49
19.5301  0.49
19.5401  0.46
19.5501  0.58
19.5601  0.47
19.5701  0.52
19.5801  0.54
19.5901  0.72
19.6001  0.4
19.6101  0.5
19.6201  0.56
19.6301  0.33
19.6401  0.62
19.6501  0.48
19.6601  0.56
19.6701  0.53
19.6801  0.52
19.6901  0.52
19.7001  0.29
19.7101  0.44
19.7201  0.75
19.7301  0.54
19.7401  0.48
19.7501  0.54
19.7601  0.56
19.7701  0.43
19.7801  0.48
19.7901  0.63
19.8001  0.47
19.8101  0.42
19.8201  0.56
19.8301  0.66
19.8401  0.7
19.8501  0.63
19.8601  0.61
19.8701  0.6
19.8801  0.47
19.8901  0.6
19.9001  0.58
19.9101  0.53
19.9201  0.49
19.9301  0.5
19.9401  0.65
19.9501  0.61
19.9601  0.58
19.9701  0.59
19.9801  0.45
19.9901  0.48
20.0001  0.46
20.0101  0.51
20.0201  0.66
20.0301  0.51
20.0401  0.59
20.0501  0.56
20.0601  0.53
20.0701  0.46
20.0801  0.58
20.0901  0.53
20.1001  0.51
20.1101  0.53
20.1201  0.5
20.1301  0.48
20.1401  0.54
20.1501  0.39
20.1601  0.61
20.1701  0.54
20.1801  0.55
20.1901  0.57
20.2001  0.48
20.2101  0.54
20.2201  0.5
20.2301  0.43
20.2401  0.44
20.2501  0.54
20.2601  0.52
20.2701  0.5
20.2801  0.55
20.2901  0.44
20.3001  0.47
20.3101  0.53
20.3201  0.52
20.3301  0.53
20.3401  0.6
20.3501  0.49
20.3601  0.48
20.3701  0.58
20.3801  0.58
20.3901  0.37
20.4001  0.71
20.4101  0.46
20.4201  0.5
20.4301  0.54
20.4401  0.49
20.4501  0.54
20.4601  0.43
20.4701  0.56
20.4801  0.54
20.4901  0.51
20.5001  0.5
20.5101  0.5
20.5201  0.61
20.5301  0.46
20.5401  0.52
20.5501  0.55
20.5601  0.52
20.5701  0.52
20.5801  0.64
20.5901  0.58
20.6001  0.52
20.6101  0.53
20.6201  0.57
20.6301  0.48
20.6401  0.69
20.6501  0.46
20.6601  0.58
20.6701  0.55
20.6801  0.46
20.6901  0.41
20.7001  0.53
20.7101  0.42
20.7201  0.5
20.7301  0.54
20.7401  0.5
20.7501  0.51
20.7601  0.48
20.7701  0.54
20.7801  0.61
20.7901  0.54
20.8001  0.48
20.8101  0.58
20.8201  0.55
20.8301  0.57
20.8401  0.73
20.8501  0.56
20.8601  0.49
20.8701  0.63
20.8801  0.42
20.8901  0.41
20.9001  0.53
20.9101  0.52
20.9201  0.46
20.9301  0.52
20.9401  0.6
20.9501  0.38
20.9601  0.55
20.9701  0.45
20.9801  0.56
20.9901  0.66
21.0001  0.53
21.0101  0.43
21.0201  0.61
21.0301  0.48
21.0401  0.54
21.0501  0.56
21.0601  0.47
21.0701  0.54
21.0801  0.55
21.0901  0.56
21.1001  0.45
21.1101  0.57
21.1201  0.48
21.1301  0.67
21.1401  0.48
21.1501  0.44
21.1601  0.65
21.1701  0.6
21.1801  0.45
21.1901  0.49
21.2001  0.49
21.2101  0.4
21.2201  0.64
21.2301  0.54
21.2401  0.53
21.2501  0.56
21.2601  0.54
21.2701  0.54
21.2801  0.54
21.2901  0.5
21.3001  0.7
21.3101  0.47
21.3201  0.49
21.3301  0.4
21.3401  0.49
21.3501  0.61
21.3601  0.54
21.3701  0.44
21.3801  0.46
21.3901  0.58
21.4001  0.46
21.4101  0.67
21.4201  0.51
21.4301  0.41
21.4401  0.52
21.4501  0.59
21.4601  0.49
21.4701  0.54
21.4801  0.56
21.4901  0.72
21.5001  0.54
21.5101  0.54
21.5201  0.42
21.5301  0.41
21.5401  0.54
21.5501  0.43
21.5601  0.49
21.5701  0.44
21.5801  0.55
21.5901  0.5
21.6001  0.55
21.6101  0.57
21.6201  0.57
21.6301  0.65
21.6401  0.56
21.6501  0.41
21.6601  0.5
21.6701  0.67
21.6801  0.53
21.6901  0.49
21.7001  0.66
21.7101  0.5
21.7201  0.51
21.7301  0.48
21.7401  0.52
21.7501  0.39
21.7601  0.57
21.7701  0.56
21.7801  0.44
21.7901  0.48
21.8001  0.53
21.8101  0.62
21.8201  0.55
21.8301  0.47
21.8401  0.54
21.8501  0.52
21.8601  0.47
21.8701  0.49
21.8801  0.46
21.8901  0.44
21.9001  0.45
21.9101  0.42
21.9201  0.65
21.9301  0.57
21.9401  0.52
21.9501  0.53
21.9601  0.63
21.9701  0.49
21.9801  0.48
21.9901  0.6
22.0001  0.63
22.0101  0.6
22.0201  0.52
22.0301  0.55
22.0401  0.59
22.0501  0.45
22.0601  0.53
22.0701  0.57
22.0801  0.65
22.0901  0.51
22.1001  0.47
22.1101  0.5
22.1201  0.41
22.1301  0.47
22.1401  0.52
22.1501  0.67
22.1601  0.44
22.1701  0.52
22.1801  0.44
22.1901  0.58
22.2001  0.6
22.2101  0.42
22.2201  0.71
22.2301  0.51
22.2401  0.51
22.2501  0.58
22.2601  0.52
22.2701  0.6
22.2801  0.56
22.2901  0.61
22.3001  0.67
22.3101  0.65
22.3201  0.61
22.3301  0.55
22.3401  0.35
22.3501  0.51
22.3601  0.52
22.3701  0.65
22.3801  0.5
22.3901  0.61
22.4001  0.62
22.4101  0.62
22.4201  0.59
22.4301  0.53
22.4401  0.41
22.4501  0.51
22.4601  0.5
22.4701  0.52
22.4801  0.44
22.4901  0.53
22.5001  0.69
22.5101  0.58
22.5201  0.61
22.5301  0.45
22.5401  0.6
22.5501  0.5
22.5601  0.58
22.5701  0.44
22.5801  0.46
22.5901  0.44
22.6001  0.44
22.6101  0.38
22.6201  0.55
22.6301  0.65
22.6401  0.52
22.6501  0.61
22.6601  0.44
22.6701  0.45
22.6801  0.49
22.6901  0.61
22.7001  0.59
22.7101  0.7
22.7201  0.48
22.7301  0.53
22.7401  0.52
22.7501  0.5
22.7601  0.53
22.7701  0.61
22.7801  0.4
22.7901  0.57
22.8001  0.48
22.8101  0.41
22.8201  0.57
22.8301  0.55
22.8401  0.43
22.8501  0.49
22.8601  0.48
22.8701  0.59
22.8801  0.63
22.8901  0.69
22.9001  0.56
22.9101  0.62
22.9201  0.53
22.9301  0.61
22.9401  0.47
22.9501  0.53
22.9601  0.54
22.9701  0.49
22.9801  0.61
22.9901  0.51
23.0001  0.6
23.0101  0.5
23.0201  0.46
23.0301  0.55
23.0401  0.61
23.0501  0.61
23.0601  0.53
23.0701  0.48
23.0801  0.47
23.0901  0.61
23.1001  0.56
23.1101  0.41
23.1201  0.62
23.1301  0.49
23.1401  0.44
23.1501  0.53
23.1601  0.52
23.1701  0.51
23.1801  0.44
23.1901  0.59
23.2001  0.35
23.2101  0.5
23.2201  0.46
23.2301  0.31
23.2401  0.42
23.2501  0.51
23.2601  0.47
23.2701  0.57
23.2801  0.53
23.2901  0.52
23.3001  0.62
23.3101  0.62
23.3201  0.62
23.3301  0.52
23.3401  0.58
23.3501  0.64
23.3601  0.54
23.3701  0.52
23.3801  0.47
23.3901  0.46
23.4001  0.58
23.4101  0.49
23.4201  0.55
23.4301  0.54
23.4401  0.45
23.4501  0.58
23.4601  0.42
23.4701  0.53
23.4801  0.68
23.4901  0.59
23.5001  0.55
23.5101  0.6
23.5201  0.48
23.5301  0.57
23.5401  0.58
23.5501  0.45
23.5601  0.46
23.5701  0.44
23.5801  0.63
23.5901  0.52
23.6001  0.58
23.6101  0.47
23.6201  0.5
23.6301  0.58
23.6401  0.63
23.6501  0.52
23.6601  0.57
23.6701  0.4
23.6801  0.45
23.6901  0.65
23.7001  0.49
23.7101  0.58
23.7201  0.56
23.7301  0.43
23.7401  0.58
23.7501  0.6
23.7601  0.48
23.7701  0.58
23.7801  0.48
23.7901  0.54
23.8001  0.41
23.8101  0.53
23.8201  0.52
23.8301  0.56
23.8401  0.54
23.8501  0.41
23.8601  0.41
23.8701  0.51
23.8801  0.44
23.8901  0.46
23.9001  0.44
23.9101  0.48
23.9201  0.5
23.9301  0.53
23.9401  0.58
23.9501  0.58
23.9601  0.44
23.9701  0.64
23.9801  0.54
23.9901  0.54
24.0001  0.59
24.0101  0.6
24.0201  0.51
24.0301  0.53
24.0401  0.47
24.0501  0.48
24.0601  0.43
24.0701  0.54
24.0801  0.53
24.0901  0.62
24.1001  0.65
24.1101  0.56
24.1201  0.62
24.1301  0.5
24.1401  0.55
24.1501  0.39
24.1601  0.47
24.1701  0.52
24.1801  0.45
24.1901  0.49
24.2001  0.49
24.2101  0.51
24.2201  0.48
24.2301  0.5
24.2401  0.43
24.2501  0.56
24.2601  0.41
24.2701  0.41
24.2801  0.75
24.2901  0.51
24.3001  0.62
24.3101  0.68
24.3201  0.43
24.3301  0.62
24.3401  0.49
24.3501  0.56
24.3601  0.61
24.3701  0.67
24.3801  0.4
24.3901  0.47
24.4001  0.55
24.4101  0.51
24.4201  0.51
24.4301  0.5
24.4401  0.42
24.4501  0.53
24.4601  0.5
24.4701  0.47
24.4801  0.67
24.4901  0.58
24.5001  0.52
24.5101  0.55
24.5201  0.59
24.5301  0.54
24.5401  0.46
24.5501  0.66
24.5601  0.6
24.5701  0.54
24.5801  0.47
24.5901  0.61
24.6001  0.53
24.6101  0.52
24.6201  0.45
24.6301  0.46
24.6401  0.45
24.6501  0.62
24.6601  0.51
24.6701  0.51
24.6801  0.47
24.6901  0.54
24.7001  0.66
24.7101  0.57
24.7201  0.44
24.7301  0.63
24.7401  0.48
24.7501  0.7
24.7601  0.48
24.7701  0.53
24.7801  0.45
24.7901  0.6
24.8001  0.47
24.8101  0.44
24.8201  0.53
24.8301  0.49
24.8401  0.58
24.8501  0.55
24.8601  0.63
24.8701  0.45
24.8801  0.49
24.8901  0.49
24.9001  0.43
24.9101  0.57
24.9201  0.64
24.9301  0.64
24.9401  0.59
24.9501  0.61
24.9601  0.44
24.9701  0.53
24.9801  0.55
24.9901  0.74
25.0001  0.44
25.0101  0.49
25.0201  0.49
25.0301  0.52
25.0401  0.49
25.0501  0.66
25.0601  0.54
25.0701  0.54
25.0801  0.6
25.0901  0.55
25.1001  0.59
25.1101  0.5
25.1201  0.56
25.1301  0.56
25.1401  0.47
25.1501  0.49
25.1601  0.57
25.1701  0.42
25.1801  0.45
25.1901  0.54
25.2001  0.49
25.2101  0.51
25.2201  0.6
25.2301  0.56
25.2401  0.45
25.2501  0.55
25.2601  0.48
25.2701  0.56
25.2801  0.67
25.2901  0.5
25.3001  0.71
25.3101  0.59
25.3201  0.46
25.3301  0.51
25.3401  0.7
25.3501  0.6
25.3601  0.55
25.3701  0.62
25.3801  0.46
25.3901  0.45
25.4001  0.5
25.4101  0.51
25.4201  0.51
25.4301  0.44
25.4401  0.63
25.4501  0.49
25.4601  0.37
25.4701  0.45
25.4801  0.58
25.4901  0.49
25.5001  0.51
25.5101  0.59
25.5201  0.44
25.5301  0.58
25.5401  0.42
25.5501  0.45
25.5601  0.44
25.5701  0.53
25.5801  0.42
25.5901  0.45
25.6001  0.46
25.6101  0.38
25.6201  0.56
25.6301  0.48
25.6401  0.5
25.6501  0.55
25.6601  0.57
25.6701  0.64
25.6801  0.68
25.6901  0.49
25.7001  0.49
25.7101  0.51
25.7201  0.59
25.7301  0.57
25.7401  0.46
25.7501  0.62
25.7601  0.63
25.7701  0.6
25.7801  0.54
25.7901  0.55
25.8001  0.44
25.8101  0.48
25.8201  0.42
25.8301  0.54
25.8401  0.59
25.8501  0.48
25.8601  0.6
25.8701  0.52
25.8801  0.55
25.8901  0.47
25.9001  0.51
25.9101  0.51
25.9201  0.61
25.9301  0.59
25.9401  0.36
25.9501  0.5
25.9601  0.44
25.9701  0.47
25.9801  0.46
25.9901  0.55
26.0001  0.51
26.0101  0.6
26.0201  0.57
26.0301  0.52
26.0401  0.5
26.0501  0.47
26.0601  0.52
26.0701  0.41
26.0801  0.49
26.0901  0.45
26.1001  0.63
26.1101  0.49
26.1201  0.44
26.1301  0.55
26.1401  0.49
26.1501  0.55
26.1601  0.61
26.1701  0.5
26.1801  0.48
26.1901  0.52
26.2001  0.43
26.2101  0.45
26.2201  0.51
26.2301  0.65
26.2401  0.51
26.2501  0.54
26.2601  0.68
26.2701  0.53
26.2801  0.56
26.2901  0.51
26.3001  0.58
26.3101  0.44
26.3201  0.64
26.3301  0.52
26.3401  0.55
26.3501  0.49
26.3601  0.52
26.3701  0.61
26.3801  0.47
26.3901  0.46
26.4001  0.46
26.4101  0.47
26.4201  0.52
26.4301  0.45
26.4401  0.51
26.4501  0.47
26.4601  0.46
26.4701  0.5
26.4801  0.59
26.4901  0.47
26.5001  0.57
26.5101  0.45
26.5201  0.44
26.5301  0.68
26.5401  0.56
26.5501  0.5
26.5601  0.52
26.5701  0.56
26.5801  0.52
26.5901  0.5
26.6001  0.62
26.6101  0.45
26.6201  0.5
26.6301  0.46
26.6401  0.56
26.6501  0.66
26.6601  0.51
26.6701  0.62
26.6801  0.66
26.6901  0.47
26.7001  0.46
26.7101  0.64
26.7201  0.64
26.7301  0.46
26.7401  0.49
26.7501  0.52
26.7601  0.51
26.7701  0.55
26.7801  0.54
26.7901  0.48
26.8001  0.46
26.8101  0.59
26.8201  0.52
26.8301  0.49
26.8401  0.61
26.8501  0.64
26.8601  0.46
26.8701  0.64
26.8801  0.55
26.8901  0.69
26.9001  0.53
26.9101  0.54
26.9201  0.52
26.9301  0.62
26.9401  0.41
26.9501  0.51
26.9601  0.53
26.9701  0.6
26.9801  0.4
26.9901  0.52
27.0001  0.41
27.0101  0.5
27.0201  0.58
27.0301  0.65
27.0401  0.41
27.0501  0.55
27.0601  0.49
27.0701  0.58
27.0801  0.46
27.0901  0.56
27.1001  0.59
27.1101  0.55
27.1201  0.63
27.1301  0.61
27.1401  0.54
27.1501  0.58
27.1601  0.55
27.1701  0.48
27.1801  0.5
27.1901  0.53
27.2001  0.4
27.2101  0.4
27.2201  0.51
27.2301  0.65
27.2401  0.49
27.2501  0.54
27.2601  0.45
27.2701  0.41
27.2801  0.63
27.2901  0.59
27.3001  0.47
27.3101  0.62
27.3201  0.63
27.3301  0.59
27.3401  0.42
27.3501  0.51
27.3601  0.58
27.3701  0.49
27.3801  0.55
27.3901  0.57
27.4001  0.53
27.4101  0.61
27.4201  0.51
27.4301  0.48
27.4401  0.57
27.4501  0.55
27.4601  0.46
27.4701  0.5
27.4801  0.6
27.4901  0.45
27.5001  0.67
27.5101  0.51
27.5201  0.55
27.5301  0.5
27.5401  0.36
27.5501  0.55
27.5601  0.55
27.5701  0.59
27.5801  0.56
27.5901  0.56
27.6001  0.47
27.6101  0.55
27.6201  0.45
27.6301  0.5
27.6401  0.54
27.6501  0.55
27.6601  0.79
27.6701  0.49
27.6801  0.53
27.6901  0.57
27.7001  0.5
27.7101  0.44
27.7201  0.5
27.7301  0.64
27.7401  0.42
27.7501  0.54
27.7601  0.61
27.7701  0.61
27.7801  0.4
27.7901  0.54
27.8001  0.64
27.8101  0.59
27.8201  0.4
27.8301  0.57
27.8401  0.5
27.8501  0.5
27.8601  0.51
27.8701  0.5
27.8801  0.39
27.8901  0.44
27.9001  0.48
27.9101  0.58
27.9201  0.54
27.9301  0.6
27.9401  0.48
27.9501  0.48
27.9601  0.59
27.9701  0.57
27.9801  0.64
27.9901  0.49
28.0001  0.6
28.0101  0.53
28.0201  0.54
28.0301  0.56
28.0401  0.61
28.0501  0.56
28.0601  0.51
28.0701  0.74
28.0801  0.5
28.0901  0.53
28.1001  0.55
28.1101  0.57
28.1201  0.49
28.1301  0.53
28.1401  0.57
28.1501  0.57
28.1601  0.6
28.1701  0.48
28.1801  0.49
28.1901  0.54
28.2001  0.59
28.2101  0.56
28.2201  0.43
28.2301  0.61
28.2401  0.48
28.2501  0.56
28.2601  0.55
28.2701  0.62
28.2801  0.63
28.2901  0.53
28.3001  0.47
28.3101  0.58
28.3201  0.41
28.3301  0.56
28.3401  0.55
28.3501  0.45
28.3601  0.51
28.3701  0.56
28.3801  0.44
28.3901  0.56
28.4001  0.56
28.4101  0.51
28.4201  0.56
28.4301  0.56
28.4401  0.43
28.4501  0.47
28.4601  0.41
28.4701  0.37
28.4801  0.56
28.4901  0.68
28.5001  0.43
28.5101  0.45
28.5201  0.56
28.5301  0.43
28.5401  0.47
28.5501  0.59
28.5601  0.51
28.5701  0.56
28.5801  0.65
28.5901  0.55
28.6001  0.59
28.6101  0.53
28.6201  0.56
28.6301  0.58
28.6401  0.51
28.6501  0.58
28.6601  0.54
28.6701  0.54
28.6801  0.45
28.6901  0.51
28.7001  0.46
28.7101  0.56
28.7201  0.6
28.7301  0.55
28.7401  0.49
28.7501  0.63
28.7601  0.53
28.7701  0.48
28.7801  0.59
28.7901  0.58
28.8001  0.55
28.8101  0.61
28.8201  0.54
28.8301  0.6
28.8401  0.53
28.8501  0.56
28.8601  0.39
28.8701  0.62
28.8801  0.54
28.8901  0.55
28.9001  0.58
28.9101  0.56
28.9201  0.47
28.9301  0.62
28.9401  0.57
28.9501  0.6
28.9601  0.57
28.9701  0.46
28.9801  0.57
28.9901  0.64
29.0001  0.55
29.0101  0.53
29.0201  0.56
29.0301  0.52
29.0401  0.49
29.0501  0.49
29.0601  0.63
29.0701  0.44
29.0801  0.55
29.0901  0.5
29.1001  0.4
29.1101  0.43
29.1201  0.53
29.1301  0.56
29.1401  0.47
29.1501  0.51
29.1601  0.45
29.1701  0.57
29.1801  0.63
29.1901  0.41
29.2001  0.43
29.2101  0.47
29.2201  0.62
29.2301  0.38
29.2401  0.51
29.2501  0.59
29.2601  0.44
29.2701  0.63
29.2801  0.47
29.2901  0.47
29.3001  0.49
29.3101  0.58
29.3201  0.52
29.3301  0.42
29.3401  0.51
29.3501  0.46
29.3601  0.55
29.3701  0.57
29.3801  0.56
29.3901  0.56
29.4001  0.45
29.4101  0.55
29.4201  0.52
29.4301  0.54
29.4401  0.47
29.4501  0.54
29.4601  0.58
29.4701  0.38
29.4801  0.56
29.4901  0.46
29.5001  0.41
29.5101  0.46
29.5201  0.45
29.5301  0.53
29.5401  0.56
29.5501  0.44
29.5601  0.52
29.5701  0.59
29.5801  0.5
29.5901  0.57
29.6001  0.46
29.6101  0.53
29.6201  0.59
29.6301  0.57
29.6401  0.62
29.6501  0.37
29.6601  0.58
29.6701  0.54
29.6801  0.57
29.6901  0.59
29.7001  0.46
29.7101  0.49
29.7201  0.5
29.7301  0.61
29.7401  0.41
29.7501  0.54
29.7601  0.57
29.7701  0.52
29.7801  0.45
29.7901  0.75
29.8001  0.48
29.8101  0.45
29.8201  0.53
29.8301  0.5
29.8401  0.43
29.8501  0.48
29.8601  0.59
29.8701  0.5
29.8801  0.62
29.8901  0.61
29.9001  0.49
29.9101  0.43
29.9201  0.49
29.9301  0.55
29.9401  0.45
29.9501  0.52
29.9601  0.47
29.9701  0.51
29.9801  0.58
29.9901  0.61
30.0001  0.51
30.0101  0.53
30.0201  0.52
30.0301  0.48
30.0401  0.55
30.0501  0.65
30.0601  0.39
30.0701  0.57
30.0801  0.49
30.0901  0.42
30.1001  0.6
30.1101  0.57
30.1201  0.52
30.1301  0.57
30.1401  0.52
30.1501  0.4
30.1601  0.61
30.1701  0.39
30.1801  0.63
30.1901  0.45
30.2001  0.43
30.2101  0.6
30.2201  0.51
30.2301  0.65
30.2401  0.45
30.2501  0.44
30.2601  0.44
30.2701  0.47
30.2801  0.45
30.2901  0.51
30.3001  0.49
30.3101  0.53
30.3201  0.64
30.3301  0.52
30.3401  0.58
30.3501  0.55
30.3601  0.47
30.3701  0.54
30.3801  0.5
30.3901  0.53
30.4001  0.45
30.4101  0.58
30.4201  0.64
30.4301  0.7
30.4401  0.47
30.4501  0.68
30.4601  0.51
30.4701  0.56
30.4801  0.61
30.4901  0.48
30.5001  0.67
30.5101  0.52
30.5201  0.49
30.5301  0.62
30.5401  0.5
30.5501  0.62
30.5601  0.56
30.5701  0.54
30.5801  0.59
30.5901  0.47
30.6001  0.51
30.6101  0.61
30.6201  0.48
30.6301  0.49
30.6401  0.47
30.6501  0.62
30.6601  0.42
30.6701  0.59
30.6801  0.53
30.6901  0.43
30.7001  0.51
30.7101  0.62
30.7201  0.69
30.7301  0.55
30.7401  0.61
30.7501  0.47
30.7601  0.53
30.7701  0.5
30.7801  0.58
30.7901  0.39
30.8001  0.46
30.8101  0.54
30.8201  0.53
30.8301  0.52
30.8401  0.47
30.8501  0.56
30.8601  0.46
30.8701  0.5
30.8801  0.59
30.8901  0.66
30.9001  0.57
30.9101  0.53
30.9201  0.54
30.9301  0.55
30.9401  0.61
30.9501  0.55
30.9601  0.53
30.9701  0.48
30.9801  0.49
30.9901  0.57
31.0001  0.61
31.0101  0.59
31.0201  0.57
31.0301  0.49
31.0401  0.39
31.0501  0.56
31.0601  0.42
31.0701  0.4
31.0801  0.43
31.0901  0.62
31.1001  0.5
31.1101  0.52
31.1201  0.53
31.1301  0.61
31.1401  0.56
31.1501  0.55
31.1601  0.4
31.1701  0.52
31.1801  0.63
31.1901  0.62
31.2001  0.67
31.2101  0.54
31.2201  0.59
31.2301  0.54
31.2401  0.54
31.2501  0.53
31.2601  0.55
31.2701  0.47
31.2801  0.46
31.2901  0.56
31.3001  0.49
31.3101  0.51
31.3201  0.59
31.3301  0.61
31.3401  0.56
31.3501  0.46
31.3601  0.55
31.3701  0.39
31.3801  0.55
31.3901  0.42
31.4001  0.5
31.4101  0.58
31.4201  0.71
31.4301  0.51
31.4401  0.44
31.4501  0.55
31.4601  0.68
31.4701  0.58
31.4801  0.52
31.4901  0.48
31.5001  0.46
31.5101  0.52
31.5201  0.58
31.5301  0.32
31.5401  0.56
31.5501  0.54
31.5601  0.58
31.5701  0.61
31.5801  0.49
31.5901  0.56
31.6001  0.47
31.6101  0.45
31.6201  0.59
31.6301  0.54
31.6401  0.47
31.6501  0.59
31.6601  0.55
31.6701  0.49
31.6801  0.63
31.6901  0.5
31.7001  0.53
31.7101  0.59
31.7201  0.47
31.7301  0.62
31.7401  0.54
31.7501  0.41
31.7601  0.53
31.7701  0.65
31.7801  0.49
31.7901  0.57
31.8001  0.48
31.8101  0.48
31.8201  0.58
31.8301  0.57
31.8401  0.54
31.8501  0.76
31.8601  0.64
31.8701  0.5
31.8801  0.48
31.8901  0.5
31.9001  0.4
31.9101  0.45
31.9201  0.5
31.9301  0.49
31.9401  0.54
31.9501  0.51
31.9601  0.53
31.9701  0.63
31.9801  0.56
31.9901  0.59
32.0001  0.55
32.0101  0.47
32.0201  0.48
32.0301  0.5
32.0401  0.6
32.0501  0.43
32.0601  0.63
32.0701  0.4
32.0801  0.5
32.0901  0.53
32.1001  0.45
32.1101  0.44
32.1201  0.48
32.1301  0.7
32.1401  0.53
32.1501  0.43
32.1601  0.56
32.1701  0.5
32.1801  0.43
32.1901  0.49
32.2001  0.53
32.2101  0.44
32.2201  0.5
32.2301  0.58
32.2401  0.49
32.2501  0.53
32.2601  0.64
32.2701  0.54
32.2801  0.5
32.2901  0.39
32.3001  0.52
32.3101  0.58
32.3201  0.5
32.3301  0.42
32.3401  0.49
32.3501  0.51
32.3601  0.61
32.3701  0.59
32.3801  0.39
32.3901  0.51
32.4001  0.4
32.4101  0.46
32.4201  0.45
32.4301  0.73
32.4401  0.48
32.4501  0.67
32.4601  0.64
32.4701  0.51
32.4801  0.51
32.4901  0.45
32.5001  0.54
32.5101  0.68
32.5201  0.35
32.5301  0.52
32.5401  0.55
32.5501  0.48
32.5601  0.52
32.5701  0.46
32.5801  0.42
32.5901  0.43
32.6001  0.56
32.6101  0.5
32.6201  0.63
32.6301  0.51
32.6401  0.59
32.6501  0.59
32.6601  0.52
32.6701  0.63
32.6801  0.36
32.6901  0.58
32.7001  0.51
32.7101  0.46
32.7201  0.64
32.7301  0.52
32.7401  0.54
32.7501  0.49
32.7601  0.5
32.7701  0.45
32.7801  0.48
32.7901  0.55
32.8001  0.54
32.8101  0.57
32.8201  0.6
32.8301  0.5
32.8401  0.65
32.8501  0.55
32.8601  0.53
32.8701  0.63
32.8801  0.48
32.8901  0.35
32.9001  0.48
32.9101  0.44
32.9201  0.57
32.9301  0.69
32.9401  0.55
32.9501  0.47
32.9601  0.57
32.9701  0.56
32.9801  0.54
32.9901  0.59
33.0001  0.68
33.0101  0.52
33.0201  0.41
33.0301  0.46
33.0401  0.47
33.0501  0.48
33.0601  0.52
33.0701  0.53
33.0801  0.6
33.0901  0.51
33.1001  0.6
33.1101  0.55
33.1201  0.54
33.1301  0.56
33.1401  0.72
33.1501  0.5
33.1601  0.55
33.1701  0.47
33.1801  0.53
33.1901  0.57
33.2001  0.67
33.2101  0.4
33.2201  0.39
33.2301  0.49
33.2401  0.51
33.2501  0.49
33.2601  0.5
33.2701  0.42
33.2801  0.59
33.2901  0.61
33.3001  0.68
33.3101  0.36
33.3201  0.53
33.3301  0.45
33.3401  0.55
33.3501  0.44
33.3601  0.52
33.3701  0.52
33.3801  0.62
33.3901  0.57
33.4001  0.65
33.4101  0.46
33.4201  0.64
33.4301  0.54
33.4401  0.51
33.4501  0.45
33.4601  0.57
33.4701  0.6
33.4801  0.43
33.4901  0.51
33.5001  0.54
33.5101  0.44
33.5201  0.61
33.5301  0.69
33.5401  0.64
33.5501  0.43
33.5601  0.48
33.5701  0.58
33.5801  0.39
33.5901  0.56
33.6001  0.59
33.6101  0.48
33.6201  0.6
33.6301  0.57
33.6401  0.52
33.6501  0.38
33.6601  0.59
33.6701  0.72
33.6801  0.45
33.6901  0.5
33.7001  0.46
33.7101  0.6
33.7201  0.55
33.7301  0.46
33.7401  0.41
33.7501  0.58
33.7601  0.55
33.7701  0.48
33.7801  0.59
33.7901  0.62
33.8001  0.53
33.8101  0.43
33.8201  0.6
33.8301  0.43
33.8401  0.43
33.8501  0.6
33.8601  0.51
33.8701  0.54
33.8801  0.61
33.8901  0.47
33.9001  0.6
33.9101  0.55
33.9201  0.51
33.9301  0.52
33.9401  0.61
33.9501  0.61
33.9601  0.54
33.9701  0.46
33.9801  0.46
33.9901  0.48
34.0001  0.44
34.0101  0.53
34.0201  0.51
34.0301  0.64
34.0401  0.49
34.0501  0.58
34.0601  0.58
34.0701  0.4
34.0801  0.5
34.0901  0.54
34.1001  0.56
34.1101  0.49
34.1201  0.55
34.1301  0.59
34.1401  0.44
34.1501  0.55
34.1601  0.49
34.1701  0.57
34.1801  0.5
34.1901  0.58
34.2001  0.46
34.2101  0.52
34.2201  0.55
34.2301  0.58
34.2401  0.44
34.2501  0.59
34.2601  0.55
34.2701  0.65
34.2801  0.58
34.2901  0.63
34.3001  0.58
34.3101  0.47
34.3201  0.52
34.3301  0.61
34.3401  0.43
34.3501  0.46
34.3601  0.63
34.3701  0.44
34.3801  0.44
34.3901  0.46
34.4001  0.49
34.4101  0.55
34.4201  0.36
34.4301  0.52
34.4401  0.47
34.4501  0.59
34.4601  0.6
34.4701  0.46
34.4801  0.65
34.4901  0.44
34.5  0.54
34.51  0.58
34.52  0.55
34.53  0.59
34.54  0.54
34.55  0.52
34.56  0.53
34.57  0.61
34.58  0.54
34.59  0.55
34.6  0.52
34.61  0.59
34.62  0.39
34.63  0.55
34.64  0.47
34.65  0.55
34.66  0.53
34.67  0.48
34.68  0.43
34.69  0.51
34.7  0.49
34.71  0.49
34.72  0.5
34.73  0.59
34.74  0.49
34.75  0.53
34.76  0.55
34.77  0.47
34.78  0.55
34.79  0.76
34.8  0.46
34.81  0.44
34.82  0.54
34.83  0.57
34.84  0.45
34.85  0.54
34.86  0.54
34.87  0.52
34.88  0.49
34.89  0.46
34.9  0.65
34.91  0.58
34.92  0.51
34.93  0.51
34.94  0.54
34.95  0.55
34.96  0.57
34.97  0.54
34.98  0.57
34.99  0.5
35  0.58
35.01  0.41
35.02  0.56
35.03  0.42
35.04  0.44
35.05  0.52
35.06  0.51
35.07  0.44
35.08  0.52
35.09  0.46
35.1  0.47
35.11  0.47
35.12  0.5
35.13  0.58
35.14  0.67
35.15  0.5
35.16  0.61
35.17  0.59
35.18  0.46
35.19  0.56
35.2  0.51
35.21  0.55
35.22  0.45
35.23  0.46
35.24  0.59
35.25  0.49
35.26  0.44
35.27  0.63
35.28  0.52
35.29  0.45
35.3  0.46
35.31  0.46
35.32  0.6
35.33  0.42
35.34  0.61
35.35  0.6
35.36  0.65
35.37  0.46
35.38  0.61
35.39  0.49
35.4  0.49
35.41  0.47
35.42  0.62
35.43  0.57
35.44  0.59
35.45  0.52
35.46  0.48
35.47  0.55
35.48  0.55
35.49  0.57
35.5  0.52
35.51  0.47
35.52  0.44
35.53  0.52
35.54  0.51
35.55  0.57
35.56  0.49
35.57  0.44
35.58  0.55
35.59  0.54
35.6  0.53
35.61  0.67
35.62  0.52
35.63  0.47
35.64  0.56
35.65  0.44
35.66  0.55
35.67  0.57
35.68  0.68
35.69  0.53
35.7  0.54
35.71  0.53
35.72  0.53
35.73  0.69
35.74  0.58
35.75  0.43
35.76  0.51
35.77  0.57
35.78  0.52
35.79  0.48
35.8  0.53
35.81  0.63
35.82  0.53
35.83  0.61
35.84  0.67
35.85  0.5
35.86  0.52
35.87  0.61
35.88  0.44
35.89  0.61
35.9  0.57
35.91  0.55
35.92  0.57
35.93  0.51
35.94  0.49
35.95  0.54
35.96  0.46
35.97  0.4
35.98  0.52
35.99  0.52
36  0.45
36.01  0.46
36.02  0.56
36.03  0.55
36.04  0.44
36.05  0.56
36.06  0.55
36.07  0.52
36.08  0.56
36.09  0.44
36.1  0.43
36.11  0.47
36.12  0.6
36.13  0.71
36.14  0.47
36.15  0.5
36.16  0.62
36.17  0.63
36.18  0.52
36.19  0.55
36.2  0.41
36.21  0.62
36.22  0.58
36.23  0.56
36.24  0.59
36.25  0.61
36.26  0.58
36.27  0.54
36.28  0.55
36.29  0.52
36.3  0.57
36.31  0.61
36.32  0.41
36.33  0.55
36.34  0.52
36.35  0.56
36.36  0.56
36.37  0.55
36.38  0.46
36.39  0.62
36.4  0.61
36.41  0.56
36.42  0.43
36.43  0.51
36.44  0.65
36.45  0.53
36.46  0.61
36.47  0.6
36.48  0.53
36.49  0.44
36.5  0.5
36.51  0.78
36.52  0.5
36.53  0.64
36.54  0.51
36.55  0.62
36.56  0.53
36.57  0.47
36.58  0.43
36.59  0.52
36.6  0.52
36.61  0.53
36.62  0.56
36.63  0.46
36.64  0.55
36.65  0.59
36.66  0.55
36.67  0.45
36.68  0.6
36.69  0.35
36.7  0.48
36.71  0.45
36.72  0.54
36.73  0.58
36.74  0.74
36.75  0.5
36.76  0.63
36.77  0.49
36.78  0.6
36.79  0.47
36.8  0.49
36.81  0.51
36.82  0.55
36.83  0.51
36.84  0.44
36.85  0.6
36.86  0.62
36.87  0.49
36.88  0.42
36.89  0.39
36.9  0.46
36.91  0.59
36.92  0.62
36.93  0.54
36.94  0.47
36.95  0.53
36.96  0.51
36.97  0.69
36.98  0.48
36.99  0.51
37  0.44
37.01  0.51
37.02  0.6
37.03  0.62
37.04  0.52
37.05  0.43
37.06  0.44
37.07  0.57
37.08  0.53
37.09  0.56
37.1  0.5
37.11  0.52
37.12  0.54
37.13  0.45
37.14  0.64
37.15  0.54
37.16  0.46
37.17  0.36
37.18  0.48
37.19  0.5
37.2  0.6
37.21  0.44
37.22  0.49
37.23  0.49
37.24  0.41
37.25  0.48
37.26  0.49
37.27  0.42
37.28  0.55
37.29  0.39
37.3  0.57
37.31  0.38
37.32  0.73
37.33  0.49
37.34  0.46
37.35  0.64
37.36  0.53
37.37  0.55
37.38  0.56
37.39  0.36
37.4  0.51
37.41  0.43
37.42  0.7
37.43  0.51
37.44  0.51
37.45  0.57
37.46  0.48
37.47  0.57
37.48  0.52
37.49  0.55
37.5  0.55
37.51  0.5
37.52  0.57
37.53  0.54
37.54  0.55
37.55  0.49
37.56  0.6
37.57  0.49
37.58  0.54
37.59  0.49
37.6  0.47
37.61  0.57
37.62  0.54
37.63  0.6
37.64  0.62
37.65  0.56
37.66  0.6
37.67  0.49
37.68  0.62
37.69  0.45
37.7  0.51
37.71  0.44
37.72  0.59
37.73  0.44
37.74  0.58
37.75  0.58
37.76  0.53
37.77  0.55
37.78  0.44
37.79  0.54
37.8  0.43
37.81  0.55
37.82  0.44
37.83  0.52
37.84  0.55
37.85  0.57
37.86  0.58
37.87  0.42
37.88  0.59
37.89  0.6
37.9  0.57
37.91  0.5
37.92  0.47
37.93  0.49
37.94  0.73
37.95  0.54
37.96  0.57
37.97  0.47
37.98  0.62
37.99  0.48
38  0.64
38.01  0.59
38.02  0.51
38.03  0.58
38.04  0.49
38.05  0.48
38.06  0.57
38.07  0.41
38.08  0.6
38.09  0.55
38.1  0.57
38.11  0.59
38.12  0.42
38.13  0.57
38.14  0.49
38.15  0.43
38.16  0.48
38.17  0.59
38.18  0.34
38.19  0.55
38.2  0.57
38.21  0.49
38.22  0.52
38.23  0.47
38.24  0.48
38.25  0.61
38.26  0.41
38.27  0.51
38.28  0.67
38.29  0.42
38.3  0.47
38.31  0.55
38.32  0.55
38.33  0.48
38.34  0.52
38.35  0.56
38.36  0.47
38.37  0.58
38.38  0.61
38.39  0.42
38.4  0.57
38.41  0.59
38.42  0.54
38.43  0.62
38.44  0.49
38.45  0.52
38.46  0.51
38.47  0.48
38.48  0.58
38.49  0.44
38.5  0.5
38.51  0.49
38.52  0.57
38.53  0.6
38.54  0.45
38.55  0.51
38.56  0.57
38.57  0.61
38.58  0.54
38.59  0.62
38.6  0.63
38.61  0.46
38.62  0.59
38.63  0.36
38.64  0.55
38.65  0.53
38.66  0.5
38.67  0.7
38.68  0.52
38.69  0.46
38.7  0.49
38.71  0.58
38.72  0.54
38.73  0.63
38.74  0.5
38.75  0.61
38.76  0.52
38.77  0.56
38.78  0.64
38.79  0.48
38.8  0.51
38.81  0.68
38.82  0.59
38.83  0.51
38.84  0.5
38.85  0.45
38.86  0.63
38.87  0.47
38.88  0.52
38.89  0.48
38.9  0.61
38.91  0.49
38.92  0.55
38.93  0.43
38.94  0.58
38.95  0.52
38.96  0.65
38.97  0.49
38.98  0.5
38.99  0.74
39  0.55
39.01  0.5
39.02  0.49
39.03  0.62
39.04  0.41
39.05  0.56
39.06  0.59
39.07  0.53
39.08  0.44
39.09  0.47
39.1  0.53
39.11  0.67
39.12  0.5
39.13  0.6
39.14  0.52
39.15  0.46
39.16  0.5
39.17  0.6
39.18  0.46
39.19  0.53
39.2  0.45
39.21  0.56
39.22  0.48
39.23  0.61
39.24  0.54
39.25  0.57
39.26  0.52
39.27  0.52
39.28  0.49
39.29  0.62
39.3  0.55
39.31  0.43
39.32  0.63
39.33  0.51
39.34  0.44
39.35  0.51
39.36  0.48
39.37  0.65
39.38  0.6
39.39  0.64
39.4  0.54
39.41  0.45
39.42  0.5
39.43  0.45
39.44  0.57
39.45  0.47
39.46  0.63
39.47  0.36
39.48  0.61
39.49  0.55
39.5  0.46
39.51  0.47
39.52  0.5
39.53  0.53
39.54  0.55
39.55  0.64
39.56  0.44
39.57  0.41
39.58  0.64
39.59  0.46
39.6  0.63
39.61  0.54
39.62  0.43
39.63  0.51
39.64  0.66
39.65  0.55
39.66  0.55
39.67  0.59
39.68  0.44
39.69  0.5
39.7  0.6
39.71  0.61
39.72  0.44
39.73  0.54
39.74  0.46
39.75  0.56
39.76  0.48
39.77  0.68
39.78  0.58
39.79  0.49
39.8  0.44
39.81  0.64
39.82  0.52
39.83  0.54
39.84  0.42
39.85  0.51
39.86  0.67
39.87  0.55
39.88  0.46
39.89  0.48
39.9  0.47
39.91  0.47
39.92  0.6
39.93  0.48
39.94  0.6
39.95  0.46
39.96  0.48
39.97  0.55
39.98  0.58
39.99  0.46
40  0.45
40.01  0.65
40.02  0.54
40.03  0.5
40.04  0.48
40.05  0.52
40.06  0.53
40.07  0.53
40.08  0.54
40.09  0.52
40.1  0.59
40.11  0.54
40.12  0.58
40.13  0.54
40.14  0.52
40.15  0.58
40.16  0.53
40.17  0.48
40.18  0.58
40.19  0.41
40.2  0.52
40.21  0.58
40.22  0.58
40.23  0.54
40.24  0.52
40.25  0.52
40.26  0.47
40.27  0.4
40.28  0.6
40.29  0.43
40.3  0.49
40.31  0.58
40.32  0.59
40.33  0.63
40.34  0.85
40.35  0.59
40.36  0.57
40.37  0.47
40.38  0.6
40.39  0.5
40.4  0.43
40.41  0.49
40.42  0.52
40.43  0.41
40.44  0.52
40.45  0.67
40.46  0.49
40.47  0.5
40.48  0.65
40.49  0.48
40.5  0.53
40.51  0.48
40.52  0.59
40.53  0.45
40.54  0.44
40.55  0.49
40.56  0.64
40.57  0.41
40.58  0.53
40.59  0.47
40.6  0.57
40.61  0.48
40.62  0.53
40.63  0.7
40.64  0.53
40.65  0.51
40.66  0.62
40.67  0.56
40.68  0.46
40.69  0.47
40.7  0.6
40.71  0.51
40.72  0.4
40.73  0.63
40.74  0.5
40.75  0.57
40.76  0.57
40.77  0.47
40.78  0.52
40.79  0.48
40.8  0.62
40.81  0.45
40.82  0.42
40.83  0.56
40.84  0.63
40.85  0.42
40.86  0.6
40.87  0.7
40.88  0.56
40.89  0.49
40.9  0.38
40.91  0.51
40.92  0.58
40.93  0.55
40.94  0.45
40.95  0.48
40.96  0.64
40.97  0.52
40.98  0.44
40.99  0.46
41  0.59
41.01  0.51
41.02  0.69
41.03  0.52
41.04  0.43
41.05  0.62
41.06  0.44
41.07  0.52
41.08  0.44
41.09  0.38
41.1  0.58
41.11  0.57
41.12  0.53
41.13  0.57
41.14  0.51
41.15  0.56
41.16  0.48
41.17  0.58
41.18  0.62
41.19  0.48
41.2  0.47
41.21  0.51
41.22  0.46
41.23  0.49
41.24  0.53
41.25  0.52
41.26  0.52
41.27  0.66
41.28  0.41
41.29  0.48
41.3  0.67
41.31  0.51
41.32  0.42
41.33  0.51
41.34  0.46
41.35  0.59
41.36  0.52
41.37  0.45
41.38  0.44
41.39  0.54
41.4  0.53
41.41  0.47
41.42  0.42
41.43  0.48
41.44  0.59
41.45  0.5
41.46  0.55
41.47  0.62
41.48  0.5
41.49  0.46
41.5  0.43
41.51  0.64
41.52  0.54
41.53  0.39
41.54  0.61
41.55  0.51
41.56  0.51
41.57  0.42
41.58  0.48
41.59  0.57
41.6  0.42
41.61  0.4
41.62  0.54
41.63  0.55
41.64  0.53
41.65  0.45
41.66  0.59
41.67  0.54
41.68  0.55
41.69  0.55
41.7  0.36
41.71  0.54
41.72  0.57
41.73  0.46
41.74  0.43
41.75  0.51
41.76  0.51
41.77  0.57
41.78  0.56
41.79  0.61
41.8  0.58
41.81  0.54
41.82  0.4
41.83  0.63
41.84  0.63
41.85  0.48
41.86  0.59
41.87  0.51
41.88  0.49
41.89  0.64
41.9  0.61
41.91  0.54
41.92  0.44
41.93  0.56
41.94  0.5
41.95  0.57
41.96  0.51
41.97  0.51
41.98  0.6
41.99  0.53
42  0.49
42.01  0.66
42.02  0.58
42.03  0.49
42.04  0.68
42.05  0.52
42.06  0.53
42.07  0.53
42.08  0.56
42.09  0.48
42.1  0.44
42.11  0.52
42.12  0.66
42.13  0.64
42.14  0.49
42.15  0.51
42.16  0.58
42.17  0.48
42.18  0.61
42.19  0.51
42.2  0.62
42.21  0.55
42.22  0.55
42.23  0.47
42.24  0.48
42.25  0.55
42.26  0.55
42.27  0.59
42.28  0.61
42.29  0.65
42.3  0.61
42.31  0.59
42.32  0.54
42.33  0.52
42.34  0.54
42.35  0.45
42.36  0.69
42.37  0.44
42.38  0.6
42.39  0.62
42.4  0.55
42.41  0.46
42.42  0.52
42.43  0.56
42.44  0.58
42.45  0.6
42.46  0.43
42.47  0.58
42.48  0.48
42.49  0.53
42.5  0.46
42.51  0.51
42.52  0.54
42.53  0.57
42.54  0.63
42.55  0.48
42.56  0.54
42.57  0.57
42.58  0.55
42.59  0.54
42.6  0.68
42.61  0.58
42.62  0.45
42.63  0.67
42.64  0.39
42.65  0.54
42.66  0.54
42.67  0.58
42.68  0.51
42.69  0.49
42.7  0.55
42.71  0.5
42.72  0.48
42.73  0.63
42.74  0.49
42.75  0.57
42.76  0.47
42.77  0.54
42.78  0.49
42.79  0.43
42.8  0.62
42.81  0.41
42.82  0.58
42.83  0.53
42.84  0.69
42.85  0.51
42.86  0.5
42.87  0.54
42.88  0.51
42.89  0.53
42.9  0.49
42.91  0.63
42.92  0.45
42.93  0.57
42.94  0.53
42.95  0.63
42.96  0.67
42.97  0.41
42.98  0.61
42.99  0.62
43  0.52
43.01  0.41
43.02  0.49
43.03  0.58
43.04  0.49
43.05  0.51
43.06  0.51
43.07  0.63
43.08  0.51
43.09  0.44
43.1  0.48
43.11  0.41
43.12  0.59
43.13  0.43
43.14  0.48
43.15  0.46
43.16  0.49
43.17  0.52
43.18  0.45
43.19  0.43
43.2  0.56
43.21  0.46
43.22  0.62
43.23  0.66
43.24  0.57
43.25  0.5
43.26  0.53
43.27  0.39
43.28  0.54
43.29  0.42
43.3  0.61
43.31  0.57
43.32  0.54
43.33  0.39
43.34  0.38
43.35  0.59
43.36  0.59
43.37  0.63
43.38  0.44
43.39  0.47
43.4  0.49
43.41  0.56
43.42  0.65
43.43  0.52
43.44  0.52
43.45  0.43
43.46  0.47
43.47  0.57
43.48  0.52
43.49  0.5
43.5  0.52
43.51  0.5
43.52  0.57
43.53  0.47
43.54  0.53
43.55  0.41
43.56  0.55
43.57  0.52
43.58  0.5
43.59  0.51
43.6  0.48
43.61  0.57
43.62  0.52
43.63  0.45
43.64  0.51
43.65  0.53
43.66  0.55
43.67  0.51
43.68  0.51
43.69  0.47
43.7  0.52
43.71  0.63
43.72  0.61
43.73  0.65
43.74  0.51
43.75  0.44
43.76  0.46
43.77  0.38
43.78  0.58
43.79  0.55
43.8  0.53
43.81  0.51
43.82  0.63
43.83  0.57
43.84  0.57
43.85  0.56
43.86  0.54
43.87  0.48
43.88  0.58
43.89  0.54
43.9  0.55
43.91  0.42
43.92  0.46
43.93  0.65
43.94  0.55
43.95  0.48
43.96  0.54
43.97  0.46
43.98  0.58
43.99  0.55
44  0.48
44.01  0.45
44.02  0.53
44.03  0.53
44.04  0.66
44.05  0.47
44.06  0.7
44.07  0.54
44.08  0.39
44.09  0.48
44.1  0.54
44.11  0.5
44.12  0.6
44.13  0.65
44.14  0.48
44.15  0.61
44.16  0.57
44.17  0.44
44.18  0.26
44.19  0.51
44.2  0.54
44.21  0.44
44.22  0.61
44.23  0.4
44.24  0.6
44.25  0.61
44.26  0.6
44.27  0.52
44.28  0.55
44.29  0.62
44.3  0.67
44.31  0.64
44.32  0.5
44.33  0.49
44.34  0.5
44.35  0.53
44.36  0.5
44.37  0.55
44.38  0.5
44.39  0.7
44.4  0.55
44.41  0.59
44.42  0.63
44.43  0.47
44.44  0.52
44.45  0.47
44.46  0.48
44.47  0.58
44.48  0.44
44.49  0.51
44.5  0.56
44.51  0.46
44.52  0.53
44.53  0.45
44.54  0.61
44.55  0.61
44.56  0.57
44.57  0.56
44.58  0.62
44.59  0.6
44.6  0.48
44.61  0.52
44.62  0.61
44.63  0.45
44.64  0.47
44.65  0.55
44.66  0.38
44.67  0.54
44.68  0.61
44.69  0.57
44.7  0.47
44.71  0.63
44.72  0.58
44.73  0.52
44.74  0.41
44.75  0.59
44.76  0.47
44.77  0.64
44.78  0.46
44.79  0.53
44.8  0.58
44.81  0.56
44.82  0.57
44.83  0.49
44.84  0.59
44.85  0.46
44.86  0.49
44.87  0.48
44.88  0.61
44.89  0.53
44.9  0.49
44.91  0.52
44.92  0.54
44.93  0.66
44.94  0.52
44.95  0.55
44.96  0.62
44.97  0.5
44.98  0.58
44.99  0.63
45  0.51
45.01  0.56
45.02  0.53
45.03  0.58
45.04  0.5
45.05  0.5
45.06  0.48
45.07  0.61
45.08  0.41
45.09  0.5
45.1  0.73
45.11  0.6
45.12  0.54
45.13  0.52
45.14  0.52
45.15  0.5
45.16  0.55
45.17  0.49
45.18  0.54
45.19  0.49
45.2  0.49
45.21  0.41
45.22  0.46
45.23  0.58
45.24  0.42
45.25  0.5
45.26  0.48
45.27  0.58
45.28  0.49
45.29  0.59
45.3  0.55
45.31  0.52
45.32  0.54
45.33  0.53
45.34  0.5
45.35  0.58
45.36  0.41
45.37  0.45
45.38  0.49
45.39  0.48
45.4  0.44
45.41  0.65
45.42  0.54
45.43  0.55
45.44  0.46
45.45  0.44
45.46  0.5
45.47  0.58
45.48  0.52
45.49  0.72
45.5  0.62
45.51  0.68
45.52  0.55
45.53  0.59
45.54  0.55
45.55  0.47
45.56  0.59
45.57  0.6
45.58  0.56
45.59  0.45
45.6  0.52
45.61  0.54
45.62  0.57
45.63  0.49
45.64  0.45
45.65  0.53
45.66  0.53
45.67  0.48
45.68  0.64
45.69  0.54
45.7  0.38
45.71  0.5
45.72  0.55
45.73  0.5
45.74  0.47
45.75  0.45
45.76  0.57
45.77  0.42
45.78  0.49
45.79  0.44
45.8  0.5
45.81  0.65
45.82  0.47
45.83  0.68
45.84  0.56
45.85  0.58
45.86  0.61
45.87  0.46
45.88  0.55
45.89  0.4
45.9  0.53
45.91  0.58
45.92  0.59
45.93  0.47
45.94  0.42
45.95  0.47
45.96  0.5
45.97  0.55
45.98  0.51
45.99  0.55
46  0.51
46.01  0.63
46.02  0.51
46.03  0.4
46.04  0.4
46.05  0.57
46.06  0.46
46.07  0.42
46.08  0.48
46.09  0.57
46.1  0.53
46.11  0.34
46.12  0.49
46.13  0.52
46.14  0.39
46.15  0.58
46.16  0.58
46.17  0.63
46.18  0.49
46.19  0.65
46.2  0.51
46.21  0.59
46.22  0.56
46.23  0.57
46.24  0.6
46.25  0.44
46.26  0.59
46.27  0.51
46.28  0.51
46.29  0.61
46.3  0.45
46.31  0.58
46.32  0.63
46.33  0.51
46.34  0.54
46.35  0.55
46.36  0.52
46.37  0.54
46.38  0.47
46.39  0.54
46.4  0.55
46.41  0.45
46.42  0.48
46.43  0.42
46.44  0.68
46.45  0.51
46.46  0.61
46.47  0.46
46.48  0.52
46.49  0.42
46.5  0.47
46.51  0.35
46.52  0.49
46.53  0.52
46.54  0.53
46.55  0.48
46.56  0.62
46.57  0.46
46.58  0.55
46.59  0.52
46.6  0.64
46.61  0.44
46.62  0.58
46.63  0.58
46.64  0.43
46.65  0.61
46.66  0.55
46.67  0.44
46.68  0.48
46.69  0.56
46.7  0.56
46.71  0.49
46.72  0.35
46.73  0.6
46.74  0.41
46.75  0.53
46.76  0.63
46.77  0.58
46.78  0.66
46.79  0.47
46.8  0.53
46.81  0.48
46.82  0.55
46.83  0.58
46.84  0.48
46.85  0.55
46.86  0.53
46.87  0.57
46.88  0.58
46.89  0.53
46.9  0.69
46.91  0.49
46.92  0.52
46.93  0.59
46.94  0.54
46.95  0.56
46.96  0.62
46.97  0.47
46.98  0.6
46.99  0.55
47  0.63
47.01  0.54
47.02  0.55
47.03  0.48
47.04  0.48
47.05  0.68
47.06  0.56
47.07  0.46
47.08  0.48
47.09  0.62
47.1  0.46
47.11  0.46
47.12  0.61
47.13  0.48
47.14  0.54
47.15  0.44
47.16  0.66
47.17  0.59
47.18  0.5
47.19  0.63
47.2  0.5
47.21  0.55
47.22  0.54
47.23  0.6
47.24  0.46
47.25  0.45
47.26  0.56
47.27  0.55
47.28  0.44
47.29  0.58
47.3  0.58
47.31  0.47
47.32  0.52
47.33  0.52
47.34  0.48
47.35  0.63
47.36  0.57
47.37  0.47
47.38  0.62
47.39  0.47
47.4  0.49
47.41  0.51
47.42  0.53
47.43  0.66
47.44  0.54
47.45  0.45
47.46  0.53
47.47  0.51
47.48  0.5
47.49  0.51
47.5  0.37
47.51  0.57
47.52  0.48
47.53  0.41
47.54  0.59
47.55  0.47
47.56  0.61
47.57  0.53
47.58  0.52
47.59  0.49
47.6  0.68
47.61  0.55
47.62  0.59
47.63  0.61
47.64  0.5
47.65  0.64
47.66  0.58
47.67  0.52
47.68  0.56
47.69  0.51
47.7  0.47
47.71  0.65
47.72  0.49
47.73  0.46
47.74  0.46
47.75  0.52
47.76  0.62
47.77  0.55
47.78  0.49
47.79  0.48
47.8  0.65
47.81  0.52
47.82  0.54
47.83  0.42
47.84  0.43
47.85  0.53
47.86  0.57
47.87  0.51
47.88  0.54
47.89  0.57
47.9  0.5
47.91  0.45
47.92  0.55
47.93  0.52
47.94  0.57
47.95  0.59
47.96  0.57
47.97  0.47
47.98  0.47
47.99  0.46
48  0.49
48.01  0.5
48.02  0.66
48.03  0.39
48.04  0.49
48.05  0.47
48.06  0.53
48.07  0.53
48.08  0.6
48.09  0.45
48.1  0.56
48.11  0.47
48.12  0.55
48.13  0.57
48.14  0.5
48.15  0.64
48.16  0.45
48.17  0.59
48.18  0.49
48.19  0.46
48.2  0.52
48.21  0.49
48.22  0.6
48.23  0.56
48.24  0.44
48.25  0.54
48.26  0.44
48.27  0.45
48.28  0.49
48.29  0.57
48.3  0.68
48.31  0.5
48.32  0.55
48.33  0.47
48.34  0.58
48.35  0.59
48.36  0.53
48.37  0.43
48.38  0.42
48.39  0.64
48.4  0.47
48.41  0.46
48.42  0.59
48.43  0.33
48.44  0.45
48.45  0.53
48.46  0.57
48.47  0.42
48.48  0.66
48.49  0.49
48.5  0.43
48.51  0.62
48.52  0.58
48.53  0.52
48.54  0.46
48.55  0.58
48.56  0.46
48.57  0.47
48.58  0.49
48.59  0.52
48.6  0.53
48.61  0.67
48.62  0.52
48.63  0.64
48.64  0.62
48.65  0.64
48.66  0.48
48.67  0.66
48.68  0.52
48.69  0.48
48.7  0.54
48.71  0.54
48.72  0.61
48.73  0.47
48.74  0.61
48.75  0.57
48.76  0.54
48.77  0.47
48.78  0.53
48.79  0.43
48.8  0.61
48.81  0.57
48.82  0.54
48.83  0.51
48.84  0.43
48.85  0.47
48.86  0.56
48.87  0.58
48.88  0.67
48.89  0.35
48.9  0.57
48.91  0.53
48.92  0.57
48.93  0.51
48.94  0.54
48.95  0.57
48.96  0.6
48.97  0.49
48.98  0.75
48.99  0.55
49  0.47
49.01  0.54
49.02  0.39
49.03  0.58
49.04  0.58
49.05  0.52
49.06  0.56
49.07  0.44
49.08  0.61
49.09  0.5
49.1  0.58
49.11  0.34
49.12  0.56
49.13  0.49
49.14  0.64
49.15  0.59
49.16  0.42
49.17  0.62
49.18  0.42
49.19  0.53
49.2  0.57
49.21  0.54
49.22  0.55
49.23  0.57
49.24  0.53
49.25  0.48
49.26  0.42
49.27  0.59
49.28  0.45
49.29  0.49
49.3  0.64
49.31  0.47
49.32  0.55
49.33  0.46
49.34  0.5
49.35  0.45
49.36  0.68
49.37  0.52
49.38  0.52
49.39  0.62
49.4  0.47
49.41  0.56
49.42  0.62
49.43  0.62
49.44  0.57
49.45  0.5
49.46  0.46
49.47  0.57
49.48  0.53
49.49  0.66
49.5  0.66
49.51  0.44
49.52  0.53
49.53  0.42
49.54  0.49
49.55  0.48
49.56  0.47
49.57  0.61
49.58  0.48
49.59  0.49
49.6  0.52
49.61  0.59
49.62  0.47
49.63  0.62
49.64  0.41
49.65  0.66
49.66  0.47
49.67  0.47
49.68  0.48
49.69  0.5
49.7  0.44
49.71  0.45
49.72  0.61
49.73  0.63
49.74  0.52
49.75  0.48
49.76  0.49
49.77  0.52
49.78  0.57
49.79  0.52
49.8  0.56
49.81  0.4
49.82  0.53
49.83  0.51
49.84  0.6
49.85  0.62
49.86  0.45
49.87  0.57
49.88  0.41
49.89  0.52
49.9  0.4
49.91  0.52
49.92  0.53
49.93  0.43
49.94  0.6
49.95  0.5
49.96  0.51
49.97  0.57
49.98  0.5
49.99  0.65
50  0.47
50.01  0.58
50.02  0.5
50.03  0.68
50.04  0.56
50.05  0.5
50.06  0.62
50.07  0.57
50.08  0.59
50.09  0.5
50.1  0.46
50.11  0.54
50.12  0.42
50.13  0.51
50.14  0.55
50.15  0.43
50.16  0.64
50.17  0.55
50.18  0.54
50.19  0.51
50.2  0.49
50.21  0.52
50.22  0.54
50.23  0.61
50.24  0.56
50.25  0.59
50.26  0.51
50.27  0.55
50.28  0.69
50.29  0.62
50.3  0.55
50.31  0.43
50.32  0.49
50.33  0.5
50.34  0.43
50.35  0.53
50.36  0.46
50.37  0.42
50.38  0.52
50.39  0.51
50.4  0.5
50.41  0.55
50.42  0.47
50.43  0.6
50.44  0.45
50.45  0.51
50.46  0.49
50.47  0.43
50.48  0.53
50.49  0.46
50.5  0.46
50.51  0.44
50.52  0.49
50.53  0.53
50.54  0.54
50.55  0.51
50.56  0.47
50.57  0.69
50.58  0.65
50.59  0.6
50.6  0.46
50.61  0.52
50.62  0.49
50.63  0.52
50.64  0.63
50.65  0.53
50.66  0.56
50.67  0.45
50.68  0.47
50.69  0.46
50.7  0.59
50.71  0.69
50.72  0.55
50.73  0.45
50.74  0.57
50.75  0.51
50.76  0.65
50.77  0.52
50.78  0.47
50.79  0.54
50.8  0.51
50.81  0.61
50.82  0.42
50.83  0.38
50.84  0.54
50.85  0.46
50.86  0.71
50.87  0.5
50.88  0.45
50.89  0.58
50.9  0.58
50.91  0.58
50.92  0.67
50.93  0.61
50.94  0.61
50.95  0.58
50.96  0.61
50.97  0.53
50.98  0.58
50.99  0.5
51  0.54
51.01  0.48
51.02  0.56
51.03  0.55
51.04  0.77
51.05  0.42
51.06  0.57
51.07  0.51
51.08  0.55
51.09  0.55
51.1  0.58
51.11  0.48
51.12  0.47
51.13  0.63
51.14  0.52
51.15  0.54
51.16  0.49
51.17  0.46
51.18  0.5
51.19  0.47
51.2  0.55
51.21  0.44
51.22  0.41
51.23  0.53
51.24  0.54
51.25  0.58
51.26  0.55
51.27  0.51
51.28  0.6
51.29  0.51
51.3  0.5
51.31  0.41
51.32  0.58
51.33  0.51
51.34  0.48
51.35  0.61
51.36  0.55
51.37  0.5
51.38  0.57
51.39  0.49
51.4  0.43
51.41  0.52
51.42  0.53
51.43  0.52
51.44  0.62
51.45  0.51
51.46  0.51
51.47  0.44
51.48  0.53
51.49  0.63
51.5  0.66
51.51  0.51
51.52  0.61
51.53  0.53
51.54  0.54
51.55  0.59
51.56  0.41
51.57  0.43
51.58  0.6
51.59  0.61
51.6  0.53
51.61  0.42
51.62  0.55
51.63  0.53
51.64  0.36
51.65  0.8
51.66  0.57
51.67  0.53
51.68  0.62
51.69  0.47
51.7  0.48
51.71  0.5
51.72  0.57
51.73  0.48
51.74  0.45
51.75  0.51
51.76  0.49
51.77  0.59
51.78  0.56
51.79  0.52
51.8  0.63
51.81  0.47
51.82  0.51
51.83  0.54
51.84  0.45
51.85  0.48
51.86  0.48
51.87  0.53
51.88  0.51
51.89  0.42
51.9  0.49
51.91  0.52
51.92  0.56
51.93  0.54
51.94  0.65
51.95  0.51
51.96  0.5
51.97  0.5
51.98  0.62
51.99  0.54
52  0.42
52.01  0.48
52.02  0.55
52.03  0.63
52.04  0.53
52.05  0.53
52.06  0.45
52.07  0.6
52.08  0.67
52.09  0.54
52.1  0.48
52.11  0.59
52.12  0.36
52.13  0.44
52.14  0.53
52.15  0.42
52.16  0.46
52.17  0.56
52.18  0.46
52.19  0.63
52.2  0.6
52.21  0.53
52.22  0.41
52.23  0.69
52.24  0.66
52.25  0.5
52.26  0.54
52.27  0.5
52.28  0.4
52.29  0.57
52.3  0.52
52.31  0.41
52.32  0.45
52.33  0.53
52.34  0.57
52.35  0.66
52.36  0.55
52.37  0.44
52.38  0.59
52.39  0.63
52.4  0.63
52.41  0.46
52.42  0.55
52.43  0.59
52.44  0.52
52.45  0.53
52.46  0.5
52.47  0.57
52.48  0.67
52.49  0.59
52.5  0.41
52.51  0.59
52.52  0.75
52.53  0.49
52.54  0.52
52.55  0.47
52.56  0.66
52.57  0.56
52.58  0.46
52.59  0.55
52.6  0.52
52.61  0.57
52.62  0.42
52.63  0.56
52.64  0.52
52.65  0.67
52.66  0.52
52.67  0.53
52.68  0.4
52.69  0.45
52.7  0.51
52.71  0.53
52.72  0.31
52.73  0.7
52.74  0.51
52.75  0.49
52.76  0.53
52.77  0.59
52.78  0.45
52.79  0.46
52.8  0.54
52.81  0.56
52.82  0.43
52.83  0.7
52.84  0.56
52.85  0.57
52.86  0.52
52.87  0.64
52.88  0.65
52.89  0.45
52.9  0.5
52.91  0.49
52.92  0.58
52.93  0.63
52.94  0.54
52.95  0.64
52.96  0.46
52.97  0.61
52.98  0.58
52.99  0.47
53  0.51
53.01  0.5
53.02  0.47
53.03  0.57
53.04  0.53
53.05  0.5
53.06  0.56
53.07  0.58
53.08  0.43
53.09  0.63
53.1  0.52
53.11  0.49
53.12  0.5
53.13  0.64
53.14  0.54
53.15  0.51
53.16  0.48
53.17  0.42
53.18  0.44
53.19  0.54
53.2  0.44
53.21  0.51
53.22  0.51
53.23  0.5
53.24  0.56
53.25  0.54
53.26  0.53
53.27  0.47
53.28  0.54
53.29  0.56
53.3  0.55
53.31  0.58
53.32  0.63
53.33  0.51
53.34  0.55
53.35  0.43
53.36  0.61
53.37  0.52
53.38  0.58
53.39  0.44
53.4  0.51
53.41  0.49
53.42  0.55
53.43  0.52
53.44  0.51
53.45  0.57
53.46  0.47
53.47  0.54
53.48  0.49
53.49  0.49
53.5  0.54
53.51  0.54
53.52  0.48
53.53  0.47
53.54  0.55
53.55  0.47
53.56  0.6
53.57  0.5
53.58  0.47
53.59  0.55
53.6  0.44
53.61  0.49
53.62  0.57
53.63  0.53
53.64  0.53
53.65  0.53
53.66  0.55
53.67  0.49
53.68  0.57
53.69  0.61
53.7  0.5
53.71  0.47
53.72  0.62
53.73  0.5
53.74  0.63
53.75  0.52
53.76  0.41
53.77  0.44
53.78  0.43
53.79  0.58
53.8  0.42
53.81  0.49
53.82  0.51
53.83  0.45
53.84  0.44
53.85  0.73
53.86  0.51
53.87  0.6
53.88  0.56
53.89  0.62
53.9  0.62
53.91  0.47
53.92  0.45
53.93  0.58
53.94  0.55
53.95  0.56
53.96  0.53
53.97  0.48
53.98  0.48
53.99  0.54
54  0.57
54.01  0.61
54.02  0.51
54.03  0.5
54.04  0.52
54.05  0.43
54.06  0.44
54.07  0.62
54.08  0.58
54.09  0.6
54.1  0.62
54.11  0.51
54.12  0.52
54.13  0.53
54.14  0.48
54.15  0.51
54.16  0.5
54.17  0.45
54.18  0.64
54.19  0.52
54.2  0.38
54.21  0.45
54.22  0.43
54.23  0.52
54.24  0.5
54.25  0.55
54.26  0.53
54.27  0.5
54.28  0.46
54.29  0.58
54.3  0.66
54.31  0.49
54.32  0.51
54.33  0.5
54.34  0.58
54.35  0.57
54.36  0.55
54.37  0.5
54.38  0.42
54.39  0.51
54.4  0.45
54.41  0.53
54.42  0.46
54.43  0.55
54.44  0.62
54.45  0.55
54.46  0.45
54.47  0.56
54.48  0.57
54.49  0.45
54.5  0.59
54.51  0.35
54.52  0.47
54.53  0.49
54.54  0.45
54.55  0.5
54.56  0.49
54.57  0.54
54.58  0.61
54.59  0.68
54.6  0.46
54.61  0.54
54.62  0.5
54.63  0.66
54.64  0.52
54.65  0.5
54.66  0.51
54.67  0.59
54.68  0.49
54.69  0.45
54.7  0.39
54.71  0.47
54.72  0.58
54.73  0.64
54.74  0.53
54.75  0.43
54.76  0.44
54.77  0.61
54.78  0.62
54.79  0.51
54.8  0.65
54.81  0.5
54.82  0.49
54.83  0.62
54.84  0.57
54.85  0.47
54.86  0.46
54.87  0.51
54.88  0.56
54.89  0.47
54.9  0.47
54.91  0.51
54.92  0.58
54.93  0.55
54.94  0.56
54.95  0.54
54.96  0.55
54.97  0.44
54.98  0.58
54.99  0.52
55  0.68
55.01  0.61
55.02  0.72
55.03  0.55
55.04  0.54
55.05  0.73
55.06  0.37
55.07  0.45
55.08  0.46
55.09  0.48
55.1  0.46
55.11  0.6
55.12  0.56
55.13  0.62
55.14  0.65
55.15  0.55
55.16  0.45
55.17  0.49
55.18  0.6
55.19  0.56
55.2  0.36
55.21  0.49
55.22  0.52
55.23  0.57
55.24  0.59
55.25  0.48
55.26  0.56
55.27  0.5
55.28  0.59
55.29  0.45
55.3  0.7
55.31  0.58
55.32  0.55
55.33  0.45
55.34  0.64
55.35  0.37
55.36  0.54
55.37  0.51
55.38  0.44
55.39  0.51
55.4  0.5
55.41  0.52
55.42  0.53
55.43  0.67
55.44  0.56
55.45  0.52
55.46  0.4
55.47  0.55
55.48  0.56
55.49  0.62
55.5  0.6
55.51  0.46
55.52  0.43
55.53  0.45
55.54  0.5
55.55  0.51
55.56  0.6
55.57  0.55
55.58  0.6
55.59  0.62
55.6  0.54
55.61  0.69
55.62  0.69
55.63  0.51
55.64  0.41
55.65  0.57
55.66  0.6
55.67  0.43
55.68  0.53
55.69  0.7
55.7  0.54
55.71  0.49
55.72  0.42
55.73  0.48
55.74  0.48
55.75  0.5
55.76  0.53
55.77  0.55
55.78  0.48
55.79  0.52
55.8  0.57
55.81  0.45
55.82  0.61
55.83  0.61
55.84  0.44
55.85  0.53
55.86  0.53
55.87  0.5
55.88  0.62
55.89  0.41
55.9  0.6
55.91  0.51
55.92  0.41
55.93  0.65
55.94  0.7
55.95  0.55
55.96  0.56
55.97  0.4
55.98  0.48
55.99  0.49
56  0.44
56.01  0.57
56.02  0.53
56.03  0.56
56.04  0.57
56.05  0.59
56.06  0.51
56.07  0.49
56.08  0.55
56.09  0.48
56.1  0.5
56.11  0.43
56.12  0.5
56.13  0.57
56.14  0.58
56.15  0.66
56.16  0.48
56.17  0.48
56.18  0.62
56.19  0.57
56.2  0.52
56.21  0.48
56.22  0.53
56.23  0.43
56.24  0.65
56.25  0.47
56.26  0.59
56.27  0.5
56.28  0.6
56.29  0.53
56.3  0.61
56.31  0.49
56.32  0.49
56.33  0.44
56.34  0.62
56.35  0.52
56.36  0.52
56.37  0.57
56.38  0.44
56.39  0.62
56.4  0.46
56.41  0.56
56.42  0.52
56.43  0.66
56.44  0.6
56.45  0.59
56.46  0.54
56.47  0.4
56.48  0.38
56.49  0.56
56.5  0.65
56.51  0.53
56.52  0.54
56.53  0.49
56.54  0.52
56.55  0.55
56.56  0.46
56.57  0.65
56.58  0.55
56.59  0.52
56.6  0.45
56.61  0.53
56.62  0.59
56.63  0.54
56.64  0.62
56.65  0.53
56.66  0.48
56.67  0.62
56.68  0.47
56.69  0.59
56.7  0.42
56.71  0.61
56.72  0.6
56.73  0.54
56.74  0.68
56.75  0.4
56.76  0.5
56.77  0.5
56.78  0.53
56.79  0.43
56.8  0.51
56.81  0.44
56.82  0.49
56.83  0.62
56.84  0.62
56.85  0.56
56.86  0.42
56.87  0.54
56.88  0.54
56.89  0.59
56.9  0.46
56.91  0.52
56.92  0.41
56.93  0.48
56.94  0.52
56.95  0.48
56.96  0.42
56.97  0.57
56.98  0.57
56.99  0.5
57  0.52
57.01  0.54
57.02  0.51
57.03  0.5
57.04  0.4
57.05  0.45
57.06  0.58
57.07  0.4
57.08  0.56
57.09  0.64
57.1  0.43
57.11  0.64
57.12  0.56
57.13  0.62
57.14  0.35
57.15  0.41
57.16  0.43
57.17  0.55
57.18  0.57
57.19  0.51
57.2  0.69
57.21  0.5
57.22  0.57
57.23  0.54
57.24  0.45
57.25  0.55
57.26  0.55
57.27  0.43
57.28  0.45
57.29  0.47
57.3  0.46
57.31  0.66
57.32  0.52
57.33  0.61
57.34  0.54
57.35  0.55
57.36  0.38
57.37  0.58
57.38  0.48
57.39  0.52
57.4  0.59
57.41  0.45
57.42  0.6
57.43  0.6
57.44  0.62
57.45  0.63
57.46  0.53
57.47  0.42
57.48  0.55
57.49  0.45
57.5  0.5
57.51  0.55
57.52  0.57
57.53  0.51
57.54  0.65
57.55  0.47
57.56  0.53
57.57  0.49
57.58  0.45
57.59  0.59
57.6  0.53
57.61  0.59
57.62  0.56
57.63  0.53
57.64  0.48
57.65  0.62
57.66  0.58
57.67  0.59
57.68  0.6
57.69  0.72
57.7  0.54
57.71  0.51
57.72  0.46
57.73  0.41
57.74  0.5
57.75  0.44
57.76  0.47
57.77  0.41
57.78  0.46
57.79  0.68
57.8  0.55
57.81  0.51
57.82  0.47
57.83  0.43
57.84  0.52
57.85  0.54
57.86  0.59
57.87  0.43
57.88  0.4
57.89  0.42
57.9  0.48
57.91  0.62
57.92  0.59
57.93  0.38
57.94  0.66
57.95  0.58
57.96  0.57
57.97  0.71
57.98  0.44
57.99  0.7
58  0.42
58.01  0.58
58.02  0.62
58.03  0.6
58.04  0.46
58.05  0.5
58.06  0.48
58.07  0.63
58.08  0.5
58.09  0.61
58.1  0.58
58.11  0.65
58.12  0.64
58.13  0.47
58.14  0.52
58.15  0.54
58.16  0.69
58.17  0.6
58.18  0.59
58.19  0.48
58.2  0.56
58.21  0.48
58.22  0.57
58.23  0.46
58.24  0.62
58.25  0.48
58.26  0.53
58.27  0.56
58.28  0.56
58.29  0.55
58.3  0.42
58.31  0.65
58.32  0.58
58.33  0.43
58.34  0.55
58.35  0.48
58.36  0.56
58.37  0.46
58.38  0.47
58.39  0.51
58.4  0.56
58.41  0.43
58.42  0.57
58.43  0.46
58.44  0.41
58.45  0.54
58.46  0.57
58.47  0.58
58.48  0.55
58.49  0.48
58.5  0.46
58.51  0.61
58.52  0.58
58.53  0.49
58.54  0.66
58.55  0.58
58.56  0.47
58.57  0.52
58.58  0.45
58.59  0.44
58.6  0.52
58.61  0.54
58.62  0.6
58.63  0.46
58.64  0.58
58.65  0.5
58.66  0.52
58.67  0.59
58.68  0.47
58.69  0.77
58.7  0.59
58.71  0.51
58.72  0.65
58.73  0.57
58.74  0.45
58.75  0.57
58.76  0.54
58.77  0.64
58.78  0.53
58.79  0.56
58.8  0.59
58.81  0.55
58.82  0.49
58.83  0.62
58.84  0.52
58.85  0.51
58.86  0.35
58.87  0.49
58.88  0.56
58.89  0.45
58.9  0.55
58.91  0.5
58.92  0.43
58.93  0.55
58.94  0.47
58.95  0.38
58.96  0.36
58.97  0.53
58.98  0.55
58.99  0.59
59  0.59
59.01  0.58
59.02  0.54
59.03  0.61
59.04  0.4
59.05  0.64
59.06  0.54
59.07  0.48
59.08  0.56
59.09  0.62
59.1  0.59
59.11  0.6
59.12  0.6
59.13  0.4
59.14  0.59
59.15  0.53
59.16  0.59
59.17  0.45
59.18  0.57
59.19  0.44
59.2  0.55
59.21  0.49
59.22  0.43
59.23  0.5
59.24  0.5
59.25  0.6
59.26  0.49
59.27  0.49
59.28  0.43
59.29  0.53
59.3  0.59
59.31  0.45
59.32  0.48
59.33  0.55
59.34  0.62
59.35  0.46
59.36  0.54
59.37  0.5
59.38  0.42
59.39  0.49
59.4  0.56
59.41  0.42
59.42  0.51
59.43  0.48
59.44  0.59
59.45  0.53
59.46  0.59
59.47  0.58
59.48  0.68
59.49  0.48
59.5  0.53
59.51  0.43
59.52  0.59
59.53  0.67
59.54  0.49
59.55  0.72
59.56  0.46
59.57  0.42
59.58  0.48
59.59  0.44
59.6  0.47
59.61  0.49
59.62  0.52
59.63  0.54
59.64  0.48
59.65  0.56
59.66  0.48
59.67  0.67
59.68  0.48
59.69  0.54
59.7  0.5
59.71  0.43
59.72  0.48
59.73  0.54
59.74  0.51
59.75  0.55
59.76  0.62
59.77  0.43
59.78  0.56
59.79  0.75
59.8  0.5
59.81  0.66
59.82  0.56
59.83  0.54
59.84  0.62
59.85  0.43
59.86  0.49
59.87  0.49
59.88  0.48
59.89  0.54
59.9  0.46
59.91  0.51
59.92  0.54
59.93  0.55
59.94  0.54
59.95  0.53
59.96  0.56
59.97  0.45
59.98  0.53
59.99  0.46
