-15  0
-14.99  0
-14.98  0.01
-14.97  0
-14.96  0.01
-14.95  0.02
-14.94  0.01
-14.93  0.01
-14.92  0.03
-14.91  0.02
-14.9  0.02
-14.89  0.02
-14.88  0.03
-14.87  0.03
-14.86  0.04
-14.85  0.03
-14.84  0.03
-14.83  0.03
-14.82  0.03
-14.81  0.04
-14.8  0.06
-14.79  0.04
-14.78  0.04
-14.77  0.04
-14.76  0.05
-14.75  0.06
-14.74  0.04
-14.73  0.05
-14.72  0.06
-14.71  0.04
-14.7  0.06
-14.69  0.07
-14.68  0.05
-14.67  0.05
-14.66  0.08
-14.65  0.04
-14.64  0.07
-14.63  0.07
-14.62  0.06
-14.61  0.07
-14.6  0.07
-14.59  0.06
-14.58  0.07
-14.57  0.09
-14.56  0.08
-14.55  0.07
-14.54  0.06
-14.53  0.08
-14.52  0.08
-14.51  0.08
-14.5  0.07
-14.49  0.1
-14.48  0.07
-14.47  0.09
-14.46  0.09
-14.45  0.09
-14.44  0.08
-14.43  0.09
-14.42  0.07
-14.41  0.1
-14.4  0.1
-14.39  0.09
-14.38  0.11
-14.37  0.08
-14.36  0.1
-14.35  0.09
-14.34  0.1
-14.33  0.11
-14.32  0.1
-14.31  0.09
-14.3  0.1
-14.29  0.13
-14.28  0.08
-14.27  0.12
-14.26  0.11
-14.25  0.1
-14.24  0.12
-14.23  0.12
-14.22  0.09
-14.21  0.1
-14.2  0.12
-14.19  0.13
-14.18  0.11
-14.17  0.13
-14.16  0.12
-14.15  0.11
-14.14  0.12
-14.13  0.12
-14.12  0.11
-14.11  0.14
-14.1  0.11
-14.09  0.14
-14.08  0.13
-14.07  0.11
-14.06  0.13
-14.05  0.15
-14.04  0.12
-14.03  0.13
-14.02  0.14
-14.01  0.13
-14  0.13
-13.99  0.14
-13.98  0.13
-13.97  0.14
-13.96  0.14
-13.95  0.13
-13.94  0.15
-13.93  0.15
-13.92  0.14
-13.91  0.14
-13.9  0.12
-13.89  0.19
-13.88  0.12
-13.87  0.15
-13.86  0.14
-13.85  0.15
-13.84  0.17
-13.83  0.14
-13.82  0.16
-13.81  0.15
-13.8  0.15
-13.79  0.16
-13.78  0.15
-13.77  0.16
-13.76  0.16
-13.75  0.14
-13.74  0.17
-13.73  0.15
-13.72  0.17
-13.71  0.15
-13.7  0.16
-13.69  0.2
-13.68  0.16
-13.67  0.15
-13.66  0.18
-13.65  0.16
-13.64  0.17
-13.63  0.15
-13.62  0.15
-13.61  0.19
-13.6  0.19
-13.59  0.17
-13.58  0.17
-13.57  0.17
-13.56  0.17
-13.55  0.18
-13.54  0.19
-13.53  0.17
-13.52  0.15
-13.51  0.18
-13.5  0.21
-13.49  0.18
-13.48  0.18
-13.47  0.18
-13.46  0.15
-13.45  0.2
-13.44  0.18
-13.43  0.21
-13.42  0.18
-13.41  0.19
-13.4  0.18
-13.39  0.17
-13.38  0.19
-13.37  0.19
-13.36  0.2
-13.35  0.18
-13.34  0.18
-13.33  0.18
-13.32  0.2
-13.31  0.2
-13.3  0.2
-13.29  0.22
-13.28  0.18
-13.27  0.2
-13.26  0.17
-13.25  0.21
-13.24  0.2
-13.23  0.2
-13.22  0.18
-13.21  0.22
-13.2  0.18
-13.19  0.21
-13.18  0.18
-13.17  0.21
-13.16  0.21
-13.15  0.21
-13.14  0.21
-13.13  0.19
-13.12  0.21
-13.11  0.2
-13.1  0.2
-13.09  0.19
-13.08  0.21
-13.07  0.21
-13.06  0.21
-13.05  0.19
-13.04  0.21
-13.03  0.23
-13.02  0.21
-13.01  0.23
-13  0.17
-12.99  0.21
-12.98  0.23
-12.97  0.21
-12.96  0.21
-12.95  0.19
-12.94  0.23
-12.93  0.21
-12.92  0.21
-12.91  0.23
-12.9  0.18
-12.89  0.22
-12.88  0.22
-12.87  0.23
-12.86  0.22
-12.85  0.22
-12.84  0.19
-12.83  0.2
-12.82  0.24
-12.81  0.23
-12.8  0.21
-12.79  0.21
-12.78  0.19
-12.77  0.24
-12.76  0.2
-12.75  0.21
-12.74  0.25
-12.73  0.22
-12.72  0.2
-12.71  0.25
-12.7  0.19
-12.69  0.22
-12.68  0.26
-12.67  0.18
-12.66  0.22
-12.65  0.23
-12.64  0.22
-12.63  0.19
-12.62  0.27
-12.61  0.22
-12.6  0.2
-12.59  0.22
-12.58  0.23
-12.57  0.22
-12.56  0.24
-12.55  0.22
-12.54  0.23
-12.53  0.19
-12.52  0.23
-12.51  0.23
-12.5  0.24
-12.49  0.21
-12.48  0.23
-12.47  0.23
-12.46  0.2
-12.45  0.22
-12.44  0.24
-12.43  0.24
-12.42  0.21
-12.41  0.21
-12.4  0.24
-12.39  0.24
-12.38  0.21
-12.37  0.23
-12.36  0.22
-12.35  0.21
-12.34  0.23
-12.33  0.23
-12.32  0.23
-12.31  0.23
-12.3  0.2
-12.29  0.23
-12.28  0.23
-12.27  0.24
-12.26  0.24
-12.25  0.21
-12.24  0.23
-12.23  0.24
-12.22  0.2
-12.21  0.23
-12.2  0.23
-12.19  0.23
-12.18  0.24
-12.17  0.22
-12.16  0.21
-12.15  0.21
-12.14  0.21
-12.13  0.24
-12.12  0.26
-12.11  0.21
-12.1  0.23
-12.09  0.22
-12.08  0.24
-12.07  0.24
-12.06  0.21
-12.05  0.24
-12.04  0.24
-12.03  0.22
-12.02  0.2
-12.01  0.23
-12  0.22
-11.99  0.22
-11.98  0.23
-11.97  0.24
-11.96  0.2
-11.95  0.23
-11.94  0.27
-11.93  0.2
-11.92  0.23
-11.91  0.24
-11.9  0.21
-11.89  0.26
-11.88  0.2
-11.87  0.22
-11.86  0.23
-11.85  0.23
-11.84  0.21
-11.83  0.24
-11.82  0.21
-11.81  0.23
-11.8  0.24
-11.79  0.23
-11.78  0.21
-11.77  0.22
-11.76  0.26
-11.75  0.2
-11.74  0.24
-11.73  0.21
-11.72  0.24
-11.71  0.22
-11.7  0.24
-11.69  0.21
-11.68  0.24
-11.67  0.21
-11.66  0.23
-11.65  0.26
-11.64  0.2
-11.63  0.2
-11.62  0.24
-11.61  0.25
-11.6  0.19
-11.59  0.23
-11.58  0.24
-11.57  0.22
-11.56  0.24
-11.55  0.22
-11.54  0.23
-11.53  0.23
-11.52  0.21
-11.51  0.22
-11.5  0.23
-11.49  0.19
-11.48  0.23
-11.47  0.25
-11.46  0.23
-11.45  0.24
-11.44  0.19
-11.43  0.23
-11.42  0.23
-11.41  0.23
-11.4  0.22
-11.39  0.2
-11.38  0.27
-11.37  0.24
-11.36  0.23
-11.35  0.23
-11.34  0.19
-11.33  0.22
-11.32  0.24
-11.31  0.19
-11.3  0.28
-11.29  0.21
-11.28  0.21
-11.27  0.22
-11.26  0.21
-11.25  0.21
-11.24  0.24
-11.23  0.21
-11.22  0.28
-11.21  0.21
-11.2  0.21
-11.19  0.24
-11.18  0.22
-11.17  0.21
-11.16  0.22
-11.15  0.21
-11.14  0.23
-11.13  0.27
-11.12  0.18
-11.11  0.2
-11.1  0.25
-11.09  0.23
-11.08  0.21
-11.07  0.25
-11.06  0.24
-11.05  0.18
-11.04  0.23
-11.03  0.24
-11.02  0.23
-11.01  0.22
-11  0.22
-10.99  0.2
-10.98  0.24
-10.97  0.24
-10.96  0.21
-10.95  0.22
-10.94  0.23
-10.93  0.2
-10.92  0.25
-10.91  0.2
-10.9  0.26
-10.89  0.19
-10.88  0.21
-10.87  0.25
-10.86  0.22
-10.85  0.23
-10.84  0.22
-10.83  0.23
-10.82  0.24
-10.81  0.21
-10.8  0.21
-10.79  0.2
-10.78  0.27
-10.77  0.21
-10.76  0.21
-10.75  0.21
-10.74  0.23
-10.73  0.22
-10.72  0.24
-10.71  0.2
-10.7  0.23
-10.69  0.21
-10.68  0.23
-10.67  0.24
-10.66  0.23
-10.65  0.26
-10.64  0.19
-10.63  0.21
-10.62  0.24
-10.61  0.2
-10.6  0.2
-10.59  0.23
-10.58  0.23
-10.57  0.26
-10.56  0.22
-10.55  0.2
-10.54  0.21
-10.53  0.21
-10.52  0.22
-10.51  0.23
-10.5  0.26
-10.49  0.22
-10.48  0.22
-10.47  0.22
-10.46  0.22
-10.45  0.22
-10.44  0.22
-10.43  0.2
-10.42  0.23
-10.41  0.25
-10.4  0.2
-10.39  0.22
-10.38  0.25
-10.37  0.2
-10.36  0.21
-10.35  0.24
-10.34  0.23
-10.33  0.24
-10.32  0.2
-10.31  0.22
-10.3  0.21
-10.29  0.22
-10.28  0.22
-10.27  0.26
-10.26  0.22
-10.25  0.23
-10.24  0.2
-10.23  0.23
-10.22  0.18
-10.21  0.24
-10.2  0.25
-10.19  0.22
-10.18  0.19
-10.17  0.21
-10.16  0.22
-10.15  0.23
-10.14  0.26
-10.13  0.2
-10.12  0.21
-10.11  0.23
-10.1  0.24
-10.09  0.23
-10.08  0.22
-10.07  0.22
-10.06  0.21
-10.05  0.22
-10.04  0.23
-10.03  0.24
-10.02  0.21
-10.01  0.23
-10  0.21
-9.99  0.22
-9.98  0.22
-9.97  0.24
-9.96  0.17
-9.95  0.22
-9.94  0.26
-9.93  0.19
-9.92  0.23
-9.91  0.27
-9.9  0.19
-9.89  0.23
-9.88  0.23
-9.87  0.26
-9.86  0.22
-9.85  0.19
-9.84  0.21
-9.83  0.21
-9.82  0.26
-9.81  0.2
-9.8  0.22
-9.79  0.23
-9.78  0.22
-9.77  0.21
-9.76  0.21
-9.75  0.25
-9.74  0.21
-9.73  0.23
-9.72  0.21
-9.71  0.24
-9.7  0.23
-9.69  0.22
-9.68  0.21
-9.67  0.24
-9.66  0.22
-9.65  0.2
-9.64  0.23
-9.63  0.23
-9.62  0.22
-9.61  0.24
-9.6  0.2
-9.59  0.21
-9.58  0.21
-9.57  0.23
-9.56  0.22
-9.55  0.24
-9.54  0.23
-9.53  0.21
-9.52  0.22
-9.51  0.24
-9.5  0.2
-9.49  0.22
-9.48  0.2
-9.47  0.29
-9.46  0.2
-9.45  0.21
-9.44  0.24
-9.43  0.22
-9.42  0.22
-9.41  0.23
-9.4  0.17
-9.39  0.23
-9.38  0.26
-9.37  0.23
-9.36  0.2
-9.35  0.23
-9.34  0.2
-9.33  0.22
-9.32  0.25
-9.31  0.23
-9.3  0.19
-9.29  0.24
-9.28  0.22
-9.27  0.23
-9.26  0.19
-9.25  0.22
-9.24  0.27
-9.23  0.25
-9.22  0.2
-9.21  0.2
-9.2  0.22
-9.19  0.21
-9.18  0.22
-9.17  0.22
-9.16  0.23
-9.15  0.21
-9.14  0.21
-9.13  0.26
-9.12  0.23
-9.11  0.21
-9.1  0.2
-9.09  0.21
-9.08  0.26
-9.07  0.22
-9.06  0.25
-9.05  0.19
-9.04  0.23
-9.03  0.25
-9.02  0.21
-9.01  0.22
-9  0.19
-8.99  0.23
-8.98  0.24
-8.97  0.19
-8.96  0.24
-8.95  0.2
-8.94  0.22
-8.93  0.22
-8.92  0.25
-8.91  0.23
-8.9  0.19
-8.89  0.25
-8.88  0.24
-8.87  0.19
-8.86  0.24
-8.85  0.21
-8.84  0.25
-8.83  0.24
-8.82  0.2
-8.81  0.21
-8.8  0.23
-8.79  0.22
-8.78  0.22
-8.77  0.22
-8.76  0.18
-8.75  0.26
-8.74  0.21
-8.73  0.25
-8.72  0.23
-8.71  0.23
-8.7  0.21
-8.69  0.21
-8.68  0.19
-8.67  0.23
-8.66  0.22
-8.65  0.24
-8.64  0.21
-8.63  0.25
-8.62  0.23
-8.61  0.21
-8.6  0.21
-8.59  0.23
-8.58  0.24
-8.57  0.21
-8.56  0.22
-8.55  0.26
-8.54  0.19
-8.53  0.22
-8.52  0.2
-8.51  0.23
-8.5  0.23
-8.49  0.21
-8.48  0.21
-8.47  0.21
-8.46  0.22
-8.45  0.24
-8.44  0.25
-8.43  0.25
-8.42  0.23
-8.41  0.22
-8.4  0.19
-8.39  0.22
-8.38  0.23
-8.37  0.23
-8.36  0.17
-8.35  0.26
-8.34  0.22
-8.33  0.21
-8.32  0.23
-8.31  0.23
-8.3  0.22
-8.29  0.23
-8.28  0.21
-8.27  0.23
-8.26  0.21
-8.25  0.24
-8.24  0.18
-8.23  0.21
-8.22  0.25
-8.21  0.25
-8.2  0.24
-8.19  0.22
-8.18  0.21
-8.17  0.22
-8.16  0.22
-8.15  0.19
-8.14  0.28
-8.13  0.22
-8.12  0.19
-8.11  0.21
-8.1  0.25
-8.09  0.2
-8.08  0.19
-8.07  0.23
-8.06  0.26
-8.05  0.2
-8.04  0.22
-8.03  0.25
-8.02  0.21
-8.01  0.23
-8  0.2
-7.99  0.26
-7.98  0.21
-7.97  0.24
-7.96  0.23
-7.95  0.22
-7.94  0.18
-7.93  0.24
-7.92  0.22
-7.91  0.2
-7.9  0.23
-7.89  0.26
-7.88  0.21
-7.87  0.21
-7.86  0.23
-7.85  0.22
-7.84  0.21
-7.83  0.24
-7.82  0.24
-7.81  0.18
-7.8  0.24
-7.79  0.22
-7.78  0.22
-7.77  0.24
-7.76  0.23
-7.75  0.24
-7.74  0.21
-7.73  0.18
-7.72  0.22
-7.71  0.24
-7.7  0.21
-7.69  0.23
-7.68  0.25
-7.67  0.23
-7.66  0.21
-7.65  0.2
-7.64  0.23
-7.63  0.2
-7.62  0.24
-7.61  0.18
-7.6  0.23
-7.59  0.24
-7.58  0.21
-7.57  0.25
-7.56  0.25
-7.55  0.21
-7.54  0.22
-7.53  0.23
-7.52  0.22
-7.51  0.26
-7.5  0.18
-7.49  0.2
-7.48  0.26
-7.47  0.21
-7.46  0.27
-7.45  0.19
-7.44  0.22
-7.43  0.21
-7.42  0.18
-7.41  0.21
-7.4  0.26
-7.39  0.21
-7.38  0.25
-7.37  0.2
-7.36  0.21
-7.35  0.22
-7.34  0.24
-7.33  0.24
-7.32  0.22
-7.31  0.26
-7.3  0.21
-7.29  0.2
-7.28  0.25
-7.27  0.18
-7.26  0.24
-7.25  0.21
-7.24  0.22
-7.23  0.22
-7.22  0.21
-7.21  0.23
-7.2  0.23
-7.19  0.22
-7.18  0.24
-7.17  0.23
-7.16  0.19
-7.15  0.22
-7.14  0.26
-7.13  0.2
-7.12  0.23
-7.11  0.23
-7.1  0.21
-7.09  0.24
-7.08  0.2
-7.07  0.23
-7.06  0.2
-7.05  0.25
-7.04  0.21
-7.03  0.23
-7.02  0.24
-7.01  0.21
-7  0.21
-6.99  0.22
-6.98  0.23
-6.97  0.22
-6.96  0.22
-6.95  0.24
-6.94  0.2
-6.93  0.24
-6.92  0.21
-6.91  0.17
-6.9  0.27
-6.89  0.22
-6.88  0.25
-6.87  0.2
-6.86  0.22
-6.85  0.22
-6.84  0.25
-6.83  0.22
-6.82  0.21
-6.81  0.21
-6.8  0.25
-6.79  0.21
-6.78  0.19
-6.77  0.25
-6.76  0.25
-6.75  0.18
-6.74  0.24
-6.73  0.22
-6.72  0.23
-6.71  0.19
-6.7  0.24
-6.69  0.2
-6.68  0.24
-6.67  0.24
-6.66  0.21
-6.65  0.24
-6.64  0.21
-6.63  0.21
-6.62  0.17
-6.61  0.26
-6.6  0.26
-6.59  0.23
-6.58  0.22
-6.57  0.22
-6.56  0.27
-6.55  0.2
-6.54  0.21
-6.53  0.18
-6.52  0.21
-6.51  0.24
-6.5  0.21
-6.49  0.24
-6.48  0.21
-6.47  0.21
-6.46  0.22
-6.45  0.24
-6.44  0.26
-6.43  0.17
-6.42  0.23
-6.41  0.25
-6.4  0.24
-6.39  0.21
-6.38  0.23
-6.37  0.22
-6.36  0.23
-6.35  0.18
-6.34  0.24
-6.33  0.21
-6.32  0.28
-6.31  0.21
-6.3  0.21
-6.29  0.2
-6.28  0.2
-6.27  0.21
-6.26  0.23
-6.25  0.23
-6.24  0.23
-6.23  0.22
-6.22  0.24
-6.21  0.23
-6.2  0.22
-6.19  0.24
-6.18  0.21
-6.17  0.18
-6.16  0.24
-6.15  0.21
-6.14  0.23
-6.13  0.26
-6.12  0.23
-6.11  0.22
-6.1  0.2
-6.09  0.24
-6.08  0.22
-6.07  0.21
-6.06  0.22
-6.05  0.21
-6.04  0.22
-6.03  0.23
-6.02  0.24
-6.01  0.23
-6  0.19
-5.99  0.24
-5.98  0.22
-5.97  0.22
-5.96  0.22
-5.95  0.2
-5.94  0.22
-5.93  0.22
-5.92  0.27
-5.91  0.2
-5.9  0.22
-5.89  0.24
-5.88  0.22
-5.87  0.23
-5.86  0.22
-5.85  0.21
-5.84  0.22
-5.83  0.25
-5.82  0.23
-5.81  0.2
-5.8  0.21
-5.79  0.21
-5.78  0.23
-5.77  0.25
-5.76  0.19
-5.75  0.21
-5.74  0.21
-5.73  0.26
-5.72  0.2
-5.71  0.24
-5.7  0.2
-5.69  0.22
-5.68  0.23
-5.67  0.22
-5.66  0.23
-5.65  0.26
-5.64  0.24
-5.63  0.21
-5.62  0.2
-5.61  0.25
-5.6  0.23
-5.59  0.17
-5.58  0.22
-5.57  0.24
-5.56  0.2
-5.55  0.23
-5.54  0.23
-5.53  0.23
-5.52  0.24
-5.51  0.2
-5.5  0.21
-5.49  0.21
-5.48  0.23
-5.47  0.21
-5.46  0.22
-5.45  0.25
-5.44  0.27
-5.43  0.17
-5.42  0.19
-5.41  0.27
-5.4  0.24
-5.39  0.23
-5.38  0.21
-5.37  0.22
-5.36  0.23
-5.35  0.2
-5.34  0.17
-5.33  0.28
-5.32  0.24
-5.31  0.17
-5.3  0.25
-5.29  0.23
-5.28  0.22
-5.27  0.2
-5.26  0.19
-5.25  0.27
-5.24  0.19
-5.23  0.24
-5.22  0.25
-5.21  0.25
-5.2  0.18
-5.19  0.24
-5.18  0.22
-5.17  0.21
-5.16  0.24
-5.15  0.25
-5.14  0.19
-5.13  0.17
-5.12  0.25
-5.11  0.22
-5.1  0.24
-5.09  0.21
-5.08  0.21
-5.07  0.25
-5.06  0.21
-5.05  0.26
-5.04  0.24
-5.03  0.2
-5.02  0.2
-5.01  0.21
-5  0.21
-4.99  0.26
-4.98  0.22
-4.97  0.2
-4.96  0.2
-4.95  0.22
-4.94  0.19
-4.93  0.29
-4.92  0.24
-4.91  0.21
-4.9  0.23
-4.89  0.2
-4.88  0.24
-4.87  0.2
-4.86  0.22
-4.85  0.26
-4.84  0.22
-4.83  0.2
-4.82  0.28
-4.81  0.18
-4.8  0.2
-4.79  0.22
-4.78  0.22
-4.77  0.23
-4.76  0.21
-4.75  0.22
-4.74  0.26
-4.73  0.17
-4.72  0.24
-4.71  0.25
-4.7  0.19
-4.69  0.25
-4.68  0.19
-4.67  0.28
-4.66  0.18
-4.65  0.26
-4.64  0.22
-4.63  0.21
-4.62  0.23
-4.61  0.21
-4.6  0.21
-4.59  0.23
-4.58  0.22
-4.57  0.21
-4.56  0.23
-4.55  0.25
-4.54  0.19
-4.53  0.25
-4.52  0.2
-4.51  0.25
-4.5  0.18
-4.49  0.21
-4.48  0.2
-4.47  0.24
-4.46  0.24
-4.45  0.28
-4.44  0.2
-4.43  0.23
-4.42  0.2
-4.41  0.27
-4.4  0.22
-4.39  0.2
-4.38  0.21
-4.37  0.21
-4.36  0.22
-4.35  0.21
-4.34  0.24
-4.33  0.19
-4.32  0.26
-4.31  0.21
-4.3  0.25
-4.29  0.19
-4.28  0.23
-4.27  0.23
-4.26  0.23
-4.25  0.18
-4.24  0.25
-4.23  0.22
-4.22  0.22
-4.21  0.25
-4.2  0.2
-4.19  0.21
-4.18  0.23
-4.17  0.21
-4.16  0.26
-4.15  0.2
-4.14  0.23
-4.13  0.24
-4.12  0.2
-4.11  0.22
-4.1  0.22
-4.09  0.24
-4.08  0.23
-4.07  0.22
-4.06  0.21
-4.05  0.22
-4.04  0.24
-4.03  0.18
-4.02  0.25
-4.01  0.22
-4  0.22
-3.99  0.21
-3.98  0.22
-3.97  0.2
-3.96  0.26
-3.95  0.22
-3.94  0.24
-3.93  0.22
-3.92  0.19
-3.91  0.24
-3.9  0.22
-3.89  0.19
-3.88  0.26
-3.87  0.22
-3.86  0.26
-3.85  0.18
-3.84  0.26
-3.83  0.21
-3.82  0.21
-3.81  0.25
-3.8  0.19
-3.79  0.21
-3.78  0.24
-3.77  0.22
-3.76  0.2
-3.75  0.23
-3.74  0.21
-3.73  0.21
-3.72  0.23
-3.71  0.21
-3.7  0.29
-3.69  0.21
-3.68  0.2
-3.67  0.21
-3.66  0.22
-3.65  0.25
-3.64  0.18
-3.63  0.26
-3.62  0.26
-3.61  0.24
-3.6  0.2
-3.59  0.23
-3.58  0.17
-3.57  0.27
-3.56  0.19
-3.55  0.21
-3.54  0.22
-3.53  0.22
-3.52  0.26
-3.51  0.21
-3.5  0.21
-3.49  0.2
-3.48  0.2
-3.47  0.21
-3.46  0.23
-3.45  0.25
-3.44  0.27
-3.43  0.23
-3.42  0.18
-3.41  0.23
-3.4  0.25
-3.39  0.21
-3.38  0.24
-3.37  0.2
-3.36  0.22
-3.35  0.2
-3.34  0.19
-3.33  0.26
-3.32  0.24
-3.31  0.25
-3.3  0.21
-3.29  0.21
-3.28  0.22
-3.27  0.24
-3.26  0.2
-3.25  0.18
-3.24  0.28
-3.23  0.2
-3.22  0.2
-3.21  0.27
-3.2  0.22
-3.19  0.23
-3.18  0.2
-3.17  0.18
-3.16  0.25
-3.15  0.24
-3.14  0.19
-3.13  0.23
-3.12  0.21
-3.11  0.23
-3.1  0.28
-3.09  0.21
-3.08  0.21
-3.07  0.23
-3.06  0.23
-3.05  0.22
-3.04  0.26
-3.03  0.17
-3.02  0.22
-3.01  0.25
-3  0.15
-2.99  0.22
-2.98  0.26
-2.97  0.2
-2.96  0.25
-2.95  0.24
-2.94  0.21
-2.93  0.24
-2.92  0.2
-2.91  0.23
-2.9  0.17
-2.89  0.26
-2.88  0.19
-2.87  0.28
-2.86  0.22
-2.85  0.19
-2.84  0.22
-2.83  0.25
-2.82  0.25
-2.81  0.24
-2.8  0.17
-2.79  0.23
-2.78  0.24
-2.77  0.22
-2.76  0.24
-2.75  0.18
-2.74  0.19
-2.73  0.25
-2.72  0.22
-2.71  0.23
-2.7  0.24
-2.69  0.22
-2.68  0.18
-2.67  0.22
-2.66  0.25
-2.65  0.22
-2.64  0.19
-2.63  0.24
-2.62  0.24
-2.61  0.21
-2.6  0.23
-2.59  0.23
-2.58  0.24
-2.57  0.24
-2.56  0.24
-2.55  0.19
-2.54  0.22
-2.53  0.23
-2.52  0.23
-2.51  0.23
-2.5  0.19
-2.49  0.2
-2.48  0.22
-2.47  0.2
-2.46  0.25
-2.45  0.21
-2.44  0.21
-2.43  0.27
-2.42  0.22
-2.41  0.23
-2.4  0.2
-2.39  0.23
-2.38  0.21
-2.37  0.21
-2.36  0.2
-2.35  0.28
-2.34  0.21
-2.33  0.23
-2.32  0.24
-2.31  0.22
-2.3  0.27
-2.29  0.21
-2.28  0.18
-2.27  0.2
-2.26  0.21
-2.25  0.21
-2.24  0.25
-2.23  0.23
-2.22  0.25
-2.21  0.19
-2.2  0.23
-2.19  0.22
-2.18  0.2
-2.17  0.23
-2.16  0.21
-2.15  0.27
-2.14  0.2
-2.13  0.25
-2.12  0.18
-2.11  0.25
-2.1  0.2
-2.09  0.18
-2.08  0.32
-2.07  0.18
-2.06  0.21
-2.05  0.2
-2.04  0.27
-2.03  0.23
-2.02  0.19
-2.01  0.24
-2  0.23
-1.99  0.21
-1.98  0.21
-1.97  0.21
-1.96  0.23
-1.95  0.27
-1.94  0.19
-1.93  0.26
-1.92  0.18
-1.91  0.23
-1.9  0.25
-1.89  0.2
-1.88  0.19
-1.87  0.22
-1.86  0.19
-1.85  0.23
-1.84  0.24
-1.83  0.25
-1.82  0.2
-1.81  0.23
-1.8  0.22
-1.79  0.19
-1.78  0.26
-1.77  0.27
-1.76  0.24
-1.75  0.19
-1.74  0.25
-1.73  0.19
-1.72  0.21
-1.71  0.21
-1.7  0.25
-1.69  0.2
-1.68  0.22
-1.67  0.22
-1.66  0.25
-1.65  0.21
-1.64  0.21
-1.63  0.23
-1.62  0.22
-1.61  0.2
-1.6  0.22
-1.59  0.22
-1.58  0.28
-1.57  0.21
-1.56  0.22
-1.55  0.18
-1.54  0.21
-1.53  0.25
-1.52  0.19
-1.51  0.28
-1.5  0.21
-1.49  0.26
-1.48  0.24
-1.47  0.21
-1.46  0.19
-1.45  0.21
-1.44  0.21
-1.43  0.24
-1.42  0.17
-1.41  0.3
-1.4  0.22
-1.39  0.18
-1.38  0.27
-1.37  0.2
-1.36  0.21
-1.35  0.22
-1.34  0.23
-1.33  0.22
-1.32  0.19
-1.31  0.24
-1.3  0.23
-1.29  0.23
-1.28  0.18
-1.27  0.27
-1.26  0.22
-1.25  0.21
-1.24  0.22
-1.23  0.27
-1.22  0.19
-1.21  0.2
-1.2  0.27
-1.19  0.22
-1.18  0.22
-1.17  0.22
-1.16  0.23
-1.15  0.21
-1.14  0.2
-1.13  0.22
-1.12  0.23
-1.11  0.19
-1.1  0.23
-1.09  0.23
-1.08  0.25
-1.07  0.23
-1.06  0.21
-1.05  0.2
-1.04  0.21
-1.03  0.28
-1.02  0.2
-1.01  0.2
-1  0.25
-0.99  0.2
-0.98  0.22
-0.97  0.23
-0.96  0.22
-0.95  0.21
-0.94  0.22
-0.93  0.26
-0.92  0.22
-0.91  0.25
-0.9  0.19
-0.89  0.2
-0.88  0.21
-0.87  0.28
-0.86  0.21
-0.85  0.22
-0.84  0.24
-0.83  0.2
-0.82  0.22
-0.81  0.23
-0.8  0.24
-0.79  0.2
-0.78  0.22
-0.77  0.19
-0.76  0.2
-0.75  0.21
-0.74  0.25
-0.73  0.22
-0.72  0.26
-0.71  0.21
-0.7  0.27
-0.69  0.21
-0.68  0.2
-0.67  0.2
-0.66  0.22
-0.65  0.24
-0.64  0.23
-0.63  0.27
-0.62  0.2
-0.61  0.23
-0.6  0.22
-0.59  0.2
-0.58  0.2
-0.57  0.29
-0.56  0.19
-0.55  0.18
-0.54  0.23
-0.53  0.24
-0.52  0.19
-0.51  0.26
-0.5  0.18
-0.49  0.25
-0.48  0.2
-0.47  0.22
-0.46  0.21
-0.45  0.24
-0.44  0.21
-0.43  0.27
-0.42  0.21
-0.41  0.22
-0.4  0.23
-0.39  0.27
-0.38  0.21
-0.37  0.2
-0.36  0.25
-0.35  0.15
-0.34  0.23
-0.33  0.26
-0.32  0.21
-0.31  0.21
-0.3  0.31
-0.29  0.16
-0.28  0.19
-0.27  0.24
-0.26  0.2
-0.25  0.2
-0.24  0.23
-0.23  0.24
-0.22  0.24
-0.21  0.19
-0.2  0.27
-0.19  0.2
-0.18  0.21
-0.17  0.23
-0.16  0.27
-0.15  0.21
-0.14  0.17
-0.13  0.24
-0.12  0.21
-0.11  0.24
-0.1  0.23
-0.09  0.2
-0.08  0.26
-0.07  0.21
-0.06  0.25
-0.05  0.2
-0.04  0.19
-0.03  0.25
-0.02  0.25
-0.01  0.21
-2.16197e-11  0.23
0.0001  0.01
0.0101  0.21
0.0201  0.19
0.0301  0.21
0.0401  0.24
0.0501  0.22
0.0601  0.26
0.0701  0.2
0.0801  0.2
0.0901  0.25
0.1001  0.23
0.1101  0.2
0.1201  0.27
0.1301  0.21
0.1401  0.22
0.1501  0.2
0.1601  0.28
0.1701  0.24
0.1801  0.23
0.1901  0.25
0.2001  0.28
0.2101  0.22
0.2201  0.26
0.2301  0.19
0.2401  0.26
0.2501  0.28
0.2601  0.23
0.2701  0.26
0.2801  0.27
0.2901  0.24
0.3001  0.3
0.3101  0.24
0.3201  0.23
0.3301  0.27
0.3401  0.3
0.3501  0.29
0.3601  0.25
0.3701  0.29
0.3801  0.31
0.3901  0.29
0.4001  0.26
0.4101  0.3
0.4201  0.31
0.4301  0.35
0.4401  0.31
0.4501  0.29
0.4601  0.29
0.4701  0.33
0.4801  0.32
0.4901  0.38
0.5001  0.28
0.5101  0.41
0.5201  0.32
0.5301  0.39
0.5401  0.38
0.5501  0.37
0.5601  0.31
0.5701  0.42
0.5801  0.38
0.5901  0.37
0.6001  0.39
0.6101  0.42
0.6201  0.39
0.6301  0.45
0.6401  0.45
0.6501  0.45
0.6601  0.44
0.6701  0.48
0.6801  0.45
0.6901  0.51
0.7001  0.47
0.7101  0.52
0.7201  0.55
0.7301  0.55
0.7401  0.59
0.7501  0.54
0.7601  0.56
0.7701  0.63
0.7801  0.61
0.7901  0.61
0.8001  0.7
0.8101  0.65
0.8201  0.69
0.8301  0.72
0.8401  0.68
0.8501  0.75
0.8601  0.83
0.8701  0.79
0.8801  0.83
0.8901  0.87
0.9001  0.89
0.9101  0.94
0.9201  0.99
0.9301  0.97
0.9401  1.02
0.9501  1.11
0.9601  1.15
0.9701  1.17
0.9801  1.24
0.9901  1.21
1.0001  1.31
1.0101  1.35
1.0201  1.4
1.0301  1.43
1.0401  1.61
1.0501  1.52
1.0601  1.71
1.0701  1.66
1.0801  1.73
1.0901  1.77
1.1001  1.8
1.1101  1.85
1.1201  1.9
1.1301  1.93
1.1401  1.92
1.1501  2.02
1.1601  2.09
1.1701  1.97
1.1801  2.01
1.1901  1.97
1.2001  1.95
1.2101  1.91
1.2201  1.9
1.2301  1.89
1.2401  1.8
1.2501  1.77
1.2601  1.71
1.2701  1.69
1.2801  1.66
1.2901  1.59
1.3001  1.53
1.3101  1.47
1.3201  1.42
1.3301  1.37
1.3401  1.34
1.3501  1.28
1.3601  1.19
1.3701  1.23
1.3801  1.15
1.3901  1.11
1.4001  1.1
1.4101  1.03
1.4201  1
1.4301  0.94
1.4401  0.94
1.4501  0.93
1.4601  0.9
1.4701  0.9
1.4801  0.81
1.4901  0.8
1.5001  0.78
1.5101  0.82
1.5201  0.75
1.5301  0.69
1.5401  0.75
1.5501  0.76
1.5601  0.68
1.5701  0.69
1.5801  0.67
1.5901  0.65
1.6001  0.66
1.6101  0.66
1.6201  0.59
1.6301  0.63
1.6401  0.6
1.6501  0.56
1.6601  0.6
1.6701  0.59
1.6801  0.58
1.6901  0.57
1.7001  0.55
1.7101  0.56
1.7201  0.55
1.7301  0.56
1.7401  0.54
1.7501  0.53
1.7601  0.54
1.7701  0.54
1.7801  0.55
1.7901  0.52
1.8001  0.53
1.8101  0.53
1.8201  0.52
1.8301  0.53
1.8401  0.48
1.8501  0.54
1.8601  0.51
1.8701  0.52
1.8801  0.6
1.8901  0.48
1.9001  0.48
1.9101  0.58
1.9201  0.56
1.9301  0.52
1.9401  0.52
1.9501  0.58
1.9601  0.47
1.9701  0.55
1.9801  0.48
1.9901  0.55
2.0001  0.53
2.0101  0.58
2.0201  0.51
2.0301  0.57
2.0401  0.56
2.0501  0.57
2.0601  0.54
2.0701  0.61
2.0801  0.65
2.0901  0.56
2.1001  0.58
2.1101  0.57
2.1201  0.62
2.1301  0.61
2.1401  0.65
2.1501  0.65
2.1601  0.65
2.1701  0.62
2.1801  0.71
2.1901  0.63
2.2001  0.66
2.2101  0.67
2.2201  0.75
2.2301  0.69
2.2401  0.71
2.2501  0.73
2.2601  0.75
2.2701  0.76
2.2801  0.82
2.2901  0.76
2.3001  0.83
2.3101  0.81
2.3201  0.85
2.3301  0.87
2.3401  0.84
2.3501  0.93
2.3601  0.87
2.3701  0.99
2.3801  0.95
2.3901  0.94
2.4001  0.96
2.4101  1.04
2.4201  1.02
2.4301  1.05
2.4401  1.1
2.4501  1.15
2.4601  1.18
2.4701  1.16
2.4801  1.21
2.4901  1.19
2.5001  1.18
2.5101  1.28
2.5201  1.26
2.5301  1.35
2.5401  1.34
2.5501  1.36
2.5601  1.41
2.5701  1.37
2.5801  1.42
2.5901  1.48
2.6001  1.46
2.6101  1.47
2.6201  1.54
2.6301  1.52
2.6401  1.49
2.6501  1.51
2.6601  1.51
2.6701  1.56
2.6801  1.6
2.6901  1.46
2.7001  1.56
2.7101  1.49
2.7201  1.52
2.7301  1.49
2.7401  1.5
2.7501  1.51
2.7601  1.48
2.7701  1.42
2.7801  1.46
2.7901  1.42
2.8001  1.38
2.8101  1.37
2.8201  1.3
2.8301  1.31
2.8401  1.28
2.8501  1.28
2.8601  1.19
2.8701  1.22
2.8801  1.22
2.8901  1.18
2.9001  1.11
2.9101  1.16
2.9201  1.07
2.9301  1.1
2.9401  1.06
2.9501  1.05
2.9601  0.99
2.9701  1.01
2.9801  1
2.9901  0.99
3.0001  0.98
3.0101  0.91
3.0201  0.92
3.0301  0.9
3.0401  0.88
3.0501  0.9
3.0601  0.88
3.0701  0.81
3.0801  0.83
3.0901  0.87
3.1001  0.79
3.1101  0.77
3.1201  0.76
3.1301  0.8
3.1401  0.78
3.1501  0.78
3.1601  0.78
3.1701  0.73
3.1801  0.78
3.1901  0.75
3.2001  0.74
3.2101  0.71
3.2201  0.72
3.2301  0.73
3.2401  0.73
3.2501  0.65
3.2601  0.75
3.2701  0.69
3.2801  0.73
3.2901  0.68
3.3001  0.67
3.3101  0.68
3.3201  0.7
3.3301  0.72
3.3401  0.69
3.3501  0.74
3.3601  0.69
3.3701  0.66
3.3801  0.68
3.3901  0.7
3.4001  0.7
3.4101  0.69
3.4201  0.66
3.4301  0.74
3.4401  0.7
3.4501  0.68
3.4601  0.65
3.4701  0.69
3.4801  0.72
3.4901  0.74
3.5001  0.75
3.5101  0.74
3.5201  0.68
3.5301  0.73
3.5401  0.76
3.5501  0.75
3.5601  0.75
3.5701  0.76
3.5801  0.72
3.5901  0.76
3.6001  0.82
3.6101  0.77
3.6201  0.76
3.6301  0.81
3.6401  0.81
3.6501  0.84
3.6601  0.84
3.6701  0.82
3.6801  0.8
3.6901  0.89
3.7001  0.82
3.7101  0.89
3.7201  0.88
3.7301  0.93
3.7401  0.9
3.7501  0.93
3.7601  0.95
3.7701  0.9
3.7801  0.95
3.7901  0.98
3.8001  0.97
3.8101  1
3.8201  1.03
3.8301  1.03
3.8401  1
3.8501  1.07
3.8601  1.05
3.8701  1.08
3.8801  1.1
3.8901  1.12
3.9001  1.15
3.9101  1.12
3.9201  1.19
3.9301  1.16
3.9401  1.18
3.9501  1.21
3.9601  1.26
3.9701  1.2
3.9801  1.25
3.9901  1.25
4.0001  1.19
4.0101  1.27
4.0201  1.3
4.0301  1.27
4.0401  1.31
4.0501  1.25
4.0601  1.29
4.0701  1.42
4.0801  1.27
4.0901  1.35
4.1001  1.29
4.1101  1.3
4.1201  1.34
4.1301  1.28
4.1401  1.33
4.1501  1.35
4.1601  1.33
4.1701  1.27
4.1801  1.24
4.1901  1.31
4.2001  1.32
4.2101  1.25
4.2201  1.28
4.2301  1.3
4.2401  1.24
4.2501  1.23
4.2601  1.23
4.2701  1.22
4.2801  1.15
4.2901  1.19
4.3001  1.16
4.3101  1.13
4.3201  1.15
4.3301  1.13
4.3401  1.09
4.3501  1.11
4.3601  1.11
4.3701  1.02
4.3801  1.14
4.3901  1.04
4.4001  1
4.4101  1.07
4.4201  1
4.4301  0.98
4.4401  1.05
4.4501  1
4.4601  0.97
4.4701  0.93
4.4801  0.99
4.4901  0.91
4.5001  0.95
4.5101  0.93
4.5201  0.94
4.5301  0.89
4.5401  0.91
4.5501  0.84
4.5601  0.88
4.5701  0.86
4.5801  0.86
4.5901  0.9
4.6001  0.84
4.6101  0.84
4.6201  0.9
4.6301  0.83
4.6401  0.85
4.6501  0.8
4.6601  0.84
4.6701  0.81
4.6801  0.81
4.6901  0.77
4.7001  0.85
4.7101  0.83
4.7201  0.75
4.7301  0.83
4.7401  0.84
4.7501  0.78
4.7601  0.84
4.7701  0.76
4.7801  0.84
4.7901  0.76
4.8001  0.84
4.8101  0.74
4.8201  0.87
4.8301  0.78
4.8401  0.79
4.8501  0.81
4.8601  0.8
4.8701  0.8
4.8801  0.87
4.8901  0.78
4.9001  0.79
4.9101  0.81
4.9201  0.8
4.9301  0.87
4.9401  0.87
4.9501  0.82
4.9601  0.81
4.9701  0.83
4.9801  0.87
4.9901  0.8
5.0001  0.85
5.0101  0.88
5.0201  0.89
5.0301  0.85
5.0401  0.85
5.0501  0.9
5.0601  0.9
5.0701  0.89
5.0801  0.86
5.0901  0.94
5.1001  0.88
5.1101  1
5.1201  0.92
5.1301  0.97
5.1401  0.93
5.1501  0.92
5.1601  0.99
5.1701  0.99
5.1801  0.99
5.1901  0.95
5.2001  0.98
5.2101  0.96
5.2201  1.07
5.2301  1.04
5.2401  1
5.2501  1.08
5.2601  0.99
5.2701  1.04
5.2801  1.15
5.2901  1.06
5.3001  1.1
5.3101  1.07
5.3201  1.1
5.3301  1.12
5.3401  1.1
5.3501  1.15
5.3601  1.14
5.3701  1.13
5.3801  1.17
5.3901  1.12
5.4001  1.17
5.4101  1.22
5.4201  1.18
5.4301  1.16
5.4401  1.21
5.4501  1.2
5.4601  1.13
5.4701  1.19
5.4801  1.2
5.4901  1.19
5.5001  1.22
5.5101  1.19
5.5201  1.21
5.5301  1.2
5.5401  1.18
5.5501  1.2
5.5601  1.15
5.5701  1.22
5.5801  1.18
5.5901  1.18
5.6001  1.21
5.6101  1.19
5.6201  1.13
5.6301  1.21
5.6401  1.13
5.6501  1.18
5.6601  1.14
5.6701  1.15
5.6801  1.19
5.6901  1.12
5.7001  1.12
5.7101  1.17
5.7201  1.17
5.7301  1.07
5.7401  1.07
5.7501  1.07
5.7601  1.05
5.7701  1.11
5.7801  1
5.7901  1.05
5.8001  1.08
5.8101  1.03
5.8201  1.05
5.8301  1
5.8401  1.05
5.8501  1.03
5.8601  1.01
5.8701  1
5.8801  0.93
5.8901  1.02
5.9001  1
5.9101  0.94
5.9201  0.96
5.9301  0.98
5.9401  0.95
5.9501  0.92
5.9601  0.94
5.9701  0.96
5.9801  0.93
5.9901  0.91
6.0001  0.93
6.0101  0.92
6.0201  0.89
6.0301  0.9
6.0401  0.93
6.0501  0.91
6.0601  0.87
6.0701  0.9
6.0801  0.94
6.0901  0.89
6.1001  0.87
6.1101  0.88
6.1201  0.89
6.1301  0.88
6.1401  0.9
6.1501  0.88
6.1601  0.86
6.1701  0.86
6.1801  0.88
6.1901  0.86
6.2001  0.83
6.2101  0.88
6.2201  0.87
6.2301  0.9
6.2401  0.88
6.2501  0.91
6.2601  0.87
6.2701  0.92
6.2801  0.81
6.2901  0.9
6.3001  0.9
6.3101  0.86
6.3201  0.88
6.3301  0.92
6.3401  0.89
6.3501  0.86
6.3601  0.89
6.3701  0.96
6.3801  0.89
6.3901  0.87
6.4001  0.94
6.4101  0.89
6.4201  0.94
6.4301  0.91
6.4401  0.91
6.4501  0.93
6.4601  0.95
6.4701  0.92
6.4801  0.96
6.4901  0.92
6.5001  1.01
6.5101  0.93
6.5201  0.95
6.5301  0.97
6.5401  0.95
6.5501  0.97
6.5601  1.05
6.5701  0.98
6.5801  0.94
6.5901  1
6.6001  1.01
6.6101  1.02
6.6201  1.09
6.6301  1
6.6401  1.05
6.6501  1.08
6.6601  1.01
6.6701  1.02
6.6801  1.06
6.6901  1
6.7001  1.11
6.7101  1.06
6.7201  1.06
6.7301  1.06
6.7401  1.11
6.7501  1.09
6.7601  1.05
6.7701  1.1
6.7801  1.12
6.7901  1.07
6.8001  1.11
6.8101  1.13
6.8201  1.12
6.8301  1.1
6.8401  1.15
6.8501  1.12
6.8601  1.16
6.8701  1.09
6.8801  1.15
6.8901  1.1
6.9001  1.09
6.9101  1.13
6.9201  1.19
6.9301  1.14
6.9401  1.15
6.9501  1.05
6.9601  1.15
6.9701  1.13
6.9801  1.1
6.9901  1.14
7.0001  1.16
7.0101  1.1
7.0201  1.12
7.0301  1.1
7.0401  1.08
7.0501  1.11
7.0601  1.1
7.0701  1.11
7.0801  1.08
7.0901  1.08
7.1001  1.08
7.1101  1.1
7.1201  1.09
7.1301  1.03
7.1401  1.07
7.1501  1.05
7.1601  1.11
7.1701  1.05
7.1801  1.06
7.1901  1.04
7.2001  1.04
7.2101  1.04
7.2201  1.03
7.2301  1.05
7.2401  1.07
7.2501  0.98
7.2601  0.99
7.2701  1.05
7.2801  0.98
7.2901  1
7.3001  0.99
7.3101  0.96
7.3201  1.01
7.3301  0.96
7.3401  0.95
7.3501  0.99
7.3601  0.96
7.3701  0.95
7.3801  0.96
7.3901  1
7.4001  0.98
7.4101  0.95
7.4201  0.98
7.4301  0.97
7.4401  0.91
7.4501  0.94
7.4601  0.92
7.4701  0.91
7.4801  0.96
7.4901  0.95
7.5001  0.87
7.5101  0.91
7.5201  0.95
7.5301  0.95
7.5401  0.97
7.5501  0.95
7.5601  0.91
7.5701  0.91
7.5801  0.91
7.5901  0.9
7.6001  0.97
7.6101  0.94
7.6201  0.84
7.6301  0.96
7.6401  0.92
7.6501  0.89
7.6601  0.93
7.6701  0.94
7.6801  0.95
7.6901  0.94
7.7001  0.89
7.7101  0.97
7.7201  0.88
7.7301  0.94
7.7401  0.97
7.7501  0.93
7.7601  0.9
7.7701  0.99
7.7801  0.91
7.7901  0.91
7.8001  1.01
7.8101  0.92
7.8201  0.94
7.8301  0.93
7.8401  0.98
7.8501  0.97
7.8601  1.01
7.8701  0.95
7.8801  1
7.8901  0.97
7.9001  0.95
7.9101  1
7.9201  0.96
7.9301  1.02
7.9401  0.98
7.9501  0.98
7.9601  0.97
7.9701  1.01
7.9801  0.96
7.9901  0.98
8.0001  1.09
8.0101  1.07
8.0201  0.94
8.0301  1.02
8.0401  1.04
8.0501  0.97
8.0601  1.06
8.0701  1.01
8.0801  1.1
8.0901  1.01
8.1001  1.05
8.1101  1.07
8.1201  1.13
8.1301  1.01
8.1401  1.05
8.1501  1.08
8.1601  1.14
8.1701  1
8.1801  1.03
8.1901  1.07
8.2001  1.09
8.2101  0.98
8.2201  1.18
8.2301  1.05
8.2401  1.08
8.2501  1.08
8.2601  1.1
8.2701  1.04
8.2801  1.08
8.2901  1.11
8.3001  1.03
8.3101  1.15
8.3201  1.05
8.3301  1.05
8.3401  1.14
8.3501  1.09
8.3601  1.1
8.3701  1.08
8.3801  1.11
8.3901  1.06
8.4001  1.04
8.4101  1.02
8.4201  1.08
8.4301  1.17
8.4401  1.03
8.4501  1.07
8.4601  1.07
8.4701  1.05
8.4801  1.13
8.4901  1.04
8.5001  1.06
8.5101  0.98
8.5201  1.1
8.5301  1.05
8.5401  1.13
8.5501  1.01
8.5601  1.04
8.5701  0.98
8.5801  1.03
8.5901  1.05
8.6001  1.09
8.6101  0.96
8.6201  1.04
8.6301  1.01
8.6401  0.98
8.6501  1.01
8.6601  1.03
8.6701  1.07
8.6801  1
8.6901  1
8.7001  1
8.7101  0.98
8.7201  1.04
8.7301  0.97
8.7401  0.98
8.7501  1
8.7601  0.99
8.7701  0.96
8.7801  0.97
8.7901  1.03
8.8001  1.02
8.8101  0.91
8.8201  0.98
8.8301  0.99
8.8401  0.94
8.8501  1.01
8.8601  0.93
8.8701  0.95
8.8801  0.94
8.8901  1.02
8.9001  0.96
8.9101  0.95
8.9201  0.95
8.9301  1.02
8.9401  0.91
8.9501  0.92
8.9601  0.97
8.9701  0.97
8.9801  0.94
8.9901  0.95
9.0001  0.92
9.0101  0.96
9.0201  0.89
9.0301  0.96
9.0401  1.02
9.0501  0.97
9.0601  0.94
9.0701  0.99
9.0801  0.93
9.0901  0.93
9.1001  1.01
9.1101  0.97
9.1201  0.97
9.1301  1
9.1401  0.95
9.1501  0.9
9.1601  1
9.1701  0.96
9.1801  0.95
9.1901  0.99
9.2001  0.94
9.2101  0.93
9.2201  1
9.2301  0.99
9.2401  0.99
9.2501  0.96
9.2601  0.98
9.2701  1.01
9.2801  0.99
9.2901  1.02
9.3001  0.97
9.3101  0.98
9.3201  1
9.3301  0.97
9.3401  0.98
9.3501  1.01
9.3601  0.99
9.3701  1.06
9.3801  0.98
9.3901  1.02
9.4001  1.03
9.4101  1.04
9.4201  0.96
9.4301  1.06
9.4401  0.97
9.4501  1.07
9.4601  1.06
9.4701  1.01
9.4801  1.05
9.4901  1.01
9.5001  1
9.5101  1.07
9.5201  1.09
9.5301  1.02
9.5401  1.02
9.5501  1.02
9.5601  1.05
9.5701  1.02
9.5801  0.99
9.5901  1.09
9.6001  1.04
9.6101  1.03
9.6201  1.07
9.6301  1.09
9.6401  1.09
9.6501  1.03
9.6601  1.06
9.6701  1.05
9.6801  1.07
9.6901  1.02
9.7001  1.11
9.7101  1.1
9.7201  1.03
9.7301  1.06
9.7401  1.04
9.7501  1.09
9.7601  1.04
9.7701  1.04
9.7801  1.04
9.7901  1.05
9.8001  1.03
9.8101  1.07
9.8201  1.03
9.8301  1.06
9.8401  1.05
9.8501  1.03
9.8601  1.07
9.8701  1.06
9.8801  1.07
9.8901  1.02
9.9001  1.03
9.9101  1.01
9.9201  1.11
9.9301  1
9.9401  1.07
9.9501  1.05
9.9601  0.98
9.9701  1.04
9.9801  0.99
9.9901  1.05
10.0001  0.99
10.0101  1.02
10.0201  1.02
10.0301  1.05
10.0401  1
10.0501  1.03
10.0601  1.03
10.0701  1
10.0801  1.03
10.0901  0.96
10.1001  1.04
10.1101  1
10.1201  0.98
10.1301  1.01
10.1401  0.99
10.1501  1.05
10.1601  0.93
10.1701  0.97
10.1801  1.03
10.1901  0.96
10.2001  1.02
10.2101  1
10.2201  0.98
10.2301  0.97
10.2401  1
10.2501  0.98
10.2601  1.01
10.2701  0.93
10.2801  1.03
10.2901  0.92
10.3001  0.95
10.3101  0.96
10.3201  0.99
10.3301  1.05
10.3401  0.96
10.3501  0.98
10.3601  0.99
10.3701  0.95
10.3801  1
10.3901  0.95
10.4001  0.99
10.4101  1
10.4201  0.96
10.4301  0.98
10.4401  0.99
10.4501  0.94
10.4601  1
10.4701  0.88
10.4801  1.04
10.4901  1
10.5001  0.97
10.5101  0.93
10.5201  0.99
10.5301  1.01
10.5401  0.96
10.5501  0.99
10.5601  0.92
10.5701  0.99
10.5801  1.03
10.5901  0.93
10.6001  1.01
10.6101  1.03
10.6201  0.94
10.6301  0.98
10.6401  1.01
10.6501  0.95
10.6601  1.08
10.6701  1.02
10.6801  0.98
10.6901  1
10.7001  1.02
10.7101  0.96
10.7201  1
10.7301  1.01
10.7401  1.04
10.7501  0.95
10.7601  0.99
10.7701  1
10.7801  1
10.7901  1.05
10.8001  0.97
10.8101  1.03
10.8201  1.1
10.8301  0.97
10.8401  1.01
10.8501  1.05
10.8601  1.03
10.8701  1.02
10.8801  0.98
10.8901  1.01
10.9001  1.02
10.9101  1.01
10.9201  0.99
10.9301  1.07
10.9401  1.08
10.9501  1.07
10.9601  1
10.9701  1.03
10.9801  1.07
10.9901  1
11.0001  1.01
11.0101  1.05
11.0201  1.07
11.0301  1.08
11.0401  1
11.0501  1.05
11.0601  1.04
11.0701  1.03
11.0801  1
11.0901  1.06
11.1001  1.08
11.1101  0.99
11.1201  1.05
11.1301  1.05
11.1401  1
11.1501  1.06
11.1601  1.03
11.1701  1
11.1801  1.05
11.1901  1.05
11.2001  1.09
11.2101  1.05
11.2201  1.03
11.2301  1.01
11.2401  1.07
11.2501  1.02
11.2601  1.04
11.2701  1.02
11.2801  1.04
11.2901  1.02
11.3001  1.05
11.3101  0.98
11.3201  1
11.3301  1.04
11.3401  1.06
11.3501  1.05
11.3601  1.01
11.3701  1.07
11.3801  1
11.3901  1.02
11.4001  0.99
11.4101  0.99
11.4201  1.01
11.4301  1.05
11.4401  0.98
11.4501  1.1
11.4601  0.92
11.4701  1.07
11.4801  0.94
11.4901  1.02
11.5001  1
11.5101  1
11.5201  1.04
11.5301  1
11.5401  1.03
11.5501  1
11.5601  0.95
11.5701  1
11.5801  1.04
11.5901  0.99
11.6001  0.99
11.6101  0.99
11.6201  1
11.6301  0.99
11.6401  1
11.6501  1.04
11.6601  0.92
11.6701  1.05
11.6801  0.94
11.6901  1.03
11.7001  0.99
11.7101  0.98
11.7201  0.99
11.7301  1.02
11.7401  0.96
11.7501  1.03
11.7601  0.98
11.7701  0.91
11.7801  0.94
11.7901  0.99
11.8001  1.03
11.8101  1.04
11.8201  0.94
11.8301  0.98
11.8401  0.99
11.8501  1.02
11.8601  0.95
11.8701  0.99
11.8801  0.98
11.8901  1.03
11.9001  0.93
11.9101  0.98
11.9201  1.05
11.9301  0.98
11.9401  0.96
11.9501  1
11.9601  0.99
11.9701  1.03
11.9801  0.96
11.9901  1.05
12.0001  0.99
12.0101  1
12.0201  1.04
12.0301  0.96
12.0401  1.01
12.0501  1
12.0601  1.01
12.0701  1.01
12.0801  0.99
12.0901  0.96
12.1001  1
12.1101  0.98
12.1201  1.02
12.1301  0.98
12.1401  1
12.1501  0.99
12.1601  1.04
12.1701  0.99
12.1801  1.03
12.1901  0.97
12.2001  1.02
12.2101  1.07
12.2201  0.98
12.2301  1.04
12.2401  1.02
12.2501  1.06
12.2601  1.03
12.2701  1.02
12.2801  1
12.2901  0.99
12.3001  1.03
12.3101  1.04
12.3201  1.04
12.3301  1.01
12.3401  0.97
12.3501  1.06
12.3601  1
12.3701  1.07
12.3801  0.99
12.3901  1
12.4001  1.02
12.4101  1.03
12.4201  1.01
12.4301  1.13
12.4401  1.03
12.4501  1.06
12.4601  1.01
12.4701  1
12.4801  1.01
12.4901  0.98
12.5001  1.05
12.5101  1.09
12.5201  1.01
12.5301  0.98
12.5401  1.04
12.5501  1.05
12.5601  1.01
12.5701  1.04
12.5801  1.02
12.5901  1.06
12.6001  1.01
12.6101  1.03
12.6201  1.02
12.6301  1.01
12.6401  1.06
12.6501  1.07
12.6601  0.94
12.6701  1.09
12.6801  1.05
12.6901  1
12.7001  1.02
12.7101  1.01
12.7201  1.01
12.7301  1.06
12.7401  0.98
12.7501  0.99
12.7601  0.98
12.7701  1.04
12.7801  1.05
12.7901  0.96
12.8001  1.04
12.8101  1.03
12.8201  1.07
12.8301  0.99
12.8401  1.04
12.8501  0.97
12.8601  1.04
12.8701  0.94
12.8801  1.03
12.8901  1.01
12.9001  1.03
12.9101  0.96
12.9201  1.04
12.9301  1.02
12.9401  0.98
12.9501  1
12.9601  1.06
12.9701  1.04
12.9801  0.95
12.9901  0.95
13.0001  1.01
13.0101  0.97
13.0201  1.06
13.0301  1.03
13.0401  1.01
13.0501  1.01
13.0601  0.99
13.0701  0.99
13.0801  0.97
13.0901  0.92
13.1001  1.05
13.1101  0.98
13.1201  1.03
13.1301  0.96
13.1401  1.03
13.1501  1.01
13.1601  0.93
13.1701  1.04
13.1801  1.01
13.1901  1.01
13.2001  0.97
13.2101  0.97
13.2201  1.03
13.2301  0.97
13.2401  1.01
13.2501  0.99
13.2601  1
13.2701  0.97
13.2801  1.01
13.2901  1
13.3001  1.03
13.3101  1
13.3201  0.98
13.3301  1.05
13.3401  1.02
13.3501  0.93
13.3601  1.01
13.3701  0.97
13.3801  0.97
13.3901  1.03
13.4001  1.05
13.4101  0.97
13.4201  1.03
13.4301  0.97
13.4401  1.04
13.4501  0.99
13.4601  0.95
13.4701  1.03
13.4801  0.97
13.4901  1.02
13.5001  1.01
13.5101  1.02
13.5201  1
13.5301  1.01
13.5401  1.01
13.5501  1
13.5601  1.05
13.5701  1
13.5801  0.96
13.5901  1.05
13.6001  1
13.6101  1.04
13.6201  1.03
13.6301  1.03
13.6401  1.07
13.6501  0.99
13.6601  1.01
13.6701  1
13.6801  1
13.6901  0.99
13.7001  1.04
13.7101  0.95
13.7201  1.01
13.7301  1.04
13.7401  1.06
13.7501  0.97
13.7601  1.04
13.7701  1.05
13.7801  1.01
13.7901  1.1
13.8001  0.95
13.8101  0.99
13.8201  1.1
13.8301  0.99
13.8401  1.07
13.8501  0.98
13.8601  1.01
13.8701  1.08
13.8801  0.99
13.8901  1.03
13.9001  0.98
13.9101  1.01
13.9201  1.04
13.9301  1.01
13.9401  1.06
13.9501  1.01
13.9601  1.03
13.9701  1.07
13.9801  0.95
13.9901  1.09
14.0001  0.99
14.0101  1.05
14.0201  0.98
14.0301  1
14.0401  0.99
14.0501  1.1
14.0601  1.01
14.0701  1
14.0801  0.98
14.0901  1.05
14.1001  0.96
14.1101  1.1
14.1201  1
14.1301  0.99
14.1401  1.02
14.1501  1.04
14.1601  1.04
14.1701  1
14.1801  1.02
14.1901  1.01
14.2001  0.97
14.2101  1.04
14.2201  1.02
14.2301  0.98
14.2401  1.06
14.2501  1
14.2601  1.02
14.2701  1.01
14.2801  1.02
14.2901  0.95
14.3001  1.02
14.3101  1.03
14.3201  1.04
14.3301  0.95
14.3401  1.03
14.3501  0.98
14.3601  1.01
14.3701  0.98
14.3801  1.05
14.3901  1.04
14.4001  0.98
14.4101  0.99
14.4201  1.07
14.4301  0.96
14.4401  0.98
14.4501  1.02
14.4601  0.99
14.4701  0.98
14.4801  1.02
14.4901  1.03
14.5001  0.95
14.5101  0.99
14.5201  1.02
14.5301  0.97
14.5401  0.99
14.5501  1.05
14.5601  1.06
14.5701  0.95
14.5801  0.96
14.5901  1
14.6001  1.02
14.6101  1.07
14.6201  0.97
14.6301  0.97
14.6401  1.02
14.6501  1.07
14.6601  0.93
14.6701  1
14.6801  1.04
14.6901  1.02
14.7001  0.94
14.7101  0.99
14.7201  1
14.7301  1.03
14.7401  0.98
14.7501  1.01
14.7601  0.96
14.7701  1.01
14.7801  1.03
14.7901  1.02
14.8001  0.97
14.8101  1.02
14.8201  1.03
14.8301  0.99
14.8401  1.01
14.8501  1.01
14.8601  1.02
14.8701  1.08
14.8801  0.95
14.8901  1.02
14.9001  1
14.9101  0.98
14.9201  0.95
14.9301  1.01
14.9401  1.01
14.9501  1.04
14.9601  1.05
14.9701  1.02
14.9801  1.01
14.9901  1.02
15.0001  0.99
15.0101  1.01
15.0201  1.04
15.0301  0.97
15.0401  1.07
15.0501  0.99
15.0601  1.03
15.0701  0.97
15.0801  1.05
15.0901  0.98
15.1001  0.98
15.1101  1.04
15.1201  1
15.1301  1
15.1401  0.99
15.1501  1.09
15.1601  1
15.1701  1
15.1801  1.1
15.1901  1
15.2001  1.01
15.2101  1.01
15.2201  1.01
15.2301  1.01
15.2401  1.03
15.2501  0.97
15.2601  1.06
15.2701  1.01
15.2801  1.08
15.2901  0.99
15.3001  1.07
15.3101  0.98
15.3201  1
15.3301  1.05
15.3401  1.03
15.3501  0.98
15.3601  1.01
15.3701  1
15.3801  0.98
15.3901  1.04
15.4001  1.01
15.4101  1.01
15.4201  1.03
15.4301  1.06
15.4401  1
15.4501  0.97
15.4601  1.03
15.4701  1.04
15.4801  0.99
15.4901  1.02
15.5001  1.05
15.5101  1.02
15.5201  0.99
15.5301  1.06
15.5401  1.01
15.5501  0.98
15.5601  0.99
15.5701  1.03
15.5801  1.04
15.5901  0.99
15.6001  1.05
15.6101  0.99
15.6201  0.98
15.6301  1.04
15.6401  1.02
15.6501  0.99
15.6601  1.04
15.6701  1
15.6801  1
15.6901  1.01
15.7001  1.02
15.7101  1.05
15.7201  0.97
15.7301  0.99
15.7401  1.02
15.7501  0.99
15.7601  1.04
15.7701  0.99
15.7801  1.03
15.7901  0.93
15.8001  1.04
15.8101  0.99
15.8201  1.07
15.8301  0.98
15.8401  1.01
15.8501  0.97
15.8601  0.95
15.8701  1.01
15.8801  1.01
15.8901  1.11
15.9001  0.96
15.9101  1.02
15.9201  0.97
15.9301  1.01
15.9401  1
15.9501  1.03
15.9601  0.96
15.9701  1.11
15.9801  0.96
15.9901  1.02
16.0001  0.95
16.0101  0.96
16.0201  1
16.0301  1.04
16.0401  1.02
16.0501  1.04
16.0601  1.06
16.0701  0.99
16.0801  1.01
16.0901  0.93
16.1001  0.99
16.1101  1
16.1201  1.01
16.1301  1.04
16.1401  0.98
16.1501  1.02
16.1601  0.96
16.1701  1.02
16.1801  0.97
16.1901  1.02
16.2001  0.99
16.2101  1.07
16.2201  1.03
16.2301  0.96
16.2401  1
16.2501  1.05
16.2601  0.98
16.2701  1.02
16.2801  1.01
16.2901  1.05
16.3001  0.97
16.3101  1.02
16.3201  1.04
16.3301  1.04
16.3401  1
16.3501  0.98
16.3601  0.99
16.3701  1.02
16.3801  0.97
16.3901  1.02
16.4001  1.06
16.4101  1
16.4201  0.99
16.4301  1.02
16.4401  0.94
16.4501  1.02
16.4601  1.03
16.4701  1.08
16.4801  0.97
16.4901  1.02
16.5001  0.98
16.5101  1.06
16.5201  0.99
16.5301  1.07
16.5401  1.06
16.5501  0.9
16.5601  1.03
16.5701  0.96
16.5801  1.05
16.5901  0.99
16.6001  1.07
16.6101  1.03
16.6201  1.01
16.6301  1.1
16.6401  0.95
16.6501  1.04
16.6601  1.02
16.6701  0.99
16.6801  1.02
16.6901  1.08
16.7001  0.99
16.7101  0.98
16.7201  0.98
16.7301  1.02
16.7401  1
16.7501  0.97
16.7601  1.02
16.7701  1.07
16.7801  0.96
16.7901  1.04
16.8001  1.04
16.8101  1.04
16.8201  1.02
16.8301  0.99
16.8401  1
16.8501  1.02
16.8601  1.03
16.8701  1.02
16.8801  0.99
16.8901  1.02
16.9001  1.02
16.9101  1
16.9201  1.1
16.9301  0.98
16.9401  0.97
16.9501  1.05
16.9601  0.99
16.9701  1.01
16.9801  1.05
16.9901  0.95
17.0001  1
17.0101  0.99
17.0201  1.04
17.0301  1.02
17.0401  1.01
17.0501  1.07
17.0601  1.05
17.0701  0.92
17.0801  1.03
17.0901  1.02
17.1001  0.98
17.1101  0.99
17.1201  1.04
17.1301  0.97
17.1401  1.05
17.1501  1.03
17.1601  1
17.1701  1
17.1801  0.98
17.1901  1.01
17.2001  1.05
17.2101  0.96
17.2201  0.95
17.2301  0.97
17.2401  1.07
17.2501  1.06
17.2601  0.97
17.2701  1.09
17.2801  0.97
17.2901  1.03
17.3001  1.01
17.3101  1.01
17.3201  1.02
17.3301  1.02
17.3401  1
17.3501  0.99
17.3601  1.01
17.3701  0.99
17.3801  0.98
17.3901  1
17.4001  1.01
17.4101  0.94
17.4201  1.08
17.4301  1.02
17.4401  1.01
17.4501  1.02
17.4601  0.95
17.4701  1.01
17.4801  1
17.4901  0.98
17.5001  1.05
17.5101  0.97
17.5201  1.12
17.5301  0.98
17.5401  1.01
17.5501  0.93
17.5601  1.04
17.5701  1.01
17.5801  1.06
17.5901  0.93
17.6001  0.98
17.6101  1.03
17.6201  0.98
17.6301  1.02
17.6401  1.02
17.6501  1.03
17.6601  0.99
17.6701  1.03
17.6801  1.03
17.6901  1
17.7001  1.06
17.7101  0.98
17.7201  1.01
17.7301  1.07
17.7401  1.02
17.7501  0.97
17.7601  1
17.7701  0.97
17.7801  1.04
17.7901  1.04
17.8001  1
17.8101  0.95
17.8201  1.07
17.8301  0.97
17.8401  0.98
17.8501  0.97
17.8601  1.05
17.8701  1.01
17.8801  1.05
17.8901  1
17.9001  1
17.9101  1.07
17.9201  0.97
17.9301  0.99
17.9401  1.04
17.9501  1.02
17.9601  1.02
17.9701  1.04
17.9801  1.04
17.9901  1.05
18.0001  0.98
18.0101  1
18.0201  1.03
18.0301  1.01
18.0401  0.99
18.0501  1.01
18.0601  1.06
18.0701  0.98
18.0801  1.01
18.0901  0.99
18.1001  1
18.1101  1
18.1201  1.06
18.1301  0.98
18.1401  1
18.1501  1.05
18.1601  0.98
18.1701  1.09
18.1801  1.01
18.1901  0.98
18.2001  1.02
18.2101  1.01
18.2201  0.98
18.2301  0.98
18.2401  1.02
18.2501  1.08
18.2601  1
18.2701  0.99
18.2801  1
18.2901  1.02
18.3001  1.02
18.3101  1.04
18.3201  1.02
18.3301  0.97
18.3401  1.01
18.3501  1.09
18.3601  1.02
18.3701  1.02
18.3801  1.01
18.3901  0.97
18.4001  0.99
18.4101  0.98
18.4201  1.01
18.4301  1.05
18.4401  1
18.4501  1
18.4601  0.99
18.4701  0.97
18.4801  1.03
18.4901  1.05
18.5001  1
18.5101  1
18.5201  1.08
18.5301  0.97
18.5401  0.99
18.5501  1.05
18.5601  0.98
18.5701  1
18.5801  0.99
18.5901  1.04
18.6001  1.01
18.6101  1
18.6201  1.01
18.6301  1
18.6401  1.02
18.6501  1.04
18.6601  0.94
18.6701  1
18.6801  1.04
18.6901  1.02
18.7001  0.93
18.7101  1.08
18.7201  1.02
18.7301  1.07
18.7401  0.95
18.7501  0.94
18.7601  1.06
18.7701  1.03
18.7801  0.96
18.7901  1.01
18.8001  1.05
18.8101  1.01
18.8201  0.99
18.8301  1.03
18.8401  0.99
18.8501  1.02
18.8601  0.97
18.8701  1
18.8801  1.04
18.8901  0.96
18.9001  1
18.9101  0.96
18.9201  1.04
18.9301  1.09
18.9401  0.99
18.9501  0.96
18.9601  1.04
18.9701  1
18.9801  1.02
18.9901  1.05
19.0001  1.02
19.0101  0.95
19.0201  0.99
19.0301  1.04
19.0401  0.98
19.0501  1.04
19.0601  1.03
19.0701  0.98
19.0801  0.96
19.0901  1.05
19.1001  0.99
19.1101  1.08
19.1201  0.98
19.1301  1.05
19.1401  1.05
19.1501  0.91
19.1601  1.08
19.1701  0.99
19.1801  0.99
19.1901  1.01
19.2001  1.02
19.2101  1.01
19.2201  1
19.2301  1.01
19.2401  0.98
19.2501  1.08
19.2601  0.96
19.2701  1.01
19.2801  1.02
19.2901  1
19.3001  1
19.3101  1
19.3201  1.06
19.3301  1
19.3401  0.98
19.3501  1.07
19.3601  0.97
19.3701  1.01
19.3801  0.99
19.3901  1.06
19.4001  0.98
19.4101  1.1
19.4201  1.05
19.4301  1
19.4401  1.02
19.4501  0.97
19.4601  1.03
19.4701  0.97
19.4801  1.02
19.4901  1.06
19.5001  0.98
19.5101  1.01
19.5201  0.97
19.5301  1.05
19.5401  0.99
19.5501  1.06
19.5601  0.97
19.5701  1.02
19.5801  0.99
19.5901  1
19.6001  1.03
19.6101  1.05
19.6201  1
19.6301  1
19.6401  1
19.6501  0.97
19.6601  1
19.6701  1.09
19.6801  0.98
19.6901  1.01
19.7001  1.06
19.7101  1.02
19.7201  0.99
19.7301  0.96
19.7401  1.05
19.7501  1.04
19.7601  1.06
19.7701  0.96
19.7801  1.05
19.7901  1.01
19.8001  0.96
19.8101  0.99
19.8201  0.99
19.8301  1.03
19.8401  1.01
19.8501  1.03
19.8601  1
19.8701  0.96
19.8801  1.08
19.8901  1.04
19.9001  1.03
19.9101  0.94
19.9201  1.02
19.9301  0.99
19.9401  1.01
19.9501  1
19.9601  1.01
19.9701  0.96
19.9801  1.06
19.9901  1.02
20.0001  1.03
20.0101  1.02
20.0201  0.97
20.0301  0.97
20.0401  1.08
20.0501  1.03
20.0601  1.04
20.0701  0.94
20.0801  1.06
20.0901  0.97
20.1001  1.03
20.1101  0.99
20.1201  1
20.1301  1
20.1401  0.97
20.1501  1.05
20.1601  0.96
20.1701  1.01
20.1801  1.03
20.1901  1
20.2001  1.02
20.2101  0.98
20.2201  0.99
20.2301  1.04
20.2401  0.97
20.2501  1.06
20.2601  1.12
20.2701  0.96
20.2801  1
20.2901  1
20.3001  1.01
20.3101  0.94
20.3201  1.05
20.3301  1.01
20.3401  1.02
20.3501  0.99
20.3601  0.95
20.3701  0.99
20.3801  1.06
20.3901  0.99
20.4001  1
20.4101  1.03
20.4201  1.05
20.4301  1.08
20.4401  0.93
20.4501  1.01
20.4601  1.04
20.4701  0.99
20.4801  1.02
20.4901  0.96
20.5001  1.08
20.5101  0.98
20.5201  1.04
20.5301  1.04
20.5401  0.97
20.5501  1
20.5601  1.01
20.5701  1.03
20.5801  0.95
20.5901  1.06
20.6001  0.98
20.6101  0.97
20.6201  1.03
20.6301  1.02
20.6401  0.99
20.6501  1.02
20.6601  1.03
20.6701  1.04
20.6801  0.99
20.6901  1.04
20.7001  0.99
20.7101  1.03
20.7201  0.98
20.7301  0.98
20.7401  1.05
20.7501  1.06
20.7601  0.96
20.7701  0.99
20.7801  1
20.7901  1.04
20.8001  1.03
20.8101  1.02
20.8201  1.03
20.8301  1.03
20.8401  0.97
20.8501  1.06
20.8601  1.02
20.8701  0.99
20.8801  0.98
20.8901  0.97
20.9001  1.02
20.9101  1.01
20.9201  1.05
20.9301  0.98
20.9401  1.07
20.9501  0.99
20.9601  0.99
20.9701  1.01
20.9801  1.03
20.9901  1.04
21.0001  0.95
21.0101  1.05
21.0201  0.99
21.0301  1.02
21.0401  0.94
21.0501  1.07
21.0601  0.96
21.0701  1.11
21.0801  1.01
21.0901  0.99
21.1001  0.99
21.1101  1.06
21.1201  1.03
21.1301  0.96
21.1401  1.03
21.1501  1.04
21.1601  1.05
21.1701  0.97
21.1801  0.99
21.1901  1.05
21.2001  0.99
21.2101  1
21.2201  0.96
21.2301  1.01
21.2401  1.07
21.2501  1
21.2601  0.99
21.2701  1.01
21.2801  1.02
21.2901  0.99
21.3001  1.04
21.3101  0.97
21.3201  1.03
21.3301  1.02
21.3401  1
21.3501  1.01
21.3601  0.97
21.3701  1.05
21.3801  0.97
21.3901  1.05
21.4001  1
21.4101  1.01
21.4201  0.98
21.4301  1
21.4401  1.01
21.4501  1.06
21.4601  1.04
21.4701  0.96
21.4801  1.04
21.4901  1.01
21.5001  1
21.5101  1.02
21.5201  1.05
21.5301  0.99
21.5401  1
21.5501  1.05
21.5601  0.97
21.5701  0.98
21.5801  1.03
21.5901  1.02
21.6001  1.01
21.6101  1.05
21.6201  0.92
21.6301  1.02
21.6401  1.02
21.6501  1.03
21.6601  1.01
21.6701  0.95
21.6801  1.04
21.6901  0.97
21.7001  0.97
21.7101  1.06
21.7201  1.01
21.7301  1.11
21.7401  0.98
21.7501  0.98
21.7601  1.01
21.7701  1.04
21.7801  1
21.7901  1.03
21.8001  0.93
21.8101  1.05
21.8201  1.03
21.8301  1
21.8401  1.01
21.8501  1.01
21.8601  1
21.8701  1.02
21.8801  0.99
21.8901  0.99
21.9001  1
21.9101  1.05
21.9201  1.03
21.9301  1.04
21.9401  0.95
21.9501  1.03
21.9601  1.09
21.9701  0.98
21.9801  0.98
21.9901  1.04
22.0001  0.99
22.0101  0.99
22.0201  1.02
22.0301  0.99
22.0401  1.03
22.0501  1
22.0601  0.98
22.0701  1.05
22.0801  1.02
22.0901  0.96
22.1001  1.03
22.1101  1.03
22.1201  1.01
22.1301  0.97
22.1401  1.04
22.1501  1.01
22.1601  0.97
22.1701  1.04
22.1801  1.06
22.1901  0.98
22.2001  1.01
22.2101  1.04
22.2201  1.02
22.2301  0.99
22.2401  1.05
22.2501  1.06
22.2601  0.98
22.2701  0.99
22.2801  1
22.2901  1.05
22.3001  0.95
22.3101  1
22.3201  1.01
22.3301  0.98
22.3401  1.11
22.3501  0.97
22.3601  1.01
22.3701  1.03
22.3801  0.94
22.3901  1.04
22.4001  1.1
22.4101  0.95
22.4201  0.95
22.4301  1
22.4401  1.01
22.4501  1.01
22.4601  1.08
22.4701  0.96
22.4801  1.04
22.4901  1.04
22.5001  0.96
22.5101  0.94
22.5201  1.03
22.5301  1.03
22.5401  1
22.5501  1.01
22.5601  1.05
22.5701  1.07
22.5801  1.01
22.5901  1.05
22.6001  1.03
22.6101  1.02
22.6201  0.96
22.6301  1
22.6401  1.04
22.6501  0.97
22.6601  1
22.6701  1.03
22.6801  0.96
22.6901  0.95
22.7001  1.03
22.7101  1.03
22.7201  1.04
22.7301  0.99
22.7401  0.97
22.7501  1.04
22.7601  0.95
22.7701  1.02
22.7801  1.07
22.7901  1.01
22.8001  1.02
22.8101  1.03
22.8201  0.99
22.8301  1
22.8401  1
22.8501  0.97
22.8601  1.04
22.8701  1.07
22.8801  1.03
22.8901  1.02
22.9001  0.97
22.9101  0.97
22.9201  1.04
22.9301  1.02
22.9401  1
22.9501  1.05
22.9601  0.95
22.9701  1.01
22.9801  1.03
22.9901  1.05
23.0001  0.96
23.0101  0.99
23.0201  0.97
23.0301  1.06
23.0401  1.04
23.0501  1.03
23.0601  1.02
23.0701  1.02
23.0801  0.96
23.0901  1.02
23.1001  1.01
23.1101  1.01
23.1201  1
23.1301  0.96
23.1401  1.03
23.1501  1.07
23.1601  1.01
23.1701  0.94
23.1801  1.01
23.1901  0.99
23.2001  1.07
23.2101  1.01
23.2201  1.01
23.2301  1.03
23.2401  1.02
23.2501  1.02
23.2601  1.01
23.2701  0.95
23.2801  1.07
23.2901  0.96
23.3001  1.03
23.3101  1.04
23.3201  0.97
23.3301  1.04
23.3401  1.01
23.3501  0.98
23.3601  1.02
23.3701  1.04
23.3801  1
23.3901  0.98
23.4001  1
23.4101  1.01
23.4201  1.03
23.4301  0.99
23.4401  1.03
23.4501  0.98
23.4601  1.04
23.4701  1.01
23.4801  1.08
23.4901  0.97
23.5001  0.99
23.5101  1.01
23.5201  1
23.5301  1.01
23.5401  1.04
23.5501  0.98
23.5601  1.07
23.5701  0.94
23.5801  1.03
23.5901  1.02
23.6001  0.99
23.6101  1.06
23.6201  0.99
23.6301  0.99
23.6401  1.05
23.6501  0.94
23.6601  1
23.6701  1.06
23.6801  1.05
23.6901  1.04
23.7001  0.96
23.7101  1.03
23.7201  1
23.7301  1
23.7401  1.02
23.7501  1.06
23.7601  0.94
23.7701  1.04
23.7801  1
23.7901  1.04
23.8001  0.99
23.8101  1.03
23.8201  0.94
23.8301  0.99
23.8401  1.06
23.8501  1.05
23.8601  1.07
23.8701  0.94
23.8801  1.01
23.8901  0.99
23.9001  1.02
23.9101  1.01
23.9201  1.01
23.9301  0.99
23.9401  0.97
23.9501  1.04
23.9601  0.99
23.9701  1.01
23.9801  1.01
23.9901  1.04
24.0001  1.04
24.0101  0.98
24.0201  1.04
24.0301  1.03
24.0401  1.02
24.0501  1
24.0601  0.99
24.0701  1.08
24.0801  0.98
24.0901  0.94
24.1001  1.03
24.1101  1.07
24.1201  0.96
24.1301  1.06
24.1401  0.95
24.1501  0.97
24.1601  1.05
24.1701  0.99
24.1801  0.98
24.1901  1.02
24.2001  0.98
24.2101  1.1
24.2201  0.96
24.2301  1.05
24.2401  1
24.2501  0.99
24.2601  1.02
24.2701  1.02
24.2801  1.05
24.2901  0.95
24.3001  1.05
24.3101  0.97
24.3201  1
24.3301  0.97
24.3401  1.08
24.3501  1
24.3601  1.03
24.3701  1.06
24.3801  1.02
24.3901  0.96
24.4001  1.07
24.4101  1.04
24.4201  0.98
24.4301  0.98
24.4401  1
24.4501  0.96
24.4601  1.04
24.4701  0.99
24.4801  0.97
24.4901  1.05
24.5001  1.03
24.5101  1.01
24.5201  1.02
24.5301  0.98
24.5401  1.06
24.5501  1.01
24.5601  1.02
24.5701  0.89
24.5801  1.04
24.5901  1.02
24.6001  1.07
24.6101  0.93
24.6201  1.01
24.6301  1.04
24.6401  1.02
24.6501  1.03
24.6601  1
24.6701  1.03
24.6801  0.99
24.6901  0.99
24.7001  1.06
24.7101  0.99
24.7201  1.05
24.7301  1
24.7401  1.01
24.7501  0.98
24.7601  1
24.7701  0.98
24.7801  1.08
24.7901  1.05
24.8001  0.98
24.8101  1
24.8201  0.96
24.8301  1.09
24.8401  0.99
24.8501  0.97
24.8601  1.04
24.8701  1.01
24.8801  0.96
24.8901  1.07
24.9001  0.95
24.9101  1.02
24.9201  1.02
24.9301  1.05
24.9401  1.07
24.9501  0.95
24.9601  0.93
24.9701  1.09
24.9801  1
24.9901  1.04
25.0001  0.92
25.0101  1.07
25.0201  0.99
25.0301  1.02
25.0401  1.02
25.0501  0.96
25.0601  1.11
25.0701  0.98
25.0801  0.96
25.0901  1.01
25.1001  1.07
25.1101  0.97
25.1201  1
25.1301  1.05
25.1401  0.97
25.1501  1.01
25.1601  1.02
25.1701  1.07
25.1801  1.04
25.1901  0.96
25.2001  0.96
25.2101  1.06
25.2201  1.06
25.2301  0.96
25.2401  1.03
25.2501  0.97
25.2601  1.02
25.2701  0.99
25.2801  0.98
25.2901  1.02
25.3001  1.03
25.3101  1.03
25.3201  0.99
25.3301  1.04
25.3401  0.98
25.3501  1.01
25.3601  1.02
25.3701  1
25.3801  1.01
25.3901  0.96
25.4001  1.11
25.4101  0.99
25.4201  1
25.4301  1.01
25.4401  1.04
25.4501  0.99
25.4601  0.99
25.4701  1.07
25.4801  0.99
25.4901  1.03
25.5001  1
25.5101  0.98
25.5201  0.99
25.5301  1.01
25.5401  1.01
25.5501  1.01
25.5601  1.02
25.5701  0.98
25.5801  1.04
25.5901  1.02
25.6001  0.97
25.6101  1.04
25.6201  1.03
25.6301  0.99
25.6401  0.96
25.6501  1.09
25.6601  0.96
25.6701  0.99
25.6801  1.09
25.6901  0.95
25.7001  1.02
25.7101  1.04
25.7201  0.98
25.7301  1.02
25.7401  0.98
25.7501  0.98
25.7601  1.01
25.7701  1.02
25.7801  1.07
25.7901  0.99
25.8001  0.95
25.8101  1.04
25.8201  1.1
25.8301  1.01
25.8401  0.98
25.8501  0.96
25.8601  1.08
25.8701  0.94
25.8801  1.07
25.8901  0.98
25.9001  0.99
25.9101  1.03
25.9201  1.02
25.9301  0.99
25.9401  1.05
25.9501  0.96
25.9601  0.99
25.9701  1.08
25.9801  1.03
25.9901  0.94
26.0001  1
26.0101  1.04
26.0201  0.98
26.0301  1.03
26.0401  0.99
26.0501  0.99
26.0601  1.06
26.0701  1.04
26.0801  0.99
26.0901  0.96
26.1001  1.07
26.1101  1.01
26.1201  0.97
26.1301  1.02
26.1401  1
26.1501  1.03
26.1601  1.04
26.1701  1.03
26.1801  0.98
26.1901  1.02
26.2001  0.99
26.2101  1.03
26.2201  1
26.2301  1.01
26.2401  1.01
26.2501  1.06
26.2601  1.03
26.2701  1
26.2801  0.93
26.2901  1.06
26.3001  0.97
26.3101  1.05
26.3201  1
26.3301  1.03
26.3401  0.91
26.3501  1.04
26.3601  1.03
26.3701  1.07
26.3801  0.97
26.3901  1.01
26.4001  0.97
26.4101  0.99
26.4201  1.02
26.4301  1.06
26.4401  1.02
26.4501  0.96
26.4601  1.12
26.4701  1
26.4801  1
26.4901  1.02
26.5001  1.04
26.5101  0.95
26.5201  1.01
26.5301  0.99
26.5401  1.02
26.5501  1.04
26.5601  1.04
26.5701  1
26.5801  1.01
26.5901  1.02
26.6001  0.94
26.6101  1.1
26.6201  0.98
26.6301  1.03
26.6401  0.96
26.6501  0.99
26.6601  1.01
26.6701  1.01
26.6801  0.96
26.6901  1.07
26.7001  0.99
26.7101  1.03
26.7201  1.02
26.7301  1.05
26.7401  0.99
26.7501  1.03
26.7601  0.99
26.7701  1.02
26.7801  1.08
26.7901  0.88
26.8001  1
26.8101  1.02
26.8201  1.03
26.8301  1.02
26.8401  1.05
26.8501  0.95
26.8601  1.03
26.8701  1
26.8801  0.98
26.8901  1.01
26.9001  1.01
26.9101  1
26.9201  1.08
26.9301  1.03
26.9401  1.03
26.9501  0.98
26.9601  1
26.9701  1.03
26.9801  1
26.9901  1.03
27.0001  0.95
27.0101  1.06
27.0201  1.02
27.0301  0.98
27.0401  1.05
27.0501  1.02
27.0601  0.96
27.0701  1
27.0801  0.99
27.0901  0.97
27.1001  1.05
27.1101  0.97
27.1201  1.04
27.1301  1
27.1401  1
27.1501  1.07
27.1601  1
27.1701  1
27.1801  0.97
27.1901  1.01
27.2001  1.02
27.2101  1.03
27.2201  1.02
27.2301  0.96
27.2401  1.07
27.2501  0.97
27.2601  1.09
27.2701  0.97
27.2801  1.02
27.2901  0.98
27.3001  1.06
27.3101  0.97
27.3201  1.01
27.3301  1.04
27.3401  0.99
27.3501  1.04
27.3601  0.95
27.3701  1.03
27.3801  1
27.3901  1.07
27.4001  1.01
27.4101  1.01
27.4201  0.97
27.4301  1
27.4401  1.06
27.4501  1.04
27.4601  0.95
27.4701  1.01
27.4801  0.99
27.4901  1.07
27.5001  0.95
27.5101  1.02
27.5201  1
27.5301  0.97
27.5401  1.03
27.5501  1.02
27.5601  0.96
27.5701  1.05
27.5801  0.97
27.5901  1.09
27.6001  1.07
27.6101  0.94
27.6201  0.99
27.6301  1.08
27.6401  1
27.6501  0.98
27.6601  1.06
27.6701  1.01
27.6801  1.06
27.6901  1
27.7001  0.92
27.7101  1.02
27.7201  1.02
27.7301  1.02
27.7401  1.06
27.7501  0.96
27.7601  0.99
27.7701  1
27.7801  0.96
27.7901  1.08
27.8001  1.03
27.8101  1.02
27.8201  0.97
27.8301  0.95
27.8401  1.1
27.8501  0.96
27.8601  1.02
27.8701  1.05
27.8801  1.02
27.8901  1.03
27.9001  1
27.9101  1.01
27.9201  1.01
27.9301  1
27.9401  1.05
27.9501  0.97
27.9601  0.99
27.9701  1.06
27.9801  0.97
27.9901  0.98
28.0001  0.99
28.0101  1.11
28.0201  0.91
28.0301  1.04
28.0401  1.05
28.0501  1.04
28.0601  1.03
28.0701  1.04
28.0801  0.96
28.0901  1.07
28.1001  1.03
28.1101  0.94
28.1201  1.04
28.1301  0.92
28.1401  1.06
28.1501  1.02
28.1601  1
28.1701  1.01
28.1801  0.96
28.1901  0.98
28.2001  1.07
28.2101  0.95
28.2201  1.05
28.2301  1.03
28.2401  0.95
28.2501  1.03
28.2601  1.1
28.2701  0.96
28.2801  1.04
28.2901  0.97
28.3001  0.97
28.3101  1.02
28.3201  1.03
28.3301  1.02
28.3401  1.05
28.3501  0.98
28.3601  1.06
28.3701  1.02
28.3801  0.93
28.3901  1
28.4001  0.99
28.4101  1.08
28.4201  1.02
28.4301  0.98
28.4401  0.99
28.4501  1.01
28.4601  1.05
28.4701  0.99
28.4801  1
28.4901  0.98
28.5001  1.05
28.5101  0.95
28.5201  1.03
28.5301  1.04
28.5401  1.06
28.5501  1
28.5601  0.96
28.5701  1.04
28.5801  1.02
28.5901  1.03
28.6001  1.04
28.6101  0.94
28.6201  0.97
28.6301  1.06
28.6401  1
28.6501  0.99
28.6601  0.96
28.6701  1
28.6801  1.04
28.6901  0.96
28.7001  1.03
28.7101  1.02
28.7201  1.02
28.7301  1.08
28.7401  1
28.7501  1.03
28.7601  1.03
28.7701  0.97
28.7801  1.04
28.7901  1
28.8001  0.92
28.8101  1.08
28.8201  0.98
28.8301  1.02
28.8401  0.98
28.8501  1.08
28.8601  0.97
28.8701  0.99
28.8801  1.03
28.8901  1.02
28.9001  1
28.9101  1.06
28.9201  0.99
28.9301  1.01
28.9401  1.03
28.9501  0.95
28.9601  0.98
28.9701  1.06
28.9801  1.04
28.9901  0.96
29.0001  1.1
29.0101  0.92
29.0201  0.99
29.0301  1.02
29.0401  1.07
29.0501  0.99
29.0601  0.98
29.0701  1.02
29.0801  1.01
29.0901  1.02
29.1001  0.98
29.1101  1.02
29.1201  1.05
29.1301  1.04
29.1401  1
29.1501  1.04
29.1601  1.05
29.1701  1
29.1801  1.02
29.1901  0.96
29.2001  1.07
29.2101  0.98
29.2201  0.98
29.2301  1.07
29.2401  0.96
29.2501  1
29.2601  1.02
29.2701  1.01
29.2801  0.98
29.2901  1.01
29.3001  1.01
29.3101  1
29.3201  1.01
29.3301  0.98
29.3401  1.04
29.3501  1.08
29.3601  0.98
29.3701  1.03
29.3801  0.98
29.3901  1.03
29.4001  1.02
29.4101  1.02
29.4201  0.98
29.4301  1.06
29.4401  1
29.4501  0.96
29.4601  1.08
29.4701  1.04
29.4801  0.94
29.4901  1.04
29.5001  1
29.5101  1.05
29.5201  0.97
29.5301  1.03
29.5401  0.95
29.5501  1.03
29.5601  1
29.5701  1.05
29.5801  1.06
29.5901  0.97
29.6001  1
29.6101  0.96
29.6201  1.04
29.6301  1.02
29.6401  0.99
29.6501  1
29.6601  1.02
29.6701  1.06
29.6801  1
29.6901  0.99
29.7001  1.05
29.7101  0.97
29.7201  1.01
29.7301  0.96
29.7401  1.02
29.7501  1.04
29.7601  1.04
29.7701  0.99
29.7801  1
29.7901  0.99
29.8001  1.02
29.8101  1.01
29.8201  1.01
29.8301  0.97
29.8401  1
29.8501  0.97
29.8601  1.06
29.8701  1.03
29.8801  1.04
29.8901  1.03
29.9001  1.02
29.9101  1.06
29.9201  0.97
29.9301  1
29.9401  0.96
29.9501  1.08
29.9601  0.96
29.9701  1.06
29.9801  0.93
29.9901  0.99
30.0001  0.97
30.0101  1.02
30.0201  1.02
30.0301  1.04
30.0401  0.97
30.0501  1.08
30.0601  1.05
30.0701  0.97
30.0801  0.95
30.0901  1.04
30.1001  1.05
30.1101  1.01
30.1201  0.97
30.1301  1.05
30.1401  0.96
30.1501  1.1
30.1601  0.99
30.1701  0.99
30.1801  1.03
30.1901  0.93
30.2001  1.05
30.2101  0.92
30.2201  1.03
30.2301  1
30.2401  1.02
30.2501  1.05
30.2601  1.02
30.2701  1.04
30.2801  0.99
30.2901  1.07
30.3001  0.93
30.3101  1.02
30.3201  1.07
30.3301  1
30.3401  0.95
30.3501  1.06
30.3601  1
30.3701  1.03
30.3801  1.03
30.3901  0.96
30.4001  0.98
30.4101  0.99
30.4201  1.03
30.4301  1.01
30.4401  1.04
30.4501  0.97
30.4601  1.02
30.4701  0.97
30.4801  1.01
30.4901  1.07
30.5001  1.05
30.5101  0.97
30.5201  1.02
30.5301  0.94
30.5401  1.05
30.5501  0.99
30.5601  1.04
30.5701  1.05
30.5801  1.05
30.5901  1.01
30.6001  1.04
30.6101  0.94
30.6201  1.02
30.6301  1.01
30.6401  1.03
30.6501  1.03
30.6601  0.97
30.6701  1.03
30.6801  0.99
30.6901  1
30.7001  1.03
30.7101  1.03
30.7201  1.05
30.7301  0.98
30.7401  1.02
30.7501  1
30.7601  0.98
30.7701  0.99
30.7801  1.02
30.7901  1.03
30.8001  1
30.8101  1.07
30.8201  0.98
30.8301  0.99
30.8401  1.05
30.8501  1
30.8601  1
30.8701  0.96
30.8801  0.98
30.8901  1.05
30.9001  1.03
30.9101  1
30.9201  1.02
30.9301  1.03
30.9401  1
30.9501  0.99
30.9601  1.02
30.9701  1.01
30.9801  1.04
30.9901  0.98
31.0001  1.05
31.0101  1
31.0201  1.09
31.0301  0.93
31.0401  1.06
31.0501  0.95
31.0601  1.06
31.0701  1.04
31.0801  1.02
31.0901  0.97
31.1001  0.97
31.1101  0.99
31.1201  0.99
31.1301  1.01
31.1401  1.1
31.1501  0.98
31.1601  0.98
31.1701  1.01
31.1801  0.96
31.1901  1.01
31.2001  0.97
31.2101  1.03
31.2201  1.09
31.2301  0.95
31.2401  1.1
31.2501  0.95
31.2601  1
31.2701  1.05
31.2801  1.03
31.2901  1.01
31.3001  0.98
31.3101  0.99
31.3201  1.04
31.3301  0.98
31.3401  1.01
31.3501  1.01
31.3601  1.03
31.3701  1.05
31.3801  0.97
31.3901  1.03
31.4001  1.05
31.4101  1.02
31.4201  0.99
31.4301  1.01
31.4401  0.98
31.4501  0.99
31.4601  0.95
31.4701  1.08
31.4801  1.05
31.4901  1.02
31.5001  0.97
31.5101  1
31.5201  0.95
31.5301  1.06
31.5401  1
31.5501  0.99
31.5601  1
31.5701  1.02
31.5801  1.04
31.5901  1.04
31.6001  0.98
31.6101  1.06
31.6201  0.98
31.6301  1
31.6401  0.98
31.6501  1.04
31.6601  1.03
31.6701  0.96
31.6801  1.08
31.6901  0.97
31.7001  0.98
31.7101  1.06
31.7201  0.94
31.7301  1.06
31.7401  1.05
31.7501  1.01
31.7601  1.04
31.7701  1.02
31.7801  0.95
31.7901  1
31.8001  1.05
31.8101  0.96
31.8201  1.02
31.8301  1
31.8401  1.05
31.8501  1.02
31.8601  1
31.8701  0.99
31.8801  1.03
31.8901  1.01
31.9001  1.04
31.9101  1.04
31.9201  1.02
31.9301  0.97
31.9401  1.03
31.9501  1
31.9601  0.97
31.9701  0.96
31.9801  1.05
31.9901  1.04
32.0001  1
32.0101  1.01
32.0201  0.96
32.0301  1.07
32.0401  0.99
32.0501  1.05
32.0601  0.99
32.0701  1
32.0801  0.98
32.0901  1.03
32.1001  1.09
32.1101  0.94
32.1201  1.06
32.1301  0.96
32.1401  1.01
32.1501  1.05
32.1601  1.01
32.1701  1.04
32.1801  0.99
32.1901  1.01
32.2001  1
32.2101  1.04
32.2201  1.01
32.2301  0.96
32.2401  1.01
32.2501  1.03
32.2601  1.05
32.2701  0.98
32.2801  1.01
32.2901  0.98
32.3001  0.97
32.3101  1.06
32.3201  0.92
32.3301  1.04
32.3401  1.04
32.3501  0.99
32.3601  1.05
32.3701  1.01
32.3801  1.04
32.3901  0.99
32.4001  0.99
32.4101  1.03
32.4201  1
32.4301  1.06
32.4401  1.01
32.4501  1.01
32.4601  0.99
32.4701  0.94
32.4801  1
32.4901  1.04
32.5001  1.02
32.5101  1
32.5201  1.04
32.5301  1.01
32.5401  1
32.5501  1.01
32.5601  1.08
32.5701  1.01
32.5801  0.99
32.5901  0.95
32.6001  1.03
32.6101  1.01
32.6201  1.03
32.6301  1.04
32.6401  0.94
32.6501  1
32.6601  0.99
32.6701  1.07
32.6801  0.97
32.6901  1
32.7001  1.03
32.7101  0.97
32.7201  1.07
32.7301  1.02
32.7401  0.99
32.7501  0.99
32.7601  1
32.7701  1.02
32.7801  0.99
32.7901  1.02
32.8001  0.98
32.8101  1.05
32.8201  1.06
32.8301  0.98
32.8401  1.02
32.8501  0.99
32.8601  0.96
32.8701  1
32.8801  1.04
32.8901  1.05
32.9001  1.07
32.9101  0.95
32.9201  1.08
32.9301  0.98
32.9401  1
32.9501  0.97
32.9601  1.03
32.9701  1.01
32.9801  1.03
32.9901  1.01
33.0001  1.03
33.0101  0.97
33.0201  1
33.0301  1.02
33.0401  1.02
33.0501  1.01
33.0601  0.98
33.0701  1.02
33.0801  1.02
33.0901  1.01
33.1001  0.98
33.1101  1.03
33.1201  1.02
33.1301  1.03
33.1401  1.03
33.1501  1.04
33.1601  0.97
33.1701  0.99
33.1801  1.01
33.1901  0.97
33.2001  1
33.2101  1.09
33.2201  0.97
33.2301  1.01
33.2401  1.01
33.2501  1.04
33.2601  1.01
33.2701  1.06
33.2801  1.02
33.2901  1.01
33.3001  1.03
33.3101  0.97
33.3201  1.06
33.3301  1
33.3401  0.96
33.3501  0.98
33.3601  0.98
33.3701  0.98
33.3801  1.07
33.3901  1
33.4001  1.07
33.4101  1
33.4201  1.05
33.4301  0.95
33.4401  1.04
33.4501  0.93
33.4601  1.03
33.4701  1.03
33.4801  1.04
33.4901  0.96
33.5001  1.06
33.5101  1.01
33.5201  1.04
33.5301  1.01
33.5401  1.03
33.5501  0.99
33.5601  0.93
33.5701  1.01
33.5801  1.09
33.5901  1.01
33.6001  0.98
33.6101  0.99
33.6201  1.03
33.6301  0.95
33.6401  1.06
33.6501  0.98
33.6601  1.06
33.6701  0.96
33.6801  1.02
33.6901  1.05
33.7001  1.04
33.7101  0.96
33.7201  1
33.7301  0.97
33.7401  1.08
33.7501  1.02
33.7601  1.04
33.7701  0.96
33.7801  1.02
33.7901  1
33.8001  1.01
33.8101  1.04
33.8201  1.04
33.8301  0.97
33.8401  0.98
33.8501  1.01
33.8601  0.99
33.8701  0.99
33.8801  1.06
33.8901  0.96
33.9001  1.08
33.9101  0.98
33.9201  1.04
33.9301  1.01
33.9401  1
33.9501  1.01
33.9601  0.97
33.9701  1.06
33.9801  1
33.9901  1.07
34.0001  0.98
34.0101  0.96
34.0201  1.02
34.0301  0.97
34.0401  1
34.0501  1
34.0601  1.07
34.0701  1.06
34.0801  1.01
34.0901  1.04
34.1001  1.05
34.1101  1.01
34.1201  1.02
34.1301  0.92
34.1401  0.95
34.1501  1.05
34.1601  1.03
34.1701  0.93
34.1801  1.06
34.1901  1.08
34.2001  1.02
34.2101  1.02
34.2201  0.96
34.2301  0.97
34.2401  1.04
34.2501  0.98
34.2601  1.04
34.2701  1.02
34.2801  1.02
34.2901  1.03
34.3001  0.97
34.3101  0.98
34.3201  1
34.3301  1.01
34.3401  1
34.3501  0.99
34.3601  0.95
34.3701  1.14
34.3801  0.95
34.3901  1.05
34.4001  1.05
34.4101  0.99
34.4201  0.98
34.4301  1.08
34.4401  1.04
34.4501  1.02
34.4601  0.96
34.4701  1.1
34.4801  0.98
34.4901  0.99
34.5  0.97
34.51  0.98
34.52  1.06
34.53  0.98
34.54  1
34.55  1
34.56  0.97
34.57  0.98
34.58  1.01
34.59  1.04
34.6  1.02
34.61  1.01
34.62  1.06
34.63  1.03
34.64  1.03
34.65  0.95
34.66  1
34.67  1.09
34.68  1.02
34.69  0.95
34.7  0.99
34.71  1.03
34.72  1
34.73  0.94
34.74  1.04
34.75  1.01
34.76  1.03
34.77  1.02
34.78  1.05
34.79  0.99
34.8  1.06
34.81  1.03
34.82  0.92
34.83  1.01
34.84  1.01
34.85  1.04
34.86  1.02
34.87  1.04
34.88  1.01
34.89  0.95
34.9  1.04
34.91  1.01
34.92  0.98
34.93  0.98
34.94  1.02
34.95  1.03
34.96  0.98
34.97  1.03
34.98  1.05
34.99  0.96
35  1.03
35.01  1
35.02  1.03
35.03  0.99
35.04  0.98
35.05  1.04
35.06  1
35.07  0.99
35.08  1.02
35.09  1
35.1  1.01
35.11  1.04
35.12  0.99
35.13  1.05
35.14  0.95
35.15  1.07
35.16  0.99
35.17  1
35.18  1.05
35.19  1.02
35.2  0.99
35.21  0.95
35.22  1.05
35.23  1
35.24  1.03
35.25  1.04
35.26  0.99
35.27  1
35.28  1.06
35.29  1
35.3  1.02
35.31  0.97
35.32  0.99
35.33  1.02
35.34  0.98
35.35  1.01
35.36  1.04
35.37  0.98
35.38  1.05
35.39  0.95
35.4  1.03
35.41  1
35.42  1.02
35.43  1.08
35.44  1.03
35.45  1
35.46  1.01
35.47  0.96
35.48  1.05
35.49  1.03
35.5  1.01
35.51  0.94
35.52  0.98
35.53  1.05
35.54  1
35.55  1.05
35.56  0.97
35.57  1.03
35.58  1.03
35.59  1
35.6  1.02
35.61  1
35.62  1.08
35.63  1.01
35.64  1.07
35.65  0.97
35.66  0.96
35.67  1.03
35.68  0.99
35.69  1.03
35.7  1.01
35.71  1
35.72  1.03
35.73  0.97
35.74  1.02
35.75  0.94
35.76  1.1
35.77  0.98
35.78  0.99
35.79  1.02
35.8  1.02
35.81  0.97
35.82  1.07
35.83  1.01
35.84  1.04
35.85  1.01
35.86  1.03
35.87  0.99
35.88  1
35.89  0.97
35.9  0.99
35.91  1
35.92  1.03
35.93  1.01
35.94  1
35.95  1.04
35.96  1.04
35.97  1.01
35.98  0.98
35.99  1.06
36  0.97
36.01  1.12
36.02  0.93
36.03  1.07
36.04  0.99
36.05  0.99
36.06  1.01
36.07  0.98
36.08  0.98
36.09  1
36.1  1.04
36.11  1.05
36.12  1.01
36.13  1
36.14  0.99
36.15  1.02
36.16  0.96
36.17  1.04
36.18  0.96
36.19  1
36.2  1
36.21  1.01
36.22  1.04
36.23  0.97
36.24  1.01
36.25  1.06
36.26  1.03
36.27  0.99
36.28  1.06
36.29  0.93
36.3  1.04
36.31  1
36.32  1.01
36.33  1.08
36.34  0.98
36.35  1.05
36.36  1.05
36.37  1.01
36.38  0.96
36.39  1.02
36.4  1.01
36.41  1.02
36.42  0.97
36.43  1.02
36.44  0.94
36.45  1.01
36.46  1.02
36.47  1.04
36.48  1.04
36.49  0.99
36.5  0.99
36.51  0.97
36.52  1.09
36.53  1
36.54  1.01
36.55  0.98
36.56  0.96
36.57  1.08
36.58  0.94
36.59  1
36.6  1.07
36.61  1.01
36.62  1
36.63  0.94
36.64  1.02
36.65  1.08
36.66  1
36.67  0.99
36.68  1.02
36.69  1
36.7  1.01
36.71  1.06
36.72  1.01
36.73  0.96
36.74  1
36.75  1.08
36.76  0.98
36.77  1.03
36.78  0.98
36.79  1
36.8  1.08
36.81  1.04
36.82  0.98
36.83  0.98
36.84  1.06
36.85  0.94
36.86  1.03
36.87  0.97
36.88  1.03
36.89  1.04
36.9  1
36.91  0.96
36.92  1
36.93  1.07
36.94  1.02
36.95  0.99
36.96  1.02
36.97  1.02
36.98  1.02
36.99  1.06
37  1.01
37.01  0.98
37.02  0.94
37.03  1.05
37.04  1.08
37.05  0.98
37.06  1.02
37.07  1
37.08  1
37.09  1.02
37.1  0.93
37.11  1.03
37.12  1.03
37.13  0.98
37.14  1.01
37.15  0.97
37.16  1.11
37.17  1.04
37.18  0.97
37.19  1.01
37.2  1.05
37.21  1
37.22  1.03
37.23  0.98
37.24  1.03
37.25  1.02
37.26  1.01
37.27  1
37.28  1.02
37.29  1.04
37.3  1
37.31  0.98
37.32  0.94
37.33  1.11
37.34  1
37.35  0.96
37.36  1.01
37.37  1.03
37.38  0.98
37.39  0.99
37.4  1.06
37.41  0.96
37.42  1.03
37.43  1.02
37.44  1.02
37.45  1.06
37.46  0.94
37.47  0.99
37.48  1.1
37.49  1
37.5  0.94
37.51  1.03
37.52  1.06
37.53  1
37.54  1
37.55  1.06
37.56  0.96
37.57  1.04
37.58  0.96
37.59  1.05
37.6  0.98
37.61  1.06
37.62  0.98
37.63  0.99
37.64  1
37.65  0.98
37.66  1.1
37.67  1
37.68  1.03
37.69  1
37.7  0.99
37.71  1.03
37.72  0.97
37.73  1.04
37.74  1
37.75  1.1
37.76  0.94
37.77  1.02
37.78  0.99
37.79  1.02
37.8  0.97
37.81  0.98
37.82  0.96
37.83  1.02
37.84  1.05
37.85  1.04
37.86  1.06
37.87  1
37.88  0.97
37.89  1
37.9  1.05
37.91  1.03
37.92  0.98
37.93  1.02
37.94  1.02
37.95  1.06
37.96  1.02
37.97  0.99
37.98  1.02
37.99  0.93
38  1.03
38.01  0.99
38.02  1.05
38.03  1.06
38.04  0.93
38.05  1.03
38.06  1.01
38.07  1.03
38.08  1.04
38.09  0.98
38.1  1.01
38.11  1.02
38.12  0.97
38.13  0.99
38.14  0.97
38.15  1.04
38.16  1.02
38.17  1.06
38.18  0.97
38.19  1.02
38.2  1.02
38.21  1.01
38.22  0.94
38.23  1.06
38.24  0.99
38.25  0.99
38.26  1.13
38.27  0.96
38.28  1
38.29  1.07
38.3  0.99
38.31  1
38.32  1.03
38.33  1
38.34  1.04
38.35  0.95
38.36  1.02
38.37  1.03
38.38  1.01
38.39  0.98
38.4  1.06
38.41  0.98
38.42  0.98
38.43  1.01
38.44  1.08
38.45  1.02
38.46  0.98
38.47  1
38.48  1
38.49  0.95
38.5  0.95
38.51  1.01
38.52  1.07
38.53  0.99
38.54  1.06
38.55  0.95
38.56  1.06
38.57  1.07
38.58  0.99
38.59  1.03
38.6  1
38.61  0.99
38.62  1.03
38.63  0.98
38.64  1.05
38.65  1
38.66  0.95
38.67  1.02
38.68  1.05
38.69  1
38.7  1.02
38.71  1.01
38.72  1.02
38.73  0.99
38.74  1.05
38.75  0.97
38.76  1
38.77  1.05
38.78  0.96
38.79  1
38.8  1.03
38.81  1.02
38.82  0.97
38.83  1.07
38.84  0.96
38.85  1.03
38.86  1.07
38.87  1
38.88  0.99
38.89  1
38.9  1.06
38.91  0.99
38.92  0.97
38.93  0.97
38.94  1.05
38.95  0.99
38.96  0.95
38.97  1.08
38.98  0.94
38.99  1.07
39  1.02
39.01  1
39.02  1.05
39.03  1.02
39.04  0.99
39.05  0.97
39.06  1.01
39.07  0.99
39.08  0.98
39.09  1
39.1  1.12
39.11  1.07
39.12  0.98
39.13  1.03
39.14  0.99
39.15  0.93
39.16  1.02
39.17  1.07
39.18  1.05
39.19  0.95
39.2  1.04
39.21  0.92
39.22  1.04
39.23  1.05
39.24  0.99
39.25  1.05
39.26  0.97
39.27  1.05
39.28  0.96
39.29  1
39.3  0.98
39.31  1.06
39.32  1.01
39.33  0.97
39.34  1.09
39.35  1.02
39.36  0.99
39.37  0.99
39.38  1.05
39.39  1
39.4  1.01
39.41  0.98
39.42  1
39.43  0.99
39.44  1
39.45  1.07
39.46  1
39.47  0.99
39.48  0.99
39.49  1
39.5  1.08
39.51  1.02
39.52  1.09
39.53  0.93
39.54  1.01
39.55  1.02
39.56  1
39.57  1.08
39.58  0.96
39.59  0.97
39.6  1.08
39.61  1.02
39.62  0.96
39.63  0.99
39.64  1.02
39.65  1
39.66  1
39.67  0.99
39.68  1.05
39.69  0.99
39.7  1.02
39.71  0.99
39.72  1.04
39.73  1.02
39.74  0.99
39.75  1.02
39.76  1.02
39.77  0.96
39.78  1.04
39.79  0.97
39.8  1.03
39.81  1.07
39.82  0.99
39.83  1.04
39.84  0.97
39.85  0.98
39.86  1.01
39.87  1.04
39.88  0.98
39.89  1.12
39.9  1
39.91  1.02
39.92  0.91
39.93  1.02
39.94  1.02
39.95  1.1
39.96  0.98
39.97  0.97
39.98  0.99
39.99  1.04
40  0.97
40.01  0.98
40.02  0.96
40.03  1.05
40.04  1.06
40.05  0.99
40.06  1.06
40.07  1.04
40.08  0.98
40.09  1.01
40.1  1.06
40.11  0.98
40.12  0.99
40.13  0.99
40.14  1.02
40.15  0.92
40.16  1.06
40.17  1.03
40.18  0.98
40.19  1.04
40.2  1.01
40.21  1.02
40.22  1.02
40.23  0.97
40.24  0.96
40.25  1.05
40.26  1.06
40.27  1.07
40.28  0.98
40.29  1.02
40.3  0.98
40.31  0.96
40.32  1.04
40.33  1.04
40.34  0.94
40.35  1.05
40.36  0.99
40.37  1.04
40.38  1.02
40.39  0.97
40.4  0.99
40.41  1.09
40.42  0.92
40.43  1.04
40.44  0.98
40.45  0.99
40.46  0.99
40.47  1.05
40.48  0.98
40.49  1.05
40.5  1
40.51  1.04
40.52  1.03
40.53  0.98
40.54  1
40.55  1.03
40.56  1.04
40.57  0.98
40.58  0.99
40.59  1.03
40.6  1.01
40.61  0.97
40.62  1.07
40.63  1.02
40.64  1.03
40.65  0.96
40.66  1
40.67  0.97
40.68  1
40.69  1.09
40.7  0.98
40.71  0.99
40.72  1.08
40.73  1
40.74  1.05
40.75  1.01
40.76  1.05
40.77  0.94
40.78  1.06
40.79  0.99
40.8  0.97
40.81  1
40.82  1
40.83  1
40.84  1
40.85  0.98
40.86  1.02
40.87  1.02
40.88  1.07
40.89  1.01
40.9  0.97
40.91  1.04
40.92  0.97
40.93  1.08
40.94  1
40.95  1.04
40.96  0.97
40.97  0.99
40.98  1.04
40.99  1.09
41  1
41.01  0.93
41.02  1.01
41.03  1.01
41.04  0.98
41.05  1.04
41.06  1
41.07  1.03
41.08  1.02
41.09  1.01
41.1  1
41.11  1.01
41.12  1.02
41.13  1.01
41.14  1
41.15  1.05
41.16  0.97
41.17  1.07
41.18  0.96
41.19  1.02
41.2  1.07
41.21  1.01
41.22  1.04
41.23  1.03
41.24  0.98
41.25  1.03
41.26  0.96
41.27  1.03
41.28  1.01
41.29  0.94
41.3  1.02
41.31  1.09
41.32  0.89
41.33  1.05
41.34  1.06
41.35  1.03
41.36  0.95
41.37  1.02
41.38  1.01
41.39  0.95
41.4  1.06
41.41  1
41.42  0.97
41.43  1.05
41.44  0.99
41.45  0.98
41.46  1.11
41.47  0.99
41.48  1.09
41.49  0.99
41.5  1.08
41.51  0.98
41.52  1
41.53  1
41.54  1
41.55  1
41.56  1.02
41.57  0.99
41.58  0.98
41.59  1.02
41.6  0.96
41.61  1.01
41.62  1.02
41.63  1.04
41.64  1
41.65  1.03
41.66  1
41.67  1.01
41.68  1.04
41.69  0.96
41.7  1.02
41.71  1
41.72  1.02
41.73  1.03
41.74  0.98
41.75  1.04
41.76  1.03
41.77  0.92
41.78  0.97
41.79  1.06
41.8  1.04
41.81  1.07
41.82  0.97
41.83  1.03
41.84  0.97
41.85  1.03
41.86  1.02
41.87  0.96
41.88  1.06
41.89  1.05
41.9  1.01
41.91  0.95
41.92  0.98
41.93  1.08
41.94  1.01
41.95  1.02
41.96  0.98
41.97  1.03
41.98  0.96
41.99  0.98
42  1.06
42.01  0.99
42.02  1.03
42.03  1.02
42.04  1.03
42.05  0.98
42.06  1.02
42.07  1.01
42.08  0.94
42.09  1.05
42.1  0.97
42.11  1.03
42.12  1.04
42.13  1.01
42.14  1.02
42.15  1.03
42.16  0.98
42.17  1.02
42.18  1.02
42.19  1.02
42.2  0.99
42.21  1.01
42.22  1.04
42.23  0.98
42.24  1
42.25  1.01
42.26  1.04
42.27  0.99
42.28  0.99
42.29  1.08
42.3  0.98
42.31  0.97
42.32  0.97
42.33  1.02
42.34  1.05
42.35  1.05
42.36  0.96
42.37  1.08
42.38  0.95
42.39  1
42.4  1.01
42.41  1.08
42.42  0.94
42.43  1.02
42.44  0.93
42.45  1.08
42.46  1.02
42.47  1.1
42.48  0.97
42.49  0.93
42.5  1.01
42.51  1.03
42.52  1.06
42.53  0.97
42.54  1.01
42.55  1.01
42.56  1.02
42.57  0.98
42.58  1
42.59  1.05
42.6  1.05
42.61  0.98
42.62  0.98
42.63  0.94
42.64  1.04
42.65  1.05
42.66  1.08
42.67  1.02
42.68  1
42.69  1
42.7  1.05
42.71  0.95
42.72  1.02
42.73  1.04
42.74  1
42.75  1
42.76  1.02
42.77  1.01
42.78  0.97
42.79  1.03
42.8  1.02
42.81  1.01
42.82  1.04
42.83  0.97
42.84  1
42.85  1
42.86  1
42.87  1.09
42.88  0.99
42.89  1
42.9  1.08
42.91  0.99
42.92  0.94
42.93  1.04
42.94  0.97
42.95  0.96
42.96  1.01
42.97  1
42.98  1.07
42.99  1.03
43  1.03
43.01  0.94
43.02  1.05
43.03  0.99
43.04  1.05
43.05  0.97
43.06  1.06
43.07  1
43.08  1.02
43.09  0.99
43.1  1.1
43.11  0.98
43.12  0.98
43.13  0.99
43.14  1
43.15  1.06
43.16  1.06
43.17  0.99
43.18  1.01
43.19  0.97
43.2  1.05
43.21  1
43.22  0.97
43.23  0.97
43.24  1.08
43.25  0.94
43.26  1.03
43.27  1.03
43.28  0.99
43.29  1.06
43.3  1
43.31  0.99
43.32  1.04
43.33  0.94
43.34  1.04
43.35  1.01
43.36  0.98
43.37  1.04
43.38  1.04
43.39  0.95
43.4  1.05
43.41  1
43.42  1.01
43.43  0.97
43.44  1.05
43.45  1.01
43.46  1.01
43.47  1.02
43.48  1
43.49  1.04
43.5  1
43.51  0.97
43.52  1.02
43.53  1.07
43.54  0.98
43.55  1
43.56  0.93
43.57  1.13
43.58  0.97
43.59  1.06
43.6  0.98
43.61  1.03
43.62  1.02
43.63  1.01
43.64  0.98
43.65  0.97
43.66  0.97
43.67  1.01
43.68  1.1
43.69  0.96
43.7  0.95
43.71  1.08
43.72  0.98
43.73  1.01
43.74  1.02
43.75  0.98
43.76  1.04
43.77  1
43.78  1.01
43.79  1.02
43.8  1.02
43.81  0.99
43.82  1
43.83  1.12
43.84  0.98
43.85  0.93
43.86  1.04
43.87  1.04
43.88  1.01
43.89  1.01
43.9  1.09
43.91  0.94
43.92  1.03
43.93  0.98
43.94  1
43.95  0.99
43.96  0.97
43.97  1
43.98  1.02
43.99  1.08
44  1.02
44.01  0.97
44.02  1
44.03  0.97
44.04  1.06
44.05  0.98
44.06  0.99
44.07  1.08
44.08  0.99
44.09  1
44.1  0.97
44.11  1.02
44.12  1.06
44.13  1
44.14  1.02
44.15  1.03
44.16  1
44.17  1.06
44.18  1.02
44.19  0.95
44.2  0.99
44.21  0.99
44.22  1.01
44.23  0.98
44.24  0.96
44.25  1.04
44.26  1.13
44.27  0.96
44.28  1.04
44.29  1.06
44.3  0.99
44.31  1
44.32  1.05
44.33  0.97
44.34  1.01
44.35  1.01
44.36  1.03
44.37  0.94
44.38  1.07
44.39  1.02
44.4  1
44.41  0.98
44.42  0.98
44.43  1.01
44.44  1.03
44.45  0.98
44.46  1.04
44.47  1
44.48  1.04
44.49  1.01
44.5  1
44.51  1.04
44.52  1.04
44.53  0.98
44.54  1.03
44.55  0.94
44.56  1.06
44.57  0.98
44.58  0.96
44.59  1.07
44.6  1.01
44.61  0.99
44.62  1.05
44.63  0.99
44.64  1.06
44.65  0.97
44.66  1.03
44.67  0.99
44.68  1.05
44.69  1
44.7  1.02
44.71  1.06
44.72  1.02
44.73  0.97
44.74  1.03
44.75  0.97
44.76  1.02
44.77  0.97
44.78  1.05
44.79  1.04
44.8  1
44.81  1
44.82  1.06
44.83  1.03
44.84  1.01
44.85  0.99
44.86  1.05
44.87  0.97
44.88  1
44.89  0.96
44.9  1.03
44.91  1
44.92  0.96
44.93  1.07
44.94  1
44.95  0.94
44.96  1.01
44.97  1.01
44.98  1.01
44.99  1.08
45  0.9
45.01  1.09
45.02  1.06
45.03  1.01
45.04  1
45.05  0.99
45.06  1.05
45.07  0.99
45.08  1.1
45.09  1.01
45.1  0.99
45.11  1.04
45.12  0.94
45.13  1
45.14  1.02
45.15  1.01
45.16  1.04
45.17  0.94
45.18  1.01
45.19  1.01
45.2  0.99
45.21  1.03
45.22  1.05
45.23  1.02
45.24  1.01
45.25  0.99
45.26  1
45.27  1.03
45.28  1.01
45.29  1.03
45.3  0.95
45.31  1.03
45.32  0.96
45.33  1.04
45.34  1.04
45.35  1.01
45.36  1.02
45.37  0.96
45.38  1.01
45.39  1.04
45.4  0.98
45.41  1.05
45.42  0.96
45.43  1.03
45.44  1
45.45  0.93
45.46  1.03
45.47  1.01
45.48  0.94
45.49  1.1
45.5  1.05
45.51  1.05
45.52  1.03
45.53  1.06
45.54  1.08
45.55  0.93
45.56  1.02
45.57  0.97
45.58  0.97
45.59  1.1
45.6  0.95
45.61  0.97
45.62  0.97
45.63  1
45.64  0.98
45.65  1.06
45.66  0.95
45.67  1.03
45.68  1.03
45.69  1.02
45.7  1.02
45.71  1.03
45.72  1.02
45.73  0.99
45.74  0.97
45.75  0.98
45.76  1.01
45.77  1.06
45.78  1.02
45.79  1.01
45.8  1
45.81  1.05
45.82  1.02
45.83  1.07
45.84  0.97
45.85  1.01
45.86  0.96
45.87  0.96
45.88  1.09
45.89  1.01
45.9  1.02
45.91  0.95
45.92  1.06
45.93  1.03
45.94  1.01
45.95  1
45.96  0.99
45.97  1.08
45.98  0.93
45.99  1.02
46  1
46.01  1.01
46.02  1.05
46.03  0.98
46.04  1.07
46.05  1.07
46.06  0.95
46.07  0.97
46.08  0.98
46.09  1.04
46.1  0.94
46.11  1.07
46.12  0.94
46.13  1.09
46.14  1.05
46.15  0.99
46.16  1.04
46.17  0.95
46.18  1.01
46.19  1.04
46.2  0.98
46.21  1.02
46.22  1.01
46.23  1.02
46.24  1.02
46.25  1
46.26  1.04
46.27  1.06
46.28  1.02
46.29  0.98
46.3  1.03
46.31  1
46.32  1.03
46.33  0.95
46.34  1.03
46.35  0.96
46.36  0.99
46.37  0.99
46.38  1.05
46.39  0.95
46.4  1.12
46.41  1.02
46.42  1
46.43  1.01
46.44  0.98
46.45  0.99
46.46  1.05
46.47  1.07
46.48  0.97
46.49  0.97
46.5  1
46.51  1.02
46.52  1.07
46.53  0.97
46.54  1.07
46.55  0.95
46.56  1.05
46.57  0.94
46.58  1.1
46.59  0.98
46.6  1.01
46.61  0.98
46.62  1.02
46.63  0.99
46.64  1.09
46.65  0.99
46.66  0.98
46.67  0.99
46.68  1.04
46.69  0.99
46.7  1.02
46.71  1.03
46.72  0.98
46.73  0.98
46.74  1
46.75  1.1
46.76  0.96
46.77  1.02
46.78  1.03
46.79  1.01
46.8  1.02
46.81  1.02
46.82  1.03
46.83  0.93
46.84  1.08
46.85  1
46.86  1.03
46.87  0.96
46.88  1.08
46.89  0.91
46.9  0.98
46.91  1.01
46.92  0.99
46.93  1.02
46.94  1.03
46.95  0.98
46.96  1.05
46.97  1.05
46.98  0.93
46.99  1.05
47  1.01
47.01  0.96
47.02  1.04
47.03  1.08
47.04  0.93
47.05  1.08
47.06  1
47.07  0.96
47.08  0.99
47.09  1.08
47.1  0.92
47.11  1.08
47.12  1.01
47.13  1.01
47.14  1.06
47.15  1.04
47.16  0.99
47.17  1.01
47.18  1.03
47.19  0.95
47.2  0.98
47.21  0.94
47.22  1.09
47.23  1.03
47.24  0.99
47.25  1.04
47.26  1.01
47.27  0.99
47.28  1.04
47.29  0.96
47.3  1.01
47.31  0.95
47.32  1.06
47.33  0.94
47.34  1.06
47.35  1.01
47.36  0.99
47.37  1
47.38  1.03
47.39  0.99
47.4  1.01
47.41  1.02
47.42  1.03
47.43  1
47.44  1.08
47.45  0.99
47.46  1.01
47.47  0.98
47.48  1.03
47.49  1.02
47.5  1.04
47.51  1.04
47.52  1.03
47.53  1
47.54  0.98
47.55  1
47.56  0.98
47.57  0.99
47.58  1.01
47.59  1.03
47.6  1.04
47.61  0.99
47.62  1.01
47.63  1.01
47.64  0.93
47.65  1.1
47.66  1
47.67  0.98
47.68  1.07
47.69  0.98
47.7  0.99
47.71  1.05
47.72  1.06
47.73  0.96
47.74  1.03
47.75  1.01
47.76  0.98
47.77  1
47.78  1.02
47.79  1.01
47.8  1.05
47.81  1.02
47.82  1.01
47.83  0.99
47.84  1.08
47.85  0.95
47.86  0.99
47.87  1.03
47.88  1.03
47.89  1.02
47.9  0.97
47.91  1.03
47.92  0.99
47.93  1.02
47.94  1.06
47.95  0.96
47.96  1.08
47.97  1.01
47.98  0.99
47.99  1.05
48  1.05
48.01  0.96
48.02  0.97
48.03  1.05
48.04  1.05
48.05  0.95
48.06  1.04
48.07  1.03
48.08  1.03
48.09  0.94
48.1  1.03
48.11  0.98
48.12  0.99
48.13  1.07
48.14  0.94
48.15  1.05
48.16  1
48.17  0.98
48.18  1.07
48.19  1.01
48.2  1.01
48.21  0.96
48.22  1.06
48.23  0.97
48.24  1.03
48.25  1.03
48.26  0.97
48.27  1.02
48.28  0.98
48.29  1.05
48.3  1.03
48.31  1.03
48.32  0.99
48.33  1.05
48.34  1.02
48.35  0.96
48.36  0.99
48.37  1.06
48.38  0.99
48.39  1.03
48.4  1.01
48.41  1.03
48.42  0.98
48.43  1.02
48.44  0.99
48.45  0.98
48.46  1
48.47  1.02
48.48  1.03
48.49  1.04
48.5  1.01
48.51  1.02
48.52  1.02
48.53  0.99
48.54  1.02
48.55  1.03
48.56  1.02
48.57  0.89
48.58  1.01
48.59  1.02
48.6  1.03
48.61  1.02
48.62  1.02
48.63  0.92
48.64  1.01
48.65  1.01
48.66  1.07
48.67  1.02
48.68  1.08
48.69  0.94
48.7  0.98
48.71  1.01
48.72  1
48.73  1.08
48.74  0.96
48.75  1
48.76  1.01
48.77  1
48.78  1.07
48.79  1
48.8  1.01
48.81  1.02
48.82  1.02
48.83  1.02
48.84  0.96
48.85  1.05
48.86  0.99
48.87  1.02
48.88  1.01
48.89  1.01
48.9  0.98
48.91  0.96
48.92  1.1
48.93  1
48.94  1
48.95  0.99
48.96  0.97
48.97  1.1
48.98  0.93
48.99  1.01
49  0.99
49.01  1.07
49.02  0.97
49.03  1.04
49.04  1
49.05  0.97
49.06  1.03
49.07  0.99
49.08  1.07
49.09  1
49.1  0.94
49.11  1.12
49.12  0.99
49.13  1.01
49.14  1.02
49.15  1.01
49.16  1.05
49.17  0.98
49.18  1.03
49.19  1.07
49.2  0.95
49.21  0.97
49.22  1.03
49.23  1.08
49.24  1.05
49.25  0.96
49.26  1.02
49.27  0.95
49.28  1.05
49.29  1.07
49.3  0.94
49.31  0.98
49.32  0.98
49.33  1.02
49.34  1.01
49.35  1.04
49.36  1
49.37  0.96
49.38  1.07
49.39  0.99
49.4  1.11
49.41  0.92
49.42  1.05
49.43  1.02
49.44  0.97
49.45  1.05
49.46  0.98
49.47  1
49.48  1.03
49.49  1.02
49.5  0.98
49.51  1.01
49.52  1
49.53  1.04
49.54  1.06
49.55  1.04
49.56  1
49.57  0.99
49.58  0.96
49.59  0.98
49.6  1.06
49.61  0.99
49.62  1.05
49.63  1.02
49.64  1.04
49.65  1.04
49.66  0.97
49.67  1.02
49.68  1
49.69  1.03
49.7  0.93
49.71  0.99
49.72  1.02
49.73  1.01
49.74  1.05
49.75  1.04
49.76  0.92
49.77  1.04
49.78  1
49.79  0.99
49.8  1.05
49.81  0.99
49.82  1.05
49.83  0.95
49.84  1.04
49.85  1.04
49.86  0.98
49.87  0.92
49.88  1.13
49.89  1.01
49.9  1.03
49.91  0.98
49.92  0.99
49.93  1.01
49.94  1.02
49.95  1.03
49.96  1.01
49.97  1.02
49.98  1.06
49.99  1
50  0.93
50.01  1.05
50.02  0.96
50.03  0.97
50.04  1
50.05  1.06
50.06  1.05
50.07  1
50.08  0.93
50.09  0.96
50.1  1.09
50.11  0.95
50.12  1.05
50.13  1.03
50.14  1.02
50.15  1.08
50.16  0.91
50.17  1
50.18  1.08
50.19  1
50.2  1.05
50.21  0.96
50.22  1.12
50.23  1.01
50.24  0.99
50.25  0.91
50.26  1.05
50.27  0.99
50.28  0.94
50.29  1
50.3  1
50.31  0.98
50.32  1.07
50.33  0.94
50.34  1.03
50.35  1.06
50.36  0.99
50.37  1.03
50.38  1.08
50.39  1.02
50.4  1
50.41  0.99
50.42  1.04
50.43  1
50.44  1.05
50.45  1.02
50.46  1
50.47  0.95
50.48  0.97
50.49  1.02
50.5  1.03
50.51  1.02
50.52  1.01
50.53  1.02
50.54  1.04
50.55  0.98
50.56  0.98
50.57  1.08
50.58  1.02
50.59  0.97
50.6  1.07
50.61  0.94
50.62  1.05
50.63  0.99
50.64  0.99
50.65  0.95
50.66  1.08
50.67  0.99
50.68  1.04
50.69  0.98
50.7  1.07
50.71  1.06
50.72  0.99
50.73  0.98
50.74  0.97
50.75  0.98
50.76  1.04
50.77  0.97
50.78  1.07
50.79  1.03
50.8  1
50.81  0.94
50.82  1.12
50.83  0.95
50.84  1.07
50.85  1
50.86  1.03
50.87  1.02
50.88  0.99
50.89  0.99
50.9  0.99
50.91  1.05
50.92  1.01
50.93  1.04
50.94  0.95
50.95  1.04
50.96  1
50.97  1.07
50.98  0.96
50.99  1.02
51  1.03
51.01  0.95
51.02  0.96
51.03  1.03
51.04  1.04
51.05  0.98
51.06  1.04
51.07  1.05
51.08  0.95
51.09  1.08
51.1  1.05
51.11  0.96
51.12  1.02
51.13  1
51.14  1.01
51.15  1.01
51.16  1.03
51.17  1.09
51.18  0.98
51.19  0.96
51.2  1.02
51.21  0.98
51.22  0.94
51.23  1.1
51.24  0.93
51.25  1.07
51.26  1.07
51.27  0.97
51.28  1
51.29  1.05
51.3  1.03
51.31  0.93
51.32  1.02
51.33  1
51.34  1.03
51.35  1.01
51.36  0.98
51.37  1.01
51.38  1.07
51.39  1
51.4  1.01
51.41  0.95
51.42  1.04
51.43  1.03
51.44  0.99
51.45  1.05
51.46  1.03
51.47  0.97
51.48  0.95
51.49  1.05
51.5  0.95
51.51  0.98
51.52  1.06
51.53  1.02
51.54  1.01
51.55  1.01
51.56  1.02
51.57  0.96
51.58  1.01
51.59  1.08
51.6  1.05
51.61  1
51.62  1.04
51.63  1
51.64  0.94
51.65  1.09
51.66  0.95
51.67  1.07
51.68  1.01
51.69  1
51.7  1.03
51.71  0.96
51.72  0.98
51.73  0.96
51.74  1.06
51.75  1.03
51.76  0.97
51.77  0.99
51.78  0.98
51.79  1.06
51.8  0.99
51.81  1.03
51.82  0.93
51.83  1.06
51.84  1.08
51.85  0.96
51.86  1.08
51.87  0.95
51.88  1
51.89  1.05
51.9  0.98
51.91  1.06
51.92  0.99
51.93  1
51.94  1.04
51.95  1.02
51.96  0.95
51.97  1.05
51.98  1.09
51.99  0.94
52  0.99
52.01  1.02
52.02  1.03
52.03  1.01
52.04  0.98
52.05  1.01
52.06  1.03
52.07  0.98
52.08  1.02
52.09  1.06
52.1  1
52.11  0.95
52.12  1.1
52.13  0.99
52.14  1
52.15  1.1
52.16  0.97
52.17  0.99
52.18  0.95
52.19  1
52.2  1.05
52.21  0.94
52.22  1.07
52.23  1
52.24  1.03
52.25  1.03
52.26  1.04
52.27  0.99
52.28  1.02
52.29  0.94
52.3  1.03
52.31  0.98
52.32  0.96
52.33  1.09
52.34  1.09
52.35  0.99
52.36  0.95
52.37  1.04
52.38  1.05
52.39  0.91
52.4  1.06
52.41  1.04
52.42  1.01
52.43  0.99
52.44  0.99
52.45  1.01
52.46  1.03
52.47  1.02
52.48  0.98
52.49  0.97
52.5  1.06
52.51  1.01
52.52  1
52.53  1.05
52.54  0.99
52.55  1.06
52.56  0.99
52.57  1.02
52.58  0.95
52.59  1.06
52.6  1.06
52.61  0.99
52.62  1
52.63  1
52.64  1.01
52.65  0.97
52.66  1
52.67  1.08
52.68  0.97
52.69  0.96
52.7  1.08
52.71  1.02
52.72  0.93
52.73  1.02
52.74  1.07
52.75  0.98
52.76  1.03
52.77  0.97
52.78  0.99
52.79  1.03
52.8  1.02
52.81  0.94
52.82  1
52.83  1.06
52.84  0.98
52.85  1.06
52.86  0.97
52.87  1.13
52.88  0.99
52.89  0.97
52.9  1.13
52.91  0.96
52.92  1.01
52.93  0.99
52.94  0.95
52.95  1.05
52.96  0.99
52.97  1.02
52.98  1
52.99  1.03
53  1
53.01  1.05
53.02  0.96
53.03  1.02
53.04  1.05
53.05  0.95
53.06  0.98
53.07  1.02
53.08  0.97
53.09  1.05
53.1  0.98
53.11  0.95
53.12  1.08
53.13  1.09
53.14  0.95
53.15  1.02
53.16  1
53.17  1.07
53.18  0.93
53.19  1.04
53.2  0.94
53.21  1.02
53.22  1.01
53.23  1.04
53.24  0.96
53.25  1.1
53.26  0.96
53.27  1.06
53.28  0.96
53.29  1.02
53.3  1.03
53.31  1.02
53.32  1.05
53.33  1.01
53.34  1.03
53.35  1.08
53.36  0.98
53.37  0.96
53.38  0.97
53.39  1.07
53.4  1
53.41  0.98
53.42  1.04
53.43  0.94
53.44  1.04
53.45  0.95
53.46  1.03
53.47  0.96
53.48  1.03
53.49  1.04
53.5  1
53.51  1.05
53.52  0.95
53.53  1.05
53.54  0.97
53.55  1.01
53.56  1.02
53.57  1.04
53.58  1.03
53.59  1.02
53.6  1.1
53.61  0.97
53.62  1.03
53.63  0.92
53.64  1.05
53.65  1.01
53.66  0.99
53.67  0.98
53.68  1.05
53.69  1.02
53.7  0.94
53.71  0.99
53.72  1.12
53.73  1.01
53.74  0.95
53.75  1.02
53.76  1.04
53.77  1.03
53.78  1.04
53.79  0.94
53.8  1.05
53.81  1
53.82  1.04
53.83  1
53.84  1.02
53.85  1
53.86  0.98
53.87  1.05
53.88  0.98
53.89  1.06
53.9  0.98
53.91  0.99
53.92  0.99
53.93  1.02
53.94  0.98
53.95  0.99
53.96  1.04
53.97  1.03
53.98  1.07
53.99  1.05
54  0.99
54.01  1.01
54.02  0.96
54.03  0.95
54.04  1.06
54.05  0.96
54.06  1.07
54.07  0.98
54.08  1.03
54.09  1.02
54.1  0.97
54.11  1.06
54.12  0.99
54.13  1.02
54.14  0.99
54.15  1.05
54.16  1.07
54.17  0.94
54.18  1.04
54.19  1.03
54.2  0.99
54.21  1.05
54.22  0.98
54.23  0.99
54.24  1.04
54.25  0.94
54.26  1.03
54.27  0.95
54.28  1.1
54.29  0.97
54.3  0.97
54.31  0.97
54.32  1.1
54.33  1
54.34  0.99
54.35  1.03
54.36  0.94
54.37  1.04
54.38  1.1
54.39  0.93
54.4  1.06
54.41  1.03
54.42  1.02
54.43  1
54.44  1.03
54.45  1.03
54.46  0.9
54.47  1.05
54.48  1
54.49  0.97
54.5  1.07
54.51  0.99
54.52  0.9
54.53  1.05
54.54  1.05
54.55  1.05
54.56  0.98
54.57  1.06
54.58  1.01
54.59  0.96
54.6  1.09
54.61  0.98
54.62  0.99
54.63  0.99
54.64  1.12
54.65  0.98
54.66  1.03
54.67  1
54.68  0.91
54.69  1.03
54.7  1.02
54.71  1.1
54.72  0.99
54.73  1.05
54.74  0.95
54.75  1.02
54.76  0.97
54.77  0.99
54.78  0.97
54.79  0.98
54.8  1.01
54.81  1.03
54.82  1.09
54.83  0.95
54.84  0.99
54.85  0.99
54.86  1.02
54.87  1.03
54.88  1.08
54.89  0.99
54.9  1
54.91  1.01
54.92  1.01
54.93  0.99
54.94  1.05
54.95  1
54.96  1.05
54.97  1.01
54.98  0.95
54.99  1.03
55  1.04
55.01  1.02
55.02  1.02
55.03  1
55.04  1.03
55.05  1.04
55.06  0.98
55.07  1.04
55.08  0.97
55.09  1.03
55.1  1
55.11  0.94
55.12  1.03
55.13  1.06
55.14  1.07
55.15  0.92
55.16  0.99
55.17  1.03
55.18  1.08
55.19  0.91
55.2  0.98
55.21  1.02
55.22  1.07
55.23  0.92
55.24  1.09
55.25  1.01
55.26  0.96
55.27  1.03
55.28  1.05
55.29  0.98
55.3  1.04
55.31  0.96
55.32  1.06
55.33  1.02
55.34  0.94
55.35  1.05
55.36  1.08
55.37  0.99
55.38  1.04
55.39  0.99
55.4  1.02
55.41  1.03
55.42  1.03
55.43  0.97
55.44  1.04
55.45  1.01
55.46  1.02
55.47  1
55.48  0.94
55.49  1.07
55.5  0.99
55.51  0.97
55.52  1.08
55.53  0.98
55.54  0.98
55.55  0.95
55.56  1.07
55.57  0.94
55.58  1.12
55.59  0.98
55.6  1
55.61  1.01
55.62  1.04
55.63  1.02
55.64  1.08
55.65  0.96
55.66  0.97
55.67  1.06
55.68  1
55.69  0.93
55.7  0.99
55.71  1.03
55.72  1
55.73  1.04
55.74  1.02
55.75  0.96
55.76  1.02
55.77  1.09
55.78  0.98
55.79  0.99
55.8  1
55.81  0.99
55.82  1.01
55.83  1.03
55.84  1.06
55.85  0.98
55.86  1.05
55.87  0.98
55.88  0.97
55.89  1.13
55.9  0.99
55.91  0.89
55.92  1.03
55.93  1.05
55.94  0.99
55.95  1.04
55.96  0.98
55.97  0.96
55.98  0.99
55.99  1.02
56  1.04
56.01  0.97
56.02  1.02
56.03  1.1
56.04  0.97
56.05  1.03
56.06  0.98
56.07  0.94
56.08  1.03
56.09  1.05
56.1  1
56.11  1.06
56.12  1
56.13  1.05
56.14  1.03
56.15  0.94
56.16  1.03
56.17  0.99
56.18  1.03
56.19  0.96
56.2  1.02
56.21  1
56.22  1.03
56.23  1.03
56.24  0.97
56.25  0.98
56.26  1.05
56.27  1.02
56.28  0.96
56.29  1.1
56.3  1.04
56.31  0.96
56.32  0.94
56.33  1.07
56.34  1.08
56.35  0.99
56.36  1
56.37  0.96
56.38  1.02
56.39  1.06
56.4  1.03
56.41  1.01
56.42  0.96
56.43  1
56.44  1.01
56.45  1.01
56.46  1.02
56.47  0.97
56.48  1.09
56.49  1.02
56.5  0.94
56.51  1
56.52  0.99
56.53  0.99
56.54  1.03
56.55  0.99
56.56  1.06
56.57  1.04
56.58  0.96
56.59  0.97
56.6  1.1
56.61  1.01
56.62  1.02
56.63  1.02
56.64  1
56.65  1.04
56.66  0.96
56.67  1.04
56.68  1.01
56.69  0.95
56.7  1.04
56.71  1.02
56.72  1.07
56.73  1.03
56.74  1
56.75  1
56.76  1.07
56.77  0.94
56.78  1
56.79  1.02
56.8  0.97
56.81  1.01
56.82  1.03
56.83  0.96
56.84  1
56.85  1
56.86  1.07
56.87  1.01
56.88  1.06
56.89  1
56.9  1.02
56.91  1.05
56.92  0.95
56.93  1.05
56.94  1
56.95  0.95
56.96  1.01
56.97  1.04
56.98  1
56.99  0.98
57  0.99
57.01  1.03
57.02  0.96
57.03  1.04
57.04  1.08
57.05  1.03
57.06  0.94
57.07  1.02
57.08  1
57.09  1.01
57.1  1.04
57.11  1.03
57.12  1.05
57.13  1.01
57.14  0.95
57.15  1.02
57.16  1.06
57.17  0.95
57.18  1.08
57.19  0.99
57.2  1.01
57.21  0.95
57.22  1.03
57.23  1.04
57.24  0.99
57.25  0.98
57.26  1.07
57.27  0.99
57.28  1
57.29  1
57.3  0.99
57.31  1.04
57.32  0.96
57.33  1
57.34  1.01
57.35  1.02
57.36  1.07
57.37  0.99
57.38  0.97
57.39  1.04
57.4  0.97
57.41  1.07
57.42  1.01
57.43  0.95
57.44  0.99
57.45  1.01
57.46  1.02
57.47  1.01
57.48  1.05
57.49  1.02
57.5  1.02
57.51  1
57.52  0.99
57.53  1.01
57.54  1.03
57.55  1.07
57.56  0.99
57.57  1.01
57.58  1.03
57.59  1.01
57.6  0.97
57.61  1.04
57.62  0.95
57.63  1
57.64  1.04
57.65  1.05
57.66  0.96
57.67  1.14
57.68  0.94
57.69  1.03
57.7  0.92
57.71  1.06
57.72  1
57.73  1
57.74  0.91
57.75  1.01
57.76  1.05
57.77  1.07
57.78  1.01
57.79  1
57.8  0.95
57.81  1.04
57.82  1.06
57.83  0.97
57.84  1.05
57.85  1.04
57.86  1.05
57.87  1.03
57.88  1
57.89  0.97
57.9  1.05
57.91  0.98
57.92  1.02
57.93  1
57.94  1.07
57.95  0.98
57.96  1.01
57.97  1.06
57.98  1
57.99  1.01
58  0.92
58.01  0.97
58.02  1.01
58.03  1.07
58.04  0.99
58.05  1.05
58.06  0.94
58.07  1.05
58.08  0.97
58.09  1.06
58.1  1
58.11  1.04
58.12  1
58.13  0.95
58.14  1.04
58.15  1.09
58.16  0.99
58.17  0.94
58.18  1.11
58.19  0.91
58.2  1.09
58.21  1.02
58.22  1.04
58.23  0.94
58.24  1.05
58.25  1.01
58.26  1
58.27  0.96
58.28  1.05
58.29  0.98
58.3  0.99
58.31  1.01
58.32  0.99
58.33  0.99
58.34  1.06
58.35  1.01
58.36  1.03
58.37  1.1
58.38  0.94
58.39  1.01
58.4  1.05
58.41  0.98
58.42  0.96
58.43  1.1
58.44  1.02
58.45  1.05
58.46  0.93
58.47  1.03
58.48  0.97
58.49  1
58.5  0.95
58.51  1.04
58.52  1.06
58.53  1.02
58.54  1
58.55  0.98
58.56  1.03
58.57  0.99
58.58  0.97
58.59  0.99
58.6  1.07
58.61  1
58.62  1
58.63  0.98
58.64  0.97
58.65  1
58.66  1.1
58.67  1
58.68  1.06
58.69  1.02
58.7  0.94
58.71  1.02
58.72  0.99
58.73  1.03
58.74  0.97
58.75  1.03
58.76  1.03
58.77  1.03
58.78  0.99
58.79  0.94
58.8  1.1
58.81  0.97
58.82  1.04
58.83  0.98
58.84  1.08
58.85  1.04
58.86  0.95
58.87  1.06
58.88  0.96
58.89  0.93
58.9  1.11
58.91  1.02
58.92  1.1
58.93  0.93
58.94  1.01
58.95  1.02
58.96  1
58.97  1.01
58.98  0.89
58.99  1.04
59  0.96
59.01  1.05
59.02  1.04
59.03  1.05
59.04  0.98
59.05  1.01
59.06  0.96
59.07  1.02
59.08  1.04
59.09  1.04
59.1  0.98
59.11  1.1
59.12  0.92
59.13  1.05
59.14  1.08
59.15  0.96
59.16  0.98
59.17  1.07
59.18  0.9
59.19  1.05
59.2  1.02
59.21  0.99
59.22  0.98
59.23  1.07
59.24  1
59.25  1.07
59.26  1.03
59.27  1.1
59.28  1.04
59.29  0.96
59.3  0.95
59.31  1.05
59.32  0.98
59.33  0.98
59.34  0.98
59.35  1
59.36  0.98
59.37  1.03
59.38  1
59.39  1.04
59.4  1.01
59.41  1.01
59.42  1.03
59.43  1.04
59.44  1.04
59.45  1.01
59.46  0.97
59.47  0.99
59.48  1.05
59.49  0.99
59.5  0.95
59.51  1.02
59.52  1.03
59.53  0.96
59.54  1.05
59.55  1.05
59.56  1.04
59.57  0.99
59.58  0.93
59.59  1.03
59.6  1.11
59.61  0.97
59.62  1.05
59.63  0.92
59.64  1.03
59.65  0.98
59.66  1.08
59.67  1.01
59.68  1.05
59.69  1.08
59.7  1.03
59.71  0.93
59.72  0.98
59.73  1.03
59.74  0.96
59.75  1.02
59.76  0.94
59.77  1.09
59.78  0.91
59.79  1
59.8  1.02
59.81  1.03
59.82  0.98
59.83  0.98
59.84  1.14
59.85  1.05
59.86  0.98
59.87  0.93
59.88  1.04
59.89  1.05
59.9  0.97
59.91  1.02
59.92  1
59.93  1.04
59.94  0.97
59.95  1.05
59.96  0.94
59.97  1.03
59.98  0.99
59.99  0.98
