-15  0
-14.99  0
-14.98  0.01
-14.97  0
-14.96  0.01
-14.95  0.02
-14.94  0.01
-14.93  0.01
-14.92  0.03
-14.91  0.02
-14.9  0.02
-14.89  0.02
-14.88  0.03
-14.87  0.02
-14.86  0.05
-14.85  0.02
-14.84  0.03
-14.83  0.04
-14.82  0.03
-14.81  0.04
-14.8  0.05
-14.79  0.04
-14.78  0.04
-14.77  0.03
-14.76  0.06
-14.75  0.04
-14.74  0.05
-14.73  0.04
-14.72  0.07
-14.71  0.03
-14.7  0.05
-14.69  0.07
-14.68  0.05
-14.67  0.05
-14.66  0.05
-14.65  0.05
-14.64  0.07
-14.63  0.07
-14.62  0.05
-14.61  0.06
-14.6  0.06
-14.59  0.05
-14.58  0.07
-14.57  0.06
-14.56  0.08
-14.55  0.07
-14.54  0.05
-14.53  0.07
-14.52  0.07
-14.51  0.07
-14.5  0.07
-14.49  0.08
-14.48  0.06
-14.47  0.08
-14.46  0.07
-14.45  0.07
-14.44  0.08
-14.43  0.06
-14.42  0.07
-14.41  0.09
-14.4  0.07
-14.39  0.08
-14.38  0.09
-14.37  0.08
-14.36  0.07
-14.35  0.07
-14.34  0.08
-14.33  0.09
-14.32  0.08
-14.31  0.08
-14.3  0.08
-14.29  0.09
-14.28  0.08
-14.27  0.08
-14.26  0.09
-14.25  0.08
-14.24  0.09
-14.23  0.09
-14.22  0.07
-14.21  0.09
-14.2  0.07
-14.19  0.09
-14.18  0.11
-14.17  0.09
-14.16  0.1
-14.15  0.08
-14.14  0.07
-14.13  0.1
-14.12  0.08
-14.11  0.11
-14.1  0.07
-14.09  0.1
-14.08  0.09
-14.07  0.08
-14.06  0.11
-14.05  0.09
-14.04  0.1
-14.03  0.08
-14.02  0.11
-14.01  0.08
-14  0.1
-13.99  0.08
-13.98  0.09
-13.97  0.11
-13.96  0.09
-13.95  0.09
-13.94  0.12
-13.93  0.09
-13.92  0.09
-13.91  0.09
-13.9  0.09
-13.89  0.11
-13.88  0.11
-13.87  0.07
-13.86  0.1
-13.85  0.1
-13.84  0.11
-13.83  0.1
-13.82  0.09
-13.81  0.11
-13.8  0.09
-13.79  0.11
-13.78  0.08
-13.77  0.11
-13.76  0.09
-13.75  0.09
-13.74  0.11
-13.73  0.1
-13.72  0.1
-13.71  0.1
-13.7  0.09
-13.69  0.13
-13.68  0.09
-13.67  0.11
-13.66  0.09
-13.65  0.1
-13.64  0.1
-13.63  0.09
-13.62  0.1
-13.61  0.09
-13.6  0.13
-13.59  0.11
-13.58  0.08
-13.57  0.12
-13.56  0.1
-13.55  0.08
-13.54  0.13
-13.53  0.11
-13.52  0.08
-13.51  0.08
-13.5  0.13
-13.49  0.1
-13.48  0.1
-13.47  0.12
-13.46  0.08
-13.45  0.11
-13.44  0.11
-13.43  0.1
-13.42  0.12
-13.41  0.1
-13.4  0.11
-13.39  0.08
-13.38  0.1
-13.37  0.13
-13.36  0.1
-13.35  0.09
-13.34  0.11
-13.33  0.07
-13.32  0.12
-13.31  0.12
-13.3  0.11
-13.29  0.11
-13.28  0.11
-13.27  0.09
-13.26  0.11
-13.25  0.1
-13.24  0.09
-13.23  0.11
-13.22  0.1
-13.21  0.12
-13.2  0.12
-13.19  0.09
-13.18  0.09
-13.17  0.11
-13.16  0.1
-13.15  0.13
-13.14  0.12
-13.13  0.09
-13.12  0.1
-13.11  0.11
-13.1  0.08
-13.09  0.11
-13.08  0.12
-13.07  0.09
-13.06  0.11
-13.05  0.11
-13.04  0.1
-13.03  0.11
-13.02  0.1
-13.01  0.14
-13  0.09
-12.99  0.09
-12.98  0.1
-12.97  0.12
-12.96  0.11
-12.95  0.1
-12.94  0.09
-12.93  0.12
-12.92  0.09
-12.91  0.12
-12.9  0.11
-12.89  0.09
-12.88  0.11
-12.87  0.1
-12.86  0.13
-12.85  0.12
-12.84  0.09
-12.83  0.09
-12.82  0.1
-12.81  0.13
-12.8  0.1
-12.79  0.12
-12.78  0.09
-12.77  0.11
-12.76  0.09
-12.75  0.1
-12.74  0.11
-12.73  0.12
-12.72  0.09
-12.71  0.15
-12.7  0.11
-12.69  0.08
-12.68  0.11
-12.67  0.12
-12.66  0.08
-12.65  0.12
-12.64  0.09
-12.63  0.1
-12.62  0.12
-12.61  0.09
-12.6  0.12
-12.59  0.11
-12.58  0.09
-12.57  0.13
-12.56  0.11
-12.55  0.13
-12.54  0.08
-12.53  0.1
-12.52  0.08
-12.51  0.12
-12.5  0.1
-12.49  0.13
-12.48  0.09
-12.47  0.13
-12.46  0.08
-12.45  0.09
-12.44  0.13
-12.43  0.1
-12.42  0.12
-12.41  0.11
-12.4  0.11
-12.39  0.1
-12.38  0.11
-12.37  0.1
-12.36  0.11
-12.35  0.1
-12.34  0.09
-12.33  0.14
-12.32  0.1
-12.31  0.11
-12.3  0.09
-12.29  0.1
-12.28  0.12
-12.27  0.1
-12.26  0.13
-12.25  0.1
-12.24  0.09
-12.23  0.11
-12.22  0.13
-12.21  0.1
-12.2  0.08
-12.19  0.12
-12.18  0.11
-12.17  0.11
-12.16  0.11
-12.15  0.1
-12.14  0.12
-12.13  0.06
-12.12  0.13
-12.11  0.09
-12.1  0.14
-12.09  0.09
-12.08  0.09
-12.07  0.11
-12.06  0.13
-12.05  0.1
-12.04  0.11
-12.03  0.12
-12.02  0.11
-12.01  0.11
-12  0.07
-11.99  0.13
-11.98  0.07
-11.97  0.14
-11.96  0.1
-11.95  0.08
-11.94  0.12
-11.93  0.13
-11.92  0.12
-11.91  0.08
-11.9  0.11
-11.89  0.12
-11.88  0.1
-11.87  0.08
-11.86  0.13
-11.85  0.13
-11.84  0.08
-11.83  0.09
-11.82  0.13
-11.81  0.1
-11.8  0.12
-11.79  0.07
-11.78  0.12
-11.77  0.11
-11.76  0.1
-11.75  0.13
-11.74  0.11
-11.73  0.1
-11.72  0.1
-11.71  0.09
-11.7  0.14
-11.69  0.11
-11.68  0.1
-11.67  0.1
-11.66  0.09
-11.65  0.1
-11.64  0.1
-11.63  0.12
-11.62  0.14
-11.61  0.07
-11.6  0.11
-11.59  0.12
-11.58  0.1
-11.57  0.07
-11.56  0.15
-11.55  0.09
-11.54  0.13
-11.53  0.12
-11.52  0.12
-11.51  0.1
-11.5  0.08
-11.49  0.1
-11.48  0.08
-11.47  0.13
-11.46  0.1
-11.45  0.12
-11.44  0.12
-11.43  0.08
-11.42  0.13
-11.41  0.11
-11.4  0.08
-11.39  0.11
-11.38  0.1
-11.37  0.14
-11.36  0.11
-11.35  0.11
-11.34  0.09
-11.33  0.09
-11.32  0.11
-11.31  0.12
-11.3  0.1
-11.29  0.08
-11.28  0.12
-11.27  0.1
-11.26  0.15
-11.25  0.08
-11.24  0.1
-11.23  0.1
-11.22  0.13
-11.21  0.09
-11.2  0.11
-11.19  0.14
-11.18  0.1
-11.17  0.11
-11.16  0.09
-11.15  0.1
-11.14  0.1
-11.13  0.12
-11.12  0.1
-11.11  0.1
-11.1  0.1
-11.09  0.07
-11.08  0.13
-11.07  0.16
-11.06  0.11
-11.05  0.1
-11.04  0.08
-11.03  0.11
-11.02  0.12
-11.01  0.09
-11  0.12
-10.99  0.08
-10.98  0.11
-10.97  0.13
-10.96  0.11
-10.95  0.09
-10.94  0.12
-10.93  0.1
-10.92  0.1
-10.91  0.11
-10.9  0.09
-10.89  0.12
-10.88  0.1
-10.87  0.11
-10.86  0.09
-10.85  0.12
-10.84  0.09
-10.83  0.13
-10.82  0.11
-10.81  0.15
-10.8  0.1
-10.79  0.1
-10.78  0.08
-10.77  0.11
-10.76  0.09
-10.75  0.13
-10.74  0.09
-10.73  0.1
-10.72  0.1
-10.71  0.12
-10.7  0.1
-10.69  0.12
-10.68  0.09
-10.67  0.13
-10.66  0.1
-10.65  0.12
-10.64  0.11
-10.63  0.11
-10.62  0.11
-10.61  0.08
-10.6  0.1
-10.59  0.11
-10.58  0.12
-10.57  0.08
-10.56  0.12
-10.55  0.12
-10.54  0.11
-10.53  0.09
-10.52  0.09
-10.51  0.07
-10.5  0.15
-10.49  0.13
-10.48  0.12
-10.47  0.09
-10.46  0.11
-10.45  0.12
-10.44  0.13
-10.43  0.07
-10.42  0.09
-10.41  0.12
-10.4  0.08
-10.39  0.12
-10.38  0.11
-10.37  0.09
-10.36  0.12
-10.35  0.11
-10.34  0.13
-10.33  0.09
-10.32  0.11
-10.31  0.09
-10.3  0.1
-10.29  0.1
-10.28  0.12
-10.27  0.12
-10.26  0.12
-10.25  0.11
-10.24  0.09
-10.23  0.12
-10.22  0.07
-10.21  0.13
-10.2  0.11
-10.19  0.09
-10.18  0.12
-10.17  0.11
-10.16  0.11
-10.15  0.08
-10.14  0.12
-10.13  0.11
-10.12  0.1
-10.11  0.09
-10.1  0.13
-10.09  0.09
-10.08  0.12
-10.07  0.12
-10.06  0.08
-10.05  0.14
-10.04  0.1
-10.03  0.09
-10.02  0.13
-10.01  0.1
-10  0.1
-9.99  0.09
-9.98  0.14
-9.97  0.08
-9.96  0.14
-9.95  0.07
-9.94  0.13
-9.93  0.07
-9.92  0.1
-9.91  0.11
-9.9  0.12
-9.89  0.12
-9.88  0.1
-9.87  0.09
-9.86  0.15
-9.85  0.14
-9.84  0.08
-9.83  0.07
-9.82  0.1
-9.81  0.13
-9.8  0.11
-9.79  0.13
-9.78  0.09
-9.77  0.09
-9.76  0.08
-9.75  0.11
-9.74  0.1
-9.73  0.12
-9.72  0.11
-9.71  0.12
-9.7  0.12
-9.69  0.08
-9.68  0.13
-9.67  0.11
-9.66  0.1
-9.65  0.12
-9.64  0.09
-9.63  0.1
-9.62  0.1
-9.61  0.09
-9.6  0.14
-9.59  0.1
-9.58  0.12
-9.57  0.09
-9.56  0.11
-9.55  0.12
-9.54  0.09
-9.53  0.1
-9.52  0.09
-9.51  0.12
-9.5  0.11
-9.49  0.09
-9.48  0.11
-9.47  0.1
-9.46  0.13
-9.45  0.15
-9.44  0.09
-9.43  0.1
-9.42  0.09
-9.41  0.12
-9.4  0.11
-9.39  0.1
-9.38  0.13
-9.37  0.07
-9.36  0.08
-9.35  0.14
-9.34  0.1
-9.33  0.12
-9.32  0.1
-9.31  0.1
-9.3  0.13
-9.29  0.08
-9.28  0.13
-9.27  0.08
-9.26  0.1
-9.25  0.12
-9.24  0.11
-9.23  0.14
-9.22  0.09
-9.21  0.11
-9.2  0.1
-9.19  0.07
-9.18  0.16
-9.17  0.09
-9.16  0.11
-9.15  0.11
-9.14  0.08
-9.13  0.1
-9.12  0.11
-9.11  0.1
-9.1  0.09
-9.09  0.13
-9.08  0.1
-9.07  0.15
-9.06  0.11
-9.05  0.07
-9.04  0.14
-9.03  0.11
-9.02  0.07
-9.01  0.15
-9  0.09
-8.99  0.12
-8.98  0.08
-8.97  0.12
-8.96  0.07
-8.95  0.12
-8.94  0.12
-8.93  0.1
-8.92  0.08
-8.91  0.12
-8.9  0.12
-8.89  0.15
-8.88  0.05
-8.87  0.12
-8.86  0.12
-8.85  0.09
-8.84  0.1
-8.83  0.11
-8.82  0.1
-8.81  0.15
-8.8  0.08
-8.79  0.09
-8.78  0.13
-8.77  0.1
-8.76  0.13
-8.75  0.08
-8.74  0.1
-8.73  0.11
-8.72  0.09
-8.71  0.12
-8.7  0.1
-8.69  0.12
-8.68  0.09
-8.67  0.13
-8.66  0.11
-8.65  0.08
-8.64  0.13
-8.63  0.11
-8.62  0.1
-8.61  0.1
-8.6  0.1
-8.59  0.14
-8.58  0.06
-8.57  0.12
-8.56  0.13
-8.55  0.09
-8.54  0.15
-8.53  0.07
-8.52  0.13
-8.51  0.08
-8.5  0.11
-8.49  0.09
-8.48  0.11
-8.47  0.08
-8.46  0.12
-8.45  0.11
-8.44  0.12
-8.43  0.13
-8.42  0.07
-8.41  0.15
-8.4  0.08
-8.39  0.09
-8.38  0.12
-8.37  0.12
-8.36  0.12
-8.35  0.13
-8.34  0.08
-8.33  0.11
-8.32  0.1
-8.31  0.08
-8.3  0.11
-8.29  0.12
-8.28  0.08
-8.27  0.12
-8.26  0.11
-8.25  0.12
-8.24  0.1
-8.23  0.1
-8.22  0.12
-8.21  0.1
-8.2  0.09
-8.19  0.13
-8.18  0.12
-8.17  0.07
-8.16  0.12
-8.15  0.09
-8.14  0.11
-8.13  0.09
-8.12  0.17
-8.11  0.1
-8.1  0.08
-8.09  0.1
-8.08  0.14
-8.07  0.08
-8.06  0.07
-8.05  0.1
-8.04  0.11
-8.03  0.17
-8.02  0.08
-8.01  0.14
-8  0.08
-7.99  0.1
-7.98  0.11
-7.97  0.09
-7.96  0.14
-7.95  0.13
-7.94  0.1
-7.93  0.1
-7.92  0.14
-7.91  0.07
-7.9  0.1
-7.89  0.09
-7.88  0.09
-7.87  0.12
-7.86  0.08
-7.85  0.13
-7.84  0.1
-7.83  0.11
-7.82  0.11
-7.81  0.13
-7.8  0.1
-7.79  0.09
-7.78  0.13
-7.77  0.1
-7.76  0.09
-7.75  0.11
-7.74  0.11
-7.73  0.07
-7.72  0.14
-7.71  0.09
-7.7  0.13
-7.69  0.1
-7.68  0.11
-7.67  0.17
-7.66  0.1
-7.65  0.08
-7.64  0.09
-7.63  0.11
-7.62  0.09
-7.61  0.09
-7.6  0.11
-7.59  0.09
-7.58  0.08
-7.57  0.13
-7.56  0.14
-7.55  0.09
-7.54  0.13
-7.53  0.11
-7.52  0.09
-7.51  0.09
-7.5  0.13
-7.49  0.15
-7.48  0.09
-7.47  0.11
-7.46  0.1
-7.45  0.09
-7.44  0.09
-7.43  0.13
-7.42  0.08
-7.41  0.09
-7.4  0.16
-7.39  0.09
-7.38  0.13
-7.37  0.08
-7.36  0.09
-7.35  0.08
-7.34  0.11
-7.33  0.13
-7.32  0.12
-7.31  0.09
-7.3  0.14
-7.29  0.07
-7.28  0.12
-7.27  0.1
-7.26  0.15
-7.25  0.11
-7.24  0.08
-7.23  0.15
-7.22  0.1
-7.21  0.05
-7.2  0.11
-7.19  0.09
-7.18  0.12
-7.17  0.14
-7.16  0.05
-7.15  0.16
-7.14  0.07
-7.13  0.11
-7.12  0.1
-7.11  0.15
-7.1  0.09
-7.09  0.11
-7.08  0.12
-7.07  0.08
-7.06  0.09
-7.05  0.13
-7.04  0.09
-7.03  0.14
-7.02  0.11
-7.01  0.11
-7  0.09
-6.99  0.14
-6.98  0.07
-6.97  0.09
-6.96  0.13
-6.95  0.09
-6.94  0.13
-6.93  0.09
-6.92  0.12
-6.91  0.1
-6.9  0.09
-6.89  0.11
-6.88  0.1
-6.87  0.07
-6.86  0.12
-6.85  0.12
-6.84  0.12
-6.83  0.07
-6.82  0.15
-6.81  0.14
-6.8  0.1
-6.79  0.1
-6.78  0.11
-6.77  0.09
-6.76  0.12
-6.75  0.1
-6.74  0.11
-6.73  0.09
-6.72  0.09
-6.71  0.11
-6.7  0.15
-6.69  0.09
-6.68  0.07
-6.67  0.15
-6.66  0.08
-6.65  0.12
-6.64  0.12
-6.63  0.07
-6.62  0.11
-6.61  0.07
-6.6  0.13
-6.59  0.14
-6.58  0.1
-6.57  0.11
-6.56  0.13
-6.55  0.08
-6.54  0.1
-6.53  0.17
-6.52  0.08
-6.51  0.11
-6.5  0.11
-6.49  0.1
-6.48  0.11
-6.47  0.04
-6.46  0.12
-6.45  0.09
-6.44  0.17
-6.43  0.1
-6.42  0.08
-6.41  0.13
-6.4  0.08
-6.39  0.09
-6.38  0.09
-6.37  0.18
-6.36  0.08
-6.35  0.13
-6.34  0.1
-6.33  0.12
-6.32  0.11
-6.31  0.09
-6.3  0.1
-6.29  0.13
-6.28  0.08
-6.27  0.1
-6.26  0.08
-6.25  0.12
-6.24  0.08
-6.23  0.12
-6.22  0.11
-6.21  0.15
-6.2  0.07
-6.19  0.12
-6.18  0.13
-6.17  0.1
-6.16  0.09
-6.15  0.11
-6.14  0.11
-6.13  0.1
-6.12  0.09
-6.11  0.12
-6.1  0.08
-6.09  0.12
-6.08  0.13
-6.07  0.11
-6.06  0.1
-6.05  0.16
-6.04  0.07
-6.03  0.1
-6.02  0.12
-6.01  0.09
-6  0.13
-5.99  0.11
-5.98  0.09
-5.97  0.08
-5.96  0.1
-5.95  0.12
-5.94  0.09
-5.93  0.1
-5.92  0.1
-5.91  0.15
-5.9  0.08
-5.89  0.14
-5.88  0.07
-5.87  0.12
-5.86  0.15
-5.85  0.08
-5.84  0.11
-5.83  0.11
-5.82  0.1
-5.81  0.08
-5.8  0.09
-5.79  0.16
-5.78  0.08
-5.77  0.13
-5.76  0.09
-5.75  0.14
-5.74  0.1
-5.73  0.1
-5.72  0.07
-5.71  0.12
-5.7  0.11
-5.69  0.07
-5.68  0.16
-5.67  0.08
-5.66  0.1
-5.65  0.11
-5.64  0.11
-5.63  0.11
-5.62  0.1
-5.61  0.14
-5.6  0.1
-5.59  0.12
-5.58  0.11
-5.57  0.11
-5.56  0.12
-5.55  0.07
-5.54  0.13
-5.53  0.07
-5.52  0.12
-5.51  0.1
-5.5  0.11
-5.49  0.06
-5.48  0.12
-5.47  0.14
-5.46  0.09
-5.45  0.08
-5.44  0.13
-5.43  0.12
-5.42  0.1
-5.41  0.13
-5.4  0.09
-5.39  0.12
-5.38  0.1
-5.37  0.08
-5.36  0.11
-5.35  0.11
-5.34  0.14
-5.33  0.09
-5.32  0.12
-5.31  0.09
-5.3  0.14
-5.29  0.08
-5.28  0.12
-5.27  0.09
-5.26  0.11
-5.25  0.11
-5.24  0.09
-5.23  0.12
-5.22  0.08
-5.21  0.13
-5.2  0.09
-5.19  0.1
-5.18  0.13
-5.17  0.07
-5.16  0.17
-5.15  0.09
-5.14  0.1
-5.13  0.07
-5.12  0.13
-5.11  0.1
-5.1  0.13
-5.09  0.1
-5.08  0.09
-5.07  0.15
-5.06  0.08
-5.05  0.13
-5.04  0.07
-5.03  0.11
-5.02  0.16
-5.01  0.11
-5  0.06
-4.99  0.11
-4.98  0.07
-4.97  0.14
-4.96  0.08
-4.95  0.15
-4.94  0.07
-4.93  0.12
-4.92  0.12
-4.91  0.09
-4.9  0.11
-4.89  0.09
-4.88  0.08
-4.87  0.14
-4.86  0.09
-4.85  0.15
-4.84  0.08
-4.83  0.13
-4.82  0.1
-4.81  0.12
-4.8  0.14
-4.79  0.14
-4.78  0.03
-4.77  0.11
-4.76  0.13
-4.75  0.07
-4.74  0.12
-4.73  0.07
-4.72  0.1
-4.71  0.12
-4.7  0.12
-4.69  0.06
-4.68  0.13
-4.67  0.11
-4.66  0.13
-4.65  0.11
-4.64  0.1
-4.63  0.13
-4.62  0.14
-4.61  0.1
-4.6  0.07
-4.59  0.09
-4.58  0.13
-4.57  0.12
-4.56  0.08
-4.55  0.1
-4.54  0.12
-4.53  0.09
-4.52  0.15
-4.51  0.09
-4.5  0.09
-4.49  0.04
-4.48  0.15
-4.47  0.15
-4.46  0.08
-4.45  0.08
-4.44  0.15
-4.43  0.09
-4.42  0.12
-4.41  0.1
-4.4  0.11
-4.39  0.08
-4.38  0.11
-4.37  0.1
-4.36  0.12
-4.35  0.12
-4.34  0.07
-4.33  0.15
-4.32  0.09
-4.31  0.15
-4.3  0.13
-4.29  0.06
-4.28  0.11
-4.27  0.12
-4.26  0.07
-4.25  0.13
-4.24  0.12
-4.23  0.09
-4.22  0.08
-4.21  0.07
-4.2  0.12
-4.19  0.12
-4.18  0.15
-4.17  0.11
-4.16  0.08
-4.15  0.13
-4.14  0.07
-4.13  0.15
-4.12  0.11
-4.11  0.07
-4.1  0.09
-4.09  0.15
-4.08  0.07
-4.07  0.13
-4.06  0.11
-4.05  0.1
-4.04  0.14
-4.03  0.1
-4.02  0.05
-4.01  0.15
-4  0.12
-3.99  0.06
-3.98  0.15
-3.97  0.08
-3.96  0.11
-3.95  0.12
-3.94  0.1
-3.93  0.1
-3.92  0.12
-3.91  0.11
-3.9  0.09
-3.89  0.09
-3.88  0.11
-3.87  0.08
-3.86  0.12
-3.85  0.09
-3.84  0.13
-3.83  0.11
-3.82  0.16
-3.81  0.13
-3.8  0.11
-3.79  0.09
-3.78  0.09
-3.77  0.12
-3.76  0.07
-3.75  0.08
-3.74  0.16
-3.73  0.05
-3.72  0.11
-3.71  0.1
-3.7  0.09
-3.69  0.12
-3.68  0.15
-3.67  0.1
-3.66  0.11
-3.65  0.09
-3.64  0.12
-3.63  0.11
-3.62  0.08
-3.61  0.12
-3.6  0.06
-3.59  0.13
-3.58  0.12
-3.57  0.12
-3.56  0.09
-3.55  0.13
-3.54  0.14
-3.53  0.09
-3.52  0.11
-3.51  0.1
-3.5  0.11
-3.49  0.13
-3.48  0.08
-3.47  0.08
-3.46  0.07
-3.45  0.13
-3.44  0.12
-3.43  0.12
-3.42  0.05
-3.41  0.14
-3.4  0.11
-3.39  0.15
-3.38  0.09
-3.37  0.12
-3.36  0.07
-3.35  0.08
-3.34  0.1
-3.33  0.17
-3.32  0.06
-3.31  0.13
-3.3  0.14
-3.29  0.07
-3.28  0.16
-3.27  0.08
-3.26  0.1
-3.25  0.09
-3.24  0.11
-3.23  0.1
-3.22  0.11
-3.21  0.11
-3.2  0.09
-3.19  0.1
-3.18  0.13
-3.17  0.09
-3.16  0.15
-3.15  0.12
-3.14  0.09
-3.13  0.1
-3.12  0.05
-3.11  0.12
-3.1  0.09
-3.09  0.16
-3.08  0.1
-3.07  0.07
-3.06  0.14
-3.05  0.07
-3.04  0.16
-3.03  0.06
-3.02  0.13
-3.01  0.14
-3  0.1
-2.99  0.09
-2.98  0.16
-2.97  0.07
-2.96  0.13
-2.95  0.07
-2.94  0.09
-2.93  0.12
-2.92  0.11
-2.91  0.1
-2.9  0.09
-2.89  0.1
-2.88  0.12
-2.87  0.1
-2.86  0.13
-2.85  0.1
-2.84  0.1
-2.83  0.07
-2.82  0.14
-2.81  0.1
-2.8  0.13
-2.79  0.1
-2.78  0.12
-2.77  0.07
-2.76  0.08
-2.75  0.19
-2.74  0.15
-2.73  0.06
-2.72  0.11
-2.71  0.07
-2.7  0.08
-2.69  0.15
-2.68  0.1
-2.67  0.09
-2.66  0.1
-2.65  0.1
-2.64  0.15
-2.63  0.1
-2.62  0.11
-2.61  0.12
-2.6  0.09
-2.59  0.08
-2.58  0.12
-2.57  0.08
-2.56  0.14
-2.55  0.04
-2.54  0.1
-2.53  0.16
-2.52  0.1
-2.51  0.13
-2.5  0.12
-2.49  0.11
-2.48  0.11
-2.47  0.11
-2.46  0.13
-2.45  0.06
-2.44  0.1
-2.43  0.11
-2.42  0.12
-2.41  0.12
-2.4  0.08
-2.39  0.11
-2.38  0.07
-2.37  0.13
-2.36  0.06
-2.35  0.11
-2.34  0.17
-2.33  0.09
-2.32  0.12
-2.31  0.1
-2.3  0.13
-2.29  0.11
-2.28  0.1
-2.27  0.11
-2.26  0.07
-2.25  0.11
-2.24  0.08
-2.23  0.14
-2.22  0.08
-2.21  0.14
-2.2  0.12
-2.19  0.1
-2.18  0.13
-2.17  0.09
-2.16  0.09
-2.15  0.09
-2.14  0.11
-2.13  0.13
-2.12  0.1
-2.11  0.14
-2.1  0.07
-2.09  0.1
-2.08  0.12
-2.07  0.13
-2.06  0.12
-2.05  0.05
-2.04  0.14
-2.03  0.07
-2.02  0.08
-2.01  0.11
-2  0.13
-1.99  0.1
-1.98  0.11
-1.97  0.09
-1.96  0.12
-1.95  0.17
-1.94  0.09
-1.93  0.1
-1.92  0.1
-1.91  0.13
-1.9  0.09
-1.89  0.16
-1.88  0.08
-1.87  0.08
-1.86  0.08
-1.85  0.07
-1.84  0.15
-1.83  0.11
-1.82  0.12
-1.81  0.11
-1.8  0.08
-1.79  0.11
-1.78  0.08
-1.77  0.13
-1.76  0.11
-1.75  0.13
-1.74  0.08
-1.73  0.11
-1.72  0.12
-1.71  0.05
-1.7  0.15
-1.69  0.07
-1.68  0.12
-1.67  0.13
-1.66  0.14
-1.65  0.12
-1.64  0.13
-1.63  0.08
-1.62  0.08
-1.61  0.13
-1.6  0.07
-1.59  0.09
-1.58  0.13
-1.57  0.09
-1.56  0.15
-1.55  0.07
-1.54  0.12
-1.53  0.11
-1.52  0.07
-1.51  0.11
-1.5  0.1
-1.49  0.08
-1.48  0.15
-1.47  0.1
-1.46  0.12
-1.45  0.08
-1.44  0.16
-1.43  0.07
-1.42  0.15
-1.41  0.13
-1.4  0.08
-1.39  0.07
-1.38  0.1
-1.37  0.13
-1.36  0.14
-1.35  0.09
-1.34  0.09
-1.33  0.09
-1.32  0.1
-1.31  0.12
-1.3  0.12
-1.29  0.1
-1.28  0.12
-1.27  0.08
-1.26  0.1
-1.25  0.13
-1.24  0.12
-1.23  0.08
-1.22  0.12
-1.21  0.09
-1.2  0.11
-1.19  0.09
-1.18  0.15
-1.17  0.06
-1.16  0.18
-1.15  0.07
-1.14  0.09
-1.13  0.15
-1.12  0.1
-1.11  0.04
-1.1  0.16
-1.09  0.09
-1.08  0.12
-1.07  0.09
-1.06  0.14
-1.05  0.08
-1.04  0.1
-1.03  0.12
-1.02  0.09
-1.01  0.13
-1  0.09
-0.99  0.1
-0.98  0.08
-0.97  0.15
-0.96  0.12
-0.95  0.13
-0.94  0.08
-0.93  0.11
-0.92  0.06
-0.91  0.12
-0.9  0.09
-0.89  0.1
-0.88  0.13
-0.87  0.09
-0.86  0.14
-0.85  0.09
-0.84  0.12
-0.83  0.07
-0.82  0.19
-0.81  0.1
-0.8  0.08
-0.79  0.09
-0.78  0.12
-0.77  0.11
-0.76  0.09
-0.75  0.14
-0.74  0.08
-0.73  0.16
-0.72  0.08
-0.71  0.08
-0.7  0.1
-0.69  0.11
-0.68  0.11
-0.67  0.13
-0.66  0.09
-0.65  0.09
-0.64  0.07
-0.63  0.1
-0.62  0.14
-0.61  0.1
-0.6  0.07
-0.59  0.17
-0.58  0.1
-0.57  0.09
-0.56  0.13
-0.55  0.13
-0.54  0.09
-0.53  0.13
-0.52  0.1
-0.51  0.14
-0.5  0.07
-0.49  0.09
-0.48  0.09
-0.47  0.13
-0.46  0.1
-0.45  0.11
-0.44  0.08
-0.43  0.1
-0.42  0.12
-0.41  0.12
-0.4  0.08
-0.39  0.12
-0.38  0.08
-0.37  0.16
-0.36  0.09
-0.35  0.11
-0.34  0.11
-0.33  0.1
-0.32  0.12
-0.31  0.11
-0.3  0.08
-0.29  0.12
-0.28  0.1
-0.27  0.12
-0.26  0.1
-0.25  0.1
-0.24  0.08
-0.23  0.12
-0.22  0.16
-0.21  0.07
-0.2  0.08
-0.19  0.11
-0.18  0.1
-0.17  0.17
-0.16  0.11
-0.15  0.13
-0.14  0.08
-0.13  0.08
-0.12  0.11
-0.11  0.06
-0.1  0.16
-0.09  0.05
-0.08  0.1
-0.07  0.12
-0.06  0.15
-0.05  0.12
-0.04  0.11
-0.03  0.07
-0.02  0.07
-0.01  0.11
-2.16197e-11  0.11
0.0001  0
0.0101  0.13
0.0201  0.11
0.0301  0.15
0.0401  0.09
0.0501  0.12
0.0601  0.07
0.0701  0.15
0.0801  0.08
0.0901  0.12
0.1001  0.11
0.1101  0.09
0.1201  0.14
0.1301  0.08
0.1401  0.13
0.1501  0.1
0.1601  0.09
0.1701  0.1
0.1801  0.14
0.1901  0.09
0.2001  0.11
0.2101  0.14
0.2201  0.1
0.2301  0.07
0.2401  0.14
0.2501  0.05
0.2601  0.15
0.2701  0.07
0.2801  0.17
0.2901  0.11
0.3001  0.13
0.3101  0.13
0.3201  0.07
0.3301  0.09
0.3401  0.18
0.3501  0.13
0.3601  0.09
0.3701  0.1
0.3801  0.14
0.3901  0.12
0.4001  0.12
0.4101  0.14
0.4201  0.11
0.4301  0.1
0.4401  0.11
0.4501  0.08
0.4601  0.11
0.4701  0.15
0.4801  0.1
0.4901  0.13
0.5001  0.08
0.5101  0.17
0.5201  0.12
0.5301  0.11
0.5401  0.14
0.5501  0.1
0.5601  0.12
0.5701  0.15
0.5801  0.15
0.5901  0.07
0.6001  0.12
0.6101  0.15
0.6201  0.13
0.6301  0.11
0.6401  0.15
0.6501  0.15
0.6601  0.11
0.6701  0.16
0.6801  0.08
0.6901  0.15
0.7001  0.1
0.7101  0.09
0.7201  0.11
0.7301  0.18
0.7401  0.1
0.7501  0.19
0.7601  0.09
0.7701  0.15
0.7801  0.1
0.7901  0.1
0.8001  0.13
0.8101  0.17
0.8201  0.17
0.8301  0.13
0.8401  0.15
0.8501  0.11
0.8601  0.14
0.8701  0.11
0.8801  0.12
0.8901  0.14
0.9001  0.15
0.9101  0.1
0.9201  0.16
0.9301  0.16
0.9401  0.12
0.9501  0.19
0.9601  0.1
0.9701  0.12
0.9801  0.15
0.9901  0.14
1.0001  0.1
1.0101  0.15
1.0201  0.13
1.0301  0.12
1.0401  0.17
1.0501  0.19
1.0601  0.12
1.0701  0.14
1.0801  0.1
1.0901  0.16
1.1001  0.15
1.1101  0.16
1.1201  0.13
1.1301  0.11
1.1401  0.15
1.1501  0.14
1.1601  0.12
1.1701  0.16
1.1801  0.19
1.1901  0.13
1.2001  0.11
1.2101  0.17
1.2201  0.17
1.2301  0.17
1.2401  0.12
1.2501  0.18
1.2601  0.13
1.2701  0.14
1.2801  0.1
1.2901  0.15
1.3001  0.19
1.3101  0.11
1.3201  0.16
1.3301  0.14
1.3401  0.13
1.3501  0.17
1.3601  0.17
1.3701  0.17
1.3801  0.16
1.3901  0.11
1.4001  0.15
1.4101  0.14
1.4201  0.11
1.4301  0.14
1.4401  0.19
1.4501  0.16
1.4601  0.16
1.4701  0.17
1.4801  0.11
1.4901  0.2
1.5001  0.16
1.5101  0.2
1.5201  0.16
1.5301  0.11
1.5401  0.17
1.5501  0.15
1.5601  0.16
1.5701  0.15
1.5801  0.14
1.5901  0.14
1.6001  0.14
1.6101  0.15
1.6201  0.17
1.6301  0.15
1.6401  0.19
1.6501  0.14
1.6601  0.15
1.6701  0.2
1.6801  0.13
1.6901  0.19
1.7001  0.12
1.7101  0.17
1.7201  0.2
1.7301  0.12
1.7401  0.19
1.7501  0.12
1.7601  0.18
1.7701  0.16
1.7801  0.17
1.7901  0.18
1.8001  0.15
1.8101  0.15
1.8201  0.18
1.8301  0.17
1.8401  0.17
1.8501  0.17
1.8601  0.18
1.8701  0.13
1.8801  0.18
1.8901  0.15
1.9001  0.13
1.9101  0.17
1.9201  0.18
1.9301  0.14
1.9401  0.19
1.9501  0.14
1.9601  0.23
1.9701  0.16
1.9801  0.17
1.9901  0.11
2.0001  0.18
2.0101  0.16
2.0201  0.19
2.0301  0.19
2.0401  0.13
2.0501  0.16
2.0601  0.15
2.0701  0.24
2.0801  0.19
2.0901  0.17
2.1001  0.21
2.1101  0.12
2.1201  0.16
2.1301  0.16
2.1401  0.15
2.1501  0.17
2.1601  0.15
2.1701  0.17
2.1801  0.21
2.1901  0.17
2.2001  0.19
2.2101  0.16
2.2201  0.14
2.2301  0.23
2.2401  0.21
2.2501  0.18
2.2601  0.1
2.2701  0.19
2.2801  0.15
2.2901  0.2
2.3001  0.18
2.3101  0.17
2.3201  0.13
2.3301  0.22
2.3401  0.14
2.3501  0.23
2.3601  0.16
2.3701  0.17
2.3801  0.19
2.3901  0.16
2.4001  0.21
2.4101  0.18
2.4201  0.16
2.4301  0.2
2.4401  0.17
2.4501  0.14
2.4601  0.26
2.4701  0.16
2.4801  0.2
2.4901  0.16
2.5001  0.16
2.5101  0.15
2.5201  0.18
2.5301  0.22
2.5401  0.2
2.5501  0.15
2.5601  0.18
2.5701  0.19
2.5801  0.13
2.5901  0.2
2.6001  0.19
2.6101  0.16
2.6201  0.23
2.6301  0.15
2.6401  0.19
2.6501  0.18
2.6601  0.24
2.6701  0.19
2.6801  0.18
2.6901  0.2
2.7001  0.19
2.7101  0.21
2.7201  0.15
2.7301  0.2
2.7401  0.18
2.7501  0.17
2.7601  0.19
2.7701  0.16
2.7801  0.2
2.7901  0.17
2.8001  0.21
2.8101  0.19
2.8201  0.17
2.8301  0.22
2.8401  0.15
2.8501  0.21
2.8601  0.17
2.8701  0.17
2.8801  0.21
2.8901  0.2
2.9001  0.21
2.9101  0.19
2.9201  0.16
2.9301  0.21
2.9401  0.24
2.9501  0.14
2.9601  0.22
2.9701  0.19
2.9801  0.17
2.9901  0.2
3.0001  0.2
3.0101  0.19
3.0201  0.26
3.0301  0.18
3.0401  0.18
3.0501  0.18
3.0601  0.16
3.0701  0.18
3.0801  0.21
3.0901  0.18
3.1001  0.21
3.1101  0.27
3.1201  0.17
3.1301  0.19
3.1401  0.19
3.1501  0.22
3.1601  0.16
3.1701  0.19
3.1801  0.2
3.1901  0.2
3.2001  0.2
3.2101  0.24
3.2201  0.2
3.2301  0.15
3.2401  0.21
3.2501  0.2
3.2601  0.2
3.2701  0.19
3.2801  0.23
3.2901  0.21
3.3001  0.25
3.3101  0.18
3.3201  0.19
3.3301  0.21
3.3401  0.19
3.3501  0.18
3.3601  0.2
3.3701  0.2
3.3801  0.19
3.3901  0.23
3.4001  0.21
3.4101  0.26
3.4201  0.18
3.4301  0.2
3.4401  0.18
3.4501  0.21
3.4601  0.22
3.4701  0.2
3.4801  0.2
3.4901  0.2
3.5001  0.16
3.5101  0.22
3.5201  0.22
3.5301  0.24
3.5401  0.18
3.5501  0.22
3.5601  0.23
3.5701  0.22
3.5801  0.19
3.5901  0.21
3.6001  0.19
3.6101  0.24
3.6201  0.22
3.6301  0.22
3.6401  0.21
3.6501  0.17
3.6601  0.21
3.6701  0.21
3.6801  0.23
3.6901  0.29
3.7001  0.17
3.7101  0.22
3.7201  0.18
3.7301  0.22
3.7401  0.21
3.7501  0.24
3.7601  0.21
3.7701  0.18
3.7801  0.19
3.7901  0.23
3.8001  0.24
3.8101  0.19
3.8201  0.23
3.8301  0.22
3.8401  0.17
3.8501  0.28
3.8601  0.22
3.8701  0.24
3.8801  0.22
3.8901  0.18
3.9001  0.25
3.9101  0.2
3.9201  0.22
3.9301  0.24
3.9401  0.2
3.9501  0.26
3.9601  0.22
3.9701  0.24
3.9801  0.2
3.9901  0.22
4.0001  0.23
4.0101  0.22
4.0201  0.26
4.0301  0.17
4.0401  0.24
4.0501  0.2
4.0601  0.21
4.0701  0.22
4.0801  0.28
4.0901  0.19
4.1001  0.2
4.1101  0.21
4.1201  0.27
4.1301  0.18
4.1401  0.25
4.1501  0.22
4.1601  0.27
4.1701  0.24
4.1801  0.24
4.1901  0.25
4.2001  0.19
4.2101  0.26
4.2201  0.22
4.2301  0.26
4.2401  0.21
4.2501  0.22
4.2601  0.21
4.2701  0.29
4.2801  0.22
4.2901  0.16
4.3001  0.27
4.3101  0.27
4.3201  0.23
4.3301  0.16
4.3401  0.24
4.3501  0.24
4.3601  0.26
4.3701  0.27
4.3801  0.24
4.3901  0.24
4.4001  0.25
4.4101  0.21
4.4201  0.25
4.4301  0.25
4.4401  0.21
4.4501  0.23
4.4601  0.25
4.4701  0.22
4.4801  0.27
4.4901  0.23
4.5001  0.23
4.5101  0.26
4.5201  0.23
4.5301  0.24
4.5401  0.26
4.5501  0.28
4.5601  0.25
4.5701  0.21
4.5801  0.28
4.5901  0.25
4.6001  0.24
4.6101  0.25
4.6201  0.22
4.6301  0.22
4.6401  0.29
4.6501  0.27
4.6601  0.23
4.6701  0.25
4.6801  0.21
4.6901  0.27
4.7001  0.24
4.7101  0.29
4.7201  0.19
4.7301  0.24
4.7401  0.27
4.7501  0.29
4.7601  0.29
4.7701  0.24
4.7801  0.23
4.7901  0.22
4.8001  0.32
4.8101  0.2
4.8201  0.28
4.8301  0.25
4.8401  0.27
4.8501  0.23
4.8601  0.3
4.8701  0.24
4.8801  0.34
4.8901  0.2
4.9001  0.32
4.9101  0.2
4.9201  0.28
4.9301  0.28
4.9401  0.23
4.9501  0.27
4.9601  0.29
4.9701  0.24
4.9801  0.29
4.9901  0.23
5.0001  0.28
5.0101  0.23
5.0201  0.26
5.0301  0.28
5.0401  0.29
5.0501  0.31
5.0601  0.28
5.0701  0.21
5.0801  0.29
5.0901  0.25
5.1001  0.28
5.1101  0.29
5.1201  0.27
5.1301  0.28
5.1401  0.27
5.1501  0.29
5.1601  0.28
5.1701  0.29
5.1801  0.31
5.1901  0.3
5.2001  0.29
5.2101  0.22
5.2201  0.26
5.2301  0.28
5.2401  0.31
5.2501  0.32
5.2601  0.26
5.2701  0.25
5.2801  0.26
5.2901  0.28
5.3001  0.32
5.3101  0.29
5.3201  0.27
5.3301  0.27
5.3401  0.32
5.3501  0.3
5.3601  0.32
5.3701  0.29
5.3801  0.26
5.3901  0.26
5.4001  0.33
5.4101  0.32
5.4201  0.25
5.4301  0.3
5.4401  0.31
5.4501  0.31
5.4601  0.31
5.4701  0.34
5.4801  0.29
5.4901  0.3
5.5001  0.29
5.5101  0.31
5.5201  0.31
5.5301  0.29
5.5401  0.3
5.5501  0.28
5.5601  0.33
5.5701  0.32
5.5801  0.34
5.5901  0.25
5.6001  0.31
5.6101  0.29
5.6201  0.38
5.6301  0.32
5.6401  0.3
5.6501  0.32
5.6601  0.35
5.6701  0.26
5.6801  0.34
5.6901  0.36
5.7001  0.31
5.7101  0.29
5.7201  0.31
5.7301  0.3
5.7401  0.38
5.7501  0.33
5.7601  0.35
5.7701  0.35
5.7801  0.32
5.7901  0.35
5.8001  0.31
5.8101  0.33
5.8201  0.37
5.8301  0.33
5.8401  0.33
5.8501  0.33
5.8601  0.35
5.8701  0.32
5.8801  0.36
5.8901  0.35
5.9001  0.34
5.9101  0.36
5.9201  0.34
5.9301  0.34
5.9401  0.38
5.9501  0.35
5.9601  0.35
5.9701  0.33
5.9801  0.41
5.9901  0.34
6.0001  0.38
6.0101  0.36
6.0201  0.34
6.0301  0.39
6.0401  0.32
6.0501  0.36
6.0601  0.4
6.0701  0.38
6.0801  0.36
6.0901  0.36
6.1001  0.36
6.1101  0.47
6.1201  0.42
6.1301  0.37
6.1401  0.37
6.1501  0.38
6.1601  0.39
6.1701  0.39
6.1801  0.36
6.1901  0.44
6.2001  0.39
6.2101  0.35
6.2201  0.45
6.2301  0.39
6.2401  0.38
6.2501  0.45
6.2601  0.41
6.2701  0.38
6.2801  0.39
6.2901  0.43
6.3001  0.41
6.3101  0.42
6.3201  0.44
6.3301  0.41
6.3401  0.45
6.3501  0.42
6.3601  0.43
6.3701  0.45
6.3801  0.45
6.3901  0.43
6.4001  0.43
6.4101  0.45
6.4201  0.51
6.4301  0.43
6.4401  0.49
6.4501  0.45
6.4601  0.46
6.4701  0.44
6.4801  0.47
6.4901  0.41
6.5001  0.5
6.5101  0.48
6.5201  0.46
6.5301  0.48
6.5401  0.53
6.5501  0.46
6.5601  0.53
6.5701  0.47
6.5801  0.51
6.5901  0.51
6.6001  0.5
6.6101  0.47
6.6201  0.56
6.6301  0.47
6.6401  0.5
6.6501  0.57
6.6601  0.55
6.6701  0.52
6.6801  0.5
6.6901  0.57
6.7001  0.53
6.7101  0.56
6.7201  0.59
6.7301  0.55
6.7401  0.53
6.7501  0.56
6.7601  0.62
6.7701  0.56
6.7801  0.58
6.7901  0.59
6.8001  0.56
6.8101  0.63
6.8201  0.57
6.8301  0.62
6.8401  0.59
6.8501  0.6
6.8601  0.62
6.8701  0.69
6.8801  0.6
6.8901  0.64
6.9001  0.61
6.9101  0.66
6.9201  0.6
6.9301  0.66
6.9401  0.68
6.9501  0.65
6.9601  0.76
6.9701  0.67
6.9801  0.66
6.9901  0.77
7.0001  0.65
7.0101  0.69
7.0201  0.7
7.0301  0.75
7.0401  0.72
7.0501  0.69
7.0601  0.78
7.0701  0.71
7.0801  0.78
7.0901  0.73
7.1001  0.79
7.1101  0.78
7.1201  0.73
7.1301  0.78
7.1401  0.82
7.1501  0.75
7.1601  0.83
7.1701  0.78
7.1801  0.87
7.1901  0.83
7.2001  0.83
7.2101  0.81
7.2201  0.8
7.2301  0.81
7.2401  0.89
7.2501  0.78
7.2601  0.95
7.2701  0.84
7.2801  0.88
7.2901  0.84
7.3001  0.91
7.3101  0.87
7.3201  0.9
7.3301  0.87
7.3401  0.93
7.3501  0.93
7.3601  0.95
7.3701  0.88
7.3801  0.92
7.3901  0.94
7.4001  0.88
7.4101  0.97
7.4201  0.92
7.4301  0.96
7.4401  0.94
7.4501  0.88
7.4601  0.98
7.4701  0.95
7.4801  0.93
7.4901  0.93
7.5001  0.94
7.5101  0.95
7.5201  0.9
7.5301  0.97
7.5401  0.96
7.5501  1.01
7.5601  0.91
7.5701  0.9
7.5801  0.93
7.5901  0.95
7.6001  0.94
7.6101  0.91
7.6201  0.91
7.6301  0.95
7.6401  0.92
7.6501  0.93
7.6601  0.97
7.6701  0.91
7.6801  0.94
7.6901  0.98
7.7001  0.88
7.7101  0.93
7.7201  0.89
7.7301  0.89
7.7401  0.86
7.7501  0.91
7.7601  0.87
7.7701  0.85
7.7801  0.91
7.7901  0.85
7.8001  0.84
7.8101  0.86
7.8201  0.82
7.8301  0.88
7.8401  0.86
7.8501  0.83
7.8601  0.86
7.8701  0.82
7.8801  0.82
7.8901  0.83
7.9001  0.84
7.9101  0.82
7.9201  0.82
7.9301  0.8
7.9401  0.79
7.9501  0.8
7.9601  0.79
7.9701  0.79
7.9801  0.78
7.9901  0.74
8.0001  0.79
8.0101  0.74
8.0201  0.75
8.0301  0.73
8.0401  0.76
8.0501  0.77
8.0601  0.76
8.0701  0.72
8.0801  0.81
8.0901  0.66
8.1001  0.72
8.1101  0.75
8.1201  0.67
8.1301  0.7
8.1401  0.78
8.1501  0.73
8.1601  0.66
8.1701  0.69
8.1801  0.66
8.1901  0.71
8.2001  0.72
8.2101  0.68
8.2201  0.68
8.2301  0.66
8.2401  0.67
8.2501  0.71
8.2601  0.67
8.2701  0.66
8.2801  0.65
8.2901  0.69
8.3001  0.66
8.3101  0.65
8.3201  0.69
8.3301  0.64
8.3401  0.7
8.3501  0.68
8.3601  0.64
8.3701  0.6
8.3801  0.69
8.3901  0.63
8.4001  0.65
8.4101  0.62
8.4201  0.62
8.4301  0.63
8.4401  0.69
8.4501  0.63
8.4601  0.68
8.4701  0.53
8.4801  0.65
8.4901  0.66
8.5001  0.6
8.5101  0.63
8.5201  0.68
8.5301  0.61
8.5401  0.65
8.5501  0.61
8.5601  0.64
8.5701  0.6
8.5801  0.6
8.5901  0.62
8.6001  0.65
8.6101  0.65
8.6201  0.64
8.6301  0.6
8.6401  0.59
8.6501  0.63
8.6601  0.61
8.6701  0.66
8.6801  0.65
8.6901  0.59
8.7001  0.68
8.7101  0.61
8.7201  0.64
8.7301  0.65
8.7401  0.62
8.7501  0.6
8.7601  0.62
8.7701  0.58
8.7801  0.65
8.7901  0.61
8.8001  0.65
8.8101  0.62
8.8201  0.64
8.8301  0.63
8.8401  0.63
8.8501  0.63
8.8601  0.65
8.8701  0.6
8.8801  0.64
8.8901  0.65
8.9001  0.62
8.9101  0.62
8.9201  0.69
8.9301  0.63
8.9401  0.66
8.9501  0.66
8.9601  0.64
8.9701  0.65
8.9801  0.67
8.9901  0.68
9.0001  0.6
9.0101  0.66
9.0201  0.68
9.0301  0.6
9.0401  0.69
9.0501  0.64
9.0601  0.72
9.0701  0.63
9.0801  0.65
9.0901  0.64
9.1001  0.7
9.1101  0.68
9.1201  0.63
9.1301  0.73
9.1401  0.66
9.1501  0.69
9.1601  0.66
9.1701  0.66
9.1801  0.67
9.1901  0.68
9.2001  0.69
9.2101  0.71
9.2201  0.64
9.2301  0.77
9.2401  0.72
9.2501  0.68
9.2601  0.75
9.2701  0.66
9.2801  0.69
9.2901  0.74
9.3001  0.72
9.3101  0.68
9.3201  0.72
9.3301  0.79
9.3401  0.7
9.3501  0.73
9.3601  0.71
9.3701  0.71
9.3801  0.76
9.3901  0.65
9.4001  0.71
9.4101  0.77
9.4201  0.75
9.4301  0.74
9.4401  0.76
9.4501  0.77
9.4601  0.68
9.4701  0.76
9.4801  0.74
9.4901  0.73
9.5001  0.78
9.5101  0.78
9.5201  0.78
9.5301  0.73
9.5401  0.82
9.5501  0.74
9.5601  0.77
9.5701  0.8
9.5801  0.77
9.5901  0.75
9.6001  0.78
9.6101  0.79
9.6201  0.71
9.6301  0.77
9.6401  0.86
9.6501  0.75
9.6601  0.83
9.6701  0.76
9.6801  0.77
9.6901  0.82
9.7001  0.81
9.7101  0.83
9.7201  0.73
9.7301  0.84
9.7401  0.79
9.7501  0.8
9.7601  0.86
9.7701  0.76
9.7801  0.81
9.7901  0.76
9.8001  0.77
9.8101  0.79
9.8201  0.83
9.8301  0.85
9.8401  0.79
9.8501  0.82
9.8601  0.77
9.8701  0.77
9.8801  0.88
9.8901  0.84
9.9001  0.74
9.9101  0.8
9.9201  0.81
9.9301  0.84
9.9401  0.82
9.9501  0.76
9.9601  0.9
9.9701  0.78
9.9801  0.86
9.9901  0.82
10.0001  0.78
10.0101  0.79
10.0201  0.81
10.0301  0.83
10.0401  0.82
10.0501  0.78
10.0601  0.81
10.0701  0.77
10.0801  0.8
10.0901  0.82
10.1001  0.79
10.1101  0.78
10.1201  0.83
10.1301  0.79
10.1401  0.76
10.1501  0.77
10.1601  0.84
10.1701  0.82
10.1801  0.78
10.1901  0.82
10.2001  0.81
10.2101  0.77
10.2201  0.79
10.2301  0.76
10.2401  0.78
10.2501  0.8
10.2601  0.77
10.2701  0.77
10.2801  0.8
10.2901  0.76
10.3001  0.74
10.3101  0.88
10.3201  0.75
10.3301  0.81
10.3401  0.81
10.3501  0.69
10.3601  0.79
10.3701  0.78
10.3801  0.72
10.3901  0.79
10.4001  0.74
10.4101  0.78
10.4201  0.74
10.4301  0.74
10.4401  0.78
10.4501  0.76
10.4601  0.7
10.4701  0.77
10.4801  0.75
10.4901  0.74
10.5001  0.8
10.5101  0.71
10.5201  0.72
10.5301  0.74
10.5401  0.75
10.5501  0.78
10.5601  0.7
10.5701  0.78
10.5801  0.69
10.5901  0.75
10.6001  0.73
10.6101  0.77
10.6201  0.66
10.6301  0.82
10.6401  0.71
10.6501  0.72
10.6601  0.75
10.6701  0.73
10.6801  0.72
10.6901  0.72
10.7001  0.67
10.7101  0.69
10.7201  0.74
10.7301  0.73
10.7401  0.66
10.7501  0.76
10.7601  0.71
10.7701  0.72
10.7801  0.74
10.7901  0.71
10.8001  0.74
10.8101  0.71
10.8201  0.68
10.8301  0.73
10.8401  0.72
10.8501  0.71
10.8601  0.67
10.8701  0.68
10.8801  0.77
10.8901  0.67
10.9001  0.65
10.9101  0.7
10.9201  0.7
10.9301  0.72
10.9401  0.73
10.9501  0.73
10.9601  0.69
10.9701  0.75
10.9801  0.71
10.9901  0.68
11.0001  0.69
11.0101  0.71
11.0201  0.68
11.0301  0.7
11.0401  0.71
11.0501  0.68
11.0601  0.68
11.0701  0.78
11.0801  0.64
11.0901  0.69
11.1001  0.7
11.1101  0.69
11.1201  0.7
11.1301  0.71
11.1401  0.68
11.1501  0.67
11.1601  0.72
11.1701  0.73
11.1801  0.73
11.1901  0.72
11.2001  0.69
11.2101  0.66
11.2201  0.71
11.2301  0.68
11.2401  0.74
11.2501  0.69
11.2601  0.71
11.2701  0.72
11.2801  0.68
11.2901  0.66
11.3001  0.71
11.3101  0.76
11.3201  0.7
11.3301  0.68
11.3401  0.69
11.3501  0.75
11.3601  0.77
11.3701  0.67
11.3801  0.68
11.3901  0.73
11.4001  0.65
11.4101  0.74
11.4201  0.74
11.4301  0.73
11.4401  0.72
11.4501  0.7
11.4601  0.68
11.4701  0.73
11.4801  0.67
11.4901  0.71
11.5001  0.69
11.5101  0.75
11.5201  0.66
11.5301  0.75
11.5401  0.75
11.5501  0.71
11.5601  0.72
11.5701  0.69
11.5801  0.78
11.5901  0.78
11.6001  0.74
11.6101  0.68
11.6201  0.74
11.6301  0.72
11.6401  0.75
11.6501  0.73
11.6601  0.73
11.6701  0.69
11.6801  0.72
11.6901  0.71
11.7001  0.77
11.7101  0.72
11.7201  0.77
11.7301  0.71
11.7401  0.77
11.7501  0.7
11.7601  0.74
11.7701  0.7
11.7801  0.77
11.7901  0.75
11.8001  0.75
11.8101  0.71
11.8201  0.74
11.8301  0.76
11.8401  0.74
11.8501  0.73
11.8601  0.8
11.8701  0.71
11.8801  0.76
11.8901  0.8
11.9001  0.7
11.9101  0.74
11.9201  0.76
11.9301  0.73
11.9401  0.78
11.9501  0.76
11.9601  0.76
11.9701  0.73
11.9801  0.75
11.9901  0.73
12.0001  0.79
12.0101  0.77
12.0201  0.77
12.0301  0.7
12.0401  0.8
12.0501  0.81
12.0601  0.69
12.0701  0.75
12.0801  0.8
12.0901  0.71
12.1001  0.77
12.1101  0.75
12.1201  0.8
12.1301  0.75
12.1401  0.74
12.1501  0.77
12.1601  0.77
12.1701  0.76
12.1801  0.77
12.1901  0.72
12.2001  0.82
12.2101  0.77
12.2201  0.75
12.2301  0.79
12.2401  0.76
12.2501  0.74
12.2601  0.72
12.2701  0.77
12.2801  0.83
12.2901  0.7
12.3001  0.83
12.3101  0.78
12.3201  0.72
12.3301  0.79
12.3401  0.75
12.3501  0.75
12.3601  0.81
12.3701  0.74
12.3801  0.77
12.3901  0.76
12.4001  0.76
12.4101  0.8
12.4201  0.73
12.4301  0.77
12.4401  0.75
12.4501  0.77
12.4601  0.79
12.4701  0.68
12.4801  0.75
12.4901  0.81
12.5001  0.77
12.5101  0.79
12.5201  0.71
12.5301  0.82
12.5401  0.71
12.5501  0.76
12.5601  0.79
12.5701  0.71
12.5801  0.76
12.5901  0.78
12.6001  0.78
12.6101  0.74
12.6201  0.74
12.6301  0.76
12.6401  0.8
12.6501  0.73
12.6601  0.72
12.6701  0.87
12.6801  0.75
12.6901  0.75
12.7001  0.77
12.7101  0.7
12.7201  0.75
12.7301  0.72
12.7401  0.78
12.7501  0.73
12.7601  0.72
12.7701  0.82
12.7801  0.7
12.7901  0.77
12.8001  0.7
12.8101  0.81
12.8201  0.77
12.8301  0.72
12.8401  0.74
12.8501  0.77
12.8601  0.7
12.8701  0.74
12.8801  0.74
12.8901  0.75
12.9001  0.74
12.9101  0.79
12.9201  0.72
12.9301  0.74
12.9401  0.7
12.9501  0.7
12.9601  0.81
12.9701  0.74
12.9801  0.72
12.9901  0.81
13.0001  0.75
13.0101  0.69
13.0201  0.81
13.0301  0.73
13.0401  0.69
13.0501  0.78
13.0601  0.72
13.0701  0.72
13.0801  0.74
13.0901  0.69
13.1001  0.7
13.1101  0.77
13.1201  0.71
13.1301  0.75
13.1401  0.73
13.1501  0.73
13.1601  0.73
13.1701  0.76
13.1801  0.71
13.1901  0.74
13.2001  0.67
13.2101  0.76
13.2201  0.72
13.2301  0.77
13.2401  0.68
13.2501  0.79
13.2601  0.74
13.2701  0.74
13.2801  0.72
13.2901  0.76
13.3001  0.71
13.3101  0.7
13.3201  0.76
13.3301  0.76
13.3401  0.65
13.3501  0.73
13.3601  0.8
13.3701  0.72
13.3801  0.67
13.3901  0.71
13.4001  0.73
13.4101  0.7
13.4201  0.72
13.4301  0.75
13.4401  0.72
13.4501  0.75
13.4601  0.7
13.4701  0.79
13.4801  0.72
13.4901  0.75
13.5001  0.69
13.5101  0.72
13.5201  0.71
13.5301  0.74
13.5401  0.71
13.5501  0.72
13.5601  0.74
13.5701  0.74
13.5801  0.72
13.5901  0.67
13.6001  0.76
13.6101  0.69
13.6201  0.78
13.6301  0.69
13.6401  0.72
13.6501  0.77
13.6601  0.76
13.6701  0.73
13.6801  0.74
13.6901  0.72
13.7001  0.73
13.7101  0.7
13.7201  0.73
13.7301  0.7
13.7401  0.77
13.7501  0.68
13.7601  0.74
13.7701  0.71
13.7801  0.76
13.7901  0.74
13.8001  0.74
13.8101  0.73
13.8201  0.7
13.8301  0.76
13.8401  0.77
13.8501  0.67
13.8601  0.77
13.8701  0.69
13.8801  0.66
13.8901  0.74
13.9001  0.76
13.9101  0.77
13.9201  0.74
13.9301  0.73
13.9401  0.71
13.9501  0.79
13.9601  0.71
13.9701  0.69
13.9801  0.71
13.9901  0.72
14.0001  0.84
14.0101  0.7
14.0201  0.76
14.0301  0.78
14.0401  0.71
14.0501  0.78
14.0601  0.66
14.0701  0.74
14.0801  0.73
14.0901  0.77
14.1001  0.74
14.1101  0.76
14.1201  0.77
14.1301  0.67
14.1401  0.76
14.1501  0.72
14.1601  0.79
14.1701  0.7
14.1801  0.71
14.1901  0.75
14.2001  0.72
14.2101  0.74
14.2201  0.73
14.2301  0.76
14.2401  0.76
14.2501  0.74
14.2601  0.74
14.2701  0.78
14.2801  0.7
14.2901  0.73
14.3001  0.76
14.3101  0.79
14.3201  0.69
14.3301  0.75
14.3401  0.83
14.3501  0.74
14.3601  0.75
14.3701  0.77
14.3801  0.64
14.3901  0.77
14.4001  0.75
14.4101  0.74
14.4201  0.76
14.4301  0.76
14.4401  0.71
14.4501  0.75
14.4601  0.76
14.4701  0.79
14.4801  0.73
14.4901  0.73
14.5001  0.74
14.5101  0.71
14.5201  0.77
14.5301  0.73
14.5401  0.78
14.5501  0.75
14.5601  0.76
14.5701  0.75
14.5801  0.78
14.5901  0.71
14.6001  0.73
14.6101  0.79
14.6201  0.69
14.6301  0.75
14.6401  0.82
14.6501  0.73
14.6601  0.69
14.6701  0.75
14.6801  0.77
14.6901  0.74
14.7001  0.79
14.7101  0.82
14.7201  0.77
14.7301  0.66
14.7401  0.76
14.7501  0.79
14.7601  0.77
14.7701  0.67
14.7801  0.74
14.7901  0.72
14.8001  0.76
14.8101  0.75
14.8201  0.74
14.8301  0.8
14.8401  0.71
14.8501  0.71
14.8601  0.81
14.8701  0.72
14.8801  0.73
14.8901  0.8
14.9001  0.75
14.9101  0.75
14.9201  0.76
14.9301  0.72
14.9401  0.77
14.9501  0.7
14.9601  0.72
14.9701  0.8
14.9801  0.75
14.9901  0.74
15.0001  0.74
15.0101  0.78
15.0201  0.72
15.0301  0.83
15.0401  0.7
15.0501  0.72
15.0601  0.81
15.0701  0.69
15.0801  0.74
15.0901  0.76
15.1001  0.7
15.1101  0.76
15.1201  0.8
15.1301  0.67
15.1401  0.76
15.1501  0.74
15.1601  0.73
15.1701  0.73
15.1801  0.8
15.1901  0.77
15.2001  0.76
15.2101  0.68
15.2201  0.82
15.2301  0.69
15.2401  0.81
15.2501  0.69
15.2601  0.78
15.2701  0.67
15.2801  0.69
15.2901  0.74
15.3001  0.8
15.3101  0.69
15.3201  0.73
15.3301  0.72
15.3401  0.8
15.3501  0.74
15.3601  0.74
15.3701  0.74
15.3801  0.77
15.3901  0.77
15.4001  0.77
15.4101  0.77
15.4201  0.73
15.4301  0.67
15.4401  0.72
15.4501  0.7
15.4601  0.79
15.4701  0.73
15.4801  0.73
15.4901  0.8
15.5001  0.74
15.5101  0.74
15.5201  0.68
15.5301  0.7
15.5401  0.75
15.5501  0.74
15.5601  0.77
15.5701  0.69
15.5801  0.71
15.5901  0.82
15.6001  0.69
15.6101  0.76
15.6201  0.72
15.6301  0.76
15.6401  0.75
15.6501  0.71
15.6601  0.71
15.6701  0.74
15.6801  0.74
15.6901  0.71
15.7001  0.74
15.7101  0.79
15.7201  0.75
15.7301  0.75
15.7401  0.74
15.7501  0.72
15.7601  0.75
15.7701  0.75
15.7801  0.72
15.7901  0.78
15.8001  0.73
15.8101  0.67
15.8201  0.77
15.8301  0.7
15.8401  0.74
15.8501  0.78
15.8601  0.67
15.8701  0.71
15.8801  0.75
15.8901  0.74
15.9001  0.75
15.9101  0.73
15.9201  0.76
15.9301  0.73
15.9401  0.72
15.9501  0.74
15.9601  0.73
15.9701  0.71
15.9801  0.73
15.9901  0.74
16.0001  0.73
16.0101  0.78
16.0201  0.72
16.0301  0.76
16.0401  0.73
16.0501  0.79
16.0601  0.69
16.0701  0.73
16.0801  0.77
16.0901  0.74
16.1001  0.68
16.1101  0.75
16.1201  0.76
16.1301  0.78
16.1401  0.7
16.1501  0.73
16.1601  0.72
16.1701  0.67
16.1801  0.83
16.1901  0.74
16.2001  0.68
16.2101  0.77
16.2201  0.71
16.2301  0.73
16.2401  0.76
16.2501  0.75
16.2601  0.71
16.2701  0.73
16.2801  0.75
16.2901  0.73
16.3001  0.75
16.3101  0.76
16.3201  0.73
16.3301  0.72
16.3401  0.72
16.3501  0.72
16.3601  0.8
16.3701  0.73
16.3801  0.74
16.3901  0.72
16.4001  0.73
16.4101  0.78
16.4201  0.67
16.4301  0.78
16.4401  0.73
16.4501  0.73
16.4601  0.76
16.4701  0.75
16.4801  0.79
16.4901  0.72
16.5001  0.71
16.5101  0.77
16.5201  0.7
16.5301  0.78
16.5401  0.72
16.5501  0.73
16.5601  0.75
16.5701  0.74
16.5801  0.73
16.5901  0.74
16.6001  0.78
16.6101  0.69
16.6201  0.75
16.6301  0.73
16.6401  0.72
16.6501  0.71
16.6601  0.81
16.6701  0.74
16.6801  0.72
16.6901  0.81
16.7001  0.7
16.7101  0.77
16.7201  0.74
16.7301  0.74
16.7401  0.73
16.7501  0.73
16.7601  0.72
16.7701  0.72
16.7801  0.8
16.7901  0.76
16.8001  0.73
16.8101  0.76
16.8201  0.72
16.8301  0.73
16.8401  0.77
16.8501  0.73
16.8601  0.7
16.8701  0.77
16.8801  0.77
16.8901  0.74
16.9001  0.72
16.9101  0.76
16.9201  0.77
16.9301  0.74
16.9401  0.76
16.9501  0.72
16.9601  0.74
16.9701  0.74
16.9801  0.71
16.9901  0.75
17.0001  0.78
17.0101  0.74
17.0201  0.72
17.0301  0.75
17.0401  0.74
17.0501  0.71
17.0601  0.74
17.0701  0.8
17.0801  0.67
17.0901  0.74
17.1001  0.79
17.1101  0.71
17.1201  0.7
17.1301  0.85
17.1401  0.7
17.1501  0.76
17.1601  0.76
17.1701  0.77
17.1801  0.73
17.1901  0.81
17.2001  0.74
17.2101  0.71
17.2201  0.73
17.2301  0.72
17.2401  0.76
17.2501  0.74
17.2601  0.72
17.2701  0.74
17.2801  0.71
17.2901  0.76
17.3001  0.69
17.3101  0.79
17.3201  0.77
17.3301  0.66
17.3401  0.77
17.3501  0.82
17.3601  0.74
17.3701  0.73
17.3801  0.75
17.3901  0.72
17.4001  0.73
17.4101  0.71
17.4201  0.73
17.4301  0.81
17.4401  0.74
17.4501  0.76
17.4601  0.73
17.4701  0.74
17.4801  0.73
17.4901  0.72
17.5001  0.8
17.5101  0.72
17.5201  0.8
17.5301  0.74
17.5401  0.74
17.5501  0.69
17.5601  0.74
17.5701  0.77
17.5801  0.72
17.5901  0.75
17.6001  0.73
17.6101  0.74
17.6201  0.76
17.6301  0.73
17.6401  0.77
17.6501  0.68
17.6601  0.76
17.6701  0.72
17.6801  0.77
17.6901  0.79
17.7001  0.7
17.7101  0.73
17.7201  0.69
17.7301  0.81
17.7401  0.67
17.7501  0.78
17.7601  0.78
17.7701  0.7
17.7801  0.74
17.7901  0.74
17.8001  0.78
17.8101  0.71
17.8201  0.72
17.8301  0.77
17.8401  0.74
17.8501  0.77
17.8601  0.71
17.8701  0.75
17.8801  0.77
17.8901  0.73
17.9001  0.73
17.9101  0.75
17.9201  0.75
17.9301  0.72
17.9401  0.65
17.9501  0.75
17.9601  0.77
17.9701  0.69
17.9801  0.8
17.9901  0.8
18.0001  0.67
18.0101  0.79
18.0201  0.75
18.0301  0.78
18.0401  0.7
18.0501  0.7
18.0601  0.77
18.0701  0.69
18.0801  0.7
18.0901  0.8
18.1001  0.7
18.1101  0.75
18.1201  0.74
18.1301  0.68
18.1401  0.78
18.1501  0.77
18.1601  0.71
18.1701  0.76
18.1801  0.72
18.1901  0.79
18.2001  0.75
18.2101  0.73
18.2201  0.72
18.2301  0.72
18.2401  0.78
18.2501  0.77
18.2601  0.69
18.2701  0.71
18.2801  0.77
18.2901  0.71
18.3001  0.75
18.3101  0.76
18.3201  0.78
18.3301  0.72
18.3401  0.72
18.3501  0.75
18.3601  0.69
18.3701  0.73
18.3801  0.76
18.3901  0.71
18.4001  0.76
18.4101  0.78
18.4201  0.7
18.4301  0.77
18.4401  0.71
18.4501  0.76
18.4601  0.7
18.4701  0.76
18.4801  0.77
18.4901  0.71
18.5001  0.72
18.5101  0.75
18.5201  0.76
18.5301  0.72
18.5401  0.75
18.5501  0.71
18.5601  0.74
18.5701  0.74
18.5801  0.76
18.5901  0.76
18.6001  0.78
18.6101  0.72
18.6201  0.73
18.6301  0.71
18.6401  0.75
18.6501  0.74
18.6601  0.75
18.6701  0.75
18.6801  0.71
18.6901  0.76
18.7001  0.77
18.7101  0.74
18.7201  0.74
18.7301  0.71
18.7401  0.74
18.7501  0.7
18.7601  0.73
18.7701  0.68
18.7801  0.76
18.7901  0.76
18.8001  0.8
18.8101  0.72
18.8201  0.77
18.8301  0.67
18.8401  0.75
18.8501  0.74
18.8601  0.79
18.8701  0.7
18.8801  0.76
18.8901  0.78
18.9001  0.76
18.9101  0.73
18.9201  0.71
18.9301  0.76
18.9401  0.7
18.9501  0.76
18.9601  0.77
18.9701  0.73
18.9801  0.75
18.9901  0.73
19.0001  0.8
19.0101  0.72
19.0201  0.73
19.0301  0.69
19.0401  0.78
19.0501  0.75
19.0601  0.7
19.0701  0.68
19.0801  0.76
19.0901  0.72
19.1001  0.74
19.1101  0.82
19.1201  0.76
19.1301  0.72
19.1401  0.73
19.1501  0.71
19.1601  0.79
19.1701  0.71
19.1801  0.74
19.1901  0.71
19.2001  0.8
19.2101  0.72
19.2201  0.78
19.2301  0.7
19.2401  0.79
19.2501  0.77
19.2601  0.66
19.2701  0.75
19.2801  0.73
19.2901  0.72
19.3001  0.81
19.3101  0.72
19.3201  0.71
19.3301  0.77
19.3401  0.76
19.3501  0.69
19.3601  0.81
19.3701  0.73
19.3801  0.75
19.3901  0.73
19.4001  0.73
19.4101  0.83
19.4201  0.69
19.4301  0.71
19.4401  0.71
19.4501  0.74
19.4601  0.73
19.4701  0.75
19.4801  0.8
19.4901  0.71
19.5001  0.69
19.5101  0.83
19.5201  0.7
19.5301  0.75
19.5401  0.72
19.5501  0.73
19.5601  0.7
19.5701  0.84
19.5801  0.72
19.5901  0.73
19.6001  0.7
19.6101  0.79
19.6201  0.76
19.6301  0.78
19.6401  0.67
19.6501  0.76
19.6601  0.69
19.6701  0.79
19.6801  0.68
19.6901  0.81
19.7001  0.67
19.7101  0.89
19.7201  0.71
19.7301  0.67
19.7401  0.75
19.7501  0.78
19.7601  0.73
19.7701  0.76
19.7801  0.8
19.7901  0.68
19.8001  0.8
19.8101  0.7
19.8201  0.7
19.8301  0.77
19.8401  0.69
19.8501  0.78
19.8601  0.72
19.8701  0.71
19.8801  0.78
19.8901  0.67
19.9001  0.76
19.9101  0.76
19.9201  0.74
19.9301  0.69
19.9401  0.78
19.9501  0.75
19.9601  0.74
19.9701  0.77
19.9801  0.69
19.9901  0.78
20.0001  0.71
20.0101  0.8
20.0201  0.77
20.0301  0.73
20.0401  0.81
20.0501  0.7
20.0601  0.72
20.0701  0.73
20.0801  0.79
20.0901  0.72
20.1001  0.71
20.1101  0.69
20.1201  0.71
20.1301  0.72
20.1401  0.72
20.1501  0.86
20.1601  0.73
20.1701  0.72
20.1801  0.73
20.1901  0.78
20.2001  0.72
20.2101  0.73
20.2201  0.7
20.2301  0.82
20.2401  0.72
20.2501  0.78
20.2601  0.7
20.2701  0.71
20.2801  0.7
20.2901  0.78
20.3001  0.73
20.3101  0.77
20.3201  0.74
20.3301  0.7
20.3401  0.8
20.3501  0.69
20.3601  0.8
20.3701  0.72
20.3801  0.77
20.3901  0.74
20.4001  0.72
20.4101  0.74
20.4201  0.68
20.4301  0.75
20.4401  0.78
20.4501  0.74
20.4601  0.75
20.4701  0.78
20.4801  0.7
20.4901  0.73
20.5001  0.77
20.5101  0.73
20.5201  0.73
20.5301  0.73
20.5401  0.72
20.5501  0.77
20.5601  0.69
20.5701  0.71
20.5801  0.71
20.5901  0.76
20.6001  0.75
20.6101  0.76
20.6201  0.73
20.6301  0.82
20.6401  0.74
20.6501  0.7
20.6601  0.77
20.6701  0.67
20.6801  0.83
20.6901  0.74
20.7001  0.72
20.7101  0.74
20.7201  0.7
20.7301  0.8
20.7401  0.7
20.7501  0.71
20.7601  0.79
20.7701  0.77
20.7801  0.76
20.7901  0.68
20.8001  0.7
20.8101  0.73
20.8201  0.76
20.8301  0.73
20.8401  0.77
20.8501  0.7
20.8601  0.79
20.8701  0.79
20.8801  0.73
20.8901  0.68
20.9001  0.74
20.9101  0.73
20.9201  0.73
20.9301  0.78
20.9401  0.76
20.9501  0.7
20.9601  0.68
20.9701  0.76
20.9801  0.79
20.9901  0.77
21.0001  0.68
21.0101  0.77
21.0201  0.7
21.0301  0.77
21.0401  0.76
21.0501  0.7
21.0601  0.78
21.0701  0.72
21.0801  0.72
21.0901  0.75
21.1001  0.74
21.1101  0.72
21.1201  0.77
21.1301  0.74
21.1401  0.77
21.1501  0.77
21.1601  0.8
21.1701  0.69
21.1801  0.71
21.1901  0.77
21.2001  0.72
21.2101  0.71
21.2201  0.74
21.2301  0.73
21.2401  0.74
21.2501  0.77
21.2601  0.75
21.2701  0.71
21.2801  0.73
21.2901  0.77
21.3001  0.75
21.3101  0.72
21.3201  0.77
21.3301  0.67
21.3401  0.79
21.3501  0.72
21.3601  0.75
21.3701  0.73
21.3801  0.8
21.3901  0.7
21.4001  0.7
21.4101  0.77
21.4201  0.73
21.4301  0.73
21.4401  0.7
21.4501  0.81
21.4601  0.73
21.4701  0.72
21.4801  0.78
21.4901  0.7
21.5001  0.81
21.5101  0.74
21.5201  0.75
21.5301  0.78
21.5401  0.72
21.5501  0.7
21.5601  0.7
21.5701  0.78
21.5801  0.78
21.5901  0.67
21.6001  0.79
21.6101  0.72
21.6201  0.8
21.6301  0.7
21.6401  0.73
21.6501  0.7
21.6601  0.74
21.6701  0.72
21.6801  0.8
21.6901  0.65
21.7001  0.84
21.7101  0.78
21.7201  0.68
21.7301  0.7
21.7401  0.75
21.7501  0.76
21.7601  0.78
21.7701  0.7
21.7801  0.72
21.7901  0.75
21.8001  0.72
21.8101  0.83
21.8201  0.73
21.8301  0.75
21.8401  0.75
21.8501  0.72
21.8601  0.8
21.8701  0.74
21.8801  0.72
21.8901  0.74
21.9001  0.71
21.9101  0.73
21.9201  0.76
21.9301  0.72
21.9401  0.72
21.9501  0.68
21.9601  0.82
21.9701  0.72
21.9801  0.78
21.9901  0.73
22.0001  0.71
22.0101  0.71
22.0201  0.77
22.0301  0.7
22.0401  0.74
22.0501  0.78
22.0601  0.78
22.0701  0.76
22.0801  0.7
22.0901  0.73
22.1001  0.75
22.1101  0.76
22.1201  0.75
22.1301  0.73
22.1401  0.74
22.1501  0.7
22.1601  0.81
22.1701  0.65
22.1801  0.77
22.1901  0.76
22.2001  0.73
22.2101  0.73
22.2201  0.78
22.2301  0.7
22.2401  0.79
22.2501  0.67
22.2601  0.83
22.2701  0.72
22.2801  0.76
22.2901  0.74
22.3001  0.72
22.3101  0.72
22.3201  0.7
22.3301  0.77
22.3401  0.72
22.3501  0.78
22.3601  0.74
22.3701  0.76
22.3801  0.71
22.3901  0.74
22.4001  0.74
22.4101  0.75
22.4201  0.72
22.4301  0.74
22.4401  0.73
22.4501  0.79
22.4601  0.72
22.4701  0.7
22.4801  0.74
22.4901  0.75
22.5001  0.72
22.5101  0.76
22.5201  0.78
22.5301  0.71
22.5401  0.77
22.5501  0.81
22.5601  0.64
22.5701  0.77
22.5801  0.7
22.5901  0.79
22.6001  0.73
22.6101  0.75
22.6201  0.76
22.6301  0.71
22.6401  0.78
22.6501  0.72
22.6601  0.71
22.6701  0.73
22.6801  0.73
22.6901  0.75
22.7001  0.77
22.7101  0.71
22.7201  0.77
22.7301  0.7
22.7401  0.78
22.7501  0.77
22.7601  0.71
22.7701  0.75
22.7801  0.72
22.7901  0.7
22.8001  0.78
22.8101  0.7
22.8201  0.82
22.8301  0.68
22.8401  0.7
22.8501  0.75
22.8601  0.79
22.8701  0.75
22.8801  0.72
22.8901  0.73
22.9001  0.73
22.9101  0.78
22.9201  0.7
22.9301  0.67
22.9401  0.83
22.9501  0.74
22.9601  0.74
22.9701  0.74
22.9801  0.74
22.9901  0.77
23.0001  0.75
23.0101  0.79
23.0201  0.69
23.0301  0.71
23.0401  0.74
23.0501  0.69
23.0601  0.72
23.0701  0.79
23.0801  0.8
23.0901  0.73
23.1001  0.76
23.1101  0.73
23.1201  0.72
23.1301  0.77
23.1401  0.71
23.1501  0.7
23.1601  0.71
23.1701  0.77
23.1801  0.76
23.1901  0.7
23.2001  0.75
23.2101  0.76
23.2201  0.77
23.2301  0.69
23.2401  0.75
23.2501  0.7
23.2601  0.77
23.2701  0.74
23.2801  0.78
23.2901  0.75
23.3001  0.76
23.3101  0.69
23.3201  0.72
23.3301  0.74
23.3401  0.8
23.3501  0.76
23.3601  0.78
23.3701  0.71
23.3801  0.7
23.3901  0.73
23.4001  0.78
23.4101  0.78
23.4201  0.68
23.4301  0.78
23.4401  0.68
23.4501  0.81
23.4601  0.72
23.4701  0.67
23.4801  0.78
23.4901  0.73
23.5001  0.71
23.5101  0.77
23.5201  0.73
23.5301  0.71
23.5401  0.71
23.5501  0.81
23.5601  0.73
23.5701  0.76
23.5801  0.67
23.5901  0.8
23.6001  0.74
23.6101  0.78
23.6201  0.74
23.6301  0.74
23.6401  0.73
23.6501  0.74
23.6601  0.72
23.6701  0.76
23.6801  0.76
23.6901  0.71
23.7001  0.78
23.7101  0.68
23.7201  0.77
23.7301  0.75
23.7401  0.77
23.7501  0.72
23.7601  0.73
23.7701  0.72
23.7801  0.77
23.7901  0.74
23.8001  0.77
23.8101  0.72
23.8201  0.74
23.8301  0.81
23.8401  0.66
23.8501  0.69
23.8601  0.71
23.8701  0.78
23.8801  0.78
23.8901  0.71
23.9001  0.71
23.9101  0.72
23.9201  0.73
23.9301  0.83
23.9401  0.81
23.9501  0.74
23.9601  0.72
23.9701  0.71
23.9801  0.75
23.9901  0.77
24.0001  0.71
24.0101  0.72
24.0201  0.68
24.0301  0.79
24.0401  0.75
24.0501  0.76
24.0601  0.72
24.0701  0.71
24.0801  0.72
24.0901  0.73
24.1001  0.77
24.1101  0.83
24.1201  0.78
24.1301  0.72
24.1401  0.73
24.1501  0.75
24.1601  0.71
24.1701  0.76
24.1801  0.66
24.1901  0.82
24.2001  0.7
24.2101  0.79
24.2201  0.72
24.2301  0.69
24.2401  0.78
24.2501  0.7
24.2601  0.79
24.2701  0.71
24.2801  0.77
24.2901  0.74
24.3001  0.74
24.3101  0.7
24.3201  0.72
24.3301  0.67
24.3401  0.82
24.3501  0.74
24.3601  0.79
24.3701  0.75
24.3801  0.67
24.3901  0.78
24.4001  0.74
24.4101  0.7
24.4201  0.71
24.4301  0.73
24.4401  0.81
24.4501  0.78
24.4601  0.77
24.4701  0.7
24.4801  0.79
24.4901  0.69
24.5001  0.74
24.5101  0.77
24.5201  0.74
24.5301  0.72
24.5401  0.78
24.5501  0.71
24.5601  0.71
24.5701  0.77
24.5801  0.73
24.5901  0.76
24.6001  0.71
24.6101  0.75
24.6201  0.77
24.6301  0.7
24.6401  0.76
24.6501  0.69
24.6601  0.78
24.6701  0.79
24.6801  0.66
24.6901  0.73
24.7001  0.7
24.7101  0.81
24.7201  0.67
24.7301  0.81
24.7401  0.72
24.7501  0.75
24.7601  0.7
24.7701  0.78
24.7801  0.72
24.7901  0.77
24.8001  0.72
24.8101  0.75
24.8201  0.8
24.8301  0.7
24.8401  0.77
24.8501  0.73
24.8601  0.76
24.8701  0.74
24.8801  0.72
24.8901  0.7
24.9001  0.79
24.9101  0.7
24.9201  0.76
24.9301  0.75
24.9401  0.75
24.9501  0.7
24.9601  0.78
24.9701  0.69
24.9801  0.76
24.9901  0.81
25.0001  0.72
25.0101  0.64
25.0201  0.75
25.0301  0.77
25.0401  0.72
25.0501  0.76
25.0601  0.75
25.0701  0.77
25.0801  0.75
25.0901  0.68
25.1001  0.75
25.1101  0.69
25.1201  0.77
25.1301  0.75
25.1401  0.78
25.1501  0.74
25.1601  0.76
25.1701  0.7
25.1801  0.77
25.1901  0.73
25.2001  0.71
25.2101  0.75
25.2201  0.74
25.2301  0.72
25.2401  0.77
25.2501  0.75
25.2601  0.73
25.2701  0.79
25.2801  0.7
25.2901  0.78
25.3001  0.79
25.3101  0.67
25.3201  0.73
25.3301  0.7
25.3401  0.78
25.3501  0.79
25.3601  0.7
25.3701  0.73
25.3801  0.67
25.3901  0.81
25.4001  0.75
25.4101  0.71
25.4201  0.67
25.4301  0.76
25.4401  0.76
25.4501  0.74
25.4601  0.74
25.4701  0.77
25.4801  0.76
25.4901  0.75
25.5001  0.73
25.5101  0.74
25.5201  0.81
25.5301  0.73
25.5401  0.68
25.5501  0.75
25.5601  0.73
25.5701  0.71
25.5801  0.74
25.5901  0.75
25.6001  0.7
25.6101  0.81
25.6201  0.75
25.6301  0.78
25.6401  0.69
25.6501  0.72
25.6601  0.67
25.6701  0.82
25.6801  0.73
25.6901  0.7
25.7001  0.76
25.7101  0.72
25.7201  0.76
25.7301  0.78
25.7401  0.67
25.7501  0.82
25.7601  0.73
25.7701  0.79
25.7801  0.67
25.7901  0.72
25.8001  0.8
25.8101  0.73
25.8201  0.75
25.8301  0.72
25.8401  0.73
25.8501  0.73
25.8601  0.7
25.8701  0.83
25.8801  0.75
25.8901  0.64
25.9001  0.74
25.9101  0.76
25.9201  0.7
25.9301  0.81
25.9401  0.68
25.9501  0.77
25.9601  0.69
25.9701  0.79
25.9801  0.79
25.9901  0.78
26.0001  0.75
26.0101  0.74
26.0201  0.7
26.0301  0.75
26.0401  0.73
26.0501  0.8
26.0601  0.72
26.0701  0.73
26.0801  0.79
26.0901  0.7
26.1001  0.69
26.1101  0.75
26.1201  0.69
26.1301  0.76
26.1401  0.79
26.1501  0.77
26.1601  0.69
26.1701  0.67
26.1801  0.77
26.1901  0.71
26.2001  0.77
26.2101  0.79
26.2201  0.73
26.2301  0.74
26.2401  0.74
26.2501  0.74
26.2601  0.7
26.2701  0.79
26.2801  0.74
26.2901  0.7
26.3001  0.75
26.3101  0.75
26.3201  0.69
26.3301  0.79
26.3401  0.77
26.3501  0.73
26.3601  0.79
26.3701  0.72
26.3801  0.73
26.3901  0.79
26.4001  0.72
26.4101  0.77
26.4201  0.68
26.4301  0.72
26.4401  0.73
26.4501  0.75
26.4601  0.86
26.4701  0.65
26.4801  0.75
26.4901  0.77
26.5001  0.74
26.5101  0.66
26.5201  0.76
26.5301  0.75
26.5401  0.74
26.5501  0.73
26.5601  0.69
26.5701  0.77
26.5801  0.78
26.5901  0.71
26.6001  0.75
26.6101  0.76
26.6201  0.71
26.6301  0.76
26.6401  0.69
26.6501  0.79
26.6601  0.68
26.6701  0.83
26.6801  0.72
26.6901  0.75
26.7001  0.74
26.7101  0.73
26.7201  0.75
26.7301  0.76
26.7401  0.74
26.7501  0.73
26.7601  0.78
26.7701  0.75
26.7801  0.71
26.7901  0.78
26.8001  0.69
26.8101  0.74
26.8201  0.72
26.8301  0.74
26.8401  0.74
26.8501  0.73
26.8601  0.71
26.8701  0.79
26.8801  0.69
26.8901  0.74
26.9001  0.71
26.9101  0.77
26.9201  0.78
26.9301  0.77
26.9401  0.75
26.9501  0.75
26.9601  0.73
26.9701  0.74
26.9801  0.72
26.9901  0.77
27.0001  0.73
27.0101  0.66
27.0201  0.8
27.0301  0.7
27.0401  0.78
27.0501  0.73
27.0601  0.67
27.0701  0.75
27.0801  0.79
27.0901  0.78
27.1001  0.71
27.1101  0.73
27.1201  0.74
27.1301  0.76
27.1401  0.77
27.1501  0.72
27.1601  0.79
27.1701  0.72
27.1801  0.69
27.1901  0.75
27.2001  0.75
27.2101  0.78
27.2201  0.72
27.2301  0.71
27.2401  0.77
27.2501  0.7
27.2601  0.78
27.2701  0.72
27.2801  0.75
27.2901  0.71
27.3001  0.77
27.3101  0.77
27.3201  0.72
27.3301  0.71
27.3401  0.7
27.3501  0.76
27.3601  0.73
27.3701  0.73
27.3801  0.74
27.3901  0.75
27.4001  0.74
27.4101  0.75
27.4201  0.78
27.4301  0.69
27.4401  0.77
27.4501  0.76
27.4601  0.71
27.4701  0.74
27.4801  0.81
27.4901  0.79
27.5001  0.73
27.5101  0.68
27.5201  0.72
27.5301  0.72
27.5401  0.76
27.5501  0.74
27.5601  0.75
27.5701  0.69
27.5801  0.8
27.5901  0.67
27.6001  0.78
27.6101  0.75
27.6201  0.77
27.6301  0.79
27.6401  0.71
27.6501  0.68
27.6601  0.78
27.6701  0.76
27.6801  0.72
27.6901  0.73
27.7001  0.74
27.7101  0.78
27.7201  0.69
27.7301  0.71
27.7401  0.78
27.7501  0.68
27.7601  0.71
27.7701  0.75
27.7801  0.81
27.7901  0.7
27.8001  0.77
27.8101  0.74
27.8201  0.73
27.8301  0.73
27.8401  0.72
27.8501  0.76
27.8601  0.77
27.8701  0.76
27.8801  0.77
27.8901  0.73
27.9001  0.68
27.9101  0.72
27.9201  0.81
27.9301  0.79
27.9401  0.74
27.9501  0.68
27.9601  0.78
27.9701  0.75
27.9801  0.75
27.9901  0.69
28.0001  0.78
28.0101  0.7
28.0201  0.71
28.0301  0.75
28.0401  0.71
28.0501  0.73
28.0601  0.78
28.0701  0.79
28.0801  0.68
28.0901  0.77
28.1001  0.69
28.1101  0.74
28.1201  0.76
28.1301  0.75
28.1401  0.72
28.1501  0.77
28.1601  0.7
28.1701  0.8
28.1801  0.75
28.1901  0.71
28.2001  0.76
28.2101  0.74
28.2201  0.75
28.2301  0.69
28.2401  0.74
28.2501  0.74
28.2601  0.75
28.2701  0.74
28.2801  0.74
28.2901  0.83
28.3001  0.69
28.3101  0.76
28.3201  0.77
28.3301  0.73
28.3401  0.79
28.3501  0.68
28.3601  0.78
28.3701  0.65
28.3801  0.82
28.3901  0.75
28.4001  0.68
28.4101  0.73
28.4201  0.72
28.4301  0.7
28.4401  0.75
28.4501  0.77
28.4601  0.71
28.4701  0.74
28.4801  0.75
28.4901  0.8
28.5001  0.71
28.5101  0.81
28.5201  0.71
28.5301  0.73
28.5401  0.72
28.5501  0.75
28.5601  0.75
28.5701  0.8
28.5801  0.72
28.5901  0.71
28.6001  0.81
28.6101  0.68
28.6201  0.7
28.6301  0.72
28.6401  0.75
28.6501  0.76
28.6601  0.74
28.6701  0.71
28.6801  0.74
28.6901  0.85
28.7001  0.72
28.7101  0.73
28.7201  0.69
28.7301  0.78
28.7401  0.73
28.7501  0.76
28.7601  0.7
28.7701  0.77
28.7801  0.68
28.7901  0.75
28.8001  0.78
28.8101  0.78
28.8201  0.71
28.8301  0.8
28.8401  0.72
28.8501  0.71
28.8601  0.75
28.8701  0.71
28.8801  0.73
28.8901  0.75
28.9001  0.75
28.9101  0.74
28.9201  0.72
28.9301  0.73
28.9401  0.82
28.9501  0.7
28.9601  0.68
28.9701  0.77
28.9801  0.8
28.9901  0.72
29.0001  0.72
29.0101  0.73
29.0201  0.75
29.0301  0.75
29.0401  0.78
29.0501  0.71
29.0601  0.79
29.0701  0.73
29.0801  0.73
29.0901  0.75
29.1001  0.74
29.1101  0.73
29.1201  0.74
29.1301  0.75
29.1401  0.69
29.1501  0.76
29.1601  0.78
29.1701  0.74
29.1801  0.73
29.1901  0.7
29.2001  0.76
29.2101  0.75
29.2201  0.68
29.2301  0.81
29.2401  0.71
29.2501  0.71
29.2601  0.72
29.2701  0.78
29.2801  0.76
29.2901  0.72
29.3001  0.76
29.3101  0.74
29.3201  0.79
29.3301  0.69
29.3401  0.7
29.3501  0.81
29.3601  0.66
29.3701  0.78
29.3801  0.76
29.3901  0.76
29.4001  0.69
29.4101  0.77
29.4201  0.66
29.4301  0.81
29.4401  0.77
29.4501  0.74
29.4601  0.77
29.4701  0.66
29.4801  0.72
29.4901  0.78
29.5001  0.8
29.5101  0.74
29.5201  0.72
29.5301  0.73
29.5401  0.79
29.5501  0.75
29.5601  0.73
29.5701  0.7
29.5801  0.76
29.5901  0.7
29.6001  0.74
29.6101  0.74
29.6201  0.73
29.6301  0.72
29.6401  0.71
29.6501  0.76
29.6601  0.77
29.6701  0.74
29.6801  0.74
29.6901  0.69
29.7001  0.77
29.7101  0.75
29.7201  0.74
29.7301  0.71
29.7401  0.7
29.7501  0.78
29.7601  0.78
29.7701  0.85
29.7801  0.68
29.7901  0.74
29.8001  0.75
29.8101  0.72
29.8201  0.72
29.8301  0.75
29.8401  0.75
29.8501  0.71
29.8601  0.75
29.8701  0.72
29.8801  0.73
29.8901  0.8
29.9001  0.7
29.9101  0.81
29.9201  0.74
29.9301  0.71
29.9401  0.74
29.9501  0.78
29.9601  0.7
29.9701  0.69
29.9801  0.79
29.9901  0.68
30.0001  0.79
30.0101  0.72
30.0201  0.77
30.0301  0.71
30.0401  0.72
30.0501  0.73
30.0601  0.8
30.0701  0.68
30.0801  0.73
30.0901  0.81
30.1001  0.71
30.1101  0.76
30.1201  0.8
30.1301  0.73
30.1401  0.67
30.1501  0.71
30.1601  0.75
30.1701  0.73
30.1801  0.73
30.1901  0.73
30.2001  0.77
30.2101  0.74
30.2201  0.75
30.2301  0.79
30.2401  0.73
30.2501  0.73
30.2601  0.81
30.2701  0.75
30.2801  0.67
30.2901  0.77
30.3001  0.75
30.3101  0.74
30.3201  0.77
30.3301  0.69
30.3401  0.63
30.3501  0.82
30.3601  0.72
30.3701  0.77
30.3801  0.68
30.3901  0.75
30.4001  0.74
30.4101  0.76
30.4201  0.79
30.4301  0.67
30.4401  0.73
30.4501  0.78
30.4601  0.76
30.4701  0.71
30.4801  0.75
30.4901  0.79
30.5001  0.69
30.5101  0.81
30.5201  0.64
30.5301  0.81
30.5401  0.75
30.5501  0.72
30.5601  0.77
30.5701  0.69
30.5801  0.74
30.5901  0.67
30.6001  0.72
30.6101  0.82
30.6201  0.78
30.6301  0.65
30.6401  0.86
30.6501  0.73
30.6601  0.72
30.6701  0.74
30.6801  0.7
30.6901  0.73
30.7001  0.74
30.7101  0.74
30.7201  0.79
30.7301  0.73
30.7401  0.72
30.7501  0.81
30.7601  0.75
30.7701  0.75
30.7801  0.67
30.7901  0.76
30.8001  0.74
30.8101  0.77
30.8201  0.7
30.8301  0.72
30.8401  0.8
30.8501  0.71
30.8601  0.73
30.8701  0.72
30.8801  0.75
30.8901  0.67
30.9001  0.71
30.9101  0.78
30.9201  0.75
30.9301  0.75
30.9401  0.77
30.9501  0.74
30.9601  0.7
30.9701  0.76
30.9801  0.73
30.9901  0.77
31.0001  0.78
31.0101  0.7
31.0201  0.74
31.0301  0.77
31.0401  0.81
31.0501  0.73
31.0601  0.72
31.0701  0.76
31.0801  0.73
31.0901  0.71
31.1001  0.75
31.1101  0.72
31.1201  0.78
31.1301  0.68
31.1401  0.75
31.1501  0.73
31.1601  0.73
31.1701  0.79
31.1801  0.71
31.1901  0.71
31.2001  0.81
31.2101  0.7
31.2201  0.69
31.2301  0.78
31.2401  0.74
31.2501  0.77
31.2601  0.71
31.2701  0.76
31.2801  0.79
31.2901  0.73
31.3001  0.7
31.3101  0.71
31.3201  0.79
31.3301  0.69
31.3401  0.75
31.3501  0.71
31.3601  0.74
31.3701  0.69
31.3801  0.85
31.3901  0.74
31.4001  0.76
31.4101  0.7
31.4201  0.77
31.4301  0.77
31.4401  0.75
31.4501  0.77
31.4601  0.68
31.4701  0.73
31.4801  0.76
31.4901  0.72
31.5001  0.81
31.5101  0.73
31.5201  0.73
31.5301  0.72
31.5401  0.72
31.5501  0.73
31.5601  0.74
31.5701  0.76
31.5801  0.69
31.5901  0.76
31.6001  0.75
31.6101  0.76
31.6201  0.74
31.6301  0.78
31.6401  0.68
31.6501  0.69
31.6601  0.75
31.6701  0.78
31.6801  0.75
31.6901  0.75
31.7001  0.73
31.7101  0.74
31.7201  0.74
31.7301  0.76
31.7401  0.73
31.7501  0.75
31.7601  0.72
31.7701  0.75
31.7801  0.75
31.7901  0.75
31.8001  0.72
31.8101  0.8
31.8201  0.66
31.8301  0.76
31.8401  0.78
31.8501  0.76
31.8601  0.74
31.8701  0.73
31.8801  0.69
31.8901  0.77
31.9001  0.73
31.9101  0.74
31.9201  0.79
31.9301  0.71
31.9401  0.73
31.9501  0.74
31.9601  0.75
31.9701  0.72
31.9801  0.75
31.9901  0.79
32.0001  0.72
32.0101  0.72
32.0201  0.71
32.0301  0.69
32.0401  0.79
32.0501  0.73
32.0601  0.76
32.0701  0.77
32.0801  0.66
32.0901  0.76
32.1001  0.77
32.1101  0.75
32.1201  0.74
32.1301  0.73
32.1401  0.76
32.1501  0.76
32.1601  0.76
32.1701  0.73
32.1801  0.75
32.1901  0.74
32.2001  0.65
32.2101  0.79
32.2201  0.77
32.2301  0.7
32.2401  0.77
32.2501  0.71
32.2601  0.75
32.2701  0.73
32.2801  0.76
32.2901  0.75
32.3001  0.76
32.3101  0.8
32.3201  0.67
32.3301  0.76
32.3401  0.69
32.3501  0.67
32.3601  0.78
32.3701  0.76
32.3801  0.73
32.3901  0.84
32.4001  0.71
32.4101  0.76
32.4201  0.68
32.4301  0.76
32.4401  0.73
32.4501  0.7
32.4601  0.73
32.4701  0.76
32.4801  0.75
32.4901  0.77
32.5001  0.77
32.5101  0.68
32.5201  0.75
32.5301  0.74
32.5401  0.7
32.5501  0.75
32.5601  0.71
32.5701  0.78
32.5801  0.74
32.5901  0.78
32.6001  0.73
32.6101  0.76
32.6201  0.74
32.6301  0.7
32.6401  0.79
32.6501  0.73
32.6601  0.76
32.6701  0.71
32.6801  0.76
32.6901  0.74
32.7001  0.76
32.7101  0.67
32.7201  0.79
32.7301  0.74
32.7401  0.76
32.7501  0.74
32.7601  0.7
32.7701  0.7
32.7801  0.77
32.7901  0.71
32.8001  0.75
32.8101  0.8
32.8201  0.72
32.8301  0.68
32.8401  0.75
32.8501  0.73
32.8601  0.77
32.8701  0.73
32.8801  0.72
32.8901  0.82
32.9001  0.66
32.9101  0.73
32.9201  0.79
32.9301  0.72
32.9401  0.74
32.9501  0.73
32.9601  0.72
32.9701  0.77
32.9801  0.74
32.9901  0.71
33.0001  0.78
33.0101  0.76
33.0201  0.81
33.0301  0.78
33.0401  0.71
33.0501  0.75
33.0601  0.71
33.0701  0.67
33.0801  0.8
33.0901  0.7
33.1001  0.73
33.1101  0.71
33.1201  0.73
33.1301  0.78
33.1401  0.75
33.1501  0.76
33.1601  0.68
33.1701  0.7
33.1801  0.81
33.1901  0.75
33.2001  0.75
33.2101  0.71
33.2201  0.79
33.2301  0.7
33.2401  0.68
33.2501  0.78
33.2601  0.7
33.2701  0.76
33.2801  0.75
33.2901  0.78
33.3001  0.73
33.3101  0.68
33.3201  0.79
33.3301  0.73
33.3401  0.79
33.3501  0.75
33.3601  0.72
33.3701  0.73
33.3801  0.76
33.3901  0.77
33.4001  0.71
33.4101  0.71
33.4201  0.78
33.4301  0.77
33.4401  0.76
33.4501  0.74
33.4601  0.66
33.4701  0.75
33.4801  0.74
33.4901  0.68
33.5001  0.79
33.5101  0.75
33.5201  0.76
33.5301  0.66
33.5401  0.75
33.5501  0.8
33.5601  0.68
33.5701  0.76
33.5801  0.8
33.5901  0.69
33.6001  0.74
33.6101  0.73
33.6201  0.83
33.6301  0.72
33.6401  0.73
33.6501  0.71
33.6601  0.73
33.6701  0.8
33.6801  0.71
33.6901  0.75
33.7001  0.74
33.7101  0.72
33.7201  0.7
33.7301  0.71
33.7401  0.82
33.7501  0.75
33.7601  0.7
33.7701  0.8
33.7801  0.68
33.7901  0.78
33.8001  0.71
33.8101  0.75
33.8201  0.76
33.8301  0.71
33.8401  0.74
33.8501  0.78
33.8601  0.76
33.8701  0.72
33.8801  0.73
33.8901  0.77
33.9001  0.79
33.9101  0.71
33.9201  0.73
33.9301  0.76
33.9401  0.77
33.9501  0.74
33.9601  0.68
33.9701  0.79
33.9801  0.71
33.9901  0.71
34.0001  0.72
34.0101  0.72
34.0201  0.76
34.0301  0.73
34.0401  0.69
34.0501  0.75
34.0601  0.8
34.0701  0.69
34.0801  0.81
34.0901  0.77
34.1001  0.71
34.1101  0.68
34.1201  0.79
34.1301  0.75
34.1401  0.76
34.1501  0.73
34.1601  0.72
34.1701  0.79
34.1801  0.72
34.1901  0.73
34.2001  0.67
34.2101  0.79
34.2201  0.72
34.2301  0.76
34.2401  0.79
34.2501  0.75
34.2601  0.74
34.2701  0.73
34.2801  0.79
34.2901  0.68
34.3001  0.76
34.3101  0.72
34.3201  0.75
34.3301  0.76
34.3401  0.69
34.3501  0.69
34.3601  0.79
34.3701  0.75
34.3801  0.79
34.3901  0.69
34.4001  0.7
34.4101  0.8
34.4201  0.75
34.4301  0.74
34.4401  0.74
34.4501  0.76
34.4601  0.71
34.4701  0.74
34.4801  0.71
34.4901  0.8
34.5  0.69
34.51  0.76
34.52  0.71
34.53  0.77
34.54  0.74
34.55  0.76
34.56  0.71
34.57  0.68
34.58  0.8
34.59  0.71
34.6  0.77
34.61  0.71
34.62  0.77
34.63  0.73
34.64  0.76
34.65  0.77
34.66  0.81
34.67  0.77
34.68  0.72
34.69  0.69
34.7  0.76
34.71  0.74
34.72  0.7
34.73  0.74
34.74  0.7
34.75  0.74
34.76  0.71
34.77  0.76
34.78  0.8
34.79  0.71
34.8  0.73
34.81  0.7
34.82  0.79
34.83  0.71
34.84  0.73
34.85  0.73
34.86  0.83
34.87  0.71
34.88  0.71
34.89  0.73
34.9  0.76
34.91  0.73
34.92  0.86
34.93  0.63
34.94  0.76
34.95  0.73
34.96  0.73
34.97  0.78
34.98  0.73
34.99  0.76
35  0.72
35.01  0.72
35.02  0.75
35.03  0.72
35.04  0.79
35.05  0.72
35.06  0.71
35.07  0.77
35.08  0.68
35.09  0.82
35.1  0.73
35.11  0.76
35.12  0.71
35.13  0.73
35.14  0.69
35.15  0.82
35.16  0.74
35.17  0.77
35.18  0.67
35.19  0.68
35.2  0.79
35.21  0.74
35.22  0.72
35.23  0.7
35.24  0.82
35.25  0.73
35.26  0.72
35.27  0.75
35.28  0.8
35.29  0.72
35.3  0.74
35.31  0.79
35.32  0.7
35.33  0.69
35.34  0.75
35.35  0.75
35.36  0.68
35.37  0.75
35.38  0.76
35.39  0.76
35.4  0.79
35.41  0.72
35.42  0.81
35.43  0.72
35.44  0.7
35.45  0.77
35.46  0.69
35.47  0.74
35.48  0.72
35.49  0.74
35.5  0.75
35.51  0.74
35.52  0.74
35.53  0.75
35.54  0.75
35.55  0.67
35.56  0.8
35.57  0.78
35.58  0.68
35.59  0.73
35.6  0.77
35.61  0.72
35.62  0.78
35.63  0.76
35.64  0.75
35.65  0.71
35.66  0.71
35.67  0.79
35.68  0.69
35.69  0.75
35.7  0.73
35.71  0.73
35.72  0.77
35.73  0.69
35.74  0.82
35.75  0.71
35.76  0.77
35.77  0.66
35.78  0.7
35.79  0.8
35.8  0.71
35.81  0.75
35.82  0.72
35.83  0.79
35.84  0.79
35.85  0.75
35.86  0.71
35.87  0.75
35.88  0.76
35.89  0.73
35.9  0.78
35.91  0.73
35.92  0.75
35.93  0.71
35.94  0.73
35.95  0.7
35.96  0.77
35.97  0.76
35.98  0.71
35.99  0.74
36  0.72
36.01  0.7
36.02  0.79
36.03  0.75
36.04  0.77
36.05  0.69
36.06  0.74
36.07  0.73
36.08  0.74
36.09  0.81
36.1  0.64
36.11  0.71
36.12  0.76
36.13  0.77
36.14  0.78
36.15  0.76
36.16  0.74
36.17  0.75
36.18  0.75
36.19  0.7
36.2  0.76
36.21  0.78
36.22  0.71
36.23  0.77
36.24  0.73
36.25  0.7
36.26  0.8
36.27  0.73
36.28  0.74
36.29  0.71
36.3  0.78
36.31  0.69
36.32  0.76
36.33  0.75
36.34  0.73
36.35  0.74
36.36  0.74
36.37  0.72
36.38  0.73
36.39  0.73
36.4  0.7
36.41  0.81
36.42  0.7
36.43  0.76
36.44  0.74
36.45  0.71
36.46  0.78
36.47  0.76
36.48  0.73
36.49  0.7
36.5  0.72
36.51  0.78
36.52  0.75
36.53  0.85
36.54  0.65
36.55  0.71
36.56  0.72
36.57  0.76
36.58  0.76
36.59  0.7
36.6  0.76
36.61  0.76
36.62  0.76
36.63  0.76
36.64  0.71
36.65  0.71
36.66  0.77
36.67  0.76
36.68  0.76
36.69  0.71
36.7  0.77
36.71  0.71
36.72  0.75
36.73  0.71
36.74  0.79
36.75  0.75
36.76  0.68
36.77  0.82
36.78  0.72
36.79  0.71
36.8  0.74
36.81  0.73
36.82  0.74
36.83  0.71
36.84  0.74
36.85  0.75
36.86  0.69
36.87  0.78
36.88  0.74
36.89  0.68
36.9  0.85
36.91  0.73
36.92  0.76
36.93  0.75
36.94  0.71
36.95  0.73
36.96  0.77
36.97  0.71
36.98  0.7
36.99  0.78
37  0.75
37.01  0.76
37.02  0.75
37.03  0.7
37.04  0.76
37.05  0.73
37.06  0.76
37.07  0.71
37.08  0.82
37.09  0.72
37.1  0.69
37.11  0.75
37.12  0.75
37.13  0.75
37.14  0.75
37.15  0.73
37.16  0.7
37.17  0.7
37.18  0.83
37.19  0.71
37.2  0.71
37.21  0.71
37.22  0.79
37.23  0.77
37.24  0.68
37.25  0.75
37.26  0.75
37.27  0.83
37.28  0.75
37.29  0.65
37.3  0.77
37.31  0.73
37.32  0.69
37.33  0.85
37.34  0.74
37.35  0.72
37.36  0.69
37.37  0.78
37.38  0.7
37.39  0.73
37.4  0.76
37.41  0.77
37.42  0.74
37.43  0.7
37.44  0.77
37.45  0.7
37.46  0.8
37.47  0.76
37.48  0.73
37.49  0.75
37.5  0.71
37.51  0.71
37.52  0.75
37.53  0.77
37.54  0.73
37.55  0.73
37.56  0.74
37.57  0.72
37.58  0.81
37.59  0.78
37.6  0.69
37.61  0.76
37.62  0.75
37.63  0.68
37.64  0.77
37.65  0.75
37.66  0.74
37.67  0.74
37.68  0.72
37.69  0.72
37.7  0.74
37.71  0.7
37.72  0.83
37.73  0.7
37.74  0.74
37.75  0.76
37.76  0.7
37.77  0.78
37.78  0.67
37.79  0.67
37.8  0.83
37.81  0.76
37.82  0.79
37.83  0.72
37.84  0.7
37.85  0.8
37.86  0.72
37.87  0.75
37.88  0.73
37.89  0.75
37.9  0.78
37.91  0.78
37.92  0.77
37.93  0.71
37.94  0.7
37.95  0.72
37.96  0.75
37.97  0.7
37.98  0.8
37.99  0.72
38  0.65
38.01  0.75
38.02  0.84
38.03  0.68
38.04  0.77
38.05  0.71
38.06  0.69
38.07  0.76
38.08  0.75
38.09  0.79
38.1  0.77
38.11  0.69
38.12  0.74
38.13  0.78
38.14  0.68
38.15  0.76
38.16  0.75
38.17  0.7
38.18  0.74
38.19  0.76
38.2  0.76
38.21  0.76
38.22  0.76
38.23  0.69
38.24  0.78
38.25  0.77
38.26  0.73
38.27  0.78
38.28  0.71
38.29  0.72
38.3  0.73
38.31  0.78
38.32  0.73
38.33  0.68
38.34  0.75
38.35  0.8
38.36  0.71
38.37  0.76
38.38  0.67
38.39  0.79
38.4  0.75
38.41  0.72
38.42  0.73
38.43  0.77
38.44  0.75
38.45  0.74
38.46  0.67
38.47  0.75
38.48  0.72
38.49  0.74
38.5  0.69
38.51  0.87
38.52  0.77
38.53  0.66
38.54  0.72
38.55  0.75
38.56  0.68
38.57  0.83
38.58  0.72
38.59  0.73
38.6  0.78
38.61  0.7
38.62  0.8
38.63  0.73
38.64  0.73
38.65  0.8
38.66  0.67
38.67  0.73
38.68  0.76
38.69  0.71
38.7  0.72
38.71  0.81
38.72  0.74
38.73  0.74
38.74  0.73
38.75  0.71
38.76  0.77
38.77  0.72
38.78  0.78
38.79  0.75
38.8  0.73
38.81  0.75
38.82  0.72
38.83  0.66
38.84  0.82
38.85  0.74
38.86  0.71
38.87  0.73
38.88  0.73
38.89  0.72
38.9  0.81
38.91  0.75
38.92  0.73
38.93  0.74
38.94  0.75
38.95  0.69
38.96  0.74
38.97  0.74
38.98  0.74
38.99  0.79
39  0.7
39.01  0.78
39.02  0.7
39.03  0.71
39.04  0.72
39.05  0.7
39.06  0.79
39.07  0.75
39.08  0.78
39.09  0.77
39.1  0.72
39.11  0.69
39.12  0.82
39.13  0.69
39.14  0.74
39.15  0.85
39.16  0.74
39.17  0.73
39.18  0.74
39.19  0.71
39.2  0.72
39.21  0.65
39.22  0.79
39.23  0.78
39.24  0.67
39.25  0.75
39.26  0.8
39.27  0.68
39.28  0.79
39.29  0.65
39.3  0.79
39.31  0.71
39.32  0.79
39.33  0.73
39.34  0.76
39.35  0.74
39.36  0.7
39.37  0.79
39.38  0.76
39.39  0.73
39.4  0.7
39.41  0.78
39.42  0.73
39.43  0.69
39.44  0.8
39.45  0.68
39.46  0.75
39.47  0.75
39.48  0.7
39.49  0.78
39.5  0.78
39.51  0.76
39.52  0.73
39.53  0.78
39.54  0.68
39.55  0.74
39.56  0.75
39.57  0.77
39.58  0.7
39.59  0.75
39.6  0.71
39.61  0.75
39.62  0.84
39.63  0.72
39.64  0.72
39.65  0.73
39.66  0.73
39.67  0.72
39.68  0.78
39.69  0.7
39.7  0.79
39.71  0.73
39.72  0.79
39.73  0.62
39.74  0.75
39.75  0.75
39.76  0.75
39.77  0.71
39.78  0.78
39.79  0.71
39.8  0.75
39.81  0.81
39.82  0.7
39.83  0.7
39.84  0.75
39.85  0.72
39.86  0.74
39.87  0.73
39.88  0.77
39.89  0.71
39.9  0.77
39.91  0.8
39.92  0.76
39.93  0.77
39.94  0.7
39.95  0.73
39.96  0.73
39.97  0.76
39.98  0.73
39.99  0.74
40  0.76
40.01  0.72
40.02  0.76
40.03  0.71
40.04  0.77
40.05  0.73
40.06  0.72
40.07  0.74
40.08  0.73
40.09  0.75
40.1  0.78
40.11  0.69
40.12  0.76
40.13  0.69
40.14  0.77
40.15  0.7
40.16  0.8
40.17  0.7
40.18  0.72
40.19  0.71
40.2  0.79
40.21  0.69
40.22  0.84
40.23  0.7
40.24  0.78
40.25  0.75
40.26  0.76
40.27  0.79
40.28  0.73
40.29  0.73
40.3  0.77
40.31  0.64
40.32  0.77
40.33  0.71
40.34  0.7
40.35  0.8
40.36  0.68
40.37  0.76
40.38  0.76
40.39  0.74
40.4  0.73
40.41  0.74
40.42  0.78
40.43  0.75
40.44  0.75
40.45  0.74
40.46  0.72
40.47  0.72
40.48  0.69
40.49  0.77
40.5  0.75
40.51  0.72
40.52  0.7
40.53  0.79
40.54  0.79
40.55  0.76
40.56  0.7
40.57  0.73
40.58  0.76
40.59  0.72
40.6  0.7
40.61  0.77
40.62  0.77
40.63  0.72
40.64  0.75
40.65  0.73
40.66  0.7
40.67  0.78
40.68  0.81
40.69  0.72
40.7  0.69
40.71  0.77
40.72  0.74
40.73  0.8
40.74  0.68
40.75  0.69
40.76  0.76
40.77  0.79
40.78  0.7
40.79  0.78
40.8  0.72
40.81  0.76
40.82  0.68
40.83  0.82
40.84  0.69
40.85  0.8
40.86  0.69
40.87  0.77
40.88  0.76
40.89  0.67
40.9  0.78
40.91  0.72
40.92  0.74
40.93  0.75
40.94  0.76
40.95  0.73
40.96  0.76
40.97  0.73
40.98  0.72
40.99  0.7
41  0.78
41.01  0.77
41.02  0.65
41.03  0.8
41.04  0.74
41.05  0.73
41.06  0.79
41.07  0.73
41.08  0.77
41.09  0.67
41.1  0.71
41.11  0.71
41.12  0.75
41.13  0.78
41.14  0.75
41.15  0.71
41.16  0.76
41.17  0.74
41.18  0.74
41.19  0.75
41.2  0.8
41.21  0.76
41.22  0.8
41.23  0.72
41.24  0.68
41.25  0.77
41.26  0.74
41.27  0.65
41.28  0.82
41.29  0.66
41.3  0.81
41.31  0.67
41.32  0.8
41.33  0.73
41.34  0.74
41.35  0.77
41.36  0.69
41.37  0.77
41.38  0.73
41.39  0.72
41.4  0.68
41.41  0.74
41.42  0.79
41.43  0.74
41.44  0.77
41.45  0.73
41.46  0.74
41.47  0.73
41.48  0.73
41.49  0.78
41.5  0.75
41.51  0.74
41.52  0.68
41.53  0.77
41.54  0.79
41.55  0.64
41.56  0.78
41.57  0.76
41.58  0.69
41.59  0.77
41.6  0.74
41.61  0.69
41.62  0.87
41.63  0.69
41.64  0.8
41.65  0.82
41.66  0.74
41.67  0.64
41.68  0.68
41.69  0.73
41.7  0.76
41.71  0.77
41.72  0.73
41.73  0.78
41.74  0.72
41.75  0.74
41.76  0.71
41.77  0.78
41.78  0.72
41.79  0.73
41.8  0.7
41.81  0.79
41.82  0.76
41.83  0.72
41.84  0.7
41.85  0.74
41.86  0.76
41.87  0.79
41.88  0.7
41.89  0.7
41.9  0.75
41.91  0.74
41.92  0.76
41.93  0.77
41.94  0.69
41.95  0.71
41.96  0.82
41.97  0.77
41.98  0.74
41.99  0.8
42  0.67
42.01  0.74
42.02  0.79
42.03  0.68
42.04  0.69
42.05  0.77
42.06  0.8
42.07  0.7
42.08  0.74
42.09  0.77
42.1  0.66
42.11  0.83
42.12  0.77
42.13  0.74
42.14  0.7
42.15  0.72
42.16  0.72
42.17  0.8
42.18  0.68
42.19  0.74
42.2  0.77
42.21  0.73
42.22  0.74
42.23  0.77
42.24  0.68
42.25  0.79
42.26  0.72
42.27  0.72
42.28  0.76
42.29  0.75
42.3  0.71
42.31  0.75
42.32  0.76
42.33  0.75
42.34  0.74
42.35  0.75
42.36  0.7
42.37  0.71
42.38  0.77
42.39  0.75
42.4  0.75
42.41  0.71
42.42  0.77
42.43  0.71
42.44  0.8
42.45  0.76
42.46  0.74
42.47  0.77
42.48  0.67
42.49  0.73
42.5  0.78
42.51  0.74
42.52  0.76
42.53  0.63
42.54  0.78
42.55  0.74
42.56  0.73
42.57  0.82
42.58  0.71
42.59  0.74
42.6  0.72
42.61  0.73
42.62  0.76
42.63  0.74
42.64  0.77
42.65  0.76
42.66  0.78
42.67  0.64
42.68  0.71
42.69  0.76
42.7  0.7
42.71  0.76
42.72  0.74
42.73  0.77
42.74  0.8
42.75  0.71
42.76  0.74
42.77  0.8
42.78  0.63
42.79  0.8
42.8  0.71
42.81  0.68
42.82  0.81
42.83  0.71
42.84  0.76
42.85  0.69
42.86  0.77
42.87  0.72
42.88  0.74
42.89  0.76
42.9  0.79
42.91  0.81
42.92  0.74
42.93  0.69
42.94  0.75
42.95  0.65
42.96  0.79
42.97  0.76
42.98  0.74
42.99  0.78
43  0.71
43.01  0.74
43.02  0.71
43.03  0.75
43.04  0.76
43.05  0.73
43.06  0.69
43.07  0.81
43.08  0.78
43.09  0.72
43.1  0.7
43.11  0.71
43.12  0.74
43.13  0.68
43.14  0.75
43.15  0.75
43.16  0.73
43.17  0.75
43.18  0.77
43.19  0.79
43.2  0.68
43.21  0.82
43.22  0.7
43.23  0.7
43.24  0.78
43.25  0.76
43.26  0.74
43.27  0.77
43.28  0.73
43.29  0.73
43.3  0.77
43.31  0.78
43.32  0.66
43.33  0.77
43.34  0.71
43.35  0.77
43.36  0.77
43.37  0.73
43.38  0.72
43.39  0.76
43.4  0.76
43.41  0.67
43.42  0.75
43.43  0.7
43.44  0.74
43.45  0.7
43.46  0.78
43.47  0.77
43.48  0.67
43.49  0.77
43.5  0.77
43.51  0.71
43.52  0.77
43.53  0.74
43.54  0.77
43.55  0.72
43.56  0.81
43.57  0.67
43.58  0.81
43.59  0.7
43.6  0.71
43.61  0.71
43.62  0.75
43.63  0.71
43.64  0.75
43.65  0.73
43.66  0.85
43.67  0.66
43.68  0.74
43.69  0.75
43.7  0.79
43.71  0.73
43.72  0.76
43.73  0.72
43.74  0.8
43.75  0.66
43.76  0.78
43.77  0.81
43.78  0.69
43.79  0.73
43.8  0.7
43.81  0.76
43.82  0.73
43.83  0.76
43.84  0.75
43.85  0.73
43.86  0.74
43.87  0.74
43.88  0.71
43.89  0.75
43.9  0.73
43.91  0.75
43.92  0.71
43.93  0.73
43.94  0.79
43.95  0.74
43.96  0.74
43.97  0.72
43.98  0.74
43.99  0.76
44  0.71
44.01  0.76
44.02  0.77
44.03  0.74
44.04  0.73
44.05  0.69
44.06  0.77
44.07  0.77
44.08  0.69
44.09  0.77
44.1  0.78
44.11  0.69
44.12  0.74
44.13  0.77
44.14  0.73
44.15  0.72
44.16  0.78
44.17  0.76
44.18  0.77
44.19  0.69
44.2  0.67
44.21  0.8
44.22  0.66
44.23  0.85
44.24  0.72
44.25  0.73
44.26  0.71
44.27  0.82
44.28  0.67
44.29  0.79
44.3  0.72
44.31  0.69
44.32  0.73
44.33  0.73
44.34  0.78
44.35  0.76
44.36  0.78
44.37  0.75
44.38  0.77
44.39  0.71
44.4  0.74
44.41  0.71
44.42  0.68
44.43  0.76
44.44  0.79
44.45  0.66
44.46  0.7
44.47  0.77
44.48  0.83
44.49  0.72
44.5  0.82
44.51  0.66
44.52  0.75
44.53  0.7
44.54  0.82
44.55  0.74
44.56  0.67
44.57  0.75
44.58  0.78
44.59  0.75
44.6  0.7
44.61  0.8
44.62  0.69
44.63  0.75
44.64  0.75
44.65  0.82
44.66  0.71
44.67  0.7
44.68  0.73
44.69  0.7
44.7  0.78
44.71  0.75
44.72  0.73
44.73  0.75
44.74  0.72
44.75  0.75
44.76  0.74
44.77  0.68
44.78  0.79
44.79  0.73
44.8  0.82
44.81  0.71
44.82  0.69
44.83  0.73
44.84  0.75
44.85  0.8
44.86  0.66
44.87  0.78
44.88  0.75
44.89  0.73
44.9  0.75
44.91  0.73
44.92  0.79
44.93  0.71
44.94  0.7
44.95  0.76
44.96  0.74
44.97  0.68
44.98  0.84
44.99  0.73
45  0.66
45.01  0.82
45.02  0.71
45.03  0.75
45.04  0.79
45.05  0.76
45.06  0.71
45.07  0.75
45.08  0.76
45.09  0.77
45.1  0.75
45.11  0.69
45.12  0.72
45.13  0.72
45.14  0.73
45.15  0.76
45.16  0.76
45.17  0.73
45.18  0.72
45.19  0.72
45.2  0.73
45.21  0.74
45.22  0.69
45.23  0.77
45.24  0.72
45.25  0.77
45.26  0.75
45.27  0.79
45.28  0.67
45.29  0.78
45.3  0.78
45.31  0.71
45.32  0.77
45.33  0.7
45.34  0.7
45.35  0.77
45.36  0.78
45.37  0.74
45.38  0.69
45.39  0.8
45.4  0.77
45.41  0.72
45.42  0.76
45.43  0.75
45.44  0.79
45.45  0.67
45.46  0.73
45.47  0.76
45.48  0.71
45.49  0.73
45.5  0.73
45.51  0.78
45.52  0.69
45.53  0.75
45.54  0.79
45.55  0.73
45.56  0.69
45.57  0.71
45.58  0.74
45.59  0.83
45.6  0.7
45.61  0.73
45.62  0.75
45.63  0.7
45.64  0.76
45.65  0.67
45.66  0.85
45.67  0.7
45.68  0.79
45.69  0.69
45.7  0.7
45.71  0.77
45.72  0.8
45.73  0.72
45.74  0.78
45.75  0.71
45.76  0.69
45.77  0.71
45.78  0.87
45.79  0.65
45.8  0.75
45.81  0.73
45.82  0.79
45.83  0.74
45.84  0.7
45.85  0.87
45.86  0.71
45.87  0.73
45.88  0.77
45.89  0.67
45.9  0.7
45.91  0.71
45.92  0.79
45.93  0.76
45.94  0.65
45.95  0.78
45.96  0.75
45.97  0.74
45.98  0.74
45.99  0.79
46  0.71
46.01  0.76
46.02  0.67
46.03  0.85
46.04  0.74
46.05  0.72
46.06  0.7
46.07  0.74
46.08  0.7
46.09  0.75
46.1  0.75
46.11  0.75
46.12  0.74
46.13  0.8
46.14  0.75
46.15  0.68
46.16  0.66
46.17  0.82
46.18  0.73
46.19  0.75
46.2  0.72
46.21  0.77
46.22  0.73
46.23  0.74
46.24  0.78
46.25  0.72
46.26  0.73
46.27  0.76
46.28  0.73
46.29  0.71
46.3  0.74
46.31  0.75
46.32  0.8
46.33  0.81
46.34  0.68
46.35  0.74
46.36  0.7
46.37  0.74
46.38  0.73
46.39  0.75
46.4  0.74
46.41  0.78
46.42  0.71
46.43  0.73
46.44  0.79
46.45  0.74
46.46  0.67
46.47  0.77
46.48  0.72
46.49  0.72
46.5  0.72
46.51  0.68
46.52  0.78
46.53  0.81
46.54  0.7
46.55  0.76
46.56  0.71
46.57  0.72
46.58  0.78
46.59  0.77
46.6  0.71
46.61  0.77
46.62  0.79
46.63  0.73
46.64  0.78
46.65  0.64
46.66  0.76
46.67  0.79
46.68  0.74
46.69  0.7
46.7  0.72
46.71  0.83
46.72  0.71
46.73  0.76
46.74  0.73
46.75  0.7
46.76  0.7
46.77  0.75
46.78  0.75
46.79  0.72
46.8  0.77
46.81  0.84
46.82  0.7
46.83  0.76
46.84  0.7
46.85  0.71
46.86  0.74
46.87  0.81
46.88  0.69
46.89  0.79
46.9  0.67
46.91  0.75
46.92  0.72
46.93  0.69
46.94  0.8
46.95  0.75
46.96  0.76
46.97  0.72
46.98  0.71
46.99  0.69
47  0.82
47.01  0.7
47.02  0.79
47.03  0.71
47.04  0.76
47.05  0.73
47.06  0.73
47.07  0.73
47.08  0.72
47.09  0.74
47.1  0.72
47.11  0.81
47.12  0.74
47.13  0.73
47.14  0.78
47.15  0.75
47.16  0.73
47.17  0.77
47.18  0.74
47.19  0.7
47.2  0.74
47.21  0.72
47.22  0.78
47.23  0.73
47.24  0.76
47.25  0.77
47.26  0.74
47.27  0.7
47.28  0.77
47.29  0.7
47.3  0.7
47.31  0.68
47.32  0.74
47.33  0.74
47.34  0.77
47.35  0.79
47.36  0.67
47.37  0.75
47.38  0.75
47.39  0.75
47.4  0.77
47.41  0.78
47.42  0.75
47.43  0.69
47.44  0.75
47.45  0.78
47.46  0.74
47.47  0.75
47.48  0.73
47.49  0.74
47.5  0.71
47.51  0.73
47.52  0.76
47.53  0.69
47.54  0.74
47.55  0.82
47.56  0.7
47.57  0.74
47.58  0.77
47.59  0.74
47.6  0.79
47.61  0.69
47.62  0.74
47.63  0.7
47.64  0.73
47.65  0.72
47.66  0.76
47.67  0.8
47.68  0.7
47.69  0.71
47.7  0.77
47.71  0.68
47.72  0.8
47.73  0.73
47.74  0.78
47.75  0.78
47.76  0.71
47.77  0.76
47.78  0.66
47.79  0.77
47.8  0.7
47.81  0.78
47.82  0.72
47.83  0.76
47.84  0.74
47.85  0.73
47.86  0.72
47.87  0.7
47.88  0.77
47.89  0.79
47.9  0.68
47.91  0.78
47.92  0.73
47.93  0.72
47.94  0.74
47.95  0.75
47.96  0.72
47.97  0.81
47.98  0.7
47.99  0.83
48  0.7
48.01  0.7
48.02  0.81
48.03  0.67
48.04  0.79
48.05  0.75
48.06  0.71
48.07  0.68
48.08  0.81
48.09  0.72
48.1  0.73
48.11  0.78
48.12  0.64
48.13  0.8
48.14  0.75
48.15  0.67
48.16  0.8
48.17  0.76
48.18  0.77
48.19  0.77
48.2  0.72
48.21  0.8
48.22  0.7
48.23  0.73
48.24  0.73
48.25  0.71
48.26  0.72
48.27  0.69
48.28  0.72
48.29  0.82
48.3  0.73
48.31  0.77
48.32  0.74
48.33  0.72
48.34  0.73
48.35  0.7
48.36  0.75
48.37  0.79
48.38  0.74
48.39  0.73
48.4  0.74
48.41  0.75
48.42  0.77
48.43  0.73
48.44  0.75
48.45  0.73
48.46  0.81
48.47  0.74
48.48  0.76
48.49  0.7
48.5  0.66
48.51  0.75
48.52  0.8
48.53  0.74
48.54  0.73
48.55  0.75
48.56  0.76
48.57  0.76
48.58  0.72
48.59  0.75
48.6  0.65
48.61  0.85
48.62  0.7
48.63  0.69
48.64  0.74
48.65  0.7
48.66  0.73
48.67  0.75
48.68  0.74
48.69  0.79
48.7  0.75
48.71  0.72
48.72  0.78
48.73  0.72
48.74  0.73
48.75  0.71
48.76  0.79
48.77  0.76
48.78  0.74
48.79  0.77
48.8  0.67
48.81  0.73
48.82  0.78
48.83  0.79
48.84  0.71
48.85  0.74
48.86  0.71
48.87  0.78
48.88  0.74
48.89  0.77
48.9  0.78
48.91  0.72
48.92  0.68
48.93  0.82
48.94  0.69
48.95  0.66
48.96  0.74
48.97  0.74
48.98  0.8
48.99  0.69
49  0.8
49.01  0.85
49.02  0.7
49.03  0.75
49.04  0.7
49.05  0.68
49.06  0.73
49.07  0.78
49.08  0.7
49.09  0.78
49.1  0.7
49.11  0.74
49.12  0.8
49.13  0.73
49.14  0.73
49.15  0.74
49.16  0.71
49.17  0.78
49.18  0.74
49.19  0.73
49.2  0.73
49.21  0.64
49.22  0.87
49.23  0.68
49.24  0.78
49.25  0.77
49.26  0.73
49.27  0.74
49.28  0.72
49.29  0.7
49.3  0.76
49.31  0.8
49.32  0.7
49.33  0.78
49.34  0.77
49.35  0.74
49.36  0.68
49.37  0.77
49.38  0.74
49.39  0.7
49.4  0.76
49.41  0.77
49.42  0.71
49.43  0.74
49.44  0.76
49.45  0.7
49.46  0.7
49.47  0.75
49.48  0.71
49.49  0.85
49.5  0.77
49.51  0.64
49.52  0.79
49.53  0.74
49.54  0.68
49.55  0.72
49.56  0.76
49.57  0.77
49.58  0.76
49.59  0.74
49.6  0.79
49.61  0.67
49.62  0.73
49.63  0.77
49.64  0.71
49.65  0.75
49.66  0.74
49.67  0.71
49.68  0.76
49.69  0.74
49.7  0.8
49.71  0.69
49.72  0.73
49.73  0.8
49.74  0.7
49.75  0.7
49.76  0.77
49.77  0.75
49.78  0.8
49.79  0.68
49.8  0.82
49.81  0.76
49.82  0.69
49.83  0.73
49.84  0.7
49.85  0.78
49.86  0.74
49.87  0.75
49.88  0.68
49.89  0.75
49.9  0.69
49.91  0.73
49.92  0.77
49.93  0.7
49.94  0.69
49.95  0.85
49.96  0.81
49.97  0.71
49.98  0.72
49.99  0.77
50  0.71
50.01  0.72
50.02  0.76
50.03  0.72
50.04  0.74
50.05  0.71
50.06  0.81
50.07  0.78
50.08  0.74
50.09  0.68
50.1  0.73
50.11  0.74
50.12  0.69
50.13  0.76
50.14  0.83
50.15  0.67
50.16  0.77
50.17  0.74
50.18  0.77
50.19  0.69
50.2  0.74
50.21  0.75
50.22  0.75
50.23  0.76
50.24  0.66
50.25  0.74
50.26  0.8
50.27  0.77
50.28  0.64
50.29  0.74
50.3  0.78
50.31  0.71
50.32  0.82
50.33  0.76
50.34  0.74
50.35  0.72
50.36  0.81
50.37  0.68
50.38  0.75
50.39  0.75
50.4  0.69
50.41  0.69
50.42  0.74
50.43  0.79
50.44  0.71
50.45  0.76
50.46  0.71
50.47  0.76
50.48  0.7
50.49  0.76
50.5  0.66
50.51  0.79
50.52  0.72
50.53  0.77
50.54  0.77
50.55  0.76
50.56  0.77
50.57  0.81
50.58  0.69
50.59  0.75
50.6  0.71
50.61  0.71
50.62  0.78
50.63  0.78
50.64  0.78
50.65  0.68
50.66  0.77
50.67  0.73
50.68  0.71
50.69  0.7
50.7  0.8
50.71  0.69
50.72  0.77
50.73  0.76
50.74  0.68
50.75  0.67
50.76  0.86
50.77  0.73
50.78  0.77
50.79  0.68
50.8  0.75
50.81  0.76
50.82  0.69
50.83  0.76
50.84  0.77
50.85  0.76
50.86  0.69
50.87  0.69
50.88  0.79
50.89  0.74
50.9  0.82
50.91  0.71
50.92  0.68
50.93  0.69
50.94  0.83
50.95  0.76
50.96  0.72
50.97  0.76
50.98  0.69
50.99  0.79
51  0.74
51.01  0.78
51.02  0.71
51.03  0.72
51.04  0.75
51.05  0.74
51.06  0.77
51.07  0.74
51.08  0.72
51.09  0.77
51.1  0.73
51.11  0.74
51.12  0.76
51.13  0.68
51.14  0.74
51.15  0.74
51.16  0.72
51.17  0.78
51.18  0.75
51.19  0.72
51.2  0.75
51.21  0.71
51.22  0.73
51.23  0.78
51.24  0.72
51.25  0.75
51.26  0.71
51.27  0.72
51.28  0.69
51.29  0.83
51.3  0.75
51.31  0.72
51.32  0.78
51.33  0.7
51.34  0.69
51.35  0.79
51.36  0.82
51.37  0.72
51.38  0.73
51.39  0.76
51.4  0.74
51.41  0.78
51.42  0.69
51.43  0.74
51.44  0.77
51.45  0.73
51.46  0.72
51.47  0.77
51.48  0.76
51.49  0.64
51.5  0.82
51.51  0.69
51.52  0.78
51.53  0.67
51.54  0.74
51.55  0.78
51.56  0.78
51.57  0.74
51.58  0.75
51.59  0.66
51.6  0.81
51.61  0.7
51.62  0.69
51.63  0.86
51.64  0.69
51.65  0.75
51.66  0.71
51.67  0.74
51.68  0.73
51.69  0.73
51.7  0.77
51.71  0.77
51.72  0.77
51.73  0.77
51.74  0.71
51.75  0.76
51.76  0.75
51.77  0.65
51.78  0.74
51.79  0.74
51.8  0.69
51.81  0.76
51.82  0.79
51.83  0.67
51.84  0.73
51.85  0.8
51.86  0.72
51.87  0.75
51.88  0.7
51.89  0.71
51.9  0.83
51.91  0.72
51.92  0.78
51.93  0.72
51.94  0.76
51.95  0.72
51.96  0.72
51.97  0.79
51.98  0.81
51.99  0.67
52  0.78
52.01  0.74
52.02  0.73
52.03  0.72
52.04  0.74
52.05  0.71
52.06  0.73
52.07  0.72
52.08  0.77
52.09  0.77
52.1  0.73
52.11  0.72
52.12  0.73
52.13  0.74
52.14  0.71
52.15  0.8
52.16  0.72
52.17  0.69
52.18  0.81
52.19  0.73
52.2  0.72
52.21  0.78
52.22  0.73
52.23  0.71
52.24  0.74
52.25  0.75
52.26  0.73
52.27  0.74
52.28  0.72
52.29  0.72
52.3  0.77
52.31  0.73
52.32  0.71
52.33  0.78
52.34  0.75
52.35  0.78
52.36  0.79
52.37  0.65
52.38  0.83
52.39  0.71
52.4  0.75
52.41  0.71
52.42  0.65
52.43  0.83
52.44  0.79
52.45  0.66
52.46  0.84
52.47  0.77
52.48  0.64
52.49  0.74
52.5  0.73
52.51  0.69
52.52  0.79
52.53  0.76
52.54  0.75
52.55  0.71
52.56  0.82
52.57  0.76
52.58  0.76
52.59  0.66
52.6  0.74
52.61  0.69
52.62  0.78
52.63  0.67
52.64  0.7
52.65  0.78
52.66  0.66
52.67  0.82
52.68  0.74
52.69  0.77
52.7  0.75
52.71  0.74
52.72  0.75
52.73  0.76
52.74  0.67
52.75  0.69
52.76  0.77
52.77  0.81
52.78  0.79
52.79  0.76
52.8  0.8
52.81  0.75
52.82  0.7
52.83  0.71
52.84  0.77
52.85  0.68
52.86  0.77
52.87  0.73
52.88  0.75
52.89  0.71
52.9  0.74
52.91  0.68
52.92  0.74
52.93  0.7
52.94  0.81
52.95  0.79
52.96  0.72
52.97  0.73
52.98  0.77
52.99  0.73
53  0.69
53.01  0.82
53.02  0.67
53.03  0.74
53.04  0.69
53.05  0.74
53.06  0.78
53.07  0.76
53.08  0.74
53.09  0.75
53.1  0.73
53.11  0.69
53.12  0.81
53.13  0.68
53.14  0.76
53.15  0.78
53.16  0.74
53.17  0.73
53.18  0.8
53.19  0.72
53.2  0.77
53.21  0.69
53.22  0.75
53.23  0.72
53.24  0.73
53.25  0.72
53.26  0.85
53.27  0.68
53.28  0.75
53.29  0.74
53.3  0.75
53.31  0.7
53.32  0.76
53.33  0.77
53.34  0.74
53.35  0.72
53.36  0.7
53.37  0.75
53.38  0.76
53.39  0.69
53.4  0.72
53.41  0.78
53.42  0.69
53.43  0.75
53.44  0.79
53.45  0.74
53.46  0.74
53.47  0.76
53.48  0.73
53.49  0.72
53.5  0.84
53.51  0.7
53.52  0.7
53.53  0.74
53.54  0.75
53.55  0.76
53.56  0.75
53.57  0.68
53.58  0.75
53.59  0.73
53.6  0.74
53.61  0.78
53.62  0.75
53.63  0.77
53.64  0.71
53.65  0.68
53.66  0.8
53.67  0.7
53.68  0.77
53.69  0.69
53.7  0.8
53.71  0.71
53.72  0.78
53.73  0.76
53.74  0.75
53.75  0.8
53.76  0.64
53.77  0.77
53.78  0.67
53.79  0.74
53.8  0.76
53.81  0.75
53.82  0.79
53.83  0.72
53.84  0.75
53.85  0.73
53.86  0.66
53.87  0.8
53.88  0.72
53.89  0.73
53.9  0.83
53.91  0.7
53.92  0.69
53.93  0.81
53.94  0.74
53.95  0.74
53.96  0.72
53.97  0.77
53.98  0.67
53.99  0.81
54  0.64
54.01  0.8
54.02  0.76
54.03  0.68
54.04  0.78
54.05  0.75
54.06  0.75
54.07  0.69
54.08  0.82
54.09  0.64
54.1  0.78
54.11  0.74
54.12  0.77
54.13  0.77
54.14  0.73
54.15  0.8
54.16  0.77
54.17  0.7
54.18  0.74
54.19  0.72
54.2  0.75
54.21  0.74
54.22  0.71
54.23  0.79
54.24  0.71
54.25  0.69
54.26  0.73
54.27  0.73
54.28  0.75
54.29  0.8
54.3  0.66
54.31  0.81
54.32  0.69
54.33  0.79
54.34  0.81
54.35  0.73
54.36  0.72
54.37  0.66
54.38  0.79
54.39  0.72
54.4  0.71
54.41  0.76
54.42  0.75
54.43  0.78
54.44  0.72
54.45  0.76
54.46  0.71
54.47  0.77
54.48  0.72
54.49  0.66
54.5  0.79
54.51  0.75
54.52  0.73
54.53  0.73
54.54  0.79
54.55  0.68
54.56  0.82
54.57  0.76
54.58  0.78
54.59  0.73
54.6  0.79
54.61  0.75
54.62  0.72
54.63  0.74
54.64  0.67
54.65  0.73
54.66  0.77
54.67  0.76
54.68  0.69
54.69  0.73
54.7  0.79
54.71  0.68
54.72  0.74
54.73  0.74
54.74  0.79
54.75  0.76
54.76  0.74
54.77  0.67
54.78  0.78
54.79  0.7
54.8  0.78
54.81  0.73
54.82  0.69
54.83  0.74
54.84  0.69
54.85  0.77
54.86  0.75
54.87  0.74
54.88  0.77
54.89  0.73
54.9  0.79
54.91  0.73
54.92  0.69
54.93  0.82
54.94  0.76
54.95  0.76
54.96  0.72
54.97  0.75
54.98  0.71
54.99  0.77
55  0.67
55.01  0.84
55.02  0.68
55.03  0.76
55.04  0.71
55.05  0.73
55.06  0.71
55.07  0.74
55.08  0.75
55.09  0.75
55.1  0.75
55.11  0.76
55.12  0.76
55.13  0.78
55.14  0.7
55.15  0.76
55.16  0.76
55.17  0.74
55.18  0.67
55.19  0.75
55.2  0.71
55.21  0.74
55.22  0.74
55.23  0.74
55.24  0.75
55.25  0.69
55.26  0.81
55.27  0.75
55.28  0.66
55.29  0.8
55.3  0.73
55.31  0.72
55.32  0.76
55.33  0.82
55.34  0.61
55.35  0.76
55.36  0.81
55.37  0.69
55.38  0.72
55.39  0.78
55.4  0.77
55.41  0.69
55.42  0.76
55.43  0.72
55.44  0.8
55.45  0.7
55.46  0.71
55.47  0.79
55.48  0.79
55.49  0.71
55.5  0.72
55.51  0.75
55.52  0.72
55.53  0.79
55.54  0.69
55.55  0.75
55.56  0.73
55.57  0.76
55.58  0.72
55.59  0.69
55.6  0.8
55.61  0.7
55.62  0.69
55.63  0.75
55.64  0.73
55.65  0.83
55.66  0.71
55.67  0.76
55.68  0.8
55.69  0.73
55.7  0.68
55.71  0.74
55.72  0.71
55.73  0.71
55.74  0.77
55.75  0.81
55.76  0.76
55.77  0.67
55.78  0.77
55.79  0.75
55.8  0.71
55.81  0.75
55.82  0.72
55.83  0.73
55.84  0.78
55.85  0.73
55.86  0.64
55.87  0.73
55.88  0.74
55.89  0.76
55.9  0.74
55.91  0.79
55.92  0.82
55.93  0.81
55.94  0.72
55.95  0.75
55.96  0.68
55.97  0.72
55.98  0.73
55.99  0.71
56  0.77
56.01  0.75
56.02  0.68
56.03  0.72
56.04  0.81
56.05  0.67
56.06  0.8
56.07  0.75
56.08  0.79
56.09  0.73
56.1  0.72
56.11  0.69
56.12  0.79
56.13  0.79
56.14  0.75
56.15  0.72
56.16  0.69
56.17  0.72
56.18  0.72
56.19  0.73
56.2  0.72
56.21  0.73
56.22  0.76
56.23  0.74
56.24  0.75
56.25  0.76
56.26  0.75
56.27  0.76
56.28  0.7
56.29  0.75
56.3  0.69
56.31  0.75
56.32  0.78
56.33  0.75
56.34  0.74
56.35  0.77
56.36  0.78
56.37  0.71
56.38  0.78
56.39  0.72
56.4  0.78
56.41  0.72
56.42  0.73
56.43  0.72
56.44  0.74
56.45  0.76
56.46  0.73
56.47  0.75
56.48  0.72
56.49  0.7
56.5  0.77
56.51  0.72
56.52  0.81
56.53  0.66
56.54  0.71
56.55  0.79
56.56  0.74
56.57  0.69
56.58  0.78
56.59  0.75
56.6  0.74
56.61  0.71
56.62  0.77
56.63  0.69
56.64  0.78
56.65  0.72
56.66  0.8
56.67  0.69
56.68  0.72
56.69  0.77
56.7  0.73
56.71  0.75
56.72  0.78
56.73  0.74
56.74  0.71
56.75  0.76
56.76  0.75
56.77  0.72
56.78  0.79
56.79  0.81
56.8  0.71
56.81  0.69
56.82  0.78
56.83  0.76
56.84  0.65
56.85  0.77
56.86  0.74
56.87  0.7
56.88  0.73
56.89  0.8
56.9  0.71
56.91  0.77
56.92  0.68
56.93  0.8
56.94  0.8
56.95  0.7
56.96  0.78
56.97  0.66
56.98  0.74
56.99  0.72
57  0.74
57.01  0.75
57.02  0.69
57.03  0.74
57.04  0.77
57.05  0.8
57.06  0.73
57.07  0.73
57.08  0.73
57.09  0.73
57.1  0.68
57.11  0.82
57.12  0.76
57.13  0.71
57.14  0.74
57.15  0.7
57.16  0.78
57.17  0.78
57.18  0.78
57.19  0.73
57.2  0.74
57.21  0.71
57.22  0.74
57.23  0.7
57.24  0.78
57.25  0.72
57.26  0.75
57.27  0.68
57.28  0.78
57.29  0.76
57.3  0.74
57.31  0.8
57.32  0.74
57.33  0.77
57.34  0.68
57.35  0.75
57.36  0.77
57.37  0.74
57.38  0.75
57.39  0.67
57.4  0.75
57.41  0.71
57.42  0.72
57.43  0.73
57.44  0.75
57.45  0.78
57.46  0.69
57.47  0.8
57.48  0.75
57.49  0.71
57.5  0.7
57.51  0.76
57.52  0.79
57.53  0.68
57.54  0.74
57.55  0.82
57.56  0.74
57.57  0.7
57.58  0.73
57.59  0.71
57.6  0.77
57.61  0.82
57.62  0.59
57.63  0.86
57.64  0.66
57.65  0.76
57.66  0.7
57.67  0.8
57.68  0.71
57.69  0.77
57.7  0.75
57.71  0.74
57.72  0.77
57.73  0.73
57.74  0.8
57.75  0.7
57.76  0.73
57.77  0.74
57.78  0.71
57.79  0.71
57.8  0.71
57.81  0.8
57.82  0.7
57.83  0.77
57.84  0.78
57.85  0.68
57.86  0.76
57.87  0.74
57.88  0.77
57.89  0.74
57.9  0.72
57.91  0.73
57.92  0.77
57.93  0.74
57.94  0.69
57.95  0.78
57.96  0.76
57.97  0.71
57.98  0.77
57.99  0.76
58  0.75
58.01  0.7
58.02  0.71
58.03  0.78
58.04  0.74
58.05  0.71
58.06  0.72
58.07  0.76
58.08  0.71
58.09  0.7
58.1  0.71
58.11  0.77
58.12  0.83
58.13  0.69
58.14  0.75
58.15  0.74
58.16  0.86
58.17  0.68
58.18  0.8
58.19  0.68
58.2  0.7
58.21  0.77
58.22  0.74
58.23  0.81
58.24  0.66
58.25  0.77
58.26  0.7
58.27  0.73
58.28  0.74
58.29  0.8
58.3  0.69
58.31  0.74
58.32  0.71
58.33  0.78
58.34  0.76
58.35  0.68
58.36  0.78
58.37  0.74
58.38  0.73
58.39  0.72
58.4  0.76
58.41  0.73
58.42  0.76
58.43  0.76
58.44  0.7
58.45  0.73
58.46  0.76
58.47  0.74
58.48  0.73
58.49  0.69
58.5  0.8
58.51  0.72
58.52  0.72
58.53  0.76
58.54  0.75
58.55  0.74
58.56  0.76
58.57  0.76
58.58  0.75
58.59  0.74
58.6  0.71
58.61  0.75
58.62  0.8
58.63  0.77
58.64  0.74
58.65  0.66
58.66  0.72
58.67  0.75
58.68  0.69
58.69  0.83
58.7  0.73
58.71  0.71
58.72  0.77
58.73  0.75
58.74  0.74
58.75  0.71
58.76  0.79
58.77  0.68
58.78  0.68
58.79  0.8
58.8  0.79
58.81  0.68
58.82  0.79
58.83  0.71
58.84  0.71
58.85  0.75
58.86  0.74
58.87  0.74
58.88  0.76
58.89  0.74
58.9  0.75
58.91  0.76
58.92  0.73
58.93  0.73
58.94  0.72
58.95  0.75
58.96  0.76
58.97  0.77
58.98  0.8
58.99  0.78
59  0.69
59.01  0.66
59.02  0.79
59.03  0.75
59.04  0.76
59.05  0.69
59.06  0.7
59.07  0.75
59.08  0.78
59.09  0.74
59.1  0.79
59.11  0.66
59.12  0.74
59.13  0.73
59.14  0.83
59.15  0.76
59.16  0.68
59.17  0.66
59.18  0.79
59.19  0.77
59.2  0.77
59.21  0.69
59.22  0.69
59.23  0.74
59.24  0.8
59.25  0.75
59.26  0.74
59.27  0.7
59.28  0.78
59.29  0.72
59.3  0.63
59.31  0.83
59.32  0.83
59.33  0.75
59.34  0.71
59.35  0.76
59.36  0.76
59.37  0.71
59.38  0.8
59.39  0.66
59.4  0.79
59.41  0.66
59.42  0.74
59.43  0.76
59.44  0.72
59.45  0.65
59.46  0.77
59.47  0.72
59.48  0.76
59.49  0.84
59.5  0.74
59.51  0.74
59.52  0.74
59.53  0.78
59.54  0.75
59.55  0.74
59.56  0.72
59.57  0.71
59.58  0.75
59.59  0.79
59.6  0.75
59.61  0.7
59.62  0.72
59.63  0.78
59.64  0.71
59.65  0.74
59.66  0.72
59.67  0.72
59.68  0.72
59.69  0.89
59.7  0.65
59.71  0.74
59.72  0.69
59.73  0.78
59.74  0.73
59.75  0.68
59.76  0.75
59.77  0.76
59.78  0.73
59.79  0.79
59.8  0.72
59.81  0.74
59.82  0.85
59.83  0.69
59.84  0.73
59.85  0.71
59.86  0.73
59.87  0.69
59.88  0.79
59.89  0.79
59.9  0.69
59.91  0.71
59.92  0.74
59.93  0.79
59.94  0.72
59.95  0.73
59.96  0.73
59.97  0.79
59.98  0.72
59.99  0.73
