-15  0
-14.99  0
-14.98  0.01
-14.97  0.01
-14.96  0.01
-14.95  0.01
-14.94  0.02
-14.93  0.02
-14.92  0.04
-14.91  0.02
-14.9  0.04
-14.89  0.04
-14.88  0.05
-14.87  0.04
-14.86  0.08
-14.85  0.06
-14.84  0.08
-14.83  0.08
-14.82  0.1
-14.81  0.12
-14.8  0.14
-14.79  0.15
-14.78  0.17
-14.77  0.2
-14.76  0.26
-14.75  0.32
-14.74  0.37
-14.73  0.5
-14.72  0.64
-14.71  0.87
-14.7  1.29
-14.69  2.07
-14.68  3.79
-14.67  8.74
-14.66  24.69
-14.65  29.29
-14.64  10.98
-14.63  4.48
-14.62  2.36
-14.61  1.41
-14.6  0.97
-14.59  0.69
-14.58  0.54
-14.57  0.44
-14.56  0.34
-14.55  0.27
-14.54  0.25
-14.53  0.2
-14.52  0.19
-14.51  0.18
-14.5  0.14
-14.49  0.15
-14.48  0.12
-14.47  0.13
-14.46  0.12
-14.45  0.11
-14.44  0.1
-14.43  0.11
-14.42  0.08
-14.41  0.12
-14.4  0.11
-14.39  0.08
-14.38  0.11
-14.37  0.08
-14.36  0.1
-14.35  0.11
-14.34  0.08
-14.33  0.13
-14.32  0.09
-14.31  0.11
-14.3  0.1
-14.29  0.12
-14.28  0.12
-14.27  0.12
-14.26  0.13
-14.25  0.12
-14.24  0.15
-14.23  0.14
-14.22  0.14
-14.21  0.18
-14.2  0.17
-14.19  0.18
-14.18  0.2
-14.17  0.24
-14.16  0.22
-14.15  0.25
-14.14  0.26
-14.13  0.29
-14.12  0.32
-14.11  0.39
-14.1  0.41
-14.09  0.46
-14.08  0.54
-14.07  0.63
-14.06  0.72
-14.05  0.86
-14.04  1.03
-14.03  1.27
-14.02  1.65
-14.01  2.13
-14  2.89
-13.99  3.98
-13.98  5.81
-13.97  8.29
-13.96  11.06
-13.95  12.02
-13.94  9.98
-13.93  7.17
-13.92  4.96
-13.91  3.47
-13.9  2.53
-13.89  1.93
-13.88  1.47
-13.87  1.18
-13.86  1
-13.85  0.83
-13.84  0.71
-13.83  0.6
-13.82  0.52
-13.81  0.47
-13.8  0.43
-13.79  0.38
-13.78  0.39
-13.77  0.33
-13.76  0.3
-13.75  0.27
-13.74  0.27
-13.73  0.28
-13.72  0.24
-13.71  0.26
-13.7  0.24
-13.69  0.22
-13.68  0.21
-13.67  0.21
-13.66  0.23
-13.65  0.2
-13.64  0.19
-13.63  0.22
-13.62  0.25
-13.61  0.22
-13.6  0.21
-13.59  0.24
-13.58  0.21
-13.57  0.22
-13.56  0.24
-13.55  0.26
-13.54  0.25
-13.53  0.26
-13.52  0.26
-13.51  0.32
-13.5  0.29
-13.49  0.34
-13.48  0.34
-13.47  0.35
-13.46  0.41
-13.45  0.42
-13.44  0.44
-13.43  0.46
-13.42  0.55
-13.41  0.59
-13.4  0.67
-13.39  0.72
-13.38  0.85
-13.37  0.93
-13.36  1.09
-13.35  1.26
-13.34  1.49
-13.33  1.77
-13.32  2.16
-13.31  2.65
-13.3  3.25
-13.29  4.11
-13.28  5.07
-13.27  6.13
-13.26  6.98
-13.25  7.31
-13.24  6.96
-13.23  6.04
-13.22  5.02
-13.21  4.04
-13.2  3.24
-13.19  2.6
-13.18  2.15
-13.17  1.76
-13.16  1.48
-13.15  1.27
-13.14  1.11
-13.13  0.98
-13.12  0.82
-13.11  0.75
-13.1  0.7
-13.09  0.62
-13.08  0.55
-13.07  0.54
-13.06  0.51
-13.05  0.47
-13.04  0.44
-13.03  0.41
-13.02  0.39
-13.01  0.37
-13  0.35
-12.99  0.36
-12.98  0.36
-12.97  0.36
-12.96  0.32
-12.95  0.32
-12.94  0.33
-12.93  0.31
-12.92  0.34
-12.91  0.34
-12.9  0.31
-12.89  0.3
-12.88  0.36
-12.87  0.33
-12.86  0.34
-12.85  0.36
-12.84  0.39
-12.83  0.36
-12.82  0.39
-12.81  0.4
-12.8  0.43
-12.79  0.45
-12.78  0.45
-12.77  0.56
-12.76  0.5
-12.75  0.58
-12.74  0.63
-12.73  0.65
-12.72  0.71
-12.71  0.76
-12.7  0.86
-12.69  0.93
-12.68  1.06
-12.67  1.19
-12.66  1.32
-12.65  1.52
-12.64  1.69
-12.63  2.05
-12.62  2.32
-12.61  2.69
-12.6  3.22
-12.59  3.68
-12.58  4.22
-12.57  4.7
-12.56  5.12
-12.55  5.3
-12.54  5.17
-12.53  4.96
-12.52  4.39
-12.51  3.84
-12.5  3.32
-12.49  2.85
-12.48  2.45
-12.47  2.12
-12.46  1.86
-12.45  1.57
-12.44  1.38
-12.43  1.27
-12.42  1.08
-12.41  1.04
-12.4  0.9
-12.39  0.83
-12.38  0.77
-12.37  0.7
-12.36  0.68
-12.35  0.64
-12.34  0.57
-12.33  0.56
-12.32  0.54
-12.31  0.52
-12.3  0.51
-12.29  0.46
-12.28  0.47
-12.27  0.45
-12.26  0.43
-12.25  0.44
-12.24  0.45
-12.23  0.43
-12.22  0.42
-12.21  0.39
-12.2  0.44
-12.19  0.47
-12.18  0.43
-12.17  0.44
-12.16  0.44
-12.15  0.48
-12.14  0.47
-12.13  0.48
-12.12  0.49
-12.11  0.56
-12.1  0.53
-12.09  0.55
-12.08  0.58
-12.07  0.62
-12.06  0.68
-12.05  0.67
-12.04  0.76
-12.03  0.8
-12.02  0.83
-12.01  0.96
-12  1.02
-11.99  1.09
-11.98  1.24
-11.97  1.34
-11.96  1.47
-11.95  1.61
-11.94  1.84
-11.93  2.06
-11.92  2.36
-11.91  2.6
-11.9  2.94
-11.89  3.21
-11.88  3.68
-11.87  3.82
-11.86  4.04
-11.85  4.23
-11.84  4.15
-11.83  4.09
-11.82  3.74
-11.81  3.51
-11.8  3.12
-11.79  2.86
-11.78  2.49
-11.77  2.25
-11.76  2.03
-11.75  1.79
-11.74  1.6
-11.73  1.43
-11.72  1.32
-11.71  1.2
-11.7  1.15
-11.69  1
-11.68  0.9
-11.67  0.91
-11.66  0.82
-11.65  0.75
-11.64  0.72
-11.63  0.71
-11.62  0.67
-11.61  0.65
-11.6  0.63
-11.59  0.56
-11.58  0.57
-11.57  0.58
-11.56  0.56
-11.55  0.5
-11.54  0.55
-11.53  0.55
-11.52  0.52
-11.51  0.56
-11.5  0.53
-11.49  0.53
-11.48  0.51
-11.47  0.54
-11.46  0.54
-11.45  0.59
-11.44  0.54
-11.43  0.59
-11.42  0.6
-11.41  0.62
-11.4  0.65
-11.39  0.69
-11.38  0.68
-11.37  0.76
-11.36  0.73
-11.35  0.82
-11.34  0.84
-11.33  0.92
-11.32  1
-11.31  1.05
-11.3  1.17
-11.29  1.2
-11.28  1.3
-11.27  1.43
-11.26  1.53
-11.25  1.68
-11.24  1.91
-11.23  2.06
-11.22  2.21
-11.21  2.49
-11.2  2.65
-11.19  3
-11.18  3.1
-11.17  3.25
-11.16  3.48
-11.15  3.45
-11.14  3.44
-11.13  3.5
-11.12  3.24
-11.11  3.1
-11.1  2.95
-11.09  2.65
-11.08  2.56
-11.07  2.23
-11.06  2.04
-11.05  1.95
-11.04  1.7
-11.03  1.6
-11.02  1.45
-11.01  1.36
-11  1.21
-10.99  1.21
-10.98  1.07
-10.97  1.04
-10.96  0.92
-10.95  0.89
-10.94  0.86
-10.93  0.81
-10.92  0.77
-10.91  0.78
-10.9  0.7
-10.89  0.73
-10.88  0.67
-10.87  0.66
-10.86  0.7
-10.85  0.64
-10.84  0.62
-10.83  0.6
-10.82  0.64
-10.81  0.63
-10.8  0.61
-10.79  0.61
-10.78  0.63
-10.77  0.64
-10.76  0.66
-10.75  0.64
-10.74  0.66
-10.73  0.69
-10.72  0.7
-10.71  0.69
-10.7  0.71
-10.69  0.76
-10.68  0.81
-10.67  0.83
-10.66  0.84
-10.65  0.95
-10.64  0.97
-10.63  1.05
-10.62  1.04
-10.61  1.12
-10.6  1.21
-10.59  1.29
-10.58  1.39
-10.57  1.46
-10.56  1.57
-10.55  1.75
-10.54  1.83
-10.53  2.01
-10.52  2.18
-10.51  2.31
-10.5  2.5
-10.49  2.54
-10.48  2.76
-10.47  2.96
-10.46  2.95
-10.45  3.06
-10.44  3
-10.43  2.98
-10.42  2.93
-10.41  2.81
-10.4  2.62
-10.39  2.58
-10.38  2.39
-10.37  2.25
-10.36  2
-10.35  1.93
-10.34  1.8
-10.33  1.69
-10.32  1.53
-10.31  1.46
-10.3  1.38
-10.29  1.26
-10.28  1.2
-10.27  1.09
-10.26  1.09
-10.25  1
-10.24  0.98
-10.23  0.91
-10.22  0.9
-10.21  0.83
-10.2  0.86
-10.19  0.79
-10.18  0.77
-10.17  0.8
-10.16  0.73
-10.15  0.74
-10.14  0.73
-10.13  0.7
-10.12  0.72
-10.11  0.72
-10.1  0.68
-10.09  0.73
-10.08  0.72
-10.07  0.71
-10.06  0.73
-10.05  0.76
-10.04  0.72
-10.03  0.77
-10.02  0.79
-10.01  0.76
-10  0.82
-9.99  0.85
-9.98  0.89
-9.97  0.92
-9.96  0.97
-9.95  0.97
-9.94  1.03
-9.93  1.08
-9.92  1.09
-9.91  1.22
-9.9  1.3
-9.89  1.32
-9.88  1.44
-9.87  1.54
-9.86  1.6
-9.85  1.72
-9.84  1.87
-9.83  1.85
-9.82  2.07
-9.81  2.22
-9.8  2.2
-9.79  2.44
-9.78  2.49
-9.77  2.53
-9.76  2.69
-9.75  2.7
-9.74  2.64
-9.73  2.69
-9.72  2.67
-9.71  2.53
-9.7  2.52
-9.69  2.38
-9.68  2.19
-9.67  2.2
-9.66  2.04
-9.65  1.88
-9.64  1.83
-9.63  1.71
-9.62  1.56
-9.61  1.56
-9.6  1.44
-9.59  1.31
-9.58  1.28
-9.57  1.22
-9.56  1.12
-9.55  1.16
-9.54  1.07
-9.53  0.96
-9.52  1.06
-9.51  0.92
-9.5  0.92
-9.49  0.9
-9.48  0.86
-9.47  0.87
-9.46  0.81
-9.45  0.81
-9.44  0.81
-9.43  0.83
-9.42  0.79
-9.41  0.77
-9.4  0.78
-9.39  0.81
-9.38  0.8
-9.37  0.81
-9.36  0.76
-9.35  0.84
-9.34  0.82
-9.33  0.85
-9.32  0.82
-9.31  0.89
-9.3  0.91
-9.29  0.92
-9.28  0.92
-9.27  1
-9.26  1.01
-9.25  1.09
-9.24  1.04
-9.23  1.17
-9.22  1.17
-9.21  1.27
-9.2  1.31
-9.19  1.37
-9.18  1.44
-9.17  1.53
-9.16  1.63
-9.15  1.63
-9.14  1.83
-9.13  1.85
-9.12  1.97
-9.11  2.01
-9.1  2.17
-9.09  2.19
-9.08  2.35
-9.07  2.29
-9.06  2.43
-9.05  2.35
-9.04  2.51
-9.03  2.47
-9.02  2.37
-9.01  2.4
-9  2.27
-8.99  2.27
-8.98  2.11
-8.97  2.08
-8.96  1.96
-8.95  1.92
-8.94  1.75
-8.93  1.76
-8.92  1.63
-8.91  1.55
-8.9  1.5
-8.89  1.43
-8.88  1.29
-8.87  1.32
-8.86  1.25
-8.85  1.14
-8.84  1.16
-8.83  1.06
-8.82  1.08
-8.81  1.01
-8.8  1.02
-8.79  0.96
-8.78  0.93
-8.77  0.96
-8.76  0.91
-8.75  0.9
-8.74  0.89
-8.73  0.88
-8.72  0.85
-8.71  0.88
-8.7  0.86
-8.69  0.87
-8.68  0.86
-8.67  0.85
-8.66  0.86
-8.65  0.89
-8.64  0.91
-8.63  0.92
-8.62  0.95
-8.61  0.93
-8.6  0.95
-8.59  0.96
-8.58  1.02
-8.57  1.05
-8.56  1.06
-8.55  1.13
-8.54  1.13
-8.53  1.19
-8.52  1.25
-8.51  1.31
-8.5  1.33
-8.49  1.36
-8.48  1.45
-8.47  1.48
-8.46  1.63
-8.45  1.7
-8.44  1.72
-8.43  1.8
-8.42  1.87
-8.41  1.99
-8.4  1.99
-8.39  2.11
-8.38  2.07
-8.37  2.19
-8.36  2.22
-8.35  2.22
-8.34  2.24
-8.33  2.26
-8.32  2.18
-8.31  2.24
-8.3  2.18
-8.29  2.11
-8.28  2.05
-8.27  1.95
-8.26  1.97
-8.25  1.91
-8.24  1.73
-8.23  1.72
-8.22  1.67
-8.21  1.53
-8.2  1.49
-8.19  1.46
-8.18  1.35
-8.17  1.36
-8.16  1.3
-8.15  1.25
-8.14  1.2
-8.13  1.14
-8.12  1.13
-8.11  1.1
-8.1  1.06
-8.09  1.09
-8.08  1.02
-8.07  1
-8.06  1
-8.05  0.95
-8.04  0.93
-8.03  0.95
-8.02  0.94
-8.01  0.93
-8  0.94
-7.99  0.94
-7.98  0.91
-7.97  0.92
-7.96  0.96
-7.95  0.94
-7.94  0.95
-7.93  0.98
-7.92  0.99
-7.91  1.03
-7.9  0.98
-7.89  1.05
-7.88  1.08
-7.87  1.09
-7.86  1.12
-7.85  1.13
-7.84  1.23
-7.83  1.21
-7.82  1.23
-7.81  1.31
-7.8  1.36
-7.79  1.37
-7.78  1.48
-7.77  1.59
-7.76  1.59
-7.75  1.65
-7.74  1.63
-7.73  1.76
-7.72  1.75
-7.71  1.91
-7.7  1.89
-7.69  1.98
-7.68  2.01
-7.67  2.04
-7.66  2.05
-7.65  2.12
-7.64  2.08
-7.63  2.1
-7.62  2.04
-7.61  2.08
-7.6  2.02
-7.59  2.02
-7.58  1.94
-7.57  1.93
-7.56  1.94
-7.55  1.79
-7.54  1.78
-7.53  1.68
-7.52  1.61
-7.51  1.57
-7.5  1.54
-7.49  1.47
-7.48  1.41
-7.47  1.37
-7.46  1.37
-7.45  1.26
-7.44  1.27
-7.43  1.19
-7.42  1.19
-7.41  1.13
-7.4  1.16
-7.39  1.12
-7.38  1.07
-7.37  1.09
-7.36  1.02
-7.35  1.02
-7.34  1.02
-7.33  1.01
-7.32  0.98
-7.31  0.99
-7.3  1
-7.29  0.97
-7.28  1.1
-7.27  0.94
-7.26  0.96
-7.25  1.07
-7.24  0.99
-7.23  1.02
-7.22  1.05
-7.21  1.05
-7.2  1.08
-7.19  1.07
-7.18  1.1
-7.17  1.16
-7.16  1.12
-7.15  1.19
-7.14  1.26
-7.13  1.18
-7.12  1.34
-7.11  1.36
-7.1  1.39
-7.09  1.39
-7.08  1.43
-7.07  1.56
-7.06  1.51
-7.05  1.69
-7.04  1.62
-7.03  1.63
-7.02  1.81
-7.01  1.74
-7  1.88
-6.99  1.85
-6.98  1.86
-6.97  2.01
-6.96  1.92
-6.95  1.91
-6.94  2
-6.93  1.96
-6.92  2.03
-6.91  1.95
-6.9  1.88
-6.89  1.99
-6.88  1.85
-6.87  1.91
-6.86  1.76
-6.85  1.76
-6.84  1.76
-6.83  1.65
-6.82  1.67
-6.81  1.55
-6.8  1.52
-6.79  1.52
-6.78  1.43
-6.77  1.41
-6.76  1.3
-6.75  1.32
-6.74  1.33
-6.73  1.25
-6.72  1.21
-6.71  1.28
-6.7  1.15
-6.69  1.16
-6.68  1.11
-6.67  1.11
-6.66  1.11
-6.65  1.06
-6.64  1.1
-6.63  1.06
-6.62  1.07
-6.61  1.04
-6.6  1.03
-6.59  1.09
-6.58  1.04
-6.57  1.07
-6.56  1.05
-6.55  1.01
-6.54  1.08
-6.53  1.09
-6.52  1.04
-6.51  1.1
-6.5  1.13
-6.49  1.1
-6.48  1.17
-6.47  1.17
-6.46  1.22
-6.45  1.21
-6.44  1.26
-6.43  1.3
-6.42  1.27
-6.41  1.36
-6.4  1.42
-6.39  1.39
-6.38  1.48
-6.37  1.5
-6.36  1.5
-6.35  1.56
-6.34  1.67
-6.33  1.63
-6.32  1.67
-6.31  1.81
-6.3  1.75
-6.29  1.77
-6.28  1.79
-6.27  1.86
-6.26  1.84
-6.25  1.88
-6.24  1.86
-6.23  1.9
-6.22  1.87
-6.21  1.92
-6.2  1.85
-6.19  1.83
-6.18  1.83
-6.17  1.78
-6.16  1.8
-6.15  1.69
-6.14  1.68
-6.13  1.63
-6.12  1.65
-6.11  1.6
-6.1  1.5
-6.09  1.53
-6.08  1.43
-6.07  1.44
-6.06  1.35
-6.05  1.36
-6.04  1.31
-6.03  1.29
-6.02  1.29
-6.01  1.23
-6  1.25
-5.99  1.18
-5.98  1.23
-5.97  1.18
-5.96  1.1
-5.95  1.12
-5.94  1.18
-5.93  1.11
-5.92  1.09
-5.91  1.12
-5.9  1.07
-5.89  1.09
-5.88  1.07
-5.87  1.11
-5.86  1.11
-5.85  1.1
-5.84  1.06
-5.83  1.11
-5.82  1.18
-5.81  1.13
-5.8  1.21
-5.79  1.13
-5.78  1.16
-5.77  1.29
-5.76  1.16
-5.75  1.3
-5.74  1.19
-5.73  1.31
-5.72  1.36
-5.71  1.36
-5.7  1.43
-5.69  1.45
-5.68  1.4
-5.67  1.47
-5.66  1.52
-5.65  1.57
-5.64  1.56
-5.63  1.6
-5.62  1.66
-5.61  1.67
-5.6  1.75
-5.59  1.73
-5.58  1.76
-5.57  1.7
-5.56  1.8
-5.55  1.8
-5.54  1.86
-5.53  1.83
-5.52  1.75
-5.51  1.81
-5.5  1.82
-5.49  1.8
-5.48  1.76
-5.47  1.7
-5.46  1.69
-5.45  1.69
-5.44  1.69
-5.43  1.64
-5.42  1.59
-5.41  1.51
-5.4  1.54
-5.39  1.54
-5.38  1.44
-5.37  1.47
-5.36  1.35
-5.35  1.39
-5.34  1.36
-5.33  1.35
-5.32  1.28
-5.31  1.32
-5.3  1.2
-5.29  1.25
-5.28  1.25
-5.27  1.17
-5.26  1.19
-5.25  1.17
-5.24  1.17
-5.23  1.18
-5.22  1.18
-5.21  1.15
-5.2  1.09
-5.19  1.16
-5.18  1.13
-5.17  1.14
-5.16  1.06
-5.15  1.19
-5.14  1.11
-5.13  1.2
-5.12  1.17
-5.11  1.15
-5.1  1.21
-5.09  1.21
-5.08  1.26
-5.07  1.24
-5.06  1.2
-5.05  1.29
-5.04  1.29
-5.03  1.3
-5.02  1.33
-5.01  1.43
-5  1.39
-4.99  1.41
-4.98  1.43
-4.97  1.42
-4.96  1.54
-4.95  1.55
-4.94  1.54
-4.93  1.58
-4.92  1.59
-4.91  1.66
-4.9  1.68
-4.89  1.69
-4.88  1.71
-4.87  1.62
-4.86  1.8
-4.85  1.73
-4.84  1.79
-4.83  1.76
-4.82  1.7
-4.81  1.74
-4.8  1.73
-4.79  1.79
-4.78  1.74
-4.77  1.62
-4.76  1.64
-4.75  1.66
-4.74  1.64
-4.73  1.55
-4.72  1.59
-4.71  1.57
-4.7  1.52
-4.69  1.53
-4.68  1.41
-4.67  1.5
-4.66  1.44
-4.65  1.39
-4.64  1.39
-4.63  1.26
-4.62  1.35
-4.61  1.32
-4.6  1.28
-4.59  1.32
-4.58  1.17
-4.57  1.28
-4.56  1.24
-4.55  1.23
-4.54  1.2
-4.53  1.14
-4.52  1.22
-4.51  1.22
-4.5  1.13
-4.49  1.15
-4.48  1.23
-4.47  1.17
-4.46  1.19
-4.45  1.18
-4.44  1.14
-4.43  1.19
-4.42  1.22
-4.41  1.19
-4.4  1.21
-4.39  1.17
-4.38  1.28
-4.37  1.29
-4.36  1.26
-4.35  1.33
-4.34  1.33
-4.33  1.34
-4.32  1.33
-4.31  1.41
-4.3  1.37
-4.29  1.35
-4.28  1.5
-4.27  1.44
-4.26  1.51
-4.25  1.49
-4.24  1.58
-4.23  1.53
-4.22  1.61
-4.21  1.57
-4.2  1.65
-4.19  1.58
-4.18  1.6
-4.17  1.72
-4.16  1.65
-4.15  1.72
-4.14  1.68
-4.13  1.72
-4.12  1.69
-4.11  1.74
-4.1  1.71
-4.09  1.72
-4.08  1.57
-4.07  1.67
-4.06  1.64
-4.05  1.6
-4.04  1.58
-4.03  1.6
-4.02  1.57
-4.01  1.53
-4  1.52
-3.99  1.53
-3.98  1.41
-3.97  1.47
-3.96  1.39
-3.95  1.4
-3.94  1.41
-3.93  1.43
-3.92  1.33
-3.91  1.32
-3.9  1.32
-3.89  1.3
-3.88  1.22
-3.87  1.3
-3.86  1.25
-3.85  1.26
-3.84  1.21
-3.83  1.28
-3.82  1.22
-3.81  1.18
-3.8  1.25
-3.79  1.2
-3.78  1.22
-3.77  1.12
-3.76  1.25
-3.75  1.21
-3.74  1.25
-3.73  1.2
-3.72  1.24
-3.71  1.25
-3.7  1.2
-3.69  1.28
-3.68  1.31
-3.67  1.25
-3.66  1.3
-3.65  1.3
-3.64  1.31
-3.63  1.36
-3.62  1.35
-3.61  1.4
-3.6  1.41
-3.59  1.45
-3.58  1.37
-3.57  1.44
-3.56  1.49
-3.55  1.49
-3.54  1.5
-3.53  1.53
-3.52  1.55
-3.51  1.68
-3.5  1.59
-3.49  1.55
-3.48  1.63
-3.47  1.6
-3.46  1.61
-3.45  1.62
-3.44  1.62
-3.43  1.78
-3.42  1.6
-3.41  1.64
-3.4  1.64
-3.39  1.66
-3.38  1.63
-3.37  1.66
-3.36  1.59
-3.35  1.62
-3.34  1.56
-3.33  1.57
-3.32  1.53
-3.31  1.51
-3.3  1.5
-3.29  1.51
-3.28  1.46
-3.27  1.47
-3.26  1.45
-3.25  1.34
-3.24  1.42
-3.23  1.39
-3.22  1.41
-3.21  1.32
-3.2  1.26
-3.19  1.36
-3.18  1.33
-3.17  1.27
-3.16  1.3
-3.15  1.27
-3.14  1.25
-3.13  1.28
-3.12  1.27
-3.11  1.21
-3.1  1.3
-3.09  1.22
-3.08  1.26
-3.07  1.21
-3.06  1.25
-3.05  1.21
-3.04  1.21
-3.03  1.23
-3.02  1.29
-3.01  1.3
-3  1.25
-2.99  1.27
-2.98  1.27
-2.97  1.28
-2.96  1.32
-2.95  1.33
-2.94  1.39
-2.93  1.29
-2.92  1.41
-2.91  1.39
-2.9  1.34
-2.89  1.51
-2.88  1.4
-2.87  1.48
-2.86  1.39
-2.85  1.48
-2.84  1.56
-2.83  1.46
-2.82  1.59
-2.81  1.49
-2.8  1.61
-2.79  1.51
-2.78  1.56
-2.77  1.7
-2.76  1.54
-2.75  1.64
-2.74  1.57
-2.73  1.67
-2.72  1.58
-2.71  1.59
-2.7  1.65
-2.69  1.56
-2.68  1.66
-2.67  1.57
-2.66  1.64
-2.65  1.5
-2.64  1.59
-2.63  1.57
-2.62  1.51
-2.61  1.59
-2.6  1.42
-2.59  1.51
-2.58  1.41
-2.57  1.45
-2.56  1.53
-2.55  1.4
-2.54  1.39
-2.53  1.36
-2.52  1.44
-2.51  1.32
-2.5  1.36
-2.49  1.31
-2.48  1.3
-2.47  1.32
-2.46  1.31
-2.45  1.38
-2.44  1.26
-2.43  1.2
-2.42  1.33
-2.41  1.22
-2.4  1.37
-2.39  1.17
-2.38  1.26
-2.37  1.33
-2.36  1.23
-2.35  1.29
-2.34  1.23
-2.33  1.27
-2.32  1.29
-2.31  1.3
-2.3  1.27
-2.29  1.26
-2.28  1.33
-2.27  1.31
-2.26  1.33
-2.25  1.34
-2.24  1.33
-2.23  1.28
-2.22  1.39
-2.21  1.42
-2.2  1.46
-2.19  1.43
-2.18  1.43
-2.17  1.41
-2.16  1.45
-2.15  1.51
-2.14  1.46
-2.13  1.59
-2.12  1.4
-2.11  1.49
-2.1  1.64
-2.09  1.55
-2.08  1.58
-2.07  1.48
-2.06  1.55
-2.05  1.67
-2.04  1.57
-2.03  1.64
-2.02  1.49
-2.01  1.57
-2  1.64
-1.99  1.56
-1.98  1.58
-1.97  1.62
-1.96  1.41
-1.95  1.59
-1.94  1.53
-1.93  1.64
-1.92  1.52
-1.91  1.48
-1.9  1.51
-1.89  1.49
-1.88  1.48
-1.87  1.48
-1.86  1.38
-1.85  1.42
-1.84  1.44
-1.83  1.33
-1.82  1.42
-1.81  1.42
-1.8  1.31
-1.79  1.35
-1.78  1.34
-1.77  1.31
-1.76  1.37
-1.75  1.27
-1.74  1.38
-1.73  1.28
-1.72  1.28
-1.71  1.26
-1.7  1.28
-1.69  1.33
-1.68  1.28
-1.67  1.29
-1.66  1.32
-1.65  1.29
-1.64  1.27
-1.63  1.26
-1.62  1.3
-1.61  1.3
-1.6  1.23
-1.59  1.34
-1.58  1.41
-1.57  1.34
-1.56  1.28
-1.55  1.33
-1.54  1.34
-1.53  1.38
-1.52  1.39
-1.51  1.35
-1.5  1.5
-1.49  1.39
-1.48  1.38
-1.47  1.42
-1.46  1.48
-1.45  1.46
-1.44  1.43
-1.43  1.5
-1.42  1.62
-1.41  1.51
-1.4  1.43
-1.39  1.56
-1.38  1.55
-1.37  1.51
-1.36  1.54
-1.35  1.66
-1.34  1.54
-1.33  1.49
-1.32  1.54
-1.31  1.6
-1.3  1.55
-1.29  1.55
-1.28  1.52
-1.27  1.64
-1.26  1.5
-1.25  1.55
-1.24  1.43
-1.23  1.63
-1.22  1.46
-1.21  1.45
-1.2  1.51
-1.19  1.5
-1.18  1.46
-1.17  1.46
-1.16  1.37
-1.15  1.49
-1.14  1.45
-1.13  1.38
-1.12  1.4
-1.11  1.44
-1.1  1.31
-1.09  1.39
-1.08  1.38
-1.07  1.27
-1.06  1.35
-1.05  1.33
-1.04  1.32
-1.03  1.35
-1.02  1.28
-1.01  1.32
-1  1.31
-0.99  1.3
-0.98  1.27
-0.97  1.33
-0.96  1.34
-0.95  1.28
-0.94  1.3
-0.93  1.33
-0.92  1.38
-0.91  1.22
-0.9  1.36
-0.89  1.34
-0.88  1.37
-0.87  1.3
-0.86  1.36
-0.85  1.35
-0.84  1.36
-0.83  1.32
-0.82  1.37
-0.81  1.41
-0.8  1.43
-0.79  1.39
-0.78  1.43
-0.77  1.48
-0.76  1.48
-0.75  1.37
-0.74  1.45
-0.73  1.48
-0.72  1.5
-0.71  1.49
-0.7  1.5
-0.69  1.51
-0.68  1.6
-0.67  1.53
-0.66  1.5
-0.65  1.51
-0.64  1.56
-0.63  1.58
-0.62  1.46
-0.61  1.57
-0.6  1.56
-0.59  1.56
-0.58  1.47
-0.57  1.52
-0.56  1.52
-0.55  1.58
-0.54  1.47
-0.53  1.49
-0.52  1.54
-0.51  1.51
-0.5  1.34
-0.49  1.56
-0.48  1.48
-0.47  1.4
-0.46  1.42
-0.45  1.44
-0.44  1.48
-0.43  1.44
-0.42  1.33
-0.41  1.4
-0.4  1.45
-0.39  1.38
-0.38  1.34
-0.37  1.37
-0.36  1.36
-0.35  1.31
-0.34  1.32
-0.33  1.34
-0.32  1.32
-0.31  1.4
-0.3  1.26
-0.29  1.35
-0.28  1.3
-0.27  1.3
-0.26  1.36
-0.25  1.3
-0.24  1.31
-0.23  1.37
-0.22  1.27
-0.21  1.35
-0.2  1.38
-0.19  1.3
-0.18  1.42
-0.17  1.26
-0.16  1.34
-0.15  1.43
-0.14  1.37
-0.13  1.34
-0.12  1.39
-0.11  1.48
-0.1  1.32
-0.09  1.35
-0.08  1.52
-0.07  1.37
-0.06  1.45
-0.05  1.52
-0.04  1.48
-0.03  1.42
-0.02  1.46
-0.01  1.47
-2.16197e-11  1.54
0.0001  0
0.0101  1.47
0.0201  1.49
0.0301  1.48
0.0401  1.62
0.0501  1.47
0.0601  1.63
0.0701  1.6
0.0801  1.67
0.0901  1.62
0.1001  1.74
0.1101  1.74
0.1201  1.73
0.1301  1.87
0.1401  1.86
0.1501  1.88
0.1601  2.01
0.1701  2.01
0.1801  2
0.1901  2.09
0.2001  2.11
0.2101  2.28
0.2201  2.24
0.2301  2.29
0.2401  2.47
0.2501  2.31
0.2601  2.52
0.2701  2.57
0.2801  2.53
0.2901  2.64
0.3001  2.53
0.3101  2.62
0.3201  2.64
0.3301  2.62
0.3401  2.7
0.3501  2.66
0.3601  2.61
0.3701  2.53
0.3801  2.57
0.3901  2.36
0.4001  2.44
0.4101  2.47
0.4201  2.27
0.4301  2.25
0.4401  2.27
0.4501  2.14
0.4601  2.17
0.4701  2
0.4801  2
0.4901  1.98
0.5001  1.96
0.5101  1.8
0.5201  1.89
0.5301  1.81
0.5401  1.72
0.5501  1.75
0.5601  1.65
0.5701  1.67
0.5801  1.66
0.5901  1.65
0.6001  1.57
0.6101  1.62
0.6201  1.62
0.6301  1.58
0.6401  1.48
0.6501  1.57
0.6601  1.47
0.6701  1.63
0.6801  1.55
0.6901  1.53
0.7001  1.47
0.7101  1.56
0.7201  1.64
0.7301  1.49
0.7401  1.54
0.7501  1.65
0.7601  1.65
0.7701  1.63
0.7801  1.57
0.7901  1.73
0.8001  1.75
0.8101  1.73
0.8201  1.76
0.8301  1.76
0.8401  1.93
0.8501  1.85
0.8601  1.95
0.8701  1.97
0.8801  2.02
0.8901  1.98
0.9001  2.19
0.9101  2.12
0.9201  2.16
0.9301  2.25
0.9401  2.3
0.9501  2.32
0.9601  2.45
0.9701  2.4
0.9801  2.5
0.9901  2.44
1.0001  2.53
1.0101  2.54
1.0201  2.55
1.0301  2.58
1.0401  2.53
1.0501  2.52
1.0601  2.53
1.0701  2.59
1.0801  2.43
1.0901  2.51
1.1001  2.42
1.1101  2.38
1.1201  2.35
1.1301  2.35
1.1401  2.17
1.1501  2.23
1.1601  2.23
1.1701  2.11
1.1801  1.98
1.1901  2.06
1.2001  2.03
1.2101  1.91
1.2201  1.83
1.2301  1.92
1.2401  1.8
1.2501  1.83
1.2601  1.76
1.2701  1.76
1.2801  1.73
1.2901  1.66
1.3001  1.66
1.3101  1.7
1.3201  1.59
1.3301  1.66
1.3401  1.59
1.3501  1.61
1.3601  1.59
1.3701  1.62
1.3801  1.58
1.3901  1.61
1.4001  1.63
1.4101  1.56
1.4201  1.58
1.4301  1.65
1.4401  1.65
1.4501  1.63
1.4601  1.61
1.4701  1.61
1.4801  1.69
1.4901  1.8
1.5001  1.71
1.5101  1.73
1.5201  1.78
1.5301  1.89
1.5401  1.76
1.5501  1.86
1.5601  1.93
1.5701  1.99
1.5801  1.97
1.5901  2.04
1.6001  2.05
1.6101  2.2
1.6201  2.15
1.6301  2.22
1.6401  2.2
1.6501  2.23
1.6601  2.38
1.6701  2.38
1.6801  2.37
1.6901  2.41
1.7001  2.44
1.7101  2.43
1.7201  2.4
1.7301  2.52
1.7401  2.5
1.7501  2.44
1.7601  2.5
1.7701  2.42
1.7801  2.47
1.7901  2.44
1.8001  2.4
1.8101  2.44
1.8201  2.3
1.8301  2.28
1.8401  2.33
1.8501  2.27
1.8601  2.11
1.8701  2.18
1.8801  2
1.8901  2.14
1.9001  1.99
1.9101  1.95
1.9201  2.02
1.9301  1.9
1.9401  1.86
1.9501  1.89
1.9601  1.84
1.9701  1.7
1.9801  1.81
1.9901  1.79
2.0001  1.74
2.0101  1.64
2.0201  1.75
2.0301  1.66
2.0401  1.69
2.0501  1.67
2.0601  1.58
2.0701  1.69
2.0801  1.71
2.0901  1.53
2.1001  1.65
2.1101  1.69
2.1201  1.71
2.1301  1.68
2.1401  1.71
2.1501  1.57
2.1601  1.71
2.1701  1.66
2.1801  1.73
2.1901  1.7
2.2001  1.72
2.2101  1.88
2.2201  1.79
2.2301  1.82
2.2401  1.86
2.2501  1.88
2.2601  1.9
2.2701  1.95
2.2801  2.01
2.2901  2.06
2.3001  1.92
2.3101  2.1
2.3201  2.17
2.3301  2.12
2.3401  2.23
2.3501  2.26
2.3601  2.38
2.3701  2.22
2.3801  2.29
2.3901  2.35
2.4001  2.35
2.4101  2.38
2.4201  2.48
2.4301  2.42
2.4401  2.42
2.4501  2.43
2.4601  2.35
2.4701  2.49
2.4801  2.35
2.4901  2.39
2.5001  2.33
2.5101  2.36
2.5201  2.36
2.5301  2.25
2.5401  2.22
2.5501  2.29
2.5601  2.18
2.5701  2.08
2.5801  2.14
2.5901  2.16
2.6001  2.14
2.6101  1.97
2.6201  1.96
2.6301  1.9
2.6401  1.93
2.6501  1.89
2.6601  1.81
2.6701  1.84
2.6801  1.93
2.6901  1.75
2.7001  1.81
2.7101  1.71
2.7201  1.77
2.7301  1.75
2.7401  1.67
2.7501  1.74
2.7601  1.65
2.7701  1.75
2.7801  1.66
2.7901  1.7
2.8001  1.66
2.8101  1.7
2.8201  1.67
2.8301  1.67
2.8401  1.73
2.8501  1.73
2.8601  1.83
2.8701  1.72
2.8801  1.7
2.8901  1.75
2.9001  1.78
2.9101  1.79
2.9201  1.87
2.9301  1.81
2.9401  1.85
2.9501  1.95
2.9601  1.88
2.9701  1.96
2.9801  1.97
2.9901  2.01
3.0001  2.05
3.0101  2.14
3.0201  2.02
3.0301  2.2
3.0401  2.13
3.0501  2.15
3.0601  2.31
3.0701  2.26
3.0801  2.27
3.0901  2.27
3.1001  2.35
3.1101  2.33
3.1201  2.33
3.1301  2.36
3.1401  2.38
3.1501  2.38
3.1601  2.42
3.1701  2.33
3.1801  2.28
3.1901  2.44
3.2001  2.26
3.2101  2.39
3.2201  2.22
3.2301  2.32
3.2401  2.2
3.2501  2.19
3.2601  2.19
3.2701  2.12
3.2801  2.18
3.2901  2.13
3.3001  2.01
3.3101  2.06
3.3201  1.97
3.3301  2.03
3.3401  1.93
3.3501  1.99
3.3601  1.83
3.3701  1.86
3.3801  1.83
3.3901  1.9
3.4001  1.85
3.4101  1.76
3.4201  1.71
3.4301  1.8
3.4401  1.81
3.4501  1.75
3.4601  1.75
3.4701  1.68
3.4801  1.73
3.4901  1.7
3.5001  1.79
3.5101  1.75
3.5201  1.71
3.5301  1.77
3.5401  1.67
3.5501  1.75
3.5601  1.77
3.5701  1.76
3.5801  1.79
3.5901  1.81
3.6001  1.69
3.6101  1.93
3.6201  1.9
3.6301  1.88
3.6401  1.84
3.6501  1.98
3.6601  1.86
3.6701  1.98
3.6801  1.96
3.6901  1.97
3.7001  2.07
3.7101  2.1
3.7201  2.11
3.7301  2.09
3.7401  2.15
3.7501  2.16
3.7601  2.31
3.7701  2.08
3.7801  2.35
3.7901  2.23
3.8001  2.21
3.8101  2.31
3.8201  2.32
3.8301  2.29
3.8401  2.31
3.8501  2.35
3.8601  2.37
3.8701  2.31
3.8801  2.3
3.8901  2.3
3.9001  2.28
3.9101  2.28
3.9201  2.26
3.9301  2.24
3.9401  2.22
3.9501  2.22
3.9601  2.21
3.9701  2.14
3.9801  2.09
3.9901  2.06
4.0001  2.09
4.0101  1.98
4.0201  2.08
4.0301  2.02
4.0401  1.92
4.0501  1.94
4.0601  1.92
4.0701  2
4.0801  1.79
4.0901  1.86
4.1001  1.86
4.1101  1.86
4.1201  1.76
4.1301  1.91
4.1401  1.75
4.1501  1.84
4.1601  1.7
4.1701  1.79
4.1801  1.8
4.1901  1.74
4.2001  1.78
4.2101  1.75
4.2201  1.77
4.2301  1.68
4.2401  1.89
4.2501  1.76
4.2601  1.76
4.2701  1.76
4.2801  1.82
4.2901  1.78
4.3001  1.89
4.3101  1.84
4.3201  1.85
4.3301  1.98
4.3401  1.84
4.3501  1.93
4.3601  1.96
4.3701  1.9
4.3801  2.01
4.3901  2.02
4.4001  1.98
4.4101  2.14
4.4201  2
4.4301  2.12
4.4401  2.19
4.4501  2.17
4.4601  2.16
4.4701  2.16
4.4801  2.27
4.4901  2.17
4.5001  2.29
4.5101  2.24
4.5201  2.24
4.5301  2.24
4.5401  2.34
4.5501  2.3
4.5601  2.26
4.5701  2.27
4.5801  2.33
4.5901  2.29
4.6001  2.21
4.6101  2.21
4.6201  2.25
4.6301  2.25
4.6401  2.24
4.6501  2.14
4.6601  2.22
4.6701  2.1
4.6801  2.16
4.6901  1.97
4.7001  2.18
4.7101  2.01
4.7201  2.02
4.7301  1.9
4.7401  2.05
4.7501  1.98
4.7601  1.93
4.7701  1.93
4.7801  1.95
4.7901  1.82
4.8001  1.94
4.8101  1.84
4.8201  1.85
4.8301  1.82
4.8401  1.9
4.8501  1.7
4.8601  1.88
4.8701  1.74
4.8801  1.82
4.8901  1.78
4.9001  1.88
4.9101  1.73
4.9201  1.85
4.9301  1.82
4.9401  1.74
4.9501  1.81
4.9601  1.79
4.9701  1.8
4.9801  1.89
4.9901  1.86
5.0001  1.83
5.0101  1.85
5.0201  1.86
5.0301  1.93
5.0401  1.91
5.0501  2
5.0601  1.94
5.0701  1.92
5.0801  1.96
5.0901  2.06
5.1001  2.04
5.1101  2.01
5.1201  2.14
5.1301  2.07
5.1401  2.11
5.1501  2.14
5.1601  2.19
5.1701  2.15
5.1801  2.13
5.1901  2.23
5.2001  2.17
5.2101  2.3
5.2201  2.22
5.2301  2.31
5.2401  2.2
5.2501  2.2
5.2601  2.28
5.2701  2.32
5.2801  2.2
5.2901  2.25
5.3001  2.16
5.3101  2.22
5.3201  2.27
5.3301  2.22
5.3401  2.13
5.3501  2.1
5.3601  2.22
5.3701  2.08
5.3801  2.08
5.3901  2.18
5.4001  1.98
5.4101  2.15
5.4201  2.02
5.4301  2
5.4401  2.04
5.4501  1.93
5.4601  1.91
5.4701  2.03
5.4801  1.87
5.4901  1.94
5.5001  1.9
5.5101  1.87
5.5201  1.81
5.5301  1.9
5.5401  1.84
5.5501  1.92
5.5601  1.81
5.5701  1.7
5.5801  1.89
5.5901  1.87
5.6001  1.82
5.6101  1.81
5.6201  1.76
5.6301  1.87
5.6401  1.84
5.6501  1.77
5.6601  1.93
5.6701  1.85
5.6801  1.9
5.6901  1.79
5.7001  1.94
5.7101  1.86
5.7201  1.89
5.7301  1.93
5.7401  1.92
5.7501  1.97
5.7601  1.95
5.7701  1.98
5.7801  1.99
5.7901  1.96
5.8001  2.12
5.8101  1.95
5.8201  2.11
5.8301  2.08
5.8401  2.14
5.8501  2.05
5.8601  2.07
5.8701  2.21
5.8801  2.22
5.8901  2.2
5.9001  2.17
5.9101  2.21
5.9201  2.26
5.9301  2.17
5.9401  2.19
5.9501  2.21
5.9601  2.27
5.9701  2.24
5.9801  2.25
5.9901  2.16
6.0001  2.14
6.0101  2.2
6.0201  2.23
6.0301  2.13
6.0401  2.18
6.0501  2.06
6.0601  2.15
6.0701  2.18
6.0801  2.13
6.0901  2.07
6.1001  2.05
6.1101  2.03
6.1201  2.07
6.1301  1.96
6.1401  2.06
6.1501  1.95
6.1601  1.94
6.1701  2.02
6.1801  1.97
6.1901  1.91
6.2001  1.9
6.2101  1.9
6.2201  1.83
6.2301  1.91
6.2401  1.88
6.2501  1.91
6.2601  1.78
6.2701  1.87
6.2801  1.88
6.2901  1.9
6.3001  1.79
6.3101  1.88
6.3201  1.8
6.3301  1.87
6.3401  1.89
6.3501  1.84
6.3601  1.83
6.3701  1.84
6.3801  1.95
6.3901  1.8
6.4001  1.93
6.4101  1.96
6.4201  1.86
6.4301  1.91
6.4401  2.02
6.4501  1.93
6.4601  1.99
6.4701  2.01
6.4801  2.04
6.4901  1.88
6.5001  2.07
6.5101  2.09
6.5201  2.06
6.5301  2.09
6.5401  2.03
6.5501  2.12
6.5601  2.16
6.5701  2.15
6.5801  2.09
6.5901  2.15
6.6001  2.22
6.6101  2.18
6.6201  2.17
6.6301  2.13
6.6401  2.24
6.6501  2.19
6.6601  2.17
6.6701  2.13
6.6801  2.3
6.6901  2.14
6.7001  2.2
6.7101  2.11
6.7201  2.2
6.7301  2.21
6.7401  2.18
6.7501  2.11
6.7601  2.08
6.7701  2.14
6.7801  2.06
6.7901  2.06
6.8001  2.08
6.8101  2.05
6.8201  2.02
6.8301  2.03
6.8401  2.06
6.8501  1.91
6.8601  2.03
6.8701  1.96
6.8801  1.96
6.8901  1.92
6.9001  1.87
6.9101  1.98
6.9201  1.86
6.9301  1.95
6.9401  1.84
6.9501  1.94
6.9601  1.88
6.9701  1.81
6.9801  1.91
6.9901  1.86
7.0001  1.86
7.0101  1.89
7.0201  1.88
7.0301  1.94
7.0401  1.95
7.0501  1.74
7.0601  1.88
7.0701  1.9
7.0801  1.92
7.0901  1.89
7.1001  1.91
7.1101  1.89
7.1201  1.89
7.1301  1.97
7.1401  1.9
7.1501  2
7.1601  2.03
7.1701  1.96
7.1801  2.02
7.1901  2.08
7.2001  2.02
7.2101  1.99
7.2201  2.15
7.2301  2.03
7.2401  2.03
7.2501  2.11
7.2601  2.12
7.2701  2.18
7.2801  2.05
7.2901  2.22
7.3001  2.07
7.3101  2.17
7.3201  2.17
7.3301  2.13
7.3401  2.18
7.3501  2.23
7.3601  2.11
7.3701  2.18
7.3801  2.22
7.3901  2.15
7.4001  2.18
7.4101  2.17
7.4201  2.14
7.4301  2.14
7.4401  2.05
7.4501  2.15
7.4601  2.11
7.4701  2.12
7.4801  1.98
7.4901  2.22
7.5001  2.08
7.5101  2.02
7.5201  2.06
7.5301  2.04
7.5401  1.97
7.5501  1.96
7.5601  1.94
7.5701  2.02
7.5801  1.94
7.5901  1.97
7.6001  1.96
7.6101  1.91
7.6201  1.97
7.6301  1.85
7.6401  1.92
7.6501  1.87
7.6601  1.94
7.6701  1.93
7.6801  1.82
7.6901  1.96
7.7001  1.84
7.7101  1.92
7.7201  1.89
7.7301  1.85
7.7401  1.91
7.7501  1.85
7.7601  1.95
7.7701  1.91
7.7801  1.92
7.7901  1.95
7.8001  1.87
7.8101  1.97
7.8201  1.95
7.8301  1.92
7.8401  1.96
7.8501  1.92
7.8601  2.04
7.8701  2.03
7.8801  1.98
7.8901  1.98
7.9001  2.09
7.9101  2
7.9201  2.05
7.9301  2.13
7.9401  2.06
7.9501  2.01
7.9601  2.22
7.9701  2.02
7.9801  2.12
7.9901  2.07
8.0001  2.17
8.0101  2.17
8.0201  2.11
8.0301  2.16
8.0401  2.22
8.0501  2.08
8.0601  2.16
8.0701  2.17
8.0801  2.17
8.0901  2.14
8.1001  2.17
8.1101  2.14
8.1201  2.05
8.1301  2.14
8.1401  2.14
8.1501  2.15
8.1601  2.07
8.1701  2.12
8.1801  2.07
8.1901  2.03
8.2001  2.05
8.2101  2.04
8.2201  1.99
8.2301  2.06
8.2401  1.99
8.2501  2.02
8.2601  2
8.2701  1.97
8.2801  1.92
8.2901  2.05
8.3001  2.01
8.3101  1.91
8.3201  1.91
8.3301  1.94
8.3401  1.85
8.3501  1.95
8.3601  1.94
8.3701  1.93
8.3801  1.85
8.3901  1.93
8.4001  1.93
8.4101  1.84
8.4201  1.95
8.4301  1.92
8.4401  1.94
8.4501  1.86
8.4601  1.94
8.4701  1.86
8.4801  2.01
8.4901  1.85
8.5001  1.94
8.5101  1.97
8.5201  1.87
8.5301  2.04
8.5401  1.98
8.5501  1.98
8.5601  1.98
8.5701  2.05
8.5801  2.01
8.5901  2.08
8.6001  2
8.6101  2.01
8.6201  2.05
8.6301  2.04
8.6401  1.99
8.6501  2.12
8.6601  2.11
8.6701  2.17
8.6801  2.06
8.6901  2.13
8.7001  2.11
8.7101  2.11
8.7201  2.08
8.7301  2.2
8.7401  2.15
8.7501  2.09
8.7601  2.22
8.7701  2.08
8.7801  2.15
8.7901  2.05
8.8001  2.22
8.8101  2.11
8.8201  2.17
8.8301  2.04
8.8401  2.13
8.8501  2.08
8.8601  2.11
8.8701  2.12
8.8801  2.06
8.8901  2.01
8.9001  2.04
8.9101  2.06
8.9201  2.05
8.9301  2.08
8.9401  1.99
8.9501  1.97
8.9601  1.92
8.9701  2.03
8.9801  1.97
8.9901  1.93
9.0001  2.01
9.0101  1.9
9.0201  2.01
9.0301  1.9
9.0401  1.95
9.0501  1.91
9.0601  1.99
9.0701  1.86
9.0801  1.92
9.0901  1.92
9.1001  1.96
9.1101  1.85
9.1201  2
9.1301  1.94
9.1401  1.8
9.1501  1.98
9.1601  1.93
9.1701  1.94
9.1801  1.9
9.1901  2.02
9.2001  1.87
9.2101  1.96
9.2201  1.91
9.2301  2.04
9.2401  1.87
9.2501  2.08
9.2601  1.98
9.2701  2.03
9.2801  2.02
9.2901  1.96
9.3001  2.05
9.3101  2.03
9.3201  2.06
9.3301  2.13
9.3401  1.98
9.3501  2.1
9.3601  2.15
9.3701  2.04
9.3801  2.16
9.3901  2.04
9.4001  2.11
9.4101  2.04
9.4201  2.15
9.4301  2.18
9.4401  2.07
9.4501  2.19
9.4601  2.08
9.4701  2.14
9.4801  2.09
9.4901  2.17
9.5001  2.13
9.5101  2.06
9.5201  2.16
9.5301  2.11
9.5401  2.08
9.5501  2.08
9.5601  2.13
9.5701  1.97
9.5801  2.1
9.5901  2.08
9.6001  2.05
9.6101  2.05
9.6201  2.01
9.6301  2
9.6401  1.97
9.6501  2.08
9.6601  2.02
9.6701  1.97
9.6801  1.97
9.6901  2.01
9.7001  1.95
9.7101  1.96
9.7201  1.97
9.7301  1.92
9.7401  1.93
9.7501  1.97
9.7601  1.87
9.7701  1.98
9.7801  1.96
9.7901  1.95
9.8001  1.9
9.8101  1.95
9.8201  1.84
9.8301  1.93
9.8401  1.97
9.8501  1.9
9.8601  1.98
9.8701  1.91
9.8801  1.97
9.8901  1.9
9.9001  1.94
9.9101  2
9.9201  1.98
9.9301  2.05
9.9401  1.93
9.9501  1.99
9.9601  2.02
9.9701  2.04
9.9801  1.99
9.9901  1.96
10.0001  2.1
10.0101  1.94
10.0201  2.13
10.0301  2.03
10.0401  2.07
10.0501  2.04
10.0601  2.08
10.0701  2.13
10.0801  2.05
10.0901  2.1
10.1001  2.06
10.1101  2.13
10.1201  2.13
10.1301  2.09
10.1401  2.09
10.1501  2.16
10.1601  2.16
10.1701  2.06
10.1801  2.07
10.1901  2.11
10.2001  2.05
10.2101  2.15
10.2201  2.1
10.2301  2.1
10.2401  2.18
10.2501  2.06
10.2601  2.02
10.2701  2.08
10.2801  2.05
10.2901  2.16
10.3001  1.96
10.3101  1.99
10.3201  1.96
10.3301  2.08
10.3401  2
10.3501  2.03
10.3601  1.98
10.3701  2
10.3801  1.95
10.3901  2.02
10.4001  1.97
10.4101  2.03
10.4201  1.91
10.4301  1.96
10.4401  1.97
10.4501  1.97
10.4601  1.94
10.4701  1.97
10.4801  1.93
10.4901  1.89
10.5001  1.96
10.5101  1.89
10.5201  2
10.5301  1.93
10.5401  1.91
10.5501  1.96
10.5601  1.98
10.5701  1.95
10.5801  1.94
10.5901  2.03
10.6001  1.92
10.6101  1.91
10.6201  2.03
10.6301  1.93
10.6401  2.02
10.6501  2.01
10.6601  2.06
10.6701  1.96
10.6801  1.98
10.6901  2.02
10.7001  2.05
10.7101  2.03
10.7201  2.08
10.7301  2.06
10.7401  2.11
10.7501  2.05
10.7601  2.09
10.7701  2.03
10.7801  2.09
10.7901  2.02
10.8001  2.18
10.8101  1.99
10.8201  2.08
10.8301  2.19
10.8401  2.14
10.8501  2.08
10.8601  1.97
10.8701  2.13
10.8801  2.17
10.8901  2.08
10.9001  2.09
10.9101  2.09
10.9201  2.11
10.9301  2.07
10.9401  2.1
10.9501  1.99
10.9601  2.2
10.9701  1.98
10.9801  2.06
10.9901  2.04
11.0001  2.03
11.0101  2.08
11.0201  2.01
11.0301  2.06
11.0401  2
11.0501  1.97
11.0601  2.05
11.0701  1.87
11.0801  2.04
11.0901  1.99
11.1001  1.95
11.1101  2.02
11.1201  1.97
11.1301  1.94
11.1401  1.93
11.1501  2.04
11.1601  1.98
11.1701  1.84
11.1801  1.99
11.1901  1.91
11.2001  2.03
11.2101  1.94
11.2201  1.87
11.2301  1.98
11.2401  1.91
11.2501  1.93
11.2601  2.11
11.2701  1.9
11.2801  1.99
11.2901  1.97
11.3001  1.94
11.3101  2.01
11.3201  2.03
11.3301  1.95
11.3401  1.96
11.3501  2.01
11.3601  2.02
11.3701  1.97
11.3801  2.08
11.3901  2
11.4001  2.06
11.4101  2.03
11.4201  2.02
11.4301  2.08
11.4401  2.04
11.4501  2.04
11.4601  2.1
11.4701  2.02
11.4801  2.07
11.4901  2.15
11.5001  1.96
11.5101  2.18
11.5201  2.09
11.5301  2.11
11.5401  2.13
11.5501  2.06
11.5601  2.11
11.5701  2.04
11.5801  2.18
11.5901  2.07
11.6001  2.11
11.6101  2.04
11.6201  2.11
11.6301  2.07
11.6401  2.02
11.6501  2.06
11.6601  2.04
11.6701  2.08
11.6801  2.05
11.6901  2.07
11.7001  2.04
11.7101  2.03
11.7201  2.09
11.7301  1.92
11.7401  1.97
11.7501  2
11.7601  2.01
11.7701  2.06
11.7801  2.01
11.7901  1.95
11.8001  1.97
11.8101  1.94
11.8201  1.98
11.8301  2.06
11.8401  2.01
11.8501  1.93
11.8601  1.95
11.8701  1.95
11.8801  1.89
11.8901  2.05
11.9001  1.91
11.9101  1.92
11.9201  1.98
11.9301  1.97
11.9401  1.97
11.9501  1.89
11.9601  2.04
11.9701  1.89
11.9801  2.03
11.9901  1.95
12.0001  1.98
12.0101  1.95
12.0201  2.03
12.0301  1.98
12.0401  1.96
12.0501  2.07
12.0601  2
12.0701  2.07
12.0801  1.98
12.0901  2.05
12.1001  1.96
12.1101  2.07
12.1201  1.99
12.1301  2.09
12.1401  2.12
12.1501  2.02
12.1601  2.11
12.1701  2.01
12.1801  2.1
12.1901  2.09
12.2001  2.06
12.2101  2.02
12.2201  2.08
12.2301  2.11
12.2401  2.11
12.2501  2.1
12.2601  2.02
12.2701  2.12
12.2801  2.13
12.2901  2.02
12.3001  2.04
12.3101  2.12
12.3201  2.03
12.3301  2.12
12.3401  2.06
12.3501  2.09
12.3601  2.05
12.3701  2
12.3801  2.03
12.3901  2.06
12.4001  2.1
12.4101  2.01
12.4201  2.04
12.4301  1.99
12.4401  2.01
12.4501  2
12.4601  2
12.4701  2.01
12.4801  2
12.4901  1.96
12.5001  1.99
12.5101  2.01
12.5201  1.92
12.5301  2.01
12.5401  1.94
12.5501  1.97
12.5601  1.98
12.5701  2.03
12.5801  1.96
12.5901  1.95
12.6001  1.94
12.6101  1.97
12.6201  2.03
12.6301  1.94
12.6401  1.95
12.6501  1.93
12.6601  2.03
12.6701  2.05
12.6801  1.88
12.6901  1.98
12.7001  2.02
12.7101  1.93
12.7201  2.04
12.7301  1.93
12.7401  2.05
12.7501  2.01
12.7601  2.04
12.7701  2
12.7801  2.06
12.7901  1.98
12.8001  2.08
12.8101  2.01
12.8201  2.01
12.8301  2.06
12.8401  2.09
12.8501  1.99
12.8601  2.09
12.8701  2.01
12.8801  2.11
12.8901  2.01
12.9001  2.04
12.9101  2.19
12.9201  2.02
12.9301  2.09
12.9401  2.06
12.9501  2.14
12.9601  2.14
12.9701  2
12.9801  2.03
12.9901  2.09
13.0001  1.99
13.0101  2.12
13.0201  2.08
13.0301  2.02
13.0401  2.14
13.0501  2.01
13.0601  2.08
13.0701  1.99
13.0801  2.05
13.0901  1.99
13.1001  2.01
13.1101  2.1
13.1201  2.05
13.1301  1.94
13.1401  2.01
13.1501  2.04
13.1601  2.07
13.1701  1.93
13.1801  1.98
13.1901  2.06
13.2001  2.02
13.2101  1.91
13.2201  2.06
13.2301  1.99
13.2401  1.87
13.2501  2.02
13.2601  1.97
13.2701  2.07
13.2801  1.91
13.2901  2
13.3001  1.96
13.3101  1.94
13.3201  1.96
13.3301  1.95
13.3401  2.03
13.3501  1.89
13.3601  2.01
13.3701  1.99
13.3801  2.09
13.3901  1.95
13.4001  2.03
13.4101  1.95
13.4201  1.99
13.4301  2.04
13.4401  1.94
13.4501  2.03
13.4601  2.01
13.4701  1.99
13.4801  2.04
13.4901  2
13.5001  2.1
13.5101  2.07
13.5201  2.06
13.5301  2.09
13.5401  2.03
13.5501  1.99
13.5601  2.06
13.5701  2.05
13.5801  2.04
13.5901  2.05
13.6001  2.09
13.6101  2.07
13.6201  2.03
13.6301  2.05
13.6401  2.11
13.6501  2.06
13.6601  2.01
13.6701  2.08
13.6801  2.11
13.6901  2
13.7001  2.09
13.7101  2.02
13.7201  2.11
13.7301  2.04
13.7401  2.13
13.7501  2.04
13.7601  2.03
13.7701  2.01
13.7801  2.06
13.7901  2.05
13.8001  2.02
13.8101  1.96
13.8201  2.12
13.8301  2.02
13.8401  1.93
13.8501  1.98
13.8601  2.04
13.8701  1.99
13.8801  2.07
13.8901  1.94
13.9001  1.94
13.9101  2.01
13.9201  1.97
13.9301  2.02
13.9401  1.96
13.9501  1.98
13.9601  1.97
13.9701  2.01
13.9801  1.98
13.9901  2.02
14.0001  2.05
14.0101  1.95
14.0201  1.92
14.0301  1.92
14.0401  2
14.0501  1.98
14.0601  2.04
14.0701  1.97
14.0801  1.93
14.0901  2.06
14.1001  1.99
14.1101  2.08
14.1201  2
14.1301  1.96
14.1401  1.96
14.1501  2.04
14.1601  2.01
14.1701  2.07
14.1801  1.98
14.1901  2
14.2001  2.11
14.2101  2
14.2201  2.04
14.2301  2.05
14.2401  2.05
14.2501  2.08
14.2601  2.02
14.2701  2.05
14.2801  2.04
14.2901  1.99
14.3001  2.11
14.3101  2.09
14.3201  2.1
14.3301  2.05
14.3401  2.02
14.3501  2.1
14.3601  2.11
14.3701  1.98
14.3801  2.13
14.3901  2.06
14.4001  2.06
14.4101  2.08
14.4201  2.07
14.4301  1.99
14.4401  2.01
14.4501  2.07
14.4601  2.04
14.4701  2.06
14.4801  2.01
14.4901  1.98
14.5001  2.06
14.5101  2.07
14.5201  1.95
14.5301  2.04
14.5401  2.04
14.5501  2.05
14.5601  1.97
14.5701  1.92
14.5801  2.06
14.5901  2.02
14.6001  1.96
14.6101  2
14.6201  2.04
14.6301  2
14.6401  1.96
14.6501  2.03
14.6601  1.96
14.6701  1.96
14.6801  1.96
14.6901  2.03
14.7001  1.98
14.7101  1.97
14.7201  1.99
14.7301  1.97
14.7401  1.95
14.7501  2.05
14.7601  2.02
14.7701  1.95
14.7801  1.98
14.7901  1.94
14.8001  2.03
14.8101  2.03
14.8201  1.92
14.8301  2.08
14.8401  1.95
14.8501  2.16
14.8601  1.92
14.8701  2.06
14.8801  2.03
14.8901  2
14.9001  2.06
14.9101  2.09
14.9201  1.98
14.9301  2.03
14.9401  2.06
14.9501  2.05
14.9601  1.99
14.9701  2.11
14.9801  2.01
14.9901  2.03
15.0001  2.09
15.0101  2.04
15.0201  2.02
15.0301  2.13
15.0401  2.09
15.0501  2.07
15.0601  1.99
15.0701  2.1
15.0801  2.08
15.0901  2.01
15.1001  2
15.1101  2.09
15.1201  2.03
15.1301  2.06
15.1401  2.11
15.1501  1.98
15.1601  2.11
15.1701  2
15.1801  2.04
15.1901  2.06
15.2001  2.05
15.2101  2.03
15.2201  1.98
15.2301  1.97
15.2401  2.11
15.2501  1.92
15.2601  2.07
15.2701  1.97
15.2801  2
15.2901  2.06
15.3001  1.97
15.3101  2
15.3201  1.93
15.3301  1.93
15.3401  2.07
15.3501  2.07
15.3601  1.95
15.3701  1.95
15.3801  1.96
15.3901  2.04
15.4001  1.96
15.4101  1.95
15.4201  2.02
15.4301  2.08
15.4401  1.89
15.4501  2.05
15.4601  1.98
15.4701  1.99
15.4801  1.9
15.4901  2.02
15.5001  2.08
15.5101  1.99
15.5201  2.09
15.5301  1.91
15.5401  2.02
15.5501  2.01
15.5601  2.01
15.5701  1.97
15.5801  2.13
15.5901  2.02
15.6001  2
15.6101  2.04
15.6201  2.02
15.6301  2
15.6401  2.07
15.6501  2.06
15.6601  2.06
15.6701  2.06
15.6801  2.03
15.6901  2.13
15.7001  1.97
15.7101  2.02
15.7201  2.06
15.7301  2.07
15.7401  2.09
15.7501  1.98
15.7601  2.09
15.7701  2.13
15.7801  2.04
15.7901  2.01
15.8001  2.11
15.8101  1.98
15.8201  2.11
15.8301  2.01
15.8401  2.02
15.8501  2.06
15.8601  2.06
15.8701  1.99
15.8801  2.04
15.8901  2.07
15.9001  2
15.9101  2.01
15.9201  2.03
15.9301  2.07
15.9401  1.95
15.9501  2.03
15.9601  2.07
15.9701  1.98
15.9801  1.95
15.9901  2.12
16.0001  1.94
16.0101  1.99
16.0201  1.99
16.0301  2.02
16.0401  1.99
16.0501  1.97
16.0601  2.08
16.0701  1.94
16.0801  1.97
16.0901  1.94
16.1001  2
16.1101  2
16.1201  1.99
16.1301  1.97
16.1401  2.03
16.1501  1.99
16.1601  2.07
16.1701  1.95
16.1801  1.95
16.1901  2.04
16.2001  1.94
16.2101  2.06
16.2201  1.97
16.2301  2.03
16.2401  2.05
16.2501  2
16.2601  1.98
16.2701  2.03
16.2801  2.02
16.2901  2
16.3001  2.01
16.3101  2.06
16.3201  2.04
16.3301  2.1
16.3401  1.99
16.3501  2.03
16.3601  2.06
16.3701  2.04
16.3801  2.09
16.3901  2.04
16.4001  2.04
16.4101  2.02
16.4201  2.03
16.4301  2.09
16.4401  2.01
16.4501  2.12
16.4601  2.01
16.4701  2.07
16.4801  2.01
16.4901  2.04
16.5001  2.05
16.5101  2.01
16.5201  2.07
16.5301  2.06
16.5401  2.09
16.5501  2.03
16.5601  2.06
16.5701  2.01
16.5801  2.09
16.5901  1.98
16.6001  2.08
16.6101  1.97
16.6201  2.06
16.6301  2.04
16.6401  1.96
16.6501  2.07
16.6601  1.97
16.6701  1.98
16.6801  2.05
16.6901  1.99
16.7001  2.01
16.7101  2
16.7201  2.06
16.7301  1.92
16.7401  1.98
16.7501  2.01
16.7601  1.96
16.7701  2
16.7801  1.99
16.7901  2.04
16.8001  1.96
16.8101  2.02
16.8201  2.01
16.8301  2.03
16.8401  1.95
16.8501  2.07
16.8601  1.96
16.8701  1.93
16.8801  2.08
16.8901  2
16.9001  1.97
16.9101  2.02
16.9201  2.01
16.9301  1.95
16.9401  1.99
16.9501  2.01
16.9601  2
16.9701  2.06
16.9801  2.03
16.9901  2.03
17.0001  2.06
17.0101  1.95
17.0201  2.05
17.0301  2.06
17.0401  2.03
17.0501  2.02
17.0601  2.12
17.0701  1.98
17.0801  2.07
17.0901  2.09
17.1001  2.04
17.1101  2
17.1201  2.04
17.1301  2.09
17.1401  2.06
17.1501  1.97
17.1601  2.16
17.1701  2.05
17.1801  1.94
17.1901  2.12
17.2001  2.07
17.2101  2.01
17.2201  2.03
17.2301  2
17.2401  2.11
17.2501  2.01
17.2601  2.08
17.2701  2.04
17.2801  1.97
17.2901  2.14
17.3001  2
17.3101  1.98
17.3201  2.02
17.3301  2.02
17.3401  2.02
17.3501  2.03
17.3601  1.98
17.3701  2.05
17.3801  1.96
17.3901  2.08
17.4001  2.04
17.4101  1.98
17.4201  2.01
17.4301  1.99
17.4401  2.03
17.4501  2.05
17.4601  1.89
17.4701  2.07
17.4801  1.98
17.4901  1.99
17.5001  2.01
17.5101  1.98
17.5201  2
17.5301  1.97
17.5401  2
17.5501  1.94
17.5601  1.98
17.5701  2.06
17.5801  1.92
17.5901  2
17.6001  2.09
17.6101  1.97
17.6201  2.09
17.6301  1.97
17.6401  2.03
17.6501  1.99
17.6601  2
17.6701  2
17.6801  2.04
17.6901  1.97
17.7001  1.95
17.7101  2.05
17.7201  2.03
17.7301  2.17
17.7401  2
17.7501  2
17.7601  2.15
17.7701  1.95
17.7801  2.06
17.7901  2.03
17.8001  2.05
17.8101  2.05
17.8201  2.02
17.8301  2.13
17.8401  1.96
17.8501  1.99
17.8601  2.13
17.8701  2.03
17.8801  2.04
17.8901  2.09
17.9001  2.02
17.9101  1.98
17.9201  2.09
17.9301  2.06
17.9401  2.1
17.9501  2.05
17.9601  2.02
17.9701  1.98
17.9801  2.07
17.9901  1.98
18.0001  2.02
18.0101  2.07
18.0201  2.02
18.0301  2
18.0401  2.03
18.0501  2.09
18.0601  1.97
18.0701  1.95
18.0801  2.09
18.0901  1.96
18.1001  2.03
18.1101  2.08
18.1201  1.99
18.1301  2
18.1401  2.03
18.1501  1.91
18.1601  2.06
18.1701  1.9
18.1801  2.05
18.1901  1.97
18.2001  1.94
18.2101  2.09
18.2201  2
18.2301  2.02
18.2401  1.9
18.2501  1.98
18.2601  2.1
18.2701  1.95
18.2801  2.04
18.2901  2.04
18.3001  1.95
18.3101  1.96
18.3201  2.04
18.3301  2.11
18.3401  1.95
18.3501  2
18.3601  1.96
18.3701  2.02
18.3801  2.06
18.3901  1.96
18.4001  2
18.4101  2.03
18.4201  2.04
18.4301  2.07
18.4401  2.02
18.4501  2.1
18.4601  1.97
18.4701  2.11
18.4801  1.96
18.4901  2.07
18.5001  2.07
18.5101  2.03
18.5201  1.95
18.5301  2.08
18.5401  2.05
18.5501  2.13
18.5601  1.97
18.5701  2.05
18.5801  2.06
18.5901  2.09
18.6001  2.05
18.6101  2.06
18.6201  2.09
18.6301  1.99
18.6401  2.02
18.6501  2.04
18.6601  2.05
18.6701  1.98
18.6801  2.13
18.6901  1.9
18.7001  2.08
18.7101  1.99
18.7201  1.99
18.7301  2.13
18.7401  1.96
18.7501  2.09
18.7601  1.98
18.7701  2.02
18.7801  2
18.7901  1.97
18.8001  2.05
18.8101  2.06
18.8201  1.95
18.8301  2.06
18.8401  1.93
18.8501  2
18.8601  2.03
18.8701  2.04
18.8801  1.88
18.8901  2.09
18.9001  2
18.9101  1.97
18.9201  2.04
18.9301  1.98
18.9401  1.97
18.9501  2.06
18.9601  1.99
18.9701  1.96
18.9801  2.01
18.9901  1.98
19.0001  2.02
19.0101  2.01
19.0201  1.92
19.0301  2.05
19.0401  2
19.0501  2.05
19.0601  2.05
19.0701  2
19.0801  2.06
19.0901  1.99
19.1001  2.04
19.1101  1.99
19.1201  2.01
19.1301  1.99
19.1401  2.07
19.1501  2.05
19.1601  2.1
19.1701  2.02
19.1801  2.08
19.1901  1.92
19.2001  2.18
19.2101  1.95
19.2201  2.1
19.2301  1.99
19.2401  1.97
19.2501  2.18
19.2601  1.96
19.2701  2.15
19.2801  1.97
19.2901  2.08
19.3001  2.07
19.3101  1.97
19.3201  2.05
19.3301  2.07
19.3401  2.07
19.3501  2
19.3601  2.02
19.3701  2.03
19.3801  2.14
19.3901  2
19.4001  2.01
19.4101  2.06
19.4201  1.95
19.4301  2.03
19.4401  2
19.4501  2.07
19.4601  2
19.4701  2.01
19.4801  2.05
19.4901  2.01
19.5001  2
19.5101  2.09
19.5201  1.95
19.5301  1.99
19.5401  2.03
19.5501  1.97
19.5601  1.99
19.5701  2.03
19.5801  1.96
19.5901  2.04
19.6001  2.13
19.6101  1.91
19.6201  1.97
19.6301  1.99
19.6401  2
19.6501  1.96
19.6601  1.97
19.6701  1.96
19.6801  2.12
19.6901  1.95
19.7001  2.06
19.7101  1.98
19.7201  1.98
19.7301  2.01
19.7401  2.15
19.7501  1.99
19.7601  1.96
19.7701  2.06
19.7801  1.96
19.7901  2.05
19.8001  1.92
19.8101  2.03
19.8201  2.1
19.8301  1.97
19.8401  2.05
19.8501  2.08
19.8601  1.99
19.8701  2.07
19.8801  2.03
19.8901  2.07
19.9001  2.04
19.9101  1.96
19.9201  2
19.9301  2.09
19.9401  2.08
19.9501  2.02
19.9601  2.15
19.9701  1.97
19.9801  2.02
19.9901  2.04
20.0001  2.01
20.0101  2.1
20.0201  2.04
20.0301  2.01
20.0401  2.02
20.0501  2.1
20.0601  2
20.0701  2.03
20.0801  2.09
20.0901  2.01
20.1001  2.04
20.1101  2
20.1201  2.02
20.1301  2
20.1401  2.01
20.1501  2.07
20.1601  2.02
20.1701  2.04
20.1801  2.02
20.1901  1.96
20.2001  2.06
20.2101  1.96
20.2201  2.02
20.2301  2
20.2401  2
20.2501  2.02
20.2601  1.99
20.2701  2.01
20.2801  1.98
20.2901  2.03
20.3001  2.03
20.3101  1.96
20.3201  2.05
20.3301  1.98
20.3401  2.01
20.3501  2.03
20.3601  1.93
20.3701  2.06
20.3801  1.99
20.3901  2.04
20.4001  2
20.4101  2.06
20.4201  1.9
20.4301  2.05
20.4401  2
20.4501  2.04
20.4601  1.97
20.4701  2.01
20.4801  2.03
20.4901  2.03
20.5001  1.99
20.5101  2.01
20.5201  2.04
20.5301  1.98
20.5401  2.09
20.5501  2.06
20.5601  1.99
20.5701  2.08
20.5801  2.02
20.5901  2.09
20.6001  2.02
20.6101  2.02
20.6201  2.02
20.6301  2.04
20.6401  2.06
20.6501  2.03
20.6601  2.04
20.6701  2.07
20.6801  2.06
20.6901  1.97
20.7001  2.04
20.7101  2.03
20.7201  2.11
20.7301  2.03
20.7401  2.02
20.7501  1.92
20.7601  2.1
20.7701  2
20.7801  2.08
20.7901  2.04
20.8001  2.12
20.8101  1.91
20.8201  2
20.8301  2.04
20.8401  2.08
20.8501  2.02
20.8601  1.94
20.8701  2.04
20.8801  2.06
20.8901  1.99
20.9001  1.99
20.9101  2.16
20.9201  1.97
20.9301  1.94
20.9401  2.01
20.9501  1.98
20.9601  2.02
20.9701  1.92
20.9801  2.13
20.9901  1.89
21.0001  2.01
21.0101  2
21.0201  2.09
21.0301  2
21.0401  1.96
21.0501  2.11
21.0601  1.93
21.0701  2.01
21.0801  1.97
21.0901  2
21.1001  2.01
21.1101  2.04
21.1201  1.95
21.1301  2.07
21.1401  1.99
21.1501  2
21.1601  2.04
21.1701  2.01
21.1801  2.02
21.1901  2.02
21.2001  2.05
21.2101  2.04
21.2201  2.08
21.2301  2.02
21.2401  1.98
21.2501  2.06
21.2601  1.97
21.2701  2.08
21.2801  1.99
21.2901  1.99
21.3001  2.09
21.3101  2.08
21.3201  2.02
21.3301  2.05
21.3401  2.07
21.3501  2.01
21.3601  2.06
21.3701  1.97
21.3801  2.06
21.3901  2.07
21.4001  2.08
21.4101  2.03
21.4201  1.91
21.4301  2.14
21.4401  2.03
21.4501  1.96
21.4601  2.03
21.4701  2.1
21.4801  1.97
21.4901  2.1
21.5001  2.04
21.5101  2
21.5201  2.01
21.5301  2.08
21.5401  1.96
21.5501  2.03
21.5601  2.09
21.5701  2.03
21.5801  1.96
21.5901  2.02
21.6001  1.94
21.6101  2.07
21.6201  2.07
21.6301  1.97
21.6401  1.99
21.6501  1.99
21.6601  1.96
21.6701  2.09
21.6801  2.03
21.6901  1.98
21.7001  1.97
21.7101  2
21.7201  2.01
21.7301  2.03
21.7401  2.05
21.7501  1.96
21.7601  1.94
21.7701  2.06
21.7801  2.07
21.7901  2
21.8001  1.94
21.8101  2.03
21.8201  2
21.8301  2.02
21.8401  2.03
21.8501  2.01
21.8601  2.01
21.8701  2.03
21.8801  2.02
21.8901  2.16
21.9001  1.87
21.9101  2.07
21.9201  2.01
21.9301  2.01
21.9401  2.04
21.9501  2
21.9601  2.12
21.9701  1.97
21.9801  2.06
21.9901  2.03
22.0001  2.1
22.0101  1.95
22.0201  2.04
22.0301  1.94
22.0401  2.11
22.0501  2.04
22.0601  2.04
22.0701  2.01
22.0801  2.09
22.0901  2.07
22.1001  2.06
22.1101  2.01
22.1201  2.01
22.1301  2.09
22.1401  1.96
22.1501  2.06
22.1601  1.97
22.1701  2.05
22.1801  2
22.1901  2.08
22.2001  1.98
22.2101  2.01
22.2201  2.15
22.2301  1.99
22.2401  1.99
22.2501  2.03
22.2601  1.95
22.2701  1.97
22.2801  2.06
22.2901  2.09
22.3001  1.99
22.3101  1.96
22.3201  2.05
22.3301  2
22.3401  2.07
22.3501  1.96
22.3601  2.01
22.3701  2
22.3801  2.04
22.3901  2.08
22.4001  1.91
22.4101  1.98
22.4201  2.01
22.4301  2.01
22.4401  2.01
22.4501  2.08
22.4601  2.02
22.4701  1.96
22.4801  1.95
22.4901  2.01
22.5001  2.09
22.5101  1.98
22.5201  2
22.5301  1.99
22.5401  1.97
22.5501  2.14
22.5601  2.07
22.5701  1.96
22.5801  2.06
22.5901  1.95
22.6001  2.02
22.6101  2.03
22.6201  2.04
22.6301  2
22.6401  2.07
22.6501  1.97
22.6601  2.1
22.6701  1.96
22.6801  2.06
22.6901  2.04
22.7001  2.09
22.7101  2.01
22.7201  2.01
22.7301  2.06
22.7401  2.01
22.7501  2.05
22.7601  2.01
22.7701  2.06
22.7801  2.02
22.7901  2
22.8001  2
22.8101  2.04
22.8201  1.98
22.8301  2.08
22.8401  2.07
22.8501  2
22.8601  2.08
22.8701  1.99
22.8801  2.01
22.8901  2.08
22.9001  2.03
22.9101  2.06
22.9201  1.96
22.9301  2.01
22.9401  2.01
22.9501  2.07
22.9601  2
22.9701  2.05
22.9801  2.05
22.9901  1.94
23.0001  2
23.0101  2.04
23.0201  1.97
23.0301  2.05
23.0401  2.06
23.0501  2.02
23.0601  1.97
23.0701  1.95
23.0801  2.08
23.0901  2
23.1001  1.93
23.1101  2.09
23.1201  1.93
23.1301  2.16
23.1401  1.96
23.1501  2.02
23.1601  2.02
23.1701  2
23.1801  1.99
23.1901  1.99
23.2001  2.11
23.2101  1.92
23.2201  2.05
23.2301  2.07
23.2401  1.99
23.2501  2.02
23.2601  1.98
23.2701  2.06
23.2801  2.03
23.2901  1.97
23.3001  2.09
23.3101  1.98
23.3201  2.01
23.3301  1.97
23.3401  2.09
23.3501  2.09
23.3601  2.04
23.3701  2.06
23.3801  1.97
23.3901  2
23.4001  2.07
23.4101  2.04
23.4201  2
23.4301  2.02
23.4401  2.05
23.4501  1.99
23.4601  2.02
23.4701  2.07
23.4801  2.01
23.4901  2.04
23.5001  2
23.5101  2.07
23.5201  2.08
23.5301  2
23.5401  2.07
23.5501  2.06
23.5601  2.02
23.5701  2.05
23.5801  2.01
23.5901  1.98
23.6001  2.06
23.6101  2.01
23.6201  2.08
23.6301  2.02
23.6401  1.99
23.6501  1.99
23.6601  1.99
23.6701  2.02
23.6801  2.02
23.6901  2.01
23.7001  1.93
23.7101  2.13
23.7201  1.98
23.7301  1.99
23.7401  2.04
23.7501  2.09
23.7601  1.94
23.7701  2.07
23.7801  1.98
23.7901  1.99
23.8001  2.03
23.8101  1.98
23.8201  2.01
23.8301  1.99
23.8401  1.98
23.8501  2.11
23.8601  2
23.8701  2.14
23.8801  2
23.8901  1.88
23.9001  2.08
23.9101  2
23.9201  2
23.9301  2.01
23.9401  2.04
23.9501  1.93
23.9601  2.01
23.9701  2.06
23.9801  2.02
23.9901  1.99
24.0001  2.09
24.0101  2.01
24.0201  2.02
24.0301  1.97
24.0401  2.05
24.0501  2.05
24.0601  2.03
24.0701  2.03
24.0801  2.03
24.0901  2.05
24.1001  2.03
24.1101  1.99
24.1201  1.95
24.1301  2.1
24.1401  2.04
24.1501  2.04
24.1601  2.06
24.1701  2.03
24.1801  2.04
24.1901  1.98
24.2001  2.1
24.2101  2.08
24.2201  2.03
24.2301  2
24.2401  2
24.2501  1.99
24.2601  2.05
24.2701  2.05
24.2801  2.02
24.2901  2.08
24.3001  1.96
24.3101  2.02
24.3201  2.08
24.3301  1.97
24.3401  2.1
24.3501  1.96
24.3601  2
24.3701  2.06
24.3801  2.02
24.3901  2.04
24.4001  1.99
24.4101  2.06
24.4201  2
24.4301  1.94
24.4401  2.06
24.4501  2.07
24.4601  1.96
24.4701  1.98
24.4801  2.04
24.4901  2.03
24.5001  1.96
24.5101  1.98
24.5201  2
24.5301  2.11
24.5401  2
24.5501  1.97
24.5601  2.05
24.5701  2.01
24.5801  2.04
24.5901  1.94
24.6001  2
24.6101  2
24.6201  2.03
24.6301  2.02
24.6401  2.05
24.6501  2.02
24.6601  1.95
24.6701  2.05
24.6801  1.98
24.6901  1.99
24.7001  2.12
24.7101  1.92
24.7201  2.08
24.7301  2.05
24.7401  2.06
24.7501  1.96
24.7601  2.09
24.7701  2
24.7801  2.07
24.7901  2
24.8001  2.01
24.8101  2.06
24.8201  1.96
24.8301  2.07
24.8401  2.01
24.8501  2.05
24.8601  2.03
24.8701  2.07
24.8801  2
24.8901  2.05
24.9001  2.08
24.9101  2
24.9201  1.98
24.9301  2.09
24.9401  1.97
24.9501  2.08
24.9601  1.98
24.9701  2.07
24.9801  2.04
24.9901  1.96
25.0001  2.05
25.0101  2.04
25.0201  2.01
25.0301  2.07
25.0401  2.02
25.0501  2.04
25.0601  2.03
25.0701  2.01
25.0801  1.93
25.0901  2
25.1001  2.04
25.1101  2.07
25.1201  2
25.1301  1.99
25.1401  2.06
25.1501  1.98
25.1601  1.99
25.1701  2.07
25.1801  2.01
25.1901  1.97
25.2001  2.08
25.2101  2.02
25.2201  1.95
25.2301  1.99
25.2401  2.03
25.2501  2.06
25.2601  1.97
25.2701  2.02
25.2801  2.08
25.2901  2.01
25.3001  1.95
25.3101  1.98
25.3201  2.08
25.3301  2.03
25.3401  1.99
25.3501  2.01
25.3601  2.03
25.3701  2.03
25.3801  2.06
25.3901  1.97
25.4001  2.06
25.4101  1.99
25.4201  2.12
25.4301  1.99
25.4401  2.01
25.4501  2.01
25.4601  1.99
25.4701  2.02
25.4801  2.04
25.4901  2.03
25.5001  2.04
25.5101  2.04
25.5201  1.98
25.5301  2.05
25.5401  2.12
25.5501  1.98
25.5601  2.07
25.5701  1.99
25.5801  2.06
25.5901  1.95
25.6001  2.12
25.6101  2.05
25.6201  1.98
25.6301  1.98
25.6401  2.04
25.6501  2.03
25.6601  2.01
25.6701  2.06
25.6801  2.01
25.6901  2.03
25.7001  2.03
25.7101  2.05
25.7201  2.04
25.7301  2.02
25.7401  2.02
25.7501  2
25.7601  1.98
25.7701  2.04
25.7801  2.03
25.7901  2
25.8001  1.96
25.8101  2.05
25.8201  2.03
25.8301  1.99
25.8401  2.09
25.8501  1.94
25.8601  2.05
25.8701  2.03
25.8801  2.03
25.8901  1.98
25.9001  2.01
25.9101  2.01
25.9201  1.98
25.9301  2.07
25.9401  2.03
25.9501  2.07
25.9601  1.98
25.9701  1.98
25.9801  1.98
25.9901  2.08
26.0001  1.94
26.0101  2.06
26.0201  1.99
26.0301  2.07
26.0401  2
26.0501  2.04
26.0601  1.96
26.0701  2.1
26.0801  2.02
26.0901  1.94
26.1001  2.03
26.1101  2.07
26.1201  2.05
26.1301  2.01
26.1401  1.96
26.1501  2.03
26.1601  2.04
26.1701  2.05
26.1801  2.08
26.1901  1.97
26.2001  2.05
26.2101  2.06
26.2201  2.06
26.2301  1.99
26.2401  2.07
26.2501  1.99
26.2601  2.05
26.2701  1.99
26.2801  2.05
26.2901  1.98
26.3001  2.04
26.3101  2
26.3201  1.99
26.3301  2.02
26.3401  2.03
26.3501  2.09
26.3601  2.07
26.3701  1.92
26.3801  2.07
26.3901  2.03
26.4001  2.05
26.4101  2.07
26.4201  1.94
26.4301  2.01
26.4401  2.05
26.4501  2.02
26.4601  2.02
26.4701  1.98
26.4801  1.98
26.4901  2.08
26.5001  2.03
26.5101  2.01
26.5201  1.93
26.5301  2.09
26.5401  1.97
26.5501  2.03
26.5601  1.97
26.5701  2.08
26.5801  2.04
26.5901  2.07
26.6001  1.97
26.6101  2.01
26.6201  1.99
26.6301  2.01
26.6401  1.99
26.6501  2.06
26.6601  1.99
26.6701  2
26.6801  2.01
26.6901  1.99
26.7001  2.07
26.7101  2.01
26.7201  1.96
26.7301  2.11
26.7401  2.01
26.7501  1.99
26.7601  2
26.7701  2.05
26.7801  2.02
26.7901  2.04
26.8001  2.06
26.8101  1.94
26.8201  2.08
26.8301  2.06
26.8401  2.06
26.8501  2
26.8601  2.07
26.8701  2.07
26.8801  1.96
26.8901  1.99
26.9001  2.08
26.9101  1.96
26.9201  2.07
26.9301  1.97
26.9401  2.04
26.9501  2.11
26.9601  2.03
26.9701  2.03
26.9801  2.02
26.9901  2.04
27.0001  1.96
27.0101  2.08
27.0201  2.04
27.0301  2
27.0401  2.02
27.0501  2.11
27.0601  1.97
27.0701  2.03
27.0801  2.04
27.0901  2.05
27.1001  1.96
27.1101  2.02
27.1201  2.03
27.1301  2.03
27.1401  2.02
27.1501  1.98
27.1601  2.02
27.1701  2.06
27.1801  2.05
27.1901  2.02
27.2001  1.99
27.2101  2.03
27.2201  1.98
27.2301  2.03
27.2401  2.14
27.2501  1.91
27.2601  2.04
27.2701  1.97
27.2801  1.96
27.2901  2.04
27.3001  2.02
27.3101  2.09
27.3201  1.92
27.3301  2.02
27.3401  1.99
27.3501  2.04
27.3601  2.08
27.3701  2
27.3801  2.01
27.3901  1.97
27.4001  2
27.4101  2.08
27.4201  2
27.4301  2.07
27.4401  2.01
27.4501  1.97
27.4601  2.02
27.4701  1.97
27.4801  2.09
27.4901  2.01
27.5001  2.05
27.5101  1.94
27.5201  2.08
27.5301  2
27.5401  2.04
27.5501  2.04
27.5601  2.04
27.5701  2.02
27.5801  2.09
27.5901  2
27.6001  2
27.6101  2.02
27.6201  1.99
27.6301  2.04
27.6401  2.02
27.6501  2.03
27.6601  2.06
27.6701  1.99
27.6801  2.08
27.6901  2.04
27.7001  2.07
27.7101  1.98
27.7201  2.04
27.7301  1.98
27.7401  2.01
27.7501  2.06
27.7601  2.07
27.7701  1.97
27.7801  2.09
27.7901  2.01
27.8001  2
27.8101  2
27.8201  2
27.8301  2.03
27.8401  2.03
27.8501  2.05
27.8601  1.97
27.8701  2
27.8801  2.05
27.8901  2.04
27.9001  1.98
27.9101  2.03
27.9201  1.97
27.9301  2.06
27.9401  2
27.9501  2.05
27.9601  1.95
27.9701  2.08
27.9801  1.96
27.9901  2.02
28.0001  2.06
28.0101  1.94
28.0201  2.12
28.0301  1.95
28.0401  2.08
28.0501  2
28.0601  1.97
28.0701  1.99
28.0801  2.02
28.0901  2.13
28.1001  1.99
28.1101  1.99
28.1201  1.96
28.1301  1.99
28.1401  2.04
28.1501  2.05
28.1601  2.06
28.1701  2.03
28.1801  1.99
28.1901  2
28.2001  2.04
28.2101  2.04
28.2201  2.03
28.2301  1.96
28.2401  1.98
28.2501  2.09
28.2601  2.13
28.2701  2.01
28.2801  2.05
28.2901  2.02
28.3001  1.97
28.3101  2.02
28.3201  2.11
28.3301  2.03
28.3401  2
28.3501  2.05
28.3601  1.93
28.3701  2.02
28.3801  1.95
28.3901  2.08
28.4001  2.08
28.4101  2.02
28.4201  2.02
28.4301  2
28.4401  2.06
28.4501  2.01
28.4601  1.98
28.4701  2.13
28.4801  1.97
28.4901  2.04
28.5001  2
28.5101  2
28.5201  2.06
28.5301  2.01
28.5401  2
28.5501  2.07
28.5601  2.03
28.5701  1.99
28.5801  2.1
28.5901  1.9
28.6001  2.08
28.6101  2
28.6201  2.01
28.6301  2
28.6401  2.07
28.6501  2.01
28.6601  2
28.6701  2.04
28.6801  1.96
28.6901  2.02
28.7001  2.02
28.7101  2.09
28.7201  1.98
28.7301  2.04
28.7401  2.04
28.7501  1.95
28.7601  1.99
28.7701  2.03
28.7801  2.09
28.7901  1.97
28.8001  2.05
28.8101  2.01
28.8201  2.04
28.8301  2.06
28.8401  2.01
28.8501  2.02
28.8601  2.03
28.8701  1.96
28.8801  2.02
28.8901  2.08
28.9001  1.94
28.9101  1.98
28.9201  2.09
28.9301  2.08
28.9401  2.05
28.9501  2
28.9601  2.01
28.9701  2.01
28.9801  1.98
28.9901  2.02
29.0001  2.03
29.0101  2.09
29.0201  2.03
29.0301  2.01
29.0401  2.1
29.0501  1.95
29.0601  2.02
29.0701  2.01
29.0801  2.07
29.0901  1.93
29.1001  2.02
29.1101  2.08
29.1201  2.13
29.1301  1.93
29.1401  2.05
29.1501  2.02
29.1601  1.94
29.1701  2.03
29.1801  2.01
29.1901  2.01
29.2001  2.13
29.2101  1.94
29.2201  2.07
29.2301  2.02
29.2401  2.08
29.2501  1.97
29.2601  2
29.2701  2.07
29.2801  2.01
29.2901  2.04
29.3001  1.97
29.3101  2.06
29.3201  1.99
29.3301  2.06
29.3401  2.03
29.3501  1.96
29.3601  2.02
29.3701  2.01
29.3801  2.01
29.3901  2.05
29.4001  2.05
29.4101  1.98
29.4201  1.97
29.4301  2.03
29.4401  2.1
29.4501  1.99
29.4601  1.96
29.4701  2.01
29.4801  2.11
29.4901  2.04
29.5001  1.97
29.5101  2.03
29.5201  2.07
29.5301  1.95
29.5401  2.12
29.5501  1.92
29.5601  2.02
29.5701  2.04
29.5801  2.03
29.5901  2.02
29.6001  2.04
29.6101  2.02
29.6201  2
29.6301  2
29.6401  1.99
29.6501  2.06
29.6601  2
29.6701  2.01
29.6801  2.11
29.6901  1.92
29.7001  2.08
29.7101  2.05
29.7201  1.95
29.7301  2.01
29.7401  2.07
29.7501  1.94
29.7601  2.08
29.7701  2.03
29.7801  2.02
29.7901  2.01
29.8001  2.03
29.8101  2.03
29.8201  2
29.8301  2.07
29.8401  2.02
29.8501  2.08
29.8601  2.04
29.8701  2.02
29.8801  1.91
29.8901  2.07
29.9001  2.02
29.9101  2.02
29.9201  1.91
29.9301  2.06
29.9401  2.05
29.9501  2.07
29.9601  1.95
29.9701  2.06
29.9801  2.06
29.9901  2
30.0001  1.98
30.0101  1.99
30.0201  2.17
30.0301  2
30.0401  2.04
30.0501  1.95
30.0601  2.02
30.0701  1.96
30.0801  2.1
30.0901  2.08
30.1001  2.01
30.1101  1.94
30.1201  2.01
30.1301  2.04
30.1401  2.02
30.1501  2.05
30.1601  2.11
30.1701  2.01
30.1801  2.02
30.1901  1.98
30.2001  1.99
30.2101  1.98
30.2201  2.1
30.2301  2.05
30.2401  2
30.2501  2.02
30.2601  2.08
30.2701  1.9
30.2801  2.07
30.2901  2.07
30.3001  1.94
30.3101  2.06
30.3201  2.03
30.3301  2.05
30.3401  1.99
30.3501  2.07
30.3601  1.95
30.3701  2.08
30.3801  1.94
30.3901  2
30.4001  2.12
30.4101  2.02
30.4201  1.95
30.4301  2.08
30.4401  2.04
30.4501  2
30.4601  2.13
30.4701  1.95
30.4801  2.06
30.4901  2.02
30.5001  1.95
30.5101  2.03
30.5201  2
30.5301  2.01
30.5401  2.03
30.5501  2.02
30.5601  2.01
30.5701  2.05
30.5801  1.98
30.5901  2.03
30.6001  1.98
30.6101  2.12
30.6201  1.94
30.6301  2.03
30.6401  2.07
30.6501  1.97
30.6601  2.07
30.6701  2.01
30.6801  2.01
30.6901  1.98
30.7001  2.12
30.7101  2.01
30.7201  1.95
30.7301  2.02
30.7401  2.04
30.7501  2.03
30.7601  1.97
30.7701  1.99
30.7801  2.12
30.7901  2.04
30.8001  2.01
30.8101  1.97
30.8201  2.05
30.8301  2.07
30.8401  2.07
30.8501  2
30.8601  2.01
30.8701  1.94
30.8801  2.06
30.8901  2.01
30.9001  1.99
30.9101  2.08
30.9201  2.01
30.9301  1.98
30.9401  2.06
30.9501  2
30.9601  2.05
30.9701  1.97
30.9801  2.13
30.9901  1.92
31.0001  2.04
31.0101  2.06
31.0201  1.95
31.0301  2.04
31.0401  2.04
31.0501  2.05
31.0601  2.05
31.0701  1.97
31.0801  2.08
31.0901  1.95
31.1001  2.11
31.1101  2.04
31.1201  1.97
31.1301  1.95
31.1401  2
31.1501  2.03
31.1601  2.01
31.1701  2.09
31.1801  2.02
31.1901  1.99
31.2001  2.05
31.2101  2.04
31.2201  1.96
31.2301  2.01
31.2401  2.05
31.2501  1.97
31.2601  2.12
31.2701  1.98
31.2801  2.03
31.2901  2.02
31.3001  2
31.3101  2.01
31.3201  2.02
31.3301  2
31.3401  2.07
31.3501  1.99
31.3601  1.99
31.3701  2.05
31.3801  1.98
31.3901  2.06
31.4001  2.07
31.4101  1.98
31.4201  2.11
31.4301  2.02
31.4401  1.95
31.4501  2.02
31.4601  2.06
31.4701  1.98
31.4801  2.06
31.4901  2
31.5001  1.99
31.5101  2.08
31.5201  2
31.5301  2.07
31.5401  1.93
31.5501  2.07
31.5601  1.99
31.5701  2.01
31.5801  2
31.5901  2.07
31.6001  1.99
31.6101  1.97
31.6201  2.05
31.6301  2.08
31.6401  2.02
31.6501  2.05
31.6601  2.01
31.6701  2.01
31.6801  2.2
31.6901  1.98
31.7001  2.01
31.7101  1.94
31.7201  2.03
31.7301  2.01
31.7401  2.09
31.7501  2
31.7601  1.96
31.7701  2.06
31.7801  1.98
31.7901  2.01
31.8001  2.06
31.8101  2.02
31.8201  1.96
31.8301  2.09
31.8401  2.05
31.8501  2.02
31.8601  2.01
31.8701  2.06
31.8801  1.99
31.8901  1.97
31.9001  2.13
31.9101  1.98
31.9201  2.02
31.9301  2.03
31.9401  2.01
31.9501  2.06
31.9601  1.94
31.9701  2.09
31.9801  2.04
31.9901  2.02
32.0001  2.03
32.0101  2.01
32.0201  2.03
32.0301  2.07
32.0401  1.9
32.0501  2.05
32.0601  1.98
32.0701  2.09
32.0801  2.02
32.0901  1.96
32.1001  2.08
32.1101  2
32.1201  2.03
32.1301  1.99
32.1401  2.02
32.1501  1.98
32.1601  2.05
32.1701  2.09
32.1801  1.95
32.1901  2.04
32.2001  1.99
32.2101  2.13
32.2201  1.96
32.2301  1.94
32.2401  2.06
32.2501  2.09
32.2601  2.03
32.2701  1.95
32.2801  2.02
32.2901  2.08
32.3001  2.02
32.3101  2.06
32.3201  2
32.3301  2.01
32.3401  1.94
32.3501  2.09
32.3601  2.01
32.3701  2.05
32.3801  1.98
32.3901  2.08
32.4001  2.05
32.4101  2.01
32.4201  2.03
32.4301  1.99
32.4401  2
32.4501  1.93
32.4601  2.05
32.4701  2.01
32.4801  2.09
32.4901  2.1
32.5001  1.95
32.5101  2.02
32.5201  2
32.5301  2.06
32.5401  2.05
32.5501  2.01
32.5601  1.97
32.5701  2.01
32.5801  2.08
32.5901  2.05
32.6001  2.05
32.6101  1.99
32.6201  2
32.6301  2.04
32.6401  1.97
32.6501  2.02
32.6601  2.09
32.6701  2.01
32.6801  1.98
32.6901  2.04
32.7001  1.95
32.7101  2.07
32.7201  1.99
32.7301  2.14
32.7401  1.95
32.7501  2.02
32.7601  2.04
32.7701  1.98
32.7801  1.96
32.7901  2.02
32.8001  2.06
32.8101  1.99
32.8201  1.99
32.8301  2.02
32.8401  2.05
32.8501  2.01
32.8601  1.97
32.8701  2.03
32.8801  2.14
32.8901  2.04
32.9001  2.01
32.9101  1.97
32.9201  1.97
32.9301  2.02
32.9401  2.02
32.9501  2.06
32.9601  2.04
32.9701  2
32.9801  2.05
32.9901  1.98
33.0001  2.08
33.0101  1.97
33.0201  2.03
33.0301  2.02
33.0401  1.96
33.0501  2.09
33.0601  2.03
33.0701  1.97
33.0801  2.07
33.0901  2.06
33.1001  1.98
33.1101  2.05
33.1201  1.99
33.1301  2.02
33.1401  2.02
33.1501  2.05
33.1601  2.05
33.1701  2.02
33.1801  2.01
33.1901  2.04
33.2001  2.03
33.2101  2.09
33.2201  2
33.2301  2.07
33.2401  2.03
33.2501  2.01
33.2601  1.97
33.2701  2
33.2801  2.01
33.2901  2.05
33.3001  2.03
33.3101  1.96
33.3201  2.07
33.3301  2
33.3401  2.11
33.3501  1.99
33.3601  2.01
33.3701  2.06
33.3801  2.04
33.3901  1.99
33.4001  2.1
33.4101  1.94
33.4201  2.05
33.4301  1.99
33.4401  1.97
33.4501  2.01
33.4601  2.06
33.4701  2.03
33.4801  1.96
33.4901  2.08
33.5001  1.99
33.5101  2.03
33.5201  2.04
33.5301  2.03
33.5401  2.02
33.5501  1.99
33.5601  1.97
33.5701  2.12
33.5801  1.99
33.5901  2.08
33.6001  1.93
33.6101  2.06
33.6201  1.93
33.6301  2.04
33.6401  2.06
33.6501  1.91
33.6601  2.1
33.6701  2.02
33.6801  1.91
33.6901  2.11
33.7001  2.04
33.7101  1.96
33.7201  2.05
33.7301  2.06
33.7401  1.99
33.7501  2.05
33.7601  1.92
33.7701  2.01
33.7801  2.05
33.7901  2.14
33.8001  2.01
33.8101  2
33.8201  2.08
33.8301  2.02
33.8401  1.96
33.8501  2.1
33.8601  2.06
33.8701  1.95
33.8801  2
33.8901  2.03
33.9001  1.97
33.9101  2.04
33.9201  2.07
33.9301  1.99
33.9401  2.02
33.9501  2.02
33.9601  1.99
33.9701  2.09
33.9801  2
33.9901  2.04
34.0001  2.07
34.0101  1.97
34.0201  1.99
34.0301  2.08
34.0401  1.95
34.0501  1.99
34.0601  2.05
34.0701  2.07
34.0801  2.02
34.0901  2.02
34.1001  2.12
34.1101  2.02
34.1201  2.02
34.1301  1.98
34.1401  2
34.1501  2.05
34.1601  1.98
34.1701  1.95
34.1801  2.13
34.1901  1.99
34.2001  1.98
34.2101  2.02
34.2201  2.04
34.2301  2
34.2401  1.98
34.2501  2.08
34.2601  1.93
34.2701  2.04
34.2801  2.06
34.2901  2.01
34.3001  1.95
34.3101  2.09
34.3201  2
34.3301  2.01
34.3401  1.99
34.3501  2.05
34.3601  1.98
34.3701  2.08
34.3801  1.96
34.3901  2.13
34.4001  1.98
34.4101  2.01
34.4201  2.03
34.4301  2.03
34.4401  2.02
34.4501  2.1
34.4601  1.97
34.4701  2.05
34.4801  1.97
34.4901  2.09
34.5  1.97
34.51  2.04
34.52  2.06
34.53  1.91
34.54  1.97
34.55  2.11
34.56  2.05
34.57  2
34.58  2.1
34.59  2.09
34.6  2.02
34.61  1.89
34.62  2.11
34.63  1.96
34.64  2.09
34.65  1.98
34.66  2.06
34.67  2.07
34.68  2.06
34.69  1.94
34.7  1.99
34.71  2.04
34.72  2.01
34.73  2.05
34.74  1.99
34.75  2.08
34.76  2.05
34.77  2.06
34.78  1.97
34.79  1.98
34.8  2.07
34.81  2.01
34.82  2.12
34.83  1.93
34.84  2.05
34.85  1.95
34.86  2.1
34.87  1.96
34.88  2.02
34.89  2.02
34.9  2.04
34.91  2
34.92  2.07
34.93  1.99
34.94  1.98
34.95  2.1
34.96  2.02
34.97  1.96
34.98  1.99
34.99  1.95
35  2.03
35.01  2.03
35.02  2.05
35.03  2
35.04  2.04
35.05  2.03
35.06  2.08
35.07  1.96
35.08  2.01
35.09  2.06
35.1  2
35.11  1.96
35.12  2.12
35.13  1.96
35.14  1.99
35.15  2.08
35.16  2.05
35.17  2.02
35.18  2.09
35.19  1.93
35.2  2.07
35.21  1.97
35.22  1.98
35.23  2.05
35.24  2.02
35.25  2.08
35.26  1.92
35.27  2.12
35.28  2
35.29  1.97
35.3  2.1
35.31  2.01
35.32  2.01
35.33  2.02
35.34  2.06
35.35  2.03
35.36  2.04
35.37  2.06
35.38  2
35.39  2
35.4  2.02
35.41  2.03
35.42  2.03
35.43  2.09
35.44  1.88
35.45  2.14
35.46  1.96
35.47  2.01
35.48  1.97
35.49  2.01
35.5  2.05
35.51  2
35.52  2.09
35.53  2.06
35.54  1.99
35.55  2
35.56  1.98
35.57  2.08
35.58  1.95
35.59  2.04
35.6  1.97
35.61  2.07
35.62  2.02
35.63  2.04
35.64  1.97
35.65  2.01
35.66  2.07
35.67  2.02
35.68  1.99
35.69  2.01
35.7  1.98
35.71  2.05
35.72  2.09
35.73  2
35.74  2.01
35.75  1.98
35.76  1.94
35.77  2.06
35.78  2.02
35.79  2.07
35.8  1.99
35.81  2.03
35.82  2.03
35.83  2
35.84  2.03
35.85  1.99
35.86  2.03
35.87  2.07
35.88  1.96
35.89  2.03
35.9  2.01
35.91  2.04
35.92  1.98
35.93  2.11
35.94  2.05
35.95  1.99
35.96  2.07
35.97  1.99
35.98  2.07
35.99  2.05
36  2.01
36.01  2.01
36.02  2.02
36.03  2.12
36.04  1.98
36.05  2.04
36.06  1.96
36.07  2.03
36.08  2.07
36.09  2.03
36.1  2.02
36.11  2.01
36.12  1.94
36.13  2.05
36.14  2.1
36.15  1.99
36.16  2.08
36.17  2.01
36.18  2.06
36.19  1.98
36.2  2.02
36.21  2.01
36.22  2.02
36.23  2.06
36.24  1.96
36.25  1.99
36.26  2.05
36.27  1.99
36.28  2.09
36.29  2
36.3  2.03
36.31  2.1
36.32  1.95
36.33  2.06
36.34  1.99
36.35  2
36.36  1.97
36.37  2.06
36.38  2.01
36.39  1.98
36.4  2.1
36.41  1.9
36.42  2.01
36.43  2.05
36.44  2.04
36.45  1.92
36.46  2.01
36.47  2.04
36.48  2.05
36.49  2.07
36.5  1.91
36.51  2.04
36.52  2.05
36.53  2.07
36.54  2.05
36.55  1.96
36.56  1.98
36.57  2.1
36.58  2.04
36.59  1.98
36.6  2.07
36.61  1.93
36.62  2.09
36.63  2.01
36.64  2.06
36.65  2.02
36.66  1.98
36.67  2.04
36.68  2.03
36.69  2.04
36.7  1.99
36.71  2.07
36.72  1.95
36.73  1.99
36.74  2.14
36.75  2.04
36.76  1.95
36.77  2.12
36.78  1.96
36.79  2
36.8  2.11
36.81  1.98
36.82  2.09
36.83  2.04
36.84  1.94
36.85  2.11
36.86  2.02
36.87  1.95
36.88  2.04
36.89  2.03
36.9  2.06
36.91  1.95
36.92  2
36.93  2.11
36.94  1.92
36.95  2.06
36.96  2.03
36.97  1.97
36.98  2.02
36.99  2.01
37  2.1
37.01  1.95
37.02  2.06
37.03  2.03
37.04  1.98
37.05  2.04
37.06  2.05
37.07  2.03
37.08  1.98
37.09  1.99
37.1  2.03
37.11  2
37.12  2.03
37.13  1.99
37.14  1.99
37.15  2.06
37.16  1.99
37.17  2.09
37.18  1.87
37.19  2.13
37.2  1.94
37.21  2.02
37.22  2.04
37.23  2.05
37.24  2.13
37.25  1.96
37.26  2.03
37.27  2.03
37.28  1.97
37.29  2.01
37.3  2.06
37.31  2.03
37.32  2.02
37.33  1.98
37.34  2.07
37.35  2.06
37.36  2
37.37  1.96
37.38  2.04
37.39  2.07
37.4  2.04
37.41  2.09
37.42  1.98
37.43  2.03
37.44  2.04
37.45  1.98
37.46  2.05
37.47  2.02
37.48  2.05
37.49  2.01
37.5  2.04
37.51  2.02
37.52  2
37.53  2.04
37.54  2.13
37.55  1.99
37.56  1.95
37.57  2.11
37.58  1.99
37.59  1.96
37.6  2.08
37.61  2
37.62  2.05
37.63  2.07
37.64  1.88
37.65  2.12
37.66  2.02
37.67  1.97
37.68  1.96
37.69  2.05
37.7  2
37.71  2.04
37.72  2.03
37.73  2.05
37.74  1.94
37.75  2.1
37.76  2
37.77  2.04
37.78  1.97
37.79  1.99
37.8  1.97
37.81  2.06
37.82  2.09
37.83  2.01
37.84  1.93
37.85  2.11
37.86  1.98
37.87  1.99
37.88  2.02
37.89  2.04
37.9  2.01
37.91  1.97
37.92  2.1
37.93  1.99
37.94  2
37.95  2.08
37.96  1.98
37.97  2.07
37.98  2.07
37.99  1.9
38  2.04
38.01  2.05
38.02  2.04
38.03  1.96
38.04  2.07
38.05  1.95
38.06  2.05
38.07  2.15
38.08  1.97
38.09  1.99
38.1  2.05
38.11  2.04
38.12  2.05
38.13  1.99
38.14  2.06
38.15  1.98
38.16  2.04
38.17  2.09
38.18  2.1
38.19  1.94
38.2  2.03
38.21  1.96
38.22  1.99
38.23  2.04
38.24  2.05
38.25  2.01
38.26  2.09
38.27  1.97
38.28  2.03
38.29  1.94
38.3  2.1
38.31  1.95
38.32  2.09
38.33  1.99
38.34  1.96
38.35  2.04
38.36  1.99
38.37  2.1
38.38  2.01
38.39  2.02
38.4  2.06
38.41  1.95
38.42  2
38.43  1.99
38.44  2.06
38.45  2.05
38.46  2
38.47  1.95
38.48  2.13
38.49  1.95
38.5  2.13
38.51  1.94
38.52  2.01
38.53  1.96
38.54  2.02
38.55  2.08
38.56  1.94
38.57  2.16
38.58  1.92
38.59  2.02
38.6  1.95
38.61  2.03
38.62  2.04
38.63  2.11
38.64  2.01
38.65  2.05
38.66  2.02
38.67  1.96
38.68  2
38.69  2.07
38.7  2.09
38.71  2.01
38.72  2
38.73  1.99
38.74  2.05
38.75  2.09
38.76  2
38.77  2.01
38.78  2.04
38.79  2.01
38.8  2.09
38.81  2
38.82  2.11
38.83  1.97
38.84  2.04
38.85  2.07
38.86  2.02
38.87  1.99
38.88  2.12
38.89  1.93
38.9  2.03
38.91  1.99
38.92  2.05
38.93  1.97
38.94  2.08
38.95  2.03
38.96  2.05
38.97  1.98
38.98  2.09
38.99  1.99
39  2.04
39.01  2.03
39.02  2
39.03  2
39.04  2.04
39.05  1.97
39.06  2.08
39.07  1.99
39.08  1.99
39.09  2.03
39.1  2.01
39.11  2.02
39.12  2.11
39.13  1.95
39.14  2.03
39.15  2.07
39.16  1.95
39.17  1.99
39.18  2.02
39.19  1.97
39.2  2.01
39.21  2.02
39.22  2.03
39.23  1.99
39.24  2.05
39.25  2
39.26  2.05
39.27  1.94
39.28  2.08
39.29  1.94
39.3  2.12
39.31  1.95
39.32  2.05
39.33  2
39.34  2.06
39.35  2.03
39.36  2.07
39.37  1.98
39.38  1.96
39.39  1.94
39.4  2.2
39.41  1.95
39.42  2
39.43  2.12
39.44  2.06
39.45  1.95
39.46  1.97
39.47  2.06
39.48  2.01
39.49  2.07
39.5  1.98
39.51  2.11
39.52  2.04
39.53  2.01
39.54  2.04
39.55  2.03
39.56  1.97
39.57  2.06
39.58  2.08
39.59  1.98
39.6  1.98
39.61  2.07
39.62  1.98
39.63  2.08
39.64  1.99
39.65  1.92
39.66  2.09
39.67  2.03
39.68  2.1
39.69  1.95
39.7  2.07
39.71  1.97
39.72  1.95
39.73  2.06
39.74  2.11
39.75  1.94
39.76  2.04
39.77  2.1
39.78  1.94
39.79  2
39.8  2.03
39.81  2.01
39.82  2.02
39.83  2.07
39.84  2.04
39.85  1.92
39.86  2.01
39.87  2.08
39.88  1.95
39.89  2
39.9  2.07
39.91  2.04
39.92  1.95
39.93  2.03
39.94  1.96
39.95  2.03
39.96  2.05
39.97  2.02
39.98  2.1
39.99  2
40  1.97
40.01  2.09
40.02  2
40.03  2.05
40.04  1.99
40.05  2.06
40.06  1.98
40.07  2.08
40.08  2.02
40.09  2.02
40.1  2.01
40.11  2
40.12  2
40.13  2.08
40.14  2.01
40.15  2.01
40.16  2.02
40.17  2.1
40.18  1.9
40.19  2.12
40.2  1.96
40.21  2.14
40.22  1.94
40.23  2.04
40.24  2.03
40.25  1.98
40.26  2.07
40.27  2.03
40.28  2.02
40.29  2.1
40.3  2.02
40.31  1.99
40.32  2.04
40.33  2.05
40.34  1.99
40.35  2.03
40.36  2.07
40.37  2.04
40.38  1.93
40.39  2.05
40.4  2.05
40.41  2.03
40.42  2.06
40.43  1.96
40.44  1.98
40.45  2.04
40.46  1.98
40.47  1.98
40.48  2.05
40.49  2.05
40.5  2.07
40.51  1.94
40.52  1.97
40.53  2.01
40.54  2.08
40.55  2.02
40.56  1.93
40.57  2.12
40.58  1.98
40.59  2.04
40.6  2.05
40.61  1.9
40.62  2.08
40.63  2
40.64  2.05
40.65  2.04
40.66  1.98
40.67  1.97
40.68  2.05
40.69  2.02
40.7  2.11
40.71  1.94
40.72  1.99
40.73  2.11
40.74  1.97
40.75  2.01
40.76  2.01
40.77  2.03
40.78  2
40.79  2.08
40.8  2
40.81  1.98
40.82  2.05
40.83  2.02
40.84  2.03
40.85  2.04
40.86  2.02
40.87  2.01
40.88  2.03
40.89  2.07
40.9  2.03
40.91  2.02
40.92  1.99
40.93  2.05
40.94  1.99
40.95  2.04
40.96  2
40.97  2.11
40.98  1.94
40.99  2.11
41  2.11
41.01  1.92
41.02  2.08
41.03  2.03
41.04  2.01
41.05  1.94
41.06  2.04
41.07  2.03
41.08  2.13
41.09  2
41.1  1.96
41.11  2.02
41.12  1.99
41.13  1.99
41.14  2.05
41.15  1.99
41.16  2.05
41.17  2.07
41.18  1.97
41.19  2.03
41.2  1.99
41.21  2.03
41.22  2.05
41.23  1.96
41.24  2.08
41.25  2.06
41.26  2.03
41.27  1.93
41.28  2.05
41.29  2
41.3  2.03
41.31  2.03
41.32  2.09
41.33  1.97
41.34  2.03
41.35  2.02
41.36  2.03
41.37  1.94
41.38  2.06
41.39  1.99
41.4  2.08
41.41  1.96
41.42  2.04
41.43  2.06
41.44  1.96
41.45  2.05
41.46  1.99
41.47  2.07
41.48  2.1
41.49  1.95
41.5  2.09
41.51  1.98
41.52  2.01
41.53  1.96
41.54  2.04
41.55  2.1
41.56  1.98
41.57  2.05
41.58  2.06
41.59  1.99
41.6  2.01
41.61  2.08
41.62  2.07
41.63  2.03
41.64  1.98
41.65  2.03
41.66  2.08
41.67  1.94
41.68  2.05
41.69  2.03
41.7  2.03
41.71  1.99
41.72  2.07
41.73  2
41.74  2
41.75  2.04
41.76  2.02
41.77  2.03
41.78  2
41.79  2.08
41.8  1.95
41.81  1.97
41.82  2.06
41.83  1.98
41.84  2.09
41.85  2
41.86  1.97
41.87  2.01
41.88  2.07
41.89  2
41.9  2.03
41.91  1.98
41.92  2.03
41.93  2.06
41.94  1.98
41.95  2.01
41.96  2.09
41.97  2.05
41.98  1.97
41.99  1.97
42  2
42.01  1.96
42.02  2.07
42.03  2.05
42.04  2.05
42.05  1.87
42.06  2.08
42.07  2.01
42.08  2.02
42.09  2.07
42.1  2.05
42.11  1.97
42.12  2.02
42.13  1.99
42.14  2.05
42.15  1.98
42.16  2.1
42.17  1.98
42.18  2.01
42.19  2.08
42.2  1.99
42.21  2.06
42.22  1.9
42.23  2.16
42.24  1.99
42.25  2.13
42.26  1.96
42.27  2
42.28  1.97
42.29  2
42.3  2.11
42.31  2.01
42.32  2.09
42.33  2
42.34  2.08
42.35  2.02
42.36  1.92
42.37  2.13
42.38  1.99
42.39  1.94
42.4  2.05
42.41  2
42.42  2.11
42.43  2.02
42.44  2.02
42.45  1.97
42.46  2.08
42.47  1.96
42.48  1.97
42.49  2.08
42.5  2.03
42.51  2
42.52  2.02
42.53  2.04
42.54  2.08
42.55  1.94
42.56  2.14
42.57  1.98
42.58  1.97
42.59  2.12
42.6  2.02
42.61  1.93
42.62  2.02
42.63  2.02
42.64  2.05
42.65  2.07
42.66  2.03
42.67  1.95
42.68  1.96
42.69  2.05
42.7  2.03
42.71  2.1
42.72  1.93
42.73  2.04
42.74  2.07
42.75  1.92
42.76  2.01
42.77  2.03
42.78  2
42.79  2.05
42.8  2.03
42.81  1.93
42.82  2.16
42.83  1.98
42.84  2.08
42.85  2.03
42.86  2.04
42.87  1.98
42.88  1.95
42.89  2.04
42.9  2.1
42.91  2.03
42.92  1.98
42.93  2.02
42.94  1.97
42.95  2.08
42.96  2.08
42.97  1.98
42.98  2.06
42.99  2.02
43  2.05
43.01  1.95
43.02  2.02
43.03  2.04
43.04  1.99
43.05  2.03
43.06  2.05
43.07  2.03
43.08  2.04
43.09  1.99
43.1  1.99
43.11  2.06
43.12  2.09
43.13  1.94
43.14  2.07
43.15  2.04
43.16  1.96
43.17  2.04
43.18  2
43.19  2.07
43.2  2.02
43.21  2.05
43.22  2.07
43.23  1.96
43.24  2.07
43.25  1.97
43.26  1.93
43.27  2.03
43.28  2.04
43.29  2.07
43.3  2.02
43.31  2
43.32  1.99
43.33  2.01
43.34  2.07
43.35  2.01
43.36  1.97
43.37  2.02
43.38  2.05
43.39  1.99
43.4  2.07
43.41  2.03
43.42  1.99
43.43  1.99
43.44  2.03
43.45  2.01
43.46  1.99
43.47  2.08
43.48  2.01
43.49  1.96
43.5  2.02
43.51  2.08
43.52  2.04
43.53  1.95
43.54  2.01
43.55  1.97
43.56  2.09
43.57  2.02
43.58  2.08
43.59  1.97
43.6  1.99
43.61  2.01
43.62  2.05
43.63  2
43.64  2.06
43.65  1.96
43.66  2.06
43.67  2.02
43.68  2.13
43.69  1.96
43.7  2.11
43.71  1.99
43.72  2
43.73  2
43.74  2.02
43.75  1.98
43.76  2.13
43.77  1.99
43.78  2.01
43.79  2.06
43.8  1.96
43.81  2.01
43.82  2.05
43.83  2.03
43.84  2.1
43.85  2.1
43.86  1.97
43.87  1.98
43.88  2.04
43.89  2.06
43.9  2
43.91  2
43.92  2.16
43.93  1.92
43.94  2.13
43.95  1.95
43.96  2
43.97  2.08
43.98  2.03
43.99  1.98
44  1.98
44.01  2.03
44.02  2.03
44.03  1.92
44.04  2.09
44.05  2.02
44.06  2.09
44.07  2.05
44.08  2
44.09  1.98
44.1  2.07
44.11  1.99
44.12  2.02
44.13  2.04
44.14  1.96
44.15  2.01
44.16  2.01
44.17  1.98
44.18  2.01
44.19  2.01
44.2  2.06
44.21  1.96
44.22  1.99
44.23  2.16
44.24  1.97
44.25  2.03
44.26  2
44.27  2.06
44.28  2.1
44.29  1.94
44.3  1.98
44.31  2.07
44.32  1.99
44.33  1.96
44.34  2.02
44.35  2.01
44.36  1.99
44.37  1.98
44.38  2.02
44.39  2.09
44.4  2.04
44.41  2
44.42  2.05
44.43  1.97
44.44  2
44.45  2.16
44.46  1.97
44.47  2.06
44.48  2.03
44.49  2.03
44.5  2
44.51  2
44.52  2.04
44.53  2.04
44.54  2.04
44.55  2.01
44.56  2.04
44.57  2.05
44.58  1.91
44.59  2.1
44.6  1.96
44.61  2.03
44.62  1.97
44.63  2.13
44.64  2.05
44.65  2.06
44.66  1.96
44.67  2.05
44.68  1.93
44.69  2.04
44.7  2.02
44.71  2.01
44.72  2.12
44.73  1.95
44.74  2
44.75  2.06
44.76  2.03
44.77  1.94
44.78  2.06
44.79  1.97
44.8  2.12
44.81  2.02
44.82  2.01
44.83  2.02
44.84  1.95
44.85  2.05
44.86  2.01
44.87  2.03
44.88  1.98
44.89  2.05
44.9  2.04
44.91  1.96
44.92  2.02
44.93  2.03
44.94  2.08
44.95  2.01
44.96  2.01
44.97  1.93
44.98  2.02
44.99  2.07
45  2.06
45.01  1.92
45.02  2.1
45.03  2.04
45.04  2.04
45.05  1.95
45.06  2.02
45.07  2.12
45.08  1.98
45.09  2.01
45.1  2.03
45.11  2.06
45.12  2.03
45.13  2.02
45.14  2.09
45.15  2.03
45.16  2.05
45.17  2.04
45.18  1.95
45.19  2
45.2  2.07
45.21  2.03
45.22  2.01
45.23  2
45.24  2.03
45.25  2.07
45.26  2.03
45.27  1.98
45.28  2.04
45.29  2.06
45.3  2
45.31  2.05
45.32  2.06
45.33  1.99
45.34  2.08
45.35  1.99
45.36  2.09
45.37  1.95
45.38  2.02
45.39  1.98
45.4  2.11
45.41  1.99
45.42  2.06
45.43  1.91
45.44  2.02
45.45  2.13
45.46  1.95
45.47  1.99
45.48  1.95
45.49  2.03
45.5  2.08
45.51  1.98
45.52  2.03
45.53  2.09
45.54  1.93
45.55  1.96
45.56  2.02
45.57  2.08
45.58  1.99
45.59  1.96
45.6  2.09
45.61  2.06
45.62  2.01
45.63  2
45.64  2
45.65  1.91
45.66  2.09
45.67  1.99
45.68  2.04
45.69  2.15
45.7  1.96
45.71  1.92
45.72  2.05
45.73  2.01
45.74  2
45.75  2.08
45.76  2.02
45.77  2
45.78  1.99
45.79  2.13
45.8  1.95
45.81  2.01
45.82  2.06
45.83  2.07
45.84  2.02
45.85  1.98
45.86  2.11
45.87  1.98
45.88  1.93
45.89  2.09
45.9  2.02
45.91  2.03
45.92  2.05
45.93  2.04
45.94  1.93
45.95  2.01
45.96  2.12
45.97  2.06
45.98  1.91
45.99  2.05
46  2.05
46.01  1.99
46.02  2.03
46.03  2.02
46.04  2.09
46.05  1.98
46.06  2.07
46.07  2.05
46.08  2.02
46.09  2.02
46.1  1.96
46.11  2.03
46.12  2.01
46.13  2.04
46.14  1.96
46.15  2.08
46.16  2.01
46.17  1.97
46.18  2.03
46.19  2.05
46.2  2.07
46.21  1.99
46.22  2.13
46.23  2
46.24  1.92
46.25  1.99
46.26  2
46.27  1.99
46.28  2.05
46.29  2.03
46.3  1.99
46.31  2.04
46.32  2.09
46.33  2.04
46.34  1.97
46.35  2.04
46.36  1.95
46.37  2.09
46.38  2
46.39  2.03
46.4  2.04
46.41  2.03
46.42  1.99
46.43  2.04
46.44  2.01
46.45  2.04
46.46  2.05
46.47  2.05
46.48  2.07
46.49  2.02
46.5  1.98
46.51  2.03
46.52  1.98
46.53  1.99
46.54  1.99
46.55  2.08
46.56  2.1
46.57  1.96
46.58  2.07
46.59  2.05
46.6  1.99
46.61  2.03
46.62  1.98
46.63  2.04
46.64  2.08
46.65  2.01
46.66  1.98
46.67  2.06
46.68  1.98
46.69  2.04
46.7  1.97
46.71  2.04
46.72  2.08
46.73  1.99
46.74  2.07
46.75  1.98
46.76  2.05
46.77  2.07
46.78  1.95
46.79  1.99
46.8  1.96
46.81  2.11
46.82  2.01
46.83  1.97
46.84  2.04
46.85  2.08
46.86  1.96
46.87  2.02
46.88  2.02
46.89  1.98
46.9  2.02
46.91  2.02
46.92  2.03
46.93  2.05
46.94  2
46.95  2.09
46.96  2.04
46.97  1.93
46.98  1.94
46.99  2.14
47  1.98
47.01  2.03
47.02  2.06
47.03  2.02
47.04  2.03
47.05  2.03
47.06  2.02
47.07  1.94
47.08  2.05
47.09  2.07
47.1  2.02
47.11  2.07
47.12  1.98
47.13  1.98
47.14  1.99
47.15  2.06
47.16  2.02
47.17  1.98
47.18  2.05
47.19  1.98
47.2  2.05
47.21  2.11
47.22  2.02
47.23  2.03
47.24  1.97
47.25  2.04
47.26  1.97
47.27  2.05
47.28  2
47.29  2.03
47.3  1.99
47.31  2.1
47.32  2
47.33  2.07
47.34  2.07
47.35  1.96
47.36  2.1
47.37  1.97
47.38  2.05
47.39  1.96
47.4  1.99
47.41  2.08
47.42  2.02
47.43  2
47.44  2.01
47.45  2.09
47.46  1.98
47.47  2.08
47.48  1.99
47.49  1.94
47.5  2.06
47.51  1.98
47.52  2.09
47.53  1.96
47.54  2.06
47.55  2
47.56  2.04
47.57  2.09
47.58  1.97
47.59  1.94
47.6  2.02
47.61  2.05
47.62  2.1
47.63  1.9
47.64  2.09
47.65  2.07
47.66  2.05
47.67  2
47.68  2.09
47.69  1.98
47.7  2.1
47.71  1.94
47.72  2.01
47.73  1.98
47.74  2.06
47.75  2
47.76  2.03
47.77  2.02
47.78  1.96
47.79  2.04
47.8  2.05
47.81  1.96
47.82  2.12
47.83  2.07
47.84  1.96
47.85  1.99
47.86  1.98
47.87  2.05
47.88  2.05
47.89  1.99
47.9  2.07
47.91  2.06
47.92  1.96
47.93  2.03
47.94  2.05
47.95  1.98
47.96  1.99
47.97  2.08
47.98  1.95
47.99  2.08
48  1.98
48.01  2.06
48.02  2.01
48.03  2.05
48.04  2
48.05  1.9
48.06  2.12
48.07  1.95
48.08  2.06
48.09  1.98
48.1  2.03
48.11  2.08
48.12  1.89
48.13  2.06
48.14  2.04
48.15  2.03
48.16  1.96
48.17  2.05
48.18  1.99
48.19  2.09
48.2  2.02
48.21  2.01
48.22  1.95
48.23  2.04
48.24  2.13
48.25  1.94
48.26  1.95
48.27  2.08
48.28  2.03
48.29  2.03
48.3  2.07
48.31  1.96
48.32  2.03
48.33  2
48.34  2
48.35  2.05
48.36  2.1
48.37  2.02
48.38  2.03
48.39  2.02
48.4  1.96
48.41  2.1
48.42  1.94
48.43  2.02
48.44  2.17
48.45  1.94
48.46  2.06
48.47  2
48.48  2.08
48.49  2.01
48.5  2.02
48.51  1.95
48.52  2
48.53  2.15
48.54  1.95
48.55  2.05
48.56  1.99
48.57  2.05
48.58  2.01
48.59  2.07
48.6  2
48.61  2.03
48.62  2.1
48.63  2.02
48.64  2.04
48.65  1.93
48.66  2
48.67  1.95
48.68  2.07
48.69  2.06
48.7  2.03
48.71  2.04
48.72  2.14
48.73  1.98
48.74  2.01
48.75  2.05
48.76  1.93
48.77  2.04
48.78  1.96
48.79  1.97
48.8  2.11
48.81  2.01
48.82  2.06
48.83  1.96
48.84  2.02
48.85  2.1
48.86  1.91
48.87  2.01
48.88  2.04
48.89  2.02
48.9  2.02
48.91  2.09
48.92  1.96
48.93  2.04
48.94  2.02
48.95  2.03
48.96  1.99
48.97  2.05
48.98  2.03
48.99  2
49  2
49.01  2.08
49.02  2.04
49.03  2.05
49.04  2.02
49.05  1.98
49.06  2.06
49.07  1.9
49.08  2.11
49.09  2.01
49.1  1.98
49.11  2.11
49.12  2.01
49.13  2
49.14  2.05
49.15  2.01
49.16  2.08
49.17  1.98
49.18  2.06
49.19  1.96
49.2  1.97
49.21  2.09
49.22  2
49.23  2.03
49.24  1.98
49.25  2.05
49.26  2.05
49.27  2.02
49.28  1.99
49.29  2.09
49.3  2.02
49.31  2.02
49.32  2.01
49.33  2.05
49.34  2.02
49.35  2.04
49.36  1.97
49.37  1.93
49.38  2.09
49.39  2.05
49.4  1.91
49.41  2.06
49.42  1.97
49.43  2
49.44  2.05
49.45  2.04
49.46  2.02
49.47  2.03
49.48  1.98
49.49  1.98
49.5  2.15
49.51  1.99
49.52  1.98
49.53  1.99
49.54  2
49.55  1.97
49.56  2.04
49.57  2.08
49.58  2.06
49.59  2.08
49.6  1.99
49.61  2.06
49.62  2.04
49.63  2.02
49.64  1.99
49.65  2
49.66  1.96
49.67  2.07
49.68  2.05
49.69  1.97
49.7  2.05
49.71  2
49.72  2.03
49.73  2.04
49.74  2.05
49.75  2.03
49.76  1.93
49.77  2.08
49.78  2.05
49.79  2.07
49.8  2.09
49.81  1.97
49.82  1.94
49.83  2.07
49.84  2.07
49.85  2
49.86  2.01
49.87  2.08
49.88  2.01
49.89  2.08
49.9  2
49.91  1.98
49.92  1.99
49.93  2.03
49.94  2.05
49.95  2.07
49.96  2.06
49.97  2.1
49.98  1.91
49.99  2.07
50  1.97
50.01  1.97
50.02  2.01
50.03  2.05
50.04  2.01
50.05  2.03
50.06  2.01
50.07  2.04
50.08  1.99
50.09  1.96
50.1  2.02
50.11  2.07
50.12  2.01
50.13  1.99
50.14  2.03
50.15  2.07
50.16  1.92
50.17  2.06
50.18  2.03
50.19  2.04
50.2  2.09
50.21  1.98
50.22  1.98
50.23  1.98
50.24  2.02
50.25  1.98
50.26  2
50.27  2.09
50.28  1.96
50.29  2
50.3  2.05
50.31  1.99
50.32  2.04
50.33  2.02
50.34  1.97
50.35  2.12
50.36  2.01
50.37  2.05
50.38  1.95
50.39  2.11
50.4  1.98
50.41  2.03
50.42  1.93
50.43  2.11
50.44  2.1
50.45  2.03
50.46  1.96
50.47  2.02
50.48  2.02
50.49  2.06
50.5  2
50.51  2.03
50.52  2.03
50.53  1.99
50.54  2.02
50.55  1.94
50.56  2.1
50.57  2.05
50.58  2.06
50.59  2.03
50.6  2.13
50.61  1.95
50.62  2.02
50.63  2.01
50.64  2.06
50.65  1.99
50.66  1.96
50.67  2.06
50.68  2.03
50.69  1.98
50.7  2.12
50.71  1.99
50.72  1.98
50.73  2.07
50.74  1.97
50.75  1.95
50.76  2.06
50.77  2.06
50.78  2.02
50.79  1.97
50.8  2.04
50.81  2.07
50.82  1.95
50.83  2.05
50.84  2.04
50.85  1.99
50.86  2.09
50.87  2.13
50.88  1.94
50.89  2
50.9  1.99
50.91  2.01
50.92  1.99
50.93  2.04
50.94  1.94
50.95  2.1
50.96  2.01
50.97  2.02
50.98  2.01
50.99  1.98
51  2.14
51.01  1.98
51.02  2.09
51.03  1.89
51.04  2.09
51.05  2.05
51.06  1.99
51.07  2.06
51.08  1.99
51.09  2.08
51.1  2.06
51.11  1.9
51.12  2.1
51.13  1.99
51.14  2
51.15  2.03
51.16  2.01
51.17  2.11
51.18  1.99
51.19  1.97
51.2  2.02
51.21  2.05
51.22  1.98
51.23  2.12
51.24  1.98
51.25  2.14
51.26  1.98
51.27  1.97
51.28  2
51.29  2.09
51.3  1.95
51.31  2.02
51.32  1.97
51.33  2.15
51.34  1.93
51.35  2.04
51.36  2.11
51.37  1.95
51.38  2.07
51.39  1.96
51.4  2.06
51.41  2.08
51.42  1.97
51.43  1.96
51.44  2.03
51.45  1.97
51.46  2.04
51.47  2.08
51.48  1.9
51.49  2.08
51.5  2.05
51.51  1.93
51.52  2.01
51.53  1.95
51.54  1.99
51.55  2.03
51.56  2.2
51.57  2.09
51.58  1.94
51.59  2.01
51.6  2.02
51.61  2.08
51.62  1.96
51.63  2.06
51.64  1.96
51.65  2.05
51.66  1.99
51.67  2.04
51.68  2.04
51.69  1.94
51.7  2.03
51.71  1.97
51.72  2.11
51.73  1.98
51.74  2.01
51.75  2.09
51.76  2.06
51.77  1.98
51.78  1.96
51.79  2.1
51.8  1.96
51.81  1.96
51.82  2.09
51.83  2.05
51.84  1.97
51.85  1.97
51.86  2.14
51.87  1.97
51.88  2.08
51.89  2.09
51.9  2.1
51.91  1.93
51.92  1.97
51.93  2.03
51.94  2.03
51.95  2
51.96  2.03
51.97  2.1
51.98  1.94
51.99  2.02
52  2.03
52.01  2.04
52.02  1.95
52.03  2.08
52.04  2.04
52.05  2.03
52.06  1.97
52.07  2.02
52.08  2.02
52.09  2.08
52.1  1.98
52.11  2.01
52.12  2.08
52.13  1.99
52.14  2.1
52.15  2.02
52.16  2.02
52.17  2.02
52.18  2.02
52.19  2.04
52.2  2.01
52.21  2.01
52.22  2.08
52.23  1.92
52.24  2.01
52.25  2.06
52.26  2.09
52.27  2
52.28  1.97
52.29  2.08
52.3  2.02
52.31  1.98
52.32  2.07
52.33  1.95
52.34  2.01
52.35  2.03
52.36  2.12
52.37  1.94
52.38  2.03
52.39  2.01
52.4  1.95
52.41  2.11
52.42  2
52.43  2.08
52.44  1.98
52.45  2.05
52.46  2.03
52.47  1.93
52.48  2
52.49  2.15
52.5  2.01
52.51  1.98
52.52  2.01
52.53  2
52.54  2.04
52.55  2.02
52.56  2.08
52.57  1.94
52.58  2
52.59  2.06
52.6  2.01
52.61  1.97
52.62  2.06
52.63  2.02
52.64  2.09
52.65  1.91
52.66  2.11
52.67  2
52.68  1.94
52.69  2.08
52.7  2
52.71  2.04
52.72  2.04
52.73  2.06
52.74  2.02
52.75  1.98
52.76  2
52.77  2.07
52.78  1.98
52.79  1.98
52.8  2.02
52.81  2.01
52.82  2.08
52.83  2.03
52.84  2.04
52.85  2
52.86  2
52.87  2.03
52.88  2.09
52.89  1.97
52.9  2.08
52.91  1.96
52.92  2.05
52.93  2.05
52.94  2
52.95  1.93
52.96  2.08
52.97  2.03
52.98  2.1
52.99  1.94
53  2.05
53.01  2
53.02  2.04
53.03  2.06
53.04  1.97
53.05  2.04
53.06  2
53.07  2.03
53.08  2.01
53.09  2.03
53.1  2.01
53.11  2.1
53.12  1.98
53.13  2.05
53.14  1.94
53.15  2.05
53.16  2.02
53.17  2.01
53.18  2.01
53.19  2.01
53.2  2.06
53.21  2.07
53.22  2.02
53.23  1.99
53.24  2.04
53.25  2.06
53.26  1.97
53.27  2.06
53.28  1.99
53.29  1.95
53.3  2.1
53.31  2.04
53.32  2.04
53.33  2
53.34  2.03
53.35  1.96
53.36  2.04
53.37  2.02
53.38  2.02
53.39  2.02
53.4  1.95
53.41  2.09
53.42  2.08
53.43  1.98
53.44  2.05
53.45  2.02
53.46  1.97
53.47  2.03
53.48  1.93
53.49  2.12
53.5  2.06
53.51  2.04
53.52  2.05
53.53  2.02
53.54  1.99
53.55  2
53.56  1.95
53.57  2.06
53.58  2.04
53.59  2.01
53.6  2.08
53.61  2.03
53.62  1.95
53.63  2.04
53.64  2.01
53.65  2.11
53.66  1.97
53.67  1.92
53.68  2.04
53.69  2.04
53.7  1.95
53.71  2.08
53.72  2
53.73  2.02
53.74  2
53.75  2.03
53.76  2.11
53.77  2.05
53.78  1.98
53.79  2.02
53.8  1.92
53.81  2.1
53.82  2.08
53.83  1.93
53.84  1.98
53.85  2
53.86  2.06
53.87  2.09
53.88  2.01
53.89  1.96
53.9  2.07
53.91  1.99
53.92  2.1
53.93  1.93
53.94  2.05
53.95  2.02
53.96  2
53.97  2.05
53.98  2.06
53.99  1.99
54  1.98
54.01  2.04
54.02  2.04
54.03  1.96
54.04  2.01
54.05  2
54.06  2.04
54.07  2.05
54.08  2
54.09  1.99
54.1  2.12
54.11  2
54.12  2.12
54.13  2.01
54.14  2.02
54.15  2.08
54.16  2
54.17  2
54.18  2.12
54.19  1.97
54.2  2.09
54.21  1.98
54.22  2.02
54.23  1.97
54.24  2.05
54.25  2.06
54.26  2.03
54.27  2.04
54.28  1.99
54.29  2.04
54.3  2.16
54.31  1.97
54.32  2.04
54.33  2.04
54.34  1.98
54.35  1.97
54.36  1.94
54.37  2.05
54.38  2
54.39  2.11
54.4  2.01
54.41  2.03
54.42  2.01
54.43  1.99
54.44  1.98
54.45  2.08
54.46  1.98
54.47  2.08
54.48  2.03
54.49  1.98
54.5  2.04
54.51  2
54.52  2.06
54.53  1.96
54.54  2.05
54.55  2.02
54.56  1.97
54.57  2.03
54.58  2
54.59  2
54.6  1.99
54.61  2.01
54.62  2.03
54.63  1.97
54.64  2.11
54.65  2
54.66  2.02
54.67  1.98
54.68  1.96
54.69  2.05
54.7  2.05
54.71  2.04
54.72  1.91
54.73  2.09
54.74  2.06
54.75  2.06
54.76  1.98
54.77  2
54.78  2
54.79  2.07
54.8  2.06
54.81  2.07
54.82  2
54.83  2.01
54.84  2.05
54.85  1.94
54.86  2.08
54.87  2.02
54.88  1.99
54.89  2.04
54.9  2
54.91  2.03
54.92  2.1
54.93  2.02
54.94  2.01
54.95  2.07
54.96  2.01
54.97  1.97
54.98  1.99
54.99  2
55  1.99
55.01  2.09
55.02  2.07
55.03  2.05
55.04  2.05
55.05  2.07
55.06  1.92
55.07  2.04
55.08  2.11
55.09  1.96
55.1  1.99
55.11  1.97
55.12  1.95
55.13  2.07
55.14  1.98
55.15  2.08
55.16  2.09
55.17  2.04
55.18  1.95
55.19  2.04
55.2  1.97
55.21  2.03
55.22  2.04
55.23  2.04
55.24  1.89
55.25  2.02
55.26  2.03
55.27  1.99
55.28  2.08
55.29  1.99
55.3  2.03
55.31  2
55.32  2.02
55.33  2.06
55.34  2.04
55.35  1.91
55.36  2.11
55.37  1.99
55.38  1.98
55.39  2.07
55.4  2.03
55.41  1.96
55.42  2.09
55.43  2.04
55.44  2.04
55.45  2.03
55.46  1.99
55.47  2
55.48  1.99
55.49  2.07
55.5  2
55.51  2.02
55.52  2.05
55.53  2.07
55.54  2.01
55.55  2.11
55.56  1.91
55.57  2.16
55.58  2.06
55.59  1.96
55.6  2.05
55.61  2.05
55.62  2
55.63  2.03
55.64  1.99
55.65  2.05
55.66  2.01
55.67  2.07
55.68  2.02
55.69  2.02
55.7  2.07
55.71  2
55.72  1.99
55.73  1.97
55.74  2.03
55.75  1.99
55.76  2.07
55.77  2.05
55.78  2
55.79  2.08
55.8  2.01
55.81  1.98
55.82  2.15
55.83  1.92
55.84  2
55.85  1.98
55.86  1.95
55.87  2.12
55.88  2.02
55.89  2
55.9  1.89
55.91  2.13
55.92  1.93
55.93  2.03
55.94  2.01
55.95  2.03
55.96  2.03
55.97  1.99
55.98  2.1
55.99  1.97
56  1.98
56.01  2.02
56.02  2
56.03  1.97
56.04  2.07
56.05  1.98
56.06  2.08
56.07  2.01
56.08  1.94
56.09  1.96
56.1  2.12
56.11  1.98
56.12  2.1
56.13  2.03
56.14  2.01
56.15  2.02
56.16  2.05
56.17  2.07
56.18  1.99
56.19  2.04
56.2  2.01
56.21  2.02
56.22  2.01
56.23  2.02
56.24  2.01
56.25  2.03
56.26  2.14
56.27  2.06
56.28  2.02
56.29  2.01
56.3  2.03
56.31  2.05
56.32  1.97
56.33  2
56.34  2.05
56.35  2.01
56.36  2.06
56.37  2.08
56.38  2.05
56.39  1.95
56.4  2.09
56.41  2.03
56.42  1.98
56.43  1.94
56.44  2.16
56.45  2.04
56.46  1.94
56.47  2.08
56.48  2.02
56.49  2.07
56.5  2.05
56.51  1.99
56.52  1.91
56.53  2.09
56.54  1.97
56.55  1.98
56.56  2.08
56.57  2.06
56.58  1.98
56.59  1.98
56.6  1.94
56.61  2.08
56.62  1.98
56.63  1.97
56.64  2.1
56.65  2.02
56.66  2.07
56.67  1.98
56.68  2.06
56.69  1.98
56.7  1.91
56.71  2.06
56.72  2.04
56.73  1.97
56.74  1.99
56.75  2.09
56.76  2.01
56.77  2.04
56.78  2.04
56.79  2.07
56.8  1.97
56.81  2.09
56.82  1.98
56.83  1.98
56.84  1.97
56.85  2.11
56.86  1.95
56.87  2.04
56.88  1.98
56.89  2.03
56.9  2.01
56.91  2.04
56.92  2.12
56.93  2.02
56.94  2.05
56.95  2.08
56.96  1.9
56.97  2.04
56.98  1.99
56.99  2.04
57  1.94
57.01  2.1
57.02  1.96
57.03  2.11
57.04  2.02
57.05  2.02
57.06  2.07
57.07  2.03
57.08  2.04
57.09  2.01
57.1  1.99
57.11  2.03
57.12  2
57.13  2.03
57.14  2.05
57.15  2.07
57.16  1.95
57.17  2.02
57.18  1.96
57.19  2.01
57.2  2.1
57.21  1.98
57.22  2.08
57.23  1.96
57.24  2.06
57.25  2
57.26  2.07
57.27  1.89
57.28  2.06
57.29  2.04
57.3  1.98
57.31  1.96
57.32  2.06
57.33  1.98
57.34  2.05
57.35  2.04
57.36  2.03
57.37  1.95
57.38  2.08
57.39  2
57.4  2.08
57.41  1.95
57.42  2.01
57.43  2.04
57.44  2.03
57.45  2.03
57.46  2.1
57.47  2.06
57.48  2
57.49  1.99
57.5  2.02
57.51  1.94
57.52  2.12
57.53  2.01
57.54  1.99
57.55  2.05
57.56  2.03
57.57  2.04
57.58  2.05
57.59  1.98
57.6  2.1
57.61  2.04
57.62  1.94
57.63  2.1
57.64  1.95
57.65  2.06
57.66  2.01
57.67  2.06
57.68  2.04
57.69  1.98
57.7  2.01
57.71  2.11
57.72  2
57.73  1.96
57.74  2.16
57.75  2
57.76  2.03
57.77  2.07
57.78  1.97
57.79  2.01
57.8  2.01
57.81  2.02
57.82  1.97
57.83  2.06
57.84  2
57.85  2.06
57.86  2
57.87  2.01
57.88  2
57.89  2.05
57.9  1.97
57.91  1.99
57.92  2.04
57.93  2.07
57.94  2
57.95  2.04
57.96  1.93
57.97  2.08
57.98  1.96
57.99  2.02
58  2.06
58.01  1.98
58.02  2.01
58.03  1.94
58.04  2.07
58.05  2.01
58.06  2.03
58.07  1.99
58.08  2.03
58.09  2
58.1  2.08
58.11  1.98
58.12  2.03
58.13  2.08
58.14  1.96
58.15  2.02
58.16  2.01
58.17  2.04
58.18  1.98
58.19  1.98
58.2  2.03
58.21  2.07
58.22  2.01
58.23  2.01
58.24  2.01
58.25  2.07
58.26  2.04
58.27  2.05
58.28  1.97
58.29  2.07
58.3  2.04
58.31  2.01
58.32  2.06
58.33  2
58.34  2.03
58.35  2.09
58.36  1.97
58.37  2.07
58.38  1.99
58.39  2.02
58.4  1.99
58.41  2.02
58.42  2.06
58.43  2.05
58.44  2.05
58.45  2.02
58.46  1.98
58.47  2.1
58.48  1.97
58.49  2.06
58.5  2.01
58.51  2.04
58.52  2.08
58.53  1.97
58.54  2.05
58.55  1.99
58.56  1.97
58.57  2.09
58.58  2
58.59  1.9
58.6  2.04
58.61  2.07
58.62  1.94
58.63  2.11
58.64  2.02
58.65  2.08
58.66  2
58.67  1.94
58.68  2.05
58.69  2.04
58.7  1.98
58.71  1.97
58.72  2.11
58.73  1.99
58.74  2.06
58.75  2.02
58.76  2.02
58.77  1.99
58.78  2.09
58.79  1.97
58.8  2.03
58.81  2.04
58.82  1.98
58.83  1.99
58.84  2.02
58.85  2.02
58.86  2.07
58.87  2.07
58.88  1.91
58.89  2.13
58.9  1.95
58.91  2.07
58.92  2.06
58.93  2.01
58.94  1.96
58.95  2.04
58.96  2.01
58.97  2.03
58.98  2.02
58.99  1.95
59  2.05
59.01  1.99
59.02  2.11
59.03  2.07
59.04  1.96
59.05  2.13
59.06  2.01
59.07  2
59.08  2.02
59.09  2.03
59.1  2.09
59.11  1.96
59.12  2.07
59.13  2.04
59.14  2
59.15  2
59.16  2.02
59.17  1.99
59.18  2.02
59.19  2.07
59.2  1.98
59.21  2.03
59.22  2.03
59.23  2.05
59.24  1.98
59.25  1.99
59.26  2.03
59.27  1.98
59.28  2.07
59.29  1.93
59.3  2.01
59.31  2.09
59.32  1.99
59.33  2.04
59.34  1.93
59.35  2.07
59.36  2.11
59.37  2
59.38  1.98
59.39  2.06
59.4  1.93
59.41  2.08
59.42  2.07
59.43  1.93
59.44  2.01
59.45  2.02
59.46  2.02
59.47  1.91
59.48  2.07
59.49  2.07
59.5  2.04
59.51  1.96
59.52  2.02
59.53  2.07
59.54  2.06
59.55  2.03
59.56  1.94
59.57  2.06
59.58  2.02
59.59  2.03
59.6  2.03
59.61  2.09
59.62  2
59.63  2.03
59.64  1.97
59.65  2.06
59.66  2.07
59.67  2.01
59.68  1.99
59.69  2.03
59.7  1.99
59.71  2.08
59.72  2.02
59.73  2.09
59.74  2.11
59.75  1.94
59.76  1.91
59.77  2.11
59.78  2.07
59.79  2.03
59.8  2.03
59.81  2.01
59.82  1.97
59.83  2.02
59.84  2.01
59.85  2.07
59.86  2.02
59.87  2.03
59.88  2.08
59.89  1.95
59.9  2.07
59.91  2.01
59.92  2.05
59.93  1.93
59.94  2.05
59.95  2.01
59.96  1.99
59.97  2.09
59.98  2.04
59.99  1.92
