-15  0
-14.99  0
-14.98  0.01
-14.97  0
-14.96  0.01
-14.95  0.02
-14.94  0.01
-14.93  0.01
-14.92  0.03
-14.91  0.02
-14.9  0.02
-14.89  0.02
-14.88  0.03
-14.87  0.03
-14.86  0.04
-14.85  0.03
-14.84  0.02
-14.83  0.04
-14.82  0.03
-14.81  0.04
-14.8  0.05
-14.79  0.04
-14.78  0.05
-14.77  0.03
-14.76  0.05
-14.75  0.06
-14.74  0.04
-14.73  0.04
-14.72  0.07
-14.71  0.04
-14.7  0.05
-14.69  0.07
-14.68  0.05
-14.67  0.05
-14.66  0.06
-14.65  0.05
-14.64  0.06
-14.63  0.08
-14.62  0.05
-14.61  0.07
-14.6  0.06
-14.59  0.06
-14.58  0.06
-14.57  0.09
-14.56  0.07
-14.55  0.07
-14.54  0.05
-14.53  0.08
-14.52  0.08
-14.51  0.07
-14.5  0.07
-14.49  0.08
-14.48  0.08
-14.47  0.08
-14.46  0.08
-14.45  0.07
-14.44  0.09
-14.43  0.07
-14.42  0.07
-14.41  0.1
-14.4  0.08
-14.39  0.08
-14.38  0.1
-14.37  0.08
-14.36  0.08
-14.35  0.09
-14.34  0.09
-14.33  0.09
-14.32  0.09
-14.31  0.09
-14.3  0.08
-14.29  0.1
-14.28  0.09
-14.27  0.11
-14.26  0.08
-14.25  0.11
-14.24  0.09
-14.23  0.09
-14.22  0.09
-14.21  0.1
-14.2  0.09
-14.19  0.1
-14.18  0.11
-14.17  0.11
-14.16  0.12
-14.15  0.08
-14.14  0.09
-14.13  0.11
-14.12  0.09
-14.11  0.12
-14.1  0.09
-14.09  0.12
-14.08  0.11
-14.07  0.1
-14.06  0.12
-14.05  0.12
-14.04  0.09
-14.03  0.09
-14.02  0.13
-14.01  0.1
-14  0.12
-13.99  0.09
-13.98  0.13
-13.97  0.12
-13.96  0.1
-13.95  0.1
-13.94  0.13
-13.93  0.11
-13.92  0.12
-13.91  0.1
-13.9  0.11
-13.89  0.14
-13.88  0.12
-13.87  0.1
-13.86  0.1
-13.85  0.13
-13.84  0.11
-13.83  0.15
-13.82  0.09
-13.81  0.13
-13.8  0.12
-13.79  0.13
-13.78  0.11
-13.77  0.12
-13.76  0.12
-13.75  0.11
-13.74  0.14
-13.73  0.11
-13.72  0.12
-13.71  0.13
-13.7  0.12
-13.69  0.14
-13.68  0.12
-13.67  0.13
-13.66  0.12
-13.65  0.15
-13.64  0.09
-13.63  0.12
-13.62  0.12
-13.61  0.13
-13.6  0.14
-13.59  0.14
-13.58  0.12
-13.57  0.12
-13.56  0.14
-13.55  0.1
-13.54  0.16
-13.53  0.13
-13.52  0.1
-13.51  0.13
-13.5  0.14
-13.49  0.13
-13.48  0.15
-13.47  0.11
-13.46  0.12
-13.45  0.13
-13.44  0.15
-13.43  0.14
-13.42  0.12
-13.41  0.14
-13.4  0.13
-13.39  0.12
-13.38  0.12
-13.37  0.15
-13.36  0.13
-13.35  0.14
-13.34  0.12
-13.33  0.11
-13.32  0.14
-13.31  0.17
-13.3  0.11
-13.29  0.15
-13.28  0.14
-13.27  0.13
-13.26  0.12
-13.25  0.13
-13.24  0.14
-13.23  0.14
-13.22  0.12
-13.21  0.15
-13.2  0.13
-13.19  0.13
-13.18  0.14
-13.17  0.12
-13.16  0.14
-13.15  0.17
-13.14  0.13
-13.13  0.14
-13.12  0.13
-13.11  0.14
-13.1  0.13
-13.09  0.12
-13.08  0.14
-13.07  0.14
-13.06  0.15
-13.05  0.12
-13.04  0.14
-13.03  0.13
-13.02  0.17
-13.01  0.13
-13  0.13
-12.99  0.14
-12.98  0.11
-12.97  0.18
-12.96  0.14
-12.95  0.12
-12.94  0.15
-12.93  0.12
-12.92  0.15
-12.91  0.13
-12.9  0.13
-12.89  0.15
-12.88  0.14
-12.87  0.16
-12.86  0.13
-12.85  0.15
-12.84  0.13
-12.83  0.11
-12.82  0.16
-12.81  0.14
-12.8  0.14
-12.79  0.16
-12.78  0.11
-12.77  0.13
-12.76  0.15
-12.75  0.12
-12.74  0.16
-12.73  0.14
-12.72  0.15
-12.71  0.17
-12.7  0.1
-12.69  0.15
-12.68  0.16
-12.67  0.11
-12.66  0.14
-12.65  0.14
-12.64  0.13
-12.63  0.13
-12.62  0.15
-12.61  0.15
-12.6  0.16
-12.59  0.13
-12.58  0.13
-12.57  0.15
-12.56  0.17
-12.55  0.14
-12.54  0.11
-12.53  0.16
-12.52  0.11
-12.51  0.14
-12.5  0.15
-12.49  0.15
-12.48  0.15
-12.47  0.13
-12.46  0.13
-12.45  0.15
-12.44  0.14
-12.43  0.15
-12.42  0.14
-12.41  0.15
-12.4  0.13
-12.39  0.13
-12.38  0.16
-12.37  0.15
-12.36  0.12
-12.35  0.13
-12.34  0.13
-12.33  0.2
-12.32  0.11
-12.31  0.15
-12.3  0.13
-12.29  0.13
-12.28  0.14
-12.27  0.15
-12.26  0.15
-12.25  0.15
-12.24  0.13
-12.23  0.15
-12.22  0.16
-12.21  0.12
-12.2  0.14
-12.19  0.15
-12.18  0.14
-12.17  0.15
-12.16  0.15
-12.15  0.13
-12.14  0.14
-12.13  0.11
-12.12  0.16
-12.11  0.17
-12.1  0.13
-12.09  0.11
-12.08  0.14
-12.07  0.18
-12.06  0.13
-12.05  0.17
-12.04  0.15
-12.03  0.12
-12.02  0.13
-12.01  0.13
-12  0.14
-11.99  0.14
-11.98  0.13
-11.97  0.16
-11.96  0.14
-11.95  0.12
-11.94  0.18
-11.93  0.13
-11.92  0.18
-11.91  0.13
-11.9  0.12
-11.89  0.13
-11.88  0.15
-11.87  0.15
-11.86  0.15
-11.85  0.13
-11.84  0.13
-11.83  0.14
-11.82  0.14
-11.81  0.15
-11.8  0.15
-11.79  0.13
-11.78  0.15
-11.77  0.14
-11.76  0.15
-11.75  0.16
-11.74  0.13
-11.73  0.15
-11.72  0.12
-11.71  0.13
-11.7  0.16
-11.69  0.16
-11.68  0.13
-11.67  0.13
-11.66  0.12
-11.65  0.17
-11.64  0.16
-11.63  0.12
-11.62  0.14
-11.61  0.14
-11.6  0.15
-11.59  0.15
-11.58  0.11
-11.57  0.15
-11.56  0.15
-11.55  0.15
-11.54  0.15
-11.53  0.16
-11.52  0.13
-11.51  0.14
-11.5  0.12
-11.49  0.14
-11.48  0.14
-11.47  0.13
-11.46  0.17
-11.45  0.14
-11.44  0.15
-11.43  0.14
-11.42  0.16
-11.41  0.12
-11.4  0.14
-11.39  0.14
-11.38  0.17
-11.37  0.11
-11.36  0.17
-11.35  0.14
-11.34  0.15
-11.33  0.11
-11.32  0.13
-11.31  0.15
-11.3  0.14
-11.29  0.15
-11.28  0.17
-11.27  0.12
-11.26  0.14
-11.25  0.15
-11.24  0.11
-11.23  0.16
-11.22  0.17
-11.21  0.13
-11.2  0.17
-11.19  0.14
-11.18  0.14
-11.17  0.12
-11.16  0.13
-11.15  0.16
-11.14  0.13
-11.13  0.14
-11.12  0.15
-11.11  0.13
-11.1  0.15
-11.09  0.12
-11.08  0.15
-11.07  0.17
-11.06  0.17
-11.05  0.11
-11.04  0.12
-11.03  0.14
-11.02  0.16
-11.01  0.14
-11  0.14
-10.99  0.14
-10.98  0.12
-10.97  0.17
-10.96  0.16
-10.95  0.14
-10.94  0.13
-10.93  0.13
-10.92  0.17
-10.91  0.12
-10.9  0.13
-10.89  0.15
-10.88  0.14
-10.87  0.13
-10.86  0.14
-10.85  0.16
-10.84  0.16
-10.83  0.15
-10.82  0.14
-10.81  0.14
-10.8  0.12
-10.79  0.16
-10.78  0.14
-10.77  0.15
-10.76  0.12
-10.75  0.14
-10.74  0.14
-10.73  0.16
-10.72  0.11
-10.71  0.16
-10.7  0.12
-10.69  0.16
-10.68  0.12
-10.67  0.15
-10.66  0.17
-10.65  0.14
-10.64  0.16
-10.63  0.13
-10.62  0.14
-10.61  0.13
-10.6  0.15
-10.59  0.12
-10.58  0.17
-10.57  0.12
-10.56  0.19
-10.55  0.12
-10.54  0.15
-10.53  0.13
-10.52  0.1
-10.51  0.12
-10.5  0.2
-10.49  0.16
-10.48  0.14
-10.47  0.13
-10.46  0.16
-10.45  0.15
-10.44  0.12
-10.43  0.14
-10.42  0.15
-10.41  0.12
-10.4  0.15
-10.39  0.13
-10.38  0.14
-10.37  0.18
-10.36  0.14
-10.35  0.11
-10.34  0.16
-10.33  0.14
-10.32  0.13
-10.31  0.15
-10.3  0.14
-10.29  0.14
-10.28  0.14
-10.27  0.16
-10.26  0.17
-10.25  0.13
-10.24  0.13
-10.23  0.15
-10.22  0.12
-10.21  0.15
-10.2  0.13
-10.19  0.13
-10.18  0.18
-10.17  0.14
-10.16  0.11
-10.15  0.16
-10.14  0.12
-10.13  0.17
-10.12  0.12
-10.11  0.16
-10.1  0.14
-10.09  0.15
-10.08  0.12
-10.07  0.16
-10.06  0.14
-10.05  0.15
-10.04  0.12
-10.03  0.15
-10.02  0.16
-10.01  0.14
-10  0.14
-9.99  0.17
-9.98  0.12
-9.97  0.13
-9.96  0.13
-9.95  0.14
-9.94  0.14
-9.93  0.12
-9.92  0.15
-9.91  0.14
-9.9  0.17
-9.89  0.16
-9.88  0.13
-9.87  0.15
-9.86  0.16
-9.85  0.14
-9.84  0.12
-9.83  0.16
-9.82  0.11
-9.81  0.17
-9.8  0.13
-9.79  0.14
-9.78  0.11
-9.77  0.14
-9.76  0.16
-9.75  0.14
-9.74  0.15
-9.73  0.14
-9.72  0.11
-9.71  0.2
-9.7  0.13
-9.69  0.17
-9.68  0.13
-9.67  0.12
-9.66  0.16
-9.65  0.13
-9.64  0.14
-9.63  0.12
-9.62  0.14
-9.61  0.17
-9.6  0.16
-9.59  0.14
-9.58  0.12
-9.57  0.14
-9.56  0.13
-9.55  0.16
-9.54  0.14
-9.53  0.12
-9.52  0.16
-9.51  0.15
-9.5  0.13
-9.49  0.13
-9.48  0.16
-9.47  0.13
-9.46  0.17
-9.45  0.13
-9.44  0.14
-9.43  0.15
-9.42  0.15
-9.41  0.13
-9.4  0.14
-9.39  0.16
-9.38  0.11
-9.37  0.15
-9.36  0.14
-9.35  0.17
-9.34  0.12
-9.33  0.13
-9.32  0.17
-9.31  0.16
-9.3  0.11
-9.29  0.16
-9.28  0.11
-9.27  0.12
-9.26  0.19
-9.25  0.15
-9.24  0.13
-9.23  0.15
-9.22  0.16
-9.21  0.13
-9.2  0.16
-9.19  0.12
-9.18  0.15
-9.17  0.12
-9.16  0.12
-9.15  0.16
-9.14  0.11
-9.13  0.17
-9.12  0.15
-9.11  0.13
-9.1  0.13
-9.09  0.18
-9.08  0.12
-9.07  0.15
-9.06  0.14
-9.05  0.15
-9.04  0.16
-9.03  0.12
-9.02  0.17
-9.01  0.16
-9  0.11
-8.99  0.14
-8.98  0.12
-8.97  0.18
-8.96  0.09
-8.95  0.14
-8.94  0.17
-8.93  0.12
-8.92  0.14
-8.91  0.18
-8.9  0.15
-8.89  0.12
-8.88  0.13
-8.87  0.16
-8.86  0.11
-8.85  0.17
-8.84  0.12
-8.83  0.19
-8.82  0.15
-8.81  0.12
-8.8  0.15
-8.79  0.14
-8.78  0.12
-8.77  0.12
-8.76  0.18
-8.75  0.14
-8.74  0.12
-8.73  0.17
-8.72  0.13
-8.71  0.15
-8.7  0.11
-8.69  0.17
-8.68  0.16
-8.67  0.12
-8.66  0.15
-8.65  0.12
-8.64  0.16
-8.63  0.11
-8.62  0.17
-8.61  0.17
-8.6  0.11
-8.59  0.15
-8.58  0.15
-8.57  0.14
-8.56  0.12
-8.55  0.19
-8.54  0.12
-8.53  0.16
-8.52  0.1
-8.51  0.15
-8.5  0.15
-8.49  0.14
-8.48  0.14
-8.47  0.11
-8.46  0.14
-8.45  0.14
-8.44  0.15
-8.43  0.17
-8.42  0.16
-8.41  0.16
-8.4  0.12
-8.39  0.13
-8.38  0.17
-8.37  0.14
-8.36  0.13
-8.35  0.13
-8.34  0.14
-8.33  0.15
-8.32  0.14
-8.31  0.15
-8.3  0.11
-8.29  0.14
-8.28  0.17
-8.27  0.12
-8.26  0.17
-8.25  0.14
-8.24  0.14
-8.23  0.12
-8.22  0.12
-8.21  0.16
-8.2  0.19
-8.19  0.12
-8.18  0.14
-8.17  0.14
-8.16  0.14
-8.15  0.17
-8.14  0.13
-8.13  0.14
-8.12  0.14
-8.11  0.14
-8.1  0.12
-8.09  0.13
-8.08  0.17
-8.07  0.14
-8.06  0.13
-8.05  0.15
-8.04  0.13
-8.03  0.16
-8.02  0.13
-8.01  0.14
-8  0.15
-7.99  0.15
-7.98  0.1
-7.97  0.19
-7.96  0.13
-7.95  0.18
-7.94  0.14
-7.93  0.13
-7.92  0.14
-7.91  0.11
-7.9  0.15
-7.89  0.12
-7.88  0.16
-7.87  0.13
-7.86  0.18
-7.85  0.17
-7.84  0.11
-7.83  0.13
-7.82  0.12
-7.81  0.16
-7.8  0.16
-7.79  0.12
-7.78  0.15
-7.77  0.17
-7.76  0.1
-7.75  0.15
-7.74  0.15
-7.73  0.15
-7.72  0.12
-7.71  0.17
-7.7  0.12
-7.69  0.2
-7.68  0.09
-7.67  0.16
-7.66  0.14
-7.65  0.15
-7.64  0.13
-7.63  0.14
-7.62  0.16
-7.61  0.13
-7.6  0.12
-7.59  0.13
-7.58  0.13
-7.57  0.16
-7.56  0.13
-7.55  0.16
-7.54  0.17
-7.53  0.14
-7.52  0.16
-7.51  0.13
-7.5  0.15
-7.49  0.11
-7.48  0.17
-7.47  0.11
-7.46  0.18
-7.45  0.11
-7.44  0.14
-7.43  0.19
-7.42  0.1
-7.41  0.14
-7.4  0.15
-7.39  0.12
-7.38  0.16
-7.37  0.15
-7.36  0.09
-7.35  0.13
-7.34  0.2
-7.33  0.13
-7.32  0.16
-7.31  0.13
-7.3  0.17
-7.29  0.11
-7.28  0.17
-7.27  0.15
-7.26  0.11
-7.25  0.16
-7.24  0.12
-7.23  0.16
-7.22  0.16
-7.21  0.11
-7.2  0.13
-7.19  0.17
-7.18  0.12
-7.17  0.14
-7.16  0.17
-7.15  0.14
-7.14  0.13
-7.13  0.13
-7.12  0.13
-7.11  0.17
-7.1  0.16
-7.09  0.11
-7.08  0.13
-7.07  0.17
-7.06  0.15
-7.05  0.12
-7.04  0.17
-7.03  0.12
-7.02  0.12
-7.01  0.15
-7  0.15
-6.99  0.2
-6.98  0.1
-6.97  0.14
-6.96  0.14
-6.95  0.16
-6.94  0.14
-6.93  0.09
-6.92  0.18
-6.91  0.12
-6.9  0.12
-6.89  0.16
-6.88  0.18
-6.87  0.13
-6.86  0.16
-6.85  0.11
-6.84  0.16
-6.83  0.15
-6.82  0.14
-6.81  0.16
-6.8  0.13
-6.79  0.13
-6.78  0.13
-6.77  0.14
-6.76  0.17
-6.75  0.14
-6.74  0.12
-6.73  0.13
-6.72  0.17
-6.71  0.12
-6.7  0.14
-6.69  0.17
-6.68  0.14
-6.67  0.13
-6.66  0.15
-6.65  0.15
-6.64  0.13
-6.63  0.1
-6.62  0.18
-6.61  0.14
-6.6  0.16
-6.59  0.12
-6.58  0.19
-6.57  0.13
-6.56  0.13
-6.55  0.14
-6.54  0.16
-6.53  0.15
-6.52  0.14
-6.51  0.11
-6.5  0.16
-6.49  0.13
-6.48  0.11
-6.47  0.14
-6.46  0.13
-6.45  0.17
-6.44  0.12
-6.43  0.18
-6.42  0.1
-6.41  0.19
-6.4  0.14
-6.39  0.16
-6.38  0.13
-6.37  0.13
-6.36  0.17
-6.35  0.11
-6.34  0.13
-6.33  0.2
-6.32  0.12
-6.31  0.15
-6.3  0.11
-6.29  0.16
-6.28  0.14
-6.27  0.12
-6.26  0.12
-6.25  0.18
-6.24  0.13
-6.23  0.13
-6.22  0.14
-6.21  0.14
-6.2  0.14
-6.19  0.18
-6.18  0.12
-6.17  0.16
-6.16  0.15
-6.15  0.12
-6.14  0.14
-6.13  0.11
-6.12  0.18
-6.11  0.16
-6.1  0.16
-6.09  0.09
-6.08  0.21
-6.07  0.13
-6.06  0.09
-6.05  0.16
-6.04  0.13
-6.03  0.18
-6.02  0.13
-6.01  0.12
-6  0.18
-5.99  0.11
-5.98  0.12
-5.97  0.12
-5.96  0.17
-5.95  0.13
-5.94  0.17
-5.93  0.12
-5.92  0.18
-5.91  0.14
-5.9  0.13
-5.89  0.15
-5.88  0.14
-5.87  0.15
-5.86  0.13
-5.85  0.15
-5.84  0.1
-5.83  0.19
-5.82  0.16
-5.81  0.12
-5.8  0.16
-5.79  0.13
-5.78  0.15
-5.77  0.11
-5.76  0.15
-5.75  0.13
-5.74  0.13
-5.73  0.16
-5.72  0.16
-5.71  0.13
-5.7  0.14
-5.69  0.11
-5.68  0.18
-5.67  0.11
-5.66  0.16
-5.65  0.14
-5.64  0.15
-5.63  0.16
-5.62  0.17
-5.61  0.13
-5.6  0.16
-5.59  0.14
-5.58  0.11
-5.57  0.14
-5.56  0.13
-5.55  0.15
-5.54  0.12
-5.53  0.18
-5.52  0.12
-5.51  0.11
-5.5  0.15
-5.49  0.16
-5.48  0.13
-5.47  0.17
-5.46  0.12
-5.45  0.11
-5.44  0.19
-5.43  0.17
-5.42  0.14
-5.41  0.13
-5.4  0.13
-5.39  0.12
-5.38  0.14
-5.37  0.16
-5.36  0.14
-5.35  0.14
-5.34  0.19
-5.33  0.11
-5.32  0.2
-5.31  0.1
-5.3  0.12
-5.29  0.15
-5.28  0.12
-5.27  0.12
-5.26  0.18
-5.25  0.09
-5.24  0.18
-5.23  0.14
-5.22  0.19
-5.21  0.08
-5.2  0.15
-5.19  0.15
-5.18  0.14
-5.17  0.15
-5.16  0.13
-5.15  0.17
-5.14  0.16
-5.13  0.16
-5.12  0.1
-5.11  0.15
-5.1  0.13
-5.09  0.16
-5.08  0.09
-5.07  0.2
-5.06  0.14
-5.05  0.14
-5.04  0.12
-5.03  0.16
-5.02  0.14
-5.01  0.13
-5  0.15
-4.99  0.15
-4.98  0.13
-4.97  0.14
-4.96  0.13
-4.95  0.13
-4.94  0.16
-4.93  0.12
-4.92  0.15
-4.91  0.15
-4.9  0.11
-4.89  0.16
-4.88  0.13
-4.87  0.2
-4.86  0.16
-4.85  0.12
-4.84  0.19
-4.83  0.12
-4.82  0.13
-4.81  0.16
-4.8  0.11
-4.79  0.13
-4.78  0.14
-4.77  0.13
-4.76  0.16
-4.75  0.1
-4.74  0.16
-4.73  0.14
-4.72  0.19
-4.71  0.12
-4.7  0.11
-4.69  0.13
-4.68  0.16
-4.67  0.14
-4.66  0.15
-4.65  0.18
-4.64  0.15
-4.63  0.15
-4.62  0.15
-4.61  0.1
-4.6  0.18
-4.59  0.12
-4.58  0.14
-4.57  0.1
-4.56  0.17
-4.55  0.12
-4.54  0.15
-4.53  0.16
-4.52  0.15
-4.51  0.12
-4.5  0.18
-4.49  0.14
-4.48  0.09
-4.47  0.14
-4.46  0.13
-4.45  0.15
-4.44  0.2
-4.43  0.12
-4.42  0.12
-4.41  0.14
-4.4  0.15
-4.39  0.14
-4.38  0.11
-4.37  0.23
-4.36  0.17
-4.35  0.12
-4.34  0.11
-4.33  0.15
-4.32  0.13
-4.31  0.14
-4.3  0.13
-4.29  0.12
-4.28  0.17
-4.27  0.15
-4.26  0.16
-4.25  0.07
-4.24  0.19
-4.23  0.14
-4.22  0.13
-4.21  0.15
-4.2  0.14
-4.19  0.16
-4.18  0.15
-4.17  0.11
-4.16  0.17
-4.15  0.12
-4.14  0.14
-4.13  0.13
-4.12  0.2
-4.11  0.12
-4.1  0.15
-4.09  0.11
-4.08  0.14
-4.07  0.16
-4.06  0.14
-4.05  0.15
-4.04  0.14
-4.03  0.13
-4.02  0.18
-4.01  0.11
-4  0.17
-3.99  0.09
-3.98  0.19
-3.97  0.11
-3.96  0.15
-3.95  0.13
-3.94  0.14
-3.93  0.15
-3.92  0.14
-3.91  0.13
-3.9  0.12
-3.89  0.13
-3.88  0.18
-3.87  0.19
-3.86  0.12
-3.85  0.18
-3.84  0.12
-3.83  0.11
-3.82  0.17
-3.81  0.16
-3.8  0.1
-3.79  0.17
-3.78  0.12
-3.77  0.14
-3.76  0.11
-3.75  0.16
-3.74  0.15
-3.73  0.12
-3.72  0.16
-3.71  0.17
-3.7  0.13
-3.69  0.15
-3.68  0.12
-3.67  0.13
-3.66  0.18
-3.65  0.14
-3.64  0.11
-3.63  0.12
-3.62  0.17
-3.61  0.17
-3.6  0.13
-3.59  0.16
-3.58  0.14
-3.57  0.14
-3.56  0.15
-3.55  0.16
-3.54  0.13
-3.53  0.12
-3.52  0.13
-3.51  0.14
-3.5  0.16
-3.49  0.17
-3.48  0.1
-3.47  0.18
-3.46  0.06
-3.45  0.14
-3.44  0.15
-3.43  0.14
-3.42  0.19
-3.41  0.1
-3.4  0.17
-3.39  0.16
-3.38  0.18
-3.37  0.13
-3.36  0.15
-3.35  0.1
-3.34  0.13
-3.33  0.13
-3.32  0.18
-3.31  0.13
-3.3  0.14
-3.29  0.19
-3.28  0.1
-3.27  0.11
-3.26  0.18
-3.25  0.16
-3.24  0.11
-3.23  0.13
-3.22  0.15
-3.21  0.16
-3.2  0.15
-3.19  0.16
-3.18  0.14
-3.17  0.11
-3.16  0.15
-3.15  0.13
-3.14  0.16
-3.13  0.13
-3.12  0.09
-3.11  0.15
-3.1  0.18
-3.09  0.11
-3.08  0.23
-3.07  0.1
-3.06  0.18
-3.05  0.08
-3.04  0.18
-3.03  0.09
-3.02  0.2
-3.01  0.15
-3  0.09
-2.99  0.17
-2.98  0.17
-2.97  0.12
-2.96  0.13
-2.95  0.11
-2.94  0.15
-2.93  0.15
-2.92  0.14
-2.91  0.15
-2.9  0.15
-2.89  0.12
-2.88  0.16
-2.87  0.14
-2.86  0.16
-2.85  0.16
-2.84  0.1
-2.83  0.14
-2.82  0.18
-2.81  0.15
-2.8  0.11
-2.79  0.15
-2.78  0.16
-2.77  0.14
-2.76  0.13
-2.75  0.15
-2.74  0.13
-2.73  0.16
-2.72  0.12
-2.71  0.17
-2.7  0.11
-2.69  0.17
-2.68  0.1
-2.67  0.16
-2.66  0.14
-2.65  0.14
-2.64  0.13
-2.63  0.09
-2.62  0.19
-2.61  0.15
-2.6  0.16
-2.59  0.11
-2.58  0.15
-2.57  0.14
-2.56  0.16
-2.55  0.18
-2.54  0.14
-2.53  0.11
-2.52  0.19
-2.51  0.14
-2.5  0.14
-2.49  0.13
-2.48  0.12
-2.47  0.12
-2.46  0.18
-2.45  0.11
-2.44  0.14
-2.43  0.15
-2.42  0.12
-2.41  0.15
-2.4  0.15
-2.39  0.11
-2.38  0.12
-2.37  0.23
-2.36  0.1
-2.35  0.15
-2.34  0.15
-2.33  0.16
-2.32  0.16
-2.31  0.13
-2.3  0.11
-2.29  0.16
-2.28  0.11
-2.27  0.14
-2.26  0.16
-2.25  0.16
-2.24  0.12
-2.23  0.14
-2.22  0.12
-2.21  0.18
-2.2  0.13
-2.19  0.18
-2.18  0.19
-2.17  0.09
-2.16  0.1
-2.15  0.15
-2.14  0.13
-2.13  0.16
-2.12  0.17
-2.11  0.12
-2.1  0.12
-2.09  0.12
-2.08  0.17
-2.07  0.16
-2.06  0.13
-2.05  0.11
-2.04  0.2
-2.03  0.11
-2.02  0.14
-2.01  0.17
-2  0.12
-1.99  0.17
-1.98  0.11
-1.97  0.14
-1.96  0.16
-1.95  0.16
-1.94  0.13
-1.93  0.17
-1.92  0.15
-1.91  0.13
-1.9  0.12
-1.89  0.16
-1.88  0.13
-1.87  0.12
-1.86  0.11
-1.85  0.16
-1.84  0.17
-1.83  0.13
-1.82  0.14
-1.81  0.15
-1.8  0.14
-1.79  0.13
-1.78  0.15
-1.77  0.12
-1.76  0.17
-1.75  0.12
-1.74  0.18
-1.73  0.11
-1.72  0.17
-1.71  0.15
-1.7  0.15
-1.69  0.16
-1.68  0.11
-1.67  0.16
-1.66  0.15
-1.65  0.15
-1.64  0.13
-1.63  0.16
-1.62  0.08
-1.61  0.17
-1.6  0.12
-1.59  0.14
-1.58  0.12
-1.57  0.17
-1.56  0.11
-1.55  0.15
-1.54  0.18
-1.53  0.12
-1.52  0.14
-1.51  0.18
-1.5  0.11
-1.49  0.16
-1.48  0.16
-1.47  0.15
-1.46  0.13
-1.45  0.12
-1.44  0.16
-1.43  0.11
-1.42  0.19
-1.41  0.14
-1.4  0.14
-1.39  0.13
-1.38  0.11
-1.37  0.13
-1.36  0.15
-1.35  0.12
-1.34  0.2
-1.33  0.16
-1.32  0.13
-1.31  0.15
-1.3  0.12
-1.29  0.13
-1.28  0.13
-1.27  0.14
-1.26  0.16
-1.25  0.15
-1.24  0.13
-1.23  0.11
-1.22  0.18
-1.21  0.14
-1.2  0.1
-1.19  0.14
-1.18  0.21
-1.17  0.15
-1.16  0.1
-1.15  0.17
-1.14  0.18
-1.13  0.13
-1.12  0.14
-1.11  0.15
-1.1  0.13
-1.09  0.09
-1.08  0.15
-1.07  0.15
-1.06  0.11
-1.05  0.16
-1.04  0.12
-1.03  0.17
-1.02  0.15
-1.01  0.15
-1  0.17
-0.99  0.12
-0.98  0.13
-0.97  0.17
-0.96  0.14
-0.95  0.14
-0.94  0.14
-0.93  0.09
-0.92  0.14
-0.91  0.16
-0.9  0.11
-0.89  0.2
-0.88  0.12
-0.87  0.15
-0.86  0.18
-0.85  0.11
-0.84  0.17
-0.83  0.13
-0.82  0.14
-0.81  0.14
-0.8  0.14
-0.79  0.18
-0.78  0.14
-0.77  0.16
-0.76  0.07
-0.75  0.12
-0.74  0.19
-0.73  0.1
-0.72  0.19
-0.71  0.1
-0.7  0.14
-0.69  0.14
-0.68  0.18
-0.67  0.12
-0.66  0.14
-0.65  0.12
-0.64  0.16
-0.63  0.12
-0.62  0.17
-0.61  0.2
-0.6  0.13
-0.59  0.15
-0.58  0.14
-0.57  0.1
-0.56  0.19
-0.55  0.14
-0.54  0.17
-0.53  0.12
-0.52  0.08
-0.51  0.15
-0.5  0.11
-0.49  0.17
-0.48  0.11
-0.47  0.14
-0.46  0.15
-0.45  0.17
-0.44  0.17
-0.43  0.16
-0.42  0.1
-0.41  0.14
-0.4  0.17
-0.39  0.11
-0.38  0.12
-0.37  0.16
-0.36  0.17
-0.35  0.13
-0.34  0.15
-0.33  0.13
-0.32  0.17
-0.31  0.11
-0.3  0.15
-0.29  0.15
-0.28  0.16
-0.27  0.12
-0.26  0.15
-0.25  0.13
-0.24  0.15
-0.23  0.16
-0.22  0.11
-0.21  0.16
-0.2  0.08
-0.19  0.2
-0.18  0.15
-0.17  0.14
-0.16  0.14
-0.15  0.15
-0.14  0.12
-0.13  0.1
-0.12  0.16
-0.11  0.16
-0.1  0.15
-0.09  0.15
-0.08  0.14
-0.07  0.16
-0.06  0.14
-0.05  0.14
-0.04  0.11
-0.03  0.16
-0.02  0.12
-0.01  0.21
-2.16197e-11  0.14
0.0001  0
0.0101  0.13
0.0201  0.15
0.0301  0.13
0.0401  0.1
0.0501  0.16
0.0601  0.13
0.0701  0.15
0.0801  0.15
0.0901  0.09
0.1001  0.23
0.1101  0.15
0.1201  0.11
0.1301  0.13
0.1401  0.14
0.1501  0.16
0.1601  0.15
0.1701  0.14
0.1801  0.14
0.1901  0.14
0.2001  0.12
0.2101  0.13
0.2201  0.14
0.2301  0.19
0.2401  0.11
0.2501  0.21
0.2601  0.13
0.2701  0.19
0.2801  0.15
0.2901  0.16
0.3001  0.14
0.3101  0.13
0.3201  0.17
0.3301  0.11
0.3401  0.13
0.3501  0.18
0.3601  0.11
0.3701  0.14
0.3801  0.21
0.3901  0.2
0.4001  0.19
0.4101  0.14
0.4201  0.12
0.4301  0.15
0.4401  0.11
0.4501  0.22
0.4601  0.15
0.4701  0.18
0.4801  0.16
0.4901  0.18
0.5001  0.13
0.5101  0.11
0.5201  0.13
0.5301  0.2
0.5401  0.19
0.5501  0.14
0.5601  0.21
0.5701  0.12
0.5801  0.21
0.5901  0.15
0.6001  0.11
0.6101  0.22
0.6201  0.15
0.6301  0.18
0.6401  0.15
0.6501  0.23
0.6601  0.16
0.6701  0.19
0.6801  0.19
0.6901  0.2
0.7001  0.26
0.7101  0.23
0.7201  0.19
0.7301  0.14
0.7401  0.22
0.7501  0.18
0.7601  0.2
0.7701  0.18
0.7801  0.18
0.7901  0.2
0.8001  0.19
0.8101  0.15
0.8201  0.1
0.8301  0.23
0.8401  0.17
0.8501  0.17
0.8601  0.18
0.8701  0.16
0.8801  0.16
0.8901  0.19
0.9001  0.16
0.9101  0.2
0.9201  0.19
0.9301  0.18
0.9401  0.17
0.9501  0.3
0.9601  0.16
0.9701  0.31
0.9801  0.2
0.9901  0.27
1.0001  0.22
1.0101  0.17
1.0201  0.27
1.0301  0.15
1.0401  0.15
1.0501  0.19
1.0601  0.16
1.0701  0.2
1.0801  0.2
1.0901  0.12
1.1001  0.24
1.1101  0.14
1.1201  0.23
1.1301  0.17
1.1401  0.22
1.1501  0.23
1.1601  0.19
1.1701  0.24
1.1801  0.3
1.1901  0.18
1.2001  0.25
1.2101  0.19
1.2201  0.25
1.2301  0.18
1.2401  0.16
1.2501  0.11
1.2601  0.21
1.2701  0.21
1.2801  0.19
1.2901  0.19
1.3001  0.17
1.3101  0.24
1.3201  0.21
1.3301  0.25
1.3401  0.22
1.3501  0.2
1.3601  0.24
1.3701  0.24
1.3801  0.23
1.3901  0.25
1.4001  0.24
1.4101  0.28
1.4201  0.15
1.4301  0.26
1.4401  0.28
1.4501  0.2
1.4601  0.27
1.4701  0.24
1.4801  0.24
1.4901  0.16
1.5001  0.29
1.5101  0.24
1.5201  0.28
1.5301  0.24
1.5401  0.28
1.5501  0.28
1.5601  0.22
1.5701  0.2
1.5801  0.26
1.5901  0.12
1.6001  0.18
1.6101  0.22
1.6201  0.26
1.6301  0.22
1.6401  0.26
1.6501  0.28
1.6601  0.26
1.6701  0.29
1.6801  0.37
1.6901  0.25
1.7001  0.19
1.7101  0.28
1.7201  0.19
1.7301  0.23
1.7401  0.2
1.7501  0.2
1.7601  0.14
1.7701  0.21
1.7801  0.29
1.7901  0.23
1.8001  0.26
1.8101  0.3
1.8201  0.29
1.8301  0.22
1.8401  0.34
1.8501  0.31
1.8601  0.19
1.8701  0.2
1.8801  0.21
1.8901  0.25
1.9001  0.25
1.9101  0.27
1.9201  0.24
1.9301  0.26
1.9401  0.28
1.9501  0.16
1.9601  0.26
1.9701  0.27
1.9801  0.29
1.9901  0.25
2.0001  0.28
2.0101  0.34
2.0201  0.34
2.0301  0.24
2.0401  0.15
2.0501  0.31
2.0601  0.24
2.0701  0.22
2.0801  0.29
2.0901  0.25
2.1001  0.18
2.1101  0.24
2.1201  0.27
2.1301  0.3
2.1401  0.37
2.1501  0.21
2.1601  0.23
2.1701  0.3
2.1801  0.25
2.1901  0.36
2.2001  0.22
2.2101  0.34
2.2201  0.21
2.2301  0.28
2.2401  0.35
2.2501  0.22
2.2601  0.24
2.2701  0.23
2.2801  0.19
2.2901  0.27
2.3001  0.31
2.3101  0.31
2.3201  0.26
2.3301  0.29
2.3401  0.26
2.3501  0.21
2.3601  0.38
2.3701  0.2
2.3801  0.34
2.3901  0.27
2.4001  0.26
2.4101  0.29
2.4201  0.2
2.4301  0.27
2.4401  0.23
2.4501  0.23
2.4601  0.21
2.4701  0.26
2.4801  0.31
2.4901  0.27
2.5001  0.23
2.5101  0.37
2.5201  0.25
2.5301  0.35
2.5401  0.23
2.5501  0.21
2.5601  0.35
2.5701  0.19
2.5801  0.27
2.5901  0.21
2.6001  0.18
2.6101  0.22
2.6201  0.24
2.6301  0.32
2.6401  0.21
2.6501  0.24
2.6601  0.35
2.6701  0.3
2.6801  0.27
2.6901  0.23
2.7001  0.24
2.7101  0.23
2.7201  0.17
2.7301  0.33
2.7401  0.3
2.7501  0.17
2.7601  0.26
2.7701  0.28
2.7801  0.29
2.7901  0.25
2.8001  0.2
2.8101  0.29
2.8201  0.22
2.8301  0.22
2.8401  0.26
2.8501  0.31
2.8601  0.27
2.8701  0.34
2.8801  0.25
2.8901  0.3
2.9001  0.31
2.9101  0.34
2.9201  0.28
2.9301  0.34
2.9401  0.26
2.9501  0.36
2.9601  0.31
2.9701  0.23
2.9801  0.35
2.9901  0.23
3.0001  0.27
3.0101  0.23
3.0201  0.26
3.0301  0.29
3.0401  0.35
3.0501  0.28
3.0601  0.38
3.0701  0.25
3.0801  0.3
3.0901  0.25
3.1001  0.33
3.1101  0.27
3.1201  0.25
3.1301  0.21
3.1401  0.33
3.1501  0.36
3.1601  0.27
3.1701  0.31
3.1801  0.23
3.1901  0.27
3.2001  0.25
3.2101  0.36
3.2201  0.23
3.2301  0.22
3.2401  0.31
3.2501  0.24
3.2601  0.26
3.2701  0.27
3.2801  0.23
3.2901  0.34
3.3001  0.28
3.3101  0.28
3.3201  0.17
3.3301  0.29
3.3401  0.34
3.3501  0.28
3.3601  0.35
3.3701  0.28
3.3801  0.26
3.3901  0.22
3.4001  0.21
3.4101  0.31
3.4201  0.25
3.4301  0.25
3.4401  0.27
3.4501  0.31
3.4601  0.27
3.4701  0.41
3.4801  0.28
3.4901  0.26
3.5001  0.36
3.5101  0.31
3.5201  0.28
3.5301  0.26
3.5401  0.29
3.5501  0.26
3.5601  0.25
3.5701  0.27
3.5801  0.28
3.5901  0.33
3.6001  0.34
3.6101  0.14
3.6201  0.26
3.6301  0.25
3.6401  0.28
3.6501  0.27
3.6601  0.2
3.6701  0.34
3.6801  0.34
3.6901  0.34
3.7001  0.3
3.7101  0.33
3.7201  0.23
3.7301  0.39
3.7401  0.22
3.7501  0.21
3.7601  0.29
3.7701  0.26
3.7801  0.41
3.7901  0.33
3.8001  0.32
3.8101  0.29
3.8201  0.22
3.8301  0.26
3.8401  0.33
3.8501  0.28
3.8601  0.39
3.8701  0.19
3.8801  0.29
3.8901  0.34
3.9001  0.29
3.9101  0.32
3.9201  0.25
3.9301  0.25
3.9401  0.28
3.9501  0.34
3.9601  0.36
3.9701  0.28
3.9801  0.21
3.9901  0.3
4.0001  0.2
4.0101  0.27
4.0201  0.28
4.0301  0.41
4.0401  0.19
4.0501  0.33
4.0601  0.32
4.0701  0.32
4.0801  0.28
4.0901  0.24
4.1001  0.33
4.1101  0.29
4.1201  0.19
4.1301  0.34
4.1401  0.47
4.1501  0.29
4.1601  0.22
4.1701  0.29
4.1801  0.31
4.1901  0.27
4.2001  0.29
4.2101  0.24
4.2201  0.28
4.2301  0.37
4.2401  0.29
4.2501  0.33
4.2601  0.19
4.2701  0.26
4.2801  0.32
4.2901  0.36
4.3001  0.29
4.3101  0.31
4.3201  0.25
4.3301  0.33
4.3401  0.34
4.3501  0.34
4.3601  0.29
4.3701  0.25
4.3801  0.3
4.3901  0.2
4.4001  0.44
4.4101  0.31
4.4201  0.34
4.4301  0.31
4.4401  0.35
4.4501  0.36
4.4601  0.25
4.4701  0.28
4.4801  0.22
4.4901  0.29
4.5001  0.36
4.5101  0.22
4.5201  0.31
4.5301  0.33
4.5401  0.34
4.5501  0.33
4.5601  0.23
4.5701  0.3
4.5801  0.25
4.5901  0.31
4.6001  0.26
4.6101  0.33
4.6201  0.35
4.6301  0.3
4.6401  0.44
4.6501  0.23
4.6601  0.24
4.6701  0.21
4.6801  0.32
4.6901  0.28
4.7001  0.23
4.7101  0.23
4.7201  0.27
4.7301  0.29
4.7401  0.35
4.7501  0.35
4.7601  0.32
4.7701  0.33
4.7801  0.26
4.7901  0.35
4.8001  0.27
4.8101  0.28
4.8201  0.3
4.8301  0.26
4.8401  0.29
4.8501  0.3
4.8601  0.29
4.8701  0.37
4.8801  0.31
4.8901  0.25
4.9001  0.2
4.9101  0.27
4.9201  0.32
4.9301  0.28
4.9401  0.27
4.9501  0.26
4.9601  0.18
4.9701  0.24
4.9801  0.25
4.9901  0.39
5.0001  0.35
5.0101  0.32
5.0201  0.28
5.0301  0.28
5.0401  0.26
5.0501  0.31
5.0601  0.33
5.0701  0.26
5.0801  0.27
5.0901  0.28
5.1001  0.34
5.1101  0.25
5.1201  0.23
5.1301  0.19
5.1401  0.38
5.1501  0.34
5.1601  0.27
5.1701  0.33
5.1801  0.28
5.1901  0.26
5.2001  0.27
5.2101  0.28
5.2201  0.31
5.2301  0.24
5.2401  0.29
5.2501  0.3
5.2601  0.24
5.2701  0.27
5.2801  0.27
5.2901  0.19
5.3001  0.4
5.3101  0.28
5.3201  0.3
5.3301  0.26
5.3401  0.31
5.3501  0.26
5.3601  0.35
5.3701  0.37
5.3801  0.28
5.3901  0.2
5.4001  0.44
5.4101  0.26
5.4201  0.32
5.4301  0.25
5.4401  0.35
5.4501  0.25
5.4601  0.32
5.4701  0.33
5.4801  0.25
5.4901  0.26
5.5001  0.31
5.5101  0.27
5.5201  0.36
5.5301  0.34
5.5401  0.27
5.5501  0.31
5.5601  0.26
5.5701  0.26
5.5801  0.27
5.5901  0.25
5.6001  0.27
5.6101  0.39
5.6201  0.3
5.6301  0.34
5.6401  0.27
5.6501  0.32
5.6601  0.35
5.6701  0.36
5.6801  0.4
5.6901  0.34
5.7001  0.2
5.7101  0.23
5.7201  0.29
5.7301  0.33
5.7401  0.34
5.7501  0.26
5.7601  0.31
5.7701  0.29
5.7801  0.23
5.7901  0.27
5.8001  0.25
5.8101  0.29
5.8201  0.24
5.8301  0.28
5.8401  0.3
5.8501  0.27
5.8601  0.2
5.8701  0.36
5.8801  0.19
5.8901  0.21
5.9001  0.32
5.9101  0.32
5.9201  0.25
5.9301  0.32
5.9401  0.21
5.9501  0.17
5.9601  0.4
5.9701  0.26
5.9801  0.28
5.9901  0.27
6.0001  0.3
6.0101  0.33
6.0201  0.36
6.0301  0.27
6.0401  0.31
6.0501  0.35
6.0601  0.28
6.0701  0.42
6.0801  0.27
6.0901  0.21
6.1001  0.25
6.1101  0.42
6.1201  0.22
6.1301  0.32
6.1401  0.27
6.1501  0.29
6.1601  0.38
6.1701  0.33
6.1801  0.36
6.1901  0.38
6.2001  0.27
6.2101  0.29
6.2201  0.22
6.2301  0.28
6.2401  0.26
6.2501  0.24
6.2601  0.31
6.2701  0.3
6.2801  0.3
6.2901  0.34
6.3001  0.31
6.3101  0.33
6.3201  0.28
6.3301  0.34
6.3401  0.33
6.3501  0.33
6.3601  0.3
6.3701  0.44
6.3801  0.24
6.3901  0.27
6.4001  0.31
6.4101  0.26
6.4201  0.35
6.4301  0.27
6.4401  0.34
6.4501  0.21
6.4601  0.29
6.4701  0.28
6.4801  0.25
6.4901  0.21
6.5001  0.27
6.5101  0.29
6.5201  0.39
6.5301  0.2
6.5401  0.33
6.5501  0.33
6.5601  0.3
6.5701  0.25
6.5801  0.25
6.5901  0.3
6.6001  0.33
6.6101  0.25
6.6201  0.25
6.6301  0.33
6.6401  0.28
6.6501  0.32
6.6601  0.31
6.6701  0.23
6.6801  0.42
6.6901  0.24
6.7001  0.33
6.7101  0.32
6.7201  0.34
6.7301  0.32
6.7401  0.39
6.7501  0.38
6.7601  0.23
6.7701  0.28
6.7801  0.31
6.7901  0.26
6.8001  0.21
6.8101  0.28
6.8201  0.32
6.8301  0.35
6.8401  0.36
6.8501  0.26
6.8601  0.31
6.8701  0.35
6.8801  0.32
6.8901  0.25
6.9001  0.38
6.9101  0.4
6.9201  0.19
6.9301  0.26
6.9401  0.22
6.9501  0.23
6.9601  0.24
6.9701  0.32
6.9801  0.22
6.9901  0.35
7.0001  0.35
7.0101  0.22
7.0201  0.36
7.0301  0.38
7.0401  0.36
7.0501  0.36
7.0601  0.19
7.0701  0.28
7.0801  0.31
7.0901  0.29
7.1001  0.19
7.1101  0.29
7.1201  0.31
7.1301  0.27
7.1401  0.25
7.1501  0.33
7.1601  0.32
7.1701  0.28
7.1801  0.37
7.1901  0.46
7.2001  0.32
7.2101  0.29
7.2201  0.22
7.2301  0.36
7.2401  0.29
7.2501  0.32
7.2601  0.32
7.2701  0.22
7.2801  0.3
7.2901  0.28
7.3001  0.28
7.3101  0.31
7.3201  0.21
7.3301  0.23
7.3401  0.3
7.3501  0.43
7.3601  0.19
7.3701  0.25
7.3801  0.27
7.3901  0.24
7.4001  0.26
7.4101  0.29
7.4201  0.33
7.4301  0.3
7.4401  0.26
7.4501  0.27
7.4601  0.33
7.4701  0.38
7.4801  0.29
7.4901  0.3
7.5001  0.22
7.5101  0.21
7.5201  0.3
7.5301  0.18
7.5401  0.4
7.5501  0.25
7.5601  0.23
7.5701  0.31
7.5801  0.27
7.5901  0.27
7.6001  0.36
7.6101  0.33
7.6201  0.31
7.6301  0.25
7.6401  0.26
7.6501  0.31
7.6601  0.27
7.6701  0.26
7.6801  0.27
7.6901  0.31
7.7001  0.3
7.7101  0.3
7.7201  0.23
7.7301  0.29
7.7401  0.23
7.7501  0.34
7.7601  0.29
7.7701  0.3
7.7801  0.32
7.7901  0.33
7.8001  0.34
7.8101  0.3
7.8201  0.3
7.8301  0.31
7.8401  0.2
7.8501  0.19
7.8601  0.36
7.8701  0.29
7.8801  0.28
7.8901  0.29
7.9001  0.33
7.9101  0.21
7.9201  0.23
7.9301  0.36
7.9401  0.36
7.9501  0.27
7.9601  0.32
7.9701  0.38
7.9801  0.22
7.9901  0.32
8.0001  0.36
8.0101  0.21
8.0201  0.34
8.0301  0.26
8.0401  0.35
8.0501  0.34
8.0601  0.25
8.0701  0.25
8.0801  0.19
8.0901  0.32
8.1001  0.32
8.1101  0.31
8.1201  0.18
8.1301  0.26
8.1401  0.34
8.1501  0.35
8.1601  0.22
8.1701  0.35
8.1801  0.36
8.1901  0.25
8.2001  0.21
8.2101  0.31
8.2201  0.28
8.2301  0.35
8.2401  0.35
8.2501  0.28
8.2601  0.28
8.2701  0.26
8.2801  0.28
8.2901  0.31
8.3001  0.31
8.3101  0.41
8.3201  0.23
8.3301  0.33
8.3401  0.29
8.3501  0.34
8.3601  0.26
8.3701  0.32
8.3801  0.37
8.3901  0.39
8.4001  0.29
8.4101  0.2
8.4201  0.13
8.4301  0.21
8.4401  0.3
8.4501  0.22
8.4601  0.31
8.4701  0.31
8.4801  0.28
8.4901  0.27
8.5001  0.19
8.5101  0.28
8.5201  0.3
8.5301  0.2
8.5401  0.33
8.5501  0.29
8.5601  0.31
8.5701  0.28
8.5801  0.27
8.5901  0.3
8.6001  0.26
8.6101  0.32
8.6201  0.38
8.6301  0.35
8.6401  0.26
8.6501  0.25
8.6601  0.37
8.6701  0.41
8.6801  0.36
8.6901  0.31
8.7001  0.28
8.7101  0.25
8.7201  0.36
8.7301  0.25
8.7401  0.36
8.7501  0.29
8.7601  0.31
8.7701  0.35
8.7801  0.32
8.7901  0.35
8.8001  0.2
8.8101  0.21
8.8201  0.37
8.8301  0.33
8.8401  0.21
8.8501  0.26
8.8601  0.28
8.8701  0.3
8.8801  0.24
8.8901  0.27
8.9001  0.25
8.9101  0.25
8.9201  0.28
8.9301  0.32
8.9401  0.37
8.9501  0.24
8.9601  0.33
8.9701  0.29
8.9801  0.28
8.9901  0.4
9.0001  0.31
9.0101  0.33
9.0201  0.24
9.0301  0.25
9.0401  0.31
9.0501  0.35
9.0601  0.27
9.0701  0.33
9.0801  0.25
9.0901  0.41
9.1001  0.29
9.1101  0.32
9.1201  0.34
9.1301  0.22
9.1401  0.19
9.1501  0.25
9.1601  0.36
9.1701  0.32
9.1801  0.28
9.1901  0.3
9.2001  0.34
9.2101  0.37
9.2201  0.32
9.2301  0.32
9.2401  0.35
9.2501  0.3
9.2601  0.28
9.2701  0.32
9.2801  0.29
9.2901  0.35
9.3001  0.31
9.3101  0.28
9.3201  0.25
9.3301  0.29
9.3401  0.38
9.3501  0.27
9.3601  0.28
9.3701  0.29
9.3801  0.22
9.3901  0.26
9.4001  0.31
9.4101  0.23
9.4201  0.32
9.4301  0.24
9.4401  0.26
9.4501  0.26
9.4601  0.27
9.4701  0.23
9.4801  0.21
9.4901  0.33
9.5001  0.34
9.5101  0.25
9.5201  0.29
9.5301  0.29
9.5401  0.33
9.5501  0.31
9.5601  0.17
9.5701  0.33
9.5801  0.31
9.5901  0.31
9.6001  0.36
9.6101  0.37
9.6201  0.3
9.6301  0.25
9.6401  0.22
9.6501  0.29
9.6601  0.34
9.6701  0.25
9.6801  0.37
9.6901  0.29
9.7001  0.3
9.7101  0.32
9.7201  0.31
9.7301  0.3
9.7401  0.28
9.7501  0.28
9.7601  0.22
9.7701  0.22
9.7801  0.34
9.7901  0.21
9.8001  0.39
9.8101  0.31
9.8201  0.36
9.8301  0.31
9.8401  0.3
9.8501  0.37
9.8601  0.3
9.8701  0.3
9.8801  0.38
9.8901  0.23
9.9001  0.28
9.9101  0.39
9.9201  0.35
9.9301  0.33
9.9401  0.26
9.9501  0.28
9.9601  0.4
9.9701  0.3
9.9801  0.36
9.9901  0.34
10.0001  0.34
10.0101  0.29
10.0201  0.24
10.0301  0.31
10.0401  0.25
10.0501  0.4
10.0601  0.22
10.0701  0.33
10.0801  0.28
10.0901  0.25
10.1001  0.41
10.1101  0.37
10.1201  0.2
10.1301  0.28
10.1401  0.36
10.1501  0.35
10.1601  0.28
10.1701  0.27
10.1801  0.22
10.1901  0.3
10.2001  0.3
10.2101  0.21
10.2201  0.29
10.2301  0.33
10.2401  0.32
10.2501  0.31
10.2601  0.25
10.2701  0.3
10.2801  0.27
10.2901  0.36
10.3001  0.29
10.3101  0.28
10.3201  0.22
10.3301  0.29
10.3401  0.21
10.3501  0.31
10.3601  0.32
10.3701  0.28
10.3801  0.28
10.3901  0.41
10.4001  0.27
10.4101  0.41
10.4201  0.16
10.4301  0.32
10.4401  0.28
10.4501  0.29
10.4601  0.23
10.4701  0.25
10.4801  0.39
10.4901  0.29
10.5001  0.28
10.5101  0.24
10.5201  0.22
10.5301  0.33
10.5401  0.25
10.5501  0.28
10.5601  0.24
10.5701  0.31
10.5801  0.23
10.5901  0.31
10.6001  0.25
10.6101  0.3
10.6201  0.27
10.6301  0.3
10.6401  0.23
10.6501  0.33
10.6601  0.24
10.6701  0.36
10.6801  0.27
10.6901  0.2
10.7001  0.33
10.7101  0.25
10.7201  0.2
10.7301  0.29
10.7401  0.31
10.7501  0.25
10.7601  0.35
10.7701  0.33
10.7801  0.35
10.7901  0.22
10.8001  0.33
10.8101  0.18
10.8201  0.21
10.8301  0.29
10.8401  0.33
10.8501  0.29
10.8601  0.24
10.8701  0.27
10.8801  0.21
10.8901  0.24
10.9001  0.34
10.9101  0.15
10.9201  0.24
10.9301  0.3
10.9401  0.3
10.9501  0.39
10.9601  0.42
10.9701  0.39
10.9801  0.27
10.9901  0.36
11.0001  0.27
11.0101  0.41
11.0201  0.25
11.0301  0.34
11.0401  0.22
11.0501  0.27
11.0601  0.3
11.0701  0.31
11.0801  0.23
11.0901  0.36
11.1001  0.34
11.1101  0.25
11.1201  0.3
11.1301  0.23
11.1401  0.27
11.1501  0.29
11.1601  0.39
11.1701  0.36
11.1801  0.37
11.1901  0.26
11.2001  0.25
11.2101  0.32
11.2201  0.23
11.2301  0.34
11.2401  0.34
11.2501  0.34
11.2601  0.22
11.2701  0.2
11.2801  0.32
11.2901  0.33
11.3001  0.25
11.3101  0.33
11.3201  0.26
11.3301  0.27
11.3401  0.31
11.3501  0.26
11.3601  0.32
11.3701  0.24
11.3801  0.18
11.3901  0.31
11.4001  0.35
11.4101  0.41
11.4201  0.26
11.4301  0.31
11.4401  0.27
11.4501  0.3
11.4601  0.38
11.4701  0.22
11.4801  0.38
11.4901  0.27
11.5001  0.26
11.5101  0.27
11.5201  0.32
11.5301  0.29
11.5401  0.34
11.5501  0.3
11.5601  0.31
11.5701  0.22
11.5801  0.26
11.5901  0.3
11.6001  0.23
11.6101  0.34
11.6201  0.29
11.6301  0.36
11.6401  0.21
11.6501  0.29
11.6601  0.31
11.6701  0.28
11.6801  0.32
11.6901  0.22
11.7001  0.28
11.7101  0.29
11.7201  0.38
11.7301  0.23
11.7401  0.29
11.7501  0.33
11.7601  0.28
11.7701  0.34
11.7801  0.23
11.7901  0.22
11.8001  0.3
11.8101  0.32
11.8201  0.23
11.8301  0.29
11.8401  0.41
11.8501  0.25
11.8601  0.28
11.8701  0.26
11.8801  0.17
11.8901  0.24
11.9001  0.34
11.9101  0.35
11.9201  0.33
11.9301  0.33
11.9401  0.25
11.9501  0.2
11.9601  0.4
11.9701  0.32
11.9801  0.24
11.9901  0.3
12.0001  0.24
12.0101  0.42
12.0201  0.27
12.0301  0.2
12.0401  0.31
12.0501  0.33
12.0601  0.36
12.0701  0.22
12.0801  0.29
12.0901  0.29
12.1001  0.3
12.1101  0.25
12.1201  0.39
12.1301  0.26
12.1401  0.4
12.1501  0.36
12.1601  0.22
12.1701  0.2
12.1801  0.31
12.1901  0.3
12.2001  0.3
12.2101  0.23
12.2201  0.28
12.2301  0.27
12.2401  0.22
12.2501  0.22
12.2601  0.2
12.2701  0.25
12.2801  0.29
12.2901  0.35
12.3001  0.29
12.3101  0.33
12.3201  0.21
12.3301  0.39
12.3401  0.27
12.3501  0.21
12.3601  0.28
12.3701  0.39
12.3801  0.28
12.3901  0.32
12.4001  0.44
12.4101  0.27
12.4201  0.23
12.4301  0.31
12.4401  0.26
12.4501  0.25
12.4601  0.37
12.4701  0.23
12.4801  0.28
12.4901  0.26
12.5001  0.29
12.5101  0.3
12.5201  0.25
12.5301  0.34
12.5401  0.34
12.5501  0.26
12.5601  0.33
12.5701  0.24
12.5801  0.23
12.5901  0.27
12.6001  0.35
12.6101  0.31
12.6201  0.22
12.6301  0.26
12.6401  0.26
12.6501  0.26
12.6601  0.32
12.6701  0.34
12.6801  0.26
12.6901  0.24
12.7001  0.27
12.7101  0.41
12.7201  0.25
12.7301  0.35
12.7401  0.31
12.7501  0.27
12.7601  0.26
12.7701  0.28
12.7801  0.3
12.7901  0.19
12.8001  0.33
12.8101  0.34
12.8201  0.34
12.8301  0.39
12.8401  0.25
12.8501  0.25
12.8601  0.28
12.8701  0.29
12.8801  0.38
12.8901  0.38
12.9001  0.22
12.9101  0.39
12.9201  0.23
12.9301  0.31
12.9401  0.3
12.9501  0.33
12.9601  0.21
12.9701  0.3
12.9801  0.34
12.9901  0.34
13.0001  0.28
13.0101  0.33
13.0201  0.26
13.0301  0.35
13.0401  0.25
13.0501  0.27
13.0601  0.27
13.0701  0.27
13.0801  0.36
13.0901  0.32
13.1001  0.27
13.1101  0.29
13.1201  0.21
13.1301  0.29
13.1401  0.25
13.1501  0.23
13.1601  0.36
13.1701  0.27
13.1801  0.26
13.1901  0.2
13.2001  0.34
13.2101  0.25
13.2201  0.33
13.2301  0.22
13.2401  0.22
13.2501  0.33
13.2601  0.3
13.2701  0.27
13.2801  0.32
13.2901  0.28
13.3001  0.2
13.3101  0.25
13.3201  0.34
13.3301  0.28
13.3401  0.34
13.3501  0.35
13.3601  0.38
13.3701  0.34
13.3801  0.25
13.3901  0.33
13.4001  0.25
13.4101  0.29
13.4201  0.36
13.4301  0.4
13.4401  0.32
13.4501  0.33
13.4601  0.3
13.4701  0.28
13.4801  0.25
13.4901  0.29
13.5001  0.25
13.5101  0.29
13.5201  0.24
13.5301  0.29
13.5401  0.34
13.5501  0.31
13.5601  0.33
13.5701  0.26
13.5801  0.31
13.5901  0.31
13.6001  0.31
13.6101  0.26
13.6201  0.25
13.6301  0.33
13.6401  0.25
13.6501  0.28
13.6601  0.32
13.6701  0.33
13.6801  0.3
13.6901  0.24
13.7001  0.39
13.7101  0.22
13.7201  0.3
13.7301  0.27
13.7401  0.23
13.7501  0.21
13.7601  0.35
13.7701  0.31
13.7801  0.25
13.7901  0.27
13.8001  0.29
13.8101  0.36
13.8201  0.29
13.8301  0.27
13.8401  0.35
13.8501  0.26
13.8601  0.35
13.8701  0.3
13.8801  0.29
13.8901  0.25
13.9001  0.34
13.9101  0.26
13.9201  0.38
13.9301  0.33
13.9401  0.21
13.9501  0.24
13.9601  0.24
13.9701  0.29
13.9801  0.26
13.9901  0.28
14.0001  0.25
14.0101  0.21
14.0201  0.35
14.0301  0.4
14.0401  0.28
14.0501  0.23
14.0601  0.31
14.0701  0.24
14.0801  0.32
14.0901  0.28
14.1001  0.23
14.1101  0.32
14.1201  0.3
14.1301  0.29
14.1401  0.21
14.1501  0.25
14.1601  0.25
14.1701  0.34
14.1801  0.31
14.1901  0.34
14.2001  0.35
14.2101  0.34
14.2201  0.22
14.2301  0.33
14.2401  0.26
14.2501  0.23
14.2601  0.28
14.2701  0.24
14.2801  0.27
14.2901  0.28
14.3001  0.35
14.3101  0.29
14.3201  0.26
14.3301  0.28
14.3401  0.31
14.3501  0.27
14.3601  0.24
14.3701  0.26
14.3801  0.34
14.3901  0.27
14.4001  0.34
14.4101  0.21
14.4201  0.29
14.4301  0.29
14.4401  0.36
14.4501  0.23
14.4601  0.25
14.4701  0.31
14.4801  0.39
14.4901  0.34
14.5001  0.26
14.5101  0.38
14.5201  0.39
14.5301  0.36
14.5401  0.32
14.5501  0.21
14.5601  0.3
14.5701  0.28
14.5801  0.28
14.5901  0.33
14.6001  0.24
14.6101  0.33
14.6201  0.41
14.6301  0.27
14.6401  0.19
14.6501  0.27
14.6601  0.31
14.6701  0.3
14.6801  0.33
14.6901  0.34
14.7001  0.27
14.7101  0.28
14.7201  0.44
14.7301  0.28
14.7401  0.17
14.7501  0.35
14.7601  0.39
14.7701  0.23
14.7801  0.2
14.7901  0.32
14.8001  0.22
14.8101  0.23
14.8201  0.3
14.8301  0.39
14.8401  0.24
14.8501  0.24
14.8601  0.28
14.8701  0.19
14.8801  0.23
14.8901  0.27
14.9001  0.36
14.9101  0.29
14.9201  0.26
14.9301  0.33
14.9401  0.29
14.9501  0.31
14.9601  0.29
14.9701  0.3
14.9801  0.3
14.9901  0.38
15.0001  0.24
15.0101  0.27
15.0201  0.31
15.0301  0.31
15.0401  0.37
15.0501  0.32
15.0601  0.34
15.0701  0.23
15.0801  0.39
15.0901  0.4
15.1001  0.18
15.1101  0.29
15.1201  0.27
15.1301  0.27
15.1401  0.33
15.1501  0.37
15.1601  0.23
15.1701  0.36
15.1801  0.3
15.1901  0.3
15.2001  0.21
15.2101  0.17
15.2201  0.26
15.2301  0.36
15.2401  0.24
15.2501  0.24
15.2601  0.33
15.2701  0.19
15.2801  0.34
15.2901  0.24
15.3001  0.2
15.3101  0.21
15.3201  0.36
15.3301  0.25
15.3401  0.2
15.3501  0.33
15.3601  0.23
15.3701  0.27
15.3801  0.34
15.3901  0.42
15.4001  0.28
15.4101  0.32
15.4201  0.28
15.4301  0.26
15.4401  0.2
15.4501  0.36
15.4601  0.27
15.4701  0.29
15.4801  0.28
15.4901  0.28
15.5001  0.32
15.5101  0.24
15.5201  0.24
15.5301  0.25
15.5401  0.19
15.5501  0.27
15.5601  0.33
15.5701  0.35
15.5801  0.19
15.5901  0.27
15.6001  0.45
15.6101  0.27
15.6201  0.36
15.6301  0.26
15.6401  0.31
15.6501  0.25
15.6601  0.28
15.6701  0.22
15.6801  0.27
15.6901  0.32
15.7001  0.22
15.7101  0.34
15.7201  0.3
15.7301  0.34
15.7401  0.19
15.7501  0.23
15.7601  0.33
15.7701  0.23
15.7801  0.34
15.7901  0.42
15.8001  0.25
15.8101  0.23
15.8201  0.24
15.8301  0.26
15.8401  0.38
15.8501  0.31
15.8601  0.3
15.8701  0.22
15.8801  0.32
15.8901  0.25
15.9001  0.36
15.9101  0.29
15.9201  0.32
15.9301  0.33
15.9401  0.36
15.9501  0.25
15.9601  0.4
15.9701  0.27
15.9801  0.22
15.9901  0.26
16.0001  0.33
16.0101  0.28
16.0201  0.28
16.0301  0.35
16.0401  0.33
16.0501  0.33
16.0601  0.33
16.0701  0.3
16.0801  0.25
16.0901  0.3
16.1001  0.32
16.1101  0.28
16.1201  0.39
16.1301  0.29
16.1401  0.24
16.1501  0.28
16.1601  0.34
16.1701  0.19
16.1801  0.32
16.1901  0.28
16.2001  0.26
16.2101  0.22
16.2201  0.41
16.2301  0.28
16.2401  0.22
16.2501  0.31
16.2601  0.25
16.2701  0.24
16.2801  0.3
16.2901  0.2
16.3001  0.34
16.3101  0.33
16.3201  0.26
16.3301  0.22
16.3401  0.26
16.3501  0.31
16.3601  0.29
16.3701  0.32
16.3801  0.3
16.3901  0.31
16.4001  0.32
16.4101  0.38
16.4201  0.27
16.4301  0.34
16.4401  0.45
16.4501  0.22
16.4601  0.32
16.4701  0.26
16.4801  0.28
16.4901  0.37
16.5001  0.33
16.5101  0.42
16.5201  0.31
16.5301  0.3
16.5401  0.24
16.5501  0.26
16.5601  0.26
16.5701  0.31
16.5801  0.27
16.5901  0.34
16.6001  0.27
16.6101  0.24
16.6201  0.22
16.6301  0.32
16.6401  0.35
16.6501  0.26
16.6601  0.26
16.6701  0.26
16.6801  0.28
16.6901  0.28
16.7001  0.28
16.7101  0.22
16.7201  0.26
16.7301  0.34
16.7401  0.33
16.7501  0.22
16.7601  0.31
16.7701  0.29
16.7801  0.28
16.7901  0.26
16.8001  0.32
16.8101  0.36
16.8201  0.25
16.8301  0.23
16.8401  0.3
16.8501  0.29
16.8601  0.31
16.8701  0.28
16.8801  0.41
16.8901  0.26
16.9001  0.35
16.9101  0.21
16.9201  0.25
16.9301  0.27
16.9401  0.4
16.9501  0.31
16.9601  0.28
16.9701  0.28
16.9801  0.34
16.9901  0.26
17.0001  0.23
17.0101  0.27
17.0201  0.33
17.0301  0.29
17.0401  0.28
17.0501  0.28
17.0601  0.36
17.0701  0.32
17.0801  0.22
17.0901  0.2
17.1001  0.33
17.1101  0.22
17.1201  0.38
17.1301  0.26
17.1401  0.27
17.1501  0.22
17.1601  0.25
17.1701  0.26
17.1801  0.28
17.1901  0.36
17.2001  0.22
17.2101  0.36
17.2201  0.45
17.2301  0.34
17.2401  0.36
17.2501  0.22
17.2601  0.38
17.2701  0.25
17.2801  0.34
17.2901  0.29
17.3001  0.26
17.3101  0.22
17.3201  0.3
17.3301  0.19
17.3401  0.32
17.3501  0.3
17.3601  0.3
17.3701  0.29
17.3801  0.39
17.3901  0.28
17.4001  0.27
17.4101  0.3
17.4201  0.36
17.4301  0.3
17.4401  0.23
17.4501  0.34
17.4601  0.35
17.4701  0.4
17.4801  0.26
17.4901  0.28
17.5001  0.33
17.5101  0.32
17.5201  0.31
17.5301  0.28
17.5401  0.25
17.5501  0.34
17.5601  0.29
17.5701  0.26
17.5801  0.23
17.5901  0.28
17.6001  0.23
17.6101  0.25
17.6201  0.37
17.6301  0.28
17.6401  0.27
17.6501  0.28
17.6601  0.27
17.6701  0.26
17.6801  0.28
17.6901  0.3
17.7001  0.22
17.7101  0.28
17.7201  0.4
17.7301  0.31
17.7401  0.28
17.7501  0.36
17.7601  0.3
17.7701  0.25
17.7801  0.42
17.7901  0.3
17.8001  0.27
17.8101  0.24
17.8201  0.27
17.8301  0.23
17.8401  0.24
17.8501  0.33
17.8601  0.42
17.8701  0.29
17.8801  0.31
17.8901  0.29
17.9001  0.15
17.9101  0.27
17.9201  0.31
17.9301  0.33
17.9401  0.26
17.9501  0.33
17.9601  0.27
17.9701  0.31
17.9801  0.39
17.9901  0.37
18.0001  0.3
18.0101  0.35
18.0201  0.24
18.0301  0.32
18.0401  0.3
18.0501  0.26
18.0601  0.28
18.0701  0.26
18.0801  0.25
18.0901  0.26
18.1001  0.29
18.1101  0.18
18.1201  0.29
18.1301  0.34
18.1401  0.3
18.1501  0.26
18.1601  0.16
18.1701  0.21
18.1801  0.26
18.1901  0.16
18.2001  0.21
18.2101  0.25
18.2201  0.35
18.2301  0.21
18.2401  0.37
18.2501  0.34
18.2601  0.28
18.2701  0.26
18.2801  0.25
18.2901  0.36
18.3001  0.3
18.3101  0.3
18.3201  0.36
18.3301  0.23
18.3401  0.28
18.3501  0.3
18.3601  0.38
18.3701  0.23
18.3801  0.21
18.3901  0.32
18.4001  0.46
18.4101  0.29
18.4201  0.2
18.4301  0.3
18.4401  0.34
18.4501  0.31
18.4601  0.35
18.4701  0.27
18.4801  0.18
18.4901  0.3
18.5001  0.29
18.5101  0.27
18.5201  0.29
18.5301  0.36
18.5401  0.32
18.5501  0.26
18.5601  0.26
18.5701  0.25
18.5801  0.26
18.5901  0.28
18.6001  0.3
18.6101  0.3
18.6201  0.39
18.6301  0.27
18.6401  0.25
18.6501  0.21
18.6601  0.26
18.6701  0.29
18.6801  0.33
18.6901  0.36
18.7001  0.25
18.7101  0.22
18.7201  0.24
18.7301  0.31
18.7401  0.37
18.7501  0.29
18.7601  0.43
18.7701  0.26
18.7801  0.36
18.7901  0.22
18.8001  0.32
18.8101  0.26
18.8201  0.21
18.8301  0.38
18.8401  0.31
18.8501  0.27
18.8601  0.29
18.8701  0.26
18.8801  0.44
18.8901  0.22
18.9001  0.33
18.9101  0.27
18.9201  0.33
18.9301  0.31
18.9401  0.3
18.9501  0.37
18.9601  0.32
18.9701  0.32
18.9801  0.35
18.9901  0.23
19.0001  0.31
19.0101  0.34
19.0201  0.34
19.0301  0.35
19.0401  0.28
19.0501  0.31
19.0601  0.26
19.0701  0.29
19.0801  0.32
19.0901  0.39
19.1001  0.36
19.1101  0.22
19.1201  0.21
19.1301  0.34
19.1401  0.27
19.1501  0.43
19.1601  0.16
19.1701  0.37
19.1801  0.23
19.1901  0.31
19.2001  0.21
19.2101  0.22
19.2201  0.37
19.2301  0.3
19.2401  0.24
19.2501  0.24
19.2601  0.25
19.2701  0.32
19.2801  0.3
19.2901  0.27
19.3001  0.19
19.3101  0.31
19.3201  0.34
19.3301  0.35
19.3401  0.38
19.3501  0.32
19.3601  0.27
19.3701  0.19
19.3801  0.22
19.3901  0.41
19.4001  0.19
19.4101  0.34
19.4201  0.2
19.4301  0.3
19.4401  0.37
19.4501  0.37
19.4601  0.15
19.4701  0.27
19.4801  0.26
19.4901  0.31
19.5001  0.35
19.5101  0.37
19.5201  0.29
19.5301  0.29
19.5401  0.29
19.5501  0.36
19.5601  0.24
19.5701  0.32
19.5801  0.28
19.5901  0.25
19.6001  0.28
19.6101  0.33
19.6201  0.34
19.6301  0.36
19.6401  0.25
19.6501  0.25
19.6601  0.31
19.6701  0.22
19.6801  0.33
19.6901  0.23
19.7001  0.3
19.7101  0.26
19.7201  0.3
19.7301  0.28
19.7401  0.28
19.7501  0.19
19.7601  0.39
19.7701  0.38
19.7801  0.37
19.7901  0.25
19.8001  0.29
19.8101  0.35
19.8201  0.24
19.8301  0.27
19.8401  0.29
19.8501  0.25
19.8601  0.41
19.8701  0.32
19.8801  0.33
19.8901  0.32
19.9001  0.36
19.9101  0.28
19.9201  0.33
19.9301  0.34
19.9401  0.23
19.9501  0.29
19.9601  0.36
19.9701  0.27
19.9801  0.19
19.9901  0.34
20.0001  0.23
20.0101  0.29
20.0201  0.38
20.0301  0.39
20.0401  0.29
20.0501  0.23
20.0601  0.33
20.0701  0.39
20.0801  0.28
20.0901  0.25
20.1001  0.18
20.1101  0.24
20.1201  0.29
20.1301  0.26
20.1401  0.19
20.1501  0.26
20.1601  0.26
20.1701  0.26
20.1801  0.35
20.1901  0.35
20.2001  0.22
20.2101  0.24
20.2201  0.28
20.2301  0.36
20.2401  0.26
20.2501  0.35
20.2601  0.36
20.2701  0.41
20.2801  0.24
20.2901  0.34
20.3001  0.3
20.3101  0.36
20.3201  0.25
20.3301  0.32
20.3401  0.32
20.3501  0.24
20.3601  0.22
20.3701  0.25
20.3801  0.3
20.3901  0.27
20.4001  0.28
20.4101  0.29
20.4201  0.27
20.4301  0.31
20.4401  0.29
20.4501  0.39
20.4601  0.37
20.4701  0.21
20.4801  0.34
20.4901  0.21
20.5001  0.28
20.5101  0.23
20.5201  0.28
20.5301  0.31
20.5401  0.34
20.5501  0.23
20.5601  0.28
20.5701  0.29
20.5801  0.33
20.5901  0.23
20.6001  0.26
20.6101  0.29
20.6201  0.29
20.6301  0.33
20.6401  0.31
20.6501  0.3
20.6601  0.24
20.6701  0.29
20.6801  0.27
20.6901  0.32
20.7001  0.29
20.7101  0.23
20.7201  0.25
20.7301  0.37
20.7401  0.29
20.7501  0.29
20.7601  0.28
20.7701  0.37
20.7801  0.26
20.7901  0.23
20.8001  0.32
20.8101  0.38
20.8201  0.28
20.8301  0.21
20.8401  0.27
20.8501  0.29
20.8601  0.31
20.8701  0.32
20.8801  0.31
20.8901  0.25
20.9001  0.25
20.9101  0.3
20.9201  0.27
20.9301  0.27
20.9401  0.35
20.9501  0.26
20.9601  0.24
20.9701  0.28
20.9801  0.29
20.9901  0.24
21.0001  0.29
21.0101  0.22
21.0201  0.31
21.0301  0.38
21.0401  0.35
21.0501  0.3
21.0601  0.37
21.0701  0.28
21.0801  0.21
21.0901  0.19
21.1001  0.33
21.1101  0.3
21.1201  0.33
21.1301  0.34
21.1401  0.25
21.1501  0.29
21.1601  0.27
21.1701  0.29
21.1801  0.29
21.1901  0.36
21.2001  0.38
21.2101  0.25
21.2201  0.27
21.2301  0.34
21.2401  0.28
21.2501  0.3
21.2601  0.32
21.2701  0.36
21.2801  0.28
21.2901  0.37
21.3001  0.25
21.3101  0.35
21.3201  0.31
21.3301  0.28
21.3401  0.31
21.3501  0.28
21.3601  0.32
21.3701  0.26
21.3801  0.32
21.3901  0.23
21.4001  0.26
21.4101  0.25
21.4201  0.31
21.4301  0.25
21.4401  0.25
21.4501  0.27
21.4601  0.26
21.4701  0.32
21.4801  0.31
21.4901  0.24
21.5001  0.29
21.5101  0.33
21.5201  0.32
21.5301  0.27
21.5401  0.27
21.5501  0.35
21.5601  0.28
21.5701  0.26
21.5801  0.19
21.5901  0.28
21.6001  0.29
21.6101  0.23
21.6201  0.19
21.6301  0.38
21.6401  0.36
21.6501  0.28
21.6601  0.31
21.6701  0.31
21.6801  0.32
21.6901  0.25
21.7001  0.26
21.7101  0.35
21.7201  0.32
21.7301  0.31
21.7401  0.31
21.7501  0.24
21.7601  0.26
21.7701  0.28
21.7801  0.32
21.7901  0.3
21.8001  0.36
21.8101  0.26
21.8201  0.16
21.8301  0.4
21.8401  0.26
21.8501  0.3
21.8601  0.44
21.8701  0.31
21.8801  0.3
21.8901  0.39
21.9001  0.31
21.9101  0.27
21.9201  0.31
21.9301  0.2
21.9401  0.24
21.9501  0.33
21.9601  0.21
21.9701  0.25
21.9801  0.35
21.9901  0.3
22.0001  0.29
22.0101  0.33
22.0201  0.25
22.0301  0.25
22.0401  0.34
22.0501  0.24
22.0601  0.24
22.0701  0.28
22.0801  0.37
22.0901  0.29
22.1001  0.28
22.1101  0.26
22.1201  0.28
22.1301  0.31
22.1401  0.27
22.1501  0.35
22.1601  0.3
22.1701  0.22
22.1801  0.29
22.1901  0.3
22.2001  0.25
22.2101  0.27
22.2201  0.37
22.2301  0.37
22.2401  0.3
22.2501  0.29
22.2601  0.3
22.2701  0.41
22.2801  0.31
22.2901  0.22
22.3001  0.28
22.3101  0.25
22.3201  0.31
22.3301  0.26
22.3401  0.32
22.3501  0.26
22.3601  0.37
22.3701  0.24
22.3801  0.29
22.3901  0.26
22.4001  0.24
22.4101  0.24
22.4201  0.36
22.4301  0.38
22.4401  0.29
22.4501  0.29
22.4601  0.23
22.4701  0.26
22.4801  0.27
22.4901  0.26
22.5001  0.35
22.5101  0.26
22.5201  0.37
22.5301  0.33
22.5401  0.25
22.5501  0.23
22.5601  0.36
22.5701  0.3
22.5801  0.35
22.5901  0.26
22.6001  0.25
22.6101  0.25
22.6201  0.26
22.6301  0.2
22.6401  0.37
22.6501  0.34
22.6601  0.32
22.6701  0.23
22.6801  0.19
22.6901  0.27
22.7001  0.29
22.7101  0.29
22.7201  0.28
22.7301  0.42
22.7401  0.27
22.7501  0.28
22.7601  0.29
22.7701  0.34
22.7801  0.3
22.7901  0.28
22.8001  0.24
22.8101  0.24
22.8201  0.33
22.8301  0.28
22.8401  0.23
22.8501  0.29
22.8601  0.25
22.8701  0.42
22.8801  0.26
22.8901  0.31
22.9001  0.36
22.9101  0.36
22.9201  0.23
22.9301  0.29
22.9401  0.35
22.9501  0.35
22.9601  0.26
22.9701  0.29
22.9801  0.39
22.9901  0.24
23.0001  0.35
23.0101  0.19
23.0201  0.3
23.0301  0.28
23.0401  0.31
23.0501  0.23
23.0601  0.36
23.0701  0.24
23.0801  0.26
23.0901  0.21
23.1001  0.26
23.1101  0.41
23.1201  0.29
23.1301  0.24
23.1401  0.28
23.1501  0.31
23.1601  0.27
23.1701  0.24
23.1801  0.31
23.1901  0.25
23.2001  0.35
23.2101  0.33
23.2201  0.23
23.2301  0.25
23.2401  0.23
23.2501  0.31
23.2601  0.25
23.2701  0.26
23.2801  0.35
23.2901  0.37
23.3001  0.32
23.3101  0.16
23.3201  0.3
23.3301  0.27
23.3401  0.32
23.3501  0.36
23.3601  0.33
23.3701  0.28
23.3801  0.25
23.3901  0.33
23.4001  0.38
23.4101  0.25
23.4201  0.31
23.4301  0.33
23.4401  0.31
23.4501  0.37
23.4601  0.22
23.4701  0.27
23.4801  0.23
23.4901  0.34
23.5001  0.36
23.5101  0.21
23.5201  0.34
23.5301  0.25
23.5401  0.28
23.5501  0.23
23.5601  0.25
23.5701  0.4
23.5801  0.31
23.5901  0.3
23.6001  0.25
23.6101  0.32
23.6201  0.32
23.6301  0.24
23.6401  0.29
23.6501  0.29
23.6601  0.38
23.6701  0.3
23.6801  0.32
23.6901  0.28
23.7001  0.37
23.7101  0.25
23.7201  0.3
23.7301  0.28
23.7401  0.24
23.7501  0.32
23.7601  0.32
23.7701  0.26
23.7801  0.28
23.7901  0.26
23.8001  0.22
23.8101  0.37
23.8201  0.3
23.8301  0.28
23.8401  0.31
23.8501  0.43
23.8601  0.3
23.8701  0.16
23.8801  0.29
23.8901  0.21
23.9001  0.29
23.9101  0.24
23.9201  0.28
23.9301  0.33
23.9401  0.35
23.9501  0.24
23.9601  0.28
23.9701  0.2
23.9801  0.21
23.9901  0.44
24.0001  0.37
24.0101  0.38
24.0201  0.27
24.0301  0.36
24.0401  0.38
24.0501  0.38
24.0601  0.29
24.0701  0.28
24.0801  0.25
24.0901  0.23
24.1001  0.29
24.1101  0.33
24.1201  0.32
24.1301  0.29
24.1401  0.27
24.1501  0.21
24.1601  0.23
24.1701  0.28
24.1801  0.27
24.1901  0.38
24.2001  0.31
24.2101  0.27
24.2201  0.25
24.2301  0.34
24.2401  0.35
24.2501  0.29
24.2601  0.24
24.2701  0.41
24.2801  0.33
24.2901  0.33
24.3001  0.36
24.3101  0.27
24.3201  0.28
24.3301  0.23
24.3401  0.22
24.3501  0.19
24.3601  0.22
24.3701  0.29
24.3801  0.37
24.3901  0.34
24.4001  0.25
24.4101  0.17
24.4201  0.3
24.4301  0.27
24.4401  0.28
24.4501  0.24
24.4601  0.25
24.4701  0.36
24.4801  0.19
24.4901  0.37
24.5001  0.3
24.5101  0.32
24.5201  0.28
24.5301  0.24
24.5401  0.35
24.5501  0.17
24.5601  0.27
24.5701  0.38
24.5801  0.27
24.5901  0.25
24.6001  0.29
24.6101  0.21
24.6201  0.33
24.6301  0.29
24.6401  0.22
24.6501  0.36
24.6601  0.34
24.6701  0.27
24.6801  0.27
24.6901  0.3
24.7001  0.24
24.7101  0.36
24.7201  0.39
24.7301  0.26
24.7401  0.23
24.7501  0.27
24.7601  0.3
24.7701  0.24
24.7801  0.35
24.7901  0.33
24.8001  0.29
24.8101  0.36
24.8201  0.22
24.8301  0.25
24.8401  0.23
24.8501  0.35
24.8601  0.21
24.8701  0.35
24.8801  0.24
24.8901  0.27
24.9001  0.24
24.9101  0.25
24.9201  0.36
24.9301  0.27
24.9401  0.34
24.9501  0.36
24.9601  0.26
24.9701  0.26
24.9801  0.19
24.9901  0.32
25.0001  0.35
25.0101  0.33
25.0201  0.29
25.0301  0.24
25.0401  0.36
25.0501  0.18
25.0601  0.45
25.0701  0.31
25.0801  0.21
25.0901  0.26
25.1001  0.39
25.1101  0.21
25.1201  0.19
25.1301  0.36
25.1401  0.29
25.1501  0.22
25.1601  0.23
25.1701  0.26
25.1801  0.32
25.1901  0.24
25.2001  0.3
25.2101  0.22
25.2201  0.26
25.2301  0.29
25.2401  0.25
25.2501  0.29
25.2601  0.3
25.2701  0.27
25.2801  0.25
25.2901  0.29
25.3001  0.28
25.3101  0.34
25.3201  0.25
25.3301  0.25
25.3401  0.29
25.3501  0.32
25.3601  0.38
25.3701  0.29
25.3801  0.3
25.3901  0.25
25.4001  0.32
25.4101  0.36
25.4201  0.31
25.4301  0.3
25.4401  0.26
25.4501  0.31
25.4601  0.12
25.4701  0.26
25.4801  0.19
25.4901  0.34
25.5001  0.46
25.5101  0.27
25.5201  0.26
25.5301  0.25
25.5401  0.25
25.5501  0.37
25.5601  0.21
25.5701  0.31
25.5801  0.24
25.5901  0.31
25.6001  0.33
25.6101  0.3
25.6201  0.28
25.6301  0.33
25.6401  0.32
25.6501  0.32
25.6601  0.28
25.6701  0.28
25.6801  0.23
25.6901  0.35
25.7001  0.29
25.7101  0.25
25.7201  0.31
25.7301  0.27
25.7401  0.3
25.7501  0.27
25.7601  0.31
25.7701  0.22
25.7801  0.31
25.7901  0.35
25.8001  0.28
25.8101  0.27
25.8201  0.3
25.8301  0.19
25.8401  0.26
25.8501  0.27
25.8601  0.31
25.8701  0.34
25.8801  0.3
25.8901  0.37
25.9001  0.26
25.9101  0.28
25.9201  0.24
25.9301  0.21
25.9401  0.38
25.9501  0.29
25.9601  0.29
25.9701  0.3
25.9801  0.36
25.9901  0.38
26.0001  0.3
26.0101  0.39
26.0201  0.28
26.0301  0.28
26.0401  0.35
26.0501  0.3
26.0601  0.35
26.0701  0.25
26.0801  0.23
26.0901  0.28
26.1001  0.38
26.1101  0.29
26.1201  0.32
26.1301  0.27
26.1401  0.21
26.1501  0.2
26.1601  0.34
26.1701  0.33
26.1801  0.23
26.1901  0.39
26.2001  0.28
26.2101  0.23
26.2201  0.37
26.2301  0.24
26.2401  0.25
26.2501  0.31
26.2601  0.26
26.2701  0.32
26.2801  0.27
26.2901  0.22
26.3001  0.26
26.3101  0.33
26.3201  0.3
26.3301  0.26
26.3401  0.31
26.3501  0.29
26.3601  0.34
26.3701  0.28
26.3801  0.22
26.3901  0.35
26.4001  0.25
26.4101  0.23
26.4201  0.32
26.4301  0.3
26.4401  0.28
26.4501  0.3
26.4601  0.19
26.4701  0.3
26.4801  0.25
26.4901  0.34
26.5001  0.24
26.5101  0.39
26.5201  0.32
26.5301  0.19
26.5401  0.24
26.5501  0.38
26.5601  0.31
26.5701  0.27
26.5801  0.29
26.5901  0.3
26.6001  0.31
26.6101  0.33
26.6201  0.28
26.6301  0.33
26.6401  0.34
26.6501  0.31
26.6601  0.36
26.6701  0.23
26.6801  0.25
26.6901  0.31
26.7001  0.29
26.7101  0.32
26.7201  0.3
26.7301  0.32
26.7401  0.22
26.7501  0.33
26.7601  0.25
26.7701  0.27
26.7801  0.33
26.7901  0.33
26.8001  0.33
26.8101  0.24
26.8201  0.46
26.8301  0.23
26.8401  0.33
26.8501  0.31
26.8601  0.37
26.8701  0.24
26.8801  0.24
26.8901  0.22
26.9001  0.29
26.9101  0.29
26.9201  0.42
26.9301  0.18
26.9401  0.26
26.9501  0.29
26.9601  0.33
26.9701  0.28
26.9801  0.29
26.9901  0.37
27.0001  0.35
27.0101  0.32
27.0201  0.21
27.0301  0.23
27.0401  0.23
27.0501  0.3
27.0601  0.24
27.0701  0.24
27.0801  0.22
27.0901  0.27
27.1001  0.28
27.1101  0.34
27.1201  0.33
27.1301  0.33
27.1401  0.31
27.1501  0.35
27.1601  0.32
27.1701  0.26
27.1801  0.35
27.1901  0.38
27.2001  0.34
27.2101  0.35
27.2201  0.31
27.2301  0.27
27.2401  0.31
27.2501  0.33
27.2601  0.23
27.2701  0.26
27.2801  0.28
27.2901  0.33
27.3001  0.3
27.3101  0.32
27.3201  0.31
27.3301  0.24
27.3401  0.31
27.3501  0.21
27.3601  0.32
27.3701  0.24
27.3801  0.26
27.3901  0.25
27.4001  0.35
27.4101  0.25
27.4201  0.25
27.4301  0.34
27.4401  0.32
27.4501  0.25
27.4601  0.3
27.4701  0.23
27.4801  0.25
27.4901  0.26
27.5001  0.26
27.5101  0.35
27.5201  0.31
27.5301  0.34
27.5401  0.27
27.5501  0.29
27.5601  0.25
27.5701  0.35
27.5801  0.31
27.5901  0.3
27.6001  0.26
27.6101  0.25
27.6201  0.37
27.6301  0.38
27.6401  0.37
27.6501  0.31
27.6601  0.21
27.6701  0.28
27.6801  0.28
27.6901  0.25
27.7001  0.22
27.7101  0.25
27.7201  0.34
27.7301  0.22
27.7401  0.25
27.7501  0.28
27.7601  0.3
27.7701  0.21
27.7801  0.37
27.7901  0.24
27.8001  0.22
27.8101  0.36
27.8201  0.42
27.8301  0.34
27.8401  0.28
27.8501  0.34
27.8601  0.29
27.8701  0.34
27.8801  0.33
27.8901  0.32
27.9001  0.25
27.9101  0.29
27.9201  0.18
27.9301  0.25
27.9401  0.2
27.9501  0.4
27.9601  0.33
27.9701  0.23
27.9801  0.22
27.9901  0.35
28.0001  0.23
28.0101  0.27
28.0201  0.2
28.0301  0.26
28.0401  0.23
28.0501  0.28
28.0601  0.33
28.0701  0.28
28.0801  0.21
28.0901  0.29
28.1001  0.28
28.1101  0.27
28.1201  0.31
28.1301  0.29
28.1401  0.26
28.1501  0.25
28.1601  0.4
28.1701  0.32
28.1801  0.3
28.1901  0.28
28.2001  0.32
28.2101  0.3
28.2201  0.23
28.2301  0.2
28.2401  0.29
28.2501  0.33
28.2601  0.19
28.2701  0.3
28.2801  0.24
28.2901  0.38
28.3001  0.28
28.3101  0.2
28.3201  0.22
28.3301  0.25
28.3401  0.26
28.3501  0.27
28.3601  0.29
28.3701  0.3
28.3801  0.28
28.3901  0.26
28.4001  0.36
28.4101  0.39
28.4201  0.31
28.4301  0.33
28.4401  0.2
28.4501  0.37
28.4601  0.28
28.4701  0.22
28.4801  0.31
28.4901  0.23
28.5001  0.34
28.5101  0.33
28.5201  0.19
28.5301  0.3
28.5401  0.38
28.5501  0.34
28.5601  0.34
28.5701  0.25
28.5801  0.31
28.5901  0.29
28.6001  0.32
28.6101  0.33
28.6201  0.36
28.6301  0.37
28.6401  0.36
28.6501  0.24
28.6601  0.19
28.6701  0.21
28.6801  0.24
28.6901  0.27
28.7001  0.34
28.7101  0.33
28.7201  0.19
28.7301  0.33
28.7401  0.39
28.7501  0.28
28.7601  0.2
28.7701  0.25
28.7801  0.4
28.7901  0.35
28.8001  0.23
28.8101  0.23
28.8201  0.32
28.8301  0.31
28.8401  0.25
28.8501  0.31
28.8601  0.35
28.8701  0.28
28.8801  0.32
28.8901  0.28
28.9001  0.26
28.9101  0.28
28.9201  0.23
28.9301  0.29
28.9401  0.33
28.9501  0.3
28.9601  0.31
28.9701  0.3
28.9801  0.34
28.9901  0.38
29.0001  0.32
29.0101  0.32
29.0201  0.33
29.0301  0.24
29.0401  0.27
29.0501  0.32
29.0601  0.25
29.0701  0.31
29.0801  0.33
29.0901  0.34
29.1001  0.22
29.1101  0.29
29.1201  0.26
29.1301  0.29
29.1401  0.39
29.1501  0.24
29.1601  0.3
29.1701  0.37
29.1801  0.25
29.1901  0.22
29.2001  0.32
29.2101  0.36
29.2201  0.29
29.2301  0.27
29.2401  0.32
29.2501  0.34
29.2601  0.26
29.2701  0.31
29.2801  0.33
29.2901  0.37
29.3001  0.24
29.3101  0.2
29.3201  0.24
29.3301  0.34
29.3401  0.17
29.3501  0.34
29.3601  0.38
29.3701  0.39
29.3801  0.28
29.3901  0.24
29.4001  0.39
29.4101  0.3
29.4201  0.31
29.4301  0.23
29.4401  0.26
29.4501  0.23
29.4601  0.26
29.4701  0.33
29.4801  0.33
29.4901  0.27
29.5001  0.29
29.5101  0.28
29.5201  0.29
29.5301  0.31
29.5401  0.3
29.5501  0.2
29.5601  0.31
29.5701  0.21
29.5801  0.29
29.5901  0.25
29.6001  0.24
29.6101  0.25
29.6201  0.28
29.6301  0.28
29.6401  0.28
29.6501  0.36
29.6601  0.33
29.6701  0.24
29.6801  0.32
29.6901  0.27
29.7001  0.28
29.7101  0.28
29.7201  0.37
29.7301  0.32
29.7401  0.31
29.7501  0.33
29.7601  0.31
29.7701  0.29
29.7801  0.29
29.7901  0.31
29.8001  0.16
29.8101  0.29
29.8201  0.33
29.8301  0.31
29.8401  0.36
29.8501  0.31
29.8601  0.34
29.8701  0.32
29.8801  0.15
29.8901  0.34
29.9001  0.28
29.9101  0.39
29.9201  0.26
29.9301  0.28
29.9401  0.28
29.9501  0.23
29.9601  0.21
29.9701  0.29
29.9801  0.18
29.9901  0.36
30.0001  0.32
30.0101  0.24
30.0201  0.22
30.0301  0.31
30.0401  0.21
30.0501  0.27
30.0601  0.3
30.0701  0.24
30.0801  0.28
30.0901  0.24
30.1001  0.26
30.1101  0.37
30.1201  0.24
30.1301  0.34
30.1401  0.24
30.1501  0.3
30.1601  0.28
30.1701  0.21
30.1801  0.29
30.1901  0.33
30.2001  0.28
30.2101  0.37
30.2201  0.24
30.2301  0.29
30.2401  0.38
30.2501  0.32
30.2601  0.27
30.2701  0.3
30.2801  0.27
30.2901  0.37
30.3001  0.37
30.3101  0.41
30.3201  0.33
30.3301  0.24
30.3401  0.31
30.3501  0.33
30.3601  0.27
30.3701  0.23
30.3801  0.29
30.3901  0.22
30.4001  0.25
30.4101  0.35
30.4201  0.22
30.4301  0.31
30.4401  0.35
30.4501  0.32
30.4601  0.29
30.4701  0.25
30.4801  0.21
30.4901  0.33
30.5001  0.24
30.5101  0.36
30.5201  0.26
30.5301  0.37
30.5401  0.32
30.5501  0.24
30.5601  0.28
30.5701  0.3
30.5801  0.34
30.5901  0.31
30.6001  0.21
30.6101  0.3
30.6201  0.34
30.6301  0.29
30.6401  0.32
30.6501  0.33
30.6601  0.34
30.6701  0.19
30.6801  0.24
30.6901  0.33
30.7001  0.32
30.7101  0.37
30.7201  0.35
30.7301  0.25
30.7401  0.26
30.7501  0.26
30.7601  0.29
30.7701  0.27
30.7801  0.31
30.7901  0.33
30.8001  0.21
30.8101  0.26
30.8201  0.32
30.8301  0.28
30.8401  0.37
30.8501  0.23
30.8601  0.17
30.8701  0.31
30.8801  0.36
30.8901  0.25
30.9001  0.26
30.9101  0.33
30.9201  0.31
30.9301  0.28
30.9401  0.3
30.9501  0.2
30.9601  0.32
30.9701  0.21
30.9801  0.25
30.9901  0.27
31.0001  0.29
31.0101  0.3
31.0201  0.27
31.0301  0.41
31.0401  0.3
31.0501  0.5
31.0601  0.21
31.0701  0.25
31.0801  0.27
31.0901  0.31
31.1001  0.33
31.1101  0.24
31.1201  0.24
31.1301  0.29
31.1401  0.16
31.1501  0.22
31.1601  0.39
31.1701  0.31
31.1801  0.3
31.1901  0.4
31.2001  0.2
31.2101  0.29
31.2201  0.3
31.2301  0.35
31.2401  0.32
31.2501  0.31
31.2601  0.34
31.2701  0.24
31.2801  0.32
31.2901  0.28
31.3001  0.33
31.3101  0.29
31.3201  0.27
31.3301  0.28
31.3401  0.3
31.3501  0.36
31.3601  0.27
31.3701  0.31
31.3801  0.16
31.3901  0.35
31.4001  0.27
31.4101  0.27
31.4201  0.27
31.4301  0.35
31.4401  0.25
31.4501  0.28
31.4601  0.25
31.4701  0.36
31.4801  0.26
31.4901  0.29
31.5001  0.21
31.5101  0.38
31.5201  0.34
31.5301  0.39
31.5401  0.28
31.5501  0.35
31.5601  0.31
31.5701  0.26
31.5801  0.31
31.5901  0.15
31.6001  0.34
31.6101  0.31
31.6201  0.31
31.6301  0.27
31.6401  0.22
31.6501  0.36
31.6601  0.21
31.6701  0.33
31.6801  0.3
31.6901  0.23
31.7001  0.24
31.7101  0.2
31.7201  0.27
31.7301  0.31
31.7401  0.26
31.7501  0.28
31.7601  0.26
31.7701  0.32
31.7801  0.3
31.7901  0.36
31.8001  0.36
31.8101  0.36
31.8201  0.24
31.8301  0.29
31.8401  0.28
31.8501  0.22
31.8601  0.34
31.8701  0.41
31.8801  0.31
31.8901  0.28
31.9001  0.26
31.9101  0.33
31.9201  0.28
31.9301  0.31
31.9401  0.33
31.9501  0.33
31.9601  0.33
31.9701  0.35
31.9801  0.24
31.9901  0.32
32.0001  0.22
32.0101  0.28
32.0201  0.36
32.0301  0.32
32.0401  0.31
32.0501  0.31
32.0601  0.17
32.0701  0.3
32.0801  0.22
32.0901  0.25
32.1001  0.3
32.1101  0.35
32.1201  0.3
32.1301  0.23
32.1401  0.34
32.1501  0.25
32.1601  0.26
32.1701  0.28
32.1801  0.4
32.1901  0.33
32.2001  0.27
32.2101  0.3
32.2201  0.32
32.2301  0.3
32.2401  0.23
32.2501  0.26
32.2601  0.39
32.2701  0.22
32.2801  0.22
32.2901  0.3
32.3001  0.41
32.3101  0.28
32.3201  0.36
32.3301  0.25
32.3401  0.27
32.3501  0.28
32.3601  0.21
32.3701  0.26
32.3801  0.27
32.3901  0.3
32.4001  0.24
32.4101  0.29
32.4201  0.2
32.4301  0.34
32.4401  0.32
32.4501  0.23
32.4601  0.29
32.4701  0.26
32.4801  0.34
32.4901  0.32
32.5001  0.31
32.5101  0.31
32.5201  0.29
32.5301  0.33
32.5401  0.18
32.5501  0.2
32.5601  0.34
32.5701  0.32
32.5801  0.29
32.5901  0.28
32.6001  0.24
32.6101  0.31
32.6201  0.24
32.6301  0.32
32.6401  0.32
32.6501  0.4
32.6601  0.24
32.6701  0.28
32.6801  0.21
32.6901  0.26
32.7001  0.34
32.7101  0.31
32.7201  0.28
32.7301  0.28
32.7401  0.29
32.7501  0.33
32.7601  0.31
32.7701  0.36
32.7801  0.37
32.7901  0.42
32.8001  0.25
32.8101  0.27
32.8201  0.28
32.8301  0.22
32.8401  0.33
32.8501  0.45
32.8601  0.3
32.8701  0.35
32.8801  0.33
32.8901  0.29
32.9001  0.28
32.9101  0.27
32.9201  0.26
32.9301  0.26
32.9401  0.19
32.9501  0.27
32.9601  0.21
32.9701  0.31
32.9801  0.34
32.9901  0.32
33.0001  0.31
33.0101  0.28
33.0201  0.24
33.0301  0.22
33.0401  0.34
33.0501  0.33
33.0601  0.34
33.0701  0.27
33.0801  0.19
33.0901  0.32
33.1001  0.42
33.1101  0.26
33.1201  0.34
33.1301  0.28
33.1401  0.26
33.1501  0.32
33.1601  0.31
33.1701  0.24
33.1801  0.23
33.1901  0.25
33.2001  0.36
33.2101  0.32
33.2201  0.22
33.2301  0.27
33.2401  0.29
33.2501  0.42
33.2601  0.27
33.2701  0.25
33.2801  0.33
33.2901  0.36
33.3001  0.32
33.3101  0.19
33.3201  0.28
33.3301  0.23
33.3401  0.3
33.3501  0.36
33.3601  0.34
33.3701  0.31
33.3801  0.38
33.3901  0.3
33.4001  0.26
33.4101  0.25
33.4201  0.38
33.4301  0.31
33.4401  0.31
33.4501  0.45
33.4601  0.25
33.4701  0.24
33.4801  0.22
33.4901  0.3
33.5001  0.34
33.5101  0.3
33.5201  0.32
33.5301  0.35
33.5401  0.34
33.5501  0.28
33.5601  0.31
33.5701  0.29
33.5801  0.19
33.5901  0.33
33.6001  0.27
33.6101  0.19
33.6201  0.28
33.6301  0.49
33.6401  0.29
33.6501  0.3
33.6601  0.3
33.6701  0.28
33.6801  0.27
33.6901  0.22
33.7001  0.27
33.7101  0.22
33.7201  0.33
33.7301  0.36
33.7401  0.23
33.7501  0.3
33.7601  0.3
33.7701  0.25
33.7801  0.31
33.7901  0.28
33.8001  0.34
33.8101  0.3
33.8201  0.31
33.8301  0.28
33.8401  0.3
33.8501  0.34
33.8601  0.21
33.8701  0.26
33.8801  0.22
33.8901  0.32
33.9001  0.29
33.9101  0.26
33.9201  0.24
33.9301  0.35
33.9401  0.29
33.9501  0.33
33.9601  0.27
33.9701  0.3
33.9801  0.21
33.9901  0.25
34.0001  0.26
34.0101  0.28
34.0201  0.34
34.0301  0.4
34.0401  0.32
34.0501  0.26
34.0601  0.28
34.0701  0.42
34.0801  0.31
34.0901  0.31
34.1001  0.31
34.1101  0.24
34.1201  0.25
34.1301  0.29
34.1401  0.18
34.1501  0.22
34.1601  0.36
34.1701  0.25
34.1801  0.36
34.1901  0.29
34.2001  0.33
34.2101  0.33
34.2201  0.38
34.2301  0.33
34.2401  0.26
34.2501  0.36
34.2601  0.23
34.2701  0.25
34.2801  0.27
34.2901  0.21
34.3001  0.36
34.3101  0.22
34.3201  0.36
34.3301  0.21
34.3401  0.33
34.3501  0.29
34.3601  0.32
34.3701  0.31
34.3801  0.21
34.3901  0.36
34.4001  0.29
34.4101  0.35
34.4201  0.29
34.4301  0.29
34.4401  0.25
34.4501  0.25
34.4601  0.22
34.4701  0.21
34.4801  0.35
34.4901  0.31
34.5  0.23
34.51  0.31
34.52  0.3
34.53  0.3
34.54  0.3
34.55  0.26
34.56  0.32
34.57  0.2
34.58  0.26
34.59  0.34
34.6  0.33
34.61  0.34
34.62  0.25
34.63  0.26
34.64  0.27
34.65  0.36
34.66  0.33
34.67  0.32
34.68  0.2
34.69  0.27
34.7  0.38
34.71  0.32
34.72  0.36
34.73  0.24
34.74  0.38
34.75  0.22
34.76  0.28
34.77  0.26
34.78  0.29
34.79  0.21
34.8  0.29
34.81  0.18
34.82  0.35
34.83  0.2
34.84  0.21
34.85  0.2
34.86  0.27
34.87  0.33
34.88  0.27
34.89  0.27
34.9  0.26
34.91  0.38
34.92  0.24
34.93  0.33
34.94  0.23
34.95  0.3
34.96  0.34
34.97  0.33
34.98  0.26
34.99  0.29
35  0.34
35.01  0.28
35.02  0.44
35.03  0.4
35.04  0.25
35.05  0.34
35.06  0.27
35.07  0.32
35.08  0.37
35.09  0.39
35.1  0.33
35.11  0.38
35.12  0.27
35.13  0.25
35.14  0.32
35.15  0.34
35.16  0.33
35.17  0.31
35.18  0.27
35.19  0.32
35.2  0.27
35.21  0.36
35.22  0.29
35.23  0.32
35.24  0.26
35.25  0.27
35.26  0.21
35.27  0.26
35.28  0.31
35.29  0.29
35.3  0.27
35.31  0.19
35.32  0.3
35.33  0.28
35.34  0.34
35.35  0.28
35.36  0.31
35.37  0.35
35.38  0.24
35.39  0.26
35.4  0.34
35.41  0.29
35.42  0.24
35.43  0.25
35.44  0.21
35.45  0.32
35.46  0.29
35.47  0.3
35.48  0.32
35.49  0.31
35.5  0.32
35.51  0.29
35.52  0.28
35.53  0.36
35.54  0.34
35.55  0.28
35.56  0.24
35.57  0.3
35.58  0.31
35.59  0.31
35.6  0.3
35.61  0.2
35.62  0.25
35.63  0.3
35.64  0.24
35.65  0.34
35.66  0.24
35.67  0.35
35.68  0.33
35.69  0.27
35.7  0.29
35.71  0.34
35.72  0.4
35.73  0.15
35.74  0.39
35.75  0.21
35.76  0.28
35.77  0.27
35.78  0.3
35.79  0.28
35.8  0.38
35.81  0.21
35.82  0.28
35.83  0.3
35.84  0.28
35.85  0.28
35.86  0.34
35.87  0.28
35.88  0.33
35.89  0.33
35.9  0.28
35.91  0.33
35.92  0.31
35.93  0.27
35.94  0.33
35.95  0.3
35.96  0.25
35.97  0.26
35.98  0.32
35.99  0.29
36  0.32
36.01  0.28
36.02  0.32
36.03  0.36
36.04  0.31
36.05  0.2
36.06  0.28
36.07  0.23
36.08  0.26
36.09  0.28
36.1  0.22
36.11  0.27
36.12  0.35
36.13  0.31
36.14  0.25
36.15  0.21
36.16  0.34
36.17  0.26
36.18  0.28
36.19  0.19
36.2  0.25
36.21  0.26
36.22  0.27
36.23  0.29
36.24  0.3
36.25  0.25
36.26  0.31
36.27  0.37
36.28  0.35
36.29  0.32
36.3  0.28
36.31  0.29
36.32  0.31
36.33  0.35
36.34  0.27
36.35  0.23
36.36  0.29
36.37  0.3
36.38  0.26
36.39  0.2
36.4  0.25
36.41  0.24
36.42  0.35
36.43  0.3
36.44  0.24
36.45  0.33
36.46  0.32
36.47  0.25
36.48  0.28
36.49  0.25
36.5  0.25
36.51  0.19
36.52  0.31
36.53  0.34
36.54  0.26
36.55  0.36
36.56  0.22
36.57  0.32
36.58  0.26
36.59  0.28
36.6  0.33
36.61  0.46
36.62  0.19
36.63  0.23
36.64  0.35
36.65  0.31
36.66  0.36
36.67  0.36
36.68  0.36
36.69  0.37
36.7  0.27
36.71  0.23
36.72  0.28
36.73  0.27
36.74  0.27
36.75  0.31
36.76  0.27
36.77  0.4
36.78  0.34
36.79  0.32
36.8  0.17
36.81  0.27
36.82  0.32
36.83  0.23
36.84  0.4
36.85  0.31
36.86  0.4
36.87  0.36
36.88  0.24
36.89  0.17
36.9  0.32
36.91  0.29
36.92  0.28
36.93  0.32
36.94  0.25
36.95  0.21
36.96  0.27
36.97  0.22
36.98  0.29
36.99  0.34
37  0.28
37.01  0.33
37.02  0.28
37.03  0.34
37.04  0.35
37.05  0.38
37.06  0.26
37.07  0.29
37.08  0.24
37.09  0.31
37.1  0.29
37.11  0.32
37.12  0.29
37.13  0.36
37.14  0.23
37.15  0.25
37.16  0.26
37.17  0.33
37.18  0.27
37.19  0.27
37.2  0.21
37.21  0.2
37.22  0.29
37.23  0.31
37.24  0.36
37.25  0.32
37.26  0.27
37.27  0.32
37.28  0.31
37.29  0.19
37.3  0.26
37.31  0.28
37.32  0.28
37.33  0.3
37.34  0.31
37.35  0.3
37.36  0.29
37.37  0.38
37.38  0.3
37.39  0.31
37.4  0.28
37.41  0.31
37.42  0.3
37.43  0.3
37.44  0.28
37.45  0.31
37.46  0.35
37.47  0.19
37.48  0.21
37.49  0.27
37.5  0.19
37.51  0.39
37.52  0.24
37.53  0.27
37.54  0.31
37.55  0.31
37.56  0.33
37.57  0.4
37.58  0.28
37.59  0.32
37.6  0.24
37.61  0.24
37.62  0.39
37.63  0.28
37.64  0.31
37.65  0.26
37.66  0.29
37.67  0.33
37.68  0.35
37.69  0.32
37.7  0.26
37.71  0.23
37.72  0.29
37.73  0.21
37.74  0.44
37.75  0.27
37.76  0.34
37.77  0.26
37.78  0.3
37.79  0.25
37.8  0.33
37.81  0.36
37.82  0.37
37.83  0.24
37.84  0.3
37.85  0.34
37.86  0.27
37.87  0.26
37.88  0.3
37.89  0.25
37.9  0.27
37.91  0.24
37.92  0.16
37.93  0.29
37.94  0.21
37.95  0.21
37.96  0.41
37.97  0.31
37.98  0.34
37.99  0.3
38  0.31
38.01  0.28
38.02  0.26
38.03  0.27
38.04  0.39
38.05  0.38
38.06  0.29
38.07  0.2
38.08  0.17
38.09  0.28
38.1  0.27
38.11  0.35
38.12  0.32
38.13  0.25
38.14  0.35
38.15  0.2
38.16  0.22
38.17  0.22
38.18  0.23
38.19  0.3
38.2  0.28
38.21  0.33
38.22  0.23
38.23  0.31
38.24  0.33
38.25  0.29
38.26  0.25
38.27  0.32
38.28  0.33
38.29  0.29
38.3  0.25
38.31  0.28
38.32  0.35
38.33  0.32
38.34  0.22
38.35  0.25
38.36  0.3
38.37  0.31
38.38  0.28
38.39  0.41
38.4  0.28
38.41  0.27
38.42  0.24
38.43  0.28
38.44  0.21
38.45  0.39
38.46  0.34
38.47  0.23
38.48  0.37
38.49  0.36
38.5  0.25
38.51  0.22
38.52  0.31
38.53  0.27
38.54  0.32
38.55  0.37
38.56  0.39
38.57  0.32
38.58  0.35
38.59  0.29
38.6  0.28
38.61  0.33
38.62  0.34
38.63  0.21
38.64  0.27
38.65  0.26
38.66  0.34
38.67  0.23
38.68  0.3
38.69  0.36
38.7  0.29
38.71  0.21
38.72  0.27
38.73  0.27
38.74  0.26
38.75  0.22
38.76  0.23
38.77  0.36
38.78  0.31
38.79  0.32
38.8  0.34
38.81  0.21
38.82  0.31
38.83  0.28
38.84  0.29
38.85  0.29
38.86  0.24
38.87  0.34
38.88  0.23
38.89  0.36
38.9  0.23
38.91  0.29
38.92  0.34
38.93  0.21
38.94  0.33
38.95  0.32
38.96  0.18
38.97  0.25
38.98  0.3
38.99  0.26
39  0.22
39.01  0.27
39.02  0.18
39.03  0.3
39.04  0.34
39.05  0.3
39.06  0.36
39.07  0.23
39.08  0.26
39.09  0.28
39.1  0.32
39.11  0.34
39.12  0.32
39.13  0.3
39.14  0.31
39.15  0.35
39.16  0.35
39.17  0.25
39.18  0.28
39.19  0.25
39.2  0.41
39.21  0.35
39.22  0.3
39.23  0.32
39.24  0.34
39.25  0.27
39.26  0.26
39.27  0.3
39.28  0.28
39.29  0.25
39.3  0.33
39.31  0.27
39.32  0.25
39.33  0.35
39.34  0.29
39.35  0.32
39.36  0.26
39.37  0.29
39.38  0.31
39.39  0.31
39.4  0.27
39.41  0.29
39.42  0.21
39.43  0.22
39.44  0.27
39.45  0.19
39.46  0.34
39.47  0.35
39.48  0.22
39.49  0.31
39.5  0.26
39.51  0.31
39.52  0.22
39.53  0.4
39.54  0.33
39.55  0.39
39.56  0.29
39.57  0.3
39.58  0.31
39.59  0.29
39.6  0.24
39.61  0.23
39.62  0.3
39.63  0.26
39.64  0.32
39.65  0.33
39.66  0.34
39.67  0.25
39.68  0.29
39.69  0.32
39.7  0.23
39.71  0.25
39.72  0.26
39.73  0.33
39.74  0.34
39.75  0.26
39.76  0.35
39.77  0.21
39.78  0.34
39.79  0.32
39.8  0.44
39.81  0.35
39.82  0.22
39.83  0.22
39.84  0.25
39.85  0.3
39.86  0.33
39.87  0.28
39.88  0.35
39.89  0.29
39.9  0.3
39.91  0.22
39.92  0.44
39.93  0.29
39.94  0.25
39.95  0.32
39.96  0.25
39.97  0.29
39.98  0.31
39.99  0.26
40  0.25
40.01  0.33
40.02  0.23
40.03  0.21
40.04  0.28
40.05  0.39
40.06  0.27
40.07  0.26
40.08  0.22
40.09  0.22
40.1  0.26
40.11  0.27
40.12  0.24
40.13  0.3
40.14  0.35
40.15  0.26
40.16  0.33
40.17  0.2
40.18  0.42
40.19  0.23
40.2  0.29
40.21  0.27
40.22  0.39
40.23  0.31
40.24  0.29
40.25  0.3
40.26  0.39
40.27  0.35
40.28  0.31
40.29  0.27
40.3  0.29
40.31  0.24
40.32  0.3
40.33  0.34
40.34  0.31
40.35  0.29
40.36  0.29
40.37  0.29
40.38  0.15
40.39  0.28
40.4  0.29
40.41  0.28
40.42  0.35
40.43  0.19
40.44  0.25
40.45  0.34
40.46  0.31
40.47  0.36
40.48  0.29
40.49  0.27
40.5  0.31
40.51  0.34
40.52  0.3
40.53  0.39
40.54  0.28
40.55  0.23
40.56  0.32
40.57  0.34
40.58  0.18
40.59  0.22
40.6  0.31
40.61  0.32
40.62  0.26
40.63  0.33
40.64  0.29
40.65  0.29
40.66  0.23
40.67  0.32
40.68  0.41
40.69  0.26
40.7  0.31
40.71  0.28
40.72  0.3
40.73  0.3
40.74  0.23
40.75  0.22
40.76  0.26
40.77  0.29
40.78  0.26
40.79  0.26
40.8  0.32
40.81  0.22
40.82  0.32
40.83  0.36
40.84  0.28
40.85  0.28
40.86  0.36
40.87  0.22
40.88  0.25
40.89  0.3
40.9  0.28
40.91  0.34
40.92  0.3
40.93  0.28
40.94  0.31
40.95  0.32
40.96  0.28
40.97  0.24
40.98  0.36
40.99  0.16
41  0.35
41.01  0.29
41.02  0.35
41.03  0.43
41.04  0.33
41.05  0.46
41.06  0.42
41.07  0.26
41.08  0.25
41.09  0.35
41.1  0.35
41.11  0.28
41.12  0.41
41.13  0.41
41.14  0.33
41.15  0.31
41.16  0.27
41.17  0.22
41.18  0.32
41.19  0.26
41.2  0.26
41.21  0.27
41.22  0.35
41.23  0.27
41.24  0.27
41.25  0.28
41.26  0.39
41.27  0.29
41.28  0.23
41.29  0.32
41.3  0.35
41.31  0.25
41.32  0.27
41.33  0.37
41.34  0.37
41.35  0.2
41.36  0.32
41.37  0.28
41.38  0.27
41.39  0.34
41.4  0.39
41.41  0.28
41.42  0.37
41.43  0.25
41.44  0.26
41.45  0.25
41.46  0.22
41.47  0.29
41.48  0.31
41.49  0.36
41.5  0.35
41.51  0.33
41.52  0.24
41.53  0.33
41.54  0.23
41.55  0.25
41.56  0.32
41.57  0.31
41.58  0.29
41.59  0.22
41.6  0.24
41.61  0.36
41.62  0.28
41.63  0.29
41.64  0.24
41.65  0.24
41.66  0.28
41.67  0.26
41.68  0.32
41.69  0.32
41.7  0.25
41.71  0.33
41.72  0.26
41.73  0.36
41.74  0.36
41.75  0.22
41.76  0.32
41.77  0.28
41.78  0.3
41.79  0.25
41.8  0.3
41.81  0.25
41.82  0.26
41.83  0.35
41.84  0.27
41.85  0.28
41.86  0.34
41.87  0.26
41.88  0.27
41.89  0.24
41.9  0.25
41.91  0.29
41.92  0.32
41.93  0.27
41.94  0.31
41.95  0.2
41.96  0.43
41.97  0.29
41.98  0.24
41.99  0.23
42  0.27
42.01  0.3
42.02  0.26
42.03  0.22
42.04  0.24
42.05  0.19
42.06  0.31
42.07  0.3
42.08  0.23
42.09  0.31
42.1  0.36
42.11  0.3
42.12  0.32
42.13  0.33
42.14  0.21
42.15  0.26
42.16  0.27
42.17  0.31
42.18  0.37
42.19  0.27
42.2  0.29
42.21  0.23
42.22  0.34
42.23  0.33
42.24  0.17
42.25  0.33
42.26  0.3
42.27  0.21
42.28  0.25
42.29  0.38
42.3  0.32
42.31  0.24
42.32  0.31
42.33  0.32
42.34  0.3
42.35  0.32
42.36  0.3
42.37  0.2
42.38  0.25
42.39  0.28
42.4  0.29
42.41  0.32
42.42  0.31
42.43  0.3
42.44  0.32
42.45  0.29
42.46  0.22
42.47  0.26
42.48  0.28
42.49  0.3
42.5  0.28
42.51  0.24
42.52  0.28
42.53  0.27
42.54  0.22
42.55  0.24
42.56  0.23
42.57  0.29
42.58  0.28
42.59  0.25
42.6  0.32
42.61  0.34
42.62  0.26
42.63  0.27
42.64  0.25
42.65  0.33
42.66  0.28
42.67  0.3
42.68  0.39
42.69  0.28
42.7  0.31
42.71  0.29
42.72  0.3
42.73  0.3
42.74  0.24
42.75  0.33
42.76  0.18
42.77  0.22
42.78  0.26
42.79  0.24
42.8  0.25
42.81  0.3
42.82  0.37
42.83  0.33
42.84  0.27
42.85  0.39
42.86  0.38
42.87  0.31
42.88  0.3
42.89  0.28
42.9  0.29
42.91  0.27
42.92  0.3
42.93  0.19
42.94  0.31
42.95  0.35
42.96  0.34
42.97  0.27
42.98  0.29
42.99  0.27
43  0.24
43.01  0.25
43.02  0.31
43.03  0.28
43.04  0.4
43.05  0.35
43.06  0.32
43.07  0.33
43.08  0.21
43.09  0.2
43.1  0.22
43.11  0.28
43.12  0.28
43.13  0.29
43.14  0.25
43.15  0.31
43.16  0.27
43.17  0.32
43.18  0.27
43.19  0.31
43.2  0.32
43.21  0.31
43.22  0.26
43.23  0.36
43.24  0.27
43.25  0.39
43.26  0.27
43.27  0.24
43.28  0.35
43.29  0.21
43.3  0.33
43.31  0.37
43.32  0.25
43.33  0.35
43.34  0.4
43.35  0.26
43.36  0.27
43.37  0.33
43.38  0.27
43.39  0.36
43.4  0.23
43.41  0.32
43.42  0.23
43.43  0.2
43.44  0.13
43.45  0.34
43.46  0.24
43.47  0.41
43.48  0.4
43.49  0.37
43.5  0.31
43.51  0.32
43.52  0.26
43.53  0.31
43.54  0.31
43.55  0.26
43.56  0.32
43.57  0.18
43.58  0.24
43.59  0.3
43.6  0.28
43.61  0.29
43.62  0.23
43.63  0.18
43.64  0.25
43.65  0.29
43.66  0.31
43.67  0.34
43.68  0.33
43.69  0.3
43.7  0.25
43.71  0.3
43.72  0.42
43.73  0.35
43.74  0.26
43.75  0.24
43.76  0.31
43.77  0.44
43.78  0.3
43.79  0.38
43.8  0.26
43.81  0.24
43.82  0.31
43.83  0.3
43.84  0.25
43.85  0.33
43.86  0.27
43.87  0.32
43.88  0.23
43.89  0.25
43.9  0.25
43.91  0.28
43.92  0.25
43.93  0.26
43.94  0.32
43.95  0.33
43.96  0.35
43.97  0.33
43.98  0.39
43.99  0.29
44  0.34
44.01  0.27
44.02  0.33
44.03  0.31
44.04  0.27
44.05  0.25
44.06  0.26
44.07  0.34
44.08  0.21
44.09  0.22
44.1  0.21
44.11  0.44
44.12  0.18
44.13  0.27
44.14  0.33
44.15  0.26
44.16  0.22
44.17  0.32
44.18  0.17
44.19  0.34
44.2  0.22
44.21  0.31
44.22  0.39
44.23  0.32
44.24  0.27
44.25  0.28
44.26  0.37
44.27  0.23
44.28  0.33
44.29  0.32
44.3  0.36
44.31  0.31
44.32  0.32
44.33  0.25
44.34  0.33
44.35  0.32
44.36  0.31
44.37  0.32
44.38  0.27
44.39  0.19
44.4  0.37
44.41  0.26
44.42  0.3
44.43  0.33
44.44  0.28
44.45  0.37
44.46  0.23
44.47  0.26
44.48  0.27
44.49  0.24
44.5  0.32
44.51  0.25
44.52  0.3
44.53  0.23
44.54  0.22
44.55  0.48
44.56  0.35
44.57  0.23
44.58  0.26
44.59  0.29
44.6  0.34
44.61  0.3
44.62  0.35
44.63  0.29
44.64  0.28
44.65  0.35
44.66  0.27
44.67  0.22
44.68  0.38
44.69  0.29
44.7  0.26
44.71  0.29
44.72  0.28
44.73  0.25
44.74  0.21
44.75  0.26
44.76  0.28
44.77  0.32
44.78  0.22
44.79  0.25
44.8  0.25
44.81  0.35
44.82  0.28
44.83  0.26
44.84  0.39
44.85  0.28
44.86  0.28
44.87  0.24
44.88  0.25
44.89  0.24
44.9  0.3
44.91  0.34
44.92  0.31
44.93  0.33
44.94  0.27
44.95  0.28
44.96  0.29
44.97  0.35
44.98  0.34
44.99  0.3
45  0.33
45.01  0.22
45.02  0.3
45.03  0.22
45.04  0.31
45.05  0.31
45.06  0.27
45.07  0.28
45.08  0.33
45.09  0.35
45.1  0.32
45.11  0.37
45.12  0.28
45.13  0.33
45.14  0.32
45.15  0.24
45.16  0.29
45.17  0.25
45.18  0.26
45.19  0.26
45.2  0.33
45.21  0.3
45.22  0.39
45.23  0.35
45.24  0.26
45.25  0.25
45.26  0.31
45.27  0.24
45.28  0.29
45.29  0.25
45.3  0.37
45.31  0.27
45.32  0.3
45.33  0.23
45.34  0.32
45.35  0.22
45.36  0.26
45.37  0.38
45.38  0.22
45.39  0.17
45.4  0.34
45.41  0.29
45.42  0.27
45.43  0.36
45.44  0.2
45.45  0.18
45.46  0.4
45.47  0.24
45.48  0.28
45.49  0.25
45.5  0.29
45.51  0.33
45.52  0.31
45.53  0.22
45.54  0.38
45.55  0.25
45.56  0.37
45.57  0.28
45.58  0.28
45.59  0.32
45.6  0.31
45.61  0.3
45.62  0.29
45.63  0.28
45.64  0.25
45.65  0.32
45.66  0.3
45.67  0.39
45.68  0.26
45.69  0.27
45.7  0.43
45.71  0.29
45.72  0.3
45.73  0.26
45.74  0.26
45.75  0.36
45.76  0.36
45.77  0.26
45.78  0.21
45.79  0.3
45.8  0.29
45.81  0.26
45.82  0.18
45.83  0.32
45.84  0.36
45.85  0.25
45.86  0.41
45.87  0.17
45.88  0.23
45.89  0.21
45.9  0.25
45.91  0.35
45.92  0.31
45.93  0.28
45.94  0.33
45.95  0.33
45.96  0.32
45.97  0.39
45.98  0.3
45.99  0.36
46  0.24
46.01  0.29
46.02  0.19
46.03  0.26
46.04  0.32
46.05  0.32
46.06  0.32
46.07  0.33
46.08  0.28
46.09  0.39
46.1  0.37
46.11  0.34
46.12  0.32
46.13  0.27
46.14  0.33
46.15  0.33
46.16  0.34
46.17  0.25
46.18  0.35
46.19  0.25
46.2  0.21
46.21  0.32
46.22  0.26
46.23  0.28
46.24  0.31
46.25  0.21
46.26  0.28
46.27  0.26
46.28  0.22
46.29  0.26
46.3  0.33
46.31  0.22
46.32  0.23
46.33  0.24
46.34  0.36
46.35  0.38
46.36  0.31
46.37  0.33
46.38  0.27
46.39  0.23
46.4  0.26
46.41  0.31
46.42  0.26
46.43  0.22
46.44  0.23
46.45  0.38
46.46  0.3
46.47  0.35
46.48  0.32
46.49  0.34
46.5  0.29
46.51  0.25
46.52  0.31
46.53  0.31
46.54  0.23
46.55  0.35
46.56  0.2
46.57  0.38
46.58  0.32
46.59  0.25
46.6  0.23
46.61  0.29
46.62  0.32
46.63  0.38
46.64  0.31
46.65  0.3
46.66  0.22
46.67  0.29
46.68  0.27
46.69  0.16
46.7  0.25
46.71  0.29
46.72  0.26
46.73  0.23
46.74  0.28
46.75  0.31
46.76  0.26
46.77  0.26
46.78  0.2
46.79  0.35
46.8  0.27
46.81  0.3
46.82  0.37
46.83  0.2
46.84  0.27
46.85  0.27
46.86  0.34
46.87  0.19
46.88  0.32
46.89  0.27
46.9  0.29
46.91  0.3
46.92  0.31
46.93  0.37
46.94  0.31
46.95  0.26
46.96  0.22
46.97  0.36
46.98  0.32
46.99  0.21
47  0.26
47.01  0.22
47.02  0.3
47.03  0.26
47.04  0.26
47.05  0.31
47.06  0.43
47.07  0.39
47.08  0.34
47.09  0.38
47.1  0.26
47.11  0.3
47.12  0.23
47.13  0.29
47.14  0.36
47.15  0.3
47.16  0.16
47.17  0.28
47.18  0.28
47.19  0.28
47.2  0.27
47.21  0.28
47.22  0.26
47.23  0.31
47.24  0.35
47.25  0.29
47.26  0.33
47.27  0.31
47.28  0.29
47.29  0.23
47.3  0.26
47.31  0.39
47.32  0.23
47.33  0.31
47.34  0.29
47.35  0.33
47.36  0.34
47.37  0.25
47.38  0.42
47.39  0.27
47.4  0.36
47.41  0.29
47.42  0.23
47.43  0.27
47.44  0.3
47.45  0.33
47.46  0.24
47.47  0.23
47.48  0.31
47.49  0.29
47.5  0.32
47.51  0.26
47.52  0.25
47.53  0.32
47.54  0.38
47.55  0.3
47.56  0.22
47.57  0.3
47.58  0.23
47.59  0.29
47.6  0.37
47.61  0.42
47.62  0.29
47.63  0.32
47.64  0.28
47.65  0.21
47.66  0.3
47.67  0.32
47.68  0.24
47.69  0.35
47.7  0.33
47.71  0.32
47.72  0.25
47.73  0.26
47.74  0.27
47.75  0.26
47.76  0.31
47.77  0.36
47.78  0.37
47.79  0.24
47.8  0.21
47.81  0.27
47.82  0.3
47.83  0.32
47.84  0.32
47.85  0.4
47.86  0.27
47.87  0.26
47.88  0.32
47.89  0.4
47.9  0.31
47.91  0.33
47.92  0.28
47.93  0.28
47.94  0.31
47.95  0.32
47.96  0.3
47.97  0.29
47.98  0.32
47.99  0.27
48  0.26
48.01  0.37
48.02  0.32
48.03  0.3
48.04  0.34
48.05  0.28
48.06  0.27
48.07  0.2
48.08  0.36
48.09  0.32
48.1  0.25
48.11  0.17
48.12  0.31
48.13  0.31
48.14  0.26
48.15  0.29
48.16  0.29
48.17  0.32
48.18  0.24
48.19  0.27
48.2  0.29
48.21  0.31
48.22  0.27
48.23  0.31
48.24  0.3
48.25  0.26
48.26  0.26
48.27  0.25
48.28  0.31
48.29  0.39
48.3  0.36
48.31  0.24
48.32  0.25
48.33  0.32
48.34  0.27
48.35  0.28
48.36  0.28
48.37  0.3
48.38  0.21
48.39  0.41
48.4  0.3
48.41  0.28
48.42  0.31
48.43  0.27
48.44  0.33
48.45  0.26
48.46  0.28
48.47  0.27
48.48  0.33
48.49  0.41
48.5  0.3
48.51  0.28
48.52  0.28
48.53  0.29
48.54  0.34
48.55  0.31
48.56  0.19
48.57  0.26
48.58  0.24
48.59  0.33
48.6  0.21
48.61  0.41
48.62  0.26
48.63  0.28
48.64  0.48
48.65  0.3
48.66  0.32
48.67  0.29
48.68  0.2
48.69  0.29
48.7  0.33
48.71  0.19
48.72  0.2
48.73  0.27
48.74  0.25
48.75  0.27
48.76  0.28
48.77  0.3
48.78  0.26
48.79  0.31
48.8  0.33
48.81  0.32
48.82  0.26
48.83  0.31
48.84  0.26
48.85  0.28
48.86  0.32
48.87  0.29
48.88  0.34
48.89  0.26
48.9  0.25
48.91  0.32
48.92  0.29
48.93  0.24
48.94  0.3
48.95  0.24
48.96  0.39
48.97  0.37
48.98  0.33
48.99  0.24
49  0.28
49.01  0.19
49.02  0.33
49.03  0.27
49.04  0.27
49.05  0.31
49.06  0.32
49.07  0.37
49.08  0.3
49.09  0.37
49.1  0.31
49.11  0.25
49.12  0.28
49.13  0.31
49.14  0.31
49.15  0.29
49.16  0.33
49.17  0.33
49.18  0.31
49.19  0.24
49.2  0.39
49.21  0.28
49.22  0.39
49.23  0.31
49.24  0.29
49.25  0.24
49.26  0.32
49.27  0.29
49.28  0.23
49.29  0.36
49.3  0.29
49.31  0.28
49.32  0.3
49.33  0.28
49.34  0.25
49.35  0.21
49.36  0.28
49.37  0.32
49.38  0.33
49.39  0.26
49.4  0.25
49.41  0.26
49.42  0.26
49.43  0.3
49.44  0.21
49.45  0.32
49.46  0.25
49.47  0.25
49.48  0.3
49.49  0.31
49.5  0.27
49.51  0.33
49.52  0.35
49.53  0.36
49.54  0.31
49.55  0.3
49.56  0.28
49.57  0.28
49.58  0.18
49.59  0.16
49.6  0.24
49.61  0.32
49.62  0.26
49.63  0.29
49.64  0.26
49.65  0.31
49.66  0.31
49.67  0.25
49.68  0.24
49.69  0.4
49.7  0.28
49.71  0.23
49.72  0.34
49.73  0.34
49.74  0.28
49.75  0.31
49.76  0.24
49.77  0.26
49.78  0.4
49.79  0.31
49.8  0.3
49.81  0.42
49.82  0.33
49.83  0.3
49.84  0.32
49.85  0.23
49.86  0.39
49.87  0.2
49.88  0.22
49.89  0.31
49.9  0.29
49.91  0.26
49.92  0.23
49.93  0.25
49.94  0.42
49.95  0.31
49.96  0.31
49.97  0.37
49.98  0.3
49.99  0.32
50  0.31
50.01  0.21
50.02  0.28
50.03  0.31
50.04  0.32
50.05  0.34
50.06  0.25
50.07  0.29
50.08  0.3
50.09  0.31
50.1  0.28
50.11  0.29
50.12  0.37
50.13  0.22
50.14  0.24
50.15  0.32
50.16  0.3
50.17  0.31
50.18  0.28
50.19  0.35
50.2  0.34
50.21  0.25
50.22  0.26
50.23  0.37
50.24  0.36
50.25  0.29
50.26  0.24
50.27  0.35
50.28  0.2
50.29  0.3
50.3  0.24
50.31  0.28
50.32  0.3
50.33  0.26
50.34  0.27
50.35  0.27
50.36  0.3
50.37  0.26
50.38  0.31
50.39  0.26
50.4  0.3
50.41  0.33
50.42  0.26
50.43  0.26
50.44  0.29
50.45  0.24
50.46  0.29
50.47  0.21
50.48  0.23
50.49  0.26
50.5  0.34
50.51  0.24
50.52  0.2
50.53  0.34
50.54  0.31
50.55  0.35
50.56  0.21
50.57  0.36
50.58  0.34
50.59  0.25
50.6  0.3
50.61  0.29
50.62  0.32
50.63  0.26
50.64  0.28
50.65  0.27
50.66  0.28
50.67  0.27
50.68  0.34
50.69  0.27
50.7  0.33
50.71  0.33
50.72  0.35
50.73  0.34
50.74  0.27
50.75  0.29
50.76  0.25
50.77  0.27
50.78  0.3
50.79  0.28
50.8  0.3
50.81  0.26
50.82  0.25
50.83  0.31
50.84  0.24
50.85  0.28
50.86  0.31
50.87  0.18
50.88  0.27
50.89  0.26
50.9  0.25
50.91  0.3
50.92  0.3
50.93  0.31
50.94  0.28
50.95  0.28
50.96  0.32
50.97  0.35
50.98  0.24
50.99  0.34
51  0.25
51.01  0.41
51.02  0.32
51.03  0.23
51.04  0.24
51.05  0.3
51.06  0.35
51.07  0.3
51.08  0.25
51.09  0.28
51.1  0.17
51.11  0.36
51.12  0.29
51.13  0.31
51.14  0.34
51.15  0.35
51.16  0.3
51.17  0.33
51.18  0.36
51.19  0.26
51.2  0.28
51.21  0.31
51.22  0.34
51.23  0.32
51.24  0.29
51.25  0.26
51.26  0.28
51.27  0.29
51.28  0.21
51.29  0.3
51.3  0.33
51.31  0.28
51.32  0.34
51.33  0.27
51.34  0.27
51.35  0.31
51.36  0.26
51.37  0.3
51.38  0.23
51.39  0.34
51.4  0.2
51.41  0.36
51.42  0.25
51.43  0.24
51.44  0.27
51.45  0.33
51.46  0.27
51.47  0.26
51.48  0.2
51.49  0.36
51.5  0.35
51.51  0.28
51.52  0.23
51.53  0.17
51.54  0.29
51.55  0.17
51.56  0.3
51.57  0.34
51.58  0.32
51.59  0.31
51.6  0.23
51.61  0.29
51.62  0.32
51.63  0.27
51.64  0.34
51.65  0.19
51.66  0.32
51.67  0.25
51.68  0.23
51.69  0.28
51.7  0.32
51.71  0.35
51.72  0.3
51.73  0.25
51.74  0.39
51.75  0.33
51.76  0.23
51.77  0.24
51.78  0.25
51.79  0.36
51.8  0.25
51.81  0.36
51.82  0.4
51.83  0.33
51.84  0.33
51.85  0.47
51.86  0.24
51.87  0.27
51.88  0.29
51.89  0.28
51.9  0.22
51.91  0.3
51.92  0.3
51.93  0.29
51.94  0.24
51.95  0.29
51.96  0.27
51.97  0.28
51.98  0.37
51.99  0.27
52  0.36
52.01  0.34
52.02  0.26
52.03  0.19
52.04  0.36
52.05  0.27
52.06  0.36
52.07  0.23
52.08  0.22
52.09  0.3
52.1  0.24
52.11  0.3
52.12  0.3
52.13  0.28
52.14  0.4
52.15  0.3
52.16  0.3
52.17  0.37
52.18  0.26
52.19  0.23
52.2  0.22
52.21  0.24
52.22  0.28
52.23  0.33
52.24  0.28
52.25  0.27
52.26  0.31
52.27  0.18
52.28  0.18
52.29  0.25
52.3  0.45
52.31  0.23
52.32  0.3
52.33  0.26
52.34  0.22
52.35  0.23
52.36  0.2
52.37  0.33
52.38  0.33
52.39  0.25
52.4  0.3
52.41  0.35
52.42  0.23
52.43  0.27
52.44  0.27
52.45  0.3
52.46  0.29
52.47  0.32
52.48  0.36
52.49  0.22
52.5  0.36
52.51  0.21
52.52  0.37
52.53  0.32
52.54  0.31
52.55  0.24
52.56  0.31
52.57  0.34
52.58  0.25
52.59  0.33
52.6  0.37
52.61  0.33
52.62  0.26
52.63  0.32
52.64  0.4
52.65  0.31
52.66  0.26
52.67  0.36
52.68  0.25
52.69  0.26
52.7  0.35
52.71  0.27
52.72  0.3
52.73  0.38
52.74  0.31
52.75  0.31
52.76  0.21
52.77  0.28
52.78  0.26
52.79  0.26
52.8  0.23
52.81  0.31
52.82  0.31
52.83  0.35
52.84  0.26
52.85  0.22
52.86  0.3
52.87  0.27
52.88  0.39
52.89  0.37
52.9  0.27
52.91  0.29
52.92  0.27
52.93  0.38
52.94  0.3
52.95  0.34
52.96  0.27
52.97  0.34
52.98  0.39
52.99  0.31
53  0.22
53.01  0.37
53.02  0.23
53.03  0.29
53.04  0.19
53.05  0.27
53.06  0.29
53.07  0.31
53.08  0.3
53.09  0.27
53.1  0.32
53.11  0.31
53.12  0.24
53.13  0.26
53.14  0.33
53.15  0.41
53.16  0.24
53.17  0.25
53.18  0.3
53.19  0.32
53.2  0.25
53.21  0.26
53.22  0.34
53.23  0.34
53.24  0.28
53.25  0.24
53.26  0.26
53.27  0.21
53.28  0.28
53.29  0.37
53.3  0.36
53.31  0.25
53.32  0.32
53.33  0.24
53.34  0.3
53.35  0.22
53.36  0.22
53.37  0.26
53.38  0.32
53.39  0.31
53.4  0.35
53.41  0.33
53.42  0.27
53.43  0.27
53.44  0.35
53.45  0.28
53.46  0.33
53.47  0.34
53.48  0.29
53.49  0.25
53.5  0.3
53.51  0.34
53.52  0.3
53.53  0.26
53.54  0.22
53.55  0.22
53.56  0.34
53.57  0.28
53.58  0.36
53.59  0.25
53.6  0.32
53.61  0.27
53.62  0.26
53.63  0.4
53.64  0.27
53.65  0.31
53.66  0.36
53.67  0.22
53.68  0.31
53.69  0.31
53.7  0.24
53.71  0.36
53.72  0.24
53.73  0.32
53.74  0.35
53.75  0.26
53.76  0.29
53.77  0.34
53.78  0.28
53.79  0.27
53.8  0.23
53.81  0.4
53.82  0.21
53.83  0.26
53.84  0.28
53.85  0.35
53.86  0.2
53.87  0.22
53.88  0.3
53.89  0.28
53.9  0.3
53.91  0.19
53.92  0.29
53.93  0.29
53.94  0.35
53.95  0.3
53.96  0.27
53.97  0.3
53.98  0.28
53.99  0.31
54  0.29
54.01  0.34
54.02  0.23
54.03  0.34
54.04  0.23
54.05  0.35
54.06  0.3
54.07  0.29
54.08  0.33
54.09  0.29
54.1  0.3
54.11  0.28
54.12  0.25
54.13  0.23
54.14  0.3
54.15  0.28
54.16  0.29
54.17  0.34
54.18  0.3
54.19  0.27
54.2  0.22
54.21  0.27
54.22  0.31
54.23  0.18
54.24  0.3
54.25  0.2
54.26  0.29
54.27  0.31
54.28  0.34
54.29  0.33
54.3  0.25
54.31  0.33
54.32  0.27
54.33  0.27
54.34  0.26
54.35  0.29
54.36  0.31
54.37  0.27
54.38  0.19
54.39  0.25
54.4  0.36
54.41  0.31
54.42  0.3
54.43  0.32
54.44  0.38
54.45  0.32
54.46  0.27
54.47  0.29
54.48  0.45
54.49  0.31
54.5  0.32
54.51  0.15
54.52  0.33
54.53  0.4
54.54  0.27
54.55  0.34
54.56  0.25
54.57  0.37
54.58  0.23
54.59  0.26
54.6  0.35
54.61  0.27
54.62  0.39
54.63  0.32
54.64  0.25
54.65  0.22
54.66  0.4
54.67  0.24
54.68  0.3
54.69  0.29
54.7  0.35
54.71  0.3
54.72  0.27
54.73  0.25
54.74  0.31
54.75  0.23
54.76  0.3
54.77  0.22
54.78  0.41
54.79  0.36
54.8  0.27
54.81  0.32
54.82  0.39
54.83  0.29
54.84  0.32
54.85  0.34
54.86  0.32
54.87  0.24
54.88  0.2
54.89  0.34
54.9  0.3
54.91  0.29
54.92  0.27
54.93  0.28
54.94  0.3
54.95  0.31
54.96  0.3
54.97  0.29
54.98  0.3
54.99  0.25
55  0.26
55.01  0.32
55.02  0.19
55.03  0.33
55.04  0.29
55.05  0.28
55.06  0.22
55.07  0.3
55.08  0.32
55.09  0.39
55.1  0.27
55.11  0.32
55.12  0.28
55.13  0.27
55.14  0.21
55.15  0.35
55.16  0.36
55.17  0.28
55.18  0.25
55.19  0.41
55.2  0.35
55.21  0.22
55.22  0.39
55.23  0.4
55.24  0.26
55.25  0.3
55.26  0.33
55.27  0.31
55.28  0.32
55.29  0.29
55.3  0.33
55.31  0.24
55.32  0.34
55.33  0.23
55.34  0.29
55.35  0.27
55.36  0.25
55.37  0.38
55.38  0.24
55.39  0.34
55.4  0.28
55.41  0.34
55.42  0.32
55.43  0.3
55.44  0.4
55.45  0.4
55.46  0.29
55.47  0.28
55.48  0.25
55.49  0.33
55.5  0.23
55.51  0.36
55.52  0.31
55.53  0.26
55.54  0.3
55.55  0.27
55.56  0.3
55.57  0.37
55.58  0.27
55.59  0.29
55.6  0.25
55.61  0.27
55.62  0.31
55.63  0.23
55.64  0.25
55.65  0.34
55.66  0.3
55.67  0.33
55.68  0.27
55.69  0.31
55.7  0.3
55.71  0.27
55.72  0.33
55.73  0.25
55.74  0.26
55.75  0.29
55.76  0.28
55.77  0.34
55.78  0.27
55.79  0.23
55.8  0.22
55.81  0.26
55.82  0.41
55.83  0.19
55.84  0.31
55.85  0.29
55.86  0.35
55.87  0.23
55.88  0.28
55.89  0.17
55.9  0.34
55.91  0.25
55.92  0.28
55.93  0.34
55.94  0.29
55.95  0.29
55.96  0.34
55.97  0.32
55.98  0.29
55.99  0.26
56  0.3
56.01  0.25
56.02  0.28
56.03  0.3
56.04  0.31
56.05  0.26
56.06  0.27
56.07  0.26
56.08  0.33
56.09  0.28
56.1  0.35
56.11  0.22
56.12  0.3
56.13  0.26
56.14  0.25
56.15  0.26
56.16  0.27
56.17  0.31
56.18  0.26
56.19  0.42
56.2  0.22
56.21  0.26
56.22  0.29
56.23  0.39
56.24  0.36
56.25  0.22
56.26  0.29
56.27  0.3
56.28  0.25
56.29  0.24
56.3  0.17
56.31  0.31
56.32  0.34
56.33  0.29
56.34  0.32
56.35  0.25
56.36  0.24
56.37  0.29
56.38  0.28
56.39  0.28
56.4  0.32
56.41  0.32
56.42  0.4
56.43  0.29
56.44  0.2
56.45  0.33
56.46  0.25
56.47  0.23
56.48  0.28
56.49  0.29
56.5  0.31
56.51  0.29
56.52  0.24
56.53  0.23
56.54  0.3
56.55  0.38
56.56  0.27
56.57  0.31
56.58  0.26
56.59  0.27
56.6  0.37
56.61  0.32
56.62  0.21
56.63  0.29
56.64  0.26
56.65  0.32
56.66  0.37
56.67  0.25
56.68  0.32
56.69  0.4
56.7  0.28
56.71  0.23
56.72  0.24
56.73  0.23
56.74  0.36
56.75  0.26
56.76  0.29
56.77  0.26
56.78  0.3
56.79  0.2
56.8  0.32
56.81  0.3
56.82  0.37
56.83  0.29
56.84  0.29
56.85  0.36
56.86  0.43
56.87  0.39
56.88  0.38
56.89  0.29
56.9  0.38
56.91  0.35
56.92  0.33
56.93  0.29
56.94  0.3
56.95  0.21
56.96  0.37
56.97  0.34
56.98  0.23
56.99  0.27
57  0.33
57.01  0.26
57.02  0.31
57.03  0.24
57.04  0.26
57.05  0.34
57.06  0.22
57.07  0.38
57.08  0.25
57.09  0.25
57.1  0.41
57.11  0.25
57.12  0.2
57.13  0.28
57.14  0.26
57.15  0.26
57.16  0.3
57.17  0.27
57.18  0.29
57.19  0.28
57.2  0.26
57.21  0.25
57.22  0.25
57.23  0.25
57.24  0.3
57.25  0.21
57.26  0.25
57.27  0.3
57.28  0.26
57.29  0.25
57.3  0.3
57.31  0.29
57.32  0.36
57.33  0.37
57.34  0.33
57.35  0.23
57.36  0.39
57.37  0.33
57.38  0.26
57.39  0.3
57.4  0.24
57.41  0.38
57.42  0.3
57.43  0.23
57.44  0.23
57.45  0.37
57.46  0.4
57.47  0.29
57.48  0.2
57.49  0.33
57.5  0.33
57.51  0.28
57.52  0.34
57.53  0.35
57.54  0.31
57.55  0.34
57.56  0.24
57.57  0.33
57.58  0.26
57.59  0.23
57.6  0.37
57.61  0.21
57.62  0.25
57.63  0.35
57.64  0.32
57.65  0.15
57.66  0.34
57.67  0.3
57.68  0.23
57.69  0.32
57.7  0.15
57.71  0.31
57.72  0.28
57.73  0.32
57.74  0.29
57.75  0.33
57.76  0.28
57.77  0.21
57.78  0.29
57.79  0.33
57.8  0.26
57.81  0.27
57.82  0.26
57.83  0.28
57.84  0.23
57.85  0.33
57.86  0.27
57.87  0.25
57.88  0.27
57.89  0.3
57.9  0.28
57.91  0.29
57.92  0.24
57.93  0.31
57.94  0.28
57.95  0.24
57.96  0.3
57.97  0.43
57.98  0.18
57.99  0.36
58  0.35
58.01  0.33
58.02  0.24
58.03  0.22
58.04  0.35
58.05  0.25
58.06  0.3
58.07  0.33
58.08  0.31
58.09  0.24
58.1  0.25
58.11  0.23
58.12  0.33
58.13  0.34
58.14  0.29
58.15  0.23
58.16  0.33
58.17  0.29
58.18  0.35
58.19  0.27
58.2  0.23
58.21  0.26
58.22  0.37
58.23  0.32
58.24  0.39
58.25  0.38
58.26  0.19
58.27  0.39
58.28  0.33
58.29  0.23
58.3  0.25
58.31  0.35
58.32  0.32
58.33  0.33
58.34  0.29
58.35  0.38
58.36  0.3
58.37  0.23
58.38  0.19
58.39  0.32
58.4  0.34
58.41  0.27
58.42  0.25
58.43  0.29
58.44  0.24
58.45  0.34
58.46  0.33
58.47  0.23
58.48  0.36
58.49  0.28
58.5  0.27
58.51  0.39
58.52  0.2
58.53  0.31
58.54  0.29
58.55  0.36
58.56  0.31
58.57  0.24
58.58  0.35
58.59  0.36
58.6  0.35
58.61  0.25
58.62  0.31
58.63  0.29
58.64  0.25
58.65  0.19
58.66  0.21
58.67  0.27
58.68  0.4
58.69  0.32
58.7  0.23
58.71  0.3
58.72  0.26
58.73  0.34
58.74  0.23
58.75  0.24
58.76  0.26
58.77  0.31
58.78  0.3
58.79  0.31
58.8  0.3
58.81  0.28
58.82  0.19
58.83  0.24
58.84  0.3
58.85  0.33
58.86  0.37
58.87  0.24
58.88  0.2
58.89  0.3
58.9  0.2
58.91  0.21
58.92  0.26
58.93  0.33
58.94  0.3
58.95  0.3
58.96  0.31
58.97  0.41
58.98  0.2
58.99  0.32
59  0.23
59.01  0.33
59.02  0.25
59.03  0.25
59.04  0.27
59.05  0.27
59.06  0.26
59.07  0.29
59.08  0.29
59.09  0.36
59.1  0.2
59.11  0.34
59.12  0.32
59.13  0.33
59.14  0.35
59.15  0.16
59.16  0.24
59.17  0.42
59.18  0.26
59.19  0.27
59.2  0.32
59.21  0.29
59.22  0.28
59.23  0.25
59.24  0.27
59.25  0.23
59.26  0.33
59.27  0.31
59.28  0.39
59.29  0.34
59.3  0.38
59.31  0.23
59.32  0.27
59.33  0.21
59.34  0.27
59.35  0.22
59.36  0.3
59.37  0.23
59.38  0.3
59.39  0.3
59.4  0.19
59.41  0.29
59.42  0.4
59.43  0.33
59.44  0.36
59.45  0.3
59.46  0.33
59.47  0.28
59.48  0.25
59.49  0.3
59.5  0.27
59.51  0.3
59.52  0.27
59.53  0.33
59.54  0.26
59.55  0.27
59.56  0.31
59.57  0.3
59.58  0.25
59.59  0.34
59.6  0.29
59.61  0.29
59.62  0.38
59.63  0.25
59.64  0.28
59.65  0.29
59.66  0.22
59.67  0.29
59.68  0.33
59.69  0.27
59.7  0.28
59.71  0.29
59.72  0.22
59.73  0.28
59.74  0.28
59.75  0.24
59.76  0.37
59.77  0.34
59.78  0.36
59.79  0.34
59.8  0.26
59.81  0.21
59.82  0.29
59.83  0.27
59.84  0.27
59.85  0.33
59.86  0.29
59.87  0.25
59.88  0.34
59.89  0.38
59.9  0.27
59.91  0.21
59.92  0.23
59.93  0.37
59.94  0.38
59.95  0.24
59.96  0.27
59.97  0.2
59.98  0.26
59.99  0.26
