-15  0
-14.99  0
-14.98  0.01
-14.97  0
-14.96  0.01
-14.95  0.02
-14.94  0.01
-14.93  0.01
-14.92  0.03
-14.91  0.02
-14.9  0.02
-14.89  0.02
-14.88  0.03
-14.87  0.02
-14.86  0.05
-14.85  0.02
-14.84  0.03
-14.83  0.04
-14.82  0.02
-14.81  0.04
-14.8  0.05
-14.79  0.04
-14.78  0.04
-14.77  0.04
-14.76  0.05
-14.75  0.04
-14.74  0.04
-14.73  0.05
-14.72  0.06
-14.71  0.04
-14.7  0.04
-14.69  0.07
-14.68  0.05
-14.67  0.03
-14.66  0.07
-14.65  0.05
-14.64  0.06
-14.63  0.07
-14.62  0.04
-14.61  0.06
-14.6  0.06
-14.59  0.05
-14.58  0.06
-14.57  0.06
-14.56  0.08
-14.55  0.06
-14.54  0.05
-14.53  0.06
-14.52  0.07
-14.51  0.07
-14.5  0.06
-14.49  0.08
-14.48  0.06
-14.47  0.07
-14.46  0.06
-14.45  0.06
-14.44  0.09
-14.43  0.06
-14.42  0.05
-14.41  0.09
-14.4  0.06
-14.39  0.08
-14.38  0.07
-14.37  0.08
-14.36  0.06
-14.35  0.07
-14.34  0.08
-14.33  0.07
-14.32  0.07
-14.31  0.08
-14.3  0.07
-14.29  0.09
-14.28  0.07
-14.27  0.07
-14.26  0.08
-14.25  0.09
-14.24  0.07
-14.23  0.08
-14.22  0.07
-14.21  0.05
-14.2  0.09
-14.19  0.07
-14.18  0.11
-14.17  0.07
-14.16  0.09
-14.15  0.08
-14.14  0.05
-14.13  0.09
-14.12  0.08
-14.11  0.09
-14.1  0.07
-14.09  0.07
-14.08  0.09
-14.07  0.08
-14.06  0.1
-14.05  0.07
-14.04  0.09
-14.03  0.07
-14.02  0.08
-14.01  0.09
-14  0.08
-13.99  0.06
-13.98  0.08
-13.97  0.11
-13.96  0.07
-13.95  0.08
-13.94  0.1
-13.93  0.09
-13.92  0.08
-13.91  0.07
-13.9  0.07
-13.89  0.09
-13.88  0.09
-13.87  0.08
-13.86  0.08
-13.85  0.08
-13.84  0.1
-13.83  0.1
-13.82  0.08
-13.81  0.08
-13.8  0.09
-13.79  0.09
-13.78  0.06
-13.77  0.1
-13.76  0.08
-13.75  0.07
-13.74  0.1
-13.73  0.08
-13.72  0.07
-13.71  0.1
-13.7  0.07
-13.69  0.12
-13.68  0.09
-13.67  0.07
-13.66  0.09
-13.65  0.08
-13.64  0.08
-13.63  0.09
-13.62  0.06
-13.61  0.1
-13.6  0.1
-13.59  0.1
-13.58  0.09
-13.57  0.08
-13.56  0.09
-13.55  0.07
-13.54  0.09
-13.53  0.1
-13.52  0.06
-13.51  0.08
-13.5  0.09
-13.49  0.1
-13.48  0.1
-13.47  0.07
-13.46  0.08
-13.45  0.08
-13.44  0.11
-13.43  0.08
-13.42  0.11
-13.41  0.06
-13.4  0.1
-13.39  0.08
-13.38  0.09
-13.37  0.09
-13.36  0.08
-13.35  0.09
-13.34  0.09
-13.33  0.07
-13.32  0.07
-13.31  0.14
-13.3  0.08
-13.29  0.09
-13.28  0.07
-13.27  0.11
-13.26  0.06
-13.25  0.1
-13.24  0.08
-13.23  0.08
-13.22  0.09
-13.21  0.08
-13.2  0.11
-13.19  0.09
-13.18  0.08
-13.17  0.07
-13.16  0.08
-13.15  0.11
-13.14  0.12
-13.13  0.08
-13.12  0.06
-13.11  0.08
-13.1  0.09
-13.09  0.07
-13.08  0.09
-13.07  0.1
-13.06  0.08
-13.05  0.1
-13.04  0.1
-13.03  0.07
-13.02  0.09
-13.01  0.09
-13  0.12
-12.99  0.08
-12.98  0.05
-12.97  0.11
-12.96  0.11
-12.95  0.07
-12.94  0.08
-12.93  0.09
-12.92  0.06
-12.91  0.11
-12.9  0.09
-12.89  0.09
-12.88  0.07
-12.87  0.09
-12.86  0.11
-12.85  0.09
-12.84  0.09
-12.83  0.07
-12.82  0.09
-12.81  0.09
-12.8  0.07
-12.79  0.12
-12.78  0.08
-12.77  0.06
-12.76  0.1
-12.75  0.07
-12.74  0.1
-12.73  0.11
-12.72  0.09
-12.71  0.08
-12.7  0.09
-12.69  0.09
-12.68  0.09
-12.67  0.1
-12.66  0.09
-12.65  0.08
-12.64  0.05
-12.63  0.09
-12.62  0.1
-12.61  0.07
-12.6  0.12
-12.59  0.08
-12.58  0.08
-12.57  0.09
-12.56  0.11
-12.55  0.08
-12.54  0.11
-12.53  0.07
-12.52  0.08
-12.51  0.08
-12.5  0.08
-12.49  0.1
-12.48  0.11
-12.47  0.06
-12.46  0.09
-12.45  0.09
-12.44  0.08
-12.43  0.08
-12.42  0.12
-12.41  0.09
-12.4  0.07
-12.39  0.1
-12.38  0.07
-12.37  0.1
-12.36  0.08
-12.35  0.1
-12.34  0.07
-12.33  0.12
-12.32  0.07
-12.31  0.09
-12.3  0.09
-12.29  0.06
-12.28  0.1
-12.27  0.07
-12.26  0.11
-12.25  0.13
-12.24  0.05
-12.23  0.09
-12.22  0.1
-12.21  0.07
-12.2  0.09
-12.19  0.07
-12.18  0.11
-12.17  0.1
-12.16  0.08
-12.15  0.08
-12.14  0.09
-12.13  0.07
-12.12  0.09
-12.11  0.1
-12.1  0.06
-12.09  0.11
-12.08  0.1
-12.07  0.07
-12.06  0.12
-12.05  0.09
-12.04  0.09
-12.03  0.08
-12.02  0.08
-12.01  0.09
-12  0.08
-11.99  0.09
-11.98  0.09
-11.97  0.05
-11.96  0.12
-11.95  0.07
-11.94  0.09
-11.93  0.12
-11.92  0.09
-11.91  0.09
-11.9  0.09
-11.89  0.08
-11.88  0.09
-11.87  0.08
-11.86  0.08
-11.85  0.06
-11.84  0.14
-11.83  0.07
-11.82  0.08
-11.81  0.1
-11.8  0.08
-11.79  0.09
-11.78  0.07
-11.77  0.1
-11.76  0.09
-11.75  0.08
-11.74  0.1
-11.73  0.11
-11.72  0.08
-11.71  0.08
-11.7  0.07
-11.69  0.09
-11.68  0.1
-11.67  0.09
-11.66  0.08
-11.65  0.1
-11.64  0.08
-11.63  0.07
-11.62  0.1
-11.61  0.08
-11.6  0.09
-11.59  0.12
-11.58  0.07
-11.57  0.05
-11.56  0.12
-11.55  0.07
-11.54  0.1
-11.53  0.13
-11.52  0.06
-11.51  0.1
-11.5  0.08
-11.49  0.08
-11.48  0.07
-11.47  0.1
-11.46  0.09
-11.45  0.09
-11.44  0.09
-11.43  0.06
-11.42  0.12
-11.41  0.08
-11.4  0.11
-11.39  0.05
-11.38  0.09
-11.37  0.1
-11.36  0.12
-11.35  0.08
-11.34  0.08
-11.33  0.09
-11.32  0.07
-11.31  0.08
-11.3  0.1
-11.29  0.09
-11.28  0.08
-11.27  0.07
-11.26  0.09
-11.25  0.11
-11.24  0.1
-11.23  0.06
-11.22  0.11
-11.21  0.09
-11.2  0.06
-11.19  0.11
-11.18  0.12
-11.17  0.09
-11.16  0.06
-11.15  0.09
-11.14  0.07
-11.13  0.12
-11.12  0.06
-11.11  0.09
-11.1  0.09
-11.09  0.06
-11.08  0.09
-11.07  0.1
-11.06  0.11
-11.05  0.09
-11.04  0.08
-11.03  0.08
-11.02  0.08
-11.01  0.11
-11  0.09
-10.99  0.06
-10.98  0.1
-10.97  0.08
-10.96  0.1
-10.95  0.11
-10.94  0.08
-10.93  0.08
-10.92  0.05
-10.91  0.12
-10.9  0.1
-10.89  0.09
-10.88  0.07
-10.87  0.09
-10.86  0.07
-10.85  0.1
-10.84  0.09
-10.83  0.09
-10.82  0.07
-10.81  0.13
-10.8  0.1
-10.79  0.06
-10.78  0.11
-10.77  0.08
-10.76  0.06
-10.75  0.08
-10.74  0.07
-10.73  0.13
-10.72  0.07
-10.71  0.09
-10.7  0.08
-10.69  0.08
-10.68  0.12
-10.67  0.07
-10.66  0.1
-10.65  0.11
-10.64  0.06
-10.63  0.11
-10.62  0.08
-10.61  0.09
-10.6  0.07
-10.59  0.09
-10.58  0.1
-10.57  0.09
-10.56  0.09
-10.55  0.07
-10.54  0.1
-10.53  0.07
-10.52  0.1
-10.51  0.05
-10.5  0.11
-10.49  0.07
-10.48  0.11
-10.47  0.13
-10.46  0.06
-10.45  0.1
-10.44  0.08
-10.43  0.11
-10.42  0.08
-10.41  0.08
-10.4  0.08
-10.39  0.07
-10.38  0.09
-10.37  0.09
-10.36  0.08
-10.35  0.09
-10.34  0.09
-10.33  0.12
-10.32  0.08
-10.31  0.08
-10.3  0.08
-10.29  0.09
-10.28  0.05
-10.27  0.11
-10.26  0.11
-10.25  0.1
-10.24  0.1
-10.23  0.07
-10.22  0.09
-10.21  0.08
-10.2  0.08
-10.19  0.09
-10.18  0.12
-10.17  0.08
-10.16  0.07
-10.15  0.09
-10.14  0.08
-10.13  0.08
-10.12  0.08
-10.11  0.08
-10.1  0.13
-10.09  0.06
-10.08  0.13
-10.07  0.05
-10.06  0.09
-10.05  0.08
-10.04  0.14
-10.03  0.07
-10.02  0.1
-10.01  0.08
-10  0.08
-9.99  0.07
-9.98  0.09
-9.97  0.1
-9.96  0.09
-9.95  0.07
-9.94  0.12
-9.93  0.06
-9.92  0.09
-9.91  0.08
-9.9  0.06
-9.89  0.1
-9.88  0.09
-9.87  0.1
-9.86  0.12
-9.85  0.07
-9.84  0.12
-9.83  0.07
-9.82  0.08
-9.81  0.08
-9.8  0.09
-9.79  0.08
-9.78  0.09
-9.77  0.1
-9.76  0.07
-9.75  0.11
-9.74  0.07
-9.73  0.08
-9.72  0.06
-9.71  0.08
-9.7  0.14
-9.69  0.1
-9.68  0.08
-9.67  0.08
-9.66  0.11
-9.65  0.07
-9.64  0.08
-9.63  0.1
-9.62  0.08
-9.61  0.08
-9.6  0.08
-9.59  0.09
-9.58  0.09
-9.57  0.11
-9.56  0.1
-9.55  0.07
-9.54  0.1
-9.53  0.08
-9.52  0.08
-9.51  0.09
-9.5  0.06
-9.49  0.09
-9.48  0.11
-9.47  0.03
-9.46  0.11
-9.45  0.15
-9.44  0.09
-9.43  0.09
-9.42  0.07
-9.41  0.09
-9.4  0.09
-9.39  0.06
-9.38  0.1
-9.37  0.08
-9.36  0.09
-9.35  0.1
-9.34  0.07
-9.33  0.09
-9.32  0.09
-9.31  0.1
-9.3  0.09
-9.29  0.09
-9.28  0.09
-9.27  0.08
-9.26  0.07
-9.25  0.08
-9.24  0.09
-9.23  0.13
-9.22  0.1
-9.21  0.05
-9.2  0.11
-9.19  0.07
-9.18  0.1
-9.17  0.09
-9.16  0.08
-9.15  0.1
-9.14  0.07
-9.13  0.05
-9.12  0.15
-9.11  0.07
-9.1  0.06
-9.09  0.1
-9.08  0.04
-9.07  0.09
-9.06  0.15
-9.05  0.1
-9.04  0.11
-9.03  0.05
-9.02  0.08
-9.01  0.16
-9  0.05
-8.99  0.06
-8.98  0.1
-8.97  0.07
-8.96  0.11
-8.95  0.06
-8.94  0.09
-8.93  0.08
-8.92  0.1
-8.91  0.08
-8.9  0.11
-8.89  0.09
-8.88  0.07
-8.87  0.1
-8.86  0.07
-8.85  0.11
-8.84  0.06
-8.83  0.12
-8.82  0.08
-8.81  0.09
-8.8  0.09
-8.79  0.08
-8.78  0.07
-8.77  0.14
-8.76  0.07
-8.75  0.03
-8.74  0.16
-8.73  0.08
-8.72  0.06
-8.71  0.09
-8.7  0.09
-8.69  0.05
-8.68  0.14
-8.67  0.08
-8.66  0.09
-8.65  0.06
-8.64  0.12
-8.63  0.1
-8.62  0.06
-8.61  0.07
-8.6  0.07
-8.59  0.16
-8.58  0.05
-8.57  0.1
-8.56  0.09
-8.55  0.1
-8.54  0.04
-8.53  0.13
-8.52  0.09
-8.51  0.09
-8.5  0.09
-8.49  0.11
-8.48  0.07
-8.47  0.03
-8.46  0.06
-8.45  0.1
-8.44  0.12
-8.43  0.11
-8.42  0.08
-8.41  0.11
-8.4  0.06
-8.39  0.07
-8.38  0.12
-8.37  0.08
-8.36  0.1
-8.35  0.11
-8.34  0.08
-8.33  0.07
-8.32  0.12
-8.31  0.07
-8.3  0.09
-8.29  0.06
-8.28  0.09
-8.27  0.06
-8.26  0.09
-8.25  0.12
-8.24  0.07
-8.23  0.09
-8.22  0.1
-8.21  0.1
-8.2  0.09
-8.19  0.1
-8.18  0.08
-8.17  0.06
-8.16  0.08
-8.15  0.12
-8.14  0.08
-8.13  0.1
-8.12  0.05
-8.11  0.11
-8.1  0.1
-8.09  0.09
-8.08  0.1
-8.07  0.07
-8.06  0.11
-8.05  0.07
-8.04  0.05
-8.03  0.1
-8.02  0.11
-8.01  0.06
-8  0.11
-7.99  0.08
-7.98  0.07
-7.97  0.1
-7.96  0.1
-7.95  0.12
-7.94  0.06
-7.93  0.09
-7.92  0.11
-7.91  0.06
-7.9  0.09
-7.89  0.12
-7.88  0.09
-7.87  0.05
-7.86  0.09
-7.85  0.07
-7.84  0.09
-7.83  0.08
-7.82  0.12
-7.81  0.07
-7.8  0.12
-7.79  0.08
-7.78  0.1
-7.77  0.05
-7.76  0.11
-7.75  0.09
-7.74  0.06
-7.73  0.09
-7.72  0.06
-7.71  0.09
-7.7  0.13
-7.69  0.09
-7.68  0.1
-7.67  0.07
-7.66  0.14
-7.65  0.06
-7.64  0.11
-7.63  0.07
-7.62  0.11
-7.61  0.05
-7.6  0.08
-7.59  0.07
-7.58  0.07
-7.57  0.09
-7.56  0.1
-7.55  0.09
-7.54  0.08
-7.53  0.1
-7.52  0.1
-7.51  0.13
-7.5  0.07
-7.49  0.06
-7.48  0.07
-7.47  0.13
-7.46  0.1
-7.45  0.09
-7.44  0.06
-7.43  0.1
-7.42  0.09
-7.41  0.07
-7.4  0.08
-7.39  0.09
-7.38  0.08
-7.37  0.08
-7.36  0.1
-7.35  0.1
-7.34  0.07
-7.33  0.1
-7.32  0.11
-7.31  0.07
-7.3  0.07
-7.29  0.09
-7.28  0.1
-7.27  0.07
-7.26  0.12
-7.25  0.07
-7.24  0.09
-7.23  0.13
-7.22  0.08
-7.21  0.09
-7.2  0.06
-7.19  0.07
-7.18  0.15
-7.17  0.04
-7.16  0.09
-7.15  0.09
-7.14  0.07
-7.13  0.05
-7.12  0.11
-7.11  0.12
-7.1  0.1
-7.09  0.07
-7.08  0.08
-7.07  0.11
-7.06  0.07
-7.05  0.13
-7.04  0.05
-7.03  0.08
-7.02  0.07
-7.01  0.14
-7  0.07
-6.99  0.11
-6.98  0.08
-6.97  0.08
-6.96  0.08
-6.95  0.1
-6.94  0.07
-6.93  0.09
-6.92  0.09
-6.91  0.11
-6.9  0.06
-6.89  0.09
-6.88  0.09
-6.87  0.08
-6.86  0.09
-6.85  0.07
-6.84  0.12
-6.83  0.07
-6.82  0.08
-6.81  0.09
-6.8  0.08
-6.79  0.1
-6.78  0.1
-6.77  0.11
-6.76  0.12
-6.75  0.07
-6.74  0.1
-6.73  0.07
-6.72  0.05
-6.71  0.07
-6.7  0.08
-6.69  0.12
-6.68  0.09
-6.67  0.11
-6.66  0.09
-6.65  0.05
-6.64  0.1
-6.63  0.1
-6.62  0.09
-6.61  0.07
-6.6  0.08
-6.59  0.08
-6.58  0.08
-6.57  0.11
-6.56  0.1
-6.55  0.1
-6.54  0.07
-6.53  0.11
-6.52  0.11
-6.51  0.06
-6.5  0.11
-6.49  0.07
-6.48  0.09
-6.47  0.08
-6.46  0.08
-6.45  0.05
-6.44  0.11
-6.43  0.11
-6.42  0.08
-6.41  0.09
-6.4  0.09
-6.39  0.06
-6.38  0.07
-6.37  0.14
-6.36  0.08
-6.35  0.09
-6.34  0.07
-6.33  0.09
-6.32  0.07
-6.31  0.14
-6.3  0.06
-6.29  0.15
-6.28  0.06
-6.27  0.09
-6.26  0.06
-6.25  0.09
-6.24  0.06
-6.23  0.09
-6.22  0.06
-6.21  0.12
-6.2  0.07
-6.19  0.13
-6.18  0.13
-6.17  0.07
-6.16  0.1
-6.15  0.06
-6.14  0.11
-6.13  0.05
-6.12  0.07
-6.11  0.05
-6.1  0.13
-6.09  0.1
-6.08  0.08
-6.07  0.07
-6.06  0.1
-6.05  0.14
-6.04  0.07
-6.03  0.06
-6.02  0.11
-6.01  0.1
-6  0.09
-5.99  0.08
-5.98  0.1
-5.97  0.08
-5.96  0.07
-5.95  0.08
-5.94  0.06
-5.93  0.1
-5.92  0.1
-5.91  0.1
-5.9  0.04
-5.89  0.13
-5.88  0.08
-5.87  0.09
-5.86  0.09
-5.85  0.1
-5.84  0.06
-5.83  0.12
-5.82  0.05
-5.81  0.13
-5.8  0.11
-5.79  0.09
-5.78  0.03
-5.77  0.1
-5.76  0.1
-5.75  0.11
-5.74  0.08
-5.73  0.08
-5.72  0.08
-5.71  0.08
-5.7  0.06
-5.69  0.12
-5.68  0.12
-5.67  0.08
-5.66  0.07
-5.65  0.08
-5.64  0.07
-5.63  0.07
-5.62  0.09
-5.61  0.13
-5.6  0.07
-5.59  0.09
-5.58  0.08
-5.57  0.13
-5.56  0.09
-5.55  0.08
-5.54  0.11
-5.53  0.08
-5.52  0.07
-5.51  0.07
-5.5  0.11
-5.49  0.05
-5.48  0.11
-5.47  0.07
-5.46  0.08
-5.45  0.12
-5.44  0.08
-5.43  0.09
-5.42  0.09
-5.41  0.06
-5.4  0.1
-5.39  0.13
-5.38  0.07
-5.37  0.07
-5.36  0.09
-5.35  0.06
-5.34  0.09
-5.33  0.12
-5.32  0.1
-5.31  0.11
-5.3  0.05
-5.29  0.11
-5.28  0.07
-5.27  0.1
-5.26  0.07
-5.25  0.07
-5.24  0.09
-5.23  0.12
-5.22  0.1
-5.21  0.06
-5.2  0.09
-5.19  0.09
-5.18  0.1
-5.17  0.07
-5.16  0.07
-5.15  0.12
-5.14  0.08
-5.13  0.1
-5.12  0.05
-5.11  0.09
-5.1  0.09
-5.09  0.11
-5.08  0.09
-5.07  0.1
-5.06  0.07
-5.05  0.13
-5.04  0.09
-5.03  0.06
-5.02  0.05
-5.01  0.12
-5  0.07
-4.99  0.11
-4.98  0.08
-4.97  0.12
-4.96  0.07
-4.95  0.08
-4.94  0.06
-4.93  0.1
-4.92  0.09
-4.91  0.08
-4.9  0.1
-4.89  0.1
-4.88  0.06
-4.87  0.12
-4.86  0.07
-4.85  0.08
-4.84  0.09
-4.83  0.11
-4.82  0.07
-4.81  0.07
-4.8  0.12
-4.79  0.11
-4.78  0.08
-4.77  0.08
-4.76  0.09
-4.75  0.09
-4.74  0.11
-4.73  0.05
-4.72  0.09
-4.71  0.06
-4.7  0.09
-4.69  0.09
-4.68  0.11
-4.67  0.08
-4.66  0.11
-4.65  0.07
-4.64  0.07
-4.63  0.07
-4.62  0.07
-4.61  0.16
-4.6  0.08
-4.59  0.08
-4.58  0.08
-4.57  0.1
-4.56  0.1
-4.55  0.11
-4.54  0.06
-4.53  0.09
-4.52  0.1
-4.51  0.06
-4.5  0.1
-4.49  0.1
-4.48  0.04
-4.47  0.1
-4.46  0.11
-4.45  0.07
-4.44  0.09
-4.43  0.09
-4.42  0.11
-4.41  0.08
-4.4  0.09
-4.39  0.04
-4.38  0.11
-4.37  0.09
-4.36  0.12
-4.35  0.05
-4.34  0.08
-4.33  0.13
-4.32  0.05
-4.31  0.12
-4.3  0.1
-4.29  0.09
-4.28  0.07
-4.27  0.07
-4.26  0.14
-4.25  0.06
-4.24  0.1
-4.23  0.09
-4.22  0.08
-4.21  0.09
-4.2  0.05
-4.19  0.1
-4.18  0.1
-4.17  0.07
-4.16  0.1
-4.15  0.08
-4.14  0.1
-4.13  0.06
-4.12  0.09
-4.11  0.04
-4.1  0.15
-4.09  0.1
-4.08  0.14
-4.07  0.05
-4.06  0.07
-4.05  0.13
-4.04  0.06
-4.03  0.07
-4.02  0.13
-4.01  0.04
-4  0.08
-3.99  0.11
-3.98  0.06
-3.97  0.14
-3.96  0.07
-3.95  0.11
-3.94  0.08
-3.93  0.08
-3.92  0.08
-3.91  0.1
-3.9  0.06
-3.89  0.06
-3.88  0.12
-3.87  0.08
-3.86  0.07
-3.85  0.07
-3.84  0.12
-3.83  0.11
-3.82  0.08
-3.81  0.09
-3.8  0.12
-3.79  0.04
-3.78  0.09
-3.77  0.13
-3.76  0.1
-3.75  0.11
-3.74  0.04
-3.73  0.08
-3.72  0.1
-3.71  0.05
-3.7  0.11
-3.69  0.06
-3.68  0.13
-3.67  0.08
-3.66  0.09
-3.65  0.05
-3.64  0.08
-3.63  0.11
-3.62  0.06
-3.61  0.11
-3.6  0.11
-3.59  0.07
-3.58  0.08
-3.57  0.13
-3.56  0.08
-3.55  0.1
-3.54  0.07
-3.53  0.08
-3.52  0.11
-3.51  0.08
-3.5  0.12
-3.49  0.08
-3.48  0.09
-3.47  0.04
-3.46  0.07
-3.45  0.12
-3.44  0.08
-3.43  0.1
-3.42  0.08
-3.41  0.06
-3.4  0.11
-3.39  0.11
-3.38  0.09
-3.37  0.06
-3.36  0.1
-3.35  0.09
-3.34  0.06
-3.33  0.09
-3.32  0.08
-3.31  0.09
-3.3  0.14
-3.29  0.08
-3.28  0.09
-3.27  0.07
-3.26  0.09
-3.25  0.12
-3.24  0.05
-3.23  0.1
-3.22  0.1
-3.21  0.04
-3.2  0.11
-3.19  0.12
-3.18  0.14
-3.17  0.05
-3.16  0.05
-3.15  0.09
-3.14  0.09
-3.13  0.08
-3.12  0.08
-3.11  0.07
-3.1  0.11
-3.09  0.06
-3.08  0.11
-3.07  0.09
-3.06  0.08
-3.05  0.13
-3.04  0.12
-3.03  0.02
-3.02  0.07
-3.01  0.11
-3  0.09
-2.99  0.06
-2.98  0.1
-2.97  0.13
-2.96  0.11
-2.95  0.06
-2.94  0.07
-2.93  0.12
-2.92  0.1
-2.91  0.08
-2.9  0.09
-2.89  0.05
-2.88  0.05
-2.87  0.12
-2.86  0.11
-2.85  0.13
-2.84  0.04
-2.83  0.04
-2.82  0.11
-2.81  0.1
-2.8  0.08
-2.79  0.08
-2.78  0.08
-2.77  0.11
-2.76  0.06
-2.75  0.12
-2.74  0.09
-2.73  0.12
-2.72  0.07
-2.71  0.06
-2.7  0.12
-2.69  0.09
-2.68  0.1
-2.67  0.08
-2.66  0.09
-2.65  0.09
-2.64  0.06
-2.63  0.13
-2.62  0.06
-2.61  0.07
-2.6  0.1
-2.59  0.06
-2.58  0.11
-2.57  0.06
-2.56  0.12
-2.55  0.09
-2.54  0.04
-2.53  0.1
-2.52  0.12
-2.51  0.1
-2.5  0.08
-2.49  0.08
-2.48  0.08
-2.47  0.09
-2.46  0.08
-2.45  0.1
-2.44  0.1
-2.43  0.09
-2.42  0.05
-2.41  0.15
-2.4  0.09
-2.39  0.06
-2.38  0.1
-2.37  0.08
-2.36  0.09
-2.35  0.02
-2.34  0.12
-2.33  0.13
-2.32  0.08
-2.31  0.07
-2.3  0.06
-2.29  0.12
-2.28  0.09
-2.27  0.11
-2.26  0.09
-2.25  0.09
-2.24  0.05
-2.23  0.1
-2.22  0.09
-2.21  0.07
-2.2  0.07
-2.19  0.1
-2.18  0.15
-2.17  0.04
-2.16  0.11
-2.15  0.08
-2.14  0.09
-2.13  0.08
-2.12  0.13
-2.11  0.06
-2.1  0.07
-2.09  0.08
-2.08  0.1
-2.07  0.09
-2.06  0.09
-2.05  0.13
-2.04  0.06
-2.03  0.1
-2.02  0.08
-2.01  0.03
-2  0.11
-1.99  0.1
-1.98  0.07
-1.97  0.12
-1.96  0.07
-1.95  0.08
-1.94  0.1
-1.93  0.07
-1.92  0.08
-1.91  0.06
-1.9  0.11
-1.89  0.17
-1.88  0.09
-1.87  0.06
-1.86  0.1
-1.85  0.1
-1.84  0.08
-1.83  0.07
-1.82  0.06
-1.81  0.13
-1.8  0.05
-1.79  0.04
-1.78  0.12
-1.77  0.13
-1.76  0.04
-1.75  0.09
-1.74  0.08
-1.73  0.11
-1.72  0.11
-1.71  0.07
-1.7  0.09
-1.69  0.07
-1.68  0.09
-1.67  0.09
-1.66  0.1
-1.65  0.07
-1.64  0.1
-1.63  0.1
-1.62  0.11
-1.61  0.1
-1.6  0.1
-1.59  0.05
-1.58  0.1
-1.57  0.08
-1.56  0.03
-1.55  0.13
-1.54  0.1
-1.53  0.09
-1.52  0.09
-1.51  0.07
-1.5  0.08
-1.49  0.11
-1.48  0.08
-1.47  0.1
-1.46  0.05
-1.45  0.14
-1.44  0.07
-1.43  0.07
-1.42  0.08
-1.41  0.1
-1.4  0.06
-1.39  0.13
-1.38  0.06
-1.37  0.09
-1.36  0.09
-1.35  0.1
-1.34  0.07
-1.33  0.1
-1.32  0.07
-1.31  0.12
-1.3  0.15
-1.29  0.08
-1.28  0.09
-1.27  0.05
-1.26  0.07
-1.25  0.1
-1.24  0.06
-1.23  0.09
-1.22  0.05
-1.21  0.08
-1.2  0.11
-1.19  0.08
-1.18  0.08
-1.17  0.11
-1.16  0.14
-1.15  0.12
-1.14  0.06
-1.13  0.06
-1.12  0.09
-1.11  0.05
-1.1  0.08
-1.09  0.13
-1.08  0.08
-1.07  0.09
-1.06  0.1
-1.05  0.08
-1.04  0.1
-1.03  0.12
-1.02  0.08
-1.01  0.09
-1  0.04
-0.99  0.07
-0.98  0.09
-0.97  0.14
-0.96  0.09
-0.95  0.09
-0.94  0.06
-0.93  0.1
-0.92  0.12
-0.91  0.06
-0.9  0.08
-0.89  0.07
-0.88  0.09
-0.87  0.07
-0.86  0.06
-0.85  0.13
-0.84  0.06
-0.83  0.09
-0.82  0.09
-0.81  0.13
-0.8  0.05
-0.79  0.11
-0.78  0.12
-0.77  0.05
-0.76  0.1
-0.75  0.11
-0.74  0.1
-0.73  0.1
-0.72  0.08
-0.71  0.08
-0.7  0.08
-0.69  0.06
-0.68  0.09
-0.67  0.1
-0.66  0.08
-0.65  0.12
-0.64  0.03
-0.63  0.07
-0.62  0.12
-0.61  0.11
-0.6  0.07
-0.59  0.1
-0.58  0.04
-0.57  0.12
-0.56  0.11
-0.55  0.07
-0.54  0.11
-0.53  0.07
-0.52  0.08
-0.51  0.12
-0.5  0.04
-0.49  0.11
-0.48  0.12
-0.47  0.11
-0.46  0.08
-0.45  0.09
-0.44  0.05
-0.43  0.06
-0.42  0.12
-0.41  0.08
-0.4  0.09
-0.39  0.11
-0.38  0.07
-0.37  0.11
-0.36  0.06
-0.35  0.03
-0.34  0.14
-0.33  0.15
-0.32  0.04
-0.31  0.05
-0.3  0.12
-0.29  0.06
-0.28  0.12
-0.27  0.1
-0.26  0.08
-0.25  0.07
-0.24  0.1
-0.23  0.09
-0.22  0.11
-0.21  0.04
-0.2  0.08
-0.19  0.11
-0.18  0.16
-0.17  0.08
-0.16  0.07
-0.15  0.05
-0.14  0.09
-0.13  0.08
-0.12  0.05
-0.11  0.12
-0.1  0.14
-0.09  0.02
-0.08  0.05
-0.07  0.14
-0.06  0.12
-0.05  0.06
-0.04  0.13
-0.03  0.06
-0.02  0.1
-0.01  0.08
-2.16197e-11  0.06
0.0001  0
0.0101  0.09
0.0201  0.08
0.0301  0.14
0.0401  0.05
0.0501  0.05
0.0601  0.14
0.0701  0.07
0.0801  0.11
0.0901  0.04
0.1001  0.13
0.1101  0.16
0.1201  0.04
0.1301  0.1
0.1401  0.11
0.1501  0.06
0.1601  0.07
0.1701  0.12
0.1801  0.1
0.1901  0.07
0.2001  0.05
0.2101  0.1
0.2201  0.1
0.2301  0.11
0.2401  0.08
0.2501  0.14
0.2601  0.04
0.2701  0.07
0.2801  0.13
0.2901  0.1
0.3001  0.04
0.3101  0.09
0.3201  0.1
0.3301  0.15
0.3401  0.1
0.3501  0.05
0.3601  0.11
0.3701  0.11
0.3801  0.09
0.3901  0.11
0.4001  0.1
0.4101  0.08
0.4201  0.11
0.4301  0.11
0.4401  0.09
0.4501  0.05
0.4601  0.14
0.4701  0.1
0.4801  0.09
0.4901  0.08
0.5001  0.13
0.5101  0.11
0.5201  0.1
0.5301  0.12
0.5401  0.08
0.5501  0.08
0.5601  0.1
0.5701  0.09
0.5801  0.13
0.5901  0.05
0.6001  0.12
0.6101  0.09
0.6201  0.14
0.6301  0.11
0.6401  0.12
0.6501  0.09
0.6601  0.1
0.6701  0.11
0.6801  0.1
0.6901  0.11
0.7001  0.17
0.7101  0.08
0.7201  0.11
0.7301  0.09
0.7401  0.09
0.7501  0.15
0.7601  0.06
0.7701  0.09
0.7801  0.05
0.7901  0.13
0.8001  0.1
0.8101  0.16
0.8201  0.1
0.8301  0.14
0.8401  0.09
0.8501  0.12
0.8601  0.09
0.8701  0.14
0.8801  0.13
0.8901  0.11
0.9001  0.07
0.9101  0.08
0.9201  0.15
0.9301  0.09
0.9401  0.1
0.9501  0.1
0.9601  0.15
0.9701  0.15
0.9801  0.1
0.9901  0.1
1.0001  0.09
1.0101  0.12
1.0201  0.1
1.0301  0.09
1.0401  0.14
1.0501  0.11
1.0601  0.16
1.0701  0.13
1.0801  0.14
1.0901  0.09
1.1001  0.12
1.1101  0.11
1.1201  0.08
1.1301  0.12
1.1401  0.05
1.1501  0.18
1.1601  0.09
1.1701  0.12
1.1801  0.1
1.1901  0.11
1.2001  0.13
1.2101  0.13
1.2201  0.13
1.2301  0.09
1.2401  0.16
1.2501  0.11
1.2601  0.14
1.2701  0.13
1.2801  0.15
1.2901  0.1
1.3001  0.13
1.3101  0.08
1.3201  0.09
1.3301  0.14
1.3401  0.11
1.3501  0.1
1.3601  0.18
1.3701  0.07
1.3801  0.15
1.3901  0.13
1.4001  0.09
1.4101  0.16
1.4201  0.08
1.4301  0.18
1.4401  0.05
1.4501  0.15
1.4601  0.14
1.4701  0.09
1.4801  0.12
1.4901  0.11
1.5001  0.14
1.5101  0.12
1.5201  0.11
1.5301  0.17
1.5401  0.13
1.5501  0.09
1.5601  0.13
1.5701  0.16
1.5801  0.16
1.5901  0.05
1.6001  0.12
1.6101  0.13
1.6201  0.17
1.6301  0.11
1.6401  0.13
1.6501  0.11
1.6601  0.1
1.6701  0.16
1.6801  0.15
1.6901  0.06
1.7001  0.15
1.7101  0.12
1.7201  0.1
1.7301  0.18
1.7401  0.09
1.7501  0.12
1.7601  0.13
1.7701  0.13
1.7801  0.11
1.7901  0.14
1.8001  0.16
1.8101  0.15
1.8201  0.13
1.8301  0.1
1.8401  0.13
1.8501  0.11
1.8601  0.16
1.8701  0.12
1.8801  0.16
1.8901  0.12
1.9001  0.12
1.9101  0.12
1.9201  0.1
1.9301  0.15
1.9401  0.14
1.9501  0.1
1.9601  0.16
1.9701  0.1
1.9801  0.16
1.9901  0.11
2.0001  0.17
2.0101  0.1
2.0201  0.13
2.0301  0.17
2.0401  0.1
2.0501  0.1
2.0601  0.1
2.0701  0.19
2.0801  0.1
2.0901  0.17
2.1001  0.15
2.1101  0.12
2.1201  0.14
2.1301  0.07
2.1401  0.13
2.1501  0.18
2.1601  0.1
2.1701  0.16
2.1801  0.14
2.1901  0.17
2.2001  0.14
2.2101  0.12
2.2201  0.1
2.2301  0.11
2.2401  0.1
2.2501  0.19
2.2601  0.14
2.2701  0.15
2.2801  0.14
2.2901  0.11
2.3001  0.13
2.3101  0.13
2.3201  0.12
2.3301  0.13
2.3401  0.16
2.3501  0.13
2.3601  0.1
2.3701  0.16
2.3801  0.12
2.3901  0.15
2.4001  0.16
2.4101  0.15
2.4201  0.14
2.4301  0.11
2.4401  0.14
2.4501  0.11
2.4601  0.12
2.4701  0.13
2.4801  0.16
2.4901  0.18
2.5001  0.09
2.5101  0.18
2.5201  0.17
2.5301  0.09
2.5401  0.17
2.5501  0.11
2.5601  0.19
2.5701  0.08
2.5801  0.15
2.5901  0.09
2.6001  0.15
2.6101  0.16
2.6201  0.12
2.6301  0.09
2.6401  0.16
2.6501  0.15
2.6601  0.17
2.6701  0.09
2.6801  0.16
2.6901  0.11
2.7001  0.13
2.7101  0.15
2.7201  0.15
2.7301  0.15
2.7401  0.14
2.7501  0.17
2.7601  0.17
2.7701  0.17
2.7801  0.13
2.7901  0.09
2.8001  0.14
2.8101  0.12
2.8201  0.17
2.8301  0.15
2.8401  0.15
2.8501  0.12
2.8601  0.11
2.8701  0.14
2.8801  0.13
2.8901  0.15
2.9001  0.14
2.9101  0.1
2.9201  0.19
2.9301  0.13
2.9401  0.12
2.9501  0.15
2.9601  0.17
2.9701  0.14
2.9801  0.18
2.9901  0.11
3.0001  0.15
3.0101  0.13
3.0201  0.13
3.0301  0.14
3.0401  0.16
3.0501  0.13
3.0601  0.11
3.0701  0.14
3.0801  0.15
3.0901  0.16
3.1001  0.16
3.1101  0.11
3.1201  0.16
3.1301  0.21
3.1401  0.12
3.1501  0.12
3.1601  0.16
3.1701  0.19
3.1801  0.08
3.1901  0.13
3.2001  0.13
3.2101  0.13
3.2201  0.19
3.2301  0.1
3.2401  0.16
3.2501  0.14
3.2601  0.17
3.2701  0.1
3.2801  0.16
3.2901  0.16
3.3001  0.1
3.3101  0.21
3.3201  0.13
3.3301  0.1
3.3401  0.18
3.3501  0.14
3.3601  0.21
3.3701  0.11
3.3801  0.16
3.3901  0.13
3.4001  0.12
3.4101  0.15
3.4201  0.14
3.4301  0.13
3.4401  0.17
3.4501  0.16
3.4601  0.14
3.4701  0.14
3.4801  0.13
3.4901  0.17
3.5001  0.11
3.5101  0.18
3.5201  0.14
3.5301  0.16
3.5401  0.13
3.5501  0.14
3.5601  0.16
3.5701  0.11
3.5801  0.18
3.5901  0.16
3.6001  0.14
3.6101  0.16
3.6201  0.15
3.6301  0.14
3.6401  0.12
3.6501  0.11
3.6601  0.13
3.6701  0.11
3.6801  0.19
3.6901  0.19
3.7001  0.19
3.7101  0.14
3.7201  0.16
3.7301  0.17
3.7401  0.18
3.7501  0.12
3.7601  0.12
3.7701  0.17
3.7801  0.13
3.7901  0.14
3.8001  0.16
3.8101  0.13
3.8201  0.1
3.8301  0.15
3.8401  0.14
3.8501  0.18
3.8601  0.12
3.8701  0.17
3.8801  0.15
3.8901  0.19
3.9001  0.13
3.9101  0.14
3.9201  0.15
3.9301  0.15
3.9401  0.17
3.9501  0.14
3.9601  0.13
3.9701  0.15
3.9801  0.17
3.9901  0.15
4.0001  0.17
4.0101  0.12
4.0201  0.23
4.0301  0.11
4.0401  0.16
4.0501  0.11
4.0601  0.14
4.0701  0.21
4.0801  0.12
4.0901  0.15
4.1001  0.15
4.1101  0.13
4.1201  0.14
4.1301  0.18
4.1401  0.18
4.1501  0.1
4.1601  0.13
4.1701  0.14
4.1801  0.16
4.1901  0.2
4.2001  0.16
4.2101  0.12
4.2201  0.2
4.2301  0.15
4.2401  0.13
4.2501  0.17
4.2601  0.12
4.2701  0.14
4.2801  0.12
4.2901  0.21
4.3001  0.12
4.3101  0.18
4.3201  0.17
4.3301  0.22
4.3401  0.11
4.3501  0.12
4.3601  0.14
4.3701  0.14
4.3801  0.21
4.3901  0.12
4.4001  0.17
4.4101  0.14
4.4201  0.15
4.4301  0.17
4.4401  0.15
4.4501  0.12
4.4601  0.16
4.4701  0.21
4.4801  0.12
4.4901  0.16
4.5001  0.17
4.5101  0.11
4.5201  0.15
4.5301  0.14
4.5401  0.2
4.5501  0.14
4.5601  0.17
4.5701  0.18
4.5801  0.12
4.5901  0.18
4.6001  0.09
4.6101  0.18
4.6201  0.12
4.6301  0.19
4.6401  0.13
4.6501  0.24
4.6601  0.15
4.6701  0.13
4.6801  0.17
4.6901  0.15
4.7001  0.14
4.7101  0.16
4.7201  0.2
4.7301  0.15
4.7401  0.13
4.7501  0.12
4.7601  0.16
4.7701  0.21
4.7801  0.16
4.7901  0.1
4.8001  0.18
4.8101  0.15
4.8201  0.13
4.8301  0.11
4.8401  0.2
4.8501  0.14
4.8601  0.17
4.8701  0.15
4.8801  0.18
4.8901  0.21
4.9001  0.14
4.9101  0.17
4.9201  0.13
4.9301  0.12
4.9401  0.21
4.9501  0.16
4.9601  0.17
4.9701  0.17
4.9801  0.16
4.9901  0.15
5.0001  0.17
5.0101  0.14
5.0201  0.12
5.0301  0.14
5.0401  0.19
5.0501  0.13
5.0601  0.17
5.0701  0.18
5.0801  0.15
5.0901  0.13
5.1001  0.18
5.1101  0.13
5.1201  0.24
5.1301  0.17
5.1401  0.13
5.1501  0.17
5.1601  0.14
5.1701  0.14
5.1801  0.12
5.1901  0.18
5.2001  0.17
5.2101  0.17
5.2201  0.15
5.2301  0.15
5.2401  0.17
5.2501  0.19
5.2601  0.18
5.2701  0.14
5.2801  0.17
5.2901  0.21
5.3001  0.1
5.3101  0.16
5.3201  0.14
5.3301  0.21
5.3401  0.17
5.3501  0.13
5.3601  0.14
5.3701  0.2
5.3801  0.13
5.3901  0.12
5.4001  0.22
5.4101  0.11
5.4201  0.17
5.4301  0.17
5.4401  0.14
5.4501  0.17
5.4601  0.2
5.4701  0.15
5.4801  0.13
5.4901  0.18
5.5001  0.15
5.5101  0.13
5.5201  0.27
5.5301  0.15
5.5401  0.16
5.5501  0.17
5.5601  0.16
5.5701  0.14
5.5801  0.19
5.5901  0.14
5.6001  0.14
5.6101  0.16
5.6201  0.16
5.6301  0.19
5.6401  0.14
5.6501  0.17
5.6601  0.17
5.6701  0.18
5.6801  0.16
5.6901  0.14
5.7001  0.18
5.7101  0.13
5.7201  0.19
5.7301  0.2
5.7401  0.16
5.7501  0.18
5.7601  0.16
5.7701  0.13
5.7801  0.15
5.7901  0.16
5.8001  0.19
5.8101  0.15
5.8201  0.12
5.8301  0.17
5.8401  0.18
5.8501  0.14
5.8601  0.23
5.8701  0.09
5.8801  0.18
5.8901  0.21
5.9001  0.2
5.9101  0.14
5.9201  0.19
5.9301  0.15
5.9401  0.2
5.9501  0.15
5.9601  0.17
5.9701  0.19
5.9801  0.14
5.9901  0.14
6.0001  0.17
6.0101  0.14
6.0201  0.18
6.0301  0.2
6.0401  0.17
6.0501  0.15
6.0601  0.11
6.0701  0.16
6.0801  0.22
6.0901  0.14
6.1001  0.2
6.1101  0.17
6.1201  0.13
6.1301  0.19
6.1401  0.17
6.1501  0.17
6.1601  0.16
6.1701  0.19
6.1801  0.15
6.1901  0.11
6.2001  0.25
6.2101  0.12
6.2201  0.22
6.2301  0.17
6.2401  0.19
6.2501  0.13
6.2601  0.22
6.2701  0.16
6.2801  0.16
6.2901  0.12
6.3001  0.15
6.3101  0.2
6.3201  0.19
6.3301  0.14
6.3401  0.19
6.3501  0.19
6.3601  0.12
6.3701  0.14
6.3801  0.23
6.3901  0.18
6.4001  0.12
6.4101  0.17
6.4201  0.15
6.4301  0.2
6.4401  0.21
6.4501  0.14
6.4601  0.18
6.4701  0.2
6.4801  0.16
6.4901  0.12
6.5001  0.18
6.5101  0.18
6.5201  0.19
6.5301  0.17
6.5401  0.2
6.5501  0.17
6.5601  0.21
6.5701  0.16
6.5801  0.13
6.5901  0.17
6.6001  0.14
6.6101  0.17
6.6201  0.18
6.6301  0.21
6.6401  0.16
6.6501  0.16
6.6601  0.14
6.6701  0.22
6.6801  0.19
6.6901  0.12
6.7001  0.17
6.7101  0.2
6.7201  0.18
6.7301  0.2
6.7401  0.12
6.7501  0.21
6.7601  0.15
6.7701  0.14
6.7801  0.19
6.7901  0.22
6.8001  0.15
6.8101  0.18
6.8201  0.17
6.8301  0.16
6.8401  0.19
6.8501  0.19
6.8601  0.13
6.8701  0.18
6.8801  0.22
6.8901  0.16
6.9001  0.16
6.9101  0.28
6.9201  0.11
6.9301  0.1
6.9401  0.23
6.9501  0.22
6.9601  0.14
6.9701  0.19
6.9801  0.14
6.9901  0.17
7.0001  0.22
7.0101  0.19
7.0201  0.17
7.0301  0.17
7.0401  0.13
7.0501  0.17
7.0601  0.14
7.0701  0.2
7.0801  0.18
7.0901  0.19
7.1001  0.19
7.1101  0.18
7.1201  0.21
7.1301  0.19
7.1401  0.19
7.1501  0.11
7.1601  0.16
7.1701  0.17
7.1801  0.23
7.1901  0.17
7.2001  0.18
7.2101  0.18
7.2201  0.18
7.2301  0.19
7.2401  0.22
7.2501  0.18
7.2601  0.15
7.2701  0.17
7.2801  0.19
7.2901  0.16
7.3001  0.18
7.3101  0.18
7.3201  0.18
7.3301  0.18
7.3401  0.15
7.3501  0.19
7.3601  0.2
7.3701  0.21
7.3801  0.2
7.3901  0.14
7.4001  0.17
7.4101  0.17
7.4201  0.16
7.4301  0.18
7.4401  0.18
7.4501  0.2
7.4601  0.21
7.4701  0.16
7.4801  0.17
7.4901  0.23
7.5001  0.13
7.5101  0.15
7.5201  0.18
7.5301  0.25
7.5401  0.22
7.5501  0.19
7.5601  0.18
7.5701  0.18
7.5801  0.2
7.5901  0.2
7.6001  0.14
7.6101  0.17
7.6201  0.2
7.6301  0.19
7.6401  0.16
7.6501  0.17
7.6601  0.15
7.6701  0.22
7.6801  0.14
7.6901  0.19
7.7001  0.22
7.7101  0.16
7.7201  0.18
7.7301  0.21
7.7401  0.22
7.7501  0.19
7.7601  0.16
7.7701  0.17
7.7801  0.25
7.7901  0.17
7.8001  0.17
7.8101  0.18
7.8201  0.23
7.8301  0.15
7.8401  0.16
7.8501  0.22
7.8601  0.21
7.8701  0.15
7.8801  0.22
7.8901  0.15
7.9001  0.2
7.9101  0.21
7.9201  0.17
7.9301  0.19
7.9401  0.15
7.9501  0.25
7.9601  0.15
7.9701  0.21
7.9801  0.18
7.9901  0.17
8.0001  0.27
8.0101  0.16
8.0201  0.2
8.0301  0.16
8.0401  0.18
8.0501  0.21
8.0601  0.14
8.0701  0.2
8.0801  0.18
8.0901  0.24
8.1001  0.18
8.1101  0.22
8.1201  0.16
8.1301  0.19
8.1401  0.19
8.1501  0.22
8.1601  0.16
8.1701  0.23
8.1801  0.14
8.1901  0.21
8.2001  0.2
8.2101  0.22
8.2201  0.21
8.2301  0.19
8.2401  0.21
8.2501  0.16
8.2601  0.2
8.2701  0.23
8.2801  0.21
8.2901  0.15
8.3001  0.2
8.3101  0.18
8.3201  0.19
8.3301  0.18
8.3401  0.19
8.3501  0.2
8.3601  0.23
8.3701  0.18
8.3801  0.24
8.3901  0.19
8.4001  0.18
8.4101  0.19
8.4201  0.22
8.4301  0.15
8.4401  0.19
8.4501  0.25
8.4601  0.18
8.4701  0.23
8.4801  0.16
8.4901  0.22
8.5001  0.18
8.5101  0.18
8.5201  0.2
8.5301  0.21
8.5401  0.25
8.5501  0.2
8.5601  0.18
8.5701  0.25
8.5801  0.2
8.5901  0.2
8.6001  0.18
8.6101  0.18
8.6201  0.19
8.6301  0.23
8.6401  0.21
8.6501  0.2
8.6601  0.21
8.6701  0.25
8.6801  0.13
8.6901  0.17
8.7001  0.22
8.7101  0.22
8.7201  0.21
8.7301  0.2
8.7401  0.19
8.7501  0.27
8.7601  0.13
8.7701  0.21
8.7801  0.25
8.7901  0.2
8.8001  0.24
8.8101  0.15
8.8201  0.21
8.8301  0.23
8.8401  0.25
8.8501  0.23
8.8601  0.18
8.8701  0.22
8.8801  0.17
8.8901  0.24
8.9001  0.24
8.9101  0.22
8.9201  0.16
8.9301  0.2
8.9401  0.26
8.9501  0.19
8.9601  0.21
8.9701  0.23
8.9801  0.19
8.9901  0.23
9.0001  0.17
9.0101  0.2
9.0201  0.25
9.0301  0.17
9.0401  0.25
9.0501  0.2
9.0601  0.23
9.0701  0.26
9.0801  0.22
9.0901  0.19
9.1001  0.21
9.1101  0.23
9.1201  0.21
9.1301  0.23
9.1401  0.21
9.1501  0.24
9.1601  0.19
9.1701  0.21
9.1801  0.23
9.1901  0.25
9.2001  0.23
9.2101  0.24
9.2201  0.27
9.2301  0.17
9.2401  0.2
9.2501  0.24
9.2601  0.21
9.2701  0.27
9.2801  0.18
9.2901  0.18
9.3001  0.28
9.3101  0.2
9.3201  0.31
9.3301  0.16
9.3401  0.25
9.3501  0.19
9.3601  0.2
9.3701  0.27
9.3801  0.25
9.3901  0.22
9.4001  0.27
9.4101  0.19
9.4201  0.24
9.4301  0.25
9.4401  0.21
9.4501  0.22
9.4601  0.24
9.4701  0.23
9.4801  0.25
9.4901  0.27
9.5001  0.18
9.5101  0.23
9.5201  0.28
9.5301  0.2
9.5401  0.27
9.5501  0.22
9.5601  0.27
9.5701  0.22
9.5801  0.28
9.5901  0.25
9.6001  0.22
9.6101  0.26
9.6201  0.24
9.6301  0.26
9.6401  0.23
9.6501  0.23
9.6601  0.26
9.6701  0.23
9.6801  0.24
9.6901  0.27
9.7001  0.25
9.7101  0.25
9.7201  0.26
9.7301  0.26
9.7401  0.22
9.7501  0.26
9.7601  0.28
9.7701  0.24
9.7801  0.24
9.7901  0.25
9.8001  0.22
9.8101  0.27
9.8201  0.3
9.8301  0.27
9.8401  0.2
9.8501  0.36
9.8601  0.24
9.8701  0.26
9.8801  0.29
9.8901  0.28
9.9001  0.34
9.9101  0.25
9.9201  0.26
9.9301  0.25
9.9401  0.21
9.9501  0.31
9.9601  0.25
9.9701  0.24
9.9801  0.28
9.9901  0.29
10.0001  0.29
10.0101  0.27
10.0201  0.34
10.0301  0.22
10.0401  0.28
10.0501  0.27
10.0601  0.32
10.0701  0.29
10.0801  0.3
10.0901  0.31
10.1001  0.26
10.1101  0.29
10.1201  0.31
10.1301  0.3
10.1401  0.34
10.1501  0.27
10.1601  0.29
10.1701  0.3
10.1801  0.3
10.1901  0.31
10.2001  0.27
10.2101  0.36
10.2201  0.33
10.2301  0.33
10.2401  0.33
10.2501  0.28
10.2601  0.32
10.2701  0.28
10.2801  0.32
10.2901  0.36
10.3001  0.31
10.3101  0.35
10.3201  0.37
10.3301  0.33
10.3401  0.36
10.3501  0.25
10.3601  0.39
10.3701  0.29
10.3801  0.4
10.3901  0.29
10.4001  0.42
10.4101  0.36
10.4201  0.34
10.4301  0.3
10.4401  0.44
10.4501  0.35
10.4601  0.39
10.4701  0.33
10.4801  0.38
10.4901  0.37
10.5001  0.42
10.5101  0.38
10.5201  0.4
10.5301  0.42
10.5401  0.45
10.5501  0.37
10.5601  0.45
10.5701  0.44
10.5801  0.36
10.5901  0.46
10.6001  0.37
10.6101  0.43
10.6201  0.43
10.6301  0.41
10.6401  0.46
10.6501  0.46
10.6601  0.44
10.6701  0.49
10.6801  0.51
10.6901  0.55
10.7001  0.44
10.7101  0.49
10.7201  0.49
10.7301  0.54
10.7401  0.51
10.7501  0.51
10.7601  0.52
10.7701  0.5
10.7801  0.57
10.7901  0.61
10.8001  0.58
10.8101  0.6
10.8201  0.56
10.8301  0.62
10.8401  0.62
10.8501  0.62
10.8601  0.63
10.8701  0.68
10.8801  0.7
10.8901  0.74
10.9001  0.69
10.9101  0.69
10.9201  0.71
10.9301  0.82
10.9401  0.79
10.9501  0.75
10.9601  0.86
10.9701  0.86
10.9801  0.86
10.9901  0.92
11.0001  0.91
11.0101  0.92
11.0201  0.99
11.0301  1.02
11.0401  1.01
11.0501  1.12
11.0601  1.08
11.0701  1.21
11.0801  1.2
11.0901  1.26
11.1001  1.28
11.1101  1.38
11.1201  1.32
11.1301  1.47
11.1401  1.52
11.1501  1.56
11.1601  1.59
11.1701  1.75
11.1801  1.72
11.1901  1.82
11.2001  1.8
11.2101  1.98
11.2201  2.02
11.2301  2.04
11.2401  2.13
11.2501  2.15
11.2601  2.23
11.2701  2.22
11.2801  2.24
11.2901  2.31
11.3001  2.26
11.3101  2.36
11.3201  2.24
11.3301  2.26
11.3401  2.24
11.3501  2.26
11.3601  2.16
11.3701  2.1
11.3801  2.11
11.3901  2
11.4001  1.97
11.4101  1.92
11.4201  1.81
11.4301  1.83
11.4401  1.74
11.4501  1.64
11.4601  1.64
11.4701  1.52
11.4801  1.54
11.4901  1.45
11.5001  1.43
11.5101  1.32
11.5201  1.38
11.5301  1.2
11.5401  1.19
11.5501  1.19
11.5601  1.15
11.5701  1.12
11.5801  1.05
11.5901  1.06
11.6001  1.01
11.6101  0.98
11.6201  0.94
11.6301  1
11.6401  0.94
11.6501  0.86
11.6601  0.91
11.6701  0.86
11.6801  0.86
11.6901  0.89
11.7001  0.81
11.7101  0.81
11.7201  0.8
11.7301  0.77
11.7401  0.81
11.7501  0.68
11.7601  0.77
11.7701  0.75
11.7801  0.7
11.7901  0.73
11.8001  0.75
11.8101  0.71
11.8201  0.7
11.8301  0.69
11.8401  0.67
11.8501  0.66
11.8601  0.7
11.8701  0.67
11.8801  0.67
11.8901  0.74
11.9001  0.64
11.9101  0.6
11.9201  0.7
11.9301  0.71
11.9401  0.66
11.9501  0.63
11.9601  0.64
11.9701  0.65
11.9801  0.68
11.9901  0.62
12.0001  0.67
12.0101  0.7
12.0201  0.62
12.0301  0.63
12.0401  0.72
12.0501  0.68
12.0601  0.65
12.0701  0.65
12.0801  0.63
12.0901  0.71
12.1001  0.69
12.1101  0.71
12.1201  0.72
12.1301  0.67
12.1401  0.74
12.1501  0.74
12.1601  0.74
12.1701  0.72
12.1801  0.72
12.1901  0.71
12.2001  0.77
12.2101  0.72
12.2201  0.76
12.2301  0.79
12.2401  0.78
12.2501  0.84
12.2601  0.8
12.2701  0.8
12.2801  0.87
12.2901  0.85
12.3001  0.9
12.3101  0.85
12.3201  0.88
12.3301  0.89
12.3401  0.9
12.3501  0.95
12.3601  0.97
12.3701  1.01
12.3801  0.99
12.3901  1.01
12.4001  1.03
12.4101  1.11
12.4201  1.07
12.4301  1.16
12.4401  1.11
12.4501  1.2
12.4601  1.19
12.4701  1.23
12.4801  1.28
12.4901  1.29
12.5001  1.34
12.5101  1.34
12.5201  1.42
12.5301  1.45
12.5401  1.48
12.5501  1.48
12.5601  1.49
12.5701  1.65
12.5801  1.6
12.5901  1.65
12.6001  1.64
12.6101  1.73
12.6201  1.74
12.6301  1.76
12.6401  1.81
12.6501  1.83
12.6601  1.88
12.6701  1.87
12.6801  1.95
12.6901  1.94
12.7001  1.92
12.7101  1.94
12.7201  1.91
12.7301  1.91
12.7401  1.96
12.7501  1.89
12.7601  1.91
12.7701  1.85
12.7801  1.87
12.7901  1.8
12.8001  1.84
12.8101  1.81
12.8201  1.71
12.8301  1.74
12.8401  1.68
12.8501  1.66
12.8601  1.61
12.8701  1.58
12.8801  1.49
12.8901  1.52
12.9001  1.47
12.9101  1.41
12.9201  1.37
12.9301  1.38
12.9401  1.33
12.9501  1.27
12.9601  1.33
12.9701  1.18
12.9801  1.31
12.9901  1.22
13.0001  1.15
13.0101  1.12
13.0201  1.12
13.0301  1.16
13.0401  1.1
13.0501  1.04
13.0601  1.06
13.0701  1.05
13.0801  1
13.0901  1.05
13.1001  1
13.1101  0.96
13.1201  0.93
13.1301  1.01
13.1401  0.95
13.1501  0.9
13.1601  0.89
13.1701  0.86
13.1801  0.93
13.1901  0.87
13.2001  0.86
13.2101  0.92
13.2201  0.91
13.2301  0.8
13.2401  0.88
13.2501  0.85
13.2601  0.83
13.2701  0.85
13.2801  0.85
13.2901  0.85
13.3001  0.86
13.3101  0.81
13.3201  0.88
13.3301  0.83
13.3401  0.81
13.3501  0.84
13.3601  0.79
13.3701  0.77
13.3801  0.89
13.3901  0.79
13.4001  0.88
13.4101  0.86
13.4201  0.86
13.4301  0.87
13.4401  0.8
13.4501  0.9
13.4601  0.88
13.4701  0.84
13.4801  0.89
13.4901  0.86
13.5001  0.92
13.5101  0.88
13.5201  0.89
13.5301  0.9
13.5401  0.89
13.5501  0.96
13.5601  0.92
13.5701  0.91
13.5801  1.01
13.5901  1
13.6001  0.98
13.6101  0.99
13.6201  0.97
13.6301  1
13.6401  1.01
13.6501  1.07
13.6601  1.07
13.6701  1.09
13.6801  1.12
13.6901  1.1
13.7001  1.1
13.7101  1.22
13.7201  1.22
13.7301  1.1
13.7401  1.17
13.7501  1.25
13.7601  1.27
13.7701  1.26
13.7801  1.35
13.7901  1.33
13.8001  1.31
13.8101  1.33
13.8201  1.43
13.8301  1.45
13.8401  1.38
13.8501  1.5
13.8601  1.51
13.8701  1.56
13.8801  1.51
13.8901  1.58
13.9001  1.53
13.9101  1.61
13.9201  1.62
13.9301  1.6
13.9401  1.67
13.9501  1.67
13.9601  1.65
13.9701  1.66
13.9801  1.7
13.9901  1.74
14.0001  1.68
14.0101  1.74
14.0201  1.76
14.0301  1.74
14.0401  1.73
14.0501  1.72
14.0601  1.73
14.0701  1.67
14.0801  1.69
14.0901  1.65
14.1001  1.67
14.1101  1.66
14.1201  1.64
14.1301  1.58
14.1401  1.58
14.1501  1.58
14.1601  1.48
14.1701  1.55
14.1801  1.54
14.1901  1.46
14.2001  1.4
14.2101  1.4
14.2201  1.43
14.2301  1.4
14.2401  1.33
14.2501  1.32
14.2601  1.36
14.2701  1.34
14.2801  1.31
14.2901  1.28
14.3001  1.18
14.3101  1.2
14.3201  1.23
14.3301  1.18
14.3401  1.19
14.3501  1.15
14.3601  1.12
14.3701  1.12
14.3801  1.08
14.3901  1.13
14.4001  1.06
14.4101  1.12
14.4201  1.09
14.4301  1.07
14.4401  1.05
14.4501  1.06
14.4601  0.95
14.4701  1.03
14.4801  1.01
14.4901  1.03
14.5001  0.97
14.5101  1
14.5201  0.97
14.5301  0.96
14.5401  0.95
14.5501  0.99
14.5601  0.95
14.5701  0.99
14.5801  0.98
14.5901  0.91
14.6001  0.98
14.6101  0.93
14.6201  0.95
14.6301  0.89
14.6401  1.01
14.6501  1
14.6601  0.95
14.6701  0.94
14.6801  0.92
14.6901  1.04
14.7001  0.95
14.7101  0.92
14.7201  1.01
14.7301  1
14.7401  0.96
14.7501  1
14.7601  0.99
14.7701  0.99
14.7801  0.95
14.7901  1.05
14.8001  1
14.8101  1.03
14.8201  1
14.8301  1.02
14.8401  1.06
14.8501  1.06
14.8601  1.09
14.8701  1.09
14.8801  1.07
14.8901  1.1
14.9001  1.12
14.9101  1.06
14.9201  1.17
14.9301  1.16
14.9401  1.12
14.9501  1.14
14.9601  1.17
14.9701  1.22
14.9801  1.25
14.9901  1.23
15.0001  1.22
15.0101  1.26
15.0201  1.32
15.0301  1.34
15.0401  1.28
15.0501  1.35
15.0601  1.31
15.0701  1.38
15.0801  1.33
15.0901  1.41
15.1001  1.43
15.1101  1.41
15.1201  1.42
15.1301  1.46
15.1401  1.42
15.1501  1.53
15.1601  1.52
15.1701  1.5
15.1801  1.53
15.1901  1.61
15.2001  1.51
15.2101  1.54
15.2201  1.57
15.2301  1.54
15.2401  1.58
15.2501  1.58
15.2601  1.58
15.2701  1.63
15.2801  1.54
15.2901  1.6
15.3001  1.6
15.3101  1.57
15.3201  1.57
15.3301  1.56
15.3401  1.59
15.3501  1.51
15.3601  1.57
15.3701  1.5
15.3801  1.55
15.3901  1.57
15.4001  1.52
15.4101  1.53
15.4201  1.45
15.4301  1.5
15.4401  1.47
15.4501  1.47
15.4601  1.32
15.4701  1.41
15.4801  1.37
15.4901  1.42
15.5001  1.34
15.5101  1.39
15.5201  1.29
15.5301  1.28
15.5401  1.29
15.5501  1.33
15.5601  1.24
15.5701  1.27
15.5801  1.21
15.5901  1.27
15.6001  1.22
15.6101  1.21
15.6201  1.18
15.6301  1.26
15.6401  1.14
15.6501  1.15
15.6601  1.12
15.6701  1.17
15.6801  1.13
15.6901  1.13
15.7001  1.08
15.7101  1.13
15.7201  1.1
15.7301  1.1
15.7401  1.12
15.7501  1.07
15.7601  1.11
15.7701  1.09
15.7801  1.03
15.7901  1.07
15.8001  1.09
15.8101  0.95
15.8201  1.04
15.8301  1.1
15.8401  1.02
15.8501  1.03
15.8601  1.01
15.8701  1.06
15.8801  1.07
15.8901  1.08
15.9001  1.06
15.9101  0.96
15.9201  1.1
15.9301  1.01
15.9401  1.06
15.9501  1.06
15.9601  1
15.9701  1.08
15.9801  1.05
15.9901  1
16.0001  1.12
16.0101  1.1
16.0201  1.07
16.0301  1.11
16.0401  1.06
16.0501  1.1
16.0601  1.11
16.0701  1.07
16.0801  1.11
16.0901  1.11
16.1001  1.14
16.1101  1.11
16.1201  1.15
16.1301  1.17
16.1401  1.17
16.1501  1.12
16.1601  1.2
16.1701  1.13
16.1801  1.23
16.1901  1.2
16.2001  1.24
16.2101  1.22
16.2201  1.23
16.2301  1.29
16.2401  1.27
16.2501  1.23
16.2601  1.27
16.2701  1.34
16.2801  1.3
16.2901  1.3
16.3001  1.27
16.3101  1.37
16.3201  1.44
16.3301  1.29
16.3401  1.43
16.3501  1.35
16.3601  1.42
16.3701  1.39
16.3801  1.47
16.3901  1.41
16.4001  1.42
16.4101  1.45
16.4201  1.5
16.4301  1.43
16.4401  1.43
16.4501  1.57
16.4601  1.41
16.4701  1.51
16.4801  1.53
16.4901  1.44
16.5001  1.5
16.5101  1.53
16.5201  1.47
16.5301  1.51
16.5401  1.51
16.5501  1.43
16.5601  1.54
16.5701  1.49
16.5801  1.46
16.5901  1.47
16.6001  1.44
16.6101  1.53
16.6201  1.54
16.6301  1.38
16.6401  1.45
16.6501  1.43
16.6601  1.4
16.6701  1.46
16.6801  1.42
16.6901  1.43
16.7001  1.35
16.7101  1.35
16.7201  1.4
16.7301  1.34
16.7401  1.45
16.7501  1.31
16.7601  1.3
16.7701  1.33
16.7801  1.32
16.7901  1.29
16.8001  1.32
16.8101  1.28
16.8201  1.3
16.8301  1.2
16.8401  1.22
16.8501  1.25
16.8601  1.16
16.8701  1.28
16.8801  1.22
16.8901  1.18
16.9001  1.18
16.9101  1.25
16.9201  1.2
16.9301  1.11
16.9401  1.18
16.9501  1.16
16.9601  1.17
16.9701  1.16
16.9801  1.08
16.9901  1.18
17.0001  1.17
17.0101  1.07
17.0201  1.11
17.0301  1.16
17.0401  1.17
17.0501  1.14
17.0601  1.09
17.0701  1.08
17.0801  1.07
17.0901  1.15
17.1001  1.14
17.1101  1.08
17.1201  1.12
17.1301  1.11
17.1401  1.11
17.1501  1.14
17.1601  1.03
17.1701  1.12
17.1801  1.09
17.1901  1.13
17.2001  1.16
17.2101  1.11
17.2201  1.06
17.2301  1.09
17.2401  1.2
17.2501  1.06
17.2601  1.15
17.2701  1.12
17.2801  1.13
17.2901  1.18
17.3001  1.14
17.3101  1.12
17.3201  1.19
17.3301  1.11
17.3401  1.28
17.3501  1.14
17.3601  1.2
17.3701  1.22
17.3801  1.17
17.3901  1.22
17.4001  1.29
17.4101  1.16
17.4201  1.22
17.4301  1.27
17.4401  1.28
17.4501  1.19
17.4601  1.24
17.4701  1.24
17.4801  1.29
17.4901  1.28
17.5001  1.33
17.5101  1.25
17.5201  1.33
17.5301  1.32
17.5401  1.33
17.5501  1.36
17.5601  1.3
17.5701  1.36
17.5801  1.34
17.5901  1.35
17.6001  1.38
17.6101  1.41
17.6201  1.42
17.6301  1.38
17.6401  1.4
17.6501  1.48
17.6601  1.36
17.6701  1.41
17.6801  1.38
17.6901  1.43
17.7001  1.4
17.7101  1.46
17.7201  1.35
17.7301  1.53
17.7401  1.43
17.7501  1.44
17.7601  1.41
17.7701  1.39
17.7801  1.49
17.7901  1.41
17.8001  1.45
17.8101  1.43
17.8201  1.44
17.8301  1.42
17.8401  1.44
17.8501  1.39
17.8601  1.4
17.8701  1.42
17.8801  1.32
17.8901  1.37
17.9001  1.44
17.9101  1.38
17.9201  1.4
17.9301  1.33
17.9401  1.31
17.9501  1.4
17.9601  1.38
17.9701  1.36
17.9801  1.26
17.9901  1.4
18.0001  1.34
18.0101  1.28
18.0201  1.28
18.0301  1.28
18.0401  1.27
18.0501  1.3
18.0601  1.29
18.0701  1.23
18.0801  1.31
18.0901  1.23
18.1001  1.2
18.1101  1.27
18.1201  1.28
18.1301  1.19
18.1401  1.24
18.1501  1.16
18.1601  1.2
18.1701  1.22
18.1801  1.19
18.1901  1.18
18.2001  1.19
18.2101  1.28
18.2201  1.19
18.2301  1.16
18.2401  1.13
18.2501  1.14
18.2601  1.2
18.2701  1.17
18.2801  1.11
18.2901  1.13
18.3001  1.18
18.3101  1.21
18.3201  1.13
18.3301  1.17
18.3401  1.13
18.3501  1.14
18.3601  1.21
18.3701  1.12
18.3801  1.19
18.3901  1.16
18.4001  1.09
18.4101  1.2
18.4201  1.18
18.4301  1.17
18.4401  1.07
18.4501  1.19
18.4601  1.21
18.4701  1.19
18.4801  1.16
18.4901  1.16
18.5001  1.16
18.5101  1.14
18.5201  1.22
18.5301  1.16
18.5401  1.22
18.5501  1.16
18.5601  1.21
18.5701  1.16
18.5801  1.19
18.5901  1.26
18.6001  1.21
18.6101  1.32
18.6201  1.19
18.6301  1.19
18.6401  1.24
18.6501  1.22
18.6601  1.32
18.6701  1.22
18.6801  1.21
18.6901  1.27
18.7001  1.29
18.7101  1.32
18.7201  1.27
18.7301  1.3
18.7401  1.31
18.7501  1.35
18.7601  1.3
18.7701  1.26
18.7801  1.32
18.7901  1.34
18.8001  1.37
18.8101  1.33
18.8201  1.37
18.8301  1.35
18.8401  1.31
18.8501  1.4
18.8601  1.36
18.8701  1.28
18.8801  1.41
18.8901  1.32
18.9001  1.46
18.9101  1.31
18.9201  1.41
18.9301  1.37
18.9401  1.42
18.9501  1.39
18.9601  1.35
18.9701  1.36
18.9801  1.49
18.9901  1.35
19.0001  1.37
19.0101  1.39
19.0201  1.4
19.0301  1.41
19.0401  1.33
19.0501  1.37
19.0601  1.46
19.0701  1.38
19.0801  1.34
19.0901  1.45
19.1001  1.37
19.1101  1.33
19.1201  1.36
19.1301  1.33
19.1401  1.36
19.1501  1.32
19.1601  1.33
19.1701  1.32
19.1801  1.36
19.1901  1.31
19.2001  1.36
19.2101  1.3
19.2201  1.36
19.2301  1.27
19.2401  1.34
19.2501  1.3
19.2601  1.28
19.2701  1.25
19.2801  1.23
19.2901  1.31
19.3001  1.35
19.3101  1.22
19.3201  1.2
19.3301  1.31
19.3401  1.25
19.3501  1.27
19.3601  1.28
19.3701  1.22
19.3801  1.18
19.3901  1.29
19.4001  1.21
19.4101  1.27
19.4201  1.2
19.4301  1.21
19.4401  1.21
19.4501  1.2
19.4601  1.09
19.4701  1.31
19.4801  1.14
19.4901  1.24
19.5001  1.18
19.5101  1.2
19.5201  1.21
19.5301  1.23
19.5401  1.12
19.5501  1.17
19.5601  1.2
19.5701  1.22
19.5801  1.25
19.5901  1.16
19.6001  1.11
19.6101  1.24
19.6201  1.15
19.6301  1.2
19.6401  1.19
19.6501  1.21
19.6601  1.17
19.6701  1.21
19.6801  1.22
19.6901  1.18
19.7001  1.24
19.7101  1.1
19.7201  1.25
19.7301  1.2
19.7401  1.25
19.7501  1.16
19.7601  1.27
19.7701  1.19
19.7801  1.15
19.7901  1.25
19.8001  1.22
19.8101  1.21
19.8201  1.24
19.8301  1.31
19.8401  1.21
19.8501  1.32
19.8601  1.24
19.8701  1.21
19.8801  1.28
19.8901  1.22
19.9001  1.33
19.9101  1.23
19.9201  1.23
19.9301  1.31
19.9401  1.21
19.9501  1.3
19.9601  1.3
19.9701  1.32
19.9801  1.33
19.9901  1.29
20.0001  1.27
20.0101  1.38
20.0201  1.28
20.0301  1.3
20.0401  1.36
20.0501  1.31
20.0601  1.31
20.0701  1.38
20.0801  1.3
20.0901  1.4
20.1001  1.35
20.1101  1.32
20.1201  1.4
20.1301  1.36
20.1401  1.35
20.1501  1.3
20.1601  1.36
20.1701  1.3
20.1801  1.34
20.1901  1.39
20.2001  1.35
20.2101  1.32
20.2201  1.38
20.2301  1.43
20.2401  1.36
20.2501  1.34
20.2601  1.3
20.2701  1.36
20.2801  1.35
20.2901  1.39
20.3001  1.35
20.3101  1.36
20.3201  1.3
20.3301  1.33
20.3401  1.36
20.3501  1.33
20.3601  1.37
20.3701  1.34
20.3801  1.27
20.3901  1.33
20.4001  1.34
20.4101  1.33
20.4201  1.34
20.4301  1.33
20.4401  1.34
20.4501  1.27
20.4601  1.31
20.4701  1.27
20.4801  1.3
20.4901  1.25
20.5001  1.29
20.5101  1.24
20.5201  1.33
20.5301  1.26
20.5401  1.29
20.5501  1.21
20.5601  1.29
20.5701  1.29
20.5801  1.25
20.5901  1.29
20.6001  1.22
20.6101  1.24
20.6201  1.2
20.6301  1.24
20.6401  1.22
20.6501  1.25
20.6601  1.24
20.6701  1.24
20.6801  1.22
20.6901  1.23
20.7001  1.25
20.7101  1.23
20.7201  1.23
20.7301  1.19
20.7401  1.22
20.7501  1.17
20.7601  1.31
20.7701  1.23
20.7801  1.18
20.7901  1.24
20.8001  1.15
20.8101  1.28
20.8201  1.13
20.8301  1.24
20.8401  1.2
20.8501  1.26
20.8601  1.19
20.8701  1.14
20.8801  1.25
20.8901  1.24
20.9001  1.2
20.9101  1.24
20.9201  1.2
20.9301  1.19
20.9401  1.2
20.9501  1.23
20.9601  1.24
20.9701  1.22
20.9801  1.29
20.9901  1.24
21.0001  1.25
21.0101  1.15
21.0201  1.22
21.0301  1.29
21.0401  1.25
21.0501  1.27
21.0601  1.23
21.0701  1.23
21.0801  1.31
21.0901  1.26
21.1001  1.27
21.1101  1.23
21.1201  1.31
21.1301  1.27
21.1401  1.25
21.1501  1.23
21.1601  1.31
21.1701  1.25
21.1801  1.36
21.1901  1.27
21.2001  1.27
21.2101  1.31
21.2201  1.28
21.2301  1.35
21.2401  1.27
21.2501  1.36
21.2601  1.26
21.2701  1.31
21.2801  1.31
21.2901  1.33
21.3001  1.3
21.3101  1.34
21.3201  1.28
21.3301  1.35
21.3401  1.38
21.3501  1.32
21.3601  1.28
21.3701  1.27
21.3801  1.39
21.3901  1.34
21.4001  1.41
21.4101  1.3
21.4201  1.3
21.4301  1.32
21.4401  1.38
21.4501  1.32
21.4601  1.31
21.4701  1.33
21.4801  1.41
21.4901  1.37
21.5001  1.34
21.5101  1.25
21.5201  1.36
21.5301  1.29
21.5401  1.33
21.5501  1.34
21.5601  1.34
21.5701  1.31
21.5801  1.38
21.5901  1.3
21.6001  1.31
21.6101  1.26
21.6201  1.29
21.6301  1.32
21.6401  1.35
21.6501  1.27
21.6601  1.38
21.6701  1.21
21.6801  1.32
21.6901  1.27
21.7001  1.33
21.7101  1.3
21.7201  1.21
21.7301  1.31
21.7401  1.29
21.7501  1.22
21.7601  1.34
21.7701  1.23
21.7801  1.3
21.7901  1.34
21.8001  1.26
21.8101  1.21
21.8201  1.31
21.8301  1.29
21.8401  1.16
21.8501  1.22
21.8601  1.33
21.8701  1.32
21.8801  1.22
21.8901  1.18
21.9001  1.23
21.9101  1.22
21.9201  1.29
21.9301  1.25
21.9401  1.25
21.9501  1.17
21.9601  1.18
21.9701  1.31
21.9801  1.2
21.9901  1.22
22.0001  1.24
22.0101  1.19
22.0201  1.26
22.0301  1.3
22.0401  1.18
22.0501  1.18
22.0601  1.26
22.0701  1.24
22.0801  1.24
22.0901  1.24
22.1001  1.23
22.1101  1.26
22.1201  1.24
22.1301  1.23
22.1401  1.27
22.1501  1.28
22.1601  1.19
22.1701  1.25
22.1801  1.21
22.1901  1.24
22.2001  1.24
22.2101  1.23
22.2201  1.13
22.2301  1.31
22.2401  1.25
22.2501  1.26
22.2601  1.3
22.2701  1.27
22.2801  1.26
22.2901  1.21
22.3001  1.32
22.3101  1.19
22.3201  1.29
22.3301  1.24
22.3401  1.21
22.3501  1.41
22.3601  1.21
22.3701  1.29
22.3801  1.27
22.3901  1.3
22.4001  1.35
22.4101  1.31
22.4201  1.2
22.4301  1.33
22.4401  1.3
22.4501  1.29
22.4601  1.3
22.4701  1.23
22.4801  1.29
22.4901  1.4
22.5001  1.28
22.5101  1.29
22.5201  1.3
22.5301  1.36
22.5401  1.25
22.5501  1.33
22.5601  1.33
22.5701  1.32
22.5801  1.31
22.5901  1.3
22.6001  1.33
22.6101  1.34
22.6201  1.31
22.6301  1.28
22.6401  1.28
22.6501  1.33
22.6601  1.37
22.6701  1.33
22.6801  1.31
22.6901  1.32
22.7001  1.35
22.7101  1.31
22.7201  1.29
22.7301  1.31
22.7401  1.28
22.7501  1.34
22.7601  1.31
22.7701  1.32
22.7801  1.31
22.7901  1.28
22.8001  1.38
22.8101  1.31
22.8201  1.28
22.8301  1.32
22.8401  1.29
22.8501  1.3
22.8601  1.29
22.8701  1.3
22.8801  1.38
22.8901  1.27
22.9001  1.3
22.9101  1.27
22.9201  1.25
22.9301  1.28
22.9401  1.33
22.9501  1.25
22.9601  1.24
22.9701  1.3
22.9801  1.26
22.9901  1.34
23.0001  1.27
23.0101  1.27
23.0201  1.23
23.0301  1.31
23.0401  1.2
23.0501  1.3
23.0601  1.17
23.0701  1.28
23.0801  1.33
23.0901  1.26
23.1001  1.28
23.1101  1.26
23.1201  1.26
23.1301  1.21
23.1401  1.25
23.1501  1.22
23.1601  1.28
23.1701  1.27
23.1801  1.24
23.1901  1.22
23.2001  1.23
23.2101  1.27
23.2201  1.28
23.2301  1.24
23.2401  1.19
23.2501  1.21
23.2601  1.24
23.2701  1.28
23.2801  1.24
23.2901  1.24
23.3001  1.29
23.3101  1.27
23.3201  1.24
23.3301  1.16
23.3401  1.27
23.3501  1.26
23.3601  1.29
23.3701  1.2
23.3801  1.24
23.3901  1.26
23.4001  1.22
23.4101  1.21
23.4201  1.3
23.4301  1.25
23.4401  1.23
23.4501  1.25
23.4601  1.29
23.4701  1.22
23.4801  1.3
23.4901  1.24
23.5001  1.22
23.5101  1.33
23.5201  1.28
23.5301  1.29
23.5401  1.31
23.5501  1.2
23.5601  1.31
23.5701  1.3
23.5801  1.25
23.5901  1.27
23.6001  1.3
23.6101  1.27
23.6201  1.31
23.6301  1.23
23.6401  1.26
23.6501  1.29
23.6601  1.27
23.6701  1.26
23.6801  1.27
23.6901  1.3
23.7001  1.38
23.7101  1.26
23.7201  1.31
23.7301  1.27
23.7401  1.35
23.7501  1.22
23.7601  1.33
23.7701  1.31
23.7801  1.32
23.7901  1.29
23.8001  1.32
23.8101  1.31
23.8201  1.29
23.8301  1.35
23.8401  1.33
23.8501  1.3
23.8601  1.29
23.8701  1.28
23.8801  1.41
23.8901  1.24
23.9001  1.3
23.9101  1.37
23.9201  1.27
23.9301  1.31
23.9401  1.27
23.9501  1.34
23.9601  1.27
23.9701  1.35
23.9801  1.24
23.9901  1.32
24.0001  1.33
24.0101  1.37
24.0201  1.29
24.0301  1.29
24.0401  1.2
24.0501  1.31
24.0601  1.31
24.0701  1.37
24.0801  1.25
24.0901  1.27
24.1001  1.31
24.1101  1.24
24.1201  1.3
24.1301  1.31
24.1401  1.32
24.1501  1.26
24.1601  1.31
24.1701  1.26
24.1801  1.34
24.1901  1.31
24.2001  1.3
24.2101  1.23
24.2201  1.27
24.2301  1.28
24.2401  1.25
24.2501  1.21
24.2601  1.26
24.2701  1.32
24.2801  1.24
24.2901  1.25
24.3001  1.29
24.3101  1.25
24.3201  1.3
24.3301  1.18
24.3401  1.29
24.3501  1.32
24.3601  1.22
24.3701  1.3
24.3801  1.2
24.3901  1.31
24.4001  1.24
24.4101  1.29
24.4201  1.23
24.4301  1.29
24.4401  1.23
24.4501  1.23
24.4601  1.25
24.4701  1.28
24.4801  1.21
24.4901  1.23
24.5001  1.21
24.5101  1.34
24.5201  1.21
24.5301  1.2
24.5401  1.31
24.5501  1.29
24.5601  1.26
24.5701  1.3
24.5801  1.21
24.5901  1.26
24.6001  1.24
24.6101  1.26
24.6201  1.28
24.6301  1.23
24.6401  1.27
24.6501  1.22
24.6601  1.27
24.6701  1.27
24.6801  1.28
24.6901  1.26
24.7001  1.28
24.7101  1.28
24.7201  1.22
24.7301  1.27
24.7401  1.26
24.7501  1.23
24.7601  1.3
24.7701  1.32
24.7801  1.21
24.7901  1.26
24.8001  1.33
24.8101  1.29
24.8201  1.21
24.8301  1.36
24.8401  1.2
24.8501  1.28
24.8601  1.2
24.8701  1.37
24.8801  1.32
24.8901  1.25
24.9001  1.32
24.9101  1.3
24.9201  1.3
24.9301  1.27
24.9401  1.34
24.9501  1.29
24.9601  1.33
24.9701  1.31
24.9801  1.25
24.9901  1.25
25.0001  1.3
25.0101  1.31
25.0201  1.3
25.0301  1.29
25.0401  1.26
25.0501  1.31
25.0601  1.33
25.0701  1.25
25.0801  1.31
25.0901  1.3
25.1001  1.32
25.1101  1.29
25.1201  1.29
25.1301  1.28
25.1401  1.3
25.1501  1.34
25.1601  1.34
25.1701  1.3
25.1801  1.27
25.1901  1.31
25.2001  1.29
25.2101  1.26
25.2201  1.31
25.2301  1.32
25.2401  1.28
25.2501  1.31
25.2601  1.32
25.2701  1.28
25.2801  1.29
25.2901  1.3
25.3001  1.32
25.3101  1.3
25.3201  1.24
25.3301  1.28
25.3401  1.22
25.3501  1.37
25.3601  1.26
25.3701  1.27
25.3801  1.27
25.3901  1.31
25.4001  1.33
25.4101  1.24
25.4201  1.29
25.4301  1.27
25.4401  1.31
25.4501  1.22
25.4601  1.29
25.4701  1.25
25.4801  1.27
25.4901  1.24
25.5001  1.31
25.5101  1.25
25.5201  1.3
25.5301  1.27
25.5401  1.26
25.5501  1.31
25.5601  1.24
25.5701  1.27
25.5801  1.28
25.5901  1.17
25.6001  1.28
25.6101  1.26
25.6201  1.29
25.6301  1.34
25.6401  1.31
25.6501  1.19
25.6601  1.21
25.6701  1.23
25.6801  1.29
25.6901  1.31
25.7001  1.23
25.7101  1.25
25.7201  1.22
25.7301  1.29
25.7401  1.27
25.7501  1.27
25.7601  1.28
25.7701  1.22
25.7801  1.26
25.7901  1.22
25.8001  1.29
25.8101  1.23
25.8201  1.28
25.8301  1.26
25.8401  1.23
25.8501  1.25
25.8601  1.28
25.8701  1.34
25.8801  1.23
25.8901  1.28
25.9001  1.3
25.9101  1.26
25.9201  1.26
25.9301  1.28
25.9401  1.2
25.9501  1.28
25.9601  1.29
25.9701  1.24
25.9801  1.27
25.9901  1.35
26.0001  1.3
26.0101  1.25
26.0201  1.24
26.0301  1.34
26.0401  1.29
26.0501  1.18
26.0601  1.26
26.0701  1.29
26.0801  1.28
26.0901  1.29
26.1001  1.27
26.1101  1.25
26.1201  1.34
26.1301  1.28
26.1401  1.3
26.1501  1.31
26.1601  1.28
26.1701  1.31
26.1801  1.27
26.1901  1.33
26.2001  1.27
26.2101  1.29
26.2201  1.28
26.2301  1.29
26.2401  1.3
26.2501  1.31
26.2601  1.25
26.2701  1.3
26.2801  1.27
26.2901  1.26
26.3001  1.3
26.3101  1.33
26.3201  1.36
26.3301  1.3
26.3401  1.28
26.3501  1.29
26.3601  1.25
26.3701  1.35
26.3801  1.3
26.3901  1.23
26.4001  1.31
26.4101  1.33
26.4201  1.26
26.4301  1.27
26.4401  1.33
26.4501  1.38
26.4601  1.25
26.4701  1.32
26.4801  1.22
26.4901  1.36
26.5001  1.21
26.5101  1.28
26.5201  1.33
26.5301  1.23
26.5401  1.26
26.5501  1.32
26.5601  1.29
26.5701  1.25
26.5801  1.27
26.5901  1.27
26.6001  1.32
26.6101  1.31
26.6201  1.23
26.6301  1.35
26.6401  1.31
26.6501  1.26
26.6601  1.3
26.6701  1.28
26.6801  1.26
26.6901  1.21
26.7001  1.23
26.7101  1.39
26.7201  1.28
26.7301  1.23
26.7401  1.3
26.7501  1.23
26.7601  1.25
26.7701  1.35
26.7801  1.24
26.7901  1.26
26.8001  1.3
26.8101  1.23
26.8201  1.21
26.8301  1.25
26.8401  1.26
26.8501  1.25
26.8601  1.4
26.8701  1.25
26.8801  1.19
26.8901  1.29
26.9001  1.31
26.9101  1.21
26.9201  1.22
26.9301  1.32
26.9401  1.24
26.9501  1.35
26.9601  1.23
26.9701  1.26
26.9801  1.25
26.9901  1.22
27.0001  1.31
27.0101  1.28
27.0201  1.26
27.0301  1.27
27.0401  1.28
27.0501  1.22
27.0601  1.28
27.0701  1.35
27.0801  1.19
27.0901  1.27
27.1001  1.31
27.1101  1.28
27.1201  1.22
27.1301  1.27
27.1401  1.28
27.1501  1.25
27.1601  1.22
27.1701  1.28
27.1801  1.36
27.1901  1.22
27.2001  1.23
27.2101  1.25
27.2201  1.3
27.2301  1.27
27.2401  1.29
27.2501  1.28
27.2601  1.33
27.2701  1.29
27.2801  1.28
27.2901  1.24
27.3001  1.3
27.3101  1.26
27.3201  1.26
27.3301  1.26
27.3401  1.35
27.3501  1.32
27.3601  1.3
27.3701  1.22
27.3801  1.27
27.3901  1.23
27.4001  1.32
27.4101  1.32
27.4201  1.31
27.4301  1.31
27.4401  1.23
27.4501  1.36
27.4601  1.21
27.4701  1.27
27.4801  1.35
27.4901  1.24
27.5001  1.31
27.5101  1.27
27.5201  1.29
27.5301  1.25
27.5401  1.3
27.5501  1.34
27.5601  1.24
27.5701  1.32
27.5801  1.34
27.5901  1.32
27.6001  1.26
27.6101  1.28
27.6201  1.3
27.6301  1.19
27.6401  1.33
27.6501  1.26
27.6601  1.34
27.6701  1.25
27.6801  1.29
27.6901  1.25
27.7001  1.32
27.7101  1.31
27.7201  1.32
27.7301  1.3
27.7401  1.24
27.7501  1.35
27.7601  1.29
27.7701  1.29
27.7801  1.3
27.7901  1.24
27.8001  1.28
27.8101  1.25
27.8201  1.3
27.8301  1.27
27.8401  1.26
27.8501  1.31
27.8601  1.3
27.8701  1.29
27.8801  1.28
27.8901  1.25
27.9001  1.24
27.9101  1.26
27.9201  1.34
27.9301  1.27
27.9401  1.27
27.9501  1.25
27.9601  1.29
27.9701  1.28
27.9801  1.27
27.9901  1.29
28.0001  1.24
28.0101  1.23
28.0201  1.34
28.0301  1.24
28.0401  1.27
28.0501  1.28
28.0601  1.27
28.0701  1.33
28.0801  1.18
28.0901  1.34
28.1001  1.26
28.1101  1.32
28.1201  1.26
28.1301  1.26
28.1401  1.21
28.1501  1.26
28.1601  1.24
28.1701  1.3
28.1801  1.3
28.1901  1.26
28.2001  1.31
28.2101  1.23
28.2201  1.28
28.2301  1.27
28.2401  1.28
28.2501  1.26
28.2601  1.26
28.2701  1.24
28.2801  1.27
28.2901  1.28
28.3001  1.26
28.3101  1.26
28.3201  1.32
28.3301  1.29
28.3401  1.27
28.3501  1.21
28.3601  1.29
28.3701  1.28
28.3801  1.25
28.3901  1.29
28.4001  1.25
28.4101  1.28
28.4201  1.26
28.4301  1.24
28.4401  1.31
28.4501  1.25
28.4601  1.34
28.4701  1.27
28.4801  1.23
28.4901  1.34
28.5001  1.28
28.5101  1.28
28.5201  1.26
28.5301  1.27
28.5401  1.3
28.5501  1.28
28.5601  1.25
28.5701  1.33
28.5801  1.24
28.5901  1.29
28.6001  1.25
28.6101  1.29
28.6201  1.3
28.6301  1.24
28.6401  1.27
28.6501  1.37
28.6601  1.22
28.6701  1.27
28.6801  1.3
28.6901  1.23
28.7001  1.32
28.7101  1.29
28.7201  1.32
28.7301  1.23
28.7401  1.29
28.7501  1.32
28.7601  1.28
28.7701  1.32
28.7801  1.23
28.7901  1.31
28.8001  1.34
28.8101  1.24
28.8201  1.33
28.8301  1.35
28.8401  1.24
28.8501  1.21
28.8601  1.34
28.8701  1.24
28.8801  1.35
28.8901  1.22
28.9001  1.33
28.9101  1.27
28.9201  1.24
28.9301  1.3
28.9401  1.32
28.9501  1.31
28.9601  1.27
28.9701  1.27
28.9801  1.26
28.9901  1.25
29.0001  1.29
29.0101  1.3
29.0201  1.29
29.0301  1.28
29.0401  1.27
29.0501  1.29
29.0601  1.27
29.0701  1.3
29.0801  1.24
29.0901  1.38
29.1001  1.28
29.1101  1.28
29.1201  1.25
29.1301  1.23
29.1401  1.34
29.1501  1.21
29.1601  1.26
29.1701  1.3
29.1801  1.31
29.1901  1.31
29.2001  1.27
29.2101  1.25
29.2201  1.23
29.2301  1.3
29.2401  1.26
29.2501  1.27
29.2601  1.34
29.2701  1.26
29.2801  1.3
29.2901  1.2
29.3001  1.25
29.3101  1.34
29.3201  1.29
29.3301  1.15
29.3401  1.32
29.3501  1.32
29.3601  1.27
29.3701  1.2
29.3801  1.29
29.3901  1.27
29.4001  1.29
29.4101  1.31
29.4201  1.28
29.4301  1.28
29.4401  1.26
29.4501  1.24
29.4601  1.26
29.4701  1.29
29.4801  1.24
29.4901  1.23
29.5001  1.26
29.5101  1.31
29.5201  1.35
29.5301  1.23
29.5401  1.3
29.5501  1.31
29.5601  1.21
29.5701  1.28
29.5801  1.32
29.5901  1.23
29.6001  1.29
29.6101  1.31
29.6201  1.25
29.6301  1.24
29.6401  1.25
29.6501  1.35
29.6601  1.22
29.6701  1.3
29.6801  1.27
29.6901  1.27
29.7001  1.3
29.7101  1.31
29.7201  1.2
29.7301  1.31
29.7401  1.28
29.7501  1.22
29.7601  1.28
29.7701  1.2
29.7801  1.3
29.7901  1.24
29.8001  1.41
29.8101  1.34
29.8201  1.27
29.8301  1.26
29.8401  1.29
29.8501  1.24
29.8601  1.24
29.8701  1.36
29.8801  1.27
29.8901  1.28
29.9001  1.28
29.9101  1.3
29.9201  1.23
29.9301  1.29
29.9401  1.31
29.9501  1.36
29.9601  1.21
29.9701  1.27
29.9801  1.29
29.9901  1.31
30.0001  1.28
30.0101  1.26
30.0201  1.3
30.0301  1.32
30.0401  1.27
30.0501  1.3
30.0601  1.22
30.0701  1.35
30.0801  1.2
30.0901  1.33
30.1001  1.28
30.1101  1.24
30.1201  1.29
30.1301  1.28
30.1401  1.24
30.1501  1.24
30.1601  1.34
30.1701  1.32
30.1801  1.26
30.1901  1.3
30.2001  1.3
30.2101  1.29
30.2201  1.33
30.2301  1.24
30.2401  1.31
30.2501  1.29
30.2601  1.3
30.2701  1.24
30.2801  1.28
30.2901  1.3
30.3001  1.32
30.3101  1.22
30.3201  1.24
30.3301  1.24
30.3401  1.33
30.3501  1.31
30.3601  1.26
30.3701  1.25
30.3801  1.29
30.3901  1.24
30.4001  1.31
30.4101  1.17
30.4201  1.33
30.4301  1.31
30.4401  1.3
30.4501  1.28
30.4601  1.27
30.4701  1.22
30.4801  1.32
30.4901  1.27
30.5001  1.3
30.5101  1.23
30.5201  1.34
30.5301  1.24
30.5401  1.33
30.5501  1.27
30.5601  1.23
30.5701  1.25
30.5801  1.26
30.5901  1.25
30.6001  1.31
30.6101  1.33
30.6201  1.27
30.6301  1.29
30.6401  1.29
30.6501  1.28
30.6601  1.2
30.6701  1.38
30.6801  1.26
30.6901  1.2
30.7001  1.36
30.7101  1.24
30.7201  1.22
30.7301  1.22
30.7401  1.33
30.7501  1.27
30.7601  1.29
30.7701  1.25
30.7801  1.25
30.7901  1.25
30.8001  1.25
30.8101  1.37
30.8201  1.28
30.8301  1.23
30.8401  1.31
30.8501  1.24
30.8601  1.28
30.8701  1.27
30.8801  1.31
30.8901  1.28
30.9001  1.26
30.9101  1.27
30.9201  1.33
30.9301  1.29
30.9401  1.23
30.9501  1.32
30.9601  1.26
30.9701  1.33
30.9801  1.26
30.9901  1.26
31.0001  1.29
31.0101  1.27
31.0201  1.29
31.0301  1.22
31.0401  1.31
31.0501  1.24
31.0601  1.39
31.0701  1.23
31.0801  1.24
31.0901  1.29
31.1001  1.27
31.1101  1.26
31.1201  1.34
31.1301  1.2
31.1401  1.31
31.1501  1.29
31.1601  1.35
31.1701  1.29
31.1801  1.24
31.1901  1.31
31.2001  1.27
31.2101  1.33
31.2201  1.24
31.2301  1.29
31.2401  1.23
31.2501  1.31
31.2601  1.28
31.2701  1.26
31.2801  1.32
31.2901  1.3
31.3001  1.27
31.3101  1.29
31.3201  1.32
31.3301  1.26
31.3401  1.28
31.3501  1.27
31.3601  1.25
31.3701  1.31
31.3801  1.24
31.3901  1.28
31.4001  1.26
31.4101  1.29
31.4201  1.37
31.4301  1.24
31.4401  1.28
31.4501  1.24
31.4601  1.29
31.4701  1.29
31.4801  1.25
31.4901  1.29
31.5001  1.28
31.5101  1.32
31.5201  1.26
31.5301  1.27
31.5401  1.3
31.5501  1.31
31.5601  1.25
31.5701  1.3
31.5801  1.23
31.5901  1.25
31.6001  1.31
31.6101  1.25
31.6201  1.29
31.6301  1.27
31.6401  1.2
31.6501  1.3
31.6601  1.27
31.6701  1.38
31.6801  1.17
31.6901  1.35
31.7001  1.27
31.7101  1.33
31.7201  1.21
31.7301  1.29
31.7401  1.3
31.7501  1.31
31.7601  1.23
31.7701  1.32
31.7801  1.27
31.7901  1.26
31.8001  1.29
31.8101  1.24
31.8201  1.21
31.8301  1.33
31.8401  1.31
31.8501  1.2
31.8601  1.23
31.8701  1.33
31.8801  1.28
31.8901  1.29
31.9001  1.25
31.9101  1.26
31.9201  1.31
31.9301  1.23
31.9401  1.29
31.9501  1.28
31.9601  1.29
31.9701  1.31
31.9801  1.25
31.9901  1.27
32.0001  1.25
32.0101  1.26
32.0201  1.3
32.0301  1.29
32.0401  1.28
32.0501  1.26
32.0601  1.28
32.0701  1.3
32.0801  1.29
32.0901  1.29
32.1001  1.33
32.1101  1.23
32.1201  1.26
32.1301  1.27
32.1401  1.25
32.1501  1.29
32.1601  1.27
32.1701  1.33
32.1801  1.24
32.1901  1.3
32.2001  1.29
32.2101  1.25
32.2201  1.27
32.2301  1.3
32.2401  1.24
32.2501  1.28
32.2601  1.29
32.2701  1.24
32.2801  1.28
32.2901  1.31
32.3001  1.27
32.3101  1.3
32.3201  1.27
32.3301  1.32
32.3401  1.22
32.3501  1.33
32.3601  1.27
32.3701  1.33
32.3801  1.2
32.3901  1.36
32.4001  1.3
32.4101  1.3
32.4201  1.28
32.4301  1.25
32.4401  1.3
32.4501  1.26
32.4601  1.33
32.4701  1.2
32.4801  1.27
32.4901  1.25
32.5001  1.36
32.5101  1.26
32.5201  1.26
32.5301  1.27
32.5401  1.26
32.5501  1.31
32.5601  1.24
32.5701  1.3
32.5801  1.33
32.5901  1.27
32.6001  1.27
32.6101  1.25
32.6201  1.3
32.6301  1.29
32.6401  1.28
32.6501  1.23
32.6601  1.29
32.6701  1.29
32.6801  1.3
32.6901  1.25
32.7001  1.29
32.7101  1.23
32.7201  1.27
32.7301  1.32
32.7401  1.25
32.7501  1.34
32.7601  1.25
32.7701  1.32
32.7801  1.27
32.7901  1.34
32.8001  1.22
32.8101  1.31
32.8201  1.26
32.8301  1.33
32.8401  1.26
32.8501  1.25
32.8601  1.29
32.8701  1.22
32.8801  1.24
32.8901  1.3
32.9001  1.24
32.9101  1.35
32.9201  1.28
32.9301  1.22
32.9401  1.17
32.9501  1.37
32.9601  1.3
32.9701  1.24
32.9801  1.29
32.9901  1.26
33.0001  1.24
33.0101  1.35
33.0201  1.27
33.0301  1.31
33.0401  1.33
33.0501  1.3
33.0601  1.21
33.0701  1.19
33.0801  1.32
33.0901  1.27
33.1001  1.24
33.1101  1.26
33.1201  1.32
33.1301  1.28
33.1401  1.25
33.1501  1.3
33.1601  1.3
33.1701  1.31
33.1801  1.24
33.1901  1.29
33.2001  1.32
33.2101  1.19
33.2201  1.23
33.2301  1.38
33.2401  1.25
33.2501  1.26
33.2601  1.3
33.2701  1.29
33.2801  1.29
33.2901  1.27
33.3001  1.26
33.3101  1.33
33.3201  1.25
33.3301  1.23
33.3401  1.28
33.3501  1.26
33.3601  1.3
33.3701  1.34
33.3801  1.22
33.3901  1.25
33.4001  1.25
33.4101  1.34
33.4201  1.28
33.4301  1.38
33.4401  1.18
33.4501  1.31
33.4601  1.3
33.4701  1.26
33.4801  1.27
33.4901  1.29
33.5001  1.25
33.5101  1.27
33.5201  1.32
33.5301  1.26
33.5401  1.3
33.5501  1.34
33.5601  1.23
33.5701  1.26
33.5801  1.28
33.5901  1.28
33.6001  1.28
33.6101  1.29
33.6201  1.26
33.6301  1.29
33.6401  1.3
33.6501  1.3
33.6601  1.32
33.6701  1.29
33.6801  1.24
33.6901  1.28
33.7001  1.24
33.7101  1.27
33.7201  1.31
33.7301  1.24
33.7401  1.36
33.7501  1.28
33.7601  1.24
33.7701  1.26
33.7801  1.27
33.7901  1.29
33.8001  1.24
33.8101  1.34
33.8201  1.3
33.8301  1.24
33.8401  1.31
33.8501  1.25
33.8601  1.2
33.8701  1.31
33.8801  1.35
33.8901  1.28
33.9001  1.27
33.9101  1.33
33.9201  1.3
33.9301  1.26
33.9401  1.34
33.9501  1.2
33.9601  1.29
33.9701  1.31
33.9801  1.26
33.9901  1.23
34.0001  1.28
34.0101  1.29
34.0201  1.26
34.0301  1.24
34.0401  1.25
34.0501  1.29
34.0601  1.27
34.0701  1.25
34.0801  1.29
34.0901  1.32
34.1001  1.21
34.1101  1.33
34.1201  1.31
34.1301  1.3
34.1401  1.22
34.1501  1.29
34.1601  1.23
34.1701  1.31
34.1801  1.28
34.1901  1.23
34.2001  1.32
34.2101  1.24
34.2201  1.27
34.2301  1.32
34.2401  1.31
34.2501  1.26
34.2601  1.27
34.2701  1.31
34.2801  1.25
34.2901  1.29
34.3001  1.34
34.3101  1.19
34.3201  1.28
34.3301  1.28
34.3401  1.26
34.3501  1.27
34.3601  1.18
34.3701  1.31
34.3801  1.38
34.3901  1.24
34.4001  1.25
34.4101  1.24
34.4201  1.28
34.4301  1.31
34.4401  1.3
34.4501  1.27
34.4601  1.28
34.4701  1.26
34.4801  1.3
34.4901  1.25
34.5  1.26
34.51  1.29
34.52  1.27
34.53  1.33
34.54  1.23
34.55  1.25
34.56  1.3
34.57  1.24
34.58  1.34
34.59  1.26
34.6  1.32
34.61  1.22
34.62  1.34
34.63  1.24
34.64  1.31
34.65  1.23
34.66  1.31
34.67  1.28
34.68  1.29
34.69  1.29
34.7  1.24
34.71  1.32
34.72  1.24
34.73  1.29
34.74  1.28
34.75  1.27
34.76  1.28
34.77  1.26
34.78  1.31
34.79  1.32
34.8  1.29
34.81  1.29
34.82  1.25
34.83  1.25
34.84  1.32
34.85  1.26
34.86  1.31
34.87  1.27
34.88  1.28
34.89  1.27
34.9  1.25
34.91  1.3
34.92  1.3
34.93  1.3
34.94  1.23
34.95  1.3
34.96  1.26
34.97  1.25
34.98  1.29
34.99  1.37
35  1.28
35.01  1.25
35.02  1.3
35.03  1.33
35.04  1.23
35.05  1.23
35.06  1.35
35.07  1.25
35.08  1.3
35.09  1.24
35.1  1.24
35.11  1.31
35.12  1.24
35.13  1.24
35.14  1.29
35.15  1.33
35.16  1.22
35.17  1.35
35.18  1.21
35.19  1.29
35.2  1.29
35.21  1.33
35.22  1.26
35.23  1.29
35.24  1.25
35.25  1.26
35.26  1.27
35.27  1.27
35.28  1.27
35.29  1.28
35.3  1.32
35.31  1.25
35.32  1.31
35.33  1.24
35.34  1.27
35.35  1.27
35.36  1.29
35.37  1.31
35.38  1.27
35.39  1.21
35.4  1.29
35.41  1.31
35.42  1.24
35.43  1.32
35.44  1.27
35.45  1.29
35.46  1.29
35.47  1.27
35.48  1.25
35.49  1.29
35.5  1.28
35.51  1.25
35.52  1.28
35.53  1.27
35.54  1.26
35.55  1.27
35.56  1.28
35.57  1.26
35.58  1.25
35.59  1.26
35.6  1.32
35.61  1.28
35.62  1.27
35.63  1.28
35.64  1.32
35.65  1.27
35.66  1.29
35.67  1.27
35.68  1.27
35.69  1.23
35.7  1.33
35.71  1.26
35.72  1.3
35.73  1.27
35.74  1.33
35.75  1.3
35.76  1.22
35.77  1.29
35.78  1.3
35.79  1.27
35.8  1.26
35.81  1.23
35.82  1.33
35.83  1.29
35.84  1.29
35.85  1.26
35.86  1.32
35.87  1.24
35.88  1.32
35.89  1.27
35.9  1.29
35.91  1.25
35.92  1.28
35.93  1.28
35.94  1.29
35.95  1.32
35.96  1.18
35.97  1.26
35.98  1.35
35.99  1.27
36  1.27
36.01  1.27
36.02  1.28
36.03  1.29
36.04  1.32
36.05  1.21
36.06  1.34
36.07  1.31
36.08  1.32
36.09  1.21
36.1  1.37
36.11  1.16
36.12  1.37
36.13  1.28
36.14  1.29
36.15  1.27
36.16  1.28
36.17  1.26
36.18  1.32
36.19  1.25
36.2  1.27
36.21  1.27
36.22  1.29
36.23  1.21
36.24  1.29
36.25  1.3
36.26  1.26
36.27  1.29
36.28  1.28
36.29  1.27
36.3  1.32
36.31  1.28
36.32  1.25
36.33  1.26
36.34  1.33
36.35  1.26
36.36  1.29
36.37  1.26
36.38  1.31
36.39  1.23
36.4  1.26
36.41  1.31
36.42  1.32
36.43  1.25
36.44  1.29
36.45  1.26
36.46  1.3
36.47  1.24
36.48  1.25
36.49  1.28
36.5  1.33
36.51  1.23
36.52  1.28
36.53  1.36
36.54  1.18
36.55  1.31
36.56  1.25
36.57  1.24
36.58  1.29
36.59  1.27
36.6  1.29
36.61  1.27
36.62  1.28
36.63  1.26
36.64  1.23
36.65  1.3
36.66  1.24
36.67  1.32
36.68  1.28
36.69  1.3
36.7  1.32
36.71  1.29
36.72  1.28
36.73  1.21
36.74  1.27
36.75  1.2
36.76  1.36
36.77  1.28
36.78  1.2
36.79  1.34
36.8  1.28
36.81  1.25
36.82  1.35
36.83  1.2
36.84  1.34
36.85  1.31
36.86  1.15
36.87  1.3
36.88  1.27
36.89  1.28
36.9  1.28
36.91  1.33
36.92  1.25
36.93  1.27
36.94  1.37
36.95  1.2
36.96  1.26
36.97  1.37
36.98  1.23
36.99  1.27
37  1.3
37.01  1.31
37.02  1.24
37.03  1.26
37.04  1.27
37.05  1.26
37.06  1.31
37.07  1.29
37.08  1.17
37.09  1.44
37.1  1.26
37.11  1.23
37.12  1.32
37.13  1.23
37.14  1.27
37.15  1.29
37.16  1.3
37.17  1.26
37.18  1.26
37.19  1.33
37.2  1.25
37.21  1.37
37.22  1.21
37.23  1.27
37.24  1.32
37.25  1.26
37.26  1.37
37.27  1.26
37.28  1.25
37.29  1.31
37.3  1.21
37.31  1.32
37.32  1.26
37.33  1.35
37.34  1.24
37.35  1.28
37.36  1.23
37.37  1.28
37.38  1.27
37.39  1.3
37.4  1.28
37.41  1.25
37.42  1.24
37.43  1.29
37.44  1.33
37.45  1.32
37.46  1.26
37.47  1.22
37.48  1.32
37.49  1.3
37.5  1.26
37.51  1.26
37.52  1.26
37.53  1.28
37.54  1.31
37.55  1.23
37.56  1.33
37.57  1.26
37.58  1.27
37.59  1.23
37.6  1.34
37.61  1.25
37.62  1.32
37.63  1.3
37.64  1.28
37.65  1.26
37.66  1.22
37.67  1.32
37.68  1.23
37.69  1.24
37.7  1.26
37.71  1.36
37.72  1.29
37.73  1.24
37.74  1.23
37.75  1.32
37.76  1.23
37.77  1.36
37.78  1.32
37.79  1.19
37.8  1.23
37.81  1.38
37.82  1.26
37.83  1.28
37.84  1.24
37.85  1.25
37.86  1.26
37.87  1.28
37.88  1.25
37.89  1.34
37.9  1.23
37.91  1.26
37.92  1.32
37.93  1.34
37.94  1.14
37.95  1.39
37.96  1.3
37.97  1.28
37.98  1.2
37.99  1.31
38  1.24
38.01  1.29
38.02  1.27
38.03  1.29
38.04  1.29
38.05  1.27
38.06  1.36
38.07  1.32
38.08  1.26
38.09  1.31
38.1  1.19
38.11  1.23
38.12  1.31
38.13  1.27
38.14  1.25
38.15  1.31
38.16  1.24
38.17  1.21
38.18  1.37
38.19  1.25
38.2  1.28
38.21  1.25
38.22  1.3
38.23  1.3
38.24  1.37
38.25  1.19
38.26  1.35
38.27  1.31
38.28  1.26
38.29  1.31
38.3  1.29
38.31  1.27
38.32  1.25
38.33  1.22
38.34  1.3
38.35  1.26
38.36  1.4
38.37  1.26
38.38  1.28
38.39  1.23
38.4  1.3
38.41  1.27
38.42  1.28
38.43  1.31
38.44  1.26
38.45  1.27
38.46  1.26
38.47  1.28
38.48  1.3
38.49  1.26
38.5  1.24
38.51  1.3
38.52  1.25
38.53  1.36
38.54  1.3
38.55  1.23
38.56  1.35
38.57  1.3
38.58  1.17
38.59  1.3
38.6  1.36
38.61  1.26
38.62  1.27
38.63  1.23
38.64  1.29
38.65  1.28
38.66  1.19
38.67  1.28
38.68  1.29
38.69  1.3
38.7  1.28
38.71  1.31
38.72  1.29
38.73  1.24
38.74  1.33
38.75  1.29
38.76  1.23
38.77  1.26
38.78  1.28
38.79  1.3
38.8  1.26
38.81  1.32
38.82  1.26
38.83  1.25
38.84  1.26
38.85  1.3
38.86  1.24
38.87  1.33
38.88  1.24
38.89  1.3
38.9  1.29
38.91  1.24
38.92  1.25
38.93  1.29
38.94  1.32
38.95  1.25
38.96  1.32
38.97  1.19
38.98  1.28
38.99  1.36
39  1.16
39.01  1.37
39.02  1.2
39.03  1.32
39.04  1.25
39.05  1.28
39.06  1.28
39.07  1.22
39.08  1.34
39.09  1.26
39.1  1.3
39.11  1.23
39.12  1.32
39.13  1.22
39.14  1.37
39.15  1.26
39.16  1.32
39.17  1.23
39.18  1.28
39.19  1.28
39.2  1.34
39.21  1.24
39.22  1.25
39.23  1.27
39.24  1.29
39.25  1.26
39.26  1.26
39.27  1.29
39.28  1.25
39.29  1.22
39.3  1.28
39.31  1.37
39.32  1.28
39.33  1.31
39.34  1.26
39.35  1.25
39.36  1.28
39.37  1.27
39.38  1.29
39.39  1.31
39.4  1.22
39.41  1.31
39.42  1.22
39.43  1.3
39.44  1.29
39.45  1.37
39.46  1.26
39.47  1.3
39.48  1.26
39.49  1.27
39.5  1.34
39.51  1.22
39.52  1.28
39.53  1.24
39.54  1.39
39.55  1.22
39.56  1.3
39.57  1.22
39.58  1.29
39.59  1.28
39.6  1.31
39.61  1.29
39.62  1.23
39.63  1.29
39.64  1.29
39.65  1.25
39.66  1.28
39.67  1.31
39.68  1.21
39.69  1.35
39.7  1.23
39.71  1.29
39.72  1.26
39.73  1.3
39.74  1.27
39.75  1.26
39.76  1.23
39.77  1.35
39.78  1.26
39.79  1.31
39.8  1.28
39.81  1.27
39.82  1.29
39.83  1.24
39.84  1.33
39.85  1.34
39.86  1.29
39.87  1.2
39.88  1.34
39.89  1.24
39.9  1.32
39.91  1.25
39.92  1.24
39.93  1.29
39.94  1.21
39.95  1.28
39.96  1.22
39.97  1.3
39.98  1.31
39.99  1.33
40  1.27
40.01  1.24
40.02  1.32
40.03  1.3
40.04  1.22
40.05  1.3
40.06  1.27
40.07  1.31
40.08  1.24
40.09  1.25
40.1  1.3
40.11  1.29
40.12  1.27
40.13  1.23
40.14  1.28
40.15  1.3
40.16  1.3
40.17  1.31
40.18  1.29
40.19  1.28
40.2  1.27
40.21  1.22
40.22  1.3
40.23  1.19
40.24  1.34
40.25  1.31
40.26  1.27
40.27  1.3
40.28  1.24
40.29  1.29
40.3  1.34
40.31  1.27
40.32  1.23
40.33  1.23
40.34  1.31
40.35  1.31
40.36  1.22
40.37  1.38
40.38  1.24
40.39  1.26
40.4  1.29
40.41  1.23
40.42  1.34
40.43  1.19
40.44  1.36
40.45  1.23
40.46  1.33
40.47  1.25
40.48  1.27
40.49  1.29
40.5  1.36
40.51  1.31
40.52  1.21
40.53  1.26
40.54  1.26
40.55  1.22
40.56  1.36
40.57  1.27
40.58  1.3
40.59  1.3
40.6  1.25
40.61  1.25
40.62  1.32
40.63  1.28
40.64  1.28
40.65  1.28
40.66  1.26
40.67  1.33
40.68  1.31
40.69  1.26
40.7  1.29
40.71  1.29
40.72  1.28
40.73  1.23
40.74  1.34
40.75  1.19
40.76  1.32
40.77  1.28
40.78  1.31
40.79  1.21
40.8  1.25
40.81  1.28
40.82  1.3
40.83  1.33
40.84  1.26
40.85  1.29
40.86  1.26
40.87  1.28
40.88  1.28
40.89  1.34
40.9  1.21
40.91  1.29
40.92  1.24
40.93  1.3
40.94  1.29
40.95  1.3
40.96  1.24
40.97  1.3
40.98  1.27
40.99  1.31
41  1.35
41.01  1.27
41.02  1.22
41.03  1.29
41.04  1.25
41.05  1.26
41.06  1.25
41.07  1.32
41.08  1.24
41.09  1.31
41.1  1.29
41.11  1.25
41.12  1.26
41.13  1.36
41.14  1.25
41.15  1.24
41.16  1.35
41.17  1.34
41.18  1.22
41.19  1.22
41.2  1.22
41.21  1.31
41.22  1.22
41.23  1.34
41.24  1.18
41.25  1.34
41.26  1.27
41.27  1.22
41.28  1.36
41.29  1.27
41.3  1.25
41.31  1.27
41.32  1.28
41.33  1.26
41.34  1.31
41.35  1.27
41.36  1.33
41.37  1.31
41.38  1.28
41.39  1.21
41.4  1.31
41.41  1.34
41.42  1.25
41.43  1.24
41.44  1.27
41.45  1.23
41.46  1.39
41.47  1.25
41.48  1.25
41.49  1.24
41.5  1.3
41.51  1.25
41.52  1.3
41.53  1.25
41.54  1.2
41.55  1.3
41.56  1.32
41.57  1.25
41.58  1.36
41.59  1.17
41.6  1.28
41.61  1.28
41.62  1.27
41.63  1.32
41.64  1.31
41.65  1.3
41.66  1.29
41.67  1.26
41.68  1.29
41.69  1.27
41.7  1.28
41.71  1.28
41.72  1.29
41.73  1.28
41.74  1.21
41.75  1.31
41.76  1.27
41.77  1.22
41.78  1.32
41.79  1.29
41.8  1.32
41.81  1.3
41.82  1.29
41.83  1.26
41.84  1.28
41.85  1.26
41.86  1.29
41.87  1.28
41.88  1.29
41.89  1.23
41.9  1.29
41.91  1.27
41.92  1.28
41.93  1.27
41.94  1.25
41.95  1.31
41.96  1.32
41.97  1.18
41.98  1.31
41.99  1.27
42  1.3
42.01  1.35
42.02  1.23
42.03  1.33
42.04  1.29
42.05  1.21
42.06  1.32
42.07  1.27
42.08  1.25
42.09  1.34
42.1  1.26
42.11  1.26
42.12  1.26
42.13  1.33
42.14  1.25
42.15  1.34
42.16  1.26
42.17  1.26
42.18  1.23
42.19  1.36
42.2  1.25
42.21  1.28
42.22  1.25
42.23  1.28
42.24  1.24
42.25  1.34
42.26  1.24
42.27  1.24
42.28  1.35
42.29  1.34
42.3  1.31
42.31  1.26
42.32  1.26
42.33  1.25
42.34  1.2
42.35  1.3
42.36  1.31
42.37  1.31
42.38  1.24
42.39  1.33
42.4  1.23
42.41  1.25
42.42  1.4
42.43  1.22
42.44  1.24
42.45  1.27
42.46  1.24
42.47  1.33
42.48  1.34
42.49  1.22
42.5  1.22
42.51  1.28
42.52  1.34
42.53  1.25
42.54  1.36
42.55  1.31
42.56  1.25
42.57  1.29
42.58  1.18
42.59  1.32
42.6  1.26
42.61  1.25
42.62  1.25
42.63  1.27
42.64  1.32
42.65  1.25
42.66  1.29
42.67  1.22
42.68  1.33
42.69  1.32
42.7  1.23
42.71  1.26
42.72  1.35
42.73  1.25
42.74  1.36
42.75  1.22
42.76  1.27
42.77  1.23
42.78  1.29
42.79  1.31
42.8  1.25
42.81  1.25
42.82  1.27
42.83  1.22
42.84  1.32
42.85  1.25
42.86  1.28
42.87  1.37
42.88  1.21
42.89  1.31
42.9  1.28
42.91  1.34
42.92  1.23
42.93  1.28
42.94  1.34
42.95  1.24
42.96  1.33
42.97  1.23
42.98  1.25
42.99  1.22
43  1.33
43.01  1.26
43.02  1.34
43.03  1.24
43.04  1.3
43.05  1.18
43.06  1.35
43.07  1.27
43.08  1.27
43.09  1.21
43.1  1.31
43.11  1.33
43.12  1.26
43.13  1.2
43.14  1.35
43.15  1.28
43.16  1.25
43.17  1.33
43.18  1.27
43.19  1.29
43.2  1.27
43.21  1.28
43.22  1.28
43.23  1.26
43.24  1.33
43.25  1.31
43.26  1.24
43.27  1.22
43.28  1.31
43.29  1.31
43.3  1.28
43.31  1.26
43.32  1.26
43.33  1.31
43.34  1.29
43.35  1.28
43.36  1.29
43.37  1.24
43.38  1.32
43.39  1.21
43.4  1.28
43.41  1.31
43.42  1.24
43.43  1.33
43.44  1.26
43.45  1.31
43.46  1.26
43.47  1.26
43.48  1.31
43.49  1.28
43.5  1.29
43.51  1.3
43.52  1.22
43.53  1.22
43.54  1.25
43.55  1.26
43.56  1.34
43.57  1.28
43.58  1.28
43.59  1.24
43.6  1.34
43.61  1.28
43.62  1.32
43.63  1.28
43.64  1.26
43.65  1.29
43.66  1.26
43.67  1.28
43.68  1.38
43.69  1.21
43.7  1.3
43.71  1.3
43.72  1.22
43.73  1.25
43.74  1.29
43.75  1.29
43.76  1.31
43.77  1.21
43.78  1.31
43.79  1.26
43.8  1.22
43.81  1.31
43.82  1.26
43.83  1.33
43.84  1.25
43.85  1.28
43.86  1.28
43.87  1.27
43.88  1.25
43.89  1.26
43.9  1.27
43.91  1.36
43.92  1.22
43.93  1.31
43.94  1.28
43.95  1.27
43.96  1.34
43.97  1.2
43.98  1.32
43.99  1.21
44  1.33
44.01  1.27
44.02  1.27
44.03  1.28
44.04  1.26
44.05  1.29
44.06  1.32
44.07  1.2
44.08  1.33
44.09  1.41
44.1  1.24
44.11  1.24
44.12  1.26
44.13  1.32
44.14  1.25
44.15  1.21
44.16  1.3
44.17  1.22
44.18  1.26
44.19  1.26
44.2  1.3
44.21  1.29
44.22  1.33
44.23  1.28
44.24  1.24
44.25  1.32
44.26  1.27
44.27  1.22
44.28  1.33
44.29  1.26
44.3  1.31
44.31  1.31
44.32  1.27
44.33  1.25
44.34  1.29
44.35  1.27
44.36  1.31
44.37  1.27
44.38  1.26
44.39  1.32
44.4  1.24
44.41  1.28
44.42  1.29
44.43  1.23
44.44  1.33
44.45  1.24
44.46  1.28
44.47  1.29
44.48  1.36
44.49  1.15
44.5  1.35
44.51  1.28
44.52  1.29
44.53  1.27
44.54  1.23
44.55  1.35
44.56  1.26
44.57  1.33
44.58  1.18
44.59  1.34
44.6  1.28
44.61  1.28
44.62  1.25
44.63  1.32
44.64  1.23
44.65  1.26
44.66  1.35
44.67  1.27
44.68  1.18
44.69  1.28
44.7  1.34
44.71  1.23
44.72  1.29
44.73  1.24
44.74  1.28
44.75  1.39
44.76  1.27
44.77  1.24
44.78  1.31
44.79  1.3
44.8  1.29
44.81  1.24
44.82  1.32
44.83  1.23
44.84  1.22
44.85  1.3
44.86  1.33
44.87  1.27
44.88  1.25
44.89  1.36
44.9  1.26
44.91  1.21
44.92  1.28
44.93  1.31
44.94  1.28
44.95  1.24
44.96  1.31
44.97  1.23
44.98  1.3
44.99  1.33
45  1.28
45.01  1.17
45.02  1.29
45.03  1.31
45.04  1.29
45.05  1.27
45.06  1.31
45.07  1.21
45.08  1.27
45.09  1.3
45.1  1.25
45.11  1.3
45.12  1.32
45.13  1.27
45.14  1.31
45.15  1.22
45.16  1.3
45.17  1.23
45.18  1.29
45.19  1.32
45.2  1.25
45.21  1.27
45.22  1.33
45.23  1.29
45.24  1.28
45.25  1.26
45.26  1.27
45.27  1.24
45.28  1.3
45.29  1.22
45.3  1.32
45.31  1.27
45.32  1.22
45.33  1.36
45.34  1.25
45.35  1.31
45.36  1.22
45.37  1.26
45.38  1.36
45.39  1.33
45.4  1.23
45.41  1.29
45.42  1.24
45.43  1.21
45.44  1.31
45.45  1.34
45.46  1.18
45.47  1.29
45.48  1.3
45.49  1.27
45.5  1.26
45.51  1.38
45.52  1.25
45.53  1.26
45.54  1.27
45.55  1.24
45.56  1.25
45.57  1.32
45.58  1.27
45.59  1.35
45.6  1.28
45.61  1.28
45.62  1.27
45.63  1.24
45.64  1.36
45.65  1.24
45.66  1.35
45.67  1.2
45.68  1.31
45.69  1.25
45.7  1.29
45.71  1.24
45.72  1.26
45.73  1.24
45.74  1.28
45.75  1.26
45.76  1.31
45.77  1.32
45.78  1.26
45.79  1.3
45.8  1.21
45.81  1.31
45.82  1.24
45.83  1.29
45.84  1.24
45.85  1.29
45.86  1.32
45.87  1.3
45.88  1.31
45.89  1.28
45.9  1.31
45.91  1.29
45.92  1.25
45.93  1.27
45.94  1.21
45.95  1.29
45.96  1.31
45.97  1.3
45.98  1.31
45.99  1.23
46  1.31
46.01  1.21
46.02  1.32
46.03  1.28
46.04  1.31
46.05  1.3
46.06  1.27
46.07  1.26
46.08  1.24
46.09  1.27
46.1  1.28
46.11  1.27
46.12  1.39
46.13  1.21
46.14  1.22
46.15  1.33
46.16  1.27
46.17  1.26
46.18  1.27
46.19  1.35
46.2  1.21
46.21  1.3
46.22  1.21
46.23  1.33
46.24  1.23
46.25  1.31
46.26  1.3
46.27  1.27
46.28  1.33
46.29  1.19
46.3  1.3
46.31  1.3
46.32  1.33
46.33  1.24
46.34  1.31
46.35  1.31
46.36  1.26
46.37  1.31
46.38  1.28
46.39  1.21
46.4  1.21
46.41  1.35
46.42  1.25
46.43  1.29
46.44  1.29
46.45  1.21
46.46  1.33
46.47  1.21
46.48  1.34
46.49  1.24
46.5  1.34
46.51  1.29
46.52  1.25
46.53  1.26
46.54  1.3
46.55  1.32
46.56  1.26
46.57  1.33
46.58  1.27
46.59  1.18
46.6  1.24
46.61  1.32
46.62  1.29
46.63  1.35
46.64  1.21
46.65  1.25
46.66  1.19
46.67  1.41
46.68  1.3
46.69  1.26
46.7  1.27
46.71  1.26
46.72  1.38
46.73  1.24
46.74  1.24
46.75  1.23
46.76  1.29
46.77  1.37
46.78  1.2
46.79  1.3
46.8  1.26
46.81  1.25
46.82  1.35
46.83  1.27
46.84  1.29
46.85  1.24
46.86  1.3
46.87  1.25
46.88  1.27
46.89  1.3
46.9  1.3
46.91  1.27
46.92  1.27
46.93  1.29
46.94  1.22
46.95  1.31
46.96  1.26
46.97  1.25
46.98  1.29
46.99  1.27
47  1.31
47.01  1.27
47.02  1.27
47.03  1.32
47.04  1.28
47.05  1.28
47.06  1.29
47.07  1.23
47.08  1.27
47.09  1.3
47.1  1.23
47.11  1.3
47.12  1.26
47.13  1.29
47.14  1.31
47.15  1.28
47.16  1.28
47.17  1.25
47.18  1.35
47.19  1.25
47.2  1.29
47.21  1.29
47.22  1.31
47.23  1.25
47.24  1.33
47.25  1.22
47.26  1.26
47.27  1.25
47.28  1.28
47.29  1.26
47.3  1.25
47.31  1.25
47.32  1.29
47.33  1.3
47.34  1.32
47.35  1.24
47.36  1.3
47.37  1.2
47.38  1.29
47.39  1.26
47.4  1.31
47.41  1.29
47.42  1.26
47.43  1.29
47.44  1.33
47.45  1.22
47.46  1.28
47.47  1.31
47.48  1.31
47.49  1.29
47.5  1.27
47.51  1.27
47.52  1.25
47.53  1.37
47.54  1.22
47.55  1.3
47.56  1.26
47.57  1.29
47.58  1.28
47.59  1.23
47.6  1.28
47.61  1.26
47.62  1.31
47.63  1.25
47.64  1.29
47.65  1.28
47.66  1.23
47.67  1.23
47.68  1.34
47.69  1.29
47.7  1.31
47.71  1.3
47.72  1.26
47.73  1.27
47.74  1.31
47.75  1.31
47.76  1.24
47.77  1.26
47.78  1.3
47.79  1.26
47.8  1.3
47.81  1.32
47.82  1.19
47.83  1.28
47.84  1.29
47.85  1.25
47.86  1.33
47.87  1.34
47.88  1.24
47.89  1.27
47.9  1.25
47.91  1.28
47.92  1.3
47.93  1.34
47.94  1.22
47.95  1.32
47.96  1.33
47.97  1.24
47.98  1.33
47.99  1.2
48  1.3
48.01  1.33
48.02  1.16
48.03  1.34
48.04  1.24
48.05  1.3
48.06  1.25
48.07  1.27
48.08  1.29
48.09  1.37
48.1  1.22
48.11  1.26
48.12  1.29
48.13  1.31
48.14  1.27
48.15  1.31
48.16  1.29
48.17  1.32
48.18  1.24
48.19  1.28
48.2  1.25
48.21  1.32
48.22  1.33
48.23  1.23
48.24  1.29
48.25  1.22
48.26  1.3
48.27  1.26
48.28  1.25
48.29  1.3
48.3  1.26
48.31  1.28
48.32  1.31
48.33  1.31
48.34  1.28
48.35  1.26
48.36  1.31
48.37  1.28
48.38  1.33
48.39  1.26
48.4  1.26
48.41  1.23
48.42  1.23
48.43  1.31
48.44  1.24
48.45  1.33
48.46  1.23
48.47  1.28
48.48  1.26
48.49  1.31
48.5  1.24
48.51  1.31
48.52  1.29
48.53  1.28
48.54  1.23
48.55  1.29
48.56  1.3
48.57  1.3
48.58  1.26
48.59  1.31
48.6  1.24
48.61  1.3
48.62  1.22
48.63  1.31
48.64  1.2
48.65  1.37
48.66  1.37
48.67  1.24
48.68  1.26
48.69  1.27
48.7  1.25
48.71  1.27
48.72  1.23
48.73  1.26
48.74  1.32
48.75  1.26
48.76  1.29
48.77  1.28
48.78  1.27
48.79  1.28
48.8  1.23
48.81  1.28
48.82  1.3
48.83  1.35
48.84  1.27
48.85  1.28
48.86  1.23
48.87  1.25
48.88  1.28
48.89  1.33
48.9  1.23
48.91  1.33
48.92  1.22
48.93  1.32
48.94  1.3
48.95  1.21
48.96  1.23
48.97  1.25
48.98  1.35
48.99  1.22
49  1.3
49.01  1.34
49.02  1.22
49.03  1.34
49.04  1.27
49.05  1.26
49.06  1.19
49.07  1.35
49.08  1.3
49.09  1.26
49.1  1.35
49.11  1.26
49.12  1.35
49.13  1.22
49.14  1.31
49.15  1.17
49.16  1.36
49.17  1.29
49.18  1.28
49.19  1.31
49.2  1.18
49.21  1.33
49.22  1.28
49.23  1.26
49.24  1.27
49.25  1.31
49.26  1.23
49.27  1.23
49.28  1.29
49.29  1.31
49.3  1.28
49.31  1.29
49.32  1.25
49.33  1.38
49.34  1.23
49.35  1.27
49.36  1.29
49.37  1.22
49.38  1.32
49.39  1.26
49.4  1.33
49.41  1.21
49.42  1.28
49.43  1.32
49.44  1.26
49.45  1.29
49.46  1.25
49.47  1.31
49.48  1.3
49.49  1.31
49.5  1.23
49.51  1.31
49.52  1.29
49.53  1.36
49.54  1.28
49.55  1.28
49.56  1.21
49.57  1.26
49.58  1.27
49.59  1.2
49.6  1.34
49.61  1.28
49.62  1.19
49.63  1.3
49.64  1.31
49.65  1.28
49.66  1.32
49.67  1.24
49.68  1.28
49.69  1.34
49.7  1.26
49.71  1.28
49.72  1.29
49.73  1.19
49.74  1.28
49.75  1.29
49.76  1.29
49.77  1.35
49.78  1.26
49.79  1.29
49.8  1.19
49.81  1.33
49.82  1.3
49.83  1.35
49.84  1.24
49.85  1.23
49.86  1.33
49.87  1.26
49.88  1.28
49.89  1.27
49.9  1.33
49.91  1.23
49.92  1.25
49.93  1.3
49.94  1.26
49.95  1.29
49.96  1.31
49.97  1.26
49.98  1.31
49.99  1.26
50  1.25
50.01  1.29
50.02  1.25
50.03  1.31
50.04  1.23
50.05  1.25
50.06  1.33
50.07  1.28
50.08  1.23
50.09  1.37
50.1  1.24
50.11  1.27
50.12  1.32
50.13  1.2
50.14  1.33
50.15  1.25
50.16  1.3
50.17  1.31
50.18  1.3
50.19  1.21
50.2  1.33
50.21  1.35
50.22  1.2
50.23  1.27
50.24  1.27
50.25  1.36
50.26  1.27
50.27  1.27
50.28  1.2
50.29  1.29
50.3  1.31
50.31  1.25
50.32  1.32
50.33  1.2
50.34  1.31
50.35  1.27
50.36  1.28
50.37  1.21
50.38  1.32
50.39  1.23
50.4  1.34
50.41  1.27
50.42  1.34
50.43  1.25
50.44  1.23
50.45  1.35
50.46  1.3
50.47  1.23
50.48  1.29
50.49  1.3
50.5  1.25
50.51  1.28
50.52  1.3
50.53  1.18
50.54  1.28
50.55  1.23
50.56  1.31
50.57  1.29
50.58  1.25
50.59  1.28
50.6  1.26
50.61  1.29
50.62  1.27
50.63  1.32
50.64  1.25
50.65  1.29
50.66  1.41
50.67  1.18
50.68  1.38
50.69  1.24
50.7  1.2
50.71  1.31
50.72  1.27
50.73  1.27
50.74  1.23
50.75  1.35
50.76  1.18
50.77  1.36
50.78  1.2
50.79  1.24
50.8  1.31
50.81  1.32
50.82  1.29
50.83  1.34
50.84  1.27
50.85  1.24
50.86  1.29
50.87  1.22
50.88  1.29
50.89  1.24
50.9  1.23
50.91  1.39
50.92  1.21
50.93  1.26
50.94  1.31
50.95  1.31
50.96  1.26
50.97  1.25
50.98  1.29
50.99  1.3
51  1.34
51.01  1.26
51.02  1.16
51.03  1.32
51.04  1.31
51.05  1.25
51.06  1.33
51.07  1.28
51.08  1.31
51.09  1.26
51.1  1.22
51.11  1.31
51.12  1.31
51.13  1.27
51.14  1.39
51.15  1.33
51.16  1.15
51.17  1.28
51.18  1.32
51.19  1.21
51.2  1.26
51.21  1.3
51.22  1.3
51.23  1.24
51.24  1.27
51.25  1.26
51.26  1.31
51.27  1.24
51.28  1.27
51.29  1.32
51.3  1.24
51.31  1.36
51.32  1.28
51.33  1.28
51.34  1.29
51.35  1.28
51.36  1.34
51.37  1.25
51.38  1.24
51.39  1.25
51.4  1.3
51.41  1.27
51.42  1.27
51.43  1.31
51.44  1.27
51.45  1.26
51.46  1.27
51.47  1.28
51.48  1.36
51.49  1.29
51.5  1.24
51.51  1.34
51.52  1.2
51.53  1.29
51.54  1.27
51.55  1.33
51.56  1.25
51.57  1.26
51.58  1.31
51.59  1.26
51.6  1.24
51.61  1.33
51.62  1.3
51.63  1.28
51.64  1.24
51.65  1.29
51.66  1.27
51.67  1.25
51.68  1.33
51.69  1.18
51.7  1.27
51.71  1.26
51.72  1.28
51.73  1.32
51.74  1.21
51.75  1.33
51.76  1.23
51.77  1.31
51.78  1.33
51.79  1.26
51.8  1.24
51.81  1.38
51.82  1.23
51.83  1.34
51.84  1.28
51.85  1.29
51.86  1.27
51.87  1.2
51.88  1.23
51.89  1.37
51.9  1.26
51.91  1.31
51.92  1.25
51.93  1.3
51.94  1.25
51.95  1.26
51.96  1.27
51.97  1.2
51.98  1.37
51.99  1.24
52  1.27
52.01  1.3
52.02  1.26
52.03  1.15
52.04  1.36
52.05  1.28
52.06  1.23
52.07  1.35
52.08  1.25
52.09  1.31
52.1  1.22
52.11  1.3
52.12  1.24
52.13  1.3
52.14  1.24
52.15  1.33
52.16  1.34
52.17  1.23
52.18  1.28
52.19  1.3
52.2  1.15
52.21  1.37
52.22  1.33
52.23  1.19
52.24  1.36
52.25  1.26
52.26  1.22
52.27  1.3
52.28  1.29
52.29  1.31
52.3  1.28
52.31  1.28
52.32  1.28
52.33  1.24
52.34  1.32
52.35  1.2
52.36  1.28
52.37  1.23
52.38  1.35
52.39  1.26
52.4  1.26
52.41  1.28
52.42  1.26
52.43  1.34
52.44  1.26
52.45  1.33
52.46  1.23
52.47  1.35
52.48  1.22
52.49  1.32
52.5  1.26
52.51  1.29
52.52  1.24
52.53  1.29
52.54  1.3
52.55  1.25
52.56  1.31
52.57  1.29
52.58  1.24
52.59  1.25
52.6  1.29
52.61  1.32
52.62  1.2
52.63  1.33
52.64  1.23
52.65  1.32
52.66  1.35
52.67  1.27
52.68  1.23
52.69  1.29
52.7  1.31
52.71  1.27
52.72  1.24
52.73  1.27
52.74  1.3
52.75  1.36
52.76  1.23
52.77  1.3
52.78  1.26
52.79  1.36
52.8  1.28
52.81  1.24
52.82  1.21
52.83  1.33
52.84  1.23
52.85  1.31
52.86  1.21
52.87  1.31
52.88  1.27
52.89  1.27
52.9  1.37
52.91  1.22
52.92  1.25
52.93  1.24
52.94  1.29
52.95  1.32
52.96  1.33
52.97  1.26
52.98  1.36
52.99  1.15
53  1.35
53.01  1.27
53.02  1.27
53.03  1.27
53.04  1.3
53.05  1.33
53.06  1.23
53.07  1.26
53.08  1.29
53.09  1.21
53.1  1.35
53.11  1.26
53.12  1.26
53.13  1.32
53.14  1.27
53.15  1.19
53.16  1.3
53.17  1.35
53.18  1.25
53.19  1.24
53.2  1.27
53.21  1.32
53.22  1.26
53.23  1.33
53.24  1.31
53.25  1.18
53.26  1.28
53.27  1.27
53.28  1.3
53.29  1.26
53.3  1.29
53.31  1.2
53.32  1.3
53.33  1.3
53.34  1.25
53.35  1.23
53.36  1.39
53.37  1.31
53.38  1.23
53.39  1.28
53.4  1.25
53.41  1.26
53.42  1.31
53.43  1.3
53.44  1.25
53.45  1.29
53.46  1.27
53.47  1.34
53.48  1.25
53.49  1.31
53.5  1.27
53.51  1.24
53.52  1.29
53.53  1.34
53.54  1.15
53.55  1.31
53.56  1.28
53.57  1.27
53.58  1.19
53.59  1.29
53.6  1.29
53.61  1.23
53.62  1.32
53.63  1.3
53.64  1.29
53.65  1.34
53.66  1.22
53.67  1.29
53.68  1.25
53.69  1.35
53.7  1.3
53.71  1.2
53.72  1.21
53.73  1.36
53.74  1.2
53.75  1.32
53.76  1.32
53.77  1.25
53.78  1.31
53.79  1.34
53.8  1.27
53.81  1.32
53.82  1.19
53.83  1.35
53.84  1.27
53.85  1.24
53.86  1.3
53.87  1.26
53.88  1.26
53.89  1.25
53.9  1.3
53.91  1.32
53.92  1.23
53.93  1.21
53.94  1.36
53.95  1.26
53.96  1.24
53.97  1.4
53.98  1.26
53.99  1.26
54  1.31
54.01  1.25
54.02  1.3
54.03  1.3
54.04  1.25
54.05  1.25
54.06  1.22
54.07  1.3
54.08  1.28
54.09  1.31
54.1  1.23
54.11  1.28
54.12  1.24
54.13  1.38
54.14  1.31
54.15  1.27
54.16  1.26
54.17  1.32
54.18  1.3
54.19  1.28
54.2  1.21
54.21  1.27
54.22  1.3
54.23  1.31
54.24  1.28
54.25  1.23
54.26  1.33
54.27  1.26
54.28  1.26
54.29  1.29
54.3  1.3
54.31  1.25
54.32  1.28
54.33  1.33
54.34  1.24
54.35  1.17
54.36  1.34
54.37  1.36
54.38  1.29
54.39  1.33
54.4  1.19
54.41  1.27
54.42  1.26
54.43  1.26
54.44  1.24
54.45  1.38
54.46  1.2
54.47  1.33
54.48  1.21
54.49  1.27
54.5  1.27
54.51  1.28
54.52  1.34
54.53  1.23
54.54  1.3
54.55  1.29
54.56  1.23
54.57  1.31
54.58  1.27
54.59  1.34
54.6  1.28
54.61  1.29
54.62  1.33
54.63  1.19
54.64  1.36
54.65  1.25
54.66  1.27
54.67  1.27
54.68  1.19
54.69  1.33
54.7  1.29
54.71  1.3
54.72  1.2
54.73  1.3
54.74  1.24
54.75  1.28
54.76  1.32
54.77  1.24
54.78  1.3
54.79  1.29
54.8  1.27
54.81  1.36
54.82  1.25
54.83  1.29
54.84  1.28
54.85  1.26
54.86  1.28
54.87  1.25
54.88  1.32
54.89  1.22
54.9  1.31
54.91  1.3
54.92  1.33
54.93  1.17
54.94  1.23
54.95  1.3
54.96  1.26
54.97  1.25
54.98  1.35
54.99  1.26
55  1.29
55.01  1.3
55.02  1.24
55.03  1.32
55.04  1.28
55.05  1.28
55.06  1.23
55.07  1.32
55.08  1.37
55.09  1.3
55.1  1.21
55.11  1.29
55.12  1.24
55.13  1.29
55.14  1.36
55.15  1.28
55.16  1.17
55.17  1.26
55.18  1.3
55.19  1.26
55.2  1.29
55.21  1.32
55.22  1.28
55.23  1.28
55.24  1.27
55.25  1.27
55.26  1.35
55.27  1.2
55.28  1.25
55.29  1.24
55.3  1.32
55.31  1.29
55.32  1.23
55.33  1.39
55.34  1.27
55.35  1.25
55.36  1.26
55.37  1.26
55.38  1.27
55.39  1.3
55.4  1.29
55.41  1.28
55.42  1.31
55.43  1.21
55.44  1.34
55.45  1.22
55.46  1.3
55.47  1.33
55.48  1.33
55.49  1.29
55.5  1.28
55.51  1.26
55.52  1.2
55.53  1.23
55.54  1.31
55.55  1.27
55.56  1.28
55.57  1.29
55.58  1.23
55.59  1.3
55.6  1.24
55.61  1.3
55.62  1.27
55.63  1.27
55.64  1.25
55.65  1.3
55.66  1.32
55.67  1.27
55.68  1.31
55.69  1.2
55.7  1.33
55.71  1.24
55.72  1.3
55.73  1.26
55.74  1.28
55.75  1.28
55.76  1.25
55.77  1.4
55.78  1.27
55.79  1.23
55.8  1.28
55.81  1.34
55.82  1.22
55.83  1.3
55.84  1.32
55.85  1.22
55.86  1.3
55.87  1.35
55.88  1.23
55.89  1.27
55.9  1.19
55.91  1.25
55.92  1.31
55.93  1.26
55.94  1.21
55.95  1.28
55.96  1.28
55.97  1.36
55.98  1.27
55.99  1.34
56  1.24
56.01  1.3
56.02  1.19
56.03  1.3
56.04  1.29
56.05  1.3
56.06  1.3
56.07  1.25
56.08  1.27
56.09  1.28
56.1  1.3
56.11  1.32
56.12  1.21
56.13  1.27
56.14  1.27
56.15  1.28
56.16  1.35
56.17  1.29
56.18  1.26
56.19  1.25
56.2  1.3
56.21  1.28
56.22  1.35
56.23  1.21
56.24  1.26
56.25  1.29
56.26  1.25
56.27  1.33
56.28  1.34
56.29  1.27
56.3  1.24
56.31  1.22
56.32  1.26
56.33  1.35
56.34  1.24
56.35  1.31
56.36  1.26
56.37  1.28
56.38  1.29
56.39  1.3
56.4  1.2
56.41  1.3
56.42  1.23
56.43  1.36
56.44  1.28
56.45  1.28
56.46  1.27
56.47  1.3
56.48  1.3
56.49  1.2
56.5  1.31
56.51  1.28
56.52  1.34
56.53  1.27
56.54  1.31
56.55  1.2
56.56  1.26
56.57  1.33
56.58  1.25
56.59  1.25
56.6  1.28
56.61  1.26
56.62  1.29
56.63  1.32
56.64  1.26
56.65  1.31
56.66  1.3
56.67  1.27
56.68  1.27
56.69  1.29
56.7  1.31
56.71  1.18
56.72  1.35
56.73  1.21
56.74  1.34
56.75  1.32
56.76  1.18
56.77  1.3
56.78  1.25
56.79  1.31
56.8  1.26
56.81  1.29
56.82  1.25
56.83  1.32
56.84  1.35
56.85  1.18
56.86  1.28
56.87  1.21
56.88  1.36
56.89  1.19
56.9  1.28
56.91  1.27
56.92  1.23
56.93  1.4
56.94  1.29
56.95  1.27
56.96  1.21
56.97  1.29
56.98  1.24
56.99  1.31
57  1.3
57.01  1.33
57.02  1.24
57.03  1.21
57.04  1.36
57.05  1.29
57.06  1.2
57.07  1.3
57.08  1.27
57.09  1.27
57.1  1.32
57.11  1.27
57.12  1.23
57.13  1.22
57.14  1.39
57.15  1.17
57.16  1.32
57.17  1.28
57.18  1.33
57.19  1.32
57.2  1.24
57.21  1.28
57.22  1.26
57.23  1.26
57.24  1.28
57.25  1.23
57.26  1.27
57.27  1.32
57.28  1.3
57.29  1.19
57.3  1.25
57.31  1.29
57.32  1.33
57.33  1.3
57.34  1.24
57.35  1.28
57.36  1.29
57.37  1.27
57.38  1.29
57.39  1.33
57.4  1.27
57.41  1.26
57.42  1.28
57.43  1.28
57.44  1.3
57.45  1.3
57.46  1.23
57.47  1.34
57.48  1.24
57.49  1.27
57.5  1.27
57.51  1.33
57.52  1.27
57.53  1.29
57.54  1.31
57.55  1.22
57.56  1.25
57.57  1.29
57.58  1.26
57.59  1.27
57.6  1.34
57.61  1.23
57.62  1.29
57.63  1.34
57.64  1.29
57.65  1.32
57.66  1.23
57.67  1.26
57.68  1.24
57.69  1.33
57.7  1.27
57.71  1.3
57.72  1.27
57.73  1.28
57.74  1.27
57.75  1.27
57.76  1.32
57.77  1.2
57.78  1.4
57.79  1.15
57.8  1.25
57.81  1.34
57.82  1.29
57.83  1.31
57.84  1.33
57.85  1.38
57.86  1.23
57.87  1.24
57.88  1.3
57.89  1.18
57.9  1.37
57.91  1.2
57.92  1.3
57.93  1.34
57.94  1.23
57.95  1.27
57.96  1.22
57.97  1.29
57.98  1.26
57.99  1.25
58  1.37
58.01  1.34
58.02  1.29
58.03  1.16
58.04  1.27
58.05  1.25
58.06  1.27
58.07  1.27
58.08  1.26
58.09  1.35
58.1  1.26
58.11  1.28
58.12  1.29
58.13  1.29
58.14  1.26
58.15  1.24
58.16  1.3
58.17  1.25
58.18  1.35
58.19  1.29
58.2  1.3
58.21  1.24
58.22  1.3
58.23  1.29
58.24  1.23
58.25  1.29
58.26  1.23
58.27  1.29
58.28  1.27
58.29  1.25
58.3  1.27
58.31  1.24
58.32  1.31
58.33  1.28
58.34  1.27
58.35  1.24
58.36  1.29
58.37  1.28
58.38  1.28
58.39  1.23
58.4  1.31
58.41  1.31
58.42  1.26
58.43  1.26
58.44  1.23
58.45  1.31
58.46  1.24
58.47  1.29
58.48  1.25
58.49  1.27
58.5  1.32
58.51  1.34
58.52  1.32
58.53  1.22
58.54  1.31
58.55  1.2
58.56  1.37
58.57  1.22
58.58  1.25
58.59  1.33
58.6  1.21
58.61  1.24
58.62  1.37
58.63  1.21
58.64  1.32
58.65  1.23
58.66  1.33
58.67  1.3
58.68  1.22
58.69  1.33
58.7  1.28
58.71  1.27
58.72  1.25
58.73  1.24
58.74  1.31
58.75  1.33
58.76  1.25
58.77  1.29
58.78  1.29
58.79  1.24
58.8  1.28
58.81  1.35
58.82  1.31
58.83  1.24
58.84  1.27
58.85  1.26
58.86  1.32
58.87  1.21
58.88  1.29
58.89  1.35
58.9  1.23
58.91  1.34
58.92  1.21
58.93  1.3
58.94  1.25
58.95  1.25
58.96  1.27
58.97  1.34
58.98  1.28
58.99  1.27
59  1.29
59.01  1.34
59.02  1.28
59.03  1.19
59.04  1.38
59.05  1.33
59.06  1.25
59.07  1.31
59.08  1.3
59.09  1.31
59.1  1.22
59.11  1.28
59.12  1.28
59.13  1.24
59.14  1.25
59.15  1.27
59.16  1.31
59.17  1.3
59.18  1.31
59.19  1.25
59.2  1.31
59.21  1.27
59.22  1.23
59.23  1.31
59.24  1.37
59.25  1.22
59.26  1.28
59.27  1.3
59.28  1.29
59.29  1.23
59.3  1.31
59.31  1.23
59.32  1.29
59.33  1.25
59.34  1.28
59.35  1.27
59.36  1.27
59.37  1.3
59.38  1.33
59.39  1.25
59.4  1.24
59.41  1.3
59.42  1.26
59.43  1.31
59.44  1.34
59.45  1.3
59.46  1.18
59.47  1.29
59.48  1.26
59.49  1.3
59.5  1.27
59.51  1.26
59.52  1.34
59.53  1.29
59.54  1.34
59.55  1.19
59.56  1.23
59.57  1.35
59.58  1.21
59.59  1.26
59.6  1.25
59.61  1.28
59.62  1.3
59.63  1.27
59.64  1.31
59.65  1.24
59.66  1.28
59.67  1.23
59.68  1.29
59.69  1.23
59.7  1.27
59.71  1.33
59.72  1.23
59.73  1.31
59.74  1.31
59.75  1.28
59.76  1.26
59.77  1.27
59.78  1.29
59.79  1.21
59.8  1.28
59.81  1.31
59.82  1.19
59.83  1.35
59.84  1.42
59.85  1.18
59.86  1.38
59.87  1.22
59.88  1.25
59.89  1.27
59.9  1.32
59.91  1.26
59.92  1.21
59.93  1.29
59.94  1.3
59.95  1.22
59.96  1.3
59.97  1.28
59.98  1.29
59.99  1.29
