-15  0
-14.99  0
-14.98  0.01
-14.97  0.01
-14.96  0.01
-14.95  0.01
-14.94  0.02
-14.93  0.02
-14.92  0.03
-14.91  0.03
-14.9  0.03
-14.89  0.05
-14.88  0.04
-14.87  0.04
-14.86  0.07
-14.85  0.06
-14.84  0.07
-14.83  0.06
-14.82  0.09
-14.81  0.1
-14.8  0.11
-14.79  0.12
-14.78  0.12
-14.77  0.15
-14.76  0.17
-14.75  0.2
-14.74  0.21
-14.73  0.27
-14.72  0.3
-14.71  0.35
-14.7  0.43
-14.69  0.53
-14.68  0.65
-14.67  0.87
-14.66  1.15
-14.65  1.62
-14.64  2.44
-14.63  4.02
-14.62  7.53
-14.61  15.25
-14.6  22.63
-14.59  15.53
-14.58  7.66
-14.57  4.12
-14.56  2.46
-14.55  1.65
-14.54  1.17
-14.53  0.88
-14.52  0.69
-14.51  0.55
-14.5  0.45
-14.49  0.38
-14.48  0.32
-14.47  0.3
-14.46  0.25
-14.45  0.23
-14.44  0.2
-14.43  0.18
-14.42  0.17
-14.41  0.16
-14.4  0.19
-14.39  0.12
-14.38  0.13
-14.37  0.14
-14.36  0.11
-14.35  0.15
-14.34  0.1
-14.33  0.12
-14.32  0.11
-14.31  0.11
-14.3  0.11
-14.29  0.12
-14.28  0.12
-14.27  0.11
-14.26  0.1
-14.25  0.13
-14.24  0.1
-14.23  0.12
-14.22  0.11
-14.21  0.14
-14.2  0.11
-14.19  0.14
-14.18  0.11
-14.17  0.15
-14.16  0.14
-14.15  0.15
-14.14  0.13
-14.13  0.18
-14.12  0.15
-14.11  0.16
-14.1  0.18
-14.09  0.19
-14.08  0.2
-14.07  0.2
-14.06  0.24
-14.05  0.23
-14.04  0.24
-14.03  0.24
-14.02  0.27
-14.01  0.33
-14  0.32
-13.99  0.37
-13.98  0.39
-13.97  0.41
-13.96  0.48
-13.95  0.52
-13.94  0.59
-13.93  0.66
-13.92  0.76
-13.91  0.84
-13.9  0.98
-13.89  1.21
-13.88  1.34
-13.87  1.64
-13.86  2.07
-13.85  2.52
-13.84  3.17
-13.83  4.09
-13.82  5.18
-13.81  6.31
-13.8  7.5
-13.79  7.92
-13.78  7.4
-13.77  6.39
-13.76  5.16
-13.75  4
-13.74  3.19
-13.73  2.54
-13.72  2.04
-13.71  1.67
-13.7  1.42
-13.69  1.18
-13.68  1
-13.67  0.88
-13.66  0.76
-13.65  0.7
-13.64  0.59
-13.63  0.56
-13.62  0.5
-13.61  0.5
-13.6  0.45
-13.59  0.39
-13.58  0.38
-13.57  0.34
-13.56  0.32
-13.55  0.32
-13.54  0.32
-13.53  0.3
-13.52  0.27
-13.51  0.29
-13.5  0.24
-13.49  0.28
-13.48  0.26
-13.47  0.24
-13.46  0.28
-13.45  0.24
-13.44  0.24
-13.43  0.24
-13.42  0.25
-13.41  0.24
-13.4  0.24
-13.39  0.26
-13.38  0.26
-13.37  0.27
-13.36  0.24
-13.35  0.28
-13.34  0.27
-13.33  0.27
-13.32  0.3
-13.31  0.28
-13.3  0.3
-13.29  0.36
-13.28  0.31
-13.27  0.32
-13.26  0.38
-13.25  0.36
-13.24  0.37
-13.23  0.43
-13.22  0.48
-13.21  0.46
-13.2  0.5
-13.19  0.55
-13.18  0.6
-13.17  0.61
-13.16  0.66
-13.15  0.73
-13.14  0.82
-13.13  0.89
-13.12  0.99
-13.11  1.09
-13.1  1.24
-13.09  1.41
-13.08  1.57
-13.07  1.82
-13.06  2.06
-13.05  2.37
-13.04  2.75
-13.03  3.19
-13.02  3.61
-13.01  4.05
-13  4.43
-12.99  4.71
-12.98  4.8
-12.97  4.74
-12.96  4.44
-12.95  4.03
-12.94  3.57
-12.93  3.16
-12.92  2.74
-12.91  2.37
-12.9  2.09
-12.89  1.78
-12.88  1.59
-12.87  1.39
-12.86  1.25
-12.85  1.13
-12.84  1.03
-12.83  0.9
-12.82  0.85
-12.81  0.76
-12.8  0.73
-12.79  0.64
-12.78  0.62
-12.77  0.58
-12.76  0.54
-12.75  0.55
-12.74  0.54
-12.73  0.47
-12.72  0.45
-12.71  0.41
-12.7  0.41
-12.69  0.42
-12.68  0.41
-12.67  0.39
-12.66  0.39
-12.65  0.39
-12.64  0.36
-12.63  0.38
-12.62  0.37
-12.61  0.4
-12.6  0.36
-12.59  0.36
-12.58  0.37
-12.57  0.38
-12.56  0.38
-12.55  0.37
-12.54  0.38
-12.53  0.39
-12.52  0.36
-12.51  0.48
-12.5  0.42
-12.49  0.4
-12.48  0.44
-12.47  0.48
-12.46  0.5
-12.45  0.53
-12.44  0.51
-12.43  0.52
-12.42  0.55
-12.41  0.61
-12.4  0.63
-12.39  0.7
-12.38  0.7
-12.37  0.76
-12.36  0.81
-12.35  0.88
-12.34  0.95
-12.33  1
-12.32  1.13
-12.31  1.19
-12.3  1.3
-12.29  1.47
-12.28  1.54
-12.27  1.77
-12.26  1.87
-12.25  2.14
-12.24  2.37
-12.23  2.52
-12.22  2.81
-12.21  2.95
-12.2  3.25
-12.19  3.34
-12.18  3.52
-12.17  3.58
-12.16  3.42
-12.15  3.4
-12.14  3.16
-12.13  3.02
-12.12  2.7
-12.11  2.58
-12.1  2.37
-12.09  2.08
-12.08  1.93
-12.07  1.72
-12.06  1.6
-12.05  1.42
-12.04  1.33
-12.03  1.24
-12.02  1.11
-12.01  1.04
-12  0.96
-11.99  0.92
-11.98  0.84
-11.97  0.82
-11.96  0.79
-11.95  0.69
-11.94  0.69
-11.93  0.63
-11.92  0.62
-11.91  0.58
-11.9  0.6
-11.89  0.54
-11.88  0.56
-11.87  0.55
-11.86  0.52
-11.85  0.5
-11.84  0.53
-11.83  0.48
-11.82  0.5
-11.81  0.48
-11.8  0.47
-11.79  0.5
-11.78  0.49
-11.77  0.49
-11.76  0.45
-11.75  0.49
-11.74  0.5
-11.73  0.47
-11.72  0.54
-11.71  0.53
-11.7  0.53
-11.69  0.51
-11.68  0.54
-11.67  0.61
-11.66  0.56
-11.65  0.65
-11.64  0.59
-11.63  0.67
-11.62  0.64
-11.61  0.72
-11.6  0.72
-11.59  0.78
-11.58  0.82
-11.57  0.84
-11.56  0.9
-11.55  0.94
-11.54  1.04
-11.53  1.06
-11.52  1.15
-11.51  1.23
-11.5  1.27
-11.49  1.47
-11.48  1.53
-11.47  1.64
-11.46  1.71
-11.45  1.96
-11.44  2
-11.43  2.16
-11.42  2.24
-11.41  2.43
-11.4  2.66
-11.39  2.64
-11.38  2.71
-11.37  2.77
-11.36  2.89
-11.35  2.77
-11.34  2.7
-11.33  2.64
-11.32  2.54
-11.31  2.49
-11.3  2.28
-11.29  2.16
-11.28  1.96
-11.27  1.95
-11.26  1.73
-11.25  1.63
-11.24  1.53
-11.23  1.41
-11.22  1.32
-11.21  1.25
-11.2  1.18
-11.19  1.1
-11.18  1.04
-11.17  0.99
-11.16  0.94
-11.15  0.87
-11.14  0.89
-11.13  0.83
-11.12  0.76
-11.11  0.72
-11.1  0.73
-11.09  0.71
-11.08  0.67
-11.07  0.68
-11.06  0.63
-11.05  0.63
-11.04  0.63
-11.03  0.64
-11.02  0.56
-11.01  0.63
-11  0.58
-10.99  0.64
-10.98  0.55
-10.97  0.6
-10.96  0.58
-10.95  0.59
-10.94  0.58
-10.93  0.6
-10.92  0.62
-10.91  0.61
-10.9  0.63
-10.89  0.59
-10.88  0.68
-10.87  0.66
-10.86  0.67
-10.85  0.68
-10.84  0.7
-10.83  0.77
-10.82  0.73
-10.81  0.79
-10.8  0.81
-10.79  0.83
-10.78  0.88
-10.77  0.92
-10.76  0.94
-10.75  1.02
-10.74  1.08
-10.73  1.05
-10.72  1.23
-10.71  1.21
-10.7  1.28
-10.69  1.38
-10.68  1.42
-10.67  1.51
-10.66  1.66
-10.65  1.71
-10.64  1.78
-10.63  1.89
-10.62  1.98
-10.61  2.16
-10.6  2.16
-10.59  2.21
-10.58  2.32
-10.57  2.31
-10.56  2.32
-10.55  2.45
-10.54  2.33
-10.53  2.28
-10.52  2.32
-10.51  2.22
-10.5  2.22
-10.49  2.03
-10.48  1.97
-10.47  1.9
-10.46  1.76
-10.45  1.71
-10.44  1.7
-10.43  1.51
-10.42  1.43
-10.41  1.41
-10.4  1.31
-10.39  1.27
-10.38  1.17
-10.37  1.13
-10.36  1.07
-10.35  1.02
-10.34  0.99
-10.33  0.97
-10.32  0.9
-10.31  0.89
-10.3  0.84
-10.29  0.84
-10.28  0.82
-10.27  0.78
-10.26  0.76
-10.25  0.74
-10.24  0.74
-10.23  0.73
-10.22  0.74
-10.21  0.71
-10.2  0.67
-10.19  0.68
-10.18  0.67
-10.17  0.7
-10.16  0.69
-10.15  0.67
-10.14  0.69
-10.13  0.71
-10.12  0.68
-10.11  0.69
-10.1  0.71
-10.09  0.68
-10.08  0.73
-10.07  0.75
-10.06  0.74
-10.05  0.77
-10.04  0.81
-10.03  0.81
-10.02  0.8
-10.01  0.84
-10  0.9
-9.99  0.86
-9.98  0.92
-9.97  0.97
-9.96  1
-9.95  1.05
-9.94  1.08
-9.93  1.12
-9.92  1.11
-9.91  1.25
-9.9  1.26
-9.89  1.37
-9.88  1.33
-9.87  1.46
-9.86  1.57
-9.85  1.56
-9.84  1.62
-9.83  1.72
-9.82  1.78
-9.81  1.88
-9.8  1.87
-9.79  1.91
-9.78  2.03
-9.77  2.02
-9.76  2.11
-9.75  2.04
-9.74  2.05
-9.73  2.16
-9.72  1.99
-9.71  1.99
-9.7  2.05
-9.69  1.94
-9.68  1.92
-9.67  1.8
-9.66  1.76
-9.65  1.8
-9.64  1.63
-9.63  1.61
-9.62  1.45
-9.61  1.44
-9.6  1.43
-9.59  1.33
-9.58  1.25
-9.57  1.25
-9.56  1.2
-9.55  1.16
-9.54  1.11
-9.53  1.01
-9.52  1.07
-9.51  1.03
-9.5  0.95
-9.49  0.93
-9.48  0.88
-9.47  0.9
-9.46  0.88
-9.45  0.84
-9.44  0.84
-9.43  0.82
-9.42  0.79
-9.41  0.89
-9.4  0.75
-9.39  0.76
-9.38  0.77
-9.37  0.78
-9.36  0.76
-9.35  0.77
-9.34  0.79
-9.33  0.76
-9.32  0.72
-9.31  0.81
-9.3  0.8
-9.29  0.77
-9.28  0.82
-9.27  0.79
-9.26  0.83
-9.25  0.86
-9.24  0.83
-9.23  0.84
-9.22  0.89
-9.21  0.87
-9.2  0.9
-9.19  0.97
-9.18  0.96
-9.17  0.99
-9.16  1.03
-9.15  1.08
-9.14  1.07
-9.13  1.15
-9.12  1.15
-9.11  1.15
-9.1  1.28
-9.09  1.27
-9.08  1.34
-9.07  1.41
-9.06  1.42
-9.05  1.48
-9.04  1.57
-9.03  1.55
-9.02  1.6
-9.01  1.75
-9  1.64
-8.99  1.74
-8.98  1.87
-8.97  1.81
-8.96  1.8
-8.95  1.9
-8.94  1.84
-8.93  1.87
-8.92  1.89
-8.91  1.88
-8.9  1.79
-8.89  1.91
-8.88  1.77
-8.87  1.72
-8.86  1.78
-8.85  1.69
-8.84  1.57
-8.83  1.63
-8.82  1.5
-8.81  1.45
-8.8  1.48
-8.79  1.38
-8.78  1.32
-8.77  1.38
-8.76  1.2
-8.75  1.2
-8.74  1.24
-8.73  1.1
-8.72  1.12
-8.71  1.1
-8.7  1.05
-8.69  1.01
-8.68  1.04
-8.67  1.02
-8.66  0.94
-8.65  0.94
-8.64  0.93
-8.63  0.9
-8.62  0.87
-8.61  0.91
-8.6  0.87
-8.59  0.84
-8.58  0.83
-8.57  0.85
-8.56  0.86
-8.55  0.85
-8.54  0.83
-8.53  0.85
-8.52  0.87
-8.51  0.85
-8.5  0.84
-8.49  0.84
-8.48  0.84
-8.47  0.87
-8.46  0.9
-8.45  0.86
-8.44  0.91
-8.43  0.92
-8.42  0.91
-8.41  0.94
-8.4  0.98
-8.39  0.99
-8.38  1.02
-8.37  0.98
-8.36  1.04
-8.35  1.06
-8.34  1.11
-8.33  1.15
-8.32  1.08
-8.31  1.23
-8.3  1.28
-8.29  1.25
-8.28  1.25
-8.27  1.36
-8.26  1.35
-8.25  1.46
-8.24  1.38
-8.23  1.5
-8.22  1.56
-8.21  1.58
-8.2  1.53
-8.19  1.62
-8.18  1.63
-8.17  1.72
-8.16  1.69
-8.15  1.64
-8.14  1.76
-8.13  1.74
-8.12  1.75
-8.11  1.68
-8.1  1.75
-8.09  1.73
-8.08  1.69
-8.07  1.59
-8.06  1.67
-8.05  1.67
-8.04  1.61
-8.03  1.51
-8.02  1.56
-8.01  1.5
-8  1.43
-7.99  1.46
-7.98  1.29
-7.97  1.38
-7.96  1.34
-7.95  1.24
-7.94  1.2
-7.93  1.21
-7.92  1.21
-7.91  1.17
-7.9  1.1
-7.89  1.11
-7.88  1.11
-7.87  1.03
-7.86  1.02
-7.85  1.01
-7.84  0.98
-7.83  0.99
-7.82  1.04
-7.81  0.95
-7.8  0.89
-7.79  0.97
-7.78  0.94
-7.77  0.91
-7.76  0.87
-7.75  0.92
-7.74  0.95
-7.73  0.89
-7.72  0.87
-7.71  0.93
-7.7  0.9
-7.69  0.9
-7.68  0.93
-7.67  0.91
-7.66  0.96
-7.65  0.91
-7.64  0.98
-7.63  0.95
-7.62  0.99
-7.61  0.93
-7.6  0.98
-7.59  1.02
-7.58  1.05
-7.57  1.05
-7.56  1.06
-7.55  1.01
-7.54  1.13
-7.53  1.16
-7.52  1.18
-7.51  1.19
-7.5  1.23
-7.49  1.25
-7.48  1.24
-7.47  1.28
-7.46  1.29
-7.45  1.39
-7.44  1.35
-7.43  1.43
-7.42  1.39
-7.41  1.52
-7.4  1.43
-7.39  1.6
-7.38  1.52
-7.37  1.59
-7.36  1.48
-7.35  1.69
-7.34  1.56
-7.33  1.66
-7.32  1.56
-7.31  1.64
-7.3  1.7
-7.29  1.56
-7.28  1.6
-7.27  1.55
-7.26  1.63
-7.25  1.54
-7.24  1.58
-7.23  1.45
-7.22  1.55
-7.21  1.43
-7.2  1.46
-7.19  1.39
-7.18  1.42
-7.17  1.36
-7.16  1.35
-7.15  1.32
-7.14  1.27
-7.13  1.2
-7.12  1.27
-7.11  1.24
-7.1  1.14
-7.09  1.17
-7.08  1.15
-7.07  1.1
-7.06  1.04
-7.05  1.09
-7.04  1.05
-7.03  1.13
-7.02  0.98
-7.01  1
-7  1.01
-6.99  0.99
-6.98  0.99
-6.97  0.99
-6.96  1
-6.95  0.96
-6.94  0.96
-6.93  0.97
-6.92  1
-6.91  0.93
-6.9  0.98
-6.89  0.9
-6.88  0.99
-6.87  0.91
-6.86  1.01
-6.85  1.03
-6.84  0.95
-6.83  0.98
-6.82  1.05
-6.81  0.97
-6.8  1.03
-6.79  1.04
-6.78  1.04
-6.77  1.05
-6.76  1.1
-6.75  1.1
-6.74  1.09
-6.73  1.11
-6.72  1.28
-6.71  1.2
-6.7  1.12
-6.69  1.25
-6.68  1.22
-6.67  1.3
-6.66  1.25
-6.65  1.32
-6.64  1.29
-6.63  1.41
-6.62  1.31
-6.61  1.47
-6.6  1.37
-6.59  1.46
-6.58  1.41
-6.57  1.54
-6.56  1.46
-6.55  1.57
-6.54  1.46
-6.53  1.55
-6.52  1.46
-6.51  1.66
-6.5  1.57
-6.49  1.46
-6.48  1.58
-6.47  1.47
-6.46  1.58
-6.45  1.45
-6.44  1.54
-6.43  1.46
-6.42  1.51
-6.41  1.41
-6.4  1.46
-6.39  1.32
-6.38  1.43
-6.37  1.32
-6.36  1.39
-6.35  1.24
-6.34  1.37
-6.33  1.23
-6.32  1.26
-6.31  1.23
-6.3  1.26
-6.29  1.22
-6.28  1.15
-6.27  1.22
-6.26  1.11
-6.25  1.12
-6.24  1.09
-6.23  1.12
-6.22  1.04
-6.21  1.12
-6.2  1
-6.19  1.06
-6.18  1.06
-6.17  1.05
-6.16  0.99
-6.15  1.03
-6.14  1.01
-6.13  1.01
-6.12  1
-6.11  1.02
-6.1  1
-6.09  1.01
-6.08  1.07
-6.07  0.96
-6.06  1.01
-6.05  1.07
-6.04  1.01
-6.03  0.98
-6.02  1.06
-6.01  1.01
-6  1.11
-5.99  1.03
-5.98  1.07
-5.97  1.07
-5.96  1.09
-5.95  1.1
-5.94  1.15
-5.93  1.11
-5.92  1.22
-5.91  1.16
-5.9  1.23
-5.89  1.14
-5.88  1.25
-5.87  1.29
-5.86  1.21
-5.85  1.31
-5.84  1.28
-5.83  1.26
-5.82  1.4
-5.81  1.37
-5.8  1.3
-5.79  1.41
-5.78  1.42
-5.77  1.45
-5.76  1.39
-5.75  1.47
-5.74  1.46
-5.73  1.4
-5.72  1.48
-5.71  1.5
-5.7  1.42
-5.69  1.49
-5.68  1.53
-5.67  1.48
-5.66  1.41
-5.65  1.48
-5.64  1.47
-5.63  1.39
-5.62  1.46
-5.61  1.44
-5.6  1.35
-5.59  1.46
-5.58  1.43
-5.57  1.25
-5.56  1.38
-5.55  1.33
-5.54  1.34
-5.53  1.22
-5.52  1.29
-5.51  1.3
-5.5  1.21
-5.49  1.23
-5.48  1.2
-5.47  1.17
-5.46  1.18
-5.45  1.18
-5.44  1.18
-5.43  1.05
-5.42  1.18
-5.41  1.15
-5.4  1.05
-5.39  1.08
-5.38  1.11
-5.37  1.05
-5.36  1.11
-5.35  1.07
-5.34  1.02
-5.33  1.1
-5.32  1.05
-5.31  1.06
-5.3  1.03
-5.29  1.04
-5.28  1.03
-5.27  1.04
-5.26  1.04
-5.25  1.05
-5.24  1.03
-5.23  1.09
-5.22  1.04
-5.21  1.11
-5.2  1.05
-5.19  1.07
-5.18  1.12
-5.17  1.13
-5.16  1.12
-5.15  1.11
-5.14  1.1
-5.13  1.19
-5.12  1.16
-5.11  1.16
-5.1  1.19
-5.09  1.21
-5.08  1.22
-5.07  1.19
-5.06  1.23
-5.05  1.3
-5.04  1.28
-5.03  1.28
-5.02  1.27
-5.01  1.33
-5  1.33
-4.99  1.37
-4.98  1.33
-4.97  1.34
-4.96  1.43
-4.95  1.41
-4.94  1.37
-4.93  1.43
-4.92  1.34
-4.91  1.47
-4.9  1.47
-4.89  1.42
-4.88  1.4
-4.87  1.43
-4.86  1.4
-4.85  1.45
-4.84  1.41
-4.83  1.37
-4.82  1.45
-4.81  1.4
-4.8  1.36
-4.79  1.35
-4.78  1.37
-4.77  1.34
-4.76  1.33
-4.75  1.33
-4.74  1.33
-4.73  1.33
-4.72  1.25
-4.71  1.26
-4.7  1.24
-4.69  1.23
-4.68  1.25
-4.67  1.21
-4.66  1.21
-4.65  1.21
-4.64  1.18
-4.63  1.15
-4.62  1.14
-4.61  1.17
-4.6  1.13
-4.59  1.11
-4.58  1.17
-4.57  1.06
-4.56  1.18
-4.55  1.05
-4.54  1.05
-4.53  1.1
-4.52  1.1
-4.51  1.1
-4.5  1.07
-4.49  1.03
-4.48  1.09
-4.47  1.09
-4.46  1.09
-4.45  1.07
-4.44  1.11
-4.43  1.04
-4.42  1.14
-4.41  1.12
-4.4  1.1
-4.39  1.09
-4.38  1.12
-4.37  1.09
-4.36  1.15
-4.35  1.08
-4.34  1.19
-4.33  1.17
-4.32  1.13
-4.31  1.19
-4.3  1.15
-4.29  1.24
-4.28  1.2
-4.27  1.19
-4.26  1.24
-4.25  1.23
-4.24  1.29
-4.23  1.22
-4.22  1.23
-4.21  1.36
-4.2  1.28
-4.19  1.33
-4.18  1.35
-4.17  1.31
-4.16  1.37
-4.15  1.32
-4.14  1.42
-4.13  1.31
-4.12  1.33
-4.11  1.41
-4.1  1.32
-4.09  1.45
-4.08  1.37
-4.07  1.47
-4.06  1.36
-4.05  1.29
-4.04  1.42
-4.03  1.37
-4.02  1.42
-4.01  1.35
-4  1.34
-3.99  1.38
-3.98  1.33
-3.97  1.4
-3.96  1.29
-3.95  1.27
-3.94  1.38
-3.93  1.29
-3.92  1.3
-3.91  1.23
-3.9  1.22
-3.89  1.3
-3.88  1.22
-3.87  1.29
-3.86  1.16
-3.85  1.22
-3.84  1.24
-3.83  1.15
-3.82  1.2
-3.81  1.14
-3.8  1.2
-3.79  1.11
-3.78  1.17
-3.77  1.15
-3.76  1.09
-3.75  1.17
-3.74  1.13
-3.73  1.11
-3.72  1.16
-3.71  1.07
-3.7  1.16
-3.69  1.09
-3.68  1.09
-3.67  1.12
-3.66  1.06
-3.65  1.12
-3.64  1.1
-3.63  1.1
-3.62  1.14
-3.61  1.14
-3.6  1.13
-3.59  1.14
-3.58  1.09
-3.57  1.07
-3.56  1.18
-3.55  1.17
-3.54  1.16
-3.53  1.18
-3.52  1.11
-3.51  1.18
-3.5  1.22
-3.49  1.19
-3.48  1.19
-3.47  1.15
-3.46  1.29
-3.45  1.19
-3.44  1.23
-3.43  1.29
-3.42  1.26
-3.41  1.3
-3.4  1.31
-3.39  1.3
-3.38  1.3
-3.37  1.22
-3.36  1.28
-3.35  1.31
-3.34  1.34
-3.33  1.36
-3.32  1.37
-3.31  1.31
-3.3  1.41
-3.29  1.35
-3.28  1.28
-3.27  1.32
-3.26  1.38
-3.25  1.35
-3.24  1.39
-3.23  1.36
-3.22  1.36
-3.21  1.38
-3.2  1.34
-3.19  1.39
-3.18  1.24
-3.17  1.34
-3.16  1.3
-3.15  1.31
-3.14  1.33
-3.13  1.29
-3.12  1.28
-3.11  1.26
-3.1  1.28
-3.09  1.29
-3.08  1.22
-3.07  1.22
-3.06  1.27
-3.05  1.17
-3.04  1.19
-3.03  1.24
-3.02  1.21
-3.01  1.24
-3  1.16
-2.99  1.13
-2.98  1.15
-2.97  1.21
-2.96  1.18
-2.95  1.21
-2.94  1.12
-2.93  1.11
-2.92  1.14
-2.91  1.12
-2.9  1.12
-2.89  1.11
-2.88  1.18
-2.87  1.13
-2.86  1.13
-2.85  1.13
-2.84  1.11
-2.83  1.16
-2.82  1.1
-2.81  1.21
-2.8  1.07
-2.79  1.14
-2.78  1.15
-2.77  1.14
-2.76  1.16
-2.75  1.19
-2.74  1.14
-2.73  1.14
-2.72  1.21
-2.71  1.14
-2.7  1.21
-2.69  1.19
-2.68  1.24
-2.67  1.17
-2.66  1.27
-2.65  1.15
-2.64  1.27
-2.63  1.23
-2.62  1.23
-2.61  1.28
-2.6  1.21
-2.59  1.37
-2.58  1.18
-2.57  1.3
-2.56  1.28
-2.55  1.34
-2.54  1.28
-2.53  1.27
-2.52  1.41
-2.51  1.26
-2.5  1.39
-2.49  1.26
-2.48  1.4
-2.47  1.28
-2.46  1.36
-2.45  1.28
-2.44  1.42
-2.43  1.27
-2.42  1.29
-2.41  1.35
-2.4  1.31
-2.39  1.37
-2.38  1.26
-2.37  1.35
-2.36  1.27
-2.35  1.35
-2.34  1.23
-2.33  1.29
-2.32  1.36
-2.31  1.24
-2.3  1.29
-2.29  1.23
-2.28  1.29
-2.27  1.22
-2.26  1.23
-2.25  1.23
-2.24  1.25
-2.23  1.19
-2.22  1.16
-2.21  1.26
-2.2  1.19
-2.19  1.3
-2.18  1.16
-2.17  1.17
-2.16  1.15
-2.15  1.23
-2.14  1.12
-2.13  1.21
-2.12  1.13
-2.11  1.1
-2.1  1.18
-2.09  1.12
-2.08  1.18
-2.07  1.1
-2.06  1.17
-2.05  1.15
-2.04  1.18
-2.03  1.14
-2.02  1.1
-2.01  1.19
-2  1.16
-1.99  1.14
-1.98  1.18
-1.97  1.17
-1.96  1.13
-1.95  1.2
-1.94  1.18
-1.93  1.2
-1.92  1.18
-1.91  1.11
-1.9  1.16
-1.89  1.17
-1.88  1.22
-1.87  1.18
-1.86  1.34
-1.85  1.21
-1.84  1.21
-1.83  1.23
-1.82  1.22
-1.81  1.21
-1.8  1.25
-1.79  1.24
-1.78  1.26
-1.77  1.34
-1.76  1.22
-1.75  1.31
-1.74  1.27
-1.73  1.31
-1.72  1.32
-1.71  1.26
-1.7  1.4
-1.69  1.28
-1.68  1.27
-1.67  1.3
-1.66  1.34
-1.65  1.29
-1.64  1.31
-1.63  1.31
-1.62  1.28
-1.61  1.3
-1.6  1.33
-1.59  1.29
-1.58  1.3
-1.57  1.3
-1.56  1.34
-1.55  1.25
-1.54  1.3
-1.53  1.35
-1.52  1.23
-1.51  1.29
-1.5  1.22
-1.49  1.27
-1.48  1.25
-1.47  1.27
-1.46  1.29
-1.45  1.21
-1.44  1.21
-1.43  1.22
-1.42  1.25
-1.41  1.21
-1.4  1.23
-1.39  1.18
-1.38  1.16
-1.37  1.29
-1.36  1.18
-1.35  1.21
-1.34  1.15
-1.33  1.17
-1.32  1.18
-1.31  1.16
-1.3  1.18
-1.29  1.15
-1.28  1.2
-1.27  1.09
-1.26  1.18
-1.25  1.21
-1.24  1.1
-1.23  1.17
-1.22  1.18
-1.21  1.17
-1.2  1.17
-1.19  1.2
-1.18  1.18
-1.17  1.15
-1.16  1.16
-1.15  1.21
-1.14  1.22
-1.13  1.09
-1.12  1.23
-1.11  1.21
-1.1  1.14
-1.09  1.2
-1.08  1.19
-1.07  1.2
-1.06  1.18
-1.05  1.24
-1.04  1.27
-1.03  1.17
-1.02  1.23
-1.01  1.27
-1  1.27
-0.99  1.19
-0.98  1.28
-0.97  1.3
-0.96  1.18
-0.95  1.3
-0.94  1.29
-0.93  1.3
-0.92  1.25
-0.91  1.29
-0.9  1.32
-0.89  1.2
-0.88  1.31
-0.87  1.31
-0.86  1.32
-0.85  1.25
-0.84  1.34
-0.83  1.29
-0.82  1.23
-0.81  1.34
-0.8  1.26
-0.79  1.37
-0.78  1.26
-0.77  1.3
-0.76  1.3
-0.75  1.22
-0.74  1.27
-0.73  1.28
-0.72  1.33
-0.71  1.22
-0.7  1.25
-0.69  1.31
-0.68  1.22
-0.67  1.33
-0.66  1.26
-0.65  1.22
-0.64  1.19
-0.63  1.3
-0.62  1.23
-0.61  1.16
-0.6  1.22
-0.59  1.24
-0.58  1.23
-0.57  1.13
-0.56  1.22
-0.55  1.23
-0.54  1.13
-0.53  1.23
-0.52  1.18
-0.51  1.27
-0.5  1.15
-0.49  1.21
-0.48  1.15
-0.47  1.15
-0.46  1.2
-0.45  1.23
-0.44  1.2
-0.43  1.1
-0.42  1.15
-0.41  1.22
-0.4  1.12
-0.39  1.19
-0.38  1.21
-0.37  1.2
-0.36  1.18
-0.35  1.13
-0.34  1.23
-0.33  1.16
-0.32  1.14
-0.31  1.27
-0.3  1.15
-0.29  1.27
-0.28  1.17
-0.27  1.2
-0.26  1.2
-0.25  1.24
-0.24  1.22
-0.23  1.21
-0.22  1.16
-0.21  1.35
-0.2  1.17
-0.19  1.27
-0.18  1.25
-0.17  1.17
-0.16  1.31
-0.15  1.23
-0.14  1.32
-0.13  1.25
-0.12  1.29
-0.11  1.23
-0.1  1.29
-0.09  1.3
-0.08  1.27
-0.07  1.31
-0.06  1.25
-0.05  1.24
-0.04  1.31
-0.03  1.26
-0.02  1.32
-0.01  1.26
-2.16197e-11  1.19
0.0001  0.02
0.0101  1.33
0.0201  1.32
0.0301  1.23
0.0401  1.33
0.0501  1.28
0.0601  1.39
0.0701  1.2
0.0801  1.4
0.0901  1.31
0.1001  1.36
0.1101  1.42
0.1201  1.33
0.1301  1.43
0.1401  1.29
0.1501  1.41
0.1601  1.58
0.1701  1.55
0.1801  1.62
0.1901  1.51
0.2001  1.5
0.2101  1.69
0.2201  1.57
0.2301  1.43
0.2401  1.54
0.2501  1.54
0.2601  1.82
0.2701  1.72
0.2801  1.78
0.2901  1.9
0.3001  2.16
0.3101  1.88
0.3201  1.81
0.3301  1.75
0.3401  1.61
0.3501  2.01
0.3601  1.9
0.3701  1.78
0.3801  1.91
0.3901  2.28
0.4001  2.21
0.4101  2.17
0.4201  2.08
0.4301  2.16
0.4401  2.18
0.4501  2.19
0.4601  2.43
0.4701  1.99
0.4801  2.17
0.4901  2.34
0.5001  2.01
0.5101  2.21
0.5201  2.12
0.5301  2
0.5401  2.26
0.5501  2.01
0.5601  1.89
0.5701  2.04
0.5801  2.14
0.5901  2.01
0.6001  1.97
0.6101  1.8
0.6201  1.89
0.6301  1.77
0.6401  1.67
0.6501  1.45
0.6601  1.75
0.6701  1.95
0.6801  1.81
0.6901  1.72
0.7001  1.81
0.7101  1.7
0.7201  1.62
0.7301  1.53
0.7401  1.45
0.7501  1.74
0.7601  1.62
0.7701  1.46
0.7801  1.52
0.7901  1.42
0.8001  1.5
0.8101  1.55
0.8201  1.4
0.8301  1.48
0.8401  1.57
0.8501  1.44
0.8601  1.39
0.8701  1.33
0.8801  1.38
0.8901  1.47
0.9001  1.36
0.9101  1.33
0.9201  1.31
0.9301  1.19
0.9401  1.4
0.9501  1.48
0.9601  1.36
0.9701  1.39
0.9801  1.65
0.9901  1.26
1.0001  1.38
1.0101  1.43
1.0201  1.44
1.0301  1.25
1.0401  1.58
1.0501  1.68
1.0601  1.37
1.0701  1.64
1.0801  1.65
1.0901  1.46
1.1001  1.64
1.1101  1.48
1.1201  1.71
1.1301  1.66
1.1401  1.64
1.1501  1.67
1.1601  2.02
1.1701  1.6
1.1801  1.81
1.1901  1.61
1.2001  1.55
1.2101  1.69
1.2201  1.63
1.2301  1.74
1.2401  1.92
1.2501  1.92
1.2601  2.07
1.2701  2.13
1.2801  1.95
1.2901  1.77
1.3001  2.12
1.3101  2.13
1.3201  1.99
1.3301  2.06
1.3401  1.98
1.3501  2.27
1.3601  2.09
1.3701  2.39
1.3801  2.04
1.3901  1.73
1.4001  2.12
1.4101  2.11
1.4201  2.23
1.4301  2.19
1.4401  1.87
1.4501  2.03
1.4601  1.91
1.4701  2.02
1.4801  2.08
1.4901  2.1
1.5001  1.88
1.5101  1.79
1.5201  1.82
1.5301  1.86
1.5401  1.97
1.5501  1.96
1.5601  1.67
1.5701  1.44
1.5801  1.81
1.5901  1.84
1.6001  1.95
1.6101  1.57
1.6201  1.72
1.6301  1.74
1.6401  1.59
1.6501  1.88
1.6601  1.74
1.6701  1.44
1.6801  1.61
1.6901  1.57
1.7001  1.4
1.7101  1.4
1.7201  1.58
1.7301  1.34
1.7401  1.54
1.7501  1.41
1.7601  1.48
1.7701  1.23
1.7801  1.33
1.7901  1.67
1.8001  1.47
1.8101  1.56
1.8201  1.77
1.8301  1.38
1.8401  1.34
1.8501  1.54
1.8601  1.33
1.8701  1.45
1.8801  1.36
1.8901  1.58
1.9001  1.45
1.9101  1.46
1.9201  1.68
1.9301  1.6
1.9401  1.61
1.9501  1.75
1.9601  1.39
1.9701  1.43
1.9801  1.5
1.9901  1.52
2.0001  1.57
2.0101  1.45
2.0201  1.59
2.0301  1.66
2.0401  1.64
2.0501  1.53
2.0601  1.59
2.0701  1.83
2.0801  1.87
2.0901  1.79
2.1001  1.72
2.1101  1.7
2.1201  1.93
2.1301  1.91
2.1401  1.96
2.1501  1.79
2.1601  2
2.1701  1.87
2.1801  1.76
2.1901  2.13
2.2001  1.97
2.2101  1.91
2.2201  2
2.2301  2.05
2.2401  2.07
2.2501  2.26
2.2601  2.05
2.2701  1.96
2.2801  2.1
2.2901  1.84
2.3001  2.2
2.3101  1.89
2.3201  1.86
2.3301  1.88
2.3401  2.26
2.3501  1.98
2.3601  1.68
2.3701  2.09
2.3801  1.78
2.3901  2.02
2.4001  1.95
2.4101  2.02
2.4201  1.92
2.4301  1.88
2.4401  1.97
2.4501  1.7
2.4601  2
2.4701  2.06
2.4801  1.66
2.4901  1.83
2.5001  1.86
2.5101  1.56
2.5201  1.43
2.5301  1.7
2.5401  1.59
2.5501  1.66
2.5601  1.75
2.5701  1.45
2.5801  1.64
2.5901  1.38
2.6001  1.41
2.6101  1.76
2.6201  1.6
2.6301  1.67
2.6401  1.83
2.6501  1.32
2.6601  1.61
2.6701  1.66
2.6801  1.47
2.6901  1.43
2.7001  1.56
2.7101  1.66
2.7201  1.51
2.7301  1.56
2.7401  1.55
2.7501  1.44
2.7601  1.43
2.7701  1.52
2.7801  1.49
2.7901  1.47
2.8001  1.59
2.8101  1.59
2.8201  1.79
2.8301  1.57
2.8401  1.62
2.8501  1.4
2.8601  1.7
2.8701  1.5
2.8801  1.81
2.8901  1.48
2.9001  1.62
2.9101  1.72
2.9201  1.52
2.9301  1.67
2.9401  1.38
2.9501  1.76
2.9601  1.69
2.9701  1.68
2.9801  1.86
2.9901  1.68
3.0001  1.9
3.0101  1.85
3.0201  1.84
3.0301  2.19
3.0401  1.91
3.0501  1.87
3.0601  1.82
3.0701  1.92
3.0801  1.83
3.0901  1.97
3.1001  1.95
3.1101  1.88
3.1201  1.91
3.1301  1.86
3.1401  1.95
3.1501  1.86
3.1601  2.18
3.1701  1.94
3.1801  1.81
3.1901  2.01
3.2001  1.86
3.2101  2.12
3.2201  1.8
3.2301  1.99
3.2401  2.16
3.2501  2.15
3.2601  2.1
3.2701  1.93
3.2801  1.97
3.2901  1.74
3.3001  1.71
3.3101  2.01
3.3201  1.71
3.3301  1.9
3.3401  1.82
3.3501  2.05
3.3601  1.76
3.3701  1.98
3.3801  1.68
3.3901  2.11
3.4001  1.68
3.4101  1.7
3.4201  1.46
3.4301  1.67
3.4401  1.66
3.4501  1.51
3.4601  1.59
3.4701  1.59
3.4801  1.79
3.4901  1.72
3.5001  1.81
3.5101  1.49
3.5201  1.54
3.5301  1.42
3.5401  1.46
3.5501  1.61
3.5601  1.53
3.5701  1.74
3.5801  1.55
3.5901  1.44
3.6001  1.61
3.6101  1.8
3.6201  1.66
3.6301  1.43
3.6401  1.51
3.6501  1.52
3.6601  1.83
3.6701  1.52
3.6801  1.42
3.6901  1.5
3.7001  1.7
3.7101  1.58
3.7201  1.42
3.7301  1.39
3.7401  1.55
3.7501  1.68
3.7601  1.68
3.7701  1.48
3.7801  1.75
3.7901  1.57
3.8001  1.59
3.8101  1.62
3.8201  2.01
3.8301  1.73
3.8401  1.63
3.8501  1.71
3.8601  1.84
3.8701  1.57
3.8801  1.67
3.8901  1.85
3.9001  1.86
3.9101  1.75
3.9201  1.8
3.9301  1.85
3.9401  1.94
3.9501  1.94
3.9601  1.96
3.9701  1.82
3.9801  2.02
3.9901  2.1
4.0001  1.98
4.0101  1.87
4.0201  1.66
4.0301  2
4.0401  1.98
4.0501  1.92
4.0601  1.93
4.0701  2.07
4.0801  1.78
4.0901  1.9
4.1001  1.97
4.1101  1.87
4.1201  1.76
4.1301  1.9
4.1401  1.85
4.1501  1.93
4.1601  1.97
4.1701  2.26
4.1801  2.02
4.1901  2.06
4.2001  1.77
4.2101  1.88
4.2201  1.84
4.2301  1.96
4.2401  1.89
4.2501  1.61
4.2601  1.8
4.2701  1.53
4.2801  1.65
4.2901  1.66
4.3001  1.57
4.3101  1.8
4.3201  1.69
4.3301  1.85
4.3401  1.84
4.3501  1.68
4.3601  1.35
4.3701  1.73
4.3801  1.67
4.3901  1.62
4.4001  1.45
4.4101  1.58
4.4201  1.51
4.4301  1.7
4.4401  1.77
4.4501  1.71
4.4601  1.54
4.4701  1.81
4.4801  1.68
4.4901  1.48
4.5001  1.43
4.5101  1.61
4.5201  1.55
4.5301  1.52
4.5401  1.81
4.5501  1.42
4.5601  1.54
4.5701  1.54
4.5801  1.63
4.5901  1.54
4.6001  1.78
4.6101  1.47
4.6201  1.71
4.6301  1.38
4.6401  1.55
4.6501  1.52
4.6601  1.79
4.6701  1.64
4.6801  1.58
4.6901  1.6
4.7001  1.69
4.7101  1.71
4.7201  1.9
4.7301  1.66
4.7401  1.94
4.7501  1.85
4.7601  1.66
4.7701  1.88
4.7801  1.91
4.7901  1.84
4.8001  2.02
4.8101  1.83
4.8201  1.75
4.8301  2.04
4.8401  1.87
4.8501  1.91
4.8601  1.65
4.8701  1.8
4.8801  1.82
4.8901  2.11
4.9001  1.79
4.9101  1.63
4.9201  1.73
4.9301  1.96
4.9401  1.69
4.9501  2.11
4.9601  1.88
4.9701  2.09
4.9801  1.93
4.9901  2.21
5.0001  1.81
5.0101  1.88
5.0201  2.01
5.0301  1.77
5.0401  1.86
5.0501  2.12
5.0601  1.78
5.0701  1.77
5.0801  2
5.0901  2.06
5.1001  1.58
5.1101  1.82
5.1201  1.83
5.1301  1.64
5.1401  1.74
5.1501  1.98
5.1601  1.62
5.1701  1.73
5.1801  1.64
5.1901  1.68
5.2001  1.43
5.2101  1.77
5.2201  1.51
5.2301  1.47
5.2401  1.65
5.2501  1.69
5.2601  1.74
5.2701  1.89
5.2801  1.66
5.2901  1.73
5.3001  1.87
5.3101  1.57
5.3201  1.63
5.3301  1.57
5.3401  1.82
5.3501  1.9
5.3601  1.64
5.3701  1.65
5.3801  1.46
5.3901  1.63
5.4001  1.58
5.4101  1.71
5.4201  1.46
5.4301  1.6
5.4401  1.58
5.4501  1.53
5.4601  1.55
5.4701  1.66
5.4801  1.5
5.4901  1.35
5.5001  1.84
5.5101  1.43
5.5201  1.54
5.5301  1.71
5.5401  1.84
5.5501  1.81
5.5601  1.82
5.5701  1.83
5.5801  1.78
5.5901  1.81
5.6001  1.67
5.6101  1.82
5.6201  1.65
5.6301  1.76
5.6401  1.77
5.6501  1.74
5.6601  1.98
5.6701  1.82
5.6801  2.04
5.6901  1.8
5.7001  1.82
5.7101  1.81
5.7201  1.57
5.7301  1.83
5.7401  1.79
5.7501  1.77
5.7601  2.05
5.7701  1.63
5.7801  2.06
5.7901  1.81
5.8001  1.85
5.8101  1.78
5.8201  1.91
5.8301  1.76
5.8401  1.94
5.8501  1.89
5.8601  2.13
5.8701  1.96
5.8801  2.24
5.8901  2.02
5.9001  1.73
5.9101  1.97
5.9201  1.78
5.9301  1.92
5.9401  1.85
5.9501  1.9
5.9601  1.76
5.9701  1.67
5.9801  1.72
5.9901  1.97
6.0001  1.69
6.0101  1.73
6.0201  1.57
6.0301  1.59
6.0401  1.84
6.0501  1.7
6.0601  1.83
6.0701  1.58
6.0801  1.65
6.0901  1.72
6.1001  1.67
6.1101  1.81
6.1201  1.56
6.1301  1.63
6.1401  1.67
6.1501  2.09
6.1601  1.77
6.1701  1.88
6.1801  1.49
6.1901  1.8
6.2001  1.54
6.2101  1.74
6.2201  1.59
6.2301  1.56
6.2401  1.57
6.2501  1.69
6.2601  1.64
6.2701  1.65
6.2801  1.55
6.2901  1.53
6.3001  1.56
6.3101  1.64
6.3201  1.58
6.3301  1.75
6.3401  1.57
6.3501  1.42
6.3601  1.63
6.3701  1.69
6.3801  1.67
6.3901  1.62
6.4001  1.82
6.4101  1.69
6.4201  1.83
6.4301  1.75
6.4401  1.95
6.4501  1.89
6.4601  1.72
6.4701  1.86
6.4801  1.92
6.4901  1.67
6.5001  1.68
6.5101  1.62
6.5201  1.72
6.5301  1.74
6.5401  1.76
6.5501  1.73
6.5601  1.81
6.5701  1.94
6.5801  1.85
6.5901  1.82
6.6001  1.66
6.6101  1.92
6.6201  1.92
6.6301  1.73
6.6401  1.87
6.6501  1.77
6.6601  1.79
6.6701  1.87
6.6801  1.69
6.6901  2.03
6.7001  2.02
6.7101  1.72
6.7201  1.94
6.7301  1.78
6.7401  1.97
6.7501  2.17
6.7601  1.84
6.7701  1.91
6.7801  1.96
6.7901  1.73
6.8001  1.55
6.8101  1.89
6.8201  1.76
6.8301  1.87
6.8401  1.88
6.8501  1.82
6.8601  1.72
6.8701  1.89
6.8801  1.56
6.8901  1.76
6.9001  1.5
6.9101  1.85
6.9201  1.73
6.9301  2.01
6.9401  1.7
6.9501  1.76
6.9601  1.68
6.9701  1.74
6.9801  1.65
6.9901  1.59
7.0001  1.58
7.0101  1.83
7.0201  1.87
7.0301  1.81
7.0401  1.51
7.0501  1.57
7.0601  1.71
7.0701  1.71
7.0801  1.96
7.0901  1.62
7.1001  1.83
7.1101  1.54
7.1201  1.5
7.1301  1.44
7.1401  1.48
7.1501  1.8
7.1601  1.66
7.1701  1.82
7.1801  1.63
7.1901  1.79
7.2001  1.61
7.2101  1.55
7.2201  1.69
7.2301  1.51
7.2401  1.85
7.2501  1.65
7.2601  1.66
7.2701  1.51
7.2801  1.71
7.2901  2.02
7.3001  1.74
7.3101  1.78
7.3201  1.64
7.3301  1.53
7.3401  1.69
7.3501  1.78
7.3601  1.74
7.3701  1.74
7.3801  1.98
7.3901  1.79
7.4001  1.6
7.4101  1.93
7.4201  1.78
7.4301  1.82
7.4401  1.84
7.4501  1.89
7.4601  1.47
7.4701  1.79
7.4801  1.88
7.4901  1.63
7.5001  2.25
7.5101  1.83
7.5201  1.83
7.5301  1.67
7.5401  1.67
7.5501  1.7
7.5601  1.9
7.5701  2.01
7.5801  1.98
7.5901  1.86
7.6001  1.74
7.6101  1.86
7.6201  1.83
7.6301  1.89
7.6401  1.61
7.6501  1.91
7.6601  2
7.6701  1.77
7.6801  1.71
7.6901  1.93
7.7001  1.75
7.7101  1.9
7.7201  1.74
7.7301  1.62
7.7401  2.1
7.7501  1.66
7.7601  1.9
7.7701  1.75
7.7801  1.75
7.7901  1.85
7.8001  1.67
7.8101  1.57
7.8201  1.76
7.8301  1.71
7.8401  1.91
7.8501  1.8
7.8601  1.82
7.8701  1.63
7.8801  1.73
7.8901  1.46
7.9001  1.74
7.9101  1.64
7.9201  1.69
7.9301  1.64
7.9401  1.83
7.9501  1.78
7.9601  1.47
7.9701  1.83
7.9801  1.5
7.9901  1.53
8.0001  1.74
8.0101  1.82
8.0201  1.75
8.0301  1.84
8.0401  1.82
8.0501  1.73
8.0601  1.56
8.0701  1.84
8.0801  1.57
8.0901  1.43
8.1001  1.84
8.1101  1.65
8.1201  1.47
8.1301  1.57
8.1401  1.54
8.1501  1.68
8.1601  1.53
8.1701  1.77
8.1801  1.82
8.1901  1.71
8.2001  1.84
8.2101  1.55
8.2201  1.81
8.2301  1.77
8.2401  1.83
8.2501  1.54
8.2601  1.88
8.2701  1.78
8.2801  1.64
8.2901  1.67
8.3001  1.89
8.3101  1.98
8.3201  1.52
8.3301  1.73
8.3401  1.78
8.3501  2
8.3601  1.62
8.3701  1.94
8.3801  1.94
8.3901  1.72
8.4001  1.84
8.4101  1.75
8.4201  1.83
8.4301  1.83
8.4401  1.7
8.4501  1.81
8.4601  1.79
8.4701  1.69
8.4801  1.78
8.4901  1.9
8.5001  1.84
8.5101  1.91
8.5201  1.82
8.5301  1.72
8.5401  2
8.5501  1.89
8.5601  1.77
8.5701  1.78
8.5801  1.97
8.5901  1.72
8.6001  2
8.6101  1.93
8.6201  1.92
8.6301  1.92
8.6401  1.56
8.6501  1.88
8.6601  1.68
8.6701  1.52
8.6801  1.67
8.6901  1.68
8.7001  1.79
8.7101  1.64
8.7201  1.78
8.7301  1.74
8.7401  1.66
8.7501  1.87
8.7601  1.61
8.7701  1.92
8.7801  1.65
8.7901  1.67
8.8001  1.68
8.8101  2
8.8201  1.57
8.8301  1.75
8.8401  1.82
8.8501  1.51
8.8601  1.79
8.8701  1.55
8.8801  1.61
8.8901  1.52
8.9001  1.68
8.9101  1.87
8.9201  1.99
8.9301  1.49
8.9401  1.76
8.9501  1.62
8.9601  1.77
8.9701  1.7
8.9801  1.65
8.9901  1.72
9.0001  1.53
9.0101  1.58
9.0201  1.98
9.0301  1.74
9.0401  1.57
9.0501  1.71
9.0601  1.69
9.0701  1.6
9.0801  1.57
9.0901  1.67
9.1001  1.74
9.1101  1.9
9.1201  1.61
9.1301  1.86
9.1401  1.58
9.1501  1.62
9.1601  1.83
9.1701  1.9
9.1801  1.82
9.1901  2.08
9.2001  1.94
9.2101  1.96
9.2201  1.88
9.2301  1.51
9.2401  1.9
9.2501  1.74
9.2601  1.58
9.2701  1.82
9.2801  1.65
9.2901  1.86
9.3001  1.93
9.3101  1.75
9.3201  1.71
9.3301  1.8
9.3401  1.76
9.3501  2
9.3601  1.99
9.3701  1.67
9.3801  1.67
9.3901  1.68
9.4001  1.84
9.4101  1.78
9.4201  2.02
9.4301  1.89
9.4401  1.73
9.4501  1.64
9.4601  1.85
9.4701  1.57
9.4801  1.84
9.4901  2.15
9.5001  1.75
9.5101  1.89
9.5201  1.75
9.5301  1.61
9.5401  1.63
9.5501  1.79
9.5601  1.79
9.5701  1.83
9.5801  1.76
9.5901  1.78
9.6001  1.76
9.6101  1.69
9.6201  1.78
9.6301  1.92
9.6401  1.49
9.6501  1.76
9.6601  1.9
9.6701  1.48
9.6801  1.64
9.6901  1.71
9.7001  1.78
9.7101  1.63
9.7201  1.56
9.7301  1.79
9.7401  1.99
9.7501  1.82
9.7601  1.62
9.7701  1.92
9.7801  1.7
9.7901  1.51
9.8001  1.69
9.8101  1.56
9.8201  1.81
9.8301  1.61
9.8401  1.92
9.8501  1.66
9.8601  1.65
9.8701  1.82
9.8801  1.52
9.8901  1.6
9.9001  1.81
9.9101  1.74
9.9201  1.84
9.9301  1.71
9.9401  1.45
9.9501  1.54
9.9601  1.77
9.9701  1.71
9.9801  1.87
9.9901  1.64
10.0001  1.94
10.0101  1.88
10.0201  1.79
10.0301  1.7
10.0401  1.66
10.0501  1.87
10.0601  1.78
10.0701  1.85
10.0801  1.82
10.0901  1.59
10.1001  1.67
10.1101  1.73
10.1201  1.89
10.1301  1.75
10.1401  1.98
10.1501  1.88
10.1601  2.06
10.1701  1.87
10.1801  1.63
10.1901  1.79
10.2001  1.68
10.2101  1.71
10.2201  1.75
10.2301  2.04
10.2401  1.83
10.2501  1.68
10.2601  1.67
10.2701  1.88
10.2801  1.93
10.2901  1.85
10.3001  1.92
10.3101  1.78
10.3201  1.91
10.3301  1.73
10.3401  1.71
10.3501  1.63
10.3601  1.72
10.3701  1.71
10.3801  1.92
10.3901  2.01
10.4001  1.75
10.4101  1.59
10.4201  1.8
10.4301  1.8
10.4401  1.87
10.4501  1.72
10.4601  1.78
10.4701  1.95
10.4801  1.92
10.4901  1.59
10.5001  1.64
10.5101  1.66
10.5201  1.52
10.5301  1.83
10.5401  1.74
10.5501  1.75
10.5601  1.63
10.5701  1.7
10.5801  1.61
10.5901  1.63
10.6001  1.57
10.6101  1.85
10.6201  1.89
10.6301  1.76
10.6401  1.6
10.6501  1.84
10.6601  1.66
10.6701  1.66
10.6801  1.68
10.6901  1.83
10.7001  1.6
10.7101  1.68
10.7201  1.79
10.7301  1.87
10.7401  1.5
10.7501  1.59
10.7601  1.88
10.7701  1.78
10.7801  1.5
10.7901  1.53
10.8001  1.61
10.8101  1.81
10.8201  1.71
10.8301  2.01
10.8401  1.82
10.8501  1.57
10.8601  1.57
10.8701  1.66
10.8801  1.78
10.8901  1.84
10.9001  1.82
10.9101  1.47
10.9201  1.8
10.9301  1.74
10.9401  1.78
10.9501  1.91
10.9601  1.8
10.9701  1.93
10.9801  1.55
10.9901  1.84
11.0001  1.58
11.0101  2.06
11.0201  1.76
11.0301  1.76
11.0401  2
11.0501  1.71
11.0601  1.87
11.0701  1.89
11.0801  1.76
11.0901  1.76
11.1001  2.04
11.1101  1.73
11.1201  1.98
11.1301  1.75
11.1401  1.63
11.1501  1.78
11.1601  1.86
11.1701  1.77
11.1801  2.02
11.1901  1.34
11.2001  1.91
11.2101  2.03
11.2201  1.82
11.2301  1.79
11.2401  1.81
11.2501  1.86
11.2601  1.93
11.2701  1.79
11.2801  1.88
11.2901  1.48
11.3001  1.76
11.3101  1.77
11.3201  1.81
11.3301  1.96
11.3401  1.5
11.3501  1.79
11.3601  1.62
11.3701  1.69
11.3801  1.83
11.3901  1.56
11.4001  1.77
11.4101  1.81
11.4201  1.94
11.4301  1.39
11.4401  1.83
11.4501  1.65
11.4601  1.61
11.4701  1.77
11.4801  1.59
11.4901  1.73
11.5001  1.77
11.5101  1.63
11.5201  1.74
11.5301  1.61
11.5401  1.63
11.5501  1.91
11.5601  1.56
11.5701  1.58
11.5801  2.05
11.5901  1.73
11.6001  1.47
11.6101  1.7
11.6201  1.72
11.6301  1.81
11.6401  1.57
11.6501  1.54
11.6601  1.73
11.6701  1.85
11.6801  1.78
11.6901  1.88
11.7001  1.86
11.7101  1.71
11.7201  1.76
11.7301  1.61
11.7401  1.75
11.7501  1.84
11.7601  1.57
11.7701  1.65
11.7801  1.79
11.7901  1.84
11.8001  1.82
11.8101  1.8
11.8201  1.94
11.8301  1.53
11.8401  2.09
11.8501  1.92
11.8601  1.88
11.8701  1.73
11.8801  1.6
11.8901  1.84
11.9001  1.79
11.9101  1.72
11.9201  1.85
11.9301  1.74
11.9401  1.8
11.9501  1.8
11.9601  1.8
11.9701  1.83
11.9801  1.82
11.9901  1.83
12.0001  2
12.0101  1.87
12.0201  1.81
12.0301  1.63
12.0401  1.92
12.0501  1.69
12.0601  1.57
12.0701  1.79
12.0801  1.81
12.0901  2.01
12.1001  1.61
12.1101  1.71
12.1201  1.72
12.1301  1.94
12.1401  1.73
12.1501  1.74
12.1601  1.8
12.1701  1.66
12.1801  1.9
12.1901  1.75
12.2001  1.53
12.2101  1.71
12.2201  1.79
12.2301  1.8
12.2401  1.88
12.2501  1.7
12.2601  1.82
12.2701  1.8
12.2801  1.64
12.2901  1.53
12.3001  1.79
12.3101  1.9
12.3201  1.69
12.3301  1.51
12.3401  1.57
12.3501  1.66
12.3601  1.71
12.3701  2.09
12.3801  1.83
12.3901  1.7
12.4001  1.46
12.4101  1.9
12.4201  1.9
12.4301  1.59
12.4401  1.67
12.4501  1.74
12.4601  1.66
12.4701  1.68
12.4801  1.45
12.4901  1.46
12.5001  1.66
12.5101  1.7
12.5201  1.72
12.5301  2.13
12.5401  1.78
12.5501  1.77
12.5601  1.73
12.5701  1.54
12.5801  1.85
12.5901  1.62
12.6001  1.74
12.6101  1.82
12.6201  1.8
12.6301  1.71
12.6401  1.64
12.6501  2.1
12.6601  1.8
12.6701  1.53
12.6801  1.58
12.6901  1.67
12.7001  1.88
12.7101  2.04
12.7201  1.81
12.7301  1.88
12.7401  1.55
12.7501  2
12.7601  1.76
12.7701  1.68
12.7801  1.87
12.7901  1.72
12.8001  1.76
12.8101  1.98
12.8201  1.82
12.8301  1.65
12.8401  1.95
12.8501  1.7
12.8601  1.7
12.8701  1.82
12.8801  1.83
12.8901  1.78
12.9001  1.82
12.9101  1.76
12.9201  2.18
12.9301  1.74
12.9401  1.71
12.9501  1.7
12.9601  1.87
12.9701  1.73
12.9801  1.78
12.9901  1.96
13.0001  1.82
13.0101  1.87
13.0201  1.91
13.0301  1.5
13.0401  1.6
13.0501  1.74
13.0601  1.71
13.0701  1.89
13.0801  1.74
13.0901  1.66
13.1001  1.6
13.1101  1.77
13.1201  1.64
13.1301  1.82
13.1401  1.91
13.1501  1.51
13.1601  1.91
13.1701  1.98
13.1801  1.6
13.1901  1.62
13.2001  1.66
13.2101  1.69
13.2201  1.71
13.2301  1.72
13.2401  1.93
13.2501  1.47
13.2601  1.76
13.2701  1.76
13.2801  1.77
13.2901  1.69
13.3001  1.57
13.3101  1.67
13.3201  1.89
13.3301  1.52
13.3401  1.89
13.3501  1.78
13.3601  1.68
13.3701  1.68
13.3801  1.74
13.3901  1.67
13.4001  1.72
13.4101  1.47
13.4201  1.76
13.4301  1.84
13.4401  1.95
13.4501  1.7
13.4601  1.66
13.4701  1.54
13.4801  1.85
13.4901  1.78
13.5001  1.86
13.5101  1.7
13.5201  1.61
13.5301  1.92
13.5401  1.91
13.5501  1.74
13.5601  1.74
13.5701  1.56
13.5801  1.87
13.5901  1.66
13.6001  1.79
13.6101  1.79
13.6201  1.76
13.6301  1.76
13.6401  1.91
13.6501  1.75
13.6601  1.66
13.6701  1.95
13.6801  1.81
13.6901  1.51
13.7001  1.69
13.7101  1.81
13.7201  1.86
13.7301  1.76
13.7401  1.9
13.7501  1.87
13.7601  1.72
13.7701  1.87
13.7801  1.95
13.7901  1.87
13.8001  1.84
13.8101  1.65
13.8201  1.91
13.8301  1.97
13.8401  1.67
13.8501  1.78
13.8601  1.49
13.8701  1.83
13.8801  1.79
13.8901  1.86
13.9001  1.91
13.9101  1.72
13.9201  1.75
13.9301  1.95
13.9401  1.58
13.9501  1.76
13.9601  1.78
13.9701  1.79
13.9801  1.64
13.9901  1.62
14.0001  1.91
14.0101  1.75
14.0201  1.82
14.0301  1.7
14.0401  1.83
14.0501  1.58
14.0601  1.69
14.0701  1.75
14.0801  1.56
14.0901  1.95
14.1001  1.68
14.1101  2.13
14.1201  1.57
14.1301  1.77
14.1401  1.39
14.1501  1.69
14.1601  1.63
14.1701  1.84
14.1801  1.75
14.1901  1.69
14.2001  1.55
14.2101  1.73
14.2201  1.71
14.2301  1.73
14.2401  1.8
14.2501  1.69
14.2601  1.69
14.2701  1.73
14.2801  1.74
14.2901  1.54
14.3001  1.87
14.3101  1.76
14.3201  1.71
14.3301  1.73
14.3401  1.67
14.3501  1.69
14.3601  1.93
14.3701  1.99
14.3801  1.47
14.3901  1.75
14.4001  1.49
14.4101  1.76
14.4201  1.98
14.4301  1.97
14.4401  1.73
14.4501  1.71
14.4601  1.72
14.4701  1.64
14.4801  2.07
14.4901  1.58
14.5001  1.88
14.5101  1.73
14.5201  1.7
14.5301  1.77
14.5401  1.75
14.5501  2.03
14.5601  1.54
14.5701  1.78
14.5801  1.66
14.5901  1.98
14.6001  1.82
14.6101  1.78
14.6201  1.79
14.6301  1.79
14.6401  1.87
14.6501  1.98
14.6601  1.72
14.6701  1.74
14.6801  1.9
14.6901  1.9
14.7001  1.88
14.7101  1.88
14.7201  1.73
14.7301  1.79
14.7401  1.54
14.7501  1.67
14.7601  1.77
14.7701  1.71
14.7801  1.81
14.7901  1.79
14.8001  1.88
14.8101  1.61
14.8201  1.82
14.8301  1.73
14.8401  1.9
14.8501  1.6
14.8601  1.66
14.8701  1.7
14.8801  1.89
14.8901  1.74
14.9001  1.85
14.9101  1.78
14.9201  1.69
14.9301  1.83
14.9401  1.81
14.9501  1.73
14.9601  2
14.9701  1.77
14.9801  1.48
14.9901  1.67
15.0001  1.86
15.0101  1.75
15.0201  1.66
15.0301  1.76
15.0401  1.61
15.0501  1.83
15.0601  1.54
15.0701  1.67
15.0801  1.88
15.0901  1.71
15.1001  1.78
15.1101  1.7
15.1201  1.68
15.1301  1.78
15.1401  1.59
15.1501  1.73
15.1601  1.39
15.1701  1.97
15.1801  1.87
15.1901  1.83
15.2001  1.77
15.2101  1.83
15.2201  1.63
15.2301  1.72
15.2401  1.62
15.2501  1.75
15.2601  1.7
15.2701  1.79
15.2801  1.62
15.2901  2.08
15.3001  1.64
15.3101  1.64
15.3201  1.85
15.3301  1.63
15.3401  1.8
15.3501  1.77
15.3601  1.92
15.3701  1.54
15.3801  1.61
15.3901  1.8
15.4001  1.92
15.4101  1.76
15.4201  1.71
15.4301  1.67
15.4401  1.78
15.4501  1.9
15.4601  1.69
15.4701  1.77
15.4801  1.93
15.4901  1.72
15.5001  1.78
15.5101  1.84
15.5201  1.87
15.5301  1.87
15.5401  1.9
15.5501  1.62
15.5601  1.77
15.5701  1.68
15.5801  1.75
15.5901  1.92
15.6001  1.83
15.6101  1.48
15.6201  1.84
15.6301  1.69
15.6401  1.75
15.6501  1.87
15.6601  1.77
15.6701  2.06
15.6801  1.89
15.6901  1.78
15.7001  1.68
15.7101  1.64
15.7201  1.94
15.7301  1.59
15.7401  1.87
15.7501  1.7
15.7601  1.72
15.7701  1.64
15.7801  1.95
15.7901  1.92
15.8001  1.5
15.8101  1.89
15.8201  1.63
15.8301  1.72
15.8401  1.55
15.8501  1.64
15.8601  1.75
15.8701  1.69
15.8801  1.84
15.8901  1.61
15.9001  1.88
15.9101  1.82
15.9201  1.54
15.9301  1.73
15.9401  1.67
15.9501  1.96
15.9601  1.7
15.9701  1.95
15.9801  1.78
15.9901  1.49
16.0001  1.76
16.0101  1.61
16.0201  1.9
16.0301  1.74
16.0401  1.63
16.0501  1.67
16.0601  1.73
16.0701  1.82
16.0801  1.74
16.0901  1.7
16.1001  1.77
16.1101  1.84
16.1201  1.64
16.1301  1.6
16.1401  1.74
16.1501  1.68
16.1601  1.88
16.1701  1.64
16.1801  1.67
16.1901  1.58
16.2001  1.98
16.2101  1.56
16.2201  1.83
16.2301  1.87
16.2401  1.79
16.2501  1.89
16.2601  1.68
16.2701  1.88
16.2801  1.54
16.2901  1.65
16.3001  1.88
16.3101  1.75
16.3201  2.06
16.3301  1.86
16.3401  1.76
16.3501  1.9
16.3601  1.94
16.3701  1.61
16.3801  1.68
16.3901  1.59
16.4001  1.62
16.4101  1.86
16.4201  1.6
16.4301  1.86
16.4401  1.68
16.4501  1.51
16.4601  2.06
16.4701  1.56
16.4801  1.93
16.4901  1.8
16.5001  1.85
16.5101  1.69
16.5201  1.69
16.5301  1.78
16.5401  1.9
16.5501  1.96
16.5601  1.91
16.5701  1.68
16.5801  1.91
16.5901  1.59
16.6001  1.78
16.6101  1.86
16.6201  1.75
16.6301  1.39
16.6401  1.92
16.6501  1.73
16.6601  1.63
16.6701  1.66
16.6801  1.84
16.6901  1.67
16.7001  1.63
16.7101  1.94
16.7201  1.46
16.7301  1.71
16.7401  1.89
16.7501  1.68
16.7601  1.94
16.7701  1.71
16.7801  1.72
16.7901  1.77
16.8001  1.68
16.8101  1.67
16.8201  1.76
16.8301  1.4
16.8401  1.85
16.8501  1.76
16.8601  1.97
16.8701  1.55
16.8801  1.95
16.8901  1.74
16.9001  1.79
16.9101  1.83
16.9201  1.55
16.9301  1.79
16.9401  1.88
16.9501  1.68
16.9601  1.72
16.9701  1.57
16.9801  1.72
16.9901  1.85
17.0001  1.58
17.0101  1.64
17.0201  1.65
17.0301  1.86
17.0401  1.72
17.0501  1.96
17.0601  1.72
17.0701  1.99
17.0801  1.86
17.0901  1.68
17.1001  1.7
17.1101  1.58
17.1201  1.72
17.1301  1.75
17.1401  1.71
17.1501  1.78
17.1601  1.65
17.1701  1.88
17.1801  1.76
17.1901  1.85
17.2001  1.96
17.2101  1.71
17.2201  1.62
17.2301  1.93
17.2401  1.73
17.2501  1.8
17.2601  1.61
17.2701  1.58
17.2801  1.86
17.2901  1.74
17.3001  1.75
17.3101  1.72
17.3201  1.93
17.3301  1.51
17.3401  1.54
17.3501  1.88
17.3601  1.69
17.3701  1.88
17.3801  2.05
17.3901  1.7
17.4001  1.76
17.4101  1.86
17.4201  1.8
17.4301  1.75
17.4401  1.78
17.4501  1.91
17.4601  1.62
17.4701  1.88
17.4801  1.71
17.4901  1.7
17.5001  1.83
17.5101  1.46
17.5201  1.69
17.5301  1.79
17.5401  1.78
17.5501  1.88
17.5601  1.68
17.5701  1.65
17.5801  1.68
17.5901  1.88
17.6001  1.85
17.6101  1.82
17.6201  1.84
17.6301  1.59
17.6401  1.91
17.6501  1.61
17.6601  1.58
17.6701  1.77
17.6801  1.81
17.6901  1.64
17.7001  1.66
17.7101  1.78
17.7201  1.72
17.7301  1.67
17.7401  1.95
17.7501  1.82
17.7601  1.63
17.7701  1.62
17.7801  1.61
17.7901  1.86
17.8001  1.61
17.8101  1.77
17.8201  1.93
17.8301  1.6
17.8401  1.73
17.8501  1.58
17.8601  1.87
17.8701  1.85
17.8801  1.69
17.8901  1.69
17.9001  1.83
17.9101  1.67
17.9201  1.64
17.9301  1.63
17.9401  2.04
17.9501  1.74
17.9601  1.73
17.9701  1.72
17.9801  1.99
17.9901  1.69
18.0001  2.07
18.0101  1.75
18.0201  1.43
18.0301  1.74
18.0401  1.73
18.0501  1.69
18.0601  1.87
18.0701  1.72
18.0801  1.76
18.0901  1.76
18.1001  1.79
18.1101  1.73
18.1201  1.9
18.1301  1.79
18.1401  1.88
18.1501  1.85
18.1601  1.67
18.1701  1.69
18.1801  1.84
18.1901  1.68
18.2001  1.68
18.2101  2.03
18.2201  1.81
18.2301  1.56
18.2401  1.77
18.2501  1.84
18.2601  1.7
18.2701  1.75
18.2801  1.97
18.2901  1.85
18.3001  1.86
18.3101  1.78
18.3201  1.96
18.3301  1.63
18.3401  1.62
18.3501  1.6
18.3601  1.66
18.3701  1.61
18.3801  1.59
18.3901  1.71
18.4001  1.96
18.4101  1.54
18.4201  1.48
18.4301  2.05
18.4401  1.74
18.4501  1.7
18.4601  1.75
18.4701  1.7
18.4801  1.77
18.4901  1.77
18.5001  1.83
18.5101  1.8
18.5201  1.77
18.5301  1.78
18.5401  1.54
18.5501  1.82
18.5601  1.65
18.5701  1.75
18.5801  1.49
18.5901  1.64
18.6001  1.62
18.6101  1.76
18.6201  1.79
18.6301  1.93
18.6401  1.79
18.6501  1.7
18.6601  1.73
18.6701  1.67
18.6801  1.65
18.6901  1.88
18.7001  1.49
18.7101  1.68
18.7201  1.7
18.7301  1.81
18.7401  1.75
18.7501  1.98
18.7601  1.66
18.7701  1.85
18.7801  1.68
18.7901  1.67
18.8001  1.54
18.8101  1.75
18.8201  1.93
18.8301  1.98
18.8401  1.81
18.8501  1.91
18.8601  1.68
18.8701  1.82
18.8801  1.99
18.8901  1.77
18.9001  1.65
18.9101  1.64
18.9201  1.6
18.9301  1.66
18.9401  1.57
18.9501  1.75
18.9601  1.73
18.9701  1.7
18.9801  2.06
18.9901  1.74
19.0001  1.8
19.0101  1.84
19.0201  1.95
19.0301  1.81
19.0401  1.78
19.0501  1.71
19.0601  1.77
19.0701  1.59
19.0801  1.93
19.0901  1.95
19.1001  1.53
19.1101  1.69
19.1201  1.73
19.1301  1.85
19.1401  1.63
19.1501  1.85
19.1601  1.85
19.1701  1.78
19.1801  1.94
19.1901  1.75
19.2001  1.77
19.2101  1.68
19.2201  1.65
19.2301  1.94
19.2401  1.76
19.2501  1.61
19.2601  1.78
19.2701  1.74
19.2801  1.77
19.2901  1.63
19.3001  1.67
19.3101  1.68
19.3201  1.63
19.3301  1.82
19.3401  2
19.3501  1.72
19.3601  1.69
19.3701  1.62
19.3801  1.91
19.3901  1.94
19.4001  1.67
19.4101  1.76
19.4201  1.6
19.4301  2
19.4401  2.01
19.4501  1.76
19.4601  1.7
19.4701  1.62
19.4801  1.43
19.4901  1.67
19.5001  1.64
19.5101  1.66
19.5201  1.56
19.5301  1.8
19.5401  1.63
19.5501  1.88
19.5601  1.85
19.5701  1.84
19.5801  1.75
19.5901  1.79
19.6001  1.76
19.6101  1.69
19.6201  1.71
19.6301  1.73
19.6401  1.61
19.6501  1.83
19.6601  1.69
19.6701  1.87
19.6801  1.66
19.6901  1.84
19.7001  1.47
19.7101  1.76
19.7201  1.77
19.7301  1.93
19.7401  1.91
19.7501  1.9
19.7601  1.95
19.7701  1.73
19.7801  1.61
19.7901  1.81
19.8001  1.6
19.8101  1.57
19.8201  1.61
19.8301  1.76
19.8401  1.51
19.8501  2.01
19.8601  1.73
19.8701  1.73
19.8801  1.9
19.8901  1.81
19.9001  1.74
19.9101  1.68
19.9201  1.82
19.9301  1.95
19.9401  1.67
19.9501  1.87
19.9601  1.78
19.9701  1.95
19.9801  1.91
19.9901  1.68
20.0001  1.8
20.0101  1.71
20.0201  1.7
20.0301  1.74
20.0401  1.76
20.0501  1.75
20.0601  1.78
20.0701  1.76
20.0801  1.61
20.0901  1.76
20.1001  1.85
20.1101  1.69
20.1201  2.04
20.1301  1.79
20.1401  1.56
20.1501  1.87
20.1601  1.67
20.1701  1.75
20.1801  1.78
20.1901  1.62
20.2001  1.9
20.2101  1.85
20.2201  1.69
20.2301  1.71
20.2401  1.64
20.2501  1.9
20.2601  1.59
20.2701  1.72
20.2801  1.87
20.2901  1.69
20.3001  1.78
20.3101  1.69
20.3201  1.76
20.3301  1.52
20.3401  1.9
20.3501  1.92
20.3601  1.68
20.3701  1.76
20.3801  1.67
20.3901  1.73
20.4001  1.56
20.4101  1.61
20.4201  1.85
20.4301  1.58
20.4401  1.86
20.4501  1.69
20.4601  1.77
20.4701  1.84
20.4801  1.64
20.4901  1.66
20.5001  1.79
20.5101  1.75
20.5201  1.52
20.5301  1.78
20.5401  1.88
20.5501  1.91
20.5601  1.82
20.5701  1.52
20.5801  1.69
20.5901  1.81
20.6001  1.71
20.6101  1.72
20.6201  1.93
20.6301  1.94
20.6401  1.63
20.6501  1.83
20.6601  1.67
20.6701  1.64
20.6801  1.98
20.6901  1.57
20.7001  1.93
20.7101  1.75
20.7201  1.84
20.7301  1.73
20.7401  1.6
20.7501  1.63
20.7601  1.76
20.7701  1.62
20.7801  1.56
20.7901  1.82
20.8001  1.89
20.8101  1.86
20.8201  1.87
20.8301  1.9
20.8401  1.62
20.8501  2
20.8601  1.61
20.8701  1.82
20.8801  1.93
20.8901  1.67
20.9001  1.82
20.9101  1.8
20.9201  1.68
20.9301  1.85
20.9401  1.9
20.9501  1.74
20.9601  1.53
20.9701  1.64
20.9801  1.72
20.9901  1.72
21.0001  1.81
21.0101  1.95
21.0201  1.56
21.0301  1.95
21.0401  1.76
21.0501  1.7
21.0601  1.95
21.0701  1.68
21.0801  1.54
21.0901  1.85
21.1001  1.83
21.1101  1.87
21.1201  1.79
21.1301  1.96
21.1401  1.68
21.1501  1.73
21.1601  1.74
21.1701  1.76
21.1801  1.82
21.1901  1.77
21.2001  1.72
21.2101  1.73
21.2201  2.01
21.2301  1.57
21.2401  1.63
21.2501  1.62
21.2601  1.66
21.2701  2.01
21.2801  1.76
21.2901  1.88
21.3001  1.63
21.3101  1.78
21.3201  1.61
21.3301  1.65
21.3401  1.9
21.3501  1.58
21.3601  1.66
21.3701  1.65
21.3801  1.74
21.3901  1.77
21.4001  1.61
21.4101  1.89
21.4201  1.86
21.4301  1.79
21.4401  1.81
21.4501  1.65
21.4601  1.63
21.4701  1.52
21.4801  1.85
21.4901  1.72
21.5001  1.7
21.5101  1.82
21.5201  1.74
21.5301  1.96
21.5401  1.83
21.5501  1.61
21.5601  1.58
21.5701  1.7
21.5801  1.75
21.5901  1.74
21.6001  1.54
21.6101  1.78
21.6201  1.86
21.6301  1.84
21.6401  1.58
21.6501  1.76
21.6601  1.87
21.6701  1.96
21.6801  1.82
21.6901  1.76
21.7001  1.65
21.7101  1.95
21.7201  1.64
21.7301  1.78
21.7401  1.66
21.7501  1.9
21.7601  1.9
21.7701  1.73
21.7801  1.61
21.7901  1.93
21.8001  1.76
21.8101  1.81
21.8201  1.65
21.8301  1.65
21.8401  1.81
21.8501  1.87
21.8601  1.84
21.8701  1.54
21.8801  1.76
21.8901  1.88
21.9001  1.74
21.9101  1.93
21.9201  1.73
21.9301  1.69
21.9401  1.89
21.9501  1.78
21.9601  1.7
21.9701  1.66
21.9801  1.8
21.9901  1.93
22.0001  1.89
22.0101  1.74
22.0201  1.79
22.0301  1.72
22.0401  1.64
22.0501  1.55
22.0601  1.64
22.0701  1.73
22.0801  1.8
22.0901  1.98
22.1001  1.68
22.1101  2.15
22.1201  1.62
22.1301  1.67
22.1401  1.81
22.1501  1.56
22.1601  1.55
22.1701  1.65
22.1801  1.71
22.1901  1.89
22.2001  1.74
22.2101  1.74
22.2201  1.87
22.2301  1.78
22.2401  1.87
22.2501  1.8
22.2601  1.54
22.2701  1.79
22.2801  1.8
22.2901  1.86
22.3001  1.53
22.3101  1.71
22.3201  1.71
22.3301  1.68
22.3401  1.85
22.3501  1.72
22.3601  1.49
22.3701  1.83
22.3801  1.78
22.3901  1.77
22.4001  1.75
22.4101  1.74
22.4201  1.84
22.4301  1.78
22.4401  1.54
22.4501  1.81
22.4601  1.83
22.4701  1.66
22.4801  1.74
22.4901  1.92
22.5001  1.87
22.5101  1.65
22.5201  1.66
22.5301  1.91
22.5401  1.74
22.5501  1.75
22.5601  1.63
22.5701  1.87
22.5801  1.55
22.5901  1.71
22.6001  1.8
22.6101  1.71
22.6201  1.6
22.6301  1.75
22.6401  1.9
22.6501  1.89
22.6601  1.75
22.6701  1.91
22.6801  1.91
22.6901  1.79
22.7001  1.72
22.7101  1.7
22.7201  1.85
22.7301  1.67
22.7401  1.69
22.7501  1.82
22.7601  1.78
22.7701  1.87
22.7801  1.69
22.7901  1.86
22.8001  1.63
22.8101  1.9
22.8201  1.71
22.8301  1.71
22.8401  1.87
22.8501  1.71
22.8601  1.98
22.8701  1.64
22.8801  1.5
22.8901  1.94
22.9001  1.79
22.9101  1.68
22.9201  1.74
22.9301  1.98
22.9401  1.52
22.9501  1.96
22.9601  1.58
22.9701  1.77
22.9801  1.57
22.9901  1.64
23.0001  1.79
23.0101  1.74
23.0201  1.84
23.0301  1.68
23.0401  1.73
23.0501  1.82
23.0601  1.81
23.0701  1.69
23.0801  1.8
23.0901  1.64
23.1001  1.81
23.1101  1.8
23.1201  1.61
23.1301  1.73
23.1401  1.45
23.1501  1.65
23.1601  1.78
23.1701  1.51
23.1801  1.53
23.1901  1.82
23.2001  1.84
23.2101  1.63
23.2201  1.88
23.2301  1.95
23.2401  1.9
23.2501  1.69
23.2601  1.77
23.2701  2
23.2801  1.46
23.2901  1.73
23.3001  1.63
23.3101  1.75
23.3201  1.95
23.3301  1.63
23.3401  1.94
23.3501  1.8
23.3601  1.78
23.3701  1.75
23.3801  1.66
23.3901  1.72
23.4001  1.69
23.4101  1.66
23.4201  1.62
23.4301  1.71
23.4401  2.06
23.4501  1.68
23.4601  2.01
23.4701  1.8
23.4801  1.47
23.4901  1.92
23.5001  1.79
23.5101  1.7
23.5201  2.06
23.5301  1.65
23.5401  1.72
23.5501  1.91
23.5601  1.75
23.5701  1.6
23.5801  1.88
23.5901  1.9
23.6001  1.74
23.6101  1.97
23.6201  1.8
23.6301  1.77
23.6401  1.7
23.6501  1.85
23.6601  1.73
23.6701  1.66
23.6801  1.84
23.6901  1.64
23.7001  1.68
23.7101  1.74
23.7201  1.67
23.7301  1.93
23.7401  1.84
23.7501  1.73
23.7601  1.87
23.7701  1.8
23.7801  1.77
23.7901  1.6
23.8001  1.6
23.8101  1.53
23.8201  1.76
23.8301  1.68
23.8401  2.02
23.8501  1.71
23.8601  1.44
23.8701  1.92
23.8801  1.89
23.8901  1.85
23.9001  1.56
23.9101  1.81
23.9201  1.94
23.9301  1.43
23.9401  1.57
23.9501  1.76
23.9601  1.85
23.9701  1.6
23.9801  1.78
23.9901  1.77
24.0001  1.75
24.0101  1.7
24.0201  1.89
24.0301  1.64
24.0401  1.76
24.0501  1.68
24.0601  1.54
24.0701  1.64
24.0801  1.84
24.0901  1.76
24.1001  1.78
24.1101  1.65
24.1201  2.08
24.1301  1.65
24.1401  1.55
24.1501  1.73
24.1601  1.97
24.1701  1.68
24.1801  1.7
24.1901  1.62
24.2001  1.7
24.2101  1.83
24.2201  1.83
24.2301  1.73
24.2401  1.69
24.2501  2
24.2601  1.86
24.2701  1.8
24.2801  1.6
24.2901  1.58
24.3001  1.89
24.3101  1.78
24.3201  1.78
24.3301  2.02
24.3401  1.85
24.3501  1.68
24.3601  1.66
24.3701  1.72
24.3801  1.61
24.3901  1.8
24.4001  1.76
24.4101  2.14
24.4201  1.72
24.4301  1.72
24.4401  1.81
24.4501  1.87
24.4601  1.79
24.4701  1.66
24.4801  1.69
24.4901  1.65
24.5001  1.76
24.5101  1.89
24.5201  1.86
24.5301  1.77
24.5401  1.81
24.5501  1.9
24.5601  1.68
24.5701  1.66
24.5801  1.66
24.5901  1.77
24.6001  1.92
24.6101  1.56
24.6201  2.03
24.6301  1.96
24.6401  1.72
24.6501  1.66
24.6601  1.94
24.6701  1.79
24.6801  1.6
24.6901  1.84
24.7001  1.67
24.7101  1.58
24.7201  1.86
24.7301  1.69
24.7401  1.83
24.7501  1.68
24.7601  1.78
24.7701  1.56
24.7801  1.47
24.7901  1.85
24.8001  1.67
24.8101  1.98
24.8201  1.53
24.8301  1.97
24.8401  1.81
24.8501  1.72
24.8601  1.57
24.8701  1.74
24.8801  1.83
24.8901  1.73
24.9001  1.49
24.9101  2.01
24.9201  1.82
24.9301  1.67
24.9401  1.8
24.9501  1.5
24.9601  1.95
24.9701  1.86
24.9801  1.67
24.9901  1.56
25.0001  1.63
25.0101  1.7
25.0201  1.66
25.0301  1.74
25.0401  1.63
25.0501  1.75
25.0601  1.76
25.0701  1.82
25.0801  1.83
25.0901  1.87
25.1001  1.89
25.1101  2.08
25.1201  1.64
25.1301  1.9
25.1401  1.6
25.1501  1.78
25.1601  1.66
25.1701  1.68
25.1801  1.72
25.1901  1.63
25.2001  1.69
25.2101  2
25.2201  1.77
25.2301  1.96
25.2401  1.75
25.2501  1.81
25.2601  1.98
25.2701  1.49
25.2801  1.85
25.2901  1.71
25.3001  1.6
25.3101  1.65
25.3201  1.83
25.3301  1.64
25.3401  2.03
25.3501  1.92
25.3601  1.76
25.3701  1.71
25.3801  1.79
25.3901  1.66
25.4001  1.86
25.4101  2.06
25.4201  1.54
25.4301  1.75
25.4401  1.83
25.4501  1.63
25.4601  1.67
25.4701  1.88
25.4801  1.81
25.4901  1.82
25.5001  1.63
25.5101  1.9
25.5201  1.86
25.5301  1.76
25.5401  1.73
25.5501  1.76
25.5601  1.7
25.5701  1.66
25.5801  1.65
25.5901  1.78
25.6001  1.97
25.6101  1.54
25.6201  1.67
25.6301  1.86
25.6401  1.78
25.6501  1.86
25.6601  1.77
25.6701  1.8
25.6801  1.88
25.6901  1.88
25.7001  1.51
25.7101  1.8
25.7201  1.87
25.7301  1.69
25.7401  1.62
25.7501  1.72
25.7601  1.8
25.7701  1.71
25.7801  1.84
25.7901  1.47
25.8001  1.78
25.8101  1.73
25.8201  1.64
25.8301  1.84
25.8401  1.76
25.8501  1.63
25.8601  1.89
25.8701  1.79
25.8801  1.64
25.8901  1.6
25.9001  1.76
25.9101  1.57
25.9201  1.86
25.9301  2.02
25.9401  1.62
25.9501  1.79
25.9601  1.94
25.9701  1.83
25.9801  1.51
25.9901  1.62
26.0001  1.95
26.0101  2.04
26.0201  1.87
26.0301  1.52
26.0401  1.73
26.0501  1.88
26.0601  1.7
26.0701  1.74
26.0801  1.69
26.0901  1.65
26.1001  1.75
26.1101  1.52
26.1201  1.64
26.1301  1.86
26.1401  1.84
26.1501  1.77
26.1601  1.6
26.1701  2.04
26.1801  1.7
26.1901  1.76
26.2001  1.9
26.2101  1.68
26.2201  1.74
26.2301  1.75
26.2401  2.04
26.2501  1.78
26.2601  1.78
26.2701  2.16
26.2801  1.84
26.2901  1.58
26.3001  1.95
26.3101  1.64
26.3201  1.87
26.3301  1.57
26.3401  1.88
26.3501  1.66
26.3601  1.48
26.3701  1.76
26.3801  1.86
26.3901  1.56
26.4001  1.88
26.4101  1.64
26.4201  1.91
26.4301  1.65
26.4401  1.73
26.4501  1.86
26.4601  1.76
26.4701  1.98
26.4801  1.61
26.4901  1.73
26.5001  1.85
26.5101  1.83
26.5201  1.65
26.5301  1.72
26.5401  2.04
26.5501  1.88
26.5601  1.83
26.5701  1.64
26.5801  1.9
26.5901  1.85
26.6001  1.62
26.6101  1.54
26.6201  1.47
26.6301  1.67
26.6401  1.71
26.6501  1.81
26.6601  1.61
26.6701  1.66
26.6801  1.89
26.6901  1.63
26.7001  1.74
26.7101  1.8
26.7201  1.67
26.7301  1.71
26.7401  1.66
26.7501  1.69
26.7601  1.76
26.7701  1.62
26.7801  1.92
26.7901  1.86
26.8001  1.94
26.8101  1.78
26.8201  1.72
26.8301  1.69
26.8401  1.87
26.8501  1.89
26.8601  1.82
26.8701  1.81
26.8801  1.6
26.8901  1.53
26.9001  1.68
26.9101  1.89
26.9201  1.59
26.9301  2.06
26.9401  1.54
26.9501  1.68
26.9601  1.69
26.9701  1.53
26.9801  1.57
26.9901  1.72
27.0001  1.87
27.0101  1.78
27.0201  1.72
27.0301  1.76
27.0401  1.76
27.0501  1.74
27.0601  1.7
27.0701  2.02
27.0801  1.88
27.0901  1.83
27.1001  1.92
27.1101  1.91
27.1201  1.95
27.1301  1.68
27.1401  1.74
27.1501  1.73
27.1601  1.66
27.1701  1.86
27.1801  1.7
27.1901  1.78
27.2001  1.56
27.2101  1.64
27.2201  1.78
27.2301  1.92
27.2401  1.97
27.2501  1.62
27.2601  1.89
27.2701  1.68
27.2801  1.69
27.2901  1.77
27.3001  1.7
27.3101  1.8
27.3201  1.75
27.3301  1.67
27.3401  1.88
27.3501  1.63
27.3601  1.75
27.3701  1.84
27.3801  1.69
27.3901  1.82
27.4001  1.81
27.4101  1.81
27.4201  1.79
27.4301  1.9
27.4401  1.76
27.4501  1.74
27.4601  1.66
27.4701  1.68
27.4801  1.82
27.4901  1.59
27.5001  1.56
27.5101  1.69
27.5201  1.68
27.5301  1.45
27.5401  1.66
27.5501  1.83
27.5601  1.67
27.5701  1.96
27.5801  1.58
27.5901  1.68
27.6001  1.98
27.6101  1.72
27.6201  1.54
27.6301  1.73
27.6401  1.8
27.6501  1.94
27.6601  1.74
27.6701  1.67
27.6801  1.8
27.6901  1.67
27.7001  1.88
27.7101  1.74
27.7201  1.78
27.7301  1.82
27.7401  1.69
27.7501  1.74
27.7601  1.7
27.7701  1.87
27.7801  1.86
27.7901  1.71
27.8001  1.78
27.8101  1.65
27.8201  1.81
27.8301  1.6
27.8401  1.65
27.8501  1.87
27.8601  1.77
27.8701  1.57
27.8801  1.83
27.8901  1.71
27.9001  1.72
27.9101  1.68
27.9201  1.93
27.9301  1.7
27.9401  1.82
27.9501  1.7
27.9601  1.74
27.9701  2.16
27.9801  1.7
27.9901  1.71
28.0001  1.97
28.0101  1.62
28.0201  1.8
28.0301  1.87
28.0401  1.82
28.0501  1.59
28.0601  1.59
28.0701  1.7
28.0801  1.85
28.0901  1.76
28.1001  1.75
28.1101  1.69
28.1201  1.97
28.1301  2.01
28.1401  1.63
28.1501  2.04
28.1601  1.58
28.1701  1.64
28.1801  1.74
28.1901  1.86
28.2001  1.63
28.2101  1.54
28.2201  1.84
28.2301  1.5
28.2401  1.83
28.2501  1.9
28.2601  1.72
28.2701  1.67
28.2801  1.67
28.2901  1.87
28.3001  1.85
28.3101  1.92
28.3201  1.9
28.3301  1.81
28.3401  1.68
28.3501  1.53
28.3601  1.77
28.3701  1.51
28.3801  1.71
28.3901  1.57
28.4001  1.85
28.4101  1.85
28.4201  1.71
28.4301  1.76
28.4401  1.73
28.4501  1.57
28.4601  1.69
28.4701  1.81
28.4801  1.6
28.4901  1.6
28.5001  1.71
28.5101  1.87
28.5201  1.73
28.5301  1.83
28.5401  1.82
28.5501  1.7
28.5601  1.79
28.5701  1.71
28.5801  1.71
28.5901  1.54
28.6001  1.84
28.6101  1.68
28.6201  1.87
28.6301  1.89
28.6401  1.58
28.6501  1.98
28.6601  1.75
28.6701  1.87
28.6801  1.56
28.6901  1.86
28.7001  1.72
28.7101  1.87
28.7201  1.89
28.7301  1.7
28.7401  1.81
28.7501  1.6
28.7601  1.65
28.7701  1.78
28.7801  1.55
28.7901  1.81
28.8001  1.78
28.8101  1.67
28.8201  1.85
28.8301  2.2
28.8401  1.75
28.8501  1.84
28.8601  1.65
28.8701  1.88
28.8801  1.83
28.8901  1.88
28.9001  1.61
28.9101  1.73
28.9201  1.61
28.9301  1.82
28.9401  1.68
28.9501  1.68
28.9601  1.9
28.9701  2.02
28.9801  1.73
28.9901  1.68
29.0001  1.71
29.0101  2.05
29.0201  1.69
29.0301  1.45
29.0401  2.01
29.0501  1.72
29.0601  1.65
29.0701  1.77
29.0801  1.7
29.0901  1.67
29.1001  1.72
29.1101  1.7
29.1201  1.81
29.1301  1.69
29.1401  1.87
29.1501  1.81
29.1601  1.8
29.1701  1.64
29.1801  1.8
29.1901  1.83
29.2001  1.74
29.2101  1.56
29.2201  1.98
29.2301  1.56
29.2401  1.85
29.2501  1.68
29.2601  1.44
29.2701  1.72
29.2801  1.8
29.2901  1.66
29.3001  1.75
29.3101  1.74
29.3201  1.81
29.3301  1.68
29.3401  2.02
29.3501  1.65
29.3601  1.86
29.3701  1.65
29.3801  1.77
29.3901  1.58
29.4001  1.7
29.4101  1.63
29.4201  1.88
29.4301  1.82
29.4401  1.81
29.4501  1.83
29.4601  1.75
29.4701  1.65
29.4801  1.74
29.4901  1.54
29.5001  1.66
29.5101  1.73
29.5201  1.85
29.5301  1.67
29.5401  1.77
29.5501  1.6
29.5601  1.97
29.5701  1.67
29.5801  1.69
29.5901  1.59
29.6001  1.86
29.6101  2
29.6201  1.91
29.6301  1.89
29.6401  1.79
29.6501  1.71
29.6601  1.76
29.6701  1.56
29.6801  1.64
29.6901  1.95
29.7001  1.72
29.7101  1.92
29.7201  1.77
29.7301  1.89
29.7401  1.67
29.7501  1.68
29.7601  1.81
29.7701  1.91
29.7801  1.74
29.7901  1.77
29.8001  1.78
29.8101  1.68
29.8201  1.93
29.8301  1.71
29.8401  1.55
29.8501  1.75
29.8601  1.7
29.8701  1.83
29.8801  1.91
29.8901  1.8
29.9001  1.96
29.9101  2.05
29.9201  1.77
29.9301  1.99
29.9401  1.54
29.9501  1.72
29.9601  1.89
29.9701  1.84
29.9801  1.52
29.9901  1.66
30.0001  1.73
30.0101  1.74
30.0201  1.85
30.0301  1.77
30.0401  1.71
30.0501  1.75
30.0601  1.58
30.0701  1.63
30.0801  1.86
30.0901  1.69
30.1001  1.57
30.1101  1.99
30.1201  1.81
30.1301  1.65
30.1401  1.79
30.1501  1.76
30.1601  1.74
30.1701  1.72
30.1801  1.72
30.1901  1.58
30.2001  1.69
30.2101  1.81
30.2201  1.76
30.2301  1.77
30.2401  1.63
30.2501  1.9
30.2601  1.58
30.2701  1.79
30.2801  1.55
30.2901  1.56
30.3001  1.73
30.3101  1.42
30.3201  1.81
30.3301  1.74
30.3401  2
30.3501  1.76
30.3601  1.63
30.3701  2.06
30.3801  1.62
30.3901  1.67
30.4001  1.85
30.4101  1.69
30.4201  1.66
30.4301  1.6
30.4401  1.73
30.4501  2.15
30.4601  1.79
30.4701  1.62
30.4801  1.51
30.4901  1.73
30.5001  1.86
30.5101  1.79
30.5201  1.94
30.5301  1.86
30.5401  1.75
30.5501  1.78
30.5601  1.74
30.5701  1.73
30.5801  1.86
30.5901  1.56
30.6001  1.83
30.6101  1.88
30.6201  1.72
30.6301  1.84
30.6401  1.83
30.6501  1.71
30.6601  1.95
30.6701  1.97
30.6801  1.84
30.6901  1.83
30.7001  1.43
30.7101  1.83
30.7201  1.81
30.7301  1.8
30.7401  1.88
30.7501  1.52
30.7601  2.03
30.7701  1.88
30.7801  1.69
30.7901  1.7
30.8001  1.97
30.8101  1.66
30.8201  1.63
30.8301  1.7
30.8401  1.9
30.8501  1.73
30.8601  1.64
30.8701  1.83
30.8801  1.72
30.8901  1.71
30.9001  1.63
30.9101  1.87
30.9201  1.87
30.9301  1.82
30.9401  1.62
30.9501  1.96
30.9601  1.94
30.9701  1.82
30.9801  1.67
30.9901  1.6
31.0001  1.79
31.0101  1.57
31.0201  1.68
31.0301  1.78
31.0401  1.63
31.0501  1.6
31.0601  1.77
31.0701  1.88
31.0801  1.77
31.0901  1.58
31.1001  1.49
31.1101  1.62
31.1201  1.93
31.1301  1.89
31.1401  1.79
31.1501  1.75
31.1601  1.74
31.1701  1.76
31.1801  1.73
31.1901  1.86
31.2001  1.68
31.2101  1.71
31.2201  1.72
31.2301  1.5
31.2401  1.89
31.2501  1.78
31.2601  1.83
31.2701  1.72
31.2801  1.61
31.2901  1.71
31.3001  1.69
31.3101  1.84
31.3201  1.68
31.3301  1.76
31.3401  1.82
31.3501  1.83
31.3601  1.71
31.3701  1.65
31.3801  1.77
31.3901  1.62
31.4001  1.81
31.4101  1.76
31.4201  1.53
31.4301  1.93
31.4401  1.93
31.4501  1.98
31.4601  1.72
31.4701  1.85
31.4801  1.71
31.4901  1.6
31.5001  1.83
31.5101  1.98
31.5201  1.83
31.5301  1.67
31.5401  1.74
31.5501  1.73
31.5601  1.81
31.5701  1.87
31.5801  1.62
31.5901  1.8
31.6001  1.9
31.6101  1.76
31.6201  1.77
31.6301  1.9
31.6401  1.68
31.6501  1.8
31.6601  1.67
31.6701  1.93
31.6801  1.84
31.6901  1.41
31.7001  1.57
31.7101  1.78
31.7201  1.88
31.7301  1.83
31.7401  2.08
31.7501  1.7
31.7601  1.68
31.7701  1.68
31.7801  1.79
31.7901  1.91
31.8001  1.95
31.8101  1.74
31.8201  2.12
31.8301  1.79
31.8401  1.67
31.8501  1.65
31.8601  1.64
31.8701  1.75
31.8801  1.59
31.8901  1.88
31.9001  1.65
31.9101  1.48
31.9201  1.74
31.9301  1.73
31.9401  1.73
31.9501  1.55
31.9601  1.75
31.9701  1.9
31.9801  1.64
31.9901  1.93
32.0001  1.64
32.0101  1.84
32.0201  1.62
32.0301  1.82
32.0401  1.75
32.0501  1.74
32.0601  1.59
32.0701  1.56
32.0801  1.82
32.0901  1.82
32.1001  1.93
32.1101  1.61
32.1201  1.49
32.1301  1.78
32.1401  1.7
32.1501  1.72
32.1601  1.72
32.1701  1.73
32.1801  1.84
32.1901  1.75
32.2001  1.7
32.2101  1.56
32.2201  1.83
32.2301  1.9
32.2401  1.82
32.2501  1.7
32.2601  1.91
32.2701  1.51
32.2801  1.67
32.2901  1.61
32.3001  1.82
32.3101  1.6
32.3201  1.9
32.3301  1.71
32.3401  1.81
32.3501  2.04
32.3601  1.78
32.3701  1.55
32.3801  1.97
32.3901  1.99
32.4001  2.02
32.4101  1.73
32.4201  1.78
32.4301  1.87
32.4401  1.81
32.4501  1.77
32.4601  1.58
32.4701  1.66
32.4801  1.74
32.4901  1.79
32.5001  2.08
32.5101  1.69
32.5201  1.84
32.5301  1.69
32.5401  1.74
32.5501  1.82
32.5601  1.73
32.5701  1.64
32.5801  1.88
32.5901  1.91
32.6001  1.69
32.6101  1.77
32.6201  1.95
32.6301  1.79
32.6401  1.48
32.6501  2.07
32.6601  1.54
32.6701  1.79
32.6801  1.95
32.6901  1.76
32.7001  1.96
32.7101  1.64
32.7201  1.67
32.7301  1.76
32.7401  1.67
32.7501  2.05
32.7601  1.61
32.7701  1.75
32.7801  1.99
32.7901  1.71
32.8001  1.85
32.8101  1.62
32.8201  1.5
32.8301  1.68
32.8401  1.52
32.8501  1.6
32.8601  1.83
32.8701  1.8
32.8801  1.69
32.8901  1.6
32.9001  1.87
32.9101  1.76
32.9201  1.84
32.9301  1.51
32.9401  1.55
32.9501  1.77
32.9601  1.74
32.9701  1.85
32.9801  1.91
32.9901  1.66
33.0001  1.74
33.0101  1.93
33.0201  1.8
33.0301  1.47
33.0401  1.85
33.0501  1.64
33.0601  1.85
33.0701  1.71
33.0801  1.74
33.0901  1.92
33.1001  1.52
33.1101  1.55
33.1201  1.7
33.1301  1.8
33.1401  1.66
33.1501  1.89
33.1601  1.78
33.1701  1.77
33.1801  1.57
33.1901  1.61
33.2001  1.77
33.2101  1.88
33.2201  1.81
33.2301  1.92
33.2401  1.65
33.2501  1.7
33.2601  1.98
33.2701  1.76
33.2801  1.93
33.2901  1.63
33.3001  1.8
33.3101  1.58
33.3201  1.87
33.3301  1.83
33.3401  1.9
33.3501  1.91
33.3601  1.88
33.3701  1.74
33.3801  1.85
33.3901  1.81
33.4001  1.97
33.4101  1.86
33.4201  1.67
33.4301  1.8
33.4401  1.83
33.4501  1.75
33.4601  1.51
33.4701  1.61
33.4801  1.78
33.4901  1.82
33.5001  1.72
33.5101  1.84
33.5201  1.7
33.5301  2
33.5401  1.9
33.5501  1.96
33.5601  1.66
33.5701  1.98
33.5801  1.61
33.5901  1.73
33.6001  1.95
33.6101  1.78
33.6201  1.78
33.6301  1.57
33.6401  1.69
33.6501  1.68
33.6601  1.75
33.6701  1.72
33.6801  1.86
33.6901  1.96
33.7001  1.64
33.7101  1.62
33.7201  1.78
33.7301  1.75
33.7401  1.7
33.7501  1.52
33.7601  1.72
33.7701  1.63
33.7801  1.73
33.7901  1.72
33.8001  1.76
33.8101  1.74
33.8201  1.79
33.8301  1.66
33.8401  1.78
33.8501  1.85
33.8601  1.56
33.8701  1.7
33.8801  1.67
33.8901  1.78
33.9001  1.55
33.9101  1.59
33.9201  1.9
33.9301  1.88
33.9401  1.73
33.9501  1.73
33.9601  1.72
33.9701  1.95
33.9801  1.72
33.9901  1.64
34.0001  1.83
34.0101  1.57
34.0201  1.38
34.0301  1.67
34.0401  1.81
34.0501  1.79
34.0601  1.54
34.0701  1.74
34.0801  1.91
34.0901  1.88
34.1001  1.8
34.1101  2.05
34.1201  1.79
34.1301  1.8
34.1401  1.91
34.1501  1.81
34.1601  1.89
34.1701  1.81
34.1801  1.76
34.1901  1.65
34.2001  1.57
34.2101  1.77
34.2201  1.62
34.2301  2.08
34.2401  1.78
34.2501  1.72
34.2601  1.82
34.2701  1.86
34.2801  2.13
34.2901  1.74
34.3001  1.75
34.3101  1.71
34.3201  1.8
34.3301  1.62
34.3401  1.58
34.3501  1.86
34.3601  1.84
34.3701  1.78
34.3801  1.83
34.3901  2.01
34.4001  1.78
34.4101  1.71
34.4201  1.69
34.4301  1.85
34.4401  1.79
34.4501  1.67
34.4601  1.89
34.4701  1.82
34.4801  1.65
34.4901  1.68
34.5  1.73
34.51  1.46
34.52  1.73
34.53  1.68
34.54  1.77
34.55  1.85
34.56  1.68
34.57  1.79
34.58  1.72
34.59  1.66
34.6  1.9
34.61  1.56
34.62  1.61
34.63  1.75
34.64  1.8
34.65  1.63
34.66  1.48
34.67  1.76
34.68  1.95
34.69  1.78
34.7  1.8
34.71  1.73
34.72  1.85
34.73  1.64
34.74  1.67
34.75  1.52
34.76  2.01
34.77  1.71
34.78  1.62
34.79  1.76
34.8  1.66
34.81  1.9
34.82  1.68
34.83  1.7
34.84  1.81
34.85  1.56
34.86  1.67
34.87  1.86
34.88  1.51
34.89  1.79
34.9  1.87
34.91  1.74
34.92  1.94
34.93  1.47
34.94  1.88
34.95  1.96
34.96  1.7
34.97  1.7
34.98  1.77
34.99  1.83
35  1.9
35.01  2
35.02  1.65
35.03  1.7
35.04  1.68
35.05  1.89
35.06  1.86
35.07  1.77
35.08  1.58
35.09  1.58
35.1  1.99
35.11  1.77
35.12  1.89
35.13  1.75
35.14  1.82
35.15  2
35.16  1.75
35.17  1.65
35.18  1.78
35.19  1.81
35.2  1.57
35.21  1.86
35.22  1.54
35.23  1.81
35.24  1.72
35.25  1.96
35.26  1.94
35.27  1.82
35.28  1.91
35.29  1.68
35.3  1.63
35.31  1.71
35.32  1.69
35.33  1.75
35.34  2.01
35.35  1.78
35.36  1.87
35.37  1.54
35.38  1.65
35.39  1.57
35.4  1.77
35.41  1.96
35.42  1.59
35.43  1.59
35.44  1.85
35.45  1.66
35.46  1.58
35.47  1.79
35.48  1.92
35.49  1.68
35.5  1.85
35.51  1.63
35.52  1.76
35.53  1.66
35.54  1.6
35.55  1.84
35.56  1.82
35.57  1.52
35.58  1.78
35.59  1.83
35.6  1.9
35.61  1.53
35.62  1.66
35.63  1.93
35.64  1.65
35.65  1.77
35.66  1.53
35.67  1.86
35.68  1.7
35.69  1.81
35.7  2.11
35.71  1.56
35.72  1.77
35.73  1.49
35.74  1.68
35.75  1.74
35.76  1.79
35.77  1.79
35.78  1.73
35.79  1.91
35.8  1.72
35.81  1.86
35.82  1.67
35.83  1.61
35.84  1.88
35.85  1.83
35.86  2.01
35.87  1.71
35.88  1.73
35.89  1.91
35.9  1.87
35.91  1.95
35.92  1.71
35.93  1.79
35.94  1.6
35.95  1.93
35.96  1.58
35.97  1.81
35.98  1.68
35.99  1.73
36  1.84
36.01  1.72
36.02  1.79
36.03  1.68
36.04  1.68
36.05  1.73
36.06  1.86
36.07  1.65
36.08  1.59
36.09  1.79
36.1  1.98
36.11  1.87
36.12  1.75
36.13  1.76
36.14  1.8
36.15  1.82
36.16  1.58
36.17  1.73
36.18  1.78
36.19  1.84
36.2  1.67
36.21  1.76
36.22  1.75
36.23  1.71
36.24  1.79
36.25  1.89
36.26  1.71
36.27  1.69
36.28  1.63
36.29  1.72
36.3  1.82
36.31  1.65
36.32  1.68
36.33  1.63
36.34  1.74
36.35  1.92
36.36  1.8
36.37  1.53
36.38  1.8
36.39  1.83
36.4  1.84
36.41  1.62
36.42  1.61
36.43  1.68
36.44  1.7
36.45  1.92
36.46  1.96
36.47  1.77
36.48  1.73
36.49  1.67
36.5  1.7
36.51  1.75
36.52  1.97
36.53  1.69
36.54  1.63
36.55  1.68
36.56  1.57
36.57  1.81
36.58  1.79
36.59  1.58
36.6  2.09
36.61  1.58
36.62  1.73
36.63  1.8
36.64  1.62
36.65  1.71
36.66  1.68
36.67  1.83
36.68  1.72
36.69  1.95
36.7  1.69
36.71  1.82
36.72  1.82
36.73  1.63
36.74  1.75
36.75  1.81
36.76  1.95
36.77  1.44
36.78  1.88
36.79  1.92
36.8  1.77
36.81  1.78
36.82  1.77
36.83  1.59
36.84  1.83
36.85  1.98
36.86  1.75
36.87  1.81
36.88  1.73
36.89  1.76
36.9  1.83
36.91  2.15
36.92  1.82
36.93  1.76
36.94  1.56
36.95  1.82
36.96  1.76
36.97  1.65
36.98  1.65
36.99  1.83
37  1.72
37.01  1.69
37.02  1.73
37.03  1.8
37.04  2.02
37.05  1.88
37.06  1.62
37.07  1.81
37.08  1.83
37.09  1.75
37.1  1.79
37.11  1.79
37.12  1.6
37.13  1.46
37.14  1.83
37.15  1.85
37.16  2.03
37.17  1.65
37.18  1.71
37.19  1.69
37.2  1.87
37.21  1.77
37.22  1.78
37.23  1.64
37.24  1.73
37.25  1.52
37.26  1.52
37.27  1.68
37.28  1.53
37.29  1.65
37.3  1.86
37.31  1.94
37.32  1.67
37.33  1.61
37.34  1.78
37.35  1.46
37.36  1.82
37.37  1.67
37.38  1.81
37.39  1.66
37.4  1.48
37.41  2.01
37.42  1.85
37.43  1.64
37.44  1.75
37.45  1.8
37.46  1.84
37.47  1.74
37.48  1.78
37.49  1.69
37.5  1.51
37.51  1.8
37.52  1.84
37.53  1.7
37.54  1.55
37.55  1.92
37.56  1.5
37.57  1.79
37.58  1.97
37.59  1.73
37.6  1.89
37.61  1.56
37.62  1.62
37.63  1.85
37.64  1.89
37.65  1.91
37.66  1.87
37.67  1.8
37.68  1.8
37.69  2.03
37.7  1.66
37.71  1.79
37.72  1.8
37.73  1.77
37.74  1.93
37.75  1.62
37.76  1.91
37.77  2.07
37.78  1.72
37.79  1.98
37.8  1.44
37.81  1.71
37.82  1.64
37.83  1.75
37.84  1.84
37.85  1.94
37.86  1.67
37.87  1.92
37.88  1.9
37.89  1.8
37.9  1.89
37.91  1.53
37.92  1.73
37.93  1.77
37.94  1.62
37.95  1.64
37.96  1.74
37.97  2.05
37.98  1.73
37.99  1.87
38  1.63
38.01  1.88
38.02  1.7
38.03  1.66
38.04  1.91
38.05  1.61
38.06  1.79
38.07  1.77
38.08  1.67
38.09  1.7
38.1  1.57
38.11  1.51
38.12  1.73
38.13  1.75
38.14  1.73
38.15  1.57
38.16  1.67
38.17  1.66
38.18  1.67
38.19  1.73
38.2  1.84
38.21  1.63
38.22  1.69
38.23  1.84
38.24  2.02
38.25  1.77
38.26  1.84
38.27  1.83
38.28  1.78
38.29  2.05
38.3  1.59
38.31  1.51
38.32  1.85
38.33  1.59
38.34  1.43
38.35  1.81
38.36  1.62
38.37  1.89
38.38  1.74
38.39  1.79
38.4  1.87
38.41  1.63
38.42  1.8
38.43  1.76
38.44  1.72
38.45  1.78
38.46  1.81
38.47  1.9
38.48  1.92
38.49  1.95
38.5  1.72
38.51  1.77
38.52  1.43
38.53  1.86
38.54  1.89
38.55  1.98
38.56  1.84
38.57  1.61
38.58  1.85
38.59  1.64
38.6  1.53
38.61  1.86
38.62  1.75
38.63  2.1
38.64  1.72
38.65  1.8
38.66  1.69
38.67  1.69
38.68  1.58
38.69  1.7
38.7  1.83
38.71  1.79
38.72  1.64
38.73  1.91
38.74  1.82
38.75  1.91
38.76  1.49
38.77  1.92
38.78  1.7
38.79  1.83
38.8  1.96
38.81  1.82
38.82  1.89
38.83  1.63
38.84  1.66
38.85  1.81
38.86  1.98
38.87  1.61
38.88  1.64
38.89  1.61
38.9  1.77
38.91  1.62
38.92  1.64
38.93  1.62
38.94  1.58
38.95  1.79
38.96  1.99
38.97  1.59
38.98  1.76
38.99  1.53
39  1.64
39.01  1.99
39.02  1.82
39.03  2.08
39.04  1.75
39.05  1.61
39.06  1.96
39.07  1.83
39.08  1.65
39.09  1.72
39.1  1.75
39.11  1.58
39.12  1.78
39.13  1.59
39.14  1.78
39.15  1.73
39.16  1.98
39.17  1.5
39.18  1.63
39.19  1.65
39.2  1.84
39.21  1.79
39.22  1.74
39.23  1.6
39.24  1.82
39.25  1.82
39.26  1.7
39.27  2.03
39.28  1.83
39.29  1.71
39.3  1.94
39.31  1.85
39.32  1.64
39.33  1.81
39.34  1.83
39.35  1.7
39.36  1.81
39.37  1.68
39.38  1.86
39.39  1.93
39.4  1.76
39.41  1.89
39.42  1.57
39.43  1.52
39.44  1.76
39.45  1.84
39.46  1.82
39.47  1.65
39.48  1.78
39.49  2.02
39.5  1.88
39.51  1.73
39.52  1.66
39.53  1.76
39.54  1.78
39.55  1.72
39.56  1.76
39.57  1.85
39.58  2.09
39.59  1.81
39.6  1.56
39.61  1.98
39.62  1.84
39.63  1.81
39.64  1.46
39.65  1.51
39.66  1.77
39.67  1.8
39.68  1.65
39.69  1.74
39.7  1.9
39.71  1.79
39.72  1.82
39.73  1.73
39.74  1.74
39.75  1.72
39.76  1.89
39.77  1.6
39.78  1.71
39.79  1.56
39.8  1.65
39.81  1.86
39.82  1.68
39.83  1.94
39.84  1.8
39.85  1.88
39.86  1.54
39.87  1.73
39.88  1.76
39.89  1.52
39.9  1.85
39.91  1.88
39.92  1.84
39.93  1.85
39.94  1.59
39.95  1.71
39.96  1.7
39.97  1.68
39.98  1.81
39.99  1.57
40  1.53
40.01  1.81
40.02  1.55
40.03  1.9
40.04  1.98
40.05  1.73
40.06  1.66
40.07  1.84
40.08  1.82
40.09  1.83
40.1  1.87
40.11  1.77
40.12  1.7
40.13  1.78
40.14  1.67
40.15  1.7
40.16  1.74
40.17  1.83
40.18  1.77
40.19  1.61
40.2  1.82
40.21  1.85
40.22  1.7
40.23  1.9
40.24  1.72
40.25  1.66
40.26  2.08
40.27  1.69
40.28  1.78
40.29  1.64
40.3  1.93
40.31  1.72
40.32  1.79
40.33  1.92
40.34  1.88
40.35  1.78
40.36  1.69
40.37  1.79
40.38  1.78
40.39  1.71
40.4  1.94
40.41  1.58
40.42  1.5
40.43  1.79
40.44  1.73
40.45  1.77
40.46  1.79
40.47  1.82
40.48  1.8
40.49  2
40.5  1.61
40.51  1.9
40.52  1.71
40.53  1.74
40.54  1.78
40.55  1.7
40.56  1.81
40.57  1.58
40.58  1.81
40.59  1.79
40.6  1.65
40.61  1.91
40.62  1.87
40.63  1.43
40.64  1.67
40.65  1.84
40.66  1.78
40.67  1.71
40.68  1.74
40.69  1.75
40.7  1.65
40.71  1.69
40.72  1.71
40.73  1.53
40.74  1.56
40.75  1.69
40.76  1.9
40.77  1.79
40.78  1.79
40.79  1.91
40.8  1.76
40.81  1.64
40.82  1.91
40.83  1.79
40.84  1.6
40.85  1.8
40.86  1.86
40.87  1.6
40.88  1.78
40.89  1.76
40.9  1.94
40.91  1.77
40.92  1.71
40.93  1.81
40.94  1.61
40.95  1.52
40.96  1.77
40.97  1.66
40.98  1.64
40.99  1.46
41  1.92
41.01  1.79
41.02  1.65
41.03  1.83
41.04  1.96
41.05  1.93
41.06  1.84
41.07  1.8
41.08  1.67
41.09  1.82
41.1  1.76
41.11  1.96
41.12  1.7
41.13  1.7
41.14  1.78
41.15  1.72
41.16  1.71
41.17  1.87
41.18  1.8
41.19  2.04
41.2  1.68
41.21  1.61
41.22  1.66
41.23  1.58
41.24  1.81
41.25  1.79
41.26  1.94
41.27  1.76
41.28  1.79
41.29  1.77
41.3  1.68
41.31  1.82
41.32  1.87
41.33  1.7
41.34  1.79
41.35  1.95
41.36  1.77
41.37  1.87
41.38  1.84
41.39  1.92
41.4  1.88
41.41  1.75
41.42  1.6
41.43  1.66
41.44  1.6
41.45  1.73
41.46  2
41.47  1.78
41.48  1.73
41.49  1.75
41.5  1.78
41.51  1.79
41.52  1.62
41.53  1.72
41.54  1.61
41.55  1.75
41.56  1.49
41.57  1.65
41.58  1.53
41.59  1.77
41.6  1.93
41.61  2.06
41.62  1.9
41.63  1.54
41.64  1.79
41.65  1.7
41.66  1.79
41.67  1.82
41.68  1.72
41.69  2.03
41.7  1.74
41.71  1.71
41.72  1.43
41.73  1.61
41.74  1.74
41.75  1.56
41.76  1.91
41.77  1.76
41.78  1.82
41.79  1.62
41.8  1.62
41.81  1.44
41.82  1.96
41.83  1.61
41.84  1.79
41.85  1.97
41.86  1.78
41.87  2.03
41.88  1.51
41.89  1.62
41.9  1.8
41.91  1.91
41.92  1.86
41.93  2.01
41.94  1.59
41.95  1.8
41.96  1.8
41.97  1.79
41.98  1.87
41.99  1.74
42  1.72
42.01  1.55
42.02  1.85
42.03  1.76
42.04  1.88
42.05  1.79
42.06  1.91
42.07  1.78
42.08  1.81
42.09  1.65
42.1  1.7
42.11  1.72
42.12  1.6
42.13  1.87
42.14  1.67
42.15  2.05
42.16  1.55
42.17  1.96
42.18  1.92
42.19  1.95
42.2  1.82
42.21  1.83
42.22  1.64
42.23  1.97
42.24  1.73
42.25  1.77
42.26  2.03
42.27  1.69
42.28  1.77
42.29  1.73
42.3  1.82
42.31  1.44
42.32  1.76
42.33  1.87
42.34  1.64
42.35  1.7
42.36  1.74
42.37  1.73
42.38  1.75
42.39  1.76
42.4  1.54
42.41  1.58
42.42  1.77
42.43  1.79
42.44  1.88
42.45  1.98
42.46  1.79
42.47  1.84
42.48  1.84
42.49  1.67
42.5  1.62
42.51  1.78
42.52  1.79
42.53  1.62
42.54  1.67
42.55  1.6
42.56  1.62
42.57  1.84
42.58  1.74
42.59  1.58
42.6  1.75
42.61  1.8
42.62  1.73
42.63  1.73
42.64  1.74
42.65  1.66
42.66  1.75
42.67  1.66
42.68  1.87
42.69  1.96
42.7  1.64
42.71  1.67
42.72  1.76
42.73  1.68
42.74  1.63
42.75  1.84
42.76  2.02
42.77  1.86
42.78  1.69
42.79  1.73
42.8  1.79
42.81  1.49
42.82  1.88
42.83  1.79
42.84  1.73
42.85  1.59
42.86  2.07
42.87  1.74
42.88  1.89
42.89  1.83
42.9  1.93
42.91  1.61
42.92  1.65
42.93  1.79
42.94  1.71
42.95  1.75
42.96  1.87
42.97  1.91
42.98  1.76
42.99  1.99
43  1.43
43.01  1.74
43.02  1.8
43.03  2.02
43.04  1.83
43.05  1.68
43.06  1.93
43.07  1.83
43.08  2.01
43.09  1.73
43.1  1.75
43.11  1.48
43.12  1.68
43.13  1.92
43.14  1.71
43.15  1.62
43.16  1.78
43.17  1.68
43.18  1.71
43.19  1.8
43.2  1.95
43.21  1.78
43.22  1.79
43.23  1.97
43.24  1.73
43.25  1.73
43.26  1.52
43.27  1.92
43.28  1.71
43.29  1.7
43.3  1.61
43.31  1.79
43.32  1.88
43.33  1.75
43.34  1.79
43.35  1.72
43.36  1.65
43.37  1.68
43.38  1.81
43.39  1.76
43.4  1.79
43.41  1.65
43.42  1.67
43.43  1.76
43.44  1.54
43.45  1.72
43.46  1.73
43.47  1.71
43.48  1.71
43.49  1.7
43.5  1.68
43.51  1.79
43.52  1.6
43.53  2.03
43.54  1.68
43.55  1.76
43.56  1.56
43.57  1.68
43.58  1.65
43.59  1.87
43.6  1.7
43.61  1.78
43.62  1.69
43.63  1.75
43.64  1.84
43.65  1.66
43.66  1.69
43.67  1.55
43.68  2.13
43.69  1.94
43.7  1.74
43.71  1.64
43.72  1.87
43.73  1.57
43.74  1.87
43.75  1.83
43.76  1.75
43.77  1.5
43.78  1.9
43.79  2.06
43.8  1.67
43.81  1.77
43.82  1.67
43.83  1.84
43.84  1.85
43.85  1.61
43.86  1.73
43.87  1.77
43.88  1.75
43.89  1.88
43.9  2.08
43.91  1.74
43.92  1.81
43.93  1.76
43.94  1.82
43.95  1.91
43.96  1.97
43.97  1.82
43.98  1.69
43.99  1.72
44  1.63
44.01  1.6
44.02  1.95
44.03  1.75
44.04  1.7
44.05  1.96
44.06  1.71
44.07  1.8
44.08  1.84
44.09  1.57
44.1  1.75
44.11  1.77
44.12  1.75
44.13  1.8
44.14  1.68
44.15  1.83
44.16  1.71
44.17  1.83
44.18  1.73
44.19  1.7
44.2  1.96
44.21  1.79
44.22  1.63
44.23  1.72
44.24  1.81
44.25  1.44
44.26  1.69
44.27  2
44.28  1.6
44.29  1.83
44.3  1.85
44.31  1.77
44.32  1.62
44.33  1.57
44.34  1.88
44.35  1.55
44.36  1.38
44.37  1.63
44.38  1.99
44.39  1.88
44.4  1.59
44.41  1.61
44.42  1.77
44.43  1.58
44.44  1.7
44.45  1.77
44.46  1.85
44.47  1.82
44.48  1.74
44.49  1.86
44.5  1.81
44.51  1.79
44.52  1.51
44.53  1.67
44.54  1.79
44.55  1.68
44.56  1.48
44.57  1.88
44.58  1.82
44.59  1.78
44.6  1.65
44.61  1.89
44.62  1.82
44.63  1.9
44.64  1.72
44.65  1.58
44.66  1.78
44.67  1.76
44.68  1.85
44.69  1.91
44.7  1.78
44.71  1.61
44.72  1.83
44.73  1.64
44.74  1.8
44.75  1.62
44.76  1.93
44.77  1.96
44.78  1.79
44.79  1.84
44.8  1.9
44.81  1.82
44.82  1.91
44.83  1.68
44.84  1.76
44.85  1.82
44.86  1.82
44.87  1.67
44.88  2.04
44.89  1.75
44.9  1.79
44.91  1.6
44.92  1.75
44.93  1.73
44.94  1.57
44.95  1.63
44.96  1.97
44.97  1.88
44.98  1.72
44.99  1.79
45  1.77
45.01  1.88
45.02  2.03
45.03  1.68
45.04  1.7
45.05  1.78
45.06  1.7
45.07  1.57
45.08  1.51
45.09  1.81
45.1  1.85
45.11  1.75
45.12  1.76
45.13  1.86
45.14  1.94
45.15  1.83
45.16  1.57
45.17  1.65
45.18  1.55
45.19  1.89
45.2  1.68
45.21  1.66
45.22  1.81
45.23  1.68
45.24  1.71
45.25  1.65
45.26  1.83
45.27  1.52
45.28  1.85
45.29  1.89
45.3  1.32
45.31  1.62
45.32  1.82
45.33  1.81
45.34  1.6
45.35  1.47
45.36  1.96
45.37  1.81
45.38  2.06
45.39  1.71
45.4  1.83
45.41  1.72
45.42  1.51
45.43  1.59
45.44  1.76
45.45  2.08
45.46  1.49
45.47  1.81
45.48  1.8
45.49  1.64
45.5  1.72
45.51  1.66
45.52  1.65
45.53  1.81
45.54  1.56
45.55  1.8
45.56  1.87
45.57  1.84
45.58  1.67
45.59  1.89
45.6  1.79
45.61  1.94
45.62  2.01
45.63  1.79
45.64  1.87
45.65  1.69
45.66  1.69
45.67  1.52
45.68  1.83
45.69  1.8
45.7  1.55
45.71  1.87
45.72  1.67
45.73  1.93
45.74  1.85
45.75  1.89
45.76  1.73
45.77  1.86
45.78  1.78
45.79  1.68
45.8  1.65
45.81  1.79
45.82  1.73
45.83  1.88
45.84  1.76
45.85  1.65
45.86  1.97
45.87  1.59
45.88  1.44
45.89  1.94
45.9  1.95
45.91  1.89
45.92  1.78
45.93  1.72
45.94  1.78
45.95  1.73
45.96  1.78
45.97  1.7
45.98  1.64
45.99  1.76
46  1.76
46.01  1.75
46.02  1.79
46.03  1.74
46.04  1.81
46.05  1.62
46.06  1.39
46.07  1.86
46.08  1.92
46.09  1.77
46.1  1.77
46.11  1.64
46.12  1.69
46.13  1.56
46.14  1.83
46.15  1.62
46.16  1.89
46.17  1.97
46.18  1.7
46.19  1.83
46.2  1.57
46.21  1.49
46.22  1.65
46.23  1.89
46.24  1.89
46.25  1.81
46.26  1.62
46.27  1.89
46.28  1.71
46.29  1.48
46.3  1.81
46.31  1.58
46.32  1.86
46.33  2.01
46.34  1.72
46.35  1.55
46.36  1.69
46.37  1.78
46.38  1.67
46.39  1.72
46.4  1.8
46.41  1.68
46.42  1.79
46.43  1.73
46.44  1.62
46.45  1.88
46.46  1.75
46.47  1.53
46.48  1.71
46.49  2.06
46.5  2.05
46.51  1.83
46.52  1.7
46.53  1.71
46.54  1.6
46.55  1.86
46.56  1.7
46.57  1.97
46.58  1.85
46.59  1.64
46.6  1.77
46.61  1.92
46.62  1.71
46.63  1.71
46.64  1.88
46.65  1.59
46.66  2
46.67  1.79
46.68  1.56
46.69  1.8
46.7  1.77
46.71  1.9
46.72  1.98
46.73  1.7
46.74  1.8
46.75  1.67
46.76  1.51
46.77  1.67
46.78  1.64
46.79  1.8
46.8  1.73
46.81  1.93
46.82  1.83
46.83  1.64
46.84  2.02
46.85  1.94
46.86  1.64
46.87  1.56
46.88  1.74
46.89  1.89
46.9  1.8
46.91  1.77
46.92  1.64
46.93  1.65
46.94  1.63
46.95  1.73
46.96  1.96
46.97  1.55
46.98  1.78
46.99  1.74
47  1.67
47.01  1.56
47.02  1.82
47.03  1.84
47.04  1.91
47.05  1.87
47.06  1.5
47.07  1.8
47.08  1.54
47.09  1.6
47.1  1.81
47.11  1.84
47.12  1.68
47.13  1.81
47.14  1.77
47.15  1.79
47.16  1.96
47.17  1.73
47.18  1.61
47.19  1.51
47.2  1.75
47.21  1.76
47.22  1.83
47.23  1.76
47.24  2.14
47.25  1.81
47.26  1.64
47.27  1.8
47.28  1.53
47.29  1.69
47.3  1.59
47.31  1.82
47.32  1.75
47.33  1.59
47.34  1.87
47.35  2.12
47.36  1.69
47.37  1.63
47.38  1.59
47.39  1.85
47.4  1.87
47.41  1.7
47.42  1.84
47.43  1.92
47.44  1.76
47.45  1.86
47.46  1.82
47.47  1.77
47.48  1.81
47.49  1.83
47.5  1.42
47.51  1.86
47.52  1.86
47.53  1.87
47.54  1.59
47.55  1.97
47.56  1.79
47.57  1.54
47.58  1.61
47.59  1.71
47.6  1.81
47.61  1.93
47.62  2.04
47.63  1.73
47.64  1.67
47.65  1.64
47.66  1.64
47.67  1.65
47.68  1.65
47.69  1.78
47.7  1.96
47.71  1.73
47.72  1.92
47.73  1.74
47.74  1.77
47.75  1.48
47.76  1.75
47.77  1.93
47.78  1.82
47.79  1.79
47.8  1.85
47.81  1.72
47.82  1.73
47.83  1.61
47.84  1.91
47.85  1.84
47.86  1.61
47.87  1.77
47.88  1.65
47.89  1.76
47.9  1.65
47.91  1.89
47.92  1.79
47.93  1.67
47.94  1.6
47.95  2.01
47.96  1.85
47.97  1.81
47.98  1.57
47.99  1.82
48  1.6
48.01  1.72
48.02  1.55
48.03  1.64
48.04  1.99
48.05  1.7
48.06  2.06
48.07  1.6
48.08  1.78
48.09  2.03
48.1  1.71
48.11  1.66
48.12  1.89
48.13  1.76
48.14  1.78
48.15  1.74
48.16  1.6
48.17  1.89
48.18  1.83
48.19  1.72
48.2  1.85
48.21  1.66
48.22  1.69
48.23  1.84
48.24  1.51
48.25  1.73
48.26  1.76
48.27  1.62
48.28  1.75
48.29  1.73
48.3  1.97
48.31  1.83
48.32  1.72
48.33  1.89
48.34  1.86
48.35  1.53
48.36  1.72
48.37  1.44
48.38  1.81
48.39  1.96
48.4  1.88
48.41  1.8
48.42  1.72
48.43  1.74
48.44  1.58
48.45  1.97
48.46  1.87
48.47  1.73
48.48  1.81
48.49  1.62
48.5  1.83
48.51  1.64
48.52  1.67
48.53  1.78
48.54  1.79
48.55  1.69
48.56  1.72
48.57  1.73
48.58  1.76
48.59  1.69
48.6  1.86
48.61  1.78
48.62  1.75
48.63  1.77
48.64  1.81
48.65  1.65
48.66  1.57
48.67  1.68
48.68  1.93
48.69  1.92
48.7  1.83
48.71  1.87
48.72  1.86
48.73  1.86
48.74  1.59
48.75  1.89
48.76  1.73
48.77  1.55
48.78  1.76
48.79  1.88
48.8  1.72
48.81  1.73
48.82  1.94
48.83  1.89
48.84  1.52
48.85  1.79
48.86  1.61
48.87  1.73
48.88  1.69
48.89  1.75
48.9  1.85
48.91  1.94
48.92  1.57
48.93  1.64
48.94  1.63
48.95  1.64
48.96  1.88
48.97  1.76
48.98  1.79
48.99  1.96
49  1.69
49.01  1.83
49.02  1.88
49.03  1.83
49.04  1.78
49.05  1.94
49.06  1.73
49.07  1.64
49.08  1.7
49.09  1.73
49.1  1.69
49.11  1.73
49.12  1.51
49.13  1.78
49.14  1.67
49.15  1.66
49.16  1.89
49.17  1.99
49.18  1.81
49.19  1.79
49.2  1.56
49.21  1.59
49.22  1.68
49.23  1.79
49.24  1.78
49.25  1.62
49.26  1.94
49.27  1.87
49.28  1.68
49.29  1.9
49.3  1.82
49.31  1.83
49.32  1.93
49.33  1.71
49.34  1.81
49.35  1.76
49.36  1.71
49.37  1.73
49.38  1.63
49.39  1.68
49.4  1.63
49.41  1.83
49.42  1.83
49.43  1.87
49.44  1.52
49.45  1.78
49.46  1.72
49.47  1.84
49.48  1.73
49.49  1.91
49.5  1.73
49.51  1.61
49.52  1.69
49.53  1.86
49.54  1.75
49.55  1.68
49.56  1.77
49.57  1.69
49.58  1.87
49.59  1.84
49.6  1.76
49.61  1.79
49.62  1.87
49.63  1.66
49.64  1.99
49.65  1.89
49.66  1.8
49.67  1.82
49.68  1.64
49.69  1.72
49.7  1.69
49.71  1.9
49.72  1.58
49.73  1.81
49.74  1.78
49.75  1.61
49.76  1.81
49.77  1.78
49.78  1.78
49.79  1.75
49.8  1.54
49.81  1.88
49.82  1.84
49.83  1.82
49.84  1.64
49.85  1.69
49.86  1.88
49.87  1.73
49.88  1.95
49.89  1.6
49.9  1.88
49.91  1.83
49.92  1.64
49.93  1.8
49.94  1.68
49.95  1.64
49.96  1.68
49.97  1.79
49.98  1.8
49.99  1.5
50  1.9
50.01  1.72
50.02  1.83
50.03  1.68
50.04  1.9
50.05  1.82
50.06  1.39
50.07  1.68
50.08  1.78
50.09  2
50.1  1.68
50.11  1.92
50.12  1.72
50.13  1.69
50.14  1.6
50.15  1.4
50.16  1.75
50.17  1.81
50.18  1.54
50.19  1.73
50.2  1.91
50.21  2.02
50.22  1.73
50.23  1.7
50.24  1.86
50.25  1.81
50.26  1.82
50.27  1.71
50.28  1.76
50.29  1.6
50.3  1.77
50.31  1.95
50.32  1.49
50.33  1.91
50.34  1.56
50.35  1.69
50.36  1.98
50.37  1.9
50.38  1.68
50.39  1.8
50.4  1.71
50.41  1.94
50.42  1.73
50.43  1.63
50.44  1.72
50.45  1.81
50.46  1.94
50.47  1.61
50.48  1.77
50.49  1.72
50.5  1.81
50.51  1.62
50.52  1.75
50.53  1.89
50.54  1.77
50.55  1.83
50.56  1.88
50.57  1.74
50.58  1.62
50.59  1.94
50.6  1.82
50.61  1.88
50.62  1.88
50.63  1.64
50.64  1.56
50.65  1.75
50.66  2.01
50.67  1.73
50.68  1.69
50.69  1.87
50.7  1.82
50.71  1.65
50.72  1.9
50.73  1.53
50.74  1.84
50.75  1.78
50.76  1.62
50.77  1.85
50.78  1.92
50.79  1.74
50.8  1.48
50.81  1.72
50.82  1.71
50.83  1.67
50.84  1.63
50.85  1.84
50.86  1.6
50.87  1.64
50.88  1.95
50.89  1.69
50.9  1.79
50.91  1.69
50.92  1.78
50.93  1.67
50.94  1.79
50.95  1.56
50.96  1.83
50.97  1.74
50.98  1.62
50.99  2.17
51  1.65
51.01  1.59
51.02  1.62
51.03  1.61
51.04  1.86
51.05  1.63
51.06  1.73
51.07  1.73
51.08  1.81
51.09  1.59
51.1  1.91
51.11  1.85
51.12  1.66
51.13  1.78
51.14  1.63
51.15  1.91
51.16  1.65
51.17  1.75
51.18  1.74
51.19  1.9
51.2  1.79
51.21  1.75
51.22  1.88
51.23  1.82
51.24  2.02
51.25  1.74
51.26  1.71
51.27  1.44
51.28  1.7
51.29  1.96
51.3  1.82
51.31  1.87
51.32  1.8
51.33  1.57
51.34  1.66
51.35  2.07
51.36  1.82
51.37  1.73
51.38  1.62
51.39  1.81
51.4  1.6
51.41  1.71
51.42  1.87
51.43  1.82
51.44  1.8
51.45  1.61
51.46  1.74
51.47  1.88
51.48  1.96
51.49  1.88
51.5  1.89
51.51  1.61
51.52  1.77
51.53  1.71
51.54  1.93
51.55  1.93
51.56  1.65
51.57  1.74
51.58  1.57
51.59  1.72
51.6  1.73
51.61  1.73
51.62  1.85
51.63  1.8
51.64  1.86
51.65  1.51
51.66  1.63
51.67  1.58
51.68  2.03
51.69  1.57
51.7  1.71
51.71  1.82
51.72  1.58
51.73  1.69
51.74  1.91
51.75  1.72
51.76  1.54
51.77  1.84
51.78  1.89
51.79  1.73
51.8  1.91
51.81  1.77
51.82  1.57
51.83  1.54
51.84  1.84
51.85  1.75
51.86  1.67
51.87  1.94
51.88  1.66
51.89  1.66
51.9  1.73
51.91  1.76
51.92  1.65
51.93  1.66
51.94  1.54
51.95  1.87
51.96  1.68
51.97  1.61
51.98  1.86
51.99  1.73
52  1.69
52.01  1.77
52.02  1.67
52.03  1.93
52.04  1.92
52.05  1.72
52.06  1.58
52.07  1.98
52.08  1.72
52.09  1.7
52.1  1.93
52.11  1.69
52.12  2.03
52.13  1.61
52.14  1.82
52.15  1.86
52.16  1.73
52.17  1.71
52.18  1.74
52.19  1.6
52.2  1.83
52.21  1.71
52.22  1.79
52.23  1.95
52.24  1.76
52.25  1.87
52.26  1.73
52.27  1.77
52.28  1.79
52.29  1.8
52.3  1.81
52.31  1.8
52.32  1.61
52.33  1.62
52.34  2.11
52.35  1.82
52.36  1.76
52.37  1.74
52.38  2.07
52.39  1.82
52.4  1.63
52.41  1.94
52.42  1.76
52.43  1.72
52.44  1.54
52.45  1.69
52.46  1.59
52.47  1.78
52.48  1.69
52.49  1.83
52.5  1.8
52.51  1.85
52.52  1.42
52.53  1.79
52.54  1.68
52.55  1.75
52.56  2.11
52.57  1.81
52.58  1.7
52.59  1.8
52.6  1.63
52.61  1.68
52.62  1.63
52.63  1.68
52.64  1.73
52.65  1.87
52.66  1.64
52.67  1.46
52.68  1.92
52.69  1.66
52.7  1.76
52.71  1.77
52.72  1.63
52.73  2.01
52.74  1.57
52.75  1.82
52.76  1.63
52.77  1.79
52.78  1.56
52.79  1.93
52.8  1.7
52.81  1.86
52.82  1.72
52.83  1.76
52.84  1.8
52.85  1.61
52.86  1.6
52.87  1.59
52.88  1.56
52.89  1.92
52.9  1.78
52.91  1.66
52.92  1.8
52.93  1.84
52.94  1.95
52.95  2.03
52.96  1.9
52.97  1.59
52.98  1.74
52.99  1.67
53  1.79
53.01  1.53
53.02  1.59
53.03  1.84
53.04  1.87
53.05  1.83
53.06  1.86
53.07  1.95
53.08  1.55
53.09  1.67
53.1  2.04
53.11  1.78
53.12  2
53.13  1.69
53.14  1.66
53.15  1.83
53.16  1.68
53.17  1.64
53.18  1.77
53.19  1.79
53.2  1.82
53.21  1.57
53.22  1.77
53.23  1.92
53.24  1.81
53.25  1.59
53.26  1.87
53.27  1.75
53.28  2
53.29  1.83
53.3  1.74
53.31  1.66
53.32  1.84
53.33  1.64
53.34  1.7
53.35  1.79
53.36  1.69
53.37  1.78
53.38  1.9
53.39  1.6
53.4  1.89
53.41  1.52
53.42  1.85
53.43  1.69
53.44  1.73
53.45  1.65
53.46  1.74
53.47  1.86
53.48  1.84
53.49  1.87
53.5  1.71
53.51  1.63
53.52  1.82
53.53  1.81
53.54  1.74
53.55  1.7
53.56  1.57
53.57  1.91
53.58  1.66
53.59  1.58
53.6  1.69
53.61  1.63
53.62  1.89
53.63  1.82
53.64  1.66
53.65  1.95
53.66  1.93
53.67  1.81
53.68  1.63
53.69  1.74
53.7  1.66
53.71  1.66
53.72  1.71
53.73  1.92
53.74  1.76
53.75  1.52
53.76  1.68
53.77  1.59
53.78  1.7
53.79  1.87
53.8  1.71
53.81  1.88
53.82  1.85
53.83  1.84
53.84  1.5
53.85  1.64
53.86  1.93
53.87  1.91
53.88  1.76
53.89  1.59
53.9  1.6
53.91  1.89
53.92  1.51
53.93  1.88
53.94  1.88
53.95  1.77
53.96  1.86
53.97  1.63
53.98  1.66
53.99  1.55
54  1.81
54.01  1.75
54.02  1.76
54.03  1.79
54.04  1.76
54.05  1.84
54.06  1.71
54.07  1.8
54.08  1.79
54.09  1.97
54.1  1.55
54.11  2.02
54.12  1.64
54.13  1.89
54.14  1.58
54.15  1.85
54.16  1.92
54.17  1.78
54.18  1.78
54.19  1.74
54.2  1.76
54.21  1.91
54.22  1.8
54.23  1.73
54.24  1.54
54.25  1.67
54.26  1.8
54.27  1.89
54.28  1.59
54.29  1.59
54.3  1.72
54.31  1.83
54.32  1.71
54.33  1.78
54.34  1.47
54.35  1.7
54.36  1.83
54.37  1.83
54.38  1.84
54.39  1.61
54.4  1.73
54.41  2.03
54.42  1.62
54.43  1.98
54.44  1.63
54.45  1.85
54.46  1.6
54.47  1.62
54.48  1.56
54.49  1.79
54.5  1.8
54.51  1.77
54.52  1.68
54.53  1.69
54.54  1.93
54.55  1.63
54.56  1.68
54.57  1.47
54.58  1.82
54.59  1.76
54.6  1.91
54.61  1.74
54.62  1.76
54.63  1.85
54.64  1.73
54.65  1.86
54.66  1.81
54.67  1.86
54.68  1.87
54.69  1.78
54.7  1.71
54.71  1.76
54.72  1.81
54.73  1.79
54.74  1.6
54.75  1.75
54.76  1.94
54.77  1.8
54.78  1.77
54.79  1.51
54.8  1.75
54.81  1.8
54.82  1.86
54.83  1.67
54.84  1.67
54.85  1.7
54.86  1.89
54.87  1.81
54.88  1.6
54.89  2.1
54.9  1.68
54.91  1.68
54.92  1.6
54.93  1.77
54.94  1.65
54.95  1.93
54.96  1.67
54.97  1.88
54.98  1.78
54.99  1.81
55  1.53
55.01  1.57
55.02  1.72
55.03  1.98
55.04  1.75
55.05  1.51
55.06  1.78
55.07  1.74
55.08  1.68
55.09  1.68
55.1  1.59
55.11  1.57
55.12  1.92
55.13  1.64
55.14  1.88
55.15  1.86
55.16  2.08
55.17  1.63
55.18  1.75
55.19  1.99
55.2  1.85
55.21  1.61
55.22  1.69
55.23  1.86
55.24  1.7
55.25  1.88
55.26  1.73
55.27  1.71
55.28  1.57
55.29  1.43
55.3  1.85
55.31  1.55
55.32  1.97
55.33  1.77
55.34  2.01
55.35  1.74
55.36  1.47
55.37  1.59
55.38  1.93
55.39  1.89
55.4  1.48
55.41  1.89
55.42  1.7
55.43  1.67
55.44  1.85
55.45  1.86
55.46  2
55.47  1.99
55.48  1.63
55.49  1.76
55.5  1.7
55.51  1.82
55.52  1.92
55.53  1.69
55.54  1.71
55.55  1.74
55.56  1.65
55.57  1.5
55.58  1.69
55.59  1.6
55.6  1.68
55.61  1.82
55.62  1.83
55.63  1.72
55.64  1.87
55.65  1.5
55.66  1.85
55.67  1.81
55.68  1.82
55.69  1.66
55.7  1.67
55.71  1.84
55.72  1.93
55.73  1.6
55.74  1.97
55.75  1.77
55.76  1.63
55.77  1.93
55.78  1.86
55.79  1.79
55.8  1.47
55.81  1.75
55.82  1.66
55.83  1.83
55.84  1.58
55.85  1.65
55.86  1.77
55.87  1.97
55.88  1.49
55.89  1.94
55.9  1.58
55.91  1.75
55.92  1.78
55.93  1.6
55.94  1.71
55.95  1.9
55.96  1.63
55.97  1.64
55.98  1.76
55.99  1.93
56  1.69
56.01  1.57
56.02  2.15
56.03  1.72
56.04  2.05
56.05  1.8
56.06  1.84
56.07  1.84
56.08  1.87
56.09  1.48
56.1  1.87
56.11  1.81
56.12  1.66
56.13  1.91
56.14  1.57
56.15  1.5
56.16  1.54
56.17  1.8
56.18  1.97
56.19  1.5
56.2  1.75
56.21  1.74
56.22  1.94
56.23  2.06
56.24  1.55
56.25  1.51
56.26  1.93
56.27  1.85
56.28  2.06
56.29  1.94
56.3  1.48
56.31  1.98
56.32  1.77
56.33  1.83
56.34  1.5
56.35  1.66
56.36  1.8
56.37  1.56
56.38  1.84
56.39  1.95
56.4  1.63
56.41  1.87
56.42  1.6
56.43  1.87
56.44  1.75
56.45  1.64
56.46  1.66
56.47  1.53
56.48  1.62
56.49  1.7
56.5  1.74
56.51  1.9
56.52  1.7
56.53  1.65
56.54  1.87
56.55  2.02
56.56  1.73
56.57  1.86
56.58  1.87
56.59  1.64
56.6  1.54
56.61  1.88
56.62  1.74
56.63  1.78
56.64  1.7
56.65  1.78
56.66  1.62
56.67  2.01
56.68  1.73
56.69  1.7
56.7  1.7
56.71  1.71
56.72  1.75
56.73  1.5
56.74  1.5
56.75  1.74
56.76  1.82
56.77  1.84
56.78  1.86
56.79  2.01
56.8  1.66
56.81  1.9
56.82  1.66
56.83  1.76
56.84  1.89
56.85  1.89
56.86  1.91
56.87  1.72
56.88  1.8
56.89  1.69
56.9  1.62
56.91  1.76
56.92  1.66
56.93  1.78
56.94  1.7
56.95  1.74
56.96  1.77
56.97  2.05
56.98  1.84
56.99  1.71
57  1.72
57.01  1.92
57.02  1.9
57.03  1.49
57.04  1.66
57.05  1.6
57.06  1.61
57.07  1.79
57.08  1.72
57.09  1.71
57.1  1.8
57.11  1.88
57.12  1.91
57.13  2.1
57.14  1.91
57.15  1.64
57.16  1.65
57.17  1.83
57.18  1.68
57.19  1.81
57.2  1.59
57.21  1.51
57.22  1.88
57.23  1.85
57.24  1.79
57.25  1.53
57.26  1.83
57.27  1.42
57.28  1.78
57.29  1.73
57.3  1.9
57.31  1.67
57.32  1.96
57.33  1.67
57.34  1.7
57.35  1.82
57.36  1.88
57.37  1.54
57.38  1.85
57.39  1.7
57.4  1.79
57.41  1.97
57.42  1.63
57.43  1.89
57.44  1.8
57.45  1.59
57.46  1.83
57.47  1.87
57.48  1.47
57.49  1.76
57.5  1.7
57.51  1.97
57.52  1.64
57.53  1.74
57.54  1.9
57.55  1.81
57.56  1.76
57.57  1.71
57.58  1.55
57.59  1.84
57.6  1.74
57.61  1.66
57.62  1.69
57.63  1.76
57.64  1.81
57.65  1.77
57.66  1.74
57.67  2.04
57.68  1.64
57.69  2
57.7  1.82
57.71  1.67
57.72  1.85
57.73  1.8
57.74  1.77
57.75  1.66
57.76  1.55
57.77  1.89
57.78  1.63
57.79  1.57
57.8  1.77
57.81  1.97
57.82  1.61
57.83  1.96
57.84  1.7
57.85  1.69
57.86  2.06
57.87  1.86
57.88  1.75
57.89  1.71
57.9  1.81
57.91  1.55
57.92  1.75
57.93  2.11
57.94  1.59
57.95  1.71
57.96  1.53
57.97  1.6
57.98  1.97
57.99  1.68
58  1.9
58.01  1.54
58.02  1.81
58.03  1.96
58.04  1.7
58.05  1.92
58.06  1.79
58.07  1.67
58.08  1.63
58.09  1.79
58.1  1.82
58.11  1.72
58.12  1.75
58.13  1.73
58.14  1.66
58.15  1.72
58.16  1.81
58.17  1.51
58.18  1.81
58.19  1.72
58.2  1.95
58.21  1.75
58.22  1.65
58.23  1.6
58.24  1.57
58.25  1.87
58.26  1.85
58.27  2.01
58.28  1.63
58.29  1.64
58.3  1.69
58.31  1.66
58.32  1.56
58.33  1.87
58.34  1.65
58.35  1.69
58.36  1.73
58.37  1.76
58.38  1.74
58.39  1.76
58.4  2
58.41  1.84
58.42  2
58.43  1.66
58.44  1.66
58.45  1.72
58.46  1.65
58.47  2.08
58.48  1.64
58.49  1.75
58.5  1.9
58.51  1.59
58.52  1.53
58.53  1.75
58.54  1.91
58.55  1.75
58.56  1.55
58.57  1.9
58.58  1.88
58.59  1.64
58.6  1.88
58.61  1.84
58.62  1.68
58.63  1.69
58.64  1.77
58.65  1.92
58.66  1.82
58.67  1.81
58.68  1.72
58.69  1.8
58.7  1.85
58.71  1.59
58.72  1.8
58.73  1.9
58.74  1.69
58.75  1.8
58.76  1.82
58.77  1.82
58.78  1.89
58.79  1.76
58.8  1.97
58.81  1.6
58.82  1.68
58.83  1.7
58.84  1.52
58.85  1.75
58.86  1.73
58.87  1.64
58.88  1.87
58.89  1.69
58.9  1.5
58.91  1.76
58.92  1.65
58.93  1.83
58.94  1.77
58.95  1.55
58.96  1.88
58.97  1.77
58.98  2.01
58.99  1.96
59  1.89
59.01  1.82
59.02  1.82
59.03  1.54
59.04  1.58
59.05  1.68
59.06  1.85
59.07  1.7
59.08  1.68
59.09  1.61
59.1  1.83
59.11  1.85
59.12  1.73
59.13  1.59
59.14  1.73
59.15  1.73
59.16  1.77
59.17  1.83
59.18  1.83
59.19  1.86
59.2  1.42
59.21  1.92
59.22  1.55
59.23  1.76
59.24  1.65
59.25  1.77
59.26  1.85
59.27  1.74
59.28  1.61
59.29  1.89
59.3  2.02
59.31  1.7
59.32  1.86
59.33  1.63
59.34  1.55
59.35  1.83
59.36  2.03
59.37  1.78
59.38  1.93
59.39  1.56
59.4  1.81
59.41  1.7
59.42  2.02
59.43  1.7
59.44  1.62
59.45  1.63
59.46  1.73
59.47  1.75
59.48  1.5
59.49  1.76
59.5  1.75
59.51  1.65
59.52  1.7
59.53  1.61
59.54  1.79
59.55  1.9
59.56  1.92
59.57  1.83
59.58  1.89
59.59  1.87
59.6  1.63
59.61  1.68
59.62  1.79
59.63  1.72
59.64  1.77
59.65  1.78
59.66  1.78
59.67  1.8
59.68  1.83
59.69  1.84
59.7  1.66
59.71  1.73
59.72  1.69
59.73  1.63
59.74  1.5
59.75  1.75
59.76  1.85
59.77  1.78
59.78  1.65
59.79  1.74
59.8  1.72
59.81  1.73
59.82  1.79
59.83  1.56
59.84  1.78
59.85  1.87
59.86  2.06
59.87  1.75
59.88  1.76
59.89  1.68
59.9  1.9
59.91  1.57
59.92  1.88
59.93  1.66
59.94  1.98
59.95  1.65
59.96  1.75
59.97  1.91
59.98  1.73
59.99  1.93
