-15  0
-14.99  0
-14.98  0.01
-14.97  0
-14.96  0.01
-14.95  0.02
-14.94  0.01
-14.93  0.01
-14.92  0.03
-14.91  0.02
-14.9  0.02
-14.89  0.02
-14.88  0.03
-14.87  0.02
-14.86  0.05
-14.85  0.02
-14.84  0.03
-14.83  0.04
-14.82  0.03
-14.81  0.04
-14.8  0.05
-14.79  0.04
-14.78  0.04
-14.77  0.03
-14.76  0.06
-14.75  0.04
-14.74  0.05
-14.73  0.04
-14.72  0.07
-14.71  0.03
-14.7  0.05
-14.69  0.07
-14.68  0.05
-14.67  0.05
-14.66  0.05
-14.65  0.05
-14.64  0.07
-14.63  0.07
-14.62  0.05
-14.61  0.06
-14.6  0.06
-14.59  0.05
-14.58  0.07
-14.57  0.06
-14.56  0.08
-14.55  0.07
-14.54  0.05
-14.53  0.07
-14.52  0.07
-14.51  0.07
-14.5  0.07
-14.49  0.08
-14.48  0.06
-14.47  0.08
-14.46  0.07
-14.45  0.07
-14.44  0.08
-14.43  0.06
-14.42  0.07
-14.41  0.09
-14.4  0.07
-14.39  0.08
-14.38  0.09
-14.37  0.08
-14.36  0.07
-14.35  0.07
-14.34  0.08
-14.33  0.09
-14.32  0.08
-14.31  0.08
-14.3  0.08
-14.29  0.09
-14.28  0.08
-14.27  0.08
-14.26  0.09
-14.25  0.08
-14.24  0.09
-14.23  0.09
-14.22  0.07
-14.21  0.09
-14.2  0.07
-14.19  0.09
-14.18  0.11
-14.17  0.09
-14.16  0.1
-14.15  0.08
-14.14  0.07
-14.13  0.1
-14.12  0.08
-14.11  0.11
-14.1  0.07
-14.09  0.1
-14.08  0.09
-14.07  0.08
-14.06  0.11
-14.05  0.09
-14.04  0.1
-14.03  0.08
-14.02  0.11
-14.01  0.08
-14  0.1
-13.99  0.08
-13.98  0.09
-13.97  0.11
-13.96  0.09
-13.95  0.09
-13.94  0.12
-13.93  0.09
-13.92  0.09
-13.91  0.09
-13.9  0.09
-13.89  0.11
-13.88  0.11
-13.87  0.07
-13.86  0.1
-13.85  0.1
-13.84  0.11
-13.83  0.1
-13.82  0.09
-13.81  0.11
-13.8  0.09
-13.79  0.11
-13.78  0.08
-13.77  0.11
-13.76  0.09
-13.75  0.09
-13.74  0.11
-13.73  0.1
-13.72  0.1
-13.71  0.1
-13.7  0.09
-13.69  0.13
-13.68  0.09
-13.67  0.11
-13.66  0.09
-13.65  0.1
-13.64  0.1
-13.63  0.09
-13.62  0.1
-13.61  0.09
-13.6  0.13
-13.59  0.11
-13.58  0.08
-13.57  0.12
-13.56  0.1
-13.55  0.08
-13.54  0.13
-13.53  0.11
-13.52  0.08
-13.51  0.08
-13.5  0.13
-13.49  0.1
-13.48  0.1
-13.47  0.12
-13.46  0.08
-13.45  0.11
-13.44  0.11
-13.43  0.1
-13.42  0.12
-13.41  0.1
-13.4  0.11
-13.39  0.08
-13.38  0.1
-13.37  0.13
-13.36  0.1
-13.35  0.09
-13.34  0.11
-13.33  0.07
-13.32  0.12
-13.31  0.12
-13.3  0.11
-13.29  0.11
-13.28  0.11
-13.27  0.09
-13.26  0.11
-13.25  0.1
-13.24  0.09
-13.23  0.11
-13.22  0.1
-13.21  0.12
-13.2  0.12
-13.19  0.09
-13.18  0.09
-13.17  0.11
-13.16  0.1
-13.15  0.13
-13.14  0.12
-13.13  0.09
-13.12  0.1
-13.11  0.11
-13.1  0.08
-13.09  0.11
-13.08  0.12
-13.07  0.09
-13.06  0.11
-13.05  0.11
-13.04  0.1
-13.03  0.11
-13.02  0.1
-13.01  0.14
-13  0.09
-12.99  0.09
-12.98  0.1
-12.97  0.12
-12.96  0.11
-12.95  0.1
-12.94  0.09
-12.93  0.12
-12.92  0.09
-12.91  0.12
-12.9  0.11
-12.89  0.09
-12.88  0.11
-12.87  0.1
-12.86  0.13
-12.85  0.12
-12.84  0.09
-12.83  0.09
-12.82  0.1
-12.81  0.13
-12.8  0.1
-12.79  0.12
-12.78  0.09
-12.77  0.11
-12.76  0.09
-12.75  0.1
-12.74  0.11
-12.73  0.12
-12.72  0.09
-12.71  0.15
-12.7  0.11
-12.69  0.08
-12.68  0.11
-12.67  0.12
-12.66  0.08
-12.65  0.12
-12.64  0.09
-12.63  0.1
-12.62  0.12
-12.61  0.09
-12.6  0.12
-12.59  0.11
-12.58  0.09
-12.57  0.13
-12.56  0.11
-12.55  0.13
-12.54  0.08
-12.53  0.1
-12.52  0.08
-12.51  0.12
-12.5  0.1
-12.49  0.13
-12.48  0.09
-12.47  0.13
-12.46  0.08
-12.45  0.09
-12.44  0.13
-12.43  0.1
-12.42  0.12
-12.41  0.11
-12.4  0.11
-12.39  0.1
-12.38  0.11
-12.37  0.1
-12.36  0.11
-12.35  0.1
-12.34  0.09
-12.33  0.14
-12.32  0.1
-12.31  0.11
-12.3  0.09
-12.29  0.1
-12.28  0.12
-12.27  0.1
-12.26  0.13
-12.25  0.1
-12.24  0.09
-12.23  0.11
-12.22  0.13
-12.21  0.1
-12.2  0.08
-12.19  0.12
-12.18  0.11
-12.17  0.11
-12.16  0.11
-12.15  0.1
-12.14  0.12
-12.13  0.06
-12.12  0.13
-12.11  0.09
-12.1  0.14
-12.09  0.09
-12.08  0.09
-12.07  0.11
-12.06  0.13
-12.05  0.1
-12.04  0.11
-12.03  0.12
-12.02  0.11
-12.01  0.11
-12  0.07
-11.99  0.13
-11.98  0.07
-11.97  0.14
-11.96  0.1
-11.95  0.08
-11.94  0.12
-11.93  0.13
-11.92  0.12
-11.91  0.08
-11.9  0.11
-11.89  0.12
-11.88  0.1
-11.87  0.08
-11.86  0.13
-11.85  0.13
-11.84  0.08
-11.83  0.09
-11.82  0.13
-11.81  0.1
-11.8  0.12
-11.79  0.07
-11.78  0.12
-11.77  0.11
-11.76  0.1
-11.75  0.13
-11.74  0.11
-11.73  0.1
-11.72  0.1
-11.71  0.09
-11.7  0.14
-11.69  0.11
-11.68  0.1
-11.67  0.1
-11.66  0.09
-11.65  0.1
-11.64  0.1
-11.63  0.12
-11.62  0.14
-11.61  0.07
-11.6  0.11
-11.59  0.12
-11.58  0.1
-11.57  0.07
-11.56  0.15
-11.55  0.09
-11.54  0.13
-11.53  0.12
-11.52  0.12
-11.51  0.1
-11.5  0.08
-11.49  0.1
-11.48  0.08
-11.47  0.13
-11.46  0.1
-11.45  0.12
-11.44  0.12
-11.43  0.08
-11.42  0.13
-11.41  0.11
-11.4  0.08
-11.39  0.11
-11.38  0.1
-11.37  0.14
-11.36  0.11
-11.35  0.11
-11.34  0.09
-11.33  0.09
-11.32  0.11
-11.31  0.12
-11.3  0.1
-11.29  0.08
-11.28  0.12
-11.27  0.1
-11.26  0.15
-11.25  0.08
-11.24  0.1
-11.23  0.1
-11.22  0.13
-11.21  0.09
-11.2  0.11
-11.19  0.14
-11.18  0.1
-11.17  0.11
-11.16  0.09
-11.15  0.1
-11.14  0.1
-11.13  0.12
-11.12  0.1
-11.11  0.1
-11.1  0.1
-11.09  0.07
-11.08  0.13
-11.07  0.16
-11.06  0.11
-11.05  0.1
-11.04  0.08
-11.03  0.11
-11.02  0.12
-11.01  0.09
-11  0.12
-10.99  0.08
-10.98  0.11
-10.97  0.13
-10.96  0.11
-10.95  0.09
-10.94  0.12
-10.93  0.1
-10.92  0.1
-10.91  0.11
-10.9  0.09
-10.89  0.12
-10.88  0.1
-10.87  0.11
-10.86  0.09
-10.85  0.12
-10.84  0.09
-10.83  0.13
-10.82  0.11
-10.81  0.15
-10.8  0.1
-10.79  0.1
-10.78  0.08
-10.77  0.11
-10.76  0.09
-10.75  0.13
-10.74  0.09
-10.73  0.1
-10.72  0.1
-10.71  0.12
-10.7  0.1
-10.69  0.12
-10.68  0.09
-10.67  0.13
-10.66  0.1
-10.65  0.12
-10.64  0.11
-10.63  0.11
-10.62  0.11
-10.61  0.08
-10.6  0.1
-10.59  0.11
-10.58  0.12
-10.57  0.08
-10.56  0.12
-10.55  0.12
-10.54  0.11
-10.53  0.09
-10.52  0.09
-10.51  0.07
-10.5  0.15
-10.49  0.13
-10.48  0.12
-10.47  0.09
-10.46  0.11
-10.45  0.12
-10.44  0.13
-10.43  0.07
-10.42  0.09
-10.41  0.12
-10.4  0.08
-10.39  0.12
-10.38  0.11
-10.37  0.09
-10.36  0.12
-10.35  0.11
-10.34  0.13
-10.33  0.09
-10.32  0.11
-10.31  0.09
-10.3  0.1
-10.29  0.1
-10.28  0.12
-10.27  0.12
-10.26  0.12
-10.25  0.11
-10.24  0.09
-10.23  0.12
-10.22  0.07
-10.21  0.13
-10.2  0.11
-10.19  0.09
-10.18  0.12
-10.17  0.11
-10.16  0.11
-10.15  0.08
-10.14  0.12
-10.13  0.11
-10.12  0.1
-10.11  0.09
-10.1  0.13
-10.09  0.09
-10.08  0.12
-10.07  0.12
-10.06  0.08
-10.05  0.14
-10.04  0.1
-10.03  0.09
-10.02  0.13
-10.01  0.1
-10  0.1
-9.99  0.09
-9.98  0.14
-9.97  0.08
-9.96  0.14
-9.95  0.07
-9.94  0.13
-9.93  0.07
-9.92  0.1
-9.91  0.11
-9.9  0.12
-9.89  0.12
-9.88  0.1
-9.87  0.09
-9.86  0.15
-9.85  0.14
-9.84  0.08
-9.83  0.07
-9.82  0.1
-9.81  0.13
-9.8  0.11
-9.79  0.13
-9.78  0.09
-9.77  0.09
-9.76  0.08
-9.75  0.11
-9.74  0.1
-9.73  0.12
-9.72  0.11
-9.71  0.12
-9.7  0.12
-9.69  0.08
-9.68  0.13
-9.67  0.11
-9.66  0.1
-9.65  0.12
-9.64  0.09
-9.63  0.1
-9.62  0.1
-9.61  0.09
-9.6  0.14
-9.59  0.1
-9.58  0.12
-9.57  0.09
-9.56  0.11
-9.55  0.12
-9.54  0.09
-9.53  0.1
-9.52  0.09
-9.51  0.12
-9.5  0.11
-9.49  0.09
-9.48  0.11
-9.47  0.1
-9.46  0.13
-9.45  0.15
-9.44  0.09
-9.43  0.1
-9.42  0.09
-9.41  0.12
-9.4  0.11
-9.39  0.1
-9.38  0.13
-9.37  0.07
-9.36  0.08
-9.35  0.14
-9.34  0.1
-9.33  0.12
-9.32  0.1
-9.31  0.1
-9.3  0.13
-9.29  0.08
-9.28  0.13
-9.27  0.08
-9.26  0.1
-9.25  0.12
-9.24  0.11
-9.23  0.14
-9.22  0.09
-9.21  0.11
-9.2  0.1
-9.19  0.07
-9.18  0.16
-9.17  0.09
-9.16  0.11
-9.15  0.11
-9.14  0.08
-9.13  0.1
-9.12  0.11
-9.11  0.1
-9.1  0.09
-9.09  0.13
-9.08  0.1
-9.07  0.15
-9.06  0.11
-9.05  0.07
-9.04  0.14
-9.03  0.11
-9.02  0.07
-9.01  0.15
-9  0.09
-8.99  0.12
-8.98  0.08
-8.97  0.12
-8.96  0.07
-8.95  0.12
-8.94  0.12
-8.93  0.1
-8.92  0.08
-8.91  0.12
-8.9  0.12
-8.89  0.15
-8.88  0.05
-8.87  0.12
-8.86  0.12
-8.85  0.09
-8.84  0.1
-8.83  0.11
-8.82  0.1
-8.81  0.15
-8.8  0.08
-8.79  0.09
-8.78  0.13
-8.77  0.1
-8.76  0.13
-8.75  0.08
-8.74  0.1
-8.73  0.11
-8.72  0.09
-8.71  0.12
-8.7  0.1
-8.69  0.12
-8.68  0.09
-8.67  0.13
-8.66  0.11
-8.65  0.08
-8.64  0.13
-8.63  0.11
-8.62  0.1
-8.61  0.1
-8.6  0.1
-8.59  0.14
-8.58  0.06
-8.57  0.12
-8.56  0.13
-8.55  0.09
-8.54  0.15
-8.53  0.07
-8.52  0.13
-8.51  0.08
-8.5  0.11
-8.49  0.09
-8.48  0.11
-8.47  0.08
-8.46  0.12
-8.45  0.11
-8.44  0.12
-8.43  0.13
-8.42  0.07
-8.41  0.15
-8.4  0.08
-8.39  0.09
-8.38  0.12
-8.37  0.12
-8.36  0.12
-8.35  0.13
-8.34  0.08
-8.33  0.11
-8.32  0.1
-8.31  0.08
-8.3  0.11
-8.29  0.12
-8.28  0.08
-8.27  0.12
-8.26  0.11
-8.25  0.12
-8.24  0.1
-8.23  0.1
-8.22  0.12
-8.21  0.1
-8.2  0.09
-8.19  0.13
-8.18  0.12
-8.17  0.07
-8.16  0.12
-8.15  0.09
-8.14  0.11
-8.13  0.09
-8.12  0.17
-8.11  0.1
-8.1  0.08
-8.09  0.1
-8.08  0.14
-8.07  0.08
-8.06  0.07
-8.05  0.1
-8.04  0.11
-8.03  0.17
-8.02  0.08
-8.01  0.14
-8  0.08
-7.99  0.1
-7.98  0.11
-7.97  0.09
-7.96  0.14
-7.95  0.13
-7.94  0.1
-7.93  0.1
-7.92  0.14
-7.91  0.07
-7.9  0.1
-7.89  0.09
-7.88  0.09
-7.87  0.12
-7.86  0.08
-7.85  0.13
-7.84  0.1
-7.83  0.11
-7.82  0.11
-7.81  0.13
-7.8  0.1
-7.79  0.09
-7.78  0.13
-7.77  0.1
-7.76  0.09
-7.75  0.11
-7.74  0.11
-7.73  0.07
-7.72  0.14
-7.71  0.09
-7.7  0.13
-7.69  0.1
-7.68  0.11
-7.67  0.17
-7.66  0.1
-7.65  0.08
-7.64  0.09
-7.63  0.11
-7.62  0.09
-7.61  0.09
-7.6  0.11
-7.59  0.09
-7.58  0.08
-7.57  0.13
-7.56  0.14
-7.55  0.09
-7.54  0.13
-7.53  0.11
-7.52  0.09
-7.51  0.09
-7.5  0.13
-7.49  0.15
-7.48  0.09
-7.47  0.11
-7.46  0.1
-7.45  0.09
-7.44  0.09
-7.43  0.13
-7.42  0.08
-7.41  0.09
-7.4  0.16
-7.39  0.09
-7.38  0.13
-7.37  0.08
-7.36  0.09
-7.35  0.08
-7.34  0.11
-7.33  0.13
-7.32  0.12
-7.31  0.09
-7.3  0.14
-7.29  0.07
-7.28  0.12
-7.27  0.1
-7.26  0.15
-7.25  0.11
-7.24  0.08
-7.23  0.15
-7.22  0.1
-7.21  0.05
-7.2  0.11
-7.19  0.09
-7.18  0.12
-7.17  0.14
-7.16  0.05
-7.15  0.16
-7.14  0.07
-7.13  0.11
-7.12  0.1
-7.11  0.15
-7.1  0.09
-7.09  0.11
-7.08  0.12
-7.07  0.08
-7.06  0.09
-7.05  0.13
-7.04  0.09
-7.03  0.14
-7.02  0.11
-7.01  0.11
-7  0.09
-6.99  0.14
-6.98  0.07
-6.97  0.09
-6.96  0.13
-6.95  0.09
-6.94  0.13
-6.93  0.09
-6.92  0.12
-6.91  0.1
-6.9  0.09
-6.89  0.11
-6.88  0.1
-6.87  0.07
-6.86  0.12
-6.85  0.12
-6.84  0.12
-6.83  0.07
-6.82  0.15
-6.81  0.14
-6.8  0.1
-6.79  0.1
-6.78  0.11
-6.77  0.09
-6.76  0.12
-6.75  0.1
-6.74  0.11
-6.73  0.09
-6.72  0.09
-6.71  0.11
-6.7  0.15
-6.69  0.09
-6.68  0.07
-6.67  0.15
-6.66  0.08
-6.65  0.12
-6.64  0.12
-6.63  0.07
-6.62  0.11
-6.61  0.07
-6.6  0.13
-6.59  0.14
-6.58  0.1
-6.57  0.11
-6.56  0.13
-6.55  0.08
-6.54  0.1
-6.53  0.17
-6.52  0.08
-6.51  0.11
-6.5  0.11
-6.49  0.1
-6.48  0.11
-6.47  0.04
-6.46  0.12
-6.45  0.09
-6.44  0.17
-6.43  0.1
-6.42  0.08
-6.41  0.13
-6.4  0.08
-6.39  0.09
-6.38  0.09
-6.37  0.18
-6.36  0.08
-6.35  0.13
-6.34  0.1
-6.33  0.12
-6.32  0.11
-6.31  0.09
-6.3  0.1
-6.29  0.13
-6.28  0.08
-6.27  0.1
-6.26  0.08
-6.25  0.12
-6.24  0.08
-6.23  0.12
-6.22  0.11
-6.21  0.15
-6.2  0.07
-6.19  0.12
-6.18  0.13
-6.17  0.1
-6.16  0.09
-6.15  0.11
-6.14  0.11
-6.13  0.1
-6.12  0.09
-6.11  0.12
-6.1  0.08
-6.09  0.12
-6.08  0.13
-6.07  0.11
-6.06  0.1
-6.05  0.16
-6.04  0.07
-6.03  0.1
-6.02  0.12
-6.01  0.09
-6  0.13
-5.99  0.11
-5.98  0.09
-5.97  0.08
-5.96  0.1
-5.95  0.12
-5.94  0.09
-5.93  0.1
-5.92  0.1
-5.91  0.15
-5.9  0.08
-5.89  0.14
-5.88  0.07
-5.87  0.12
-5.86  0.15
-5.85  0.08
-5.84  0.11
-5.83  0.11
-5.82  0.1
-5.81  0.08
-5.8  0.09
-5.79  0.16
-5.78  0.08
-5.77  0.13
-5.76  0.09
-5.75  0.14
-5.74  0.1
-5.73  0.1
-5.72  0.07
-5.71  0.12
-5.7  0.11
-5.69  0.07
-5.68  0.16
-5.67  0.08
-5.66  0.1
-5.65  0.11
-5.64  0.11
-5.63  0.11
-5.62  0.1
-5.61  0.14
-5.6  0.1
-5.59  0.12
-5.58  0.11
-5.57  0.11
-5.56  0.12
-5.55  0.07
-5.54  0.13
-5.53  0.07
-5.52  0.12
-5.51  0.1
-5.5  0.11
-5.49  0.06
-5.48  0.12
-5.47  0.14
-5.46  0.09
-5.45  0.08
-5.44  0.13
-5.43  0.12
-5.42  0.1
-5.41  0.13
-5.4  0.09
-5.39  0.12
-5.38  0.1
-5.37  0.08
-5.36  0.11
-5.35  0.11
-5.34  0.14
-5.33  0.09
-5.32  0.12
-5.31  0.09
-5.3  0.14
-5.29  0.08
-5.28  0.12
-5.27  0.09
-5.26  0.11
-5.25  0.11
-5.24  0.09
-5.23  0.12
-5.22  0.08
-5.21  0.13
-5.2  0.09
-5.19  0.1
-5.18  0.13
-5.17  0.07
-5.16  0.17
-5.15  0.09
-5.14  0.1
-5.13  0.07
-5.12  0.13
-5.11  0.1
-5.1  0.13
-5.09  0.1
-5.08  0.09
-5.07  0.15
-5.06  0.08
-5.05  0.13
-5.04  0.07
-5.03  0.11
-5.02  0.16
-5.01  0.11
-5  0.06
-4.99  0.11
-4.98  0.07
-4.97  0.14
-4.96  0.08
-4.95  0.15
-4.94  0.07
-4.93  0.12
-4.92  0.12
-4.91  0.09
-4.9  0.11
-4.89  0.09
-4.88  0.08
-4.87  0.14
-4.86  0.09
-4.85  0.15
-4.84  0.08
-4.83  0.13
-4.82  0.1
-4.81  0.12
-4.8  0.14
-4.79  0.14
-4.78  0.03
-4.77  0.11
-4.76  0.13
-4.75  0.07
-4.74  0.12
-4.73  0.07
-4.72  0.1
-4.71  0.12
-4.7  0.12
-4.69  0.06
-4.68  0.13
-4.67  0.11
-4.66  0.13
-4.65  0.11
-4.64  0.1
-4.63  0.13
-4.62  0.14
-4.61  0.1
-4.6  0.07
-4.59  0.09
-4.58  0.13
-4.57  0.12
-4.56  0.08
-4.55  0.1
-4.54  0.12
-4.53  0.09
-4.52  0.15
-4.51  0.09
-4.5  0.09
-4.49  0.04
-4.48  0.15
-4.47  0.15
-4.46  0.08
-4.45  0.08
-4.44  0.15
-4.43  0.09
-4.42  0.12
-4.41  0.1
-4.4  0.11
-4.39  0.08
-4.38  0.11
-4.37  0.1
-4.36  0.12
-4.35  0.12
-4.34  0.07
-4.33  0.15
-4.32  0.09
-4.31  0.15
-4.3  0.13
-4.29  0.06
-4.28  0.11
-4.27  0.12
-4.26  0.07
-4.25  0.13
-4.24  0.12
-4.23  0.09
-4.22  0.08
-4.21  0.07
-4.2  0.12
-4.19  0.12
-4.18  0.15
-4.17  0.11
-4.16  0.08
-4.15  0.13
-4.14  0.07
-4.13  0.15
-4.12  0.11
-4.11  0.07
-4.1  0.09
-4.09  0.15
-4.08  0.07
-4.07  0.13
-4.06  0.11
-4.05  0.1
-4.04  0.14
-4.03  0.1
-4.02  0.05
-4.01  0.15
-4  0.12
-3.99  0.06
-3.98  0.15
-3.97  0.08
-3.96  0.11
-3.95  0.12
-3.94  0.1
-3.93  0.1
-3.92  0.12
-3.91  0.11
-3.9  0.09
-3.89  0.09
-3.88  0.11
-3.87  0.08
-3.86  0.12
-3.85  0.09
-3.84  0.13
-3.83  0.11
-3.82  0.16
-3.81  0.13
-3.8  0.11
-3.79  0.09
-3.78  0.09
-3.77  0.12
-3.76  0.07
-3.75  0.08
-3.74  0.16
-3.73  0.05
-3.72  0.11
-3.71  0.1
-3.7  0.09
-3.69  0.12
-3.68  0.15
-3.67  0.1
-3.66  0.11
-3.65  0.09
-3.64  0.12
-3.63  0.11
-3.62  0.08
-3.61  0.12
-3.6  0.06
-3.59  0.13
-3.58  0.12
-3.57  0.12
-3.56  0.09
-3.55  0.13
-3.54  0.14
-3.53  0.09
-3.52  0.11
-3.51  0.1
-3.5  0.11
-3.49  0.13
-3.48  0.08
-3.47  0.08
-3.46  0.07
-3.45  0.13
-3.44  0.12
-3.43  0.12
-3.42  0.05
-3.41  0.14
-3.4  0.11
-3.39  0.15
-3.38  0.09
-3.37  0.12
-3.36  0.07
-3.35  0.08
-3.34  0.1
-3.33  0.17
-3.32  0.06
-3.31  0.13
-3.3  0.14
-3.29  0.07
-3.28  0.16
-3.27  0.08
-3.26  0.1
-3.25  0.09
-3.24  0.11
-3.23  0.1
-3.22  0.11
-3.21  0.11
-3.2  0.09
-3.19  0.1
-3.18  0.13
-3.17  0.09
-3.16  0.15
-3.15  0.12
-3.14  0.09
-3.13  0.1
-3.12  0.05
-3.11  0.12
-3.1  0.09
-3.09  0.16
-3.08  0.1
-3.07  0.07
-3.06  0.14
-3.05  0.07
-3.04  0.16
-3.03  0.06
-3.02  0.13
-3.01  0.14
-3  0.1
-2.99  0.09
-2.98  0.16
-2.97  0.07
-2.96  0.13
-2.95  0.07
-2.94  0.09
-2.93  0.12
-2.92  0.11
-2.91  0.1
-2.9  0.09
-2.89  0.1
-2.88  0.12
-2.87  0.1
-2.86  0.13
-2.85  0.1
-2.84  0.1
-2.83  0.07
-2.82  0.14
-2.81  0.1
-2.8  0.13
-2.79  0.1
-2.78  0.12
-2.77  0.07
-2.76  0.08
-2.75  0.19
-2.74  0.15
-2.73  0.06
-2.72  0.11
-2.71  0.07
-2.7  0.08
-2.69  0.15
-2.68  0.1
-2.67  0.09
-2.66  0.1
-2.65  0.1
-2.64  0.15
-2.63  0.1
-2.62  0.11
-2.61  0.12
-2.6  0.09
-2.59  0.08
-2.58  0.12
-2.57  0.08
-2.56  0.14
-2.55  0.04
-2.54  0.1
-2.53  0.16
-2.52  0.1
-2.51  0.13
-2.5  0.12
-2.49  0.11
-2.48  0.11
-2.47  0.11
-2.46  0.13
-2.45  0.06
-2.44  0.1
-2.43  0.11
-2.42  0.12
-2.41  0.12
-2.4  0.08
-2.39  0.11
-2.38  0.07
-2.37  0.13
-2.36  0.06
-2.35  0.11
-2.34  0.17
-2.33  0.09
-2.32  0.12
-2.31  0.1
-2.3  0.13
-2.29  0.11
-2.28  0.1
-2.27  0.11
-2.26  0.07
-2.25  0.11
-2.24  0.08
-2.23  0.14
-2.22  0.08
-2.21  0.14
-2.2  0.12
-2.19  0.1
-2.18  0.13
-2.17  0.09
-2.16  0.09
-2.15  0.09
-2.14  0.11
-2.13  0.13
-2.12  0.1
-2.11  0.14
-2.1  0.07
-2.09  0.1
-2.08  0.12
-2.07  0.13
-2.06  0.12
-2.05  0.05
-2.04  0.14
-2.03  0.07
-2.02  0.08
-2.01  0.11
-2  0.13
-1.99  0.1
-1.98  0.11
-1.97  0.09
-1.96  0.12
-1.95  0.17
-1.94  0.09
-1.93  0.1
-1.92  0.1
-1.91  0.13
-1.9  0.09
-1.89  0.16
-1.88  0.08
-1.87  0.08
-1.86  0.08
-1.85  0.07
-1.84  0.15
-1.83  0.11
-1.82  0.12
-1.81  0.11
-1.8  0.08
-1.79  0.11
-1.78  0.08
-1.77  0.13
-1.76  0.11
-1.75  0.13
-1.74  0.08
-1.73  0.11
-1.72  0.12
-1.71  0.05
-1.7  0.15
-1.69  0.07
-1.68  0.12
-1.67  0.13
-1.66  0.14
-1.65  0.12
-1.64  0.13
-1.63  0.08
-1.62  0.08
-1.61  0.13
-1.6  0.07
-1.59  0.09
-1.58  0.13
-1.57  0.09
-1.56  0.15
-1.55  0.07
-1.54  0.12
-1.53  0.11
-1.52  0.07
-1.51  0.11
-1.5  0.1
-1.49  0.08
-1.48  0.15
-1.47  0.1
-1.46  0.12
-1.45  0.08
-1.44  0.16
-1.43  0.07
-1.42  0.15
-1.41  0.13
-1.4  0.08
-1.39  0.07
-1.38  0.1
-1.37  0.13
-1.36  0.14
-1.35  0.09
-1.34  0.09
-1.33  0.09
-1.32  0.1
-1.31  0.12
-1.3  0.12
-1.29  0.1
-1.28  0.12
-1.27  0.08
-1.26  0.1
-1.25  0.13
-1.24  0.12
-1.23  0.08
-1.22  0.12
-1.21  0.09
-1.2  0.11
-1.19  0.09
-1.18  0.15
-1.17  0.06
-1.16  0.18
-1.15  0.07
-1.14  0.09
-1.13  0.15
-1.12  0.1
-1.11  0.04
-1.1  0.16
-1.09  0.09
-1.08  0.12
-1.07  0.09
-1.06  0.14
-1.05  0.08
-1.04  0.1
-1.03  0.12
-1.02  0.09
-1.01  0.13
-1  0.09
-0.99  0.1
-0.98  0.08
-0.97  0.15
-0.96  0.12
-0.95  0.13
-0.94  0.08
-0.93  0.11
-0.92  0.06
-0.91  0.12
-0.9  0.09
-0.89  0.1
-0.88  0.13
-0.87  0.09
-0.86  0.14
-0.85  0.09
-0.84  0.12
-0.83  0.07
-0.82  0.19
-0.81  0.1
-0.8  0.08
-0.79  0.09
-0.78  0.12
-0.77  0.11
-0.76  0.09
-0.75  0.14
-0.74  0.08
-0.73  0.16
-0.72  0.08
-0.71  0.08
-0.7  0.1
-0.69  0.11
-0.68  0.11
-0.67  0.13
-0.66  0.09
-0.65  0.09
-0.64  0.07
-0.63  0.1
-0.62  0.14
-0.61  0.1
-0.6  0.07
-0.59  0.17
-0.58  0.1
-0.57  0.09
-0.56  0.13
-0.55  0.13
-0.54  0.09
-0.53  0.13
-0.52  0.1
-0.51  0.14
-0.5  0.07
-0.49  0.09
-0.48  0.09
-0.47  0.13
-0.46  0.1
-0.45  0.11
-0.44  0.08
-0.43  0.1
-0.42  0.12
-0.41  0.12
-0.4  0.08
-0.39  0.12
-0.38  0.08
-0.37  0.16
-0.36  0.09
-0.35  0.11
-0.34  0.11
-0.33  0.1
-0.32  0.12
-0.31  0.11
-0.3  0.08
-0.29  0.12
-0.28  0.1
-0.27  0.12
-0.26  0.1
-0.25  0.1
-0.24  0.08
-0.23  0.12
-0.22  0.16
-0.21  0.07
-0.2  0.08
-0.19  0.11
-0.18  0.1
-0.17  0.17
-0.16  0.11
-0.15  0.13
-0.14  0.08
-0.13  0.08
-0.12  0.11
-0.11  0.06
-0.1  0.16
-0.09  0.05
-0.08  0.1
-0.07  0.12
-0.06  0.15
-0.05  0.12
-0.04  0.11
-0.03  0.07
-0.02  0.07
-0.01  0.11
-2.16197e-11  0.11
0.0001  0
0.0101  0.13
0.0201  0.11
0.0301  0.15
0.0401  0.09
0.0501  0.12
0.0601  0.08
0.0701  0.15
0.0801  0.07
0.0901  0.13
0.1001  0.1
0.1101  0.09
0.1201  0.14
0.1301  0.09
0.1401  0.13
0.1501  0.1
0.1601  0.08
0.1701  0.11
0.1801  0.14
0.1901  0.1
0.2001  0.12
0.2101  0.15
0.2201  0.07
0.2301  0.15
0.2401  0.1
0.2501  0.1
0.2601  0.09
0.2701  0.13
0.2801  0.14
0.2901  0.11
0.3001  0.17
0.3101  0.08
0.3201  0.12
0.3301  0.13
0.3401  0.15
0.3501  0.11
0.3601  0.14
0.3701  0.1
0.3801  0.15
0.3901  0.15
0.4001  0.14
0.4101  0.13
0.4201  0.11
0.4301  0.09
0.4401  0.16
0.4501  0.11
0.4601  0.14
0.4701  0.11
0.4801  0.13
0.4901  0.15
0.5001  0.16
0.5101  0.12
0.5201  0.15
0.5301  0.13
0.5401  0.18
0.5501  0.15
0.5601  0.12
0.5701  0.18
0.5801  0.11
0.5901  0.16
0.6001  0.18
0.6101  0.12
0.6201  0.17
0.6301  0.14
0.6401  0.2
0.6501  0.13
0.6601  0.18
0.6701  0.17
0.6801  0.15
0.6901  0.15
0.7001  0.16
0.7101  0.13
0.7201  0.17
0.7301  0.19
0.7401  0.18
0.7501  0.18
0.7601  0.14
0.7701  0.16
0.7801  0.16
0.7901  0.22
0.8001  0.16
0.8101  0.16
0.8201  0.27
0.8301  0.15
0.8401  0.2
0.8501  0.18
0.8601  0.18
0.8701  0.23
0.8801  0.14
0.8901  0.21
0.9001  0.24
0.9101  0.17
0.9201  0.23
0.9301  0.24
0.9401  0.21
0.9501  0.26
0.9601  0.15
0.9701  0.17
0.9801  0.25
0.9901  0.2
1.0001  0.24
1.0101  0.25
1.0201  0.22
1.0301  0.22
1.0401  0.26
1.0501  0.25
1.0601  0.23
1.0701  0.31
1.0801  0.26
1.0901  0.23
1.1001  0.25
1.1101  0.26
1.1201  0.25
1.1301  0.28
1.1401  0.26
1.1501  0.28
1.1601  0.31
1.1701  0.32
1.1801  0.31
1.1901  0.29
1.2001  0.32
1.2101  0.4
1.2201  0.29
1.2301  0.31
1.2401  0.37
1.2501  0.31
1.2601  0.33
1.2701  0.38
1.2801  0.4
1.2901  0.38
1.3001  0.38
1.3101  0.41
1.3201  0.4
1.3301  0.46
1.3401  0.42
1.3501  0.44
1.3601  0.51
1.3701  0.47
1.3801  0.51
1.3901  0.48
1.4001  0.56
1.4101  0.59
1.4201  0.56
1.4301  0.62
1.4401  0.64
1.4501  0.65
1.4601  0.69
1.4701  0.76
1.4801  0.78
1.4901  0.84
1.5001  0.85
1.5101  0.96
1.5201  0.92
1.5301  1.07
1.5401  1.09
1.5501  1.18
1.5601  1.29
1.5701  1.41
1.5801  1.53
1.5901  1.65
1.6001  1.84
1.6101  2.02
1.6201  2.24
1.6301  2.53
1.6401  2.76
1.6501  3.11
1.6601  3.45
1.6701  3.87
1.6801  4.2
1.6901  4.56
1.7001  4.85
1.7101  5
1.7201  4.98
1.7301  4.89
1.7401  4.59
1.7501  4.29
1.7601  3.95
1.7701  3.54
1.7801  3.15
1.7901  2.8
1.8001  2.6
1.8101  2.26
1.8201  2.14
1.8301  1.86
1.8401  1.71
1.8501  1.61
1.8601  1.46
1.8701  1.35
1.8801  1.27
1.8901  1.14
1.9001  1.1
1.9101  1.08
1.9201  1
1.9301  0.94
1.9401  0.85
1.9501  0.85
1.9601  0.84
1.9701  0.77
1.9801  0.69
1.9901  0.76
2.0001  0.72
2.0101  0.69
2.0201  0.64
2.0301  0.64
2.0401  0.65
2.0501  0.57
2.0601  0.58
2.0701  0.62
2.0801  0.58
2.0901  0.6
2.1001  0.54
2.1101  0.49
2.1201  0.55
2.1301  0.5
2.1401  0.57
2.1501  0.55
2.1601  0.58
2.1701  0.52
2.1801  0.48
2.1901  0.51
2.2001  0.54
2.2101  0.51
2.2201  0.52
2.2301  0.49
2.2401  0.52
2.2501  0.56
2.2601  0.54
2.2701  0.54
2.2801  0.53
2.2901  0.6
2.3001  0.5
2.3101  0.54
2.3201  0.56
2.3301  0.57
2.3401  0.56
2.3501  0.56
2.3601  0.62
2.3701  0.58
2.3801  0.61
2.3901  0.58
2.4001  0.7
2.4101  0.68
2.4201  0.67
2.4301  0.68
2.4401  0.74
2.4501  0.72
2.4601  0.72
2.4701  0.81
2.4801  0.82
2.4901  0.85
2.5001  0.86
2.5101  0.9
2.5201  0.92
2.5301  1.03
2.5401  1.04
2.5501  1.05
2.5601  1.23
2.5701  1.23
2.5801  1.32
2.5901  1.36
2.6001  1.48
2.6101  1.55
2.6201  1.71
2.6301  1.78
2.6401  2.03
2.6501  2.09
2.6601  2.27
2.6701  2.49
2.6801  2.69
2.6901  3
2.7001  3.13
2.7101  3.43
2.7201  3.69
2.7301  3.82
2.7401  4.01
2.7501  4.14
2.7601  4.21
2.7701  4.13
2.7801  3.98
2.7901  3.9
2.8001  3.62
2.8101  3.45
2.8201  3.25
2.8301  2.94
2.8401  2.7
2.8501  2.49
2.8601  2.29
2.8701  2.18
2.8801  1.99
2.8901  1.81
2.9001  1.74
2.9101  1.61
2.9201  1.47
2.9301  1.41
2.9401  1.28
2.9501  1.36
2.9601  1.22
2.9701  1.16
2.9801  1.12
2.9901  1.03
3.0001  0.99
3.0101  1.02
3.0201  0.94
3.0301  0.91
3.0401  0.92
3.0501  0.86
3.0601  0.87
3.0701  0.78
3.0801  0.83
3.0901  0.82
3.1001  0.78
3.1101  0.76
3.1201  0.77
3.1301  0.73
3.1401  0.72
3.1501  0.72
3.1601  0.73
3.1701  0.73
3.1801  0.73
3.1901  0.69
3.2001  0.76
3.2101  0.73
3.2201  0.72
3.2301  0.7
3.2401  0.79
3.2501  0.67
3.2601  0.73
3.2701  0.74
3.2801  0.77
3.2901  0.76
3.3001  0.73
3.3101  0.73
3.3201  0.83
3.3301  0.8
3.3401  0.86
3.3501  0.86
3.3601  0.84
3.3701  0.91
3.3801  0.95
3.3901  0.88
3.4001  1.01
3.4101  0.95
3.4201  0.99
3.4301  1.08
3.4401  1.12
3.4501  1.11
3.4601  1.18
3.4701  1.28
3.4801  1.23
3.4901  1.39
3.5001  1.47
3.5101  1.53
3.5201  1.62
3.5301  1.75
3.5401  1.77
3.5501  1.94
3.5601  2.08
3.5701  2.13
3.5801  2.33
3.5901  2.49
3.6001  2.76
3.6101  2.81
3.6201  2.98
3.6301  3.19
3.6401  3.33
3.6501  3.48
3.6601  3.62
3.6701  3.66
3.6801  3.69
3.6901  3.58
3.7001  3.65
3.7101  3.46
3.7201  3.37
3.7301  3.18
3.7401  3.06
3.7501  2.85
3.7601  2.76
3.7701  2.51
3.7801  2.34
3.7901  2.26
3.8001  2.02
3.8101  2.02
3.8201  1.9
3.8301  1.72
3.8401  1.62
3.8501  1.59
3.8601  1.51
3.8701  1.43
3.8801  1.33
3.8901  1.35
3.9001  1.27
3.9101  1.17
3.9201  1.21
3.9301  1.13
3.9401  1.07
3.9501  1.06
3.9601  1.05
3.9701  1.01
3.9801  0.99
3.9901  0.94
4.0001  0.95
4.0101  0.95
4.0201  0.94
4.0301  0.9
4.0401  0.93
4.0501  0.88
4.0601  0.92
4.0701  0.88
4.0801  0.85
4.0901  0.89
4.1001  0.87
4.1101  0.84
4.1201  0.86
4.1301  0.94
4.1401  0.91
4.1501  0.91
4.1601  0.89
4.1701  0.92
4.1801  0.96
4.1901  0.93
4.2001  0.96
4.2101  0.95
4.2201  0.96
4.2301  1.03
4.2401  1.04
4.2501  1.06
4.2601  1.04
4.2701  1.08
4.2801  1.11
4.2901  1.21
4.3001  1.25
4.3101  1.28
4.3201  1.27
4.3301  1.3
4.3401  1.39
4.3501  1.53
4.3601  1.5
4.3701  1.65
4.3801  1.7
4.3901  1.74
4.4001  1.89
4.4101  2.04
4.4201  2.05
4.4301  2.19
4.4401  2.32
4.4501  2.4
4.4601  2.57
4.4701  2.76
4.4801  2.79
4.4901  2.97
4.5001  3.1
4.5101  3.17
4.5201  3.25
4.5301  3.31
4.5401  3.32
4.5501  3.3
4.5601  3.3
4.5701  3.25
4.5801  3.14
4.5901  3.1
4.6001  2.93
4.6101  2.75
4.6201  2.67
4.6301  2.51
4.6401  2.47
4.6501  2.25
4.6601  2.17
4.6701  2.05
4.6801  1.99
4.6901  1.86
4.7001  1.79
4.7101  1.73
4.7201  1.61
4.7301  1.57
4.7401  1.44
4.7501  1.42
4.7601  1.41
4.7701  1.36
4.7801  1.28
4.7901  1.26
4.8001  1.26
4.8101  1.21
4.8201  1.17
4.8301  1.09
4.8401  1.08
4.8501  1.14
4.8601  1.09
4.8701  1.06
4.8801  1.08
4.8901  1.06
4.9001  0.97
4.9101  1.04
4.9201  1
4.9301  1.07
4.9401  0.99
4.9501  1.05
4.9601  0.98
4.9701  1
4.9801  1.04
4.9901  1.01
5.0001  1.06
5.0101  1.1
5.0201  0.99
5.0301  1.06
5.0401  1.16
5.0501  1.04
5.0601  1.11
5.0701  1.17
5.0801  1.15
5.0901  1.19
5.1001  1.25
5.1101  1.25
5.1201  1.27
5.1301  1.32
5.1401  1.32
5.1501  1.45
5.1601  1.46
5.1701  1.47
5.1801  1.58
5.1901  1.63
5.2001  1.73
5.2101  1.79
5.2201  1.82
5.2301  1.95
5.2401  2.01
5.2501  2.13
5.2601  2.19
5.2701  2.38
5.2801  2.4
5.2901  2.5
5.3001  2.62
5.3101  2.71
5.3201  2.8
5.3301  2.9
5.3401  3.01
5.3501  3.06
5.3601  3.07
5.3701  3.01
5.3801  3.06
5.3901  3.06
5.4001  3.02
5.4101  2.94
5.4201  2.83
5.4301  2.8
5.4401  2.75
5.4501  2.52
5.4601  2.49
5.4701  2.38
5.4801  2.26
5.4901  2.21
5.5001  2.05
5.5101  2
5.5201  1.94
5.5301  1.9
5.5401  1.75
5.5501  1.66
5.5601  1.65
5.5701  1.64
5.5801  1.49
5.5901  1.49
5.6001  1.38
5.6101  1.41
5.6201  1.41
5.6301  1.32
5.6401  1.26
5.6501  1.31
5.6601  1.27
5.6701  1.19
5.6801  1.2
5.6901  1.16
5.7001  1.19
5.7101  1.16
5.7201  1.16
5.7301  1.14
5.7401  1.14
5.7501  1.18
5.7601  1.1
5.7701  1.14
5.7801  1.11
5.7901  1.2
5.8001  1.14
5.8101  1.16
5.8201  1.12
5.8301  1.17
5.8401  1.19
5.8501  1.13
5.8601  1.24
5.8701  1.19
5.8801  1.25
5.8901  1.22
5.9001  1.34
5.9101  1.33
5.9201  1.38
5.9301  1.35
5.9401  1.45
5.9501  1.5
5.9601  1.46
5.9701  1.52
5.9801  1.65
5.9901  1.65
6.0001  1.72
6.0101  1.77
6.0201  1.85
6.0301  1.88
6.0401  1.97
6.0501  2.08
6.0601  2.13
6.0701  2.24
6.0801  2.35
6.0901  2.35
6.1001  2.5
6.1101  2.53
6.1201  2.67
6.1301  2.69
6.1401  2.78
6.1501  2.79
6.1601  2.82
6.1701  2.88
6.1801  2.87
6.1901  2.9
6.2001  2.83
6.2101  2.85
6.2201  2.73
6.2301  2.7
6.2401  2.69
6.2501  2.52
6.2601  2.51
6.2701  2.4
6.2801  2.35
6.2901  2.25
6.3001  2.14
6.3101  2.11
6.3201  1.99
6.3301  1.95
6.3401  1.9
6.3501  1.87
6.3601  1.74
6.3701  1.66
6.3801  1.61
6.3901  1.52
6.4001  1.65
6.4101  1.52
6.4201  1.49
6.4301  1.44
6.4401  1.43
6.4501  1.33
6.4601  1.38
6.4701  1.31
6.4801  1.27
6.4901  1.32
6.5001  1.27
6.5101  1.3
6.5201  1.23
6.5301  1.25
6.5401  1.26
6.5501  1.22
6.5601  1.24
6.5701  1.19
6.5801  1.27
6.5901  1.23
6.6001  1.2
6.6101  1.28
6.6201  1.3
6.6301  1.27
6.6401  1.29
6.6501  1.28
6.6601  1.28
6.6701  1.35
6.6801  1.4
6.6901  1.3
6.7001  1.39
6.7101  1.4
6.7201  1.52
6.7301  1.43
6.7401  1.53
6.7501  1.57
6.7601  1.59
6.7701  1.67
6.7801  1.69
6.7901  1.69
6.8001  1.82
6.8101  1.9
6.8201  1.88
6.8301  1.98
6.8401  2.03
6.8501  2.14
6.8601  2.17
6.8701  2.21
6.8801  2.31
6.8901  2.42
6.9001  2.48
6.9101  2.56
6.9201  2.57
6.9301  2.61
6.9401  2.67
6.9501  2.67
6.9601  2.71
6.9701  2.7
6.9801  2.7
6.9901  2.71
7.0001  2.72
7.0101  2.64
7.0201  2.58
7.0301  2.57
7.0401  2.49
7.0501  2.52
7.0601  2.37
7.0701  2.29
7.0801  2.24
7.0901  2.19
7.1001  2.16
7.1101  2.04
7.1201  1.96
7.1301  1.95
7.1401  1.87
7.1501  1.82
7.1601  1.72
7.1701  1.79
7.1801  1.65
7.1901  1.65
7.2001  1.58
7.2101  1.59
7.2201  1.5
7.2301  1.42
7.2401  1.52
7.2501  1.45
7.2601  1.4
7.2701  1.4
7.2801  1.36
7.2901  1.41
7.3001  1.36
7.3101  1.35
7.3201  1.39
7.3301  1.29
7.3401  1.32
7.3501  1.27
7.3601  1.29
7.3701  1.37
7.3801  1.31
7.3901  1.32
7.4001  1.33
7.4101  1.38
7.4201  1.33
7.4301  1.36
7.4401  1.42
7.4501  1.42
7.4601  1.38
7.4701  1.45
7.4801  1.41
7.4901  1.53
7.5001  1.49
7.5101  1.52
7.5201  1.52
7.5301  1.6
7.5401  1.65
7.5501  1.7
7.5601  1.71
7.5701  1.77
7.5801  1.9
7.5901  1.8
7.6001  1.92
7.6101  1.98
7.6201  2.06
7.6301  2.04
7.6401  2.11
7.6501  2.19
7.6601  2.28
7.6701  2.37
7.6801  2.38
7.6901  2.36
7.7001  2.46
7.7101  2.4
7.7201  2.64
7.7301  2.61
7.7401  2.56
7.7501  2.59
7.7601  2.59
7.7701  2.54
7.7801  2.65
7.7901  2.51
7.8001  2.56
7.8101  2.46
7.8201  2.47
7.8301  2.38
7.8401  2.33
7.8501  2.31
7.8601  2.25
7.8701  2.21
7.8801  2.09
7.8901  2.09
7.9001  2.05
7.9101  1.98
7.9201  1.91
7.9301  1.83
7.9401  1.88
7.9501  1.71
7.9601  1.78
7.9701  1.65
7.9801  1.66
7.9901  1.67
8.0001  1.61
8.0101  1.61
8.0201  1.49
8.0301  1.54
8.0401  1.44
8.0501  1.54
8.0601  1.47
8.0701  1.47
8.0801  1.39
8.0901  1.45
8.1001  1.37
8.1101  1.39
8.1201  1.43
8.1301  1.41
8.1401  1.38
8.1501  1.39
8.1601  1.36
8.1701  1.45
8.1801  1.38
8.1901  1.45
8.2001  1.36
8.2101  1.43
8.2201  1.46
8.2301  1.49
8.2401  1.49
8.2501  1.5
8.2601  1.54
8.2701  1.57
8.2801  1.6
8.2901  1.63
8.3001  1.63
8.3101  1.62
8.3201  1.7
8.3301  1.75
8.3401  1.77
8.3501  1.77
8.3601  1.84
8.3701  1.9
8.3801  1.92
8.3901  1.99
8.4001  2.1
8.4101  2.14
8.4201  2.09
8.4301  2.21
8.4401  2.15
8.4501  2.3
8.4601  2.32
8.4701  2.36
8.4801  2.38
8.4901  2.39
8.5001  2.45
8.5101  2.54
8.5201  2.49
8.5301  2.51
8.5401  2.49
8.5501  2.52
8.5601  2.47
8.5701  2.46
8.5801  2.43
8.5901  2.34
8.6001  2.36
8.6101  2.34
8.6201  2.25
8.6301  2.23
8.6401  2.27
8.6501  2.14
8.6601  2.09
8.6701  2.08
8.6801  1.97
8.6901  2
8.7001  1.93
8.7101  1.86
8.7201  1.85
8.7301  1.77
8.7401  1.77
8.7501  1.81
8.7601  1.66
8.7701  1.6
8.7801  1.67
8.7901  1.65
8.8001  1.57
8.8101  1.66
8.8201  1.48
8.8301  1.49
8.8401  1.56
8.8501  1.54
8.8601  1.51
8.8701  1.46
8.8801  1.47
8.8901  1.46
8.9001  1.44
8.9101  1.48
8.9201  1.41
8.9301  1.45
8.9401  1.48
8.9501  1.49
8.9601  1.46
8.9701  1.49
8.9801  1.53
8.9901  1.52
9.0001  1.51
9.0101  1.51
9.0201  1.54
9.0301  1.59
9.0401  1.63
9.0501  1.6
9.0601  1.66
9.0701  1.66
9.0801  1.7
9.0901  1.69
9.1001  1.78
9.1101  1.8
9.1201  1.82
9.1301  1.89
9.1401  1.92
9.1501  1.94
9.1601  1.95
9.1701  2.02
9.1801  2.11
9.1901  2.13
9.2001  2.12
9.2101  2.16
9.2201  2.28
9.2301  2.23
9.2401  2.28
9.2501  2.34
9.2601  2.32
9.2701  2.34
9.2801  2.41
9.2901  2.34
9.3001  2.43
9.3101  2.4
9.3201  2.45
9.3301  2.37
9.3401  2.37
9.3501  2.36
9.3601  2.36
9.3701  2.3
9.3801  2.35
9.3901  2.2
9.4001  2.22
9.4101  2.23
9.4201  2.15
9.4301  2.09
9.4401  2.04
9.4501  2.01
9.4601  1.93
9.4701  1.93
9.4801  1.93
9.4901  1.88
9.5001  1.87
9.5101  1.81
9.5201  1.77
9.5301  1.7
9.5401  1.73
9.5501  1.69
9.5601  1.63
9.5701  1.66
9.5801  1.66
9.5901  1.61
9.6001  1.53
9.6101  1.6
9.6201  1.58
9.6301  1.51
9.6401  1.51
9.6501  1.6
9.6601  1.59
9.6701  1.46
9.6801  1.55
9.6901  1.44
9.7001  1.6
9.7101  1.49
9.7201  1.56
9.7301  1.57
9.7401  1.49
9.7501  1.58
9.7601  1.55
9.7701  1.57
9.7801  1.54
9.7901  1.62
9.8001  1.61
9.8101  1.58
9.8201  1.78
9.8301  1.64
9.8401  1.69
9.8501  1.78
9.8601  1.73
9.8701  1.76
9.8801  1.84
9.8901  1.83
9.9001  1.91
9.9101  1.92
9.9201  2
9.9301  1.95
9.9401  2.01
9.9501  2.05
9.9601  2.1
9.9701  2.16
9.9801  2.16
9.9901  2.2
10.0001  2.23
10.0101  2.26
10.0201  2.25
10.0301  2.27
10.0401  2.3
10.0501  2.34
10.0601  2.31
10.0701  2.32
10.0801  2.37
10.0901  2.29
10.1001  2.32
10.1101  2.29
10.1201  2.32
10.1301  2.28
10.1401  2.27
10.1501  2.24
10.1601  2.22
10.1701  2.18
10.1801  2.15
10.1901  2.09
10.2001  2.14
10.2101  2.07
10.2201  1.96
10.2301  1.93
10.2401  2.02
10.2501  1.9
10.2601  1.87
10.2701  1.83
10.2801  1.79
10.2901  1.85
10.3001  1.72
10.3101  1.74
10.3201  1.76
10.3301  1.73
10.3401  1.65
10.3501  1.7
10.3601  1.66
10.3701  1.58
10.3801  1.6
10.3901  1.61
10.4001  1.6
10.4101  1.57
10.4201  1.62
10.4301  1.53
10.4401  1.63
10.4501  1.57
10.4601  1.63
10.4701  1.57
10.4801  1.53
10.4901  1.63
10.5001  1.55
10.5101  1.59
10.5201  1.65
10.5301  1.55
10.5401  1.62
10.5501  1.67
10.5601  1.62
10.5701  1.63
10.5801  1.72
10.5901  1.74
10.6001  1.74
10.6101  1.74
10.6201  1.73
10.6301  1.84
10.6401  1.83
10.6501  1.86
10.6601  1.9
10.6701  1.85
10.6801  1.91
10.6901  1.98
10.7001  2.05
10.7101  2.04
10.7201  2
10.7301  2.09
10.7401  2.09
10.7501  2.13
10.7601  2.16
10.7701  2.2
10.7801  2.23
10.7901  2.2
10.8001  2.32
10.8101  2.24
10.8201  2.3
10.8301  2.26
10.8401  2.26
10.8501  2.28
10.8601  2.28
10.8701  2.25
10.8801  2.22
10.8901  2.25
10.9001  2.17
10.9101  2.21
10.9201  2.17
10.9301  2.19
10.9401  2.15
10.9501  2.09
10.9601  2.1
10.9701  2.03
10.9801  2.01
10.9901  2
11.0001  1.93
11.0101  1.94
11.0201  1.97
11.0301  1.81
11.0401  1.95
11.0501  1.73
11.0601  1.9
11.0701  1.77
11.0801  1.8
11.0901  1.73
11.1001  1.79
11.1101  1.7
11.1201  1.7
11.1301  1.61
11.1401  1.64
11.1501  1.66
11.1601  1.65
11.1701  1.64
11.1801  1.6
11.1901  1.58
11.2001  1.65
11.2101  1.63
11.2201  1.67
11.2301  1.62
11.2401  1.57
11.2501  1.6
11.2601  1.64
11.2701  1.63
11.2801  1.6
11.2901  1.67
11.3001  1.7
11.3101  1.66
11.3201  1.7
11.3301  1.71
11.3401  1.66
11.3501  1.76
11.3601  1.74
11.3701  1.8
11.3801  1.78
11.3901  1.85
11.4001  1.83
11.4101  1.78
11.4201  1.92
11.4301  1.92
11.4401  1.87
11.4501  1.95
11.4601  2.03
11.4701  2.02
11.4801  2.04
11.4901  2.07
11.5001  2.05
11.5101  2.07
11.5201  2.11
11.5301  2.12
11.5401  2.13
11.5501  2.2
11.5601  2.25
11.5701  2.17
11.5801  2.19
11.5901  2.27
11.6001  2.14
11.6101  2.29
11.6201  2.22
11.6301  2.22
11.6401  2.18
11.6501  2.26
11.6601  2.17
11.6701  2.21
11.6801  2.16
11.6901  2.08
11.7001  2.13
11.7101  2.1
11.7201  2.05
11.7301  2.03
11.7401  2.06
11.7501  2.01
11.7601  1.96
11.7701  1.98
11.7801  1.88
11.7901  1.96
11.8001  1.79
11.8101  1.89
11.8201  1.83
11.8301  1.87
11.8401  1.81
11.8501  1.75
11.8601  1.82
11.8701  1.72
11.8801  1.7
11.8901  1.69
11.9001  1.72
11.9101  1.71
11.9201  1.68
11.9301  1.68
11.9401  1.69
11.9501  1.64
11.9601  1.64
11.9701  1.74
11.9801  1.61
11.9901  1.68
12.0001  1.66
12.0101  1.64
12.0201  1.65
12.0301  1.67
12.0401  1.68
12.0501  1.67
12.0601  1.67
12.0701  1.68
12.0801  1.7
12.0901  1.75
12.1001  1.78
12.1101  1.73
12.1201  1.8
12.1301  1.78
12.1401  1.82
12.1501  1.82
12.1601  1.8
12.1701  1.83
12.1801  1.91
12.1901  1.86
12.2001  1.97
12.2101  1.91
12.2201  1.94
12.2301  2.04
12.2401  2.01
12.2501  2.06
12.2601  2.05
12.2701  2.05
12.2801  2.06
12.2901  2.12
12.3001  2.15
12.3101  2.15
12.3201  2.11
12.3301  2.16
12.3401  2.18
12.3501  2.13
12.3601  2.22
12.3701  2.17
12.3801  2.24
12.3901  2.17
12.4001  2.14
12.4101  2.14
12.4201  2.14
12.4301  2.17
12.4401  2.1
12.4501  2.07
12.4601  2.17
12.4701  2.02
12.4801  2.07
12.4901  2.03
12.5001  2.05
12.5101  2
12.5201  2.01
12.5301  1.9
12.5401  1.95
12.5501  1.9
12.5601  1.91
12.5701  1.85
12.5801  1.91
12.5901  1.86
12.6001  1.83
12.6101  1.81
12.6201  1.76
12.6301  1.74
12.6401  1.79
12.6501  1.75
12.6601  1.74
12.6701  1.7
12.6801  1.71
12.6901  1.74
12.7001  1.7
12.7101  1.69
12.7201  1.73
12.7301  1.63
12.7401  1.74
12.7501  1.73
12.7601  1.66
12.7701  1.65
12.7801  1.68
12.7901  1.76
12.8001  1.74
12.8101  1.74
12.8201  1.72
12.8301  1.69
12.8401  1.7
12.8501  1.78
12.8601  1.71
12.8701  1.81
12.8801  1.83
12.8901  1.81
12.9001  1.8
12.9101  1.76
12.9201  1.91
12.9301  1.87
12.9401  1.89
12.9501  1.87
12.9601  1.88
12.9701  1.92
12.9801  1.96
12.9901  2.03
13.0001  2.03
13.0101  2.03
13.0201  2.02
13.0301  2.09
13.0401  2.03
13.0501  2.08
13.0601  2.08
13.0701  2.11
13.0801  2.08
13.0901  2.11
13.1001  2.16
13.1101  2.15
13.1201  2.15
13.1301  2.1
13.1401  2.21
13.1501  2.11
13.1601  2.19
13.1701  2.08
13.1801  2.08
13.1901  2.1
13.2001  2.14
13.2101  2.07
13.2201  2.09
13.2301  2.04
13.2401  2
13.2501  2
13.2601  2.1
13.2701  1.93
13.2801  1.98
13.2901  1.96
13.3001  2
13.3101  1.9
13.3201  1.89
13.3301  1.86
13.3401  1.91
13.3501  1.79
13.3601  1.9
13.3701  1.81
13.3801  1.85
13.3901  1.74
13.4001  1.78
13.4101  1.78
13.4201  1.82
13.4301  1.75
13.4401  1.72
13.4501  1.79
13.4601  1.68
13.4701  1.76
13.4801  1.68
13.4901  1.77
13.5001  1.71
13.5101  1.67
13.5201  1.78
13.5301  1.65
13.5401  1.75
13.5501  1.7
13.5601  1.78
13.5701  1.74
13.5801  1.67
13.5901  1.82
13.6001  1.77
13.6101  1.76
13.6201  1.77
13.6301  1.75
13.6401  1.87
13.6501  1.76
13.6601  1.85
13.6701  1.94
13.6801  1.89
13.6901  1.84
13.7001  1.85
13.7101  1.9
13.7201  1.94
13.7301  1.96
13.7401  1.89
13.7501  1.98
13.7601  1.96
13.7701  1.99
13.7801  2.08
13.7901  2.02
13.8001  2.09
13.8101  2.04
13.8201  2.04
13.8301  2.12
13.8401  2.09
13.8501  2.08
13.8601  2.06
13.8701  2.1
13.8801  2.18
13.8901  2.07
13.9001  2.07
13.9101  2.17
13.9201  2.06
13.9301  2.09
13.9401  2.09
13.9501  2.13
13.9601  2.05
13.9701  2.15
13.9801  2.01
13.9901  2.06
14.0001  1.99
14.0101  2.04
14.0201  1.98
14.0301  2
14.0401  1.94
14.0501  1.98
14.0601  1.91
14.0701  1.98
14.0801  1.89
14.0901  1.9
14.1001  1.87
14.1101  1.88
14.1201  1.86
14.1301  1.78
14.1401  1.88
14.1501  1.75
14.1601  1.84
14.1701  1.84
14.1801  1.72
14.1901  1.83
14.2001  1.72
14.2101  1.77
14.2201  1.71
14.2301  1.82
14.2401  1.71
14.2501  1.75
14.2601  1.77
14.2701  1.71
14.2801  1.82
14.2901  1.79
14.3001  1.78
14.3101  1.7
14.3201  1.74
14.3301  1.75
14.3401  1.77
14.3501  1.75
14.3601  1.78
14.3701  1.79
14.3801  1.78
14.3901  1.78
14.4001  1.85
14.4101  1.86
14.4201  1.78
14.4301  1.9
14.4401  1.86
14.4501  1.84
14.4601  1.94
14.4701  1.89
14.4801  1.94
14.4901  1.93
14.5001  1.94
14.5101  1.99
14.5201  1.95
14.5301  1.98
14.5401  1.99
14.5501  2.07
14.5601  2.04
14.5701  2.03
14.5801  2.02
14.5901  2.03
14.6001  2.1
14.6101  2.05
14.6201  2.11
14.6301  2.11
14.6401  2.09
14.6501  2.05
14.6601  2.07
14.6701  2.04
14.6801  2.03
14.6901  2.08
14.7001  2.14
14.7101  2.02
14.7201  2.07
14.7301  2.06
14.7401  2.08
14.7501  1.98
14.7601  2.12
14.7701  1.94
14.7801  1.99
14.7901  1.97
14.8001  2.04
14.8101  1.86
14.8201  1.98
14.8301  1.92
14.8401  1.97
14.8501  1.89
14.8601  1.88
14.8701  1.91
14.8801  1.84
14.8901  1.87
14.9001  1.81
14.9101  1.8
14.9201  1.85
14.9301  1.85
14.9401  1.78
14.9501  1.77
14.9601  1.8
14.9701  1.76
14.9801  1.75
14.9901  1.87
15.0001  1.73
15.0101  1.84
15.0201  1.78
15.0301  1.77
15.0401  1.72
15.0501  1.8
15.0601  1.75
15.0701  1.74
15.0801  1.75
15.0901  1.84
15.1001  1.78
15.1101  1.77
15.1201  1.78
15.1301  1.83
15.1401  1.91
15.1501  1.81
15.1601  1.8
15.1701  1.85
15.1801  1.86
15.1901  1.86
15.2001  1.81
15.2101  1.96
15.2201  1.81
15.2301  1.9
15.2401  1.93
15.2501  1.96
15.2601  1.98
15.2701  1.93
15.2801  1.97
15.2901  2
15.3001  1.98
15.3101  2.02
15.3201  2
15.3301  1.99
15.3401  2.02
15.3501  2
15.3601  2.06
15.3701  2.06
15.3801  2.01
15.3901  2.03
15.4001  2.11
15.4101  2.14
15.4201  1.99
15.4301  2.15
15.4401  2.06
15.4501  1.99
15.4601  2.06
15.4701  1.98
15.4801  2.04
15.4901  2.03
15.5001  2.07
15.5101  1.99
15.5201  2.02
15.5301  1.96
15.5401  2.01
15.5501  1.98
15.5601  1.96
15.5701  1.94
15.5801  1.87
15.5901  2
15.6001  1.9
15.6101  1.91
15.6201  1.88
15.6301  1.88
15.6401  1.89
15.6501  1.8
15.6601  1.92
15.6701  1.84
15.6801  1.88
15.6901  1.87
15.7001  1.8
15.7101  1.75
15.7201  1.9
15.7301  1.78
15.7401  1.85
15.7501  1.74
15.7601  1.76
15.7701  1.76
15.7801  1.81
15.7901  1.82
15.8001  1.78
15.8101  1.78
15.8201  1.83
15.8301  1.8
15.8401  1.8
15.8501  1.7
15.8601  1.88
15.8701  1.79
15.8801  1.88
15.8901  1.78
15.9001  1.84
15.9101  1.84
15.9201  1.84
15.9301  1.84
15.9401  1.9
15.9501  1.81
15.9601  1.88
15.9701  1.84
15.9801  1.97
15.9901  1.86
16.0001  1.97
16.0101  1.97
16.0201  1.92
16.0301  1.99
16.0401  1.99
16.0501  1.91
16.0601  1.98
16.0701  2.03
16.0801  1.99
16.0901  1.99
16.1001  2
16.1101  2.02
16.1201  2.01
16.1301  2.01
16.1401  2.05
16.1501  2
16.1601  2.02
16.1701  2.09
16.1801  2
16.1901  2.06
16.2001  2.1
16.2101  1.98
16.2201  1.97
16.2301  2.11
16.2401  1.99
16.2501  2.02
16.2601  2
16.2701  1.97
16.2801  2.03
16.2901  2
16.3001  2
16.3101  1.93
16.3201  1.94
16.3301  1.97
16.3401  1.94
16.3501  1.9
16.3601  1.93
16.3701  1.91
16.3801  1.86
16.3901  1.93
16.4001  1.83
16.4101  1.89
16.4201  1.8
16.4301  1.87
16.4401  1.9
16.4501  1.84
16.4601  1.85
16.4701  1.82
16.4801  1.82
16.4901  1.86
16.5001  1.75
16.5101  1.82
16.5201  1.83
16.5301  1.8
16.5401  1.84
16.5501  1.78
16.5601  1.83
16.5701  1.82
16.5801  1.74
16.5901  1.83
16.6001  1.83
16.6101  1.87
16.6201  1.8
16.6301  1.86
16.6401  1.79
16.6501  1.86
16.6601  1.81
16.6701  1.82
16.6801  1.86
16.6901  1.83
16.7001  1.89
16.7101  1.91
16.7201  1.84
16.7301  1.96
16.7401  1.88
16.7501  1.9
16.7601  1.93
16.7701  1.91
16.7801  1.93
16.7901  1.97
16.8001  1.94
16.8101  2.03
16.8201  1.93
16.8301  1.97
16.8401  2
16.8501  1.99
16.8601  2.03
16.8701  2
16.8801  1.96
16.8901  2.06
16.9001  2.02
16.9101  1.97
16.9201  2.02
16.9301  2.1
16.9401  2.03
16.9501  1.95
16.9601  2.08
16.9701  2.01
16.9801  1.99
16.9901  2.01
17.0001  2.04
17.0101  1.97
17.0201  2.01
17.0301  1.98
17.0401  2
17.0501  1.96
17.0601  1.94
17.0701  1.94
17.0801  1.98
17.0901  1.89
17.1001  1.99
17.1101  1.88
17.1201  1.92
17.1301  1.91
17.1401  1.94
17.1501  1.89
17.1601  1.92
17.1701  1.85
17.1801  1.92
17.1901  1.83
17.2001  1.87
17.2101  1.84
17.2201  1.78
17.2301  1.85
17.2401  1.82
17.2501  1.87
17.2601  1.88
17.2701  1.78
17.2801  1.83
17.2901  1.79
17.3001  1.88
17.3101  1.78
17.3201  1.84
17.3301  1.82
17.3401  1.77
17.3501  1.81
17.3601  1.9
17.3701  1.78
17.3801  1.83
17.3901  1.87
17.4001  1.82
17.4101  1.85
17.4201  1.78
17.4301  1.92
17.4401  1.9
17.4501  1.87
17.4601  1.83
17.4701  1.89
17.4801  1.91
17.4901  1.89
17.5001  1.98
17.5101  1.83
17.5201  1.94
17.5301  1.9
17.5401  1.94
17.5501  1.97
17.5601  1.99
17.5701  1.91
17.5801  1.97
17.5901  1.99
17.6001  2.01
17.6101  1.97
17.6201  1.94
17.6301  1.94
17.6401  2.04
17.6501  2.01
17.6601  2.02
17.6701  1.99
17.6801  2.05
17.6901  1.96
17.7001  2.05
17.7101  2.04
17.7201  1.92
17.7301  2.02
17.7401  1.99
17.7501  2.05
17.7601  1.92
17.7701  2.07
17.7801  2.02
17.7901  1.96
17.8001  1.96
17.8101  1.94
17.8201  1.97
17.8301  1.97
17.8401  1.93
17.8501  1.93
17.8601  1.98
17.8701  1.93
17.8801  1.88
17.8901  1.91
17.9001  1.88
17.9101  1.93
17.9201  1.91
17.9301  1.89
17.9401  1.87
17.9501  1.83
17.9601  1.86
17.9701  1.85
17.9801  1.87
17.9901  1.85
18.0001  1.81
18.0101  1.87
18.0201  1.88
18.0301  1.86
18.0401  1.8
18.0501  1.84
18.0601  1.83
18.0701  1.85
18.0801  1.84
18.0901  1.81
18.1001  1.88
18.1101  1.76
18.1201  1.87
18.1301  1.87
18.1401  1.85
18.1501  1.82
18.1601  1.88
18.1701  1.83
18.1801  1.85
18.1901  1.9
18.2001  1.86
18.2101  1.82
18.2201  1.91
18.2301  1.91
18.2401  1.9
18.2501  1.82
18.2601  1.96
18.2701  1.95
18.2801  1.94
18.2901  1.89
18.3001  1.89
18.3101  1.95
18.3201  1.97
18.3301  1.93
18.3401  1.96
18.3501  2.01
18.3601  2.01
18.3701  1.96
18.3801  2.05
18.3901  1.97
18.4001  2
18.4101  1.96
18.4201  1.97
18.4301  1.98
18.4401  2.02
18.4501  1.95
18.4601  2.01
18.4701  1.97
18.4801  2.04
18.4901  1.97
18.5001  1.99
18.5101  2.01
18.5201  1.96
18.5301  1.98
18.5401  1.98
18.5501  2.03
18.5601  1.94
18.5701  1.91
18.5801  2
18.5901  1.99
18.6001  1.9
18.6101  1.95
18.6201  1.88
18.6301  1.92
18.6401  1.9
18.6501  1.94
18.6601  1.97
18.6701  1.85
18.6801  1.89
18.6901  1.91
18.7001  1.82
18.7101  1.93
18.7201  1.89
18.7301  1.83
18.7401  1.85
18.7501  1.9
18.7601  1.82
18.7701  1.91
18.7801  1.82
18.7901  1.87
18.8001  1.86
18.8101  1.81
18.8201  1.86
18.8301  1.85
18.8401  1.85
18.8501  1.79
18.8601  1.84
18.8701  1.82
18.8801  1.88
18.8901  1.87
18.9001  1.83
18.9101  1.9
18.9201  1.87
18.9301  1.84
18.9401  1.84
18.9501  1.9
18.9601  1.85
18.9701  1.9
18.9801  1.89
18.9901  1.9
19.0001  1.87
19.0101  1.87
19.0201  1.9
19.0301  1.99
19.0401  1.95
19.0501  1.97
19.0601  1.85
19.0701  1.96
19.0801  1.94
19.0901  1.9
19.1001  1.96
19.1101  2
19.1201  1.94
19.1301  1.97
19.1401  1.97
19.1501  1.96
19.1601  1.97
19.1701  1.96
19.1801  2
19.1901  1.98
19.2001  2.03
19.2101  1.94
19.2201  2.01
19.2301  1.92
19.2401  2.02
19.2501  2.06
19.2601  1.94
19.2701  2.02
19.2801  1.95
19.2901  1.98
19.3001  1.99
19.3101  1.99
19.3201  1.95
19.3301  1.92
19.3401  1.93
19.3501  1.98
19.3601  1.92
19.3701  1.92
19.3801  1.95
19.3901  1.94
19.4001  1.87
19.4101  1.91
19.4201  1.92
19.4301  1.91
19.4401  1.92
19.4501  1.85
19.4601  1.93
19.4701  1.84
19.4801  1.88
19.4901  1.88
19.5001  1.84
19.5101  1.89
19.5201  1.86
19.5301  1.85
19.5401  1.88
19.5501  1.93
19.5601  1.86
19.5701  1.81
19.5801  1.86
19.5901  1.87
19.6001  1.81
19.6101  1.87
19.6201  1.9
19.6301  1.79
19.6401  1.85
19.6501  1.79
19.6601  1.88
19.6701  1.92
19.6801  1.9
19.6901  1.81
19.7001  1.87
19.7101  1.88
19.7201  1.88
19.7301  1.85
19.7401  1.88
19.7501  1.93
19.7601  2
19.7701  1.86
19.7801  1.85
19.7901  1.93
19.8001  1.87
19.8101  1.96
19.8201  1.97
19.8301  1.97
19.8401  1.87
19.8501  1.92
19.8601  1.98
19.8701  1.94
19.8801  1.96
19.8901  2
19.9001  1.92
19.9101  1.97
19.9201  1.95
19.9301  2.02
19.9401  1.95
19.9501  1.96
19.9601  1.96
19.9701  2.03
19.9801  1.95
19.9901  2
20.0001  1.93
20.0101  1.94
20.0201  2.02
20.0301  1.99
20.0401  1.96
20.0501  1.96
20.0601  1.98
20.0701  1.93
20.0801  2.03
20.0901  1.89
20.1001  1.96
20.1101  1.95
20.1201  1.94
20.1301  1.91
20.1401  1.95
20.1501  1.93
20.1601  1.92
20.1701  1.96
20.1801  1.91
20.1901  1.91
20.2001  1.83
20.2101  1.9
20.2201  1.84
20.2301  1.91
20.2401  1.87
20.2501  1.86
20.2601  1.92
20.2701  1.92
20.2801  1.87
20.2901  1.87
20.3001  1.87
20.3101  1.86
20.3201  1.86
20.3301  1.86
20.3401  1.89
20.3501  1.79
20.3601  1.89
20.3701  1.87
20.3801  1.85
20.3901  1.83
20.4001  1.82
20.4101  1.94
20.4201  1.82
20.4301  1.93
20.4401  1.91
20.4501  1.89
20.4601  1.9
20.4701  1.77
20.4801  1.96
20.4901  1.87
20.5001  1.88
20.5101  1.91
20.5201  1.92
20.5301  1.91
20.5401  1.84
20.5501  1.94
20.5601  1.9
20.5701  1.91
20.5801  1.94
20.5901  1.95
20.6001  1.91
20.6101  2.01
20.6201  1.9
20.6301  1.98
20.6401  1.93
20.6501  1.95
20.6601  1.89
20.6701  1.99
20.6801  2.03
20.6901  1.91
20.7001  1.96
20.7101  1.95
20.7201  1.97
20.7301  1.95
20.7401  1.97
20.7501  1.95
20.7601  2.04
20.7701  1.9
20.7801  1.99
20.7901  1.96
20.8001  1.97
20.8101  1.97
20.8201  1.94
20.8301  1.98
20.8401  2
20.8501  1.92
20.8601  1.96
20.8701  1.87
20.8801  1.95
20.8901  1.89
20.9001  1.97
20.9101  1.9
20.9201  1.92
20.9301  1.86
20.9401  1.94
20.9501  1.96
20.9601  1.86
20.9701  1.95
20.9801  1.92
20.9901  1.9
21.0001  1.87
21.0101  1.86
21.0201  1.84
21.0301  1.99
21.0401  1.87
21.0501  1.87
21.0601  1.86
21.0701  1.88
21.0801  1.82
21.0901  1.86
21.1001  1.92
21.1101  1.91
21.1201  1.85
21.1301  1.85
21.1401  1.96
21.1501  1.82
21.1601  1.86
21.1701  1.85
21.1801  1.9
21.1901  1.81
21.2001  1.92
21.2101  1.91
21.2201  1.93
21.2301  1.85
21.2401  1.91
21.2501  1.84
21.2601  1.92
21.2701  1.87
21.2801  1.95
21.2901  1.93
21.3001  1.91
21.3101  1.91
21.3201  1.92
21.3301  1.91
21.3401  1.91
21.3501  1.95
21.3601  1.95
21.3701  1.93
21.3801  1.92
21.3901  1.97
21.4001  1.97
21.4101  1.89
21.4201  1.97
21.4301  1.94
21.4401  1.97
21.4501  1.94
21.4601  1.96
21.4701  1.93
21.4801  1.9
21.4901  2.01
21.5001  1.94
21.5101  2
21.5201  1.94
21.5301  1.92
21.5401  1.99
21.5501  1.92
21.5601  1.95
21.5701  2
21.5801  1.85
21.5901  1.93
21.6001  1.97
21.6101  2.02
21.6201  2.01
21.6301  1.94
21.6401  1.88
21.6501  1.98
21.6601  1.92
21.6701  1.92
21.6801  1.89
21.6901  1.85
21.7001  1.94
21.7101  1.91
21.7201  1.87
21.7301  1.92
21.7401  1.89
21.7501  1.86
21.7601  1.95
21.7701  1.86
21.7801  1.88
21.7901  1.9
21.8001  1.89
21.8101  1.95
21.8201  1.93
21.8301  1.86
21.8401  1.87
21.8501  1.89
21.8601  1.85
21.8701  1.91
21.8801  1.82
21.8901  1.85
21.9001  1.86
21.9101  1.89
21.9201  1.87
21.9301  1.94
21.9401  1.88
21.9501  1.86
21.9601  1.91
21.9701  1.9
21.9801  1.87
21.9901  1.88
22.0001  1.94
22.0101  1.87
22.0201  1.95
22.0301  1.89
22.0401  1.83
22.0501  1.95
22.0601  1.89
22.0701  1.93
22.0801  1.92
22.0901  1.96
22.1001  1.9
22.1101  1.95
22.1201  1.89
22.1301  1.89
22.1401  2
22.1501  1.93
22.1601  1.94
22.1701  1.99
22.1801  1.84
22.1901  2
22.2001  1.93
22.2101  1.93
22.2201  1.95
22.2301  1.95
22.2401  1.92
22.2501  1.96
22.2601  1.95
22.2701  1.99
22.2801  1.94
22.2901  1.95
22.3001  1.95
22.3101  1.97
22.3201  1.94
22.3301  1.87
22.3401  1.98
22.3501  1.93
22.3601  1.93
22.3701  1.99
22.3801  1.87
22.3901  1.96
22.4001  1.94
22.4101  1.96
22.4201  1.91
22.4301  1.88
22.4401  1.93
22.4501  1.91
22.4601  1.97
22.4701  1.86
22.4801  1.9
22.4901  1.96
22.5001  1.9
22.5101  1.91
22.5201  1.9
22.5301  1.84
22.5401  1.95
22.5501  1.86
22.5601  1.86
22.5701  1.94
22.5801  1.86
22.5901  1.85
22.6001  1.94
22.6101  1.88
22.6201  1.94
22.6301  1.9
22.6401  1.84
22.6501  1.9
22.6601  1.91
22.6701  1.8
22.6801  1.96
22.6901  1.9
22.7001  1.83
22.7101  1.85
22.7201  1.89
22.7301  1.97
22.7401  1.85
22.7501  1.88
22.7601  1.89
22.7701  1.95
22.7801  1.9
22.7901  1.87
22.8001  1.88
22.8101  1.89
22.8201  1.93
22.8301  1.92
22.8401  1.98
22.8501  1.94
22.8601  1.94
22.8701  1.86
22.8801  1.9
22.8901  1.99
22.9001  1.86
22.9101  1.97
22.9201  1.96
22.9301  1.94
22.9401  1.91
22.9501  1.93
22.9601  1.97
22.9701  1.95
22.9801  1.94
22.9901  1.93
23.0001  1.92
23.0101  1.89
23.0201  1.99
23.0301  1.95
23.0401  1.88
23.0501  2
23.0601  1.92
23.0701  1.91
23.0801  1.99
23.0901  1.92
23.1001  1.96
23.1101  1.99
23.1201  1.9
23.1301  1.87
23.1401  2.02
23.1501  1.86
23.1601  1.94
23.1701  2
23.1801  1.86
23.1901  1.93
23.2001  1.92
23.2101  2.04
23.2201  1.86
23.2301  1.92
23.2401  1.88
23.2501  1.92
23.2601  1.91
23.2701  1.86
23.2801  1.96
23.2901  1.88
23.3001  1.81
23.3101  1.94
23.3201  1.85
23.3301  1.97
23.3401  1.91
23.3501  1.88
23.3601  1.86
23.3701  1.94
23.3801  1.83
23.3901  1.94
23.4001  1.87
23.4101  1.89
23.4201  1.9
23.4301  1.92
23.4401  1.94
23.4501  1.85
23.4601  1.92
23.4701  1.86
23.4801  1.9
23.4901  1.94
23.5001  1.84
23.5101  1.92
23.5201  1.95
23.5301  1.88
23.5401  1.9
23.5501  1.86
23.5601  1.97
23.5701  1.88
23.5801  1.88
23.5901  1.93
23.6001  1.95
23.6101  1.97
23.6201  1.89
23.6301  1.9
23.6401  1.94
23.6501  1.92
23.6601  1.84
23.6701  1.91
23.6801  1.95
23.6901  1.94
23.7001  1.91
23.7101  2
23.7201  1.98
23.7301  1.9
23.7401  1.99
23.7501  1.91
23.7601  1.93
23.7701  1.96
23.7801  1.91
23.7901  1.96
23.8001  1.94
23.8101  1.94
23.8201  1.94
23.8301  1.91
23.8401  1.96
23.8501  1.89
23.8601  1.95
23.8701  1.89
23.8801  1.98
23.8901  1.93
23.9001  1.95
23.9101  1.92
23.9201  1.9
23.9301  1.89
23.9401  1.96
23.9501  1.95
23.9601  1.93
23.9701  1.9
23.9801  1.9
23.9901  1.93
24.0001  1.95
24.0101  1.91
24.0201  1.85
24.0301  1.88
24.0401  1.89
24.0501  1.95
24.0601  1.87
24.0701  1.95
24.0801  1.86
24.0901  1.92
24.1001  1.9
24.1101  1.93
24.1201  1.91
24.1301  1.86
24.1401  1.94
24.1501  1.87
24.1601  1.89
24.1701  1.82
24.1801  1.95
24.1901  1.89
24.2001  1.93
24.2101  1.87
24.2201  1.96
24.2301  1.88
24.2401  1.85
24.2501  1.95
24.2601  1.85
24.2701  1.93
24.2801  1.95
24.2901  1.89
24.3001  1.85
24.3101  1.9
24.3201  1.84
24.3301  1.98
24.3401  1.82
24.3501  1.94
24.3601  1.96
24.3701  1.94
24.3801  1.92
24.3901  1.9
24.4001  1.91
24.4101  1.95
24.4201  1.92
24.4301  1.97
24.4401  1.91
24.4501  1.95
24.4601  1.95
24.4701  1.88
24.4801  1.96
24.4901  1.96
24.5001  1.99
24.5101  1.9
24.5201  1.92
24.5301  1.86
24.5401  1.96
24.5501  1.92
24.5601  1.95
24.5701  1.91
24.5801  1.94
24.5901  1.9
24.6001  1.97
24.6101  1.99
24.6201  1.88
24.6301  1.94
24.6401  1.85
24.6501  1.98
24.6601  1.93
24.6701  2
24.6801  1.93
24.6901  1.88
24.7001  1.95
24.7101  1.9
24.7201  1.94
24.7301  1.88
24.7401  1.95
24.7501  1.9
24.7601  1.95
24.7701  1.86
24.7801  1.97
24.7901  1.92
24.8001  1.88
24.8101  1.94
24.8201  1.95
24.8301  1.79
24.8401  1.93
24.8501  1.83
24.8601  1.97
24.8701  1.85
24.8801  1.89
24.8901  1.9
24.9001  1.89
24.9101  1.96
24.9201  1.85
24.9301  1.97
24.9401  1.89
24.9501  1.9
24.9601  1.91
24.9701  1.92
24.9801  1.89
24.9901  1.85
25.0001  1.87
25.0101  1.87
25.0201  1.91
25.0301  1.94
25.0401  1.86
25.0501  1.98
25.0601  1.88
25.0701  1.92
25.0801  1.9
25.0901  1.87
25.1001  1.9
25.1101  1.98
25.1201  1.9
25.1301  1.92
25.1401  1.89
25.1501  1.95
25.1601  1.9
25.1701  1.93
25.1801  1.82
25.1901  1.98
25.2001  1.95
25.2101  1.9
25.2201  1.9
25.2301  1.95
25.2401  1.9
25.2501  1.97
25.2601  1.9
25.2701  1.97
25.2801  1.93
25.2901  1.97
25.3001  1.91
25.3101  1.94
25.3201  1.91
25.3301  2.02
25.3401  1.9
25.3501  1.94
25.3601  1.91
25.3701  1.95
25.3801  1.88
25.3901  1.97
25.4001  1.9
25.4101  1.94
25.4201  1.92
25.4301  1.92
25.4401  1.88
25.4501  1.94
25.4601  1.94
25.4701  1.92
25.4801  2.02
25.4901  1.85
25.5001  1.93
25.5101  1.95
25.5201  1.91
25.5301  1.86
25.5401  1.9
25.5501  1.97
25.5601  1.84
25.5701  1.96
25.5801  1.92
25.5901  1.82
25.6001  2
25.6101  1.87
25.6201  1.88
25.6301  1.98
25.6401  1.86
25.6501  1.9
25.6601  1.89
25.6701  1.92
25.6801  1.93
25.6901  1.9
25.7001  1.86
25.7101  1.93
25.7201  1.88
25.7301  1.91
25.7401  1.9
25.7501  1.9
25.7601  1.9
25.7701  1.87
25.7801  1.9
25.7901  1.92
25.8001  1.9
25.8101  1.92
25.8201  1.91
25.8301  1.86
25.8401  1.95
25.8501  1.91
25.8601  1.95
25.8701  1.86
25.8801  1.98
25.8901  1.86
25.9001  1.86
25.9101  2.02
25.9201  1.9
25.9301  1.89
25.9401  2
25.9501  1.9
25.9601  1.91
25.9701  1.9
25.9801  1.94
25.9901  1.94
26.0001  1.91
26.0101  1.98
26.0201  1.95
26.0301  1.86
26.0401  1.97
26.0501  2
26.0601  1.85
26.0701  1.87
26.0801  1.97
26.0901  1.96
26.1001  1.87
26.1101  1.99
26.1201  1.91
26.1301  1.95
26.1401  1.93
26.1501  1.93
26.1601  1.97
26.1701  1.91
26.1801  1.92
26.1901  1.88
26.2001  1.94
26.2101  1.93
26.2201  1.92
26.2301  1.94
26.2401  1.9
26.2501  1.97
26.2601  1.87
26.2701  1.91
26.2801  1.94
26.2901  1.96
26.3001  1.92
26.3101  1.85
26.3201  1.96
26.3301  1.89
26.3401  1.85
26.3501  1.94
26.3601  1.93
26.3701  1.96
26.3801  1.88
26.3901  1.85
26.4001  1.94
26.4101  1.86
26.4201  1.87
26.4301  1.96
26.4401  1.84
26.4501  1.93
26.4601  1.88
26.4701  1.92
26.4801  1.9
26.4901  1.89
26.5001  1.89
26.5101  1.88
26.5201  1.97
26.5301  1.85
26.5401  1.91
26.5501  1.92
26.5601  1.93
26.5701  1.9
26.5801  1.86
26.5901  1.96
26.6001  1.95
26.6101  1.88
26.6201  1.9
26.6301  1.9
26.6401  1.9
26.6501  1.97
26.6601  1.92
26.6701  1.89
26.6801  1.91
26.6901  1.92
26.7001  1.89
26.7101  1.92
26.7201  1.91
26.7301  1.96
26.7401  1.89
26.7501  1.96
26.7601  1.93
26.7701  1.98
26.7801  1.89
26.7901  1.91
26.8001  1.94
26.8101  1.89
26.8201  1.94
26.8301  1.96
26.8401  1.9
26.8501  1.96
26.8601  1.93
26.8701  1.97
26.8801  1.87
26.8901  1.99
26.9001  1.93
26.9101  1.9
26.9201  1.94
26.9301  1.9
26.9401  1.94
26.9501  1.9
26.9601  2
26.9701  1.89
26.9801  1.91
26.9901  1.93
27.0001  1.86
27.0101  1.95
27.0201  1.89
27.0301  1.92
27.0401  1.91
27.0501  1.89
27.0601  1.88
27.0701  1.99
27.0801  1.94
27.0901  1.91
27.1001  1.9
27.1101  1.87
27.1201  1.93
27.1301  1.89
27.1401  1.94
27.1501  1.91
27.1601  1.83
27.1701  1.91
27.1801  1.88
27.1901  1.91
27.2001  1.89
27.2101  1.93
27.2201  2
27.2301  1.87
27.2401  1.95
27.2501  1.84
27.2601  1.81
27.2701  1.98
27.2801  1.85
27.2901  1.89
27.3001  1.91
27.3101  1.96
27.3201  1.92
27.3301  1.83
27.3401  1.96
27.3501  1.94
27.3601  1.88
27.3701  1.93
27.3801  1.88
27.3901  1.88
27.4001  2
27.4101  1.89
27.4201  1.91
27.4301  1.92
27.4401  1.94
27.4501  1.91
27.4601  1.98
27.4701  1.83
27.4801  1.96
27.4901  1.91
27.5001  1.93
27.5101  1.96
27.5201  1.85
27.5301  1.98
27.5401  1.95
27.5501  1.93
27.5601  1.9
27.5701  1.99
27.5801  1.87
27.5901  1.93
27.6001  1.96
27.6101  1.95
27.6201  1.98
27.6301  1.92
27.6401  1.89
27.6501  1.92
27.6601  1.86
27.6701  1.97
27.6801  1.86
27.6901  1.94
27.7001  1.95
27.7101  1.9
27.7201  1.92
27.7301  1.96
27.7401  1.9
27.7501  1.95
27.7601  1.86
27.7701  1.99
27.7801  1.93
27.7901  1.92
27.8001  1.9
27.8101  1.91
27.8201  1.96
27.8301  1.9
27.8401  1.92
27.8501  1.94
27.8601  1.84
27.8701  1.94
27.8801  1.9
27.8901  1.9
27.9001  1.84
27.9101  1.9
27.9201  1.9
27.9301  1.97
27.9401  1.87
27.9501  1.97
27.9601  1.84
27.9701  1.94
27.9801  1.87
27.9901  2
28.0001  1.86
28.0101  1.93
28.0201  1.87
28.0301  1.9
28.0401  1.94
28.0501  1.84
28.0601  1.91
28.0701  1.88
28.0801  1.94
28.0901  1.96
28.1001  1.9
28.1101  1.9
28.1201  1.94
28.1301  1.88
28.1401  1.95
28.1501  1.95
28.1601  1.93
28.1701  1.95
28.1801  1.83
28.1901  1.92
28.2001  1.93
28.2101  1.9
28.2201  1.89
28.2301  1.97
28.2401  1.93
28.2501  1.88
28.2601  1.96
28.2701  1.87
28.2801  1.97
28.2901  1.91
28.3001  2.03
28.3101  1.86
28.3201  1.9
28.3301  1.88
28.3401  1.99
28.3501  1.9
28.3601  1.92
28.3701  1.93
28.3801  1.94
28.3901  1.91
28.4001  1.88
28.4101  1.97
28.4201  1.92
28.4301  1.93
28.4401  1.87
28.4501  1.99
28.4601  1.92
28.4701  1.95
28.4801  1.88
28.4901  2.01
28.5001  1.91
28.5101  1.91
28.5201  1.89
28.5301  1.87
28.5401  1.93
28.5501  1.84
28.5601  1.96
28.5701  1.91
28.5801  1.89
28.5901  1.94
28.6001  1.93
28.6101  1.89
28.6201  1.86
28.6301  1.9
28.6401  1.98
28.6501  1.89
28.6601  1.87
28.6701  1.92
28.6801  1.93
28.6901  1.85
28.7001  1.97
28.7101  1.83
28.7201  1.99
28.7301  1.9
28.7401  1.85
28.7501  1.97
28.7601  1.9
28.7701  1.96
28.7801  1.88
28.7901  1.9
28.8001  1.9
28.8101  1.92
28.8201  1.86
28.8301  1.95
28.8401  1.87
28.8501  1.99
28.8601  1.95
28.8701  1.84
28.8801  1.93
28.8901  1.86
28.9001  1.94
28.9101  1.9
28.9201  1.94
28.9301  1.87
28.9401  1.98
28.9501  1.84
28.9601  2.02
28.9701  1.86
28.9801  1.99
28.9901  1.89
29.0001  1.99
29.0101  1.85
29.0201  1.9
29.0301  1.98
29.0401  1.86
29.0501  1.98
29.0601  1.93
29.0701  1.93
29.0801  1.87
29.0901  1.88
29.1001  1.94
29.1101  1.91
29.1201  1.95
29.1301  1.91
29.1401  1.91
29.1501  1.96
29.1601  1.96
29.1701  1.93
29.1801  1.95
29.1901  1.88
29.2001  1.9
29.2101  1.92
29.2201  1.92
29.2301  1.86
29.2401  1.96
29.2501  1.95
29.2601  1.96
29.2701  1.89
29.2801  1.87
29.2901  1.94
29.3001  1.91
29.3101  1.91
29.3201  1.93
29.3301  1.85
29.3401  1.96
29.3501  1.88
29.3601  1.92
29.3701  1.96
29.3801  1.88
29.3901  1.93
29.4001  1.92
29.4101  1.89
29.4201  1.93
29.4301  1.93
29.4401  1.86
29.4501  1.92
29.4601  1.9
29.4701  1.88
29.4801  1.93
29.4901  1.86
29.5001  1.92
29.5101  1.93
29.5201  1.93
29.5301  1.89
29.5401  1.87
29.5501  1.94
29.5601  1.95
29.5701  1.89
29.5801  1.91
29.5901  1.95
29.6001  1.88
29.6101  1.88
29.6201  1.91
29.6301  1.86
29.6401  1.96
29.6501  1.95
29.6601  1.93
29.6701  1.87
29.6801  1.99
29.6901  1.87
29.7001  1.89
29.7101  1.92
29.7201  1.94
29.7301  1.94
29.7401  1.92
29.7501  1.91
29.7601  1.91
29.7701  1.92
29.7801  1.94
29.7901  1.93
29.8001  1.94
29.8101  1.85
29.8201  1.96
29.8301  1.95
29.8401  1.88
29.8501  1.94
29.8601  1.92
29.8701  1.91
29.8801  1.93
29.8901  1.93
29.9001  1.93
29.9101  1.93
29.9201  1.97
29.9301  1.92
29.9401  1.9
29.9501  1.91
29.9601  1.93
29.9701  1.88
29.9801  2.01
29.9901  1.86
30.0001  1.96
30.0101  1.9
30.0201  1.95
30.0301  1.95
30.0401  1.9
30.0501  1.86
30.0601  1.97
30.0701  1.87
30.0801  1.92
30.0901  1.97
30.1001  1.92
30.1101  1.85
30.1201  2.01
30.1301  1.85
30.1401  1.89
30.1501  1.89
30.1601  1.95
30.1701  1.85
30.1801  1.94
30.1901  1.84
30.2001  1.97
30.2101  1.9
30.2201  1.97
30.2301  1.91
30.2401  1.85
30.2501  1.99
30.2601  1.91
30.2701  1.87
30.2801  1.87
30.2901  1.9
30.3001  1.9
30.3101  1.92
30.3201  1.93
30.3301  1.88
30.3401  1.94
30.3501  1.9
30.3601  1.89
30.3701  1.95
30.3801  1.91
30.3901  1.9
30.4001  1.98
30.4101  1.91
30.4201  1.83
30.4301  1.91
30.4401  1.97
30.4501  1.84
30.4601  1.93
30.4701  1.97
30.4801  1.87
30.4901  1.95
30.5001  1.91
30.5101  1.92
30.5201  1.89
30.5301  1.92
30.5401  1.99
30.5501  1.81
30.5601  2.04
30.5701  1.84
30.5801  1.92
30.5901  1.89
30.6001  1.96
30.6101  1.97
30.6201  1.9
30.6301  1.99
30.6401  1.95
30.6501  1.83
30.6601  1.97
30.6701  1.86
30.6801  1.9
30.6901  1.96
30.7001  1.95
30.7101  1.91
30.7201  1.98
30.7301  1.88
30.7401  1.9
30.7501  1.98
30.7601  1.89
30.7701  1.93
30.7801  1.88
30.7901  1.87
30.8001  2.02
30.8101  1.89
30.8201  1.91
30.8301  1.94
30.8401  1.93
30.8501  1.86
30.8601  1.97
30.8701  1.9
30.8801  1.89
30.8901  1.85
30.9001  2
30.9101  1.86
30.9201  1.99
30.9301  1.83
30.9401  1.96
30.9501  1.88
30.9601  1.96
30.9701  1.85
30.9801  1.91
30.9901  1.94
31.0001  1.95
31.0101  1.94
31.0201  1.85
31.0301  1.89
31.0401  1.87
31.0501  1.95
31.0601  1.85
31.0701  1.97
31.0801  1.9
31.0901  1.82
31.1001  1.96
31.1101  1.91
31.1201  1.94
31.1301  1.91
31.1401  1.92
31.1501  1.88
31.1601  1.87
31.1701  1.98
31.1801  1.9
31.1901  1.93
31.2001  1.9
31.2101  1.89
31.2201  1.99
31.2301  1.88
31.2401  1.91
31.2501  1.92
31.2601  1.87
31.2701  1.91
31.2801  1.97
31.2901  1.99
31.3001  1.91
31.3101  1.86
31.3201  1.93
31.3301  1.97
31.3401  1.88
31.3501  1.93
31.3601  1.9
31.3701  1.93
31.3801  1.89
31.3901  1.94
31.4001  1.92
31.4101  1.85
31.4201  1.98
31.4301  1.89
31.4401  2.03
31.4501  1.84
31.4601  1.94
31.4701  1.95
31.4801  1.95
31.4901  1.9
31.5001  1.92
31.5101  1.93
31.5201  1.88
31.5301  1.98
31.5401  1.88
31.5501  1.91
31.5601  1.9
31.5701  1.92
31.5801  1.88
31.5901  1.95
31.6001  1.92
31.6101  1.94
31.6201  1.91
31.6301  1.92
31.6401  1.93
31.6501  1.91
31.6601  1.94
31.6701  1.87
31.6801  1.96
31.6901  1.86
31.7001  1.94
31.7101  1.97
31.7201  1.88
31.7301  1.86
31.7401  1.93
31.7501  1.98
31.7601  1.89
31.7701  1.91
31.7801  1.86
31.7901  1.96
31.8001  1.89
31.8101  1.88
31.8201  1.9
31.8301  1.95
31.8401  1.89
31.8501  1.93
31.8601  1.9
31.8701  1.98
31.8801  1.83
31.8901  1.91
31.9001  1.89
31.9101  1.96
31.9201  1.98
31.9301  1.9
31.9401  1.89
31.9501  1.95
31.9601  1.9
31.9701  1.94
31.9801  1.88
31.9901  1.92
32.0001  1.9
32.0101  1.92
32.0201  1.93
32.0301  1.95
32.0401  1.88
32.0501  1.93
32.0601  1.89
32.0701  1.99
32.0801  1.92
32.0901  1.83
32.1001  1.98
32.1101  1.9
32.1201  1.88
32.1301  1.93
32.1401  1.89
32.1501  1.98
32.1601  1.98
32.1701  1.84
32.1801  1.93
32.1901  1.93
32.2001  1.89
32.2101  1.97
32.2201  1.9
32.2301  1.92
32.2401  1.89
32.2501  1.96
32.2601  1.94
32.2701  1.89
32.2801  1.94
32.2901  1.92
32.3001  1.89
32.3101  1.91
32.3201  1.89
32.3301  1.9
32.3401  1.98
32.3501  1.91
32.3601  1.93
32.3701  1.91
32.3801  1.93
32.3901  1.81
32.4001  1.98
32.4101  1.89
32.4201  1.89
32.4301  1.91
32.4401  1.85
32.4501  1.97
32.4601  1.96
32.4701  1.87
32.4801  1.93
32.4901  1.95
32.5001  1.93
32.5101  1.84
32.5201  1.95
32.5301  1.93
32.5401  1.94
32.5501  1.89
32.5601  1.88
32.5701  1.92
32.5801  1.94
32.5901  1.9
32.6001  1.93
32.6101  1.89
32.6201  1.93
32.6301  1.87
32.6401  1.85
32.6501  2
32.6601  1.92
32.6701  1.91
32.6801  1.93
32.6901  1.87
32.7001  1.89
32.7101  1.89
32.7201  1.97
32.7301  1.88
32.7401  1.92
32.7501  1.93
32.7601  1.94
32.7701  1.94
32.7801  1.88
32.7901  1.93
32.8001  1.94
32.8101  1.89
32.8201  1.96
32.8301  1.93
32.8401  1.97
32.8501  1.92
32.8601  1.85
32.8701  1.89
32.8801  1.9
32.8901  1.93
32.9001  1.91
32.9101  1.87
32.9201  1.97
32.9301  1.94
32.9401  1.93
32.9501  1.93
32.9601  1.85
32.9701  1.93
32.9801  1.96
32.9901  1.87
33.0001  1.95
33.0101  1.9
33.0201  1.94
33.0301  1.89
33.0401  1.89
33.0501  1.97
33.0601  1.85
33.0701  1.97
33.0801  1.94
33.0901  1.91
33.1001  1.9
33.1101  1.92
33.1201  1.91
33.1301  1.94
33.1401  1.95
33.1501  1.89
33.1601  1.95
33.1701  1.85
33.1801  1.93
33.1901  1.95
33.2001  1.88
33.2101  1.93
33.2201  1.87
33.2301  1.91
33.2401  1.9
33.2501  1.92
33.2601  1.98
33.2701  1.88
33.2801  1.95
33.2901  1.91
33.3001  1.86
33.3101  1.9
33.3201  1.92
33.3301  1.91
33.3401  1.92
33.3501  1.93
33.3601  1.94
33.3701  1.91
33.3801  1.9
33.3901  1.88
33.4001  1.92
33.4101  1.88
33.4201  1.97
33.4301  1.88
33.4401  1.91
33.4501  1.91
33.4601  1.95
33.4701  1.95
33.4801  1.95
33.4901  1.9
33.5001  1.89
33.5101  1.87
33.5201  1.95
33.5301  1.99
33.5401  1.92
33.5501  1.92
33.5601  1.9
33.5701  1.81
33.5801  1.96
33.5901  1.93
33.6001  1.85
33.6101  2
33.6201  1.91
33.6301  1.87
33.6401  1.93
33.6501  1.98
33.6601  1.92
33.6701  1.83
33.6801  1.96
33.6901  1.96
33.7001  1.99
33.7101  1.83
33.7201  1.97
33.7301  1.93
33.7401  1.9
33.7501  1.89
33.7601  1.94
33.7701  1.88
33.7801  1.91
33.7901  1.96
33.8001  1.87
33.8101  1.9
33.8201  1.96
33.8301  1.93
33.8401  1.97
33.8501  1.88
33.8601  1.93
33.8701  1.96
33.8801  1.86
33.8901  1.91
33.9001  1.94
33.9101  1.88
33.9201  1.93
33.9301  1.99
33.9401  1.84
33.9501  1.92
33.9601  1.94
33.9701  1.87
33.9801  1.93
33.9901  1.89
34.0001  1.91
34.0101  1.98
34.0201  1.89
34.0301  1.82
34.0401  2
34.0501  1.88
34.0601  1.94
34.0701  1.87
34.0801  1.91
34.0901  1.93
34.1001  1.93
34.1101  1.94
34.1201  1.86
34.1301  1.91
34.1401  1.92
34.1501  1.89
34.1601  1.95
34.1701  1.9
34.1801  1.9
34.1901  1.94
34.2001  1.98
34.2101  1.91
34.2201  1.88
34.2301  1.93
34.2401  1.9
34.2501  1.96
34.2601  1.89
34.2701  1.83
34.2801  2
34.2901  1.87
34.3001  1.88
34.3101  1.94
34.3201  2.03
34.3301  1.89
34.3401  1.87
34.3501  1.93
34.3601  1.87
34.3701  1.97
34.3801  1.87
34.3901  1.95
34.4001  1.95
34.4101  1.9
34.4201  1.89
34.4301  1.95
34.4401  1.92
34.4501  1.86
34.4601  1.99
34.4701  1.93
34.4801  2
34.4901  1.9
34.5  1.93
34.51  1.88
34.52  1.89
34.53  1.92
34.54  1.87
34.55  1.89
34.56  1.95
34.57  1.9
34.58  1.96
34.59  1.95
34.6  1.89
34.61  1.89
34.62  2.01
34.63  1.8
34.64  1.94
34.65  1.86
34.66  1.94
34.67  1.91
34.68  1.9
34.69  1.93
34.7  1.85
34.71  1.96
34.72  1.93
34.73  1.92
34.74  1.93
34.75  1.97
34.76  1.86
34.77  1.9
34.78  1.92
34.79  1.92
34.8  1.97
34.81  1.88
34.82  1.88
34.83  1.89
34.84  1.93
34.85  1.88
34.86  1.92
34.87  1.87
34.88  1.96
34.89  1.87
34.9  1.95
34.91  1.94
34.92  1.79
34.93  1.98
34.94  1.95
34.95  1.89
34.96  1.9
34.97  1.92
34.98  1.92
34.99  1.95
35  1.96
35.01  1.86
35.02  1.95
35.03  1.85
35.04  1.98
35.05  1.91
35.06  1.87
35.07  1.91
35.08  1.9
35.09  1.91
35.1  1.92
35.11  1.95
35.12  1.95
35.13  1.94
35.14  1.88
35.15  2.01
35.16  1.92
35.17  1.88
35.18  1.92
35.19  1.83
35.2  1.95
35.21  1.91
35.22  1.95
35.23  1.91
35.24  1.96
35.25  1.94
35.26  1.86
35.27  1.92
35.28  1.92
35.29  1.99
35.3  1.95
35.31  1.88
35.32  1.91
35.33  1.89
35.34  1.93
35.35  1.88
35.36  1.91
35.37  2
35.38  1.97
35.39  1.86
35.4  1.98
35.41  1.83
35.42  1.95
35.43  1.88
35.44  1.98
35.45  1.87
35.46  1.93
35.47  1.98
35.48  1.89
35.49  1.92
35.5  1.88
35.51  1.91
35.52  1.86
35.53  1.9
35.54  1.97
35.55  1.93
35.56  1.91
35.57  1.92
35.58  1.87
35.59  1.93
35.6  1.9
35.61  1.91
35.62  1.93
35.63  1.9
35.64  1.93
35.65  1.87
35.66  1.92
35.67  1.96
35.68  1.92
35.69  1.9
35.7  1.95
35.71  1.87
35.72  1.94
35.73  1.86
35.74  1.92
35.75  1.91
35.76  1.94
35.77  1.94
35.78  1.92
35.79  1.84
35.8  1.9
35.81  1.96
35.82  1.97
35.83  1.87
35.84  1.94
35.85  1.93
35.86  1.86
35.87  1.98
35.88  1.91
35.89  1.84
35.9  1.92
35.91  1.93
35.92  1.87
35.93  1.97
35.94  1.9
35.95  1.91
35.96  1.93
35.97  1.99
35.98  1.9
35.99  1.9
36  1.95
36.01  1.93
36.02  1.86
36.03  1.94
36.04  1.94
36.05  1.91
36.06  1.91
36.07  1.86
36.08  1.96
36.09  1.98
36.1  1.93
36.11  1.88
36.12  1.87
36.13  1.98
36.14  1.89
36.15  1.93
36.16  1.91
36.17  1.95
36.18  1.95
36.19  1.88
36.2  1.94
36.21  1.86
36.22  1.88
36.23  1.89
36.24  1.97
36.25  1.88
36.26  1.88
36.27  1.94
36.28  1.84
36.29  1.94
36.3  1.97
36.31  1.87
36.32  1.93
36.33  1.95
36.34  1.89
36.35  1.94
36.36  1.92
36.37  1.95
36.38  1.9
36.39  1.92
36.4  1.88
36.41  1.93
36.42  1.85
36.43  1.94
36.44  1.93
36.45  1.88
36.46  1.85
36.47  2
36.48  1.87
36.49  1.92
36.5  1.94
36.51  1.89
36.52  1.92
36.53  1.89
36.54  1.91
36.55  1.86
36.56  1.96
36.57  1.95
36.58  1.91
36.59  1.95
36.6  1.98
36.61  1.88
36.62  1.87
36.63  1.96
36.64  1.83
36.65  1.97
36.66  1.91
36.67  1.96
36.68  1.9
36.69  1.9
36.7  1.87
36.71  1.86
36.72  1.99
36.73  2
36.74  1.92
36.75  1.91
36.76  1.95
36.77  1.9
36.78  1.96
36.79  1.91
36.8  1.88
36.81  1.95
36.82  1.86
36.83  1.91
36.84  1.95
36.85  1.84
36.86  1.91
36.87  1.93
36.88  1.93
36.89  1.94
36.9  1.96
36.91  1.92
36.92  1.91
36.93  1.91
36.94  1.89
36.95  1.92
36.96  1.9
36.97  1.99
36.98  1.9
36.99  1.93
37  1.95
37.01  1.9
37.02  1.92
37.03  1.9
37.04  1.93
37.05  1.94
37.06  1.89
37.07  1.94
37.08  1.84
37.09  1.89
37.1  1.95
37.11  1.94
37.12  1.9
37.13  1.9
37.14  1.96
37.15  1.89
37.16  1.93
37.17  1.84
37.18  1.97
37.19  1.92
37.2  1.88
37.21  1.85
37.22  1.92
37.23  1.95
37.24  1.96
37.25  1.95
37.26  1.92
37.27  1.9
37.28  1.88
37.29  1.91
37.3  1.89
37.31  1.97
37.32  1.96
37.33  1.98
37.34  1.85
37.35  1.91
37.36  1.93
37.37  1.88
37.38  1.9
37.39  1.98
37.4  1.87
37.41  1.9
37.42  1.92
37.43  1.89
37.44  1.91
37.45  1.92
37.46  1.89
37.47  1.9
37.48  1.96
37.49  1.92
37.5  1.97
37.51  1.89
37.52  1.92
37.53  1.92
37.54  1.96
37.55  1.91
37.56  1.95
37.57  1.86
37.58  1.92
37.59  1.9
37.6  1.88
37.61  1.94
37.62  1.88
37.63  1.91
37.64  1.96
37.65  1.97
37.66  1.93
37.67  1.93
37.68  1.9
37.69  1.89
37.7  1.86
37.71  1.97
37.72  1.95
37.73  1.91
37.74  1.9
37.75  1.82
37.76  1.94
37.77  1.98
37.78  1.89
37.79  1.95
37.8  1.85
37.81  1.95
37.82  1.9
37.83  1.91
37.84  1.94
37.85  1.9
37.86  1.9
37.87  1.92
37.88  1.95
37.89  1.93
37.9  1.9
37.91  1.81
37.92  1.96
37.93  1.96
37.94  1.89
37.95  1.92
37.96  1.95
37.97  1.84
37.98  1.97
37.99  1.86
38  2.01
38.01  1.93
38.02  1.91
38.03  1.9
38.04  1.88
38.05  1.96
38.06  1.88
38.07  1.88
38.08  1.95
38.09  1.89
38.1  1.91
38.11  1.89
38.12  1.92
38.13  1.91
38.14  1.9
38.15  1.93
38.16  1.9
38.17  2.05
38.18  1.86
38.19  1.89
38.2  1.94
38.21  1.86
38.22  1.89
38.23  1.97
38.24  1.94
38.25  1.91
38.26  1.86
38.27  1.95
38.28  1.87
38.29  1.91
38.3  1.91
38.31  1.93
38.32  1.93
38.33  1.91
38.34  1.96
38.35  1.89
38.36  2
38.37  1.87
38.38  1.92
38.39  1.88
38.4  1.94
38.41  1.95
38.42  1.86
38.43  1.97
38.44  1.88
38.45  1.92
38.46  1.89
38.47  1.87
38.48  1.92
38.49  1.95
38.5  1.97
38.51  1.9
38.52  1.88
38.53  1.89
38.54  1.97
38.55  1.92
38.56  1.93
38.57  1.95
38.58  1.84
38.59  1.94
38.6  1.91
38.61  1.95
38.62  1.93
38.63  1.91
38.64  1.9
38.65  1.94
38.66  1.89
38.67  1.94
38.68  1.9
38.69  1.96
38.7  1.91
38.71  1.88
38.72  1.96
38.73  1.91
38.74  1.93
38.75  1.89
38.76  1.91
38.77  1.89
38.78  1.96
38.79  1.93
38.8  1.95
38.81  1.92
38.82  1.88
38.83  1.86
38.84  1.95
38.85  1.97
38.86  1.89
38.87  1.93
38.88  1.89
38.89  1.89
38.9  1.88
38.91  1.95
38.92  1.88
38.93  2.01
38.94  1.85
38.95  1.97
38.96  1.87
38.97  1.95
38.98  1.96
38.99  1.89
39  1.94
39.01  1.89
39.02  1.94
39.03  1.91
39.04  1.9
39.05  1.9
39.06  1.93
39.07  1.88
39.08  1.89
39.09  1.92
39.1  1.88
39.11  1.93
39.12  1.93
39.13  1.86
39.14  1.98
39.15  1.94
39.16  1.9
39.17  1.87
39.18  1.91
39.19  1.86
39.2  2
39.21  1.89
39.22  1.86
39.23  1.99
39.24  1.94
39.25  1.79
39.26  2.04
39.27  1.83
39.28  1.98
39.29  1.91
39.3  1.93
39.31  1.89
39.32  1.92
39.33  1.93
39.34  1.9
39.35  1.89
39.36  1.99
39.37  1.92
39.38  1.93
39.39  1.84
39.4  1.86
39.41  1.92
39.42  1.97
39.43  1.97
39.44  1.87
39.45  1.88
39.46  1.92
39.47  1.92
39.48  1.95
39.49  1.96
39.5  1.92
39.51  1.89
39.52  1.92
39.53  1.9
39.54  1.92
39.55  1.85
39.56  1.88
39.57  1.95
39.58  1.93
39.59  1.94
39.6  1.9
39.61  1.88
39.62  1.97
39.63  1.95
39.64  1.99
39.65  1.83
39.66  1.93
39.67  1.94
39.68  1.88
39.69  1.93
39.7  1.9
39.71  1.91
39.72  1.93
39.73  1.9
39.74  1.97
39.75  1.87
39.76  1.94
39.77  1.89
39.78  1.96
39.79  1.8
39.8  1.94
39.81  1.94
39.82  1.93
39.83  1.84
39.84  1.98
39.85  1.89
39.86  1.99
39.87  1.93
39.88  1.86
39.89  1.87
39.9  1.92
39.91  1.94
39.92  1.92
39.93  1.96
39.94  1.88
39.95  1.99
39.96  1.83
39.97  1.89
39.98  1.91
39.99  1.91
40  1.94
40.01  1.95
40.02  1.91
40.03  1.99
40.04  1.87
40.05  1.88
40.06  1.96
40.07  1.91
40.08  2.02
40.09  1.89
40.1  1.96
40.11  1.84
40.12  1.85
40.13  1.93
40.14  1.95
40.15  1.92
40.16  1.96
40.17  1.88
40.18  1.9
40.19  1.97
40.2  1.86
40.21  1.93
40.22  1.92
40.23  1.95
40.24  1.96
40.25  1.9
40.26  1.91
40.27  1.92
40.28  1.89
40.29  1.93
40.3  1.92
40.31  1.87
40.32  1.91
40.33  2.05
40.34  1.86
40.35  1.94
40.36  1.88
40.37  1.94
40.38  1.87
40.39  1.89
40.4  1.97
40.41  1.91
40.42  1.88
40.43  1.94
40.44  1.95
40.45  1.94
40.46  1.85
40.47  1.92
40.48  1.88
40.49  2.01
40.5  1.86
40.51  1.9
40.52  1.87
40.53  1.93
40.54  1.95
40.55  1.83
40.56  1.96
40.57  1.93
40.58  1.9
40.59  1.93
40.6  1.93
40.61  1.89
40.62  1.97
40.63  1.95
40.64  1.9
40.65  1.93
40.66  1.9
40.67  1.89
40.68  1.91
40.69  1.89
40.7  1.87
40.71  1.95
40.72  1.94
40.73  1.86
40.74  1.92
40.75  1.92
40.76  1.91
40.77  1.94
40.78  1.84
40.79  1.91
40.8  1.99
40.81  1.95
40.82  1.92
40.83  1.93
40.84  1.89
40.85  1.92
40.86  1.98
40.87  1.89
40.88  1.86
40.89  1.94
40.9  1.87
40.91  1.95
40.92  1.9
40.93  1.96
40.94  1.92
40.95  1.96
40.96  1.94
40.97  1.81
40.98  2.01
40.99  1.89
41  1.86
41.01  2
41.02  1.89
41.03  1.92
41.04  1.9
41.05  1.85
41.06  1.93
41.07  1.96
41.08  1.93
41.09  1.9
41.1  1.85
41.11  1.97
41.12  1.92
41.13  1.91
41.14  1.92
41.15  1.87
41.16  1.95
41.17  1.91
41.18  1.97
41.19  1.84
41.2  1.97
41.21  1.92
41.22  1.91
41.23  1.88
41.24  1.91
41.25  1.92
41.26  1.92
41.27  1.84
41.28  2.01
41.29  1.86
41.3  1.91
41.31  1.9
41.32  1.94
41.33  1.94
41.34  1.9
41.35  1.92
41.36  1.91
41.37  1.9
41.38  1.84
41.39  1.98
41.4  1.9
41.41  1.94
41.42  2
41.43  1.84
41.44  1.89
41.45  1.92
41.46  1.89
41.47  1.9
41.48  1.9
41.49  1.9
41.5  1.88
41.51  2.02
41.52  1.91
41.53  1.85
41.54  1.95
41.55  1.93
41.56  2.01
41.57  1.84
41.58  1.96
41.59  1.91
41.6  1.84
41.61  1.98
41.62  1.9
41.63  1.88
41.64  1.96
41.65  1.93
41.66  1.89
41.67  1.93
41.68  1.88
41.69  1.95
41.7  1.95
41.71  1.93
41.72  1.92
41.73  1.91
41.74  1.94
41.75  1.92
41.76  1.88
41.77  1.98
41.78  1.87
41.79  1.92
41.8  1.86
41.81  1.98
41.82  1.93
41.83  1.92
41.84  1.99
41.85  1.93
41.86  1.91
41.87  1.9
41.88  1.86
41.89  2.01
41.9  1.86
41.91  1.96
41.92  1.94
41.93  1.96
41.94  1.83
41.95  1.88
41.96  1.88
41.97  1.93
41.98  1.93
41.99  1.93
42  1.89
42.01  1.96
42.02  1.89
42.03  1.92
42.04  1.93
42.05  1.94
42.06  1.9
42.07  1.95
42.08  1.94
42.09  1.86
42.1  1.91
42.11  1.89
42.12  1.92
42.13  1.92
42.14  1.86
42.15  1.96
42.16  1.96
42.17  1.84
42.18  1.93
42.19  1.87
42.2  1.94
42.21  1.92
42.22  1.86
42.23  1.96
42.24  1.93
42.25  1.89
42.26  1.9
42.27  1.88
42.28  1.92
42.29  1.93
42.3  1.89
42.31  1.98
42.32  1.94
42.33  1.9
42.34  1.88
42.35  1.91
42.36  1.91
42.37  1.95
42.38  1.84
42.39  1.92
42.4  1.94
42.41  1.97
42.42  1.9
42.43  1.88
42.44  1.91
42.45  2.01
42.46  1.84
42.47  1.93
42.48  1.94
42.49  1.91
42.5  1.93
42.51  1.85
42.52  1.95
42.53  1.91
42.54  1.97
42.55  1.87
42.56  1.97
42.57  1.9
42.58  1.9
42.59  1.95
42.6  1.88
42.61  1.97
42.62  1.91
42.63  1.92
42.64  1.93
42.65  1.97
42.66  1.89
42.67  1.9
42.68  1.95
42.69  1.82
42.7  1.99
42.71  1.92
42.72  1.96
42.73  1.91
42.74  1.83
42.75  1.94
42.76  1.92
42.77  1.91
42.78  1.9
42.79  1.9
42.8  1.99
42.81  1.88
42.82  1.87
42.83  1.91
42.84  1.9
42.85  1.94
42.86  1.9
42.87  1.93
42.88  1.89
42.89  1.92
42.9  1.93
42.91  1.94
42.92  1.98
42.93  1.89
42.94  1.86
42.95  1.93
42.96  1.98
42.97  1.88
42.98  1.88
42.99  1.8
43  1.95
43.01  1.99
43.02  1.9
43.03  1.85
43.04  1.91
43.05  1.91
43.06  1.92
43.07  1.87
43.08  1.95
43.09  1.88
43.1  1.93
43.11  1.96
43.12  1.93
43.13  1.92
43.14  1.92
43.15  1.88
43.16  1.92
43.17  1.92
43.18  1.96
43.19  1.92
43.2  1.91
43.21  1.99
43.22  1.89
43.23  1.94
43.24  1.95
43.25  1.87
43.26  1.88
43.27  1.9
43.28  1.97
43.29  1.94
43.3  1.95
43.31  1.91
43.32  1.9
43.33  1.92
43.34  1.87
43.35  1.96
43.36  2
43.37  1.89
43.38  1.83
43.39  1.98
43.4  1.91
43.41  1.91
43.42  1.93
43.43  1.84
43.44  1.9
43.45  2
43.46  2.01
43.47  1.82
43.48  1.92
43.49  1.89
43.5  1.94
43.51  1.94
43.52  1.97
43.53  1.89
43.54  1.9
43.55  1.91
43.56  1.94
43.57  1.92
43.58  1.87
43.59  1.88
43.6  1.96
43.61  1.94
43.62  1.91
43.63  1.94
43.64  1.78
43.65  1.91
43.66  1.95
43.67  1.93
43.68  1.89
43.69  1.92
43.7  1.93
43.71  1.81
43.72  1.97
43.73  1.92
43.74  1.94
43.75  1.89
43.76  1.95
43.77  1.88
43.78  1.86
43.79  2.01
43.8  1.89
43.81  1.89
43.82  1.81
43.83  1.97
43.84  1.92
43.85  1.97
43.86  1.95
43.87  1.94
43.88  1.87
43.89  1.89
43.9  1.86
43.91  1.89
43.92  2.02
43.93  1.9
43.94  1.94
43.95  1.87
43.96  1.9
43.97  1.97
43.98  1.97
43.99  1.91
44  1.88
44.01  1.89
44.02  2
44.03  1.91
44.04  1.95
44.05  1.82
44.06  1.96
44.07  1.88
44.08  1.93
44.09  1.97
44.1  1.87
44.11  1.92
44.12  1.95
44.13  1.94
44.14  1.93
44.15  1.91
44.16  1.92
44.17  1.91
44.18  1.92
44.19  1.86
44.2  1.9
44.21  1.94
44.22  1.99
44.23  1.89
44.24  1.96
44.25  1.88
44.26  1.91
44.27  1.94
44.28  1.89
44.29  1.96
44.3  1.86
44.31  1.9
44.32  1.92
44.33  1.93
44.34  1.87
44.35  1.89
44.36  1.97
44.37  1.85
44.38  1.91
44.39  1.85
44.4  1.95
44.41  1.95
44.42  1.91
44.43  1.88
44.44  1.91
44.45  1.9
44.46  1.92
44.47  1.89
44.48  2
44.49  1.83
44.5  1.94
44.51  1.97
44.52  1.93
44.53  1.89
44.54  1.8
44.55  2.06
44.56  1.86
44.57  1.88
44.58  1.96
44.59  1.85
44.6  1.93
44.61  1.97
44.62  1.91
44.63  1.91
44.64  1.89
44.65  1.96
44.66  1.9
44.67  1.88
44.68  1.9
44.69  1.98
44.7  1.91
44.71  1.91
44.72  1.9
44.73  1.94
44.74  1.97
44.75  1.83
44.76  2.01
44.77  1.93
44.78  1.89
44.79  1.94
44.8  1.91
44.81  1.93
44.82  1.85
44.83  2.03
44.84  1.92
44.85  1.88
44.86  1.92
44.87  2.01
44.88  1.94
44.89  1.85
44.9  2.01
44.91  1.88
44.92  1.88
44.93  1.95
44.94  1.9
44.95  1.93
44.96  1.88
44.97  1.96
44.98  1.91
44.99  1.95
45  1.86
45.01  1.94
45.02  1.9
45.03  1.96
45.04  1.85
45.05  1.93
45.06  1.92
45.07  1.9
45.08  1.96
45.09  1.93
45.1  1.88
45.11  1.91
45.12  1.89
45.13  1.91
45.14  1.84
45.15  1.96
45.16  1.89
45.17  1.84
45.18  1.93
45.19  2.06
45.2  1.92
45.21  1.9
45.22  1.92
45.23  1.94
45.24  1.84
45.25  1.95
45.26  1.84
45.27  1.96
45.28  1.86
45.29  1.9
45.3  1.88
45.31  1.93
45.32  1.93
45.33  1.89
45.34  1.87
45.35  2.01
45.36  1.83
45.37  1.95
45.38  1.99
45.39  1.87
45.4  1.89
45.41  1.89
45.42  1.97
45.43  1.91
45.44  1.91
45.45  1.91
45.46  1.86
45.47  1.96
45.48  1.95
45.49  1.92
45.5  1.87
45.51  2
45.52  1.93
45.53  1.84
45.54  1.98
45.55  1.91
45.56  1.96
45.57  1.89
45.58  1.93
45.59  1.9
45.6  1.89
45.61  1.94
45.62  1.98
45.63  1.88
45.64  1.97
45.65  1.87
45.66  1.88
45.67  1.98
45.68  1.83
45.69  1.95
45.7  1.91
45.71  1.94
45.72  1.91
45.73  1.91
45.74  1.95
45.75  1.94
45.76  1.93
45.77  1.89
45.78  1.95
45.79  1.94
45.8  1.88
45.81  1.87
45.82  1.9
45.83  1.96
45.84  1.85
45.85  1.94
45.86  1.89
45.87  1.91
45.88  1.97
45.89  1.87
45.9  1.91
45.91  1.89
45.92  1.99
45.93  1.86
45.94  1.91
45.95  1.86
45.96  1.91
45.97  1.97
45.98  1.91
45.99  1.9
46  1.9
46.01  1.92
46.02  1.89
46.03  1.94
46.04  1.94
46.05  1.96
46.06  1.85
46.07  1.92
46.08  1.91
46.09  1.91
46.1  1.9
46.11  1.94
46.12  1.93
46.13  1.83
46.14  1.97
46.15  1.95
46.16  1.93
46.17  1.89
46.18  1.96
46.19  1.88
46.2  1.88
46.21  1.95
46.22  1.85
46.23  1.99
46.24  1.94
46.25  2
46.26  1.84
46.27  1.92
46.28  1.87
46.29  1.92
46.3  1.95
46.31  1.9
46.32  1.98
46.33  1.92
46.34  1.93
46.35  1.89
46.36  1.96
46.37  1.92
46.38  1.94
46.39  1.88
46.4  1.93
46.41  1.93
46.42  1.9
46.43  1.95
46.44  1.83
46.45  1.96
46.46  1.96
46.47  1.86
46.48  1.94
46.49  1.87
46.5  1.94
46.51  1.94
46.52  1.91
46.53  1.92
46.54  1.95
46.55  1.93
46.56  1.9
46.57  1.87
46.58  1.87
46.59  1.97
46.6  1.91
46.61  1.85
46.62  2.01
46.63  1.84
46.64  1.92
46.65  1.88
46.66  1.96
46.67  1.94
46.68  1.93
46.69  1.9
46.7  1.87
46.71  1.93
46.72  1.85
46.73  1.97
46.74  1.96
46.75  1.82
46.76  1.88
46.77  1.92
46.78  1.93
46.79  1.89
46.8  1.89
46.81  1.88
46.82  1.95
46.83  1.98
46.84  1.93
46.85  1.94
46.86  1.8
46.87  1.99
46.88  1.9
46.89  1.92
46.9  1.92
46.91  1.9
46.92  1.93
46.93  2.03
46.94  1.85
46.95  1.94
46.96  1.91
46.97  1.88
46.98  1.88
46.99  1.94
47  1.9
47.01  1.95
47.02  1.92
47.03  1.93
47.04  1.89
47.05  1.94
47.06  1.86
47.07  1.92
47.08  1.94
47.09  1.93
47.1  1.98
47.11  1.87
47.12  1.95
47.13  1.83
47.14  1.98
47.15  1.87
47.16  2.03
47.17  1.84
47.18  2.01
47.19  1.91
47.2  1.83
47.21  1.97
47.22  1.84
47.23  1.97
47.24  1.92
47.25  1.95
47.26  1.93
47.27  1.88
47.28  1.96
47.29  1.82
47.3  1.99
47.31  1.95
47.32  1.87
47.33  1.92
47.34  1.91
47.35  1.86
47.36  1.94
47.37  1.81
47.38  2.01
47.39  1.87
47.4  1.89
47.41  2.02
47.42  1.81
47.43  1.94
47.44  1.91
47.45  1.89
47.46  1.94
47.47  1.95
47.48  1.93
47.49  1.91
47.5  1.93
47.51  1.85
47.52  1.92
47.53  1.95
47.54  1.94
47.55  1.94
47.56  1.93
47.57  1.88
47.58  1.88
47.59  1.91
47.6  1.92
47.61  1.9
47.62  1.88
47.63  1.99
47.64  1.94
47.65  1.89
47.66  1.93
47.67  1.87
47.68  1.94
47.69  1.92
47.7  2.03
47.71  1.87
47.72  1.91
47.73  1.93
47.74  1.92
47.75  1.91
47.76  1.9
47.77  1.83
47.78  1.99
47.79  1.88
47.8  1.92
47.81  2.04
47.82  1.94
47.83  1.85
47.84  1.94
47.85  1.9
47.86  1.91
47.87  2.01
47.88  1.9
47.89  1.93
47.9  1.95
47.91  1.88
47.92  1.82
47.93  1.89
47.94  1.99
47.95  1.91
47.96  1.91
47.97  1.93
47.98  1.88
47.99  1.95
48  1.91
48.01  1.91
48.02  1.92
48.03  1.98
48.04  1.87
48.05  1.94
48.06  1.88
48.07  1.83
48.08  1.98
48.09  1.93
48.1  1.83
48.11  1.96
48.12  1.87
48.13  1.92
48.14  1.94
48.15  1.93
48.16  1.96
48.17  1.93
48.18  1.85
48.19  1.87
48.2  1.93
48.21  1.93
48.22  1.87
48.23  1.96
48.24  2
48.25  1.84
48.26  1.95
48.27  1.88
48.28  1.89
48.29  1.88
48.3  1.91
48.31  1.86
48.32  1.93
48.33  1.91
48.34  1.96
48.35  1.94
48.36  1.9
48.37  1.84
48.38  2.02
48.39  1.83
48.4  1.95
48.41  1.89
48.42  1.92
48.43  1.99
48.44  1.86
48.45  1.92
48.46  1.95
48.47  1.99
48.48  1.86
48.49  1.97
48.5  1.85
48.51  1.93
48.52  1.89
48.53  1.99
48.54  1.91
48.55  1.89
48.56  1.95
48.57  1.89
48.58  1.86
48.59  2.01
48.6  1.92
48.61  1.9
48.62  1.92
48.63  1.87
48.64  1.96
48.65  1.92
48.66  1.92
48.67  1.9
48.68  1.95
48.69  1.84
48.7  1.99
48.71  1.89
48.72  1.89
48.73  1.96
48.74  1.96
48.75  1.91
48.76  1.82
48.77  2.02
48.78  1.9
48.79  1.83
48.8  1.94
48.81  1.93
48.82  1.88
48.83  1.97
48.84  1.83
48.85  1.98
48.86  1.9
48.87  1.86
48.88  2.01
48.89  1.86
48.9  1.92
48.91  1.85
48.92  2.02
48.93  1.9
48.94  1.89
48.95  1.89
48.96  1.96
48.97  1.88
48.98  1.94
48.99  1.94
49  1.88
49.01  1.95
49.02  1.86
49.03  2
49.04  1.89
49.05  1.83
49.06  1.92
49.07  1.92
49.08  1.87
49.09  1.96
49.1  1.93
49.11  1.9
49.12  1.97
49.13  1.85
49.14  1.96
49.15  1.9
49.16  1.9
49.17  1.96
49.18  1.98
49.19  1.83
49.2  2.01
49.21  1.93
49.22  1.87
49.23  1.9
49.24  1.94
49.25  1.97
49.26  1.89
49.27  1.93
49.28  1.85
49.29  1.93
49.3  1.94
49.31  1.9
49.32  2
49.33  1.83
49.34  1.96
49.35  1.88
49.36  1.81
49.37  2.05
49.38  1.9
49.39  1.98
49.4  1.87
49.41  1.99
49.42  1.81
49.43  1.98
49.44  1.83
49.45  1.9
49.46  1.98
49.47  1.93
49.48  1.88
49.49  1.9
49.5  1.91
49.51  1.91
49.52  2
49.53  1.9
49.54  1.95
49.55  1.89
49.56  2
49.57  1.9
49.58  1.92
49.59  1.84
49.6  1.87
49.61  1.91
49.62  1.92
49.63  1.93
49.64  1.91
49.65  1.88
49.66  1.85
49.67  1.97
49.68  1.98
49.69  1.91
49.7  1.88
49.71  1.88
49.72  1.92
49.73  1.86
49.74  1.98
49.75  1.92
49.76  1.89
49.77  1.91
49.78  1.9
49.79  1.92
49.8  1.9
49.81  1.97
49.82  1.91
49.83  1.99
49.84  1.87
49.85  1.92
49.86  1.93
49.87  1.92
49.88  1.93
49.89  1.96
49.9  1.82
49.91  1.96
49.92  1.91
49.93  1.9
49.94  1.93
49.95  1.84
49.96  2
49.97  1.92
49.98  1.85
49.99  1.87
50  1.96
50.01  1.95
50.02  1.97
50.03  1.8
50.04  1.98
50.05  1.85
50.06  2.02
50.07  1.86
50.08  1.91
50.09  1.94
50.1  1.97
50.11  1.91
50.12  1.97
50.13  1.89
50.14  1.85
50.15  1.89
50.16  2.02
50.17  1.87
50.18  1.95
50.19  1.88
50.2  1.94
50.21  1.9
50.22  1.96
50.23  1.87
50.24  1.92
50.25  1.98
50.26  1.83
50.27  1.92
50.28  1.9
50.29  1.98
50.3  1.94
50.31  1.92
50.32  1.84
50.33  1.93
50.34  1.94
50.35  1.88
50.36  1.95
50.37  1.9
50.38  1.92
50.39  1.87
50.4  1.9
50.41  1.96
50.42  2
50.43  1.91
50.44  1.85
50.45  1.95
50.46  1.96
50.47  1.87
50.48  1.96
50.49  1.87
50.5  1.88
50.51  1.94
50.52  1.96
50.53  1.85
50.54  2
50.55  1.95
50.56  1.86
50.57  1.89
50.58  1.91
50.59  1.87
50.6  2.07
50.61  1.87
50.62  1.88
50.63  1.9
50.64  1.94
50.65  1.93
50.66  1.96
50.67  1.91
50.68  1.86
50.69  1.96
50.7  1.88
50.71  1.92
50.72  1.87
50.73  1.95
50.74  1.91
50.75  1.84
50.76  1.93
50.77  2.01
50.78  1.93
50.79  1.85
50.8  1.93
50.81  1.85
50.82  1.92
50.83  1.98
50.84  1.82
50.85  2
50.86  1.96
50.87  1.93
50.88  1.87
50.89  1.88
50.9  1.91
50.91  1.94
50.92  1.88
50.93  1.95
50.94  1.88
50.95  1.99
50.96  1.88
50.97  1.83
50.98  1.93
50.99  1.92
51  1.92
51.01  1.91
51.02  1.9
51.03  1.93
51.04  1.89
51.05  1.96
51.06  1.97
51.07  1.86
51.08  1.95
51.09  1.94
51.1  1.84
51.11  1.93
51.12  1.95
51.13  1.86
51.14  1.95
51.15  1.93
51.16  1.85
51.17  1.88
51.18  1.94
51.19  1.93
51.2  1.98
51.21  1.88
51.22  1.91
51.23  1.91
51.24  1.98
51.25  1.89
51.26  1.9
51.27  1.92
51.28  1.89
51.29  1.92
51.3  2.02
51.31  1.87
51.32  1.88
51.33  1.97
51.34  1.88
51.35  1.92
51.36  1.86
51.37  1.87
51.38  1.89
51.39  2
51.4  1.96
51.41  1.91
51.42  1.9
51.43  1.92
51.44  1.92
51.45  1.91
51.46  1.86
51.47  1.89
51.48  1.94
51.49  1.9
51.5  1.99
51.51  1.95
51.52  1.86
51.53  1.99
51.54  1.9
51.55  1.89
51.56  1.86
51.57  1.97
51.58  1.95
51.59  1.86
51.6  1.98
51.61  1.85
51.62  1.98
51.63  1.83
51.64  1.99
51.65  1.92
51.66  1.89
51.67  1.89
51.68  1.95
51.69  1.93
51.7  1.96
51.71  1.88
51.72  1.86
51.73  1.92
51.74  1.96
51.75  1.92
51.76  1.91
51.77  1.91
51.78  1.94
51.79  1.87
51.8  1.9
51.81  1.91
51.82  1.92
51.83  1.95
51.84  1.91
51.85  1.85
51.86  2.07
51.87  1.89
51.88  1.9
51.89  1.91
51.9  1.92
51.91  1.98
51.92  1.84
51.93  1.99
51.94  1.9
51.95  1.95
51.96  1.95
51.97  1.92
51.98  1.82
51.99  1.92
52  1.88
52.01  2.01
52.02  1.88
52.03  1.95
52.04  1.91
52.05  1.88
52.06  1.91
52.07  1.96
52.08  1.87
52.09  1.89
52.1  1.94
52.11  1.92
52.12  1.94
52.13  1.88
52.14  1.93
52.15  1.88
52.16  1.91
52.17  1.88
52.18  1.97
52.19  1.9
52.2  1.91
52.21  1.96
52.22  1.95
52.23  1.84
52.24  1.96
52.25  1.97
52.26  1.87
52.27  1.87
52.28  1.87
52.29  2
52.3  1.91
52.31  1.96
52.32  1.83
52.33  1.93
52.34  1.88
52.35  1.94
52.36  1.88
52.37  1.94
52.38  1.94
52.39  1.87
52.4  1.88
52.41  1.93
52.42  1.9
52.43  1.91
52.44  1.94
52.45  1.89
52.46  1.92
52.47  1.91
52.48  1.91
52.49  1.91
52.5  2.09
52.51  1.82
52.52  1.89
52.53  1.95
52.54  1.95
52.55  1.91
52.56  1.94
52.57  1.82
52.58  1.98
52.59  1.88
52.6  1.92
52.61  1.9
52.62  1.91
52.63  1.85
52.64  2.02
52.65  1.93
52.66  1.91
52.67  1.89
52.68  1.9
52.69  1.9
52.7  1.88
52.71  2
52.72  1.88
52.73  1.95
52.74  1.92
52.75  1.97
52.76  1.8
52.77  1.91
52.78  2
52.79  1.9
52.8  1.84
52.81  1.9
52.82  1.92
52.83  1.96
52.84  1.94
52.85  1.94
52.86  1.97
52.87  1.92
52.88  1.86
52.89  1.94
52.9  1.86
52.91  1.91
52.92  1.94
52.93  1.95
52.94  1.9
52.95  1.95
52.96  1.87
52.97  1.96
52.98  1.89
52.99  1.91
53  1.87
53.01  1.95
53.02  1.89
53.03  1.95
53.04  1.94
53.05  1.97
53.06  1.83
53.07  1.95
53.08  1.89
53.09  1.97
53.1  1.9
53.11  1.93
53.12  1.85
53.13  1.93
53.14  1.89
53.15  1.93
53.16  1.95
53.17  1.91
53.18  1.93
53.19  1.83
53.2  1.95
53.21  1.94
53.22  1.95
53.23  1.9
53.24  1.96
53.25  1.87
53.26  2.02
53.27  1.89
53.28  1.91
53.29  1.9
53.3  1.94
53.31  1.88
53.32  1.91
53.33  1.93
53.34  1.94
53.35  1.87
53.36  1.84
53.37  1.95
53.38  1.95
53.39  1.96
53.4  1.9
53.41  1.81
53.42  1.97
53.43  1.92
53.44  1.85
53.45  2
53.46  1.95
53.47  1.93
53.48  1.85
53.49  1.91
53.5  1.93
53.51  1.95
53.52  1.85
53.53  1.89
53.54  2.02
53.55  1.81
53.56  2.02
53.57  1.9
53.58  1.9
53.59  1.86
53.6  1.93
53.61  1.89
53.62  1.92
53.63  1.95
53.64  1.87
53.65  1.94
53.66  1.94
53.67  1.86
53.68  2
53.69  1.92
53.7  1.94
53.71  1.87
53.72  1.88
53.73  1.89
53.74  1.94
53.75  1.95
53.76  1.86
53.77  1.94
53.78  1.95
53.79  1.93
53.8  1.88
53.81  1.85
53.82  1.93
53.83  1.91
53.84  2.02
53.85  1.96
53.86  1.89
53.87  1.86
53.88  1.88
53.89  1.96
53.9  1.93
53.91  1.91
53.92  1.95
53.93  1.92
53.94  1.94
53.95  1.91
53.96  1.88
53.97  1.9
53.98  1.88
53.99  1.93
54  1.96
54.01  1.89
54.02  1.89
54.03  1.93
54.04  1.93
54.05  1.92
54.06  1.89
54.07  1.91
54.08  1.94
54.09  1.98
54.1  1.86
54.11  1.85
54.12  1.93
54.13  1.96
54.14  1.88
54.15  1.99
54.16  1.86
54.17  1.93
54.18  1.93
54.19  1.92
54.2  1.93
54.21  1.93
54.22  1.85
54.23  1.91
54.24  1.92
54.25  1.93
54.26  1.96
54.27  1.87
54.28  1.97
54.29  1.95
54.3  1.86
54.31  1.89
54.32  1.9
54.33  1.92
54.34  1.93
54.35  1.91
54.36  1.85
54.37  1.99
54.38  1.93
54.39  1.87
54.4  1.96
54.41  1.91
54.42  1.99
54.43  1.91
54.44  1.93
54.45  1.88
54.46  1.9
54.47  1.97
54.48  1.82
54.49  1.97
54.5  1.92
54.51  1.86
54.52  1.92
54.53  1.96
54.54  1.92
54.55  1.96
54.56  1.89
54.57  1.92
54.58  1.92
54.59  1.85
54.6  1.94
54.61  2
54.62  1.9
54.63  1.93
54.64  1.92
54.65  1.91
54.66  1.95
54.67  1.85
54.68  1.96
54.69  1.93
54.7  1.87
54.71  1.88
54.72  1.96
54.73  1.89
54.74  1.92
54.75  1.87
54.76  1.98
54.77  1.88
54.78  1.9
54.79  1.92
54.8  1.93
54.81  1.87
54.82  1.96
54.83  1.94
54.84  1.9
54.85  1.95
54.86  1.85
54.87  1.92
54.88  2
54.89  1.83
54.9  1.94
54.91  1.92
54.92  1.84
54.93  1.95
54.94  1.92
54.95  1.96
54.96  1.9
54.97  1.96
54.98  1.84
54.99  1.88
55  1.9
55.01  1.89
55.02  1.95
55.03  1.89
55.04  1.98
55.05  1.89
55.06  1.91
55.07  1.86
55.08  1.93
55.09  1.89
55.1  1.95
55.11  1.89
55.12  1.96
55.13  1.86
55.14  1.97
55.15  1.87
55.16  1.9
55.17  1.9
55.18  2.07
55.19  1.79
55.2  1.9
55.21  1.99
55.22  1.8
55.23  2.06
55.24  1.91
55.25  1.91
55.26  1.87
55.27  1.94
55.28  1.91
55.29  1.96
55.3  1.85
55.31  1.93
55.32  1.89
55.33  1.92
55.34  1.92
55.35  1.9
55.36  1.97
55.37  1.87
55.38  1.94
55.39  1.97
55.4  1.92
55.41  1.91
55.42  1.82
55.43  1.97
55.44  1.91
55.45  1.98
55.46  1.87
55.47  1.91
55.48  1.95
55.49  1.93
55.5  1.9
55.51  1.91
55.52  1.93
55.53  1.89
55.54  2
55.55  1.85
55.56  1.92
55.57  1.97
55.58  1.92
55.59  1.83
55.6  2.01
55.61  1.87
55.62  1.88
55.63  1.96
55.64  1.94
55.65  1.89
55.66  1.85
55.67  1.95
55.68  1.98
55.69  1.87
55.7  1.91
55.71  1.91
55.72  2.01
55.73  1.88
55.74  1.9
55.75  1.92
55.76  1.9
55.77  1.95
55.78  1.91
55.79  1.89
55.8  1.88
55.81  1.9
55.82  1.96
55.83  1.88
55.84  1.95
55.85  1.9
55.86  1.93
55.87  1.91
55.88  1.95
55.89  1.87
55.9  1.89
55.91  1.91
55.92  2
55.93  1.88
55.94  1.91
55.95  1.92
55.96  1.89
55.97  1.93
55.98  1.92
55.99  2.01
56  1.92
56.01  1.83
56.02  1.94
56.03  1.94
56.04  1.83
56.05  1.97
56.06  1.9
56.07  1.94
56.08  1.92
56.09  1.93
56.1  1.96
56.11  1.84
56.12  1.95
56.13  1.86
56.14  1.93
56.15  1.96
56.16  1.92
56.17  1.84
56.18  1.96
56.19  1.9
56.2  1.86
56.21  2
56.22  1.89
56.23  1.89
56.24  1.87
56.25  1.96
56.26  1.99
56.27  1.92
56.28  1.88
56.29  1.96
56.3  1.91
56.31  1.92
56.32  1.93
56.33  1.86
56.34  1.96
56.35  1.88
56.36  1.97
56.37  1.92
56.38  1.93
56.39  1.8
56.4  1.96
56.41  1.92
56.42  1.85
56.43  1.93
56.44  1.93
56.45  1.93
56.46  1.89
56.47  1.9
56.48  1.96
56.49  1.9
56.5  1.93
56.51  1.87
56.52  1.94
56.53  1.86
56.54  1.94
56.55  1.94
56.56  1.9
56.57  1.94
56.58  1.89
56.59  1.87
56.6  1.94
56.61  1.92
56.62  1.99
56.63  1.79
56.64  1.93
56.65  1.93
56.66  1.95
56.67  2.02
56.68  1.87
56.69  1.98
56.7  1.92
56.71  1.86
56.72  1.89
56.73  1.92
56.74  1.88
56.75  1.96
56.76  1.9
56.77  1.97
56.78  1.78
56.79  2
56.8  1.89
56.81  1.9
56.82  2
56.83  1.89
56.84  1.93
56.85  1.98
56.86  1.86
56.87  1.92
56.88  1.95
56.89  1.87
56.9  1.9
56.91  1.94
56.92  1.9
56.93  1.96
56.94  1.94
56.95  1.92
56.96  1.92
56.97  1.92
56.98  1.96
56.99  1.98
57  1.93
57.01  1.87
57.02  1.89
57.03  1.87
57.04  1.98
57.05  1.92
57.06  1.91
57.07  1.93
57.08  1.95
57.09  1.92
57.1  1.89
57.11  1.85
57.12  2
57.13  1.89
57.14  1.87
57.15  1.85
57.16  1.94
57.17  1.86
57.18  1.95
57.19  1.97
57.2  1.82
57.21  1.94
57.22  1.93
57.23  1.9
57.24  2.01
57.25  1.86
57.26  1.93
57.27  1.93
57.28  1.9
57.29  1.83
57.3  1.98
57.31  1.9
57.32  1.96
57.33  1.9
57.34  1.95
57.35  1.87
57.36  1.95
57.37  1.87
57.38  1.88
57.39  1.89
57.4  1.89
57.41  1.94
57.42  1.91
57.43  1.87
57.44  1.9
57.45  1.92
57.46  1.93
57.47  1.92
57.48  1.93
57.49  1.85
57.5  1.96
57.51  1.88
57.52  1.96
57.53  1.86
57.54  1.97
57.55  1.96
57.56  1.88
57.57  1.86
57.58  1.97
57.59  1.91
57.6  1.87
57.61  2
57.62  1.92
57.63  1.89
57.64  1.9
57.65  1.9
57.66  1.94
57.67  1.93
57.68  1.96
57.69  1.94
57.7  1.98
57.71  1.81
57.72  1.94
57.73  1.92
57.74  1.9
57.75  1.9
57.76  1.94
57.77  1.93
57.78  1.9
57.79  1.93
57.8  1.89
57.81  1.86
57.82  2.04
57.83  1.91
57.84  1.87
57.85  1.95
57.86  1.93
57.87  1.99
57.88  1.87
57.89  1.91
57.9  1.89
57.91  1.92
57.92  1.95
57.93  1.91
57.94  1.86
57.95  1.91
57.96  1.95
57.97  1.89
57.98  1.92
57.99  1.92
58  1.99
58.01  1.87
58.02  1.94
58.03  1.92
58.04  1.87
58.05  1.96
58.06  1.89
58.07  1.97
58.08  1.91
58.09  1.92
58.1  1.85
58.11  1.94
58.12  1.88
58.13  1.97
58.14  1.9
58.15  1.88
58.16  1.89
58.17  1.95
58.18  1.92
58.19  1.95
58.2  1.86
58.21  1.94
58.22  1.91
58.23  1.94
58.24  1.91
58.25  1.88
58.26  1.86
58.27  1.97
58.28  1.93
58.29  1.91
58.3  1.96
58.31  1.96
58.32  1.83
58.33  1.96
58.34  1.9
58.35  1.89
58.36  1.94
58.37  1.87
58.38  1.96
58.39  1.92
58.4  1.91
58.41  1.9
58.42  1.96
58.43  1.92
58.44  1.91
58.45  1.97
58.46  1.9
58.47  1.91
58.48  1.92
58.49  1.85
58.5  1.88
58.51  2.02
58.52  1.94
58.53  1.88
58.54  1.92
58.55  1.92
58.56  1.86
58.57  1.95
58.58  1.86
58.59  1.89
58.6  1.92
58.61  1.91
58.62  1.96
58.63  1.94
58.64  1.9
58.65  1.92
58.66  1.96
58.67  1.86
58.68  1.96
58.69  1.94
58.7  1.82
58.71  2.02
58.72  1.9
58.73  1.91
58.74  1.91
58.75  1.94
58.76  1.89
58.77  1.83
58.78  1.92
58.79  1.99
58.8  1.85
58.81  1.96
58.82  1.96
58.83  1.85
58.84  1.94
58.85  1.88
58.86  1.87
58.87  1.93
58.88  1.86
58.89  1.94
58.9  2
58.91  1.83
58.92  2.02
58.93  1.86
58.94  1.92
58.95  1.91
58.96  1.88
58.97  1.94
58.98  1.87
58.99  1.97
59  1.89
59.01  1.93
59.02  1.88
59.03  1.95
59.04  1.97
59.05  1.98
59.06  1.83
59.07  1.95
59.08  1.88
59.09  1.86
59.1  1.92
59.11  1.93
59.12  1.93
59.13  1.93
59.14  1.86
59.15  1.9
59.16  1.95
59.17  1.87
59.18  1.96
59.19  1.91
59.2  1.93
59.21  1.9
59.22  1.89
59.23  2
59.24  1.87
59.25  1.91
59.26  1.9
59.27  1.97
59.28  1.98
59.29  1.88
59.3  1.87
59.31  1.9
59.32  2.02
59.33  1.94
59.34  1.84
59.35  1.9
59.36  1.96
59.37  1.9
59.38  1.9
59.39  1.98
59.4  1.9
59.41  1.92
59.42  1.87
59.43  1.98
59.44  1.94
59.45  1.94
59.46  1.87
59.47  1.91
59.48  1.9
59.49  1.88
59.5  1.93
59.51  1.93
59.52  1.94
59.53  1.94
59.54  1.91
59.55  1.96
59.56  1.87
59.57  1.86
59.58  1.88
59.59  2.03
59.6  1.9
59.61  1.88
59.62  2.01
59.63  1.87
59.64  1.84
59.65  1.94
59.66  1.92
59.67  1.91
59.68  1.94
59.69  1.92
59.7  1.94
59.71  1.89
59.72  1.99
59.73  1.9
59.74  1.88
59.75  1.89
59.76  1.96
59.77  1.89
59.78  1.93
59.79  1.83
59.8  1.96
59.81  1.85
59.82  1.94
59.83  1.89
59.84  1.99
59.85  1.88
59.86  1.92
59.87  1.94
59.88  1.99
59.89  1.82
59.9  1.89
59.91  1.88
59.92  1.97
59.93  1.89
59.94  1.95
59.95  1.9
59.96  1.84
59.97  1.97
59.98  1.94
59.99  1.92
