-15  0
-14.99  0
-14.98  0.01
-14.97  0
-14.96  0.01
-14.95  0.02
-14.94  0.01
-14.93  0.01
-14.92  0.03
-14.91  0.02
-14.9  0.02
-14.89  0.02
-14.88  0.03
-14.87  0.03
-14.86  0.04
-14.85  0.03
-14.84  0.02
-14.83  0.04
-14.82  0.03
-14.81  0.04
-14.8  0.05
-14.79  0.04
-14.78  0.05
-14.77  0.03
-14.76  0.05
-14.75  0.06
-14.74  0.04
-14.73  0.04
-14.72  0.07
-14.71  0.04
-14.7  0.05
-14.69  0.07
-14.68  0.05
-14.67  0.05
-14.66  0.06
-14.65  0.05
-14.64  0.06
-14.63  0.08
-14.62  0.05
-14.61  0.07
-14.6  0.06
-14.59  0.06
-14.58  0.06
-14.57  0.09
-14.56  0.07
-14.55  0.07
-14.54  0.05
-14.53  0.08
-14.52  0.08
-14.51  0.07
-14.5  0.07
-14.49  0.08
-14.48  0.08
-14.47  0.08
-14.46  0.08
-14.45  0.07
-14.44  0.09
-14.43  0.07
-14.42  0.07
-14.41  0.1
-14.4  0.08
-14.39  0.08
-14.38  0.1
-14.37  0.08
-14.36  0.08
-14.35  0.09
-14.34  0.09
-14.33  0.09
-14.32  0.09
-14.31  0.09
-14.3  0.08
-14.29  0.1
-14.28  0.09
-14.27  0.11
-14.26  0.08
-14.25  0.11
-14.24  0.09
-14.23  0.09
-14.22  0.09
-14.21  0.1
-14.2  0.09
-14.19  0.1
-14.18  0.11
-14.17  0.11
-14.16  0.12
-14.15  0.08
-14.14  0.09
-14.13  0.11
-14.12  0.09
-14.11  0.12
-14.1  0.09
-14.09  0.12
-14.08  0.11
-14.07  0.1
-14.06  0.12
-14.05  0.12
-14.04  0.09
-14.03  0.09
-14.02  0.13
-14.01  0.1
-14  0.12
-13.99  0.09
-13.98  0.13
-13.97  0.12
-13.96  0.1
-13.95  0.1
-13.94  0.13
-13.93  0.11
-13.92  0.12
-13.91  0.1
-13.9  0.11
-13.89  0.14
-13.88  0.12
-13.87  0.1
-13.86  0.1
-13.85  0.13
-13.84  0.11
-13.83  0.15
-13.82  0.09
-13.81  0.13
-13.8  0.12
-13.79  0.13
-13.78  0.11
-13.77  0.12
-13.76  0.12
-13.75  0.11
-13.74  0.14
-13.73  0.11
-13.72  0.12
-13.71  0.13
-13.7  0.12
-13.69  0.14
-13.68  0.12
-13.67  0.13
-13.66  0.12
-13.65  0.15
-13.64  0.09
-13.63  0.12
-13.62  0.12
-13.61  0.13
-13.6  0.14
-13.59  0.14
-13.58  0.12
-13.57  0.12
-13.56  0.14
-13.55  0.1
-13.54  0.16
-13.53  0.13
-13.52  0.1
-13.51  0.13
-13.5  0.14
-13.49  0.13
-13.48  0.15
-13.47  0.11
-13.46  0.12
-13.45  0.13
-13.44  0.15
-13.43  0.14
-13.42  0.12
-13.41  0.14
-13.4  0.13
-13.39  0.12
-13.38  0.12
-13.37  0.15
-13.36  0.13
-13.35  0.14
-13.34  0.12
-13.33  0.11
-13.32  0.14
-13.31  0.17
-13.3  0.11
-13.29  0.15
-13.28  0.14
-13.27  0.13
-13.26  0.12
-13.25  0.13
-13.24  0.14
-13.23  0.14
-13.22  0.12
-13.21  0.15
-13.2  0.13
-13.19  0.13
-13.18  0.14
-13.17  0.12
-13.16  0.14
-13.15  0.17
-13.14  0.13
-13.13  0.14
-13.12  0.13
-13.11  0.14
-13.1  0.13
-13.09  0.12
-13.08  0.14
-13.07  0.14
-13.06  0.15
-13.05  0.12
-13.04  0.14
-13.03  0.13
-13.02  0.17
-13.01  0.13
-13  0.13
-12.99  0.14
-12.98  0.11
-12.97  0.18
-12.96  0.14
-12.95  0.12
-12.94  0.15
-12.93  0.12
-12.92  0.15
-12.91  0.13
-12.9  0.13
-12.89  0.15
-12.88  0.14
-12.87  0.16
-12.86  0.13
-12.85  0.15
-12.84  0.13
-12.83  0.11
-12.82  0.16
-12.81  0.14
-12.8  0.14
-12.79  0.16
-12.78  0.11
-12.77  0.13
-12.76  0.15
-12.75  0.12
-12.74  0.16
-12.73  0.14
-12.72  0.15
-12.71  0.17
-12.7  0.1
-12.69  0.15
-12.68  0.16
-12.67  0.11
-12.66  0.14
-12.65  0.14
-12.64  0.13
-12.63  0.13
-12.62  0.15
-12.61  0.15
-12.6  0.16
-12.59  0.13
-12.58  0.13
-12.57  0.15
-12.56  0.17
-12.55  0.14
-12.54  0.11
-12.53  0.16
-12.52  0.11
-12.51  0.14
-12.5  0.15
-12.49  0.15
-12.48  0.15
-12.47  0.13
-12.46  0.13
-12.45  0.15
-12.44  0.14
-12.43  0.15
-12.42  0.14
-12.41  0.15
-12.4  0.13
-12.39  0.13
-12.38  0.16
-12.37  0.15
-12.36  0.12
-12.35  0.13
-12.34  0.13
-12.33  0.2
-12.32  0.11
-12.31  0.15
-12.3  0.13
-12.29  0.13
-12.28  0.14
-12.27  0.15
-12.26  0.15
-12.25  0.15
-12.24  0.13
-12.23  0.15
-12.22  0.16
-12.21  0.12
-12.2  0.14
-12.19  0.15
-12.18  0.14
-12.17  0.15
-12.16  0.15
-12.15  0.13
-12.14  0.14
-12.13  0.11
-12.12  0.16
-12.11  0.17
-12.1  0.13
-12.09  0.11
-12.08  0.14
-12.07  0.18
-12.06  0.13
-12.05  0.17
-12.04  0.15
-12.03  0.12
-12.02  0.13
-12.01  0.13
-12  0.14
-11.99  0.14
-11.98  0.13
-11.97  0.16
-11.96  0.14
-11.95  0.12
-11.94  0.18
-11.93  0.13
-11.92  0.18
-11.91  0.13
-11.9  0.12
-11.89  0.13
-11.88  0.15
-11.87  0.15
-11.86  0.15
-11.85  0.13
-11.84  0.13
-11.83  0.14
-11.82  0.14
-11.81  0.15
-11.8  0.15
-11.79  0.13
-11.78  0.15
-11.77  0.14
-11.76  0.15
-11.75  0.16
-11.74  0.13
-11.73  0.15
-11.72  0.12
-11.71  0.13
-11.7  0.16
-11.69  0.16
-11.68  0.13
-11.67  0.13
-11.66  0.12
-11.65  0.17
-11.64  0.16
-11.63  0.12
-11.62  0.14
-11.61  0.14
-11.6  0.15
-11.59  0.15
-11.58  0.11
-11.57  0.15
-11.56  0.15
-11.55  0.15
-11.54  0.15
-11.53  0.16
-11.52  0.13
-11.51  0.14
-11.5  0.12
-11.49  0.14
-11.48  0.14
-11.47  0.13
-11.46  0.17
-11.45  0.14
-11.44  0.15
-11.43  0.14
-11.42  0.16
-11.41  0.12
-11.4  0.14
-11.39  0.14
-11.38  0.17
-11.37  0.11
-11.36  0.17
-11.35  0.14
-11.34  0.15
-11.33  0.11
-11.32  0.13
-11.31  0.15
-11.3  0.14
-11.29  0.15
-11.28  0.17
-11.27  0.12
-11.26  0.14
-11.25  0.15
-11.24  0.11
-11.23  0.16
-11.22  0.17
-11.21  0.13
-11.2  0.17
-11.19  0.14
-11.18  0.14
-11.17  0.12
-11.16  0.13
-11.15  0.16
-11.14  0.13
-11.13  0.14
-11.12  0.15
-11.11  0.13
-11.1  0.15
-11.09  0.12
-11.08  0.15
-11.07  0.17
-11.06  0.17
-11.05  0.11
-11.04  0.12
-11.03  0.14
-11.02  0.16
-11.01  0.14
-11  0.14
-10.99  0.14
-10.98  0.12
-10.97  0.17
-10.96  0.16
-10.95  0.14
-10.94  0.13
-10.93  0.13
-10.92  0.17
-10.91  0.12
-10.9  0.13
-10.89  0.15
-10.88  0.14
-10.87  0.13
-10.86  0.14
-10.85  0.16
-10.84  0.16
-10.83  0.15
-10.82  0.14
-10.81  0.14
-10.8  0.12
-10.79  0.16
-10.78  0.14
-10.77  0.15
-10.76  0.12
-10.75  0.14
-10.74  0.14
-10.73  0.16
-10.72  0.11
-10.71  0.16
-10.7  0.12
-10.69  0.16
-10.68  0.12
-10.67  0.15
-10.66  0.17
-10.65  0.14
-10.64  0.16
-10.63  0.13
-10.62  0.14
-10.61  0.13
-10.6  0.15
-10.59  0.12
-10.58  0.17
-10.57  0.12
-10.56  0.19
-10.55  0.12
-10.54  0.15
-10.53  0.13
-10.52  0.1
-10.51  0.12
-10.5  0.2
-10.49  0.16
-10.48  0.14
-10.47  0.13
-10.46  0.16
-10.45  0.15
-10.44  0.12
-10.43  0.14
-10.42  0.15
-10.41  0.12
-10.4  0.15
-10.39  0.13
-10.38  0.14
-10.37  0.18
-10.36  0.14
-10.35  0.11
-10.34  0.16
-10.33  0.14
-10.32  0.13
-10.31  0.15
-10.3  0.14
-10.29  0.14
-10.28  0.14
-10.27  0.16
-10.26  0.17
-10.25  0.13
-10.24  0.13
-10.23  0.15
-10.22  0.12
-10.21  0.15
-10.2  0.13
-10.19  0.13
-10.18  0.18
-10.17  0.14
-10.16  0.11
-10.15  0.16
-10.14  0.12
-10.13  0.17
-10.12  0.12
-10.11  0.16
-10.1  0.14
-10.09  0.15
-10.08  0.12
-10.07  0.16
-10.06  0.14
-10.05  0.15
-10.04  0.12
-10.03  0.15
-10.02  0.16
-10.01  0.14
-10  0.14
-9.99  0.17
-9.98  0.12
-9.97  0.13
-9.96  0.13
-9.95  0.14
-9.94  0.14
-9.93  0.12
-9.92  0.15
-9.91  0.14
-9.9  0.17
-9.89  0.16
-9.88  0.13
-9.87  0.15
-9.86  0.16
-9.85  0.14
-9.84  0.12
-9.83  0.16
-9.82  0.11
-9.81  0.17
-9.8  0.13
-9.79  0.14
-9.78  0.11
-9.77  0.14
-9.76  0.16
-9.75  0.14
-9.74  0.15
-9.73  0.14
-9.72  0.11
-9.71  0.2
-9.7  0.13
-9.69  0.17
-9.68  0.13
-9.67  0.12
-9.66  0.16
-9.65  0.13
-9.64  0.14
-9.63  0.12
-9.62  0.14
-9.61  0.17
-9.6  0.16
-9.59  0.14
-9.58  0.12
-9.57  0.14
-9.56  0.13
-9.55  0.16
-9.54  0.14
-9.53  0.12
-9.52  0.16
-9.51  0.15
-9.5  0.13
-9.49  0.13
-9.48  0.16
-9.47  0.13
-9.46  0.17
-9.45  0.13
-9.44  0.14
-9.43  0.15
-9.42  0.15
-9.41  0.13
-9.4  0.14
-9.39  0.16
-9.38  0.11
-9.37  0.15
-9.36  0.14
-9.35  0.17
-9.34  0.12
-9.33  0.13
-9.32  0.17
-9.31  0.16
-9.3  0.11
-9.29  0.16
-9.28  0.11
-9.27  0.12
-9.26  0.19
-9.25  0.15
-9.24  0.13
-9.23  0.15
-9.22  0.16
-9.21  0.13
-9.2  0.16
-9.19  0.12
-9.18  0.15
-9.17  0.12
-9.16  0.12
-9.15  0.16
-9.14  0.11
-9.13  0.17
-9.12  0.15
-9.11  0.13
-9.1  0.13
-9.09  0.18
-9.08  0.12
-9.07  0.15
-9.06  0.14
-9.05  0.15
-9.04  0.16
-9.03  0.12
-9.02  0.17
-9.01  0.16
-9  0.11
-8.99  0.14
-8.98  0.12
-8.97  0.18
-8.96  0.09
-8.95  0.14
-8.94  0.17
-8.93  0.12
-8.92  0.14
-8.91  0.18
-8.9  0.15
-8.89  0.12
-8.88  0.13
-8.87  0.16
-8.86  0.11
-8.85  0.17
-8.84  0.12
-8.83  0.19
-8.82  0.15
-8.81  0.12
-8.8  0.15
-8.79  0.14
-8.78  0.12
-8.77  0.12
-8.76  0.18
-8.75  0.14
-8.74  0.12
-8.73  0.17
-8.72  0.13
-8.71  0.15
-8.7  0.11
-8.69  0.17
-8.68  0.16
-8.67  0.12
-8.66  0.15
-8.65  0.12
-8.64  0.16
-8.63  0.11
-8.62  0.17
-8.61  0.17
-8.6  0.11
-8.59  0.15
-8.58  0.15
-8.57  0.14
-8.56  0.12
-8.55  0.19
-8.54  0.12
-8.53  0.16
-8.52  0.1
-8.51  0.15
-8.5  0.15
-8.49  0.14
-8.48  0.14
-8.47  0.11
-8.46  0.14
-8.45  0.14
-8.44  0.15
-8.43  0.17
-8.42  0.16
-8.41  0.16
-8.4  0.12
-8.39  0.13
-8.38  0.17
-8.37  0.14
-8.36  0.13
-8.35  0.13
-8.34  0.14
-8.33  0.15
-8.32  0.14
-8.31  0.15
-8.3  0.11
-8.29  0.14
-8.28  0.17
-8.27  0.12
-8.26  0.17
-8.25  0.14
-8.24  0.14
-8.23  0.12
-8.22  0.12
-8.21  0.16
-8.2  0.19
-8.19  0.12
-8.18  0.14
-8.17  0.14
-8.16  0.14
-8.15  0.17
-8.14  0.13
-8.13  0.14
-8.12  0.14
-8.11  0.14
-8.1  0.12
-8.09  0.13
-8.08  0.17
-8.07  0.14
-8.06  0.13
-8.05  0.15
-8.04  0.13
-8.03  0.16
-8.02  0.13
-8.01  0.14
-8  0.15
-7.99  0.15
-7.98  0.1
-7.97  0.19
-7.96  0.13
-7.95  0.18
-7.94  0.14
-7.93  0.13
-7.92  0.14
-7.91  0.11
-7.9  0.15
-7.89  0.12
-7.88  0.16
-7.87  0.13
-7.86  0.18
-7.85  0.17
-7.84  0.11
-7.83  0.13
-7.82  0.12
-7.81  0.16
-7.8  0.16
-7.79  0.12
-7.78  0.15
-7.77  0.17
-7.76  0.1
-7.75  0.15
-7.74  0.15
-7.73  0.15
-7.72  0.12
-7.71  0.17
-7.7  0.12
-7.69  0.2
-7.68  0.09
-7.67  0.16
-7.66  0.14
-7.65  0.15
-7.64  0.13
-7.63  0.14
-7.62  0.16
-7.61  0.13
-7.6  0.12
-7.59  0.13
-7.58  0.13
-7.57  0.16
-7.56  0.13
-7.55  0.16
-7.54  0.17
-7.53  0.14
-7.52  0.16
-7.51  0.13
-7.5  0.15
-7.49  0.11
-7.48  0.17
-7.47  0.11
-7.46  0.18
-7.45  0.11
-7.44  0.14
-7.43  0.19
-7.42  0.1
-7.41  0.14
-7.4  0.15
-7.39  0.12
-7.38  0.16
-7.37  0.15
-7.36  0.09
-7.35  0.13
-7.34  0.2
-7.33  0.13
-7.32  0.16
-7.31  0.13
-7.3  0.17
-7.29  0.11
-7.28  0.17
-7.27  0.15
-7.26  0.11
-7.25  0.16
-7.24  0.12
-7.23  0.16
-7.22  0.16
-7.21  0.11
-7.2  0.13
-7.19  0.17
-7.18  0.12
-7.17  0.14
-7.16  0.17
-7.15  0.14
-7.14  0.13
-7.13  0.13
-7.12  0.13
-7.11  0.17
-7.1  0.16
-7.09  0.11
-7.08  0.13
-7.07  0.17
-7.06  0.15
-7.05  0.12
-7.04  0.17
-7.03  0.12
-7.02  0.12
-7.01  0.15
-7  0.15
-6.99  0.2
-6.98  0.1
-6.97  0.14
-6.96  0.14
-6.95  0.16
-6.94  0.14
-6.93  0.09
-6.92  0.18
-6.91  0.12
-6.9  0.12
-6.89  0.16
-6.88  0.18
-6.87  0.13
-6.86  0.16
-6.85  0.11
-6.84  0.16
-6.83  0.15
-6.82  0.14
-6.81  0.16
-6.8  0.13
-6.79  0.13
-6.78  0.13
-6.77  0.14
-6.76  0.17
-6.75  0.14
-6.74  0.12
-6.73  0.13
-6.72  0.17
-6.71  0.12
-6.7  0.14
-6.69  0.17
-6.68  0.14
-6.67  0.13
-6.66  0.15
-6.65  0.15
-6.64  0.13
-6.63  0.1
-6.62  0.18
-6.61  0.14
-6.6  0.16
-6.59  0.12
-6.58  0.19
-6.57  0.13
-6.56  0.13
-6.55  0.14
-6.54  0.16
-6.53  0.15
-6.52  0.14
-6.51  0.11
-6.5  0.16
-6.49  0.13
-6.48  0.11
-6.47  0.14
-6.46  0.13
-6.45  0.17
-6.44  0.12
-6.43  0.18
-6.42  0.1
-6.41  0.19
-6.4  0.14
-6.39  0.16
-6.38  0.13
-6.37  0.13
-6.36  0.17
-6.35  0.11
-6.34  0.13
-6.33  0.2
-6.32  0.12
-6.31  0.15
-6.3  0.11
-6.29  0.16
-6.28  0.14
-6.27  0.12
-6.26  0.12
-6.25  0.18
-6.24  0.13
-6.23  0.13
-6.22  0.14
-6.21  0.14
-6.2  0.14
-6.19  0.18
-6.18  0.12
-6.17  0.16
-6.16  0.15
-6.15  0.12
-6.14  0.14
-6.13  0.11
-6.12  0.18
-6.11  0.16
-6.1  0.16
-6.09  0.09
-6.08  0.21
-6.07  0.13
-6.06  0.09
-6.05  0.16
-6.04  0.13
-6.03  0.18
-6.02  0.13
-6.01  0.12
-6  0.18
-5.99  0.11
-5.98  0.12
-5.97  0.12
-5.96  0.17
-5.95  0.13
-5.94  0.17
-5.93  0.12
-5.92  0.18
-5.91  0.14
-5.9  0.13
-5.89  0.15
-5.88  0.14
-5.87  0.15
-5.86  0.13
-5.85  0.15
-5.84  0.1
-5.83  0.19
-5.82  0.16
-5.81  0.12
-5.8  0.16
-5.79  0.13
-5.78  0.15
-5.77  0.11
-5.76  0.15
-5.75  0.13
-5.74  0.13
-5.73  0.16
-5.72  0.16
-5.71  0.13
-5.7  0.14
-5.69  0.11
-5.68  0.18
-5.67  0.11
-5.66  0.16
-5.65  0.14
-5.64  0.15
-5.63  0.16
-5.62  0.17
-5.61  0.13
-5.6  0.16
-5.59  0.14
-5.58  0.11
-5.57  0.14
-5.56  0.13
-5.55  0.15
-5.54  0.12
-5.53  0.18
-5.52  0.12
-5.51  0.11
-5.5  0.15
-5.49  0.16
-5.48  0.13
-5.47  0.17
-5.46  0.12
-5.45  0.11
-5.44  0.19
-5.43  0.17
-5.42  0.14
-5.41  0.13
-5.4  0.13
-5.39  0.12
-5.38  0.14
-5.37  0.16
-5.36  0.14
-5.35  0.14
-5.34  0.19
-5.33  0.11
-5.32  0.2
-5.31  0.1
-5.3  0.12
-5.29  0.15
-5.28  0.12
-5.27  0.12
-5.26  0.18
-5.25  0.09
-5.24  0.18
-5.23  0.14
-5.22  0.19
-5.21  0.08
-5.2  0.15
-5.19  0.15
-5.18  0.14
-5.17  0.15
-5.16  0.13
-5.15  0.17
-5.14  0.16
-5.13  0.16
-5.12  0.1
-5.11  0.15
-5.1  0.13
-5.09  0.16
-5.08  0.09
-5.07  0.2
-5.06  0.14
-5.05  0.14
-5.04  0.12
-5.03  0.16
-5.02  0.14
-5.01  0.13
-5  0.15
-4.99  0.15
-4.98  0.13
-4.97  0.14
-4.96  0.13
-4.95  0.13
-4.94  0.16
-4.93  0.12
-4.92  0.15
-4.91  0.15
-4.9  0.11
-4.89  0.16
-4.88  0.13
-4.87  0.2
-4.86  0.16
-4.85  0.12
-4.84  0.19
-4.83  0.12
-4.82  0.13
-4.81  0.16
-4.8  0.11
-4.79  0.13
-4.78  0.14
-4.77  0.13
-4.76  0.16
-4.75  0.1
-4.74  0.16
-4.73  0.14
-4.72  0.19
-4.71  0.12
-4.7  0.11
-4.69  0.13
-4.68  0.16
-4.67  0.14
-4.66  0.15
-4.65  0.18
-4.64  0.15
-4.63  0.15
-4.62  0.15
-4.61  0.1
-4.6  0.18
-4.59  0.12
-4.58  0.14
-4.57  0.1
-4.56  0.17
-4.55  0.12
-4.54  0.15
-4.53  0.16
-4.52  0.15
-4.51  0.12
-4.5  0.18
-4.49  0.14
-4.48  0.09
-4.47  0.14
-4.46  0.13
-4.45  0.15
-4.44  0.2
-4.43  0.12
-4.42  0.12
-4.41  0.14
-4.4  0.15
-4.39  0.14
-4.38  0.11
-4.37  0.23
-4.36  0.17
-4.35  0.12
-4.34  0.11
-4.33  0.15
-4.32  0.13
-4.31  0.14
-4.3  0.13
-4.29  0.12
-4.28  0.17
-4.27  0.15
-4.26  0.16
-4.25  0.07
-4.24  0.19
-4.23  0.14
-4.22  0.13
-4.21  0.15
-4.2  0.14
-4.19  0.16
-4.18  0.15
-4.17  0.11
-4.16  0.17
-4.15  0.12
-4.14  0.14
-4.13  0.13
-4.12  0.2
-4.11  0.12
-4.1  0.15
-4.09  0.11
-4.08  0.14
-4.07  0.16
-4.06  0.14
-4.05  0.15
-4.04  0.14
-4.03  0.13
-4.02  0.18
-4.01  0.11
-4  0.17
-3.99  0.09
-3.98  0.19
-3.97  0.11
-3.96  0.15
-3.95  0.13
-3.94  0.14
-3.93  0.15
-3.92  0.14
-3.91  0.13
-3.9  0.12
-3.89  0.13
-3.88  0.18
-3.87  0.19
-3.86  0.12
-3.85  0.18
-3.84  0.12
-3.83  0.11
-3.82  0.17
-3.81  0.16
-3.8  0.1
-3.79  0.17
-3.78  0.12
-3.77  0.14
-3.76  0.11
-3.75  0.16
-3.74  0.15
-3.73  0.12
-3.72  0.16
-3.71  0.17
-3.7  0.13
-3.69  0.15
-3.68  0.12
-3.67  0.13
-3.66  0.18
-3.65  0.14
-3.64  0.11
-3.63  0.12
-3.62  0.17
-3.61  0.17
-3.6  0.13
-3.59  0.16
-3.58  0.14
-3.57  0.14
-3.56  0.15
-3.55  0.16
-3.54  0.13
-3.53  0.12
-3.52  0.13
-3.51  0.14
-3.5  0.16
-3.49  0.17
-3.48  0.1
-3.47  0.18
-3.46  0.06
-3.45  0.14
-3.44  0.15
-3.43  0.14
-3.42  0.19
-3.41  0.1
-3.4  0.17
-3.39  0.16
-3.38  0.18
-3.37  0.13
-3.36  0.15
-3.35  0.1
-3.34  0.13
-3.33  0.13
-3.32  0.18
-3.31  0.13
-3.3  0.14
-3.29  0.19
-3.28  0.1
-3.27  0.11
-3.26  0.18
-3.25  0.16
-3.24  0.11
-3.23  0.13
-3.22  0.15
-3.21  0.16
-3.2  0.15
-3.19  0.16
-3.18  0.14
-3.17  0.11
-3.16  0.15
-3.15  0.13
-3.14  0.16
-3.13  0.13
-3.12  0.09
-3.11  0.15
-3.1  0.18
-3.09  0.11
-3.08  0.23
-3.07  0.1
-3.06  0.18
-3.05  0.08
-3.04  0.18
-3.03  0.09
-3.02  0.2
-3.01  0.15
-3  0.09
-2.99  0.17
-2.98  0.17
-2.97  0.12
-2.96  0.13
-2.95  0.11
-2.94  0.15
-2.93  0.15
-2.92  0.14
-2.91  0.15
-2.9  0.15
-2.89  0.12
-2.88  0.16
-2.87  0.14
-2.86  0.16
-2.85  0.16
-2.84  0.1
-2.83  0.14
-2.82  0.18
-2.81  0.15
-2.8  0.11
-2.79  0.15
-2.78  0.16
-2.77  0.14
-2.76  0.13
-2.75  0.15
-2.74  0.13
-2.73  0.16
-2.72  0.12
-2.71  0.17
-2.7  0.11
-2.69  0.17
-2.68  0.1
-2.67  0.16
-2.66  0.14
-2.65  0.14
-2.64  0.13
-2.63  0.09
-2.62  0.19
-2.61  0.15
-2.6  0.16
-2.59  0.11
-2.58  0.15
-2.57  0.14
-2.56  0.16
-2.55  0.18
-2.54  0.14
-2.53  0.11
-2.52  0.19
-2.51  0.14
-2.5  0.14
-2.49  0.13
-2.48  0.12
-2.47  0.12
-2.46  0.18
-2.45  0.11
-2.44  0.14
-2.43  0.15
-2.42  0.12
-2.41  0.15
-2.4  0.15
-2.39  0.11
-2.38  0.12
-2.37  0.23
-2.36  0.1
-2.35  0.15
-2.34  0.15
-2.33  0.16
-2.32  0.16
-2.31  0.13
-2.3  0.11
-2.29  0.16
-2.28  0.11
-2.27  0.14
-2.26  0.16
-2.25  0.16
-2.24  0.12
-2.23  0.14
-2.22  0.12
-2.21  0.18
-2.2  0.13
-2.19  0.18
-2.18  0.19
-2.17  0.09
-2.16  0.1
-2.15  0.15
-2.14  0.13
-2.13  0.16
-2.12  0.17
-2.11  0.12
-2.1  0.12
-2.09  0.12
-2.08  0.17
-2.07  0.16
-2.06  0.13
-2.05  0.11
-2.04  0.2
-2.03  0.11
-2.02  0.14
-2.01  0.17
-2  0.12
-1.99  0.17
-1.98  0.11
-1.97  0.14
-1.96  0.16
-1.95  0.16
-1.94  0.13
-1.93  0.17
-1.92  0.15
-1.91  0.13
-1.9  0.12
-1.89  0.16
-1.88  0.13
-1.87  0.12
-1.86  0.11
-1.85  0.16
-1.84  0.17
-1.83  0.13
-1.82  0.14
-1.81  0.15
-1.8  0.14
-1.79  0.13
-1.78  0.15
-1.77  0.12
-1.76  0.17
-1.75  0.12
-1.74  0.18
-1.73  0.11
-1.72  0.17
-1.71  0.15
-1.7  0.15
-1.69  0.16
-1.68  0.11
-1.67  0.16
-1.66  0.15
-1.65  0.15
-1.64  0.13
-1.63  0.16
-1.62  0.08
-1.61  0.17
-1.6  0.12
-1.59  0.14
-1.58  0.12
-1.57  0.17
-1.56  0.11
-1.55  0.15
-1.54  0.18
-1.53  0.12
-1.52  0.14
-1.51  0.18
-1.5  0.11
-1.49  0.16
-1.48  0.16
-1.47  0.15
-1.46  0.13
-1.45  0.12
-1.44  0.16
-1.43  0.11
-1.42  0.19
-1.41  0.14
-1.4  0.14
-1.39  0.13
-1.38  0.11
-1.37  0.13
-1.36  0.15
-1.35  0.12
-1.34  0.2
-1.33  0.16
-1.32  0.13
-1.31  0.15
-1.3  0.12
-1.29  0.13
-1.28  0.13
-1.27  0.14
-1.26  0.16
-1.25  0.15
-1.24  0.13
-1.23  0.11
-1.22  0.18
-1.21  0.14
-1.2  0.1
-1.19  0.14
-1.18  0.21
-1.17  0.15
-1.16  0.1
-1.15  0.17
-1.14  0.18
-1.13  0.13
-1.12  0.14
-1.11  0.15
-1.1  0.13
-1.09  0.09
-1.08  0.15
-1.07  0.15
-1.06  0.11
-1.05  0.16
-1.04  0.12
-1.03  0.17
-1.02  0.15
-1.01  0.15
-1  0.17
-0.99  0.12
-0.98  0.13
-0.97  0.17
-0.96  0.14
-0.95  0.14
-0.94  0.14
-0.93  0.09
-0.92  0.14
-0.91  0.16
-0.9  0.11
-0.89  0.2
-0.88  0.12
-0.87  0.15
-0.86  0.18
-0.85  0.11
-0.84  0.17
-0.83  0.13
-0.82  0.14
-0.81  0.14
-0.8  0.14
-0.79  0.18
-0.78  0.14
-0.77  0.16
-0.76  0.07
-0.75  0.12
-0.74  0.19
-0.73  0.1
-0.72  0.19
-0.71  0.1
-0.7  0.14
-0.69  0.14
-0.68  0.18
-0.67  0.12
-0.66  0.14
-0.65  0.12
-0.64  0.16
-0.63  0.12
-0.62  0.17
-0.61  0.2
-0.6  0.13
-0.59  0.15
-0.58  0.14
-0.57  0.1
-0.56  0.19
-0.55  0.14
-0.54  0.17
-0.53  0.12
-0.52  0.08
-0.51  0.15
-0.5  0.11
-0.49  0.17
-0.48  0.11
-0.47  0.14
-0.46  0.15
-0.45  0.17
-0.44  0.17
-0.43  0.16
-0.42  0.1
-0.41  0.14
-0.4  0.17
-0.39  0.11
-0.38  0.12
-0.37  0.16
-0.36  0.17
-0.35  0.13
-0.34  0.15
-0.33  0.13
-0.32  0.17
-0.31  0.11
-0.3  0.15
-0.29  0.15
-0.28  0.16
-0.27  0.12
-0.26  0.15
-0.25  0.13
-0.24  0.15
-0.23  0.16
-0.22  0.11
-0.21  0.16
-0.2  0.08
-0.19  0.2
-0.18  0.15
-0.17  0.14
-0.16  0.14
-0.15  0.15
-0.14  0.12
-0.13  0.1
-0.12  0.16
-0.11  0.16
-0.1  0.15
-0.09  0.15
-0.08  0.14
-0.07  0.16
-0.06  0.14
-0.05  0.14
-0.04  0.11
-0.03  0.16
-0.02  0.12
-0.01  0.21
-2.16197e-11  0.14
0.0001  0
0.0101  0.13
0.0201  0.15
0.0301  0.13
0.0401  0.1
0.0501  0.16
0.0601  0.13
0.0701  0.15
0.0801  0.13
0.0901  0.11
0.1001  0.22
0.1101  0.16
0.1201  0.11
0.1301  0.11
0.1401  0.15
0.1501  0.18
0.1601  0.15
0.1701  0.11
0.1801  0.16
0.1901  0.14
0.2001  0.13
0.2101  0.1
0.2201  0.17
0.2301  0.14
0.2401  0.14
0.2501  0.25
0.2601  0.12
0.2701  0.16
0.2801  0.13
0.2901  0.17
0.3001  0.13
0.3101  0.15
0.3201  0.14
0.3301  0.15
0.3401  0.15
0.3501  0.14
0.3601  0.14
0.3701  0.14
0.3801  0.15
0.3901  0.21
0.4001  0.13
0.4101  0.14
0.4201  0.14
0.4301  0.15
0.4401  0.11
0.4501  0.18
0.4601  0.18
0.4701  0.16
0.4801  0.15
0.4901  0.12
0.5001  0.21
0.5101  0.12
0.5201  0.14
0.5301  0.24
0.5401  0.12
0.5501  0.13
0.5601  0.21
0.5701  0.15
0.5801  0.16
0.5901  0.14
0.6001  0.15
0.6101  0.22
0.6201  0.14
0.6301  0.16
0.6401  0.15
0.6501  0.18
0.6601  0.14
0.6701  0.18
0.6801  0.15
0.6901  0.15
0.7001  0.16
0.7101  0.14
0.7201  0.2
0.7301  0.17
0.7401  0.13
0.7501  0.16
0.7601  0.18
0.7701  0.17
0.7801  0.17
0.7901  0.16
0.8001  0.19
0.8101  0.21
0.8201  0.16
0.8301  0.18
0.8401  0.18
0.8501  0.17
0.8601  0.15
0.8701  0.22
0.8801  0.17
0.8901  0.16
0.9001  0.11
0.9101  0.17
0.9201  0.15
0.9301  0.18
0.9401  0.23
0.9501  0.17
0.9601  0.18
0.9701  0.15
0.9801  0.2
0.9901  0.15
1.0001  0.18
1.0101  0.19
1.0201  0.19
1.0301  0.19
1.0401  0.17
1.0501  0.19
1.0601  0.19
1.0701  0.19
1.0801  0.15
1.0901  0.17
1.1001  0.17
1.1101  0.17
1.1201  0.21
1.1301  0.19
1.1401  0.17
1.1501  0.2
1.1601  0.13
1.1701  0.24
1.1801  0.19
1.1901  0.19
1.2001  0.2
1.2101  0.22
1.2201  0.18
1.2301  0.19
1.2401  0.17
1.2501  0.14
1.2601  0.18
1.2701  0.22
1.2801  0.18
1.2901  0.16
1.3001  0.18
1.3101  0.19
1.3201  0.17
1.3301  0.23
1.3401  0.19
1.3501  0.21
1.3601  0.17
1.3701  0.24
1.3801  0.17
1.3901  0.17
1.4001  0.23
1.4101  0.17
1.4201  0.27
1.4301  0.15
1.4401  0.2
1.4501  0.19
1.4601  0.19
1.4701  0.17
1.4801  0.17
1.4901  0.2
1.5001  0.28
1.5101  0.18
1.5201  0.17
1.5301  0.2
1.5401  0.18
1.5501  0.23
1.5601  0.18
1.5701  0.18
1.5801  0.23
1.5901  0.19
1.6001  0.17
1.6101  0.23
1.6201  0.17
1.6301  0.22
1.6401  0.21
1.6501  0.24
1.6601  0.18
1.6701  0.21
1.6801  0.21
1.6901  0.19
1.7001  0.18
1.7101  0.22
1.7201  0.2
1.7301  0.21
1.7401  0.2
1.7501  0.23
1.7601  0.22
1.7701  0.25
1.7801  0.2
1.7901  0.18
1.8001  0.22
1.8101  0.17
1.8201  0.18
1.8301  0.18
1.8401  0.28
1.8501  0.21
1.8601  0.19
1.8701  0.22
1.8801  0.18
1.8901  0.18
1.9001  0.24
1.9101  0.22
1.9201  0.15
1.9301  0.24
1.9401  0.26
1.9501  0.25
1.9601  0.17
1.9701  0.2
1.9801  0.2
1.9901  0.23
2.0001  0.18
2.0101  0.26
2.0201  0.2
2.0301  0.26
2.0401  0.23
2.0501  0.15
2.0601  0.22
2.0701  0.22
2.0801  0.24
2.0901  0.2
2.1001  0.2
2.1101  0.23
2.1201  0.21
2.1301  0.22
2.1401  0.24
2.1501  0.16
2.1601  0.22
2.1701  0.26
2.1801  0.22
2.1901  0.2
2.2001  0.22
2.2101  0.22
2.2201  0.23
2.2301  0.21
2.2401  0.23
2.2501  0.22
2.2601  0.24
2.2701  0.19
2.2801  0.14
2.2901  0.23
2.3001  0.25
2.3101  0.28
2.3201  0.24
2.3301  0.23
2.3401  0.22
2.3501  0.2
2.3601  0.24
2.3701  0.2
2.3801  0.22
2.3901  0.22
2.4001  0.24
2.4101  0.21
2.4201  0.23
2.4301  0.2
2.4401  0.25
2.4501  0.23
2.4601  0.21
2.4701  0.2
2.4801  0.25
2.4901  0.23
2.5001  0.24
2.5101  0.22
2.5201  0.24
2.5301  0.19
2.5401  0.22
2.5501  0.22
2.5601  0.23
2.5701  0.24
2.5801  0.24
2.5901  0.21
2.6001  0.23
2.6101  0.2
2.6201  0.26
2.6301  0.26
2.6401  0.18
2.6501  0.26
2.6601  0.26
2.6701  0.24
2.6801  0.24
2.6901  0.21
2.7001  0.26
2.7101  0.19
2.7201  0.25
2.7301  0.21
2.7401  0.24
2.7501  0.19
2.7601  0.21
2.7701  0.27
2.7801  0.22
2.7901  0.19
2.8001  0.25
2.8101  0.22
2.8201  0.27
2.8301  0.22
2.8401  0.25
2.8501  0.25
2.8601  0.22
2.8701  0.2
2.8801  0.24
2.8901  0.26
2.9001  0.26
2.9101  0.19
2.9201  0.26
2.9301  0.23
2.9401  0.26
2.9501  0.25
2.9601  0.24
2.9701  0.2
2.9801  0.21
2.9901  0.29
3.0001  0.22
3.0101  0.18
3.0201  0.2
3.0301  0.25
3.0401  0.24
3.0501  0.25
3.0601  0.26
3.0701  0.23
3.0801  0.26
3.0901  0.29
3.1001  0.2
3.1101  0.23
3.1201  0.21
3.1301  0.25
3.1401  0.25
3.1501  0.21
3.1601  0.23
3.1701  0.21
3.1801  0.27
3.1901  0.19
3.2001  0.22
3.2101  0.31
3.2201  0.22
3.2301  0.29
3.2401  0.25
3.2501  0.22
3.2601  0.26
3.2701  0.2
3.2801  0.27
3.2901  0.22
3.3001  0.31
3.3101  0.19
3.3201  0.25
3.3301  0.21
3.3401  0.21
3.3501  0.23
3.3601  0.22
3.3701  0.26
3.3801  0.22
3.3901  0.31
3.4001  0.24
3.4101  0.23
3.4201  0.23
3.4301  0.26
3.4401  0.23
3.4501  0.23
3.4601  0.22
3.4701  0.24
3.4801  0.22
3.4901  0.31
3.5001  0.24
3.5101  0.28
3.5201  0.22
3.5301  0.22
3.5401  0.25
3.5501  0.28
3.5601  0.21
3.5701  0.23
3.5801  0.23
3.5901  0.25
3.6001  0.24
3.6101  0.24
3.6201  0.29
3.6301  0.23
3.6401  0.2
3.6501  0.25
3.6601  0.25
3.6701  0.26
3.6801  0.27
3.6901  0.25
3.7001  0.25
3.7101  0.19
3.7201  0.28
3.7301  0.21
3.7401  0.24
3.7501  0.25
3.7601  0.24
3.7701  0.2
3.7801  0.25
3.7901  0.27
3.8001  0.25
3.8101  0.23
3.8201  0.26
3.8301  0.3
3.8401  0.26
3.8501  0.23
3.8601  0.27
3.8701  0.25
3.8801  0.25
3.8901  0.23
3.9001  0.25
3.9101  0.23
3.9201  0.21
3.9301  0.26
3.9401  0.25
3.9501  0.21
3.9601  0.26
3.9701  0.25
3.9801  0.23
3.9901  0.28
4.0001  0.23
4.0101  0.23
4.0201  0.28
4.0301  0.21
4.0401  0.24
4.0501  0.24
4.0601  0.28
4.0701  0.24
4.0801  0.28
4.0901  0.22
4.1001  0.24
4.1101  0.27
4.1201  0.25
4.1301  0.24
4.1401  0.21
4.1501  0.3
4.1601  0.26
4.1701  0.28
4.1801  0.24
4.1901  0.23
4.2001  0.25
4.2101  0.21
4.2201  0.21
4.2301  0.28
4.2401  0.26
4.2501  0.27
4.2601  0.27
4.2701  0.2
4.2801  0.25
4.2901  0.22
4.3001  0.28
4.3101  0.23
4.3201  0.31
4.3301  0.21
4.3401  0.23
4.3501  0.26
4.3601  0.27
4.3701  0.26
4.3801  0.22
4.3901  0.26
4.4001  0.2
4.4101  0.25
4.4201  0.27
4.4301  0.32
4.4401  0.24
4.4501  0.25
4.4601  0.24
4.4701  0.25
4.4801  0.23
4.4901  0.22
4.5001  0.28
4.5101  0.19
4.5201  0.29
4.5301  0.26
4.5401  0.26
4.5501  0.27
4.5601  0.23
4.5701  0.28
4.5801  0.23
4.5901  0.27
4.6001  0.22
4.6101  0.24
4.6201  0.22
4.6301  0.28
4.6401  0.26
4.6501  0.25
4.6601  0.23
4.6701  0.28
4.6801  0.25
4.6901  0.29
4.7001  0.2
4.7101  0.23
4.7201  0.26
4.7301  0.26
4.7401  0.25
4.7501  0.27
4.7601  0.21
4.7701  0.24
4.7801  0.33
4.7901  0.26
4.8001  0.23
4.8101  0.25
4.8201  0.26
4.8301  0.24
4.8401  0.26
4.8501  0.27
4.8601  0.23
4.8701  0.26
4.8801  0.27
4.8901  0.18
4.9001  0.31
4.9101  0.24
4.9201  0.25
4.9301  0.22
4.9401  0.25
4.9501  0.24
4.9601  0.21
4.9701  0.33
4.9801  0.22
4.9901  0.22
5.0001  0.25
5.0101  0.27
5.0201  0.31
5.0301  0.26
5.0401  0.26
5.0501  0.26
5.0601  0.23
5.0701  0.24
5.0801  0.22
5.0901  0.32
5.1001  0.21
5.1101  0.25
5.1201  0.29
5.1301  0.23
5.1401  0.23
5.1501  0.25
5.1601  0.24
5.1701  0.26
5.1801  0.22
5.1901  0.35
5.2001  0.22
5.2101  0.25
5.2201  0.27
5.2301  0.23
5.2401  0.23
5.2501  0.24
5.2601  0.28
5.2701  0.25
5.2801  0.23
5.2901  0.25
5.3001  0.25
5.3101  0.29
5.3201  0.28
5.3301  0.22
5.3401  0.27
5.3501  0.2
5.3601  0.25
5.3701  0.27
5.3801  0.25
5.3901  0.29
5.4001  0.27
5.4101  0.22
5.4201  0.28
5.4301  0.26
5.4401  0.29
5.4501  0.24
5.4601  0.24
5.4701  0.22
5.4801  0.25
5.4901  0.26
5.5001  0.28
5.5101  0.21
5.5201  0.24
5.5301  0.25
5.5401  0.27
5.5501  0.25
5.5601  0.22
5.5701  0.28
5.5801  0.25
5.5901  0.27
5.6001  0.19
5.6101  0.3
5.6201  0.25
5.6301  0.3
5.6401  0.24
5.6501  0.31
5.6601  0.25
5.6701  0.22
5.6801  0.27
5.6901  0.26
5.7001  0.19
5.7101  0.25
5.7201  0.27
5.7301  0.28
5.7401  0.22
5.7501  0.28
5.7601  0.22
5.7701  0.28
5.7801  0.24
5.7901  0.26
5.8001  0.27
5.8101  0.26
5.8201  0.24
5.8301  0.25
5.8401  0.25
5.8501  0.26
5.8601  0.26
5.8701  0.24
5.8801  0.32
5.8901  0.21
5.9001  0.23
5.9101  0.23
5.9201  0.28
5.9301  0.24
5.9401  0.29
5.9501  0.24
5.9601  0.21
5.9701  0.24
5.9801  0.31
5.9901  0.26
6.0001  0.26
6.0101  0.22
6.0201  0.23
6.0301  0.32
6.0401  0.24
6.0501  0.28
6.0601  0.24
6.0701  0.26
6.0801  0.3
6.0901  0.23
6.1001  0.28
6.1101  0.21
6.1201  0.23
6.1301  0.27
6.1401  0.23
6.1501  0.29
6.1601  0.22
6.1701  0.25
6.1801  0.26
6.1901  0.25
6.2001  0.28
6.2101  0.24
6.2201  0.23
6.2301  0.29
6.2401  0.28
6.2501  0.24
6.2601  0.22
6.2701  0.29
6.2801  0.22
6.2901  0.28
6.3001  0.25
6.3101  0.25
6.3201  0.24
6.3301  0.21
6.3401  0.29
6.3501  0.33
6.3601  0.21
6.3701  0.3
6.3801  0.21
6.3901  0.23
6.4001  0.29
6.4101  0.28
6.4201  0.27
6.4301  0.23
6.4401  0.27
6.4501  0.24
6.4601  0.21
6.4701  0.26
6.4801  0.21
6.4901  0.27
6.5001  0.27
6.5101  0.26
6.5201  0.21
6.5301  0.3
6.5401  0.23
6.5501  0.27
6.5601  0.31
6.5701  0.27
6.5801  0.17
6.5901  0.24
6.6001  0.27
6.6101  0.3
6.6201  0.22
6.6301  0.28
6.6401  0.25
6.6501  0.29
6.6601  0.24
6.6701  0.24
6.6801  0.27
6.6901  0.28
6.7001  0.26
6.7101  0.24
6.7201  0.27
6.7301  0.19
6.7401  0.28
6.7501  0.25
6.7601  0.25
6.7701  0.24
6.7801  0.28
6.7901  0.27
6.8001  0.23
6.8101  0.23
6.8201  0.29
6.8301  0.21
6.8401  0.29
6.8501  0.32
6.8601  0.21
6.8701  0.27
6.8801  0.26
6.8901  0.23
6.9001  0.2
6.9101  0.29
6.9201  0.19
6.9301  0.31
6.9401  0.25
6.9501  0.3
6.9601  0.22
6.9701  0.25
6.9801  0.26
6.9901  0.28
7.0001  0.22
7.0101  0.25
7.0201  0.28
7.0301  0.31
7.0401  0.2
7.0501  0.31
7.0601  0.24
7.0701  0.21
7.0801  0.26
7.0901  0.3
7.1001  0.22
7.1101  0.24
7.1201  0.25
7.1301  0.25
7.1401  0.29
7.1501  0.23
7.1601  0.21
7.1701  0.3
7.1801  0.25
7.1901  0.25
7.2001  0.25
7.2101  0.29
7.2201  0.27
7.2301  0.21
7.2401  0.3
7.2501  0.26
7.2601  0.25
7.2701  0.23
7.2801  0.27
7.2901  0.17
7.3001  0.31
7.3101  0.22
7.3201  0.29
7.3301  0.28
7.3401  0.3
7.3501  0.24
7.3601  0.28
7.3701  0.2
7.3801  0.22
7.3901  0.25
7.4001  0.31
7.4101  0.25
7.4201  0.23
7.4301  0.22
7.4401  0.3
7.4501  0.25
7.4601  0.24
7.4701  0.26
7.4801  0.28
7.4901  0.25
7.5001  0.27
7.5101  0.22
7.5201  0.28
7.5301  0.29
7.5401  0.2
7.5501  0.24
7.5601  0.23
7.5701  0.24
7.5801  0.33
7.5901  0.18
7.6001  0.27
7.6101  0.26
7.6201  0.24
7.6301  0.28
7.6401  0.26
7.6501  0.28
7.6601  0.3
7.6701  0.31
7.6801  0.25
7.6901  0.24
7.7001  0.22
7.7101  0.24
7.7201  0.25
7.7301  0.26
7.7401  0.25
7.7501  0.23
7.7601  0.28
7.7701  0.24
7.7801  0.21
7.7901  0.26
7.8001  0.26
7.8101  0.25
7.8201  0.26
7.8301  0.22
7.8401  0.27
7.8501  0.32
7.8601  0.28
7.8701  0.22
7.8801  0.28
7.8901  0.24
7.9001  0.24
7.9101  0.25
7.9201  0.27
7.9301  0.26
7.9401  0.24
7.9501  0.27
7.9601  0.25
7.9701  0.25
7.9801  0.24
7.9901  0.3
8.0001  0.28
8.0101  0.2
8.0201  0.26
8.0301  0.22
8.0401  0.31
8.0501  0.24
8.0601  0.23
8.0701  0.27
8.0801  0.26
8.0901  0.2
8.1001  0.33
8.1101  0.25
8.1201  0.3
8.1301  0.21
8.1401  0.27
8.1501  0.21
8.1601  0.26
8.1701  0.26
8.1801  0.26
8.1901  0.23
8.2001  0.24
8.2101  0.25
8.2201  0.3
8.2301  0.26
8.2401  0.26
8.2501  0.27
8.2601  0.23
8.2701  0.21
8.2801  0.28
8.2901  0.31
8.3001  0.23
8.3101  0.27
8.3201  0.25
8.3301  0.24
8.3401  0.32
8.3501  0.23
8.3601  0.23
8.3701  0.2
8.3801  0.29
8.3901  0.28
8.4001  0.25
8.4101  0.24
8.4201  0.26
8.4301  0.22
8.4401  0.32
8.4501  0.22
8.4601  0.23
8.4701  0.29
8.4801  0.3
8.4901  0.2
8.5001  0.27
8.5101  0.26
8.5201  0.21
8.5301  0.25
8.5401  0.25
8.5501  0.33
8.5601  0.24
8.5701  0.22
8.5801  0.2
8.5901  0.29
8.6001  0.28
8.6101  0.25
8.6201  0.26
8.6301  0.25
8.6401  0.28
8.6501  0.24
8.6601  0.31
8.6701  0.25
8.6801  0.22
8.6901  0.28
8.7001  0.24
8.7101  0.27
8.7201  0.23
8.7301  0.26
8.7401  0.28
8.7501  0.25
8.7601  0.23
8.7701  0.31
8.7801  0.2
8.7901  0.28
8.8001  0.23
8.8101  0.21
8.8201  0.28
8.8301  0.24
8.8401  0.24
8.8501  0.31
8.8601  0.21
8.8701  0.26
8.8801  0.28
8.8901  0.23
8.9001  0.3
8.9101  0.22
8.9201  0.32
8.9301  0.25
8.9401  0.22
8.9501  0.26
8.9601  0.24
8.9701  0.3
8.9801  0.25
8.9901  0.25
9.0001  0.28
9.0101  0.2
9.0201  0.26
9.0301  0.27
9.0401  0.28
9.0501  0.27
9.0601  0.2
9.0701  0.25
9.0801  0.29
9.0901  0.22
9.1001  0.28
9.1101  0.24
9.1201  0.31
9.1301  0.22
9.1401  0.27
9.1501  0.22
9.1601  0.27
9.1701  0.22
9.1801  0.21
9.1901  0.29
9.2001  0.26
9.2101  0.26
9.2201  0.27
9.2301  0.24
9.2401  0.31
9.2501  0.27
9.2601  0.22
9.2701  0.27
9.2801  0.22
9.2901  0.25
9.3001  0.27
9.3101  0.27
9.3201  0.3
9.3301  0.25
9.3401  0.29
9.3501  0.23
9.3601  0.21
9.3701  0.22
9.3801  0.27
9.3901  0.27
9.4001  0.19
9.4101  0.29
9.4201  0.25
9.4301  0.29
9.4401  0.3
9.4501  0.22
9.4601  0.25
9.4701  0.22
9.4801  0.27
9.4901  0.25
9.5001  0.29
9.5101  0.24
9.5201  0.22
9.5301  0.27
9.5401  0.3
9.5501  0.26
9.5601  0.27
9.5701  0.27
9.5801  0.23
9.5901  0.24
9.6001  0.22
9.6101  0.25
9.6201  0.27
9.6301  0.22
9.6401  0.3
9.6501  0.22
9.6601  0.31
9.6701  0.23
9.6801  0.26
9.6901  0.28
9.7001  0.24
9.7101  0.28
9.7201  0.2
9.7301  0.27
9.7401  0.3
9.7501  0.26
9.7601  0.27
9.7701  0.25
9.7801  0.23
9.7901  0.23
9.8001  0.23
9.8101  0.26
9.8201  0.26
9.8301  0.25
9.8401  0.29
9.8501  0.26
9.8601  0.21
9.8701  0.26
9.8801  0.24
9.8901  0.28
9.9001  0.25
9.9101  0.27
9.9201  0.23
9.9301  0.25
9.9401  0.25
9.9501  0.28
9.9601  0.22
9.9701  0.33
9.9801  0.28
9.9901  0.25
10.0001  0.23
10.0101  0.28
10.0201  0.26
10.0301  0.26
10.0401  0.21
10.0501  0.31
10.0601  0.23
10.0701  0.25
10.0801  0.23
10.0901  0.28
10.1001  0.18
10.1101  0.29
10.1201  0.29
10.1301  0.21
10.1401  0.27
10.1501  0.26
10.1601  0.25
10.1701  0.27
10.1801  0.21
10.1901  0.23
10.2001  0.34
10.2101  0.24
10.2201  0.28
10.2301  0.24
10.2401  0.22
10.2501  0.33
10.2601  0.21
10.2701  0.25
10.2801  0.25
10.2901  0.23
10.3001  0.28
10.3101  0.25
10.3201  0.27
10.3301  0.25
10.3401  0.26
10.3501  0.24
10.3601  0.28
10.3701  0.29
10.3801  0.23
10.3901  0.25
10.4001  0.26
10.4101  0.25
10.4201  0.29
10.4301  0.2
10.4401  0.25
10.4501  0.28
10.4601  0.21
10.4701  0.27
10.4801  0.23
10.4901  0.32
10.5001  0.22
10.5101  0.23
10.5201  0.25
10.5301  0.27
10.5401  0.26
10.5501  0.25
10.5601  0.26
10.5701  0.29
10.5801  0.23
10.5901  0.26
10.6001  0.25
10.6101  0.28
10.6201  0.23
10.6301  0.29
10.6401  0.21
10.6501  0.27
10.6601  0.27
10.6701  0.28
10.6801  0.31
10.6901  0.23
10.7001  0.25
10.7101  0.22
10.7201  0.27
10.7301  0.25
10.7401  0.2
10.7501  0.25
10.7601  0.25
10.7701  0.24
10.7801  0.32
10.7901  0.28
10.8001  0.21
10.8101  0.28
10.8201  0.23
10.8301  0.23
10.8401  0.28
10.8501  0.32
10.8601  0.24
10.8701  0.26
10.8801  0.25
10.8901  0.27
10.9001  0.21
10.9101  0.23
10.9201  0.28
10.9301  0.27
10.9401  0.23
10.9501  0.2
10.9601  0.3
10.9701  0.27
10.9801  0.2
10.9901  0.31
11.0001  0.23
11.0101  0.25
11.0201  0.29
11.0301  0.27
11.0401  0.27
11.0501  0.32
11.0601  0.22
11.0701  0.24
11.0801  0.27
11.0901  0.23
11.1001  0.28
11.1101  0.19
11.1201  0.25
11.1301  0.2
11.1401  0.29
11.1501  0.22
11.1601  0.32
11.1701  0.24
11.1801  0.24
11.1901  0.3
11.2001  0.31
11.2101  0.22
11.2201  0.24
11.2301  0.26
11.2401  0.21
11.2501  0.27
11.2601  0.26
11.2701  0.27
11.2801  0.27
11.2901  0.21
11.3001  0.22
11.3101  0.28
11.3201  0.27
11.3301  0.27
11.3401  0.25
11.3501  0.26
11.3601  0.3
11.3701  0.19
11.3801  0.33
11.3901  0.28
11.4001  0.2
11.4101  0.26
11.4201  0.22
11.4301  0.28
11.4401  0.22
11.4501  0.35
11.4601  0.25
11.4701  0.21
11.4801  0.27
11.4901  0.24
11.5001  0.26
11.5101  0.21
11.5201  0.24
11.5301  0.26
11.5401  0.26
11.5501  0.28
11.5601  0.24
11.5701  0.27
11.5801  0.24
11.5901  0.2
11.6001  0.34
11.6101  0.23
11.6201  0.3
11.6301  0.19
11.6401  0.28
11.6501  0.25
11.6601  0.24
11.6701  0.3
11.6801  0.24
11.6901  0.28
11.7001  0.25
11.7101  0.3
11.7201  0.26
11.7301  0.26
11.7401  0.27
11.7501  0.23
11.7601  0.22
11.7701  0.27
11.7801  0.23
11.7901  0.25
11.8001  0.21
11.8101  0.27
11.8201  0.23
11.8301  0.28
11.8401  0.27
11.8501  0.25
11.8601  0.22
11.8701  0.27
11.8801  0.24
11.8901  0.29
11.9001  0.33
11.9101  0.24
11.9201  0.27
11.9301  0.23
11.9401  0.22
11.9501  0.24
11.9601  0.28
11.9701  0.25
11.9801  0.22
11.9901  0.27
12.0001  0.24
12.0101  0.27
12.0201  0.2
12.0301  0.36
12.0401  0.28
12.0501  0.28
12.0601  0.2
12.0701  0.22
12.0801  0.26
12.0901  0.29
12.1001  0.21
12.1101  0.3
12.1201  0.25
12.1301  0.29
12.1401  0.27
12.1501  0.24
12.1601  0.22
12.1701  0.25
12.1801  0.22
12.1901  0.27
12.2001  0.23
12.2101  0.25
12.2201  0.24
12.2301  0.31
12.2401  0.26
12.2501  0.24
12.2601  0.28
12.2701  0.25
12.2801  0.23
12.2901  0.26
12.3001  0.26
12.3101  0.23
12.3201  0.22
12.3301  0.3
12.3401  0.23
12.3501  0.29
12.3601  0.28
12.3701  0.29
12.3801  0.25
12.3901  0.26
12.4001  0.23
12.4101  0.29
12.4201  0.2
12.4301  0.25
12.4401  0.29
12.4501  0.23
12.4601  0.28
12.4701  0.26
12.4801  0.24
12.4901  0.21
12.5001  0.27
12.5101  0.24
12.5201  0.26
12.5301  0.29
12.5401  0.25
12.5501  0.28
12.5601  0.27
12.5701  0.25
12.5801  0.29
12.5901  0.18
12.6001  0.27
12.6101  0.2
12.6201  0.28
12.6301  0.25
12.6401  0.26
12.6501  0.25
12.6601  0.25
12.6701  0.25
12.6801  0.26
12.6901  0.3
12.7001  0.22
12.7101  0.3
12.7201  0.25
12.7301  0.24
12.7401  0.24
12.7501  0.27
12.7601  0.3
12.7701  0.25
12.7801  0.24
12.7901  0.31
12.8001  0.18
12.8101  0.26
12.8201  0.25
12.8301  0.29
12.8401  0.24
12.8501  0.25
12.8601  0.25
12.8701  0.3
12.8801  0.22
12.8901  0.25
12.9001  0.2
12.9101  0.25
12.9201  0.27
12.9301  0.27
12.9401  0.26
12.9501  0.18
12.9601  0.27
12.9701  0.29
12.9801  0.23
12.9901  0.31
13.0001  0.25
13.0101  0.27
13.0201  0.25
13.0301  0.25
13.0401  0.3
13.0501  0.3
13.0601  0.22
13.0701  0.24
13.0801  0.19
13.0901  0.28
13.1001  0.33
13.1101  0.27
13.1201  0.24
13.1301  0.23
13.1401  0.25
13.1501  0.18
13.1601  0.27
13.1701  0.28
13.1801  0.27
13.1901  0.22
13.2001  0.32
13.2101  0.19
13.2201  0.27
13.2301  0.25
13.2401  0.29
13.2501  0.27
13.2601  0.23
13.2701  0.23
13.2801  0.22
13.2901  0.32
13.3001  0.24
13.3101  0.25
13.3201  0.29
13.3301  0.27
13.3401  0.22
13.3501  0.25
13.3601  0.23
13.3701  0.28
13.3801  0.25
13.3901  0.22
13.4001  0.32
13.4101  0.24
13.4201  0.27
13.4301  0.23
13.4401  0.28
13.4501  0.27
13.4601  0.28
13.4701  0.22
13.4801  0.23
13.4901  0.23
13.5001  0.28
13.5101  0.32
13.5201  0.22
13.5301  0.2
13.5401  0.28
13.5501  0.28
13.5601  0.25
13.5701  0.25
13.5801  0.25
13.5901  0.25
13.6001  0.29
13.6101  0.24
13.6201  0.2
13.6301  0.31
13.6401  0.21
13.6501  0.25
13.6601  0.26
13.6701  0.26
13.6801  0.28
13.6901  0.27
13.7001  0.25
13.7101  0.28
13.7201  0.26
13.7301  0.23
13.7401  0.24
13.7501  0.22
13.7601  0.26
13.7701  0.23
13.7801  0.3
13.7901  0.25
13.8001  0.29
13.8101  0.28
13.8201  0.24
13.8301  0.2
13.8401  0.28
13.8501  0.3
13.8601  0.24
13.8701  0.21
13.8801  0.28
13.8901  0.28
13.9001  0.27
13.9101  0.28
13.9201  0.26
13.9301  0.2
13.9401  0.25
13.9501  0.28
13.9601  0.22
13.9701  0.25
13.9801  0.25
13.9901  0.25
14.0001  0.2
14.0101  0.28
14.0201  0.27
14.0301  0.22
14.0401  0.27
14.0501  0.23
14.0601  0.29
14.0701  0.35
14.0801  0.19
14.0901  0.27
14.1001  0.25
14.1101  0.26
14.1201  0.26
14.1301  0.28
14.1401  0.23
14.1501  0.24
14.1601  0.28
14.1701  0.32
14.1801  0.21
14.1901  0.29
14.2001  0.2
14.2101  0.29
14.2201  0.24
14.2301  0.19
14.2401  0.26
14.2501  0.26
14.2601  0.3
14.2701  0.26
14.2801  0.22
14.2901  0.22
14.3001  0.29
14.3101  0.26
14.3201  0.24
14.3301  0.33
14.3401  0.17
14.3501  0.24
14.3601  0.34
14.3701  0.24
14.3801  0.23
14.3901  0.28
14.4001  0.29
14.4101  0.22
14.4201  0.23
14.4301  0.25
14.4401  0.22
14.4501  0.28
14.4601  0.27
14.4701  0.3
14.4801  0.21
14.4901  0.27
14.5001  0.23
14.5101  0.24
14.5201  0.3
14.5301  0.3
14.5401  0.29
14.5501  0.18
14.5601  0.28
14.5701  0.27
14.5801  0.27
14.5901  0.26
14.6001  0.24
14.6101  0.23
14.6201  0.23
14.6301  0.23
14.6401  0.22
14.6501  0.25
14.6601  0.31
14.6701  0.23
14.6801  0.31
14.6901  0.22
14.7001  0.27
14.7101  0.24
14.7201  0.27
14.7301  0.23
14.7401  0.26
14.7501  0.25
14.7601  0.28
14.7701  0.28
14.7801  0.19
14.7901  0.33
14.8001  0.28
14.8101  0.24
14.8201  0.26
14.8301  0.21
14.8401  0.22
14.8501  0.28
14.8601  0.26
14.8701  0.29
14.8801  0.24
14.8901  0.26
14.9001  0.22
14.9101  0.29
14.9201  0.28
14.9301  0.21
14.9401  0.31
14.9501  0.23
14.9601  0.26
14.9701  0.21
14.9801  0.25
14.9901  0.21
15.0001  0.26
15.0101  0.32
15.0201  0.22
15.0301  0.25
15.0401  0.32
15.0501  0.27
15.0601  0.28
15.0701  0.22
15.0801  0.24
15.0901  0.24
15.1001  0.28
15.1101  0.26
15.1201  0.19
15.1301  0.21
15.1401  0.33
15.1501  0.24
15.1601  0.27
15.1701  0.26
15.1801  0.23
15.1901  0.23
15.2001  0.25
15.2101  0.23
15.2201  0.28
15.2301  0.29
15.2401  0.33
15.2501  0.25
15.2601  0.33
15.2701  0.21
15.2801  0.25
15.2901  0.22
15.3001  0.26
15.3101  0.22
15.3201  0.3
15.3301  0.22
15.3401  0.28
15.3501  0.22
15.3601  0.24
15.3701  0.26
15.3801  0.25
15.3901  0.28
15.4001  0.21
15.4101  0.28
15.4201  0.23
15.4301  0.29
15.4401  0.2
15.4501  0.31
15.4601  0.23
15.4701  0.29
15.4801  0.31
15.4901  0.2
15.5001  0.23
15.5101  0.28
15.5201  0.19
15.5301  0.27
15.5401  0.3
15.5501  0.22
15.5601  0.32
15.5701  0.24
15.5801  0.25
15.5901  0.27
15.6001  0.26
15.6101  0.2
15.6201  0.29
15.6301  0.33
15.6401  0.24
15.6501  0.22
15.6601  0.22
15.6701  0.31
15.6801  0.25
15.6901  0.26
15.7001  0.21
15.7101  0.25
15.7201  0.23
15.7301  0.24
15.7401  0.24
15.7501  0.28
15.7601  0.26
15.7701  0.23
15.7801  0.32
15.7901  0.28
15.8001  0.25
15.8101  0.23
15.8201  0.28
15.8301  0.25
15.8401  0.25
15.8501  0.22
15.8601  0.24
15.8701  0.28
15.8801  0.26
15.8901  0.24
15.9001  0.26
15.9101  0.29
15.9201  0.24
15.9301  0.29
15.9401  0.2
15.9501  0.28
15.9601  0.3
15.9701  0.28
15.9801  0.22
15.9901  0.21
16.0001  0.28
16.0101  0.27
16.0201  0.23
16.0301  0.23
16.0401  0.33
16.0501  0.18
16.0601  0.26
16.0701  0.24
16.0801  0.25
16.0901  0.25
16.1001  0.29
16.1101  0.25
16.1201  0.21
16.1301  0.31
16.1401  0.28
16.1501  0.2
16.1601  0.31
16.1701  0.26
16.1801  0.3
16.1901  0.2
16.2001  0.25
16.2101  0.23
16.2201  0.24
16.2301  0.29
16.2401  0.25
16.2501  0.23
16.2601  0.27
16.2701  0.29
16.2801  0.22
16.2901  0.27
16.3001  0.21
16.3101  0.25
16.3201  0.29
16.3301  0.29
16.3401  0.29
16.3501  0.26
16.3601  0.19
16.3701  0.24
16.3801  0.26
16.3901  0.3
16.4001  0.25
16.4101  0.27
16.4201  0.22
16.4301  0.29
16.4401  0.25
16.4501  0.26
16.4601  0.23
16.4701  0.26
16.4801  0.23
16.4901  0.24
16.5001  0.26
16.5101  0.28
16.5201  0.26
16.5301  0.24
16.5401  0.24
16.5501  0.23
16.5601  0.28
16.5701  0.3
16.5801  0.24
16.5901  0.26
16.6001  0.22
16.6101  0.26
16.6201  0.24
16.6301  0.25
16.6401  0.26
16.6501  0.28
16.6601  0.31
16.6701  0.26
16.6801  0.28
16.6901  0.24
16.7001  0.21
16.7101  0.27
16.7201  0.2
16.7301  0.27
16.7401  0.3
16.7501  0.22
16.7601  0.24
16.7701  0.26
16.7801  0.25
16.7901  0.28
16.8001  0.25
16.8101  0.25
16.8201  0.3
16.8301  0.25
16.8401  0.19
16.8501  0.32
16.8601  0.24
16.8701  0.31
16.8801  0.19
16.8901  0.28
16.9001  0.25
16.9101  0.22
16.9201  0.22
16.9301  0.28
16.9401  0.25
16.9501  0.27
16.9601  0.26
16.9701  0.24
16.9801  0.26
16.9901  0.18
17.0001  0.3
17.0101  0.26
17.0201  0.3
17.0301  0.22
17.0401  0.28
17.0501  0.29
17.0601  0.32
17.0701  0.22
17.0801  0.28
17.0901  0.18
17.1001  0.29
17.1101  0.27
17.1201  0.23
17.1301  0.29
17.1401  0.25
17.1501  0.21
17.1601  0.22
17.1701  0.31
17.1801  0.22
17.1901  0.2
17.2001  0.27
17.2101  0.29
17.2201  0.23
17.2301  0.29
17.2401  0.2
17.2501  0.25
17.2601  0.29
17.2701  0.3
17.2801  0.26
17.2901  0.23
17.3001  0.25
17.3101  0.26
17.3201  0.24
17.3301  0.28
17.3401  0.28
17.3501  0.2
17.3601  0.3
17.3701  0.28
17.3801  0.24
17.3901  0.27
17.4001  0.25
17.4101  0.23
17.4201  0.26
17.4301  0.24
17.4401  0.32
17.4501  0.19
17.4601  0.3
17.4701  0.28
17.4801  0.18
17.4901  0.22
17.5001  0.25
17.5101  0.29
17.5201  0.23
17.5301  0.24
17.5401  0.31
17.5501  0.3
17.5601  0.3
17.5701  0.23
17.5801  0.24
17.5901  0.21
17.6001  0.24
17.6101  0.31
17.6201  0.25
17.6301  0.18
17.6401  0.29
17.6501  0.21
17.6601  0.25
17.6701  0.31
17.6801  0.28
17.6901  0.21
17.7001  0.28
17.7101  0.28
17.7201  0.22
17.7301  0.27
17.7401  0.25
17.7501  0.22
17.7601  0.27
17.7701  0.28
17.7801  0.28
17.7901  0.31
17.8001  0.21
17.8101  0.2
17.8201  0.26
17.8301  0.23
17.8401  0.3
17.8501  0.22
17.8601  0.28
17.8701  0.29
17.8801  0.27
17.8901  0.22
17.9001  0.26
17.9101  0.29
17.9201  0.24
17.9301  0.23
17.9401  0.24
17.9501  0.28
17.9601  0.2
17.9701  0.27
17.9801  0.22
17.9901  0.28
18.0001  0.27
18.0101  0.25
18.0201  0.28
18.0301  0.24
18.0401  0.24
18.0501  0.26
18.0601  0.25
18.0701  0.28
18.0801  0.23
18.0901  0.27
18.1001  0.26
18.1101  0.22
18.1201  0.25
18.1301  0.28
18.1401  0.28
18.1501  0.27
18.1601  0.31
18.1701  0.24
18.1801  0.27
18.1901  0.16
18.2001  0.3
18.2101  0.21
18.2201  0.36
18.2301  0.18
18.2401  0.29
18.2501  0.22
18.2601  0.27
18.2701  0.24
18.2801  0.3
18.2901  0.26
18.3001  0.25
18.3101  0.22
18.3201  0.25
18.3301  0.25
18.3401  0.25
18.3501  0.29
18.3601  0.21
18.3701  0.21
18.3801  0.35
18.3901  0.16
18.4001  0.3
18.4101  0.27
18.4201  0.19
18.4301  0.31
18.4401  0.28
18.4501  0.23
18.4601  0.23
18.4701  0.31
18.4801  0.2
18.4901  0.34
18.5001  0.21
18.5101  0.24
18.5201  0.23
18.5301  0.33
18.5401  0.25
18.5501  0.26
18.5601  0.26
18.5701  0.28
18.5801  0.24
18.5901  0.26
18.6001  0.24
18.6101  0.24
18.6201  0.26
18.6301  0.27
18.6401  0.21
18.6501  0.24
18.6601  0.23
18.6701  0.3
18.6801  0.25
18.6901  0.21
18.7001  0.27
18.7101  0.28
18.7201  0.29
18.7301  0.29
18.7401  0.25
18.7501  0.24
18.7601  0.17
18.7701  0.29
18.7801  0.22
18.7901  0.29
18.8001  0.31
18.8101  0.27
18.8201  0.22
18.8301  0.23
18.8401  0.28
18.8501  0.22
18.8601  0.25
18.8701  0.23
18.8801  0.32
18.8901  0.25
18.9001  0.29
18.9101  0.22
18.9201  0.36
18.9301  0.21
18.9401  0.18
18.9501  0.27
18.9601  0.29
18.9701  0.25
18.9801  0.23
18.9901  0.24
19.0001  0.28
19.0101  0.21
19.0201  0.35
19.0301  0.21
19.0401  0.25
19.0501  0.27
19.0601  0.21
19.0701  0.25
19.0801  0.25
19.0901  0.27
19.1001  0.19
19.1101  0.26
19.1201  0.32
19.1301  0.28
19.1401  0.21
19.1501  0.3
19.1601  0.24
19.1701  0.3
19.1801  0.25
19.1901  0.27
19.2001  0.2
19.2101  0.29
19.2201  0.2
19.2301  0.27
19.2401  0.24
19.2501  0.27
19.2601  0.24
19.2701  0.22
19.2801  0.28
19.2901  0.34
19.3001  0.25
19.3101  0.22
19.3201  0.29
19.3301  0.23
19.3401  0.25
19.3501  0.25
19.3601  0.24
19.3701  0.28
19.3801  0.25
19.3901  0.26
19.4001  0.23
19.4101  0.26
19.4201  0.26
19.4301  0.25
19.4401  0.28
19.4501  0.25
19.4601  0.28
19.4701  0.27
19.4801  0.19
19.4901  0.29
19.5001  0.27
19.5101  0.26
19.5201  0.23
19.5301  0.26
19.5401  0.21
19.5501  0.23
19.5601  0.28
19.5701  0.26
19.5801  0.21
19.5901  0.27
19.6001  0.26
19.6101  0.29
19.6201  0.23
19.6301  0.25
19.6401  0.27
19.6501  0.26
19.6601  0.33
19.6701  0.28
19.6801  0.2
19.6901  0.32
19.7001  0.27
19.7101  0.25
19.7201  0.24
19.7301  0.24
19.7401  0.22
19.7501  0.23
19.7601  0.27
19.7701  0.22
19.7801  0.25
19.7901  0.3
19.8001  0.18
19.8101  0.26
19.8201  0.25
19.8301  0.27
19.8401  0.27
19.8501  0.25
19.8601  0.24
19.8701  0.29
19.8801  0.28
19.8901  0.25
19.9001  0.24
19.9101  0.26
19.9201  0.3
19.9301  0.24
19.9401  0.29
19.9501  0.26
19.9601  0.25
19.9701  0.21
19.9801  0.24
19.9901  0.2
20.0001  0.24
20.0101  0.3
20.0201  0.29
20.0301  0.31
20.0401  0.22
20.0501  0.25
20.0601  0.3
20.0701  0.24
20.0801  0.18
20.0901  0.3
20.1001  0.26
20.1101  0.25
20.1201  0.2
20.1301  0.32
20.1401  0.22
20.1501  0.29
20.1601  0.24
20.1701  0.29
20.1801  0.26
20.1901  0.17
20.2001  0.3
20.2101  0.26
20.2201  0.26
20.2301  0.25
20.2401  0.22
20.2501  0.26
20.2601  0.23
20.2701  0.3
20.2801  0.24
20.2901  0.25
20.3001  0.29
20.3101  0.27
20.3201  0.21
20.3301  0.24
20.3401  0.25
20.3501  0.32
20.3601  0.23
20.3701  0.21
20.3801  0.31
20.3901  0.28
20.4001  0.26
20.4101  0.27
20.4201  0.24
20.4301  0.29
20.4401  0.21
20.4501  0.26
20.4601  0.24
20.4701  0.23
20.4801  0.25
20.4901  0.27
20.5001  0.28
20.5101  0.23
20.5201  0.28
20.5301  0.21
20.5401  0.24
20.5501  0.24
20.5601  0.28
20.5701  0.26
20.5801  0.26
20.5901  0.21
20.6001  0.35
20.6101  0.26
20.6201  0.25
20.6301  0.2
20.6401  0.35
20.6501  0.18
20.6601  0.27
20.6701  0.28
20.6801  0.23
20.6901  0.24
20.7001  0.23
20.7101  0.24
20.7201  0.24
20.7301  0.3
20.7401  0.3
20.7501  0.23
20.7601  0.25
20.7701  0.21
20.7801  0.28
20.7901  0.3
20.8001  0.27
20.8101  0.25
20.8201  0.2
20.8301  0.3
20.8401  0.22
20.8501  0.31
20.8601  0.3
20.8701  0.2
20.8801  0.28
20.8901  0.24
20.9001  0.24
20.9101  0.23
20.9201  0.22
20.9301  0.3
20.9401  0.25
20.9501  0.22
20.9601  0.27
20.9701  0.3
20.9801  0.29
20.9901  0.22
21.0001  0.27
21.0101  0.2
21.0201  0.27
21.0301  0.24
21.0401  0.23
21.0501  0.21
21.0601  0.32
21.0701  0.27
21.0801  0.23
21.0901  0.31
21.1001  0.25
21.1101  0.22
21.1201  0.26
21.1301  0.26
21.1401  0.22
21.1501  0.27
21.1601  0.31
21.1701  0.26
21.1801  0.23
21.1901  0.31
21.2001  0.28
21.2101  0.24
21.2201  0.17
21.2301  0.29
21.2401  0.27
21.2501  0.23
21.2601  0.26
21.2701  0.28
21.2801  0.26
21.2901  0.22
21.3001  0.3
21.3101  0.21
21.3201  0.28
21.3301  0.18
21.3401  0.31
21.3501  0.25
21.3601  0.26
21.3701  0.23
21.3801  0.26
21.3901  0.21
21.4001  0.29
21.4101  0.32
21.4201  0.21
21.4301  0.27
21.4401  0.26
21.4501  0.2
21.4601  0.29
21.4701  0.23
21.4801  0.27
21.4901  0.27
21.5001  0.22
21.5101  0.21
21.5201  0.35
21.5301  0.32
21.5401  0.23
21.5501  0.22
21.5601  0.28
21.5701  0.3
21.5801  0.18
21.5901  0.3
21.6001  0.3
21.6101  0.23
21.6201  0.23
21.6301  0.17
21.6401  0.26
21.6501  0.27
21.6601  0.25
21.6701  0.31
21.6801  0.19
21.6901  0.28
21.7001  0.3
21.7101  0.22
21.7201  0.22
21.7301  0.24
21.7401  0.27
21.7501  0.32
21.7601  0.21
21.7701  0.26
21.7801  0.23
21.7901  0.3
21.8001  0.26
21.8101  0.22
21.8201  0.29
21.8301  0.32
21.8401  0.22
21.8501  0.24
21.8601  0.22
21.8701  0.22
21.8801  0.3
21.8901  0.25
21.9001  0.32
21.9101  0.22
21.9201  0.27
21.9301  0.26
21.9401  0.22
21.9501  0.28
21.9601  0.21
21.9701  0.23
21.9801  0.26
21.9901  0.23
22.0001  0.28
22.0101  0.25
22.0201  0.29
22.0301  0.32
22.0401  0.26
22.0501  0.24
22.0601  0.25
22.0701  0.25
22.0801  0.22
22.0901  0.28
22.1001  0.24
22.1101  0.25
22.1201  0.27
22.1301  0.28
22.1401  0.25
22.1501  0.22
22.1601  0.27
22.1701  0.22
22.1801  0.28
22.1901  0.22
22.2001  0.27
22.2101  0.22
22.2201  0.24
22.2301  0.26
22.2401  0.26
22.2501  0.31
22.2601  0.27
22.2701  0.23
22.2801  0.27
22.2901  0.22
22.3001  0.27
22.3101  0.32
22.3201  0.26
22.3301  0.25
22.3401  0.28
22.3501  0.27
22.3601  0.21
22.3701  0.22
22.3801  0.24
22.3901  0.25
22.4001  0.29
22.4101  0.26
22.4201  0.23
22.4301  0.26
22.4401  0.28
22.4501  0.27
22.4601  0.2
22.4701  0.3
22.4801  0.21
22.4901  0.29
22.5001  0.23
22.5101  0.26
22.5201  0.23
22.5301  0.31
22.5401  0.22
22.5501  0.26
22.5601  0.27
22.5701  0.24
22.5801  0.28
22.5901  0.28
22.6001  0.22
22.6101  0.22
22.6201  0.23
22.6301  0.28
22.6401  0.28
22.6501  0.26
22.6601  0.24
22.6701  0.31
22.6801  0.19
22.6901  0.28
22.7001  0.27
22.7101  0.23
22.7201  0.27
22.7301  0.27
22.7401  0.25
22.7501  0.25
22.7601  0.26
22.7701  0.22
22.7801  0.27
22.7901  0.26
22.8001  0.29
22.8101  0.3
22.8201  0.26
22.8301  0.24
22.8401  0.24
22.8501  0.26
22.8601  0.28
22.8701  0.18
22.8801  0.25
22.8901  0.28
22.9001  0.25
22.9101  0.21
22.9201  0.21
22.9301  0.27
22.9401  0.25
22.9501  0.31
22.9601  0.25
22.9701  0.27
22.9801  0.21
22.9901  0.27
23.0001  0.28
23.0101  0.2
23.0201  0.28
23.0301  0.29
23.0401  0.24
23.0501  0.34
23.0601  0.19
23.0701  0.29
23.0801  0.21
23.0901  0.37
23.1001  0.18
23.1101  0.29
23.1201  0.28
23.1301  0.22
23.1401  0.19
23.1501  0.27
23.1601  0.28
23.1701  0.2
23.1801  0.26
23.1901  0.28
23.2001  0.3
23.2101  0.23
23.2201  0.28
23.2301  0.26
23.2401  0.16
23.2501  0.29
23.2601  0.21
23.2701  0.26
23.2801  0.32
23.2901  0.24
23.3001  0.29
23.3101  0.28
23.3201  0.23
23.3301  0.17
23.3401  0.28
23.3501  0.31
23.3601  0.23
23.3701  0.23
23.3801  0.33
23.3901  0.23
23.4001  0.29
23.4101  0.24
23.4201  0.2
23.4301  0.32
23.4401  0.17
23.4501  0.28
23.4601  0.22
23.4701  0.26
23.4801  0.26
23.4901  0.25
23.5001  0.29
23.5101  0.27
23.5201  0.24
23.5301  0.36
23.5401  0.23
23.5501  0.23
23.5601  0.25
23.5701  0.27
23.5801  0.24
23.5901  0.25
23.6001  0.29
23.6101  0.17
23.6201  0.27
23.6301  0.2
23.6401  0.29
23.6501  0.27
23.6601  0.24
23.6701  0.28
23.6801  0.24
23.6901  0.29
23.7001  0.23
23.7101  0.22
23.7201  0.27
23.7301  0.27
23.7401  0.25
23.7501  0.31
23.7601  0.21
23.7701  0.33
23.7801  0.26
23.7901  0.24
23.8001  0.23
23.8101  0.21
23.8201  0.24
23.8301  0.26
23.8401  0.26
23.8501  0.2
23.8601  0.26
23.8701  0.27
23.8801  0.27
23.8901  0.27
23.9001  0.31
23.9101  0.31
23.9201  0.24
23.9301  0.19
23.9401  0.26
23.9501  0.29
23.9601  0.23
23.9701  0.29
23.9801  0.28
23.9901  0.21
24.0001  0.23
24.0101  0.23
24.0201  0.29
24.0301  0.28
24.0401  0.26
24.0501  0.25
24.0601  0.24
24.0701  0.26
24.0801  0.19
24.0901  0.28
24.1001  0.21
24.1101  0.28
24.1201  0.3
24.1301  0.2
24.1401  0.3
24.1501  0.28
24.1601  0.23
24.1701  0.21
24.1801  0.3
24.1901  0.24
24.2001  0.25
24.2101  0.27
24.2201  0.23
24.2301  0.25
24.2401  0.31
24.2501  0.27
24.2601  0.23
24.2701  0.31
24.2801  0.21
24.2901  0.29
24.3001  0.29
24.3101  0.24
24.3201  0.28
24.3301  0.19
24.3401  0.29
24.3501  0.22
24.3601  0.29
24.3701  0.2
24.3801  0.26
24.3901  0.28
24.4001  0.26
24.4101  0.18
24.4201  0.29
24.4301  0.24
24.4401  0.26
24.4501  0.21
24.4601  0.27
24.4701  0.28
24.4801  0.24
24.4901  0.25
24.5001  0.31
24.5101  0.25
24.5201  0.22
24.5301  0.34
24.5401  0.21
24.5501  0.29
24.5601  0.2
24.5701  0.29
24.5801  0.28
24.5901  0.18
24.6001  0.25
24.6101  0.25
24.6201  0.23
24.6301  0.28
24.6401  0.3
24.6501  0.28
24.6601  0.2
24.6701  0.29
24.6801  0.24
24.6901  0.24
24.7001  0.31
24.7101  0.31
24.7201  0.18
24.7301  0.29
24.7401  0.22
24.7501  0.27
24.7601  0.26
24.7701  0.27
24.7801  0.26
24.7901  0.22
24.8001  0.26
24.8101  0.2
24.8201  0.26
24.8301  0.25
24.8401  0.26
24.8501  0.29
24.8601  0.26
24.8701  0.23
24.8801  0.32
24.8901  0.22
24.9001  0.2
24.9101  0.3
24.9201  0.26
24.9301  0.23
24.9401  0.28
24.9501  0.25
24.9601  0.2
24.9701  0.3
24.9801  0.24
24.9901  0.29
25.0001  0.29
25.0101  0.23
25.0201  0.26
25.0301  0.24
25.0401  0.3
25.0501  0.19
25.0601  0.29
25.0701  0.25
25.0801  0.28
25.0901  0.27
25.1001  0.26
25.1101  0.2
25.1201  0.27
25.1301  0.25
25.1401  0.26
25.1501  0.27
25.1601  0.18
25.1701  0.29
25.1801  0.25
25.1901  0.21
25.2001  0.27
25.2101  0.23
25.2201  0.33
25.2301  0.24
25.2401  0.23
25.2501  0.32
25.2601  0.25
25.2701  0.27
25.2801  0.24
25.2901  0.3
25.3001  0.21
25.3101  0.24
25.3201  0.25
25.3301  0.26
25.3401  0.33
25.3501  0.18
25.3601  0.22
25.3701  0.26
25.3801  0.21
25.3901  0.24
25.4001  0.35
25.4101  0.21
25.4201  0.26
25.4301  0.28
25.4401  0.25
25.4501  0.26
25.4601  0.29
25.4701  0.24
25.4801  0.27
25.4901  0.24
25.5001  0.28
25.5101  0.24
25.5201  0.28
25.5301  0.26
25.5401  0.27
25.5501  0.2
25.5601  0.28
25.5701  0.32
25.5801  0.23
25.5901  0.21
25.6001  0.23
25.6101  0.25
25.6201  0.26
25.6301  0.28
25.6401  0.21
25.6501  0.24
25.6601  0.31
25.6701  0.26
25.6801  0.21
25.6901  0.27
25.7001  0.25
25.7101  0.26
25.7201  0.23
25.7301  0.19
25.7401  0.3
25.7501  0.26
25.7601  0.3
25.7701  0.25
25.7801  0.28
25.7901  0.22
25.8001  0.29
25.8101  0.25
25.8201  0.28
25.8301  0.23
25.8401  0.31
25.8501  0.28
25.8601  0.23
25.8701  0.22
25.8801  0.25
25.8901  0.2
25.9001  0.3
25.9101  0.28
25.9201  0.28
25.9301  0.25
25.9401  0.23
25.9501  0.3
25.9601  0.22
25.9701  0.22
25.9801  0.21
25.9901  0.24
26.0001  0.34
26.0101  0.22
26.0201  0.24
26.0301  0.25
26.0401  0.29
26.0501  0.27
26.0601  0.26
26.0701  0.26
26.0801  0.21
26.0901  0.27
26.1001  0.26
26.1101  0.22
26.1201  0.26
26.1301  0.31
26.1401  0.25
26.1501  0.23
26.1601  0.2
26.1701  0.26
26.1801  0.32
26.1901  0.21
26.2001  0.25
26.2101  0.33
26.2201  0.22
26.2301  0.25
26.2401  0.28
26.2501  0.25
26.2601  0.26
26.2701  0.27
26.2801  0.27
26.2901  0.27
26.3001  0.26
26.3101  0.24
26.3201  0.24
26.3301  0.23
26.3401  0.22
26.3501  0.31
26.3601  0.21
26.3701  0.26
26.3801  0.23
26.3901  0.3
26.4001  0.26
26.4101  0.27
26.4201  0.26
26.4301  0.21
26.4401  0.28
26.4501  0.25
26.4601  0.25
26.4701  0.25
26.4801  0.2
26.4901  0.25
26.5001  0.29
26.5101  0.33
26.5201  0.23
26.5301  0.24
26.5401  0.26
26.5501  0.22
26.5601  0.28
26.5701  0.26
26.5801  0.27
26.5901  0.31
26.6001  0.19
26.6101  0.24
26.6201  0.25
26.6301  0.29
26.6401  0.25
26.6501  0.27
26.6601  0.2
26.6701  0.29
26.6801  0.24
26.6901  0.25
26.7001  0.28
26.7101  0.27
26.7201  0.28
26.7301  0.19
26.7401  0.25
26.7501  0.27
26.7601  0.3
26.7701  0.24
26.7801  0.26
26.7901  0.25
26.8001  0.27
26.8101  0.27
26.8201  0.22
26.8301  0.25
26.8401  0.22
26.8501  0.34
26.8601  0.17
26.8701  0.26
26.8801  0.29
26.8901  0.24
26.9001  0.27
26.9101  0.23
26.9201  0.23
26.9301  0.25
26.9401  0.24
26.9501  0.26
26.9601  0.29
26.9701  0.17
26.9801  0.29
26.9901  0.29
27.0001  0.27
27.0101  0.29
27.0201  0.3
27.0301  0.23
27.0401  0.28
27.0501  0.26
27.0601  0.26
27.0701  0.24
27.0801  0.25
27.0901  0.2
27.1001  0.2
27.1101  0.3
27.1201  0.28
27.1301  0.26
27.1401  0.27
27.1501  0.25
27.1601  0.28
27.1701  0.24
27.1801  0.22
27.1901  0.24
27.2001  0.32
27.2101  0.21
27.2201  0.23
27.2301  0.28
27.2401  0.28
27.2501  0.22
27.2601  0.29
27.2701  0.29
27.2801  0.23
27.2901  0.22
27.3001  0.27
27.3101  0.26
27.3201  0.21
27.3301  0.24
27.3401  0.28
27.3501  0.3
27.3601  0.23
27.3701  0.25
27.3801  0.25
27.3901  0.23
27.4001  0.27
27.4101  0.29
27.4201  0.26
27.4301  0.23
27.4401  0.3
27.4501  0.28
27.4601  0.19
27.4701  0.3
27.4801  0.22
27.4901  0.33
27.5001  0.29
27.5101  0.21
27.5201  0.25
27.5301  0.27
27.5401  0.26
27.5501  0.17
27.5601  0.28
27.5701  0.24
27.5801  0.31
27.5901  0.22
27.6001  0.25
27.6101  0.23
27.6201  0.22
27.6301  0.26
27.6401  0.27
27.6501  0.22
27.6601  0.3
27.6701  0.25
27.6801  0.29
27.6901  0.25
27.7001  0.22
27.7101  0.25
27.7201  0.25
27.7301  0.24
27.7401  0.29
27.7501  0.32
27.7601  0.23
27.7701  0.25
27.7801  0.25
27.7901  0.34
27.8001  0.17
27.8101  0.31
27.8201  0.21
27.8301  0.24
27.8401  0.29
27.8501  0.23
27.8601  0.26
27.8701  0.27
27.8801  0.21
27.8901  0.3
27.9001  0.26
27.9101  0.25
27.9201  0.26
27.9301  0.23
27.9401  0.24
27.9501  0.29
27.9601  0.22
27.9701  0.24
27.9801  0.26
27.9901  0.26
28.0001  0.21
28.0101  0.29
28.0201  0.32
28.0301  0.22
28.0401  0.25
28.0501  0.28
28.0601  0.25
28.0701  0.2
28.0801  0.28
28.0901  0.31
28.1001  0.24
28.1101  0.19
28.1201  0.31
28.1301  0.25
28.1401  0.23
28.1501  0.28
28.1601  0.29
28.1701  0.26
28.1801  0.24
28.1901  0.21
28.2001  0.22
28.2101  0.27
28.2201  0.24
28.2301  0.22
28.2401  0.31
28.2501  0.31
28.2601  0.22
28.2701  0.29
28.2801  0.3
28.2901  0.2
28.3001  0.27
28.3101  0.23
28.3201  0.27
28.3301  0.25
28.3401  0.25
28.3501  0.3
28.3601  0.28
28.3701  0.25
28.3801  0.26
28.3901  0.22
28.4001  0.24
28.4101  0.23
28.4201  0.27
28.4301  0.26
28.4401  0.22
28.4501  0.28
28.4601  0.26
28.4701  0.19
28.4801  0.3
28.4901  0.25
28.5001  0.25
28.5101  0.23
28.5201  0.26
28.5301  0.24
28.5401  0.34
28.5501  0.22
28.5601  0.29
28.5701  0.18
28.5801  0.3
28.5901  0.27
28.6001  0.23
28.6101  0.29
28.6201  0.25
28.6301  0.24
28.6401  0.3
28.6501  0.21
28.6601  0.24
28.6701  0.28
28.6801  0.21
28.6901  0.29
28.7001  0.26
28.7101  0.27
28.7201  0.26
28.7301  0.28
28.7401  0.26
28.7501  0.26
28.7601  0.21
28.7701  0.29
28.7801  0.23
28.7901  0.22
28.8001  0.29
28.8101  0.31
28.8201  0.23
28.8301  0.26
28.8401  0.25
28.8501  0.22
28.8601  0.24
28.8701  0.23
28.8801  0.23
28.8901  0.27
28.9001  0.24
28.9101  0.29
28.9201  0.28
28.9301  0.26
28.9401  0.24
28.9501  0.29
28.9601  0.27
28.9701  0.21
28.9801  0.24
28.9901  0.23
29.0001  0.29
29.0101  0.29
29.0201  0.24
29.0301  0.22
29.0401  0.17
29.0501  0.31
29.0601  0.31
29.0701  0.24
29.0801  0.26
29.0901  0.29
29.1001  0.29
29.1101  0.28
29.1201  0.27
29.1301  0.27
29.1401  0.21
29.1501  0.25
29.1601  0.23
29.1701  0.25
29.1801  0.26
29.1901  0.21
29.2001  0.25
29.2101  0.24
29.2201  0.27
29.2301  0.24
29.2401  0.26
29.2501  0.23
29.2601  0.31
29.2701  0.19
29.2801  0.3
29.2901  0.26
29.3001  0.24
29.3101  0.25
29.3201  0.29
29.3301  0.22
29.3401  0.36
29.3501  0.24
29.3601  0.28
29.3701  0.22
29.3801  0.24
29.3901  0.27
29.4001  0.23
29.4101  0.24
29.4201  0.22
29.4301  0.27
29.4401  0.23
29.4501  0.26
29.4601  0.24
29.4701  0.27
29.4801  0.33
29.4901  0.28
29.5001  0.23
29.5101  0.32
29.5201  0.18
29.5301  0.25
29.5401  0.2
29.5501  0.26
29.5601  0.26
29.5701  0.33
29.5801  0.26
29.5901  0.26
29.6001  0.27
29.6101  0.22
29.6201  0.22
29.6301  0.22
29.6401  0.28
29.6501  0.31
29.6601  0.2
29.6701  0.25
29.6801  0.26
29.6901  0.25
29.7001  0.26
29.7101  0.26
29.7201  0.24
29.7301  0.27
29.7401  0.23
29.7501  0.29
29.7601  0.25
29.7701  0.28
29.7801  0.24
29.7901  0.31
29.8001  0.23
29.8101  0.24
29.8201  0.26
29.8301  0.24
29.8401  0.29
29.8501  0.23
29.8601  0.24
29.8701  0.22
29.8801  0.2
29.8901  0.32
29.9001  0.31
29.9101  0.21
29.9201  0.29
29.9301  0.28
29.9401  0.28
29.9501  0.25
29.9601  0.22
29.9701  0.23
29.9801  0.31
29.9901  0.17
30.0001  0.21
30.0101  0.25
30.0201  0.32
30.0301  0.26
30.0401  0.26
30.0501  0.3
30.0601  0.24
30.0701  0.26
30.0801  0.27
30.0901  0.31
30.1001  0.22
30.1101  0.24
30.1201  0.23
30.1301  0.28
30.1401  0.27
30.1501  0.22
30.1601  0.28
30.1701  0.17
30.1801  0.22
30.1901  0.3
30.2001  0.24
30.2101  0.31
30.2201  0.24
30.2301  0.18
30.2401  0.33
30.2501  0.27
30.2601  0.21
30.2701  0.22
30.2801  0.3
30.2901  0.27
30.3001  0.22
30.3101  0.27
30.3201  0.29
30.3301  0.27
30.3401  0.31
30.3501  0.21
30.3601  0.33
30.3701  0.27
30.3801  0.23
30.3901  0.27
30.4001  0.21
30.4101  0.21
30.4201  0.26
30.4301  0.23
30.4401  0.29
30.4501  0.21
30.4601  0.25
30.4701  0.27
30.4801  0.25
30.4901  0.27
30.5001  0.24
30.5101  0.23
30.5201  0.29
30.5301  0.24
30.5401  0.28
30.5501  0.19
30.5601  0.2
30.5701  0.36
30.5801  0.25
30.5901  0.28
30.6001  0.3
30.6101  0.22
30.6201  0.32
30.6301  0.22
30.6401  0.22
30.6501  0.21
30.6601  0.27
30.6701  0.26
30.6801  0.3
30.6901  0.22
30.7001  0.26
30.7101  0.27
30.7201  0.28
30.7301  0.3
30.7401  0.26
30.7501  0.25
30.7601  0.2
30.7701  0.27
30.7801  0.21
30.7901  0.28
30.8001  0.19
30.8101  0.31
30.8201  0.22
30.8301  0.3
30.8401  0.23
30.8501  0.25
30.8601  0.24
30.8701  0.24
30.8801  0.29
30.8901  0.22
30.9001  0.3
30.9101  0.31
30.9201  0.3
30.9301  0.2
30.9401  0.25
30.9501  0.24
30.9601  0.19
30.9701  0.3
30.9801  0.24
30.9901  0.23
31.0001  0.3
31.0101  0.21
31.0201  0.23
31.0301  0.26
31.0401  0.29
31.0501  0.25
31.0601  0.26
31.0701  0.26
31.0801  0.27
31.0901  0.3
31.1001  0.25
31.1101  0.24
31.1201  0.22
31.1301  0.27
31.1401  0.34
31.1501  0.27
31.1601  0.22
31.1701  0.27
31.1801  0.22
31.1901  0.23
31.2001  0.27
31.2101  0.23
31.2201  0.22
31.2301  0.28
31.2401  0.26
31.2501  0.25
31.2601  0.26
31.2701  0.28
31.2801  0.27
31.2901  0.2
31.3001  0.26
31.3101  0.3
31.3201  0.3
31.3301  0.2
31.3401  0.25
31.3501  0.25
31.3601  0.26
31.3701  0.22
31.3801  0.29
31.3901  0.27
31.4001  0.23
31.4101  0.29
31.4201  0.24
31.4301  0.21
31.4401  0.27
31.4501  0.26
31.4601  0.24
31.4701  0.29
31.4801  0.29
31.4901  0.24
31.5001  0.22
31.5101  0.24
31.5201  0.31
31.5301  0.24
31.5401  0.24
31.5501  0.26
31.5601  0.2
31.5701  0.29
31.5801  0.26
31.5901  0.3
31.6001  0.22
31.6101  0.28
31.6201  0.27
31.6301  0.24
31.6401  0.25
31.6501  0.24
31.6601  0.23
31.6701  0.24
31.6801  0.33
31.6901  0.21
31.7001  0.23
31.7101  0.32
31.7201  0.23
31.7301  0.3
31.7401  0.28
31.7501  0.22
31.7601  0.25
31.7701  0.26
31.7801  0.2
31.7901  0.19
31.8001  0.34
31.8101  0.2
31.8201  0.29
31.8301  0.29
31.8401  0.22
31.8501  0.24
31.8601  0.28
31.8701  0.29
31.8801  0.19
31.8901  0.25
31.9001  0.28
31.9101  0.17
31.9201  0.35
31.9301  0.28
31.9401  0.25
31.9501  0.29
31.9601  0.26
31.9701  0.23
31.9801  0.31
31.9901  0.19
32.0001  0.24
32.0101  0.31
32.0201  0.23
32.0301  0.29
32.0401  0.23
32.0501  0.25
32.0601  0.25
32.0701  0.29
32.0801  0.2
32.0901  0.26
32.1001  0.26
32.1101  0.26
32.1201  0.22
32.1301  0.24
32.1401  0.26
32.1501  0.23
32.1601  0.31
32.1701  0.2
32.1801  0.33
32.1901  0.29
32.2001  0.22
32.2101  0.19
32.2201  0.27
32.2301  0.31
32.2401  0.21
32.2501  0.3
32.2601  0.27
32.2701  0.21
32.2801  0.26
32.2901  0.21
32.3001  0.26
32.3101  0.27
32.3201  0.28
32.3301  0.23
32.3401  0.32
32.3501  0.25
32.3601  0.23
32.3701  0.22
32.3801  0.3
32.3901  0.21
32.4001  0.33
32.4101  0.3
32.4201  0.21
32.4301  0.27
32.4401  0.2
32.4501  0.31
32.4601  0.21
32.4701  0.31
32.4801  0.28
32.4901  0.2
32.5001  0.25
32.5101  0.27
32.5201  0.23
32.5301  0.23
32.5401  0.25
32.5501  0.29
32.5601  0.21
32.5701  0.28
32.5801  0.19
32.5901  0.26
32.6001  0.27
32.6101  0.26
32.6201  0.29
32.6301  0.24
32.6401  0.3
32.6501  0.2
32.6601  0.29
32.6701  0.23
32.6801  0.27
32.6901  0.29
32.7001  0.17
32.7101  0.3
32.7201  0.31
32.7301  0.27
32.7401  0.29
32.7501  0.22
32.7601  0.26
32.7701  0.23
32.7801  0.25
32.7901  0.23
32.8001  0.27
32.8101  0.27
32.8201  0.27
32.8301  0.21
32.8401  0.23
32.8501  0.26
32.8601  0.23
32.8701  0.24
32.8801  0.29
32.8901  0.3
32.9001  0.25
32.9101  0.26
32.9201  0.31
32.9301  0.24
32.9401  0.2
32.9501  0.26
32.9601  0.25
32.9701  0.3
32.9801  0.27
32.9901  0.23
33.0001  0.23
33.0101  0.28
33.0201  0.23
33.0301  0.25
33.0401  0.25
33.0501  0.24
33.0601  0.3
33.0701  0.2
33.0801  0.26
33.0901  0.24
33.1001  0.34
33.1101  0.2
33.1201  0.27
33.1301  0.23
33.1401  0.26
33.1501  0.22
33.1601  0.21
33.1701  0.24
33.1801  0.32
33.1901  0.29
33.2001  0.18
33.2101  0.29
33.2201  0.29
33.2301  0.37
33.2401  0.26
33.2501  0.25
33.2601  0.22
33.2701  0.23
33.2801  0.31
33.2901  0.18
33.3001  0.27
33.3101  0.23
33.3201  0.31
33.3301  0.29
33.3401  0.23
33.3501  0.21
33.3601  0.26
33.3701  0.22
33.3801  0.26
33.3901  0.28
33.4001  0.24
33.4101  0.27
33.4201  0.22
33.4301  0.22
33.4401  0.21
33.4501  0.26
33.4601  0.3
33.4701  0.31
33.4801  0.28
33.4901  0.22
33.5001  0.27
33.5101  0.25
33.5201  0.3
33.5301  0.25
33.5401  0.27
33.5501  0.19
33.5601  0.24
33.5701  0.25
33.5801  0.24
33.5901  0.27
33.6001  0.28
33.6101  0.32
33.6201  0.21
33.6301  0.26
33.6401  0.19
33.6501  0.33
33.6601  0.22
33.6701  0.27
33.6801  0.21
33.6901  0.26
33.7001  0.27
33.7101  0.27
33.7201  0.26
33.7301  0.25
33.7401  0.25
33.7501  0.31
33.7601  0.32
33.7701  0.23
33.7801  0.27
33.7901  0.22
33.8001  0.17
33.8101  0.29
33.8201  0.29
33.8301  0.24
33.8401  0.23
33.8501  0.2
33.8601  0.26
33.8701  0.23
33.8801  0.29
33.8901  0.2
33.9001  0.31
33.9101  0.31
33.9201  0.27
33.9301  0.25
33.9401  0.23
33.9501  0.24
33.9601  0.26
33.9701  0.2
33.9801  0.25
33.9901  0.31
34.0001  0.18
34.0101  0.36
34.0201  0.26
34.0301  0.25
34.0401  0.25
34.0501  0.27
34.0601  0.28
34.0701  0.25
34.0801  0.25
34.0901  0.28
34.1001  0.23
34.1101  0.3
34.1201  0.22
34.1301  0.28
34.1401  0.24
34.1501  0.23
34.1601  0.25
34.1701  0.23
34.1801  0.26
34.1901  0.25
34.2001  0.26
34.2101  0.26
34.2201  0.24
34.2301  0.2
34.2401  0.24
34.2501  0.29
34.2601  0.25
34.2701  0.3
34.2801  0.28
34.2901  0.25
34.3001  0.2
34.3101  0.25
34.3201  0.33
34.3301  0.23
34.3401  0.29
34.3501  0.27
34.3601  0.26
34.3701  0.22
34.3801  0.26
34.3901  0.25
34.4001  0.26
34.4101  0.22
34.4201  0.27
34.4301  0.25
34.4401  0.23
34.4501  0.27
34.4601  0.21
34.4701  0.29
34.4801  0.24
34.4901  0.26
34.5  0.26
34.51  0.32
34.52  0.25
34.53  0.25
34.54  0.25
34.55  0.22
34.56  0.27
34.57  0.32
34.58  0.27
34.59  0.26
34.6  0.19
34.61  0.27
34.62  0.28
34.63  0.17
34.64  0.3
34.65  0.24
34.66  0.27
34.67  0.24
34.68  0.24
34.69  0.26
34.7  0.26
34.71  0.27
34.72  0.19
34.73  0.3
34.74  0.27
34.75  0.25
34.76  0.3
34.77  0.26
34.78  0.23
34.79  0.23
34.8  0.21
34.81  0.28
34.82  0.26
34.83  0.27
34.84  0.25
34.85  0.26
34.86  0.27
34.87  0.18
34.88  0.3
34.89  0.21
34.9  0.29
34.91  0.3
34.92  0.24
34.93  0.32
34.94  0.21
34.95  0.29
34.96  0.24
34.97  0.33
34.98  0.19
34.99  0.28
35  0.18
35.01  0.29
35.02  0.24
35.03  0.25
35.04  0.25
35.05  0.27
35.06  0.31
35.07  0.17
35.08  0.28
35.09  0.24
35.1  0.25
35.11  0.23
35.12  0.28
35.13  0.31
35.14  0.21
35.15  0.31
35.16  0.22
35.17  0.25
35.18  0.25
35.19  0.25
35.2  0.21
35.21  0.27
35.22  0.23
35.23  0.26
35.24  0.27
35.25  0.3
35.26  0.2
35.27  0.24
35.28  0.27
35.29  0.31
35.3  0.26
35.31  0.26
35.32  0.26
35.33  0.18
35.34  0.28
35.35  0.25
35.36  0.35
35.37  0.23
35.38  0.32
35.39  0.19
35.4  0.31
35.41  0.26
35.42  0.24
35.43  0.18
35.44  0.31
35.45  0.25
35.46  0.2
35.47  0.24
35.48  0.23
35.49  0.27
35.5  0.21
35.51  0.31
35.52  0.28
35.53  0.24
35.54  0.23
35.55  0.29
35.56  0.27
35.57  0.17
35.58  0.29
35.59  0.3
35.6  0.23
35.61  0.29
35.62  0.23
35.63  0.23
35.64  0.27
35.65  0.31
35.66  0.21
35.67  0.27
35.68  0.26
35.69  0.28
35.7  0.19
35.71  0.29
35.72  0.29
35.73  0.27
35.74  0.2
35.75  0.33
35.76  0.22
35.77  0.22
35.78  0.3
35.79  0.25
35.8  0.26
35.81  0.23
35.82  0.26
35.83  0.2
35.84  0.28
35.85  0.23
35.86  0.28
35.87  0.22
35.88  0.32
35.89  0.25
35.9  0.25
35.91  0.23
35.92  0.27
35.93  0.29
35.94  0.32
35.95  0.22
35.96  0.25
35.97  0.2
35.98  0.28
35.99  0.21
36  0.22
36.01  0.32
36.02  0.21
36.03  0.25
36.04  0.27
36.05  0.28
36.06  0.25
36.07  0.26
36.08  0.23
36.09  0.27
36.1  0.23
36.11  0.21
36.12  0.27
36.13  0.26
36.14  0.36
36.15  0.18
36.16  0.25
36.17  0.28
36.18  0.3
36.19  0.27
36.2  0.25
36.21  0.3
36.22  0.21
36.23  0.28
36.24  0.24
36.25  0.24
36.26  0.29
36.27  0.25
36.28  0.21
36.29  0.23
36.3  0.27
36.31  0.24
36.32  0.22
36.33  0.29
36.34  0.25
36.35  0.2
36.36  0.28
36.37  0.29
36.38  0.3
36.39  0.22
36.4  0.28
36.41  0.28
36.42  0.23
36.43  0.22
36.44  0.3
36.45  0.23
36.46  0.29
36.47  0.28
36.48  0.24
36.49  0.19
36.5  0.27
36.51  0.3
36.52  0.23
36.53  0.24
36.54  0.24
36.55  0.2
36.56  0.3
36.57  0.19
36.58  0.32
36.59  0.25
36.6  0.29
36.61  0.29
36.62  0.19
36.63  0.26
36.64  0.31
36.65  0.21
36.66  0.25
36.67  0.32
36.68  0.22
36.69  0.3
36.7  0.21
36.71  0.28
36.72  0.25
36.73  0.26
36.74  0.28
36.75  0.29
36.76  0.24
36.77  0.26
36.78  0.22
36.79  0.23
36.8  0.25
36.81  0.23
36.82  0.26
36.83  0.3
36.84  0.2
36.85  0.23
36.86  0.31
36.87  0.23
36.88  0.23
36.89  0.25
36.9  0.25
36.91  0.27
36.92  0.22
36.93  0.28
36.94  0.22
36.95  0.3
36.96  0.17
36.97  0.34
36.98  0.32
36.99  0.24
37  0.24
37.01  0.3
37.02  0.2
37.03  0.34
37.04  0.22
37.05  0.29
37.06  0.19
37.07  0.31
37.08  0.21
37.09  0.32
37.1  0.28
37.11  0.18
37.12  0.27
37.13  0.25
37.14  0.24
37.15  0.24
37.16  0.3
37.17  0.23
37.18  0.22
37.19  0.28
37.2  0.23
37.21  0.24
37.22  0.26
37.23  0.3
37.24  0.22
37.25  0.18
37.26  0.37
37.27  0.28
37.28  0.25
37.29  0.21
37.3  0.24
37.31  0.22
37.32  0.23
37.33  0.21
37.34  0.32
37.35  0.32
37.36  0.28
37.37  0.19
37.38  0.3
37.39  0.2
37.4  0.26
37.41  0.29
37.42  0.28
37.43  0.25
37.44  0.25
37.45  0.25
37.46  0.3
37.47  0.21
37.48  0.28
37.49  0.23
37.5  0.26
37.51  0.28
37.52  0.24
37.53  0.26
37.54  0.3
37.55  0.23
37.56  0.27
37.57  0.19
37.58  0.29
37.59  0.19
37.6  0.29
37.61  0.31
37.62  0.28
37.63  0.23
37.64  0.23
37.65  0.23
37.66  0.29
37.67  0.17
37.68  0.29
37.69  0.24
37.7  0.24
37.71  0.3
37.72  0.24
37.73  0.26
37.74  0.2
37.75  0.29
37.76  0.31
37.77  0.25
37.78  0.26
37.79  0.2
37.8  0.24
37.81  0.33
37.82  0.26
37.83  0.29
37.84  0.26
37.85  0.25
37.86  0.22
37.87  0.29
37.88  0.17
37.89  0.28
37.9  0.24
37.91  0.21
37.92  0.28
37.93  0.22
37.94  0.33
37.95  0.27
37.96  0.24
37.97  0.3
37.98  0.28
37.99  0.23
38  0.26
38.01  0.32
38.02  0.19
38.03  0.2
38.04  0.26
38.05  0.26
38.06  0.2
38.07  0.31
38.08  0.32
38.09  0.22
38.1  0.26
38.11  0.2
38.12  0.22
38.13  0.32
38.14  0.3
38.15  0.24
38.16  0.22
38.17  0.28
38.18  0.25
38.19  0.27
38.2  0.19
38.21  0.25
38.22  0.28
38.23  0.24
38.24  0.29
38.25  0.19
38.26  0.28
38.27  0.21
38.28  0.33
38.29  0.24
38.3  0.25
38.31  0.27
38.32  0.29
38.33  0.23
38.34  0.32
38.35  0.19
38.36  0.27
38.37  0.22
38.38  0.27
38.39  0.3
38.4  0.24
38.41  0.28
38.42  0.27
38.43  0.21
38.44  0.32
38.45  0.16
38.46  0.33
38.47  0.23
38.48  0.27
38.49  0.19
38.5  0.29
38.51  0.24
38.52  0.25
38.53  0.27
38.54  0.25
38.55  0.21
38.56  0.31
38.57  0.21
38.58  0.29
38.59  0.23
38.6  0.22
38.61  0.2
38.62  0.33
38.63  0.31
38.64  0.24
38.65  0.28
38.66  0.28
38.67  0.25
38.68  0.22
38.69  0.27
38.7  0.24
38.71  0.25
38.72  0.23
38.73  0.24
38.74  0.28
38.75  0.29
38.76  0.2
38.77  0.24
38.78  0.27
38.79  0.33
38.8  0.27
38.81  0.22
38.82  0.24
38.83  0.32
38.84  0.26
38.85  0.25
38.86  0.26
38.87  0.17
38.88  0.34
38.89  0.18
38.9  0.28
38.91  0.28
38.92  0.3
38.93  0.22
38.94  0.22
38.95  0.27
38.96  0.19
38.97  0.29
38.98  0.26
38.99  0.22
39  0.24
39.01  0.28
39.02  0.27
39.03  0.23
39.04  0.27
39.05  0.27
39.06  0.23
39.07  0.3
39.08  0.17
39.09  0.25
39.1  0.24
39.11  0.32
39.12  0.36
39.13  0.19
39.14  0.24
39.15  0.22
39.16  0.25
39.17  0.29
39.18  0.28
39.19  0.26
39.2  0.27
39.21  0.24
39.22  0.27
39.23  0.26
39.24  0.21
39.25  0.3
39.26  0.21
39.27  0.24
39.28  0.26
39.29  0.28
39.3  0.29
39.31  0.26
39.32  0.24
39.33  0.21
39.34  0.29
39.35  0.27
39.36  0.19
39.37  0.21
39.38  0.25
39.39  0.31
39.4  0.27
39.41  0.22
39.42  0.25
39.43  0.23
39.44  0.27
39.45  0.24
39.46  0.29
39.47  0.33
39.48  0.22
39.49  0.35
39.5  0.19
39.51  0.35
39.52  0.22
39.53  0.25
39.54  0.22
39.55  0.21
39.56  0.26
39.57  0.22
39.58  0.19
39.59  0.34
39.6  0.24
39.61  0.3
39.62  0.19
39.63  0.28
39.64  0.25
39.65  0.24
39.66  0.24
39.67  0.3
39.68  0.27
39.69  0.26
39.7  0.24
39.71  0.28
39.72  0.23
39.73  0.3
39.74  0.26
39.75  0.28
39.76  0.24
39.77  0.25
39.78  0.22
39.79  0.28
39.8  0.27
39.81  0.29
39.82  0.21
39.83  0.27
39.84  0.25
39.85  0.26
39.86  0.2
39.87  0.24
39.88  0.28
39.89  0.22
39.9  0.26
39.91  0.26
39.92  0.24
39.93  0.24
39.94  0.26
39.95  0.31
39.96  0.21
39.97  0.28
39.98  0.24
39.99  0.25
40  0.25
40.01  0.29
40.02  0.27
40.03  0.24
40.04  0.29
40.05  0.23
40.06  0.2
40.07  0.35
40.08  0.19
40.09  0.25
40.1  0.27
40.11  0.27
40.12  0.26
40.13  0.3
40.14  0.18
40.15  0.3
40.16  0.3
40.17  0.2
40.18  0.31
40.19  0.27
40.2  0.2
40.21  0.22
40.22  0.27
40.23  0.26
40.24  0.26
40.25  0.24
40.26  0.29
40.27  0.24
40.28  0.23
40.29  0.3
40.3  0.15
40.31  0.36
40.32  0.24
40.33  0.17
40.34  0.3
40.35  0.23
40.36  0.29
40.37  0.25
40.38  0.32
40.39  0.22
40.4  0.23
40.41  0.26
40.42  0.2
40.43  0.28
40.44  0.29
40.45  0.26
40.46  0.24
40.47  0.26
40.48  0.2
40.49  0.29
40.5  0.24
40.51  0.25
40.52  0.26
40.53  0.31
40.54  0.23
40.55  0.31
40.56  0.37
40.57  0.28
40.58  0.16
40.59  0.27
40.6  0.22
40.61  0.23
40.62  0.25
40.63  0.31
40.64  0.21
40.65  0.23
40.66  0.26
40.67  0.23
40.68  0.21
40.69  0.27
40.7  0.26
40.71  0.33
40.72  0.23
40.73  0.21
40.74  0.26
40.75  0.26
40.76  0.3
40.77  0.24
40.78  0.25
40.79  0.27
40.8  0.25
40.81  0.2
40.82  0.28
40.83  0.31
40.84  0.27
40.85  0.19
40.86  0.27
40.87  0.23
40.88  0.29
40.89  0.24
40.9  0.26
40.91  0.31
40.92  0.21
40.93  0.23
40.94  0.2
40.95  0.38
40.96  0.23
40.97  0.23
40.98  0.25
40.99  0.26
41  0.27
41.01  0.33
41.02  0.23
41.03  0.27
41.04  0.19
41.05  0.23
41.06  0.25
41.07  0.28
41.08  0.28
41.09  0.23
41.1  0.23
41.11  0.3
41.12  0.24
41.13  0.21
41.14  0.29
41.15  0.27
41.16  0.28
41.17  0.24
41.18  0.24
41.19  0.27
41.2  0.24
41.21  0.27
41.22  0.22
41.23  0.31
41.24  0.2
41.25  0.31
41.26  0.2
41.27  0.23
41.28  0.25
41.29  0.29
41.3  0.26
41.31  0.25
41.32  0.22
41.33  0.35
41.34  0.15
41.35  0.33
41.36  0.18
41.37  0.28
41.38  0.24
41.39  0.29
41.4  0.34
41.41  0.23
41.42  0.24
41.43  0.26
41.44  0.27
41.45  0.28
41.46  0.23
41.47  0.3
41.48  0.22
41.49  0.23
41.5  0.24
41.51  0.24
41.52  0.25
41.53  0.23
41.54  0.25
41.55  0.27
41.56  0.23
41.57  0.28
41.58  0.3
41.59  0.25
41.6  0.25
41.61  0.27
41.62  0.26
41.63  0.27
41.64  0.2
41.65  0.27
41.66  0.28
41.67  0.24
41.68  0.27
41.69  0.24
41.7  0.31
41.71  0.24
41.72  0.24
41.73  0.18
41.74  0.28
41.75  0.25
41.76  0.29
41.77  0.24
41.78  0.17
41.79  0.29
41.8  0.34
41.81  0.21
41.82  0.23
41.83  0.21
41.84  0.27
41.85  0.31
41.86  0.3
41.87  0.26
41.88  0.24
41.89  0.3
41.9  0.22
41.91  0.23
41.92  0.3
41.93  0.22
41.94  0.27
41.95  0.3
41.96  0.28
41.97  0.24
41.98  0.22
41.99  0.22
42  0.26
42.01  0.26
42.02  0.29
42.03  0.25
42.04  0.29
42.05  0.22
42.06  0.25
42.07  0.22
42.08  0.23
42.09  0.28
42.1  0.23
42.11  0.21
42.12  0.25
42.13  0.27
42.14  0.29
42.15  0.26
42.16  0.23
42.17  0.28
42.18  0.19
42.19  0.26
42.2  0.27
42.21  0.31
42.22  0.27
42.23  0.29
42.24  0.25
42.25  0.27
42.26  0.23
42.27  0.23
42.28  0.26
42.29  0.33
42.3  0.22
42.31  0.22
42.32  0.26
42.33  0.24
42.34  0.33
42.35  0.25
42.36  0.26
42.37  0.23
42.38  0.29
42.39  0.21
42.4  0.24
42.41  0.2
42.42  0.22
42.43  0.28
42.44  0.29
42.45  0.24
42.46  0.26
42.47  0.23
42.48  0.28
42.49  0.24
42.5  0.33
42.51  0.22
42.52  0.29
42.53  0.24
42.54  0.23
42.55  0.28
42.56  0.24
42.57  0.29
42.58  0.24
42.59  0.2
42.6  0.26
42.61  0.23
42.62  0.28
42.63  0.25
42.64  0.31
42.65  0.25
42.66  0.33
42.67  0.14
42.68  0.32
42.69  0.27
42.7  0.2
42.71  0.29
42.72  0.2
42.73  0.22
42.74  0.23
42.75  0.25
42.76  0.3
42.77  0.3
42.78  0.29
42.79  0.28
42.8  0.3
42.81  0.17
42.82  0.26
42.83  0.28
42.84  0.24
42.85  0.27
42.86  0.2
42.87  0.29
42.88  0.27
42.89  0.22
42.9  0.31
42.91  0.27
42.92  0.21
42.93  0.2
42.94  0.29
42.95  0.3
42.96  0.21
42.97  0.21
42.98  0.27
42.99  0.24
43  0.25
43.01  0.29
43.02  0.25
43.03  0.28
43.04  0.23
43.05  0.25
43.06  0.23
43.07  0.22
43.08  0.3
43.09  0.29
43.1  0.29
43.11  0.24
43.12  0.24
43.13  0.26
43.14  0.28
43.15  0.23
43.16  0.24
43.17  0.26
43.18  0.28
43.19  0.23
43.2  0.24
43.21  0.33
43.22  0.22
43.23  0.26
43.24  0.27
43.25  0.25
43.26  0.21
43.27  0.26
43.28  0.3
43.29  0.2
43.3  0.3
43.31  0.2
43.32  0.3
43.33  0.21
43.34  0.3
43.35  0.25
43.36  0.24
43.37  0.32
43.38  0.25
43.39  0.26
43.4  0.3
43.41  0.22
43.42  0.19
43.43  0.29
43.44  0.26
43.45  0.19
43.46  0.26
43.47  0.24
43.48  0.27
43.49  0.19
43.5  0.34
43.51  0.22
43.52  0.3
43.53  0.21
43.54  0.26
43.55  0.29
43.56  0.26
43.57  0.28
43.58  0.19
43.59  0.24
43.6  0.27
43.61  0.25
43.62  0.27
43.63  0.28
43.64  0.18
43.65  0.34
43.66  0.25
43.67  0.24
43.68  0.29
43.69  0.31
43.7  0.26
43.71  0.21
43.72  0.23
43.73  0.32
43.74  0.3
43.75  0.25
43.76  0.16
43.77  0.27
43.78  0.23
43.79  0.32
43.8  0.25
43.81  0.2
43.82  0.28
43.83  0.22
43.84  0.24
43.85  0.2
43.86  0.27
43.87  0.27
43.88  0.26
43.89  0.26
43.9  0.22
43.91  0.33
43.92  0.28
43.93  0.24
43.94  0.26
43.95  0.25
43.96  0.2
43.97  0.31
43.98  0.3
43.99  0.24
44  0.23
44.01  0.2
44.02  0.3
44.03  0.26
44.04  0.22
44.05  0.28
44.06  0.28
44.07  0.27
44.08  0.17
44.09  0.26
44.1  0.26
44.11  0.31
44.12  0.26
44.13  0.29
44.14  0.27
44.15  0.26
44.16  0.2
44.17  0.25
44.18  0.29
44.19  0.23
44.2  0.27
44.21  0.26
44.22  0.27
44.23  0.24
44.24  0.2
44.25  0.3
44.26  0.31
44.27  0.26
44.28  0.16
44.29  0.25
44.3  0.22
44.31  0.25
44.32  0.26
44.33  0.23
44.34  0.26
44.35  0.22
44.36  0.27
44.37  0.33
44.38  0.24
44.39  0.28
44.4  0.29
44.41  0.18
44.42  0.32
44.43  0.26
44.44  0.28
44.45  0.28
44.46  0.22
44.47  0.21
44.48  0.28
44.49  0.28
44.5  0.24
44.51  0.28
44.52  0.22
44.53  0.29
44.54  0.25
44.55  0.15
44.56  0.36
44.57  0.24
44.58  0.24
44.59  0.23
44.6  0.28
44.61  0.22
44.62  0.23
44.63  0.32
44.64  0.28
44.65  0.23
44.66  0.25
44.67  0.25
44.68  0.29
44.69  0.23
44.7  0.22
44.71  0.25
44.72  0.29
44.73  0.22
44.74  0.27
44.75  0.29
44.76  0.26
44.77  0.24
44.78  0.27
44.79  0.31
44.8  0.22
44.81  0.22
44.82  0.28
44.83  0.21
44.84  0.31
44.85  0.25
44.86  0.21
44.87  0.27
44.88  0.25
44.89  0.26
44.9  0.2
44.91  0.22
44.92  0.31
44.93  0.2
44.94  0.34
44.95  0.28
44.96  0.19
44.97  0.23
44.98  0.28
44.99  0.29
45  0.2
45.01  0.32
45.02  0.32
45.03  0.22
45.04  0.24
45.05  0.23
45.06  0.3
45.07  0.24
45.08  0.24
45.09  0.27
45.1  0.31
45.11  0.26
45.12  0.21
45.13  0.27
45.14  0.22
45.15  0.31
45.16  0.23
45.17  0.28
45.18  0.24
45.19  0.22
45.2  0.22
45.21  0.26
45.22  0.24
45.23  0.23
45.24  0.26
45.25  0.3
45.26  0.26
45.27  0.21
45.28  0.26
45.29  0.3
45.3  0.24
45.31  0.23
45.32  0.25
45.33  0.28
45.34  0.25
45.35  0.29
45.36  0.2
45.37  0.43
45.38  0.17
45.39  0.28
45.4  0.16
45.41  0.26
45.42  0.25
45.43  0.26
45.44  0.3
45.45  0.2
45.46  0.27
45.47  0.27
45.48  0.28
45.49  0.23
45.5  0.28
45.51  0.34
45.52  0.24
45.53  0.22
45.54  0.23
45.55  0.24
45.56  0.22
45.57  0.3
45.58  0.26
45.59  0.26
45.6  0.24
45.61  0.22
45.62  0.29
45.63  0.23
45.64  0.31
45.65  0.23
45.66  0.23
45.67  0.23
45.68  0.3
45.69  0.24
45.7  0.25
45.71  0.26
45.72  0.24
45.73  0.26
45.74  0.31
45.75  0.27
45.76  0.2
45.77  0.27
45.78  0.23
45.79  0.22
45.8  0.25
45.81  0.29
45.82  0.26
45.83  0.27
45.84  0.21
45.85  0.21
45.86  0.27
45.87  0.31
45.88  0.27
45.89  0.26
45.9  0.31
45.91  0.22
45.92  0.34
45.93  0.22
45.94  0.27
45.95  0.24
45.96  0.22
45.97  0.23
45.98  0.34
45.99  0.27
46  0.19
46.01  0.24
46.02  0.25
46.03  0.3
46.04  0.21
46.05  0.22
46.06  0.21
46.07  0.3
46.08  0.23
46.09  0.28
46.1  0.23
46.11  0.3
46.12  0.28
46.13  0.17
46.14  0.26
46.15  0.28
46.16  0.28
46.17  0.21
46.18  0.26
46.19  0.37
46.2  0.2
46.21  0.26
46.22  0.27
46.23  0.26
46.24  0.23
46.25  0.28
46.26  0.19
46.27  0.23
46.28  0.28
46.29  0.27
46.3  0.3
46.31  0.28
46.32  0.22
46.33  0.25
46.34  0.23
46.35  0.26
46.36  0.26
46.37  0.29
46.38  0.27
46.39  0.23
46.4  0.28
46.41  0.2
46.42  0.27
46.43  0.28
46.44  0.18
46.45  0.28
46.46  0.3
46.47  0.26
46.48  0.28
46.49  0.21
46.5  0.3
46.51  0.25
46.52  0.24
46.53  0.2
46.54  0.27
46.55  0.21
46.56  0.29
46.57  0.21
46.58  0.35
46.59  0.22
46.6  0.31
46.61  0.22
46.62  0.33
46.63  0.2
46.64  0.26
46.65  0.26
46.66  0.22
46.67  0.26
46.68  0.28
46.69  0.2
46.7  0.24
46.71  0.27
46.72  0.22
46.73  0.25
46.74  0.29
46.75  0.26
46.76  0.2
46.77  0.26
46.78  0.34
46.79  0.23
46.8  0.27
46.81  0.27
46.82  0.29
46.83  0.24
46.84  0.29
46.85  0.25
46.86  0.27
46.87  0.23
46.88  0.24
46.89  0.23
46.9  0.27
46.91  0.23
46.92  0.29
46.93  0.23
46.94  0.28
46.95  0.26
46.96  0.25
46.97  0.26
46.98  0.29
46.99  0.19
47  0.23
47.01  0.32
47.02  0.28
47.03  0.14
47.04  0.27
47.05  0.25
47.06  0.29
47.07  0.31
47.08  0.27
47.09  0.2
47.1  0.23
47.11  0.2
47.12  0.37
47.13  0.23
47.14  0.25
47.15  0.25
47.16  0.23
47.17  0.24
47.18  0.26
47.19  0.22
47.2  0.29
47.21  0.19
47.22  0.26
47.23  0.3
47.24  0.22
47.25  0.38
47.26  0.21
47.27  0.28
47.28  0.22
47.29  0.31
47.3  0.27
47.31  0.26
47.32  0.27
47.33  0.19
47.34  0.28
47.35  0.26
47.36  0.23
47.37  0.35
47.38  0.23
47.39  0.2
47.4  0.29
47.41  0.26
47.42  0.2
47.43  0.23
47.44  0.24
47.45  0.23
47.46  0.32
47.47  0.24
47.48  0.28
47.49  0.26
47.5  0.26
47.51  0.21
47.52  0.18
47.53  0.33
47.54  0.23
47.55  0.25
47.56  0.28
47.57  0.24
47.58  0.29
47.59  0.24
47.6  0.22
47.61  0.25
47.62  0.21
47.63  0.29
47.64  0.3
47.65  0.26
47.66  0.31
47.67  0.26
47.68  0.3
47.69  0.27
47.7  0.22
47.71  0.27
47.72  0.22
47.73  0.22
47.74  0.29
47.75  0.23
47.76  0.3
47.77  0.21
47.78  0.24
47.79  0.26
47.8  0.19
47.81  0.25
47.82  0.27
47.83  0.3
47.84  0.24
47.85  0.28
47.86  0.24
47.87  0.25
47.88  0.31
47.89  0.24
47.9  0.3
47.91  0.18
47.92  0.3
47.93  0.25
47.94  0.25
47.95  0.26
47.96  0.25
47.97  0.24
47.98  0.21
47.99  0.29
48  0.23
48.01  0.26
48.02  0.23
48.03  0.31
48.04  0.28
48.05  0.23
48.06  0.25
48.07  0.21
48.08  0.25
48.09  0.24
48.1  0.35
48.11  0.22
48.12  0.25
48.13  0.26
48.14  0.21
48.15  0.22
48.16  0.36
48.17  0.21
48.18  0.14
48.19  0.36
48.2  0.32
48.21  0.29
48.22  0.31
48.23  0.26
48.24  0.24
48.25  0.2
48.26  0.25
48.27  0.31
48.28  0.18
48.29  0.28
48.3  0.21
48.31  0.26
48.32  0.19
48.33  0.32
48.34  0.23
48.35  0.26
48.36  0.27
48.37  0.29
48.38  0.25
48.39  0.22
48.4  0.28
48.41  0.25
48.42  0.23
48.43  0.28
48.44  0.24
48.45  0.23
48.46  0.26
48.47  0.27
48.48  0.18
48.49  0.26
48.5  0.31
48.51  0.32
48.52  0.27
48.53  0.24
48.54  0.29
48.55  0.16
48.56  0.3
48.57  0.26
48.58  0.23
48.59  0.29
48.6  0.22
48.61  0.23
48.62  0.29
48.63  0.22
48.64  0.27
48.65  0.24
48.66  0.25
48.67  0.25
48.68  0.35
48.69  0.22
48.7  0.22
48.71  0.27
48.72  0.22
48.73  0.27
48.74  0.24
48.75  0.33
48.76  0.23
48.77  0.25
48.78  0.28
48.79  0.36
48.8  0.26
48.81  0.19
48.82  0.18
48.83  0.33
48.84  0.2
48.85  0.3
48.86  0.2
48.87  0.22
48.88  0.25
48.89  0.32
48.9  0.21
48.91  0.23
48.92  0.24
48.93  0.24
48.94  0.3
48.95  0.29
48.96  0.21
48.97  0.26
48.98  0.26
48.99  0.25
49  0.32
49.01  0.19
49.02  0.24
49.03  0.34
49.04  0.2
49.05  0.24
49.06  0.25
49.07  0.29
49.08  0.27
49.09  0.22
49.1  0.27
49.11  0.24
49.12  0.31
49.13  0.3
49.14  0.27
49.15  0.25
49.16  0.22
49.17  0.25
49.18  0.3
49.19  0.25
49.2  0.2
49.21  0.22
49.22  0.28
49.23  0.34
49.24  0.17
49.25  0.28
49.26  0.24
49.27  0.21
49.28  0.29
49.29  0.25
49.3  0.21
49.31  0.28
49.32  0.27
49.33  0.26
49.34  0.26
49.35  0.13
49.36  0.34
49.37  0.23
49.38  0.31
49.39  0.23
49.4  0.24
49.41  0.23
49.42  0.29
49.43  0.25
49.44  0.28
49.45  0.29
49.46  0.24
49.47  0.3
49.48  0.27
49.49  0.24
49.5  0.22
49.51  0.29
49.52  0.21
49.53  0.26
49.54  0.25
49.55  0.21
49.56  0.27
49.57  0.24
49.58  0.31
49.59  0.21
49.6  0.31
49.61  0.25
49.62  0.27
49.63  0.26
49.64  0.18
49.65  0.27
49.66  0.31
49.67  0.28
49.68  0.21
49.69  0.33
49.7  0.2
49.71  0.32
49.72  0.17
49.73  0.23
49.74  0.25
49.75  0.26
49.76  0.21
49.77  0.39
49.78  0.21
49.79  0.26
49.8  0.24
49.81  0.22
49.82  0.26
49.83  0.26
49.84  0.24
49.85  0.23
49.86  0.34
49.87  0.22
49.88  0.18
49.89  0.31
49.9  0.31
49.91  0.31
49.92  0.16
49.93  0.23
49.94  0.25
49.95  0.35
49.96  0.24
49.97  0.23
49.98  0.22
49.99  0.33
50  0.25
50.01  0.19
50.02  0.31
50.03  0.26
50.04  0.18
50.05  0.33
50.06  0.2
50.07  0.27
50.08  0.3
50.09  0.24
50.1  0.26
50.11  0.22
50.12  0.31
50.13  0.24
50.14  0.26
50.15  0.24
50.16  0.25
50.17  0.24
50.18  0.23
50.19  0.31
50.2  0.24
50.21  0.26
50.22  0.24
50.23  0.29
50.24  0.25
50.25  0.22
50.26  0.34
50.27  0.2
50.28  0.23
50.29  0.22
50.3  0.26
50.31  0.29
50.32  0.19
50.33  0.24
50.34  0.33
50.35  0.27
50.36  0.29
50.37  0.22
50.38  0.28
50.39  0.16
50.4  0.27
50.41  0.26
50.42  0.26
50.43  0.25
50.44  0.29
50.45  0.27
50.46  0.24
50.47  0.27
50.48  0.21
50.49  0.3
50.5  0.21
50.51  0.26
50.52  0.27
50.53  0.27
50.54  0.28
50.55  0.3
50.56  0.24
50.57  0.25
50.58  0.26
50.59  0.32
50.6  0.2
50.61  0.29
50.62  0.22
50.63  0.28
50.64  0.2
50.65  0.29
50.66  0.26
50.67  0.14
50.68  0.26
50.69  0.27
50.7  0.21
50.71  0.33
50.72  0.23
50.73  0.29
50.74  0.29
50.75  0.2
50.76  0.27
50.77  0.26
50.78  0.23
50.79  0.25
50.8  0.21
50.81  0.35
50.82  0.19
50.83  0.28
50.84  0.26
50.85  0.2
50.86  0.35
50.87  0.22
50.88  0.27
50.89  0.27
50.9  0.21
50.91  0.26
50.92  0.28
50.93  0.26
50.94  0.24
50.95  0.26
50.96  0.22
50.97  0.3
50.98  0.27
50.99  0.31
51  0.25
51.01  0.28
51.02  0.15
51.03  0.3
51.04  0.25
51.05  0.27
51.06  0.23
51.07  0.26
51.08  0.23
51.09  0.28
51.1  0.22
51.11  0.25
51.12  0.26
51.13  0.27
51.14  0.27
51.15  0.23
51.16  0.31
51.17  0.24
51.18  0.2
51.19  0.24
51.2  0.31
51.21  0.29
51.22  0.26
51.23  0.26
51.24  0.16
51.25  0.23
51.26  0.27
51.27  0.25
51.28  0.27
51.29  0.21
51.3  0.27
51.31  0.26
51.32  0.25
51.33  0.31
51.34  0.26
51.35  0.28
51.36  0.24
51.37  0.2
51.38  0.28
51.39  0.26
51.4  0.27
51.41  0.28
51.42  0.21
51.43  0.32
51.44  0.26
51.45  0.26
51.46  0.28
51.47  0.28
51.48  0.25
51.49  0.25
51.5  0.25
51.51  0.2
51.52  0.28
51.53  0.25
51.54  0.3
51.55  0.23
51.56  0.18
51.57  0.2
51.58  0.28
51.59  0.23
51.6  0.3
51.61  0.24
51.62  0.3
51.63  0.25
51.64  0.2
51.65  0.22
51.66  0.35
51.67  0.21
51.68  0.29
51.69  0.25
51.7  0.23
51.71  0.25
51.72  0.35
51.73  0.26
51.74  0.3
51.75  0.18
51.76  0.26
51.77  0.29
51.78  0.26
51.79  0.22
51.8  0.23
51.81  0.28
51.82  0.22
51.83  0.21
51.84  0.28
51.85  0.26
51.86  0.24
51.87  0.23
51.88  0.28
51.89  0.27
51.9  0.21
51.91  0.35
51.92  0.25
51.93  0.23
51.94  0.24
51.95  0.26
51.96  0.24
51.97  0.25
51.98  0.25
51.99  0.32
52  0.22
52.01  0.36
52.02  0.23
52.03  0.26
52.04  0.22
52.05  0.23
52.06  0.3
52.07  0.21
52.08  0.27
52.09  0.28
52.1  0.22
52.11  0.24
52.12  0.24
52.13  0.27
52.14  0.36
52.15  0.21
52.16  0.26
52.17  0.2
52.18  0.24
52.19  0.23
52.2  0.26
52.21  0.26
52.22  0.24
52.23  0.24
52.24  0.23
52.25  0.26
52.26  0.34
52.27  0.2
52.28  0.3
52.29  0.22
52.3  0.3
52.31  0.23
52.32  0.35
52.33  0.2
52.34  0.25
52.35  0.22
52.36  0.23
52.37  0.38
52.38  0.17
52.39  0.28
52.4  0.27
52.41  0.26
52.42  0.28
52.43  0.24
52.44  0.21
52.45  0.2
52.46  0.34
52.47  0.26
52.48  0.3
52.49  0.29
52.5  0.23
52.51  0.21
52.52  0.24
52.53  0.24
52.54  0.21
52.55  0.28
52.56  0.2
52.57  0.27
52.58  0.3
52.59  0.21
52.6  0.35
52.61  0.27
52.62  0.21
52.63  0.24
52.64  0.32
52.65  0.18
52.66  0.3
52.67  0.25
52.68  0.25
52.69  0.22
52.7  0.24
52.71  0.27
52.72  0.25
52.73  0.21
52.74  0.28
52.75  0.27
52.76  0.32
52.77  0.16
52.78  0.26
52.79  0.24
52.8  0.28
52.81  0.32
52.82  0.28
52.83  0.29
52.84  0.16
52.85  0.32
52.86  0.24
52.87  0.28
52.88  0.26
52.89  0.31
52.9  0.23
52.91  0.26
52.92  0.19
52.93  0.21
52.94  0.23
52.95  0.33
52.96  0.24
52.97  0.26
52.98  0.21
52.99  0.29
53  0.22
53.01  0.32
53.02  0.19
53.03  0.33
53.04  0.22
53.05  0.25
53.06  0.24
53.07  0.31
53.08  0.13
53.09  0.27
53.1  0.25
53.11  0.3
53.12  0.29
53.13  0.22
53.14  0.28
53.15  0.22
53.16  0.28
53.17  0.26
53.18  0.21
53.19  0.28
53.2  0.28
53.21  0.28
53.22  0.22
53.23  0.24
53.24  0.3
53.25  0.19
53.26  0.32
53.27  0.26
53.28  0.24
53.29  0.3
53.3  0.25
53.31  0.23
53.32  0.28
53.33  0.19
53.34  0.22
53.35  0.25
53.36  0.35
53.37  0.22
53.38  0.29
53.39  0.27
53.4  0.26
53.41  0.24
53.42  0.25
53.43  0.25
53.44  0.25
53.45  0.26
53.46  0.22
53.47  0.25
53.48  0.21
53.49  0.29
53.5  0.27
53.51  0.21
53.52  0.35
53.53  0.2
53.54  0.34
53.55  0.15
53.56  0.31
53.57  0.27
53.58  0.2
53.59  0.28
53.6  0.25
53.61  0.26
53.62  0.25
53.63  0.24
53.64  0.22
53.65  0.3
53.66  0.26
53.67  0.26
53.68  0.3
53.69  0.17
53.7  0.27
53.71  0.25
53.72  0.26
53.73  0.25
53.74  0.25
53.75  0.3
53.76  0.26
53.77  0.23
53.78  0.27
53.79  0.35
53.8  0.17
53.81  0.26
53.82  0.25
53.83  0.31
53.84  0.2
53.85  0.27
53.86  0.29
53.87  0.22
53.88  0.24
53.89  0.3
53.9  0.18
53.91  0.28
53.92  0.28
53.93  0.28
53.94  0.23
53.95  0.21
53.96  0.28
53.97  0.25
53.98  0.26
53.99  0.22
54  0.19
54.01  0.38
54.02  0.21
54.03  0.3
54.04  0.23
54.05  0.26
54.06  0.3
54.07  0.15
54.08  0.32
54.09  0.23
54.1  0.22
54.11  0.25
54.12  0.32
54.13  0.29
54.14  0.19
54.15  0.29
54.16  0.29
54.17  0.28
54.18  0.19
54.19  0.26
54.2  0.19
54.21  0.22
54.22  0.33
54.23  0.26
54.24  0.26
54.25  0.29
54.26  0.15
54.27  0.32
54.28  0.22
54.29  0.23
54.3  0.3
54.31  0.26
54.32  0.3
54.33  0.31
54.34  0.26
54.35  0.2
54.36  0.26
54.37  0.24
54.38  0.28
54.39  0.27
54.4  0.19
54.41  0.36
54.42  0.27
54.43  0.2
54.44  0.26
54.45  0.28
54.46  0.23
54.47  0.24
54.48  0.23
54.49  0.3
54.5  0.18
54.51  0.23
54.52  0.28
54.53  0.22
54.54  0.22
54.55  0.24
54.56  0.32
54.57  0.24
54.58  0.25
54.59  0.3
54.6  0.25
54.61  0.26
54.62  0.24
54.63  0.24
54.64  0.28
54.65  0.33
54.66  0.23
54.67  0.25
54.68  0.26
54.69  0.19
54.7  0.29
54.71  0.31
54.72  0.25
54.73  0.25
54.74  0.31
54.75  0.22
54.76  0.26
54.77  0.29
54.78  0.23
54.79  0.14
54.8  0.28
54.81  0.29
54.82  0.3
54.83  0.23
54.84  0.28
54.85  0.19
54.86  0.26
54.87  0.29
54.88  0.24
54.89  0.28
54.9  0.23
54.91  0.25
54.92  0.18
54.93  0.29
54.94  0.32
54.95  0.26
54.96  0.19
54.97  0.19
54.98  0.31
54.99  0.27
55  0.23
55.01  0.3
55.02  0.28
55.03  0.2
55.04  0.24
55.05  0.3
55.06  0.29
55.07  0.31
55.08  0.21
55.09  0.29
55.1  0.2
55.11  0.3
55.12  0.23
55.13  0.19
55.14  0.21
55.15  0.26
55.16  0.32
55.17  0.3
55.18  0.17
55.19  0.27
55.2  0.28
55.21  0.25
55.22  0.24
55.23  0.3
55.24  0.26
55.25  0.27
55.26  0.21
55.27  0.26
55.28  0.3
55.29  0.21
55.3  0.32
55.31  0.22
55.32  0.25
55.33  0.32
55.34  0.22
55.35  0.25
55.36  0.27
55.37  0.24
55.38  0.23
55.39  0.2
55.4  0.32
55.41  0.22
55.42  0.29
55.43  0.16
55.44  0.32
55.45  0.27
55.46  0.28
55.47  0.27
55.48  0.27
55.49  0.19
55.5  0.17
55.51  0.32
55.52  0.22
55.53  0.24
55.54  0.27
55.55  0.29
55.56  0.27
55.57  0.31
55.58  0.2
55.59  0.29
55.6  0.23
55.61  0.27
55.62  0.23
55.63  0.27
55.64  0.25
55.65  0.28
55.66  0.27
55.67  0.22
55.68  0.24
55.69  0.25
55.7  0.25
55.71  0.27
55.72  0.26
55.73  0.28
55.74  0.29
55.75  0.22
55.76  0.25
55.77  0.26
55.78  0.29
55.79  0.25
55.8  0.22
55.81  0.24
55.82  0.2
55.83  0.28
55.84  0.23
55.85  0.28
55.86  0.3
55.87  0.27
55.88  0.28
55.89  0.34
55.9  0.21
55.91  0.17
55.92  0.24
55.93  0.29
55.94  0.31
55.95  0.14
55.96  0.25
55.97  0.24
55.98  0.27
55.99  0.29
56  0.26
56.01  0.28
56.02  0.28
56.03  0.21
56.04  0.29
56.05  0.17
56.06  0.29
56.07  0.21
56.08  0.28
56.09  0.31
56.1  0.22
56.11  0.23
56.12  0.26
56.13  0.25
56.14  0.27
56.15  0.21
56.16  0.32
56.17  0.2
56.18  0.34
56.19  0.28
56.2  0.36
56.21  0.2
56.22  0.2
56.23  0.27
56.24  0.32
56.25  0.2
56.26  0.27
56.27  0.29
56.28  0.15
56.29  0.29
56.3  0.25
56.31  0.24
56.32  0.22
56.33  0.29
56.34  0.17
56.35  0.26
56.36  0.31
56.37  0.31
56.38  0.18
56.39  0.34
56.4  0.19
56.41  0.26
56.42  0.23
56.43  0.24
56.44  0.3
56.45  0.17
56.46  0.33
56.47  0.26
56.48  0.24
56.49  0.34
56.5  0.21
56.51  0.25
56.52  0.29
56.53  0.24
56.54  0.17
56.55  0.31
56.56  0.26
56.57  0.18
56.58  0.25
56.59  0.32
56.6  0.19
56.61  0.28
56.62  0.36
56.63  0.22
56.64  0.25
56.65  0.24
56.66  0.27
56.67  0.26
56.68  0.25
56.69  0.34
56.7  0.25
56.71  0.15
56.72  0.25
56.73  0.36
56.74  0.24
56.75  0.21
56.76  0.27
56.77  0.26
56.78  0.21
56.79  0.29
56.8  0.24
56.81  0.22
56.82  0.32
56.83  0.2
56.84  0.25
56.85  0.23
56.86  0.3
56.87  0.18
56.88  0.32
56.89  0.28
56.9  0.25
56.91  0.22
56.92  0.2
56.93  0.34
56.94  0.23
56.95  0.24
56.96  0.25
56.97  0.23
56.98  0.23
56.99  0.32
57  0.33
57.01  0.22
57.02  0.3
57.03  0.26
57.04  0.22
57.05  0.26
57.06  0.22
57.07  0.23
57.08  0.25
57.09  0.29
57.1  0.22
57.11  0.32
57.12  0.25
57.13  0.22
57.14  0.27
57.15  0.25
57.16  0.34
57.17  0.2
57.18  0.32
57.19  0.23
57.2  0.25
57.21  0.25
57.22  0.19
57.23  0.27
57.24  0.32
57.25  0.15
57.26  0.21
57.27  0.26
57.28  0.33
57.29  0.25
57.3  0.23
57.31  0.28
57.32  0.26
57.33  0.23
57.34  0.27
57.35  0.27
57.36  0.32
57.37  0.26
57.38  0.27
57.39  0.25
57.4  0.24
57.41  0.19
57.42  0.28
57.43  0.28
57.44  0.21
57.45  0.25
57.46  0.26
57.47  0.22
57.48  0.29
57.49  0.18
57.5  0.32
57.51  0.28
57.52  0.22
57.53  0.26
57.54  0.29
57.55  0.23
57.56  0.28
57.57  0.21
57.58  0.24
57.59  0.29
57.6  0.22
57.61  0.28
57.62  0.23
57.63  0.34
57.64  0.22
57.65  0.27
57.66  0.27
57.67  0.25
57.68  0.29
57.69  0.21
57.7  0.27
57.71  0.24
57.72  0.28
57.73  0.32
57.74  0.18
57.75  0.29
57.76  0.31
57.77  0.2
57.78  0.25
57.79  0.19
57.8  0.25
57.81  0.27
57.82  0.29
57.83  0.29
57.84  0.25
57.85  0.2
57.86  0.24
57.87  0.26
57.88  0.2
57.89  0.25
57.9  0.24
57.91  0.23
57.92  0.35
57.93  0.26
57.94  0.32
57.95  0.18
57.96  0.27
57.97  0.2
57.98  0.31
57.99  0.22
58  0.29
58.01  0.21
58.02  0.32
58.03  0.21
58.04  0.17
58.05  0.39
58.06  0.35
58.07  0.19
58.08  0.26
58.09  0.2
58.1  0.27
58.11  0.31
58.12  0.27
58.13  0.21
58.14  0.29
58.15  0.25
58.16  0.19
58.17  0.3
58.18  0.28
58.19  0.19
58.2  0.28
58.21  0.2
58.22  0.23
58.23  0.26
58.24  0.25
58.25  0.31
58.26  0.27
58.27  0.18
58.28  0.3
58.29  0.26
58.3  0.28
58.31  0.29
58.32  0.2
58.33  0.3
58.34  0.24
58.35  0.27
58.36  0.21
58.37  0.29
58.38  0.24
58.39  0.26
58.4  0.19
58.41  0.31
58.42  0.27
58.43  0.24
58.44  0.21
58.45  0.25
58.46  0.29
58.47  0.28
58.48  0.22
58.49  0.3
58.5  0.3
58.51  0.22
58.52  0.19
58.53  0.34
58.54  0.23
58.55  0.17
58.56  0.34
58.57  0.21
58.58  0.23
58.59  0.27
58.6  0.25
58.61  0.31
58.62  0.29
58.63  0.22
58.64  0.32
58.65  0.25
58.66  0.27
58.67  0.26
58.68  0.21
58.69  0.25
58.7  0.31
58.71  0.25
58.72  0.22
58.73  0.24
58.74  0.19
58.75  0.25
58.76  0.33
58.77  0.22
58.78  0.24
58.79  0.23
58.8  0.15
58.81  0.36
58.82  0.19
58.83  0.32
58.84  0.25
58.85  0.26
58.86  0.3
58.87  0.22
58.88  0.26
58.89  0.27
58.9  0.28
58.91  0.22
58.92  0.26
58.93  0.27
58.94  0.29
58.95  0.15
58.96  0.24
58.97  0.32
58.98  0.28
58.99  0.2
59  0.28
59.01  0.3
59.02  0.24
59.03  0.32
59.04  0.15
59.05  0.28
59.06  0.24
59.07  0.24
59.08  0.36
59.09  0.28
59.1  0.17
59.11  0.26
59.12  0.26
59.13  0.31
59.14  0.2
59.15  0.23
59.16  0.21
59.17  0.32
59.18  0.18
59.19  0.26
59.2  0.31
59.21  0.24
59.22  0.36
59.23  0.22
59.24  0.26
59.25  0.29
59.26  0.24
59.27  0.21
59.28  0.23
59.29  0.24
59.3  0.31
59.31  0.24
59.32  0.27
59.33  0.22
59.34  0.22
59.35  0.22
59.36  0.27
59.37  0.31
59.38  0.26
59.39  0.23
59.4  0.33
59.41  0.23
59.42  0.23
59.43  0.26
59.44  0.2
59.45  0.27
59.46  0.25
59.47  0.26
59.48  0.24
59.49  0.3
59.5  0.24
59.51  0.3
59.52  0.3
59.53  0.19
59.54  0.26
59.55  0.24
59.56  0.19
59.57  0.32
59.58  0.31
59.59  0.25
59.6  0.21
59.61  0.26
59.62  0.27
59.63  0.23
59.64  0.34
59.65  0.22
59.66  0.26
59.67  0.26
59.68  0.24
59.69  0.27
59.7  0.23
59.71  0.25
59.72  0.25
59.73  0.25
59.74  0.24
59.75  0.23
59.76  0.28
59.77  0.25
59.78  0.23
59.79  0.24
59.8  0.31
59.81  0.22
59.82  0.24
59.83  0.34
59.84  0.27
59.85  0.27
59.86  0.19
59.87  0.27
59.88  0.18
59.89  0.22
59.9  0.31
59.91  0.24
59.92  0.28
59.93  0.35
59.94  0.19
59.95  0.22
59.96  0.17
59.97  0.37
59.98  0.25
59.99  0.27
