-15  0
-14.99  0
-14.98  0.01
-14.97  0.01
-14.96  0.01
-14.95  0.01
-14.94  0.02
-14.93  0.02
-14.92  0.03
-14.91  0.03
-14.9  0.03
-14.89  0.04
-14.88  0.04
-14.87  0.04
-14.86  0.06
-14.85  0.05
-14.84  0.06
-14.83  0.06
-14.82  0.07
-14.81  0.08
-14.8  0.09
-14.79  0.09
-14.78  0.09
-14.77  0.1
-14.76  0.13
-14.75  0.12
-14.74  0.13
-14.73  0.17
-14.72  0.16
-14.71  0.17
-14.7  0.19
-14.69  0.23
-14.68  0.23
-14.67  0.27
-14.66  0.29
-14.65  0.33
-14.64  0.37
-14.63  0.42
-14.62  0.5
-14.61  0.55
-14.6  0.64
-14.59  0.78
-14.58  0.9
-14.57  1.17
-14.56  1.38
-14.55  1.78
-14.54  2.3
-14.53  3.12
-14.52  4.29
-14.51  6.04
-14.5  8.34
-14.49  10.46
-14.48  10.79
-14.47  9.03
-14.46  6.69
-14.45  4.74
-14.44  3.41
-14.43  2.52
-14.42  1.92
-14.41  1.51
-14.4  1.23
-14.39  1
-14.38  0.83
-14.37  0.71
-14.36  0.6
-14.35  0.53
-14.34  0.47
-14.33  0.42
-14.32  0.38
-14.31  0.34
-14.3  0.31
-14.29  0.3
-14.28  0.27
-14.27  0.24
-14.26  0.25
-14.25  0.21
-14.24  0.2
-14.23  0.2
-14.22  0.19
-14.21  0.17
-14.2  0.19
-14.19  0.17
-14.18  0.16
-14.17  0.18
-14.16  0.15
-14.15  0.16
-14.14  0.14
-14.13  0.14
-14.12  0.16
-14.11  0.14
-14.1  0.14
-14.09  0.15
-14.08  0.15
-14.07  0.14
-14.06  0.16
-14.05  0.15
-14.04  0.13
-14.03  0.13
-14.02  0.14
-14.01  0.16
-14  0.16
-13.99  0.18
-13.98  0.14
-13.97  0.15
-13.96  0.15
-13.95  0.18
-13.94  0.17
-13.93  0.17
-13.92  0.19
-13.91  0.16
-13.9  0.19
-13.89  0.2
-13.88  0.2
-13.87  0.18
-13.86  0.21
-13.85  0.22
-13.84  0.25
-13.83  0.23
-13.82  0.25
-13.81  0.24
-13.8  0.26
-13.79  0.27
-13.78  0.25
-13.77  0.35
-13.76  0.3
-13.75  0.31
-13.74  0.34
-13.73  0.37
-13.72  0.38
-13.71  0.4
-13.7  0.46
-13.69  0.45
-13.68  0.49
-13.67  0.53
-13.66  0.55
-13.65  0.6
-13.64  0.65
-13.63  0.7
-13.62  0.76
-13.61  0.84
-13.6  0.92
-13.59  0.99
-13.58  1.12
-13.57  1.2
-13.56  1.32
-13.55  1.51
-13.54  1.68
-13.53  1.84
-13.52  2.12
-13.51  2.32
-13.5  2.59
-13.49  2.86
-13.48  3.13
-13.47  3.37
-13.46  3.6
-13.45  3.74
-13.44  3.73
-13.43  3.69
-13.42  3.57
-13.41  3.3
-13.4  3.07
-13.39  2.85
-13.38  2.51
-13.37  2.31
-13.36  2.03
-13.35  1.84
-13.34  1.61
-13.33  1.51
-13.32  1.34
-13.31  1.22
-13.3  1.1
-13.29  1
-13.28  0.95
-13.27  0.84
-13.26  0.79
-13.25  0.71
-13.24  0.67
-13.23  0.64
-13.22  0.6
-13.21  0.6
-13.2  0.52
-13.19  0.52
-13.18  0.48
-13.17  0.46
-13.16  0.43
-13.15  0.43
-13.14  0.42
-13.13  0.39
-13.12  0.38
-13.11  0.36
-13.1  0.37
-13.09  0.35
-13.08  0.34
-13.07  0.35
-13.06  0.34
-13.05  0.31
-13.04  0.33
-13.03  0.33
-13.02  0.32
-13.01  0.32
-13  0.3
-12.99  0.32
-12.98  0.3
-12.97  0.3
-12.96  0.3
-12.95  0.32
-12.94  0.32
-12.93  0.33
-12.92  0.28
-12.91  0.34
-12.9  0.34
-12.89  0.31
-12.88  0.34
-12.87  0.31
-12.86  0.35
-12.85  0.33
-12.84  0.37
-12.83  0.37
-12.82  0.37
-12.81  0.38
-12.8  0.37
-12.79  0.39
-12.78  0.42
-12.77  0.4
-12.76  0.43
-12.75  0.42
-12.74  0.52
-12.73  0.48
-12.72  0.51
-12.71  0.51
-12.7  0.52
-12.69  0.53
-12.68  0.61
-12.67  0.58
-12.66  0.64
-12.65  0.7
-12.64  0.69
-12.63  0.76
-12.62  0.77
-12.61  0.82
-12.6  0.87
-12.59  0.95
-12.58  0.97
-12.57  1.04
-12.56  1.1
-12.55  1.18
-12.54  1.24
-12.53  1.33
-12.52  1.41
-12.51  1.5
-12.5  1.63
-12.49  1.69
-12.48  1.8
-12.47  1.89
-12.46  1.99
-12.45  2.13
-12.44  2.16
-12.43  2.24
-12.42  2.29
-12.41  2.3
-12.4  2.36
-12.39  2.33
-12.38  2.28
-12.37  2.26
-12.36  2.19
-12.35  2.13
-12.34  2.06
-12.33  1.92
-12.32  1.82
-12.31  1.77
-12.3  1.63
-12.29  1.56
-12.28  1.48
-12.27  1.4
-12.26  1.27
-12.25  1.22
-12.24  1.15
-12.23  1.08
-12.22  1.05
-12.21  0.97
-12.2  0.91
-12.19  0.89
-12.18  0.83
-12.17  0.81
-12.16  0.75
-12.15  0.74
-12.14  0.71
-12.13  0.66
-12.12  0.64
-12.11  0.65
-12.1  0.62
-12.09  0.58
-12.08  0.56
-12.07  0.53
-12.06  0.58
-12.05  0.52
-12.04  0.52
-12.03  0.51
-12.02  0.47
-12.01  0.5
-12  0.45
-11.99  0.49
-11.98  0.47
-11.97  0.48
-11.96  0.48
-11.95  0.48
-11.94  0.46
-11.93  0.45
-11.92  0.41
-11.91  0.47
-11.9  0.42
-11.89  0.45
-11.88  0.43
-11.87  0.48
-11.86  0.44
-11.85  0.47
-11.84  0.48
-11.83  0.46
-11.82  0.51
-11.81  0.47
-11.8  0.49
-11.79  0.5
-11.78  0.48
-11.77  0.53
-11.76  0.51
-11.75  0.53
-11.74  0.56
-11.73  0.54
-11.72  0.57
-11.71  0.58
-11.7  0.61
-11.69  0.61
-11.68  0.62
-11.67  0.64
-11.66  0.68
-11.65  0.7
-11.64  0.72
-11.63  0.76
-11.62  0.76
-11.61  0.79
-11.6  0.81
-11.59  0.86
-11.58  0.92
-11.57  0.91
-11.56  0.95
-11.55  1
-11.54  1.05
-11.53  1.09
-11.52  1.12
-11.51  1.16
-11.5  1.23
-11.49  1.3
-11.48  1.29
-11.47  1.41
-11.46  1.43
-11.45  1.46
-11.44  1.56
-11.43  1.55
-11.42  1.63
-11.41  1.64
-11.4  1.69
-11.39  1.74
-11.38  1.71
-11.37  1.76
-11.36  1.7
-11.35  1.81
-11.34  1.72
-11.33  1.76
-11.32  1.71
-11.31  1.68
-11.3  1.69
-11.29  1.59
-11.28  1.58
-11.27  1.54
-11.26  1.46
-11.25  1.47
-11.24  1.35
-11.23  1.33
-11.22  1.29
-11.21  1.22
-11.2  1.2
-11.19  1.15
-11.18  1.15
-11.17  1.05
-11.16  1.03
-11.15  0.95
-11.14  0.97
-11.13  0.93
-11.12  0.86
-11.11  0.88
-11.1  0.86
-11.09  0.83
-11.08  0.8
-11.07  0.74
-11.06  0.75
-11.05  0.7
-11.04  0.71
-11.03  0.7
-11.02  0.65
-11.01  0.66
-11  0.67
-10.99  0.64
-10.98  0.61
-10.97  0.64
-10.96  0.64
-10.95  0.57
-10.94  0.58
-10.93  0.6
-10.92  0.59
-10.91  0.6
-10.9  0.57
-10.89  0.56
-10.88  0.59
-10.87  0.6
-10.86  0.52
-10.85  0.56
-10.84  0.61
-10.83  0.56
-10.82  0.59
-10.81  0.56
-10.8  0.56
-10.79  0.6
-10.78  0.56
-10.77  0.58
-10.76  0.64
-10.75  0.6
-10.74  0.63
-10.73  0.65
-10.72  0.61
-10.71  0.62
-10.7  0.65
-10.69  0.65
-10.68  0.67
-10.67  0.7
-10.66  0.68
-10.65  0.72
-10.64  0.7
-10.63  0.75
-10.62  0.75
-10.61  0.81
-10.6  0.83
-10.59  0.79
-10.58  0.79
-10.57  0.89
-10.56  0.92
-10.55  0.92
-10.54  0.93
-10.53  0.89
-10.52  1.05
-10.51  1.01
-10.5  1.06
-10.49  1.01
-10.48  1.18
-10.47  1.11
-10.46  1.15
-10.45  1.2
-10.44  1.19
-10.43  1.29
-10.42  1.26
-10.41  1.28
-10.4  1.37
-10.39  1.43
-10.38  1.36
-10.37  1.37
-10.36  1.4
-10.35  1.45
-10.34  1.45
-10.33  1.48
-10.32  1.45
-10.31  1.43
-10.3  1.5
-10.29  1.43
-10.28  1.48
-10.27  1.37
-10.26  1.42
-10.25  1.45
-10.24  1.33
-10.23  1.35
-10.22  1.33
-10.21  1.32
-10.2  1.31
-10.19  1.21
-10.18  1.22
-10.17  1.19
-10.16  1.22
-10.15  1.11
-10.14  1.09
-10.13  1.07
-10.12  1.08
-10.11  1.03
-10.1  0.98
-10.09  1
-10.08  0.91
-10.07  0.93
-10.06  0.93
-10.05  0.89
-10.04  0.88
-10.03  0.88
-10.02  0.8
-10.01  0.81
-10  0.8
-9.99  0.77
-9.98  0.78
-9.97  0.78
-9.96  0.75
-9.95  0.76
-9.94  0.73
-9.93  0.68
-9.92  0.73
-9.91  0.71
-9.9  0.67
-9.89  0.7
-9.88  0.72
-9.87  0.62
-9.86  0.71
-9.85  0.67
-9.84  0.63
-9.83  0.69
-9.82  0.69
-9.81  0.67
-9.8  0.69
-9.79  0.64
-9.78  0.72
-9.77  0.64
-9.76  0.67
-9.75  0.66
-9.74  0.66
-9.73  0.69
-9.72  0.68
-9.71  0.7
-9.7  0.72
-9.69  0.68
-9.68  0.71
-9.67  0.72
-9.66  0.71
-9.65  0.77
-9.64  0.77
-9.63  0.74
-9.62  0.76
-9.61  0.78
-9.6  0.78
-9.59  0.85
-9.58  0.82
-9.57  0.81
-9.56  0.87
-9.55  0.86
-9.54  0.86
-9.53  0.9
-9.52  0.91
-9.51  0.92
-9.5  0.97
-9.49  0.96
-9.48  1
-9.47  1.01
-9.46  1
-9.45  1.05
-9.44  1.08
-9.43  1.07
-9.42  1.13
-9.41  1.11
-9.4  1.13
-9.39  1.16
-9.38  1.2
-9.37  1.23
-9.36  1.2
-9.35  1.22
-9.34  1.23
-9.33  1.23
-9.32  1.22
-9.31  1.34
-9.3  1.27
-9.29  1.29
-9.28  1.25
-9.27  1.27
-9.26  1.34
-9.25  1.26
-9.24  1.27
-9.23  1.26
-9.22  1.27
-9.21  1.24
-9.2  1.27
-9.19  1.25
-9.18  1.24
-9.17  1.16
-9.16  1.23
-9.15  1.16
-9.14  1.15
-9.13  1.13
-9.12  1.11
-9.11  1.1
-9.1  1.08
-9.09  1.12
-9.08  1
-9.07  1.01
-9.06  1.05
-9.05  0.99
-9.04  0.98
-9.03  0.98
-9.02  0.9
-9.01  0.95
-9  0.94
-8.99  0.87
-8.98  0.93
-8.97  0.86
-8.96  0.89
-8.95  0.82
-8.94  0.84
-8.93  0.83
-8.92  0.8
-8.91  0.84
-8.9  0.81
-8.89  0.76
-8.88  0.76
-8.87  0.83
-8.86  0.73
-8.85  0.73
-8.84  0.82
-8.83  0.76
-8.82  0.75
-8.81  0.76
-8.8  0.75
-8.79  0.75
-8.78  0.75
-8.77  0.75
-8.76  0.71
-8.75  0.71
-8.74  0.75
-8.73  0.79
-8.72  0.74
-8.71  0.72
-8.7  0.73
-8.69  0.76
-8.68  0.75
-8.67  0.78
-8.66  0.74
-8.65  0.84
-8.64  0.73
-8.63  0.76
-8.62  0.8
-8.61  0.86
-8.6  0.75
-8.59  0.77
-8.58  0.84
-8.57  0.84
-8.56  0.88
-8.55  0.82
-8.54  0.87
-8.53  0.85
-8.52  0.91
-8.51  0.84
-8.5  0.93
-8.49  0.94
-8.48  0.92
-8.47  0.94
-8.46  0.94
-8.45  0.95
-8.44  0.98
-8.43  1.01
-8.42  1.03
-8.41  0.98
-8.4  1.01
-8.39  1.1
-8.38  1.04
-8.37  1.07
-8.36  1.11
-8.35  1.08
-8.34  1.16
-8.33  1.1
-8.32  1.1
-8.31  1.14
-8.3  1.14
-8.29  1.19
-8.28  1.15
-8.27  1.14
-8.26  1.19
-8.25  1.15
-8.24  1.16
-8.23  1.18
-8.22  1.17
-8.21  1.23
-8.2  1.15
-8.19  1.13
-8.18  1.2
-8.17  1.14
-8.16  1.22
-8.15  1.1
-8.14  1.19
-8.13  1.16
-8.12  1.08
-8.11  1.09
-8.1  1.11
-8.09  1.08
-8.08  1.09
-8.07  1.07
-8.06  1.04
-8.05  1.07
-8.04  0.98
-8.03  1.06
-8.02  1.01
-8.01  1
-8  1.02
-7.99  0.93
-7.98  0.97
-7.97  0.95
-7.96  0.91
-7.95  0.95
-7.94  0.91
-7.93  0.95
-7.92  0.89
-7.91  0.87
-7.9  0.9
-7.89  0.88
-7.88  0.86
-7.87  0.88
-7.86  0.83
-7.85  0.8
-7.84  0.85
-7.83  0.83
-7.82  0.86
-7.81  0.8
-7.8  0.8
-7.79  0.84
-7.78  0.81
-7.77  0.78
-7.76  0.82
-7.75  0.8
-7.74  0.85
-7.73  0.76
-7.72  0.82
-7.71  0.8
-7.7  0.8
-7.69  0.82
-7.68  0.75
-7.67  0.8
-7.66  0.81
-7.65  0.81
-7.64  0.78
-7.63  0.85
-7.62  0.79
-7.61  0.87
-7.6  0.82
-7.59  0.79
-7.58  0.87
-7.57  0.82
-7.56  0.83
-7.55  0.83
-7.54  0.85
-7.53  0.84
-7.52  0.88
-7.51  0.93
-7.5  0.87
-7.49  0.93
-7.48  0.89
-7.47  0.92
-7.46  0.91
-7.45  0.89
-7.44  0.96
-7.43  0.95
-7.42  0.95
-7.41  0.96
-7.4  0.99
-7.39  0.95
-7.38  0.99
-7.37  1
-7.36  1
-7.35  0.98
-7.34  1.08
-7.33  1.06
-7.32  1.04
-7.31  1.07
-7.3  1.03
-7.29  1.04
-7.28  1.1
-7.27  1.11
-7.26  1.04
-7.25  1.12
-7.24  1.09
-7.23  1.05
-7.22  1.13
-7.21  1.12
-7.2  1.08
-7.19  1.13
-7.18  1.1
-7.17  1.08
-7.16  1.13
-7.15  1.08
-7.14  1.05
-7.13  1.2
-7.12  1.05
-7.11  1.07
-7.1  1.13
-7.09  1.04
-7.08  1.11
-7.07  1.11
-7.06  1.01
-7.05  1.07
-7.04  1.07
-7.03  1.01
-7.02  1
-7.01  1.1
-7  1.01
-6.99  0.98
-6.98  1
-6.97  0.94
-6.96  0.97
-6.95  1.03
-6.94  0.99
-6.93  0.93
-6.92  1
-6.91  0.93
-6.9  0.93
-6.89  0.95
-6.88  0.91
-6.87  0.87
-6.86  0.95
-6.85  0.88
-6.84  0.85
-6.83  0.96
-6.82  0.92
-6.81  0.86
-6.8  0.87
-6.79  0.88
-6.78  0.85
-6.77  0.86
-6.76  0.83
-6.75  0.86
-6.74  0.88
-6.73  0.81
-6.72  0.86
-6.71  0.87
-6.7  0.84
-6.69  0.8
-6.68  0.86
-6.67  0.81
-6.66  0.89
-6.65  0.84
-6.64  0.85
-6.63  0.84
-6.62  0.86
-6.61  0.84
-6.6  0.83
-6.59  0.9
-6.58  0.81
-6.57  0.88
-6.56  0.84
-6.55  0.88
-6.54  0.84
-6.53  0.88
-6.52  0.84
-6.51  0.88
-6.5  0.94
-6.49  0.88
-6.48  0.84
-6.47  0.92
-6.46  0.91
-6.45  0.89
-6.44  0.94
-6.43  0.88
-6.42  0.94
-6.41  0.92
-6.4  1.01
-6.39  0.89
-6.38  0.95
-6.37  0.99
-6.36  1.02
-6.35  0.94
-6.34  0.95
-6.33  0.99
-6.32  1.04
-6.31  0.93
-6.3  1.01
-6.29  0.99
-6.28  1.05
-6.27  1.03
-6.26  0.99
-6.25  1.05
-6.24  1
-6.23  1.12
-6.22  0.98
-6.21  1.04
-6.2  1.06
-6.19  1.08
-6.18  1
-6.17  1.07
-6.16  1.09
-6.15  1.09
-6.14  1.04
-6.13  1.09
-6.12  1.04
-6.11  1.05
-6.1  1.06
-6.09  1
-6.08  1.06
-6.07  1.07
-6.06  1.04
-6.05  1.04
-6.04  1.05
-6.03  1.05
-6.02  1.06
-6.01  0.98
-6  0.98
-5.99  1.04
-5.98  1.07
-5.97  0.97
-5.96  1.01
-5.95  0.98
-5.94  1.01
-5.93  0.98
-5.92  0.99
-5.91  0.99
-5.9  0.99
-5.89  0.97
-5.88  0.9
-5.87  0.98
-5.86  0.95
-5.85  0.94
-5.84  0.91
-5.83  0.95
-5.82  0.92
-5.81  0.92
-5.8  0.93
-5.79  0.89
-5.78  0.91
-5.77  0.93
-5.76  0.86
-5.75  0.9
-5.74  0.9
-5.73  0.88
-5.72  0.92
-5.71  0.87
-5.7  0.87
-5.69  0.9
-5.68  0.88
-5.67  0.89
-5.66  0.87
-5.65  0.85
-5.64  0.9
-5.63  0.88
-5.62  0.84
-5.61  0.89
-5.6  0.88
-5.59  0.89
-5.58  0.87
-5.57  0.87
-5.56  0.88
-5.55  0.84
-5.54  0.88
-5.53  0.9
-5.52  0.86
-5.51  0.89
-5.5  0.93
-5.49  0.89
-5.48  0.89
-5.47  0.87
-5.46  0.9
-5.45  0.91
-5.44  0.94
-5.43  0.89
-5.42  0.96
-5.41  0.91
-5.4  0.89
-5.39  0.96
-5.38  0.94
-5.37  0.94
-5.36  0.93
-5.35  0.97
-5.34  0.95
-5.33  0.93
-5.32  0.92
-5.31  0.99
-5.3  0.94
-5.29  1.02
-5.28  0.97
-5.27  1
-5.26  0.95
-5.25  1.01
-5.24  1
-5.23  1.01
-5.22  0.94
-5.21  1.07
-5.2  1.01
-5.19  1
-5.18  1.08
-5.17  1
-5.16  1.02
-5.15  0.99
-5.14  1.02
-5.13  1.02
-5.12  1.03
-5.11  0.96
-5.1  1.07
-5.09  1.02
-5.08  1.03
-5.07  0.96
-5.06  1.07
-5.05  1.06
-5.04  1.06
-5.03  0.94
-5.02  1.07
-5.01  1.02
-5  1.04
-4.99  1.01
-4.98  0.99
-4.97  1.01
-4.96  1.01
-4.95  1.03
-4.94  0.98
-4.93  1
-4.92  0.93
-4.91  1.03
-4.9  0.96
-4.89  1.02
-4.88  0.97
-4.87  0.94
-4.86  0.94
-4.85  0.98
-4.84  0.95
-4.83  0.98
-4.82  1.01
-4.81  0.93
-4.8  0.92
-4.79  0.92
-4.78  0.95
-4.77  0.96
-4.76  0.93
-4.75  0.87
-4.74  0.94
-4.73  0.92
-4.72  0.94
-4.71  0.91
-4.7  0.91
-4.69  0.91
-4.68  0.91
-4.67  0.87
-4.66  0.92
-4.65  0.92
-4.64  0.88
-4.63  0.96
-4.62  0.86
-4.61  0.91
-4.6  0.92
-4.59  0.86
-4.58  0.92
-4.57  0.86
-4.56  0.88
-4.55  0.92
-4.54  0.89
-4.53  0.87
-4.52  0.92
-4.51  0.91
-4.5  0.89
-4.49  0.93
-4.48  0.94
-4.47  0.87
-4.46  0.89
-4.45  0.92
-4.44  0.95
-4.43  0.87
-4.42  0.92
-4.41  0.94
-4.4  0.9
-4.39  0.93
-4.38  0.92
-4.37  0.9
-4.36  0.95
-4.35  0.95
-4.34  0.9
-4.33  1
-4.32  0.92
-4.31  0.94
-4.3  0.95
-4.29  0.94
-4.28  0.96
-4.27  1
-4.26  0.96
-4.25  0.97
-4.24  0.92
-4.23  1.02
-4.22  0.97
-4.21  0.99
-4.2  0.95
-4.19  1.02
-4.18  0.97
-4.17  0.99
-4.16  1
-4.15  0.96
-4.14  1.05
-4.13  0.98
-4.12  1.01
-4.11  0.99
-4.1  1
-4.09  0.96
-4.08  1.03
-4.07  1.01
-4.06  0.99
-4.05  0.96
-4.04  1.05
-4.03  0.98
-4.02  1.06
-4.01  0.94
-4  1.03
-3.99  1.03
-3.98  0.97
-3.97  1.05
-3.96  0.99
-3.95  1.02
-3.94  0.96
-3.93  0.99
-3.92  0.99
-3.91  1.01
-3.9  0.97
-3.89  0.99
-3.88  0.92
-3.87  0.98
-3.86  1.01
-3.85  1.01
-3.84  0.93
-3.83  1
-3.82  0.93
-3.81  0.97
-3.8  0.95
-3.79  0.96
-3.78  0.95
-3.77  0.98
-3.76  0.93
-3.75  0.94
-3.74  0.92
-3.73  0.98
-3.72  0.92
-3.71  0.95
-3.7  0.93
-3.69  0.97
-3.68  0.93
-3.67  0.92
-3.66  0.96
-3.65  0.91
-3.64  0.89
-3.63  0.92
-3.62  0.92
-3.61  0.87
-3.6  0.94
-3.59  0.91
-3.58  0.89
-3.57  0.95
-3.56  0.91
-3.55  0.91
-3.54  0.9
-3.53  1
-3.52  0.91
-3.51  0.88
-3.5  0.92
-3.49  0.92
-3.48  0.89
-3.47  0.91
-3.46  0.93
-3.45  0.94
-3.44  0.9
-3.43  0.91
-3.42  0.89
-3.41  0.92
-3.4  0.95
-3.39  0.95
-3.38  0.9
-3.37  0.91
-3.36  0.97
-3.35  0.91
-3.34  0.92
-3.33  0.93
-3.32  0.94
-3.31  0.88
-3.3  0.98
-3.29  0.97
-3.28  0.92
-3.27  0.99
-3.26  0.96
-3.25  0.91
-3.24  0.97
-3.23  1.06
-3.22  0.92
-3.21  0.96
-3.2  0.96
-3.19  0.97
-3.18  0.89
-3.17  0.97
-3.16  1
-3.15  0.94
-3.14  1.02
-3.13  0.99
-3.12  0.91
-3.11  1.01
-3.1  1.03
-3.09  0.93
-3.08  1.01
-3.07  1.01
-3.06  1.04
-3.05  0.9
-3.04  0.99
-3.03  1.04
-3.02  0.96
-3.01  0.99
-3  0.99
-2.99  0.97
-2.98  1.01
-2.97  1
-2.96  0.99
-2.95  0.96
-2.94  0.99
-2.93  0.98
-2.92  1
-2.91  1.01
-2.9  0.97
-2.89  0.97
-2.88  0.98
-2.87  1
-2.86  0.91
-2.85  1.03
-2.84  0.96
-2.83  1
-2.82  0.94
-2.81  0.98
-2.8  0.94
-2.79  0.95
-2.78  0.93
-2.77  1.03
-2.76  0.94
-2.75  1.02
-2.74  0.92
-2.73  0.97
-2.72  0.97
-2.71  0.92
-2.7  0.98
-2.69  0.9
-2.68  0.93
-2.67  0.98
-2.66  0.93
-2.65  0.95
-2.64  0.96
-2.63  0.89
-2.62  0.93
-2.61  0.92
-2.6  0.97
-2.59  0.93
-2.58  0.92
-2.57  0.93
-2.56  0.91
-2.55  0.93
-2.54  0.94
-2.53  0.87
-2.52  0.98
-2.51  0.92
-2.5  0.93
-2.49  0.94
-2.48  0.91
-2.47  0.9
-2.46  0.94
-2.45  0.95
-2.44  0.93
-2.43  0.92
-2.42  0.98
-2.41  0.88
-2.4  0.9
-2.39  0.96
-2.38  0.92
-2.37  0.93
-2.36  0.9
-2.35  0.94
-2.34  0.95
-2.33  0.94
-2.32  0.89
-2.31  0.94
-2.3  0.94
-2.29  0.96
-2.28  0.95
-2.27  0.96
-2.26  0.93
-2.25  0.95
-2.24  0.95
-2.23  0.92
-2.22  0.95
-2.21  0.98
-2.2  0.98
-2.19  0.9
-2.18  1.02
-2.17  0.93
-2.16  0.98
-2.15  0.92
-2.14  0.98
-2.13  0.95
-2.12  0.97
-2.11  0.97
-2.1  0.97
-2.09  0.95
-2.08  1
-2.07  0.93
-2.06  0.99
-2.05  0.96
-2.04  1
-2.03  0.96
-2.02  1
-2.01  0.97
-2  0.99
-1.99  0.99
-1.98  0.98
-1.97  0.98
-1.96  0.94
-1.95  0.98
-1.94  1
-1.93  1.02
-1.92  0.98
-1.91  0.98
-1.9  0.92
-1.89  0.97
-1.88  1
-1.87  0.98
-1.86  0.99
-1.85  0.92
-1.84  0.99
-1.83  0.93
-1.82  1.02
-1.81  0.99
-1.8  1
-1.79  0.95
-1.78  1.01
-1.77  0.91
-1.76  0.94
-1.75  0.95
-1.74  0.99
-1.73  0.94
-1.72  0.95
-1.71  0.96
-1.7  0.97
-1.69  0.93
-1.68  0.97
-1.67  0.99
-1.66  0.94
-1.65  0.98
-1.64  0.93
-1.63  0.95
-1.62  0.94
-1.61  0.91
-1.6  0.98
-1.59  0.95
-1.58  0.92
-1.57  0.89
-1.56  0.94
-1.55  0.99
-1.54  0.92
-1.53  0.89
-1.52  0.98
-1.51  0.93
-1.5  0.91
-1.49  0.98
-1.48  0.96
-1.47  0.9
-1.46  0.9
-1.45  0.98
-1.44  0.9
-1.43  1
-1.42  0.93
-1.41  0.92
-1.4  0.91
-1.39  0.94
-1.38  0.98
-1.37  0.9
-1.36  0.94
-1.35  0.91
-1.34  0.95
-1.33  0.98
-1.32  0.86
-1.31  0.96
-1.3  0.94
-1.29  0.94
-1.28  0.96
-1.27  0.91
-1.26  0.93
-1.25  0.95
-1.24  0.93
-1.23  0.96
-1.22  0.94
-1.21  0.99
-1.2  0.94
-1.19  0.94
-1.18  0.96
-1.17  0.97
-1.16  1
-1.15  0.95
-1.14  0.92
-1.13  0.96
-1.12  0.94
-1.11  0.94
-1.1  0.94
-1.09  0.94
-1.08  0.98
-1.07  0.95
-1.06  1
-1.05  1
-1.04  0.96
-1.03  0.97
-1.02  0.93
-1.01  1
-1  0.93
-0.99  0.97
-0.98  1.02
-0.97  0.94
-0.96  0.97
-0.95  0.99
-0.94  0.97
-0.93  0.97
-0.92  0.94
-0.91  0.97
-0.9  0.99
-0.89  1
-0.88  0.98
-0.87  0.92
-0.86  0.99
-0.85  0.97
-0.84  1.01
-0.83  0.99
-0.82  0.96
-0.81  0.96
-0.8  0.91
-0.79  0.97
-0.78  0.95
-0.77  0.93
-0.76  0.98
-0.75  1
-0.74  1.02
-0.73  0.92
-0.72  0.91
-0.71  1.03
-0.7  0.92
-0.69  0.96
-0.68  0.98
-0.67  0.98
-0.66  0.96
-0.65  0.94
-0.64  0.96
-0.63  0.92
-0.62  0.96
-0.61  0.9
-0.6  0.97
-0.59  1.01
-0.58  0.95
-0.57  0.94
-0.56  0.93
-0.55  0.96
-0.54  0.94
-0.53  0.93
-0.52  0.93
-0.51  0.91
-0.5  0.97
-0.49  0.95
-0.48  0.97
-0.47  0.95
-0.46  0.94
-0.45  0.97
-0.44  0.9
-0.43  0.9
-0.42  0.97
-0.41  0.94
-0.4  0.93
-0.39  0.91
-0.38  0.95
-0.37  0.94
-0.36  0.94
-0.35  1.01
-0.34  0.91
-0.33  0.91
-0.32  0.97
-0.31  0.97
-0.3  0.93
-0.29  0.93
-0.28  0.91
-0.27  0.98
-0.26  0.94
-0.25  0.96
-0.24  0.91
-0.23  0.88
-0.22  0.96
-0.21  0.96
-0.2  0.95
-0.19  0.95
-0.18  0.91
-0.17  1.01
-0.16  0.98
-0.15  0.99
-0.14  0.87
-0.13  0.93
-0.12  0.94
-0.11  0.98
-0.1  0.97
-0.09  0.94
-0.08  1
-0.07  0.99
-0.06  0.94
-0.05  0.97
-0.04  0.88
-0.03  0.98
-0.02  0.98
-0.01  0.94
-2.16197e-11  0.95
0.0001  0
0.0101  0.95
0.0201  1
0.0301  0.96
0.0401  0.97
0.0501  0.95
0.0601  0.96
0.0701  0.97
0.0801  0.93
0.0901  0.99
0.1001  0.94
0.1101  1.03
0.1201  0.86
0.1301  1.02
0.1401  1.02
0.1501  0.95
0.1601  0.91
0.1701  1.03
0.1801  0.96
0.1901  1.03
0.2001  0.96
0.2101  0.97
0.2201  0.85
0.2301  0.99
0.2401  1
0.2501  1.1
0.2601  0.88
0.2701  0.81
0.2801  1.05
0.2901  0.87
0.3001  0.96
0.3101  0.95
0.3201  0.87
0.3301  0.83
0.3401  1.06
0.3501  1.02
0.3601  0.95
0.3701  0.89
0.3801  0.91
0.3901  0.88
0.4001  0.84
0.4101  1.01
0.4201  1.03
0.4301  1.04
0.4401  0.9
0.4501  0.82
0.4601  0.97
0.4701  0.97
0.4801  1.02
0.4901  0.95
0.5001  1.01
0.5101  0.72
0.5201  0.94
0.5301  0.92
0.5401  0.71
0.5501  0.89
0.5601  0.94
0.5701  0.84
0.5801  0.88
0.5901  0.86
0.6001  0.88
0.6101  0.8
0.6201  0.78
0.6301  0.93
0.6401  0.86
0.6501  0.74
0.6601  0.81
0.6701  0.84
0.6801  0.97
0.6901  0.94
0.7001  0.84
0.7101  0.69
0.7201  0.89
0.7301  0.82
0.7401  0.97
0.7501  0.93
0.7601  0.76
0.7701  0.98
0.7801  0.83
0.7901  0.78
0.8001  0.8
0.8101  0.87
0.8201  0.85
0.8301  0.91
0.8401  0.94
0.8501  0.75
0.8601  0.83
0.8701  0.83
0.8801  0.85
0.8901  1.07
0.9001  0.95
0.9101  0.69
0.9201  0.78
0.9301  0.78
0.9401  0.86
0.9501  0.97
0.9601  1.04
0.9701  0.88
0.9801  0.96
0.9901  0.73
1.0001  0.8
1.0101  0.76
1.0201  1.02
1.0301  1.06
1.0401  0.79
1.0501  0.78
1.0601  0.71
1.0701  0.89
1.0801  1.01
1.0901  0.82
1.1001  0.8
1.1101  0.83
1.1201  0.8
1.1301  0.71
1.1401  0.98
1.1501  0.86
1.1601  1.01
1.1701  0.84
1.1801  0.95
1.1901  0.89
1.2001  0.87
1.2101  0.98
1.2201  0.72
1.2301  0.85
1.2401  0.78
1.2501  0.91
1.2601  0.86
1.2701  1.07
1.2801  0.84
1.2901  0.93
1.3001  0.79
1.3101  0.94
1.3201  0.8
1.3301  0.81
1.3401  0.93
1.3501  0.85
1.3601  0.88
1.3701  0.86
1.3801  1.13
1.3901  0.78
1.4001  0.9
1.4101  1.06
1.4201  0.93
1.4301  1.12
1.4401  0.9
1.4501  0.97
1.4601  1.1
1.4701  0.75
1.4801  1.19
1.4901  0.91
1.5001  0.88
1.5101  0.78
1.5201  0.98
1.5301  0.89
1.5401  0.9
1.5501  1.07
1.5601  1
1.5701  1.08
1.5801  0.93
1.5901  0.93
1.6001  1.01
1.6101  0.91
1.6201  0.96
1.6301  0.88
1.6401  0.8
1.6501  1.05
1.6601  0.91
1.6701  1.08
1.6801  0.88
1.6901  0.87
1.7001  0.83
1.7101  1.05
1.7201  1.02
1.7301  0.99
1.7401  1
1.7501  0.84
1.7601  1.07
1.7701  0.9
1.7801  1.02
1.7901  0.9
1.8001  0.85
1.8101  0.87
1.8201  1.09
1.8301  0.91
1.8401  0.88
1.8501  0.86
1.8601  0.97
1.8701  1.04
1.8801  1.09
1.8901  0.86
1.9001  1.1
1.9101  0.84
1.9201  0.93
1.9301  0.81
1.9401  0.84
1.9501  0.92
1.9601  0.99
1.9701  0.84
1.9801  1.02
1.9901  0.93
2.0001  0.84
2.0101  0.9
2.0201  0.84
2.0301  0.93
2.0401  0.99
2.0501  0.85
2.0601  1.03
2.0701  1.1
2.0801  1.11
2.0901  0.96
2.1001  0.89
2.1101  0.76
2.1201  0.83
2.1301  0.86
2.1401  0.88
2.1501  0.96
2.1601  1.04
2.1701  0.94
2.1801  0.91
2.1901  0.93
2.2001  0.74
2.2101  1.15
2.2201  0.79
2.2301  0.96
2.2401  0.88
2.2501  0.93
2.2601  1.07
2.2701  0.77
2.2801  0.86
2.2901  0.91
2.3001  0.84
2.3101  0.91
2.3201  0.75
2.3301  1.05
2.3401  0.78
2.3501  0.9
2.3601  0.77
2.3701  1.02
2.3801  0.66
2.3901  0.79
2.4001  1.07
2.4101  0.9
2.4201  0.82
2.4301  0.89
2.4401  0.93
2.4501  1.02
2.4601  0.83
2.4701  0.95
2.4801  0.9
2.4901  0.93
2.5001  0.84
2.5101  0.9
2.5201  0.73
2.5301  0.98
2.5401  0.87
2.5501  0.88
2.5601  0.97
2.5701  0.89
2.5801  0.9
2.5901  0.85
2.6001  0.91
2.6101  0.81
2.6201  1.18
2.6301  0.98
2.6401  0.84
2.6501  0.91
2.6601  0.93
2.6701  0.86
2.6801  0.89
2.6901  0.75
2.7001  0.85
2.7101  0.96
2.7201  0.92
2.7301  1
2.7401  0.88
2.7501  1.06
2.7601  0.82
2.7701  0.84
2.7801  0.82
2.7901  0.78
2.8001  0.91
2.8101  0.99
2.8201  0.86
2.8301  0.77
2.8401  0.86
2.8501  0.96
2.8601  0.98
2.8701  0.91
2.8801  0.82
2.8901  0.85
2.9001  0.75
2.9101  0.98
2.9201  0.95
2.9301  0.9
2.9401  0.83
2.9501  1
2.9601  1.07
2.9701  0.88
2.9801  0.88
2.9901  0.96
3.0001  0.81
3.0101  0.83
3.0201  1.01
3.0301  0.84
3.0401  0.92
3.0501  0.94
3.0601  0.78
3.0701  1.04
3.0801  1.09
3.0901  0.99
3.1001  0.89
3.1101  0.87
3.1201  0.76
3.1301  0.95
3.1401  0.94
3.1501  0.92
3.1601  0.95
3.1701  1
3.1801  0.86
3.1901  1.07
3.2001  0.8
3.2101  0.95
3.2201  1.05
3.2301  0.85
3.2401  0.89
3.2501  0.91
3.2601  0.79
3.2701  1.02
3.2801  1.1
3.2901  1.02
3.3001  1.14
3.3101  0.97
3.3201  0.98
3.3301  0.84
3.3401  0.94
3.3501  0.79
3.3601  0.84
3.3701  0.73
3.3801  0.98
3.3901  0.93
3.4001  1.08
3.4101  0.82
3.4201  0.92
3.4301  0.95
3.4401  1.01
3.4501  0.91
3.4601  0.98
3.4701  1.06
3.4801  0.98
3.4901  0.97
3.5001  0.76
3.5101  0.9
3.5201  0.87
3.5301  0.92
3.5401  0.98
3.5501  0.99
3.5601  1
3.5701  0.9
3.5801  0.97
3.5901  0.81
3.6001  0.83
3.6101  0.84
3.6201  0.95
3.6301  0.87
3.6401  0.94
3.6501  0.91
3.6601  0.97
3.6701  0.92
3.6801  0.99
3.6901  0.91
3.7001  1.09
3.7101  0.82
3.7201  0.9
3.7301  0.95
3.7401  0.82
3.7501  0.89
3.7601  1.08
3.7701  1.18
3.7801  0.86
3.7901  0.86
3.8001  0.99
3.8101  0.94
3.8201  0.91
3.8301  0.92
3.8401  0.91
3.8501  0.94
3.8601  0.78
3.8701  0.82
3.8801  0.96
3.8901  0.83
3.9001  0.97
3.9101  0.73
3.9201  0.99
3.9301  0.83
3.9401  0.85
3.9501  0.73
3.9601  0.86
3.9701  1
3.9801  0.84
3.9901  0.99
4.0001  0.86
4.0101  0.93
4.0201  0.96
4.0301  0.95
4.0401  0.93
4.0501  1.04
4.0601  0.7
4.0701  0.83
4.0801  0.93
4.0901  0.95
4.1001  0.82
4.1101  1.05
4.1201  0.82
4.1301  0.96
4.1401  1.07
4.1501  0.84
4.1601  0.96
4.1701  0.76
4.1801  1.06
4.1901  0.82
4.2001  0.97
4.2101  0.9
4.2201  0.9
4.2301  0.8
4.2401  0.86
4.2501  0.86
4.2601  0.82
4.2701  0.9
4.2801  0.93
4.2901  1.07
4.3001  1.07
4.3101  0.87
4.3201  1.11
4.3301  0.75
4.3401  0.94
4.3501  0.99
4.3601  0.87
4.3701  0.86
4.3801  0.87
4.3901  0.82
4.4001  0.94
4.4101  1.01
4.4201  0.69
4.4301  0.9
4.4401  1.07
4.4501  0.9
4.4601  0.78
4.4701  0.98
4.4801  0.86
4.4901  1.04
4.5001  0.85
4.5101  0.83
4.5201  0.92
4.5301  0.96
4.5401  0.86
4.5501  0.99
4.5601  0.98
4.5701  0.96
4.5801  0.88
4.5901  1.08
4.6001  0.84
4.6101  0.64
4.6201  0.89
4.6301  0.92
4.6401  0.84
4.6501  1.1
4.6601  0.91
4.6701  0.93
4.6801  0.74
4.6901  0.83
4.7001  0.92
4.7101  0.99
4.7201  1.07
4.7301  1
4.7401  0.86
4.7501  1.06
4.7601  0.98
4.7701  0.91
4.7801  0.88
4.7901  0.94
4.8001  1
4.8101  0.83
4.8201  0.87
4.8301  0.82
4.8401  0.95
4.8501  0.95
4.8601  1.17
4.8701  0.99
4.8801  1.04
4.8901  0.89
4.9001  0.89
4.9101  0.93
4.9201  0.88
4.9301  0.91
4.9401  0.89
4.9501  0.87
4.9601  0.83
4.9701  0.76
4.9801  0.85
4.9901  0.82
5.0001  0.87
5.0101  0.91
5.0201  0.99
5.0301  0.81
5.0401  0.97
5.0501  1.12
5.0601  0.88
5.0701  0.93
5.0801  0.8
5.0901  1.06
5.1001  0.94
5.1101  0.88
5.1201  0.81
5.1301  0.98
5.1401  1.07
5.1501  0.85
5.1601  0.83
5.1701  1.08
5.1801  0.76
5.1901  0.84
5.2001  0.97
5.2101  1.03
5.2201  0.91
5.2301  0.81
5.2401  1.04
5.2501  0.89
5.2601  0.87
5.2701  0.89
5.2801  1.08
5.2901  0.86
5.3001  1.02
5.3101  1.05
5.3201  0.99
5.3301  1.01
5.3401  0.87
5.3501  0.88
5.3601  0.99
5.3701  0.88
5.3801  0.9
5.3901  0.7
5.4001  0.74
5.4101  0.82
5.4201  0.89
5.4301  0.89
5.4401  1.13
5.4501  0.99
5.4601  0.91
5.4701  1.05
5.4801  0.85
5.4901  0.85
5.5001  0.96
5.5101  0.85
5.5201  0.82
5.5301  0.91
5.5401  1.02
5.5501  0.82
5.5601  0.96
5.5701  1.06
5.5801  0.8
5.5901  0.97
5.6001  0.78
5.6101  0.92
5.6201  1
5.6301  0.88
5.6401  0.98
5.6501  1.02
5.6601  1.04
5.6701  0.84
5.6801  0.95
5.6901  0.82
5.7001  1.01
5.7101  0.77
5.7201  0.95
5.7301  0.8
5.7401  0.98
5.7501  0.82
5.7601  1.02
5.7701  0.99
5.7801  1.01
5.7901  0.78
5.8001  0.87
5.8101  0.88
5.8201  0.89
5.8301  0.81
5.8401  0.92
5.8501  0.88
5.8601  1.03
5.8701  0.89
5.8801  0.81
5.8901  0.95
5.9001  0.91
5.9101  0.85
5.9201  0.94
5.9301  1.08
5.9401  0.88
5.9501  1.06
5.9601  0.8
5.9701  0.95
5.9801  1
5.9901  0.83
6.0001  0.85
6.0101  0.91
6.0201  0.94
6.0301  1.11
6.0401  0.83
6.0501  0.76
6.0601  0.81
6.0701  1
6.0801  0.79
6.0901  0.92
6.1001  0.96
6.1101  0.98
6.1201  0.84
6.1301  0.73
6.1401  0.92
6.1501  1
6.1601  0.81
6.1701  0.81
6.1801  1
6.1901  0.84
6.2001  0.94
6.2101  0.93
6.2201  0.87
6.2301  0.84
6.2401  0.94
6.2501  0.97
6.2601  1.12
6.2701  0.92
6.2801  0.9
6.2901  1.07
6.3001  0.91
6.3101  0.91
6.3201  0.95
6.3301  0.99
6.3401  0.97
6.3501  0.98
6.3601  0.95
6.3701  1.14
6.3801  0.89
6.3901  0.86
6.4001  0.73
6.4101  0.77
6.4201  0.8
6.4301  0.99
6.4401  0.87
6.4501  0.84
6.4601  0.92
6.4701  0.85
6.4801  1.02
6.4901  0.74
6.5001  1.04
6.5101  0.98
6.5201  0.85
6.5301  1.22
6.5401  0.85
6.5501  0.98
6.5601  0.89
6.5701  0.97
6.5801  0.89
6.5901  0.76
6.6001  1.03
6.6101  0.93
6.6201  0.92
6.6301  0.98
6.6401  0.99
6.6501  0.99
6.6601  0.99
6.6701  0.9
6.6801  0.79
6.6901  0.93
6.7001  0.93
6.7101  0.86
6.7201  0.87
6.7301  0.76
6.7401  1.13
6.7501  0.91
6.7601  0.98
6.7701  0.96
6.7801  1.2
6.7901  0.85
6.8001  0.96
6.8101  0.8
6.8201  0.88
6.8301  0.9
6.8401  0.95
6.8501  0.78
6.8601  0.84
6.8701  1.01
6.8801  0.87
6.8901  1.03
6.9001  0.86
6.9101  1.13
6.9201  1.06
6.9301  0.89
6.9401  0.78
6.9501  0.96
6.9601  0.89
6.9701  1.14
6.9801  0.91
6.9901  0.99
7.0001  0.91
7.0101  0.88
7.0201  0.89
7.0301  0.99
7.0401  0.93
7.0501  1.14
7.0601  0.94
7.0701  0.9
7.0801  0.89
7.0901  0.99
7.1001  0.88
7.1101  0.85
7.1201  0.92
7.1301  0.89
7.1401  0.69
7.1501  0.8
7.1601  0.74
7.1701  0.75
7.1801  0.92
7.1901  0.92
7.2001  0.89
7.2101  0.96
7.2201  1.02
7.2301  0.93
7.2401  0.89
7.2501  1.07
7.2601  0.9
7.2701  0.82
7.2801  0.87
7.2901  0.77
7.3001  1.08
7.3101  0.78
7.3201  0.89
7.3301  1.02
7.3401  0.9
7.3501  0.89
7.3601  0.8
7.3701  0.91
7.3801  1.08
7.3901  1.06
7.4001  0.92
7.4101  0.91
7.4201  0.89
7.4301  0.91
7.4401  0.99
7.4501  0.85
7.4601  0.98
7.4701  0.77
7.4801  0.93
7.4901  0.8
7.5001  0.99
7.5101  0.81
7.5201  0.74
7.5301  0.96
7.5401  0.61
7.5501  0.98
7.5601  0.95
7.5701  0.92
7.5801  0.83
7.5901  0.94
7.6001  0.93
7.6101  0.86
7.6201  1
7.6301  0.99
7.6401  0.84
7.6501  0.86
7.6601  1.16
7.6701  1
7.6801  0.77
7.6901  0.87
7.7001  0.89
7.7101  1.03
7.7201  0.78
7.7301  0.76
7.7401  0.93
7.7501  0.96
7.7601  0.98
7.7701  1.08
7.7801  0.87
7.7901  0.87
7.8001  0.87
7.8101  0.9
7.8201  0.96
7.8301  1.03
7.8401  1.06
7.8501  1.07
7.8601  0.87
7.8701  0.98
7.8801  1.09
7.8901  0.9
7.9001  0.83
7.9101  0.82
7.9201  1.01
7.9301  0.79
7.9401  1
7.9501  0.93
7.9601  0.85
7.9701  0.92
7.9801  0.96
7.9901  0.84
8.0001  0.81
8.0101  0.89
8.0201  1.04
8.0301  1.01
8.0401  0.95
8.0501  0.96
8.0601  1.06
8.0701  1.02
8.0801  0.89
8.0901  0.91
8.1001  0.92
8.1101  0.69
8.1201  0.68
8.1301  0.98
8.1401  1.11
8.1501  0.93
8.1601  0.86
8.1701  1.06
8.1801  0.97
8.1901  0.88
8.2001  0.97
8.2101  0.97
8.2201  0.92
8.2301  0.9
8.2401  0.95
8.2501  1.05
8.2601  0.66
8.2701  0.92
8.2801  0.88
8.2901  0.86
8.3001  0.97
8.3101  0.83
8.3201  0.87
8.3301  1.02
8.3401  0.94
8.3501  0.91
8.3601  1.17
8.3701  0.84
8.3801  0.85
8.3901  1.05
8.4001  0.95
8.4101  1.05
8.4201  0.88
8.4301  1.04
8.4401  1
8.4501  0.78
8.4601  0.96
8.4701  1.16
8.4801  0.88
8.4901  1.17
8.5001  0.81
8.5101  0.83
8.5201  0.96
8.5301  0.79
8.5401  0.87
8.5501  0.78
8.5601  0.77
8.5701  0.97
8.5801  0.82
8.5901  0.86
8.6001  0.82
8.6101  0.8
8.6201  1.09
8.6301  0.92
8.6401  0.93
8.6501  0.87
8.6601  0.9
8.6701  0.98
8.6801  0.83
8.6901  1.03
8.7001  0.96
8.7101  1
8.7201  0.87
8.7301  0.81
8.7401  0.92
8.7501  0.9
8.7601  0.97
8.7701  0.91
8.7801  0.94
8.7901  0.81
8.8001  0.96
8.8101  0.86
8.8201  0.9
8.8301  0.91
8.8401  0.83
8.8501  0.87
8.8601  1.04
8.8701  0.94
8.8801  0.89
8.8901  0.9
8.9001  1.02
8.9101  0.93
8.9201  0.86
8.9301  0.92
8.9401  1.18
8.9501  0.77
8.9601  0.78
8.9701  0.81
8.9801  1
8.9901  1.11
9.0001  1.02
9.0101  0.94
9.0201  0.79
9.0301  0.84
9.0401  0.96
9.0501  0.91
9.0601  0.98
9.0701  0.74
9.0801  0.83
9.0901  0.81
9.1001  1.03
9.1101  0.94
9.1201  0.9
9.1301  0.99
9.1401  1.03
9.1501  0.92
9.1601  0.83
9.1701  0.84
9.1801  0.88
9.1901  0.93
9.2001  0.69
9.2101  0.89
9.2201  0.86
9.2301  0.91
9.2401  0.97
9.2501  0.93
9.2601  0.93
9.2701  0.8
9.2801  0.92
9.2901  1.18
9.3001  0.82
9.3101  0.84
9.3201  1.06
9.3301  0.81
9.3401  0.91
9.3501  1.03
9.3601  0.64
9.3701  0.95
9.3801  0.96
9.3901  0.87
9.4001  1.05
9.4101  0.85
9.4201  1.06
9.4301  0.98
9.4401  0.8
9.4501  0.88
9.4601  0.87
9.4701  0.84
9.4801  1.12
9.4901  1.06
9.5001  0.87
9.5101  0.8
9.5201  1.1
9.5301  0.93
9.5401  0.85
9.5501  0.81
9.5601  0.8
9.5701  0.95
9.5801  0.95
9.5901  0.95
9.6001  0.87
9.6101  0.7
9.6201  1.03
9.6301  0.97
9.6401  0.98
9.6501  0.95
9.6601  0.84
9.6701  0.9
9.6801  0.89
9.6901  0.86
9.7001  1.05
9.7101  0.95
9.7201  0.93
9.7301  0.9
9.7401  1
9.7501  1
9.7601  0.93
9.7701  0.83
9.7801  0.96
9.7901  0.87
9.8001  0.98
9.8101  0.9
9.8201  0.88
9.8301  1.02
9.8401  0.8
9.8501  1.17
9.8601  0.93
9.8701  0.82
9.8801  1
9.8901  1.01
9.9001  0.84
9.9101  0.77
9.9201  0.89
9.9301  0.92
9.9401  1.05
9.9501  1.08
9.9601  0.94
9.9701  1.03
9.9801  0.78
9.9901  0.83
10.0001  0.99
10.0101  0.9
10.0201  0.78
10.0301  0.95
10.0401  0.81
10.0501  0.9
10.0601  0.95
10.0701  0.91
10.0801  0.82
10.0901  0.8
10.1001  0.9
10.1101  0.86
10.1201  0.91
10.1301  1
10.1401  0.94
10.1501  0.89
10.1601  1.05
10.1701  0.83
10.1801  0.98
10.1901  0.8
10.2001  0.96
10.2101  0.85
10.2201  1.09
10.2301  0.95
10.2401  1.08
10.2501  0.6
10.2601  1.04
10.2701  0.82
10.2801  0.93
10.2901  0.98
10.3001  0.9
10.3101  0.85
10.3201  0.87
10.3301  0.97
10.3401  0.93
10.3501  0.91
10.3601  0.74
10.3701  0.93
10.3801  0.82
10.3901  0.91
10.4001  0.85
10.4101  1.07
10.4201  0.72
10.4301  0.93
10.4401  1
10.4501  0.83
10.4601  0.86
10.4701  1.07
10.4801  0.8
10.4901  0.96
10.5001  0.98
10.5101  0.83
10.5201  1.11
10.5301  0.85
10.5401  1
10.5501  0.98
10.5601  0.95
10.5701  0.7
10.5801  1.03
10.5901  0.88
10.6001  0.99
10.6101  0.97
10.6201  0.93
10.6301  0.79
10.6401  0.84
10.6501  0.87
10.6601  0.9
10.6701  1.08
10.6801  0.92
10.6901  0.81
10.7001  1.05
10.7101  0.89
10.7201  0.83
10.7301  0.94
10.7401  0.99
10.7501  1
10.7601  0.96
10.7701  0.96
10.7801  0.97
10.7901  0.68
10.8001  0.84
10.8101  1
10.8201  0.99
10.8301  0.96
10.8401  0.8
10.8501  0.89
10.8601  0.85
10.8701  1.11
10.8801  0.77
10.8901  0.97
10.9001  1.14
10.9101  1.05
10.9201  0.8
10.9301  0.87
10.9401  0.84
10.9501  1.01
10.9601  0.94
10.9701  0.86
10.9801  0.98
10.9901  0.93
11.0001  0.91
11.0101  0.79
11.0201  1.02
11.0301  0.74
11.0401  0.77
11.0501  1.03
11.0601  1.06
11.0701  0.97
11.0801  0.97
11.0901  0.9
11.1001  0.89
11.1101  0.89
11.1201  0.98
11.1301  0.94
11.1401  0.85
11.1501  1.02
11.1601  0.86
11.1701  0.83
11.1801  0.86
11.1901  0.82
11.2001  0.93
11.2101  0.87
11.2201  0.91
11.2301  0.87
11.2401  0.87
11.2501  0.98
11.2601  0.96
11.2701  0.95
11.2801  1.02
11.2901  0.76
11.3001  0.99
11.3101  0.84
11.3201  0.97
11.3301  0.94
11.3401  0.98
11.3501  0.99
11.3601  0.9
11.3701  1.15
11.3801  0.97
11.3901  0.72
11.4001  0.8
11.4101  0.98
11.4201  0.77
11.4301  1.1
11.4401  0.73
11.4501  0.91
11.4601  0.92
11.4701  1
11.4801  0.9
11.4901  0.92
11.5001  0.88
11.5101  0.85
11.5201  1.02
11.5301  0.75
11.5401  0.94
11.5501  0.8
11.5601  1.1
11.5701  0.78
11.5801  0.83
11.5901  1.02
11.6001  0.91
11.6101  0.94
11.6201  0.72
11.6301  0.86
11.6401  0.99
11.6501  0.96
11.6601  0.94
11.6701  0.88
11.6801  0.73
11.6901  0.96
11.7001  1
11.7101  0.78
11.7201  1.07
11.7301  1.03
11.7401  0.94
11.7501  0.73
11.7601  0.82
11.7701  0.87
11.7801  0.86
11.7901  0.98
11.8001  0.92
11.8101  0.87
11.8201  0.74
11.8301  0.93
11.8401  0.97
11.8501  0.81
11.8601  0.8
11.8701  1.04
11.8801  0.9
11.8901  0.96
11.9001  0.83
11.9101  1.01
11.9201  0.89
11.9301  0.82
11.9401  0.87
11.9501  0.98
11.9601  1.01
11.9701  0.94
11.9801  0.9
11.9901  0.88
12.0001  0.97
12.0101  0.86
12.0201  1.05
12.0301  0.83
12.0401  1.04
12.0501  0.81
12.0601  0.9
12.0701  0.79
12.0801  1
12.0901  1
12.1001  0.98
12.1101  0.87
12.1201  0.92
12.1301  0.97
12.1401  0.97
12.1501  0.8
12.1601  0.93
12.1701  0.9
12.1801  0.78
12.1901  0.88
12.2001  0.98
12.2101  0.89
12.2201  0.96
12.2301  0.92
12.2401  1.02
12.2501  0.79
12.2601  0.94
12.2701  1.11
12.2801  0.8
12.2901  0.91
12.3001  0.98
12.3101  0.95
12.3201  0.86
12.3301  0.84
12.3401  1.17
12.3501  0.78
12.3601  0.9
12.3701  1.02
12.3801  0.74
12.3901  1
12.4001  0.84
12.4101  1.01
12.4201  1.15
12.4301  1.01
12.4401  0.94
12.4501  0.88
12.4601  1.04
12.4701  1.08
12.4801  0.85
12.4901  0.98
12.5001  0.9
12.5101  1.11
12.5201  1
12.5301  0.92
12.5401  0.91
12.5501  0.89
12.5601  0.93
12.5701  0.86
12.5801  0.81
12.5901  1.02
12.6001  0.9
12.6101  0.93
12.6201  0.86
12.6301  0.83
12.6401  0.92
12.6501  0.84
12.6601  0.83
12.6701  0.86
12.6801  0.81
12.6901  0.8
12.7001  1.03
12.7101  0.96
12.7201  0.75
12.7301  0.95
12.7401  0.97
12.7501  0.94
12.7601  0.92
12.7701  0.74
12.7801  1.06
12.7901  0.88
12.8001  0.91
12.8101  0.82
12.8201  0.97
12.8301  0.86
12.8401  0.87
12.8501  0.98
12.8601  0.95
12.8701  0.94
12.8801  0.79
12.8901  0.93
12.9001  0.86
12.9101  1.11
12.9201  0.84
12.9301  0.9
12.9401  0.81
12.9501  0.98
12.9601  0.93
12.9701  0.9
12.9801  0.69
12.9901  0.89
13.0001  0.9
13.0101  1.07
13.0201  0.94
13.0301  0.89
13.0401  0.93
13.0501  0.83
13.0601  0.96
13.0701  0.94
13.0801  0.91
13.0901  0.9
13.1001  0.85
13.1101  0.99
13.1201  0.97
13.1301  0.71
13.1401  0.9
13.1501  0.89
13.1601  0.98
13.1701  0.82
13.1801  0.9
13.1901  0.91
13.2001  0.98
13.2101  1.01
13.2201  0.99
13.2301  0.82
13.2401  1.04
13.2501  0.87
13.2601  0.92
13.2701  0.93
13.2801  0.94
13.2901  0.74
13.3001  0.95
13.3101  0.84
13.3201  0.89
13.3301  0.94
13.3401  0.91
13.3501  0.83
13.3601  0.99
13.3701  1.01
13.3801  1.03
13.3901  0.93
13.4001  0.8
13.4101  0.84
13.4201  0.86
13.4301  0.95
13.4401  0.83
13.4501  0.94
13.4601  0.95
13.4701  0.95
13.4801  0.85
13.4901  1
13.5001  0.94
13.5101  1.01
13.5201  0.9
13.5301  0.87
13.5401  1.05
13.5501  0.83
13.5601  0.92
13.5701  1.05
13.5801  0.98
13.5901  0.85
13.6001  1.03
13.6101  1.12
13.6201  0.84
13.6301  1
13.6401  0.82
13.6501  1.06
13.6601  0.94
13.6701  0.98
13.6801  1.08
13.6901  0.83
13.7001  0.93
13.7101  0.66
13.7201  0.89
13.7301  0.98
13.7401  0.92
13.7501  0.8
13.7601  1.05
13.7701  0.91
13.7801  0.86
13.7901  0.91
13.8001  0.85
13.8101  0.83
13.8201  1.01
13.8301  0.84
13.8401  0.98
13.8501  0.96
13.8601  0.98
13.8701  1.01
13.8801  1.06
13.8901  0.97
13.9001  0.83
13.9101  0.86
13.9201  0.95
13.9301  0.92
13.9401  0.84
13.9501  0.87
13.9601  1.08
13.9701  0.93
13.9801  1.01
13.9901  1.07
14.0001  0.84
14.0101  0.85
14.0201  0.82
14.0301  0.93
14.0401  1.04
14.0501  0.72
14.0601  0.86
14.0701  0.97
14.0801  0.89
14.0901  0.86
14.1001  0.89
14.1101  0.97
14.1201  0.96
14.1301  0.94
14.1401  0.92
14.1501  0.97
14.1601  0.96
14.1701  0.75
14.1801  1.09
14.1901  0.92
14.2001  0.87
14.2101  0.96
14.2201  0.98
14.2301  0.98
14.2401  1
14.2501  0.92
14.2601  1.05
14.2701  0.89
14.2801  0.93
14.2901  0.71
14.3001  0.85
14.3101  1.08
14.3201  0.78
14.3301  1.06
14.3401  0.98
14.3501  0.82
14.3601  0.95
14.3701  0.8
14.3801  0.86
14.3901  0.74
14.4001  0.98
14.4101  0.81
14.4201  0.81
14.4301  0.8
14.4401  0.98
14.4501  0.95
14.4601  0.92
14.4701  0.86
14.4801  1.06
14.4901  0.8
14.5001  0.88
14.5101  0.85
14.5201  0.88
14.5301  0.78
14.5401  0.91
14.5501  0.84
14.5601  0.96
14.5701  0.92
14.5801  0.87
14.5901  1.09
14.6001  0.84
14.6101  0.91
14.6201  0.86
14.6301  0.89
14.6401  0.94
14.6501  0.81
14.6601  1.03
14.6701  0.98
14.6801  1
14.6901  0.84
14.7001  1.04
14.7101  0.98
14.7201  0.93
14.7301  0.84
14.7401  0.96
14.7501  0.88
14.7601  0.81
14.7701  0.89
14.7801  0.89
14.7901  0.94
14.8001  0.89
14.8101  0.99
14.8201  0.95
14.8301  0.69
14.8401  0.88
14.8501  1.02
14.8601  0.92
14.8701  0.95
14.8801  1
14.8901  1.01
14.9001  0.9
14.9101  0.86
14.9201  0.92
14.9301  0.89
14.9401  0.94
14.9501  0.84
14.9601  0.95
14.9701  0.91
14.9801  0.93
14.9901  0.9
15.0001  1.08
15.0101  0.93
15.0201  1
15.0301  0.84
15.0401  0.87
15.0501  1.01
15.0601  0.81
15.0701  0.93
15.0801  1.07
15.0901  0.93
15.1001  0.83
15.1101  0.93
15.1201  1.04
15.1301  0.87
15.1401  0.96
15.1501  0.91
15.1601  0.98
15.1701  0.82
15.1801  0.94
15.1901  0.81
15.2001  1.03
15.2101  0.88
15.2201  0.89
15.2301  0.93
15.2401  0.94
15.2501  1.05
15.2601  0.82
15.2701  1.05
15.2801  0.93
15.2901  1
15.3001  0.95
15.3101  0.9
15.3201  0.88
15.3301  1.07
15.3401  0.92
15.3501  1.02
15.3601  1.04
15.3701  0.89
15.3801  1.01
15.3901  0.76
15.4001  0.96
15.4101  1
15.4201  0.91
15.4301  0.88
15.4401  0.92
15.4501  1
15.4601  0.94
15.4701  0.88
15.4801  0.86
15.4901  0.82
15.5001  0.77
15.5101  0.97
15.5201  0.88
15.5301  0.77
15.5401  0.82
15.5501  0.91
15.5601  1.01
15.5701  0.98
15.5801  0.8
15.5901  0.94
15.6001  0.79
15.6101  1.08
15.6201  0.81
15.6301  0.94
15.6401  0.79
15.6501  0.94
15.6601  0.84
15.6701  0.92
15.6801  0.96
15.6901  1.03
15.7001  0.89
15.7101  0.91
15.7201  0.98
15.7301  0.86
15.7401  0.92
15.7501  0.97
15.7601  0.87
15.7701  0.82
15.7801  0.76
15.7901  0.97
15.8001  0.9
15.8101  0.91
15.8201  0.99
15.8301  0.97
15.8401  0.97
15.8501  0.9
15.8601  0.98
15.8701  0.98
15.8801  0.72
15.8901  0.94
15.9001  0.78
15.9101  0.74
15.9201  0.95
15.9301  0.96
15.9401  0.64
15.9501  0.85
15.9601  0.98
15.9701  1
15.9801  0.89
15.9901  0.92
16.0001  0.97
16.0101  1.12
16.0201  0.95
16.0301  0.98
16.0401  0.7
16.0501  0.74
16.0601  1.06
16.0701  1.07
16.0801  0.73
16.0901  1.03
16.1001  0.79
16.1101  0.85
16.1201  1.04
16.1301  0.82
16.1401  1.02
16.1501  0.99
16.1601  1.11
16.1701  0.88
16.1801  0.72
16.1901  1.08
16.2001  0.93
16.2101  0.83
16.2201  0.91
16.2301  1.08
16.2401  0.93
16.2501  0.74
16.2601  0.8
16.2701  0.98
16.2801  0.95
16.2901  0.8
16.3001  1.01
16.3101  1.22
16.3201  0.9
16.3301  0.85
16.3401  0.8
16.3501  0.95
16.3601  0.97
16.3701  0.87
16.3801  1.04
16.3901  0.91
16.4001  0.9
16.4101  1.05
16.4201  0.85
16.4301  0.88
16.4401  0.82
16.4501  1.04
16.4601  0.65
16.4701  1.07
16.4801  0.95
16.4901  0.85
16.5001  1.01
16.5101  1.11
16.5201  1.01
16.5301  0.82
16.5401  0.97
16.5501  0.88
16.5601  1
16.5701  1.04
16.5801  0.88
16.5901  0.98
16.6001  0.89
16.6101  0.98
16.6201  0.89
16.6301  0.96
16.6401  1.13
16.6501  0.99
16.6601  0.88
16.6701  0.86
16.6801  0.92
16.6901  0.89
16.7001  0.86
16.7101  0.91
16.7201  0.77
16.7301  0.9
16.7401  0.83
16.7501  0.97
16.7601  0.86
16.7701  1.07
16.7801  0.81
16.7901  0.88
16.8001  1.02
16.8101  1.02
16.8201  0.96
16.8301  1.09
16.8401  0.82
16.8501  1.12
16.8601  0.87
16.8701  0.94
16.8801  0.94
16.8901  0.89
16.9001  0.92
16.9101  0.97
16.9201  0.86
16.9301  1.1
16.9401  0.96
16.9501  0.86
16.9601  0.79
16.9701  0.93
16.9801  0.71
16.9901  0.93
17.0001  0.86
17.0101  0.98
17.0201  0.9
17.0301  1.07
17.0401  0.81
17.0501  0.78
17.0601  0.92
17.0701  0.68
17.0801  0.94
17.0901  0.8
17.1001  0.77
17.1101  1.06
17.1201  0.85
17.1301  0.92
17.1401  1.11
17.1501  0.91
17.1601  0.78
17.1701  0.8
17.1801  0.98
17.1901  1.06
17.2001  0.98
17.2101  1.01
17.2201  1.09
17.2301  0.95
17.2401  0.8
17.2501  0.78
17.2601  0.87
17.2701  0.96
17.2801  0.86
17.2901  0.96
17.3001  0.86
17.3101  0.73
17.3201  1.08
17.3301  0.98
17.3401  0.77
17.3501  0.85
17.3601  0.81
17.3701  0.9
17.3801  0.82
17.3901  0.82
17.4001  0.76
17.4101  0.92
17.4201  0.89
17.4301  0.95
17.4401  0.96
17.4501  1.01
17.4601  1.04
17.4701  0.82
17.4801  0.96
17.4901  0.96
17.5001  0.92
17.5101  0.95
17.5201  0.73
17.5301  0.93
17.5401  0.91
17.5501  0.93
17.5601  0.9
17.5701  0.99
17.5801  0.84
17.5901  0.84
17.6001  0.84
17.6101  0.93
17.6201  0.91
17.6301  0.81
17.6401  0.74
17.6501  0.88
17.6601  0.88
17.6701  1.16
17.6801  0.9
17.6901  0.87
17.7001  0.93
17.7101  0.94
17.7201  1.07
17.7301  0.92
17.7401  0.98
17.7501  1.04
17.7601  0.95
17.7701  0.89
17.7801  0.86
17.7901  0.82
17.8001  1.03
17.8101  0.87
17.8201  0.74
17.8301  0.99
17.8401  0.91
17.8501  0.86
17.8601  0.88
17.8701  0.99
17.8801  0.95
17.8901  1
17.9001  0.83
17.9101  0.92
17.9201  0.98
17.9301  1.12
17.9401  0.96
17.9501  0.98
17.9601  0.88
17.9701  1.01
17.9801  0.94
17.9901  0.81
18.0001  0.94
18.0101  0.83
18.0201  0.86
18.0301  1.06
18.0401  0.91
18.0501  0.72
18.0601  0.99
18.0701  0.89
18.0801  0.98
18.0901  0.96
18.1001  1.06
18.1101  0.83
18.1201  0.86
18.1301  0.99
18.1401  0.92
18.1501  0.89
18.1601  0.9
18.1701  0.99
18.1801  1.06
18.1901  0.96
18.2001  0.91
18.2101  0.92
18.2201  0.95
18.2301  0.9
18.2401  0.75
18.2501  0.87
18.2601  1.03
18.2701  0.92
18.2801  0.95
18.2901  1.14
18.3001  1.01
18.3101  0.98
18.3201  0.87
18.3301  0.92
18.3401  0.9
18.3501  0.96
18.3601  0.91
18.3701  1.01
18.3801  1.05
18.3901  0.82
18.4001  0.87
18.4101  0.94
18.4201  0.93
18.4301  0.84
18.4401  0.95
18.4501  1.04
18.4601  0.89
18.4701  1
18.4801  0.84
18.4901  0.75
18.5001  0.97
18.5101  0.9
18.5201  1.01
18.5301  0.85
18.5401  0.84
18.5501  0.92
18.5601  0.88
18.5701  0.81
18.5801  0.97
18.5901  0.86
18.6001  0.91
18.6101  0.92
18.6201  0.95
18.6301  0.95
18.6401  0.89
18.6501  0.74
18.6601  0.9
18.6701  0.92
18.6801  0.9
18.6901  0.8
18.7001  0.97
18.7101  0.91
18.7201  1.02
18.7301  0.9
18.7401  0.94
18.7501  0.9
18.7601  0.84
18.7701  1.03
18.7801  0.93
18.7901  0.92
18.8001  0.78
18.8101  0.89
18.8201  0.79
18.8301  0.8
18.8401  1
18.8501  1.06
18.8601  1.12
18.8701  0.67
18.8801  0.81
18.8901  0.9
18.9001  1
18.9101  0.92
18.9201  1.02
18.9301  0.86
18.9401  0.96
18.9501  0.94
18.9601  0.93
18.9701  1.07
18.9801  0.91
18.9901  0.89
19.0001  0.91
19.0101  0.81
19.0201  1
19.0301  1.02
19.0401  1
19.0501  0.92
19.0601  0.76
19.0701  1.01
19.0801  0.84
19.0901  0.76
19.1001  0.83
19.1101  0.97
19.1201  1.02
19.1301  0.78
19.1401  0.73
19.1501  0.78
19.1601  0.82
19.1701  0.88
19.1801  1.02
19.1901  0.95
19.2001  0.95
19.2101  1.03
19.2201  0.85
19.2301  1.09
19.2401  0.83
19.2501  0.84
19.2601  1.06
19.2701  0.93
19.2801  0.81
19.2901  0.84
19.3001  1.1
19.3101  0.92
19.3201  1.01
19.3301  0.85
19.3401  1.03
19.3501  0.94
19.3601  1.03
19.3701  0.78
19.3801  0.78
19.3901  0.99
19.4001  1.11
19.4101  0.86
19.4201  1.17
19.4301  0.9
19.4401  0.91
19.4501  0.88
19.4601  1.01
19.4701  0.83
19.4801  0.8
19.4901  1.04
19.5001  0.84
19.5101  0.82
19.5201  0.85
19.5301  0.98
19.5401  1.01
19.5501  0.97
19.5601  0.85
19.5701  1.01
19.5801  0.93
19.5901  0.74
19.6001  0.99
19.6101  1.05
19.6201  0.81
19.6301  0.8
19.6401  0.81
19.6501  1.02
19.6601  0.9
19.6701  0.82
19.6801  0.78
19.6901  0.94
19.7001  0.94
19.7101  0.76
19.7201  0.89
19.7301  0.81
19.7401  0.96
19.7501  0.89
19.7601  0.84
19.7701  0.89
19.7801  0.99
19.7901  0.91
19.8001  1.1
19.8101  0.91
19.8201  1
19.8301  0.93
19.8401  0.9
19.8501  0.89
19.8601  1.05
19.8701  0.89
19.8801  1.06
19.8901  0.84
19.9001  0.95
19.9101  0.88
19.9201  0.91
19.9301  0.84
19.9401  1.04
19.9501  1.02
19.9601  0.79
19.9701  0.96
19.9801  0.95
19.9901  0.93
20.0001  0.85
20.0101  0.82
20.0201  0.86
20.0301  1.17
20.0401  1.06
20.0501  0.79
20.0601  0.79
20.0701  0.76
20.0801  0.78
20.0901  0.83
20.1001  0.88
20.1101  0.98
20.1201  0.85
20.1301  0.8
20.1401  1
20.1501  0.91
20.1601  0.9
20.1701  1.05
20.1801  0.88
20.1901  0.95
20.2001  0.89
20.2101  1.11
20.2201  0.94
20.2301  0.91
20.2401  0.96
20.2501  0.79
20.2601  0.87
20.2701  0.92
20.2801  1
20.2901  0.86
20.3001  1.14
20.3101  0.72
20.3201  1.09
20.3301  0.95
20.3401  0.95
20.3501  1.12
20.3601  0.92
20.3701  0.83
20.3801  1.04
20.3901  0.81
20.4001  0.9
20.4101  0.96
20.4201  1.03
20.4301  0.83
20.4401  0.87
20.4501  0.98
20.4601  0.85
20.4701  0.95
20.4801  0.89
20.4901  0.89
20.5001  0.94
20.5101  0.9
20.5201  0.98
20.5301  1.03
20.5401  0.87
20.5501  0.97
20.5601  0.85
20.5701  1.06
20.5801  0.82
20.5901  1.16
20.6001  0.7
20.6101  0.97
20.6201  1.1
20.6301  0.96
20.6401  0.85
20.6501  0.88
20.6601  0.82
20.6701  0.85
20.6801  0.79
20.6901  1.09
20.7001  1
20.7101  0.92
20.7201  1.04
20.7301  0.86
20.7401  1.05
20.7501  1.02
20.7601  0.84
20.7701  0.82
20.7801  0.88
20.7901  0.77
20.8001  0.86
20.8101  0.93
20.8201  0.88
20.8301  0.95
20.8401  0.95
20.8501  1.02
20.8601  0.87
20.8701  0.93
20.8801  0.82
20.8901  0.97
20.9001  0.88
20.9101  0.87
20.9201  0.78
20.9301  0.96
20.9401  0.95
20.9501  1.03
20.9601  0.93
20.9701  1.02
20.9801  1.05
20.9901  0.85
21.0001  0.83
21.0101  0.82
21.0201  0.97
21.0301  0.81
21.0401  0.94
21.0501  0.86
21.0601  1.11
21.0701  0.9
21.0801  1.06
21.0901  0.91
21.1001  0.97
21.1101  1.13
21.1201  0.92
21.1301  0.93
21.1401  0.92
21.1501  0.84
21.1601  0.88
21.1701  0.84
21.1801  0.99
21.1901  0.87
21.2001  0.97
21.2101  1.02
21.2201  0.88
21.2301  0.96
21.2401  0.87
21.2501  0.89
21.2601  1.03
21.2701  0.95
21.2801  0.87
21.2901  0.83
21.3001  0.98
21.3101  0.9
21.3201  0.71
21.3301  0.87
21.3401  0.79
21.3501  1
21.3601  0.83
21.3701  0.94
21.3801  0.93
21.3901  0.89
21.4001  0.99
21.4101  0.97
21.4201  0.9
21.4301  0.86
21.4401  1.01
21.4501  0.92
21.4601  1.04
21.4701  0.85
21.4801  0.96
21.4901  1
21.5001  0.8
21.5101  0.96
21.5201  0.92
21.5301  0.97
21.5401  1.02
21.5501  0.82
21.5601  0.81
21.5701  0.96
21.5801  1.06
21.5901  1.04
21.6001  0.92
21.6101  0.9
21.6201  0.77
21.6301  0.99
21.6401  0.82
21.6501  0.83
21.6601  1.01
21.6701  0.9
21.6801  0.85
21.6901  0.87
21.7001  0.88
21.7101  0.86
21.7201  0.9
21.7301  0.96
21.7401  0.82
21.7501  1.06
21.7601  0.93
21.7701  1.04
21.7801  0.88
21.7901  0.96
21.8001  0.96
21.8101  0.84
21.8201  0.84
21.8301  0.97
21.8401  0.82
21.8501  0.95
21.8601  0.87
21.8701  0.96
21.8801  0.98
21.8901  0.94
21.9001  0.72
21.9101  0.8
21.9201  0.9
21.9301  1.08
21.9401  1.03
21.9501  0.88
21.9601  1.05
21.9701  0.93
21.9801  0.77
21.9901  0.75
22.0001  0.82
22.0101  0.86
22.0201  0.9
22.0301  1.09
22.0401  0.97
22.0501  0.76
22.0601  0.9
22.0701  0.85
22.0801  0.75
22.0901  0.77
22.1001  0.95
22.1101  1.01
22.1201  0.92
22.1301  1.02
22.1401  1.03
22.1501  0.96
22.1601  0.85
22.1701  0.81
22.1801  1.06
22.1901  0.82
22.2001  1.04
22.2101  0.9
22.2201  0.99
22.2301  1.02
22.2401  0.87
22.2501  0.77
22.2601  1.03
22.2701  0.86
22.2801  0.88
22.2901  0.83
22.3001  0.77
22.3101  1.02
22.3201  1.04
22.3301  0.86
22.3401  0.98
22.3501  0.98
22.3601  0.85
22.3701  0.88
22.3801  0.94
22.3901  0.81
22.4001  0.95
22.4101  1.16
22.4201  0.87
22.4301  0.85
22.4401  0.79
22.4501  1.01
22.4601  1.01
22.4701  0.88
22.4801  1.05
22.4901  1
22.5001  0.87
22.5101  0.98
22.5201  0.93
22.5301  0.89
22.5401  0.85
22.5501  1.01
22.5601  1.09
22.5701  0.76
22.5801  1.21
22.5901  0.83
22.6001  0.87
22.6101  0.68
22.6201  1.02
22.6301  1.1
22.6401  0.91
22.6501  1.13
22.6601  0.86
22.6701  0.97
22.6801  0.86
22.6901  0.98
22.7001  0.9
22.7101  0.97
22.7201  0.89
22.7301  0.94
22.7401  0.78
22.7501  1.06
22.7601  0.81
22.7701  0.85
22.7801  0.76
22.7901  0.9
22.8001  1.05
22.8101  0.85
22.8201  0.96
22.8301  0.91
22.8401  1.01
22.8501  0.82
22.8601  0.88
22.8701  0.83
22.8801  0.84
22.8901  1.06
22.9001  0.83
22.9101  0.93
22.9201  0.97
22.9301  1.04
22.9401  0.87
22.9501  0.88
22.9601  1.02
22.9701  1.03
22.9801  0.93
22.9901  0.76
23.0001  0.99
23.0101  0.85
23.0201  0.95
23.0301  0.97
23.0401  0.83
23.0501  0.93
23.0601  0.75
23.0701  0.87
23.0801  0.97
23.0901  0.89
23.1001  0.68
23.1101  1.08
23.1201  0.89
23.1301  0.75
23.1401  0.84
23.1501  1.08
23.1601  0.94
23.1701  1.02
23.1801  0.96
23.1901  0.84
23.2001  0.78
23.2101  0.97
23.2201  0.85
23.2301  0.92
23.2401  0.97
23.2501  0.95
23.2601  0.78
23.2701  0.83
23.2801  0.88
23.2901  1.08
23.3001  0.94
23.3101  0.98
23.3201  1.01
23.3301  1
23.3401  0.86
23.3501  0.95
23.3601  0.78
23.3701  0.88
23.3801  0.86
23.3901  1.12
23.4001  0.77
23.4101  0.87
23.4201  0.98
23.4301  0.86
23.4401  0.93
23.4501  0.93
23.4601  0.71
23.4701  0.83
23.4801  0.92
23.4901  0.99
23.5001  1.1
23.5101  0.83
23.5201  0.94
23.5301  0.86
23.5401  0.92
23.5501  0.65
23.5601  0.84
23.5701  0.88
23.5801  0.91
23.5901  0.96
23.6001  1.03
23.6101  0.93
23.6201  0.88
23.6301  0.85
23.6401  1.03
23.6501  0.91
23.6601  0.86
23.6701  0.94
23.6801  0.85
23.6901  1.06
23.7001  0.89
23.7101  0.95
23.7201  0.92
23.7301  0.78
23.7401  0.97
23.7501  1.08
23.7601  0.98
23.7701  0.82
23.7801  0.93
23.7901  0.92
23.8001  1.07
23.8101  0.84
23.8201  0.87
23.8301  0.77
23.8401  0.9
23.8501  0.94
23.8601  0.84
23.8701  0.95
23.8801  0.82
23.8901  0.92
23.9001  0.96
23.9101  0.99
23.9201  0.9
23.9301  0.88
23.9401  0.82
23.9501  0.83
23.9601  1.05
23.9701  0.98
23.9801  0.93
23.9901  0.89
24.0001  1.01
24.0101  1.02
24.0201  0.95
24.0301  0.93
24.0401  1.08
24.0501  1.07
24.0601  0.96
24.0701  0.86
24.0801  0.83
24.0901  0.93
24.1001  1.05
24.1101  0.91
24.1201  0.79
24.1301  0.93
24.1401  0.72
24.1501  0.86
24.1601  0.98
24.1701  0.93
24.1801  0.93
24.1901  1.16
24.2001  0.97
24.2101  0.85
24.2201  0.91
24.2301  1.01
24.2401  0.82
24.2501  1.17
24.2601  0.9
24.2701  0.94
24.2801  0.81
24.2901  0.93
24.3001  0.85
24.3101  1.02
24.3201  0.72
24.3301  1.02
24.3401  0.77
24.3501  1.06
24.3601  1
24.3701  0.86
24.3801  0.7
24.3901  0.96
24.4001  1
24.4101  0.92
24.4201  0.91
24.4301  0.83
24.4401  0.93
24.4501  0.86
24.4601  0.85
24.4701  0.95
24.4801  1.01
24.4901  0.97
24.5001  0.9
24.5101  1.04
24.5201  1.03
24.5301  0.87
24.5401  0.97
24.5501  0.87
24.5601  0.93
24.5701  0.9
24.5801  0.97
24.5901  0.86
24.6001  1.09
24.6101  0.89
24.6201  0.86
24.6301  0.91
24.6401  0.89
24.6501  0.91
24.6601  0.87
24.6701  0.94
24.6801  0.84
24.6901  0.81
24.7001  0.97
24.7101  0.79
24.7201  0.81
24.7301  0.93
24.7401  0.8
24.7501  0.82
24.7601  1.01
24.7701  0.99
24.7801  0.97
24.7901  0.89
24.8001  0.87
24.8101  0.81
24.8201  0.91
24.8301  1
24.8401  0.81
24.8501  0.9
24.8601  0.97
24.8701  0.88
24.8801  0.88
24.8901  1.04
24.9001  0.84
24.9101  0.79
24.9201  1
24.9301  1.14
24.9401  0.8
24.9501  0.76
24.9601  1.03
24.9701  0.82
24.9801  1.06
24.9901  0.87
25.0001  0.84
25.0101  0.75
25.0201  0.93
25.0301  0.78
25.0401  0.99
25.0501  0.99
25.0601  0.89
25.0701  0.77
25.0801  0.85
25.0901  1.01
25.1001  0.95
25.1101  0.95
25.1201  0.95
25.1301  0.94
25.1401  0.8
25.1501  1.08
25.1601  1
25.1701  0.8
25.1801  0.77
25.1901  1.04
25.2001  0.77
25.2101  1.01
25.2201  1.01
25.2301  0.95
25.2401  0.94
25.2501  0.88
25.2601  0.87
25.2701  0.89
25.2801  0.95
25.2901  1.18
25.3001  0.93
25.3101  0.92
25.3201  1.01
25.3301  0.87
25.3401  0.9
25.3501  1.07
25.3601  0.84
25.3701  1.09
25.3801  1.1
25.3901  1.08
25.4001  1.01
25.4101  0.89
25.4201  0.95
25.4301  0.83
25.4401  0.82
25.4501  0.9
25.4601  1.07
25.4701  0.78
25.4801  0.88
25.4901  0.76
25.5001  0.92
25.5101  0.86
25.5201  0.89
25.5301  0.88
25.5401  0.83
25.5501  0.97
25.5601  0.96
25.5701  0.97
25.5801  0.93
25.5901  0.95
25.6001  1.02
25.6101  0.95
25.6201  0.97
25.6301  0.9
25.6401  1.16
25.6501  0.82
25.6601  0.83
25.6701  0.99
25.6801  1.04
25.6901  0.88
25.7001  0.87
25.7101  1.02
25.7201  0.8
25.7301  0.9
25.7401  0.89
25.7501  0.94
25.7601  0.94
25.7701  0.86
25.7801  0.97
25.7901  1.07
25.8001  0.91
25.8101  0.91
25.8201  0.87
25.8301  0.84
25.8401  0.83
25.8501  0.86
25.8601  1.01
25.8701  0.9
25.8801  0.89
25.8901  0.88
25.9001  0.96
25.9101  0.82
25.9201  0.88
25.9301  0.94
25.9401  1.04
25.9501  0.89
25.9601  0.8
25.9701  0.87
25.9801  0.98
25.9901  0.87
26.0001  0.82
26.0101  0.93
26.0201  0.84
26.0301  1.08
26.0401  0.83
26.0501  0.82
26.0601  1.01
26.0701  0.94
26.0801  0.67
26.0901  1.01
26.1001  0.91
26.1101  0.81
26.1201  0.9
26.1301  0.92
26.1401  0.88
26.1501  1.19
26.1601  1.17
26.1701  0.83
26.1801  0.85
26.1901  0.85
26.2001  0.87
26.2101  1.01
26.2201  1.01
26.2301  0.94
26.2401  0.88
26.2501  0.86
26.2601  1.05
26.2701  0.92
26.2801  0.84
26.2901  0.86
26.3001  0.93
26.3101  0.91
26.3201  0.86
26.3301  0.91
26.3401  0.91
26.3501  0.87
26.3601  0.99
26.3701  0.93
26.3801  0.8
26.3901  0.88
26.4001  0.93
26.4101  0.78
26.4201  0.79
26.4301  0.97
26.4401  0.84
26.4501  0.84
26.4601  0.96
26.4701  1.13
26.4801  0.98
26.4901  0.87
26.5001  0.64
26.5101  0.94
26.5201  1.01
26.5301  0.92
26.5401  0.83
26.5501  0.87
26.5601  1.02
26.5701  0.9
26.5801  0.91
26.5901  1.04
26.6001  0.83
26.6101  0.84
26.6201  0.96
26.6301  0.78
26.6401  0.82
26.6501  1.04
26.6601  1.04
26.6701  0.99
26.6801  0.86
26.6901  0.78
26.7001  0.91
26.7101  0.86
26.7201  0.86
26.7301  0.85
26.7401  1.04
26.7501  0.76
26.7601  1
26.7701  1.03
26.7801  0.98
26.7901  1
26.8001  0.89
26.8101  0.97
26.8201  0.91
26.8301  0.87
26.8401  0.95
26.8501  0.96
26.8601  1.04
26.8701  0.79
26.8801  0.96
26.8901  0.71
26.9001  1.03
26.9101  0.99
26.9201  0.87
26.9301  0.78
26.9401  1.06
26.9501  0.83
26.9601  1.05
26.9701  0.93
26.9801  0.91
26.9901  0.93
27.0001  1.03
27.0101  0.88
27.0201  0.91
27.0301  0.96
27.0401  0.94
27.0501  0.97
27.0601  0.82
27.0701  0.96
27.0801  1.16
27.0901  1
27.1001  1.13
27.1101  1
27.1201  0.88
27.1301  0.85
27.1401  0.88
27.1501  0.86
27.1601  0.75
27.1701  1.06
27.1801  0.89
27.1901  1.02
27.2001  0.85
27.2101  0.89
27.2201  0.96
27.2301  0.95
27.2401  0.89
27.2501  0.96
27.2601  0.95
27.2701  0.93
27.2801  0.96
27.2901  1.1
27.3001  0.84
27.3101  0.88
27.3201  0.84
27.3301  0.85
27.3401  0.96
27.3501  0.91
27.3601  0.71
27.3701  0.94
27.3801  0.93
27.3901  0.97
27.4001  0.98
27.4101  0.86
27.4201  0.83
27.4301  0.9
27.4401  0.84
27.4501  0.84
27.4601  1.02
27.4701  1.03
27.4801  1.03
27.4901  0.82
27.5001  0.99
27.5101  0.81
27.5201  0.87
27.5301  1
27.5401  1.13
27.5501  1.06
27.5601  0.79
27.5701  0.96
27.5801  0.84
27.5901  0.79
27.6001  0.91
27.6101  0.88
27.6201  0.79
27.6301  1
27.6401  0.82
27.6501  0.77
27.6601  0.95
27.6701  1.01
27.6801  1.05
27.6901  0.94
27.7001  0.89
27.7101  1
27.7201  0.95
27.7301  0.74
27.7401  0.89
27.7501  0.83
27.7601  0.96
27.7701  1.06
27.7801  0.95
27.7901  0.89
27.8001  0.89
27.8101  0.68
27.8201  0.84
27.8301  0.94
27.8401  1.03
27.8501  0.99
27.8601  0.92
27.8701  0.85
27.8801  0.83
27.8901  1.07
27.9001  0.89
27.9101  1.02
27.9201  0.99
27.9301  1.04
27.9401  0.84
27.9501  0.8
27.9601  0.96
27.9701  0.93
27.9801  0.97
27.9901  0.89
28.0001  0.8
28.0101  1.03
28.0201  0.95
28.0301  0.83
28.0401  1.05
28.0501  0.83
28.0601  0.97
28.0701  0.87
28.0801  0.91
28.0901  0.92
28.1001  0.97
28.1101  0.83
28.1201  0.95
28.1301  0.91
28.1401  0.82
28.1501  0.93
28.1601  1.17
28.1701  0.97
28.1801  1.03
28.1901  0.83
28.2001  1.04
28.2101  0.79
28.2201  0.89
28.2301  0.89
28.2401  0.91
28.2501  0.86
28.2601  0.8
28.2701  0.88
28.2801  0.75
28.2901  0.89
28.3001  0.91
28.3101  0.91
28.3201  0.98
28.3301  1.07
28.3401  0.87
28.3501  0.89
28.3601  0.87
28.3701  0.76
28.3801  0.84
28.3901  0.99
28.4001  0.92
28.4101  0.86
28.4201  0.94
28.4301  0.93
28.4401  1.03
28.4501  0.89
28.4601  0.99
28.4701  0.84
28.4801  0.84
28.4901  0.91
28.5001  1.03
28.5101  0.8
28.5201  0.95
28.5301  0.97
28.5401  0.87
28.5501  1.08
28.5601  1.06
28.5701  0.86
28.5801  1.01
28.5901  1.07
28.6001  0.86
28.6101  1.04
28.6201  0.83
28.6301  0.91
28.6401  0.92
28.6501  0.86
28.6601  0.85
28.6701  0.9
28.6801  0.92
28.6901  0.74
28.7001  0.8
28.7101  0.93
28.7201  0.86
28.7301  0.87
28.7401  0.74
28.7501  0.94
28.7601  0.81
28.7701  0.86
28.7801  1.08
28.7901  0.92
28.8001  0.93
28.8101  0.87
28.8201  0.98
28.8301  0.91
28.8401  0.85
28.8501  0.99
28.8601  0.93
28.8701  1.03
28.8801  1.1
28.8901  0.83
28.9001  1.06
28.9101  0.93
28.9201  0.83
28.9301  0.75
28.9401  0.93
28.9501  0.9
28.9601  0.85
28.9701  0.82
28.9801  0.83
28.9901  0.91
29.0001  0.9
29.0101  1.04
29.0201  0.84
29.0301  0.86
29.0401  0.94
29.0501  0.96
29.0601  0.97
29.0701  0.85
29.0801  0.91
29.0901  0.94
29.1001  0.95
29.1101  1.08
29.1201  1.01
29.1301  1.07
29.1401  1
29.1501  0.92
29.1601  0.86
29.1701  0.7
29.1801  0.89
29.1901  0.9
29.2001  1.17
29.2101  0.91
29.2201  0.92
29.2301  0.88
29.2401  0.75
29.2501  1.08
29.2601  1.14
29.2701  0.85
29.2801  1.11
29.2901  0.83
29.3001  0.95
29.3101  0.93
29.3201  0.97
29.3301  0.81
29.3401  0.82
29.3501  0.94
29.3601  0.95
29.3701  0.91
29.3801  0.79
29.3901  0.95
29.4001  0.82
29.4101  0.87
29.4201  0.92
29.4301  0.85
29.4401  0.89
29.4501  0.9
29.4601  1.16
29.4701  1.03
29.4801  0.82
29.4901  0.91
29.5001  0.88
29.5101  1.02
29.5201  0.94
29.5301  0.98
29.5401  1.01
29.5501  0.96
29.5601  0.84
29.5701  1.02
29.5801  1.07
29.5901  0.91
29.6001  0.86
29.6101  0.78
29.6201  0.97
29.6301  0.92
29.6401  0.98
29.6501  0.97
29.6601  0.95
29.6701  0.75
29.6801  0.78
29.6901  1.05
29.7001  1.08
29.7101  1
29.7201  0.78
29.7301  0.88
29.7401  0.97
29.7501  1.01
29.7601  0.91
29.7701  0.91
29.7801  1.05
29.7901  0.95
29.8001  0.9
29.8101  1
29.8201  0.8
29.8301  0.88
29.8401  1.14
29.8501  0.87
29.8601  0.78
29.8701  0.72
29.8801  0.89
29.8901  0.92
29.9001  0.95
29.9101  1.04
29.9201  0.85
29.9301  0.98
29.9401  0.99
29.9501  0.82
29.9601  0.78
29.9701  0.92
29.9801  0.97
29.9901  0.9
30.0001  0.95
30.0101  0.91
30.0201  0.93
30.0301  0.85
30.0401  0.91
30.0501  0.97
30.0601  1.06
30.0701  1.05
30.0801  0.92
30.0901  1.06
30.1001  0.92
30.1101  0.79
30.1201  0.85
30.1301  1.11
30.1401  0.81
30.1501  1
30.1601  1.06
30.1701  0.96
30.1801  0.71
30.1901  0.91
30.2001  0.91
30.2101  1.01
30.2201  0.98
30.2301  0.81
30.2401  0.88
30.2501  0.85
30.2601  0.79
30.2701  0.73
30.2801  0.89
30.2901  1.13
30.3001  1.01
30.3101  0.87
30.3201  0.95
30.3301  0.77
30.3401  0.88
30.3501  0.93
30.3601  0.94
30.3701  1.02
30.3801  0.84
30.3901  1.1
30.4001  1.04
30.4101  0.8
30.4201  0.77
30.4301  0.78
30.4401  0.74
30.4501  0.99
30.4601  0.76
30.4701  0.8
30.4801  0.9
30.4901  1.01
30.5001  0.83
30.5101  0.94
30.5201  1.01
30.5301  0.77
30.5401  0.77
30.5501  0.94
30.5601  0.94
30.5701  0.96
30.5801  0.97
30.5901  0.97
30.6001  0.96
30.6101  0.72
30.6201  0.86
30.6301  0.87
30.6401  0.84
30.6501  0.96
30.6601  0.92
30.6701  0.97
30.6801  0.91
30.6901  1
30.7001  0.95
30.7101  0.89
30.7201  0.88
30.7301  0.99
30.7401  0.83
30.7501  0.93
30.7601  0.97
30.7701  0.95
30.7801  0.79
30.7901  0.74
30.8001  0.77
30.8101  0.92
30.8201  1.05
30.8301  0.85
30.8401  0.91
30.8501  0.85
30.8601  0.84
30.8701  0.96
30.8801  0.85
30.8901  1.11
30.9001  1.03
30.9101  0.89
30.9201  0.77
30.9301  1.14
30.9401  0.87
30.9501  0.75
30.9601  0.88
30.9701  0.99
30.9801  0.98
30.9901  0.87
31.0001  0.9
31.0101  1.03
31.0201  0.93
31.0301  1.07
31.0401  0.8
31.0501  0.96
31.0601  0.9
31.0701  0.99
31.0801  0.88
31.0901  1.12
31.1001  1.12
31.1101  1.15
31.1201  0.79
31.1301  0.91
31.1401  0.68
31.1501  0.92
31.1601  0.68
31.1701  1.01
31.1801  0.95
31.1901  0.91
31.2001  0.82
31.2101  1.09
31.2201  0.99
31.2301  0.99
31.2401  0.93
31.2501  0.91
31.2601  0.92
31.2701  0.86
31.2801  0.97
31.2901  0.8
31.3001  0.82
31.3101  1
31.3201  0.96
31.3301  1.13
31.3401  0.93
31.3501  0.78
31.3601  0.81
31.3701  1.09
31.3801  0.99
31.3901  0.83
31.4001  0.98
31.4101  1.08
31.4201  0.7
31.4301  1.03
31.4401  0.86
31.4501  0.83
31.4601  1.18
31.4701  0.87
31.4801  1.1
31.4901  1.02
31.5001  0.78
31.5101  1.02
31.5201  0.83
31.5301  0.79
31.5401  0.94
31.5501  1.05
31.5601  1
31.5701  0.91
31.5801  0.89
31.5901  0.87
31.6001  0.76
31.6101  0.86
31.6201  1.02
31.6301  0.86
31.6401  0.95
31.6501  0.9
31.6601  0.98
31.6701  0.88
31.6801  0.92
31.6901  0.86
31.7001  1.08
31.7101  0.69
31.7201  0.86
31.7301  0.92
31.7401  0.76
31.7501  0.83
31.7601  0.97
31.7701  0.91
31.7801  1.04
31.7901  0.66
31.8001  0.83
31.8101  0.95
31.8201  0.94
31.8301  0.86
31.8401  0.98
31.8501  0.89
31.8601  0.78
31.8701  1.2
31.8801  0.88
31.8901  0.86
31.9001  0.85
31.9101  0.88
31.9201  0.95
31.9301  0.76
31.9401  0.87
31.9501  0.94
31.9601  1.04
31.9701  1.15
31.9801  0.81
31.9901  0.85
32.0001  0.99
32.0101  0.95
32.0201  0.98
32.0301  1.08
32.0401  0.78
32.0501  0.82
32.0601  0.94
32.0701  0.79
32.0801  0.96
32.0901  0.88
32.1001  0.82
32.1101  0.84
32.1201  1.03
32.1301  0.71
32.1401  0.99
32.1501  0.84
32.1601  1
32.1701  1.1
32.1801  0.85
32.1901  0.96
32.2001  1
32.2101  0.85
32.2201  0.93
32.2301  0.85
32.2401  0.78
32.2501  0.97
32.2601  0.84
32.2701  0.97
32.2801  0.94
32.2901  0.95
32.3001  0.85
32.3101  0.83
32.3201  0.9
32.3301  0.77
32.3401  0.84
32.3501  1.01
32.3601  0.99
32.3701  0.86
32.3801  0.99
32.3901  0.83
32.4001  1.08
32.4101  0.99
32.4201  0.97
32.4301  1.14
32.4401  0.88
32.4501  0.78
32.4601  1.14
32.4701  0.9
32.4801  0.81
32.4901  0.9
32.5001  0.94
32.5101  1.02
32.5201  0.75
32.5301  0.76
32.5401  1.08
32.5501  0.99
32.5601  0.79
32.5701  0.79
32.5801  0.95
32.5901  1.11
32.6001  0.85
32.6101  1.05
32.6201  0.76
32.6301  0.94
32.6401  1.02
32.6501  1.04
32.6601  0.92
32.6701  0.98
32.6801  1.05
32.6901  0.95
32.7001  1.06
32.7101  0.87
32.7201  0.87
32.7301  0.81
32.7401  0.97
32.7501  0.91
32.7601  1.06
32.7701  0.97
32.7801  0.96
32.7901  0.81
32.8001  0.83
32.8101  0.87
32.8201  0.79
32.8301  0.82
32.8401  0.96
32.8501  0.94
32.8601  0.92
32.8701  0.79
32.8801  1.04
32.8901  0.93
32.9001  0.88
32.9101  0.91
32.9201  0.94
32.9301  0.94
32.9401  0.94
32.9501  0.86
32.9601  0.87
32.9701  0.85
32.9801  0.98
32.9901  0.93
33.0001  1.07
33.0101  0.84
33.0201  0.87
33.0301  0.77
33.0401  1.02
33.0501  0.9
33.0601  1.02
33.0701  0.88
33.0801  0.99
33.0901  0.93
33.1001  0.84
33.1101  0.94
33.1201  0.92
33.1301  0.95
33.1401  0.89
33.1501  1.04
33.1601  0.74
33.1701  1.15
33.1801  0.78
33.1901  0.66
33.2001  0.9
33.2101  0.98
33.2201  0.93
33.2301  0.94
33.2401  0.9
33.2501  1.04
33.2601  0.96
33.2701  0.72
33.2801  0.82
33.2901  0.84
33.3001  0.9
33.3101  0.93
33.3201  1
33.3301  1.03
33.3401  0.93
33.3501  0.79
33.3601  0.87
33.3701  0.91
33.3801  0.86
33.3901  0.92
33.4001  0.91
33.4101  0.71
33.4201  0.98
33.4301  0.92
33.4401  0.83
33.4501  0.91
33.4601  0.94
33.4701  0.91
33.4801  0.98
33.4901  1.03
33.5001  1
33.5101  0.92
33.5201  0.83
33.5301  1.04
33.5401  0.7
33.5501  0.85
33.5601  0.74
33.5701  0.9
33.5801  1.02
33.5901  0.76
33.6001  0.9
33.6101  0.93
33.6201  0.99
33.6301  1.05
33.6401  0.88
33.6501  0.92
33.6601  0.86
33.6701  1.06
33.6801  0.9
33.6901  0.9
33.7001  0.84
33.7101  1.1
33.7201  0.99
33.7301  1.08
33.7401  0.98
33.7501  0.77
33.7601  0.85
33.7701  0.86
33.7801  0.82
33.7901  0.89
33.8001  1.16
33.8101  0.96
33.8201  0.75
33.8301  0.87
33.8401  0.82
33.8501  1.01
33.8601  1.02
33.8701  0.96
33.8801  0.91
33.8901  0.9
33.9001  0.88
33.9101  0.99
33.9201  0.96
33.9301  0.71
33.9401  0.9
33.9501  0.88
33.9601  1.09
33.9701  0.89
33.9801  1.12
33.9901  0.84
34.0001  0.98
34.0101  0.89
34.0201  0.96
34.0301  0.93
34.0401  0.89
34.0501  1.05
34.0601  0.79
34.0701  0.94
34.0801  0.87
34.0901  0.92
34.1001  1
34.1101  1.07
34.1201  0.83
34.1301  0.88
34.1401  0.75
34.1501  0.84
34.1601  0.9
34.1701  0.94
34.1801  0.97
34.1901  1.09
34.2001  0.86
34.2101  0.99
34.2201  1.07
34.2301  0.79
34.2401  1.08
34.2501  0.87
34.2601  0.91
34.2701  0.89
34.2801  1.11
34.2901  0.88
34.3001  0.94
34.3101  0.77
34.3201  1.05
34.3301  0.99
34.3401  0.96
34.3501  0.84
34.3601  0.92
34.3701  0.84
34.3801  0.86
34.3901  0.78
34.4001  0.81
34.4101  0.92
34.4201  0.94
34.4301  0.94
34.4401  0.87
34.4501  0.77
34.4601  1.09
34.4701  0.97
34.4801  1.03
34.4901  0.92
34.5  0.91
34.51  0.85
34.52  0.82
34.53  0.84
34.54  0.85
34.55  0.9
34.56  1.03
34.57  0.93
34.58  0.59
34.59  0.98
34.6  0.97
34.61  0.74
34.62  0.91
34.63  0.96
34.64  0.89
34.65  0.93
34.66  0.94
34.67  0.75
34.68  0.96
34.69  0.98
34.7  0.87
34.71  0.95
34.72  0.92
34.73  0.81
34.74  1.09
34.75  0.88
34.76  1.09
34.77  0.95
34.78  0.94
34.79  0.96
34.8  0.85
34.81  0.81
34.82  0.95
34.83  0.8
34.84  0.81
34.85  0.78
34.86  0.86
34.87  1.12
34.88  1.02
34.89  0.79
34.9  0.92
34.91  1.05
34.92  0.8
34.93  0.94
34.94  0.99
34.95  1
34.96  0.98
34.97  0.88
34.98  1.06
34.99  0.81
35  0.88
35.01  0.71
35.02  0.76
35.03  0.8
35.04  0.83
35.05  0.82
35.06  0.91
35.07  1.09
35.08  0.99
35.09  0.95
35.1  0.88
35.11  0.96
35.12  1.09
35.13  0.84
35.14  0.9
35.15  0.96
35.16  0.92
35.17  0.83
35.18  0.77
35.19  0.78
35.2  0.71
35.21  0.94
35.22  0.92
35.23  0.86
35.24  1.03
35.25  0.93
35.26  0.82
35.27  0.89
35.28  1
35.29  1
35.3  0.88
35.31  0.96
35.32  1.04
35.33  0.9
35.34  0.98
35.35  0.9
35.36  0.81
35.37  0.92
35.38  1.02
35.39  0.91
35.4  1.05
35.41  0.88
35.42  0.83
35.43  0.89
35.44  0.99
35.45  0.95
35.46  0.79
35.47  0.85
35.48  0.98
35.49  1.06
35.5  0.88
35.51  0.87
35.52  0.95
35.53  0.9
35.54  0.83
35.55  0.86
35.56  0.86
35.57  0.86
35.58  0.91
35.59  0.89
35.6  0.99
35.61  0.86
35.62  0.87
35.63  1.14
35.64  0.96
35.65  1
35.66  0.87
35.67  1.01
35.68  0.8
35.69  0.91
35.7  1.06
35.71  0.9
35.72  1.18
35.73  0.84
35.74  0.88
35.75  0.86
35.76  0.81
35.77  0.9
35.78  0.93
35.79  1.03
35.8  0.94
35.81  0.89
35.82  0.91
35.83  0.79
35.84  0.84
35.85  0.98
35.86  0.8
35.87  1.04
35.88  0.92
35.89  1.02
35.9  0.84
35.91  1
35.92  0.89
35.93  0.93
35.94  0.81
35.95  0.91
35.96  0.89
35.97  0.81
35.98  0.84
35.99  1.09
36  0.91
36.01  0.84
36.02  0.98
36.03  1.01
36.04  0.79
36.05  0.92
36.06  0.93
36.07  0.93
36.08  0.88
36.09  0.96
36.1  0.88
36.11  0.86
36.12  0.93
36.13  0.86
36.14  0.99
36.15  0.89
36.16  1.09
36.17  0.79
36.18  1.04
36.19  0.92
36.2  0.88
36.21  0.86
36.22  0.99
36.23  1.04
36.24  0.89
36.25  0.84
36.26  0.75
36.27  1.07
36.28  0.95
36.29  1.07
36.3  1.14
36.31  0.89
36.32  0.57
36.33  0.91
36.34  0.88
36.35  0.85
36.36  0.84
36.37  0.87
36.38  1
36.39  0.93
36.4  0.72
36.41  0.91
36.42  0.99
36.43  0.9
36.44  0.94
36.45  0.89
36.46  0.93
36.47  0.91
36.48  1.01
36.49  0.89
36.5  0.78
36.51  0.79
36.52  0.89
36.53  0.85
36.54  0.99
36.55  1.05
36.56  0.71
36.57  0.96
36.58  0.93
36.59  0.87
36.6  0.87
36.61  0.99
36.62  0.92
36.63  0.9
36.64  0.8
36.65  1.08
36.66  0.87
36.67  1.02
36.68  1.04
36.69  1.01
36.7  1.01
36.71  0.92
36.72  0.9
36.73  0.95
36.74  1.08
36.75  0.93
36.76  0.75
36.77  0.91
36.78  0.93
36.79  0.68
36.8  0.87
36.81  0.82
36.82  0.71
36.83  0.89
36.84  0.95
36.85  0.92
36.86  0.9
36.87  0.94
36.88  0.82
36.89  0.98
36.9  0.8
36.91  0.99
36.92  0.99
36.93  1.13
36.94  0.93
36.95  0.93
36.96  0.69
36.97  0.86
36.98  0.76
36.99  0.86
37  0.99
37.01  0.88
37.02  0.92
37.03  1.19
37.04  0.93
37.05  1.07
37.06  0.98
37.07  0.9
37.08  0.88
37.09  0.92
37.1  1.01
37.11  0.91
37.12  0.93
37.13  0.84
37.14  0.88
37.15  0.83
37.16  0.93
37.17  0.93
37.18  0.93
37.19  0.8
37.2  0.89
37.21  0.96
37.22  0.85
37.23  0.88
37.24  1.09
37.25  0.84
37.26  1
37.27  0.83
37.28  1
37.29  0.92
37.3  0.88
37.31  0.86
37.32  0.92
37.33  0.95
37.34  0.79
37.35  0.83
37.36  0.94
37.37  1.01
37.38  0.81
37.39  0.96
37.4  0.96
37.41  0.95
37.42  1.03
37.43  0.84
37.44  0.81
37.45  1.04
37.46  0.91
37.47  0.84
37.48  1.07
37.49  0.98
37.5  0.85
37.51  0.94
37.52  0.91
37.53  0.9
37.54  0.82
37.55  0.97
37.56  0.76
37.57  0.94
37.58  0.8
37.59  0.99
37.6  0.94
37.61  1.09
37.62  0.81
37.63  0.85
37.64  1.06
37.65  0.79
37.66  0.99
37.67  0.86
37.68  1
37.69  1.04
37.7  0.96
37.71  0.94
37.72  1.01
37.73  0.86
37.74  0.92
37.75  0.77
37.76  0.88
37.77  0.9
37.78  0.91
37.79  1.06
37.8  0.83
37.81  0.84
37.82  0.88
37.83  0.99
37.84  0.96
37.85  0.95
37.86  0.95
37.87  0.89
37.88  0.88
37.89  0.86
37.9  0.8
37.91  0.85
37.92  1.06
37.93  0.79
37.94  0.79
37.95  0.92
37.96  1.05
37.97  0.81
37.98  0.97
37.99  0.86
38  0.95
38.01  1.06
38.02  1
38.03  0.88
38.04  0.93
38.05  0.89
38.06  0.93
38.07  0.95
38.08  0.95
38.09  0.84
38.1  1.05
38.11  0.77
38.12  0.9
38.13  0.91
38.14  1.07
38.15  0.99
38.16  0.79
38.17  0.95
38.18  0.87
38.19  0.86
38.2  0.96
38.21  0.87
38.22  0.93
38.23  0.78
38.24  1.06
38.25  0.9
38.26  0.87
38.27  0.86
38.28  0.86
38.29  0.9
38.3  0.82
38.31  1.11
38.32  0.96
38.33  0.99
38.34  1.01
38.35  0.88
38.36  0.88
38.37  0.85
38.38  0.99
38.39  0.95
38.4  1.01
38.41  0.9
38.42  0.9
38.43  0.91
38.44  0.85
38.45  1.08
38.46  0.81
38.47  0.89
38.48  1.11
38.49  1
38.5  1.05
38.51  1.07
38.52  0.87
38.53  0.94
38.54  0.85
38.55  0.88
38.56  0.76
38.57  0.91
38.58  0.75
38.59  0.81
38.6  0.99
38.61  0.96
38.62  0.86
38.63  0.9
38.64  1
38.65  0.87
38.66  0.93
38.67  0.95
38.68  1.01
38.69  0.89
38.7  0.85
38.71  0.93
38.72  0.84
38.73  0.98
38.74  0.77
38.75  0.89
38.76  0.99
38.77  0.94
38.78  0.78
38.79  0.9
38.8  1.05
38.81  1.06
38.82  0.88
38.83  0.82
38.84  0.84
38.85  0.98
38.86  1.03
38.87  0.94
38.88  0.95
38.89  1.02
38.9  0.92
38.91  0.88
38.92  0.86
38.93  0.95
38.94  0.89
38.95  0.92
38.96  0.94
38.97  0.8
38.98  0.95
38.99  0.99
39  0.97
39.01  0.99
39.02  0.8
39.03  0.95
39.04  0.74
39.05  0.89
39.06  0.94
39.07  0.82
39.08  0.91
39.09  0.85
39.1  0.88
39.11  0.83
39.12  1.03
39.13  0.82
39.14  0.89
39.15  0.89
39.16  0.85
39.17  1.05
39.18  1.12
39.19  0.91
39.2  0.87
39.21  1.07
39.22  0.82
39.23  0.92
39.24  0.85
39.25  0.95
39.26  0.98
39.27  0.91
39.28  1.04
39.29  0.82
39.3  0.86
39.31  0.93
39.32  0.99
39.33  0.87
39.34  1
39.35  0.83
39.36  0.91
39.37  0.84
39.38  0.91
39.39  0.91
39.4  0.95
39.41  0.8
39.42  0.8
39.43  0.89
39.44  0.86
39.45  0.79
39.46  0.79
39.47  1.06
39.48  0.93
39.49  1
39.5  0.92
39.51  0.94
39.52  0.9
39.53  0.92
39.54  0.93
39.55  0.94
39.56  0.97
39.57  0.9
39.58  0.94
39.59  0.94
39.6  1.01
39.61  0.98
39.62  0.89
39.63  0.96
39.64  0.93
39.65  0.98
39.66  0.83
39.67  0.93
39.68  0.83
39.69  1.11
39.7  0.9
39.71  1.05
39.72  0.75
39.73  0.85
39.74  0.85
39.75  1.05
39.76  0.73
39.77  1.13
39.78  0.99
39.79  0.91
39.8  0.88
39.81  0.83
39.82  1
39.83  0.93
39.84  0.82
39.85  0.9
39.86  0.94
39.87  0.94
39.88  0.86
39.89  1.06
39.9  0.77
39.91  0.9
39.92  0.91
39.93  0.9
39.94  0.91
39.95  1.03
39.96  0.88
39.97  0.85
39.98  0.86
39.99  0.91
40  1
40.01  1.06
40.02  0.85
40.03  1.04
40.04  0.86
40.05  0.79
40.06  0.82
40.07  0.99
40.08  1.1
40.09  0.85
40.1  0.8
40.11  1
40.12  0.86
40.13  0.94
40.14  0.88
40.15  0.78
40.16  1.05
40.17  0.94
40.18  0.88
40.19  0.94
40.2  0.99
40.21  0.81
40.22  1.01
40.23  0.95
40.24  0.81
40.25  0.96
40.26  1.01
40.27  0.96
40.28  0.96
40.29  0.82
40.3  0.65
40.31  0.86
40.32  0.91
40.33  1.1
40.34  0.89
40.35  0.87
40.36  0.95
40.37  1.12
40.38  0.85
40.39  0.71
40.4  0.8
40.41  0.9
40.42  0.91
40.43  0.97
40.44  0.78
40.45  0.78
40.46  0.9
40.47  0.98
40.48  1.05
40.49  0.78
40.5  0.86
40.51  0.89
40.52  0.97
40.53  0.92
40.54  0.78
40.55  0.85
40.56  0.97
40.57  0.94
40.58  0.93
40.59  0.97
40.6  1.02
40.61  0.85
40.62  0.89
40.63  0.99
40.64  1.05
40.65  0.89
40.66  0.88
40.67  1.14
40.68  0.95
40.69  0.89
40.7  1.12
40.71  0.92
40.72  0.78
40.73  1.03
40.74  0.98
40.75  0.96
40.76  1.01
40.77  0.9
40.78  1.07
40.79  0.8
40.8  0.92
40.81  0.94
40.82  0.8
40.83  0.89
40.84  0.78
40.85  0.89
40.86  0.82
40.87  1.02
40.88  1.04
40.89  0.86
40.9  0.78
40.91  0.92
40.92  1.16
40.93  0.81
40.94  1.13
40.95  0.91
40.96  0.86
40.97  0.8
40.98  0.83
40.99  0.97
41  0.89
41.01  0.94
41.02  0.97
41.03  1.02
41.04  0.85
41.05  0.95
41.06  0.86
41.07  1.08
41.08  0.96
41.09  0.91
41.1  0.97
41.11  0.84
41.12  0.91
41.13  0.94
41.14  0.87
41.15  0.91
41.16  0.87
41.17  1.01
41.18  0.95
41.19  0.76
41.2  0.7
41.21  0.73
41.22  1.1
41.23  0.83
41.24  0.82
41.25  0.91
41.26  1.03
41.27  0.94
41.28  0.98
41.29  0.95
41.3  0.89
41.31  0.93
41.32  0.78
41.33  0.98
41.34  1.02
41.35  1.07
41.36  0.96
41.37  0.88
41.38  0.88
41.39  0.85
41.4  0.86
41.41  0.91
41.42  1.01
41.43  0.8
41.44  0.89
41.45  0.81
41.46  0.95
41.47  0.96
41.48  0.82
41.49  0.84
41.5  0.94
41.51  0.89
41.52  0.95
41.53  0.91
41.54  0.86
41.55  0.89
41.56  0.97
41.57  1
41.58  0.72
41.59  0.96
41.6  0.96
41.61  0.88
41.62  0.99
41.63  0.98
41.64  0.72
41.65  0.91
41.66  0.93
41.67  0.92
41.68  0.84
41.69  0.83
41.7  0.99
41.71  1
41.72  1.06
41.73  0.81
41.74  1.05
41.75  1.04
41.76  0.9
41.77  0.89
41.78  0.92
41.79  0.8
41.8  0.84
41.81  0.91
41.82  0.93
41.83  0.96
41.84  0.93
41.85  0.94
41.86  0.97
41.87  0.79
41.88  1.01
41.89  1.04
41.9  0.84
41.91  0.81
41.92  0.89
41.93  1.15
41.94  0.89
41.95  0.89
41.96  0.96
41.97  0.9
41.98  0.78
41.99  0.86
42  0.86
42.01  1.04
42.02  0.81
42.03  0.97
42.04  0.89
42.05  0.97
42.06  0.91
42.07  0.9
42.08  0.88
42.09  1
42.1  0.89
42.11  1.06
42.12  0.89
42.13  0.92
42.14  0.9
42.15  0.82
42.16  0.97
42.17  0.85
42.18  0.85
42.19  0.88
42.2  0.83
42.21  1
42.22  0.9
42.23  0.95
42.24  0.79
42.25  0.95
42.26  0.89
42.27  0.95
42.28  1
42.29  0.81
42.3  1.02
42.31  0.91
42.32  0.91
42.33  1.17
42.34  0.74
42.35  0.94
42.36  0.82
42.37  0.84
42.38  0.85
42.39  1.05
42.4  0.91
42.41  0.84
42.42  1.05
42.43  1.02
42.44  0.92
42.45  0.81
42.46  0.8
42.47  0.96
42.48  0.99
42.49  0.97
42.5  0.79
42.51  0.89
42.52  0.97
42.53  1.11
42.54  1.02
42.55  1.02
42.56  0.81
42.57  0.84
42.58  0.91
42.59  1.07
42.6  0.91
42.61  0.96
42.62  0.82
42.63  0.88
42.64  0.79
42.65  1
42.66  0.87
42.67  0.95
42.68  0.92
42.69  0.89
42.7  0.81
42.71  0.91
42.72  0.78
42.73  0.81
42.74  0.99
42.75  0.96
42.76  0.86
42.77  0.9
42.78  0.93
42.79  1.02
42.8  0.97
42.81  1.02
42.82  0.86
42.83  0.88
42.84  1.02
42.85  0.84
42.86  1.04
42.87  0.89
42.88  0.99
42.89  0.82
42.9  0.98
42.91  0.9
42.92  0.71
42.93  0.99
42.94  0.84
42.95  0.86
42.96  0.83
42.97  1.05
42.98  0.85
42.99  0.9
43  0.93
43.01  0.89
43.02  0.94
43.03  0.87
43.04  0.81
43.05  0.97
43.06  0.87
43.07  1.04
43.08  1.05
43.09  1.16
43.1  0.89
43.11  1.19
43.12  0.96
43.13  0.91
43.14  0.94
43.15  0.96
43.16  0.86
43.17  0.9
43.18  0.86
43.19  0.86
43.2  1.01
43.21  0.92
43.22  0.92
43.23  0.81
43.24  0.85
43.25  0.82
43.26  0.71
43.27  0.87
43.28  1.02
43.29  0.89
43.3  0.76
43.31  1.11
43.32  0.88
43.33  0.84
43.34  0.83
43.35  1.03
43.36  1
43.37  0.82
43.38  0.87
43.39  1
43.4  0.92
43.41  1
43.42  0.96
43.43  0.88
43.44  0.93
43.45  1.11
43.46  0.78
43.47  0.93
43.48  0.76
43.49  0.78
43.5  0.89
43.51  1.18
43.52  0.88
43.53  0.97
43.54  0.98
43.55  0.99
43.56  0.83
43.57  0.87
43.58  0.86
43.59  0.69
43.6  0.93
43.61  0.77
43.62  0.9
43.63  0.98
43.64  0.89
43.65  0.86
43.66  1.05
43.67  1
43.68  1
43.69  0.96
43.7  0.96
43.71  0.91
43.72  1
43.73  0.91
43.74  0.94
43.75  1.04
43.76  1.06
43.77  0.79
43.78  0.81
43.79  0.85
43.8  0.97
43.81  0.86
43.82  0.79
43.83  0.9
43.84  1
43.85  0.81
43.86  0.91
43.87  0.95
43.88  0.9
43.89  0.75
43.9  0.91
43.91  0.98
43.92  0.84
43.93  0.96
43.94  0.91
43.95  1.02
43.96  0.99
43.97  1
43.98  1.08
43.99  0.87
44  1.03
44.01  0.83
44.02  0.97
44.03  1.02
44.04  0.95
44.05  0.93
44.06  0.73
44.07  0.83
44.08  0.73
44.09  0.74
44.1  1.06
44.11  0.96
44.12  0.96
44.13  0.78
44.14  1.02
44.15  1.04
44.16  0.85
44.17  0.89
44.18  0.94
44.19  0.88
44.2  0.95
44.21  0.79
44.22  0.75
44.23  0.78
44.24  1.01
44.25  0.92
44.26  0.9
44.27  0.78
44.28  0.83
44.29  0.96
44.3  0.93
44.31  0.95
44.32  0.95
44.33  1.05
44.34  0.9
44.35  0.84
44.36  1.08
44.37  0.95
44.38  0.83
44.39  1.08
44.4  0.93
44.41  0.93
44.42  0.91
44.43  1.09
44.44  0.89
44.45  0.55
44.46  1.01
44.47  0.8
44.48  0.91
44.49  0.94
44.5  0.8
44.51  0.98
44.52  0.9
44.53  1.1
44.54  0.89
44.55  0.9
44.56  1
44.57  0.9
44.58  1.02
44.59  0.93
44.6  1.16
44.61  0.94
44.62  0.76
44.63  0.99
44.64  0.91
44.65  0.93
44.66  0.84
44.67  1.02
44.68  0.99
44.69  0.85
44.7  0.94
44.71  1.02
44.72  0.95
44.73  0.83
44.74  0.76
44.75  0.92
44.76  1
44.77  0.89
44.78  0.84
44.79  0.81
44.8  1.04
44.81  0.85
44.82  0.95
44.83  0.97
44.84  0.83
44.85  0.95
44.86  1.13
44.87  1
44.88  0.85
44.89  0.83
44.9  1.15
44.91  0.86
44.92  0.77
44.93  0.87
44.94  0.95
44.95  0.75
44.96  0.88
44.97  0.96
44.98  0.79
44.99  0.96
45  1.01
45.01  1.06
45.02  0.92
45.03  0.83
45.04  0.95
45.05  1.03
45.06  0.99
45.07  0.83
45.08  0.92
45.09  0.96
45.1  1.02
45.11  0.87
45.12  0.85
45.13  1.04
45.14  0.96
45.15  0.76
45.16  0.82
45.17  0.88
45.18  0.81
45.19  0.9
45.2  0.97
45.21  0.91
45.22  0.95
45.23  0.89
45.24  0.81
45.25  0.95
45.26  1.01
45.27  0.88
45.28  0.96
45.29  0.8
45.3  0.78
45.31  0.9
45.32  0.95
45.33  0.88
45.34  0.97
45.35  0.87
45.36  0.93
45.37  0.98
45.38  1.04
45.39  0.93
45.4  0.9
45.41  0.83
45.42  0.88
45.43  0.95
45.44  0.89
45.45  0.82
45.46  0.94
45.47  0.93
45.48  0.91
45.49  0.94
45.5  0.89
45.51  0.99
45.52  0.82
45.53  0.83
45.54  0.86
45.55  0.87
45.56  0.92
45.57  0.87
45.58  0.8
45.59  1.02
45.6  0.8
45.61  0.94
45.62  0.89
45.63  1.07
45.64  0.77
45.65  0.9
45.66  0.99
45.67  0.94
45.68  0.93
45.69  0.94
45.7  0.84
45.71  0.85
45.72  1.13
45.73  0.79
45.74  0.83
45.75  1.01
45.76  0.91
45.77  0.89
45.78  0.98
45.79  0.96
45.8  0.95
45.81  0.87
45.82  0.83
45.83  0.88
45.84  0.83
45.85  0.98
45.86  0.88
45.87  0.86
45.88  1.11
45.89  0.69
45.9  0.89
45.91  0.93
45.92  1.02
45.93  0.85
45.94  0.93
45.95  1.07
45.96  0.95
45.97  0.87
45.98  0.79
45.99  0.98
46  0.76
46.01  0.97
46.02  0.84
46.03  1.02
46.04  1
46.05  1.04
46.06  0.96
46.07  0.83
46.08  0.75
46.09  0.8
46.1  0.87
46.11  0.97
46.12  0.88
46.13  0.9
46.14  0.84
46.15  0.98
46.16  1.05
46.17  0.94
46.18  0.89
46.19  0.92
46.2  0.83
46.21  0.96
46.22  1.02
46.23  1.03
46.24  1.03
46.25  1.13
46.26  1.08
46.27  0.85
46.28  0.86
46.29  0.87
46.3  0.71
46.31  0.73
46.32  1.17
46.33  1.01
46.34  0.9
46.35  0.94
46.36  1.06
46.37  0.95
46.38  0.76
46.39  0.92
46.4  0.86
46.41  0.99
46.42  0.84
46.43  0.81
46.44  0.92
46.45  0.92
46.46  0.98
46.47  0.97
46.48  1.16
46.49  0.9
46.5  0.96
46.51  0.89
46.52  0.79
46.53  0.85
46.54  1.11
46.55  0.95
46.56  0.77
46.57  0.99
46.58  0.99
46.59  0.83
46.6  0.85
46.61  0.94
46.62  1.1
46.63  1.03
46.64  0.92
46.65  1.14
46.66  0.85
46.67  1.06
46.68  0.86
46.69  0.81
46.7  0.68
46.71  0.89
46.72  0.95
46.73  0.73
46.74  0.97
46.75  0.87
46.76  0.99
46.77  0.85
46.78  0.89
46.79  0.82
46.8  0.79
46.81  1.03
46.82  0.99
46.83  0.71
46.84  0.85
46.85  0.99
46.86  0.71
46.87  0.84
46.88  0.82
46.89  0.9
46.9  1
46.91  1.01
46.92  1.04
46.93  0.99
46.94  0.94
46.95  0.91
46.96  1.01
46.97  0.83
46.98  0.93
46.99  0.86
47  0.93
47.01  0.83
47.02  0.99
47.03  0.92
47.04  0.87
47.05  0.85
47.06  0.85
47.07  0.73
47.08  1
47.09  0.8
47.1  0.88
47.11  0.87
47.12  0.99
47.13  0.74
47.14  0.8
47.15  0.87
47.16  0.99
47.17  1.06
47.18  0.95
47.19  0.85
47.2  0.98
47.21  0.99
47.22  0.99
47.23  1.01
47.24  0.86
47.25  0.8
47.26  0.86
47.27  0.88
47.28  0.72
47.29  1.12
47.3  0.91
47.31  0.98
47.32  1.02
47.33  0.91
47.34  0.88
47.35  0.71
47.36  1.11
47.37  1.11
47.38  0.97
47.39  0.82
47.4  0.88
47.41  0.99
47.42  1.08
47.43  0.73
47.44  0.9
47.45  0.87
47.46  0.9
47.47  0.9
47.48  0.96
47.49  0.98
47.5  0.88
47.51  1.04
47.52  0.99
47.53  0.8
47.54  1.03
47.55  0.87
47.56  1
47.57  0.86
47.58  0.88
47.59  1.03
47.6  0.84
47.61  0.98
47.62  0.86
47.63  0.85
47.64  0.77
47.65  0.84
47.66  1.05
47.67  0.88
47.68  0.94
47.69  0.91
47.7  0.87
47.71  0.99
47.72  1.07
47.73  1.18
47.74  0.79
47.75  1.05
47.76  0.92
47.77  0.88
47.78  0.87
47.79  0.91
47.8  0.83
47.81  1.24
47.82  0.93
47.83  0.74
47.84  0.79
47.85  0.93
47.86  0.91
47.87  0.8
47.88  0.99
47.89  1.08
47.9  0.89
47.91  0.98
47.92  0.99
47.93  0.89
47.94  0.74
47.95  0.97
47.96  0.98
47.97  0.88
47.98  0.97
47.99  0.82
48  0.82
48.01  0.97
48.02  0.84
48.03  1.11
48.04  0.84
48.05  0.91
48.06  0.86
48.07  0.91
48.08  0.88
48.09  0.98
48.1  0.92
48.11  0.89
48.12  0.91
48.13  0.76
48.14  0.92
48.15  0.81
48.16  0.97
48.17  0.91
48.18  0.93
48.19  0.84
48.2  0.96
48.21  1.14
48.22  0.89
48.23  0.77
48.24  0.91
48.25  0.99
48.26  0.98
48.27  0.96
48.28  0.86
48.29  0.87
48.3  1
48.31  0.88
48.32  0.95
48.33  0.97
48.34  0.87
48.35  0.97
48.36  0.87
48.37  0.9
48.38  1.14
48.39  0.8
48.4  0.91
48.41  0.96
48.42  0.76
48.43  0.96
48.44  0.99
48.45  1.12
48.46  0.93
48.47  0.9
48.48  0.87
48.49  0.87
48.5  0.87
48.51  1.03
48.52  1.01
48.53  0.77
48.54  0.77
48.55  0.99
48.56  0.99
48.57  0.82
48.58  0.93
48.59  0.8
48.6  0.76
48.61  0.89
48.62  0.83
48.63  0.96
48.64  1.07
48.65  0.79
48.66  0.97
48.67  0.86
48.68  0.96
48.69  0.82
48.7  1.07
48.71  0.84
48.72  0.93
48.73  1.07
48.74  0.55
48.75  1.05
48.76  0.84
48.77  1
48.78  0.8
48.79  0.86
48.8  0.88
48.81  0.99
48.82  1.01
48.83  0.85
48.84  0.93
48.85  1.06
48.86  1.19
48.87  0.85
48.88  0.9
48.89  0.92
48.9  0.93
48.91  1.13
48.92  0.77
48.93  0.87
48.94  0.82
48.95  0.8
48.96  0.86
48.97  0.91
48.98  0.86
48.99  0.92
49  1.1
49.01  0.85
49.02  0.91
49.03  0.74
49.04  1.11
49.05  0.88
49.06  0.85
49.07  1
49.08  0.89
49.09  0.94
49.1  0.87
49.11  1.13
49.12  0.92
49.13  0.96
49.14  0.85
49.15  0.87
49.16  1.12
49.17  0.77
49.18  0.9
49.19  0.89
49.2  0.95
49.21  0.89
49.22  0.85
49.23  0.93
49.24  0.97
49.25  0.88
49.26  0.81
49.27  0.85
49.28  0.99
49.29  0.8
49.3  1.06
49.31  0.94
49.32  0.83
49.33  0.93
49.34  1.13
49.35  0.82
49.36  1.1
49.37  0.64
49.38  1.01
49.39  0.87
49.4  0.99
49.41  0.91
49.42  0.9
49.43  0.92
49.44  0.97
49.45  0.9
49.46  0.9
49.47  1
49.48  0.8
49.49  0.83
49.5  1.05
49.51  0.83
49.52  0.78
49.53  0.88
49.54  0.86
49.55  0.94
49.56  0.89
49.57  0.95
49.58  0.99
49.59  0.89
49.6  0.94
49.61  0.9
49.62  0.88
49.63  0.99
49.64  0.92
49.65  1.03
49.66  0.84
49.67  0.82
49.68  0.95
49.69  0.96
49.7  0.85
49.71  0.83
49.72  0.97
49.73  1.01
49.74  0.98
49.75  0.94
49.76  0.98
49.77  1.03
49.78  1.07
49.79  1.05
49.8  0.93
49.81  1
49.82  0.77
49.83  0.96
49.84  0.72
49.85  0.94
49.86  1.01
49.87  0.89
49.88  0.79
49.89  1.01
49.9  0.78
49.91  0.89
49.92  1
49.93  0.85
49.94  0.82
49.95  0.99
49.96  0.9
49.97  0.98
49.98  0.79
49.99  0.97
50  1.03
50.01  0.8
50.02  0.91
50.03  0.91
50.04  1.09
50.05  0.86
50.06  0.96
50.07  0.81
50.08  0.83
50.09  1.05
50.1  0.99
50.11  1.08
50.12  0.78
50.13  0.91
50.14  0.83
50.15  1.13
50.16  0.89
50.17  1.05
50.18  0.84
50.19  0.78
50.2  0.96
50.21  0.95
50.22  0.79
50.23  0.79
50.24  0.71
50.25  0.88
50.26  1.04
50.27  0.86
50.28  0.99
50.29  0.95
50.3  0.91
50.31  0.94
50.32  0.9
50.33  1.17
50.34  1
50.35  0.95
50.36  1
50.37  0.78
50.38  0.73
50.39  0.92
50.4  0.89
50.41  0.99
50.42  0.77
50.43  0.96
50.44  0.93
50.45  0.96
50.46  0.74
50.47  0.95
50.48  0.86
50.49  0.79
50.5  0.85
50.51  0.9
50.52  0.8
50.53  0.91
50.54  0.99
50.55  1
50.56  0.87
50.57  0.99
50.58  0.9
50.59  0.92
50.6  0.93
50.61  0.78
50.62  1.03
50.63  0.88
50.64  0.9
50.65  1.02
50.66  0.99
50.67  0.96
50.68  0.81
50.69  0.72
50.7  0.86
50.71  0.96
50.72  1.12
50.73  0.99
50.74  0.81
50.75  0.76
50.76  0.78
50.77  0.83
50.78  0.82
50.79  1.02
50.8  0.96
50.81  0.86
50.82  0.78
50.83  0.99
50.84  0.96
50.85  1.01
50.86  0.77
50.87  0.84
50.88  1.03
50.89  0.97
50.9  1.16
50.91  0.95
50.92  0.97
50.93  0.88
50.94  1
50.95  0.89
50.96  1.04
50.97  0.78
50.98  0.76
50.99  0.78
51  1.04
51.01  0.78
51.02  1.04
51.03  0.98
51.04  0.98
51.05  1.05
51.06  0.84
51.07  0.96
51.08  0.93
51.09  0.85
51.1  0.83
51.11  0.76
51.12  0.84
51.13  0.99
51.14  0.87
51.15  0.97
51.16  0.92
51.17  1.03
51.18  0.93
51.19  0.92
51.2  0.98
51.21  0.89
51.22  0.96
51.23  0.92
51.24  0.86
51.25  0.84
51.26  1.18
51.27  0.8
51.28  1.09
51.29  0.81
51.3  1.01
51.31  1.06
51.32  0.84
51.33  0.96
51.34  0.89
51.35  1.07
51.36  0.79
51.37  1.04
51.38  0.84
51.39  1.11
51.4  0.83
51.41  0.87
51.42  0.83
51.43  1.14
51.44  0.91
51.45  0.88
51.46  1.03
51.47  0.81
51.48  0.8
51.49  0.91
51.5  0.94
51.51  0.86
51.52  0.84
51.53  0.92
51.54  1.04
51.55  0.86
51.56  1.02
51.57  0.99
51.58  0.85
51.59  0.96
51.6  0.94
51.61  0.97
51.62  1.01
51.63  0.75
51.64  0.98
51.65  0.92
51.66  0.87
51.67  0.94
51.68  0.89
51.69  0.91
51.7  0.94
51.71  0.91
51.72  0.94
51.73  0.87
51.74  0.83
51.75  1.1
51.76  0.98
51.77  0.86
51.78  0.96
51.79  0.81
51.8  0.75
51.81  1.09
51.82  1.01
51.83  1.05
51.84  0.7
51.85  0.89
51.86  1.08
51.87  0.86
51.88  1.05
51.89  1.02
51.9  0.97
51.91  0.86
51.92  0.81
51.93  0.94
51.94  0.85
51.95  0.84
51.96  1
51.97  0.93
51.98  0.9
51.99  0.96
52  0.83
52.01  0.78
52.02  0.89
52.03  0.87
52.04  0.69
52.05  0.87
52.06  0.91
52.07  0.86
52.08  0.96
52.09  0.69
52.1  1.02
52.11  0.75
52.12  0.92
52.13  0.81
52.14  1
52.15  0.95
52.16  1.03
52.17  0.87
52.18  0.83
52.19  0.96
52.2  0.99
52.21  0.97
52.22  0.9
52.23  0.79
52.24  0.83
52.25  0.84
52.26  1.03
52.27  1.09
52.28  0.97
52.29  1.02
52.3  0.84
52.31  0.84
52.32  1
52.33  0.63
52.34  0.78
52.35  0.76
52.36  1.05
52.37  0.95
52.38  1.02
52.39  0.83
52.4  0.94
52.41  1.02
52.42  0.76
52.43  0.79
52.44  1.08
52.45  0.85
52.46  1.01
52.47  0.94
52.48  1
52.49  0.68
52.5  0.87
52.51  0.73
52.52  0.95
52.53  0.82
52.54  0.82
52.55  0.94
52.56  1.01
52.57  0.91
52.58  0.97
52.59  0.88
52.6  0.86
52.61  0.95
52.62  0.68
52.63  0.94
52.64  0.89
52.65  1.03
52.66  0.85
52.67  1
52.68  0.91
52.69  0.9
52.7  1.08
52.71  0.96
52.72  0.84
52.73  1.04
52.74  0.83
52.75  1.06
52.76  1.2
52.77  0.9
52.78  0.98
52.79  0.75
52.8  0.84
52.81  0.88
52.82  0.92
52.83  1.03
52.84  0.86
52.85  0.92
52.86  1.03
52.87  0.87
52.88  0.92
52.89  0.94
52.9  0.84
52.91  1
52.92  0.93
52.93  0.87
52.94  0.93
52.95  0.89
52.96  1.03
52.97  0.9
52.98  0.71
52.99  1.03
53  0.87
53.01  0.97
53.02  0.91
53.03  0.93
53.04  0.99
53.05  0.9
53.06  0.89
53.07  0.86
53.08  0.82
53.09  1.04
53.1  1.04
53.11  0.93
53.12  1.13
53.13  0.93
53.14  1.2
53.15  0.82
53.16  0.75
53.17  1.01
53.18  0.88
53.19  0.92
53.2  0.77
53.21  0.8
53.22  1.02
53.23  0.89
53.24  1.06
53.25  0.86
53.26  0.91
53.27  0.81
53.28  0.87
53.29  0.94
53.3  1.04
53.31  0.86
53.32  0.96
53.33  1.01
53.34  0.96
53.35  0.9
53.36  0.83
53.37  0.71
53.38  0.89
53.39  0.92
53.4  1.03
53.41  0.9
53.42  0.94
53.43  0.83
53.44  1.15
53.45  1.03
53.46  1.06
53.47  0.86
53.48  0.8
53.49  0.95
53.5  0.88
53.51  0.78
53.52  0.88
53.53  0.84
53.54  0.82
53.55  1
53.56  0.92
53.57  0.94
53.58  0.87
53.59  1.02
53.6  0.96
53.61  0.91
53.62  0.84
53.63  0.89
53.64  0.8
53.65  1.17
53.66  1.08
53.67  0.91
53.68  0.89
53.69  0.94
53.7  1.01
53.71  0.89
53.72  0.92
53.73  0.82
53.74  1.01
53.75  0.78
53.76  0.87
53.77  0.95
53.78  0.88
53.79  1.13
53.8  0.92
53.81  1.02
53.82  0.91
53.83  0.96
53.84  0.86
53.85  0.91
53.86  0.95
53.87  0.9
53.88  0.84
53.89  0.96
53.9  0.79
53.91  0.93
53.92  0.96
53.93  0.9
53.94  0.93
53.95  0.96
53.96  0.92
53.97  0.88
53.98  0.74
53.99  1.06
54  1.03
54.01  0.93
54.02  0.66
54.03  0.99
54.04  0.91
54.05  0.7
54.06  1.03
54.07  1.04
54.08  0.9
54.09  0.87
54.1  0.99
54.11  0.94
54.12  0.84
54.13  0.85
54.14  0.9
54.15  0.78
54.16  0.82
54.17  1
54.18  0.91
54.19  0.9
54.2  0.89
54.21  0.9
54.22  0.85
54.23  0.94
54.24  0.98
54.25  1.13
54.26  0.93
54.27  1.03
54.28  0.75
54.29  0.93
54.3  0.98
54.31  0.99
54.32  0.78
54.33  1.04
54.34  0.9
54.35  0.97
54.36  0.9
54.37  0.91
54.38  0.88
54.39  0.91
54.4  0.9
54.41  0.92
54.42  0.98
54.43  1.01
54.44  0.83
54.45  0.87
54.46  0.87
54.47  0.82
54.48  0.92
54.49  0.92
54.5  0.84
54.51  0.82
54.52  0.8
54.53  0.92
54.54  0.95
54.55  1.05
54.56  0.77
54.57  0.86
54.58  0.89
54.59  0.78
54.6  1.02
54.61  0.96
54.62  0.98
54.63  0.78
54.64  0.94
54.65  0.96
54.66  0.82
54.67  0.88
54.68  1
54.69  0.82
54.7  0.9
54.71  1.03
54.72  1.06
54.73  0.88
54.74  0.94
54.75  0.93
54.76  1.01
54.77  1.02
54.78  1.02
54.79  0.83
54.8  0.97
54.81  0.92
54.82  0.84
54.83  0.91
54.84  0.93
54.85  0.96
54.86  1.05
54.87  0.82
54.88  0.99
54.89  0.76
54.9  0.76
54.91  0.9
54.92  0.94
54.93  1.08
54.94  0.98
54.95  0.84
54.96  1.08
54.97  1.09
54.98  1.05
54.99  0.96
55  0.88
55.01  0.72
55.02  1.01
55.03  1.12
55.04  0.8
55.05  0.88
55.06  0.99
55.07  0.87
55.08  0.93
55.09  0.81
55.1  0.96
55.11  1
55.12  0.9
55.13  1.01
55.14  0.96
55.15  0.86
55.16  0.87
55.17  0.86
55.18  0.93
55.19  0.9
55.2  0.69
55.21  0.82
55.22  0.81
55.23  1.11
55.24  0.78
55.25  0.75
55.26  0.91
55.27  1.06
55.28  0.81
55.29  0.84
55.3  0.81
55.31  1.02
55.32  0.75
55.33  1.02
55.34  0.97
55.35  0.89
55.36  0.92
55.37  0.94
55.38  0.87
55.39  1.08
55.4  0.85
55.41  1.04
55.42  0.9
55.43  1.1
55.44  0.98
55.45  0.88
55.46  0.87
55.47  1.11
55.48  0.8
55.49  0.89
55.5  0.9
55.51  0.95
55.52  0.83
55.53  0.8
55.54  0.94
55.55  0.84
55.56  0.78
55.57  1
55.58  0.88
55.59  0.86
55.6  0.99
55.61  1.1
55.62  0.97
55.63  0.85
55.64  0.86
55.65  0.91
55.66  0.79
55.67  0.94
55.68  0.91
55.69  0.84
55.7  0.99
55.71  0.82
55.72  0.96
55.73  0.97
55.74  1.08
55.75  0.81
55.76  0.94
55.77  0.94
55.78  0.87
55.79  1.01
55.8  0.88
55.81  0.75
55.82  0.8
55.83  0.99
55.84  1.07
55.85  0.92
55.86  1.01
55.87  0.73
55.88  0.81
55.89  1.01
55.9  0.87
55.91  0.93
55.92  0.71
55.93  0.81
55.94  0.96
55.95  1.02
55.96  0.99
55.97  1.05
55.98  0.99
55.99  1.01
56  0.75
56.01  1.14
56.02  0.98
56.03  0.94
56.04  0.93
56.05  0.91
56.06  0.92
56.07  0.86
56.08  0.94
56.09  1.02
56.1  0.79
56.11  1.09
56.12  0.91
56.13  1.08
56.14  1.05
56.15  0.88
56.16  0.85
56.17  0.94
56.18  0.86
56.19  0.89
56.2  0.76
56.21  0.99
56.22  0.83
56.23  0.97
56.24  0.74
56.25  0.89
56.26  0.88
56.27  0.74
56.28  0.8
56.29  0.91
56.3  0.99
56.31  0.98
56.32  1.16
56.33  0.85
56.34  0.95
56.35  0.88
56.36  0.76
56.37  0.83
56.38  0.86
56.39  0.9
56.4  0.88
56.41  1.08
56.42  0.78
56.43  0.75
56.44  0.78
56.45  1.08
56.46  1.08
56.47  0.87
56.48  0.96
56.49  0.93
56.5  1.05
56.51  0.94
56.52  1.03
56.53  0.94
56.54  0.97
56.55  0.93
56.56  0.88
56.57  0.85
56.58  0.97
56.59  1.13
56.6  0.9
56.61  0.86
56.62  0.86
56.63  0.96
56.64  0.97
56.65  0.82
56.66  0.95
56.67  0.98
56.68  0.92
56.69  0.89
56.7  0.98
56.71  0.82
56.72  0.81
56.73  0.85
56.74  0.96
56.75  0.94
56.76  0.88
56.77  0.82
56.78  0.87
56.79  0.99
56.8  0.92
56.81  0.93
56.82  0.93
56.83  0.95
56.84  1.02
56.85  0.84
56.86  1.08
56.87  0.87
56.88  0.97
56.89  1
56.9  0.88
56.91  0.81
56.92  0.77
56.93  0.91
56.94  0.77
56.95  0.97
56.96  0.9
56.97  0.94
56.98  0.96
56.99  0.83
57  0.79
57.01  0.92
57.02  1
57.03  0.76
57.04  0.89
57.05  0.78
57.06  0.92
57.07  1.02
57.08  0.93
57.09  0.86
57.1  0.86
57.11  1.03
57.12  0.88
57.13  0.97
57.14  1.01
57.15  1.04
57.16  0.85
57.17  0.79
57.18  0.87
57.19  1.11
57.2  0.98
57.21  0.96
57.22  0.95
57.23  0.99
57.24  0.92
57.25  0.83
57.26  0.99
57.27  1.09
57.28  0.72
57.29  0.88
57.3  0.78
57.31  1.02
57.32  0.93
57.33  0.79
57.34  0.94
57.35  0.95
57.36  0.98
57.37  0.88
57.38  0.87
57.39  0.76
57.4  0.84
57.41  0.98
57.42  0.71
57.43  0.81
57.44  1.14
57.45  0.94
57.46  1.03
57.47  0.96
57.48  1.03
57.49  0.9
57.5  0.92
57.51  0.85
57.52  0.92
57.53  1.03
57.54  0.93
57.55  0.89
57.56  0.84
57.57  1.01
57.58  1.06
57.59  0.99
57.6  0.85
57.61  1.06
57.62  0.97
57.63  0.78
57.64  0.86
57.65  0.94
57.66  0.97
57.67  0.98
57.68  0.94
57.69  0.7
57.7  0.94
57.71  1.09
57.72  0.99
57.73  0.91
57.74  1
57.75  0.95
57.76  0.96
57.77  1.01
57.78  0.89
57.79  0.97
57.8  0.74
57.81  1.04
57.82  0.63
57.83  1.02
57.84  0.89
57.85  0.95
57.86  0.83
57.87  1.03
57.88  0.96
57.89  0.91
57.9  0.98
57.91  1.03
57.92  0.83
57.93  0.94
57.94  0.98
57.95  0.9
57.96  1.17
57.97  0.89
57.98  0.86
57.99  0.79
58  0.75
58.01  1.12
58.02  1.16
58.03  0.88
58.04  0.96
58.05  0.73
58.06  0.84
58.07  0.95
58.08  0.72
58.09  1.01
58.1  0.84
58.11  0.86
58.12  0.89
58.13  0.83
58.14  0.86
58.15  0.91
58.16  0.99
58.17  1.01
58.18  0.97
58.19  0.98
58.2  1.07
58.21  0.85
58.22  0.89
58.23  0.86
58.24  0.9
58.25  0.81
58.26  0.92
58.27  0.79
58.28  0.81
58.29  0.82
58.3  0.76
58.31  0.92
58.32  0.81
58.33  0.98
58.34  0.81
58.35  0.93
58.36  1.04
58.37  0.88
58.38  0.85
58.39  0.94
58.4  0.93
58.41  0.9
58.42  0.81
58.43  0.94
58.44  0.84
58.45  1
58.46  0.91
58.47  0.95
58.48  0.98
58.49  0.97
58.5  0.83
58.51  0.94
58.52  0.77
58.53  0.85
58.54  0.8
58.55  0.78
58.56  0.93
58.57  1.06
58.58  0.79
58.59  0.9
58.6  0.95
58.61  0.92
58.62  0.87
58.63  0.93
58.64  0.93
58.65  0.69
58.66  0.95
58.67  0.82
58.68  1.11
58.69  0.89
58.7  0.91
58.71  1
58.72  0.88
58.73  0.88
58.74  1
58.75  0.96
58.76  0.92
58.77  0.8
58.78  0.95
58.79  1.02
58.8  0.9
58.81  0.87
58.82  0.83
58.83  0.92
58.84  0.94
58.85  0.99
58.86  0.96
58.87  0.9
58.88  1
58.89  0.98
58.9  0.97
58.91  0.97
58.92  0.84
58.93  0.88
58.94  0.87
58.95  0.79
58.96  0.97
58.97  1.35
58.98  0.83
58.99  0.78
59  0.72
59.01  0.87
59.02  1.11
59.03  0.85
59.04  0.94
59.05  0.9
59.06  0.95
59.07  1.01
59.08  0.94
59.09  1.03
59.1  0.84
59.11  1.04
59.12  0.92
59.13  0.99
59.14  0.96
59.15  1.07
59.16  1
59.17  0.96
59.18  0.8
59.19  0.97
59.2  0.86
59.21  0.97
59.22  0.98
59.23  0.99
59.24  0.84
59.25  0.83
59.26  0.74
59.27  1.03
59.28  1.11
59.29  0.92
59.3  0.96
59.31  0.94
59.32  1.11
59.33  0.85
59.34  1.04
59.35  0.98
59.36  1
59.37  0.94
59.38  0.77
59.39  1.1
59.4  0.74
59.41  0.64
59.42  0.93
59.43  1.02
59.44  0.89
59.45  0.88
59.46  0.96
59.47  0.98
59.48  0.88
59.49  0.91
59.5  1.01
59.51  0.83
59.52  0.69
59.53  0.91
59.54  0.92
59.55  1.05
59.56  0.9
59.57  0.91
59.58  0.94
59.59  0.86
59.6  0.91
59.61  1.11
59.62  0.81
59.63  0.78
59.64  0.88
59.65  0.95
59.66  0.95
59.67  0.96
59.68  0.8
59.69  0.82
59.7  0.9
59.71  0.78
59.72  0.93
59.73  0.91
59.74  1
59.75  0.77
59.76  0.8
59.77  0.78
59.78  0.88
59.79  0.87
59.8  1.06
59.81  0.79
59.82  0.93
59.83  0.94
59.84  1.07
59.85  0.82
59.86  1.02
59.87  0.85
59.88  0.92
59.89  0.99
59.9  0.85
59.91  0.94
59.92  0.86
59.93  0.87
59.94  0.89
59.95  0.97
59.96  0.91
59.97  0.95
59.98  1.04
59.99  0.88
