-15  0
-14.99  0
-14.98  0.01
-14.97  0
-14.96  0.01
-14.95  0.02
-14.94  0.01
-14.93  0.01
-14.92  0.03
-14.91  0.02
-14.9  0.02
-14.89  0.02
-14.88  0.03
-14.87  0.03
-14.86  0.04
-14.85  0.03
-14.84  0.03
-14.83  0.03
-14.82  0.03
-14.81  0.04
-14.8  0.06
-14.79  0.04
-14.78  0.04
-14.77  0.04
-14.76  0.05
-14.75  0.06
-14.74  0.04
-14.73  0.05
-14.72  0.06
-14.71  0.04
-14.7  0.06
-14.69  0.07
-14.68  0.05
-14.67  0.05
-14.66  0.08
-14.65  0.04
-14.64  0.07
-14.63  0.07
-14.62  0.06
-14.61  0.07
-14.6  0.07
-14.59  0.06
-14.58  0.07
-14.57  0.09
-14.56  0.08
-14.55  0.07
-14.54  0.06
-14.53  0.08
-14.52  0.08
-14.51  0.08
-14.5  0.07
-14.49  0.1
-14.48  0.07
-14.47  0.09
-14.46  0.09
-14.45  0.09
-14.44  0.08
-14.43  0.09
-14.42  0.07
-14.41  0.1
-14.4  0.1
-14.39  0.09
-14.38  0.11
-14.37  0.08
-14.36  0.1
-14.35  0.09
-14.34  0.1
-14.33  0.11
-14.32  0.1
-14.31  0.09
-14.3  0.1
-14.29  0.13
-14.28  0.08
-14.27  0.12
-14.26  0.11
-14.25  0.1
-14.24  0.12
-14.23  0.12
-14.22  0.09
-14.21  0.1
-14.2  0.12
-14.19  0.13
-14.18  0.11
-14.17  0.13
-14.16  0.12
-14.15  0.11
-14.14  0.12
-14.13  0.12
-14.12  0.11
-14.11  0.14
-14.1  0.11
-14.09  0.14
-14.08  0.13
-14.07  0.11
-14.06  0.13
-14.05  0.15
-14.04  0.12
-14.03  0.13
-14.02  0.14
-14.01  0.13
-14  0.13
-13.99  0.14
-13.98  0.13
-13.97  0.14
-13.96  0.14
-13.95  0.13
-13.94  0.15
-13.93  0.15
-13.92  0.14
-13.91  0.14
-13.9  0.12
-13.89  0.19
-13.88  0.12
-13.87  0.15
-13.86  0.14
-13.85  0.15
-13.84  0.17
-13.83  0.14
-13.82  0.16
-13.81  0.15
-13.8  0.15
-13.79  0.16
-13.78  0.15
-13.77  0.16
-13.76  0.16
-13.75  0.14
-13.74  0.17
-13.73  0.15
-13.72  0.17
-13.71  0.15
-13.7  0.16
-13.69  0.2
-13.68  0.16
-13.67  0.15
-13.66  0.18
-13.65  0.16
-13.64  0.17
-13.63  0.15
-13.62  0.15
-13.61  0.19
-13.6  0.19
-13.59  0.17
-13.58  0.17
-13.57  0.17
-13.56  0.17
-13.55  0.18
-13.54  0.19
-13.53  0.17
-13.52  0.15
-13.51  0.18
-13.5  0.21
-13.49  0.18
-13.48  0.18
-13.47  0.18
-13.46  0.15
-13.45  0.2
-13.44  0.18
-13.43  0.21
-13.42  0.18
-13.41  0.19
-13.4  0.18
-13.39  0.17
-13.38  0.19
-13.37  0.19
-13.36  0.2
-13.35  0.18
-13.34  0.18
-13.33  0.18
-13.32  0.2
-13.31  0.2
-13.3  0.2
-13.29  0.22
-13.28  0.18
-13.27  0.2
-13.26  0.17
-13.25  0.21
-13.24  0.2
-13.23  0.2
-13.22  0.18
-13.21  0.22
-13.2  0.18
-13.19  0.21
-13.18  0.18
-13.17  0.21
-13.16  0.21
-13.15  0.21
-13.14  0.21
-13.13  0.19
-13.12  0.21
-13.11  0.2
-13.1  0.2
-13.09  0.19
-13.08  0.21
-13.07  0.21
-13.06  0.21
-13.05  0.19
-13.04  0.21
-13.03  0.23
-13.02  0.21
-13.01  0.23
-13  0.17
-12.99  0.21
-12.98  0.23
-12.97  0.21
-12.96  0.21
-12.95  0.19
-12.94  0.23
-12.93  0.21
-12.92  0.21
-12.91  0.23
-12.9  0.18
-12.89  0.22
-12.88  0.22
-12.87  0.23
-12.86  0.22
-12.85  0.22
-12.84  0.19
-12.83  0.2
-12.82  0.24
-12.81  0.23
-12.8  0.21
-12.79  0.21
-12.78  0.19
-12.77  0.24
-12.76  0.2
-12.75  0.21
-12.74  0.25
-12.73  0.22
-12.72  0.2
-12.71  0.25
-12.7  0.19
-12.69  0.22
-12.68  0.26
-12.67  0.18
-12.66  0.22
-12.65  0.23
-12.64  0.22
-12.63  0.19
-12.62  0.27
-12.61  0.22
-12.6  0.2
-12.59  0.22
-12.58  0.23
-12.57  0.22
-12.56  0.24
-12.55  0.22
-12.54  0.23
-12.53  0.19
-12.52  0.23
-12.51  0.23
-12.5  0.24
-12.49  0.21
-12.48  0.23
-12.47  0.23
-12.46  0.2
-12.45  0.22
-12.44  0.24
-12.43  0.24
-12.42  0.21
-12.41  0.21
-12.4  0.24
-12.39  0.24
-12.38  0.21
-12.37  0.23
-12.36  0.22
-12.35  0.21
-12.34  0.23
-12.33  0.23
-12.32  0.23
-12.31  0.23
-12.3  0.2
-12.29  0.23
-12.28  0.23
-12.27  0.24
-12.26  0.24
-12.25  0.21
-12.24  0.23
-12.23  0.24
-12.22  0.2
-12.21  0.23
-12.2  0.23
-12.19  0.23
-12.18  0.24
-12.17  0.22
-12.16  0.21
-12.15  0.21
-12.14  0.21
-12.13  0.24
-12.12  0.26
-12.11  0.21
-12.1  0.23
-12.09  0.22
-12.08  0.24
-12.07  0.24
-12.06  0.21
-12.05  0.24
-12.04  0.24
-12.03  0.22
-12.02  0.2
-12.01  0.23
-12  0.22
-11.99  0.22
-11.98  0.23
-11.97  0.24
-11.96  0.2
-11.95  0.23
-11.94  0.27
-11.93  0.2
-11.92  0.23
-11.91  0.24
-11.9  0.21
-11.89  0.26
-11.88  0.2
-11.87  0.22
-11.86  0.23
-11.85  0.23
-11.84  0.21
-11.83  0.24
-11.82  0.21
-11.81  0.23
-11.8  0.24
-11.79  0.23
-11.78  0.21
-11.77  0.22
-11.76  0.26
-11.75  0.2
-11.74  0.24
-11.73  0.21
-11.72  0.24
-11.71  0.22
-11.7  0.24
-11.69  0.21
-11.68  0.24
-11.67  0.21
-11.66  0.23
-11.65  0.26
-11.64  0.2
-11.63  0.2
-11.62  0.24
-11.61  0.25
-11.6  0.19
-11.59  0.23
-11.58  0.24
-11.57  0.22
-11.56  0.24
-11.55  0.22
-11.54  0.23
-11.53  0.23
-11.52  0.21
-11.51  0.22
-11.5  0.23
-11.49  0.19
-11.48  0.23
-11.47  0.25
-11.46  0.23
-11.45  0.24
-11.44  0.19
-11.43  0.23
-11.42  0.23
-11.41  0.23
-11.4  0.22
-11.39  0.2
-11.38  0.27
-11.37  0.24
-11.36  0.23
-11.35  0.23
-11.34  0.19
-11.33  0.22
-11.32  0.24
-11.31  0.19
-11.3  0.28
-11.29  0.21
-11.28  0.21
-11.27  0.22
-11.26  0.21
-11.25  0.21
-11.24  0.24
-11.23  0.21
-11.22  0.28
-11.21  0.21
-11.2  0.21
-11.19  0.24
-11.18  0.22
-11.17  0.21
-11.16  0.22
-11.15  0.21
-11.14  0.23
-11.13  0.27
-11.12  0.18
-11.11  0.2
-11.1  0.25
-11.09  0.23
-11.08  0.21
-11.07  0.25
-11.06  0.24
-11.05  0.18
-11.04  0.23
-11.03  0.24
-11.02  0.23
-11.01  0.22
-11  0.22
-10.99  0.2
-10.98  0.24
-10.97  0.24
-10.96  0.21
-10.95  0.22
-10.94  0.23
-10.93  0.2
-10.92  0.25
-10.91  0.2
-10.9  0.26
-10.89  0.19
-10.88  0.21
-10.87  0.25
-10.86  0.22
-10.85  0.23
-10.84  0.22
-10.83  0.23
-10.82  0.24
-10.81  0.21
-10.8  0.21
-10.79  0.2
-10.78  0.27
-10.77  0.21
-10.76  0.21
-10.75  0.21
-10.74  0.23
-10.73  0.22
-10.72  0.24
-10.71  0.2
-10.7  0.23
-10.69  0.21
-10.68  0.23
-10.67  0.24
-10.66  0.23
-10.65  0.26
-10.64  0.19
-10.63  0.21
-10.62  0.24
-10.61  0.2
-10.6  0.2
-10.59  0.23
-10.58  0.23
-10.57  0.26
-10.56  0.22
-10.55  0.2
-10.54  0.21
-10.53  0.21
-10.52  0.22
-10.51  0.23
-10.5  0.26
-10.49  0.22
-10.48  0.22
-10.47  0.22
-10.46  0.22
-10.45  0.22
-10.44  0.22
-10.43  0.2
-10.42  0.23
-10.41  0.25
-10.4  0.2
-10.39  0.22
-10.38  0.25
-10.37  0.2
-10.36  0.21
-10.35  0.24
-10.34  0.23
-10.33  0.24
-10.32  0.2
-10.31  0.22
-10.3  0.21
-10.29  0.22
-10.28  0.22
-10.27  0.26
-10.26  0.22
-10.25  0.23
-10.24  0.2
-10.23  0.23
-10.22  0.18
-10.21  0.24
-10.2  0.25
-10.19  0.22
-10.18  0.19
-10.17  0.21
-10.16  0.22
-10.15  0.23
-10.14  0.26
-10.13  0.2
-10.12  0.21
-10.11  0.23
-10.1  0.24
-10.09  0.23
-10.08  0.22
-10.07  0.22
-10.06  0.21
-10.05  0.22
-10.04  0.23
-10.03  0.24
-10.02  0.21
-10.01  0.23
-10  0.21
-9.99  0.22
-9.98  0.22
-9.97  0.24
-9.96  0.17
-9.95  0.22
-9.94  0.26
-9.93  0.19
-9.92  0.23
-9.91  0.27
-9.9  0.19
-9.89  0.23
-9.88  0.23
-9.87  0.26
-9.86  0.22
-9.85  0.19
-9.84  0.21
-9.83  0.21
-9.82  0.26
-9.81  0.2
-9.8  0.22
-9.79  0.23
-9.78  0.22
-9.77  0.21
-9.76  0.21
-9.75  0.25
-9.74  0.21
-9.73  0.23
-9.72  0.21
-9.71  0.24
-9.7  0.23
-9.69  0.22
-9.68  0.21
-9.67  0.24
-9.66  0.22
-9.65  0.2
-9.64  0.23
-9.63  0.23
-9.62  0.22
-9.61  0.24
-9.6  0.2
-9.59  0.21
-9.58  0.21
-9.57  0.23
-9.56  0.22
-9.55  0.24
-9.54  0.23
-9.53  0.21
-9.52  0.22
-9.51  0.24
-9.5  0.2
-9.49  0.22
-9.48  0.2
-9.47  0.29
-9.46  0.2
-9.45  0.21
-9.44  0.24
-9.43  0.22
-9.42  0.22
-9.41  0.23
-9.4  0.17
-9.39  0.23
-9.38  0.26
-9.37  0.23
-9.36  0.2
-9.35  0.23
-9.34  0.2
-9.33  0.22
-9.32  0.25
-9.31  0.23
-9.3  0.19
-9.29  0.24
-9.28  0.22
-9.27  0.23
-9.26  0.19
-9.25  0.22
-9.24  0.27
-9.23  0.25
-9.22  0.2
-9.21  0.2
-9.2  0.22
-9.19  0.21
-9.18  0.22
-9.17  0.22
-9.16  0.23
-9.15  0.21
-9.14  0.21
-9.13  0.26
-9.12  0.23
-9.11  0.21
-9.1  0.2
-9.09  0.21
-9.08  0.26
-9.07  0.22
-9.06  0.25
-9.05  0.19
-9.04  0.23
-9.03  0.25
-9.02  0.21
-9.01  0.22
-9  0.19
-8.99  0.23
-8.98  0.24
-8.97  0.19
-8.96  0.24
-8.95  0.2
-8.94  0.22
-8.93  0.22
-8.92  0.25
-8.91  0.23
-8.9  0.19
-8.89  0.25
-8.88  0.24
-8.87  0.19
-8.86  0.24
-8.85  0.21
-8.84  0.25
-8.83  0.24
-8.82  0.2
-8.81  0.21
-8.8  0.23
-8.79  0.22
-8.78  0.22
-8.77  0.22
-8.76  0.18
-8.75  0.26
-8.74  0.21
-8.73  0.25
-8.72  0.23
-8.71  0.23
-8.7  0.21
-8.69  0.21
-8.68  0.19
-8.67  0.23
-8.66  0.22
-8.65  0.24
-8.64  0.21
-8.63  0.25
-8.62  0.23
-8.61  0.21
-8.6  0.21
-8.59  0.23
-8.58  0.24
-8.57  0.21
-8.56  0.22
-8.55  0.26
-8.54  0.19
-8.53  0.22
-8.52  0.2
-8.51  0.23
-8.5  0.23
-8.49  0.21
-8.48  0.21
-8.47  0.21
-8.46  0.22
-8.45  0.24
-8.44  0.25
-8.43  0.25
-8.42  0.23
-8.41  0.22
-8.4  0.19
-8.39  0.22
-8.38  0.23
-8.37  0.23
-8.36  0.17
-8.35  0.26
-8.34  0.22
-8.33  0.21
-8.32  0.23
-8.31  0.23
-8.3  0.22
-8.29  0.23
-8.28  0.21
-8.27  0.23
-8.26  0.21
-8.25  0.24
-8.24  0.18
-8.23  0.21
-8.22  0.25
-8.21  0.25
-8.2  0.24
-8.19  0.22
-8.18  0.21
-8.17  0.22
-8.16  0.22
-8.15  0.19
-8.14  0.28
-8.13  0.22
-8.12  0.19
-8.11  0.21
-8.1  0.25
-8.09  0.2
-8.08  0.19
-8.07  0.23
-8.06  0.26
-8.05  0.2
-8.04  0.22
-8.03  0.25
-8.02  0.21
-8.01  0.23
-8  0.2
-7.99  0.26
-7.98  0.21
-7.97  0.24
-7.96  0.23
-7.95  0.22
-7.94  0.18
-7.93  0.24
-7.92  0.22
-7.91  0.2
-7.9  0.23
-7.89  0.26
-7.88  0.21
-7.87  0.21
-7.86  0.23
-7.85  0.22
-7.84  0.21
-7.83  0.24
-7.82  0.24
-7.81  0.18
-7.8  0.24
-7.79  0.22
-7.78  0.22
-7.77  0.24
-7.76  0.23
-7.75  0.24
-7.74  0.21
-7.73  0.18
-7.72  0.22
-7.71  0.24
-7.7  0.21
-7.69  0.23
-7.68  0.25
-7.67  0.23
-7.66  0.21
-7.65  0.2
-7.64  0.23
-7.63  0.2
-7.62  0.24
-7.61  0.18
-7.6  0.23
-7.59  0.24
-7.58  0.21
-7.57  0.25
-7.56  0.25
-7.55  0.21
-7.54  0.22
-7.53  0.23
-7.52  0.22
-7.51  0.26
-7.5  0.18
-7.49  0.2
-7.48  0.26
-7.47  0.21
-7.46  0.27
-7.45  0.19
-7.44  0.22
-7.43  0.21
-7.42  0.18
-7.41  0.21
-7.4  0.26
-7.39  0.21
-7.38  0.25
-7.37  0.2
-7.36  0.21
-7.35  0.22
-7.34  0.24
-7.33  0.24
-7.32  0.22
-7.31  0.26
-7.3  0.21
-7.29  0.2
-7.28  0.25
-7.27  0.18
-7.26  0.24
-7.25  0.21
-7.24  0.22
-7.23  0.22
-7.22  0.21
-7.21  0.23
-7.2  0.23
-7.19  0.22
-7.18  0.24
-7.17  0.23
-7.16  0.19
-7.15  0.22
-7.14  0.26
-7.13  0.2
-7.12  0.23
-7.11  0.23
-7.1  0.21
-7.09  0.24
-7.08  0.2
-7.07  0.23
-7.06  0.2
-7.05  0.25
-7.04  0.21
-7.03  0.23
-7.02  0.24
-7.01  0.21
-7  0.21
-6.99  0.22
-6.98  0.23
-6.97  0.22
-6.96  0.22
-6.95  0.24
-6.94  0.2
-6.93  0.24
-6.92  0.21
-6.91  0.17
-6.9  0.27
-6.89  0.22
-6.88  0.25
-6.87  0.2
-6.86  0.22
-6.85  0.22
-6.84  0.25
-6.83  0.22
-6.82  0.21
-6.81  0.21
-6.8  0.25
-6.79  0.21
-6.78  0.19
-6.77  0.25
-6.76  0.25
-6.75  0.18
-6.74  0.24
-6.73  0.22
-6.72  0.23
-6.71  0.19
-6.7  0.24
-6.69  0.2
-6.68  0.24
-6.67  0.24
-6.66  0.21
-6.65  0.24
-6.64  0.21
-6.63  0.21
-6.62  0.17
-6.61  0.26
-6.6  0.26
-6.59  0.23
-6.58  0.22
-6.57  0.22
-6.56  0.27
-6.55  0.2
-6.54  0.21
-6.53  0.18
-6.52  0.21
-6.51  0.24
-6.5  0.21
-6.49  0.24
-6.48  0.21
-6.47  0.21
-6.46  0.22
-6.45  0.24
-6.44  0.26
-6.43  0.17
-6.42  0.23
-6.41  0.25
-6.4  0.24
-6.39  0.21
-6.38  0.23
-6.37  0.22
-6.36  0.23
-6.35  0.18
-6.34  0.24
-6.33  0.21
-6.32  0.28
-6.31  0.21
-6.3  0.21
-6.29  0.2
-6.28  0.2
-6.27  0.21
-6.26  0.23
-6.25  0.23
-6.24  0.23
-6.23  0.22
-6.22  0.24
-6.21  0.23
-6.2  0.22
-6.19  0.24
-6.18  0.21
-6.17  0.18
-6.16  0.24
-6.15  0.21
-6.14  0.23
-6.13  0.26
-6.12  0.23
-6.11  0.22
-6.1  0.2
-6.09  0.24
-6.08  0.22
-6.07  0.21
-6.06  0.22
-6.05  0.21
-6.04  0.22
-6.03  0.23
-6.02  0.24
-6.01  0.23
-6  0.19
-5.99  0.24
-5.98  0.22
-5.97  0.22
-5.96  0.22
-5.95  0.2
-5.94  0.22
-5.93  0.22
-5.92  0.27
-5.91  0.2
-5.9  0.22
-5.89  0.24
-5.88  0.22
-5.87  0.23
-5.86  0.22
-5.85  0.21
-5.84  0.22
-5.83  0.25
-5.82  0.23
-5.81  0.2
-5.8  0.21
-5.79  0.21
-5.78  0.23
-5.77  0.25
-5.76  0.19
-5.75  0.21
-5.74  0.21
-5.73  0.26
-5.72  0.2
-5.71  0.24
-5.7  0.2
-5.69  0.22
-5.68  0.23
-5.67  0.22
-5.66  0.23
-5.65  0.26
-5.64  0.24
-5.63  0.21
-5.62  0.2
-5.61  0.25
-5.6  0.23
-5.59  0.17
-5.58  0.22
-5.57  0.24
-5.56  0.2
-5.55  0.23
-5.54  0.23
-5.53  0.23
-5.52  0.24
-5.51  0.2
-5.5  0.21
-5.49  0.21
-5.48  0.23
-5.47  0.21
-5.46  0.22
-5.45  0.25
-5.44  0.27
-5.43  0.17
-5.42  0.19
-5.41  0.27
-5.4  0.24
-5.39  0.23
-5.38  0.21
-5.37  0.22
-5.36  0.23
-5.35  0.2
-5.34  0.17
-5.33  0.28
-5.32  0.24
-5.31  0.17
-5.3  0.25
-5.29  0.23
-5.28  0.22
-5.27  0.2
-5.26  0.19
-5.25  0.27
-5.24  0.19
-5.23  0.24
-5.22  0.25
-5.21  0.25
-5.2  0.18
-5.19  0.24
-5.18  0.22
-5.17  0.21
-5.16  0.24
-5.15  0.25
-5.14  0.19
-5.13  0.17
-5.12  0.25
-5.11  0.22
-5.1  0.24
-5.09  0.21
-5.08  0.21
-5.07  0.25
-5.06  0.21
-5.05  0.26
-5.04  0.24
-5.03  0.2
-5.02  0.2
-5.01  0.21
-5  0.21
-4.99  0.26
-4.98  0.22
-4.97  0.2
-4.96  0.2
-4.95  0.22
-4.94  0.19
-4.93  0.29
-4.92  0.24
-4.91  0.21
-4.9  0.23
-4.89  0.2
-4.88  0.24
-4.87  0.2
-4.86  0.22
-4.85  0.26
-4.84  0.22
-4.83  0.2
-4.82  0.28
-4.81  0.18
-4.8  0.2
-4.79  0.22
-4.78  0.22
-4.77  0.23
-4.76  0.21
-4.75  0.22
-4.74  0.26
-4.73  0.17
-4.72  0.24
-4.71  0.25
-4.7  0.19
-4.69  0.25
-4.68  0.19
-4.67  0.28
-4.66  0.18
-4.65  0.26
-4.64  0.22
-4.63  0.21
-4.62  0.23
-4.61  0.21
-4.6  0.21
-4.59  0.23
-4.58  0.22
-4.57  0.21
-4.56  0.23
-4.55  0.25
-4.54  0.19
-4.53  0.25
-4.52  0.2
-4.51  0.25
-4.5  0.18
-4.49  0.21
-4.48  0.2
-4.47  0.24
-4.46  0.24
-4.45  0.28
-4.44  0.2
-4.43  0.23
-4.42  0.2
-4.41  0.27
-4.4  0.22
-4.39  0.2
-4.38  0.21
-4.37  0.21
-4.36  0.22
-4.35  0.21
-4.34  0.24
-4.33  0.19
-4.32  0.26
-4.31  0.21
-4.3  0.25
-4.29  0.19
-4.28  0.23
-4.27  0.23
-4.26  0.23
-4.25  0.18
-4.24  0.25
-4.23  0.22
-4.22  0.22
-4.21  0.25
-4.2  0.2
-4.19  0.21
-4.18  0.23
-4.17  0.21
-4.16  0.26
-4.15  0.2
-4.14  0.23
-4.13  0.24
-4.12  0.2
-4.11  0.22
-4.1  0.22
-4.09  0.24
-4.08  0.23
-4.07  0.22
-4.06  0.21
-4.05  0.22
-4.04  0.24
-4.03  0.18
-4.02  0.25
-4.01  0.22
-4  0.22
-3.99  0.21
-3.98  0.22
-3.97  0.2
-3.96  0.26
-3.95  0.22
-3.94  0.24
-3.93  0.22
-3.92  0.19
-3.91  0.24
-3.9  0.22
-3.89  0.19
-3.88  0.26
-3.87  0.22
-3.86  0.26
-3.85  0.18
-3.84  0.26
-3.83  0.21
-3.82  0.21
-3.81  0.25
-3.8  0.19
-3.79  0.21
-3.78  0.24
-3.77  0.22
-3.76  0.2
-3.75  0.23
-3.74  0.21
-3.73  0.21
-3.72  0.23
-3.71  0.21
-3.7  0.29
-3.69  0.21
-3.68  0.2
-3.67  0.21
-3.66  0.22
-3.65  0.25
-3.64  0.18
-3.63  0.26
-3.62  0.26
-3.61  0.24
-3.6  0.2
-3.59  0.23
-3.58  0.17
-3.57  0.27
-3.56  0.19
-3.55  0.21
-3.54  0.22
-3.53  0.22
-3.52  0.26
-3.51  0.21
-3.5  0.21
-3.49  0.2
-3.48  0.2
-3.47  0.21
-3.46  0.23
-3.45  0.25
-3.44  0.27
-3.43  0.23
-3.42  0.18
-3.41  0.23
-3.4  0.25
-3.39  0.21
-3.38  0.24
-3.37  0.2
-3.36  0.22
-3.35  0.2
-3.34  0.19
-3.33  0.26
-3.32  0.24
-3.31  0.25
-3.3  0.21
-3.29  0.21
-3.28  0.22
-3.27  0.24
-3.26  0.2
-3.25  0.18
-3.24  0.28
-3.23  0.2
-3.22  0.2
-3.21  0.27
-3.2  0.22
-3.19  0.23
-3.18  0.2
-3.17  0.18
-3.16  0.25
-3.15  0.24
-3.14  0.19
-3.13  0.23
-3.12  0.21
-3.11  0.23
-3.1  0.28
-3.09  0.21
-3.08  0.21
-3.07  0.23
-3.06  0.23
-3.05  0.22
-3.04  0.26
-3.03  0.17
-3.02  0.22
-3.01  0.25
-3  0.15
-2.99  0.22
-2.98  0.26
-2.97  0.2
-2.96  0.25
-2.95  0.24
-2.94  0.21
-2.93  0.24
-2.92  0.2
-2.91  0.23
-2.9  0.17
-2.89  0.26
-2.88  0.19
-2.87  0.28
-2.86  0.22
-2.85  0.19
-2.84  0.22
-2.83  0.25
-2.82  0.25
-2.81  0.24
-2.8  0.17
-2.79  0.23
-2.78  0.24
-2.77  0.22
-2.76  0.24
-2.75  0.18
-2.74  0.19
-2.73  0.25
-2.72  0.22
-2.71  0.23
-2.7  0.24
-2.69  0.22
-2.68  0.18
-2.67  0.22
-2.66  0.25
-2.65  0.22
-2.64  0.19
-2.63  0.24
-2.62  0.24
-2.61  0.21
-2.6  0.23
-2.59  0.23
-2.58  0.24
-2.57  0.24
-2.56  0.24
-2.55  0.19
-2.54  0.22
-2.53  0.23
-2.52  0.23
-2.51  0.23
-2.5  0.19
-2.49  0.2
-2.48  0.22
-2.47  0.2
-2.46  0.25
-2.45  0.21
-2.44  0.21
-2.43  0.27
-2.42  0.22
-2.41  0.23
-2.4  0.2
-2.39  0.23
-2.38  0.21
-2.37  0.21
-2.36  0.2
-2.35  0.28
-2.34  0.21
-2.33  0.23
-2.32  0.24
-2.31  0.22
-2.3  0.27
-2.29  0.21
-2.28  0.18
-2.27  0.2
-2.26  0.21
-2.25  0.21
-2.24  0.25
-2.23  0.23
-2.22  0.25
-2.21  0.19
-2.2  0.23
-2.19  0.22
-2.18  0.2
-2.17  0.23
-2.16  0.21
-2.15  0.27
-2.14  0.2
-2.13  0.25
-2.12  0.18
-2.11  0.25
-2.1  0.2
-2.09  0.18
-2.08  0.32
-2.07  0.18
-2.06  0.21
-2.05  0.2
-2.04  0.27
-2.03  0.23
-2.02  0.19
-2.01  0.24
-2  0.23
-1.99  0.21
-1.98  0.21
-1.97  0.21
-1.96  0.23
-1.95  0.27
-1.94  0.19
-1.93  0.26
-1.92  0.18
-1.91  0.23
-1.9  0.25
-1.89  0.2
-1.88  0.19
-1.87  0.22
-1.86  0.19
-1.85  0.23
-1.84  0.24
-1.83  0.25
-1.82  0.2
-1.81  0.23
-1.8  0.22
-1.79  0.19
-1.78  0.26
-1.77  0.27
-1.76  0.24
-1.75  0.19
-1.74  0.25
-1.73  0.19
-1.72  0.21
-1.71  0.21
-1.7  0.25
-1.69  0.2
-1.68  0.22
-1.67  0.22
-1.66  0.25
-1.65  0.21
-1.64  0.21
-1.63  0.23
-1.62  0.22
-1.61  0.2
-1.6  0.22
-1.59  0.22
-1.58  0.28
-1.57  0.21
-1.56  0.22
-1.55  0.18
-1.54  0.21
-1.53  0.25
-1.52  0.19
-1.51  0.28
-1.5  0.21
-1.49  0.26
-1.48  0.24
-1.47  0.21
-1.46  0.19
-1.45  0.21
-1.44  0.21
-1.43  0.24
-1.42  0.17
-1.41  0.3
-1.4  0.22
-1.39  0.18
-1.38  0.27
-1.37  0.2
-1.36  0.21
-1.35  0.22
-1.34  0.23
-1.33  0.22
-1.32  0.19
-1.31  0.24
-1.3  0.23
-1.29  0.23
-1.28  0.18
-1.27  0.27
-1.26  0.22
-1.25  0.21
-1.24  0.22
-1.23  0.27
-1.22  0.19
-1.21  0.2
-1.2  0.27
-1.19  0.22
-1.18  0.22
-1.17  0.22
-1.16  0.23
-1.15  0.21
-1.14  0.2
-1.13  0.22
-1.12  0.23
-1.11  0.19
-1.1  0.23
-1.09  0.23
-1.08  0.25
-1.07  0.23
-1.06  0.21
-1.05  0.2
-1.04  0.21
-1.03  0.28
-1.02  0.2
-1.01  0.2
-1  0.25
-0.99  0.2
-0.98  0.22
-0.97  0.23
-0.96  0.22
-0.95  0.21
-0.94  0.22
-0.93  0.26
-0.92  0.22
-0.91  0.25
-0.9  0.19
-0.89  0.2
-0.88  0.21
-0.87  0.28
-0.86  0.21
-0.85  0.22
-0.84  0.24
-0.83  0.2
-0.82  0.22
-0.81  0.23
-0.8  0.24
-0.79  0.2
-0.78  0.22
-0.77  0.19
-0.76  0.2
-0.75  0.21
-0.74  0.25
-0.73  0.22
-0.72  0.26
-0.71  0.21
-0.7  0.27
-0.69  0.21
-0.68  0.2
-0.67  0.2
-0.66  0.22
-0.65  0.24
-0.64  0.23
-0.63  0.27
-0.62  0.2
-0.61  0.23
-0.6  0.22
-0.59  0.2
-0.58  0.2
-0.57  0.29
-0.56  0.19
-0.55  0.18
-0.54  0.23
-0.53  0.24
-0.52  0.19
-0.51  0.26
-0.5  0.18
-0.49  0.25
-0.48  0.2
-0.47  0.22
-0.46  0.21
-0.45  0.24
-0.44  0.21
-0.43  0.27
-0.42  0.21
-0.41  0.22
-0.4  0.23
-0.39  0.27
-0.38  0.21
-0.37  0.2
-0.36  0.25
-0.35  0.15
-0.34  0.23
-0.33  0.26
-0.32  0.21
-0.31  0.21
-0.3  0.31
-0.29  0.16
-0.28  0.19
-0.27  0.24
-0.26  0.2
-0.25  0.2
-0.24  0.23
-0.23  0.24
-0.22  0.24
-0.21  0.19
-0.2  0.27
-0.19  0.2
-0.18  0.21
-0.17  0.23
-0.16  0.27
-0.15  0.21
-0.14  0.17
-0.13  0.24
-0.12  0.21
-0.11  0.24
-0.1  0.23
-0.09  0.2
-0.08  0.26
-0.07  0.21
-0.06  0.25
-0.05  0.2
-0.04  0.19
-0.03  0.25
-0.02  0.25
-0.01  0.21
-2.16197e-11  0.23
0.0001  0.01
0.0101  0.21
0.0201  0.19
0.0301  0.21
0.0401  0.24
0.0501  0.22
0.0601  0.27
0.0701  0.19
0.0801  0.2
0.0901  0.26
0.1001  0.24
0.1101  0.18
0.1201  0.29
0.1301  0.23
0.1401  0.22
0.1501  0.19
0.1601  0.28
0.1701  0.26
0.1801  0.21
0.1901  0.31
0.2001  0.24
0.2101  0.22
0.2201  0.28
0.2301  0.24
0.2401  0.28
0.2501  0.28
0.2601  0.25
0.2701  0.3
0.2801  0.22
0.2901  0.34
0.3001  0.28
0.3101  0.28
0.3201  0.27
0.3301  0.3
0.3401  0.34
0.3501  0.33
0.3601  0.31
0.3701  0.31
0.3801  0.35
0.3901  0.34
0.4001  0.31
0.4101  0.33
0.4201  0.43
0.4301  0.37
0.4401  0.4
0.4501  0.35
0.4601  0.44
0.4701  0.39
0.4801  0.41
0.4901  0.49
0.5001  0.42
0.5101  0.47
0.5201  0.5
0.5301  0.53
0.5401  0.51
0.5501  0.54
0.5601  0.51
0.5701  0.59
0.5801  0.58
0.5901  0.64
0.6001  0.62
0.6101  0.69
0.6201  0.7
0.6301  0.76
0.6401  0.78
0.6501  0.84
0.6601  0.89
0.6701  0.88
0.6801  0.97
0.6901  1.04
0.7001  1.13
0.7101  1.22
0.7201  1.24
0.7301  1.39
0.7401  1.43
0.7501  1.59
0.7601  1.7
0.7701  1.89
0.7801  2.01
0.7901  2.18
0.8001  2.34
0.8101  2.63
0.8201  2.78
0.8301  3.03
0.8401  3.22
0.8501  3.43
0.8601  3.66
0.8701  3.74
0.8801  3.81
0.8901  3.83
0.9001  3.72
0.9101  3.65
0.9201  3.52
0.9301  3.31
0.9401  3.03
0.9501  2.84
0.9601  2.64
0.9701  2.45
0.9801  2.21
0.9901  2.06
1.0001  1.91
1.0101  1.75
1.0201  1.65
1.0301  1.52
1.0401  1.43
1.0501  1.33
1.0601  1.18
1.0701  1.12
1.0801  1.11
1.0901  1.07
1.1001  0.97
1.1101  0.95
1.1201  0.88
1.1301  0.82
1.1401  0.87
1.1501  0.84
1.1601  0.75
1.1701  0.73
1.1801  0.71
1.1901  0.66
1.2001  0.63
1.2101  0.66
1.2201  0.6
1.2301  0.61
1.2401  0.6
1.2501  0.59
1.2601  0.54
1.2701  0.62
1.2801  0.58
1.2901  0.54
1.3001  0.51
1.3101  0.54
1.3201  0.54
1.3301  0.53
1.3401  0.56
1.3501  0.47
1.3601  0.5
1.3701  0.47
1.3801  0.54
1.3901  0.49
1.4001  0.48
1.4101  0.47
1.4201  0.5
1.4301  0.49
1.4401  0.52
1.4501  0.5
1.4601  0.53
1.4701  0.53
1.4801  0.46
1.4901  0.52
1.5001  0.52
1.5101  0.52
1.5201  0.5
1.5301  0.56
1.5401  0.52
1.5501  0.55
1.5601  0.54
1.5701  0.57
1.5801  0.56
1.5901  0.55
1.6001  0.63
1.6101  0.64
1.6201  0.58
1.6301  0.64
1.6401  0.62
1.6501  0.6
1.6601  0.7
1.6701  0.66
1.6801  0.72
1.6901  0.71
1.7001  0.72
1.7101  0.8
1.7201  0.78
1.7301  0.83
1.7401  0.85
1.7501  0.83
1.7601  0.9
1.7701  0.98
1.7801  1.03
1.7901  1
1.8001  1.04
1.8101  1.11
1.8201  1.23
1.8301  1.22
1.8401  1.32
1.8501  1.41
1.8601  1.44
1.8701  1.57
1.8801  1.57
1.8901  1.74
1.9001  1.82
1.9101  1.93
1.9201  2.03
1.9301  2.16
1.9401  2.31
1.9501  2.4
1.9601  2.51
1.9701  2.71
1.9801  2.76
1.9901  2.9
2.0001  3
2.0101  3.02
2.0201  3.08
2.0301  3.03
2.0401  3.06
2.0501  2.97
2.0601  2.88
2.0701  2.83
2.0801  2.74
2.0901  2.59
2.1001  2.49
2.1101  2.3
2.1201  2.23
2.1301  2.09
2.1401  2.03
2.1501  1.85
2.1601  1.82
2.1701  1.62
2.1801  1.63
2.1901  1.45
2.2001  1.4
2.2101  1.4
2.2201  1.29
2.2301  1.26
2.2401  1.18
2.2501  1.16
2.2601  1.1
2.2701  1.04
2.2801  1
2.2901  0.98
2.3001  1
2.3101  0.91
2.3201  0.88
2.3301  0.88
2.3401  0.85
2.3501  0.81
2.3601  0.81
2.3701  0.82
2.3801  0.8
2.3901  0.77
2.4001  0.75
2.4101  0.76
2.4201  0.69
2.4301  0.72
2.4401  0.72
2.4501  0.69
2.4601  0.69
2.4701  0.71
2.4801  0.72
2.4901  0.65
2.5001  0.71
2.5101  0.77
2.5201  0.62
2.5301  0.71
2.5401  0.67
2.5501  0.68
2.5601  0.69
2.5701  0.68
2.5801  0.7
2.5901  0.71
2.6001  0.69
2.6101  0.69
2.6201  0.72
2.6301  0.76
2.6401  0.71
2.6501  0.77
2.6601  0.72
2.6701  0.79
2.6801  0.8
2.6901  0.83
2.7001  0.79
2.7101  0.83
2.7201  0.85
2.7301  0.87
2.7401  0.85
2.7501  0.92
2.7601  0.92
2.7701  0.97
2.7801  0.98
2.7901  0.99
2.8001  1.05
2.8101  1.1
2.8201  1.11
2.8301  1.15
2.8401  1.2
2.8501  1.23
2.8601  1.3
2.8701  1.34
2.8801  1.41
2.8901  1.47
2.9001  1.5
2.9101  1.62
2.9201  1.68
2.9301  1.75
2.9401  1.8
2.9501  1.95
2.9601  2
2.9701  2.04
2.9801  2.13
2.9901  2.22
3.0001  2.37
3.0101  2.38
3.0201  2.49
3.0301  2.5
3.0401  2.52
3.0501  2.66
3.0601  2.6
3.0701  2.68
3.0801  2.59
3.0901  2.61
3.1001  2.57
3.1101  2.5
3.1201  2.46
3.1301  2.42
3.1401  2.3
3.1501  2.26
3.1601  2.2
3.1701  2.04
3.1801  2
3.1901  1.92
3.2001  1.86
3.2101  1.76
3.2201  1.63
3.2301  1.6
3.2401  1.54
3.2501  1.48
3.2601  1.43
3.2701  1.41
3.2801  1.33
3.2901  1.24
3.3001  1.26
3.3101  1.24
3.3201  1.11
3.3301  1.2
3.3401  1.11
3.3501  1.07
3.3601  1.02
3.3701  1
3.3801  0.98
3.3901  1.01
3.4001  0.98
3.4101  0.91
3.4201  0.87
3.4301  0.89
3.4401  0.94
3.4501  0.88
3.4601  0.91
3.4701  0.89
3.4801  0.85
3.4901  0.86
3.5001  0.88
3.5101  0.83
3.5201  0.78
3.5301  0.87
3.5401  0.81
3.5501  0.85
3.5601  0.78
3.5701  0.88
3.5801  0.84
3.5901  0.82
3.6001  0.82
3.6101  0.85
3.6201  0.86
3.6301  0.89
3.6401  0.83
3.6501  0.92
3.6601  0.88
3.6701  0.92
3.6801  0.87
3.6901  1
3.7001  0.87
3.7101  0.97
3.7201  0.93
3.7301  1
3.7401  1.08
3.7501  1.04
3.7601  1
3.7701  1.07
3.7801  1.12
3.7901  1.12
3.8001  1.18
3.8101  1.22
3.8201  1.19
3.8301  1.28
3.8401  1.32
3.8501  1.3
3.8601  1.47
3.8701  1.48
3.8801  1.44
3.8901  1.51
3.9001  1.63
3.9101  1.63
3.9201  1.69
3.9301  1.79
3.9401  1.83
3.9501  1.86
3.9601  1.91
3.9701  2.05
3.9801  2.03
3.9901  2.16
4.0001  2.17
4.0101  2.23
4.0201  2.25
4.0301  2.34
4.0401  2.29
4.0501  2.39
4.0601  2.36
4.0701  2.38
4.0801  2.37
4.0901  2.32
4.1001  2.31
4.1101  2.28
4.1201  2.21
4.1301  2.23
4.1401  2.16
4.1501  2.09
4.1601  2
4.1701  2.01
4.1801  1.93
4.1901  1.83
4.2001  1.78
4.2101  1.73
4.2201  1.71
4.2301  1.65
4.2401  1.61
4.2501  1.54
4.2601  1.42
4.2701  1.44
4.2801  1.42
4.2901  1.31
4.3001  1.35
4.3101  1.27
4.3201  1.31
4.3301  1.24
4.3401  1.21
4.3501  1.14
4.3601  1.16
4.3701  1.13
4.3801  1.1
4.3901  1.07
4.4001  1.08
4.4101  1.04
4.4201  1
4.4301  1.03
4.4401  0.99
4.4501  0.97
4.4601  0.99
4.4701  1
4.4801  0.97
4.4901  0.96
4.5001  0.96
4.5101  0.93
4.5201  0.99
4.5301  1.01
4.5401  0.95
4.5501  0.97
4.5601  0.91
4.5701  0.98
4.5801  0.95
4.5901  0.98
4.6001  0.94
4.6101  1.01
4.6201  0.98
4.6301  0.99
4.6401  1.03
4.6501  0.99
4.6601  0.98
4.6701  1.05
4.6801  1.06
4.6901  1.09
4.7001  1.1
4.7101  1.14
4.7201  1.12
4.7301  1.08
4.7401  1.13
4.7501  1.22
4.7601  1.21
4.7701  1.33
4.7801  1.22
4.7901  1.29
4.8001  1.32
4.8101  1.37
4.8201  1.42
4.8301  1.42
4.8401  1.46
4.8501  1.52
4.8601  1.59
4.8701  1.63
4.8801  1.61
4.8901  1.71
4.9001  1.77
4.9101  1.72
4.9201  1.85
4.9301  1.87
4.9401  1.96
4.9501  1.93
4.9601  1.99
4.9701  2.04
4.9801  2.05
4.9901  2.13
5.0001  2.13
5.0101  2.14
5.0201  2.17
5.0301  2.13
5.0401  2.21
5.0501  2.17
5.0601  2.14
5.0701  2.15
5.0801  2.13
5.0901  2.05
5.1001  2.08
5.1101  2.03
5.1201  2
5.1301  1.95
5.1401  1.91
5.1501  1.86
5.1601  1.83
5.1701  1.8
5.1801  1.78
5.1901  1.69
5.2001  1.68
5.2101  1.65
5.2201  1.49
5.2301  1.52
5.2401  1.51
5.2501  1.45
5.2601  1.46
5.2701  1.35
5.2801  1.34
5.2901  1.35
5.3001  1.33
5.3101  1.25
5.3201  1.27
5.3301  1.25
5.3401  1.17
5.3501  1.17
5.3601  1.17
5.3701  1.21
5.3801  1.17
5.3901  1.13
5.4001  1.09
5.4101  1.13
5.4201  1.1
5.4301  1.06
5.4401  1.07
5.4501  1.13
5.4601  1.01
5.4701  1.09
5.4801  1.06
5.4901  1.05
5.5001  1.04
5.5101  1.11
5.5201  1.04
5.5301  1.04
5.5401  1.04
5.5501  1.1
5.5601  1.05
5.5701  1.07
5.5801  1.07
5.5901  1.09
5.6001  1.04
5.6101  1.14
5.6201  1.12
5.6301  1.13
5.6401  1.14
5.6501  1.12
5.6601  1.2
5.6701  1.21
5.6801  1.22
5.6901  1.21
5.7001  1.24
5.7101  1.21
5.7201  1.36
5.7301  1.34
5.7401  1.34
5.7501  1.35
5.7601  1.43
5.7701  1.44
5.7801  1.42
5.7901  1.53
5.8001  1.52
5.8101  1.5
5.8201  1.56
5.8301  1.63
5.8401  1.67
5.8501  1.68
5.8601  1.71
5.8701  1.8
5.8801  1.76
5.8901  1.83
5.9001  1.87
5.9101  1.87
5.9201  1.9
5.9301  1.94
5.9401  1.99
5.9501  2.01
5.9601  2
5.9701  2
5.9801  1.99
5.9901  2.04
6.0001  2
6.0101  2.07
6.0201  2.02
6.0301  2.04
6.0401  1.92
6.0501  2.05
6.0601  1.92
6.0701  1.93
6.0801  1.87
6.0901  1.87
6.1001  1.8
6.1101  1.82
6.1201  1.75
6.1301  1.74
6.1401  1.71
6.1501  1.67
6.1601  1.71
6.1701  1.57
6.1801  1.52
6.1901  1.58
6.2001  1.53
6.2101  1.48
6.2201  1.45
6.2301  1.45
6.2401  1.4
6.2501  1.39
6.2601  1.32
6.2701  1.28
6.2801  1.32
6.2901  1.27
6.3001  1.29
6.3101  1.27
6.3201  1.27
6.3301  1.21
6.3401  1.25
6.3501  1.24
6.3601  1.19
6.3701  1.12
6.3801  1.14
6.3901  1.14
6.4001  1.19
6.4101  1.17
6.4201  1.16
6.4301  1.13
6.4401  1.16
6.4501  1.11
6.4601  1.1
6.4701  1.12
6.4801  1.15
6.4901  1.12
6.5001  1.19
6.5101  1.12
6.5201  1.17
6.5301  1.14
6.5401  1.16
6.5501  1.18
6.5601  1.24
6.5701  1.18
6.5801  1.19
6.5901  1.22
6.6001  1.2
6.6101  1.25
6.6201  1.26
6.6301  1.3
6.6401  1.29
6.6501  1.28
6.6601  1.34
6.6701  1.35
6.6801  1.4
6.6901  1.4
6.7001  1.37
6.7101  1.44
6.7201  1.48
6.7301  1.44
6.7401  1.5
6.7501  1.55
6.7601  1.59
6.7701  1.56
6.7801  1.62
6.7901  1.66
6.8001  1.61
6.8101  1.74
6.8201  1.75
6.8301  1.7
6.8401  1.83
6.8501  1.78
6.8601  1.86
6.8701  1.84
6.8801  1.86
6.8901  1.84
6.9001  1.92
6.9101  1.93
6.9201  1.91
6.9301  1.93
6.9401  1.95
6.9501  1.88
6.9601  1.9
6.9701  1.91
6.9801  1.88
6.9901  1.92
7.0001  1.87
7.0101  1.81
7.0201  1.83
7.0301  1.8
7.0401  1.81
7.0501  1.79
7.0601  1.79
7.0701  1.71
7.0801  1.71
7.0901  1.66
7.1001  1.68
7.1101  1.63
7.1201  1.57
7.1301  1.56
7.1401  1.58
7.1501  1.46
7.1601  1.58
7.1701  1.44
7.1801  1.47
7.1901  1.41
7.2001  1.46
7.2101  1.36
7.2201  1.35
7.2301  1.36
7.2401  1.37
7.2501  1.32
7.2601  1.29
7.2701  1.32
7.2801  1.26
7.2901  1.29
7.3001  1.24
7.3101  1.27
7.3201  1.21
7.3301  1.27
7.3401  1.17
7.3501  1.24
7.3601  1.17
7.3701  1.24
7.3801  1.21
7.3901  1.23
7.4001  1.19
7.4101  1.21
7.4201  1.25
7.4301  1.21
7.4401  1.23
7.4501  1.18
7.4601  1.19
7.4701  1.2
7.4801  1.24
7.4901  1.25
7.5001  1.27
7.5101  1.25
7.5201  1.22
7.5301  1.28
7.5401  1.3
7.5501  1.25
7.5601  1.35
7.5701  1.31
7.5801  1.31
7.5901  1.34
7.6001  1.39
7.6101  1.33
7.6201  1.46
7.6301  1.41
7.6401  1.44
7.6501  1.43
7.6601  1.49
7.6701  1.48
7.6801  1.52
7.6901  1.54
7.7001  1.58
7.7101  1.55
7.7201  1.56
7.7301  1.68
7.7401  1.65
7.7501  1.64
7.7601  1.72
7.7701  1.71
7.7801  1.76
7.7901  1.79
7.8001  1.77
7.8101  1.75
7.8201  1.74
7.8301  1.77
7.8401  1.85
7.8501  1.85
7.8601  1.81
7.8701  1.79
7.8801  1.86
7.8901  1.85
7.9001  1.84
7.9101  1.83
7.9201  1.81
7.9301  1.84
7.9401  1.78
7.9501  1.84
7.9601  1.78
7.9701  1.72
7.9801  1.76
7.9901  1.69
8.0001  1.75
8.0101  1.7
8.0201  1.62
8.0301  1.68
8.0401  1.61
8.0501  1.65
8.0601  1.63
8.0701  1.59
8.0801  1.53
8.0901  1.58
8.1001  1.5
8.1101  1.54
8.1201  1.48
8.1301  1.46
8.1401  1.41
8.1501  1.41
8.1601  1.43
8.1701  1.37
8.1801  1.37
8.1901  1.37
8.2001  1.34
8.2101  1.38
8.2201  1.29
8.2301  1.3
8.2401  1.33
8.2501  1.26
8.2601  1.33
8.2701  1.27
8.2801  1.32
8.2901  1.3
8.3001  1.25
8.3101  1.26
8.3201  1.3
8.3301  1.26
8.3401  1.26
8.3501  1.28
8.3601  1.28
8.3701  1.28
8.3801  1.23
8.3901  1.25
8.4001  1.25
8.4101  1.26
8.4201  1.26
8.4301  1.28
8.4401  1.4
8.4501  1.23
8.4601  1.33
8.4701  1.34
8.4801  1.31
8.4901  1.32
8.5001  1.35
8.5101  1.33
8.5201  1.34
8.5301  1.4
8.5401  1.41
8.5501  1.41
8.5601  1.47
8.5701  1.41
8.5801  1.47
8.5901  1.46
8.6001  1.46
8.6101  1.58
8.6201  1.51
8.6301  1.53
8.6401  1.57
8.6501  1.6
8.6601  1.58
8.6701  1.62
8.6801  1.63
8.6901  1.65
8.7001  1.65
8.7101  1.7
8.7201  1.67
8.7301  1.67
8.7401  1.71
8.7501  1.75
8.7601  1.75
8.7701  1.73
8.7801  1.77
8.7901  1.74
8.8001  1.77
8.8101  1.74
8.8201  1.83
8.8301  1.76
8.8401  1.74
8.8501  1.75
8.8601  1.77
8.8701  1.79
8.8801  1.75
8.8901  1.71
8.9001  1.72
8.9101  1.73
8.9201  1.67
8.9301  1.73
8.9401  1.65
8.9501  1.7
8.9601  1.67
8.9701  1.64
8.9801  1.63
8.9901  1.61
9.0001  1.6
9.0101  1.54
9.0201  1.51
9.0301  1.54
9.0401  1.5
9.0501  1.52
9.0601  1.56
9.0701  1.41
9.0801  1.47
9.0901  1.45
9.1001  1.4
9.1101  1.47
9.1201  1.41
9.1301  1.39
9.1401  1.46
9.1501  1.28
9.1601  1.37
9.1701  1.4
9.1801  1.33
9.1901  1.32
9.2001  1.36
9.2101  1.34
9.2201  1.35
9.2301  1.3
9.2401  1.31
9.2501  1.33
9.2601  1.27
9.2701  1.33
9.2801  1.31
9.2901  1.38
9.3001  1.3
9.3101  1.24
9.3201  1.32
9.3301  1.34
9.3401  1.26
9.3501  1.34
9.3601  1.34
9.3701  1.34
9.3801  1.33
9.3901  1.37
9.4001  1.33
9.4101  1.33
9.4201  1.38
9.4301  1.33
9.4401  1.41
9.4501  1.37
9.4601  1.41
9.4701  1.43
9.4801  1.45
9.4901  1.42
9.5001  1.48
9.5101  1.49
9.5201  1.43
9.5301  1.54
9.5401  1.49
9.5501  1.52
9.5601  1.5
9.5701  1.58
9.5801  1.52
9.5901  1.59
9.6001  1.56
9.6101  1.6
9.6201  1.66
9.6301  1.61
9.6401  1.65
9.6501  1.66
9.6601  1.66
9.6701  1.66
9.6801  1.68
9.6901  1.71
9.7001  1.7
9.7101  1.71
9.7201  1.68
9.7301  1.73
9.7401  1.66
9.7501  1.76
9.7601  1.73
9.7701  1.63
9.7801  1.74
9.7901  1.76
9.8001  1.69
9.8101  1.76
9.8201  1.73
9.8301  1.66
9.8401  1.7
9.8501  1.64
9.8601  1.68
9.8701  1.65
9.8801  1.65
9.8901  1.7
9.9001  1.59
9.9101  1.56
9.9201  1.61
9.9301  1.58
9.9401  1.53
9.9501  1.54
9.9601  1.61
9.9701  1.52
9.9801  1.5
9.9901  1.51
10.0001  1.49
10.0101  1.46
10.0201  1.48
10.0301  1.47
10.0401  1.46
10.0501  1.45
10.0601  1.44
10.0701  1.39
10.0801  1.46
10.0901  1.41
10.1001  1.42
10.1101  1.33
10.1201  1.4
10.1301  1.39
10.1401  1.36
10.1501  1.36
10.1601  1.37
10.1701  1.31
10.1801  1.39
10.1901  1.35
10.2001  1.35
10.2101  1.33
10.2201  1.32
10.2301  1.41
10.2401  1.32
10.2501  1.36
10.2601  1.34
10.2701  1.33
10.2801  1.35
10.2901  1.31
10.3001  1.42
10.3101  1.36
10.3201  1.39
10.3301  1.41
10.3401  1.33
10.3501  1.34
10.3601  1.45
10.3701  1.41
10.3801  1.43
10.3901  1.41
10.4001  1.45
10.4101  1.4
10.4201  1.49
10.4301  1.47
10.4401  1.49
10.4501  1.42
10.4601  1.47
10.4701  1.55
10.4801  1.44
10.4901  1.59
10.5001  1.53
10.5101  1.57
10.5201  1.57
10.5301  1.53
10.5401  1.64
10.5501  1.6
10.5601  1.57
10.5701  1.65
10.5801  1.58
10.5901  1.61
10.6001  1.66
10.6101  1.62
10.6201  1.65
10.6301  1.68
10.6401  1.68
10.6501  1.64
10.6601  1.67
10.6701  1.7
10.6801  1.66
10.6901  1.66
10.7001  1.68
10.7101  1.69
10.7201  1.68
10.7301  1.69
10.7401  1.71
10.7501  1.69
10.7601  1.63
10.7701  1.64
10.7801  1.68
10.7901  1.62
10.8001  1.62
10.8101  1.65
10.8201  1.58
10.8301  1.64
10.8401  1.53
10.8501  1.61
10.8601  1.63
10.8701  1.51
10.8801  1.64
10.8901  1.52
10.9001  1.54
10.9101  1.53
10.9201  1.44
10.9301  1.57
10.9401  1.48
10.9501  1.5
10.9601  1.5
10.9701  1.51
10.9801  1.4
10.9901  1.48
11.0001  1.42
11.0101  1.44
11.0201  1.45
11.0301  1.42
11.0401  1.43
11.0501  1.41
11.0601  1.36
11.0701  1.41
11.0801  1.37
11.0901  1.38
11.1001  1.42
11.1101  1.41
11.1201  1.4
11.1301  1.34
11.1401  1.43
11.1501  1.34
11.1601  1.38
11.1701  1.36
11.1801  1.43
11.1901  1.34
11.2001  1.41
11.2101  1.33
11.2201  1.36
11.2301  1.4
11.2401  1.45
11.2501  1.38
11.2601  1.36
11.2701  1.47
11.2801  1.38
11.2901  1.43
11.3001  1.41
11.3101  1.41
11.3201  1.48
11.3301  1.49
11.3401  1.42
11.3501  1.47
11.3601  1.44
11.3701  1.54
11.3801  1.41
11.3901  1.5
11.4001  1.53
11.4101  1.5
11.4201  1.49
11.4301  1.57
11.4401  1.55
11.4501  1.48
11.4601  1.58
11.4701  1.53
11.4801  1.61
11.4901  1.57
11.5001  1.64
11.5101  1.56
11.5201  1.63
11.5301  1.59
11.5401  1.59
11.5501  1.66
11.5601  1.64
11.5701  1.65
11.5801  1.67
11.5901  1.59
11.6001  1.65
11.6101  1.64
11.6201  1.62
11.6301  1.65
11.6401  1.68
11.6501  1.66
11.6601  1.66
11.6701  1.68
11.6801  1.67
11.6901  1.55
11.7001  1.62
11.7101  1.59
11.7201  1.67
11.7301  1.56
11.7401  1.65
11.7501  1.59
11.7601  1.6
11.7701  1.58
11.7801  1.49
11.7901  1.63
11.8001  1.59
11.8101  1.59
11.8201  1.55
11.8301  1.56
11.8401  1.51
11.8501  1.51
11.8601  1.5
11.8701  1.54
11.8801  1.43
11.8901  1.53
11.9001  1.49
11.9101  1.49
11.9201  1.45
11.9301  1.49
11.9401  1.45
11.9501  1.44
11.9601  1.49
11.9701  1.42
11.9801  1.4
11.9901  1.45
12.0001  1.39
12.0101  1.43
12.0201  1.42
12.0301  1.43
12.0401  1.38
12.0501  1.43
12.0601  1.42
12.0701  1.41
12.0801  1.39
12.0901  1.41
12.1001  1.42
12.1101  1.35
12.1201  1.41
12.1301  1.44
12.1401  1.37
12.1501  1.39
12.1601  1.46
12.1701  1.33
12.1801  1.42
12.1901  1.5
12.2001  1.46
12.2101  1.4
12.2201  1.45
12.2301  1.44
12.2401  1.44
12.2501  1.46
12.2601  1.5
12.2701  1.4
12.2801  1.48
12.2901  1.44
12.3001  1.48
12.3101  1.52
12.3201  1.52
12.3301  1.52
12.3401  1.48
12.3501  1.5
12.3601  1.57
12.3701  1.52
12.3801  1.54
12.3901  1.6
12.4001  1.54
12.4101  1.54
12.4201  1.55
12.4301  1.55
12.4401  1.56
12.4501  1.6
12.4601  1.57
12.4701  1.6
12.4801  1.63
12.4901  1.62
12.5001  1.56
12.5101  1.66
12.5201  1.61
12.5301  1.61
12.5401  1.68
12.5501  1.56
12.5601  1.67
12.5701  1.58
12.5801  1.64
12.5901  1.66
12.6001  1.62
12.6101  1.57
12.6201  1.57
12.6301  1.6
12.6401  1.66
12.6501  1.61
12.6601  1.55
12.6701  1.57
12.6801  1.57
12.6901  1.62
12.7001  1.59
12.7101  1.6
12.7201  1.55
12.7301  1.57
12.7401  1.53
12.7501  1.49
12.7601  1.58
12.7701  1.54
12.7801  1.52
12.7901  1.55
12.8001  1.47
12.8101  1.48
12.8201  1.56
12.8301  1.51
12.8401  1.47
12.8501  1.44
12.8601  1.53
12.8701  1.45
12.8801  1.45
12.8901  1.49
12.9001  1.47
12.9101  1.42
12.9201  1.46
12.9301  1.42
12.9401  1.41
12.9501  1.43
12.9601  1.43
12.9701  1.46
12.9801  1.47
12.9901  1.45
13.0001  1.4
13.0101  1.4
13.0201  1.44
13.0301  1.39
13.0401  1.38
13.0501  1.42
13.0601  1.46
13.0701  1.45
13.0801  1.41
13.0901  1.43
13.1001  1.47
13.1101  1.44
13.1201  1.44
13.1301  1.45
13.1401  1.41
13.1501  1.46
13.1601  1.45
13.1701  1.49
13.1801  1.43
13.1901  1.46
13.2001  1.5
13.2101  1.51
13.2201  1.43
13.2301  1.47
13.2401  1.49
13.2501  1.59
13.2601  1.45
13.2701  1.53
13.2801  1.57
13.2901  1.47
13.3001  1.51
13.3101  1.58
13.3201  1.53
13.3301  1.5
13.3401  1.62
13.3501  1.49
13.3601  1.58
13.3701  1.53
13.3801  1.59
13.3901  1.6
13.4001  1.58
13.4101  1.6
13.4201  1.55
13.4301  1.59
13.4401  1.62
13.4501  1.66
13.4601  1.62
13.4701  1.6
13.4801  1.53
13.4901  1.63
13.5001  1.57
13.5101  1.59
13.5201  1.63
13.5301  1.57
13.5401  1.61
13.5501  1.58
13.5601  1.54
13.5701  1.61
13.5801  1.6
13.5901  1.63
13.6001  1.54
13.6101  1.61
13.6201  1.58
13.6301  1.55
13.6401  1.55
13.6501  1.57
13.6601  1.57
13.6701  1.51
13.6801  1.55
13.6901  1.5
13.7001  1.49
13.7101  1.57
13.7201  1.52
13.7301  1.52
13.7401  1.53
13.7501  1.49
13.7601  1.5
13.7701  1.49
13.7801  1.51
13.7901  1.53
13.8001  1.48
13.8101  1.42
13.8201  1.5
13.8301  1.48
13.8401  1.44
13.8501  1.48
13.8601  1.42
13.8701  1.41
13.8801  1.5
13.8901  1.42
13.9001  1.48
13.9101  1.44
13.9201  1.47
13.9301  1.43
13.9401  1.41
13.9501  1.47
13.9601  1.44
13.9701  1.44
13.9801  1.48
13.9901  1.37
14.0001  1.45
14.0101  1.39
14.0201  1.5
14.0301  1.49
14.0401  1.45
14.0501  1.49
14.0601  1.4
14.0701  1.5
14.0801  1.47
14.0901  1.46
14.1001  1.47
14.1101  1.46
14.1201  1.46
14.1301  1.47
14.1401  1.5
14.1501  1.45
14.1601  1.51
14.1701  1.48
14.1801  1.58
14.1901  1.51
14.2001  1.53
14.2101  1.45
14.2201  1.52
14.2301  1.46
14.2401  1.56
14.2501  1.51
14.2601  1.55
14.2701  1.6
14.2801  1.56
14.2901  1.57
14.3001  1.52
14.3101  1.59
14.3201  1.59
14.3301  1.55
14.3401  1.53
14.3501  1.6
14.3601  1.58
14.3701  1.59
14.3801  1.55
14.3901  1.6
14.4001  1.61
14.4101  1.59
14.4201  1.56
14.4301  1.61
14.4401  1.59
14.4501  1.58
14.4601  1.53
14.4701  1.56
14.4801  1.61
14.4901  1.57
14.5001  1.55
14.5101  1.6
14.5201  1.56
14.5301  1.6
14.5401  1.54
14.5501  1.54
14.5601  1.57
14.5701  1.57
14.5801  1.54
14.5901  1.64
14.6001  1.51
14.6101  1.5
14.6201  1.52
14.6301  1.48
14.6401  1.53
14.6501  1.53
14.6601  1.54
14.6701  1.54
14.6801  1.48
14.6901  1.51
14.7001  1.52
14.7101  1.54
14.7201  1.48
14.7301  1.46
14.7401  1.54
14.7501  1.45
14.7601  1.39
14.7701  1.53
14.7801  1.47
14.7901  1.42
14.8001  1.47
14.8101  1.49
14.8201  1.46
14.8301  1.45
14.8401  1.47
14.8501  1.42
14.8601  1.49
14.8701  1.49
14.8801  1.44
14.8901  1.46
14.9001  1.43
14.9101  1.48
14.9201  1.43
14.9301  1.48
14.9401  1.47
14.9501  1.42
14.9601  1.41
14.9701  1.55
14.9801  1.46
14.9901  1.42
15.0001  1.47
15.0101  1.5
15.0201  1.46
15.0301  1.51
15.0401  1.46
15.0501  1.48
15.0601  1.5
15.0701  1.5
15.0801  1.53
15.0901  1.5
15.1001  1.42
15.1101  1.6
15.1201  1.48
15.1301  1.5
15.1401  1.46
15.1501  1.6
15.1601  1.5
15.1701  1.55
15.1801  1.45
15.1901  1.5
15.2001  1.62
15.2101  1.53
15.2201  1.5
15.2301  1.59
15.2401  1.52
15.2501  1.56
15.2601  1.63
15.2701  1.58
15.2801  1.57
15.2901  1.55
15.3001  1.58
15.3101  1.52
15.3201  1.62
15.3301  1.57
15.3401  1.55
15.3501  1.54
15.3601  1.55
15.3701  1.59
15.3801  1.56
15.3901  1.58
15.4001  1.6
15.4101  1.56
15.4201  1.58
15.4301  1.58
15.4401  1.62
15.4501  1.51
15.4601  1.55
15.4701  1.51
15.4801  1.54
15.4901  1.56
15.5001  1.54
15.5101  1.53
15.5201  1.6
15.5301  1.5
15.5401  1.56
15.5501  1.51
15.5601  1.56
15.5701  1.5
15.5801  1.51
15.5901  1.54
15.6001  1.52
15.6101  1.46
15.6201  1.48
15.6301  1.57
15.6401  1.49
15.6501  1.58
15.6601  1.43
15.6701  1.49
15.6801  1.47
15.6901  1.46
15.7001  1.52
15.7101  1.46
15.7201  1.49
15.7301  1.46
15.7401  1.43
15.7501  1.57
15.7601  1.46
15.7701  1.46
15.7801  1.46
15.7901  1.45
15.8001  1.46
15.8101  1.46
15.8201  1.41
15.8301  1.45
15.8401  1.48
15.8501  1.48
15.8601  1.51
15.8701  1.44
15.8801  1.42
15.8901  1.55
15.9001  1.46
15.9101  1.48
15.9201  1.49
15.9301  1.46
15.9401  1.55
15.9501  1.4
15.9601  1.51
15.9701  1.51
15.9801  1.49
15.9901  1.47
16.0001  1.49
16.0101  1.51
16.0201  1.46
16.0301  1.53
16.0401  1.51
16.0501  1.5
16.0601  1.55
16.0701  1.51
16.0801  1.5
16.0901  1.52
16.1001  1.48
16.1101  1.51
16.1201  1.52
16.1301  1.58
16.1401  1.55
16.1501  1.57
16.1601  1.51
16.1701  1.61
16.1801  1.55
16.1901  1.51
16.2001  1.58
16.2101  1.53
16.2201  1.55
16.2301  1.52
16.2401  1.55
16.2501  1.62
16.2601  1.61
16.2701  1.51
16.2801  1.58
16.2901  1.53
16.3001  1.55
16.3101  1.55
16.3201  1.61
16.3301  1.61
16.3401  1.52
16.3501  1.57
16.3601  1.52
16.3701  1.56
16.3801  1.6
16.3901  1.53
16.4001  1.51
16.4101  1.55
16.4201  1.56
16.4301  1.5
16.4401  1.59
16.4501  1.59
16.4601  1.5
16.4701  1.53
16.4801  1.52
16.4901  1.55
16.5001  1.51
16.5101  1.46
16.5201  1.53
16.5301  1.51
16.5401  1.49
16.5501  1.58
16.5601  1.48
16.5701  1.48
16.5801  1.55
16.5901  1.56
16.6001  1.45
16.6101  1.45
16.6201  1.53
16.6301  1.45
16.6401  1.47
16.6501  1.48
16.6601  1.45
16.6701  1.52
16.6801  1.47
16.6901  1.5
16.7001  1.52
16.7101  1.46
16.7201  1.48
16.7301  1.47
16.7401  1.44
16.7501  1.45
16.7601  1.46
16.7701  1.52
16.7801  1.5
16.7901  1.45
16.8001  1.44
16.8101  1.49
16.8201  1.47
16.8301  1.44
16.8401  1.51
16.8501  1.52
16.8601  1.49
16.8701  1.5
16.8801  1.48
16.8901  1.51
16.9001  1.41
16.9101  1.57
16.9201  1.46
16.9301  1.5
16.9401  1.54
16.9501  1.48
16.9601  1.49
16.9701  1.47
16.9801  1.53
16.9901  1.53
17.0001  1.54
17.0101  1.5
17.0201  1.51
17.0301  1.56
17.0401  1.51
17.0501  1.5
17.0601  1.5
17.0701  1.57
17.0801  1.47
17.0901  1.51
17.1001  1.56
17.1101  1.62
17.1201  1.55
17.1301  1.58
17.1401  1.54
17.1501  1.54
17.1601  1.52
17.1701  1.55
17.1801  1.56
17.1901  1.5
17.2001  1.59
17.2101  1.59
17.2201  1.51
17.2301  1.61
17.2401  1.53
17.2501  1.54
17.2601  1.59
17.2701  1.52
17.2801  1.57
17.2901  1.57
17.3001  1.54
17.3101  1.51
17.3201  1.54
17.3301  1.53
17.3401  1.55
17.3501  1.5
17.3601  1.59
17.3701  1.52
17.3801  1.49
17.3901  1.6
17.4001  1.52
17.4101  1.48
17.4201  1.5
17.4301  1.57
17.4401  1.49
17.4501  1.54
17.4601  1.55
17.4701  1.46
17.4801  1.53
17.4901  1.58
17.5001  1.53
17.5101  1.47
17.5201  1.52
17.5301  1.51
17.5401  1.5
17.5501  1.45
17.5601  1.45
17.5701  1.51
17.5801  1.48
17.5901  1.46
17.6001  1.53
17.6101  1.51
17.6201  1.42
17.6301  1.52
17.6401  1.42
17.6501  1.5
17.6601  1.48
17.6701  1.53
17.6801  1.49
17.6901  1.51
17.7001  1.45
17.7101  1.45
17.7201  1.48
17.7301  1.51
17.7401  1.51
17.7501  1.48
17.7601  1.49
17.7701  1.48
17.7801  1.44
17.7901  1.49
17.8001  1.48
17.8101  1.47
17.8201  1.5
17.8301  1.55
17.8401  1.51
17.8501  1.53
17.8601  1.45
17.8701  1.56
17.8801  1.52
17.8901  1.53
17.9001  1.5
17.9101  1.48
17.9201  1.51
17.9301  1.49
17.9401  1.49
17.9501  1.5
17.9601  1.53
17.9701  1.55
17.9801  1.56
17.9901  1.5
18.0001  1.54
18.0101  1.53
18.0201  1.52
18.0301  1.57
18.0401  1.5
18.0501  1.55
18.0601  1.6
18.0701  1.5
18.0801  1.57
18.0901  1.52
18.1001  1.56
18.1101  1.54
18.1201  1.54
18.1301  1.57
18.1401  1.57
18.1501  1.53
18.1601  1.53
18.1701  1.52
18.1801  1.54
18.1901  1.55
18.2001  1.56
18.2101  1.59
18.2201  1.53
18.2301  1.53
18.2401  1.53
18.2501  1.51
18.2601  1.56
18.2701  1.52
18.2801  1.53
18.2901  1.55
18.3001  1.56
18.3101  1.54
18.3201  1.52
18.3301  1.57
18.3401  1.48
18.3501  1.49
18.3601  1.52
18.3701  1.54
18.3801  1.48
18.3901  1.53
18.4001  1.53
18.4101  1.47
18.4201  1.47
18.4301  1.54
18.4401  1.49
18.4501  1.57
18.4601  1.52
18.4701  1.48
18.4801  1.49
18.4901  1.51
18.5001  1.45
18.5101  1.5
18.5201  1.53
18.5301  1.5
18.5401  1.51
18.5501  1.47
18.5601  1.47
18.5701  1.54
18.5801  1.46
18.5901  1.52
18.6001  1.47
18.6101  1.44
18.6201  1.5
18.6301  1.49
18.6401  1.44
18.6501  1.5
18.6601  1.53
18.6701  1.51
18.6801  1.49
18.6901  1.39
18.7001  1.46
18.7101  1.56
18.7201  1.48
18.7301  1.53
18.7401  1.52
18.7501  1.41
18.7601  1.57
18.7701  1.49
18.7801  1.42
18.7901  1.58
18.8001  1.53
18.8101  1.46
18.8201  1.57
18.8301  1.54
18.8401  1.51
18.8501  1.52
18.8601  1.5
18.8701  1.47
18.8801  1.51
18.8901  1.53
18.9001  1.55
18.9101  1.46
18.9201  1.59
18.9301  1.51
18.9401  1.48
18.9501  1.52
18.9601  1.58
18.9701  1.53
18.9801  1.51
18.9901  1.55
19.0001  1.56
19.0101  1.59
19.0201  1.5
19.0301  1.56
19.0401  1.52
19.0501  1.51
19.0601  1.57
19.0701  1.55
19.0801  1.49
19.0901  1.55
19.1001  1.56
19.1101  1.54
19.1201  1.56
19.1301  1.54
19.1401  1.56
19.1501  1.5
19.1601  1.57
19.1701  1.55
19.1801  1.52
19.1901  1.54
19.2001  1.53
19.2101  1.45
19.2201  1.51
19.2301  1.59
19.2401  1.57
19.2501  1.44
19.2601  1.54
19.2701  1.57
19.2801  1.47
19.2901  1.52
19.3001  1.59
19.3101  1.51
19.3201  1.53
19.3301  1.46
19.3401  1.51
19.3501  1.49
19.3601  1.54
19.3701  1.46
19.3801  1.59
19.3901  1.49
19.4001  1.51
19.4101  1.47
19.4201  1.47
19.4301  1.56
19.4401  1.52
19.4501  1.49
19.4601  1.51
19.4701  1.46
19.4801  1.49
19.4901  1.49
19.5001  1.49
19.5101  1.48
19.5201  1.47
19.5301  1.51
19.5401  1.49
19.5501  1.51
19.5601  1.49
19.5701  1.55
19.5801  1.48
19.5901  1.52
19.6001  1.45
19.6101  1.48
19.6201  1.49
19.6301  1.52
19.6401  1.53
19.6501  1.42
19.6601  1.5
19.6701  1.52
19.6801  1.49
19.6901  1.52
19.7001  1.52
19.7101  1.47
19.7201  1.5
19.7301  1.57
19.7401  1.54
19.7501  1.45
19.7601  1.48
19.7701  1.59
19.7801  1.43
19.7901  1.6
19.8001  1.47
19.8101  1.54
19.8201  1.46
19.8301  1.58
19.8401  1.51
19.8501  1.59
19.8601  1.48
19.8701  1.54
19.8801  1.58
19.8901  1.48
19.9001  1.52
19.9101  1.46
19.9201  1.6
19.9301  1.54
19.9401  1.57
19.9501  1.51
19.9601  1.55
19.9701  1.47
19.9801  1.56
19.9901  1.53
20.0001  1.54
20.0101  1.52
20.0201  1.54
20.0301  1.62
20.0401  1.47
20.0501  1.52
20.0601  1.54
20.0701  1.57
20.0801  1.54
20.0901  1.53
20.1001  1.54
20.1101  1.47
20.1201  1.56
20.1301  1.55
20.1401  1.54
20.1501  1.51
20.1601  1.48
20.1701  1.5
20.1801  1.55
20.1901  1.52
20.2001  1.55
20.2101  1.49
20.2201  1.53
20.2301  1.56
20.2401  1.45
20.2501  1.49
20.2601  1.6
20.2701  1.51
20.2801  1.47
20.2901  1.48
20.3001  1.54
20.3101  1.5
20.3201  1.5
20.3301  1.47
20.3401  1.49
20.3501  1.58
20.3601  1.49
20.3701  1.49
20.3801  1.53
20.3901  1.45
20.4001  1.55
20.4101  1.49
20.4201  1.51
20.4301  1.51
20.4401  1.49
20.4501  1.48
20.4601  1.54
20.4701  1.47
20.4801  1.5
20.4901  1.5
20.5001  1.48
20.5101  1.49
20.5201  1.5
20.5301  1.48
20.5401  1.47
20.5501  1.48
20.5601  1.54
20.5701  1.5
20.5801  1.54
20.5901  1.43
20.6001  1.54
20.6101  1.48
20.6201  1.54
20.6301  1.5
20.6401  1.48
20.6501  1.56
20.6601  1.47
20.6701  1.56
20.6801  1.5
20.6901  1.46
20.7001  1.54
20.7101  1.53
20.7201  1.49
20.7301  1.52
20.7401  1.56
20.7501  1.55
20.7601  1.5
20.7701  1.55
20.7801  1.52
20.7901  1.5
20.8001  1.54
20.8101  1.51
20.8201  1.49
20.8301  1.51
20.8401  1.56
20.8501  1.5
20.8601  1.57
20.8701  1.4
20.8801  1.62
20.8901  1.52
20.9001  1.55
20.9101  1.52
20.9201  1.54
20.9301  1.49
20.9401  1.59
20.9501  1.47
20.9601  1.57
20.9701  1.52
20.9801  1.58
20.9901  1.52
21.0001  1.55
21.0101  1.52
21.0201  1.55
21.0301  1.52
21.0401  1.55
21.0501  1.49
21.0601  1.52
21.0701  1.59
21.0801  1.51
21.0901  1.51
21.1001  1.49
21.1101  1.53
21.1201  1.51
21.1301  1.5
21.1401  1.5
21.1501  1.54
21.1601  1.47
21.1701  1.59
21.1801  1.47
21.1901  1.52
21.2001  1.53
21.2101  1.52
21.2201  1.52
21.2301  1.53
21.2401  1.51
21.2501  1.43
21.2601  1.59
21.2701  1.44
21.2801  1.52
21.2901  1.54
21.3001  1.51
21.3101  1.51
21.3201  1.46
21.3301  1.52
21.3401  1.57
21.3501  1.44
21.3601  1.48
21.3701  1.51
21.3801  1.52
21.3901  1.53
21.4001  1.48
21.4101  1.54
21.4201  1.52
21.4301  1.52
21.4401  1.46
21.4501  1.48
21.4601  1.53
21.4701  1.55
21.4801  1.46
21.4901  1.5
21.5001  1.44
21.5101  1.51
21.5201  1.56
21.5301  1.47
21.5401  1.51
21.5501  1.51
21.5601  1.51
21.5701  1.47
21.5801  1.54
21.5901  1.47
21.6001  1.53
21.6101  1.49
21.6201  1.55
21.6301  1.54
21.6401  1.49
21.6501  1.54
21.6601  1.51
21.6701  1.51
21.6801  1.52
21.6901  1.55
21.7001  1.49
21.7101  1.55
21.7201  1.51
21.7301  1.51
21.7401  1.5
21.7501  1.51
21.7601  1.53
21.7701  1.55
21.7801  1.5
21.7901  1.59
21.8001  1.49
21.8101  1.55
21.8201  1.49
21.8301  1.55
21.8401  1.54
21.8501  1.5
21.8601  1.57
21.8701  1.45
21.8801  1.55
21.8901  1.57
21.9001  1.56
21.9101  1.48
21.9201  1.54
21.9301  1.49
21.9401  1.48
21.9501  1.59
21.9601  1.48
21.9701  1.56
21.9801  1.46
21.9901  1.55
22.0001  1.52
22.0101  1.56
22.0201  1.54
22.0301  1.56
22.0401  1.54
22.0501  1.51
22.0601  1.53
22.0701  1.52
22.0801  1.48
22.0901  1.58
22.1001  1.49
22.1101  1.54
22.1201  1.43
22.1301  1.47
22.1401  1.51
22.1501  1.52
22.1601  1.52
22.1701  1.52
22.1801  1.55
22.1901  1.46
22.2001  1.52
22.2101  1.54
22.2201  1.54
22.2301  1.49
22.2401  1.53
22.2501  1.51
22.2601  1.43
22.2701  1.53
22.2801  1.48
22.2901  1.54
22.3001  1.48
22.3101  1.49
22.3201  1.53
22.3301  1.52
22.3401  1.51
22.3501  1.47
22.3601  1.51
22.3701  1.56
22.3801  1.44
22.3901  1.54
22.4001  1.57
22.4101  1.45
22.4201  1.49
22.4301  1.52
22.4401  1.49
22.4501  1.48
22.4601  1.54
22.4701  1.54
22.4801  1.5
22.4901  1.48
22.5001  1.52
22.5101  1.46
22.5201  1.55
22.5301  1.41
22.5401  1.61
22.5501  1.49
22.5601  1.56
22.5701  1.5
22.5801  1.44
22.5901  1.57
22.6001  1.58
22.6101  1.49
22.6201  1.5
22.6301  1.54
22.6401  1.55
22.6501  1.5
22.6601  1.5
22.6701  1.53
22.6801  1.49
22.6901  1.61
22.7001  1.49
22.7101  1.52
22.7201  1.51
22.7301  1.52
22.7401  1.53
22.7501  1.5
22.7601  1.55
22.7701  1.55
22.7801  1.49
22.7901  1.53
22.8001  1.57
22.8101  1.51
22.8201  1.56
22.8301  1.52
22.8401  1.46
22.8501  1.52
22.8601  1.63
22.8701  1.48
22.8801  1.57
22.8901  1.52
22.9001  1.55
22.9101  1.49
22.9201  1.49
22.9301  1.49
22.9401  1.51
22.9501  1.54
22.9601  1.55
22.9701  1.52
22.9801  1.56
22.9901  1.56
23.0001  1.45
23.0101  1.51
23.0201  1.54
23.0301  1.57
23.0401  1.48
23.0501  1.45
23.0601  1.53
23.0701  1.5
23.0801  1.53
23.0901  1.46
23.1001  1.52
23.1101  1.59
23.1201  1.53
23.1301  1.46
23.1401  1.46
23.1501  1.55
23.1601  1.53
23.1701  1.52
23.1801  1.49
23.1901  1.53
23.2001  1.45
23.2101  1.51
23.2201  1.56
23.2301  1.45
23.2401  1.55
23.2501  1.49
23.2601  1.47
23.2701  1.53
23.2801  1.49
23.2901  1.51
23.3001  1.44
23.3101  1.55
23.3201  1.52
23.3301  1.46
23.3401  1.56
23.3501  1.53
23.3601  1.46
23.3701  1.5
23.3801  1.48
23.3901  1.47
23.4001  1.6
23.4101  1.55
23.4201  1.48
23.4301  1.54
23.4401  1.5
23.4501  1.51
23.4601  1.51
23.4701  1.46
23.4801  1.51
23.4901  1.48
23.5001  1.51
23.5101  1.53
23.5201  1.56
23.5301  1.54
23.5401  1.49
23.5501  1.54
23.5601  1.49
23.5701  1.5
23.5801  1.5
23.5901  1.53
23.6001  1.52
23.6101  1.53
23.6201  1.53
23.6301  1.58
23.6401  1.48
23.6501  1.54
23.6601  1.52
23.6701  1.54
23.6801  1.51
23.6901  1.54
23.7001  1.55
23.7101  1.51
23.7201  1.52
23.7301  1.47
23.7401  1.63
23.7501  1.53
23.7601  1.45
23.7701  1.56
23.7801  1.47
23.7901  1.51
23.8001  1.57
23.8101  1.51
23.8201  1.53
23.8301  1.48
23.8401  1.58
23.8501  1.51
23.8601  1.55
23.8701  1.46
23.8801  1.55
23.8901  1.47
23.9001  1.55
23.9101  1.53
23.9201  1.53
23.9301  1.5
23.9401  1.54
23.9501  1.52
23.9601  1.54
23.9701  1.48
23.9801  1.52
23.9901  1.61
24.0001  1.49
24.0101  1.52
24.0201  1.5
24.0301  1.51
24.0401  1.47
24.0501  1.49
24.0601  1.49
24.0701  1.47
24.0801  1.57
24.0901  1.54
24.1001  1.48
24.1101  1.53
24.1201  1.5
24.1301  1.51
24.1401  1.53
24.1501  1.44
24.1601  1.55
24.1701  1.51
24.1801  1.56
24.1901  1.44
24.2001  1.53
24.2101  1.48
24.2201  1.51
24.2301  1.5
24.2401  1.51
24.2501  1.52
24.2601  1.53
24.2701  1.44
24.2801  1.61
24.2901  1.4
24.3001  1.61
24.3101  1.46
24.3201  1.53
24.3301  1.55
24.3401  1.47
24.3501  1.5
24.3601  1.5
24.3701  1.48
24.3801  1.54
24.3901  1.57
24.4001  1.49
24.4101  1.53
24.4201  1.48
24.4301  1.53
24.4401  1.44
24.4501  1.58
24.4601  1.52
24.4701  1.48
24.4801  1.51
24.4901  1.51
24.5001  1.55
24.5101  1.55
24.5201  1.47
24.5301  1.55
24.5401  1.51
24.5501  1.57
24.5601  1.47
24.5701  1.5
24.5801  1.52
24.5901  1.48
24.6001  1.59
24.6101  1.49
24.6201  1.51
24.6301  1.54
24.6401  1.59
24.6501  1.5
24.6601  1.55
24.6701  1.56
24.6801  1.56
24.6901  1.45
24.7001  1.45
24.7101  1.55
24.7201  1.52
24.7301  1.5
24.7401  1.52
24.7501  1.56
24.7601  1.51
24.7701  1.53
24.7801  1.51
24.7901  1.49
24.8001  1.56
24.8101  1.51
24.8201  1.56
24.8301  1.51
24.8401  1.49
24.8501  1.49
24.8601  1.52
24.8701  1.51
24.8801  1.59
24.8901  1.48
24.9001  1.54
24.9101  1.5
24.9201  1.49
24.9301  1.51
24.9401  1.51
24.9501  1.55
24.9601  1.48
24.9701  1.52
24.9801  1.5
24.9901  1.51
25.0001  1.55
25.0101  1.48
25.0201  1.58
25.0301  1.47
25.0401  1.56
25.0501  1.47
25.0601  1.52
25.0701  1.52
25.0801  1.45
25.0901  1.59
25.1001  1.46
25.1101  1.51
25.1201  1.51
25.1301  1.5
25.1401  1.52
25.1501  1.45
25.1601  1.49
25.1701  1.53
25.1801  1.54
25.1901  1.51
25.2001  1.47
25.2101  1.55
25.2201  1.47
25.2301  1.48
25.2401  1.53
25.2501  1.5
25.2601  1.55
25.2701  1.52
25.2801  1.53
25.2901  1.49
25.3001  1.55
25.3101  1.46
25.3201  1.49
25.3301  1.46
25.3401  1.6
25.3501  1.54
25.3601  1.52
25.3701  1.53
25.3801  1.5
25.3901  1.52
25.4001  1.52
25.4101  1.47
25.4201  1.54
25.4301  1.57
25.4401  1.47
25.4501  1.49
25.4601  1.51
25.4701  1.56
25.4801  1.5
25.4901  1.57
25.5001  1.48
25.5101  1.55
25.5201  1.5
25.5301  1.48
25.5401  1.52
25.5501  1.55
25.5601  1.51
25.5701  1.5
25.5801  1.58
25.5901  1.39
25.6001  1.59
25.6101  1.5
25.6201  1.54
25.6301  1.52
25.6401  1.6
25.6501  1.51
25.6601  1.51
25.6701  1.54
25.6801  1.52
25.6901  1.52
25.7001  1.57
25.7101  1.51
25.7201  1.51
25.7301  1.55
25.7401  1.48
25.7501  1.59
25.7601  1.42
25.7701  1.53
25.7801  1.48
25.7901  1.48
25.8001  1.58
25.8101  1.54
25.8201  1.52
25.8301  1.52
25.8401  1.47
25.8501  1.56
25.8601  1.43
25.8701  1.55
25.8801  1.5
25.8901  1.55
25.9001  1.48
25.9101  1.55
25.9201  1.51
25.9301  1.47
25.9401  1.55
25.9501  1.53
25.9601  1.54
25.9701  1.46
25.9801  1.55
25.9901  1.45
26.0001  1.58
26.0101  1.53
26.0201  1.48
26.0301  1.51
26.0401  1.51
26.0501  1.45
26.0601  1.47
26.0701  1.56
26.0801  1.51
26.0901  1.57
26.1001  1.5
26.1101  1.49
26.1201  1.49
26.1301  1.57
26.1401  1.41
26.1501  1.51
26.1601  1.53
26.1701  1.48
26.1801  1.54
26.1901  1.47
26.2001  1.58
26.2101  1.52
26.2201  1.5
26.2301  1.51
26.2401  1.53
26.2501  1.46
26.2601  1.57
26.2701  1.51
26.2801  1.49
26.2901  1.56
26.3001  1.41
26.3101  1.53
26.3201  1.57
26.3301  1.5
26.3401  1.49
26.3501  1.59
26.3601  1.5
26.3701  1.48
26.3801  1.53
26.3901  1.51
26.4001  1.53
26.4101  1.47
26.4201  1.51
26.4301  1.56
26.4401  1.52
26.4501  1.51
26.4601  1.51
26.4701  1.58
26.4801  1.5
26.4901  1.53
26.5001  1.49
26.5101  1.57
26.5201  1.46
26.5301  1.47
26.5401  1.56
26.5501  1.53
26.5601  1.54
26.5701  1.47
26.5801  1.52
26.5901  1.54
26.6001  1.48
26.6101  1.56
26.6201  1.52
26.6301  1.56
26.6401  1.52
26.6501  1.46
26.6601  1.57
26.6701  1.54
26.6801  1.5
26.6901  1.52
26.7001  1.58
26.7101  1.53
26.7201  1.43
26.7301  1.55
26.7401  1.46
26.7501  1.52
26.7601  1.53
26.7701  1.53
26.7801  1.52
26.7901  1.45
26.8001  1.57
26.8101  1.58
26.8201  1.46
26.8301  1.49
26.8401  1.54
26.8501  1.55
26.8601  1.45
26.8701  1.53
26.8801  1.48
26.8901  1.52
26.9001  1.48
26.9101  1.52
26.9201  1.56
26.9301  1.57
26.9401  1.49
26.9501  1.49
26.9601  1.52
26.9701  1.47
26.9801  1.51
26.9901  1.58
27.0001  1.52
27.0101  1.53
27.0201  1.47
27.0301  1.56
27.0401  1.43
27.0501  1.54
27.0601  1.62
27.0701  1.42
27.0801  1.53
27.0901  1.48
27.1001  1.52
27.1101  1.48
27.1201  1.57
27.1301  1.46
27.1401  1.49
27.1501  1.57
27.1601  1.48
27.1701  1.53
27.1801  1.51
27.1901  1.52
27.2001  1.48
27.2101  1.53
27.2201  1.52
27.2301  1.54
27.2401  1.51
27.2501  1.5
27.2601  1.57
27.2701  1.46
27.2801  1.46
27.2901  1.54
27.3001  1.56
27.3101  1.5
27.3201  1.53
27.3301  1.52
27.3401  1.46
27.3501  1.56
27.3601  1.53
27.3701  1.54
27.3801  1.52
27.3901  1.55
27.4001  1.54
27.4101  1.49
27.4201  1.5
27.4301  1.56
27.4401  1.49
27.4501  1.57
27.4601  1.47
27.4701  1.53
27.4801  1.5
27.4901  1.54
27.5001  1.52
27.5101  1.52
27.5201  1.47
27.5301  1.57
27.5401  1.46
27.5501  1.55
27.5601  1.46
27.5701  1.58
27.5801  1.54
27.5901  1.48
27.6001  1.51
27.6101  1.49
27.6201  1.55
27.6301  1.49
27.6401  1.54
27.6501  1.5
27.6601  1.55
27.6701  1.58
27.6801  1.47
27.6901  1.57
27.7001  1.51
27.7101  1.48
27.7201  1.53
27.7301  1.45
27.7401  1.53
27.7501  1.48
27.7601  1.53
27.7701  1.49
27.7801  1.55
27.7901  1.49
27.8001  1.49
27.8101  1.52
27.8201  1.5
27.8301  1.57
27.8401  1.49
27.8501  1.5
27.8601  1.52
27.8701  1.54
27.8801  1.49
27.8901  1.52
27.9001  1.52
27.9101  1.49
27.9201  1.51
27.9301  1.54
27.9401  1.52
27.9501  1.57
27.9601  1.47
27.9701  1.45
27.9801  1.57
27.9901  1.5
28.0001  1.5
28.0101  1.56
28.0201  1.42
28.0301  1.57
28.0401  1.52
28.0501  1.55
28.0601  1.48
28.0701  1.47
28.0801  1.57
28.0901  1.51
28.1001  1.52
28.1101  1.51
28.1201  1.45
28.1301  1.54
28.1401  1.45
28.1501  1.53
28.1601  1.5
28.1701  1.57
28.1801  1.55
28.1901  1.49
28.2001  1.55
28.2101  1.54
28.2201  1.49
28.2301  1.55
28.2401  1.51
28.2501  1.52
28.2601  1.58
28.2701  1.43
28.2801  1.53
28.2901  1.49
28.3001  1.48
28.3101  1.61
28.3201  1.43
28.3301  1.55
28.3401  1.55
28.3501  1.57
28.3601  1.49
28.3701  1.49
28.3801  1.53
28.3901  1.5
28.4001  1.57
28.4101  1.54
28.4201  1.48
28.4301  1.54
28.4401  1.48
28.4501  1.54
28.4601  1.47
28.4701  1.53
28.4801  1.52
28.4901  1.52
28.5001  1.53
28.5101  1.53
28.5201  1.49
28.5301  1.53
28.5401  1.52
28.5501  1.55
28.5601  1.46
28.5701  1.57
28.5801  1.48
28.5901  1.49
28.6001  1.49
28.6101  1.58
28.6201  1.59
28.6301  1.42
28.6401  1.56
28.6501  1.49
28.6601  1.53
28.6701  1.48
28.6801  1.56
28.6901  1.49
28.7001  1.52
28.7101  1.46
28.7201  1.58
28.7301  1.52
28.7401  1.54
28.7501  1.45
28.7601  1.49
28.7701  1.47
28.7801  1.5
28.7901  1.58
28.8001  1.49
28.8101  1.61
28.8201  1.49
28.8301  1.44
28.8401  1.54
28.8501  1.51
28.8601  1.46
28.8701  1.47
28.8801  1.5
28.8901  1.56
28.9001  1.52
28.9101  1.54
28.9201  1.45
28.9301  1.51
28.9401  1.51
28.9501  1.55
28.9601  1.52
28.9701  1.47
28.9801  1.52
28.9901  1.49
29.0001  1.52
29.0101  1.55
29.0201  1.57
29.0301  1.5
29.0401  1.56
29.0501  1.46
29.0601  1.58
29.0701  1.49
29.0801  1.49
29.0901  1.51
29.1001  1.47
29.1101  1.57
29.1201  1.44
29.1301  1.57
29.1401  1.47
29.1501  1.51
29.1601  1.51
29.1701  1.59
29.1801  1.53
29.1901  1.48
29.2001  1.57
29.2101  1.46
29.2201  1.53
29.2301  1.48
29.2401  1.52
29.2501  1.56
29.2601  1.53
29.2701  1.52
29.2801  1.49
29.2901  1.56
29.3001  1.52
29.3101  1.59
29.3201  1.45
29.3301  1.51
29.3401  1.51
29.3501  1.48
29.3601  1.56
29.3701  1.51
29.3801  1.59
29.3901  1.51
29.4001  1.5
29.4101  1.51
29.4201  1.53
29.4301  1.54
29.4401  1.5
29.4501  1.55
29.4601  1.53
29.4701  1.49
29.4801  1.46
29.4901  1.59
29.5001  1.48
29.5101  1.51
29.5201  1.58
29.5301  1.49
29.5401  1.5
29.5501  1.44
29.5601  1.52
29.5701  1.51
29.5801  1.56
29.5901  1.52
29.6001  1.5
29.6101  1.54
29.6201  1.55
29.6301  1.48
29.6401  1.5
29.6501  1.51
29.6601  1.51
29.6701  1.53
29.6801  1.56
29.6901  1.48
29.7001  1.49
29.7101  1.55
29.7201  1.5
29.7301  1.53
29.7401  1.51
29.7501  1.47
29.7601  1.55
29.7701  1.52
29.7801  1.51
29.7901  1.45
29.8001  1.52
29.8101  1.48
29.8201  1.53
29.8301  1.5
29.8401  1.54
29.8501  1.52
29.8601  1.48
29.8701  1.49
29.8801  1.55
29.8901  1.51
29.9001  1.51
29.9101  1.49
29.9201  1.49
29.9301  1.54
29.9401  1.45
29.9501  1.47
29.9601  1.56
29.9701  1.54
29.9801  1.47
29.9901  1.56
30.0001  1.59
30.0101  1.54
30.0201  1.55
30.0301  1.5
30.0401  1.45
30.0501  1.51
30.0601  1.49
30.0701  1.5
30.0801  1.57
30.0901  1.5
30.1001  1.53
30.1101  1.46
30.1201  1.52
30.1301  1.52
30.1401  1.51
30.1501  1.5
30.1601  1.53
30.1701  1.53
30.1801  1.57
30.1901  1.51
30.2001  1.55
30.2101  1.48
30.2201  1.5
30.2301  1.52
30.2401  1.53
30.2501  1.55
30.2601  1.51
30.2701  1.52
30.2801  1.52
30.2901  1.47
30.3001  1.52
30.3101  1.53
30.3201  1.5
30.3301  1.58
30.3401  1.47
30.3501  1.56
30.3601  1.48
30.3701  1.54
30.3801  1.56
30.3901  1.49
30.4001  1.58
30.4101  1.59
30.4201  1.48
30.4301  1.44
30.4401  1.55
30.4501  1.45
30.4601  1.53
30.4701  1.59
30.4801  1.48
30.4901  1.55
30.5001  1.5
30.5101  1.51
30.5201  1.53
30.5301  1.49
30.5401  1.51
30.5501  1.56
30.5601  1.46
30.5701  1.52
30.5801  1.56
30.5901  1.51
30.6001  1.5
30.6101  1.52
30.6201  1.53
30.6301  1.48
30.6401  1.53
30.6501  1.48
30.6601  1.5
30.6701  1.48
30.6801  1.49
30.6901  1.52
30.7001  1.52
30.7101  1.52
30.7201  1.55
30.7301  1.52
30.7401  1.51
30.7501  1.56
30.7601  1.48
30.7701  1.52
30.7801  1.56
30.7901  1.48
30.8001  1.57
30.8101  1.52
30.8201  1.5
30.8301  1.47
30.8401  1.47
30.8501  1.49
30.8601  1.57
30.8701  1.46
30.8801  1.51
30.8901  1.49
30.9001  1.51
30.9101  1.51
30.9201  1.54
30.9301  1.55
30.9401  1.51
30.9501  1.49
30.9601  1.49
30.9701  1.55
30.9801  1.55
30.9901  1.45
31.0001  1.51
31.0101  1.56
31.0201  1.54
31.0301  1.49
31.0401  1.52
31.0501  1.45
31.0601  1.59
31.0701  1.48
31.0801  1.59
31.0901  1.53
31.1001  1.42
31.1101  1.53
31.1201  1.61
31.1301  1.48
31.1401  1.43
31.1501  1.56
31.1601  1.52
31.1701  1.52
31.1801  1.48
31.1901  1.59
31.2001  1.48
31.2101  1.55
31.2201  1.52
31.2301  1.46
31.2401  1.55
31.2501  1.48
31.2601  1.55
31.2701  1.46
31.2801  1.49
31.2901  1.51
31.3001  1.6
31.3101  1.51
31.3201  1.52
31.3301  1.54
31.3401  1.5
31.3501  1.53
31.3601  1.56
31.3701  1.5
31.3801  1.5
31.3901  1.53
31.4001  1.49
31.4101  1.51
31.4201  1.54
31.4301  1.48
31.4401  1.59
31.4501  1.5
31.4601  1.51
31.4701  1.54
31.4801  1.54
31.4901  1.48
31.5001  1.5
31.5101  1.5
31.5201  1.5
31.5301  1.55
31.5401  1.49
31.5501  1.54
31.5601  1.51
31.5701  1.47
31.5801  1.5
31.5901  1.54
31.6001  1.62
31.6101  1.48
31.6201  1.51
31.6301  1.45
31.6401  1.53
31.6501  1.53
31.6601  1.54
31.6701  1.48
31.6801  1.55
31.6901  1.54
31.7001  1.47
31.7101  1.53
31.7201  1.51
31.7301  1.43
31.7401  1.57
31.7501  1.57
31.7601  1.52
31.7701  1.52
31.7801  1.48
31.7901  1.54
31.8001  1.49
31.8101  1.57
31.8201  1.46
31.8301  1.51
31.8401  1.5
31.8501  1.52
31.8601  1.52
31.8701  1.5
31.8801  1.49
31.8901  1.57
31.9001  1.48
31.9101  1.55
31.9201  1.47
31.9301  1.56
31.9401  1.49
31.9501  1.5
31.9601  1.53
31.9701  1.55
31.9801  1.54
31.9901  1.49
32.0001  1.53
32.0101  1.45
32.0201  1.56
32.0301  1.55
32.0401  1.5
32.0501  1.47
32.0601  1.55
32.0701  1.44
32.0801  1.62
32.0901  1.46
32.1001  1.51
32.1101  1.55
32.1201  1.52
32.1301  1.54
32.1401  1.46
32.1501  1.54
32.1601  1.53
32.1701  1.52
32.1801  1.54
32.1901  1.5
32.2001  1.47
32.2101  1.54
32.2201  1.52
32.2301  1.49
32.2401  1.56
32.2501  1.47
32.2601  1.53
32.2701  1.5
32.2801  1.53
32.2901  1.51
32.3001  1.56
32.3101  1.47
32.3201  1.48
32.3301  1.56
32.3401  1.51
32.3501  1.51
32.3601  1.5
32.3701  1.49
32.3801  1.56
32.3901  1.5
32.4001  1.53
32.4101  1.53
32.4201  1.53
32.4301  1.48
32.4401  1.48
32.4501  1.58
32.4601  1.58
32.4701  1.46
32.4801  1.54
32.4901  1.45
32.5001  1.5
32.5101  1.5
32.5201  1.48
32.5301  1.56
32.5401  1.51
32.5501  1.53
32.5601  1.53
32.5701  1.51
32.5801  1.49
32.5901  1.5
32.6001  1.56
32.6101  1.55
32.6201  1.5
32.6301  1.47
32.6401  1.55
32.6501  1.52
32.6601  1.45
32.6701  1.54
32.6801  1.56
32.6901  1.45
32.7001  1.5
32.7101  1.56
32.7201  1.52
32.7301  1.45
32.7401  1.59
32.7501  1.45
32.7601  1.57
32.7701  1.51
32.7801  1.55
32.7901  1.51
32.8001  1.51
32.8101  1.58
32.8201  1.49
32.8301  1.48
32.8401  1.5
32.8501  1.56
32.8601  1.52
32.8701  1.54
32.8801  1.48
32.8901  1.52
32.9001  1.51
32.9101  1.51
32.9201  1.57
32.9301  1.42
32.9401  1.54
32.9501  1.5
32.9601  1.55
32.9701  1.45
32.9801  1.55
32.9901  1.56
33.0001  1.5
33.0101  1.54
33.0201  1.51
33.0301  1.52
33.0401  1.47
33.0501  1.58
33.0601  1.42
33.0701  1.62
33.0801  1.51
33.0901  1.54
33.1001  1.47
33.1101  1.51
33.1201  1.49
33.1301  1.59
33.1401  1.48
33.1501  1.46
33.1601  1.59
33.1701  1.54
33.1801  1.51
33.1901  1.54
33.2001  1.52
33.2101  1.45
33.2201  1.53
33.2301  1.57
33.2401  1.49
33.2501  1.47
33.2601  1.55
33.2701  1.49
33.2801  1.47
33.2901  1.52
33.3001  1.5
33.3101  1.51
33.3201  1.51
33.3301  1.56
33.3401  1.52
33.3501  1.5
33.3601  1.54
33.3701  1.49
33.3801  1.48
33.3901  1.57
33.4001  1.5
33.4101  1.49
33.4201  1.55
33.4301  1.51
33.4401  1.53
33.4501  1.49
33.4601  1.5
33.4701  1.57
33.4801  1.52
33.4901  1.51
33.5001  1.46
33.5101  1.51
33.5201  1.49
33.5301  1.54
33.5401  1.49
33.5501  1.51
33.5601  1.53
33.5701  1.56
33.5801  1.49
33.5901  1.51
33.6001  1.45
33.6101  1.52
33.6201  1.56
33.6301  1.51
33.6401  1.49
33.6501  1.53
33.6601  1.51
33.6701  1.45
33.6801  1.52
33.6901  1.51
33.7001  1.57
33.7101  1.5
33.7201  1.56
33.7301  1.53
33.7401  1.45
33.7501  1.49
33.7601  1.59
33.7701  1.45
33.7801  1.56
33.7901  1.49
33.8001  1.55
33.8101  1.57
33.8201  1.47
33.8301  1.55
33.8401  1.5
33.8501  1.53
33.8601  1.44
33.8701  1.58
33.8801  1.55
33.8901  1.48
33.9001  1.53
33.9101  1.5
33.9201  1.56
33.9301  1.51
33.9401  1.57
33.9501  1.44
33.9601  1.5
33.9701  1.51
33.9801  1.58
33.9901  1.56
34.0001  1.42
34.0101  1.57
34.0201  1.49
34.0301  1.55
34.0401  1.53
34.0501  1.54
34.0601  1.42
34.0701  1.53
34.0801  1.49
34.0901  1.55
34.1001  1.5
34.1101  1.53
34.1201  1.54
34.1301  1.45
34.1401  1.54
34.1501  1.55
34.1601  1.54
34.1701  1.5
34.1801  1.56
34.1901  1.5
34.2001  1.56
34.2101  1.52
34.2201  1.46
34.2301  1.51
34.2401  1.51
34.2501  1.51
34.2601  1.52
34.2701  1.44
34.2801  1.56
34.2901  1.61
34.3001  1.45
34.3101  1.54
34.3201  1.48
34.3301  1.52
34.3401  1.55
34.3501  1.5
34.3601  1.5
34.3701  1.48
34.3801  1.51
34.3901  1.56
34.4001  1.51
34.4101  1.43
34.4201  1.54
34.4301  1.5
34.4401  1.48
34.4501  1.59
34.4601  1.44
34.4701  1.58
34.4801  1.48
34.4901  1.54
34.5  1.52
34.51  1.45
34.52  1.5
34.53  1.57
34.54  1.49
34.55  1.5
34.56  1.47
34.57  1.53
34.58  1.58
34.59  1.52
34.6  1.54
34.61  1.47
34.62  1.56
34.63  1.51
34.64  1.41
34.65  1.52
34.66  1.54
34.67  1.57
34.68  1.39
34.69  1.58
34.7  1.5
34.71  1.48
34.72  1.57
34.73  1.46
34.74  1.53
34.75  1.48
34.76  1.49
34.77  1.56
34.78  1.55
34.79  1.45
34.8  1.6
34.81  1.53
34.82  1.55
34.83  1.47
34.84  1.52
34.85  1.51
34.86  1.51
34.87  1.55
34.88  1.48
34.89  1.52
34.9  1.59
34.91  1.5
34.92  1.54
34.93  1.47
34.94  1.57
34.95  1.56
34.96  1.47
34.97  1.49
34.98  1.57
34.99  1.42
35  1.58
35.01  1.54
35.02  1.52
35.03  1.53
35.04  1.48
35.05  1.53
35.06  1.53
35.07  1.44
35.08  1.57
35.09  1.57
35.1  1.44
35.11  1.56
35.12  1.48
35.13  1.45
35.14  1.56
35.15  1.55
35.16  1.49
35.17  1.58
35.18  1.58
35.19  1.45
35.2  1.48
35.21  1.54
35.22  1.57
35.23  1.48
35.24  1.55
35.25  1.48
35.26  1.56
35.27  1.46
35.28  1.5
35.29  1.49
35.3  1.55
35.31  1.43
35.32  1.55
35.33  1.56
35.34  1.55
35.35  1.48
35.36  1.57
35.37  1.44
35.38  1.51
35.39  1.42
35.4  1.63
35.41  1.5
35.42  1.49
35.43  1.51
35.44  1.54
35.45  1.47
35.46  1.52
35.47  1.47
35.48  1.53
35.49  1.49
35.5  1.53
35.51  1.54
35.52  1.59
35.53  1.48
35.54  1.49
35.55  1.51
35.56  1.48
35.57  1.56
35.58  1.56
35.59  1.53
35.6  1.48
35.61  1.53
35.62  1.57
35.63  1.48
35.64  1.48
35.65  1.54
35.66  1.45
35.67  1.51
35.68  1.5
35.69  1.53
35.7  1.52
35.71  1.4
35.72  1.58
35.73  1.54
35.74  1.51
35.75  1.49
35.76  1.62
35.77  1.54
35.78  1.52
35.79  1.52
35.8  1.47
35.81  1.51
35.82  1.47
35.83  1.57
35.84  1.48
35.85  1.45
35.86  1.57
35.87  1.55
35.88  1.51
35.89  1.5
35.9  1.56
35.91  1.52
35.92  1.48
35.93  1.49
35.94  1.62
35.95  1.54
35.96  1.46
35.97  1.47
35.98  1.55
35.99  1.55
36  1.5
36.01  1.57
36.02  1.54
36.03  1.46
36.04  1.59
36.05  1.51
36.06  1.53
36.07  1.47
36.08  1.53
36.09  1.5
36.1  1.51
36.11  1.54
36.12  1.48
36.13  1.47
36.14  1.58
36.15  1.54
36.16  1.47
36.17  1.51
36.18  1.55
36.19  1.54
36.2  1.49
36.21  1.47
36.22  1.51
36.23  1.54
36.24  1.51
36.25  1.53
36.26  1.5
36.27  1.55
36.28  1.52
36.29  1.39
36.3  1.57
36.31  1.54
36.32  1.55
36.33  1.5
36.34  1.56
36.35  1.47
36.36  1.59
36.37  1.5
36.38  1.46
36.39  1.47
36.4  1.53
36.41  1.5
36.42  1.52
36.43  1.54
36.44  1.57
36.45  1.42
36.46  1.5
36.47  1.55
36.48  1.45
36.49  1.53
36.5  1.52
36.51  1.48
36.52  1.52
36.53  1.54
36.54  1.52
36.55  1.51
36.56  1.55
36.57  1.51
36.58  1.5
36.59  1.51
36.6  1.45
36.61  1.53
36.62  1.57
36.63  1.52
36.64  1.57
36.65  1.45
36.66  1.51
36.67  1.53
36.68  1.54
36.69  1.5
36.7  1.43
36.71  1.51
36.72  1.53
36.73  1.55
36.74  1.55
36.75  1.47
36.76  1.54
36.77  1.51
36.78  1.52
36.79  1.58
36.8  1.49
36.81  1.49
36.82  1.51
36.83  1.55
36.84  1.44
36.85  1.56
36.86  1.44
36.87  1.53
36.88  1.54
36.89  1.55
36.9  1.56
36.91  1.51
36.92  1.45
36.93  1.54
36.94  1.49
36.95  1.58
36.96  1.53
36.97  1.53
36.98  1.49
36.99  1.5
37  1.55
37.01  1.52
37.02  1.54
37.03  1.54
37.04  1.46
37.05  1.47
37.06  1.58
37.07  1.56
37.08  1.46
37.09  1.49
37.1  1.5
37.11  1.57
37.12  1.52
37.13  1.56
37.14  1.48
37.15  1.47
37.16  1.53
37.17  1.48
37.18  1.55
37.19  1.51
37.2  1.5
37.21  1.49
37.22  1.59
37.23  1.47
37.24  1.57
37.25  1.51
37.26  1.47
37.27  1.53
37.28  1.5
37.29  1.49
37.3  1.62
37.31  1.43
37.32  1.5
37.33  1.52
37.34  1.51
37.35  1.55
37.36  1.49
37.37  1.55
37.38  1.52
37.39  1.51
37.4  1.52
37.41  1.51
37.42  1.5
37.43  1.54
37.44  1.41
37.45  1.55
37.46  1.53
37.47  1.56
37.48  1.47
37.49  1.51
37.5  1.53
37.51  1.46
37.52  1.55
37.53  1.47
37.54  1.57
37.55  1.55
37.56  1.44
37.57  1.54
37.58  1.53
37.59  1.48
37.6  1.47
37.61  1.57
37.62  1.52
37.63  1.52
37.64  1.46
37.65  1.58
37.66  1.54
37.67  1.56
37.68  1.44
37.69  1.5
37.7  1.58
37.71  1.49
37.72  1.45
37.73  1.5
37.74  1.53
37.75  1.54
37.76  1.54
37.77  1.49
37.78  1.5
37.79  1.53
37.8  1.55
37.81  1.42
37.82  1.57
37.83  1.51
37.84  1.57
37.85  1.49
37.86  1.55
37.87  1.48
37.88  1.58
37.89  1.51
37.9  1.5
37.91  1.47
37.92  1.55
37.93  1.52
37.94  1.45
37.95  1.59
37.96  1.42
37.97  1.52
37.98  1.6
37.99  1.5
38  1.55
38.01  1.53
38.02  1.46
38.03  1.57
38.04  1.51
38.05  1.46
38.06  1.52
38.07  1.54
38.08  1.53
38.09  1.5
38.1  1.5
38.11  1.49
38.12  1.61
38.13  1.5
38.14  1.51
38.15  1.54
38.16  1.54
38.17  1.54
38.18  1.41
38.19  1.58
38.2  1.42
38.21  1.56
38.22  1.55
38.23  1.49
38.24  1.57
38.25  1.5
38.26  1.48
38.27  1.53
38.28  1.55
38.29  1.47
38.3  1.51
38.31  1.53
38.32  1.51
38.33  1.48
38.34  1.56
38.35  1.48
38.36  1.48
38.37  1.55
38.38  1.52
38.39  1.53
38.4  1.5
38.41  1.55
38.42  1.48
38.43  1.62
38.44  1.42
38.45  1.52
38.46  1.55
38.47  1.5
38.48  1.56
38.49  1.45
38.5  1.52
38.51  1.49
38.52  1.54
38.53  1.48
38.54  1.59
38.55  1.47
38.56  1.53
38.57  1.49
38.58  1.51
38.59  1.47
38.6  1.55
38.61  1.5
38.62  1.49
38.63  1.55
38.64  1.48
38.65  1.57
38.66  1.44
38.67  1.53
38.68  1.47
38.69  1.52
38.7  1.52
38.71  1.58
38.72  1.51
38.73  1.55
38.74  1.58
38.75  1.49
38.76  1.57
38.77  1.39
38.78  1.53
38.79  1.6
38.8  1.45
38.81  1.51
38.82  1.46
38.83  1.56
38.84  1.53
38.85  1.43
38.86  1.57
38.87  1.52
38.88  1.53
38.89  1.5
38.9  1.59
38.91  1.53
38.92  1.41
38.93  1.54
38.94  1.51
38.95  1.52
38.96  1.52
38.97  1.54
38.98  1.43
38.99  1.57
39  1.58
39.01  1.46
39.02  1.49
39.03  1.59
39.04  1.49
39.05  1.53
39.06  1.49
39.07  1.6
39.08  1.53
39.09  1.49
39.1  1.52
39.11  1.51
39.12  1.46
39.13  1.55
39.14  1.53
39.15  1.51
39.16  1.48
39.17  1.55
39.18  1.51
39.19  1.5
39.2  1.57
39.21  1.47
39.22  1.58
39.23  1.46
39.24  1.54
39.25  1.48
39.26  1.52
39.27  1.56
39.28  1.53
39.29  1.52
39.3  1.56
39.31  1.54
39.32  1.49
39.33  1.53
39.34  1.46
39.35  1.49
39.36  1.52
39.37  1.49
39.38  1.53
39.39  1.47
39.4  1.51
39.41  1.52
39.42  1.56
39.43  1.54
39.44  1.55
39.45  1.51
39.46  1.56
39.47  1.42
39.48  1.54
39.49  1.54
39.5  1.49
39.51  1.55
39.52  1.45
39.53  1.55
39.54  1.55
39.55  1.42
39.56  1.49
39.57  1.55
39.58  1.42
39.59  1.56
39.6  1.62
39.61  1.43
39.62  1.47
39.63  1.5
39.64  1.54
39.65  1.55
39.66  1.47
39.67  1.65
39.68  1.43
39.69  1.54
39.7  1.49
39.71  1.46
39.72  1.54
39.73  1.5
39.74  1.56
39.75  1.47
39.76  1.55
39.77  1.52
39.78  1.54
39.79  1.49
39.8  1.49
39.81  1.52
39.82  1.51
39.83  1.56
39.84  1.39
39.85  1.62
39.86  1.47
39.87  1.5
39.88  1.59
39.89  1.56
39.9  1.47
39.91  1.5
39.92  1.5
39.93  1.6
39.94  1.45
39.95  1.46
39.96  1.56
39.97  1.51
39.98  1.5
39.99  1.55
40  1.53
40.01  1.5
40.02  1.54
40.03  1.47
40.04  1.55
40.05  1.51
40.06  1.49
40.07  1.58
40.08  1.5
40.09  1.47
40.1  1.54
40.11  1.58
40.12  1.49
40.13  1.46
40.14  1.62
40.15  1.44
40.16  1.53
40.17  1.53
40.18  1.51
40.19  1.54
40.2  1.5
40.21  1.54
40.22  1.53
40.23  1.53
40.24  1.53
40.25  1.52
40.26  1.44
40.27  1.53
40.28  1.55
40.29  1.5
40.3  1.55
40.31  1.47
40.32  1.54
40.33  1.56
40.34  1.53
40.35  1.5
40.36  1.48
40.37  1.51
40.38  1.49
40.39  1.48
40.4  1.49
40.41  1.49
40.42  1.52
40.43  1.52
40.44  1.5
40.45  1.61
40.46  1.49
40.47  1.49
40.48  1.45
40.49  1.59
40.5  1.54
40.51  1.54
40.52  1.5
40.53  1.5
40.54  1.49
40.55  1.57
40.56  1.55
40.57  1.43
40.58  1.54
40.59  1.5
40.6  1.47
40.61  1.52
40.62  1.55
40.63  1.52
40.64  1.5
40.65  1.48
40.66  1.5
40.67  1.45
40.68  1.53
40.69  1.62
40.7  1.49
40.71  1.46
40.72  1.56
40.73  1.48
40.74  1.48
40.75  1.55
40.76  1.49
40.77  1.54
40.78  1.52
40.79  1.49
40.8  1.5
40.81  1.54
40.82  1.53
40.83  1.42
40.84  1.57
40.85  1.54
40.86  1.54
40.87  1.54
40.88  1.49
40.89  1.54
40.9  1.56
40.91  1.55
40.92  1.52
40.93  1.49
40.94  1.58
40.95  1.46
40.96  1.52
40.97  1.52
40.98  1.48
40.99  1.46
41  1.52
41.01  1.5
41.02  1.52
41.03  1.49
41.04  1.61
41.05  1.49
41.06  1.53
41.07  1.54
41.08  1.52
41.09  1.49
41.1  1.45
41.11  1.64
41.12  1.39
41.13  1.56
41.14  1.54
41.15  1.55
41.16  1.51
41.17  1.52
41.18  1.51
41.19  1.55
41.2  1.54
41.21  1.5
41.22  1.52
41.23  1.5
41.24  1.55
41.25  1.49
41.26  1.54
41.27  1.45
41.28  1.54
41.29  1.49
41.3  1.52
41.31  1.59
41.32  1.5
41.33  1.49
41.34  1.53
41.35  1.51
41.36  1.45
41.37  1.5
41.38  1.54
41.39  1.5
41.4  1.55
41.41  1.43
41.42  1.56
41.43  1.49
41.44  1.49
41.45  1.61
41.46  1.41
41.47  1.52
41.48  1.62
41.49  1.46
41.5  1.51
41.51  1.53
41.52  1.49
41.53  1.51
41.54  1.53
41.55  1.5
41.56  1.5
41.57  1.53
41.58  1.53
41.59  1.48
41.6  1.46
41.61  1.54
41.62  1.55
41.63  1.53
41.64  1.41
41.65  1.57
41.66  1.57
41.67  1.52
41.68  1.47
41.69  1.51
41.7  1.47
41.71  1.56
41.72  1.54
41.73  1.5
41.74  1.53
41.75  1.51
41.76  1.53
41.77  1.45
41.78  1.51
41.79  1.53
41.8  1.53
41.81  1.56
41.82  1.48
41.83  1.43
41.84  1.55
41.85  1.49
41.86  1.51
41.87  1.55
41.88  1.53
41.89  1.51
41.9  1.59
41.91  1.52
41.92  1.54
41.93  1.43
41.94  1.56
41.95  1.56
41.96  1.47
41.97  1.54
41.98  1.5
41.99  1.55
42  1.55
42.01  1.52
42.02  1.47
42.03  1.55
42.04  1.53
42.05  1.49
42.06  1.52
42.07  1.53
42.08  1.55
42.09  1.46
42.1  1.53
42.11  1.54
42.12  1.44
42.13  1.55
42.14  1.51
42.15  1.58
42.16  1.48
42.17  1.57
42.18  1.5
42.19  1.53
42.2  1.52
42.21  1.46
42.22  1.54
42.23  1.5
42.24  1.55
42.25  1.46
42.26  1.52
42.27  1.6
42.28  1.48
42.29  1.58
42.3  1.44
42.31  1.51
42.32  1.52
42.33  1.53
42.34  1.53
42.35  1.51
42.36  1.57
42.37  1.48
42.38  1.53
42.39  1.46
42.4  1.56
42.41  1.54
42.42  1.46
42.43  1.52
42.44  1.47
42.45  1.5
42.46  1.5
42.47  1.5
42.48  1.47
42.49  1.55
42.5  1.57
42.51  1.53
42.52  1.51
42.53  1.43
42.54  1.56
42.55  1.52
42.56  1.54
42.57  1.5
42.58  1.5
42.59  1.51
42.6  1.44
42.61  1.53
42.62  1.5
42.63  1.57
42.64  1.52
42.65  1.45
42.66  1.6
42.67  1.49
42.68  1.51
42.69  1.6
42.7  1.51
42.71  1.47
42.72  1.47
42.73  1.45
42.74  1.55
42.75  1.5
42.76  1.56
42.77  1.52
42.78  1.56
42.79  1.55
42.8  1.48
42.81  1.45
42.82  1.47
42.83  1.58
42.84  1.58
42.85  1.59
42.86  1.47
42.87  1.44
42.88  1.54
42.89  1.49
42.9  1.5
42.91  1.5
42.92  1.52
42.93  1.56
42.94  1.47
42.95  1.54
42.96  1.51
42.97  1.58
42.98  1.43
42.99  1.59
43  1.5
43.01  1.54
43.02  1.58
43.03  1.5
43.04  1.48
43.05  1.52
43.06  1.54
43.07  1.51
43.08  1.54
43.09  1.54
43.1  1.47
43.11  1.53
43.12  1.55
43.13  1.48
43.14  1.48
43.15  1.54
43.16  1.51
43.17  1.53
43.18  1.55
43.19  1.52
43.2  1.42
43.21  1.62
43.22  1.52
43.23  1.49
43.24  1.51
43.25  1.55
43.26  1.48
43.27  1.5
43.28  1.46
43.29  1.52
43.3  1.57
43.31  1.48
43.32  1.59
43.33  1.43
43.34  1.62
43.35  1.52
43.36  1.53
43.37  1.46
43.38  1.48
43.39  1.53
43.4  1.52
43.41  1.53
43.42  1.48
43.43  1.55
43.44  1.45
43.45  1.47
43.46  1.56
43.47  1.5
43.48  1.47
43.49  1.57
43.5  1.53
43.51  1.5
43.52  1.5
43.53  1.48
43.54  1.5
43.55  1.52
43.56  1.53
43.57  1.49
43.58  1.53
43.59  1.47
43.6  1.67
43.61  1.44
43.62  1.49
43.63  1.51
43.64  1.52
43.65  1.46
43.66  1.53
43.67  1.49
43.68  1.51
43.69  1.53
43.7  1.57
43.71  1.52
43.72  1.47
43.73  1.6
43.74  1.48
43.75  1.54
43.76  1.46
43.77  1.49
43.78  1.53
43.79  1.54
43.8  1.51
43.81  1.56
43.82  1.52
43.83  1.54
43.84  1.44
43.85  1.56
43.86  1.5
43.87  1.49
43.88  1.59
43.89  1.5
43.9  1.51
43.91  1.53
43.92  1.52
43.93  1.59
43.94  1.46
43.95  1.48
43.96  1.62
43.97  1.42
43.98  1.5
43.99  1.49
44  1.61
44.01  1.56
44.02  1.44
44.03  1.5
44.04  1.57
44.05  1.51
44.06  1.52
44.07  1.48
44.08  1.55
44.09  1.57
44.1  1.42
44.11  1.5
44.12  1.57
44.13  1.56
44.14  1.49
44.15  1.55
44.16  1.5
44.17  1.49
44.18  1.5
44.19  1.54
44.2  1.51
44.21  1.58
44.22  1.48
44.23  1.52
44.24  1.47
44.25  1.56
44.26  1.49
44.27  1.47
44.28  1.53
44.29  1.54
44.3  1.49
44.31  1.46
44.32  1.53
44.33  1.48
44.34  1.59
44.35  1.44
44.36  1.51
44.37  1.55
44.38  1.5
44.39  1.51
44.4  1.49
44.41  1.5
44.42  1.51
44.43  1.52
44.44  1.5
44.45  1.55
44.46  1.49
44.47  1.47
44.48  1.63
44.49  1.51
44.5  1.48
44.51  1.52
44.52  1.5
44.53  1.5
44.54  1.49
44.55  1.51
44.56  1.55
44.57  1.51
44.58  1.49
44.59  1.51
44.6  1.52
44.61  1.49
44.62  1.51
44.63  1.48
44.64  1.58
44.65  1.52
44.66  1.53
44.67  1.51
44.68  1.47
44.69  1.5
44.7  1.5
44.71  1.53
44.72  1.52
44.73  1.45
44.74  1.55
44.75  1.53
44.76  1.59
44.77  1.48
44.78  1.57
44.79  1.57
44.8  1.48
44.81  1.5
44.82  1.49
44.83  1.53
44.84  1.52
44.85  1.6
44.86  1.49
44.87  1.57
44.88  1.49
44.89  1.51
44.9  1.52
44.91  1.54
44.92  1.5
44.93  1.51
44.94  1.49
44.95  1.51
44.96  1.48
44.97  1.54
44.98  1.52
44.99  1.51
45  1.52
45.01  1.54
45.02  1.49
45.03  1.57
45.04  1.52
45.05  1.5
45.06  1.5
45.07  1.58
45.08  1.54
45.09  1.5
45.1  1.55
45.11  1.46
45.12  1.52
45.13  1.51
45.14  1.55
45.15  1.51
45.16  1.52
45.17  1.52
45.18  1.48
45.19  1.48
45.2  1.52
45.21  1.54
45.22  1.58
45.23  1.5
45.24  1.46
45.25  1.59
45.26  1.49
45.27  1.53
45.28  1.48
45.29  1.5
45.3  1.45
45.31  1.51
45.32  1.53
45.33  1.5
45.34  1.5
45.35  1.54
45.36  1.47
45.37  1.55
45.38  1.52
45.39  1.53
45.4  1.5
45.41  1.49
45.42  1.49
45.43  1.5
45.44  1.58
45.45  1.46
45.46  1.55
45.47  1.54
45.48  1.53
45.49  1.54
45.5  1.52
45.51  1.5
45.52  1.51
45.53  1.45
45.54  1.5
45.55  1.49
45.56  1.57
45.57  1.55
45.58  1.52
45.59  1.48
45.6  1.58
45.61  1.46
45.62  1.49
45.63  1.49
45.64  1.52
45.65  1.58
45.66  1.61
45.67  1.43
45.68  1.52
45.69  1.49
45.7  1.57
45.71  1.5
45.72  1.51
45.73  1.56
45.74  1.44
45.75  1.56
45.76  1.56
45.77  1.51
45.78  1.47
45.79  1.5
45.8  1.52
45.81  1.57
45.82  1.49
45.83  1.54
45.84  1.6
45.85  1.47
45.86  1.46
45.87  1.57
45.88  1.5
45.89  1.45
45.9  1.61
45.91  1.59
45.92  1.46
45.93  1.44
45.94  1.57
45.95  1.59
45.96  1.47
45.97  1.55
45.98  1.48
45.99  1.54
46  1.45
46.01  1.47
46.02  1.51
46.03  1.54
46.04  1.53
46.05  1.52
46.06  1.47
46.07  1.53
46.08  1.64
46.09  1.53
46.1  1.43
46.11  1.52
46.12  1.5
46.13  1.54
46.14  1.48
46.15  1.54
46.16  1.53
46.17  1.46
46.18  1.48
46.19  1.53
46.2  1.47
46.21  1.56
46.22  1.49
46.23  1.52
46.24  1.48
46.25  1.51
46.26  1.52
46.27  1.54
46.28  1.56
46.29  1.49
46.3  1.53
46.31  1.54
46.32  1.44
46.33  1.49
46.34  1.47
46.35  1.57
46.36  1.55
46.37  1.55
46.38  1.46
46.39  1.52
46.4  1.49
46.41  1.51
46.42  1.54
46.43  1.48
46.44  1.57
46.45  1.39
46.46  1.56
46.47  1.52
46.48  1.54
46.49  1.49
46.5  1.51
46.51  1.54
46.52  1.54
46.53  1.45
46.54  1.65
46.55  1.47
46.56  1.46
46.57  1.49
46.58  1.51
46.59  1.57
46.6  1.5
46.61  1.45
46.62  1.54
46.63  1.55
46.64  1.48
46.65  1.53
46.66  1.59
46.67  1.43
46.68  1.59
46.69  1.57
46.7  1.58
46.71  1.54
46.72  1.48
46.73  1.52
46.74  1.58
46.75  1.5
46.76  1.54
46.77  1.45
46.78  1.47
46.79  1.48
46.8  1.53
46.81  1.6
46.82  1.41
46.83  1.55
46.84  1.47
46.85  1.55
46.86  1.5
46.87  1.59
46.88  1.43
46.89  1.59
46.9  1.49
46.91  1.48
46.92  1.55
46.93  1.48
46.94  1.54
46.95  1.5
46.96  1.5
46.97  1.6
46.98  1.55
46.99  1.52
47  1.48
47.01  1.52
47.02  1.54
47.03  1.46
47.04  1.56
47.05  1.49
47.06  1.54
47.07  1.43
47.08  1.51
47.09  1.47
47.1  1.52
47.11  1.56
47.12  1.53
47.13  1.46
47.14  1.53
47.15  1.46
47.16  1.58
47.17  1.52
47.18  1.52
47.19  1.47
47.2  1.51
47.21  1.58
47.22  1.46
47.23  1.44
47.24  1.54
47.25  1.46
47.26  1.58
47.27  1.54
47.28  1.5
47.29  1.52
47.3  1.43
47.31  1.56
47.32  1.51
47.33  1.52
47.34  1.56
47.35  1.55
47.36  1.47
47.37  1.51
47.38  1.51
47.39  1.5
47.4  1.52
47.41  1.48
47.42  1.6
47.43  1.47
47.44  1.53
47.45  1.53
47.46  1.53
47.47  1.54
47.48  1.55
47.49  1.43
47.5  1.51
47.51  1.55
47.52  1.5
47.53  1.45
47.54  1.53
47.55  1.55
47.56  1.52
47.57  1.5
47.58  1.54
47.59  1.48
47.6  1.6
47.61  1.51
47.62  1.54
47.63  1.49
47.64  1.56
47.65  1.48
47.66  1.5
47.67  1.59
47.68  1.56
47.69  1.48
47.7  1.53
47.71  1.5
47.72  1.47
47.73  1.57
47.74  1.46
47.75  1.54
47.76  1.48
47.77  1.51
47.78  1.54
47.79  1.52
47.8  1.5
47.81  1.58
47.82  1.51
47.83  1.49
47.84  1.5
47.85  1.54
47.86  1.53
47.87  1.49
47.88  1.51
47.89  1.51
47.9  1.5
47.91  1.49
47.92  1.53
47.93  1.53
47.94  1.48
47.95  1.55
47.96  1.53
47.97  1.43
47.98  1.55
47.99  1.54
48  1.45
48.01  1.54
48.02  1.52
48.03  1.51
48.04  1.51
48.05  1.53
48.06  1.56
48.07  1.48
48.08  1.45
48.09  1.56
48.1  1.53
48.11  1.41
48.12  1.59
48.13  1.52
48.14  1.54
48.15  1.51
48.16  1.52
48.17  1.49
48.18  1.52
48.19  1.51
48.2  1.48
48.21  1.55
48.22  1.46
48.23  1.6
48.24  1.44
48.25  1.55
48.26  1.5
48.27  1.6
48.28  1.48
48.29  1.51
48.3  1.5
48.31  1.54
48.32  1.51
48.33  1.46
48.34  1.54
48.35  1.51
48.36  1.55
48.37  1.51
48.38  1.47
48.39  1.47
48.4  1.58
48.41  1.59
48.42  1.49
48.43  1.51
48.44  1.52
48.45  1.53
48.46  1.55
48.47  1.45
48.48  1.56
48.49  1.51
48.5  1.56
48.51  1.56
48.52  1.46
48.53  1.56
48.54  1.51
48.55  1.48
48.56  1.59
48.57  1.49
48.58  1.53
48.59  1.51
48.6  1.46
48.61  1.59
48.62  1.43
48.63  1.59
48.64  1.52
48.65  1.47
48.66  1.64
48.67  1.41
48.68  1.57
48.69  1.49
48.7  1.53
48.71  1.46
48.72  1.48
48.73  1.5
48.74  1.59
48.75  1.43
48.76  1.58
48.77  1.48
48.78  1.45
48.79  1.65
48.8  1.54
48.81  1.47
48.82  1.53
48.83  1.44
48.84  1.52
48.85  1.57
48.86  1.48
48.87  1.61
48.88  1.38
48.89  1.48
48.9  1.59
48.91  1.5
48.92  1.56
48.93  1.47
48.94  1.5
48.95  1.47
48.96  1.55
48.97  1.49
48.98  1.56
48.99  1.47
49  1.49
49.01  1.51
49.02  1.58
49.03  1.52
49.04  1.52
49.05  1.43
49.06  1.5
49.07  1.51
49.08  1.47
49.09  1.63
49.1  1.46
49.11  1.42
49.12  1.56
49.13  1.52
49.14  1.54
49.15  1.54
49.16  1.53
49.17  1.55
49.18  1.43
49.19  1.55
49.2  1.48
49.21  1.56
49.22  1.48
49.23  1.55
49.24  1.53
49.25  1.5
49.26  1.59
49.27  1.54
49.28  1.54
49.29  1.49
49.3  1.55
49.31  1.47
49.32  1.48
49.33  1.59
49.34  1.44
49.35  1.49
49.36  1.49
49.37  1.56
49.38  1.5
49.39  1.53
49.4  1.53
49.41  1.54
49.42  1.52
49.43  1.48
49.44  1.48
49.45  1.59
49.46  1.53
49.47  1.47
49.48  1.57
49.49  1.52
49.5  1.57
49.51  1.57
49.52  1.47
49.53  1.52
49.54  1.57
49.55  1.5
49.56  1.53
49.57  1.48
49.58  1.52
49.59  1.5
49.6  1.5
49.61  1.52
49.62  1.49
49.63  1.52
49.64  1.5
49.65  1.56
49.66  1.5
49.67  1.54
49.68  1.54
49.69  1.53
49.7  1.52
49.71  1.47
49.72  1.49
49.73  1.48
49.74  1.52
49.75  1.5
49.76  1.45
49.77  1.54
49.78  1.51
49.79  1.51
49.8  1.55
49.81  1.49
49.82  1.57
49.83  1.46
49.84  1.54
49.85  1.54
49.86  1.45
49.87  1.51
49.88  1.54
49.89  1.49
49.9  1.61
49.91  1.46
49.92  1.5
49.93  1.51
49.94  1.56
49.95  1.45
49.96  1.44
49.97  1.49
49.98  1.51
49.99  1.59
50  1.46
50.01  1.55
50.02  1.52
50.03  1.58
50.04  1.43
50.05  1.53
50.06  1.49
50.07  1.48
50.08  1.54
50.09  1.56
50.1  1.47
50.11  1.59
50.12  1.5
50.13  1.56
50.14  1.51
50.15  1.47
50.16  1.56
50.17  1.54
50.18  1.52
50.19  1.45
50.2  1.54
50.21  1.47
50.22  1.52
50.23  1.55
50.24  1.52
50.25  1.47
50.26  1.53
50.27  1.47
50.28  1.53
50.29  1.54
50.3  1.51
50.31  1.61
50.32  1.49
50.33  1.57
50.34  1.53
50.35  1.46
50.36  1.52
50.37  1.52
50.38  1.53
50.39  1.53
50.4  1.49
50.41  1.55
50.42  1.52
50.43  1.53
50.44  1.51
50.45  1.49
50.46  1.54
50.47  1.45
50.48  1.62
50.49  1.47
50.5  1.52
50.51  1.57
50.52  1.45
50.53  1.46
50.54  1.48
50.55  1.54
50.56  1.52
50.57  1.49
50.58  1.55
50.59  1.54
50.6  1.47
50.61  1.49
50.62  1.56
50.63  1.51
50.64  1.57
50.65  1.44
50.66  1.52
50.67  1.52
50.68  1.54
50.69  1.5
50.7  1.52
50.71  1.56
50.72  1.44
50.73  1.52
50.74  1.55
50.75  1.49
50.76  1.44
50.77  1.62
50.78  1.53
50.79  1.5
50.8  1.49
50.81  1.48
50.82  1.5
50.83  1.53
50.84  1.51
50.85  1.54
50.86  1.51
50.87  1.53
50.88  1.44
50.89  1.57
50.9  1.5
50.91  1.47
50.92  1.52
50.93  1.52
50.94  1.5
50.95  1.6
50.96  1.45
50.97  1.58
50.98  1.51
50.99  1.52
51  1.48
51.01  1.52
51.02  1.51
51.03  1.58
51.04  1.48
51.05  1.54
51.06  1.56
51.07  1.51
51.08  1.48
51.09  1.5
51.1  1.56
51.11  1.5
51.12  1.56
51.13  1.51
51.14  1.52
51.15  1.54
51.16  1.56
51.17  1.44
51.18  1.54
51.19  1.51
51.2  1.55
51.21  1.53
51.22  1.46
51.23  1.49
51.24  1.58
51.25  1.44
51.26  1.58
51.27  1.53
51.28  1.54
51.29  1.49
51.3  1.49
51.31  1.48
51.32  1.55
51.33  1.53
51.34  1.49
51.35  1.61
51.36  1.48
51.37  1.51
51.38  1.5
51.39  1.6
51.4  1.48
51.41  1.5
51.42  1.48
51.43  1.53
51.44  1.51
51.45  1.53
51.46  1.5
51.47  1.53
51.48  1.5
51.49  1.5
51.5  1.53
51.51  1.53
51.52  1.48
51.53  1.55
51.54  1.48
51.55  1.57
51.56  1.47
51.57  1.52
51.58  1.48
51.59  1.5
51.6  1.47
51.61  1.47
51.62  1.51
51.63  1.51
51.64  1.48
51.65  1.52
51.66  1.53
51.67  1.61
51.68  1.5
51.69  1.54
51.7  1.48
51.71  1.58
51.72  1.47
51.73  1.51
51.74  1.52
51.75  1.51
51.76  1.45
51.77  1.55
51.78  1.54
51.79  1.51
51.8  1.49
51.81  1.51
51.82  1.52
51.83  1.6
51.84  1.49
51.85  1.49
51.86  1.52
51.87  1.53
51.88  1.47
51.89  1.55
51.9  1.45
51.91  1.6
51.92  1.45
51.93  1.54
51.94  1.47
51.95  1.59
51.96  1.54
51.97  1.48
51.98  1.55
51.99  1.49
52  1.51
52.01  1.55
52.02  1.49
52.03  1.59
52.04  1.39
52.05  1.61
52.06  1.51
52.07  1.5
52.08  1.49
52.09  1.52
52.1  1.57
52.11  1.45
52.12  1.54
52.13  1.52
52.14  1.54
52.15  1.51
52.16  1.57
52.17  1.5
52.18  1.48
52.19  1.54
52.2  1.55
52.21  1.54
52.22  1.46
52.23  1.54
52.24  1.54
52.25  1.5
52.26  1.47
52.27  1.54
52.28  1.5
52.29  1.5
52.3  1.47
52.31  1.44
52.32  1.6
52.33  1.52
52.34  1.54
52.35  1.54
52.36  1.46
52.37  1.53
52.38  1.54
52.39  1.49
52.4  1.55
52.41  1.51
52.42  1.5
52.43  1.52
52.44  1.48
52.45  1.6
52.46  1.48
52.47  1.53
52.48  1.45
52.49  1.46
52.5  1.49
52.51  1.52
52.52  1.54
52.53  1.55
52.54  1.47
52.55  1.49
52.56  1.5
52.57  1.55
52.58  1.52
52.59  1.47
52.6  1.53
52.61  1.59
52.62  1.53
52.63  1.46
52.64  1.55
52.65  1.52
52.66  1.49
52.67  1.51
52.68  1.48
52.69  1.53
52.7  1.54
52.71  1.47
52.72  1.54
52.73  1.54
52.74  1.51
52.75  1.54
52.76  1.48
52.77  1.45
52.78  1.55
52.79  1.53
52.8  1.55
52.81  1.47
52.82  1.45
52.83  1.55
52.84  1.52
52.85  1.54
52.86  1.58
52.87  1.53
52.88  1.52
52.89  1.53
52.9  1.49
52.91  1.49
52.92  1.57
52.93  1.48
52.94  1.48
52.95  1.57
52.96  1.58
52.97  1.47
52.98  1.54
52.99  1.41
53  1.6
53.01  1.5
53.02  1.49
53.03  1.51
53.04  1.57
53.05  1.51
53.06  1.47
53.07  1.55
53.08  1.54
53.09  1.51
53.1  1.47
53.11  1.54
53.12  1.47
53.13  1.53
53.14  1.47
53.15  1.49
53.16  1.6
53.17  1.51
53.18  1.56
53.19  1.49
53.2  1.49
53.21  1.5
53.22  1.57
53.23  1.54
53.24  1.46
53.25  1.52
53.26  1.5
53.27  1.54
53.28  1.59
53.29  1.53
53.3  1.5
53.31  1.52
53.32  1.51
53.33  1.54
53.34  1.52
53.35  1.52
53.36  1.48
53.37  1.44
53.38  1.45
53.39  1.53
53.4  1.55
53.41  1.52
53.42  1.49
53.43  1.48
53.44  1.5
53.45  1.52
53.46  1.57
53.47  1.55
53.48  1.5
53.49  1.53
53.5  1.51
53.51  1.54
53.52  1.47
53.53  1.51
53.54  1.55
53.55  1.5
53.56  1.55
53.57  1.55
53.58  1.42
53.59  1.54
53.6  1.52
53.61  1.49
53.62  1.55
53.63  1.52
53.64  1.45
53.65  1.53
53.66  1.62
53.67  1.57
53.68  1.5
53.69  1.48
53.7  1.51
53.71  1.47
53.72  1.49
53.73  1.55
53.74  1.52
53.75  1.51
53.76  1.53
53.77  1.43
53.78  1.54
53.79  1.56
53.8  1.5
53.81  1.55
53.82  1.51
53.83  1.5
53.84  1.49
53.85  1.52
53.86  1.53
53.87  1.55
53.88  1.48
53.89  1.52
53.9  1.55
53.91  1.49
53.92  1.51
53.93  1.57
53.94  1.48
53.95  1.55
53.96  1.48
53.97  1.56
53.98  1.51
53.99  1.49
54  1.48
54.01  1.57
54.02  1.52
54.03  1.51
54.04  1.51
54.05  1.47
54.06  1.52
54.07  1.57
54.08  1.56
54.09  1.48
54.1  1.53
54.11  1.54
54.12  1.48
54.13  1.51
54.14  1.53
54.15  1.47
54.16  1.53
54.17  1.57
54.18  1.45
54.19  1.53
54.2  1.45
54.21  1.54
54.22  1.48
54.23  1.6
54.24  1.48
54.25  1.55
54.26  1.5
54.27  1.5
54.28  1.51
54.29  1.54
54.3  1.51
54.31  1.47
54.32  1.5
54.33  1.57
54.34  1.49
54.35  1.55
54.36  1.49
54.37  1.46
54.38  1.55
54.39  1.52
54.4  1.57
54.41  1.5
54.42  1.58
54.43  1.53
54.44  1.49
54.45  1.49
54.46  1.52
54.47  1.51
54.48  1.51
54.49  1.47
54.5  1.51
54.51  1.48
54.52  1.56
54.53  1.47
54.54  1.57
54.55  1.55
54.56  1.44
54.57  1.59
54.58  1.49
54.59  1.51
54.6  1.54
54.61  1.47
54.62  1.47
54.63  1.54
54.64  1.51
54.65  1.55
54.66  1.48
54.67  1.55
54.68  1.46
54.69  1.55
54.7  1.53
54.71  1.46
54.72  1.55
54.73  1.49
54.74  1.61
54.75  1.56
54.76  1.45
54.77  1.5
54.78  1.5
54.79  1.52
54.8  1.58
54.81  1.46
54.82  1.48
54.83  1.55
54.84  1.43
54.85  1.55
54.86  1.55
54.87  1.5
54.88  1.54
54.89  1.56
54.9  1.53
54.91  1.47
54.92  1.53
54.93  1.5
54.94  1.61
54.95  1.44
54.96  1.46
54.97  1.54
54.98  1.57
54.99  1.47
55  1.51
55.01  1.53
55.02  1.53
55.03  1.45
55.04  1.63
55.05  1.48
55.06  1.51
55.07  1.48
55.08  1.53
55.09  1.47
55.1  1.56
55.11  1.47
55.12  1.52
55.13  1.58
55.14  1.53
55.15  1.41
55.16  1.61
55.17  1.5
55.18  1.56
55.19  1.55
55.2  1.48
55.21  1.57
55.22  1.5
55.23  1.53
55.24  1.48
55.25  1.51
55.26  1.46
55.27  1.53
55.28  1.51
55.29  1.47
55.3  1.53
55.31  1.56
55.32  1.61
55.33  1.51
55.34  1.44
55.35  1.44
55.36  1.48
55.37  1.57
55.38  1.51
55.39  1.51
55.4  1.54
55.41  1.53
55.42  1.51
55.43  1.52
55.44  1.55
55.45  1.48
55.46  1.57
55.47  1.48
55.48  1.49
55.49  1.47
55.5  1.5
55.51  1.46
55.52  1.56
55.53  1.45
55.54  1.64
55.55  1.48
55.56  1.54
55.57  1.49
55.58  1.53
55.59  1.48
55.6  1.52
55.61  1.58
55.62  1.54
55.63  1.53
55.64  1.45
55.65  1.53
55.66  1.53
55.67  1.42
55.68  1.48
55.69  1.52
55.7  1.54
55.71  1.53
55.72  1.54
55.73  1.42
55.74  1.57
55.75  1.52
55.76  1.53
55.77  1.44
55.78  1.53
55.79  1.56
55.8  1.52
55.81  1.5
55.82  1.49
55.83  1.55
55.84  1.59
55.85  1.43
55.86  1.56
55.87  1.44
55.88  1.67
55.89  1.44
55.9  1.49
55.91  1.47
55.92  1.61
55.93  1.57
55.94  1.52
55.95  1.54
55.96  1.52
55.97  1.46
55.98  1.51
55.99  1.55
56  1.48
56.01  1.54
56.02  1.5
56.03  1.49
56.04  1.62
56.05  1.44
56.06  1.52
56.07  1.5
56.08  1.52
56.09  1.51
56.1  1.54
56.11  1.42
56.12  1.6
56.13  1.58
56.14  1.46
56.15  1.52
56.16  1.46
56.17  1.56
56.18  1.55
56.19  1.57
56.2  1.49
56.21  1.47
56.22  1.54
56.23  1.5
56.24  1.5
56.25  1.56
56.26  1.52
56.27  1.52
56.28  1.56
56.29  1.46
56.3  1.56
56.31  1.47
56.32  1.5
56.33  1.51
56.34  1.51
56.35  1.5
56.36  1.46
56.37  1.53
56.38  1.55
56.39  1.57
56.4  1.48
56.41  1.54
56.42  1.53
56.43  1.46
56.44  1.48
56.45  1.55
56.46  1.56
56.47  1.53
56.48  1.47
56.49  1.47
56.5  1.57
56.51  1.51
56.52  1.52
56.53  1.51
56.54  1.57
56.55  1.45
56.56  1.49
56.57  1.51
56.58  1.52
56.59  1.46
56.6  1.46
56.61  1.53
56.62  1.58
56.63  1.51
56.64  1.5
56.65  1.54
56.66  1.53
56.67  1.53
56.68  1.5
56.69  1.6
56.7  1.51
56.71  1.54
56.72  1.5
56.73  1.51
56.74  1.49
56.75  1.52
56.76  1.53
56.77  1.47
56.78  1.54
56.79  1.52
56.8  1.46
56.81  1.56
56.82  1.55
56.83  1.45
56.84  1.51
56.85  1.49
56.86  1.54
56.87  1.54
56.88  1.53
56.89  1.5
56.9  1.5
56.91  1.52
56.92  1.5
56.93  1.53
56.94  1.42
56.95  1.68
56.96  1.42
56.97  1.5
56.98  1.56
56.99  1.55
57  1.55
57.01  1.44
57.02  1.58
57.03  1.5
57.04  1.48
57.05  1.53
57.06  1.58
57.07  1.47
57.08  1.44
57.09  1.57
57.1  1.52
57.11  1.5
57.12  1.57
57.13  1.47
57.14  1.54
57.15  1.62
57.16  1.48
57.17  1.49
57.18  1.44
57.19  1.52
57.2  1.55
57.21  1.46
57.22  1.58
57.23  1.46
57.24  1.54
57.25  1.5
57.26  1.47
57.27  1.47
57.28  1.57
57.29  1.53
57.3  1.45
57.31  1.61
57.32  1.51
57.33  1.52
57.34  1.52
57.35  1.44
57.36  1.53
57.37  1.54
57.38  1.5
57.39  1.5
57.4  1.57
57.41  1.51
57.42  1.49
57.43  1.47
57.44  1.61
57.45  1.44
57.46  1.55
57.47  1.6
57.48  1.48
57.49  1.49
57.5  1.56
57.51  1.49
57.52  1.45
57.53  1.55
57.54  1.48
57.55  1.49
57.56  1.55
57.57  1.5
57.58  1.49
57.59  1.51
57.6  1.55
57.61  1.54
57.62  1.56
57.63  1.47
57.64  1.53
57.65  1.49
57.66  1.51
57.67  1.54
57.68  1.48
57.69  1.51
57.7  1.5
57.71  1.52
57.72  1.52
57.73  1.54
57.74  1.47
57.75  1.5
57.76  1.53
57.77  1.61
57.78  1.51
57.79  1.53
57.8  1.51
57.81  1.52
57.82  1.52
57.83  1.5
57.84  1.51
57.85  1.5
57.86  1.44
57.87  1.58
57.88  1.5
57.89  1.56
57.9  1.45
57.91  1.57
57.92  1.5
57.93  1.53
57.94  1.48
57.95  1.54
57.96  1.48
57.97  1.49
57.98  1.54
57.99  1.53
58  1.49
58.01  1.49
58.02  1.49
58.03  1.57
58.04  1.53
58.05  1.53
58.06  1.44
58.07  1.55
58.08  1.48
58.09  1.54
58.1  1.54
58.11  1.5
58.12  1.49
58.13  1.53
58.14  1.49
58.15  1.6
58.16  1.51
58.17  1.48
58.18  1.53
58.19  1.48
58.2  1.59
58.21  1.48
58.22  1.52
58.23  1.6
58.24  1.47
58.25  1.49
58.26  1.49
58.27  1.48
58.28  1.5
58.29  1.51
58.3  1.54
58.31  1.44
58.32  1.55
58.33  1.49
58.34  1.52
58.35  1.56
58.36  1.6
58.37  1.5
58.38  1.46
58.39  1.62
58.4  1.52
58.41  1.48
58.42  1.49
58.43  1.58
58.44  1.5
58.45  1.45
58.46  1.54
58.47  1.49
58.48  1.56
58.49  1.56
58.5  1.42
58.51  1.58
58.52  1.57
58.53  1.53
58.54  1.55
58.55  1.42
58.56  1.59
58.57  1.47
58.58  1.51
58.59  1.48
58.6  1.51
58.61  1.49
58.62  1.55
58.63  1.5
58.64  1.55
58.65  1.51
58.66  1.44
58.67  1.58
58.68  1.52
58.69  1.57
58.7  1.51
58.71  1.5
58.72  1.46
58.73  1.57
58.74  1.49
58.75  1.49
58.76  1.56
58.77  1.53
58.78  1.47
58.79  1.54
58.8  1.44
58.81  1.55
58.82  1.55
58.83  1.52
58.84  1.59
58.85  1.54
58.86  1.4
58.87  1.64
58.88  1.5
58.89  1.53
58.9  1.52
58.91  1.49
58.92  1.5
58.93  1.5
58.94  1.45
58.95  1.52
58.96  1.51
58.97  1.49
58.98  1.55
58.99  1.57
59  1.48
59.01  1.48
59.02  1.58
59.03  1.5
59.04  1.47
59.05  1.55
59.06  1.52
59.07  1.49
59.08  1.49
59.09  1.59
59.1  1.53
59.11  1.46
59.12  1.52
59.13  1.5
59.14  1.61
59.15  1.45
59.16  1.48
59.17  1.47
59.18  1.54
59.19  1.54
59.2  1.58
59.21  1.57
59.22  1.47
59.23  1.42
59.24  1.47
59.25  1.57
59.26  1.57
59.27  1.5
59.28  1.52
59.29  1.5
59.3  1.54
59.31  1.53
59.32  1.56
59.33  1.5
59.34  1.46
59.35  1.51
59.36  1.52
59.37  1.5
59.38  1.53
59.39  1.46
59.4  1.5
59.41  1.55
59.42  1.5
59.43  1.54
59.44  1.49
59.45  1.56
59.46  1.5
59.47  1.48
59.48  1.58
59.49  1.51
59.5  1.55
59.51  1.48
59.52  1.51
59.53  1.49
59.54  1.51
59.55  1.56
59.56  1.47
59.57  1.46
59.58  1.54
59.59  1.52
59.6  1.54
59.61  1.47
59.62  1.49
59.63  1.6
59.64  1.49
59.65  1.49
59.66  1.53
59.67  1.58
59.68  1.48
59.69  1.51
59.7  1.54
59.71  1.52
59.72  1.51
59.73  1.54
59.74  1.53
59.75  1.45
59.76  1.55
59.77  1.57
59.78  1.47
59.79  1.58
59.8  1.45
59.81  1.5
59.82  1.48
59.83  1.5
59.84  1.58
59.85  1.53
59.86  1.45
59.87  1.44
59.88  1.58
59.89  1.45
59.9  1.57
59.91  1.48
59.92  1.6
59.93  1.55
59.94  1.5
59.95  1.5
59.96  1.52
59.97  1.5
59.98  1.51
59.99  1.49
